qid,wikidata_qid,P7931,P6821,P8857,P7969,P9129,P3217,P6996,P2889,P4193,P535,P4108,P7352,P8094,P9644,P6192,P2503,P4116,P3051,P9195,P4620,P9280,P5452,P7434,P9495,P5871,P8462,P1185,P13492,P7929,P8143,P8356,P8172,P4963,P6303,P5259,P5324,P4819,P5316,P5536,P4820,P4638,P4159,P7607,P2949,P1819
qid,wikidata_qid,,,,,,,,,,,,,,,,,,,,,,,,,,,,,,,,,,,,,,,,,,,,,
Q680,Q19842587,,,,,,,,,,,,,,,,,,,,,,,,,,,,,,,,,,,,,,,,,,,,,
Q1353,Q751437,,,,,,,,,,,,,,,,,,,,,,,,,,,,,,,,,,,,,,,,,,,,,
Q1354,Q599176,,,,,,,,,,,,,,,,,,,,,,,,,,,153815,,,,,,,,,,,,,,,,,,
Q1676,Q3631722,,,,,,,,,,,,,,,,,,,,,,,,,,,330040,,,,,,,,,,,,,,,,,,
Q1681,Q29085,,,,,,,,,,,,,,,,,,,,,,,,,,,330086,,,,,,,,,,,,,,,,,,
Q1684,Q49334,,,,,,,,,,,,,,,,,,,,,,,,,,,330091,,,,,,,,,,,,,,,,,,
Q1691,Q47279,,,,,,,,,,,,,,,,,,,,,,,,,,,,,,,,,,,,,,,,,,,,,
Q1815,Q4199265,,,,,,,,,,,,,,,,,,,,,,,,,,,769161,,,,,,,,,,,,,,,,,,
Q1877,Q890382,,,,,,,,,,,,,,,,,,,,,,,,,,,,,,,,,,,,,,,,,,,,,
Q1888,Q185790,,,,,,,,,,,,,,,,,,,,,,,,,,,,,,,,,,,,,,,,,,,,,
Q1906,Q844424,,,,,,,,,,,,,,,,,,,,,,,,,,,637060,,,,,,,,,,,,,,,,,,
Q1924,Q1513261,,,,,,,,,,,,,,,,,,,,,,,,,,,,,,,,,,,,,,,,,,,,,
Q1930,Q1230306,,,,,,,,,,,,,,,,,,,,,,,,,,,,,,,,,,,,,,,,,,,,,
Q1939,Q241908,,,,,,,,,,,,,,,,,,,,,,,,,,,,,,,,,,,,,,,,,,,,,
Q1944,Q1973947,,,,,,,,,,,,,,,,,,,,,,,,,,,,,,,,,,,,,,,,,,,,,
Q2074,Q3878846,,,,,,,,,,,,,,,,,,,,,,,,,,,,,,,,,,,,,,,,,,,,,
Q2076,Q1377025,,,,,,,,,,,,,,,,,,,,,,,,,,,,,,,,,,,,,,,,,,,,,
Q2086,Q854679,,,,,,,,,,,,,,,,,,,,,,,,,,,,,,,,,,,,,,,,,,,,,
Q2165,Q24327,,,,,,,,,,,,,,,,,,,,,,,,,,,,,,,,,,,,,,,,,,,,,
Q2175,Q24395,,,,,,,,,,,,,,,,,,,,,,,,,,,,,,,,,,,,,,,,,,,,,
Q2188,Q24405,,,,,,,,,,,,,,,,,,,,,,,,,,,324706,,,,,,,,,,,,,,,,,,
Q2194,Q538082,,,,,,,,,,,,,,,,,,,,,,,,,,,,,,,,,,,,,,,,,,,,,
Q2485,Q278756,,,,,,,,,,,,,,,,,,,,,,,,,,,,,,,,,,,,,,,,,,,,,
Q2489,Q297588,,,,,,,,,,,,,,,,,,,,,,,,,,,,,,,,,,,,,,,,,,,,,
Q2490,Q256430,,,,,,,,,,,,,,,,,,,,,,,,,,,157598,,,,,,,,,,,,,,,,,,
Q2494,Q314378,,,,,,,,,,,,,,,,,,,,,,,,,,,,,,,,,,,,,,,,,,,,,
Q2495,Q311650,,,,,,,,,,,,,,,,,,,,,,,,,,,334683,,,,,,,,,,,,,,,,,,
Q2497,Q354903,,,,,,,,,,,,,,,,,,,,,,,,,,,157669,,,,,,,,,,,,,,,,,,
Q2498,Q342524,,,,,,,,,,,,,,,,,,,,,,,,,,,423635,,,,,,,,,,,,,,,,,,
Q2515,Q314361,,,,,,,,,,,,,,,,,,,,,,,,,,,617828,,,,,,,,,,,,,,,,,,
Q2522,Q886839,,,,,,,,,,,,,,,,,,,,,,,,,,,,,,,,,,,,,,,,,,,,,
Q2664,Q122931448,,,,,,,,,,,,,,,,,,,,,,,,,,,,,,,,,,,,,,,,,,Thora_Guttormsdt_(1),,,I00279862
Q3457,Q5682,,,,,,,,,,7014808,,,decervantesm,,,,,,,,,,,person/76B8CFAC-2FA2-4A96-9B77-FC53B517B257,,,,,p=miguel;n=de+cervantes+saavedra,,,,,,,,,,,,,,,Cervantes-289,
Q3534,Q5274656,,,,,,,,,,,,,,,,,,,,,,,,,,,,,,,,,,,,,,,,,,,,,
Q4617,Q20101444,,,,,,,,,,,,,,,,,,,,,,,,,,,,,,,,,,,,,,,,,,,,,
Q4618,Q20502297,,,,,,,,,,,,,,,,,,,,,,,,,,,,,,,,,,,,,,,,,,,,,
Q4626,Q30527376,,,,,,,,,,,,,,,,,,,,,,,,,,,,,,,,,,,,,,,,,,,,,
Q4628,Q135454571,,,,,,,,,,,,,,,,,,,,,,,,,,,,,,,,,,,,,,,,,,,,,
Q4630,Q114995259,,,,,,,,,,,,,,,,,,,,,,,,,,,,,,,,,,,,,,,,,,,,,
Q4631,Q115804881,,,,,,,,,,,,,,,,,,,,,,,,,,,,,,,,,,,,,,,,,,,,,
Q4633,Q114771167,,,,,,,,,,,,,,,,,,,,,,,,,,,,,,,,,,,,,,,,,,,,,
Q4636,Q3603705,,,,,,,,,,,,,,,,,,,,,,,,,,,,,,,,,,,,,,,,,,,,,
Q4638,Q20502568,,,,,,,,,,,,,,,,,,,,,,,,,,,,,,,,,,,,,,,,,,,,,
Q4644,Q4202829,,,,,,,,,,,,,,,,,,,,,,,,,,,,,,,,,,,,,,,,,,,,,
Q4646,Q8071446,,,,,,,,,,,,,,,,,,,,,,,,,,,,,,,,,,,,,,,,,,,,,
Q4652,Q721295,,,,,,,,,,,,,,,,,,,,,,,,term/6b463a66-5ba4-42a5-90a3-f9a18d85cd6b,,,174176,,,,,,,,,,,,,,,,,,
Q4663,Q133454594,,,,,,,,,,,,,,,,,,,,,,,,,,,,,,,,,,,,,,,,,,,,,
Q4676,Q1752707,,,,,,,,,,,,,,,,,,,,,,,,,,,79318,,,,,,,,,,,,,,,,,,
Q4680,Q231258,,alvin-person:33953,,,,,,,,,,,,,,,,,,,,,,person/33bfac98-a0cd-44ef-8e77-e6da44574e14,,,351444,,,,,,,,,,,,,,,Julia_Maesa_(1),,,I00446879
Q4681,Q235090,,,,,,,,,,,,,,,,,,,,,,,,person/68daa57b-c2ee-4aac-ba65-40227aa7502d,,,351454,,,,,,,,,,,,,,,Julia_Avita_Mamaea_(1),,,I00446888
Q4851,Q8044802,,,,,,,,,,,,,,,,,,,,,,,,,,,,,,,,,,,,,,,,,,,,,
Q6420,Q29201,,,,,,,,,,,,,,,,,,,,,,,,,,,564467,,,,,,,,,,,,,,,,,,
Q6421,Q4302144,,,,,,,,,,,,,,,,,,,,,,,,,,,564473,,,,,,,,,,,,,,,,,,
Q6422,Q16075936,,,,,,,,,,,,,,,,,,,,,,,,,,,,,,,,,,,,,,,,,,,,,
Q6423,Q3056696,,,,,,,,,,,,,,,,,,,,,,,,,,,564489,,,,,,,,,,,,,,,,,,
Q6424,Q16076907,,,,,,,,,,,,,,,,,,,,,,,,,,,,,,,,,,,,,,,,,,,,,
Q6425,Q1441379,,,,,,,,,,,,,,,,,,,,,,,,,,,564461,,,,,,,,,,,,,,,,,,
Q6426,Q8262857,,,,,,,,,,,,,,,,,,,,,,,,,,,,,,,,,,,,,,,,,,,,,
Q6427,Q16078598,,,,,,,,,,,,,,,,,,,,,,,,,,,,,,,,,,,,,,,,,,,,,
Q6428,Q28409803,,,,,,,,,,,,,,,,,,,,,,,,,,,,,,,,,,,,,,,,,,,,,
Q6429,Q1147250,,,,,,,,,,,,,,,,,,,,,,,,,,,,,,,,,,,,,,,,,,,,,
Q6430,Q6377648,,,,,,,,,,,,,,,,,,,,,,,,,,,,,,,,,,,,,,,,,,,,,
Q6431,Q797424,,,,,,,,,,,,,,,,,,,,,,,,,,,,,,,,,,,,,,,,,,,,,
Q6432,Q200188,,,,,,,,,,,,,,,,,,,,,,,,,,,485810,,,,,,,,,,,,,,,,,,
Q6433,Q236972,,,,,,,,,,,,,,,,,,,,,,,,,,,,,,,,,,,,,,,,,,,,,
Q6434,Q1373935,,,,,,,,,,,,,,,,,,,,,,,,,,,,,,,,,,,,,,,,,,,,,
Q6435,Q641632,,,,,,,,,,,,,,,,,,,,,,,,,,,,,,,,,,,,,,,,,,,,,
Q6436,Q3082751,,,,,,,,,,,,,,,,,,,,,,,,,,,,,,,,,,,,,,,,,,,,,
Q6437,Q16076902,,,,,,,,,,,,,,,,,,,,,,,,,,,,,,,,,,,,,,,,,,,,,
Q6438,Q2329261,,,,,,,,,,,,,,,,,,,,,,,,,,,,,,,,,,,,,,,,,,,,,
Q6439,Q110980265,,,,,,,,,,,,,,,,,,,,,,,,,,,,,,,,,,,,,,,,,,,,,
Q6440,Q10881970,,,,,,,,,,,,,,,,,,,,,,,,,,,,,,,,,,,,,,,,,,,,,
Q6441,Q10514592,,,,,,,,,,,,,,,,,,,,,,,,,,,,,,,,,,,,,,,,,,,,,
Q6442,Q11420805,,,,,,,,,,,,,,,,,,,,,,,,,,,,,,,,,,,,,,,,,,,,,
Q6443,Q16076341,,,,,,,,,,,,,,,,,,,,,,,,,,,,,,,,,,,,,,,,,,,,,
Q6444,Q11071195,,,,,,,,,,,,,,,,,,,,,,,,,,,,,,,,,,,,,,,,,,,,,
Q6445,Q198180,,,,,,,,,,,,,,,,,,,,,,,,,,,564447,,,,,,,,,,,,,,,,,,
Q6446,Q5353793,,,,,,,,,,,,,,,,,,,,,,,,,,,,,,,,,,,,,,,,,,,,,
Q6447,Q860434,,,,,,,,,,,,,,,,,,,,,,,,person/00CEEFB7-DFD6-4DF0-8ECD-E5AF4A7BB308,,,,,,,,,,,,,,,,,,,,,
Q6448,Q10919837,,,,,,,,,,,,,,,,,,,,,,,,,,,,,,,,,,,,,,,,,,,,,
Q6449,Q11075750,,,,,,,,,,,,,,,,,,,,,,,,,,,,,,,,,,,,,,,,,,,,,
Q6450,Q1910200,,,,,,,,,,,,,,,,,,,,,,,,,,,,,,,,,,,,,,,,,,,,,
Q6451,Q9511624,,,,,,,,,,,,,,,,,,,,,,,,,,,,,,,,,,,,,,,,,,,,,
Q6452,Q11086120,,,,,,,,,,,,,,,,,,,,,,,,,,,,,,,,,,,,,,,,,,,,,
Q6453,Q721756,,,,,,,,,,,,,,,,,,,,,,,,,,,592533,,,,,,,,,,,,,,,,,,
Q6454,Q11588756,,,,,,,,,,,,,,,,,,,,,,,,,,,,,,,,,,,,,,,,,,,,,
Q6455,Q10752092,,,,,,,,,,,,,,,,,,,,,,,,,,,,,,,,,,,,,,,,,,,,,
Q6456,Q313321,,,,,,,,,,,,,,,,,,,,,,,,,,,485809,,,,,,,,,,,,,,,,,,
Q6457,Q6430545,,,,,,,,,,,,,,,,,,,,,,,,,,,,,,,,,,,,,,,,,,,,,
Q6458,Q13257020,,,,,,,,,,,,,,,,,,,,,,,,,,,,,,,,,,,,,,,,,,,,,
Q6459,Q1157063,,,,,,,,,,,,,,,,,,,,,,,,,,,,,,,,,,,,,,,,,,,,,
Q6460,Q1051960,,,,,,,,,,,,,,,,,,,,,,,,,,,,,,,,,,,,,,,,,,,,,
Q6461,Q3659487,,,,,,,,,,,,,,,,,,,,,,,,,,,,,,,,,,,,,,,,,,,,,
Q6462,Q1474187,,,,,,,,,,,,,,,,,,,,,,,,,,,,,,,,,,,,,,,,,,,,,
Q6463,Q15952897,,,,,,,,,,,,,,,,,,,,,,,,,,,,,,,,,,,,,,,,,,,,,
Q6464,Q8009611,,,,,,,,,,,,,,,,,,,,,,,,,,,,,,,,,,,,,,,,,,,,,
Q6465,Q10279892,,,,,,,,,,,,,,,,,,,,,,,,,,,,,,,,,,,,,,,,,,,,,
Q6467,Q11572681,,,,,,,,,,,,,,,,,,,,,,,,,,,,,,,,,,,,,,,,,,,,,
Q6468,Q10285339,,,,,,,,,,,,,,,,,,,,,,,,,,,,,,,,,,,,,,,,,,,,,
Q6469,Q55809532,,,,,,,,,,,,,,,,,,,,,,,,,,,,,,,,,,,,,,,,,,,,,
Q6470,Q7991016,,,,,,,,,,,,,,,,,,,,,,,,,,,,,,,,,,,,,,,,,,,,,
Q6471,Q10881557,,,,,,,,,,,,,,,,,,,,,,,,,,,,,,,,,,,,,,,,,,,,,
Q6472,Q4976554,,,,,,,,,,,,,,,,,,,,,,,,,,,,,,,,,,,,,,,,,,,,,
Q6473,Q10731395,,,,,,,,,,,,,,,,,,,,,,,,,,,,,,,,,,,,,,,,,,,,,
Q6474,Q819556,,,,,,,,,,,,,,,,,,,,,,,,,,,,,,,,,,,,,,,,,,,,,
Q6475,Q10888904,,,,,,,,,,,,,,,,,,,,,,,,,,,,,,,,,,,,,,,,,,,,,
Q6476,Q1207922,,,,,,,,,,,,,,,,,,,,,,,,,,,,,,,,,,,,,,,,,,,,,
Q6477,Q11553361,,,,,,,,,,,,,,,,,,,,,,,,,,,,,,,,,,,,,,,,,,,,,
Q6478,Q1207613,,,,,,,,,,,,,,,,,,,,,,,,,,,1443298,,,,,,,,,,,,,,,,,,
Q6479,Q108040082,,,,,,,,,,,,,,,,,,,,,,,,,,,,,,,,,,,,,,,,,,,,,
Q6480,Q1045160,,,,,,,,,,,,,,,,,,,,,,,,,,,,,,,,,,,,,,,,,,,,,
Q6481,Q313345,,,,,,,,,,,,,,,,,,,,,,,,,,,485808,,,,,,,,,,,,,,,,,,
Q6482,Q10915782,,,,,,,,,,,,,,,,,,,,,,,,,,,,,,,,,,,,,,,,,,,,,
Q6483,Q1056017,,,,,,,,,,,,,,,,,,,,,,,,,,,,,,,,,,,,,,,,,,,,,
Q6484,Q10299225,,,,,,,,,,,,,,,,,,,,,,,,,,,,,,,,,,,,,,,,,,,,,
Q6485,Q1781862,,,,,,,,,,,,,,,,,,,,,,,,,,,,,,,,,,,,,,,,,,,,,
Q6486,Q10483675,,,,,,,,,,,,,,,,,,,,,,,,,,,,,,,,,,,,,,,,,,,,,
Q6487,Q60673696,,,,,,,,,,,,,,,,,,,,,,,,,,,,,,,,,,,,,,,,,,,,,
Q6488,Q17004942,,,,,,,,,,,,,,,,,,,,,,,,,,,,,,,,,,,,,,,,,,,,,
Q6489,Q2716491,,,,,,,,,,,,,,,,,,,,,,,,,,,,,,,,,,,,,,,,,,,,,
Q6490,Q627784,,,,,,,,,,,,,,,,,,,,,,,,,,,,,,,,,,,,,,,,,,,,,
Q6491,Q813858,,,,,,,,,,,,,,,,,,,,,,,,,,,,,,,,,,,,,,,,,,,,,
Q6492,Q7991612,,,,,,,,,,,,,,,,,,,,,,,,,,,,,,,,,,,,,,,,,,,,,
Q6493,Q682306,,,,,,,,,,,,,,,,,,,,,,,,,,,,,,,,,,,,,,,,,,,,,
Q6494,Q7480137,,,,,,,,,,,,,,,,,,,,,,,,,,,,,,,,,,,,,,,,,,,,,
Q6495,Q86736058,,,,,,,,,,,,,,,,,,,,,,,,,,,,,,,,,,,,,,,,,,,,,
Q6496,Q5221466,,,,,,,,,,,,,,,,,,,,,,,,,,,,,,,,,,,,,,,,,,,,,
Q6497,Q106241380,,,,,,,,,,,,,,,,,,,,,,,,,,,,,,,,,,,,,,,,,,,,,
Q6498,Q5003460,,,,,,,,,,,,,,,,,,,,,,,,,,,,,,,,,,,,,,,,,,,,,
Q6500,Q30935372,,,,,,,,,,,,,,,,,,,,,,,,,,,,,,,,,,,,,,,,,,,,,
Q6501,Q11088970,,,,,,,,,,,,,,,,,,,,,,,,,,,,,,,,,,,,,,,,,,,,,
Q6502,Q10932592,,,,,,,,,,,,,,,,,,,,,,,,,,,,,,,,,,,,,,,,,,,,,
Q6503,Q7504811,,,,,,,,,,,,,,,,,,,,,,,,,,,,,,,,,,,,,,,,,,,,,
Q6504,Q6378698,,,,,,,,,,,,,,,,,,,,,,,,,,,,,,,,,,,,,,,,,,,,,
Q6505,Q9569181,,,,,,,,,,,,,,,,,,,,,,,,,,,,,,,,,,,,,,,,,,,,,
Q6506,Q86728909,,,,,,,,,,,,,,,,,,,,,,,,,,,,,,,,,,,,,,,,,,,,,
Q6507,Q6842973,,,,,,,,,,,,,,,,,,,,,,,,,,,,,,,,,,,,,,,,,,,,,
Q6508,Q11341880,,,,,,,,,,,,,,,,,,,,,,,,,,,,,,,,,,,,,,,,,,,,,
Q6509,Q6380852,,,,,,,,,,,,,,,,,,,,,,,,,,,,,,,,,,,,,,,,,,,,,
Q6510,Q4922278,,,,,,,,,,,,,,,,,,,,,,,,,,,,,,,,,,,,,,,,,,,,,
Q6511,Q186544,,,,,,,,,,,,,,,,,,,,,,,,,,,,,,,,,,,,,,,,,,,,,
Q6512,Q11387098,,,,,,,,,,,,,,,,,,,,,,,,,,,,,,,,,,,,,,,,,,,,,
Q6513,Q313342,,,,,,,,,,,,,,,,,,,,,,,,,,,,,,,,,,,,,,,,,,,,,
Q6515,Q6380869,,,,,,,,,,,,,,,,,,,,,,,,,,,,,,,,,,,,,,,,,,,,,
Q6516,Q11634939,,,,,,,,,,,,,,,,,,,,,,,,,,,,,,,,,,,,,,,,,,,,,
Q6517,Q13403508,,,,,,,,,,,,,,,,,,,,,,,,,,,,,,,,,,,,,,,,,,,,,
Q6518,Q10892534,,,,,,,,,,,,,,,,,,,,,,,,,,,,,,,,,,,,,,,,,,,,,
Q6519,Q5098875,,,,,,,,,,,,,,,,,,,,,,,,,,,,,,,,,,,,,,,,,,,,,
Q6520,Q11634943,,,,,,,,,,,,,,,,,,,,,,,,,,,,,,,,,,,,,,,,,,,,,
Q6521,Q7664534,,,,,,,,,,,,,,,,,,,,,,,,,,,,,,,,,,,,,,,,,,,,,
Q6523,Q4844885,,,,,,,,,,,,,,,,,,,,,,,,,,,,,,,,,,,,,,,,,,,,,
Q6524,Q11561868,,,,,,,,,,,,,,,,,,,,,,,,,,,,,,,,,,,,,,,,,,,,,
Q6525,Q1155744,,,,,,,,,,,,,,,,,,,,,,,,,,,,,,,,,,,,,,,,,,,,,
Q6526,Q108729745,,,,,,,,,,,,,,,,,,,,,,,,,,,,,,,,,,,,,,,,,,,,,
Q6527,Q1195050,,,,,,,,,,,,,,,,,,,,,,,,,,,,,,,,,,,,,,,,,,,,,
Q6528,Q125364551,,,,,,,,,,,,,,,,,,,,,,,,,,,,,,,,,,,,,,,,,,,,,
Q6529,Q10438384,,,,,,,,,,,,,,,,,,,,,,,,,,,,,,,,,,,,,,,,,,,,,
Q6530,Q134864637,,,,,,,,,,,,,,,,,,,,,,,,,,,,,,,,,,,,,,,,,,,,,
Q6531,Q7878975,,,,,,,,,,,,,,,,,,,,,,,,,,,,,,,,,,,,,,,,,,,,,
Q6532,Q55530315,,,,,,,,,,,,,,,,,,,,,,,,,,,,,,,,,,,,,,,,,,,,,
Q6533,Q4499078,,,,,,,,,,,,,,,,,,,,,,,,,,,,,,,,,,,,,,,,,,,,,
Q6535,Q1022885,,,,,,,,,,,,,,,,,,,,,,,,,,,,,,,,,,,,,,,,,,,,,
Q6536,Q11492323,,,,,,,,,,,,,,,,,,,,,,,,,,,,,,,,,,,,,,,,,,,,,
Q6537,Q11087645,,,,,,,,,,,,,,,,,,,,,,,,,,,,,,,,,,,,,,,,,,,,,
Q6538,Q271536,,,,,,,,,,,,,,,,,,,,,,,,,,,485806,,,,,,,,,,,,,,,,,,
Q6539,Q6790090,,,,,,,,,,,,,,,,,,,,,,,,,,,,,,,,,,,,,,,,,,,,,
Q6540,Q106617602,,,,,,,,,,,,,,,,,,,,,,,,,,,,,,,,,,,,,,,,,,,,,
Q6541,Q2194386,,,,,,,,,,,,,,,,,,,,,,,,,,,,,,,,,,,,,,,,,,,,,
Q6542,Q462555,,,,,,,,,,,,,,,,,,,,,,,,,,,,,,,,,,,,,,,,,,,,,
Q6543,Q10323320,,,,,,,,,,,,,,,,,,,,,,,,,,,,,,,,,,,,,,,,,,,,,
Q6544,Q11110848,,,,,,,,,,,,,,,,,,,,,,,,,,,,,,,,,,,,,,,,,,,,,
Q6545,Q10122188,,,,,,,,,,,,,,,,,,,,,,,,,,,,,,,,,,,,,,,,,,,,,
Q6546,Q10940411,,,,,,,,,,,,,,,,,,,,,,,,,,,,,,,,,,,,,,,,,,,,,
Q6547,Q1195067,,,,,,,,,,,,,,,,,,,,,,,,,,,,,,,,,,,,,,,,,,,,,
Q6549,Q7234080,,,,,,,,,,,,,,,,,,,,,,,,,,,,,,,,,,,,,,,,,,,,,
Q6550,Q8191705,,,,,,,,,,,,,,,,,,,,,,,,,,,,,,,,,,,,,,,,,,,,,
Q6551,Q10940849,,,,,,,,,,,,,,,,,,,,,,,,,,,,,,,,,,,,,,,,,,,,,
Q6552,Q11090990,,,,,,,,,,,,,,,,,,,,,,,,,,,,,,,,,,,,,,,,,,,,,
Q6553,Q84864895,,,,,,,,,,,,,,,,,,,,,,,,,,,,,,,,,,,,,,,,,,,,,
Q6554,Q16076173,,,,,,,,,,,,,,,,,,,,,,,,,,,,,,,,,,,,,,,,,,,,,
Q6555,Q84864913,,,,,,,,,,,,,,,,,,,,,,,,,,,,,,,,,,,,,,,,,,,,,
Q6556,Q1195072,,,,,,,,,,,,,,,,,,,,,,,,,,,,,,,,,,,,,,,,,,,,,
Q6557,Q1067028,,,,,,,,,,,,,,,,,,,,,,,,,,,,,,,,,,,,,,,,,,,,,
Q6558,Q16906325,,,,,,,,,,,,,,,,,,,,,,,,,,,,,,,,,,,,,,,,,,,,,
Q6559,Q13275856,,,,,,,,,,,,,,,,,,,,,,,,,,,,,,,,,,,,,,,,,,,,,
Q6560,Q10895187,,,,,,,,,,,,,,,,,,,,,,,,,,,,,,,,,,,,,,,,,,,,,
Q6561,Q10933447,,,,,,,,,,,,,,,,,,,,,,,,,,,,,,,,,,,,,,,,,,,,,
Q6562,Q428030,,,,,,,,,,,,,,,,,,,,,,,,,,,,,,,,,,,,,,,,,,,,,
Q6563,Q11455406,,,,,,,,,,,,,,,,,,,,,,,,,,,,,,,,,,,,,,,,,,,,,
Q6564,Q5292912,,,,,,,,,,,,,,,,,,,,,,,,,,,,,,,,,,,,,,,,,,,,,
Q6565,Q11326733,,,,,,,,,,,,,,,,,,,,,,,,,,,,,,,,,,,,,,,,,,,,,
Q6566,Q16904959,,,,,,,,,,,,,,,,,,,,,,,,,,,,,,,,,,,,,,,,,,,,,
Q6567,Q1073925,,,,,,,,,,,,,,,,,,,,,,,,,,,,,,,,,,,,,,,,,,,,,
Q6568,Q4898059,,,,,,,,,,,,,,,,,,,,,,,,,,,,,,,,,,,,,,,,,,,,,
Q6569,Q4976681,,,,,,,,,,,,,,,,,,,,,,,,,,,,,,,,,,,,,,,,,,,,,
Q6570,Q10749920,,,,,,,,,,,,,,,,,,,,,,,,,,,,,,,,,,,,,,,,,,,,,
Q6571,Q8191878,,,,,,,,,,,,,,,,,,,,,,,,,,,,,,,,,,,,,,,,,,,,,
Q6572,Q1204202,,,,,,,,,,,,,,,,,,,,,,,,,,,,,,,,,,,,,,,,,,,,,
Q6573,Q10731425,,,,,,,,,,,,,,,,,,,,,,,,,,,,,,,,,,,,,,,,,,,,,
Q6577,Q1640658,,,,,,,,,,,,,,,,,,,,,,,,,,,,,,,,,,,,,,,,,,,,,
Q6578,Q1193745,,,,,,,,,,,,,,,,,,,,,,,,,,,,,,,,,,,,,,,,,,,,,
Q6579,Q11144612,,,,,,,,,,,,,,,,,,,,,,,,,,,,,,,,,,,,,,,,,,,,,
Q6581,Q11591203,,,,,,,,,,,,,,,,,,,,,,,,,,,,,,,,,,,,,,,,,,,,,
Q6583,Q1193799,,,,,,,,,,,,,,,,,,,,,,,,,,,,,,,,,,,,,,,,,,,,,
Q6584,Q11581794,,,,,,,,,,,,,,,,,,,,,,,,,,,,,,,,,,,,,,,,,,,,,
Q6586,Q10885126,,,,,,,,,,,,,,,,,,,,,,,,,,,,,,,,,,,,,,,,,,,,,
Q6588,Q1114013,,,,,,,,,,,,,,,,,,,,,,,,,,,,,,,,,,,,,,,,,,,,,
Q6589,Q1204198,,,,,,,,,,,,,,,,,,,,,,,,,,,,,,,,,,,,,,,,,,,,,
Q6590,Q455602,,,,,,,,,,,,,,,,,,,,,,,,,,,485815,,,,,,,,,,,,,,,,,,
Q6591,Q780446,,,,,,,,,,,,,,,,,,,,,,,,,,,593754,,,,,,,,,,,,,,,,,,
Q6593,Q595520,,,,,,,,,,,,,,,,,,,,,,,,,,,,,,,,,,,,,,,,,,,,,
Q6595,Q272993,,,,,,,,,,,,,,,,,,,,,,,,,,,,,,,,,,,,,,,,,,,,,
Q6596,Q1193337,,,,,,,,,,,,,,,,,,,,,,,,,,,,,,,,,,,,,,,,,,,,,
Q6597,Q1129330,,,,,,,,,,,,,,,,,,,,,,,,,,,,,,,,,,,,,,,,,,,,,
Q6598,Q1151674,,,,,,,,,,,,,,,,,,,,,,,,,,,593756,,,,,,,,,,,,,,,,,,
Q6599,Q106241395,,,,,,,,,,,,,,,,,,,,,,,,,,,,,,,,,,,,,,,,,,,,,
Q6601,Q10877438,,,,,,,,,,,,,,,,,,,,,,,,,,,,,,,,,,,,,,,,,,,,,
Q6602,Q134845057,,,,,,,,,,,,,,,,,,,,,,,,,,,,,,,,,,,,,,,,,,,,,
Q6603,Q1202982,,,,,,,,,,,,,,,,,,,,,,,,,,,593764,,,,,,,,,,,,,,,,,,
Q6604,Q134846348,,,,,,,,,,,,,,,,,,,,,,,,,,,,,,,,,,,,,,,,,,,,,
Q6605,Q198009,,,,,,,,,,,,,,,,,,,,,,,,,,,,,,,,,,,,,,,,,,,,,
Q6606,Q48744862,,,,,,,,,,,,,,,,,,,,,,,,,,,,,,,,,,,,,,,,,,,,,
Q6607,Q10877461,,,,,,,,,,,,,,,,,,,,,,,,,,,,,,,,,,,,,,,,,,,,,
Q6608,Q505469,,,,,,,,,,,,,,,,,,,,,,,,,,,,,,,,,,,,,,,,,,,,,
Q6610,Q1151706,,,,,,,,,,,,,,,,,,,,,,,,,,,593765,,,,,,,,,,,,,,,,,,
Q6611,Q10932870,,,,,,,,,,,,,,,,,,,,,,,,,,,,,,,,,,,,,,,,,,,,,
Q6612,Q10941153,,,,,,,,,,,,,,,,,,,,,,,,,,,,,,,,,,,,,,,,,,,,,
Q6613,Q11059454,,,,,,,,,,,,,,,,,,,,,,,,,,,,,,,,,,,,,,,,,,,,,
Q6614,Q1055128,,,,,,,,,,,,,,,,,,,,,,,,,,,,,,,,,,,,,,,,,,,,,
Q6615,Q10940685,,,,,,,,,,,,,,,,,,,,,,,,,,,,,,,,,,,,,,,,,,,,,
Q6616,Q1010535,,,,,,,,,,,,,,,,,,,,,,,,,,,,,,,,,,,,,,,,,,,,,
Q6617,Q10940228,,,,,,,,,,,,,,,,,,,,,,,,,,,,,,,,,,,,,,,,,,,,,
Q6618,Q8070990,,,,,,,,,,,,,,,,,,,,,,,,,,,,,,,,,,,,,,,,,,,,,
Q6619,Q11147583,,,,,,,,,,,,,,,,,,,,,,,,,,,,,,,,,,,,,,,,,,,,,
Q6620,Q11076304,,,,,,,,,,,,,,,,,,,,,,,,,,,,,,,,,,,,,,,,,,,,,
Q6621,Q11298796,,,,,,,,,,,,,,,,,,,,,,,,,,,,,,,,,,,,,,,,,,,,,
Q6622,Q471820,,,,,,,,,,,,,,,,,,,,,,,,,,,,,,,,,,,,,,,,,,,,,
Q6623,Q10881556,,,,,,,,,,,,,,,,,,,,,,,,,,,,,,,,,,,,,,,,,,,,,
Q6624,Q10935047,,,,,,,,,,,,,,,,,,,,,,,,,,,,,,,,,,,,,,,,,,,,,
Q6625,Q465081,,,,,,,,,,,,,,,,,,,,,,,,,,,593768,,,,,,,,,,,,,,,,,,
Q6626,Q8191715,,,,,,,,,,,,,,,,,,,,,,,,,,,,,,,,,,,,,,,,,,,,,
Q6627,Q10940999,,,,,,,,,,,,,,,,,,,,,,,,,,,,,,,,,,,,,,,,,,,,,
Q6628,Q3028663,,,,,,,,,,,,,,,,,,,,,,,,,,,,,,,,,,,,,,,,,,,,,
Q6629,Q698909,,,,,,,,,,,,,,,,,,,,,,,,,,,593862|1443296,,,,,,,,,,,,,,,,,,
Q6630,Q3080728,,,,,,,,,,,,,,,,,,,,,,,,,,,,,,,,,,,,,,,,,,,,,
Q6631,Q15920778,,,,,,,,,,,,,,,,,,,,,,,,,,,,,,,,,,,,,,,,,,,,,
Q6632,Q10864079,,,,,,,,,,,,,,,,,,,,,,,,,,,,,,,,,,,,,,,,,,,,,
Q6633,Q15920204,,,,,,,,,,,,,,,,,,,,,,,,,,,,,,,,,,,,,,,,,,,,,
Q6635,Q6822467,,,,,,,,,,,,,,,,,,,,,,,,,,,,,,,,,,,,,,,,,,,,,
Q6637,Q888231,,,,,,,,,,,,,,,,,,,,,,,,,,,,,,,,,,,,,,,,,,,,,
Q6638,Q10921330,,,,,,,,,,,,,,,,,,,,,,,,,,,,,,,,,,,,,,,,,,,,,
Q6639,Q536732,,,,,,,,,,,,,,,,,,,,,,,,,,,593839,,,,,,,,,,,,,,,,,,
Q6640,Q10891903,,,,,,,,,,,,,,,,,,,,,,,,,,,,,,,,,,,,,,,,,,,,,
Q6641,Q197821,,,,,,,,,,,,,,,,,,,,,,,,,,,,,,,,,,,,,,,,,,,,,
Q6642,Q11142832,,,,,,,,,,,,,,,,,,,,,,,,,,,,,,,,,,,,,,,,,,,,,
Q6643,Q845197,,,,,,,,,,,,,,,,,,,,,,,,,,,,,,,,,,,,,,,,,,,,,
Q6644,Q48760952,,,,,,,,,,,,,,,,,,,,,,,,,,,,,,,,,,,,,,,,,,,,,
Q6645,Q866471,,,,,,,,,,,,,,,,,,,,,,,,,,,,,,,,,,,,,,,,,,,,,
Q6646,Q506610,,,,,,,,,,,,,,,,,,,,,,,,,,,,,,,,,,,,,,,,,,,,,
Q6647,Q1061289,,,,,,,,,,,,,,,,,,,,,,,,,,,593860|1443295,,,,,,,,,,,,,,,,,,
Q6648,Q9150391,,,,,,,,,,,,,,,,,,,,,,,,,,,,,,,,,,,,,,,,,,,,,
Q6649,Q468747,,,,,,,,,,,,,,,,,,,,,,,,,,,1443299,,,,,,,,,,,,,,,,,,
Q6650,Q11307233,,,,,,,,,,,,,,,,,,,,,,,,,,,,,,,,,,,,,,,,,,,,,
Q6652,Q11092833,,,,,,,,,,,,,,,,,,,,,,,,,,,,,,,,,,,,,,,,,,,,,
Q6654,Q55522639,,,,,,,,,,,,,,,,,,,,,,,,,,,,,,,,,,,,,,,,,,,,,
Q6656,Q17193127,,,,,,,,,,,,,,,,,,,,,,,,,,,,,,,,,,,,,,,,,,,,,
Q6658,Q125400,,,,,,,,,,,,,,,,,,,,,,,,,,,,,,,,,,,,,,,,,,,,,
Q6660,Q10949054,,,,,,,,,,,,,,,,,,,,,,,,,,,,,,,,,,,,,,,,,,,,,
Q6662,Q10946169,,,,,,,,,,,,,,,,,,,,,,,,,,,,,,,,,,,,,,,,,,,,,
Q6665,Q97539246,,,,,,,,,,,,,,,,,,,,,,,,,,,,,,,,,,,,,,,,,,,,,
Q6667,Q10904825,,,,,,,,,,,,,,,,,,,,,,,,,,,,,,,,,,,,,,,,,,,,,
Q6669,Q11387099,,,,,,,,,,,,,,,,,,,,,,,,,,,,,,,,,,,,,,,,,,,,,
Q6671,Q65318,,,,,,,,,,,,,,,,,,,,,,,,,,,,,,,,,,,,,,,,,,,,,
Q6672,Q11487957,,,,,,,,,,,,,,,,,,,,,,,,,,,,,,,,,,,,,,,,,,,,,
Q6673,Q11596350,,,,,,,,,,,,,,,,,,,,,,,,,,,,,,,,,,,,,,,,,,,,,
Q6674,Q108729770,,,,,,,,,,,,,,,,,,,,,,,,,,,,,,,,,,,,,,,,,,,,,
Q6676,Q106412720,,,,,,,,,,,,,,,,,,,,,,,,,,,,,,,,,,,,,,,,,,,,,
Q6677,Q55536810,,,,,,,,,,,,,,,,,,,,,,,,,,,,,,,,,,,,,,,,,,,,,
Q6678,Q119380443,,,,,,,,,,,,,,,,,,,,,,,,,,,,,,,,,,,,,,,,,,,,,
Q6680,Q11059539,,,,,,,,,,,,,,,,,,,,,,,,,,,,,,,,,,,,,,,,,,,,,
Q6686,Q134864773,,,,,,,,,,,,,,,,,,,,,,,,,,,,,,,,,,,,,,,,,,,,,
Q6687,Q134864981,,,,,,,,,,,,,,,,,,,,,,,,,,,,,,,,,,,,,,,,,,,,,
Q6688,Q55530285,,,,,,,,,,,,,,,,,,,,,,,,,,,,,,,,,,,,,,,,,,,,,
Q6689,Q97613685,,,,,,,,,,,,,,,,,,,,,,,,,,,,,,,,,,,,,,,,,,,,,
Q6690,Q106107027,,,,,,,,,,,,,,,,,,,,,,,,,,,,,,,,,,,,,,,,,,,,,
Q6691,Q10940731,,,,,,,,,,,,,,,,,,,,,,,,,,,,,,,,,,,,,,,,,,,,,
Q6692,Q97613702,,,,,,,,,,,,,,,,,,,,,,,,,,,,,,,,,,,,,,,,,,,,,
Q6693,Q97613678,,,,,,,,,,,,,,,,,,,,,,,,,,,,,,,,,,,,,,,,,,,,,
Q6696,Q2564508,,,,,,,,,,,,,,,,,,,,,,,,,,,,,,,,,,,,,,,,,,,,,
Q6697,Q91088537,,,,,,,,,,,,,,,,,,,,,,,,,,,,,,,,,,,,,,,,,,,,,
Q6698,Q11588867,,,,,,,,,,,,,,,,,,,,,,,,,,,,,,,,,,,,,,,,,,,,,
Q6699,Q48745675,,,,,,,,,,,,,,,,,,,,,,,,,,,,,,,,,,,,,,,,,,,,,
Q6700,Q11287276,,,,,,,,,,,,,,,,,,,,,,,,,,,,,,,,,,,,,,,,,,,,,
Q6701,Q9010200,,,,,,,,,,,,,,,,,,,,,,,,,,,,,,,,,,,,,,,,,,,,,
Q6702,Q11574224,,,,,,,,,,,,,,,,,,,,,,,,,,,,,,,,,,,,,,,,,,,,,
Q6703,Q1502690,,,,,,,,,,,,,,,,,,,,,,,,,,,,,,,,,,,,,,,,,,,,,
Q6704,Q644201,,,,,,,,,,,,,,,,,,,,,,,,,,,,,,,,,,,,,,,,,,,,,
Q6705,Q11299063,,,,,,,,,,,,,,,,,,,,,,,,,,,,,,,,,,,,,,,,,,,,,
Q6706,Q849412,,,,,,,,,,,,,,,,,,,,,,,,,,,,,,,,,,,,,,,,,,,,,
Q6707,Q55522907,,,,,,,,,,,,,,,,,,,,,,,,,,,,,,,,,,,,,,,,,,,,,
Q6708,Q11668757,,,,,,,,,,,,,,,,,,,,,,,,,,,,,,,,,,,,,,,,,,,,,
Q6709,Q11120574,,,,,,,,,,,,,,,,,,,,,,,,,,,,,,,,,,,,,,,,,,,,,
Q6710,Q134846383,,,,,,,,,,,,,,,,,,,,,,,,,,,,,,,,,,,,,,,,,,,,,
Q6711,Q48745416,,,,,,,,,,,,,,,,,,,,,,,,,,,,,,,,,,,,,,,,,,,,,
Q6712,Q65266228,,,,,,,,,,,,,,,,,,,,,,,,,,,,,,,,,,,,,,,,,,,,,
Q6713,Q65249011,,,,,,,,,,,,,,,,,,,,,,,,,,,,,,,,,,,,,,,,,,,,,
Q6715,Q11065428,,,,,,,,,,,,,,,,,,,,,,,,,,,,,,,,,,,,,,,,,,,,,
Q6716,Q10016750,,,,,,,,,,,,,,,,,,,,,,,,,,,,,,,,,,,,,,,,,,,,,
Q6719,Q9150392,,,,,,,,,,,,,,,,,,,,,,,,,,,,,,,,,,,,,,,,,,,,,
Q6725,Q10940674,,,,,,,,,,,,,,,,,,,,,,,,,,,,,,,,,,,,,,,,,,,,,
Q6726,Q65269923,,,,,,,,,,,,,,,,,,,,,,,,,,,,,,,,,,,,,,,,,,,,,
Q6728,Q586088,,,,,,,,,,,,,,,,,,,,,,,,,,,,,,,,,,,,,,,,,,,,,
Q6731,Q3275687,,,,,,,,,,,,,,,,,,,,,,,,,,,,,,,,,,,,,,,,,,,,,
Q6735,Q11076797,,,,,,,,,,,,,,,,,,,,,,,,,,,,,,,,,,,,,,,,,,,,,
Q6736,Q11605816,,,,,,,,,,,,,,,,,,,,,,,,,,,,,,,,,,,,,,,,,,,,,
Q6737,Q97539424,,,,,,,,,,,,,,,,,,,,,,,,,,,,,,,,,,,,,,,,,,,,,
Q6739,Q11544859,,,,,,,,,,,,,,,,,,,,,,,,,,,,,,,,,,,,,,,,,,,,,
Q6740,Q10885176,,,,,,,,,,,,,,,,,,,,,,,,,,,,,,,,,,,,,,,,,,,,,
Q6742,Q333548,,,,,,,,,,,,,,,,,,,,,,,,,,,,,,,,,,,,,,,,,,,,,
Q6743,Q11387096,,,,,,,,,,,,,,,,,,,,,,,,,,,,,,,,,,,,,,,,,,,,,
Q6744,Q11487911,,,,,,,,,,,,,,,,,,,,,,,,,,,,,,,,,,,,,,,,,,,,,
Q6745,Q11545865,,,,,,,,,,,,,,,,,,,,,,,,,,,,,,,,,,,,,,,,,,,,,
Q6748,Q11078587,,,,,,,,,,,,,,,,,,,,,,,,,,,,,,,,,,,,,,,,,,,,,
Q6749,Q18226257,,,,,,,,,,,,,,,,,,,,,,,,,,,,,,,,,,,,,,,,,,,,,
Q6754,Q3275901,,,,,,,,,,,,,,,,,,,,,,,,,,,,,,,,,,,,,,,,,,,,,
Q6756,Q462803,,,,,,,,,,,,,,,,,,,,,,,,,,,,,,,,,,,,,,,,,,,,,
Q6761,Q97613651,,,,,,,,,,,,,,,,,,,,,,,,,,,,,,,,,,,,,,,,,,,,,
Q6762,Q10869205,,,,,,,,,,,,,,,,,,,,,,,,,,,,,,,,,,,,,,,,,,,,,
Q6763,Q134864839,,,,,,,,,,,,,,,,,,,,,,,,,,,,,,,,,,,,,,,,,,,,,
Q6764,Q134864847,,,,,,,,,,,,,,,,,,,,,,,,,,,,,,,,,,,,,,,,,,,,,
Q6765,Q134865017,,,,,,,,,,,,,,,,,,,,,,,,,,,,,,,,,,,,,,,,,,,,,
Q6768,Q110796060,,,,,,,,,,,,,,,,,,,,,,,,,,,,,,,,,,,,,,,,,,,,,
Q6769,Q11443593,,,,,,,,,,,,,,,,,,,,,,,,,,,,,,,,,,,,,,,,,,,,,
Q6771,Q10940723,,,,,,,,,,,,,,,,,,,,,,,,,,,,,,,,,,,,,,,,,,,,,
Q6772,Q65266248,,,,,,,,,,,,,,,,,,,,,,,,,,,,,,,,,,,,,,,,,,,,,
Q6773,Q1107286,,,,,,,,,,,,,,,,,,,,,,,,,,,,,,,,,,,,,,,,,,,,,
Q6774,Q10939046,,,,,,,,,,,,,,,,,,,,,,,,,,,,,,,,,,,,,,,,,,,,,
Q6775,Q106241464,,,,,,,,,,,,,,,,,,,,,,,,,,,,,,,,,,,,,,,,,,,,,
Q6776,Q134846523,,,,,,,,,,,,,,,,,,,,,,,,,,,,,,,,,,,,,,,,,,,,,
Q6777,Q65272471,,,,,,,,,,,,,,,,,,,,,,,,,,,,,,,,,,,,,,,,,,,,,
Q6778,Q55533659,,,,,,,,,,,,,,,,,,,,,,,,,,,,,,,,,,,,,,,,,,,,,
Q6779,Q65266238,,,,,,,,,,,,,,,,,,,,,,,,,,,,,,,,,,,,,,,,,,,,,
Q6780,Q86734749,,,,,,,,,,,,,,,,,,,,,,,,,,,,,,,,,,,,,,,,,,,,,
Q6782,Q56347860,,,,,,,,,,,,,,,,,,,,,,,,,,,,,,,,,,,,,,,,,,,,,
Q6785,Q10940642,,,,,,,,,,,,,,,,,,,,,,,,,,,,,,,,,,,,,,,,,,,,,
Q6791,Q106106718,,,,,,,,,,,,,,,,,,,,,,,,,,,,,,,,,,,,,,,,,,,,,
Q6792,Q333530,,,,,,,,,,,,,,,,,,,,,,,,,,,485800,,,,,,,,,,,,,,,,,,
Q6793,Q11489233,,,,,,,,,,,,,,,,,,,,,,,,,,,,,,,,,,,,,,,,,,,,,
Q6794,Q11546050,,,,,,,,,,,,,,,,,,,,,,,,,,,,,,,,,,,,,,,,,,,,,
Q6795,Q11071228,,,,,,,,,,,,,,,,,,,,,,,,,,,,,,,,,,,,,,,,,,,,,
Q6796,Q106379581,,,,,,,,,,,,,,,,,,,,,,,,,,,,,,,,,,,,,,,,,,,,,
Q6797,Q106381102,,,,,,,,,,,,,,,,,,,,,,,,,,,,,,,,,,,,,,,,,,,,,
Q6798,Q97496338,,,,,,,,,,,,,,,,,,,,,,,,,,,,,,,,,,,,,,,,,,,,,
Q6799,Q11487910,,,,,,,,,,,,,,,,,,,,,,,,,,,,,,,,,,,,,,,,,,,,,
Q6800,Q106381839,,,,,,,,,,,,,,,,,,,,,,,,,,,,,,,,,,,,,,,,,,,,,
Q6802,Q11465637,,,,,,,,,,,,,,,,,,,,,,,,,,,,,,,,,,,,,,,,,,,,,
Q6804,Q461258,,,,,,,,,,,,,,,,,,,,,,,,,,,485797,,,,,,,,,,,,,,,,,,
Q6805,Q11438297,,,,,,,,,,,,,,,,,,,,,,,,,,,,,,,,,,,,,,,,,,,,,
Q6806,Q110449883,,,,,,,,,,,,,,,,,,,,,,,,,,,,,,,,,,,,,,,,,,,,,
Q6807,Q11590432,,,,,,,,,,,,,,,,,,,,,,,,,,,,,,,,,,,,,,,,,,,,,
Q6810,Q108043809,,,,,,,,,,,,,,,,,,,,,,,,,,,,,,,,,,,,,,,,,,,,,
Q6811,Q11487893,,,,,,,,,,,,,,,,,,,,,,,,,,,,,,,,,,,,,,,,,,,,,
Q6812,Q11296639,,,,,,,,,,,,,,,,,,,,,,,,,,,,,,,,,,,,,,,,,,,,,
Q6814,Q24899653,,,,,,,,,,,,,,,,,,,,,,,,,,,,,,,,,,,,,,,,,,,,,
Q6818,Q97613650,,,,,,,,,,,,,,,,,,,,,,,,,,,,,,,,,,,,,,,,,,,,,
Q6820,Q110796235,,,,,,,,,,,,,,,,,,,,,,,,,,,,,,,,,,,,,,,,,,,,,
Q6821,Q106379651,,,,,,,,,,,,,,,,,,,,,,,,,,,,,,,,,,,,,,,,,,,,,
Q6822,Q65270244,,,,,,,,,,,,,,,,,,,,,,,,,,,,,,,,,,,,,,,,,,,,,
Q6824,Q134847813,,,,,,,,,,,,,,,,,,,,,,,,,,,,,,,,,,,,,,,,,,,,,
Q6827,Q55536799,,,,,,,,,,,,,,,,,,,,,,,,,,,,,,,,,,,,,,,,,,,,,
Q6832,Q314850,,,,,,,,,,,,,,,,,,,,,,,,,,,,,,,,,,,,,,,,,,,,,
Q6833,Q10926851,,,,,,,,,,,,,,,,,,,,,,,,,,,,,,,,,,,,,,,,,,,,,
Q6834,Q10904824,,,,,,,,,,,,,,,,,,,,,,,,,,,,,,,,,,,,,,,,,,,,,
Q6835,Q11387083,,,,,,,,,,,,,,,,,,,,,,,,,,,,,,,,,,,,,,,,,,,,,
Q6836,Q11633375,,,,,,,,,,,,,,,,,,,,,,,,,,,,,,,,,,,,,,,,,,,,,
Q6837,Q10532771,,,,,,,,,,,,,,,,,,,,,,,,,,,,,,,,,,,,,,,,,,,,,
Q6838,Q11561867,,,,,,,,,,,,,,,,,,,,,,,,,,,,,,,,,,,,,,,,,,,,,
Q6839,Q10904619,,,,,,,,,,,,,,,,,,,,,,,,,,,,,,,,,,,,,,,,,,,,,
Q6840,Q10892048,,,,,,,,,,,,,,,,,,,,,,,,,,,,,,,,,,,,,,,,,,,,,
Q6841,Q14759414,,,,,,,,,,,,,,,,,,,,,,,,,,,,,,,,,,,,,,,,,,,,,
Q6842,Q97613711,,,,,,,,,,,,,,,,,,,,,,,,,,,,,,,,,,,,,,,,,,,,,
Q6848,Q11466268,,,,,,,,,,,,,,,,,,,,,,,,,,,,,,,,,,,,,,,,,,,,,
Q6849,Q11571755,,,,,,,,,,,,,,,,,,,,,,,,,,,,,,,,,,,,,,,,,,,,,
Q6851,Q11571754,,,,,,,,,,,,,,,,,,,,,,,,,,,,,,,,,,,,,,,,,,,,,
Q6852,Q11368587,,,,,,,,,,,,,,,,,,,,,,,,,,,,,,,,,,,,,,,,,,,,,
Q6856,Q106106958,,,,,,,,,,,,,,,,,,,,,,,,,,,,,,,,,,,,,,,,,,,,,
Q6858,Q98083008,,,,,,,,,,,,,,,,,,,,,,,,,,,,,,,,,,,,,,,,,,,,,
Q6859,Q1073668,,,,,,,,,,,,,,,,,,,,,,,,,,,,,,,,,,,,,,,,,,,,,
Q6860,Q18225727,,,,,,,,,,,,,,,,,,,,,,,,,,,,,,,,,,,,,,,,,,,,,
Q6861,Q8375821,,,,,,,,,,,,,,,,,,,,,,,,,,,,,,,,,,,,,,,,,,,,,
Q6862,Q4388732,,,,,,,,,,,,,,,,,,,,,,,,,,,,,,,,,,,,,,,,,,,,,
Q6863,Q11372186,,,,,,,,,,,,,,,,,,,,,,,,,,,,,,,,,,,,,,,,,,,,,
Q6864,Q11372194,,,,,,,,,,,,,,,,,,,,,,,,,,,,,,,,,,,,,,,,,,,,,
Q6865,Q11394830,,,,,,,,,,,,,,,,,,,,,,,,,,,,,,,,,,,,,,,,,,,,,
Q6866,Q11492324,,,,,,,,,,,,,,,,,,,,,,,,,,,,,,,,,,,,,,,,,,,,,
Q6867,Q11587884,,,,,,,,,,,,,,,,,,,,,,,,,,,,,,,,,,,,,,,,,,,,,
Q6868,Q11620549,,,,,,,,,,,,,,,,,,,,,,,,,,,,,,,,,,,,,,,,,,,,,
Q6869,Q11631423,,,,,,,,,,,,,,,,,,,,,,,,,,,,,,,,,,,,,,,,,,,,,
Q6870,Q108044269,,,,,,,,,,,,,,,,,,,,,,,,,,,,,,,,,,,,,,,,,,,,,
Q6871,Q108044394,,,,,,,,,,,,,,,,,,,,,,,,,,,,,,,,,,,,,,,,,,,,,
Q6872,Q108044510,,,,,,,,,,,,,,,,,,,,,,,,,,,,,,,,,,,,,,,,,,,,,
Q6874,Q110450080,,,,,,,,,,,,,,,,,,,,,,,,,,,,,,,,,,,,,,,,,,,,,
Q6875,Q316672,,,,,,,,,,,,,,,,,,,,,,,,,,,,,,,,,,,,,,,,,,,,,
Q6876,Q11372557,,,,,,,,,,,,,,,,,,,,,,,,,,,,,,,,,,,,,,,,,,,,,
Q6877,Q11545861,,,,,,,,,,,,,,,,,,,,,,,,,,,,,,,,,,,,,,,,,,,,,
Q6878,Q65272539,,,,,,,,,,,,,,,,,,,,,,,,,,,,,,,,,,,,,,,,,,,,,
Q6879,Q18700560,,,,,,,,,,,,,,,,,,,,,,,,,,,,,,,,,,,,,,,,,,,,,
Q6881,Q104539067,,,,,,,,,,,,,,,,,,,,,,,,,,,,,,,,,,,,,,,,,,,,,
Q6882,Q65248127,,,,,,,,,,,,,,,,,,,,,,,,,,,,,,,,,,,,,,,,,,,,,
Q6884,Q11455216,,,,,,,,,,,,,,,,,,,,,,,,,,,,,,,,,,,,,,,,,,,,,
Q6886,Q11625165,,,,,,,,,,,,,,,,,,,,,,,,,,,,,,,,,,,,,,,,,,,,,
Q6890,Q11304722,,,,,,,,,,,,,,,,,,,,,,,,,,,,,,,,,,,,,,,,,,,,,
Q6891,Q97613681,,,,,,,,,,,,,,,,,,,,,,,,,,,,,,,,,,,,,,,,,,,,,
Q6892,Q109599098,,,,,,,,,,,,,,,,,,,,,,,,,,,,,,,,,,,,,,,,,,,,,
Q6894,Q106379661,,,,,,,,,,,,,,,,,,,,,,,,,,,,,,,,,,,,,,,,,,,,,
Q6895,Q104539066,,,,,,,,,,,,,,,,,,,,,,,,,,,,,,,,,,,,,,,,,,,,,
Q6896,Q134847899,,,,,,,,,,,,,,,,,,,,,,,,,,,,,,,,,,,,,,,,,,,,,
Q6905,Q11487396,,,,,,,,,,,,,,,,,,,,,,,,,,,,,,,,,,,,,,,,,,,,,
Q6906,Q97539584,,,,,,,,,,,,,,,,,,,,,,,,,,,,,,,,,,,,,,,,,,,,,
Q6912,Q106379492,,,,,,,,,,,,,,,,,,,,,,,,,,,,,,,,,,,,,,,,,,,,,
Q6914,Q15275406,,,,,,,,,,,,,,,,,,,,,,,,,,,,,,,,,,,,,,,,,,,,,
Q6917,Q11639141,,,,,,,,,,,,,,,,,,,,,,,,,,,,,,,,,,,,,,,,,,,,,
Q6921,Q106106971,,,,,,,,,,,,,,,,,,,,,,,,,,,,,,,,,,,,,,,,,,,,,
Q6923,Q99517269,,,,,,,,,,,,,,,,,,,,,,,,,,,,,,,,,,,,,,,,,,,,,
Q6924,Q98083052,,,,,,,,,,,,,,,,,,,,,,,,,,,,,,,,,,,,,,,,,,,,,
Q6925,Q110871057,,,,,,,,,,,,,,,,,,,,,,,,,,,,,,,,,,,,,,,,,,,,,
Q6927,Q11625205,,,,,,,,,,,,,,,,,,,,,,,,,,,,,,,,,,,,,,,,,,,,,
Q6928,Q11605107,,,,,,,,,,,,,,,,,,,,,,,,,,,,,,,,,,,,,,,,,,,,,
Q6929,Q11620922,,,,,,,,,,,,,,,,,,,,,,,,,,,,,,,,,,,,,,,,,,,,,
Q6932,Q17216122,,,,,,,,,,,,,,,,,,,,,,,,,,,,,,,,,,,,,,,,,,,,,
Q6940,Q97706258,,,,,,,,,,,,,,,,,,,,,,,,,,,,,,,,,,,,,,,,,,,,,
Q6941,Q11486691,,,,,,,,,,,,,,,,,,,,,,,,,,,,,,,,,,,,,,,,,,,,,
Q6943,Q11263696,,,,,,,,,,,,,,,,,,,,,,,,,,,,,,,,,,,,,,,,,,,,,
Q6944,Q11490761,,,,,,,,,,,,,,,,,,,,,,,,,,,,,,,,,,,,,,,,,,,,,
Q6945,Q11378496,,,,,,,,,,,,,,,,,,,,,,,,,,,,,,,,,,,,,,,,,,,,,
Q6946,Q55406525,,,,,,,,,,,,,,,,,,,,,,,,,,,,,,,,,,,,,,,,,,,,,
Q6947,Q108043716,,,,,,,,,,,,,,,,,,,,,,,,,,,,,,,,,,,,,,,,,,,,,
Q6948,Q55406538,,,,,,,,,,,,,,,,,,,,,,,,,,,,,,,,,,,,,,,,,,,,,
Q6950,Q313119,,,,,,,,,,,,,,,,,,,,,,,,,,,,,,,,,,,,,,,,,,,,,I00524450
Q6952,Q13264213,,,,,,,,,,,,,,,,,,,,,,,,,,,485792,,,,,,,,,,,,,,,,,,
Q6953,Q11626419,,,,,,,,,,,,,,,,,,,,,,,,,,,,,,,,,,,,,,,,,,,,,
Q6954,Q11618292,,,,,,,,,,,,,,,,,,,,,,,,,,,,,,,,,,,,,,,,,,,,,
Q6955,Q11619989,,,,,,,,,,,,,,,,,,,,,,,,,,,,,,,,,,,,,,,,,,,,,
Q6956,Q10892311,,,,,,,,,,,,,,,,,,,,,,,,,,,,,,,,,,,,,,,,,,,,,
Q6957,Q4378819,,,,,,,,,,,,,,,,,,,,,,,,,,,,,,,,,,,,,,,,,,,,,
Q6958,Q55525858,,,,,,,,,,,,,,,,,,,,,,,,,,,,,,,,,,,,,,,,,,,,,
Q6959,Q55177820,,,,,,,,,,,,,,,,,,,,,,,,,,,,,,,,,,,,,,,,,,,,,
Q6960,Q108616765,,,,,,,,,,,,,,,,,,,,,,,,,,,,,,,,,,,,,,,,,,,,,
Q6963,Q11487899,,,,,,,,,,,,,,,,,,,,,,,,,,,,,,,,,,,,,,,,,,,,,
Q6965,Q134847938,,,,,,,,,,,,,,,,,,,,,,,,,,,,,,,,,,,,,,,,,,,,,
Q6967,Q99517230,,,,,,,,,,,,,,,,,,,,,,,,,,,,,,,,,,,,,,,,,,,,,
Q6973,Q11492327,,,,,,,,,,,,,,,,,,,,,,,,,,,,,,,,,,,,,,,,,,,,,
Q6979,Q110871123,,,,,,,,,,,,,,,,,,,,,,,,,,,,,,,,,,,,,,,,,,,,,
Q6980,Q11251684,,,,,,,,,,,,,,,,,,,,,,,,,,,,,,,,,,,,,,,,,,,,,
Q6986,Q1066593,,,,,,,,,,,,,,,,,,,,,,,,,,,,,,,,,,,,,,,,,,,,,I00524451
Q6989,Q24875965,,,,,,,,,,,,,,,,,,,,,,,,,,,,,,,,,,,,,,,,,,,,,
Q6990,Q11483500,,,,,,,,,,,,,,,,,,,,,,,,,,,,,,,,,,,,,,,,,,,,,
Q6991,Q55536814,,,,,,,,,,,,,,,,,,,,,,,,,,,,,,,,,,,,,,,,,,,,,
Q7000,Q21995144,,,,,,,,,,,,,,,,,,,,,,,,,,,,,,,,,,,,,,,,,,,,,
Q7002,Q11381805,,,,,,,,,,,,,,,,,,,,,,,,,,,,,,,,,,,,,,,,,,,,,
Q7003,Q329769,,,,,,,,,,,,,,,,,,,,,,,,,,,,,,,,,,,,,,,,,,,,,I00719979
Q7005,Q11438673,,,,,,,,,,,,,,,,,,,,,,,,,,,,,,,,,,,,,,,,,,,,,
Q7006,Q11618290,,,,,,,,,,,,,,,,,,,,,,,,,,,,,,,,,,,,,,,,,,,,,
Q7008,Q11493025,,,,,,,,,,,,,,,,,,,,,,,,,,,485790,,,,,,,,,,,,,,,,,,
Q7010,Q97961928,,,,,,,,,,,,,,,,,,,,,,,,,,,,,,,,,,,,,,,,,,,,,
Q7011,Q11366830,,,,,,,,,,,,,,,,,,,,,,,,,,,,,,,,,,,,,,,,,,,,,
Q7012,Q108043405,,,,,,,,,,,,,,,,,,,,,,,,,,,,,,,,,,,,,,,,,,,,,
Q7014,Q134847980,,,,,,,,,,,,,,,,,,,,,,,,,,,,,,,,,,,,,,,,,,,,,
Q7016,Q97636304,,,,,,,,,,,,,,,,,,,,,,,,,,,,,,,,,,,,,,,,,,,,,
Q7021,Q11625210,,,,,,,,,,,,,,,,,,,,,,,,,,,,,,,,,,,,,,,,,,,,,
Q7027,Q24866636,,,,,,,,,,,,,,,,,,,,,,,,,,,,,,,,,,,,,,,,,,,,,
Q7029,Q97160710,,,,,,,,,,,,,,,,,,,,,,,,,,,,,,,,,,,,,,,,,,,,,
Q7036,Q19850791,,,,,,,,,,,,,,,,,,,,,,,,,,,,,,,,,,,,,,,,,,,,,
Q7037,Q21995349,,,,,,,,,,,,,,,,,,,,,,,,,,,,,,,,,,,,,,,,,,,,,
Q7038,Q2297842,,,,,,,,,,,,,,,,,,,,,,,,,,,,,,,,,,,,,,,,,,,,,I00719982
Q7039,Q545771,,,,,,,,,,,,,,,,,,,,,,,,,,,,,,,,,,,,,,,,,,,,,
Q7040,Q108043463,,,,,,,,,,,,,,,,,,,,,,,,,,,,,,,,,,,,,,,,,,,,,
Q7041,Q108043473,,,,,,,,,,,,,,,,,,,,,,,,,,,,,,,,,,,,,,,,,,,,,
Q7042,Q7244124,,,,,,,,,,,,,,,,,,,,,,,,,,,,,,,,,,,,,,,,,,,,,
Q7043,Q11429115,,,,,,,,,,,,,,,,,,,,,,,,,,,,,,,,,,,,,,,,,,,,,
Q7046,Q11391819,,,,,,,,,,,,,,,,,,,,,,,,,,,,,,,,,,,,,,,,,,,,,
Q7048,Q11582590,,,,,,,,,,,,,,,,,,,,,,,,,,,,,,,,,,,,,,,,,,,,,
Q7051,Q11492328,,,,,,,,,,,,,,,,,,,,,,,,,,,,,,,,,,,,,,,,,,,,,I00524440
Q7052,Q11546000,,,,,,,,,,,,,,,,,,,,,,,,,,,,,,,,,,,,,,,,,,,,,
Q7054,Q18700600,,,,,,,,,,,,,,,,,,,,,,,,,,,,,,,,,,,,,,,,,,,,,
Q7062,Q1092497,,,,,,,,,,,,,,,,,,,,,,,,,,,,,,,,,,,,,,,,,,,,,
Q7064,Q98083046,,,,,,,,,,,,,,,,,,,,,,,,,,,,,,,,,,,,,,,,,,,,,
Q7065,Q14759561,,,,,,,,,,,,,,,,,,,,,,,,,,,,,,,,,,,,,,,,,,,,,I00524455
Q7067,Q97160701,,,,,,,,,,,,,,,,,,,,,,,,,,,,,,,,,,,,,,,,,,,,,
Q7069,Q11570697,,,,,,,,,,,,,,,,,,,,,,,,,,,,,,,,,,,,,,,,,,,,,
Q7074,Q11316133,,,,,,,,,,,,,,,,,,,,,,,,,,,,,,,,,,,,,,,,,,,,,
Q7075,Q55536880,,,,,,,,,,,,,,,,,,,,,,,,,,,,,,,,,,,,,,,,,,,,,
Q7077,Q357266,,,,,,,,,,,,,,,,,,,,,,,,,,,,,,,,,,,,,,,,,,,,,I00524446
Q7081,Q52320208,,,,,,,,,,,,,,,,,,,,,,,,,,,,,,,,,,,,,,,,,,,,,
Q7082,Q357273,,,,,,,,,,,,,,,,,,,,,,,,,,,,,,,,,,,,,,,,,,,,,I00719980
Q7083,Q11512901,,,,,,,,,,,,,,,,,,,,,,,,,,,,,,,,,,,,,,,,,,,,,
Q7085,Q11088801,,,,,,,,,,,,,,,,,,,,,,,,,,,,,,,,,,,,,,,,,,,,,
Q7086,Q55533316,,,,,,,,,,,,,,,,,,,,,,,,,,,,,,,,,,,,,,,,,,,,,
Q7087,Q52717463,,,,,,,,,,,,,,,,,,,,,,,,,,,,,,,,,,,,,,,,,,,,,
Q7089,Q11064567,,,,,,,,,,,,,,,,,,,,,,,,,,,,,,,,,,,,,,,,,,,,,I00524439
Q7090,Q106120180,,,,,,,,,,,,,,,,,,,,,,,,,,,,,,,,,,,,,,,,,,,,,
Q7093,Q134863200,,,,,,,,,,,,,,,,,,,,,,,,,,,,,,,,,,,,,,,,,,,,,
Q7094,Q134864096,,,,,,,,,,,,,,,,,,,,,,,,,,,,,,,,,,,,,,,,,,,,,
Q7096,Q10940767,,,,,,,,,,,,,,,,,,,,,,,,,,,,,,,,,,,,,,,,,,,,,
Q7097,Q17209207,,,,,,,,,,,,,,,,,,,,,,,,,,,,,,,,,,,,,,,,,,,,,
Q7098,Q11359475,,,,,,,,,,,,,,,,,,,,,,,,,,,,,,,,,,,,,,,,,,,,,
Q7100,Q595897,,,,,,,,,,,,,,,,,,,,,,,,,,,,,,,,,,,,,,,,,,,,,
Q7102,Q97160687,,,,,,,,,,,,,,,,,,,,,,,,,,,,,,,,,,,,,,,,,,,,,
Q7105,Q11570700,,,,,,,,,,,,,,,,,,,,,,,,,,,,,,,,,,,,,,,,,,,,,
Q7110,Q11075749,,,,,,,,,,,,,,,,,,,,,,,,,,,,,,,,,,,,,,,,,,,,,I00524445
Q7111,Q11121925,,,,,,,,,,,,,,,,,,,,,,,,,,,,,,,,,,,,,,,,,,,,,
Q7112,Q334644,,,,,,,,,,,,,,,,,,,,,,,,,,,,,,,,,,,,,,,,,,,,,I00719984
Q7113,Q11088803,,,,,,,,,,,,,,,,,,,,,,,,,,,,,,,,,,,,,,,,,,,,,
Q7114,Q11659541,,,,,,,,,,,,,,,,,,,,,,,,,,,,,,,,,,,,,,,,,,,,,
Q7115,Q97636251,,,,,,,,,,,,,,,,,,,,,,,,,,,,,,,,,,,,,,,,,,,,,
Q7116,Q52320135,,,,,,,,,,,,,,,,,,,,,,,,,,,,,,,,,,,,,,,,,,,,,
Q7117,Q55526075,,,,,,,,,,,,,,,,,,,,,,,,,,,,,,,,,,,,,,,,,,,,,
Q7118,Q55525906,,,,,,,,,,,,,,,,,,,,,,,,,,,,,,,,,,,,,,,,,,,,,
Q7119,Q28415396,,,,,,,,,,,,,,,,,,,,,,,,,,,,,,,,,,,,,,,,,,,,,
Q7120,Q349277,,,,,,,,,,,,,,,,,,,,,,,,,,,485658,,,,,,,,,,,,,,,,,,I00524444
Q7121,Q316637,,,,,,,,,,,,,,,,,,,,,,,,,,,485654,,,,,,,,,,,,,,,,,,I00524438
Q7123,Q97342128,,,,,,,,,,,,,,,,,,,,,,,,,,,,,,,,,,,,,,,,,,,,,
Q7125,Q108043496,,,,,,,,,,,,,,,,,,,,,,,,,,,,,,,,,,,,,,,,,,,,,
Q7126,Q134863071,,,,,,,,,,,,,,,,,,,,,,,,,,,,,,,,,,,,,,,,,,,,,
Q7127,Q17227081,,,,,,,,,,,,,,,,,,,,,,,,,,,,,,,,,,,,,,,,,,,,,
Q7129,Q7554458,,,,,,,,,,,,,,,,,,,,,,,,,,,,,,,,,,,,,,,,,,,,,I00719972
Q7130,Q11625199,,,,,,,,,,,,,,,,,,,,,,,,,,,,,,,,,,,,,,,,,,,,,I00719974
Q7131,Q1191233,,,,,,,,,,,,,,,,,,,,,,,,,,,,,,,,,,,,,,,,,,,,,
Q7132,Q7402774,,,,,,,,,,,,,,,,,,,,,,,,,,,,,,,,,,,,,,,,,,,,,
Q7133,Q11625206,,,,,,,,,,,,,,,,,,,,,,,,,,,,,,,,,,,,,,,,,,,,,
Q7135,Q11366916,,,,,,,,,,,,,,,,,,,,,,,,,,,,,,,,,,,,,,,,,,,,,
Q7136,Q97162396,,,,,,,,,,,,,,,,,,,,,,,,,,,,,,,,,,,,,,,,,,,,,
Q7137,Q11570693,,,,,,,,,,,,,,,,,,,,,,,,,,,,,,,,,,,,,,,,,,,,,
Q7141,Q97636250,,,,,,,,,,,,,,,,,,,,,,,,,,,,,,,,,,,,,,,,,,,,,
Q7142,Q329792,,,,,,,,,,,,,,,,,,,,,,,,,,,,,,,,,,,,,,,,,,,,,I00524435
Q7143,Q329728,,,,,,,,,,,,,,,,,,,,,,,,,,,,,,,,,,,,,,,,,,,,,I00524437
Q7144,Q11585498,,,,,,,,,,,,,,,,,,,,,,,,,,,,,,,,,,,,,,,,,,,,,I00524436
Q7145,Q106097469,,,,,,,,,,,,,,,,,,,,,,,,,,,,,,,,,,,,,,,,,,,,,
Q7149,Q241765,,,,,,,,,,,,,,,,,,,,,,,,,,,,,,,,,,,,,,,,,,,,,I00719985
Q7151,Q106095999,,,,,,,,,,,,,,,,,,,,,,,,,,,,,,,,,,,,,,,,,,,,,I00719977
Q7152,Q108043641,,,,,,,,,,,,,,,,,,,,,,,,,,,,,,,,,,,,,,,,,,,,,
Q7153,Q96715460,,,,,,,,,,,,,,,,,,,,,,,,,,,,,,,,,,,,,,,,,,,,,
Q7155,Q11597250,,,,,,,,,,,,,,,,,,,,,,,,,,,,,,,,,,,,,,,,,,,,,
Q7156,Q298057,,,,,,,,,,,,,,,,,,,,,,,,,,,,,,,,,,,,,,,,,,,,,I00719971
Q7157,Q11537858,,,,,,,,,,,,,,,,,,,,,,,,,,,,,,,,,,,,,,,,,,,,,
Q7158,Q11584769,,,,,,,,,,,,,,,,,,,,,,,,,,,,,,,,,,,,,,,,,,,,,
Q7159,Q11584775,,,,,,,,,,,,,,,,,,,,,,,,,,,,,,,,,,,,,,,,,,,,,
Q7160,Q11597248,,,,,,,,,,,,,,,,,,,,,,,,,,,,,,,,,,,,,,,,,,,,,
Q7161,Q11620913,,,,,,,,,,,,,,,,,,,,,,,,,,,,,,,,,,,,,,,,,,,,,
Q7162,Q349238,,,,,,,,,,,,,,,,,,,,,,,,,,,,,,,,,,,,,,,,,,,,,I00719973
Q7164,Q97342104,,,,,,,,,,,,,,,,,,,,,,,,,,,,,,,,,,,,,,,,,,,,,
Q7165,Q10509070,,,,,,,,,,,,,,,,,,,,,,,,,,,,,,,,,,,,,,,,,,,,,
Q7166,Q11599359,,,,,,,,,,,,,,,,,,,,,,,,,,,,,,,,,,,,,,,,,,,,,
Q7167,Q11459566,,,,,,,,,,,,,,,,,,,,,,,,,,,,,,,,,,,,,,,,,,,,,
Q7168,Q11620912,,,,,,,,,,,,,,,,,,,,,,,,,,,,,,,,,,,,,,,,,,,,,
Q7169,Q11577210,,,,,,,,,,,,,,,,,,,,,,,,,,,,,,,,,,,,,,,,,,,,,
Q7170,Q11659560,,,,,,,,,,,,,,,,,,,,,,,,,,,,,,,,,,,,,,,,,,,,,
Q7171,Q11513657,,,,,,,,,,,,,,,,,,,,,,,,,,,,,,,,,,,,,,,,,,,,,
Q7172,Q11437415,,,,,,,,,,,,,,,,,,,,,,,,,,,,,,,,,,,,,,,,,,,,,
Q7173,Q11604780,,,,,,,,,,,,,,,,,,,,,,,,,,,,,,,,,,,,,,,,,,,,,
Q7174,Q89517460,,,,,,,,,,,,,,,,,,,,,,,,,,,,,,,,,,,,,,,,,,,,,
Q7175,Q92923028,,,,,,,,,,,,,,,,,,,,,,,,,,,,,,,,,,,,,,,,,,,,,
Q7176,Q329761,,,,,,,,,,,,,,,,,,,,,,,,,,,485649,,,,,,,,,,,,,,,,,,I00524431
Q7177,Q11617199,,,,,,,,,,,,,,,,,,,,,,,,,,,,,,,,,,,,,,,,,,,,,I00524433
Q7181,Q134850160,,,,,,,,,,,,,,,,,,,,,,,,,,,,,,,,,,,,,,,,,,,,,
Q7182,Q106095792,,,,,,,,,,,,,,,,,,,,,,,,,,,,,,,,,,,,,,,,,,,,,
Q7183,Q17217551,,,,,,,,,,,,,,,,,,,,,,,,,,,,,,,,,,,,,,,,,,,,,
Q7184,Q11448998,,,,,,,,,,,,,,,,,,,,,,,,,,,,,,,,,,,,,,,,,,,,,
Q7185,Q11443857,,,,,,,,,,,,,,,,,,,,,,,,,,,,,,,,,,,,,,,,,,,,,
Q7186,Q106118985,,,,,,,,,,,,,,,,,,,,,,,,,,,,,,,,,,,,,,,,,,,,,
Q7187,Q11625196,,,,,,,,,,,,,,,,,,,,,,,,,,,,,,,,,,,,,,,,,,,,,
Q7188,Q11625195,,,,,,,,,,,,,,,,,,,,,,,,,,,,,,,,,,,,,,,,,,,,,
Q7189,Q1292368,,,,,,,,,,,,,,,,,,,,,,,,,,,,,,,,,,,,,,,,,,,,,
Q7190,Q11553322,,,,,,,,,,,,,,,,,,,,,,,,,,,,,,,,,,,,,,,,,,,,,
Q7191,Q11396062,,,,,,,,,,,,,,,,,,,,,,,,,,,,,,,,,,,,,,,,,,,,,
Q7193,Q11577211,,,,,,,,,,,,,,,,,,,,,,,,,,,,,,,,,,,,,,,,,,,,,
Q7194,Q11605010,,,,,,,,,,,,,,,,,,,,,,,,,,,,,,,,,,,,,,,,,,,,,
Q7195,Q91090287,,,,,,,,,,,,,,,,,,,,,,,,,,,,,,,,,,,,,,,,,,,,,
Q7196,Q11366909,,,,,,,,,,,,,,,,,,,,,,,,,,,,,,,,,,,,,,,,,,,,,
Q7197,Q1114837,,,,,,,,,,,,,,,,,,,,,,,,,,,,,,,,,,,,,,,,,,,,,
Q7198,Q2424736,,,,,,,,,,,,,,,,,,,,,,,,,,,,,,,,,,,,,,,,,,,,,
Q7199,Q66364896,,,,,,,,,,,,,,,,,,,,,,,,,,,,,,,,,,,,,,,,,,,,,
Q7202,Q106097689,,,,,,,,,,,,,,,,,,,,,,,,,,,,,,,,,,,,,,,,,,,,,
Q7205,Q11566944,,,,,,,,,,,,,,,,,,,,,,,,,,,,,,,,,,,,,,,,,,,,,
Q7206,Q11465318,,,,,,,,,,,,,,,,,,,,,,,,,,,,,,,,,,,,,,,,,,,,,
Q7209,Q11523737,,,,,,,,,,,,,,,,,,,,,,,,,,,,,,,,,,,,,,,,,,,,,
Q7210,Q11547041,,,,,,,,,,,,,,,,,,,,,,,,,,,,,,,,,,,,,,,,,,,,,
Q7211,Q11617932,,,,,,,,,,,,,,,,,,,,,,,,,,,,,,,,,,,,,,,,,,,,,
Q7212,Q11383115,,,,,,,,,,,,,,,,,,,,,,,,,,,,,,,,,,,,,,,,,,,,,
Q7213,Q11412643,,,,,,,,,,,,,,,,,,,,,,,,,,,,,,,,,,,,,,,,,,,,,I00524434
Q7215,Q7244045,,,,,,,,,,,,,,,,,,,,,,,,,,,,,,,,,,,,,,,,,,,,,
Q7216,Q11487858,,,,,,,,,,,,,,,,,,,,,,,,,,,,,,,,,,,,,,,,,,,,,
Q7217,Q11644412,,,,,,,,,,,,,,,,,,,,,,,,,,,,,,,,,,,,,,,,,,,,,
Q7219,Q92923013,,,,,,,,,,,,,,,,,,,,,,,,,,,,,,,,,,,,,,,,,,,,,
Q7227,Q14864343,,,,,,,,,,,,,,,,,,,,,,,,,,,,,,,,,,,,,,,,,,,,,
Q7229,Q314802,,,,,,,,,,,,,,,,,,,,,,,,,,,485646,,,,,,,,,,,,,,,,,,I00524426
Q7230,Q11655373,,,,,,,,,,,,,,,,,,,,,,,,,,,,,,,,,,,,,,,,,,,,,
Q7231,Q335181,,,,,,,,,,,,,,,,,,,,,,,,,,,806655,,,,,,,,,,,,,,,,,,I00719966
Q7234,Q97478950,,,,,,,,,,,,,,,,,,,,,,,,,,,,,,,,,,,,,,,,,,,,,
Q7236,Q55406552,,,,,,,,,,,,,,,,,,,,,,,,,,,,,,,,,,,,,,,,,,,,,
Q7237,Q134863418,,,,,,,,,,,,,,,,,,,,,,,,,,,,,,,,,,,,,,,,,,,,,
Q7238,Q3488899,,,,,,,,,,,,,,,,,,,,,,,,,,,,,,,,,,,,,,,,,,,,,
Q7240,Q11625207,,,,,,,,,,,,,,,,,,,,,,,,,,,,,,,,,,,,,,,,,,,,,
Q7241,Q11625208,,,,,,,,,,,,,,,,,,,,,,,,,,,,,,,,,,,,,,,,,,,,,
Q7242,Q11625201,,,,,,,,,,,,,,,,,,,,,,,,,,,,,,,,,,,,,,,,,,,,,
Q7243,Q736621,,,,,,,,,,,,,,,,,,,,,,,,,,,,,,,,,,,,,,,,,,,,,
Q7245,Q10870554,,,,,,,,,,,,,,,,,,,,,,,,,,,,,,,,,,,,,,,,,,,,,
Q7246,Q3137695,,,,,,,,,,,,,,,,,,,,,,,,,,,,,,,,,,,,,,,,,,,,,
Q7248,Q11605129,,,,,,,,,,,,,,,,,,,,,,,,,,,,,,,,,,,,,,,,,,,,,
Q7253,Q91089971,,,,,,,,,,,,,,,,,,,,,,,,,,,,,,,,,,,,,,,,,,,,,I00523682
Q7254,Q11521581,,,,,,,,,,,,,,,,,,,,,,,,,,,,,,,,,,,,,,,,,,,,,
Q7257,Q97706282,,,,,,,,,,,,,,,,,,,,,,,,,,,,,,,,,,,,,,,,,,,,,
Q7259,Q11612414,,,,,,,,,,,,,,,,,,,,,,,,,,,,,,,,,,,,,,,,,,,,,
Q7260,Q11667952,,,,,,,,,,,,,,,,,,,,,,,,,,,,,,,,,,,,,,,,,,,,,
Q7261,Q88919919,,,,,,,,,,,,,,,,,,,,,,,,,,,,,,,,,,,,,,,,,,,,,
Q7262,Q89449030,,,,,,,,,,,,,,,,,,,,,,,,,,,,,,,,,,,,,,,,,,,,,
Q7266,Q17225062,,,,,,,,,,,,,,,,,,,,,,,,,,,,,,,,,,,,,,,,,,,,,
Q7267,Q85272149,,,,,,,,,,,,,,,,,,,,,,,,,,,,,,,,,,,,,,,,,,,,,
Q7268,Q1284072,,,,,,,,,,,,,,,,,,,,,,,,,,,,,,,,,,,,,,,,,,,,,
Q7269,Q11608781,,,,,,,,,,,,,,,,,,,,,,,,,,,,,,,,,,,,,,,,,,,,,
Q7271,Q30936747,,,,,,,,,,,,,,,,,,,,,,,,,,,,,,,,,,,,,,,,,,,,,
Q7272,Q5374641,,,,,,,,,,,,,,,,,,,,,,,,,,,,,,,,,,,,,,,,,,,,,
Q7273,Q11642123,,,,,,,,,,,,,,,,,,,,,,,,,,,,,,,,,,,,,,,,,,,,,I00719969
Q7274,Q11447356,,,,,,,,,,,,,,,,,,,,,,,,,,,,,,,,,,,,,,,,,,,,,I00719960
Q7275,Q11481701,,,,,,,,,,,,,,,,,,,,,,,,,,,,,,,,,,,,,,,,,,,,,
Q7276,Q11544228,,,,,,,,,,,,,,,,,,,,,,,,,,,,,,,,,,,,,,,,,,,,,
Q7278,Q119461,,,,,,,,,,,,,,,,,,,,,,,,,,,,,,,,,,,,,,,,,,,,,
Q7281,Q11486685,,,,,,,,,,,,,,,,,,,,,,,,,,,,,,,,,,,,,,,,,,,,,
Q7282,Q7244758,,,,,,,,,,,,,,,,,,,,,,,,,,,,,,,,,,,,,,,,,,,,,
Q7283,Q233224,,,,,,,,,,,,,,,,,,,,,,,,,,,,,,,,,,,,,,,,,,,,,I00719959
Q7284,Q3138027,,,,,,,,,,,,,,,,,,,,,,,,,,,,,,,,,,,,,,,,,,,,,
Q7285,Q3275328,,,,,,,,,,,,,,,,,,,,,,,,,,,,,,,,,,,,,,,,,,,,,
Q7286,Q6647029,,,,,,,,,,,,,,,,,,,,,,,,,,,806657,,,,,,,,,,,,,,,,,,
Q7287,Q11072254,,,,,,,,,,,,,,,,,,,,,,,,,,,485642,,,,,,,,,,,,,,,,,,I00524428
Q7289,Q11055223,,,,,,,,,,,,,,,,,,,,,,,,,,,,,,,,,,,,,,,,,,,,,
Q7290,Q11658003,,,,,,,,,,,,,,,,,,,,,,,,,,,,,,,,,,,,,,,,,,,,,
Q7291,Q11658012,,,,,,,,,,,,,,,,,,,,,,,,,,,,,,,,,,,,,,,,,,,,,
Q7293,Q7244656,,,,,,,,,,,,,,,,,,,,,,,,,,,,,,,,,,,,,,,,,,,,,
Q7294,Q7244760,,,,,,,,,,,,,,,,,,,,,,,,,,,,,,,,,,,,,,,,,,,,,
Q7295,Q177517,,,,,,,,,,,,,,,,,,,,,,,,,,,,,,,,,,,,,,,,,,,,,I00523635
Q7296,Q3154069,,,,,,,,,,,,,,,,,,,,,,,,,,,,,,,,,,,,,,,,,,,,,
Q7297,Q11549546,,,,,,,,,,,,,,,,,,,,,,,,,,,,,,,,,,,,,,,,,,,,,
Q7299,Q11464914,,,,,,,,,,,,,,,,,,,,,,,,,,,,,,,,,,,,,,,,,,,,,
Q7300,Q48765570,,,,,,,,,,,,,,,,,,,,,,,,,,,,,,,,,,,,,,,,,,,,,
Q7301,Q1046438,,,,,,,,,,,,,,,,,,,,,,,,,,,,,,,,,,,,,,,,,,,,,I00719961
Q7304,Q3403340,,,,,,,,,,,,,,,,,,,,,,,,,,,,,,,,,,,,,,,,,,,,,
Q7305,Q3076827,,,,,,,,,,,,,,,,,,,,,,,,,,,,,,,,,,,,,,,,,,,,,
Q7307,Q7244845,,,,,,,,,,,,,,,,,,,,,,,,,,,,,,,,,,,,,,,,,,,,,
Q7310,Q859218,,,,,,,,,,,,,,,,,,,,,,,,,,,,,,,,,,,,,,,,,,,,,
Q7311,Q858974,,,,,,,,,,,,,,,,,,,,,,,,,,,,,,,,,,,,,,,,,,,,,
Q7313,Q837590,,,,,,,,,,,,,,,,,,,,,,,,,,,,,,,,,,,,,,,,,,,,,
Q7314,Q3403344,,,,,,,,,,,,,,,,,,,,,,,,,,,,,,,,,,,,,,,,,,,,,
Q7315,Q11587953,,,,,,,,,,,,,,,,,,,,,,,,,,,,,,,,,,,,,,,,,,,,,
Q7316,Q7244631,,,,,,,,,,,,,,,,,,,,,,,,,,,,,,,,,,,,,,,,,,,,,
Q7317,Q985724,,,,,,,,,,,,,,,,,,,,,,,,,,,,,,,,,,,,,,,,,,,,,
Q7320,Q11516721,,,,,,,,,,,,,,,,,,,,,,,,,,,,,,,,,,,,,,,,,,,,,
Q7323,Q134863502,,,,,,,,,,,,,,,,,,,,,,,,,,,,,,,,,,,,,,,,,,,,,
Q7336,Q11605015,,,,,,,,,,,,,,,,,,,,,,,,,,,,,,,,,,,,,,,,,,,,,
Q7337,Q11605088,,,,,,,,,,,,,,,,,,,,,,,,,,,,,,,,,,,,,,,,,,,,,
Q7338,Q106172065,,,,,,,,,,,,,,,,,,,,,,,,,,,,,,,,,,,,,,,,,,,,,
Q7340,Q106174950,,,,,,,,,,,,,,,,,,,,,,,,,,,,,,,,,,,,,,,,,,,,,
Q7341,Q106184014,,,,,,,,,,,,,,,,,,,,,,,,,,,,,,,,,,,,,,,,,,,,,
Q7342,Q11366913,,,,,,,,,,,,,,,,,,,,,,,,,,,,,,,,,,,,,,,,,,,,,
Q7343,Q17226786,,,,,,,,,,,,,,,,,,,,,,,,,,,,,,,,,,,,,,,,,,,,,
Q7344,Q11430835,,,,,,,,,,,,,,,,,,,,,,,,,,,,,,,,,,,,,,,,,,,,,
Q7346,Q91089384,,,,,,,,,,,,,,,,,,,,,,,,,,,,,,,,,,,,,,,,,,,,,I00523681
Q7349,Q97706283,,,,,,,,,,,,,,,,,,,,,,,,,,,,,,,,,,,,,,,,,,,,,
Q7350,Q57887936,,,,,,,,,,,,,,,,,,,,,,,,,,,,,,,,,,,,,,,,,,,,,
Q7352,Q11487829,,,,,,,,,,,,,,,,,,,,,,,,,,,,,,,,,,,,,,,,,,,,,
Q7353,Q11034987,,,,,,,,,,,,,,,,,,,,,,,,,,,,,,,,,,,,,,,,,,,,,
Q7354,Q106091111,,,,,,,,,,,,,,,,,,,,,,,,,,,,,,,,,,,,,,,,,,,,,
Q7355,Q11582685,,,,,,,,,,,,,,,,,,,,,,,,,,,,,,,,,,,,,,,,,,,,,
Q7356,Q3135863,,,,,,,,,,,,,,,,,,,,,,,,,,,,,,,,,,,,,,,,,,,,,
Q7357,Q11544192,,,,,,,,,,,,,,,,,,,,,,,,,,,,,,,,,,,,,,,,,,,,,
Q7358,Q11570272,,,,,,,,,,,,,,,,,,,,,,,,,,,,,,,,,,,,,,,,,,,,,
Q7359,Q30937657,,,,,,,,,,,,,,,,,,,,,,,,,,,,,,,,,,,,,,,,,,,,,
Q7360,Q96712236,,,,,,,,,,,,,,,,,,,,,,,,,,,,,,,,,,,,,,,,,,,,,
Q7361,Q114418474,,,,,,,,,,,,,,,,,,,,,,,,,,,,,,,,,,,,,,,,,,,,,
Q7362,Q11657240,,,,,,,,,,,,,,,,,,,,,,,,,,,,,,,,,,,,,,,,,,,,,
Q7363,Q11657245,,,,,,,,,,,,,,,,,,,,,,,,,,,,,,,,,,,,,,,,,,,,,
Q7364,Q22131106,,,,,,,,,,,,,,,,,,,,,,,,,,,,,,,,,,,,,,,,,,,,,
Q7366,Q433995,,,,,,,,,,,,,,,,,,,,,,,,,,,813651,,,,,,,,,,,,,,,,,,I00523634
Q7368,Q1963492,,,,,,,,,,,,,,,,,,,,,,,,,,,,,,,,,,,,,,,,,,,,,
Q7370,Q357246,,,,,,,,,,,,,,,,,,,,,,,,,,,,,,,,,,,,,,,,,,,,,I00719963
Q7372,Q24868439,,,,,,,,,,,,,,,,,,,,,,,,,,,,,,,,,,,,,,,,,,,,,
Q7375,Q20203574,,,,,,,,,,,,,,,,,,,,,,,,,,,,,,,,,,,,,,,,,,,,,
Q7381,Q11610743,,,,,,,,,,,,,,,,,,,,,,,,,,,,,,,,,,,,,,,,,,,,,
Q7382,Q11621026,,,,,,,,,,,,,,,,,,,,,,,,,,,,,,,,,,,,,,,,,,,,,
Q7383,Q11429638,,,,,,,,,,,,,,,,,,,,,,,,,,,,,,,,,,,,,,,,,,,,,
Q7384,Q11361903,,,,,,,,,,,,,,,,,,,,,,,,,,,,,,,,,,,,,,,,,,,,,
Q7386,Q13635333,,,,,,,,,,,,,,,,,,,,,,,,,,,,,,,,,,,,,,,,,,,,,
Q7387,Q13635359,,,,,,,,,,,,,,,,,,,,,,,,,,,,,,,,,,,,,,,,,,,,,
Q7388,Q11623185,,,,,,,,,,,,,,,,,,,,,,,,,,,,,,,,,,,,,,,,,,,,,I00719964
Q7389,Q2173602,,,,,,,,,,,,,,,,,,,,,,,,,,,812437,,,,,,,,,,,,,,,,,,I00523637
Q7390,Q1890878,,,,,,,,,,,,,,,,,,,,,,,,,,,812483,,,,,,,,,,,,,,,,,,
Q7392,Q1370638,,,,,,,,,,,,,,,,,,,,,,,,,,,812485,,,,,,,,,,,,,,,,,,
Q7393,Q426317,,,,,,,,,,,,,,,,,,,,,,,,,,,812486,,,,,,,,,,,,,,,,,,
Q7394,Q11623130,,,,,,,,,,,,,,,,,,,,,,,,,,,,,,,,,,,,,,,,,,,,,
Q7396,Q11451927,,,,,,,,,,,,,,,,,,,,,,,,,,,,,,,,,,,,,,,,,,,,,
Q7399,Q11499947,,,,,,,,,,,,,,,,,,,,,,,,,,,,,,,,,,,,,,,,,,,,,
Q7404,Q55051061,,,,,,,,,,,,,,,,,,,,,,,,,,,,,,,,,,,,,,,,,,,,,
Q7406,Q329713,,,,,,,,,,,,,,,,,,,,,,,,,,,,,,,,,,,,,,,,,,,,,I00719956
Q7426,Q134863513,,,,,,,,,,,,,,,,,,,,,,,,,,,,,,,,,,,,,,,,,,,,,
Q7432,Q11605069,,,,,,,,,,,,,,,,,,,,,,,,,,,,,,,,,,,,,,,,,,,,,
Q7434,Q540305,,,,,,,,,,,,,,,,,,,,,,,,,,,812536,,,,,,,,,,,,,,,,,,
Q7436,Q11623003,,,,,,,,,,,,,,,,,,,,,,,,,,,,,,,,,,,,,,,,,,,,,
Q7437,Q3825109,,,,,,,,,,,,,,,,,,,,,,,,,,,,,,,,,,,,,,,,,,,,,
Q7441,Q11366914,,,,,,,,,,,,,,,,,,,,,,,,,,,,,,,,,,,,,,,,,,,,,
Q7443,Q28689083,,,,,,,,,,,,,,,,,,,,,,,,,,,,,,,,,,,,,,,,,,,,,
Q7446,Q18339496,,,,,,,,,,,,,,,,,,,,,,,,,,,,,,,,,,,,,,,,,,,,,
Q7449,Q18233576,,,,,,,,,,,,,,,,,,,,,,,,,,,,,,,,,,,,,,,,,,,,,
Q7451,Q11430840,,,,,,,,,,,,,,,,,,,,,,,,,,,,,,,,,,,,,,,,,,,,,
Q7456,Q11366911,,,,,,,,,,,,,,,,,,,,,,,,,,,,,,,,,,,,,,,,,,,,,I00523633
Q7461,Q11432336,,,,,,,,,,,,,,,,,,,,,,,,,,,,,,,,,,,,,,,,,,,,,
Q7467,Q11034995,,,,,,,,,,,,,,,,,,,,,,,,,,,,,,,,,,,,,,,,,,,,,
Q7468,Q17989844,,,,,,,,,,,,,,,,,,,,,,,,,,,,,,,,,,,,,,,,,,,,,
Q7470,Q101199949,,,,,,,,,,,,,,,,,,,,,,,,,,,,,,,,,,,,,,,,,,,,,
Q7471,Q7673717,,,,,,,,,,,,,,,,,,,,,,,,,,,,,,,,,,,,,,,,,,,,,
Q7472,Q11544216,,,,,,,,,,,,,,,,,,,,,,,,,,,,,,,,,,,,,,,,,,,,,
Q7473,Q18233602,,,,,,,,,,,,,,,,,,,,,,,,,,,,,,,,,,,,,,,,,,,,,
Q7474,Q97165784,,,,,,,,,,,,,,,,,,,,,,,,,,,,,,,,,,,,,,,,,,,,,
Q7475,Q97169559,,,,,,,,,,,,,,,,,,,,,,,,,,,,,,,,,,,,,,,,,,,,,
Q7476,Q11623368,,,,,,,,,,,,,,,,,,,,,,,,,,,,,,,,,,,,,,,,,,,,,
Q7477,Q11623426,,,,,,,,,,,,,,,,,,,,,,,,,,,,,,,,,,,,,,,,,,,,,I00523638
Q7478,Q11623250,,,,,,,,,,,,,,,,,,,,,,,,,,,,,,,,,,,,,,,,,,,,,
Q7479,Q106176812,,,,,,,,,,,,,,,,,,,,,,,,,,,,,,,,,,,,,,,,,,,,,
Q7481,Q11657244,,,,,,,,,,,,,,,,,,,,,,,,,,,,,,,,,,,,,,,,,,,,,
Q7493,Q11623249,,,,,,,,,,,,,,,,,,,,,,,,,,,,,,,,,,,,,,,,,,,,,
Q7497,Q108045506,,,,,,,,,,,,,,,,,,,,,,,,,,,,,,,,,,,,,,,,,,,,,
Q7498,Q108045569,,,,,,,,,,,,,,,,,,,,,,,,,,,,,,,,,,,,,,,,,,,,,
Q7502,Q7677188,,,,,,,,,,,,,,,,,,,,,,,,,,,,,,,,,,,,,,,,,,,,,I00524430
Q7503,Q48765348,,,,,,,,,,,,,,,,,,,,,,,,,,,,,,,,,,,,,,,,,,,,,
Q7507,Q1079634,,,,,,,,,,,,,,,,,,,,,,,,,,,,,,,,,,,,,,,,,,,,,
Q7508,Q314846,,,,,,,,,,,,,,,,,,,,,,,,,,,,,,,,,,,,,,,,,,,,,I00524424
Q7509,Q7244811,,,,,,,,,,,,,,,,,,,,,,,,,,,,,,,,,,,,,,,,,,,,,
Q7513,Q17988299,,,,,,,,,,,,,,,,,,,,,,,,,,,,,,,,,,,,,,,,,,,,,
Q7514,Q11590521,,,,,,,,,,,,,,,,,,,,,,,,,,,,,,,,,,,,,,,,,,,,,
Q7516,Q13635349,,,,,,,,,,,,,,,,,,,,,,,,,,,,,,,,,,,,,,,,,,,,,
Q7518,Q106092493,,,,,,,,,,,,,,,,,,,,,,,,,,,,,,,,,,,,,,,,,,,,,
Q7519,Q110343788,,,,,,,,,,,,,,,,,,,,,,,,,,,,,,,,,,,,,,,,,,,,,
Q7520,Q11623655,,,,,,,,,,,,,,,,,,,,,,,,,,,,,,,,,,,,,,,,,,,,,
Q7521,Q845311,,,,,,,,,,,,,,,,,,,,,,,,,,,,,,,,,,,,,,,,,,,,,
Q7522,Q385008,,,,,,,,,,,,,,,,,,,,,,,,,,,,,,,,,,,,,,,,,,,,,
Q7523,Q11623354,,,,,,,,,,,,,,,,,,,,,,,,,,,,,,,,,,,,,,,,,,,,,
Q7524,Q11623149,,,,,,,,,,,,,,,,,,,,,,,,,,,,,,,,,,,,,,,,,,,,,
Q7525,Q106092536,,,,,,,,,,,,,,,,,,,,,,,,,,,,,,,,,,,,,,,,,,,,,
Q7526,Q106153083,,,,,,,,,,,,,,,,,,,,,,,,,,,,,,,,,,,,,,,,,,,,,
Q7527,Q3090678,,,,,,,,,,,,,,,,,,,,,,,,,,,812535,,,,,,,,,,,,,,,,,,
Q7528,Q11623220,,,,,,,,,,,,,,,,,,,,,,,,,,,,,,,,,,,,,,,,,,,,,
Q7529,Q106153011,,,,,,,,,,,,,,,,,,,,,,,,,,,,,,,,,,,,,,,,,,,,,
Q7532,Q1924598,,,,,,,,,,,,,,,,,,,,,,,,,,,,,,,,,,,,,,,,,,,,,
Q7534,Q3090640,,,,,,,,,,,,,,,,,,,,,,,,,,,,,,,,,,,,,,,,,,,,,
Q7535,Q5507529,,,,,,,,,,,,,,,,,,,,,,,,,,,,,,,,,,,,,,,,,,,,,
Q7536,Q11623381,,,,,,,,,,,,,,,,,,,,,,,,,,,,,,,,,,,,,,,,,,,,,
Q7537,Q3090626,,,,,,,,,,,,,,,,,,,,,,,,,,,,,,,,,,,,,,,,,,,,,
Q7538,Q11623505,,,,,,,,,,,,,,,,,,,,,,,,,,,,,,,,,,,,,,,,,,,,,
Q7539,Q11623473,,,,,,,,,,,,,,,,,,,,,,,,,,,,,,,,,,,,,,,,,,,,,
Q7540,Q11623405,,,,,,,,,,,,,,,,,,,,,,,,,,,,,,,,,,,,,,,,,,,,,
Q7541,Q106085680,,,,,,,,,,,,,,,,,,,,,,,,,,,,,,,,,,,,,,,,,,,,,
Q7542,Q106086937,,,,,,,,,,,,,,,,,,,,,,,,,,,,,,,,,,,,,,,,,,,,,
Q7543,Q106177786,,,,,,,,,,,,,,,,,,,,,,,,,,,,,,,,,,,,,,,,,,,,,
Q7545,Q17230101,,,,,,,,,,,,,,,,,,,,,,,,,,,,,,,,,,,,,,,,,,,,,
Q7546,Q3090622,,,,,,,,,,,,,,,,,,,,,,,,,,,812487,,,,,,,,,,,,,,,,,,
Q7547,Q65281344,,,,,,,,,,,,,,,,,,,,,,,,,,,,,,,,,,,,,,,,,,,,,
Q7563,Q11458997,,,,,,,,,,,,,,,,,,,,,,,,,,,,,,,,,,,,,,,,,,,,,
Q7567,Q28415262,,,,,,,,,,,,,,,,,,,,,,,,,,,,,,,,,,,,,,,,,,,,,
Q7571,Q11549549,,,,,,,,,,,,,,,,,,,,,,,,,,,,,,,,,,,,,,,,,,,,,
Q7572,Q11623575,,,,,,,,,,,,,,,,,,,,,,,,,,,,,,,,,,,,,,,,,,,,,
Q7573,Q11432337,,,,,,,,,,,,,,,,,,,,,,,,,,,,,,,,,,,,,,,,,,,,,
Q7574,Q11585706,,,,,,,,,,,,,,,,,,,,,,,,,,,,,,,,,,,,,,,,,,,,,
Q7575,Q10933541,,,,,,,,,,,,,,,,,,,,,,,,,,,,,,,,,,,,,,,,,,,,,
Q7584,Q55407038,,,,,,,,,,,,,,,,,,,,,,,,,,,,,,,,,,,,,,,,,,,,,
Q7585,Q11585787,,,,,,,,,,,,,,,,,,,,,,,,,,,,,,,,,,,,,,,,,,,,,
Q7587,Q11424810,,,,,,,,,,,,,,,,,,,,,,,,,,,,,,,,,,,,,,,,,,,,,
Q7592,Q11605090,,,,,,,,,,,,,,,,,,,,,,,,,,,,,,,,,,,,,,,,,,,,,
Q7593,Q11605068,,,,,,,,,,,,,,,,,,,,,,,,,,,,,,,,,,,,,,,,,,,,,
Q7594,Q16603263,,,,,,,,,,,,,,,,,,,,,,,,,,,,,,,,,,,,,,,,,,,,,
Q7595,Q107655958,,,,,,,,,,,,,,,,,,,,,,,,,,,,,,,,,,,,,,,,,,,,,
Q7598,Q11623424,,,,,,,,,,,,,,,,,,,,,,,,,,,,,,,,,,,,,,,,,,,,,
Q7599,Q11623423,,,,,,,,,,,,,,,,,,,,,,,,,,,,,,,,,,,,,,,,,,,,,
Q7600,Q11623546,,,,,,,,,,,,,,,,,,,,,,,,,,,,,,,,,,,,,,,,,,,,,
Q7601,Q11623342,,,,,,,,,,,,,,,,,,,,,,,,,,,,,,,,,,,,,,,,,,,,,
Q7604,Q7813728,,,,,,,,,,,,,,,,,,,,,,,,,,,,,,,,,,,,,,,,,,,,,
Q7607,Q96713082,,,,,,,,,,,,,,,,,,,,,,,,,,,,,,,,,,,,,,,,,,,,,
Q7611,Q11605097,,,,,,,,,,,,,,,,,,,,,,,,,,,,,,,,,,,,,,,,,,,,,
Q7612,Q11623313,,,,,,,,,,,,,,,,,,,,,,,,,,,,,,,,,,,,,,,,,,,,,
Q7613,Q18459619,,,,,,,,,,,,,,,,,,,,,,,,,,,,,,,,,,,,,,,,,,,,,
Q7614,Q111305413,,,,,,,,,,,,,,,,,,,,,,,,,,,,,,,,,,,,,,,,,,,,,
Q7615,Q11605059,,,,,,,,,,,,,,,,,,,,,,,,,,,,,,,,,,,,,,,,,,,,,
Q7616,Q11605005,,,,,,,,,,,,,,,,,,,,,,,,,,,,,,,,,,,,,,,,,,,,,
Q7617,Q11605070,,,,,,,,,,,,,,,,,,,,,,,,,,,,,,,,,,,,,,,,,,,,,
Q7618,Q106184576,,,,,,,,,,,,,,,,,,,,,,,,,,,,,,,,,,,,,,,,,,,,,
Q7619,Q11366908,,,,,,,,,,,,,,,,,,,,,,,,,,,,,,,,,,,,,,,,,,,,,
Q7626,Q11430834,,,,,,,,,,,,,,,,,,,,,,,,,,,,,,,,,,,,,,,,,,,,,
Q7634,Q11366917,,,,,,,,,,,,,,,,,,,,,,,,,,,,,,,,,,,,,,,,,,,,,
Q7640,Q11432333,,,,,,,,,,,,,,,,,,,,,,,,,,,,,,,,,,,,,,,,,,,,,
Q7641,Q7094424,,,,,,,,,,,,,,,,,,,,,,,,,,,,,,,,,,,,,,,,,,,,,
Q7642,Q17989847,,,,,,,,,,,,,,,,,,,,,,,,,,,,,,,,,,,,,,,,,,,,,
Q7652,Q106087237,,,,,,,,,,,,,,,,,,,,,,,,,,,,,,,,,,,,,,,,,,,,,
Q7653,Q11544202,,,,,,,,,,,,,,,,,,,,,,,,,,,,,,,,,,,,,,,,,,,,,
Q7654,Q11544267,,,,,,,,,,,,,,,,,,,,,,,,,,,,,,,,,,,,,,,,,,,,,
Q7655,Q11544231,,,,,,,,,,,,,,,,,,,,,,,,,,,,,,,,,,,,,,,,,,,,,
Q7656,Q11544320,,,,,,,,,,,,,,,,,,,,,,,,,,,,,,,,,,,,,,,,,,,,,
Q7657,Q11544317,,,,,,,,,,,,,,,,,,,,,,,,,,,,,,,,,,,,,,,,,,,,,
Q7659,Q11544332,,,,,,,,,,,,,,,,,,,,,,,,,,,,,,,,,,,,,,,,,,,,,
Q7661,Q11623635,,,,,,,,,,,,,,,,,,,,,,,,,,,,,,,,,,,,,,,,,,,,,
Q7662,Q60990566,,,,,,,,,,,,,,,,,,,,,,,,,,,,,,,,,,,,,,,,,,,,,
Q7665,Q106221755,,,,,,,,,,,,,,,,,,,,,,,,,,,,,,,,,,,,,,,,,,,,,
Q7668,Q106225033,,,,,,,,,,,,,,,,,,,,,,,,,,,,,,,,,,,,,,,,,,,,,
Q7669,Q106226827,,,,,,,,,,,,,,,,,,,,,,,,,,,,,,,,,,,,,,,,,,,,,
Q7671,Q11623088,,,,,,,,,,,,,,,,,,,,,,,,,,,,,,,,,,,,,,,,,,,,,I00523639
Q7673,Q11623428,,,,,,,,,,,,,,,,,,,,,,,,,,,,,,,,,,,,,,,,,,,,,
Q7684,Q11582687,,,,,,,,,,,,,,,,,,,,,,,,,,,,,,,,,,,,,,,,,,,,,
Q7687,Q26248568,,,,,,,,,,,,,,,,,,,,,,,,,,,,,,,,,,,,,,,,,,,,,
Q7688,Q106160924,,,,,,,,,,,,,,,,,,,,,,,,,,,,,,,,,,,,,,,,,,,,,
Q7690,Q11513416,,,,,,,,,,,,,,,,,,,,,,,,,,,,,,,,,,,,,,,,,,,,,
Q7692,Q2110461,,,,,,,,,,,,,,,,,,,,,,,,,,,,,,,,,,,,,,,,,,,,,I00524425
Q7693,Q11623305,,,,,,,,,,,,,,,,,,,,,,,,,,,,,,,,,,,,,,,,,,,,,I00719953
Q7694,Q11623103,,,,,,,,,,,,,,,,,,,,,,,,,,,,,,,,,,,,,,,,,,,,,
Q7695,Q11544278,,,,,,,,,,,,,,,,,,,,,,,,,,,,,,,,,,,,,,,,,,,,,
Q7696,Q11424791,,,,,,,,,,,,,,,,,,,,,,,,,,,,,,,,,,,,,,,,,,,,,
Q7697,Q11580786,,,,,,,,,,,,,,,,,,,,,,,,,,,,,,,,,,,,,,,,,,,,,
Q7698,Q48760929,,,,,,,,,,,,,,,,,,,,,,,,,,,,,,,,,,,,,,,,,,,,,
Q7699,Q47470300,,,,,,,,,,,,,,,,,,,,,,,,,,,,,,,,,,,,,,,,,,,,,
Q7701,Q48761350,,,,,,,,,,,,,,,,,,,,,,,,,,,,,,,,,,,,,,,,,,,,,
Q7702,Q48764642,,,,,,,,,,,,,,,,,,,,,,,,,,,,,,,,,,,,,,,,,,,,,
Q7703,Q48765260,,,,,,,,,,,,,,,,,,,,,,,,,,,,,,,,,,,,,,,,,,,,,
Q7708,Q106196424,,,,,,,,,,,,,,,,,,,,,,,,,,,,,,,,,,,,,,,,,,,,,
Q7709,Q106196919,,,,,,,,,,,,,,,,,,,,,,,,,,,,,,,,,,,,,,,,,,,,,
Q7712,Q353558,,,,,,,,,,,,,,,,,,,,,,,,,,,,,,,,,,,,,,,,,,,,,I00719954
Q7713,Q316654,,,,,,,,,,,,,,,,,,,,,,,,,,,485615,,,,,,,,,,,,,,,,,,I00523859
Q7715,Q374136,,,,,,,,,,,,,,,,,,,,,,,,,,,,,,,,,,,,,,,,,,,,,I00719952
Q7730,Q11614402,,,,,,,,,,,,,,,,,,,,,,,,,,,,,,,,,,,,,,,,,,,,,
Q7735,Q18234145,,,,,,,,,,,,,,,,,,,,,,,,,,,,,,,,,,,,,,,,,,,,,
Q7739,Q21855551,,,,,,,,,,,,,,,,,,,,,,,,,,,,,,,,,,,,,,,,,,,,,
Q7743,Q22123236,,,,,,,,,,,,,,,,,,,,,,,,,,,,,,,,,,,,,,,,,,,,,
Q7745,Q11623210,,,,,,,,,,,,,,,,,,,,,,,,,,,,,,,,,,,,,,,,,,,,,
Q7749,Q11623658,,,,,,,,,,,,,,,,,,,,,,,,,,,,,,,,,,,,,,,,,,,,,
Q7750,Q11623659,,,,,,,,,,,,,,,,,,,,,,,,,,,,,,,,,,,,,,,,,,,,,
Q7751,Q11623346,,,,,,,,,,,,,,,,,,,,,,,,,,,,,,,,,,,,,,,,,,,,,
Q7752,Q11623527,,,,,,,,,,,,,,,,,,,,,,,,,,,,,,,,,,,,,,,,,,,,,
Q7753,Q18234926,,,,,,,,,,,,,,,,,,,,,,,,,,,,,,,,,,,,,,,,,,,,,
Q7754,Q106600807,,,,,,,,,,,,,,,,,,,,,,,,,,,,,,,,,,,,,,,,,,,,,
Q7757,Q11623118,,,,,,,,,,,,,,,,,,,,,,,,,,,,,,,,,,,,,,,,,,,,,
Q7758,Q11623119,,,,,,,,,,,,,,,,,,,,,,,,,,,,,,,,,,,,,,,,,,,,,
Q7760,Q11623478,,,,,,,,,,,,,,,,,,,,,,,,,,,,,,,,,,,,,,,,,,,,,
Q7761,Q108873966,,,,,,,,,,,,,,,,,,,,,,,,,,,,,,,,,,,,,,,,,,,,,
Q7762,Q966654,,,,,,,,,,,,,,,,,,,,,,,,,,,,,,,,,,,,,,,,,,,,,
Q7763,Q18234933,,,,,,,,,,,,,,,,,,,,,,,,,,,,,,,,,,,,,,,,,,,,,
Q7764,Q11623004,,,,,,,,,,,,,,,,,,,,,,,,,,,,,,,,,,,,,,,,,,,,,
Q7766,Q106177472,,,,,,,,,,,,,,,,,,,,,,,,,,,,,,,,,,,,,,,,,,,,,
Q7767,Q11623664,,,,,,,,,,,,,,,,,,,,,,,,,,,,,,,,,,,,,,,,,,,,,
Q7768,Q11623621,,,,,,,,,,,,,,,,,,,,,,,,,,,,,,,,,,,,,,,,,,,,,
Q7769,Q11623421,,,,,,,,,,,,,,,,,,,,,,,,,,,,,,,,,,,,,,,,,,,,,
Q7770,Q11623010,,,,,,,,,,,,,,,,,,,,,,,,,,,,,,,,,,,,,,,,,,,,,
Q7771,Q11623371,,,,,,,,,,,,,,,,,,,,,,,,,,,,,,,,,,,,,,,,,,,,,
Q7772,Q11623559,,,,,,,,,,,,,,,,,,,,,,,,,,,,,,,,,,,,,,,,,,,,,
Q7773,Q11623016,,,,,,,,,,,,,,,,,,,,,,,,,,,,,,,,,,,,,,,,,,,,,
Q7774,Q98734537,,,,,,,,,,,,,,,,,,,,,,,,,,,,,,,,,,,,,,,,,,,,,
Q7776,Q6086140,,,,,,,,,,,,,,,,,,,,,,,,,,,,,,,,,,,,,,,,,,,,,
Q7777,Q5507531,,,,,,,,,,,,,,,,,,,,,,,,,,,,,,,,,,,,,,,,,,,,,
Q7778,Q11623232,,,,,,,,,,,,,,,,,,,,,,,,,,,,,,,,,,,,,,,,,,,,,
Q7779,Q3090651,,,,,,,,,,,,,,,,,,,,,,,,,,,,,,,,,,,,,,,,,,,,,
Q7782,Q11623477,,,,,,,,,,,,,,,,,,,,,,,,,,,,,,,,,,,,,,,,,,,,,
Q7783,Q11623474,,,,,,,,,,,,,,,,,,,,,,,,,,,,,,,,,,,,,,,,,,,,,
Q7791,Q3090668,,,,,,,,,,,,,,,,,,,,,,,,,,,,,,,,,,,,,,,,,,,,,
Q7793,Q17191701,,,,,,,,,,,,,,,,,,,,,,,,,,,,,,,,,,,,,,,,,,,,,
Q7796,Q97636286,,,,,,,,,,,,,,,,,,,,,,,,,,,,,,,,,,,,,,,,,,,,,
Q7808,Q2713178,,,,,,,,,,,,,,,,,,,,,,,,,,,,,,,,,,,,,,,,,,,,,
Q7812,Q11499944,,,,,,,,,,,,,,,,,,,,,,,,,,,,,,,,,,,,,,,,,,,,,
Q7813,Q108704614,,,,,,,,,,,,,,,,,,,,,,,,,,,,,,,,,,,,,,,,,,,,,
Q7815,Q11560500,,,,,,,,,,,,,,,,,,,,,,,,,,,,,,,,,,,,,,,,,,,,,
Q7818,Q11432352,,,,,,,,,,,,,,,,,,,,,,,,,,,,,,,,,,,,,,,,,,,,,
Q7820,Q97819142,,,,,,,,,,,,,,,,,,,,,,,,,,,,,,,,,,,,,,,,,,,,,
Q7823,Q11585745,,,,,,,,,,,,,,,,,,,,,,,,,,,,,,,,,,,,,,,,,,,,,
Q7831,Q11605004,,,,,,,,,,,,,,,,,,,,,,,,,,,,,,,,,,,,,,,,,,,,,
Q7836,Q11623525,,,,,,,,,,,,,,,,,,,,,,,,,,,,,,,,,,,,,,,,,,,,,
Q7837,Q11623651,,,,,,,,,,,,,,,,,,,,,,,,,,,,,,,,,,,,,,,,,,,,,
Q7838,Q27920753,,,,,,,,,,,,,,,,,,,,,,,,,,,,,,,,,,,,,,,,,,,,,
Q7839,Q21855552,,,,,,,,,,,,,,,,,,,,,,,,,,,,,,,,,,,,,,,,,,,,,
Q7846,Q106220802,,,,,,,,,,,,,,,,,,,,,,,,,,,,,,,,,,,,,,,,,,,,,
Q7858,Q17989850,,,,,,,,,,,,,,,,,,,,,,,,,,,,,,,,,,,,,,,,,,,,,
Q7862,Q22125684,,,,,,,,,,,,,,,,,,,,,,,,,,,,,,,,,,,,,,,,,,,,,
Q7863,Q28688667,,,,,,,,,,,,,,,,,,,,,,,,,,,,,,,,,,,,,,,,,,,,,
Q7865,Q20038575,,,,,,,,,,,,,,,,,,,,,,,,,,,,,,,,,,,,,,,,,,,,,
Q7866,Q11544313,,,,,,,,,,,,,,,,,,,,,,,,,,,,,,,,,,,,,,,,,,,,,
Q7867,Q11544312,,,,,,,,,,,,,,,,,,,,,,,,,,,,,,,,,,,,,,,,,,,,,
Q7868,Q1062686,,,,,,,,,,,,,,,,,,,,,,,,,,,,,,,,,,,,,,,,,,,,,
Q7870,Q11544271,,,,,,,,,,,,,,,,,,,,,,,,,,,,,,,,,,,,,,,,,,,,,
Q7871,Q11544359,,,,,,,,,,,,,,,,,,,,,,,,,,,,,,,,,,,,,,,,,,,,,
Q7876,Q1058216,,,,,,,,,,,,,,,,,,,,,,,,,,,,,,,,,,,,,,,,,,,,,I00523860
Q7878,Q11544309,,,,,,,,,,,,,,,,,,,,,,,,,,,,,,,,,,,,,,,,,,,,,
Q7879,Q11544310,,,,,,,,,,,,,,,,,,,,,,,,,,,,,,,,,,,,,,,,,,,,,
Q7880,Q106087356,,,,,,,,,,,,,,,,,,,,,,,,,,,,,,,,,,,,,,,,,,,,,
Q7883,Q11623595,,,,,,,,,,,,,,,,,,,,,,,,,,,,,,,,,,,,,,,,,,,,,
Q7885,Q106213360,,,,,,,,,,,,,,,,,,,,,,,,,,,,,,,,,,,,,,,,,,,,,
Q7888,Q17212248,,,,,,,,,,,,,,,,,,,,,,,,,,,,,,,,,,,,,,,,,,,,,
Q7889,Q97674245,,,,,,,,,,,,,,,,,,,,,,,,,,,,,,,,,,,,,,,,,,,,,
Q7891,Q17212255,,,,,,,,,,,,,,,,,,,,,,,,,,,,,,,,,,,,,,,,,,,,,
Q7892,Q11623531,,,,,,,,,,,,,,,,,,,,,,,,,,,,,,,,,,,,,,,,,,,,,
Q7895,Q3090616,,,,,,,,,,,,,,,,,,,,,,,,,,,,,,,,,,,,,,,,,,,,,I00523640
Q7897,Q11623425,,,,,,,,,,,,,,,,,,,,,,,,,,,,,,,,,,,,,,,,,,,,,
Q7899,Q11623435,,,,,,,,,,,,,,,,,,,,,,,,,,,,,,,,,,,,,,,,,,,,,
Q7901,Q11623272,,,,,,,,,,,,,,,,,,,,,,,,,,,,,,,,,,,,,,,,,,,,,
Q7906,Q17212354,,,,,,,,,,,,,,,,,,,,,,,,,,,,,,,,,,,,,,,,,,,,,
Q7908,Q106206003,,,,,,,,,,,,,,,,,,,,,,,,,,,,,,,,,,,,,,,,,,,,,
Q7915,Q58420107,,,,,,,,,,,,,,,,,,,,,,,,,,,,,,,,,,,,,,,,,,,,,
Q7916,Q941979,,,,,,,,,,,,,,,,,,,,,,,,,,,,,,,,,,,,,,,,,,,,,
Q7918,Q11580789,,,,,,,,,,,,,,,,,,,,,,,,,,,,,,,,,,,,,,,,,,,,,
Q7919,Q3137722,,,,,,,,,,,,,,,,,,,,,,,,,,,,,,,,,,,,,,,,,,,,,
Q7920,Q11623522,,,,,,,,,,,,,,,,,,,,,,,,,,,,,,,,,,,,,,,,,,,,,
Q7921,Q11623597,,,,,,,,,,,,,,,,,,,,,,,,,,,,,,,,,,,,,,,,,,,,,
Q7922,Q11623593,,,,,,,,,,,,,,,,,,,,,,,,,,,,,,,,,,,,,,,,,,,,,
Q7923,Q11623002,,,,,,,,,,,,,,,,,,,,,,,,,,,,,,,,,,,,,,,,,,,,,
Q7924,Q11623506,,,,,,,,,,,,,,,,,,,,,,,,,,,,,,,,,,,,,,,,,,,,,
Q7927,Q11379118,,,,,,,,,,,,,,,,,,,,,,,,,,,,,,,,,,,,,,,,,,,,,
Q7928,Q106080128,,,,,,,,,,,,,,,,,,,,,,,,,,,,,,,,,,,,,,,,,,,,,
Q7929,Q10514092,,,,,,,,,,,,,,,,,,,,,,,,,,,,,,,,,,,,,,,,,,,,,
Q7930,Q106189066,,,,,,,,,,,,,,,,,,,,,,,,,,,,,,,,,,,,,,,,,,,,,
Q7935,Q48764129,,,,,,,,,,,,,,,,,,,,,,,,,,,,,,,,,,,,,,,,,,,,,
Q7941,Q106247444,,,,,,,,,,,,,,,,,,,,,,,,,,,,,,,,,,,,,,,,,,,,,
Q7951,Q11541388,,,,,,,,,,,,,,,,,,,,,,,,,,,,,,,,,,,,,,,,,,,,,
Q7952,Q11564052,,,,,,,,,,,,,,,,,,,,,,,,,,,,,,,,,,,,,,,,,,,,,
Q7953,Q11564329,,,,,,,,,,,,,,,,,,,,,,,,,,,,,,,,,,,,,,,,,,,,,
Q7955,Q11564071,,,,,,,,,,,,,,,,,,,,,,,,,,,,,,,,,,,,,,,,,,,,,
Q7956,Q11564111,,,,,,,,,,,,,,,,,,,,,,,,,,,,,,,,,,,,,,,,,,,,,
Q7957,Q11564203,,,,,,,,,,,,,,,,,,,,,,,,,,,,,,,,,,,,,,,,,,,,,
Q7958,Q11564028,,,,,,,,,,,,,,,,,,,,,,,,,,,,,,,,,,,,,,,,,,,,,
Q7960,Q6863142,,,,,,,,,,,,,,,,,,,,,,,,,,,,,,,,,,,,,,,,,,,,,
Q7961,Q11564084,,,,,,,,,,,,,,,,,,,,,,,,,,,,,,,,,,,,,,,,,,,,,
Q7962,Q11564058,,,,,,,,,,,,,,,,,,,,,,,,,,,,,,,,,,,,,,,,,,,,,
Q7963,Q11564228,,,,,,,,,,,,,,,,,,,,,,,,,,,,,,,,,,,,,,,,,,,,,
Q7964,Q11564050,,,,,,,,,,,,,,,,,,,,,,,,,,,,,,,,,,,,,,,,,,,,,
Q7966,Q11564025,,,,,,,,,,,,,,,,,,,,,,,,,,,,,,,,,,,,,,,,,,,,,
Q7967,Q10396037,,,,,,,,,,,,,,,,,,,,,,,,,,,,,,,,,,,,,,,,,,,,,
Q7972,Q17214243,,,,,,,,,,,,,,,,,,,,,,,,,,,,,,,,,,,,,,,,,,,,,
Q7975,Q11492198,,,,,,,,,,,,,,,,,,,,,,,,,,,,,,,,,,,,,,,,,,,,,
Q7976,Q11547791,,,,,,,,,,,,,,,,,,,,,,,,,,,,,,,,,,,,,,,,,,,,,
Q7978,Q48781088,,,,,,,,,,,,,,,,,,,,,,,,,,,,,,,,,,,,,,,,,,,,,
Q7985,Q17210218,,,,,,,,,,,,,,,,,,,,,,,,,,,,,,,,,,,,,,,,,,,,,
Q7988,Q11483792,,,,,,,,,,,,,,,,,,,,,,,,,,,,,,,,,,,,,,,,,,,,,
Q7991,Q11483791,,,,,,,,,,,,,,,,,,,,,,,,,,,,,,,,,,,,,,,,,,,,,
Q8003,Q22127266,,,,,,,,,,,,,,,,,,,,,,,,,,,,,,,,,,,,,,,,,,,,,
Q8015,Q11573356,,,,,,,,,,,,,,,,,,,,,,,,,,,,,,,,,,,,,,,,,,,,,I00523789
Q8016,Q1320521,,,,,,,,,,,,,,,,,,,,,,,,,,,,,,,,,,,,,,,,,,,,,
Q8017,Q451991,,,,,,,,,,,,,,,,,,,,,,,,,,,,,,,,,,,,,,,,,,,,,
Q8018,Q24866153,,,,,,,,,,,,,,,,,,,,,,,,,,,,,,,,,,,,,,,,,,,,,
Q8019,Q109328772,,,,,,,,,,,,,,,,,,,,,,,,,,,,,,,,,,,,,,,,,,,,,
Q8021,Q11614407,,,,,,,,,,,,,,,,,,,,,,,,,,,,,,,,,,,,,,,,,,,,,
Q8024,Q1035285,,,,,,,,,,,,,,,,,,,,,,,,,,,,,,,,,,,,,,,,,,,,,
Q8026,Q59134438,,,,,,,,,,,,,,,,,,,,,,,,,,,,,,,,,,,,,,,,,,,,,
Q8031,Q106292128,,,,,,,,,,,,,,,,,,,,,,,,,,,,,,,,,,,,,,,,,,,,,
Q8032,Q108072745,,,,,,,,,,,,,,,,,,,,,,,,,,,,,,,,,,,,,,,,,,,,,
Q8033,Q11623308,,,,,,,,,,,,,,,,,,,,,,,,,,,,,,,,,,,,,,,,,,,,,
Q8034,Q11623430,,,,,,,,,,,,,,,,,,,,,,,,,,,,,,,,,,,,,,,,,,,,,
Q8035,Q11623361,,,,,,,,,,,,,,,,,,,,,,,,,,,,,,,,,,,,,,,,,,,,,
Q8036,Q11623476,,,,,,,,,,,,,,,,,,,,,,,,,,,,,,,,,,,,,,,,,,,,,
Q8037,Q107643077,,,,,,,,,,,,,,,,,,,,,,,,,,,,,,,,,,,,,,,,,,,,,
Q8038,Q15057415,,,,,,,,,,,,,,,,,,,,,,,,,,,,,,,,,,,,,,,,,,,,,
Q8039,Q109352719,,,,,,,,,,,,,,,,,,,,,,,,,,,,,,,,,,,,,,,,,,,,,
Q8040,Q17212368,,,,,,,,,,,,,,,,,,,,,,,,,,,,,,,,,,,,,,,,,,,,,
Q8041,Q11623372,,,,,,,,,,,,,,,,,,,,,,,,,,,,,,,,,,,,,,,,,,,,,
Q8042,Q28690730,,,,,,,,,,,,,,,,,,,,,,,,,,,,,,,,,,,,,,,,,,,,,
Q8044,Q11623530,,,,,,,,,,,,,,,,,,,,,,,,,,,,,,,,,,,,,,,,,,,,,
Q8045,Q17212544,,,,,,,,,,,,,,,,,,,,,,,,,,,,,,,,,,,,,,,,,,,,,
Q8046,Q106239482,,,,,,,,,,,,,,,,,,,,,,,,,,,,,,,,,,,,,,,,,,,,,
Q8047,Q11623557,,,,,,,,,,,,,,,,,,,,,,,,,,,,,,,,,,,,,,,,,,,,,
Q8048,Q11580793,,,,,,,,,,,,,,,,,,,,,,,,,,,,,,,,,,,,,,,,,,,,,
Q8053,Q29410748,,,,,,,,,,,,,,,,,,,,,,,,,,,,,,,,,,,,,,,,,,,,,
Q8055,Q11623311,,,,,,,,,,,,,,,,,,,,,,,,,,,,,,,,,,,,,,,,,,,,,
Q8056,Q11622994,,,,,,,,,,,,,,,,,,,,,,,,,,,,,,,,,,,,,,,,,,,,,
Q8057,Q11622992,,,,,,,,,,,,,,,,,,,,,,,,,,,,,,,,,,,,,,,,,,,,,
Q8058,Q11623484,,,,,,,,,,,,,,,,,,,,,,,,,,,,,,,,,,,,,,,,,,,,,I00523641
Q8059,Q15294114,,,,,,,,,,,,,,,,,,,,,,,,,,,,,,,,,,,,,,,,,,,,,
Q8061,Q17212507,,,,,,,,,,,,,,,,,,,,,,,,,,,,,,,,,,,,,,,,,,,,,
Q8062,Q11623652,,,,,,,,,,,,,,,,,,,,,,,,,,,,,,,,,,,,,,,,,,,,,
Q8066,Q11584755,,,,,,,,,,,,,,,,,,,,,,,,,,,,,,,,,,,,,,,,,,,,,
Q8067,Q11623310,,,,,,,,,,,,,,,,,,,,,,,,,,,,,,,,,,,,,,,,,,,,,
Q8068,Q11623196,,,,,,,,,,,,,,,,,,,,,,,,,,,,,,,,,,,,,,,,,,,,,
Q8071,Q27920745,,,,,,,,,,,,,,,,,,,,,,,,,,,,,,,,,,,,,,,,,,,,,
Q8072,Q11623563,,,,,,,,,,,,,,,,,,,,,,,,,,,,,,,,,,,,,,,,,,,,,
Q8073,Q28691734,,,,,,,,,,,,,,,,,,,,,,,,,,,,,,,,,,,,,,,,,,,,,
Q8075,Q11623104,,,,,,,,,,,,,,,,,,,,,,,,,,,,,,,,,,,,,,,,,,,,,
Q8076,Q11366999,,,,,,,,,,,,,,,,,,,,,,,,,,,,,,,,,,,,,,,,,,,,,
Q8078,Q11622997,,,,,,,,,,,,,,,,,,,,,,,,,,,,,,,,,,,,,,,,,,,,,
Q8079,Q11623015,,,,,,,,,,,,,,,,,,,,,,,,,,,,,,,,,,,,,,,,,,,,,
Q8080,Q11623479,,,,,,,,,,,,,,,,,,,,,,,,,,,,,,,,,,,,,,,,,,,,,
Q8081,Q11623212,,,,,,,,,,,,,,,,,,,,,,,,,,,,,,,,,,,,,,,,,,,,,
Q8091,Q27921250,,,,,,,,,,,,,,,,,,,,,,,,,,,,,,,,,,,,,,,,,,,,,
Q8092,Q11381547,,,,,,,,,,,,,,,,,,,,,,,,,,,,,,,,,,,,,,,,,,,,,
Q8100,Q11424805,,,,,,,,,,,,,,,,,,,,,,,,,,,,,,,,,,,,,,,,,,,,,
Q8101,Q11584760,,,,,,,,,,,,,,,,,,,,,,,,,,,,,,,,,,,,,,,,,,,,,
Q8104,Q17209933,,,,,,,,,,,,,,,,,,,,,,,,,,,,,,,,,,,,,,,,,,,,,
Q8105,Q11605067,,,,,,,,,,,,,,,,,,,,,,,,,,,,,,,,,,,,,,,,,,,,,
Q8106,Q11605125,,,,,,,,,,,,,,,,,,,,,,,,,,,,,,,,,,,,,,,,,,,,,
Q8107,Q106253984,,,,,,,,,,,,,,,,,,,,,,,,,,,,,,,,,,,,,,,,,,,,,
Q8112,Q11583294,,,,,,,,,,,,,,,,,,,,,,,,,,,,,,,,,,,,,,,,,,,,,
Q8113,Q18234922,,,,,,,,,,,,,,,,,,,,,,,,,,,,,,,,,,,,,,,,,,,,,
Q8114,Q106236776,,,,,,,,,,,,,,,,,,,,,,,,,,,,,,,,,,,,,,,,,,,,,
Q8115,Q11623214,,,,,,,,,,,,,,,,,,,,,,,,,,,,,,,,,,,,,,,,,,,,,
Q8116,Q98734415,,,,,,,,,,,,,,,,,,,,,,,,,,,,,,,,,,,,,,,,,,,,,
Q8117,Q99517121,,,,,,,,,,,,,,,,,,,,,,,,,,,,,,,,,,,,,,,,,,,,,
Q8118,Q27920754,,,,,,,,,,,,,,,,,,,,,,,,,,,,,,,,,,,,,,,,,,,,,
Q8124,Q11432360,,,,,,,,,,,,,,,,,,,,,,,,,,,,,,,,,,,,,,,,,,,,,
Q8125,Q17989856,,,,,,,,,,,,,,,,,,,,,,,,,,,,,,,,,,,,,,,,,,,,,
Q8127,Q22125941,,,,,,,,,,,,,,,,,,,,,,,,,,,,,,,,,,,,,,,,,,,,,
Q8129,Q11604631,,,,,,,,,,,,,,,,,,,,,,,,,,,,,,,,,,,,,,,,,,,,,
Q8131,Q29410977,,,,,,,,,,,,,,,,,,,,,,,,,,,,,,,,,,,,,,,,,,,,,
Q8132,Q106330117,,,,,,,,,,,,,,,,,,,,,,,,,,,,,,,,,,,,,,,,,,,,,
Q8133,Q11544232,,,,,,,,,,,,,,,,,,,,,,,,,,,,,,,,,,,,,,,,,,,,,
Q8134,Q11544185,,,,,,,,,,,,,,,,,,,,,,,,,,,,,,,,,,,,,,,,,,,,,
Q8135,Q11544315,,,,,,,,,,,,,,,,,,,,,,,,,,,,,,,,,,,,,,,,,,,,,
Q8136,Q110564789,,,,,,,,,,,,,,,,,,,,,,,,,,,,,,,,,,,,,,,,,,,,,
Q8138,Q11513769,,,,,,,,,,,,,,,,,,,,,,,,,,,,,,,,,,,,,,,,,,,,,
Q8140,Q11623360,,,,,,,,,,,,,,,,,,,,,,,,,,,,,,,,,,,,,,,,,,,,,
Q8141,Q17211021,,,,,,,,,,,,,,,,,,,,,,,,,,,,,,,,,,,,,,,,,,,,,
Q8142,Q20041238,,,,,,,,,,,,,,,,,,,,,,,,,,,,,,,,,,,,,,,,,,,,,
Q8143,Q11544270,,,,,,,,,,,,,,,,,,,,,,,,,,,,,,,,,,,,,,,,,,,,,
Q8144,Q20041237,,,,,,,,,,,,,,,,,,,,,,,,,,,,,,,,,,,,,,,,,,,,,
Q8146,Q11544277,,,,,,,,,,,,,,,,,,,,,,,,,,,,,,,,,,,,,,,,,,,,,
Q8147,Q11544263,,,,,,,,,,,,,,,,,,,,,,,,,,,,,,,,,,,,,,,,,,,,,
Q8148,Q11544337,,,,,,,,,,,,,,,,,,,,,,,,,,,,,,,,,,,,,,,,,,,,,
Q8150,Q106238464,,,,,,,,,,,,,,,,,,,,,,,,,,,,,,,,,,,,,,,,,,,,,
Q8151,Q106238466,,,,,,,,,,,,,,,,,,,,,,,,,,,,,,,,,,,,,,,,,,,,,
Q8153,Q18233599,,,,,,,,,,,,,,,,,,,,,,,,,,,,,,,,,,,,,,,,,,,,,
Q8155,Q106690787,,,,,,,,,,,,,,,,,,,,,,,,,,,,,,,,,,,,,,,,,,,,,
Q8156,Q17230099,,,,,,,,,,,,,,,,,,,,,,,,,,,,,,,,,,,,,,,,,,,,,
Q8157,Q11623369,,,,,,,,,,,,,,,,,,,,,,,,,,,,,,,,,,,,,,,,,,,,,I00523801
Q8158,Q11623418,,,,,,,,,,,,,,,,,,,,,,,,,,,,,,,,,,,,,,,,,,,,,
Q8162,Q479788,,,,,,,,,,,,,,,,,,,,,,,,,,,,,,,,,,,,,,,,,,,,,
Q8163,Q11450325,,,,,,,,,,,,,,,,,,,,,,,,,,,,,,,,,,,,,,,,,,,,,
Q8165,Q106235179,,,,,,,,,,,,,,,,,,,,,,,,,,,,,,,,,,,,,,,,,,,,,
Q8167,Q960841,,,,,,,,,,,,,,,,,,,,,,,,,,,812227,,,,,,,,,,,,,,,,,,
Q8168,Q667119,,,,,,,,,,,,,,,,,,,,,,,,,,,,,,,,,,,,,,,,,,,,,I00523642
Q8169,Q11623503,,,,,,,,,,,,,,,,,,,,,,,,,,,,,,,,,,,,,,,,,,,,,
Q8170,Q11623507,,,,,,,,,,,,,,,,,,,,,,,,,,,,,,,,,,,,,,,,,,,,,
Q8171,Q11623640,,,,,,,,,,,,,,,,,,,,,,,,,,,,,,,,,,,,,,,,,,,,,
Q8172,Q11623498,,,,,,,,,,,,,,,,,,,,,,,,,,,,,,,,,,,,,,,,,,,,,
Q8173,Q11623502,,,,,,,,,,,,,,,,,,,,,,,,,,,,,,,,,,,,,,,,,,,,,
Q8174,Q5507548,,,,,,,,,,,,,,,,,,,,,,,,,,,812419,,,,,,,,,,,,,,,,,,
Q8175,Q11623500,,,,,,,,,,,,,,,,,,,,,,,,,,,,,,,,,,,,,,,,,,,,,
Q8176,Q106237987,,,,,,,,,,,,,,,,,,,,,,,,,,,,,,,,,,,,,,,,,,,,,
Q8178,Q111360665,,,,,,,,,,,,,,,,,,,,,,,,,,,,,,,,,,,,,,,,,,,,,
Q8179,Q11623389,,,,,,,,,,,,,,,,,,,,,,,,,,,,,,,,,,,,,,,,,,,,,
Q8180,Q11623315,,,,,,,,,,,,,,,,,,,,,,,,,,,,,,,,,,,,,,,,,,,,,
Q8181,Q11623624,,,,,,,,,,,,,,,,,,,,,,,,,,,,,,,,,,,,,,,,,,,,,
Q8183,Q106254303,,,,,,,,,,,,,,,,,,,,,,,,,,,,,,,,,,,,,,,,,,,,,
Q8189,Q11623552,,,,,,,,,,,,,,,,,,,,,,,,,,,,,,,,,,,,,,,,,,,,,
Q8190,Q28690951,,,,,,,,,,,,,,,,,,,,,,,,,,,,,,,,,,,,,,,,,,,,,
Q8191,Q97162843,,,,,,,,,,,,,,,,,,,,,,,,,,,,,,,,,,,,,,,,,,,,,
Q8192,Q105711253,,,,,,,,,,,,,,,,,,,,,,,,,,,,,,,,,,,,,,,,,,,,,
Q8193,Q17212271,,,,,,,,,,,,,,,,,,,,,,,,,,,,,,,,,,,,,,,,,,,,,
Q8195,Q28691017,,,,,,,,,,,,,,,,,,,,,,,,,,,,,,,,,,,,,,,,,,,,,
Q8197,Q11623111,,,,,,,,,,,,,,,,,,,,,,,,,,,,,,,,,,,,,,,,,,,,,
Q8198,Q11623574,,,,,,,,,,,,,,,,,,,,,,,,,,,,,,,,,,,,,,,,,,,,,
Q8199,Q11623157,,,,,,,,,,,,,,,,,,,,,,,,,,,,,,,,,,,,,,,,,,,,,
Q8200,Q479775,,,,,,,,,,,,,,,,,,,,,,,,,,,,,,,,,,,,,,,,,,,,,
Q8202,Q17191696,,,,,,,,,,,,,,,,,,,,,,,,,,,,,,,,,,,,,,,,,,,,,
Q8203,Q17996358,,,,,,,,,,,,,,,,,,,,,,,,,,,,,,,,,,,,,,,,,,,,,
Q8204,Q24874908,,,,,,,,,,,,,,,,,,,,,,,,,,,,,,,,,,,,,,,,,,,,,
Q8209,Q100453655,,,,,,,,,,,,,,,,,,,,,,,,,,,,,,,,,,,,,,,,,,,,,
Q8211,Q11424782,,,,,,,,,,,,,,,,,,,,,,,,,,,,,,,,,,,,,,,,,,,,,
Q8212,Q11424802,,,,,,,,,,,,,,,,,,,,,,,,,,,,,,,,,,,,,,,,,,,,,
Q8213,Q11424800,,,,,,,,,,,,,,,,,,,,,,,,,,,,,,,,,,,,,,,,,,,,,
Q8217,Q11580794,,,,,,,,,,,,,,,,,,,,,,,,,,,,,,,,,,,,,,,,,,,,,
Q8220,Q106292305,,,,,,,,,,,,,,,,,,,,,,,,,,,,,,,,,,,,,,,,,,,,,
Q8221,Q5507547,,,,,,,,,,,,,,,,,,,,,,,,,,,,,,,,,,,,,,,,,,,,,
Q8222,Q11623365,,,,,,,,,,,,,,,,,,,,,,,,,,,,,,,,,,,,,,,,,,,,,
Q8223,Q11623233,,,,,,,,,,,,,,,,,,,,,,,,,,,,,,,,,,,,,,,,,,,,,
Q8225,Q11623366,,,,,,,,,,,,,,,,,,,,,,,,,,,,,,,,,,,,,,,,,,,,,
Q8226,Q22127195,,,,,,,,,,,,,,,,,,,,,,,,,,,,,,,,,,,,,,,,,,,,,
Q8227,Q11623565,,,,,,,,,,,,,,,,,,,,,,,,,,,,,,,,,,,,,,,,,,,,,
Q8228,Q106244133,,,,,,,,,,,,,,,,,,,,,,,,,,,,,,,,,,,,,,,,,,,,,
Q8233,Q18700497,,,,,,,,,,,,,,,,,,,,,,,,,,,,,,,,,,,,,,,,,,,,,
Q8234,Q18700490,,,,,,,,,,,,,,,,,,,,,,,,,,,,,,,,,,,,,,,,,,,,,
Q8237,Q17501663,,,,,,,,,,,,,,,,,,,,,,,,,,,,,,,,,,,,,,,,,,,,,
Q8238,Q41699317,,,,,,,,,,,,,,,,,,,,,,,,,,,,,,,,,,,,,,,,,,,,,
Q8240,Q105711280,,,,,,,,,,,,,,,,,,,,,,,,,,,,,,,,,,,,,,,,,,,,,
Q8241,Q106239239,,,,,,,,,,,,,,,,,,,,,,,,,,,,,,,,,,,,,,,,,,,,,
Q8244,Q110332311,,,,,,,,,,,,,,,,,,,,,,,,,,,,,,,,,,,,,,,,,,,,,
Q8247,Q357225,,,,,,,,,,,,,,,,,,,,,,,,,,,812223,,,,,,,,,,,,,,,,,,I00719950
Q8256,Q11582751,,,,,,,,,,,,,,,,,,,,,,,,,,,,,,,,,,,,,,,,,,,,,
Q8259,Q17225976,,,,,,,,,,,,,,,,,,,,,,,,,,,,,,,,,,,,,,,,,,,,,
Q8261,Q17214087,,,,,,,,,,,,,,,,,,,,,,,,,,,,,,,,,,,,,,,,,,,,,
Q8262,Q11563999,,,,,,,,,,,,,,,,,,,,,,,,,,,,,,,,,,,,,,,,,,,,,
Q8263,Q17214118,,,,,,,,,,,,,,,,,,,,,,,,,,,,,,,,,,,,,,,,,,,,,
Q8264,Q17214017,,,,,,,,,,,,,,,,,,,,,,,,,,,,,,,,,,,,,,,,,,,,,
Q8265,Q11564024,,,,,,,,,,,,,,,,,,,,,,,,,,,,,,,,,,,,,,,,,,,,,
Q8268,Q17214167,,,,,,,,,,,,,,,,,,,,,,,,,,,,,,,,,,,,,,,,,,,,,
Q8277,Q47470212,,,,,,,,,,,,,,,,,,,,,,,,,,,,,,,,,,,,,,,,,,,,,
Q8279,Q48759019,,,,,,,,,,,,,,,,,,,,,,,,,,,,,,,,,,,,,,,,,,,,,
Q8286,Q11564211,,,,,,,,,,,,,,,,,,,,,,,,,,,,,,,,,,,,,,,,,,,,,
Q8287,Q11564109,,,,,,,,,,,,,,,,,,,,,,,,,,,,,,,,,,,,,,,,,,,,,
Q8288,Q11623306,,,,,,,,,,,,,,,,,,,,,,,,,,,,,,,,,,,,,,,,,,,,,I00719951
Q8291,Q106240464,,,,,,,,,,,,,,,,,,,,,,,,,,,,,,,,,,,,,,,,,,,,,
Q8292,Q106292545,,,,,,,,,,,,,,,,,,,,,,,,,,,,,,,,,,,,,,,,,,,,,
Q8293,Q11482785,,,,,,,,,,,,,,,,,,,,,,,,,,,,,,,,,,,,,,,,,,,,,
Q8296,Q11482382,,,,,,,,,,,,,,,,,,,,,,,,,,,,,,,,,,,,,,,,,,,,,
Q8301,Q106322797,,,,,,,,,,,,,,,,,,,,,,,,,,,,,,,,,,,,,,,,,,,,,
Q8303,Q11483518,,,,,,,,,,,,,,,,,,,,,,,,,,,,,,,,,,,,,,,,,,,,,
Q8304,Q11482285,,,,,,,,,,,,,,,,,,,,,,,,,,,,,,,,,,,,,,,,,,,,,
Q8305,Q11483523,,,,,,,,,,,,,,,,,,,,,,,,,,,,,,,,,,,,,,,,,,,,,
Q8306,Q17996196,,,,,,,,,,,,,,,,,,,,,,,,,,,,,,,,,,,,,,,,,,,,,
Q8307,Q11483528,,,,,,,,,,,,,,,,,,,,,,,,,,,,,,,,,,,,,,,,,,,,,
Q8315,Q83208851,,,,,,,,,,,,,,,,,,,,,,,,,,,,,,,,,,,,,,,,,,,,,
Q8317,Q106286987,,,,,,,,,,,,,,,,,,,,,,,,,,,,,,,,,,,,,,,,,,,,,
Q8318,Q11482372,,,,,,,,,,,,,,,,,,,,,,,,,,,,,,,,,,,,,,,,,,,,,
Q8320,Q106290888,,,,,,,,,,,,,,,,,,,,,,,,,,,,,,,,,,,,,,,,,,,,,
Q8321,Q349267,,,,,,,,,,,,,,,,,,,,,,,,,,,485610,,,,,,,,,,,,,,,,,,I00523790
Q8324,Q56060046,,,,,,,,,,,,,,,,,,,,,,,,,,,,,,,,,,,,,,,,,,,,,
Q8331,Q106240814,,,,,,,,,,,,,,,,,,,,,,,,,,,,,,,,,,,,,,,,,,,,,
Q8332,Q106256421,,,,,,,,,,,,,,,,,,,,,,,,,,,,,,,,,,,,,,,,,,,,,
Q8333,Q782047,,,,,,,,,,,,,,,,,,,,,,,,,,,,,,,,,,,,,,,,,,,,,
Q8334,Q9159635,,,,,,,,,,,,,,,,,,,,,,,,,,,,,,,,,,,,,,,,,,,,,
Q8335,Q106423531,,,,,,,,,,,,,,,,,,,,,,,,,,,,,,,,,,,,,,,,,,,,,
Q8336,Q11673207,,,,,,,,,,,,,,,,,,,,,,,,,,,,,,,,,,,,,,,,,,,,,
Q8338,Q1858218,,,,,,,,,,,,,,,,,,,,,,,,,,,,,,,,,,,,,,,,,,,,,
Q8342,Q11634938,,,,,,,,,,,,,,,,,,,,,,,,,,,,,,,,,,,,,,,,,,,,,
Q8343,Q110064302,,,,,,,,,,,,,,,,,,,,,,,,,,,,,,,,,,,,,,,,,,,,,
Q8345,Q30936578,,,,,,,,,,,,,,,,,,,,,,,,,,,,,,,,,,,,,,,,,,,,,
Q8346,Q60987040,,,,,,,,,,,,,,,,,,,,,,,,,,,,,,,,,,,,,,,,,,,,,
Q8347,Q11623349,,,,,,,,,,,,,,,,,,,,,,,,,,,,,,,,,,,,,,,,,,,,,
Q8350,Q106214012,,,,,,,,,,,,,,,,,,,,,,,,,,,,,,,,,,,,,,,,,,,,,I00523643
Q8351,Q15057412,,,,,,,,,,,,,,,,,,,,,,,,,,,,,,,,,,,,,,,,,,,,,
Q8354,Q109749884,,,,,,,,,,,,,,,,,,,,,,,,,,,,,,,,,,,,,,,,,,,,,
Q8356,Q106253888,,,,,,,,,,,,,,,,,,,,,,,,,,,,,,,,,,,,,,,,,,,,,
Q8357,Q11623367,,,,,,,,,,,,,,,,,,,,,,,,,,,,,,,,,,,,,,,,,,,,,
Q8358,Q50641369,,,,,,,,,,,,,,,,,,,,,,,,,,,,,,,,,,,,,,,,,,,,,
Q8359,Q11623560,,,,,,,,,,,,,,,,,,,,,,,,,,,,,,,,,,,,,,,,,,,,,
Q8360,Q30924848,,,,,,,,,,,,,,,,,,,,,,,,,,,,,,,,,,,,,,,,,,,,,
Q8361,Q11623501,,,,,,,,,,,,,,,,,,,,,,,,,,,,,,,,,,,,,,,,,,,,,
Q8362,Q119528965,,,,,,,,,,,,,,,,,,,,,,,,,,,,,,,,,,,,,,,,,,,,,
Q8363,Q20207169,,,,,,,,,,,,,,,,,,,,,,,,,,,,,,,,,,,,,,,,,,,,,
Q8364,Q11623217,,,,,,,,,,,,,,,,,,,,,,,,,,,,,,,,,,,,,,,,,,,,,
Q8365,Q22126710,,,,,,,,,,,,,,,,,,,,,,,,,,,,,,,,,,,,,,,,,,,,,
Q8368,Q11623336,,,,,,,,,,,,,,,,,,,,,,,,,,,,,,,,,,,,,,,,,,,,,
Q8372,Q11623204,,,,,,,,,,,,,,,,,,,,,,,,,,,,,,,,,,,,,,,,,,,,,
Q8374,Q22126612,,,,,,,,,,,,,,,,,,,,,,,,,,,,,,,,,,,,,,,,,,,,,
Q8376,Q119574395,,,,,,,,,,,,,,,,,,,,,,,,,,,,,,,,,,,,,,,,,,,,,
Q8378,Q11623044,,,,,,,,,,,,,,,,,,,,,,,,,,,,,,,,,,,,,,,,,,,,,
Q8379,Q10514086,,,,,,,,,,,,,,,,,,,,,,,,,,,,,,,,,,,,,,,,,,,,,
Q8382,Q11623509,,,,,,,,,,,,,,,,,,,,,,,,,,,,,,,,,,,,,,,,,,,,,
Q8383,Q11486942,,,,,,,,,,,,,,,,,,,,,,,,,,,,,,,,,,,,,,,,,,,,,
Q8385,Q11623520,,,,,,,,,,,,,,,,,,,,,,,,,,,,,,,,,,,,,,,,,,,,,
Q8394,Q380818,,,,,,,,,,,,,,,,,,,,,,,,,,,,,,,,,,,,,,,,,,,,,
Q8399,Q1092686,,,,,,,,,,,,,,,,,,,,,,,,,,,,,,,,,,,,,,,,,,,,,
Q8400,Q106272247,,,,,,,,,,,,,,,,,,,,,,,,,,,,,,,,,,,,,,,,,,,,,
Q8407,Q431535,,,,,,,,,,,,,,,,,,,,,,,,,,,,,,,,,,,,,,,,,,,,,
Q8408,Q24869824,,,,,,,,,,,,,,,,,,,,,,,,,,,,,,,,,,,,,,,,,,,,,
Q8409,Q106407701,,,,,,,,,,,,,,,,,,,,,,,,,,,,,,,,,,,,,,,,,,,,,
Q8410,Q2720494,,,,,,,,,,,,,,,,,,,,,,,,,,,805036,,,,,,,,,,,,,,,,,,
Q8414,Q11623077,,,,,,,,,,,,,,,,,,,,,,,,,,,,,,,,,,,,,,,,,,,,,
Q8415,Q11623000,,,,,,,,,,,,,,,,,,,,,,,,,,,,,,,,,,,,,,,,,,,,,
Q8416,Q17216499,,,,,,,,,,,,,,,,,,,,,,,,,,,,,,,,,,,,,,,,,,,,,
Q8417,Q106237081,,,,,,,,,,,,,,,,,,,,,,,,,,,,,,,,,,,,,,,,,,,,,
Q8418,Q106252710,,,,,,,,,,,,,,,,,,,,,,,,,,,,,,,,,,,,,,,,,,,,,
Q8420,Q106293021,,,,,,,,,,,,,,,,,,,,,,,,,,,,,,,,,,,,,,,,,,,,,
Q8421,Q106339767,,,,,,,,,,,,,,,,,,,,,,,,,,,,,,,,,,,,,,,,,,,,,
Q8422,Q106339938,,,,,,,,,,,,,,,,,,,,,,,,,,,,,,,,,,,,,,,,,,,,,
Q8423,Q3090673,,,,,,,,,,,,,,,,,,,,,,,,,,,,,,,,,,,,,,,,,,,,,
Q8428,Q11381523,,,,,,,,,,,,,,,,,,,,,,,,,,,,,,,,,,,,,,,,,,,,,
Q8430,Q11464035,,,,,,,,,,,,,,,,,,,,,,,,,,,,,,,,,,,,,,,,,,,,,
Q8431,Q11464220,,,,,,,,,,,,,,,,,,,,,,,,,,,,,,,,,,,,,,,,,,,,,
Q8432,Q7820079,,,,,,,,,,,,,,,,,,,,,,,,,,,,,,,,,,,,,,,,,,,,,
Q8435,Q11623553,,,,,,,,,,,,,,,,,,,,,,,,,,,,,,,,,,,,,,,,,,,,,
Q8436,Q22127271,,,,,,,,,,,,,,,,,,,,,,,,,,,,,,,,,,,,,,,,,,,,,
Q8437,Q17229093,,,,,,,,,,,,,,,,,,,,,,,,,,,,,,,,,,,,,,,,,,,,,
Q8438,Q11544348,,,,,,,,,,,,,,,,,,,,,,,,,,,,,,,,,,,,,,,,,,,,,
Q8440,Q110564795,,,,,,,,,,,,,,,,,,,,,,,,,,,,,,,,,,,,,,,,,,,,,
Q8441,Q11544274,,,,,,,,,,,,,,,,,,,,,,,,,,,,,,,,,,,,,,,,,,,,,
Q8443,Q106241885,,,,,,,,,,,,,,,,,,,,,,,,,,,,,,,,,,,,,,,,,,,,,
Q8444,Q108805307,,,,,,,,,,,,,,,,,,,,,,,,,,,,,,,,,,,,,,,,,,,,,
Q8445,Q11623332,,,,,,,,,,,,,,,,,,,,,,,,,,,,,,,,,,,,,,,,,,,,,
Q8447,Q17230095,,,,,,,,,,,,,,,,,,,,,,,,,,,,,,,,,,,,,,,,,,,,,
Q8448,Q11623334,,,,,,,,,,,,,,,,,,,,,,,,,,,,,,,,,,,,,,,,,,,,,
Q8449,Q11623588,,,,,,,,,,,,,,,,,,,,,,,,,,,,,,,,,,,,,,,,,,,,,
Q8451,Q106306621,,,,,,,,,,,,,,,,,,,,,,,,,,,,,,,,,,,,,,,,,,,,,
Q8455,Q1397196,,,,,,,,,,,,,,,,,,,,,,,,,,,974281|810155,,,,,,,,,,,,,,,,,,I00523644
Q8456,Q15292903,,,,,,,,,,,,,,,,,,,,,,,,,,,,,,,,,,,,,,,,,,,,,
Q8457,Q11623598,,,,,,,,,,,,,,,,,,,,,,,,,,,,,,,,,,,,,,,,,,,,,
Q8458,Q11623653,,,,,,,,,,,,,,,,,,,,,,,,,,,,,,,,,,,,,,,,,,,,,
Q8459,Q11623244,,,,,,,,,,,,,,,,,,,,,,,,,,,,,,,,,,,,,,,,,,,,,
Q8460,Q11623384,,,,,,,,,,,,,,,,,,,,,,,,,,,,,,,,,,,,,,,,,,,,,
Q8461,Q127411,,,,,,,,,,,,,,,,,,,,,,,,,,,,,,,,,,,,,,,,,,,,,I00719949
Q8462,Q11623376,,,,,,,,,,,,,,,,,,,,,,,,,,,,,,,,,,,,,,,,,,,,,
Q8465,Q11623235,,,,,,,,,,,,,,,,,,,,,,,,,,,,,,,,,,,,,,,,,,,,,
Q8466,Q17224666,,,,,,,,,,,,,,,,,,,,,,,,,,,,,,,,,,,,,,,,,,,,,
Q8467,Q11623132,,,,,,,,,,,,,,,,,,,,,,,,,,,,,,,,,,,,,,,,,,,,,
Q8468,Q24862971,,,,,,,,,,,,,,,,,,,,,,,,,,,,,,,,,,,,,,,,,,,,,
Q8469,Q106238069,,,,,,,,,,,,,,,,,,,,,,,,,,,,,,,,,,,,,,,,,,,,,
Q8471,Q11623266,,,,,,,,,,,,,,,,,,,,,,,,,,,,,,,,,,,,,,,,,,,,,
Q8473,Q106606924,,,,,,,,,,,,,,,,,,,,,,,,,,,,,,,,,,,,,,,,,,,,,
Q8474,Q11623089,,,,,,,,,,,,,,,,,,,,,,,,,,,,,,,,,,,,,,,,,,,,,
Q8475,Q5507544,,,,,,,,,,,,,,,,,,,,,,,,,,,812428,,,,,,,,,,,,,,,,,,
Q8477,Q11623330,,,,,,,,,,,,,,,,,,,,,,,,,,,,,,,,,,,,,,,,,,,,,
Q8479,Q11623190,,,,,,,,,,,,,,,,,,,,,,,,,,,,,,,,,,,,,,,,,,,,,
Q8480,Q18339154,,,,,,,,,,,,,,,,,,,,,,,,,,,,,,,,,,,,,,,,,,,,,
Q8482,Q106240486,,,,,,,,,,,,,,,,,,,,,,,,,,,,,,,,,,,,,,,,,,,,,
Q8485,Q11657241,,,,,,,,,,,,,,,,,,,,,,,,,,,,,,,,,,,,,,,,,,,,,
Q8486,Q28687747,,,,,,,,,,,,,,,,,,,,,,,,,,,,,,,,,,,,,,,,,,,,,
Q8487,Q11450338,,,,,,,,,,,,,,,,,,,,,,,,,,,,,,,,,,,,,,,,,,,,,
Q8497,Q7961005,,,,,,,,,,,,,,,,,,,,,,,,,,,,,,,,,,,,,,,,,,,,,
Q8502,Q3076491,,,,,,,,,,,,,,,,,,,,,,,,,,,,,,,,,,,,,,,,,,,,,
Q8505,Q30937872,,,,,,,,,,,,,,,,,,,,,,,,,,,,,,,,,,,,,,,,,,,,,
Q8508,Q96714069,,,,,,,,,,,,,,,,,,,,,,,,,,,,,,,,,,,,,,,,,,,,,
Q8514,Q109016299,,,,,,,,,,,,,,,,,,,,,,,,,,,,,,,,,,,,,,,,,,,,,
Q8515,Q11673218,,,,,,,,,,,,,,,,,,,,,,,,,,,,,,,,,,,,,,,,,,,,,
Q8516,Q106242525,,,,,,,,,,,,,,,,,,,,,,,,,,,,,,,,,,,,,,,,,,,,,
Q8517,Q11564997,,,,,,,,,,,,,,,,,,,,,,,,,,,,,,,,,,,,,,,,,,,,,
Q8519,Q106239313,,,,,,,,,,,,,,,,,,,,,,,,,,,,,,,,,,,,,,,,,,,,,
Q8520,Q17230096,,,,,,,,,,,,,,,,,,,,,,,,,,,,,,,,,,,,,,,,,,,,,
Q8525,Q106240654,,,,,,,,,,,,,,,,,,,,,,,,,,,,,,,,,,,,,,,,,,,,,
Q8526,Q349243,,,,,,,,,,,,,,,,,,,,,,,,,,,,,,,,,,,,,,,,,,,,,I00719948
Q8531,Q11564289,,,,,,,,,,,,,,,,,,,,,,,,,,,,,,,,,,,,,,,,,,,,,
Q8532,Q11564302,,,,,,,,,,,,,,,,,,,,,,,,,,,,,,,,,,,,,,,,,,,,,
Q8534,Q45830813,,,,,,,,,,,,,,,,,,,,,,,,,,,,,,,,,,,,,,,,,,,,,
Q8535,Q92682623,,,,,,,,,,,,,,,,,,,,,,,,,,,,,,,,,,,,,,,,,,,,,
Q8536,Q17214080,,,,,,,,,,,,,,,,,,,,,,,,,,,,,,,,,,,,,,,,,,,,,
Q8537,Q106236169,,,,,,,,,,,,,,,,,,,,,,,,,,,,,,,,,,,,,,,,,,,,,
Q8538,Q17225474,,,,,,,,,,,,,,,,,,,,,,,,,,,,,,,,,,,,,,,,,,,,,
Q8539,Q106237295,,,,,,,,,,,,,,,,,,,,,,,,,,,,,,,,,,,,,,,,,,,,,
Q8540,Q106237458,,,,,,,,,,,,,,,,,,,,,,,,,,,,,,,,,,,,,,,,,,,,,
Q8542,Q106244269,,,,,,,,,,,,,,,,,,,,,,,,,,,,,,,,,,,,,,,,,,,,,
Q8544,Q11564110,,,,,,,,,,,,,,,,,,,,,,,,,,,,,,,,,,,,,,,,,,,,,
Q8546,Q11564314,,,,,,,,,,,,,,,,,,,,,,,,,,,,,,,,,,,,,,,,,,,,,
Q8547,Q11564309,,,,,,,,,,,,,,,,,,,,,,,,,,,,,,,,,,,,,,,,,,,,,
Q8548,Q11564115,,,,,,,,,,,,,,,,,,,,,,,,,,,,,,,,,,,,,,,,,,,,,
Q8549,Q14269031,,,,,,,,,,,,,,,,,,,,,,,,,,,,,,,,,,,,,,,,,,,,,
Q8550,Q11564340,,,,,,,,,,,,,,,,,,,,,,,,,,,,,,,,,,,,,,,,,,,,,
Q8551,Q17214059,,,,,,,,,,,,,,,,,,,,,,,,,,,,,,,,,,,,,,,,,,,,,
Q8552,Q97162326,,,,,,,,,,,,,,,,,,,,,,,,,,,,,,,,,,,,,,,,,,,,,
Q8553,Q92924532,,,,,,,,,,,,,,,,,,,,,,,,,,,,,,,,,,,,,,,,,,,,,
Q8554,Q106304871,,,,,,,,,,,,,,,,,,,,,,,,,,,,,,,,,,,,,,,,,,,,,
Q8556,Q110450311,,,,,,,,,,,,,,,,,,,,,,,,,,,,,,,,,,,,,,,,,,,,,
Q8557,Q110450353,,,,,,,,,,,,,,,,,,,,,,,,,,,,,,,,,,,,,,,,,,,,,
Q8558,Q11564295,,,,,,,,,,,,,,,,,,,,,,,,,,,,,,,,,,,,,,,,,,,,,
Q8559,Q17214024,,,,,,,,,,,,,,,,,,,,,,,,,,,,,,,,,,,,,,,,,,,,,
Q8563,Q11564319,,,,,,,,,,,,,,,,,,,,,,,,,,,,,,,,,,,,,,,,,,,,,
Q8564,Q17214125,,,,,,,,,,,,,,,,,,,,,,,,,,,,,,,,,,,,,,,,,,,,,
Q8566,Q11486323,,,,,,,,,,,,,,,,,,,,,,,,,,,,,,,,,,,,,,,,,,,,,
Q8569,Q3403331,,,,,,,,,,,,,,,,,,,,,,,,,,,,,,,,,,,,,,,,,,,,,
Q8572,Q106645111,,,,,,,,,,,,,,,,,,,,,,,,,,,,,,,,,,,,,,,,,,,,,
Q8574,Q106268717,,,,,,,,,,,,,,,,,,,,,,,,,,,,,,,,,,,,,,,,,,,,,
Q8575,Q11563988,,,,,,,,,,,,,,,,,,,,,,,,,,,,,,,,,,,,,,,,,,,,,
Q8576,Q106269195,,,,,,,,,,,,,,,,,,,,,,,,,,,,,,,,,,,,,,,,,,,,,
Q8579,Q11595792,,,,,,,,,,,,,,,,,,,,,,,,,,,,,,,,,,,,,,,,,,,,,
Q8582,Q2364746,,,,,,,,,,,,,,,,,,,,,,,,,,,,,,,,,,,,,,,,,,,,,
Q8583,Q106255578,,,,,,,,,,,,,,,,,,,,,,,,,,,,,,,,,,,,,,,,,,,,,
Q8585,Q11564116,,,,,,,,,,,,,,,,,,,,,,,,,,,,,,,,,,,,,,,,,,,,,
Q8588,Q106255990,,,,,,,,,,,,,,,,,,,,,,,,,,,,,,,,,,,,,,,,,,,,,
Q8589,Q106266175,,,,,,,,,,,,,,,,,,,,,,,,,,,,,,,,,,,,,,,,,,,,,
Q8591,Q11623080,,,,,,,,,,,,,,,,,,,,,,,,,,,,,,,,,,,,,,,,,,,,,
Q8592,Q8765805,,,,,,,,,,,,,,,,,,,,,,,,,,,,,,,,,,,,,,,,,,,,,
Q8593,Q11483026,,,,,,,,,,,,,,,,,,,,,,,,,,,,,,,,,,,,,,,,,,,,,
Q8595,Q24874094,,,,,,,,,,,,,,,,,,,,,,,,,,,,,,,,,,,,,,,,,,,,,
Q8597,Q110910697,,,,,,,,,,,,,,,,,,,,,,,,,,,,,,,,,,,,,,,,,,,,,
Q8599,Q11482093,,,,,,,,,,,,,,,,,,,,,,,,,,,,,,,,,,,,,,,,,,,,,
Q8600,Q106413506,,,,,,,,,,,,,,,,,,,,,,,,,,,,,,,,,,,,,,,,,,,,,
Q8601,Q106413531,,,,,,,,,,,,,,,,,,,,,,,,,,,,,,,,,,,,,,,,,,,,,
Q8602,Q3514057,,,,,,,,,,,,,,,,,,,,,,,,,,,,,,,,,,,,,,,,,,,,,
Q8603,Q11483490,,,,,,,,,,,,,,,,,,,,,,,,,,,,,,,,,,,,,,,,,,,,,
Q8604,Q1207652,,,,,,,,,,,,,,,,,,,,,,,,,,,,,,,,,,,,,,,,,,,,,
Q8605,Q11482438,,,,,,,,,,,,,,,,,,,,,,,,,,,,,,,,,,,,,,,,,,,,,
Q8606,Q11482430,,,,,,,,,,,,,,,,,,,,,,,,,,,,,,,,,,,,,,,,,,,,,
Q8607,Q11482434,,,,,,,,,,,,,,,,,,,,,,,,,,,,,,,,,,,,,,,,,,,,,
Q8608,Q11482433,,,,,,,,,,,,,,,,,,,,,,,,,,,,,,,,,,,,,,,,,,,,,
Q8609,Q11482783,,,,,,,,,,,,,,,,,,,,,,,,,,,,,,,,,,,,,,,,,,,,,
Q8610,Q11482776,,,,,,,,,,,,,,,,,,,,,,,,,,,,,,,,,,,,,,,,,,,,,
Q8613,Q11482781,,,,,,,,,,,,,,,,,,,,,,,,,,,,,,,,,,,,,,,,,,,,,
Q8617,Q11623392,,,,,,,,,,,,,,,,,,,,,,,,,,,,,,,,,,,,,,,,,,,,,
Q8618,Q106413108,,,,,,,,,,,,,,,,,,,,,,,,,,,,,,,,,,,,,,,,,,,,,
Q8619,Q110219984,,,,,,,,,,,,,,,,,,,,,,,,,,,,,,,,,,,,,,,,,,,,,
Q8620,Q11544210,,,,,,,,,,,,,,,,,,,,,,,,,,,,,,,,,,,,,,,,,,,,,
Q8622,Q2880795,,,,,,,,,,,,,,,,,,,,,,,,,,,,,,,,,,,,,,,,,,,,,
Q8623,Q106306716,,,,,,,,,,,,,,,,,,,,,,,,,,,,,,,,,,,,,,,,,,,,,
Q8624,Q11623101,,,,,,,,,,,,,,,,,,,,,,,,,,,,,,,,,,,,,,,,,,,,,
Q8625,Q11623488,,,,,,,,,,,,,,,,,,,,,,,,,,,,,,,,,,,,,,,,,,,,,I00523791
Q8626,Q11544346,,,,,,,,,,,,,,,,,,,,,,,,,,,,,,,,,,,,,,,,,,,,,
Q8627,Q106235511,,,,,,,,,,,,,,,,,,,,,,,,,,,,,,,,,,,,,,,,,,,,,
Q8628,Q106291146,,,,,,,,,,,,,,,,,,,,,,,,,,,,,,,,,,,,,,,,,,,,,
Q8630,Q272077,,,,,,,,,,,,,,,,,,,,,,,,,,,,,,,,,,,,,,,,,,,,,
Q8632,Q329753,,,,,,,,,,,,,,,,,,,,,,,,,,,485608,,,,,,,,,,,,,,,,,,I00523792
Q8636,Q17191458,,,,,,,,,,,,,,,,,,,,,,,,,,,,,,,,,,,,,,,,,,,,,
Q8637,Q17991044,,,,,,,,,,,,,,,,,,,,,,,,,,,,,,,,,,,,,,,,,,,,,
Q8638,Q94605840,,,,,,,,,,,,,,,,,,,,,,,,,,,,,,,,,,,,,,,,,,,,,
Q8645,Q11564207,,,,,,,,,,,,,,,,,,,,,,,,,,,,,,,,,,,,,,,,,,,,,
Q8646,Q17214213,,,,,,,,,,,,,,,,,,,,,,,,,,,,,,,,,,,,,,,,,,,,,
Q8647,Q2983100,,,,,,,,,,,,,,,,,,,,,,,,,,,,,,,,,,,,,,,,,,,,,
Q8653,Q2861450,,,,,,,,,,,,,,,,,,,,,,,,,,,,,,,,,,,,,,,,,,,,,
Q8654,Q106256480,,,,,,,,,,,,,,,,,,,,,,,,,,,,,,,,,,,,,,,,,,,,,
Q8655,Q11262391,,,,,,,,,,,,,,,,,,,,,,,,,,,,,,,,,,,,,,,,,,,,,
Q8656,Q11623386,,,,,,,,,,,,,,,,,,,,,,,,,,,,,,,,,,,,,,,,,,,,,
Q8657,Q106433170,,,,,,,,,,,,,,,,,,,,,,,,,,,,,,,,,,,,,,,,,,,,,
Q8658,Q106423301,,,,,,,,,,,,,,,,,,,,,,,,,,,,,,,,,,,,,,,,,,,,,
Q8660,Q6358935,,,,,,,,,,,,,,,,,,,,,,,,,,,,,,,,,,,,,,,,,,,,,
Q8661,Q9383388,,,,,,,,,,,,,,,,,,,,,,,,,,,,,,,,,,,,,,,,,,,,,
Q8663,Q110064495,,,,,,,,,,,,,,,,,,,,,,,,,,,,,,,,,,,,,,,,,,,,,
Q8666,Q1136623,,,,,,,,,,,,,,,,,,,,,,,,,,,,,,,,,,,,,,,,,,,,,
Q8668,Q11623518,,,,,,,,,,,,,,,,,,,,,,,,,,,,,,,,,,,,,,,,,,,,,
Q8669,Q17212487,,,,,,,,,,,,,,,,,,,,,,,,,,,,,,,,,,,,,,,,,,,,,
Q8670,Q18165445,,,,,,,,,,,,,,,,,,,,,,,,,,,,,,,,,,,,,,,,,,,,,
Q8671,Q106254195,,,,,,,,,,,,,,,,,,,,,,,,,,,,,,,,,,,,,,,,,,,,,
Q8672,Q11623468,,,,,,,,,,,,,,,,,,,,,,,,,,,,,,,,,,,,,,,,,,,,,
Q8673,Q106254548,,,,,,,,,,,,,,,,,,,,,,,,,,,,,,,,,,,,,,,,,,,,,
Q8674,Q106242182,,,,,,,,,,,,,,,,,,,,,,,,,,,,,,,,,,,,,,,,,,,,,
Q8675,Q1139928,,,,,,,,,,,,,,,,,,,,,,,,,,,,,,,,,,,,,,,,,,,,,
Q8676,Q79733770,,,,,,,,,,,,,,,,,,,,,,,,,,,,,,,,,,,,,,,,,,,,,
Q8677,Q106268507,,,,,,,,,,,,,,,,,,,,,,,,,,,,,,,,,,,,,,,,,,,,,
Q8678,Q11623591,,,,,,,,,,,,,,,,,,,,,,,,,,,,,,,,,,,,,,,,,,,,,
Q8680,Q2714781,,,,,,,,,,,,,,,,,,,,,,,,,,,,,,,,,,,,,,,,,,,,,
Q8681,Q106241683,,,,,,,,,,,,,,,,,,,,,,,,,,,,,,,,,,,,,,,,,,,,,
Q8682,Q11623027,,,,,,,,,,,,,,,,,,,,,,,,,,,,,,,,,,,,,,,,,,,,,
Q8685,Q3090663,,,,,,,,,,,,,,,,,,,,,,,,,,,,,,,,,,,,,,,,,,,,,
Q8687,Q17229354,,,,,,,,,,,,,,,,,,,,,,,,,,,,,,,,,,,,,,,,,,,,,
Q8689,Q66480252,,,,,,,,,,,,,,,,,,,,,,,,,,,,,,,,,,,,,,,,,,,,,
Q8690,Q468288,,,,,,,,,,,,,,,,,,,,,,,,,,,,,,,,,,,,,,,,,,,,,
Q8694,Q106272407,,,,,,,,,,,,,,,,,,,,,,,,,,,,,,,,,,,,,,,,,,,,,
Q8695,Q106272437,,,,,,,,,,,,,,,,,,,,,,,,,,,,,,,,,,,,,,,,,,,,,
Q8697,Q11623025,,,,,,,,,,,,,,,,,,,,,,,,,,,,,,,,,,,,,,,,,,,,,
Q8698,Q106700748,,,,,,,,,,,,,,,,,,,,,,,,,,,,,,,,,,,,,,,,,,,,,
Q8701,Q106305065,,,,,,,,,,,,,,,,,,,,,,,,,,,,,,,,,,,,,,,,,,,,,
Q8702,Q106357021,,,,,,,,,,,,,,,,,,,,,,,,,,,,,,,,,,,,,,,,,,,,,
Q8703,Q11623154,,,,,,,,,,,,,,,,,,,,,,,,,,,,,,,,,,,,,,,,,,,,,
Q8704,Q11623317,,,,,,,,,,,,,,,,,,,,,,,,,,,,,,,,,,,,,,,,,,,,,I00523650
Q8705,Q106357094,,,,,,,,,,,,,,,,,,,,,,,,,,,,,,,,,,,,,,,,,,,,,
Q8707,Q2594239,,,,,,,,,,,,,,,,,,,,,,,,,,,,,,,,,,,,,,,,,,,,,
Q8708,Q2598268,,,,,,,,,,,,,,,,,,,,,,,,,,,812431,,,,,,,,,,,,,,,,,,
Q8709,Q11623341,,,,,,,,,,,,,,,,,,,,,,,,,,,,,,,,,,,,,,,,,,,,,
Q8710,Q15043477,,,,,,,,,,,,,,,,,,,,,,,,,,,,,,,,,,,,,,,,,,,,,
Q8711,Q106255247,,,,,,,,,,,,,,,,,,,,,,,,,,,,,,,,,,,,,,,,,,,,,
Q8712,Q106255407,,,,,,,,,,,,,,,,,,,,,,,,,,,,,,,,,,,,,,,,,,,,,
Q8713,Q11623120,,,,,,,,,,,,,,,,,,,,,,,,,,,,,,,,,,,,,,,,,,,,,
Q8714,Q106306666,,,,,,,,,,,,,,,,,,,,,,,,,,,,,,,,,,,,,,,,,,,,,
Q8715,Q11623152,,,,,,,,,,,,,,,,,,,,,,,,,,,,,,,,,,,,,,,,,,,,,
Q8716,Q106293039,,,,,,,,,,,,,,,,,,,,,,,,,,,,,,,,,,,,,,,,,,,,,
Q8717,Q17230693,,,,,,,,,,,,,,,,,,,,,,,,,,,,,,,,,,,,,,,,,,,,,
Q8718,Q11623247,,,,,,,,,,,,,,,,,,,,,,,,,,,,,,,,,,,,,,,,,,,,,
Q8719,Q22126967,,,,,,,,,,,,,,,,,,,,,,,,,,,,,,,,,,,,,,,,,,,,,
Q8720,Q106592178,,,,,,,,,,,,,,,,,,,,,,,,,,,,,,,,,,,,,,,,,,,,,
Q8721,Q24875943,,,,,,,,,,,,,,,,,,,,,,,,,,,,,,,,,,,,,,,,,,,,,
Q8722,Q45828676,,,,,,,,,,,,,,,,,,,,,,,,,,,,,,,,,,,,,,,,,,,,,
Q8723,Q45828670,,,,,,,,,,,,,,,,,,,,,,,,,,,,,,,,,,,,,,,,,,,,,
Q8724,Q11464105,,,,,,,,,,,,,,,,,,,,,,,,,,,,,,,,,,,,,,,,,,,,,
Q8728,Q108881608,,,,,,,,,,,,,,,,,,,,,,,,,,,,,,,,,,,,,,,,,,,,,
Q8730,Q110380029,,,,,,,,,,,,,,,,,,,,,,,,,,,,,,,,,,,,,,,,,,,,,
Q8731,Q106271777,,,,,,,,,,,,,,,,,,,,,,,,,,,,,,,,,,,,,,,,,,,,,
Q8732,Q106271910,,,,,,,,,,,,,,,,,,,,,,,,,,,,,,,,,,,,,,,,,,,,,
Q8734,Q11544325,,,,,,,,,,,,,,,,,,,,,,,,,,,,,,,,,,,,,,,,,,,,,
Q8737,Q110564799,,,,,,,,,,,,,,,,,,,,,,,,,,,,,,,,,,,,,,,,,,,,,
Q8739,Q106384241,,,,,,,,,,,,,,,,,,,,,,,,,,,,,,,,,,,,,,,,,,,,,
Q8740,Q11623036,,,,,,,,,,,,,,,,,,,,,,,,,,,,,,,,,,,,,,,,,,,,,
Q8741,Q11623028,,,,,,,,,,,,,,,,,,,,,,,,,,,,,,,,,,,,,,,,,,,,,
Q8742,Q11450332,,,,,,,,,,,,,,,,,,,,,,,,,,,,,,,,,,,,,,,,,,,,,
Q8743,Q2994735,,,,,,,,,,,,,,,,,,,,,,,,,,,810158,,,,,,,,,,,,,,,,,,
Q8744,Q3090646,,,,,,,,,,,,,,,,,,,,,,,,,,,810160,,,,,,,,,,,,,,,,,,
Q8745,Q1397601,,,,,,,,,,,,,,,,,,,,,,,,,,,810140|974280,,,,,,,,,,,,,,,,,,I00523646
Q8747,Q106236124,,,,,,,,,,,,,,,,,,,,,,,,,,,,,,,,,,,,,,,,,,,,,
Q8748,Q106236157,,,,,,,,,,,,,,,,,,,,,,,,,,,,,,,,,,,,,,,,,,,,,
Q8750,Q106242297,,,,,,,,,,,,,,,,,,,,,,,,,,,,,,,,,,,,,,,,,,,,,
Q8751,Q28687240,,,,,,,,,,,,,,,,,,,,,,,,,,,,,,,,,,,,,,,,,,,,,
Q8752,Q11623255,,,,,,,,,,,,,,,,,,,,,,,,,,,,,,,,,,,,,,,,,,,,,
Q8756,Q17212324,,,,,,,,,,,,,,,,,,,,,,,,,,,,,,,,,,,,,,,,,,,,,
Q8757,Q11623060,,,,,,,,,,,,,,,,,,,,,,,,,,,,,,,,,,,,,,,,,,,,,
Q8761,Q106451533,,,,,,,,,,,,,,,,,,,,,,,,,,,,,,,,,,,,,,,,,,,,,
Q8763,Q11623333,,,,,,,,,,,,,,,,,,,,,,,,,,,,,,,,,,,,,,,,,,,,,
Q8764,Q11623277,,,,,,,,,,,,,,,,,,,,,,,,,,,,,,,,,,,,,,,,,,,,,
Q8765,Q110992651,,,,,,,,,,,,,,,,,,,,,,,,,,,,,,,,,,,,,,,,,,,,,
Q8766,Q106255377,,,,,,,,,,,,,,,,,,,,,,,,,,,,,,,,,,,,,,,,,,,,,
Q8769,Q1473290,,,,,,,,,,,,,,,,,,,,,,,,,,,812423,,,,,,,,,,,,,,,,,,
Q8770,Q65262138,,,,,,,,,,,,,,,,,,,,,,,,,,,,,,,,,,,,,,,,,,,,,
Q8771,Q11623168,,,,,,,,,,,,,,,,,,,,,,,,,,,,,,,,,,,,,,,,,,,,,
Q8773,Q106254575,,,,,,,,,,,,,,,,,,,,,,,,,,,,,,,,,,,,,,,,,,,,,
Q8774,Q11623286,,,,,,,,,,,,,,,,,,,,,,,,,,,,,,,,,,,,,,,,,,,,,
Q8775,Q24874160,,,,,,,,,,,,,,,,,,,,,,,,,,,,,,,,,,,,,,,,,,,,,
Q8776,Q17191695,,,,,,,,,,,,,,,,,,,,,,,,,,,,,,,,,,,,,,,,,,,,,
Q8779,Q10921594,,,,,,,,,,,,,,,,,,,,,,,,,,,,,,,,,,,,,,,,,,,,,
Q8781,Q11417735,,,,,,,,,,,,,,,,,,,,,,,,,,,,,,,,,,,,,,,,,,,,,
Q8782,Q11417724,,,,,,,,,,,,,,,,,,,,,,,,,,,,,,,,,,,,,,,,,,,,,
Q8788,Q106298093,,,,,,,,,,,,,,,,,,,,,,,,,,,,,,,,,,,,,,,,,,,,,
Q8795,Q11564996,,,,,,,,,,,,,,,,,,,,,,,,,,,,,,,,,,,,,,,,,,,,,
Q8796,Q11564026,,,,,,,,,,,,,,,,,,,,,,,,,,,,,,,,,,,,,,,,,,,,,
Q8797,Q17230452,,,,,,,,,,,,,,,,,,,,,,,,,,,,,,,,,,,,,,,,,,,,,
Q8799,Q108909404,,,,,,,,,,,,,,,,,,,,,,,,,,,,,,,,,,,,,,,,,,,,,
Q8804,Q88726468,,,,,,,,,,,,,,,,,,,,,,,,,,,,,,,,,,,,,,,,,,,,,
Q8805,Q110380855,,,,,,,,,,,,,,,,,,,,,,,,,,,,,,,,,,,,,,,,,,,,,
Q8809,Q106242324,,,,,,,,,,,,,,,,,,,,,,,,,,,,,,,,,,,,,,,,,,,,,I00523647
Q8811,Q11564085,,,,,,,,,,,,,,,,,,,,,,,,,,,,,,,,,,,,,,,,,,,,,
Q8812,Q15720343,,,,,,,,,,,,,,,,,,,,,,,,,,,,,,,,,,,,,,,,,,,,,
Q8813,Q106285882,,,,,,,,,,,,,,,,,,,,,,,,,,,,,,,,,,,,,,,,,,,,,
Q8815,Q119923861,,,,,,,,,,,,,,,,,,,,,,,,,,,,,,,,,,,,,,,,,,,,,
Q8816,Q11632551,,,,,,,,,,,,,,,,,,,,,,,,,,,,,,,,,,,,,,,,,,,,,
Q8817,Q11619187,,,,,,,,,,,,,,,,,,,,,,,,,,,,,,,,,,,,,,,,,,,,,
Q8826,Q1378455,,,,,,,,,,,,,,,,,,,,,,,,,,,810141,,,,,,,,,,,,,,,,,,
Q8827,Q3072199,,,,,,,,,,,,,,,,,,,,,,,,,,,,,,,,,,,,,,,,,,,,,
Q8830,Q11482760,,,,,,,,,,,,,,,,,,,,,,,,,,,,,,,,,,,,,,,,,,,,,
Q8831,Q15838910,,,,,,,,,,,,,,,,,,,,,,,,,,,,,,,,,,,,,,,,,,,,,
Q8832,Q17212384,,,,,,,,,,,,,,,,,,,,,,,,,,,,,,,,,,,,,,,,,,,,,
Q8833,Q2598306,,,,,,,,,,,,,,,,,,,,,,,,,,,,,,,,,,,,,,,,,,,,,
Q8836,Q11619229,,,,,,,,,,,,,,,,,,,,,,,,,,,,,,,,,,,,,,,,,,,,,
Q8837,Q11619170,,,,,,,,,,,,,,,,,,,,,,,,,,,,,,,,,,,,,,,,,,,,,
Q8839,Q106305710,,,,,,,,,,,,,,,,,,,,,,,,,,,,,,,,,,,,,,,,,,,,,
Q8844,Q11564373,,,,,,,,,,,,,,,,,,,,,,,,,,,,,,,,,,,,,,,,,,,,,
Q8845,Q11564017,,,,,,,,,,,,,,,,,,,,,,,,,,,,,,,,,,,,,,,,,,,,,
Q8848,Q11564104,,,,,,,,,,,,,,,,,,,,,,,,,,,,,,,,,,,,,,,,,,,,,
Q8849,Q106338268,,,,,,,,,,,,,,,,,,,,,,,,,,,,,,,,,,,,,,,,,,,,,
Q8851,Q11623645,,,,,,,,,,,,,,,,,,,,,,,,,,,,,,,,,,,,,,,,,,,,,
Q8853,Q17230446,,,,,,,,,,,,,,,,,,,,,,,,,,,,,,,,,,,,,,,,,,,,,
Q8858,Q106292633,,,,,,,,,,,,,,,,,,,,,,,,,,,,,,,,,,,,,,,,,,,,,
Q8859,Q48746049,,,,,,,,,,,,,,,,,,,,,,,,,,,,,,,,,,,,,,,,,,,,,
Q8860,Q106353280,,,,,,,,,,,,,,,,,,,,,,,,,,,,,,,,,,,,,,,,,,,,,
Q8861,Q106386259,,,,,,,,,,,,,,,,,,,,,,,,,,,,,,,,,,,,,,,,,,,,,
Q8864,Q11564308,,,,,,,,,,,,,,,,,,,,,,,,,,,,,,,,,,,,,,,,,,,,,
Q8865,Q11483505,,,,,,,,,,,,,,,,,,,,,,,,,,,,,,,,,,,,,,,,,,,,,
Q8871,Q11483489,,,,,,,,,,,,,,,,,,,,,,,,,,,,,,,,,,,,,,,,,,,,,
Q8872,Q106413601,,,,,,,,,,,,,,,,,,,,,,,,,,,,,,,,,,,,,,,,,,,,,
Q8873,Q11482094,,,,,,,,,,,,,,,,,,,,,,,,,,,,,,,,,,,,,,,,,,,,,
Q8874,Q11483486,,,,,,,,,,,,,,,,,,,,,,,,,,,,,,,,,,,,,,,,,,,,,
Q8875,Q106589970,,,,,,,,,,,,,,,,,,,,,,,,,,,,,,,,,,,,,,,,,,,,,
Q8876,Q106588781,,,,,,,,,,,,,,,,,,,,,,,,,,,,,,,,,,,,,,,,,,,,,
Q8877,Q17213784,,,,,,,,,,,,,,,,,,,,,,,,,,,,,,,,,,,,,,,,,,,,,
Q8878,Q11482431,,,,,,,,,,,,,,,,,,,,,,,,,,,,,,,,,,,,,,,,,,,,,
Q8879,Q11483534,,,,,,,,,,,,,,,,,,,,,,,,,,,,,,,,,,,,,,,,,,,,,
Q8881,Q11565096,,,,,,,,,,,,,,,,,,,,,,,,,,,,,,,,,,,,,,,,,,,,,
Q8882,Q1105844,,,,,,,,,,,,,,,,,,,,,,,,,,,,,,,,,,,,,,,,,,,,,
Q8883,Q11482432,,,,,,,,,,,,,,,,,,,,,,,,,,,,,,,,,,,,,,,,,,,,,
Q8884,Q11665010,,,,,,,,,,,,,,,,,,,,,,,,,,,,,,,,,,,,,,,,,,,,,
Q8886,Q7902253,,,,,,,,,,,,,,,,,,,,,,,,,,,,,,,,,,,,,,,,,,,,,
Q8888,Q11423854,,,,,,,,,,,,,,,,,,,,,,,,,,,,,,,,,,,,,,,,,,,,,
Q8891,Q11356504,,,,,,,,,,,,,,,,,,,,,,,,,,,,,,,,,,,,,,,,,,,,,
Q8892,Q11650940,,,,,,,,,,,,,,,,,,,,,,,,,,,,,,,,,,,,,,,,,,,,,
Q8897,Q11650927,,,,,,,,,,,,,,,,,,,,,,,,,,,,,,,,,,,,,,,,,,,,,
Q8898,Q11483150,,,,,,,,,,,,,,,,,,,,,,,,,,,,,,,,,,,,,,,,,,,,,
Q8901,Q17211055,,,,,,,,,,,,,,,,,,,,,,,,,,,,,,,,,,,,,,,,,,,,,
Q8902,Q110583737,,,,,,,,,,,,,,,,,,,,,,,,,,,,,,,,,,,,,,,,,,,,,
Q8903,Q110583759,,,,,,,,,,,,,,,,,,,,,,,,,,,,,,,,,,,,,,,,,,,,,
Q8904,Q110583767,,,,,,,,,,,,,,,,,,,,,,,,,,,,,,,,,,,,,,,,,,,,,
Q8905,Q11544285,,,,,,,,,,,,,,,,,,,,,,,,,,,,,,,,,,,,,,,,,,,,,
Q8906,Q3099236,,,,,,,,,,,,,,,,,,,,,,,,,,,814212,,,,,,,,,,,,,,,,,,
Q8909,Q106595889,,,,,,,,,,,,,,,,,,,,,,,,,,,,,,,,,,,,,,,,,,,,,
Q8910,Q106697945,,,,,,,,,,,,,,,,,,,,,,,,,,,,,,,,,,,,,,,,,,,,,
Q8911,Q382005,,,,,,,,,,,,,,,,,,,,,,,,,,,,,,,,,,,,,,,,,,,,,
Q8912,Q11476895,,,,,,,,,,,,,,,,,,,,,,,,,,,,,,,,,,,,,,,,,,,,,
Q8913,Q460152,,,,,,,,,,,,,,,,,,,,,,,,,,,,,,,,,,,,,,,,,,,,,
Q8914,Q106254783,,,,,,,,,,,,,,,,,,,,,,,,,,,,,,,,,,,,,,,,,,,,,
Q8916,Q106271708,,,,,,,,,,,,,,,,,,,,,,,,,,,,,,,,,,,,,,,,,,,,,
Q8919,Q108055990,,,,,,,,,,,,,,,,,,,,,,,,,,,,,,,,,,,,,,,,,,,,,
Q8923,Q361019,,,,,,,,,,,,,,,,,,,,,,,,,,,,,,,,,,,,,,,,,,,,,I00719946
Q8924,Q374015,,,,,,,,,,,,,,,,,,,,,,,,,,,485606,,,,,,,,,,,,,,,,,,I00523794
Q8932,Q11564292,,,,,,,,,,,,,,,,,,,,,,,,,,,,,,,,,,,,,,,,,,,,,
Q8936,Q97754556,,,,,,,,,,,,,,,,,,,,,,,,,,,,,,,,,,,,,,,,,,,,,
Q8937,Q97754555,,,,,,,,,,,,,,,,,,,,,,,,,,,,,,,,,,,,,,,,,,,,,
Q8939,Q106304060,,,,,,,,,,,,,,,,,,,,,,,,,,,,,,,,,,,,,,,,,,,,,
Q8940,Q3314711,,,,,,,,,,,,,,,,,,,,,,,,,,,,,,,,,,,,,,,,,,,,,
Q8941,Q11564321,,,,,,,,,,,,,,,,,,,,,,,,,,,,,,,,,,,,,,,,,,,,,
Q8944,Q106262862,,,,,,,,,,,,,,,,,,,,,,,,,,,,,,,,,,,,,,,,,,,,,
Q8945,Q11564298,,,,,,,,,,,,,,,,,,,,,,,,,,,,,,,,,,,,,,,,,,,,,
Q8946,Q17214282,,,,,,,,,,,,,,,,,,,,,,,,,,,,,,,,,,,,,,,,,,,,,
Q8947,Q17230450,,,,,,,,,,,,,,,,,,,,,,,,,,,,,,,,,,,,,,,,,,,,,
Q8950,Q24866572,,,,,,,,,,,,,,,,,,,,,,,,,,,,,,,,,,,,,,,,,,,,,
Q8951,Q17230448,,,,,,,,,,,,,,,,,,,,,,,,,,,,,,,,,,,,,,,,,,,,,
Q8953,Q106296392,,,,,,,,,,,,,,,,,,,,,,,,,,,,,,,,,,,,,,,,,,,,,
Q8955,Q110408047,,,,,,,,,,,,,,,,,,,,,,,,,,,,,,,,,,,,,,,,,,,,,
Q8956,Q11564208,,,,,,,,,,,,,,,,,,,,,,,,,,,,,,,,,,,,,,,,,,,,,
Q8957,Q88726587,,,,,,,,,,,,,,,,,,,,,,,,,,,,,,,,,,,,,,,,,,,,,
Q8960,Q11673209,,,,,,,,,,,,,,,,,,,,,,,,,,,,,,,,,,,,,,,,,,,,,
Q8961,Q11673210,,,,,,,,,,,,,,,,,,,,,,,,,,,,,,,,,,,,,,,,,,,,,
Q8963,Q3192467,,,,,,,,,,,,,,,,,,,,,,,,,,,,,,,,,,,,,,,,,,,,,
Q8967,Q11623097,,,,,,,,,,,,,,,,,,,,,,,,,,,,,,,,,,,,,,,,,,,,,
Q8968,Q11623100,,,,,,,,,,,,,,,,,,,,,,,,,,,,,,,,,,,,,,,,,,,,,
Q8969,Q108124520,,,,,,,,,,,,,,,,,,,,,,,,,,,,,,,,,,,,,,,,,,,,,
Q8970,Q30119663,,,,,,,,,,,,,,,,,,,,,,,,,,,,,,,,,,,,,,,,,,,,,
Q8971,Q106270817,,,,,,,,,,,,,,,,,,,,,,,,,,,,,,,,,,,,,,,,,,,,,
Q8972,Q11623062,,,,,,,,,,,,,,,,,,,,,,,,,,,,,,,,,,,,,,,,,,,,,
Q8973,Q66365108,,,,,,,,,,,,,,,,,,,,,,,,,,,,,,,,,,,,,,,,,,,,,
Q8974,Q108046104,,,,,,,,,,,,,,,,,,,,,,,,,,,,,,,,,,,,,,,,,,,,,
Q8975,Q13368464,,,,,,,,,,,,,,,,,,,,,,,,,,,,,,,,,,,,,,,,,,,,,
Q8977,Q17212232,,,,,,,,,,,,,,,,,,,,,,,,,,,,,,,,,,,,,,,,,,,,,
Q8978,Q106407931,,,,,,,,,,,,,,,,,,,,,,,,,,,,,,,,,,,,,,,,,,,,,
Q8979,Q97496344,,,,,,,,,,,,,,,,,,,,,,,,,,,,,,,,,,,,,,,,,,,,,
Q8983,Q24866402,,,,,,,,,,,,,,,,,,,,,,,,,,,,,,,,,,,,,,,,,,,,,
Q8984,Q108936419,,,,,,,,,,,,,,,,,,,,,,,,,,,,,,,,,,,,,,,,,,,,,
Q8985,Q17212479,,,,,,,,,,,,,,,,,,,,,,,,,,,,,,,,,,,,,,,,,,,,,
Q8988,Q106272046,,,,,,,,,,,,,,,,,,,,,,,,,,,,,,,,,,,,,,,,,,,,,
Q8989,Q106305246,,,,,,,,,,,,,,,,,,,,,,,,,,,,,,,,,,,,,,,,,,,,,
Q8990,Q106305373,,,,,,,,,,,,,,,,,,,,,,,,,,,,,,,,,,,,,,,,,,,,,
Q8992,Q108936436,,,,,,,,,,,,,,,,,,,,,,,,,,,,,,,,,,,,,,,,,,,,,
Q8993,Q22126734,,,,,,,,,,,,,,,,,,,,,,,,,,,,,,,,,,,,,,,,,,,,,
Q8995,Q108936366,,,,,,,,,,,,,,,,,,,,,,,,,,,,,,,,,,,,,,,,,,,,,
Q8996,Q3196291,,,,,,,,,,,,,,,,,,,,,,,,,,,,,,,,,,,,,,,,,,,,,
Q8999,Q11479774,,,,,,,,,,,,,,,,,,,,,,,,,,,,,,,,,,,,,,,,,,,,,
Q9001,Q85883157,,,,,,,,,,,,,,,,,,,,,,,,,,,,,,,,,,,,,,,,,,,,,
Q9002,Q28689825,,,,,,,,,,,,,,,,,,,,,,,,,,,,,,,,,,,,,,,,,,,,,
Q9004,Q11438726,,,,,,,,,,,,,,,,,,,,,,,,,,,,,,,,,,,,,,,,,,,,,
Q9008,Q11623394,,,,,,,,,,,,,,,,,,,,,,,,,,,,,,,,,,,,,,,,,,,,,
Q9009,Q11623626,,,,,,,,,,,,,,,,,,,,,,,,,,,,,,,,,,,,,,,,,,,,,
Q9010,Q106305475,,,,,,,,,,,,,,,,,,,,,,,,,,,,,,,,,,,,,,,,,,,,,
Q9011,Q108920629,,,,,,,,,,,,,,,,,,,,,,,,,,,,,,,,,,,,,,,,,,,,,
Q9014,Q124483482,,,,,,,,,,,,,,,,,,,,,,,,,,,,,,,,,,,,,,,,,,,,,
Q9015,Q1321703,,,,,,,,,,,,,,,,,,,,,,,,,,,974276|808516,,,,,,,,,,,,,,,,,,I00523649
Q9016,Q583698,,,,,,,,,,,,,,,,,,,,,,,,,,,,,,,,,,,,,,,,,,,,,
Q9017,Q366253,,,,,,,,,,,,,,,,,,,,,,,,,,,,,,,,,,,,,,,,,,,,,
Q9018,Q433133,,,,,,,,,,,,,,,,,,,,,,,,,,,808515|974273,,,,,,,,,,,,,,,,,,I00523651
Q9022,Q3090638,,,,,,,,,,,,,,,,,,,,,,,,,,,,,,,,,,,,,,,,,,,,,
Q9023,Q11668966,,,,,,,,,,,,,,,,,,,,,,,,,,,,,,,,,,,,,,,,,,,,,
Q9024,Q106255699,,,,,,,,,,,,,,,,,,,,,,,,,,,,,,,,,,,,,,,,,,,,,
Q9025,Q106255925,,,,,,,,,,,,,,,,,,,,,,,,,,,,,,,,,,,,,,,,,,,,,
Q9029,Q110372019,,,,,,,,,,,,,,,,,,,,,,,,,,,,,,,,,,,,,,,,,,,,,
Q9030,Q11623441,,,,,,,,,,,,,,,,,,,,,,,,,,,,,,,,,,,,,,,,,,,,,
Q9031,Q86744413,,,,,,,,,,,,,,,,,,,,,,,,,,,,,,,,,,,,,,,,,,,,,
Q9032,Q106352916,,,,,,,,,,,,,,,,,,,,,,,,,,,,,,,,,,,,,,,,,,,,,
Q9034,Q106307002,,,,,,,,,,,,,,,,,,,,,,,,,,,,,,,,,,,,,,,,,,,,,
Q9035,Q11623396,,,,,,,,,,,,,,,,,,,,,,,,,,,,,,,,,,,,,,,,,,,,,
Q9036,Q11564322,,,,,,,,,,,,,,,,,,,,,,,,,,,,,,,,,,,,,,,,,,,,,
Q9037,Q11563993,,,,,,,,,,,,,,,,,,,,,,,,,,,,,,,,,,,,,,,,,,,,,
Q9038,Q17214196,,,,,,,,,,,,,,,,,,,,,,,,,,,,,,,,,,,,,,,,,,,,,
Q9042,Q3090632,,,,,,,,,,,,,,,,,,,,,,,,,,,,,,,,,,,,,,,,,,,,,
Q9043,Q11623398,,,,,,,,,,,,,,,,,,,,,,,,,,,820537,,,,,,,,,,,,,,,,,,
Q9044,Q759338,,,,,,,,,,,,,,,,,,,,,,,,,,,820534,,,,,,,,,,,,,,,,,Fujiwara-1,
Q9045,Q109955578,,,,,,,,,,,,,,,,,,,,,,,,,,,,,,,,,,,,,,,,,,,,,
Q9046,Q11623115,,,,,,,,,,,,,,,,,,,,,,,,,,,,,,,,,,,,,,,,,,,,,
Q9047,Q106264717,,,,,,,,,,,,,,,,,,,,,,,,,,,,,,,,,,,,,,,,,,,,,
Q9048,Q106306733,,,,,,,,,,,,,,,,,,,,,,,,,,,,,,,,,,,,,,,,,,,,,
Q9049,Q11623252,,,,,,,,,,,,,,,,,,,,,,,,,,,,,,,,,,,,,,,,,,,,,
Q9050,Q11623481,,,,,,,,,,,,,,,,,,,,,,,,,,,,,,,,,,,,,,,,,,,,,
Q9051,Q17212423,,,,,,,,,,,,,,,,,,,,,,,,,,,,,,,,,,,,,,,,,,,,,
Q9052,Q17212451,,,,,,,,,,,,,,,,,,,,,,,,,,,,,,,,,,,,,,,,,,,,,
Q9055,Q106337595,,,,,,,,,,,,,,,,,,,,,,,,,,,,,,,,,,,,,,,,,,,,,
Q9056,Q11623625,,,,,,,,,,,,,,,,,,,,,,,,,,,,,,,,,,,,,,,,,,,,,
Q9057,Q90864441,,,,,,,,,,,,,,,,,,,,,,,,,,,,,,,,,,,,,,,,,,,,,
Q9060,Q24875376,,,,,,,,,,,,,,,,,,,,,,,,,,,,,,,,,,,,,,,,,,,,,
Q9061,Q106384327,,,,,,,,,,,,,,,,,,,,,,,,,,,,,,,,,,,,,,,,,,,,,
Q9062,Q11623319,,,,,,,,,,,,,,,,,,,,,,,,,,,,,,,,,,,,,,,,,,,,,
Q9063,Q11450290,,,,,,,,,,,,,,,,,,,,,,,,,,,,,,,,,,,,,,,,,,,,,
Q9064,Q28688456,,,,,,,,,,,,,,,,,,,,,,,,,,,,,,,,,,,,,,,,,,,,,
Q9068,Q106338883,,,,,,,,,,,,,,,,,,,,,,,,,,,,,,,,,,,,,,,,,,,,,
Q9070,Q325207,,,,,,,,,,,,,,,,,,,,,,,,,,,808786|974279,,,,,,,,,,,,,,,,,,I00523648
Q9071,Q11623222,,,,,,,,,,,,,,,,,,,,,,,,,,,,,,,,,,,,,,,,,,,,,
Q9073,Q3090641,,,,,,,,,,,,,,,,,,,,,,,,,,,810142,,,,,,,,,,,,,,,,,,
Q9074,Q15645738,,,,,,,,,,,,,,,,,,,,,,,,,,,,,,,,,,,,,,,,,,,,,
Q9075,Q15838894,,,,,,,,,,,,,,,,,,,,,,,,,,,,,,,,,,,,,,,,,,,,,
Q9077,Q17212399,,,,,,,,,,,,,,,,,,,,,,,,,,,,,,,,,,,,,,,,,,,,,
Q9078,Q106355235,,,,,,,,,,,,,,,,,,,,,,,,,,,,,,,,,,,,,,,,,,,,,
Q9081,Q11623050,,,,,,,,,,,,,,,,,,,,,,,,,,,,,,,,,,,,,,,,,,,,,
Q9082,Q106298878,,,,,,,,,,,,,,,,,,,,,,,,,,,,,,,,,,,,,,,,,,,,,
Q9083,Q110581657,,,,,,,,,,,,,,,,,,,,,,,,,,,,,,,,,,,,,,,,,,,,,
Q9084,Q11623298,,,,,,,,,,,,,,,,,,,,,,,,,,,,,,,,,,,,,,,,,,,,,
Q9085,Q11623117,,,,,,,,,,,,,,,,,,,,,,,,,,,,,,,,,,,,,,,,,,,,,
Q9086,Q106298999,,,,,,,,,,,,,,,,,,,,,,,,,,,,,,,,,,,,,,,,,,,,,
Q9087,Q110581979,,,,,,,,,,,,,,,,,,,,,,,,,,,,,,,,,,,,,,,,,,,,,
Q9093,Q11623599,,,,,,,,,,,,,,,,,,,,,,,,,,,,,,,,,,,,,,,,,,,,,
Q9095,Q3072210,,,,,,,,,,,,,,,,,,,,,,,,,,,,,,,,,,,,,,,,,,,,,
Q9098,Q65262147,,,,,,,,,,,,,,,,,,,,,,,,,,,,,,,,,,,,,,,,,,,,,
Q9102,Q17191703,,,,,,,,,,,,,,,,,,,,,,,,,,,,,,,,,,,,,,,,,,,,,
Q9103,Q11450319,,,,,,,,,,,,,,,,,,,,,,,,,,,,,,,,,,,,,,,,,,,,,
Q9105,Q109287815,,,,,,,,,,,,,,,,,,,,,,,,,,,,,,,,,,,,,,,,,,,,,
Q9107,Q11417738,,,,,,,,,,,,,,,,,,,,,,,,,,,,,,,,,,,,,,,,,,,,,
Q9113,Q11479775,,,,,,,,,,,,,,,,,,,,,,,,,,,,,,,,,,,,,,,,,,,,,
Q9120,Q27920529,,,,,,,,,,,,,,,,,,,,,,,,,,,,,,,,,,,,,,,,,,,,,
Q9121,Q110311264,,,,,,,,,,,,,,,,,,,,,,,,,,,,,,,,,,,,,,,,,,,,,
Q9122,Q106332837,,,,,,,,,,,,,,,,,,,,,,,,,,,,,,,,,,,,,,,,,,,,,
Q9123,Q124483489,,,,,,,,,,,,,,,,,,,,,,,,,,,,,,,,,,,,,,,,,,,,,
Q9124,Q11564236,,,,,,,,,,,,,,,,,,,,,,,,,,,,,,,,,,,,,,,,,,,,,
Q9125,Q3503077,,,,,,,,,,,,,,,,,,,,,,,,,,,,,,,,,,,,,,,,,,,,,
Q9126,Q106235413,,,,,,,,,,,,,,,,,,,,,,,,,,,,,,,,,,,,,,,,,,,,,
Q9127,Q97273668,,,,,,,,,,,,,,,,,,,,,,,,,,,,,,,,,,,,,,,,,,,,,
Q9130,Q17230451,,,,,,,,,,,,,,,,,,,,,,,,,,,,,,,,,,,,,,,,,,,,,
Q9131,Q17214148,,,,,,,,,,,,,,,,,,,,,,,,,,,,,,,,,,,,,,,,,,,,,
Q9132,Q86743637,,,,,,,,,,,,,,,,,,,,,,,,,,,,,,,,,,,,,,,,,,,,,
Q9136,Q11623295,,,,,,,,,,,,,,,,,,,,,,,,,,,,,,,,,,,,,,,,,,,,,
Q9137,Q3090694,,,,,,,,,,,,,,,,,,,,,,,,,,,,,,,,,,,,,,,,,,,,,
Q9138,Q11623301,,,,,,,,,,,,,,,,,,,,,,,,,,,,,,,,,,,,,,,,,,,,,
Q9139,Q106261935,,,,,,,,,,,,,,,,,,,,,,,,,,,,,,,,,,,,,,,,,,,,,
Q9140,Q106282642,,,,,,,,,,,,,,,,,,,,,,,,,,,,,,,,,,,,,,,,,,,,,
Q9141,Q106282770,,,,,,,,,,,,,,,,,,,,,,,,,,,,,,,,,,,,,,,,,,,,,
Q9142,Q969568,,,,,,,,,,,,,,,,,,,,,,,,,,,,,,,,,,,,,,,,,,,,,
Q9147,Q22126758,,,,,,,,,,,,,,,,,,,,,,,,,,,,,,,,,,,,,,,,,,,,,
Q9148,Q106345739,,,,,,,,,,,,,,,,,,,,,,,,,,,,,,,,,,,,,,,,,,,,,
Q9150,Q11619243,,,,,,,,,,,,,,,,,,,,,,,,,,,,,,,,,,,,,,,,,,,,,
Q9151,Q106645119,,,,,,,,,,,,,,,,,,,,,,,,,,,,,,,,,,,,,,,,,,,,,
Q9153,Q461024,,,,,,,,,,,,,,,,,,,,,,,,,,,,,,,,,,,,,,,,,,,,,
Q9154,Q11619174,,,,,,,,,,,,,,,,,,,,,,,,,,,,,,,,,,,,,,,,,,,,,
Q9155,Q2531241,,,,,,,,,,,,,,,,,,,,,,,,,,,814213,,,,,,,,,,,,,,,,,,
Q9156,Q590523,,,,,,,,,,,,,,,,,,,,,,,,,,,814214,,,,,,,,,,,,,,,,,,
Q9157,Q11564351,,,,,,,,,,,,,,,,,,,,,,,,,,,,,,,,,,,,,,,,,,,,,
Q9158,Q22126851,,,,,,,,,,,,,,,,,,,,,,,,,,,,,,,,,,,,,,,,,,,,,
Q9159,Q11623328,,,,,,,,,,,,,,,,,,,,,,,,,,,,,,,,,,,,,,,,,,,,,
Q9160,Q11458686,,,,,,,,,,,,,,,,,,,,,,,,,,,,,,,,,,,,,,,,,,,,,
Q9161,Q3071886,,,,,,,,,,,,,,,,,,,,,,,,,,,,,,,,,,,,,,,,,,,,,
Q9162,Q3090676,,,,,,,,,,,,,,,,,,,,,,,,,,,810135,,,,,,,,,,,,,,,,,,
Q9163,Q11493875,,,,,,,,,,,,,,,,,,,,,,,,,,,,,,,,,,,,,,,,,,,,,
Q9164,Q106282469,,,,,,,,,,,,,,,,,,,,,,,,,,,,,,,,,,,,,,,,,,,,,
Q9165,Q106282801,,,,,,,,,,,,,,,,,,,,,,,,,,,,,,,,,,,,,,,,,,,,,
Q9166,Q11563992,,,,,,,,,,,,,,,,,,,,,,,,,,,,,,,,,,,,,,,,,,,,,
Q9167,Q106290008,,,,,,,,,,,,,,,,,,,,,,,,,,,,,,,,,,,,,,,,,,,,,
Q9168,Q11564245,,,,,,,,,,,,,,,,,,,,,,,,,,,,,,,,,,,,,,,,,,,,,
Q9169,Q11564114,,,,,,,,,,,,,,,,,,,,,,,,,,,,,,,,,,,,,,,,,,,,,
Q9170,Q106355166,,,,,,,,,,,,,,,,,,,,,,,,,,,,,,,,,,,,,,,,,,,,,
Q9171,Q106355186,,,,,,,,,,,,,,,,,,,,,,,,,,,,,,,,,,,,,,,,,,,,,
Q9174,Q11623293,,,,,,,,,,,,,,,,,,,,,,,,,,,,,,,,,,,,,,,,,,,,,
Q9175,Q15838909,,,,,,,,,,,,,,,,,,,,,,,,,,,,,,,,,,,,,,,,,,,,,
Q9176,Q106288092,,,,,,,,,,,,,,,,,,,,,,,,,,,,,,,,,,,,,,,,,,,,,
Q9177,Q106413458,,,,,,,,,,,,,,,,,,,,,,,,,,,,,,,,,,,,,,,,,,,,,
Q9178,Q6582069,,,,,,,,,,,,,,,,,,,,,,,,,,,,,,,,,,,,,,,,,,,,,
Q9185,Q11483266,,,,,,,,,,,,,,,,,,,,,,,,,,,,,,,,,,,,,,,,,,,,,
Q9187,Q578397,,,,,,,,,,,,,,,,,,,,,,,,,,,810133,,,,,,,,,,,,,,,,,,
Q9188,Q17225467,,,,,,,,,,,,,,,,,,,,,,,,,,,,,,,,,,,,,,,,,,,,,
Q9189,Q110008112,,,,,,,,,,,,,,,,,,,,,,,,,,,,,,,,,,,,,,,,,,,,,
Q9190,Q129172576,,,,,,,,,,,,,,,,,,,,,,,,,,,,,,,,,,,,,,,,,,,,,
Q9193,Q11482764,,,,,,,,,,,,,,,,,,,,,,,,,,,,,,,,,,,,,,,,,,,,,
Q9199,Q106768776,,,,,,,,,,,,,,,,,,,,,,,,,,,,,,,,,,,,,,,,,,,,,
Q9200,Q11483146,,,,,,,,,,,,,,,,,,,,,,,,,,,,,,,,,,,,,,,,,,,,,
Q9201,Q81968281,,,,,,,,,,,,,,,,,,,,,,,,,,,,,,,,,,,,,,,,,,,,,
Q9202,Q17225483,,,,,,,,,,,,,,,,,,,,,,,,,,,,,,,,,,,,,,,,,,,,,
Q9203,Q17225451,,,,,,,,,,,,,,,,,,,,,,,,,,,,,,,,,,,,,,,,,,,,,
Q9204,Q108096380,,,,,,,,,,,,,,,,,,,,,,,,,,,,,,,,,,,,,,,,,,,,,
Q9205,Q110832916,,,,,,,,,,,,,,,,,,,,,,,,,,,,,,,,,,,,,,,,,,,,,
Q9213,Q110910206,,,,,,,,,,,,,,,,,,,,,,,,,,,,,,,,,,,,,,,,,,,,,
Q9223,Q119380979,,,,,,,,,,,,,,,,,,,,,,,,,,,,,,,,,,,,,,,,,,,,,
Q9228,Q11564225,,,,,,,,,,,,,,,,,,,,,,,,,,,,,,,,,,,,,,,,,,,,,
Q9231,Q11483151,,,,,,,,,,,,,,,,,,,,,,,,,,,,,,,,,,,,,,,,,,,,,
Q9236,Q17211028,,,,,,,,,,,,,,,,,,,,,,,,,,,,,,,,,,,,,,,,,,,,,
Q9237,Q11544318,,,,,,,,,,,,,,,,,,,,,,,,,,,,,,,,,,,,,,,,,,,,,
Q9241,Q124483497,,,,,,,,,,,,,,,,,,,,,,,,,,,,,,,,,,,,,,,,,,,,,
Q9242,Q110378040,,,,,,,,,,,,,,,,,,,,,,,,,,,,,,,,,,,,,,,,,,,,,
Q9243,Q11564214,,,,,,,,,,,,,,,,,,,,,,,,,,,,,,,,,,,,,,,,,,,,,
Q9244,Q11564213,,,,,,,,,,,,,,,,,,,,,,,,,,,,,,,,,,,,,,,,,,,,,
Q9245,Q11564215,,,,,,,,,,,,,,,,,,,,,,,,,,,,,,,,,,,,,,,,,,,,,
Q9246,Q11564216,,,,,,,,,,,,,,,,,,,,,,,,,,,,,,,,,,,,,,,,,,,,,
Q9247,Q106334389,,,,,,,,,,,,,,,,,,,,,,,,,,,,,,,,,,,,,,,,,,,,,
Q9248,Q106613199,,,,,,,,,,,,,,,,,,,,,,,,,,,,,,,,,,,,,,,,,,,,,
Q9249,Q110377300,,,,,,,,,,,,,,,,,,,,,,,,,,,,,,,,,,,,,,,,,,,,,
Q9250,Q95513940,,,,,,,,,,,,,,,,,,,,,,,,,,,,,,,,,,,,,,,,,,,,,
Q9251,Q11623072,,,,,,,,,,,,,,,,,,,,,,,,,,,,,,,,,,,,,,,,,,,,,
Q9252,Q106595908,,,,,,,,,,,,,,,,,,,,,,,,,,,,,,,,,,,,,,,,,,,,,
Q9255,Q106697964,,,,,,,,,,,,,,,,,,,,,,,,,,,,,,,,,,,,,,,,,,,,,
Q9256,Q106697978,,,,,,,,,,,,,,,,,,,,,,,,,,,,,,,,,,,,,,,,,,,,,
Q9257,Q11619246,,,,,,,,,,,,,,,,,,,,,,,,,,,,,,,,,,,,,,,,,,,,,
Q9258,Q17218729,,,,,,,,,,,,,,,,,,,,,,,,,,,,,,,,,,,,,,,,,,,,,
Q9266,Q106341126,,,,,,,,,,,,,,,,,,,,,,,,,,,,,,,,,,,,,,,,,,,,,
Q9268,Q3090629,,,,,,,,,,,,,,,,,,,,,,,,,,,808785,,,,,,,,,,,,,,,,,,
Q9270,Q1054488,,,,,,,,,,,,,,,,,,,,,,,,,,,,,,,,,,,,,,,,,,,,,I00523795
Q9272,Q106263768,,,,,,,,,,,,,,,,,,,,,,,,,,,,,,,,,,,,,,,,,,,,,
Q9273,Q106272141,,,,,,,,,,,,,,,,,,,,,,,,,,,,,,,,,,,,,,,,,,,,,
Q9274,Q374125,,,,,,,,,,,,,,,,,,,,,,,,,,,485604,,,,,,,,,,,,,,,,,,I00719943
Q9290,Q3276201,,,,,,,,,,,,,,,,,,,,,,,,,,,,,,,,,,,,,,,,,,,,,
Q9291,Q17214077,,,,,,,,,,,,,,,,,,,,,,,,,,,,,,,,,,,,,,,,,,,,,
Q9292,Q106326331,,,,,,,,,,,,,,,,,,,,,,,,,,,,,,,,,,,,,,,,,,,,,
Q9296,Q106356215,,,,,,,,,,,,,,,,,,,,,,,,,,,,,,,,,,,,,,,,,,,,,
Q9298,Q11564117,,,,,,,,,,,,,,,,,,,,,,,,,,,,,,,,,,,,,,,,,,,,,
Q9300,Q11455671,,,,,,,,,,,,,,,,,,,,,,,,,,,,,,,,,,,,,,,,,,,,,
Q9301,Q11563997,,,,,,,,,,,,,,,,,,,,,,,,,,,,,,,,,,,,,,,,,,,,,
Q9303,Q106335517,,,,,,,,,,,,,,,,,,,,,,,,,,,,,,,,,,,,,,,,,,,,,
Q9304,Q106335611,,,,,,,,,,,,,,,,,,,,,,,,,,,,,,,,,,,,,,,,,,,,,
Q9306,Q106373550,,,,,,,,,,,,,,,,,,,,,,,,,,,,,,,,,,,,,,,,,,,,,
Q9308,Q106357254,,,,,,,,,,,,,,,,,,,,,,,,,,,,,,,,,,,,,,,,,,,,,
Q9309,Q106357270,,,,,,,,,,,,,,,,,,,,,,,,,,,,,,,,,,,,,,,,,,,,,
Q9310,Q11564318,,,,,,,,,,,,,,,,,,,,,,,,,,,,,,,,,,,,,,,,,,,,,
Q9311,Q22127230,,,,,,,,,,,,,,,,,,,,,,,,,,,,,,,,,,,,,,,,,,,,,
Q9312,Q11564056,,,,,,,,,,,,,,,,,,,,,,,,,,,,,,,,,,,,,,,,,,,,,
Q9313,Q106357290,,,,,,,,,,,,,,,,,,,,,,,,,,,,,,,,,,,,,,,,,,,,,
Q9314,Q124483487,,,,,,,,,,,,,,,,,,,,,,,,,,,,,,,,,,,,,,,,,,,,,
Q9315,Q2598299,,,,,,,,,,,,,,,,,,,,,,,,,,,,,,,,,,,,,,,,,,,,,
Q9317,Q902350,,,,,,,,,,,,,,,,,,,,,,,,,,,,,,,,,,,,,,,,,,,,,
Q9318,Q90866576,,,,,,,,,,,,,,,,,,,,,,,,,,,,,,,,,,,,,,,,,,,,,
Q9320,Q121653689,,,,,,,,,,,,,,,,,,,,,,,,,,,,,,,,,,,,,,,,,,,,,
Q9321,Q123406230,,,,,,,,,,,,,,,,,,,,,,,,,,,,,,,,,,,,,,,,,,,,,
Q9325,Q3461342,,,,,,,,,,,,,,,,,,,,,,,,,,,,,,,,,,,,,,,,,,,,,
Q9327,Q5680877,,,,,,,,,,,,,,,,,,,,,,,,,,,,,,,,,,,,,,,,,,,,,
Q9328,Q102246501,,,,,,,,,,,,,,,,,,,,,,,,,,,,,,,,,,,,,,,,,,,,,
Q9329,Q109083726,,,,,,,,,,,,,,,,,,,,,,,,,,,,,,,,,,,,,,,,,,,,,
Q9330,Q109068685,,,,,,,,,,,,,,,,,,,,,,,,,,,,,,,,,,,,,,,,,,,,,
Q9331,Q108046067,,,,,,,,,,,,,,,,,,,,,,,,,,,,,,,,,,,,,,,,,,,,,
Q9332,Q11623494,,,,,,,,,,,,,,,,,,,,,,,,,,,,,,,,,,,,,,,,,,,,,
Q9334,Q11623276,,,,,,,,,,,,,,,,,,,,,,,,,,,812553,,,,,,,,,,,,,,,,,,
Q9335,Q106326720,,,,,,,,,,,,,,,,,,,,,,,,,,,,,,,,,,,,,,,,,,,,,
Q9336,Q2980907,,,,,,,,,,,,,,,,,,,,,,,,,,,,,,,,,,,,,,,,,,,,,
Q9337,Q1290220,,,,,,,,,,,,,,,,,,,,,,,,,,,810134,,,,,,,,,,,,,,,,,,
Q9338,Q106287636,,,,,,,,,,,,,,,,,,,,,,,,,,,,,,,,,,,,,,,,,,,,,
Q9339,Q11623353,,,,,,,,,,,,,,,,,,,,,,,,,,,,,,,,,,,,,,,,,,,,,
Q9340,Q106434640,,,,,,,,,,,,,,,,,,,,,,,,,,,,,,,,,,,,,,,,,,,,,
Q9341,Q106434679,,,,,,,,,,,,,,,,,,,,,,,,,,,,,,,,,,,,,,,,,,,,,
Q9342,Q106434959,,,,,,,,,,,,,,,,,,,,,,,,,,,,,,,,,,,,,,,,,,,,,
Q9343,Q106434968,,,,,,,,,,,,,,,,,,,,,,,,,,,,,,,,,,,,,,,,,,,,,
Q9344,Q124483498,,,,,,,,,,,,,,,,,,,,,,,,,,,,,,,,,,,,,,,,,,,,,
Q9347,Q198984,,,,,,,,,,,,,,,,,,,,,,,,,,,,,,,,,,,,,,,,,,,,,
Q9348,Q11463979,,,,,,,,,,,,,,,,,,,,,,,,,,,,,,,,,,,,,,,,,,,,,
Q9349,Q1439775,,,,,,,,,,8102406,,,,,,,,,,,,,,,,,,,,,,,,,,,,,,,,,,,
Q9350,Q109767292,,,,,,,,,,,,,,,,,,,,,,,,,,,,,,,,,,,,,,,,,,,,,
Q9351,Q15302112,,,,,,,,,,,,,,,,,,,,,,,,,,,,,,,,,,,,,,,,,,,,,
Q9352,Q106299701,,,,,,,,,,,,,,,,,,,,,,,,,,,,,,,,,,,,,,,,,,,,,
Q9353,Q110088941,,,,,,,,,,,,,,,,,,,,,,,,,,,,,,,,,,,,,,,,,,,,,
Q9357,Q106700798,,,,,,,,,,,,,,,,,,,,,,,,,,,,,,,,,,,,,,,,,,,,,
Q9362,Q15675546,,,,,,,,,,,,,,,,,,,,,,,,,,,,,,,,,,,,,,,,,,,,,
Q9363,Q29410911,,,,,,,,,,,,,,,,,,,,,,,,,,,,,,,,,,,,,,,,,,,,,
Q9364,Q106421472,,,,,,,,,,,,,,,,,,,,,,,,,,,,,,,,,,,,,,,,,,,,,
Q9365,Q106360894,,,,,,,,,,,,,,,,,,,,,,,,,,,,,,,,,,,,,,,,,,,,,
Q9366,Q22127649,,,,,,,,,,,,,,,,,,,,,,,,,,,,,,,,,,,,,,,,,,,,,
Q9368,Q11564247,,,,,,,,,,,,,,,,,,,,,,,,,,,,,,,,,,,,,,,,,,,,,
Q9370,Q22126784,,,,,,,,,,,,,,,,,,,,,,,,,,,,,,,,,,,,,,,,,,,,,
Q9373,Q439829,,,,,,,,,,,,,,,,,,,,,,,,,,,,,,,,,,,,,,,,,,,,,
Q9375,Q106352039,,,,,,,,,,,,,,,,,,,,,,,,,,,,,,,,,,,,,,,,,,,,,
Q9377,Q11623594,,,,,,,,,,,,,,,,,,,,,,,,,,,,,,,,,,,,,,,,,,,,,
Q9383,Q11623099,,,,,,,,,,,,,,,,,,,,,,,,,,,,,,,,,,,,,,,,,,,,,
Q9384,Q5507530,,,,,,,,,,,,,,,,,,,,,,,,,,,,,,,,,,,,,,,,,,,,,
Q9385,Q3090665,,,,,,,,,,,,,,,,,,,,,,,,,,,,,,,,,,,,,,,,,,,,,
Q9387,Q106351435,,,,,,,,,,,,,,,,,,,,,,,,,,,,,,,,,,,,,,,,,,,,,
Q9388,Q11488832,,,,,,,,,,,,,,,,,,,,,,,,,,,,,,,,,,,,,,,,,,,,,
Q9389,Q11623596,,,,,,,,,,,,,,,,,,,,,,,,,,,,,,,,,,,,,,,,,,,,,
Q9390,Q22126936,,,,,,,,,,,,,,,,,,,,,,,,,,,,,,,,,,,,,,,,,,,,,
Q9395,Q106413319,,,,,,,,,,,,,,,,,,,,,,,,,,,,,,,,,,,,,,,,,,,,,
Q9397,Q106291810,,,,,,,,,,,,,,,,,,,,,,,,,,,,,,,,,,,,,,,,,,,,,
Q9398,Q11623084,,,,,,,,,,,,,,,,,,,,,,,,,,,,,,,,,,,,,,,,,,,,,
Q9399,Q15838923,,,,,,,,,,,,,,,,,,,,,,,,,,,,,,,,,,,,,,,,,,,,,
Q9400,Q22126630,,,,,,,,,,,,,,,,,,,,,,,,,,,,,,,,,,,,,,,,,,,,,
Q9401,Q11623057,,,,,,,,,,,,,,,,,,,,,,,,,,,,,,,,,,,,,,,,,,,,,
Q9402,Q106359273,,,,,,,,,,,,,,,,,,,,,,,,,,,,,,,,,,,,,,,,,,,,,
Q9403,Q106359309,,,,,,,,,,,,,,,,,,,,,,,,,,,,,,,,,,,,,,,,,,,,,
Q9406,Q1370620,,,,,,,,,,,,,,,,,,,,,,,,,,,974269,,,,,,,,,,,,,,,,,,I00523652
Q9407,Q5507521,,,,,,,,,,,,,,,,,,,,,,,,,,,,,,,,,,,,,,,,,,,,,
Q9408,Q3090649,,,,,,,,,,,,,,,,,,,,,,,,,,,814095,,,,,,,,,,,,,,,,,,
Q9409,Q5507516,,,,,,,,,,,,,,,,,,,,,,,,,,,,,,,,,,,,,,,,,,,,,
Q9411,Q10514093,,,,,,,,,,,,,,,,,,,,,,,,,,,,,,,,,,,,,,,,,,,,,
Q9412,Q11623643,,,,,,,,,,,,,,,,,,,,,,,,,,,814090,,,,,,,,,,,,,,,,,,
Q9416,Q5507543,,,,,,,,,,,,,,,,,,,,,,,,,,,,,,,,,,,,,,,,,,,,,
Q9418,Q11623254,,,,,,,,,,,,,,,,,,,,,,,,,,,,,,,,,,,,,,,,,,,,,
Q9425,Q106357121,,,,,,,,,,,,,,,,,,,,,,,,,,,,,,,,,,,,,,,,,,,,,
Q9428,Q20044548,,,,,,,,,,,,,,,,,,,,,,,,,,,,,,,,,,,,,,,,,,,,,
Q9429,Q11623387,,,,,,,,,,,,,,,,,,,,,,,,,,,,,,,,,,,,,,,,,,,,,
Q9430,Q110264922,,,,,,,,,,,,,,,,,,,,,,,,,,,,,,,,,,,,,,,,,,,,,
Q9432,Q110264945,,,,,,,,,,,,,,,,,,,,,,,,,,,,,,,,,,,,,,,,,,,,,
Q9433,Q11623184,,,,,,,,,,,,,,,,,,,,,,,,,,,,,,,,,,,,,,,,,,,,Fujiwara-3,
Q9435,Q17223010,,,,,,,,,,,,,,,,,,,,,,,,,,,,,,,,,,,,,,,,,,,,,
Q9436,Q97166472,,,,,,,,,,,,,,,,,,,,,,,,,,,,,,,,,,,,,,,,,,,,,
Q9438,Q17230449,,,,,,,,,,,,,,,,,,,,,,,,,,,,,,,,,,,,,,,,,,,,,
Q9439,Q11564023,,,,,,,,,,,,,,,,,,,,,,,,,,,,,,,,,,,,,,,,,,,,,
Q9440,Q106306317,,,,,,,,,,,,,,,,,,,,,,,,,,,,,,,,,,,,,,,,,,,,,
Q9441,Q123415115,,,,,,,,,,,,,,,,,,,,,,,,,,,,,,,,,,,,,,,,,,,,,
Q9442,Q106356920,,,,,,,,,,,,,,,,,,,,,,,,,,,,,,,,,,,,,,,,,,,,,
Q9444,Q106345791,,,,,,,,,,,,,,,,,,,,,,,,,,,,,,,,,,,,,,,,,,,,,
Q9445,Q85883549,,,,,,,,,,,,,,,,,,,,,,,,,,,,,,,,,,,,,,,,,,,,,
Q9446,Q959774,,,,,,,,,,,,,,,,,,,,,,,,,,,,,,,,,,,,,,,,,,,,,
Q9447,Q5507551,,,,,,,,,,,,,,,,,,,,,,,,,,,810139,,,,,,,,,,,,,,,,,,
Q9448,Q11623274,,,,,,,,,,,,,,,,,,,,,,,,,,,,,,,,,,,,,,,,,,,,,I00719945
Q9452,Q106299362,,,,,,,,,,,,,,,,,,,,,,,,,,,,,,,,,,,,,,,,,,,,,
Q9454,Q106410247,,,,,,,,,,,,,,,,,,,,,,,,,,,,,,,,,,,,,,,,,,,,,
Q9456,Q106410752,,,,,,,,,,,,,,,,,,,,,,,,,,,,,,,,,,,,,,,,,,,,,
Q9457,Q64208,,,,,,,,,,,,,,,,,,,,,,,,,,,,,,,,,,,,,,,,,,,,,
Q9468,Q106444900,,,,,,,,,,,,,,,,,,,,,,,,,,,,,,,,,,,,,,,,,,,,,
Q9469,Q106293135,,,,,,,,,,,,,,,,,,,,,,,,,,,,,,,,,,,,,,,,,,,,,
Q9470,Q106305919,,,,,,,,,,,,,,,,,,,,,,,,,,,,,,,,,,,,,,,,,,,,,
Q9476,Q17229094,,,,,,,,,,,,,,,,,,,,,,,,,,,,,,,,,,,,,,,,,,,,,
Q9477,Q11544279,,,,,,,,,,,,,,,,,,,,,,,,,,,,,,,,,,,,,,,,,,,,,
Q9478,Q11623399,,,,,,,,,,,,,,,,,,,,,,,,,,,,,,,,,,,,,,,,,,,,,
Q9485,Q106410576,,,,,,,,,,,,,,,,,,,,,,,,,,,,,,,,,,,,,,,,,,,,,
Q9490,Q106384478,,,,,,,,,,,,,,,,,,,,,,,,,,,,,,,,,,,,,,,,,,,,,
Q9491,Q106410582,,,,,,,,,,,,,,,,,,,,,,,,,,,,,,,,,,,,,,,,,,,,,
Q9493,Q106303476,,,,,,,,,,,,,,,,,,,,,,,,,,,,,,,,,,,,,,,,,,,,,
Q9494,Q106409308,,,,,,,,,,,,,,,,,,,,,,,,,,,,,,,,,,,,,,,,,,,,,
Q9495,Q121653855,,,,,,,,,,,,,,,,,,,,,,,,,,,,,,,,,,,,,,,,,,,,,
Q9497,Q3085481,,,,,,,,,,,,,,,,,,,,,,,,,,,,,,,,,,,,,,,,,,,,,
Q9498,Q106299130,,,,,,,,,,,,,,,,,,,,,,,,,,,,,,,,,,,,,,,,,,,,,
Q9502,Q106364434,,,,,,,,,,,,,,,,,,,,,,,,,,,,,,,,,,,,,,,,,,,,,
Q9503,Q24873066,,,,,,,,,,,,,,,,,,,,,,,,,,,,,,,,,,,,,,,,,,,,,
Q9506,Q106355146,,,,,,,,,,,,,,,,,,,,,,,,,,,,,,,,,,,,,,,,,,,,,
Q9507,Q11450312,,,,,,,,,,,,,,,,,,,,,,,,,,,,,,,,,,,,,,,,,,,,,
Q9512,Q15838942,,,,,,,,,,,,,,,,,,,,,,,,,,,,,,,,,,,,,,,,,,,,,
Q9520,Q3071863,,,,,,,,,,,,,,,,,,,,,,,,,,,,,,,,,,,,,,,,,,,,,
Q9521,Q18054845,,,,,,,,,,,,,,,,,,,,,,,,,,,,,,,,,,,,,,,,,,,,,
Q9522,Q11564092,,,,,,,,,,,,,,,,,,,,,,,,,,,,,,,,,,,,,,,,,,,,,
Q9523,Q11619160,,,,,,,,,,,,,,,,,,,,,,,,,,,,,,,,,,,,,,,,,,,,,
Q9524,Q11619161,,,,,,,,,,,,,,,,,,,,,,,,,,,,,,,,,,,,,,,,,,,,,
Q9525,Q106357133,,,,,,,,,,,,,,,,,,,,,,,,,,,,,,,,,,,,,,,,,,,,,
Q9526,Q106357136,,,,,,,,,,,,,,,,,,,,,,,,,,,,,,,,,,,,,,,,,,,,,
Q9527,Q1397587,,,,,,,,,,,,,,,,,,,,,,,,,,,,,,,,,,,,,,,,,,,,,
Q9529,Q11623339,,,,,,,,,,,,,,,,,,,,,,,,,,,,,,,,,,,,,,,,,,,,,
Q9530,Q13309228,,,,,,,,,,,,,,,,,,,,,,,,,,,,,,,,,,,,,,,,,,,,,
Q9531,Q11623176,,,,,,,,,,,,,,,,,,,,,,,,,,,,,,,,,,,,,,,,,,,,,
Q9532,Q17213775,,,,,,,,,,,,,,,,,,,,,,,,,,,,,,,,,,,,,,,,,,,,,
Q9533,Q11564374,,,,,,,,,,,,,,,,,,,,,,,,,,,,,,,,,,,,,,,,,,,,,
Q9534,Q106339042,,,,,,,,,,,,,,,,,,,,,,,,,,,,,,,,,,,,,,,,,,,,,
Q9537,Q3090659,,,,,,,,,,,,,,,,,,,,,,,,,,,,,,,,,,,,,,,,,,,,,
Q9540,Q110310538,,,,,,,,,,,,,,,,,,,,,,,,,,,,,,,,,,,,,,,,,,,,,
Q9544,Q17230447,,,,,,,,,,,,,,,,,,,,,,,,,,,,,,,,,,,,,,,,,,,,,
Q9549,Q106645133,,,,,,,,,,,,,,,,,,,,,,,,,,,,,,,,,,,,,,,,,,,,,
Q9550,Q106645121,,,,,,,,,,,,,,,,,,,,,,,,,,,,,,,,,,,,,,,,,,,,,
Q9551,Q11619164,,,,,,,,,,,,,,,,,,,,,,,,,,,,,,,,,,,,,,,,,,,,,
Q9552,Q108177342,,,,,,,,,,,,,,,,,,,,,,,,,,,,,,,,,,,,,,,,,,,,,
Q9553,Q109855658,,,,,,,,,,,,,,,,,,,,,,,,,,,,,,,,,,,,,,,,,,,,,
Q9555,Q106326646,,,,,,,,,,,,,,,,,,,,,,,,,,,,,,,,,,,,,,,,,,,,,
Q9556,Q2699951,,,,,,,,,,,,,,,,,,,,,,,,,,,814215,,,,,,,,,,,,,,,,,,
Q9557,Q11564354,,,,,,,,,,,,,,,,,,,,,,,,,,,,,,,,,,,,,,,,,,,,,
Q9558,Q11564362,,,,,,,,,,,,,,,,,,,,,,,,,,,,,,,,,,,,,,,,,,,,,
Q9559,Q11564358,,,,,,,,,,,,,,,,,,,,,,,,,,,,,,,,,,,,,,,,,,,,,
Q9564,Q110571388,,,,,,,,,,,,,,,,,,,,,,,,,,,,,,,,,,,,,,,,,,,,,
Q9565,Q11564344,,,,,,,,,,,,,,,,,,,,,,,,,,,,,,,,,,,,,,,,,,,,,
Q9566,Q11564349,,,,,,,,,,,,,,,,,,,,,,,,,,,,,,,,,,,,,,,,,,,,,
Q9568,Q106327076,,,,,,,,,,,,,,,,,,,,,,,,,,,,,,,,,,,,,,,,,,,,,
Q9569,Q106327240,,,,,,,,,,,,,,,,,,,,,,,,,,,,,,,,,,,,,,,,,,,,,
Q9570,Q106399180,,,,,,,,,,,,,,,,,,,,,,,,,,,,,,,,,,,,,,,,,,,,,
Q9574,Q110582063,,,,,,,,,,,,,,,,,,,,,,,,,,,,,,,,,,,,,,,,,,,,,
Q9578,Q106358090,,,,,,,,,,,,,,,,,,,,,,,,,,,,,,,,,,,,,,,,,,,,,
Q9582,Q11623571,,,,,,,,,,,,,,,,,,,,,,,,,,,,,,,,,,,,,,,,,,,,,
Q9591,Q106339116,,,,,,,,,,,,,,,,,,,,,,,,,,,,,,,,,,,,,,,,,,,,,
Q9592,Q106357342,,,,,,,,,,,,,,,,,,,,,,,,,,,,,,,,,,,,,,,,,,,,,
Q9594,Q11623549,,,,,,,,,,,,,,,,,,,,,,,,,,,,,,,,,,,,,,,,,,,,,
Q9596,Q106299210,,,,,,,,,,,,,,,,,,,,,,,,,,,,,,,,,,,,,,,,,,,,,
Q9598,Q3090635,,,,,,,,,,,,,,,,,,,,,,,,,,,,,,,,,,,,,,,,,,,,,
Q9599,Q17212167,,,,,,,,,,,,,,,,,,,,,,,,,,,,,,,,,,,,,,,,,,,,,
Q9602,Q11564293,,,,,,,,,,,,,,,,,,,,,,,,,,,,,,,,,,,,,,,,,,,,,
Q9603,Q106574269,,,,,,,,,,,,,,,,,,,,,,,,,,,,,,,,,,,,,,,,,,,,,
Q9604,Q17213994,,,,,,,,,,,,,,,,,,,,,,,,,,,,,,,,,,,,,,,,,,,,,
Q9605,Q3314716,,,,,,,,,,,,,,,,,,,,,,,,,,,,,,,,,,,,,,,,,,,,,
Q9607,Q106421757,,,,,,,,,,,,,,,,,,,,,,,,,,,,,,,,,,,,,,,,,,,,,
Q9608,Q11564097,,,,,,,,,,,,,,,,,,,,,,,,,,,,,,,,,,,,,,,,,,,,,
Q9613,Q106360787,,,,,,,,,,,,,,,,,,,,,,,,,,,,,,,,,,,,,,,,,,,,,
Q9614,Q11564055,,,,,,,,,,,,,,,,,,,,,,,,,,,,,,,,,,,,,,,,,,,,,
Q9615,Q106360806,,,,,,,,,,,,,,,,,,,,,,,,,,,,,,,,,,,,,,,,,,,,,
Q9616,Q11623358,,,,,,,,,,,,,,,,,,,,,,,,,,,,,,,,,,,,,,,,,,,,,
Q9618,Q106435483,,,,,,,,,,,,,,,,,,,,,,,,,,,,,,,,,,,,,,,,,,,,,
Q9621,Q11623307,,,,,,,,,,,,,,,,,,,,,,,,,,,,,,,,,,,,,,,,,,,,,
Q9622,Q11531756,,,,,,,,,,,,,,,,,,,,,,,,,,,,,,,,,,,,,,,,,,,,,
Q9626,Q38277909,,,,,,,,,,,,,,,,,,,,,,,,,,,,,,,,,,,,,,,,,,,,,
Q9627,Q11433438,,,,,,,,,,,,,,,,,,,,,,,,,,,,,,,,,,,,,,,,,,,,,
Q9628,Q107159476,,,,,,,,,,,,,,,,,,,,,,,,,,,,,,,,,,,,,,,,,,,,,
Q9632,Q110008119,,,,,,,,,,,,,,,,,,,,,,,,,,,,,,,,,,,,,,,,,,,,,
Q9635,Q11388731,,,,,,,,,,,,,,,,,,,,,,,,,,,,,,,,,,,,,,,,,,,,,
Q9636,Q11483429,,,,,,,,,,,,,,,,,,,,,,,,,,,,,,,,,,,,,,,,,,,,,
Q9644,Q81783652,,,,,,,,,,,,,,,,,,,,,,,,,,,,,,,,,,,,,,,,,,,,,
Q9645,Q81968265,,,,,,,,,,,,,,,,,,,,,,,,,,,,,,,,,,,,,,,,,,,,,
Q9647,Q11483417,,,,,,,,,,,,,,,,,,,,,,,,,,,,,,,,,,,,,,,,,,,,,
Q9655,Q11546370,,,,,,,,,,,,,,,,,,,,,,,,,,,,,,,,,,,,,,,,,,,,,
Q9658,Q22126878,,,,,,,,,,,,,,,,,,,,,,,,,,,,,,,,,,,,,,,,,,,,,
Q9663,Q11356540,,,,,,,,,,,,,,,,,,,,,,,,,,,,,,,,,,,,,,,,,,,,,
Q9664,Q11564212,,,,,,,,,,,,,,,,,,,,,,,,,,,,,,,,,,,,,,,,,,,,,
Q9665,Q106533657,,,,,,,,,,,,,,,,,,,,,,,,,,,,,,,,,,,,,,,,,,,,,
Q9670,Q11596155,,,,,,,,,,,,,,,,,,,,,,,,,,,,,,,,,,,,,,,,,,,,,
Q9678,Q11544213,,,,,,,,,,,,,,,,,,,,,,,,,,,,,,,,,,,,,,,,,,,,,
Q9682,Q11564091,,,,,,,,,,,,,,,,,,,,,,,,,,,,,,,,,,,,,,,,,,,,,
Q9683,Q11564090,,,,,,,,,,,,,,,,,,,,,,,,,,,,,,,,,,,,,,,,,,,,,
Q9684,Q11564088,,,,,,,,,,,,,,,,,,,,,,,,,,,,,,,,,,,,,,,,,,,,,
Q9685,Q110310979,,,,,,,,,,,,,,,,,,,,,,,,,,,,,,,,,,,,,,,,,,,,,
Q9686,Q106535812,,,,,,,,,,,,,,,,,,,,,,,,,,,,,,,,,,,,,,,,,,,,,
Q9695,Q11623564,,,,,,,,,,,,,,,,,,,,,,,,,,,,,,,,,,,,,,,,,,,,,
Q9696,Q17218741,,,,,,,,,,,,,,,,,,,,,,,,,,,,,,,,,,,,,,,,,,,,,
Q9698,Q15838940,,,,,,,,,,,,,,,,,,,,,,,,,,,,,,,,,,,,,,,,,,,,,
Q9701,Q361000,,,,,,,,,,,,,,,,,,,,,,,,,,,805379,,,,,,,,,,,,,,,,,,I00719942
Q9704,Q11564069,,,,,,,,,,,,,,,,,,,,,,,,,,,,,,,,,,,,,,,,,,,,,
Q9708,Q106410415,,,,,,,,,,,,,,,,,,,,,,,,,,,,,,,,,,,,,,,,,,,,,
Q9709,Q110799572,,,,,,,,,,,,,,,,,,,,,,,,,,,,,,,,,,,,,,,,,,,,,
Q9710,Q15726366,,,,,,,,,,,,,,,,,,,,,,,,,,,,,,,,,,,,,,,,,,,,,
Q9711,Q11623609,,,,,,,,,,,,,,,,,,,,,,,,,,,,,,,,,,,,,,,,,,,,,
Q9713,Q11564100,,,,,,,,,,,,,,,,,,,,,,,,,,,,,,,,,,,,,,,,,,,,,
Q9716,Q11623043,,,,,,,,,,,,,,,,,,,,,,,,,,,,,,,,,,,,,,,,,,,,,
Q9717,Q106358268,,,,,,,,,,,,,,,,,,,,,,,,,,,,,,,,,,,,,,,,,,,,,
Q9718,Q11564102,,,,,,,,,,,,,,,,,,,,,,,,,,,,,,,,,,,,,,,,,,,,,
Q9719,Q11564249,,,,,,,,,,,,,,,,,,,,,,,,,,,,,,,,,,,,,,,,,,,,,
Q9720,Q106359257,,,,,,,,,,,,,,,,,,,,,,,,,,,,,,,,,,,,,,,,,,,,,
Q9722,Q11623082,,,,,,,,,,,,,,,,,,,,,,,,,,,,,,,,,,,,,,,,,,,,,
Q9723,Q1059336,,,,,,,,,,,,,,,,,,,,,,,,,,,,,,,,,,,,,,,,,,,,,
Q9724,Q11564339,,,,,,,,,,,,,,,,,,,,,,,,,,,,,,,,,,,,,,,,,,,,,
Q9726,Q15838908,,,,,,,,,,,,,,,,,,,,,,,,,,,,,,,,,,,,,,,,,,,,,
Q9727,Q538614,,,,,,,,,,,,,,,,,,,,,,,,,,,,,,,,,,,,,,,,,,,,,
Q9728,Q106368367,,,,,,,,,,,,,,,,,,,,,,,,,,,,,,,,,,,,,,,,,,,,,
Q9729,Q269755,,,,,,,,,,,,,,,,,,,,,,,,,,,,,,,,,,,,,,,,,,,,,
Q9732,Q109598817,,,,,,,,,,,,,,,,,,,,,,,,,,,,,,,,,,,,,,,,,,,,,
Q9733,Q106434750,,,,,,,,,,,,,,,,,,,,,,,,,,,,,,,,,,,,,,,,,,,,,
Q9734,Q18233501,,,,,,,,,,,,,,,,,,,,,,,,,,,,,,,,,,,,,,,,,,,,,
Q9738,Q11544215,,,,,,,,,,,,,,,,,,,,,,,,,,,,,,,,,,,,,,,,,,,,,
Q9742,Q11367371,,,,,,,,,,,,,,,,,,,,,,,,,,,,,,,,,,,,,,,,,,,,,
Q9743,Q11521589,,,,,,,,,,,,,,,,,,,,,,,,,,,,,,,,,,,,,,,,,,,,,
Q9749,Q11623046,,,,,,,,,,,,,,,,,,,,,,,,,,,,,,,,,,,,,,,,,,,,,
Q9755,Q11623611,,,,,,,,,,,,,,,,,,,,,,,,,,,,,,,,,,,,,,,,,,,,,
Q9756,Q106407961,,,,,,,,,,,,,,,,,,,,,,,,,,,,,,,,,,,,,,,,,,,,,
Q9757,Q106361379,,,,,,,,,,,,,,,,,,,,,,,,,,,,,,,,,,,,,,,,,,,,,
Q9758,Q106361396,,,,,,,,,,,,,,,,,,,,,,,,,,,,,,,,,,,,,,,,,,,,,
Q9759,Q106385118,,,,,,,,,,,,,,,,,,,,,,,,,,,,,,,,,,,,,,,,,,,,,
Q9760,Q106385224,,,,,,,,,,,,,,,,,,,,,,,,,,,,,,,,,,,,,,,,,,,,,
Q9761,Q106407662,,,,,,,,,,,,,,,,,,,,,,,,,,,,,,,,,,,,,,,,,,,,,
Q9762,Q106449059,,,,,,,,,,,,,,,,,,,,,,,,,,,,,,,,,,,,,,,,,,,,,
Q9763,Q109928862,,,,,,,,,,,,,,,,,,,,,,,,,,,,,,,,,,,,,,,,,,,,,
Q9767,Q105711358,,,,,,,,,,,,,,,,,,,,,,,,,,,,,,,,,,,,,,,,,,,,,
Q9768,Q29410786,,,,,,,,,,,,,,,,,,,,,,,,,,,,,,,,,,,,,,,,,,,,,
Q9769,Q11623536,,,,,,,,,,,,,,,,,,,,,,,,,,,,,,,,,,,,,,,,,,,,,
Q9770,Q29410912,,,,,,,,,,,,,,,,,,,,,,,,,,,,,,,,,,,,,,,,,,,,,
Q9772,Q11623074,,,,,,,,,,,,,,,,,,,,,,,,,,,,,,,,,,,,,,,,,,,,,
Q9773,Q106360934,,,,,,,,,,,,,,,,,,,,,,,,,,,,,,,,,,,,,,,,,,,,,
Q9774,Q106368332,,,,,,,,,,,,,,,,,,,,,,,,,,,,,,,,,,,,,,,,,,,,,
Q9775,Q17214110,,,,,,,,,,,,,,,,,,,,,,,,,,,,,,,,,,,,,,,,,,,,,
Q9776,Q106361342,,,,,,,,,,,,,,,,,,,,,,,,,,,,,,,,,,,,,,,,,,,,,
Q9777,Q106361356,,,,,,,,,,,,,,,,,,,,,,,,,,,,,,,,,,,,,,,,,,,,,
Q9778,Q106362802,,,,,,,,,,,,,,,,,,,,,,,,,,,,,,,,,,,,,,,,,,,,,
Q9783,Q106421537,,,,,,,,,,,,,,,,,,,,,,,,,,,,,,,,,,,,,,,,,,,,,
Q9784,Q124483478,,,,,,,,,,,,,,,,,,,,,,,,,,,,,,,,,,,,,,,,,,,,,
Q9790,Q3072228,,,,,,,,,,,,,,,,,,,,,,,,,,,,,,,,,,,,,,,,,,,,,
Q9791,Q902382,,,,,,,,,,,,,,,,,,,,,,,,,,,,,,,,,,,,,,,,,,,,,
Q9792,Q106359464,,,,,,,,,,,,,,,,,,,,,,,,,,,,,,,,,,,,,,,,,,,,,
Q9796,Q106359133,,,,,,,,,,,,,,,,,,,,,,,,,,,,,,,,,,,,,,,,,,,,,
Q9797,Q11623511,,,,,,,,,,,,,,,,,,,,,,,,,,,,,,,,,,,,,,,,,,,,,
Q9802,Q22126874,,,,,,,,,,,,,,,,,,,,,,,,,,,,,,,,,,,,,,,,,,,,,
Q9803,Q11505238,,,,,,,,,,,,,,,,,,,,,,,,,,,,,,,,,,,,,,,,,,,,,
Q9804,Q17996190,,,,,,,,,,,,,,,,,,,,,,,,,,,,,,,,,,,,,,,,,,,,,
Q9806,Q3012130,,,,,,,,,,,,,,,,,,,,,,,,,,,,,,,,,,,,,,,,,,,,,
Q9807,Q11623083,,,,,,,,,,,,,,,,,,,,,,,,,,,,,,,,,,,,,,,,,,,,,
Q9808,Q86744958,,,,,,,,,,,,,,,,,,,,,,,,,,,,,,,,,,,,,,,,,,,,,
Q9812,Q17214033,,,,,,,,,,,,,,,,,,,,,,,,,,,,,,,,,,,,,,,,,,,,,
Q9813,Q349296,,,,,,,,,,,,,,,,,,,,,,,,,,,485600,,,,,,,,,,,,,,,,,,I00523784
Q9816,Q11623586,,,,,,,,,,,,,,,,,,,,,,,,,,,,,,,,,,,,,,,,,,,,,
Q9817,Q11544195,,,,,,,,,,,,,,,,,,,,,,,,,,,,,,,,,,,,,,,,,,,,,
Q9818,Q11630307,,,,,,,,,,,,,,,,,,,,,,,,,,,,,,,,,,,,,,,,,,,,,
Q9819,Q11623260,,,,,,,,,,,,,,,,,,,,,,,,,,,,,,,,,,,,,,,,,,,,,
Q9820,Q5507514,,,,,,,,,,,,,,,,,,,,,,,,,,,,,,,,,,,,,,,,,,,,,
Q9821,Q1366049,,,,,,,,,,,,,,,,,,,,,,,,,,,974268|808513,,,,,,,,,,,,,,,,,,I00523624
Q9822,Q106362704,,,,,,,,,,,,,,,,,,,,,,,,,,,,,,,,,,,,,,,,,,,,,
Q9823,Q106368824,,,,,,,,,,,,,,,,,,,,,,,,,,,,,,,,,,,,,,,,,,,,,
Q9826,Q48764156,,,,,,,,,,,,,,,,,,,,,,,,,,,,,,,,,,,,,,,,,,,,,
Q9827,Q1093355,,,,,,,,,,,,,,,,,,,,,,,,,,,,,,,,,,,,,,,,,,,,,
Q9828,Q11623047,,,,,,,,,,,,,,,,,,,,,,,,,,,,,,,,,,,,,,,,,,,,,
Q9829,Q11623583,,,,,,,,,,,,,,,,,,,,,,,,,,,,,,,,,,,,,,,,,,,,,
Q9831,Q3090647,,,,,,,,,,,,,,,,,,,,,,,,,,,,,,,,,,,,,,,,,,,,,
Q9832,Q71679248,,,,,,,,,,,,,,,,,,,,,,,,,,,,,,,,,,,,,,,,,,,,,
Q9837,Q356060,,,,,,,,,,,,,,,,,,,,,,,,,,,,,,,,,,,,,,,,,,,,,I00719938
Q9838,Q106435977,,,,,,,,,,,,,,,,,,,,,,,,,,,,,,,,,,,,,,,,,,,,,
Q9839,Q11623032,,,,,,,,,,,,,,,,,,,,,,,,,,,,,,,,,,,,,,,,,,,,,
Q9840,Q11623492,,,,,,,,,,,,,,,,,,,,,,,,,,,,,,,,,,,,,,,,,,,,,
Q9842,Q11623126,,,,,,,,,,,,,,,,,,,,,,,,,,,,,,,,,,,,,,,,,,,,,
Q9843,Q11623491,,,,,,,,,,,,,,,,,,,,,,,,,,,,,,,,,,,,,,,,,,,,,
Q9844,Q17225663,,,,,,,,,,,,,,,,,,,,,,,,,,,,,,,,,,,,,,,,,,,,,
Q9847,Q106451959,,,,,,,,,,,,,,,,,,,,,,,,,,,,,,,,,,,,,,,,,,,,,
Q9848,Q106459660,,,,,,,,,,,,,,,,,,,,,,,,,,,,,,,,,,,,,,,,,,,,,
Q9853,Q15838922,,,,,,,,,,,,,,,,,,,,,,,,,,,,,,,,,,,,,,,,,,,,,
Q9855,Q11563994,,,,,,,,,,,,,,,,,,,,,,,,,,,,,,,,,,,,,,,,,,,,,
Q9856,Q11564335,,,,,,,,,,,,,,,,,,,,,,,,,,,,,,,,,,,,,,,,,,,,,
Q9857,Q11564368,,,,,,,,,,,,,,,,,,,,,,,,,,,,,,,,,,,,,,,,,,,,,
Q9858,Q11564032,,,,,,,,,,,,,,,,,,,,,,,,,,,,,,,,,,,,,,,,,,,,,
Q9859,Q11564333,,,,,,,,,,,,,,,,,,,,,,,,,,,,,,,,,,,,,,,,,,,,,
Q9860,Q11563990,,,,,,,,,,,,,,,,,,,,,,,,,,,,,,,,,,,,,,,,,,,,,
Q9861,Q11564375,,,,,,,,,,,,,,,,,,,,,,,,,,,,,,,,,,,,,,,,,,,,,I00523625
Q9862,Q11564369,,,,,,,,,,,,,,,,,,,,,,,,,,,,,,,,,,,,,,,,,,,,,
Q9864,Q106373109,,,,,,,,,,,,,,,,,,,,,,,,,,,,,,,,,,,,,,,,,,,,,
Q9869,Q11623034,,,,,,,,,,,,,,,,,,,,,,,,,,,,,,,,,,,,,,,,,,,,,
Q9873,Q106358247,,,,,,,,,,,,,,,,,,,,,,,,,,,,,,,,,,,,,,,,,,,,,
Q9874,Q106358916,,,,,,,,,,,,,,,,,,,,,,,,,,,,,,,,,,,,,,,,,,,,,
Q9875,Q18234936,,,,,,,,,,,,,,,,,,,,,,,,,,,,,,,,,,,,,,,,,,,,,
Q9876,Q106446733,,,,,,,,,,,,,,,,,,,,,,,,,,,,,,,,,,,,,,,,,,,,,
Q9877,Q106619390,,,,,,,,,,,,,,,,,,,,,,,,,,,,,,,,,,,,,,,,,,,,,
Q9878,Q5507542,,,,,,,,,,,,,,,,,,,,,,,,,,,,,,,,,,,,,,,,,,,,,
Q9883,Q106355727,,,,,,,,,,,,,,,,,,,,,,,,,,,,,,,,,,,,,,,,,,,,,
Q9884,Q239898,,,,,,,,,,,,,,,,,,,,,,,,,,,,,,,,,,,,,,,,,,,,,
Q9885,Q11623059,,,,,,,,,,,,,,,,,,,,,,,,,,,,,,,,,,,,,,,,,,,,,
Q9888,Q83208793,,,,,,,,,,,,,,,,,,,,,,,,,,,,,,,,,,,,,,,,,,,,,
Q9889,Q106306981,,,,,,,,,,,,,,,,,,,,,,,,,,,,,,,,,,,,,,,,,,,,,
Q9891,Q106307066,,,,,,,,,,,,,,,,,,,,,,,,,,,,,,,,,,,,,,,,,,,,,
Q9892,Q17223051,,,,,,,,,,,,,,,,,,,,,,,,,,,,,,,,,,,,,,,,,,,,,
Q9893,Q106458865,,,,,,,,,,,,,,,,,,,,,,,,,,,,,,,,,,,,,,,,,,,,,
Q9897,Q18235598,,,,,,,,,,,,,,,,,,,,,,,,,,,,,,,,,,,,,,,,,,,,,
Q9898,Q110579932,,,,,,,,,,,,,,,,,,,,,,,,,,,,,,,,,,,,,,,,,,,,,
Q9901,Q3076818,,,,,,,,,,,,,,,,,,,,,,,,,,,,,,,,,,,,,,,,,,,,,
Q9902,Q11623467,,,,,,,,,,,,,,,,,,,,,,,,,,,,,,,,,,,,,,,,,,,,,
Q9903,Q11623567,,,,,,,,,,,,,,,,,,,,,,,,,,,,,,,,,,,,,,,,,,,,,
Q9904,Q109012637,,,,,,,,,,,,,,,,,,,,,,,,,,,,,,,,,,,,,,,,,,,,,
Q9905,Q11486477,,,,,,,,,,,,,,,,,,,,,,,,,,,,,,,,,,,,,,,,,,,,,
Q9906,Q22127455,,,,,,,,,,,,,,,,,,,,,,,,,,,,,,,,,,,,,,,,,,,,,
Q9908,Q3090657,,,,,,,,,,,,,,,,,,,,,,,,,,,,,,,,,,,,,,,,,,,,,
Q9909,Q121651583,,,,,,,,,,,,,,,,,,,,,,,,,,,,,,,,,,,,,,,,,,,,,
Q9910,Q106410254,,,,,,,,,,,,,,,,,,,,,,,,,,,,,,,,,,,,,,,,,,,,,
Q9916,Q15839372,,,,,,,,,,,,,,,,,,,,,,,,,,,,,,,,,,,,,,,,,,,,,
Q9923,Q11623001,,,,,,,,,,,,,,,,,,,,,,,,,,,,,,,,,,,,,,,,,,,,,
Q9929,Q106409386,,,,,,,,,,,,,,,,,,,,,,,,,,,,,,,,,,,,,,,,,,,,,
Q9931,Q106451674,,,,,,,,,,,,,,,,,,,,,,,,,,,,,,,,,,,,,,,,,,,,,
Q9932,Q110088738,,,,,,,,,,,,,,,,,,,,,,,,,,,,,,,,,,,,,,,,,,,,,
Q9933,Q110088740,,,,,,,,,,,,,,,,,,,,,,,,,,,,,,,,,,,,,,,,,,,,,
Q9935,Q15113421,,,,,,,,,,,,,,,,,,,,,,,,,,,,,,,,,,,,,,,,,,,,,
Q9936,Q109931341,,,,,,,,,,,,,,,,,,,,,,,,,,,,,,,,,,,,,,,,,,,,,
Q9941,Q64783205,,,,,,,,,,,,,,,,,,,,,,,,,,,,,,,,,,,,,,,,,,,,,
Q9942,Q106303516,,,,,,,,,,,,,,,,,,,,,,,,,,,,,,,,,,,,,,,,,,,,,
Q9944,Q97613633,,,,,,,,,,,,,,,,,,,,,,,,,,,,,,,,,,,,,,,,,,,,,
Q9948,Q11623529,,,,,,,,,,,,,,,,,,,,,,,,,,,,,,,,,,,,,,,,,,,,,
Q9950,Q106364503,,,,,,,,,,,,,,,,,,,,,,,,,,,,,,,,,,,,,,,,,,,,,
Q9951,Q106435840,,,,,,,,,,,,,,,,,,,,,,,,,,,,,,,,,,,,,,,,,,,,,
Q9952,Q106364534,,,,,,,,,,,,,,,,,,,,,,,,,,,,,,,,,,,,,,,,,,,,,
Q9955,Q106617288,,,,,,,,,,,,,,,,,,,,,,,,,,,,,,,,,,,,,,,,,,,,,
Q9960,Q106359602,,,,,,,,,,,,,,,,,,,,,,,,,,,,,,,,,,,,,,,,,,,,,
Q9962,Q11623096,,,,,,,,,,,,,,,,,,,,,,,,,,,,,,,,,,,,,,,,,,,,,
Q9963,Q3314714,,,,,,,,,,,,,,,,,,,,,,,,,,,,,,,,,,,,,,,,,,,,,
Q9964,Q109713484,,,,,,,,,,,,,,,,,,,,,,,,,,,,,,,,,,,,,,,,,,,,,
Q9969,Q108930532,,,,,,,,,,,,,,,,,,,,,,,,,,,,,,,,,,,,,,,,,,,,,
Q9973,Q108930586,,,,,,,,,,,,,,,,,,,,,,,,,,,,,,,,,,,,,,,,,,,,,
Q9975,Q109855872,,,,,,,,,,,,,,,,,,,,,,,,,,,,,,,,,,,,,,,,,,,,,
Q9976,Q3082851,,,,,,,,,,,,,,,,,,,,,,,,,,,814216,,,,,,,,,,,,,,,,,,
Q9977,Q11564357,,,,,,,,,,,,,,,,,,,,,,,,,,,,,,,,,,,,,,,,,,,,,
Q9978,Q11564346,,,,,,,,,,,,,,,,,,,,,,,,,,,,,,,,,,,,,,,,,,,,,
Q9979,Q106533719,,,,,,,,,,,,,,,,,,,,,,,,,,,,,,,,,,,,,,,,,,,,,
Q9982,Q24886480,,,,,,,,,,,,,,,,,,,,,,,,,,,,,,,,,,,,,,,,,,,,,
Q9984,Q11564359,,,,,,,,,,,,,,,,,,,,,,,,,,,814334,,,,,,,,,,,,,,,,,,
Q9985,Q106385481,,,,,,,,,,,,,,,,,,,,,,,,,,,,,,,,,,,,,,,,,,,,,
Q9986,Q110382612,,,,,,,,,,,,,,,,,,,,,,,,,,,,,,,,,,,,,,,,,,,,,
Q9987,Q11564353,,,,,,,,,,,,,,,,,,,,,,,,,,,,,,,,,,,,,,,,,,,,,
Q9988,Q11564350,,,,,,,,,,,,,,,,,,,,,,,,,,,814330,,,,,,,,,,,,,,,,,,
Q9989,Q11564054,,,,,,,,,,,,,,,,,,,,,,,,,,,,,,,,,,,,,,,,,,,,,
Q9990,Q24886478,,,,,,,,,,,,,,,,,,,,,,,,,,,,,,,,,,,,,,,,,,,,,
Q9991,Q106385754,,,,,,,,,,,,,,,,,,,,,,,,,,,,,,,,,,,,,,,,,,,,,
Q9992,Q11564033,,,,,,,,,,,,,,,,,,,,,,,,,,,,,,,,,,,,,,,,,,,,,
Q9994,Q106398171,,,,,,,,,,,,,,,,,,,,,,,,,,,,,,,,,,,,,,,,,,,,,
Q9995,Q106398212,,,,,,,,,,,,,,,,,,,,,,,,,,,,,,,,,,,,,,,,,,,,,
Q9997,Q106422258,,,,,,,,,,,,,,,,,,,,,,,,,,,,,,,,,,,,,,,,,,,,,
Q9998,Q110571927,,,,,,,,,,,,,,,,,,,,,,,,,,,,,,,,,,,,,,,,,,,,,
Q10002,Q24901021,,,,,,,,,,,,,,,,,,,,,,,,,,,,,,,,,,,,,,,,,,,,,
Q10003,Q22131457,,,,,,,,,,,,,,,,,,,,,,,,,,,,,,,,,,,,,,,,,,,,,
Q10004,Q22126741,,,,,,,,,,,,,,,,,,,,,,,,,,,,,,,,,,,,,,,,,,,,,
Q10005,Q11623139,,,,,,,,,,,,,,,,,,,,,,,,,,,,,,,,,,,,,,,,,,,,,
Q10007,Q11623183,,,,,,,,,,,,,,,,,,,,,,,,,,,,,,,,,,,,,,,,,,,,,
Q10008,Q11623178,,,,,,,,,,,,,,,,,,,,,,,,,,,,,,,,,,,,,,,,,,,,,
Q10009,Q106434980,,,,,,,,,,,,,,,,,,,,,,,,,,,,,,,,,,,,,,,,,,,,,
Q10012,Q109328760,,,,,,,,,,,,,,,,,,,,,,,,,,,,,,,,,,,,,,,,,,,,,
Q10018,Q106357941,,,,,,,,,,,,,,,,,,,,,,,,,,,,,,,,,,,,,,,,,,,,,
Q10019,Q106359563,,,,,,,,,,,,,,,,,,,,,,,,,,,,,,,,,,,,,,,,,,,,,
Q10020,Q106458930,,,,,,,,,,,,,,,,,,,,,,,,,,,,,,,,,,,,,,,,,,,,,
Q10022,Q106493761,,,,,,,,,,,,,,,,,,,,,,,,,,,,,,,,,,,,,,,,,,,,,
Q10023,Q11564331,,,,,,,,,,,,,,,,,,,,,,,,,,,,,,,,,,,,,,,,,,,,,
Q10024,Q17214096,,,,,,,,,,,,,,,,,,,,,,,,,,,,,,,,,,,,,,,,,,,,,
Q10025,Q106358188,,,,,,,,,,,,,,,,,,,,,,,,,,,,,,,,,,,,,,,,,,,,,
Q10026,Q18235612,,,,,,,,,,,,,,,,,,,,,,,,,,,,,,,,,,,,,,,,,,,,,
Q10027,Q22130893,,,,,,,,,,,,,,,,,,,,,,,,,,,,,,,,,,,,,,,,,,,,,
Q10028,Q11563989,,,,,,,,,,,,,,,,,,,,,,,,,,,,,,,,,,,,,,,,,,,,,
Q10031,Q106374634,,,,,,,,,,,,,,,,,,,,,,,,,,,,,,,,,,,,,,,,,,,,,
Q10032,Q106374672,,,,,,,,,,,,,,,,,,,,,,,,,,,,,,,,,,,,,,,,,,,,,
Q10033,Q106448627,,,,,,,,,,,,,,,,,,,,,,,,,,,,,,,,,,,,,,,,,,,,,
Q10034,Q110206272,,,,,,,,,,,,,,,,,,,,,,,,,,,,,,,,,,,,,,,,,,,,,
Q10035,Q108894027,,,,,,,,,,,,,,,,,,,,,,,,,,,,,,,,,,,,,,,,,,,,,
Q10038,Q106374186,,,,,,,,,,,,,,,,,,,,,,,,,,,,,,,,,,,,,,,,,,,,,
Q10039,Q24898903,,,,,,,,,,,,,,,,,,,,,,,,,,,,,,,,,,,,,,,,,,,,,
Q10041,Q17218735,,,,,,,,,,,,,,,,,,,,,,,,,,,,,,,,,,,,,,,,,,,,,
Q10045,Q11623292,,,,,,,,,,,,,,,,,,,,,,,,,,,,,,,,,,,,,,,,,,,,,
Q10046,Q11512257,,,,,,,,,,,,,,,,,,,,,,,,,,,,,,,,,,,,,,,,,,,,,
Q10052,Q11483479,,,,,,,,,,,,,,,,,,,,,,,,,,,,,,,,,,,,,,,,,,,,,
Q10053,Q89521260,,,,,,,,,,,,,,,,,,,,,,,,,,,,,,,,,,,,,,,,,,,,,
Q10054,Q11482761,,,,,,,,,,,,,,,,,,,,,,,,,,,,,,,,,,,,,,,,,,,,,
Q10057,Q11388730,,,,,,,,,,,,,,,,,,,,,,,,,,,,,,,,,,,,,,,,,,,,,
Q10058,Q11388749,,,,,,,,,,,,,,,,,,,,,,,,,,,,,,,,,,,,,,,,,,,,,
Q10059,Q106418907,,,,,,,,,,,,,,,,,,,,,,,,,,,,,,,,,,,,,,,,,,,,,
Q10060,Q81968233,,,,,,,,,,,,,,,,,,,,,,,,,,,,,,,,,,,,,,,,,,,,,
Q10063,Q11483420,,,,,,,,,,,,,,,,,,,,,,,,,,,,,,,,,,,,,,,,,,,,,
Q10067,Q11483419,,,,,,,,,,,,,,,,,,,,,,,,,,,,,,,,,,,,,,,,,,,,,
Q10069,Q11483148,,,,,,,,,,,,,,,,,,,,,,,,,,,,,,,,,,,,,,,,,,,,,
Q10072,Q11482081,,,,,,,,,,,,,,,,,,,,,,,,,,,,,,,,,,,,,,,,,,,,,
Q10074,Q5098972,,,,,,,,,,,,,,,,,,,,,,,,,,,,,,,,,,,,,,,,,,,,,
Q10086,Q11356539,,,,,,,,,,,,,,,,,,,,,,,,,,,,,,,,,,,,,,,,,,,,,
Q10087,Q11356483,,,,,,,,,,,,,,,,,,,,,,,,,,,,,,,,,,,,,,,,,,,,,
Q10089,Q11472979,,,,,,,,,,,,,,,,,,,,,,,,,,,,,,,,,,,,,,,,,,,,,
Q10091,Q11356542,,,,,,,,,,,,,,,,,,,,,,,,,,,,,,,,,,,,,,,,,,,,,
Q10093,Q11434159,,,,,,,,,,,,,,,,,,,,,,,,,,,,,,,,,,,,,,,,,,,,,
Q10094,Q90866712,,,,,,,,,,,,,,,,,,,,,,,,,,,,,,,,,,,,,,,,,,,,,
Q10101,Q11564221,,,,,,,,,,,,,,,,,,,,,,,,,,,,,,,,,,,,,,,,,,,,,
Q10104,Q11386297,,,,,,,,,,,,,,,,,,,,,,,,,,,,,,,,,,,,,,,,,,,,,
Q10107,Q11564122,,,,,,,,,,,,,,,,,,,,,,,,,,,,,,,,,,,,,,,,,,,,,
Q10110,Q11596156,,,,,,,,,,,,,,,,,,,,,,,,,,,,,,,,,,,,,,,,,,,,,
Q10111,Q11596154,,,,,,,,,,,,,,,,,,,,,,,,,,,,,,,,,,,,,,,,,,,,,
Q10112,Q11551124,,,,,,,,,,,,,,,,,,,,,,,,,,,,,,,,,,,,,,,,,,,,,
Q10114,Q11561779,,,,,,,,,,,,,,,,,,,,,,,,,,,,,,,,,,,,,,,,,,,,,
Q10122,Q110220105,,,,,,,,,,,,,,,,,,,,,,,,,,,,,,,,,,,,,,,,,,,,,
Q10125,Q106359554,,,,,,,,,,,,,,,,,,,,,,,,,,,,,,,,,,,,,,,,,,,,,
Q10126,Q106359576,,,,,,,,,,,,,,,,,,,,,,,,,,,,,,,,,,,,,,,,,,,,,
Q10127,Q108692554,,,,,,,,,,,,,,,,,,,,,,,,,,,,,,,,,,,,,,,,,,,,,
Q10128,Q11564106,,,,,,,,,,,,,,,,,,,,,,,,,,,,,,,,,,,,,,,,,,,,,
Q10137,Q11623538,,,,,,,,,,,,,,,,,,,,,,,,,,,,,,,,,,,,,,,,,,,,,
Q10139,Q106358982,,,,,,,,,,,,,,,,,,,,,,,,,,,,,,,,,,,,,,,,,,,,,
Q10141,Q11630345,,,,,,,,,,,,,,,,,,,,,,,,,,,,,,,,,,,,,,,,,,,,,
Q10143,Q11564066,,,,,,,,,,,,,,,,,,,,,,,,,,,,,,,,,,,,,,,,,,,,,
Q10144,Q110564950,,,,,,,,,,,,,,,,,,,,,,,,,,,,,,,,,,,,,,,,,,,,,
Q10146,Q109333509,,,,,,,,,,,,,,,,,,,,,,,,,,,,,,,,,,,,,,,,,,,,,
Q10147,Q109333533,,,,,,,,,,,,,,,,,,,,,,,,,,,,,,,,,,,,,,,,,,,,,
Q10156,Q11382379,,,,,,,,,,,,,,,,,,,,,,,,,,,820332,,,,,,,,,,,,,,,,,,
Q10161,Q11623647,,,,,,,,,,,,,,,,,,,,,,,,,,,,,,,,,,,,,,,,,,,,,
Q10162,Q15838912,,,,,,,,,,,,,,,,,,,,,,,,,,,,,,,,,,,,,,,,,,,,,
Q10165,Q11623338,,,,,,,,,,,,,,,,,,,,,,,,,,,,,,,,,,,,,,,,,,,,,
Q10169,Q382633,,,,,,,,,,,,,,,,,,,,,,,,,,,,,,,,,,,,,,,,,,,,,
Q10170,Q11564042,,,,,,,,,,,,,,,,,,,,,,,,,,,,,,,,,,,,,,,,,,,,,
Q10171,Q17214009,,,,,,,,,,,,,,,,,,,,,,,,,,,,,,,,,,,,,,,,,,,,,
Q10174,Q106449081,,,,,,,,,,,,,,,,,,,,,,,,,,,,,,,,,,,,,,,,,,,,,
Q10178,Q109288088,,,,,,,,,,,,,,,,,,,,,,,,,,,,,,,,,,,,,,,,,,,,,
Q10179,Q109928750,,,,,,,,,,,,,,,,,,,,,,,,,,,,,,,,,,,,,,,,,,,,,
Q10180,Q109928762,,,,,,,,,,,,,,,,,,,,,,,,,,,,,,,,,,,,,,,,,,,,,
Q10182,Q22125080,,,,,,,,,,,,,,,,,,,,,,,,,,,,,,,,,,,,,,,,,,,,,
Q10184,Q106443985,,,,,,,,,,,,,,,,,,,,,,,,,,,,,,,,,,,,,,,,,,,,,
Q10190,Q11544214,,,,,,,,,,,,,,,,,,,,,,,,,,,,,,,,,,,,,,,,,,,,,
Q10191,Q108671861,,,,,,,,,,,,,,,,,,,,,,,,,,,,,,,,,,,,,,,,,,,,,
Q10192,Q5507545,,,,,,,,,,,,,,,,,,,,,,,,,,,,,,,,,,,,,,,,,,,,,
Q10196,Q175936,,,,,,,,,,,,,,,,,,,,,,,,,,,,,,,,,,,,,,,,,,,,,
Q10198,Q11560521,,,,,,,,,,,,,,,,,,,,,,,,,,,,,,,,,,,,,,,,,,,,,
Q10199,Q106407998,,,,,,,,,,,,,,,,,,,,,,,,,,,,,,,,,,,,,,,,,,,,,
Q10201,Q110571243,,,,,,,,,,,,,,,,,,,,,,,,,,,,,,,,,,,,,,,,,,,,,
Q10203,Q11623224,,,,,,,,,,,,,,,,,,,,,,,,,,,,,,,,,,,,,,,,,,,,,
Q10204,Q11623449,,,,,,,,,,,,,,,,,,,,,,,,,,,,,,,,,,,,,,,,,,,,,
Q10205,Q11623180,,,,,,,,,,,,,,,,,,,,,,,,,,,,,,,,,,,,,,,,,,,,,
Q10206,Q108656462,,,,,,,,,,,,,,,,,,,,,,,,,,,,,,,,,,,,,,,,,,,,,
Q10209,Q105711278,,,,,,,,,,,,,,,,,,,,,,,,,,,,,,,,,,,,,,,,,,,,,
Q10213,Q3090620,,,,,,,,,,,,,,,,,,,,,,,,,,,,,,,,,,,,,,,,,,,,,
Q10214,Q29410913,,,,,,,,,,,,,,,,,,,,,,,,,,,,,,,,,,,,,,,,,,,,,
Q10216,Q11623175,,,,,,,,,,,,,,,,,,,,,,,,,,,,,,,,,,,,,,,,,,,,,
Q10218,Q108657235,,,,,,,,,,,,,,,,,,,,,,,,,,,,,,,,,,,,,,,,,,,,,
Q10219,Q109918765,,,,,,,,,,,,,,,,,,,,,,,,,,,,,,,,,,,,,,,,,,,,,
Q10220,Q109918773,,,,,,,,,,,,,,,,,,,,,,,,,,,,,,,,,,,,,,,,,,,,,
Q10222,Q17212841,,,,,,,,,,,,,,,,,,,,,,,,,,,,,,,,,,,,,,,,,,,,,
Q10223,Q18123753,,,,,,,,,,,,,,,,,,,,,,,,,,,,,,,,,,,,,,,,,,,,,
Q10224,Q106399370,,,,,,,,,,,,,,,,,,,,,,,,,,,,,,,,,,,,,,,,,,,,,
Q10226,Q11623569,,,,,,,,,,,,,,,,,,,,,,,,,,,,,,,,,,,,,,,,,,,,,
Q10232,Q106443585,,,,,,,,,,,,,,,,,,,,,,,,,,,,,,,,,,,,,,,,,,,,,
Q10235,Q11623225,,,,,,,,,,,,,,,,,,,,,,,,,,,,,,,,,,,,,,,,,,,,,
Q10236,Q22125014,,,,,,,,,,,,,,,,,,,,,,,,,,,,,,,,,,,,,,,,,,,,,
Q10237,Q100454117,,,,,,,,,,,,,,,,,,,,,,,,,,,,,,,,,,,,,,,,,,,,,
Q10238,Q11623221,,,,,,,,,,,,,,,,,,,,,,,,,,,,,,,,,,,,,,,,,,,,,
Q10242,Q11630320,,,,,,,,,,,,,,,,,,,,,,,,,,,,,,,,,,,,,,,,,,,,,
Q10245,Q109333488,,,,,,,,,,,,,,,,,,,,,,,,,,,,,,,,,,,,,,,,,,,,,
Q10254,Q106374986,,,,,,,,,,,,,,,,,,,,,,,,,,,,,,,,,,,,,,,,,,,,,
Q10256,Q106451988,,,,,,,,,,,,,,,,,,,,,,,,,,,,,,,,,,,,,,,,,,,,,
Q10259,Q106449107,,,,,,,,,,,,,,,,,,,,,,,,,,,,,,,,,,,,,,,,,,,,,
Q10261,Q106463464,,,,,,,,,,,,,,,,,,,,,,,,,,,,,,,,,,,,,,,,,,,,,
Q10263,Q110210732,,,,,,,,,,,,,,,,,,,,,,,,,,,,,,,,,,,,,,,,,,,,,
Q10266,Q11623189,,,,,,,,,,,,,,,,,,,,,,,,,,,,,,,,,,,,,,,,,,,,,
Q10267,Q923640,,,,,,,,,,,,,,,,,,,,,,,,,,,974266,,,,,,,,,,,,,,,,,,I00523626
Q10269,Q11623460,,,,,,,,,,,,,,,,,,,,,,,,,,,,,,,,,,,,,,,,,,,,,
Q10271,Q11623257,,,,,,,,,,,,,,,,,,,,,,,,,,,,,,,,,,,,,,,,,,,,,
Q10275,Q110211000,,,,,,,,,,,,,,,,,,,,,,,,,,,,,,,,,,,,,,,,,,,,,
Q10278,Q11121964,,,,,,,,,,,,,,,,,,,,,,,,,,,,,,,,,,,,,,,,,,,,,
Q10282,Q11623155,,,,,,,,,,,,,,,,,,,,,,,,,,,,,,,,,,,,,,,,,,,,,
Q10283,Q11623223,,,,,,,,,,,,,,,,,,,,,,,,,,,,,,,,,,,,,,,,,,,,,
Q10284,Q535609,,,,,,,,,,,,,,,,,,,,,,,,,,,,,,,,,,,,,,,,,,,,,
Q10285,Q11623128,,,,,,,,,,,,,,,,,,,,,,,,,,,,,,,,,,,,,,,,,,,,,
Q10286,Q11623164,,,,,,,,,,,,,,,,,,,,,,,,,,,,,,,,,,,,,,,,,,,,,
Q10287,Q11623073,,,,,,,,,,,,,,,,,,,,,,,,,,,,,,,,,,,,,,,,,,,,,
Q10289,Q106459405,,,,,,,,,,,,,,,,,,,,,,,,,,,,,,,,,,,,,,,,,,,,,
Q10291,Q109774756,,,,,,,,,,,,,,,,,,,,,,,,,,,,,,,,,,,,,,,,,,,,,
Q10292,Q24862202,,,,,,,,,,,,,,,,,,,,,,,,,,,,,,,,,,,,,,,,,,,,,
Q10295,Q106446795,,,,,,,,,,,,,,,,,,,,,,,,,,,,,,,,,,,,,,,,,,,,,
Q10296,Q106446926,,,,,,,,,,,,,,,,,,,,,,,,,,,,,,,,,,,,,,,,,,,,,
Q10297,Q106450108,,,,,,,,,,,,,,,,,,,,,,,,,,,,,,,,,,,,,,,,,,,,,
Q10298,Q106450160,,,,,,,,,,,,,,,,,,,,,,,,,,,,,,,,,,,,,,,,,,,,,
Q10299,Q109748818,,,,,,,,,,,,,,,,,,,,,,,,,,,,,,,,,,,,,,,,,,,,,
Q10300,Q109774634,,,,,,,,,,,,,,,,,,,,,,,,,,,,,,,,,,,,,,,,,,,,,
Q10301,Q110582515,,,,,,,,,,,,,,,,,,,,,,,,,,,,,,,,,,,,,,,,,,,,,
Q10302,Q109774735,,,,,,,,,,,,,,,,,,,,,,,,,,,,,,,,,,,,,,,,,,,,,
Q10303,Q11564041,,,,,,,,,,,,,,,,,,,,,,,,,,,,,,,,,,,,,,,,,,,,,
Q10306,Q110749090,,,,,,,,,,,,,,,,,,,,,,,,,,,,,,,,,,,,,,,,,,,,,
Q10310,Q106363395,,,,,,,,,,,,,,,,,,,,,,,,,,,,,,,,,,,,,,,,,,,,,
Q10311,Q4868,,,,,,,,,,,,,,,,,,,,,,,,,,,,,,,,,,,,,,,,,,,,,
Q10312,Q464267,,,,,,,,,,,,,,,,,,,,,,,,,,,485588,,,,,,,,,,,,,,,,,,I00523760
Q10317,Q11564372,,,,,,,,,,,,,,,,,,,,,,,,,,,,,,,,,,,,,,,,,,,,,
Q10318,Q106445733,,,,,,,,,,,,,,,,,,,,,,,,,,,,,,,,,,,,,,,,,,,,,
Q10319,Q106445748,,,,,,,,,,,,,,,,,,,,,,,,,,,,,,,,,,,,,,,,,,,,,
Q10324,Q106450780,,,,,,,,,,,,,,,,,,,,,,,,,,,,,,,,,,,,,,,,,,,,,
Q10327,Q11564336,,,,,,,,,,,,,,,,,,,,,,,,,,,,,,,,,,,,,,,,,,,,,
Q10328,Q11564371,,,,,,,,,,,,,,,,,,,,,,,,,,,,,,,,,,,,,,,,,,,,,
Q10335,Q3513977,,,,,,,,,,,,,,,,,,,,,,,,,,,,,,,,,,,,,,,,,,,,,
Q10336,Q11360113,,,,,,,,,,,,,,,,,,,,,,,,,,,,,,,,,,,,,,,,,,,,,
Q10351,Q11564053,,,,,,,,,,,,,,,,,,,,,,,,,,,,,,,,,,,,,,,,,,,,,
Q10360,Q106373918,,,,,,,,,,,,,,,,,,,,,,,,,,,,,,,,,,,,,,,,,,,,,
Q10363,Q11564072,,,,,,,,,,,,,,,,,,,,,,,,,,,,,,,,,,,,,,,,,,,,,
Q10364,Q11564068,,,,,,,,,,,,,,,,,,,,,,,,,,,,,,,,,,,,,,,,,,,,,
Q10365,Q11564065,,,,,,,,,,,,,,,,,,,,,,,,,,,,,,,,,,,,,,,,,,,,,
Q10366,Q9385137,,,,,,,,,,,,,,,,,,,,,,,,,,,,,,,,,,,,,,,,,,,,,
Q10367,Q11564108,,,,,,,,,,,,,,,,,,,,,,,,,,,,,,,,,,,,,,,,,,,,,
Q10370,Q10395954,,,,,,,,,,,,,,,,,,,,,,,,,,,,,,,,,,,,,,,,,,,,,
Q10371,Q95162020,,,,,,,,,,,,,,,,,,,,,,,,,,,,,,,,,,,,,,,,,,,,,
Q10379,Q934255,,,,,,,,,,,,,,,,,,,,,,,,,,,,,,,,,,,,,,,,,,,,,
Q10385,Q106470819,,,,,,,,,,,,,,,,,,,,,,,,,,,,,,,,,,,,,,,,,,,,,
Q10386,Q106462751,,,,,,,,,,,,,,,,,,,,,,,,,,,,,,,,,,,,,,,,,,,,,
Q10390,Q11564317,,,,,,,,,,,,,,,,,,,,,,,,,,,,,,,,,,,,,,,,,,,,,
Q10393,Q11623568,,,,,,,,,,,,,,,,,,,,,,,,,,,,,,,,,,,,,,,,,,,,,
Q10394,Q108656014,,,,,,,,,,,,,,,,,,,,,,,,,,,,,,,,,,,,,,,,,,,,,
Q10398,Q106306957,,,,,,,,,,,,,,,,,,,,,,,,,,,,,,,,,,,,,,,,,,,,,
Q10401,Q109333399,,,,,,,,,,,,,,,,,,,,,,,,,,,,,,,,,,,,,,,,,,,,,
Q10402,Q109333470,,,,,,,,,,,,,,,,,,,,,,,,,,,,,,,,,,,,,,,,,,,,,
Q10403,Q109333693,,,,,,,,,,,,,,,,,,,,,,,,,,,,,,,,,,,,,,,,,,,,,
Q10407,Q106458921,,,,,,,,,,,,,,,,,,,,,,,,,,,,,,,,,,,,,,,,,,,,,
Q10410,Q124483480,,,,,,,,,,,,,,,,,,,,,,,,,,,,,,,,,,,,,,,,,,,,,
Q10411,Q11564244,,,,,,,,,,,,,,,,,,,,,,,,,,,,,,,,,,,,,,,,,,,,,
Q10412,Q17216077,,,,,,,,,,,,,,,,,,,,,,,,,,,,,,,,,,,,,,,,,,,,,
Q10413,Q11623462,,,,,,,,,,,,,,,,,,,,,,,,,,,,,,,,,,,,,,,,,,,,,
Q10416,Q15839249,,,,,,,,,,,,,,,,,,,,,,,,,,,,,,,,,,,,,,,,,,,,,
Q10434,Q106472401,,,,,,,,,,,,,,,,,,,,,,,,,,,,,,,,,,,,,,,,,,,,,
Q10437,Q497878,,,,,,,,,,,,,,,,,,,,,,,,,,,,,,,,,,,,,,,,,,,,,
Q10438,Q497911,,,,,,,,,,,,,,,,,,,,,,,,,,,,,,,,,,,,,,,,,,,,,
Q10439,Q16163275,,,,,,,,,,,,,,,,,,,,,,,,,,,,,,,,,,,,,,,,,,,,,
Q10443,Q55177795,,,,,,,,,,,,,,,,,,,,,,,,,,,,,,,,,,,,,,,,,,,,,
Q10444,Q66828383,,,,,,,,,,,,,,,,,,,,,,,,,,,,,,,,,,,,,,,,,,,,,
Q10445,Q11623020,,,,,,,,,,,,,,,,,,,,,,,,,,,,,,,,,,,,,,,,,,,,,
Q10446,Q106435810,,,,,,,,,,,,,,,,,,,,,,,,,,,,,,,,,,,,,,,,,,,,,
Q10450,Q109713611,,,,,,,,,,,,,,,,,,,,,,,,,,,,,,,,,,,,,,,,,,,,,
Q10454,Q11623030,,,,,,,,,,,,,,,,,,,,,,,,,,,,,,,,,,,,,,,,,,,,,
Q10455,Q106542273,,,,,,,,,,,,,,,,,,,,,,,,,,,,,,,,,,,,,,,,,,,,,
Q10458,Q11605021,,,,,,,,,,,,,,,,,,,,,,,,,,,,,,,,,,,,,,,,,,,,,
Q10460,Q108930642,,,,,,,,,,,,,,,,,,,,,,,,,,,,,,,,,,,,,,,,,,,,,
Q10461,Q110206488,,,,,,,,,,,,,,,,,,,,,,,,,,,,,,,,,,,,,,,,,,,,,
Q10464,Q109855918,,,,,,,,,,,,,,,,,,,,,,,,,,,,,,,,,,,,,,,,,,,,,
Q10465,Q32613,,,,,,,,,,,,,,,,,,,,,,,,,,,814219,,,,,,,,,,,,,,,,,,
Q10466,Q11564276,,,,,,,,,,,,,,,,,,,,,,,,,,,814217,,,,,,,,,,,,,,,,,,
Q10467,Q3083118,,,,,,,,,,,,,,,,,,,,,,,,,,,814218,,,,,,,,,,,,,,,,,,
Q10468,Q11554262,,,,,,,,,,,,,,,,,,,,,,,,,,,,,,,,,,,,,,,,,,,,,
Q10469,Q11491411,,,,,,,,,,,,,,,,,,,,,,,,,,,,,,,,,,,,,,,,,,,,,
Q10470,Q24876040,,,,,,,,,,,,,,,,,,,,,,,,,,,,,,,,,,,,,,,,,,,,,
Q10476,Q11563983,,,,,,,,,,,,,,,,,,,,,,,,,,,,,,,,,,,,,,,,,,,,,
Q10477,Q11564113,,,,,,,,,,,,,,,,,,,,,,,,,,,,,,,,,,,,,,,,,,,,,
Q10478,Q11564036,,,,,,,,,,,,,,,,,,,,,,,,,,,,,,,,,,,,,,,,,,,,,
Q10479,Q11564347,,,,,,,,,,,,,,,,,,,,,,,,,,,,,,,,,,,,,,,,,,,,,
Q10481,Q106451252,,,,,,,,,,,,,,,,,,,,,,,,,,,,,,,,,,,,,,,,,,,,,
Q10484,Q110382414,,,,,,,,,,,,,,,,,,,,,,,,,,,,,,,,,,,,,,,,,,,,,
Q10489,Q11564311,,,,,,,,,,,,,,,,,,,,,,,,,,,,,,,,,,,,,,,,,,,,,
Q10491,Q11623393,,,,,,,,,,,,,,,,,,,,,,,,,,,,,,,,,,,,,,,,,,,,,
Q10492,Q11623397,,,,,,,,,,,,,,,,,,,,,,,,,,,,,,,,,,,,,,,,,,,,,
Q10493,Q11623648,,,,,,,,,,,,,,,,,,,,,,,,,,,,,,,,,,,,,,,,,,,,,
Q10494,Q11623613,,,,,,,,,,,,,,,,,,,,,,,,,,,,,,,,,,,,,,,,,,,,,
Q10496,Q108656556,,,,,,,,,,,,,,,,,,,,,,,,,,,,,,,,,,,,,,,,,,,,,
Q10498,Q11623412,,,,,,,,,,,,,,,,,,,,,,,,,,,,,,,,,,,,,,,,,,,,,
Q10500,Q11457465,,,,,,,,,,,,,,,,,,,,,,,,,,,,,,,,,,,,,,,,,,,,,
Q10501,Q106399433,,,,,,,,,,,,,,,,,,,,,,,,,,,,,,,,,,,,,,,,,,,,,
Q10504,Q106460553,,,,,,,,,,,,,,,,,,,,,,,,,,,,,,,,,,,,,,,,,,,,,
Q10509,Q106470842,,,,,,,,,,,,,,,,,,,,,,,,,,,,,,,,,,,,,,,,,,,,,
Q10516,Q11623329,,,,,,,,,,,,,,,,,,,,,,,,,,,,,,,,,,,,,,,,,,,,,
Q10517,Q11623335,,,,,,,,,,,,,,,,,,,,,,,,,,,,,,,,,,,,,,,,,,,,,
Q10519,Q106472287,,,,,,,,,,,,,,,,,,,,,,,,,,,,,,,,,,,,,,,,,,,,,
Q10523,Q11623359,,,,,,,,,,,,,,,,,,,,,,,,,,,,,,,,,,,,,,,,,,,,,
Q10524,Q79734299,,,,,,,,,,,,,,,,,,,,,,,,,,,,,,,,,,,,,,,,,,,,,
Q10525,Q11564323,,,,,,,,,,,,,,,,,,,,,,,,,,,,,,,,,,,,,,,,,,,,,
Q10527,Q108657010,,,,,,,,,,,,,,,,,,,,,,,,,,,,,,,,,,,,,,,,,,,,,
Q10528,Q18235605,,,,,,,,,,,,,,,,,,,,,,,,,,,,,,,,,,,,,,,,,,,,,
Q10530,Q106448661,,,,,,,,,,,,,,,,,,,,,,,,,,,,,,,,,,,,,,,,,,,,,
Q10531,Q95162404,,,,,,,,,,,,,,,,,,,,,,,,,,,,,,,,,,,,,,,,,,,,,
Q10534,Q110205155,,,,,,,,,,,,,,,,,,,,,,,,,,,,,,,,,,,,,,,,,,,,,
Q10537,Q106485280,,,,,,,,,,,,,,,,,,,,,,,,,,,,,,,,,,,,,,,,,,,,,
Q10538,Q110904637,,,,,,,,,,,,,,,,,,,,,,,,,,,,,,,,,,,,,,,,,,,,,
Q10548,Q62085543,,,,,,,,,,,,,,,,,,,,,,,,,,,,,,,,,,,,,,,,,,,,,
Q10554,Q106386781,,,,,,,,,,,,,,,,,,,,,,,,,,,,,,,,,,,,,,,,,,,,,
Q10557,Q7676359,,,,,,,,,,,,,,,,,,,,,,,,,,,,,,,,,,,,,,,,,,,,,
Q10558,Q11613228,,,,,,,,,,,,,,,,,,,,,,,,,,,,,,,,,,,,,,,,,,,,,
Q10563,Q81968136,,,,,,,,,,,,,,,,,,,,,,,,,,,,,,,,,,,,,,,,,,,,,
Q10567,Q11483415,,,,,,,,,,,,,,,,,,,,,,,,,,,,,,,,,,,,,,,,,,,,,
Q10568,Q62601460,,,,,,,,,,,,,,,,,,,,,,,,,,,,,,,,,,,,,,,,,,,,,
Q10570,Q11482780,,,,,,,,,,,,,,,,,,,,,,,,,,,,,,,,,,,,,,,,,,,,,
Q10571,Q3083805,,,,,,,,,,,,,,,,,,,,,,,,,,,,,,,,,,,,,,,,,,,,,
Q10572,Q106419163,,,,,,,,,,,,,,,,,,,,,,,,,,,,,,,,,,,,,,,,,,,,,
Q10573,Q106419341,,,,,,,,,,,,,,,,,,,,,,,,,,,,,,,,,,,,,,,,,,,,,
Q10576,Q11468747,,,,,,,,,,,,,,,,,,,,,,,,,,,,,,,,,,,,,,,,,,,,,
Q10578,Q5360232,,,,,,,,,,,,,,,,,,,,,,,,,,,,,,,,,,,,,,,,,,,,,
Q10581,Q3090625,,,,,,,,,,,,,,,,,,,,,,,,,,,,,,,,,,,,,,,,,,,,,
Q10586,Q11482915,,,,,,,,,,,,,,,,,,,,,,,,,,,,,,,,,,,,,,,,,,,,,
Q10591,Q11553998,,,,,,,,,,,,,,,,,,,,,,,,,,,,,,,,,,,,,,,,,,,,,
Q10593,Q106583062,,,,,,,,,,,,,,,,,,,,,,,,,,,,,,,,,,,,,,,,,,,,,
Q10595,Q11391784,,,,,,,,,,,,,,,,,,,,,,,,,,,,,,,,,,,,,,,,,,,,,
Q10601,Q532301,,,,,,,,,,,,,,,,,,,,,,,,,,,814286,,,,,,,,,,,,,,,,,,
Q10602,Q11577620,,,,,,,,,,,,,,,,,,,,,,,,,,,,,,,,,,,,,,,,,,,,,
Q10604,Q11564062,,,,,,,,,,,,,,,,,,,,,,,,,,,814302,,,,,,,,,,,,,,,,,,
Q10606,Q310445,,,,,,,,,,,,,,,,,,,,,,,,,,,814306,,,,,,,,,,,,,,,,,,
Q10607,Q3142238,,,,,,,,,,,,,,,,,,,,,,,,,,,814303,,,,,,,,,,,,,,,,,,
Q10608,Q6863150,,,,,,,,,,,,,,,,,,,,,,,,,,,814299,,,,,,,,,,,,,,,,,,
Q10609,Q988170,,,,,,,,,,,,,,,,,,,,,,,,,,,814298,,,,,,,,,,,,,,,,,,
Q10610,Q11564280,,,,,,,,,,,,,,,,,,,,,,,,,,,,,,,,,,,,,,,,,,,,,
Q10611,Q11609929,,,,,,,,,,,,,,,,,,,,,,,,,,,814305,,,,,,,,,,,,,,,,,,
Q10613,Q11370700,,,,,,,,,,,,,,,,,,,,,,,,,,,,,,,,,,,,,,,,,,,,,
Q10614,Q11439346,,,,,,,,,,,,,,,,,,,,,,,,,,,,,,,,,,,,,,,,,,,,,
Q10615,Q106595994,,,,,,,,,,,,,,,,,,,,,,,,,,,,,,,,,,,,,,,,,,,,,
Q10617,Q174249,,,,,,,,,,,,,,,,,,,,,,,,,,,,,,,,,,,,,,,,,,,,,
Q10619,Q11355364,,,,,,,,,,,,,,,,,,,,,,,,,,,,,,,,,,,,,,,,,,,,,
Q10623,Q11356551,,,,,,,,,,,,,,,,,,,,,,,,,,,,,,,,,,,,,,,,,,,,,
Q10625,Q11356353,,,,,,,,,,,,,,,,,,,,,,,,,,,,,,,,,,,,,,,,,,,,,
Q10626,Q11356550,,,,,,,,,,,,,,,,,,,,,,,,,,,,,,,,,,,,,,,,,,,,,
Q10627,Q11584304,,,,,,,,,,,,,,,,,,,,,,,,,,,,,,,,,,,,,,,,,,,,,
Q10632,Q115112061,,,,,,,,,,,,,,,,,,,,,,,,,,,,,,,,,,,,,,,,,,,,,
Q10635,Q11383112,,,,,,,,,,,,,,,,,,,,,,,,,,,,,,,,,,,,,,,,,,,,,
Q10636,Q110832137,,,,,,,,,,,,,,,,,,,,,,,,,,,,,,,,,,,,,,,,,,,,,
Q10642,Q76970419,,,,,,,,,,,,,,,,,,,,,,,,,,,,,,,,,,,,,,,,,,,,,
Q10644,Q3564968,,,,,,,,,,,,,,,,,,,,,,,,,,,,,,,,,,,,,,,,,,,,,
Q10645,Q55541014,,,,,,,,,,,,,,,,,,,,,,,,,,,,,,,,,,,,,,,,,,,,,
Q10646,Q60989847,,,,,,,,,,,,,,,,,,,,,,,,,,,,,,,,,,,,,,,,,,,,,
Q10648,Q118748423,,,,,,,,,,,,,,,,,,,,,,,,,,,,,,,,,,,,,,,,,,,,,
Q10650,Q3128268,,,,,,,,,,,,,,,,,,,,,,,,,,,,,,,,,,,,,,,,,,,,,
Q10656,Q11555480,,,,,,,,,,,,,,,,,,,,,,,,,,,,,,,,,,,,,,,,,,,,,
Q10657,Q11585689,,,,,,,,,,,,,,,,,,,,,,,,,,,,,,,,,,,,,,,,,,,,,
Q10670,Q3048187,,,,,,,,,,,,,,,,,,,,,,,,,,,,,,,,,,,,,,,,,,,,,
Q10673,Q11561787,,,,,,,,,,,,,,,,,,,,,,,,,,,,,,,,,,,,,,,,,,,,,
Q10687,Q106409523,,,,,,,,,,,,,,,,,,,,,,,,,,,,,,,,,,,,,,,,,,,,,
Q10698,Q11457508,,,,,,,,,,,,,,,,,,,,,,,,,,,,,,,,,,,,,,,,,,,,,
Q10699,Q106460566,,,,,,,,,,,,,,,,,,,,,,,,,,,,,,,,,,,,,,,,,,,,,
Q10703,Q106410472,,,,,,,,,,,,,,,,,,,,,,,,,,,,,,,,,,,,,,,,,,,,,
Q10704,Q11623630,,,,,,,,,,,,,,,,,,,,,,,,,,,,,,,,,,,,,,,,,,,,,
Q10705,Q109955193,,,,,,,,,,,,,,,,,,,,,,,,,,,,,,,,,,,,,,,,,,,,,
Q10706,Q109955279,,,,,,,,,,,,,,,,,,,,,,,,,,,,,,,,,,,,,,,,,,,,,
Q10710,Q11457481,,,,,,,,,,,,,,,,,,,,,,,,,,,,,,,,,,,,,,,,,,,,,
Q10712,Q11382364,,,,,,,,,,,,,,,,,,,,,,,,,,,,,,,,,,,,,,,,,,,,,
Q10716,Q11623617,,,,,,,,,,,,,,,,,,,,,,,,,,,,,,,,,,,,,,,,,,,,,
Q10719,Q15839290,,,,,,,,,,,,,,,,,,,,,,,,,,,,,,,,,,,,,,,,,,,,,
Q10724,Q3482650,,,,,,,,,,,,,,,,,,,,,,,,,,,,,,,,,,,,,,,,,,,,,
Q10727,Q106444024,,,,,,,,,,,,,,,,,,,,,,,,,,,,,,,,,,,,,,,,,,,,,
Q10728,Q106444043,,,,,,,,,,,,,,,,,,,,,,,,,,,,,,,,,,,,,,,,,,,,,
Q10729,Q106445716,,,,,,,,,,,,,,,,,,,,,,,,,,,,,,,,,,,,,,,,,,,,,
Q10732,Q106449260,,,,,,,,,,,,,,,,,,,,,,,,,,,,,,,,,,,,,,,,,,,,,
Q10734,Q110904856,,,,,,,,,,,,,,,,,,,,,,,,,,,,,,,,,,,,,,,,,,,,,
Q10739,Q11623146,,,,,,,,,,,,,,,,,,,,,,,,,,,,,,,,,,,,,,,,,,,,,
Q10740,Q47470126,,,,,,,,,,,,,,,,,,,,,,,,,,,,,,,,,,,,,,,,,,,,,
Q10743,Q3090656,,,,,,,,,,,,,,,,,,,,,,,,,,,,,,,,,,,,,,,,,,,,,
Q10751,Q11482284,,,,,,,,,,,,,,,,,,,,,,,,,,,,,,,,,,,,,,,,,,,,,
Q10752,Q22126722,,,,,,,,,,,,,,,,,,,,,,,,,,,,,,,,,,,,,,,,,,,,,
Q10757,Q11623076,,,,,,,,,,,,,,,,,,,,,,,,,,,,,,,,,,,,,,,,,,,,,
Q10762,Q109928539,,,,,,,,,,,,,,,,,,,,,,,,,,,,,,,,,,,,,,,,,,,,,
Q10763,Q106520337,,,,,,,,,,,,,,,,,,,,,,,,,,,,,,,,,,,,,,,,,,,,,
Q10764,Q109928552,,,,,,,,,,,,,,,,,,,,,,,,,,,,,,,,,,,,,,,,,,,,,
Q10765,Q109928833,,,,,,,,,,,,,,,,,,,,,,,,,,,,,,,,,,,,,,,,,,,,,
Q10768,Q106368136,,,,,,,,,,,,,,,,,,,,,,,,,,,,,,,,,,,,,,,,,,,,,
Q10769,Q11623619,,,,,,,,,,,,,,,,,,,,,,,,,,,,,,,,,,,,,,,,,,,,,
Q10770,Q11623187,,,,,,,,,,,,,,,,,,,,,,,,,,,,,,,,,,,,,,,,,,,,,
Q10771,Q723243,,,,,,,,,,,,,,,,,,,,,,,,,,,,,,,,,,,,,,,,,,,,,
Q10772,Q106444584,,,,,,,,,,,,,,,,,,,,,,,,,,,,,,,,,,,,,,,,,,,,,
Q10773,Q106460272,,,,,,,,,,,,,,,,,,,,,,,,,,,,,,,,,,,,,,,,,,,,,
Q10777,Q29410915,,,,,,,,,,,,,,,,,,,,,,,,,,,,,,,,,,,,,,,,,,,,,
Q10779,Q106364810,,,,,,,,,,,,,,,,,,,,,,,,,,,,,,,,,,,,,,,,,,,,,
Q10780,Q10514091,,,,,,,,,,,,,,,,,,,,,,,,,,,805219,,,,,,,,,,,,,,,,,,
Q10781,Q10514083,,,,,,,,,,,,,,,,,,,,,,,,,,,,,,,,,,,,,,,,,,,,,
Q10782,Q11623039,,,,,,,,,,,,,,,,,,,,,,,,,,,,,,,,,,,,,,,,,,,,,
Q10783,Q11623013,,,,,,,,,,,,,,,,,,,,,,,,,,,,,,,,,,,,,,,,,,,,,
Q10790,Q66364961,,,,,,,,,,,,,,,,,,,,,,,,,,,,,,,,,,,,,,,,,,,,,
Q10796,Q11564045,,,,,,,,,,,,,,,,,,,,,,,,,,,,,,,,,,,,,,,,,,,,,
Q10797,Q24860973,,,,,,,,,,,,,,,,,,,,,,,,,,,,,,,,,,,,,,,,,,,,,
Q10799,Q11564040,,,,,,,,,,,,,,,,,,,,,,,,,,,,,,,,,,,,,,,,,,,,,
Q10800,Q106458821,,,,,,,,,,,,,,,,,,,,,,,,,,,,,,,,,,,,,,,,,,,,,
Q10801,Q11623195,,,,,,,,,,,,,,,,,,,,,,,,,,,,,,,,,,,,,,,,,,,,,
Q10802,Q11564034,,,,,,,,,,,,,,,,,,,,,,,,,,,,,,,,,,,,,,,,,,,,,
Q10804,Q11623464,,,,,,,,,,,,,,,,,,,,,,,,,,,,,,,,,,,,,,,,,,,,,
Q10810,Q28689997,,,,,,,,,,,,,,,,,,,,,,,,,,,,,,,,,,,,,,,,,,,,,
Q10811,Q11391648,,,,,,,,,,,,,,,,,,,,,,,,,,,,,,,,,,,,,,,,,,,,,
Q10814,Q11637632,,,,,,,,,,,,,,,,,,,,,,,,,,,,,,,,,,,,,,,,,,,,,
Q10816,Q349284,,,,,,,,,,,,,,,,,,,,,,,,,,,485584,,,,,,,,,,,,,,,,,,I00523746
Q10818,Q11623253,,,,,,,,,,,,,,,,,,,,,,,,,,,,,,,,,,,,,,,,,,,,,
Q10821,Q718939,,,,,,,,,,,,,,,,,,,,,,,,,,,974265,,,,,,,,,,,,,,,,,,I00523627
Q10823,Q11623200,,,,,,,,,,,,,,,,,,,,,,,,,,,,,,,,,,,,,,,,,,,,,
Q10824,Q106459857,,,,,,,,,,,,,,,,,,,,,,,,,,,,,,,,,,,,,,,,,,,,,
Q10825,Q106458498,,,,,,,,,,,,,,,,,,,,,,,,,,,,,,,,,,,,,,,,,,,,,
Q10830,Q22123836,,,,,,,,,,,,,,,,,,,,,,,,,,,,,,,,,,,,,,,,,,,,,
Q10831,Q11623461,,,,,,,,,,,,,,,,,,,,,,,,,,,,,,,,,,,,,,,,,,,,,
Q10837,Q106449436,,,,,,,,,,,,,,,,,,,,,,,,,,,,,,,,,,,,,,,,,,,,,
Q10840,Q11623289,,,,,,,,,,,,,,,,,,,,,,,,,,,,,,,,,,,,,,,,,,,,,
Q10841,Q11659573,,,,,,,,,,,,,,,,,,,,,,,,,,,,,,,,,,,,,,,,,,,,,
Q10843,Q106459722,,,,,,,,,,,,,,,,,,,,,,,,,,,,,,,,,,,,,,,,,,,,,
Q10846,Q24862166,,,,,,,,,,,,,,,,,,,,,,,,,,,,,,,,,,,,,,,,,,,,,
Q10849,Q11623163,,,,,,,,,,,,,,,,,,,,,,,,,,,,,,,,,,,,,,,,,,,,,
Q10850,Q106399074,,,,,,,,,,,,,,,,,,,,,,,,,,,,,,,,,,,,,,,,,,,,,
Q10854,Q17215874,,,,,,,,,,,,,,,,,,,,,,,,,,,,,,,,,,,,,,,,,,,,,
Q10855,Q11623024,,,,,,,,,,,,,,,,,,,,,,,,,,,,,,,,,,,,,,,,,,,,,
Q10859,Q106448370,,,,,,,,,,,,,,,,,,,,,,,,,,,,,,,,,,,,,,,,,,,,,
Q10871,Q11623459,,,,,,,,,,,,,,,,,,,,,,,,,,,,,,,,,,,,,,,,,,,,,
Q10874,Q900258,,,,,,,,,,,,,,,,,,,,,,,,,,,,,,,,,,,,,,,,,,,,,I00523747
Q10882,Q281833,,,,,,,,,,,,,,,,,,,,,,,,,,,,,,,,,,,,,,,,,,,,,
Q10883,Q349287,,,,,,,,,,,,,,,,,,,,,,,,,,,805373,,,,,,,,,,,,,,,,,,I00719937
Q10890,Q110753017,,,,,,,,,,,,,,,,,,,,,,,,,,,,,,,,,,,,,,,,,,,,,
Q10892,Q11659572,,,,,,,,,,,,,,,,,,,,,,,,,,,,,,,,,,,,,,,,,,,,,
Q10893,Q535920,,,,,,,,,,,,,,,,,,,,,,,,,,,,,,,,,,,,,,,,,,,,,
Q10895,Q11061237,,,,,,,,,,,,,,,,,,,,,,,,,,,,,,,,,,,,,,,,,,,,,
Q10896,Q106472140,,,,,,,,,,,,,,,,,,,,,,,,,,,,,,,,,,,,,,,,,,,,,
Q10897,Q11088241,,,,,,,,,,,,,,,,,,,,,,,,,,,,,,,,,,,,,,,,,,,,,
Q10898,Q106495426,,,,,,,,,,,,,,,,,,,,,,,,,,,,,,,,,,,,,,,,,,,,,
Q10903,Q108124363,,,,,,,,,,,,,,,,,,,,,,,,,,,,,,,,,,,,,,,,,,,,,
Q10905,Q1354407,,,,,,,,,,,,,,,,,,,,,,,,,,,974264|805080,,,,,,,,,,,,,,,,,,I00523628
Q10906,Q197659,,,,,,,,,,,,,,,,,,,,,,,,,,,,,,,,,,,,,,,,,,,,,
Q10907,Q1083379,,,,,,,,,,,,,,,,,,,,,,,,,,,,,,,,,,,,,,,,,,,,,
Q10908,Q17217053,,,,,,,,,,,,,,,,,,,,,,,,,,,,,,,,,,,,,,,,,,,,,
Q10910,Q11564089,,,,,,,,,,,,,,,,,,,,,,,,,,,,,,,,,,,,,,,,,,,,,
Q10924,Q11623145,,,,,,,,,,,,,,,,,,,,,,,,,,,,,,,,,,,,,,,,,,,,,
Q10942,Q5507535,,,,,,,,,,,,,,,,,,,,,,,,,,,,,,,,,,,,,,,,,,,,,I00719936
Q10946,Q11564370,,,,,,,,,,,,,,,,,,,,,,,,,,,,,,,,,,,,,,,,,,,,,
Q10947,Q110746128,,,,,,,,,,,,,,,,,,,,,,,,,,,,,,,,,,,,,,,,,,,,,
Q10948,Q110746135,,,,,,,,,,,,,,,,,,,,,,,,,,,,,,,,,,,,,,,,,,,,,
Q10949,Q110750124,,,,,,,,,,,,,,,,,,,,,,,,,,,,,,,,,,,,,,,,,,,,,
Q10950,Q110751174,,,,,,,,,,,,,,,,,,,,,,,,,,,,,,,,,,,,,,,,,,,,,
Q10951,Q11387958,,,,,,,,,,,,,,,,,,,,,,,,,,,,,,,,,,,,,,,,,,,,,
Q10952,Q110751222,,,,,,,,,,,,,,,,,,,,,,,,,,,,,,,,,,,,,,,,,,,,,
Q10956,Q11623067,,,,,,,,,,,,,,,,,,,,,,,,,,,,,,,,,,,,,,,,,,,,,
Q10960,Q11372485,,,,,,,,,,,,,,,,,,,,,,,,,,,,,,,,,,,,,,,,,,,,,
Q10962,Q378425,,,,,,,,,,,,,,,,,,,,,,,,,,,814077,,,,,,,,,,,,,,,,,,
Q10963,Q11623278,,,,,,,,,,,,,,,,,,,,,,,,,,,,,,,,,,,,,,,,,,,,,
Q10968,Q106505801,,,,,,,,,,,,,,,,,,,,,,,,,,,,,,,,,,,,,,,,,,,,,
Q10970,Q1679717,,,,,,,,,,,,,,,,,,,,,,,,,,,,,,,,,,,,,,,,,,,,,
Q10971,Q11489577,,,,,,,,,,,,,,,,,,,,,,,,,,,,,,,,,,,,,,,,,,,,,
Q10972,Q5507524,,,,,,,,,,,,,,,,,,,,,,,,,,,,,,,,,,,,,,,,,,,,,
Q10974,Q3530487,,,,,,,,,,,,,,,,,,,,,,,,,,,,,,,,,,,,,,,,,,,,,
Q10975,Q5368838,,,,,,,,,,,,,,,,,,,,,,,,,,,,,,,,,,,,,,,,,,,,,
Q10978,Q11623620,,,,,,,,,,,,,,,,,,,,,,,,,,,,,,,,,,,,,,,,,,,,,
Q10979,Q18234930,,,,,,,,,,,,,,,,,,,,,,,,,,,,,,,,,,,,,,,,,,,,,
Q10980,Q11414052,,,,,,,,,,,,,,,,,,,,,,,,,,,,,,,,,,,,,,,,,,,,,
Q10982,Q11623649,,,,,,,,,,,,,,,,,,,,,,,,,,,,,,,,,,,,,,,,,,,,,
Q10983,Q11623070,,,,,,,,,,,,,,,,,,,,,,,,,,,,,,,,,,,,,,,,,,,,,
Q10985,Q11623283,,,,,,,,,,,,,,,,,,,,,,,,,,,,,,,,,,,,,,,,,,,,,
Q10994,Q11367816,,,,,,,,,,,,,,,,,,,,,,,,,,,,,,,,,,,,,,,,,,,,,
Q10995,Q11564316,,,,,,,,,,,,,,,,,,,,,,,,,,,,,,,,,,,,,,,,,,,,,
Q10996,Q1936219,,,,,,,,,,,,,,,,,,,,,,,,,,,,,,,,,,,,,,,,,,,,,
Q10997,Q3198274,,,,,,,,,,,,,,,,,,,,,,,,,,,,,,,,,,,,,,,,,,,,,
Q10998,Q11423476,,,,,,,,,,,,,,,,,,,,,,,,,,,,,,,,,,,,,,,,,,,,,
Q11000,Q22129789,,,,,,,,,,,,,,,,,,,,,,,,,,,,,,,,,,,,,,,,,,,,,
Q11008,Q108179573,,,,,,,,,,,,,,,,,,,,,,,,,,,,,,,,,,,,,,,,,,,,,
Q11014,Q109333444,,,,,,,,,,,,,,,,,,,,,,,,,,,,,,,,,,,,,,,,,,,,,
Q11019,Q29972024,,,,,,,,,,,,,,,,,,,,,,,,,,,,,,,,,,,,,,,,,,,,,
Q11020,Q15839250,,,,,,,,,,,,,,,,,,,,,,,,,,,,,,,,,,,,,,,,,,,,,
Q11021,Q110752935,,,,,,,,,,,,,,,,,,,,,,,,,,,,,,,,,,,,,,,,,,,,,
Q11025,Q22126650,,,,,,,,,,,,,,,,,,,,,,,,,,,,,,,,,,,,,,,,,,,,,
Q11026,Q83626132,,,,,,,,,,,,,,,,,,,,,,,,,,,,,,,,,,,,,,,,,,,,,
Q11036,Q16441958,,,,,,,,,,,,,,,,,,,,,,,,,,,,,,,,,,,,,,,,,,,,,
Q11037,Q110750959,,,,,,,,,,,,,,,,,,,,,,,,,,,,,,,,,,,,,,,,,,,,,
Q11038,Q497846,,,,,,,,,,,,,,,,,,,,,,,,,,,,,,,,,,,,,,,,,,,,,
Q11039,Q28523311,,,,,,,,,,,,,,,,,,,,,,,,,,,,,,,,,,,,,,,,,,,,,
Q11040,Q497959,,,,,,,,,,,,,,,,,,,,,,,,,,,,,,,,,,,,,,,,,,,,,
Q11041,Q498134,,,,,,,,,,,,,,,,,,,,,,,,,,,,,,,,,,,,,,,,,,,,,
Q11042,Q716548,,,,,,,,,,,,,,,,,,,,,,,,,,,,,,,,,,,,,,,,,,,,,
Q11045,Q92924443,,,,,,,,,,,,,,,,,,,,,,,,,,,,,,,,,,,,,,,,,,,,,
Q11046,Q109287837,,,,,,,,,,,,,,,,,,,,,,,,,,,,,,,,,,,,,,,,,,,,,
Q11047,Q109287839,,,,,,,,,,,,,,,,,,,,,,,,,,,,,,,,,,,,,,,,,,,,,
Q11048,Q110393889,,,,,,,,,,,,,,,,,,,,,,,,,,,,,,,,,,,,,,,,,,,,,
Q11055,Q109860221,,,,,,,,,,,,,,,,,,,,,,,,,,,,,,,,,,,,,,,,,,,,,
Q11056,Q316658,,,,,,,,,,,,,,,,,,,,,,,,,,,485573,,,,,,,,,,,,,,,,,,I00523752
Q11058,Q111283053,,,,,,,,,,,,,,,,,,,,,,,,,,,,,,,,,,,,,,,,,,,,,
Q11062,Q102247003,,,,,,,,,,,,,,,,,,,,,,,,,,,,,,,,,,,,,,,,,,,,,
Q11063,Q106418971,,,,,,,,,,,,,,,,,,,,,,,,,,,,,,,,,,,,,,,,,,,,,
Q11064,Q11564254,,,,,,,,,,,,,,,,,,,,,,,,,,,,,,,,,,,,,,,,,,,,,
Q11065,Q11564282,,,,,,,,,,,,,,,,,,,,,,,,,,,,,,,,,,,,,,,,,,,,,
Q11066,Q11564260,,,,,,,,,,,,,,,,,,,,,,,,,,,814274,,,,,,,,,,,,,,,,,,
Q11067,Q11564275,,,,,,,,,,,,,,,,,,,,,,,,,,,814220,,,,,,,,,,,,,,,,,,
Q11068,Q11564263,,,,,,,,,,,,,,,,,,,,,,,,,,,,,,,,,,,,,,,,,,,,,
Q11069,Q3314719,,,,,,,,,,,,,,,,,,,,,,,,,,,814272,,,,,,,,,,,,,,,,,,
Q11072,Q1381638,,,,,,,,,,,,,,,,,,,,,,,,,,,814221,,,,,,,,,,,,,,,,,,
Q11073,Q110393820,,,,,,,,,,,,,,,,,,,,,,,,,,,,,,,,,,,,,,,,,,,,,
Q11082,Q11564265,,,,,,,,,,,,,,,,,,,,,,,,,,,814683,,,,,,,,,,,,,,,,,,
Q11083,Q6863154,,,,,,,,,,,,,,,,,,,,,,,,,,,814685,,,,,,,,,,,,,,,,,,
Q11084,Q11564234,,,,,,,,,,,,,,,,,,,,,,,,,,,,,,,,,,,,,,,,,,,,,
Q11087,Q11554276,,,,,,,,,,,,,,,,,,,,,,,,,,,,,,,,,,,,,,,,,,,,,
Q11088,Q24876047,,,,,,,,,,,,,,,,,,,,,,,,,,,,,,,,,,,,,,,,,,,,,
Q11098,Q106408983,,,,,,,,,,,,,,,,,,,,,,,,,,,,,,,,,,,,,,,,,,,,,
Q11099,Q164948,,,,,,,,,,,,,,,,,,,,,,,,,,,,,,,,,,,,,,,,,,,,,
Q11100,Q11564361,,,,,,,,,,,,,,,,,,,,,,,,,,,,,,,,,,,,,,,,,,,,,
Q11102,Q110051590,,,,,,,,,,,,,,,,,,,,,,,,,,,,,,,,,,,,,,,,,,,,,
Q11103,Q11564300,,,,,,,,,,,,,,,,,,,,,,,,,,,,,,,,,,,,,,,,,,,,,
Q11105,Q11564035,,,,,,,,,,,,,,,,,,,,,,,,,,,,,,,,,,,,,,,,,,,,,
Q11107,Q95162433,,,,,,,,,,,,,,,,,,,,,,,,,,,,,,,,,,,,,,,,,,,,,
Q11111,Q110382724,,,,,,,,,,,,,,,,,,,,,,,,,,,,,,,,,,,,,,,,,,,,,
Q11112,Q11564126,,,,,,,,,,,,,,,,,,,,,,,,,,,,,,,,,,,,,,,,,,,,,
Q11116,Q11564001,,,,,,,,,,,,,,,,,,,,,,,,,,,814503,,,,,,,,,,,,,,,,,,
Q11119,Q11623344,,,,,,,,,,,,,,,,,,,,,,,,,,,,,,,,,,,,,,,,,,,,,
Q11121,Q106476812,,,,,,,,,,,,,,,,,,,,,,,,,,,,,,,,,,,,,,,,,,,,,
Q11122,Q106472907,,,,,,,,,,,,,,,,,,,,,,,,,,,,,,,,,,,,,,,,,,,,,
Q11123,Q106481403,,,,,,,,,,,,,,,,,,,,,,,,,,,,,,,,,,,,,,,,,,,,,
Q11124,Q106481405,,,,,,,,,,,,,,,,,,,,,,,,,,,,,,,,,,,,,,,,,,,,,
Q11125,Q106481347,,,,,,,,,,,,,,,,,,,,,,,,,,,,,,,,,,,,,,,,,,,,,
Q11126,Q106541781,,,,,,,,,,,,,,,,,,,,,,,,,,,,,,,,,,,,,,,,,,,,,
Q11127,Q109917905,,,,,,,,,,,,,,,,,,,,,,,,,,,,,,,,,,,,,,,,,,,,,
Q11128,Q109919045,,,,,,,,,,,,,,,,,,,,,,,,,,,,,,,,,,,,,,,,,,,,,
Q11131,Q106458132,,,,,,,,,,,,,,,,,,,,,,,,,,,,,,,,,,,,,,,,,,,,,
Q11137,Q17220079,,,,,,,,,,,,,,,,,,,,,,,,,,,,,,,,,,,,,,,,,,,,,
Q11138,Q109123329,,,,,,,,,,,,,,,,,,,,,,,,,,,,,,,,,,,,,,,,,,,,,
Q11139,Q11623602,,,,,,,,,,,,,,,,,,,,,,,,,,,,,,,,,,,,,,,,,,,,,
Q11140,Q11406804,,,,,,,,,,,,,,,,,,,,,,,,,,,,,,,,,,,,,,,,,,,,,
Q11144,Q11611909,,,,,,,,,,,,,,,,,,,,,,,,,,,,,,,,,,,,,,,,,,,,,
Q11145,Q11623413,,,,,,,,,,,,,,,,,,,,,,,,,,,,,,,,,,,,,,,,,,,,,
Q11146,Q11623466,,,,,,,,,,,,,,,,,,,,,,,,,,,,,,,,,,,,,,,,,,,,,
Q11155,Q11623623,,,,,,,,,,,,,,,,,,,,,,,,,,,,,,,,,,,,,,,,,,,,,
Q11160,Q106485335,,,,,,,,,,,,,,,,,,,,,,,,,,,,,,,,,,,,,,,,,,,,,
Q11163,Q109834641,,,,,,,,,,,,,,,,,,,,,,,,,,,,,,,,,,,,,,,,,,,,,
Q11171,Q11564326,,,,,,,,,,,,,,,,,,,,,,,,,,,,,,,,,,,,,,,,,,,,,
Q11172,Q11564324,,,,,,,,,,,,,,,,,,,,,,,,,,,,,,,,,,,,,,,,,,,,,
Q11173,Q106615911,,,,,,,,,,,,,,,,,,,,,,,,,,,,,,,,,,,,,,,,,,,,,
Q11174,Q106458988,,,,,,,,,,,,,,,,,,,,,,,,,,,,,,,,,,,,,,,,,,,,,
Q11178,Q11564233,,,,,,,,,,,,,,,,,,,,,,,,,,,,,,,,,,,,,,,,,,,,,
Q11181,Q110904715,,,,,,,,,,,,,,,,,,,,,,,,,,,,,,,,,,,,,,,,,,,,,
Q11182,Q106485308,,,,,,,,,,,,,,,,,,,,,,,,,,,,,,,,,,,,,,,,,,,,,
Q11189,Q732097,,,,,,,,,,,,,,,,,,,,,,,,,,,814579,,,,,,,,,,,,,,,,,,
Q11197,Q11406057,,,,,,,,,,,,,,,,,,,,,,,,,,,,,,,,,,,,,,,,,,,,,
Q11198,Q24864441,,,,,,,,,,,,,,,,,,,,,,,,,,,,,,,,,,,,,,,,,,,,,
Q11199,Q11380521,,,,,,,,,,,,,,,,,,,,,,,,,,,,,,,,,,,,,,,,,,,,,
Q11201,Q11360038,,,,,,,,,,,,,,,,,,,,,,,,,,,,,,,,,,,,,,,,,,,,,
Q11208,Q81968095,,,,,,,,,,,,,,,,,,,,,,,,,,,,,,,,,,,,,,,,,,,,,
Q11210,Q11482426,,,,,,,,,,,,,,,,,,,,,,,,,,,,,,,,,,,,,,,,,,,,,
Q11211,Q11483416,,,,,,,,,,,,,,,,,,,,,,,,,,,,,,,,,,,,,,,,,,,,,
Q11212,Q11483428,,,,,,,,,,,,,,,,,,,,,,,,,,,,,,,,,,,,,,,,,,,,,
Q11215,Q11552221,,,,,,,,,,,,,,,,,,,,,,,,,,,,,,,,,,,,,,,,,,,,,
Q11216,Q106490376,,,,,,,,,,,,,,,,,,,,,,,,,,,,,,,,,,,,,,,,,,,,,
Q11219,Q11060997,,,,,,,,,,,,,,,,,,,,,,,,,,,,,,,,,,,,,,,,,,,,,
Q11220,Q11061301,,,,,,,,,,,,,,,,,,,,,,,,,,,,,,,,,,,,,,,,,,,,,
Q11221,Q713107,,,,,,,,,,,,,,,,,,,,,,,,,,,,,,,,,,,,,,,,,,,,,
Q11224,Q106543422,,,,,,,,,,,,,,,,,,,,,,,,,,,,,,,,,,,,,,,,,,,,,
Q11225,Q110934656,,,,,,,,,,,,,,,,,,,,,,,,,,,,,,,,,,,,,,,,,,,,,
Q11228,Q11673215,,,,,,,,,,,,,,,,,,,,,,,,,,,,,,,,,,,,,,,,,,,,,
Q11229,Q11560511,,,,,,,,,,,,,,,,,,,,,,,,,,,,,,,,,,,,,,,,,,,,,
Q11230,Q6418987,,,,,,,,,,,,,,,,,,,,,,,,,,,,,,,,,,,,,,,,,,,,,
Q11231,Q106589750,,,,,,,,,,,,,,,,,,,,,,,,,,,,,,,,,,,,,,,,,,,,,
Q11232,Q106589778,,,,,,,,,,,,,,,,,,,,,,,,,,,,,,,,,,,,,,,,,,,,,
Q11233,Q22126841,,,,,,,,,,,,,,,,,,,,,,,,,,,,,,,,,,,,,,,,,,,,,
Q11234,Q22131466,,,,,,,,,,,,,,,,,,,,,,,,,,,,,,,,,,,,,,,,,,,,,
Q11236,Q106772266,,,,,,,,,,,,,,,,,,,,,,,,,,,,,,,,,,,,,,,,,,,,,
Q11242,Q3090682,,,,,,,,,,,,,,,,,,,,,,,,,,,,,,,,,,,,,,,,,,,,,
Q11244,Q11623654,,,,,,,,,,,,,,,,,,,,,,,,,,,,,,,,,,,,,,,,,,,,,
Q11250,Q3473845,,,,,,,,,,,,,,,,,,,,,,,,,,,814687,,,,,,,,,,,,,,,,,,
Q11252,Q11466765,,,,,,,,,,,,,,,,,,,,,,,,,,,,,,,,,,,,,,,,,,,,,
Q11253,Q11515406,,,,,,,,,,,,,,,,,,,,,,,,,,,,,,,,,,,,,,,,,,,,,
Q11254,Q11515401,,,,,,,,,,,,,,,,,,,,,,,,,,,,,,,,,,,,,,,,,,,,,
Q11258,Q11657522,,,,,,,,,,,,,,,,,,,,,,,,,,,,,,,,,,,,,,,,,,,,,
Q11261,Q110407439,,,,,,,,,,,,,,,,,,,,,,,,,,,,,,,,,,,,,,,,,,,,,
Q11262,Q867354,,,,,,,,,,,,,,,,,,,,,,,,,,,,,,,,,,,,,,,,,,,,,
Q11264,Q11391665,,,,,,,,,,,,,,,,,,,,,,,,,,,,,,,,,,,,,,,,,,,,,
Q11265,Q11623142,,,,,,,,,,,,,,,,,,,,,,,,,,,,,,,,,,,,,,,,,,,,,
Q11271,Q11564061,,,,,,,,,,,,,,,,,,,,,,,,,,,,,,,,,,,,,,,,,,,,,
Q11273,Q11657997,,,,,,,,,,,,,,,,,,,,,,,,,,,,,,,,,,,,,,,,,,,,,
Q11275,Q119926797,,,,,,,,,,,,,,,,,,,,,,,,,,,,,,,,,,,,,,,,,,,,,
Q11276,Q11643412,,,,,,,,,,,,,,,,,,,,,,,,,,,,,,,,,,,,,,,,,,,,,
Q11277,Q3088217,,,,,,,,,,,,,,,,,,,,,,,,,,,,,,,,,,,,,,,,,,,,,
Q11279,Q109336291,,,,,,,,,,,,,,,,,,,,,,,,,,,,,,,,,,,,,,,,,,,,,
Q11280,Q11365705,,,,,,,,,,,,,,,,,,,,,,,,,,,,,,,,,,,,,,,,,,,,,
Q11282,Q113567865,,,,,,,,,,,,,,,,,,,,,,,,,,,,,,,,,,,,,,,,,,,,,
Q11288,Q11380780,,,,,,,,,,,,,,,,,,,,,,,,,,,,,,,,,,,,,,,,,,,,,
Q11290,Q498616,,,,,,,,,,,,,,,,,,,,,,,,,,,,,,,,,,,,,,,,,,,,,
Q11293,Q6863145,,,,,,,,,,,,,,,,,,,,,,,,,,,,,,,,,,,,,,,,,,,,,
Q11294,Q497557,,,,,,,,,,,,,,,,,,,,,,,,,,,,,,,,,,,,,,,,,,,,,
Q11296,Q11535661,,,,,,,,,,,,,,,,,,,,,,,,,,,,,,,,,,,,,,,,,,,,,
Q11303,Q109288436,,,,,,,,,,,,,,,,,,,,,,,,,,,,,,,,,,,,,,,,,,,,,
Q11305,Q110156658,,,,,,,,,,,,,,,,,,,,,,,,,,,,,,,,,,,,,,,,,,,,,
Q11311,Q11356511,,,,,,,,,,,,,,,,,,,,,,,,,,,,,,,,,,,,,,,,,,,,,
Q11312,Q11423359,,,,,,,,,,,,,,,,,,,,,,,,,,,,,,,,,,,,,,,,,,,,,
Q11314,Q11406703,,,,,,,,,,,,,,,,,,,,,,,,,,,,,,,,,,,,,,,,,,,,,
Q11317,Q7427024,,,,,,,,,,,,,,,,,,,,,,,,,,,,,,,,,,,,,,,,,,,,,
Q11327,Q11417996,,,,,,,,,,,,,,,,,,,,,,,,,,,,,,,,,,,,,,,,,,,,,
Q11328,Q3609194,,,,,,,,,,,,,,,,,,,,,,,,,,,,,,,,,,,,,,,,,,,,,
Q11329,Q60989920,,,,,,,,,,,,,,,,,,,,,,,,,,,,,,,,,,,,,,,,,,,,,
Q11330,Q113567882,,,,,,,,,,,,,,,,,,,,,,,,,,,,,,,,,,,,,,,,,,,,,
Q11336,Q7079829,,,,,,,,,,,,,,,,,,,,,,,,,,,952988,,,,,,,,,,,,,,,,,,
Q11337,Q11408506,,,,,,,,,,,,,,,,,,,,,,,,,,,1377650,,,,,,,,,,,,,,,,,,
Q11343,Q11578700,,,,,,,,,,,,,,,,,,,,,,,,,,,,,,,,,,,,,,,,,,,,,
Q11344,Q3128270,,,,,,,,,,,,,,,,,,,,,,,,,,,994346,,,,,,,,,,,,,,,,,,
Q11350,Q11569544,,,,,,,,,,,,,,,,,,,,,,,,,,,,,,,,,,,,,,,,,,,,,
Q11352,Q11555497,,,,,,,,,,,,,,,,,,,,,,,,,,,,,,,,,,,,,,,,,,,,,
Q11357,Q11554112,,,,,,,,,,,,,,,,,,,,,,,,,,,,,,,,,,,,,,,,,,,,,
Q11360,Q11564279,,,,,,,,,,,,,,,,,,,,,,,,,,,,,,,,,,,,,,,,,,,,,
Q11362,Q11541903,,,,,,,,,,,,,,,,,,,,,,,,,,,,,,,,,,,,,,,,,,,,,
Q11364,Q11406730,,,,,,,,,,,,,,,,,,,,,,,,,,,,,,,,,,,,,,,,,,,,,
Q11366,Q11621006,,,,,,,,,,,,,,,,,,,,,,,,,,,,,,,,,,,,,,,,,,,,,
Q11368,Q11551081,,,,,,,,,,,,,,,,,,,,,,,,,,,,,,,,,,,,,,,,,,,,,
Q11372,Q7424985,,,,,,,,,,,,,,,,,,,,,,,,,,,820335,,,,,,,,,,,,,,,,,,
Q11373,Q4806168,,,,,,,,,,,,,,,,,,,,,,,,,,,820340,,,,,,,,,,,,,,,,,,
Q11377,Q11544273,,,,,,,,,,,,,,,,,,,,,,,,,,,,,,,,,,,,,,,,,,,,,
Q11379,Q6863147,,,,,,,,,,,,,,,,,,,,,,,,,,,,,,,,,,,,,,,,,,,,,
Q11386,Q17214160,,,,,,,,,,,,,,,,,,,,,,,,,,,,,,,,,,,,,,,,,,,,,
Q11389,Q11564123,,,,,,,,,,,,,,,,,,,,,,,,,,,,,,,,,,,,,,,,,,,,,
Q11392,Q110940297,,,,,,,,,,,,,,,,,,,,,,,,,,,,,,,,,,,,,,,,,,,,,
Q11394,Q11382323,,,,,,,,,,,,,,,,,,,,,,,,,,,,,,,,,,,,,,,,,,,,,
Q11396,Q11623147,,,,,,,,,,,,,,,,,,,,,,,,,,,,,,,,,,,,,,,,,,,,,
Q11401,Q20040841,,,,,,,,,,,,,,,,,,,,,,,,,,,,,,,,,,,,,,,,,,,,,
Q11402,Q11674954,,,,,,,,,,,,,,,,,,,,,,,,,,,,,,,,,,,,,,,,,,,,,
Q11405,Q11623167,,,,,,,,,,,,,,,,,,,,,,,,,,,,,,,,,,,,,,,,,,,,,
Q11406,Q17214218,,,,,,,,,,,,,,,,,,,,,,,,,,,,,,,,,,,,,,,,,,,,,
Q11412,Q106408814,,,,,,,,,,,,,,,,,,,,,,,,,,,,,,,,,,,,,,,,,,,,,
Q11415,Q119929031,,,,,,,,,,,,,,,,,,,,,,,,,,,,,,,,,,,,,,,,,,,,,
Q11418,Q106465785,,,,,,,,,,,,,,,,,,,,,,,,,,,,,,,,,,,,,,,,,,,,,
Q11426,Q479780,,,,,,,,,,,,,,,,,,,,,,,,,,,,,,,,,,,,,,,,,,,,,
Q11428,Q27920474,,,,,,,,,,,,,,,,,,,,,,,,,,,,,,,,,,,,,,,,,,,,,
Q11432,Q1379947,,,,,,,,,,,,,,,,,,,,,,,,,,,,,,,,,,,,,,,,,,,,,
Q11435,Q11080166,,,,,,,,,,,,,,,,,,,,,,,,,,,,,,,,,,,,,,,,,,,,,
Q11436,Q106472920,,,,,,,,,,,,,,,,,,,,,,,,,,,,,,,,,,,,,,,,,,,,,
Q11438,Q11623191,,,,,,,,,,,,,,,,,,,,,,,,,,,,,,,,,,,,,,,,,,,,,
Q11439,Q11623201,,,,,,,,,,,,,,,,,,,,,,,,,,,,,,,,,,,,,,,,,,,,,
Q11440,Q11623042,,,,,,,,,,,,,,,,,,,,,,,,,,,,,,,,,,,,,,,,,,,,,
Q11442,Q835807,,,,,,,,,,,,,,,,,,,,,,,,,,,,,,,,,,,,,,,,,,,,,
Q11444,Q11623144,,,,,,,,,,,,,,,,,,,,,,,,,,,,,,,,,,,,,,,,,,,,,
Q11448,Q11355819,,,,,,,,,,,,,,,,,,,,,,,,,,,,,,,,,,,,,,,,,,,,,
Q11449,Q29410916,,,,,,,,,,,,,,,,,,,,,,,,,,,,,,,,,,,,,,,,,,,,,
Q11450,Q11623587,,,,,,,,,,,,,,,,,,,,,,,,,,,,,,,,,,,,,,,,,,,,,
Q11452,Q11489586,,,,,,,,,,,,,,,,,,,,,,,,,,,,,,,,,,,,,,,,,,,,,
Q11454,Q106460744,,,,,,,,,,,,,,,,,,,,,,,,,,,,,,,,,,,,,,,,,,,,,
Q11456,Q106447908,,,,,,,,,,,,,,,,,,,,,,,,,,,,,,,,,,,,,,,,,,,,,
Q11457,Q106473017,,,,,,,,,,,,,,,,,,,,,,,,,,,,,,,,,,,,,,,,,,,,,
Q11461,Q106466064,,,,,,,,,,,,,,,,,,,,,,,,,,,,,,,,,,,,,,,,,,,,,
Q11474,Q11449773,,,,,,,,,,,,,,,,,,,,,,,,,,,,,,,,,,,,,,,,,,,,,
Q11480,Q317984,,,,,,,,,,,,,,,,,,,,,,,,,,,485580,,,,,,,,,,,,,,,,,,I00523748
Q11483,Q373997,,,,,,,,,,,,,,,,,,,,,,,,,,,,,,,,,,,,,,,,,,,,,I00719935
Q11491,Q1215301,,,,,,,,,,,,,,,,,,,,,,,,,,,,,,,,,,,,,,,,,,,,,
Q11496,Q718947,,,,,,,,,,,,,,,,,,,,,,,,,,,,,,,,,,,,,,,,,,,,,
Q11499,Q11623281,,,,,,,,,,,,,,,,,,,,,,,,,,,,,,,,,,,,,,,,,,,,,
Q11501,Q106559912,,,,,,,,,,,,,,,,,,,,,,,,,,,,,,,,,,,,,,,,,,,,,
Q11504,Q11623644,,,,,,,,,,,,,,,,,,,,,,,,,,,,,,,,,,,,,,,,,,,,,
Q11515,Q7223080,,,,,,,,,,,,,,,,,,,,,,,,,,,,,,,,,,,,,,,,,,,,,
Q11516,Q106559882,,,,,,,,,,,,,,,,,,,,,,,,,,,,,,,,,,,,,,,,,,,,,
Q11519,Q11623264,,,,,,,,,,,,,,,,,,,,,,,,,,,,,,,,,,,,,,,,,,,,,
Q11521,Q106463391,,,,,,,,,,,,,,,,,,,,,,,,,,,,,,,,,,,,,,,,,,,,,
Q11522,Q106509288,,,,,,,,,,,,,,,,,,,,,,,,,,,,,,,,,,,,,,,,,,,,,
Q11523,Q106509182,,,,,,,,,,,,,,,,,,,,,,,,,,,,,,,,,,,,,,,,,,,,,
Q11524,Q110751082,,,,,,,,,,,,,,,,,,,,,,,,,,,,,,,,,,,,,,,,,,,,,
Q11526,Q11623589,,,,,,,,,,,,,,,,,,,,,,,,,,,,,,,,,,,,,,,,,,,,,
Q11532,Q5507541,,,,,,,,,,,,,,,,,,,,,,,,,,,,,,,,,,,,,,,,,,,,,
Q11534,Q11410733,,,,,,,,,,,,,,,,,,,,,,,,,,,,,,,,,,,,,,,,,,,,,
Q11537,Q5507528,,,,,,,,,,,,,,,,,,,,,,,,,,,,,,,,,,,,,,,,,,,,,
Q11543,Q22130669,,,,,,,,,,,,,,,,,,,,,,,,,,,,,,,,,,,,,,,,,,,,,
Q11544,Q106485436,,,,,,,,,,,,,,,,,,,,,,,,,,,,,,,,,,,,,,,,,,,,,
Q11545,Q3379244,,,,,,,,,,,,,,,,,,,,,,,,,,,,,,,,,,,,,,,,,,,,,
Q11548,Q3315855,,,,,,,,,,,,,,,,,,,,,,,,,,,,,,,,,,,,,,,,,,,,,I00719930
Q11550,Q2420085,,,,,,,,,,,,,,,,,,,,,,,,,,,,,,,,,,,,,,,,,,,,,
Q11551,Q736706,,,,,,,,,,,,,,,,,,,,,,,,,,,,,,,,,,,,,,,,,,,,,
Q11552,Q710537,,,,,,,,,,,,,,,,,,,,,,,,,,,,,,,,,,,,,,,,,,,,,
Q11565,Q11630328,,,,,,,,,,,,,,,,,,,,,,,,,,,,,,,,,,,,,,,,,,,,,
Q11568,Q11665943,,,,,,,,,,,,,,,,,,,,,,,,,,,,,,,,,,,,,,,,,,,,,
Q11573,Q2284163,,,,,,,,,,,,,,,,,,,,,,,,,,,,,,,,,,,,,,,,,,,,,
Q11574,Q6863161,,,,,,,,,,,,,,,,,,,,,,,,,,,814307,,,,,,,,,,,,,,,,,,
Q11575,Q711600,,,,,,,,,,,,,,,,,,,,,,,,,,,,,,,,,,,,,,,,,,,,,
Q11576,Q5507533,,,,,,,,,,,,,,,,,,,,,,,,,,,,,,,,,,,,,,,,,,,,,
Q11581,Q5507513,,,,,,,,,,,,,,,,,,,,,,,,,,,,,,,,,,,,,,,,,,,,,
Q11584,Q715993,,,,,,,,,,,,,,,,,,,,,,,,,,,,,,,,,,,,,,,,,,,,,
Q11587,Q7137236,,,,,,,,,,,,,,,,,,,,,,,,,,,,,,,,,,,,,,,,,,,,,
Q11588,Q367538,,,,,,,,,,,,,,,,,,,,,,,,,,,805035,,,,,,,,,,,,,,,,,,
Q11589,Q106538851,,,,,,,,,,,,,,,,,,,,,,,,,,,,,,,,,,,,,,,,,,,,,
Q11598,Q3299366,,,,,,,,,,,,,,,,,,,,,,,,,,,,,,,,,,,,,,,,,,,,,
Q11600,Q11531533,,,,,,,,,,,,,,,,,,,,,,,,,,,,,,,,,,,,,,,,,,,,,
Q11610,Q15838937,,,,,,,,,,,,,,,,,,,,,,,,,,,,,,,,,,,,,,,,,,,,,
Q11617,Q22131409,,,,,,,,,,,,,,,,,,,,,,,,,,,,,,,,,,,,,,,,,,,,,
Q11618,Q3464635,,,,,,,,,,,,,,,,,,,,,,,,,,,805215,,,,,,,,,,,,,,,,,,
Q11625,Q11564987,,,,,,,,,,,,,,,,,,,,,,,,,,,,,,,,,,,,,,,,,,,,,
Q11631,Q11564014,,,,,,,,,,,,,,,,,,,,,,,,,,,,,,,,,,,,,,,,,,,,,
Q11633,Q11623068,,,,,,,,,,,,,,,,,,,,,,,,,,,,,,,,,,,,,,,,,,,,,
Q11640,Q73539,,,,,,,,,,,,,,,,,,,,,,,,,,,,,,,,,,,,,,,,,,,,,
Q11647,Q11363191,,,,,,,,,,,,,,,,,,,,,,,,,,,,,,,,,,,,,,,,,,,,,
Q11649,Q1941666,,,,,,,,,,,,,,,,,,,,,,,,,,,,,,,,,,,,,,,,,,,,,
Q11654,Q2245281,,,,,,,,,,,,,,,,,,,,,,,,,,,,,,,,,,,,,,,,,,,,,
Q11655,Q22126915,,,,,,,,,,,,,,,,,,,,,,,,,,,,,,,,,,,,,,,,,,,,,
Q11657,Q535938,,,,,,,,,,,,,,,,,,,,,,,,,,,,,,,,,,,,,,,,,,,,,
Q11658,Q11623065,,,,,,,,,,,,,,,,,,,,,,,,,,,,,,,,,,,,,,,,,,,,,
Q11662,Q106461003,,,,,,,,,,,,,,,,,,,,,,,,,,,,,,,,,,,,,,,,,,,,,
Q11663,Q3090680,,,,,,,,,,,,,,,,,,,,,,,,,,,,,,,,,,,,,,,,,,,,,
Q11665,Q11623160,,,,,,,,,,,,,,,,,,,,,,,,,,,,,,,,,,,,,,,,,,,,,
Q11673,Q11489574,,,,,,,,,,,,,,,,,,,,,,,,,,,,,,,,,,,,,,,,,,,,,
Q11682,Q22127063,,,,,,,,,,,,,,,,,,,,,,,,,,,,,,,,,,,,,,,,,,,,,
Q11683,Q106491220,,,,,,,,,,,,,,,,,,,,,,,,,,,,,,,,,,,,,,,,,,,,,
Q11691,Q11371660,,,,,,,,,,,,,,,,,,,,,,,,,,,,,,,,,,,,,,,,,,,,,
Q11693,Q105711180,,,,,,,,,,,,,,,,,,,,,,,,,,,,,,,,,,,,,,,,,,,,,
Q11705,Q106477674,,,,,,,,,,,,,,,,,,,,,,,,,,,,,,,,,,,,,,,,,,,,,
Q11706,Q106504323,,,,,,,,,,,,,,,,,,,,,,,,,,,,,,,,,,,,,,,,,,,,,
Q11707,Q11623069,,,,,,,,,,,,,,,,,,,,,,,,,,,,,,,,,,,,,,,,,,,,,
Q11708,Q11623165,,,,,,,,,,,,,,,,,,,,,,,,,,,,,,,,,,,,,,,,,,,,,
Q11709,Q106518267,,,,,,,,,,,,,,,,,,,,,,,,,,,,,,,,,,,,,,,,,,,,,
Q11715,Q11483021,,,,,,,,,,,,,,,,,,,,,,,,,,,,,,,,,,,,,,,,,,,,,
Q11716,Q11061157,,,,,,,,,,,,,,,,,,,,,,,,,,,,,,,,,,,,,,,,,,,,,I00523749
Q11717,Q11483220,,,,,,,,,,,,,,,,,,,,,,,,,,,,,,,,,,,,,,,,,,,,,
Q11718,Q11623229,,,,,,,,,,,,,,,,,,,,,,,,,,,,,,,,,,,,,,,,,,,,,
Q11722,Q11623444,,,,,,,,,,,,,,,,,,,,,,,,,,,,,,,,,,,,,,,,,,,,,
Q11723,Q11564038,,,,,,,,,,,,,,,,,,,,,,,,,,,,,,,,,,,,,,,,,,,,,I00523753
Q11724,Q1139202,,,,,,,,,,,,,,,,,,,,,,,,,,,814297,,,,,,,,,,,,,,,,,,
Q11727,Q20041470,,,,,,,,,,,,,,,,,,,,,,,,,,,,,,,,,,,,,,,,,,,,,
Q11729,Q18234191,,,,,,,,,,,,,,,,,,,,,,,,,,,,,,,,,,,,,,,,,,,,,
Q11737,Q18235282,,,,,,,,,,,,,,,,,,,,,,,,,,,,,,,,,,,,,,,,,,,,,
Q11741,Q65281338,,,,,,,,,,,,,,,,,,,,,,,,,,,,,,,,,,,,,,,,,,,,,
Q11744,Q11564337,,,,,,,,,,,,,,,,,,,,,,,,,,,,,,,,,,,,,,,,,,,,,
Q11745,Q629811,,,,,,,,,,,,,,,,,,,,,,,,,,,,,,,,,,,,,,,,,,,,,
Q11746,Q11369386,,,,,,,,,,,,,,,,,,,,,,,,,,,,,,,,,,,,,,,,,,,,,
Q11747,Q11369385,,,,,,,,,,,,,,,,,,,,,,,,,,,,,,,,,,,,,,,,,,,,,
Q11753,Q11599269,,,,,,,,,,,,,,,,,,,,,,,,,,,,,,,,,,,,,,,,,,,,,
Q11755,Q17215867,,,,,,,,,,,,,,,,,,,,,,,,,,,,,,,,,,,,,,,,,,,,,
Q11756,Q28689375,,,,,,,,,,,,,,,,,,,,,,,,,,,,,,,,,,,,,,,,,,,,,
Q11764,Q11452827,,,,,,,,,,,,,,,,,,,,,,,,,,,,,,,,,,,,,,,,,,,,,
Q11765,Q17211062,,,,,,,,,,,,,,,,,,,,,,,,,,,,,,,,,,,,,,,,,,,,,
Q11772,Q106471963,,,,,,,,,,,,,,,,,,,,,,,,,,,,,,,,,,,,,,,,,,,,,
Q11775,Q11636783,,,,,,,,,,,,,,,,,,,,,,,,,,,,,,,,,,,,,,,,,,,,,
Q11776,Q81000525,,,,,,,,,,,,,,,,,,,,,,,,,,,,,,,,,,,,,,,,,,,,,
Q11781,Q357261,,,,,,,,,,,,,,,,,,,,,,,,,,,485575,,,,,,,,,,,,,,,,,,I00523750
Q11785,Q6790050,,,,,,,,,,,,,,,,,,,,,,,,,,,,,,,,,,,,,,,,,,,,,
Q11786,Q16261481,,,,,,,,,,,,,,,,,,,,,,,,,,,,,,,,,,,,,,,,,,,,,
Q11787,Q12589821,,,,,,,,,,,,,,,,,,,,,,,,,,,,,,,,,,,,,,,,,,,,,
Q11788,Q497983,,,,,,,,,,,,,,,,,,,,,,,,,,,,,,,,,,,,,,,,,,,,,
Q11789,Q498007,,,,,,,,,,,,,,,,,,,,,,,,,,,,,,,,,,,,,,,,,,,,,
Q11790,Q8016915,,,,,,,,,,,,,,,,,,,,,,,,,,,,,,,,,,,,,,,,,,,,,
Q11793,Q97613638,,,,,,,,,,,,,,,,,,,,,,,,,,,,,,,,,,,,,,,,,,,,,
Q11795,Q109918801,,,,,,,,,,,,,,,,,,,,,,,,,,,,,,,,,,,,,,,,,,,,,
Q11796,Q109929248,,,,,,,,,,,,,,,,,,,,,,,,,,,,,,,,,,,,,,,,,,,,,
Q11797,Q18459624,,,,,,,,,,,,,,,,,,,,,,,,,,,,,,,,,,,,,,,,,,,,,
Q11798,Q109928091,,,,,,,,,,,,,,,,,,,,,,,,,,,,,,,,,,,,,,,,,,,,,
Q11802,Q316651,,,,,,,,,,,,,,,,,,,,,,,,,,,805370,,,,,,,,,,,,,,,,,,I00719929
Q11807,Q106559044,,,,,,,,,,,,,,,,,,,,,,,,,,,,,,,,,,,,,,,,,,,,,
Q11808,Q11371023,,,,,,,,,,,,,,,,,,,,,,,,,,,,,,,,,,,,,,,,,,,,,
Q11810,Q357269,,,,,,,,,,,,,,,,,,,,,,,,,,,485567,,,,,,,,,,,,,,,,,,I00523754
Q11811,Q357249,,,,,,,,,,,,,,,,,,,,,,,,,,,,,,,,,,,,,,,,,,,,,I00719926
Q11819,Q311478,,,,,,,,,,,,,,,,,,,,,,,,,,,,,,,,,,,,,,,,,,,,,
Q11820,Q3192646,,,,,,,,,,,,,,,,,,,,,,,,,,,,,,,,,,,,,,,,,,,,,
Q11821,Q109856039,,,,,,,,,,,,,,,,,,,,,,,,,,,,,,,,,,,,,,,,,,,,,
Q11822,Q11564367,,,,,,,,,,,,,,,,,,,,,,,,,,,,,,,,,,,,,,,,,,,,,
Q11823,Q11564257,,,,,,,,,,,,,,,,,,,,,,,,,,,,,,,,,,,,,,,,,,,,,
Q11826,Q11564284,,,,,,,,,,,,,,,,,,,,,,,,,,,,,,,,,,,,,,,,,,,,,
Q11828,Q11564250,,,,,,,,,,,,,,,,,,,,,,,,,,,,,,,,,,,,,,,,,,,,,
Q11830,Q1306541,,,,,,,,,,,,,,,,,,,,,,,,,,,,,,,,,,,,,,,,,,,,,
Q11832,Q11564049,,,,,,,,,,,,,,,,,,,,,,,,,,,,,,,,,,,,,,,,,,,,,
Q11839,Q2376525,,,,,,,,,,,,,,,,,,,,,,,,,,,814295,,,,,,,,,,,,,,,,,,
Q11845,Q1339356,,,,,,,,,,,,,,,,,,,,,,,,,,,814293,,,,,,,,,,,,,,,,,,
Q11847,Q11564248,,,,,,,,,,,,,,,,,,,,,,,,,,,,,,,,,,,,,,,,,,,,,
Q11849,Q106608631,,,,,,,,,,,,,,,,,,,,,,,,,,,,,,,,,,,,,,,,,,,,,
Q11850,Q109323922,,,,,,,,,,,,,,,,,,,,,,,,,,,,,,,,,,,,,,,,,,,,,
Q11851,Q11564205,,,,,,,,,,,,,,,,,,,,,,,,,,,952978,,,,,,,,,,,,,,,,,,
Q11853,Q11451109,,,,,,,,,,,,,,,,,,,,,,,,,,,,,,,,,,,,,,,,,,,,,
Q11857,Q11554270,,,,,,,,,,,,,,,,,,,,,,,,,,,,,,,,,,,,,,,,,,,,,
Q11861,Q11564343,,,,,,,,,,,,,,,,,,,,,,,,,,,,,,,,,,,,,,,,,,,,,
Q11862,Q11564082,,,,,,,,,,,,,,,,,,,,,,,,,,,,,,,,,,,,,,,,,,,,,
Q11868,Q11564105,,,,,,,,,,,,,,,,,,,,,,,,,,,,,,,,,,,,,,,,,,,,,
Q11869,Q6863140,,,,,,,,,,,,,,,,,,,,,,,,,,,,,,,,,,,,,,,,,,,,,
Q11871,Q11430987,,,,,,,,,,,,,,,,,,,,,,,,,,,,,,,,,,,,,,,,,,,,,
Q11872,Q11430986,,,,,,,,,,,,,,,,,,,,,,,,,,,,,,,,,,,,,,,,,,,,,
Q11877,Q11564118,,,,,,,,,,,,,,,,,,,,,,,,,,,,,,,,,,,,,,,,,,,,,
Q11878,Q11427836,,,,,,,,,,,,,,,,,,,,,,,,,,,,,,,,,,,,,,,,,,,,,
Q11879,Q11564003,,,,,,,,,,,,,,,,,,,,,,,,,,,,,,,,,,,,,,,,,,,,,
Q11880,Q11564012,,,,,,,,,,,,,,,,,,,,,,,,,,,,,,,,,,,,,,,,,,,,,
Q11882,Q11623343,,,,,,,,,,,,,,,,,,,,,,,,,,,,,,,,,,,,,,,,,,,,,
Q11885,Q11390334,,,,,,,,,,,,,,,,,,,,,,,,,,,,,,,,,,,,,,,,,,,,,
Q11896,Q17220074,,,,,,,,,,,,,,,,,,,,,,,,,,,,,,,,,,,,,,,,,,,,,
Q11897,Q11623532,,,,,,,,,,,,,,,,,,,,,,,,,,,,,,,,,,,,,,,,,,,,,
Q11899,Q11623641,,,,,,,,,,,,,,,,,,,,,,,,,,,,,,,,,,,,,,,,,,,,,
Q11901,Q109124539,,,,,,,,,,,,,,,,,,,,,,,,,,,,,,,,,,,,,,,,,,,,,
Q11907,Q11623576,,,,,,,,,,,,,,,,,,,,,,,,,,,,,,,,,,,,,,,,,,,,,
Q11911,Q11623382,,,,,,,,,,,,,,,,,,,,,,,,,,,,,,,,,,,,,,,,,,,,,
Q11915,Q11623170,,,,,,,,,,,,,,,,,,,,,,,,,,,,,,,,,,,,,,,,,,,,,
Q11917,Q119927352,,,,,,,,,,,,,,,,,,,,,,,,,,,,,,,,,,,,,,,,,,,,,
Q11920,Q512934,,,,,,,,,,7737947,,,,,,,,,,,,,,,,,,,,,,,,,,,,,,,,,,,
Q11922,Q109855377,,,,,,,,,,,,,,,,,,,,,,,,,,,,,,,,,,,,,,,,,,,,,
Q11927,Q11564325,,,,,,,,,,,,,,,,,,,,,,,,,,,,,,,,,,,,,,,,,,,,,
Q11928,Q11564327,,,,,,,,,,,,,,,,,,,,,,,,,,,,,,,,,,,,,,,,,,,,,
Q11929,Q11621129,,,,,,,,,,,,,,,,,,,,,,,,,,,,,,,,,,,,,,,,,,,,,
Q11930,Q11623544,,,,,,,,,,,,,,,,,,,,,,,,,,,,,,,,,,,,,,,,,,,,,
Q11932,Q11563984,,,,,,,,,,,,,,,,,,,,,,,,,,,,,,,,,,,,,,,,,,,,,
Q11939,Q11644663,,,,,,,,,,,,,,,,,,,,,,,,,,,,,,,,,,,,,,,,,,,,,
Q11940,Q11467619,,,,,,,,,,,,,,,,,,,,,,,,,,,,,,,,,,,,,,,,,,,,,
Q11941,Q11503761,,,,,,,,,,,,,,,,,,,,,,,,,,,814581,,,,,,,,,,,,,,,,,,
Q11947,Q11482083,,,,,,,,,,,,,,,,,,,,,,,,,,,,,,,,,,,,,,,,,,,,,
Q11952,Q11420568,,,,,,,,,,,,,,,,,,,,,,,,,,,,,,,,,,,,,,,,,,,,,
Q11957,Q119381106,,,,,,,,,,,,,,,,,,,,,,,,,,,,,,,,,,,,,,,,,,,,,
Q11958,Q11483140,,,,,,,,,,,,,,,,,,,,,,,,,,,,,,,,,,,,,,,,,,,,,
Q11959,Q105711187,,,,,,,,,,,,,,,,,,,,,,,,,,,,,,,,,,,,,,,,,,,,,
Q11963,Q11482412,,,,,,,,,,,,,,,,,,,,,,,,,,,,,,,,,,,,,,,,,,,,,
Q11965,Q7676363,,,,,,,,,,,,,,,,,,,,,,,,,,,,,,,,,,,,,,,,,,,,,
Q11966,Q111804168,,,,,,,,,,,,,,,,,,,,,,,,,,,,,,,,,,,,,,,,,,,,,
Q11967,Q11449776,,,,,,,,,,,,,,,,,,,,,,,,,,,,,,,,,,,,,,,,,,,,,
Q11968,Q1284479,,,,,,,,,,,,,,,,,,,,,,,,,,,,,,,,,,,,,,,,,,,,,
Q11971,Q1189315,,,,,,,,,,,,,,,,,,,,,,,,,,,,,,,,,,,,,,,,,,,,,
Q11978,Q106493716,,,,,,,,,,,,,,,,,,,,,,,,,,,,,,,,,,,,,,,,,,,,,
Q11979,Q11482080,,,,,,,,,,,,,,,,,,,,,,,,,,,,,,,,,,,,,,,,,,,,,
Q11980,Q11483260,,,,,,,,,,,,,,,,,,,,,,,,,,,,,,,,,,,,,,,,,,,,,
Q11983,Q105711183,,,,,,,,,,,,,,,,,,,,,,,,,,,,,,,,,,,,,,,,,,,,,
Q11985,Q106616165,,,,,,,,,,,,,,,,,,,,,,,,,,,,,,,,,,,,,,,,,,,,,
Q11992,Q11383483,,,,,,,,,,,,,,,,,,,,,,,,,,,814690,,,,,,,,,,,,,,,,,,
Q11997,Q22125626,,,,,,,,,,,,,,,,,,,,,,,,,,,,,,,,,,,,,,,,,,,,,
Q12003,Q119929681,,,,,,,,,,,,,,,,,,,,,,,,,,,,,,,,,,,,,,,,,,,,,
Q12006,Q11378131,,,,,,,,,,,,,,,,,,,,,,,,,,,,,,,,,,,,,,,,,,,,,
Q12009,Q11368515,,,,,,,,,,,,,,,,,,,,,,,,,,,,,,,,,,,,,,,,,,,,,
Q12013,Q11570336,,,,,,,,,,,,,,,,,,,,,,,,,,,,,,,,,,,,,,,,,,,,,
Q12020,Q114236918,,,,,,,,,,,,,,,,,,,,,,,,,,,,,,,,,,,,,,,,,,,,,
Q12022,Q11447372,,,,,,,,,,,,,,,,,,,,,,,,,,,,,,,,,,,,,,,,,,,,,
Q12023,Q11380627,,,,,,,,,,,,,,,,,,,,,,,,,,,,,,,,,,,,,,,,,,,,,
Q12039,Q119381201,,,,,,,,,,,,,,,,,,,,,,,,,,,,,,,,,,,,,,,,,,,,,
Q12042,Q11588495,,,,,,,,,,,,,,,,,,,,,,,,,,,,,,,,,,,,,,,,,,,,,
Q12063,Q5507534,,,,,,,,,,,,,,,,,,,,,,,,,,,,,,,,,,,,,,,,,,,,,I00719927
Q12064,Q47470135,,,,,,,,,,,,,,,,,,,,,,,,,,,,,,,,,,,,,,,,,,,,,
Q12065,Q3464638,,,,,,,,,,,,,,,,,,,,,,,,,,,808531,,,,,,,,,,,,,,,,,,
Q12066,Q11615298,,,,,,,,,,,,,,,,,,,,,,,,,,,,,,,,,,,,,,,,,,,,,
Q12069,Q11615288,,,,,,,,,,,,,,,,,,,,,,,,,,,,,,,,,,,,,,,,,,,,,
Q12072,Q11588023,,,,,,,,,,,,,,,,,,,,,,,,,,,,,,,,,,,,,,,,,,,,,
Q12074,Q11564124,,,,,,,,,,,,,,,,,,,,,,,,,,,,,,,,,,,,,,,,,,,,,
Q12076,Q2087778,,,,,,,,,,,,,,,,,,,,,,,,,,,814308,,,,,,,,,,,,,,,,,,
Q12077,Q11636814,,,,,,,,,,,,,,,,,,,,,,,,,,,993896,,,,,,,,,,,,,,,,,,
Q12093,Q29410949,,,,,,,,,,,,,,,,,,,,,,,,,,,,,,,,,,,,,,,,,,,,,
Q12098,Q5760562,,,,,,,,,,,,,,,,,,,,,,,,,,,,,,,,,,,,,,,,,,,,,
Q12100,Q11636850,,,,,,,,,,,,,,,,,,,,,,,,,,,,,,,,,,,,,,,,,,,,,
Q12107,Q450780,,,,,,,,,,,,,,,,,,,,,,,,,,,,,,,,,,,,,,,,,,,,,
Q12109,Q22129199,,,,,,,,,,,,,,,,,,,,,,,,,,,,,,,,,,,,,,,,,,,,,
Q12118,Q7392303,,,,,,,,,,,,,,,,,,,,,,,,,,,1377648,,,,,,,,,,,,,,,,,,
Q12119,Q6639613,,,,,,,,,,,,,,,,,,,,,,,,,,,,,,,,,,,,,,,,,,,,,
Q12127,Q11528974,,,,,,,,,,,,,,,,,,,,,,,,,,,,,,,,,,,,,,,,,,,,,
Q12131,Q498593,,,,,,,,,,,,,,,,,,,,,,,,,,,,,,,,,,,,,,,,,,,,,
Q12134,Q11356596,,,,,,,,,,,,,,,,,,,,,,,,,,,,,,,,,,,,,,,,,,,,,
Q12137,Q11423362,,,,,,,,,,,,,,,,,,,,,,,,,,,,,,,,,,,,,,,,,,,,,
Q12144,Q11423421,,,,,,,,,,,,,,,,,,,,,,,,,,,,,,,,,,,,,,,,,,,,,
Q12145,Q106644597,,,,,,,,,,,,,,,,,,,,,,,,,,,,,,,,,,,,,,,,,,,,,
Q12151,Q11406056,,,,,,,,,,,,,,,,,,,,,,,,,,,,,,,,,,,,,,,,,,,,,
Q12155,Q6640060,,,,,,,,,,,,,,,,,,,,,,,,,,,,,,,,,,,,,,,,,,,,,
Q12161,Q11594948,,,,,,,,,,,,,,,,,,,,,,,,,,,,,,,,,,,,,,,,,,,,,
Q12163,Q7079831,,,,,,,,,,,,,,,,,,,,,,,,,,,,,,,,,,,,,,,,,,,,,
Q12164,Q10856529,,,,,,,,,,,,,,,,,,,,,,,,,,,,,,,,,,,,,,,,,,,,,
Q12166,Q11408527,,,,,,,,,,,,,,,,,,,,,,,,,,,1377655,,,,,,,,,,,,,,,,,,
Q12167,Q11408528,,,,,,,,,,,,,,,,,,,,,,,,,,,,,,,,,,,,,,,,,,,,,
Q12168,Q11353533,,,,,,,,,,,,,,,,,,,,,,,,,,,,,,,,,,,,,,,,,,,,,
Q12172,Q11637032,,,,,,,,,,,,,,,,,,,,,,,,,,,,,,,,,,,,,,,,,,,,,
Q12173,Q11636816,,,,,,,,,,,,,,,,,,,,,,,,,,,994344,,,,,,,,,,,,,,,,,,
Q12175,Q3482119,,,,,,,,,,,,,,,,,,,,,,,,,,,,,,,,,,,,,,,,,,,,,
Q12180,Q11555498,,,,,,,,,,,,,,,,,,,,,,,,,,,,,,,,,,,,,,,,,,,,,
Q12183,Q11555499,,,,,,,,,,,,,,,,,,,,,,,,,,,,,,,,,,,,,,,,,,,,,
Q12185,Q11554111,,,,,,,,,,,,,,,,,,,,,,,,,,,,,,,,,,,,,,,,,,,,,
Q12188,Q11455269,,,,,,,,,,,,,,,,,,,,,,,,,,,,,,,,,,,,,,,,,,,,,
Q12189,Q11462415,,,,,,,,,,,,,,,,,,,,,,,,,,,,,,,,,,,,,,,,,,,,,
Q12192,Q11406072,,,,,,,,,,,,,,,,,,,,,,,,,,,,,,,,,,,,,,,,,,,,,
Q12194,Q11633547,,,,,,,,,,,,,,,,,,,,,,,,,,,,,,,,,,,,,,,,,,,,,
Q12197,Q11620992,,,,,,,,,,,,,,,,,,,,,,,,,,,,,,,,,,,,,,,,,,,,,
Q12200,Q11459868,,,,,,,,,,,,,,,,,,,,,,,,,,,,,,,,,,,,,,,,,,,,,
Q12204,Q11382187,,,,,,,,,,,,,,,,,,,,,,,,,,,820336,,,,,,,,,,,,,,,,,,
Q12205,Q11382365,,,,,,,,,,,,,,,,,,,,,,,,,,,820337,,,,,,,,,,,,,,,,,,
Q12206,Q11382335,,,,,,,,,,,,,,,,,,,,,,,,,,,,,,,,,,,,,,,,,,,,,
Q12207,Q3473770,,,,,,,,,,,,,,,,,,,,,,,,,,,820339,,,,,,,,,,,,,,,,,,
Q12208,Q11382304,,,,,,,,,,,,,,,,,,,,,,,,,,,,,,,,,,,,,,,,,,,,,
Q12210,Q11413070,,,,,,,,,,,,,,,,,,,,,,,,,,,,,,,,,,,,,,,,,,,,,
Q12216,Q17211034,,,,,,,,,,,,,,,,,,,,,,,,,,,,,,,,,,,,,,,,,,,,,
Q12217,Q11564051,,,,,,,,,,,,,,,,,,,,,,,,,,,,,,,,,,,,,,,,,,,,,
Q12231,Q20040851,,,,,,,,,,,,,,,,,,,,,,,,,,,,,,,,,,,,,,,,,,,,,
Q12236,Q111223632,,,,,,,,,,,,,,,,,,,,,,,,,,,,,,,,,,,,,,,,,,,,,
Q12245,Q23986613,,,,,,,,,,,,,,,,,,,,,,,,,,,,,,,,,,,,,,,,,,,,,
Q12246,Q60986712,,,,,,,,,,,,,,,,,,,,,,,,,,,,,,,,,,,,,,,,,,,,,
Q12247,Q3616500,,,,,,,,,,,,,,,,,,,,,,,,,,,,,,,,,,,,,,,,,,,,,
Q12253,Q108671842,,,,,,,,,,,,,,,,,,,,,,,,,,,,,,,,,,,,,,,,,,,,,
Q12260,Q11623628,,,,,,,,,,,,,,,,,,,,,,,,,,,,,,,,,,,,,,,,,,,,,
Q12261,Q11623194,,,,,,,,,,,,,,,,,,,,,,,,,,,,,,,,,,,,,,,,,,,,,
Q12268,Q11623458,,,,,,,,,,,,,,,,,,,,,,,,,,,,,,,,,,,,,,,,,,,,,
Q12284,Q20040420,,,,,,,,,,,,,,,,,,,,,,,,,,,,,,,,,,,,,,,,,,,,,
Q12286,Q22130657,,,,,,,,,,,,,,,,,,,,,,,,,,,,,,,,,,,,,,,,,,,,,
Q12289,Q11483025,,,,,,,,,,,,,,,,,,,,,,,,,,,,,,,,,,,,,,,,,,,,,
Q12290,Q11483548,,,,,,,,,,,,,,,,,,,,,,,,,,,,,,,,,,,,,,,,,,,,,
Q12293,Q11623537,,,,,,,,,,,,,,,,,,,,,,,,,,,,,,,,,,,,,,,,,,,,,
Q12310,Q105988982,,,,,,,,,,,,,,,,,,,,,,,,,,,,,,,,,,,,,,,,,,,,,
Q12311,Q11658097,,,,,,,,,,,,,,,,,,,,,,,,,,,,,,,,,,,,,,,,,,,,,
Q12313,Q11623086,,,,,,,,,,,,,,,,,,,,,,,,,,,,,,,,,,,,,,,,,,,,,
Q12316,Q11364081,,,,,,,,,,,,,,,,,,,,,,,,,,,,,,,,,,,,,,,,,,,,,
Q12321,Q11623633,,,,,,,,,,,,,,,,,,,,,,,,,,,,,,,,,,,,,,,,,,,,,
Q12331,Q5507536,,,,,,,,,,,,,,,,,,,,,,,,,,,,,,,,,,,,,,,,,,,,,
Q12340,Q3055506,,,,,,,,,,,,,,,,,,,,,,,,,,,,,,,,,,,,,,,,,,,,,
Q12342,Q7223087,,,,,,,,,,,,,,,,,,,,,,,,,,,,,,,,,,,,,,,,,,,,,
Q12343,Q15839371,,,,,,,,,,,,,,,,,,,,,,,,,,,,,,,,,,,,,,,,,,,,,
Q12348,Q2918443,,,,,,,,,,,,,,,,,,,,,,,,,,,,,,,,,,,,,,,,,,,,,
Q12357,Q17212462,,,,,,,,,,,,,,,,,,,,,,,,,,,,,,,,,,,,,,,,,,,,,
Q12364,Q11482082,,,,,,,,,,,,,,,,,,,,,,,,,,,,,,,,,,,,,,,,,,,,,
Q12372,Q11061303,,,,,,,,,,,,,,,,,,,,,,,,,,,,,,,,,,,,,,,,,,,,,
Q12373,Q11483224,,,,,,,,,,,,,,,,,,,,,,,,,,,,,,,,,,,,,,,,,,,,,
Q12374,Q11483029,,,,,,,,,,,,,,,,,,,,,,,,,,,,,,,,,,,,,,,,,,,,,
Q12375,Q11482762,,,,,,,,,,,,,,,,,,,,,,,,,,,,,,,,,,,,,,,,,,,,,
Q12376,Q11482779,,,,,,,,,,,,,,,,,,,,,,,,,,,,,,,,,,,,,,,,,,,,,
Q12377,Q11482411,,,,,,,,,,,,,,,,,,,,,,,,,,,,,,,,,,,,,,,,,,,,,
Q12379,Q11483539,,,,,,,,,,,,,,,,,,,,,,,,,,,,,,,,,,,,,,,,,,,,,
Q12380,Q11061131,,,,,,,,,,,,,,,,,,,,,,,,,,,,,,,,,,,,,,,,,,,,,
Q12383,Q11483434,,,,,,,,,,,,,,,,,,,,,,,,,,,,,,,,,,,,,,,,,,,,,
Q12384,Q11483439,,,,,,,,,,,,,,,,,,,,,,,,,,,,,,,,,,,,,,,,,,,,,
Q12386,Q11483438,,,,,,,,,,,,,,,,,,,,,,,,,,,,,,,,,,,,,,,,,,,,,
Q12388,Q11405508,,,,,,,,,,,,,,,,,,,,,,,,,,,,,,,,,,,,,,,,,,,,,
Q12390,Q11623280,,,,,,,,,,,,,,,,,,,,,,,,,,,,,,,,,,,,,,,,,,,,,
Q12391,Q20038732,,,,,,,,,,,,,,,,,,,,,,,,,,,,,,,,,,,,,,,,,,,,,
Q12393,Q11623629,,,,,,,,,,,,,,,,,,,,,,,,,,,,,,,,,,,,,,,,,,,,,
Q12398,Q11451553,,,,,,,,,,,,,,,,,,,,,,,,,,,,,,,,,,,,,,,,,,,,,
Q12400,Q11451563,,,,,,,,,,,,,,,,,,,,,,,,,,,,,,,,,,,,,,,,,,,,,
Q12404,Q10542801,,,,,,,,,,,,,,,,,,,,,,,,,,,,,,,,,,,,,,,,,,,,,
Q12405,Q11636819,,,,,,,,,,,,,,,,,,,,,,,,,,,814309,,,,,,,,,,,,,,,,,,
Q12407,Q11623035,,,,,,,,,,,,,,,,,,,,,,,,,,,,,,,,,,,,,,,,,,,,,
Q12414,Q11623493,,,,,,,,,,,,,,,,,,,,,,,,,,,,,,,,,,,,,,,,,,,,,
Q12420,Q5507532,,,,,,,,,,,,,,,,,,,,,,,,,,,,,,,,,,,,,,,,,,,,,
Q12430,Q3198714,,,,,,,,,,,,,,,,,,,,,,,,,,,805034,,,,,,,,,,,,,,,,,,
Q12441,Q11626400,,,,,,,,,,,,,,,,,,,,,,,,,,,,,,,,,,,,,,,,,,,,,
Q12444,Q24875915,,,,,,,,,,,,,,,,,,,,,,,,,,,,,,,,,,,,,,,,,,,,,
Q12445,Q7137097,,,,,,,,,,,,,,,,,,,,,,,,,,,,,,,,,,,,,,,,,,,,,
Q12454,Q113567869,,,,,,,,,,,,,,,,,,,,,,,,,,,,,,,,,,,,,,,,,,,,,
Q12457,Q16726178,,,,,,,,,,,,,,,,,,,,,,,,,,,,,,,,,,,,,,,,,,,,,
Q12459,Q110298723,,,,,,,,,,,,,,,,,,,,,,,,,,,,,,,,,,,,,,,,,,,,,
Q12464,Q18236051,,,,,,,,,,,,,,,,,,,,,,,,,,,,,,,,,,,,,,,,,,,,,
Q12474,Q22126131,,,,,,,,,,,,,,,,,,,,,,,,,,,,,,,,,,,,,,,,,,,,,
Q12477,Q106571510,,,,,,,,,,,,,,,,,,,,,,,,,,,,,,,,,,,,,,,,,,,,,
Q12481,Q349259,,,,,,,,,,,,,,,,,,,,,,,,,,,485561,,,,,,,,,,,,,,,,,,I00523693
Q12500,Q11363134,,,,,,,,,,,,,,,,,,,,,,,,,,,,,,,,,,,,,,,,,,,,,
Q12503,Q11651457,,,,,,,,,,,,,,,,,,,,,,,,,,,,,,,,,,,,,,,,,,,,,
Q12509,Q11404421,,,,,,,,,,,,,,,,,,,,,,,,,,,,,,,,,,,,,,,,,,,,,
Q12517,Q3090653,,,,,,,,,,,,,,,,,,,,,,,,,,,,,,,,,,,,,,,,,,,,,
Q12520,Q11455669,,,,,,,,,,,,,,,,,,,,,,,,,,,,,,,,,,,,,,,,,,,,,
Q12521,Q11455672,,,,,,,,,,,,,,,,,,,,,,,,,,,,,,,,,,,,,,,,,,,,,
Q12522,Q336103,,,,,,,,,,,,,,,,,,,,,,,,,,,,,,,,,,,,,,,,,,,,,
Q12524,Q10895611,,,,,,,,,,,,,,,,,,,,,,,,,,,,,,,,,,,,,,,,,,,,,
Q12527,Q10895612,,,,,,,,,,,,,,,,,,,,,,,,,,,,,,,,,,,,,,,,,,,,,
Q12529,Q7223238,,,,,,,,,,,,,,,,,,,,,,,,,,,808530,,,,,,,,,,,,,,,,,,
Q12530,Q7223439,,,,,,,,,,,,,,,,,,,,,,,,,,,,,,,,,,,,,,,,,,,,,
Q12531,Q11061400,,,,,,,,,,,,,,,,,,,,,,,,,,,,,,,,,,,,,,,,,,,,,
Q12535,Q11489581,,,,,,,,,,,,,,,,,,,,,,,,,,,,,,,,,,,,,,,,,,,,,
Q12556,Q22128868,,,,,,,,,,,,,,,,,,,,,,,,,,,,,,,,,,,,,,,,,,,,,
Q12560,Q11620722,,,,,,,,,,,,,,,,,,,,,,,,,,,,,,,,,,,,,,,,,,,,,
Q12565,Q11623445,,,,,,,,,,,,,,,,,,,,,,,,,,,,,,,,,,,,,,,,,,,,,
Q12566,Q11467654,,,,,,,,,,,,,,,,,,,,,,,,,,,,,,,,,,,,,,,,,,,,,
Q12569,Q22130918,,,,,,,,,,,,,,,,,,,,,,,,,,,,,,,,,,,,,,,,,,,,,
Q12571,Q20041848,,,,,,,,,,,,,,,,,,,,,,,,,,,,,,,,,,,,,,,,,,,,,
Q12572,Q18234195,,,,,,,,,,,,,,,,,,,,,,,,,,,,,,,,,,,,,,,,,,,,,
Q12573,Q106634753,,,,,,,,,,,,,,,,,,,,,,,,,,,,,,,,,,,,,,,,,,,,,
Q12577,Q17213014,,,,,,,,,,,,,,,,,,,,,,,,,,,,,,,,,,,,,,,,,,,,,
Q12578,Q17216583,,,,,,,,,,,,,,,,,,,,,,,,,,,,,,,,,,,,,,,,,,,,,
Q12581,Q18235286,,,,,,,,,,,,,,,,,,,,,,,,,,,,,,,,,,,,,,,,,,,,,
Q12588,Q106647430,,,,,,,,,,,,,,,,,,,,,,,,,,,,,,,,,,,,,,,,,,,,,
Q12590,Q20039983,,,,,,,,,,,,,,,,,,,,,,,,,,,,,,,,,,,,,,,,,,,,,
Q12591,Q11369382,,,,,,,,,,,,,,,,,,,,,,,,,,,,,,,,,,,,,,,,,,,,,
Q12593,Q11392413,,,,,,,,,,,,,,,,,,,,,,,,,,,,,,,,,,,,,,,,,,,,,
Q12595,Q18011423,,,,,,,,,,,,,,,,,,,,,,,,,,,,,,,,,,,,,,,,,,,,,
Q12599,Q124483485,,,,,,,,,,,,,,,,,,,,,,,,,,,,,,,,,,,,,,,,,,,,,
Q12600,Q11121940,,,,,,,,,,,,,,,,,,,,,,,,,,,,,,,,,,,,,,,,,,,,,
Q12605,Q11636752,,,,,,,,,,,,,,,,,,,,,,,,,,,,,,,,,,,,,,,,,,,,,
Q12606,Q24876185,,,,,,,,,,,,,,,,,,,,,,,,,,,,,,,,,,,,,,,,,,,,,
Q12610,Q497775,,,,,,,,,,,,,,,,,,,,,,,,,,,,,,,,,,,,,,,,,,,,,
Q12611,Q497755,,,,,,,,,,,,,,,,,,,,,,,,,,,,,,,,,,,,,,,,,,,,,
Q12612,Q497796,,,,,,,,,,,,,,,,,,,,,,,,,,,,,,,,,,,,,,,,,,,,,
Q12613,Q488390,,,,,,,,,,,,,,,,,,,,,,,,,,,,,,,,,,,,,,,,,,,,,
Q12614,Q6799649,,,,,,,,,,,,,,,,,,,,,,,,,,,,,,,,,,,,,,,,,,,,,
Q12615,Q28523228,,,,,,,,,,,,,,,,,,,,,,,,,,,,,,,,,,,,,,,,,,,,,
Q12616,Q16160342,,,,,,,,,,,,,,,,,,,,,,,,,,,,,,,,,,,,,,,,,,,,,
Q12617,Q15108500,,,,,,,,,,,,,,,,,,,,,,,,,,,,,,,,,,,,,,,,,,,,,
Q12618,Q624986,,,,,,,,,,,,,,,,,,,,,,,,,,,,,,,,,,,,,,,,,,,,,
Q12619,Q6764999,,,,,,,,,,,,,,,,,,,,,,,,,,,,,,,,,,,,,,,,,,,,,
Q12620,Q498030,,,,,,,,,,,,,,,,,,,,,,,,,,,,,,,,,,,,,,,,,,,,,
Q12621,Q16184847,,,,,,,,,,,,,,,,,,,,,,,,,,,,,,,,,,,,,,,,,,,,,
Q12623,Q92923191,,,,,,,,,,,,,,,,,,,,,,,,,,,,,,,,,,,,,,,,,,,,,
Q12624,Q11423462,,,,,,,,,,,,,,,,,,,,,,,,,,,,,,,,,,,,,,,,,,,,,
Q12627,Q110050641,,,,,,,,,,,,,,,,,,,,,,,,,,,,,,,,,,,,,,,,,,,,,
Q12628,Q110050630,,,,,,,,,,,,,,,,,,,,,,,,,,,,,,,,,,,,,,,,,,,,,
Q12634,Q357221,,,,,,,,,,,,,,,,,,,,,,,,,,,,,,,,,,,,,,,,,,,,,I00719923
Q12638,Q106642832,,,,,,,,,,,,,,,,,,,,,,,,,,,,,,,,,,,,,,,,,,,,,
Q12644,Q11474159,,,,,,,,,,,,,,,,,,,,,,,,,,,,,,,,,,,,,,,,,,,,,
Q12648,Q118747015,,,,,,,,,,,,,,,,,,,,,,,,,,,,,,,,,,,,,,,,,,,,,
Q12650,Q11540445,,,,,,,,,,,,,,,,,,,,,,,,,,,,,,,,,,,,,,,,,,,,,
Q12651,Q11616573,,,,,,,,,,,,,,,,,,,,,,,,,,,,,,,,,,,,,,,,,,,,,
Q12654,Q11558376,,,,,,,,,,,,,,,,,,,,,,,,,,,,,,,,,,,,,,,,,,,,,
Q12655,Q106679742,,,,,,,,,,,,,,,,,,,,,,,,,,,,,,,,,,,,,,,,,,,,,
Q12656,Q24890707,,,,,,,,,,,,,,,,,,,,,,,,,,,,,,,,,,,,,,,,,,,,,
Q12658,Q1059918,,,,,,,,,,,,,,,,,,,,,,,,,,,,,,,,,,,,,,,,,,,,,
Q12660,Q109362145,,,,,,,,,,,,,,,,,,,,,,,,,,,,,,,,,,,,,,,,,,,,,
Q12664,Q11469305,,,,,,,,,,,,,,,,,,,,,,,,,,,,,,,,,,,,,,,,,,,,,
Q12666,Q11557026,,,,,,,,,,,,,,,,,,,,,,,,,,,,,,,,,,,,,,,,,,,,,
Q12667,Q11640236,,,,,,,,,,,,,,,,,,,,,,,,,,,,,,,,,,,,,,,,,,,,,
Q12670,Q11451110,,,,,,,,,,,,,,,,,,,,,,,,,,,,,,,,,,,,,,,,,,,,,
Q12673,Q123414861,,,,,,,,,,,,,,,,,,,,,,,,,,,,,,,,,,,,,,,,,,,,,
Q12675,Q17219045,,,,,,,,,,,,,,,,,,,,,,,,,,,,,,,,,,,,,,,,,,,,,
Q12676,Q24865890,,,,,,,,,,,,,,,,,,,,,,,,,,,,,,,,,,,,,,,,,,,,,
Q12678,Q11386059,,,,,,,,,,,,,,,,,,,,,,,,,,,,,,,,,,,,,,,,,,,,,
Q12683,Q11522879,,,,,,,,,,,,,,,,,,,,,,,,,,,,,,,,,,,,,,,,,,,,,
Q12684,Q11459376,,,,,,,,,,,,,,,,,,,,,,,,,,,,,,,,,,,,,,,,,,,,,
Q12687,Q11430974,,,,,,,,,,,,,,,,,,,,,,,,,,,,,,,,,,,,,,,,,,,,,
Q12688,Q11430963,,,,,,,,,,,,,,,,,,,,,,,,,,,,,,,,,,,,,,,,,,,,,
Q12689,Q11611991,,,,,,,,,,,,,,,,,,,,,,,,,,,,,,,,,,,,,,,,,,,,,
Q12690,Q11430959,,,,,,,,,,,,,,,,,,,,,,,,,,,,,,,,,,,,,,,,,,,,,
Q12691,Q110392269,,,,,,,,,,,,,,,,,,,,,,,,,,,,,,,,,,,,,,,,,,,,,
Q12693,Q11564008,,,,,,,,,,,,,,,,,,,,,,,,,,,,,,,,,,,,,,,,,,,,,
Q12694,Q11423363,,,,,,,,,,,,,,,,,,,,,,,,,,,814511,,,,,,,,,,,,,,,,,,
Q12699,Q24874368,,,,,,,,,,,,,,,,,,,,,,,,,,,,,,,,,,,,,,,,,,,,,
Q12700,Q11620726,,,,,,,,,,,,,,,,,,,,,,,,,,,,,,,,,,,,,,,,,,,,,
Q12702,Q109124562,,,,,,,,,,,,,,,,,,,,,,,,,,,,,,,,,,,,,,,,,,,,,
Q12705,Q11359244,,,,,,,,,,,,,,,,,,,,,,,,,,,,,,,,,,,,,,,,,,,,,
Q12708,Q11623545,,,,,,,,,,,,,,,,,,,,,,,,,,,,,,,,,,,,,,,,,,,,,
Q12712,Q6582141,,,,,,,,,,,,,,,,,,,,,,,,,,,,,,,,,,,,,,,,,,,,,
Q12713,Q6606896,,,,,,,,,,,,,,,,,,,,,,,,,,,,,,,,,,,,,,,,,,,,,
Q12714,Q6604921,,,,,,,,,,,,,,,,,,,,,,,,,,,,,,,,,,,,,,,,,,,,,
Q12718,Q11623542,,,,,,,,,,,,,,,,,,,,,,,,,,,,,,,,,,,,,,,,,,,,,
Q12722,Q2625800,,,,,,,,,,,,,,,,,,,,,,,,,,,,,,,,,,,,,,,,,,,,,
Q12723,Q11644667,,,,,,,,,,,,,,,,,,,,,,,,,,,,,,,,,,,,,,,,,,,,,
Q12724,Q11575862,,,,,,,,,,,,,,,,,,,,,,,,,,,,,,,,,,,,,,,,,,,,,
Q12726,Q11503763,,,,,,,,,,,,,,,,,,,,,,,,,,,814582,,,,,,,,,,,,,,,,,,
Q12728,Q11362536,,,,,,,,,,,,,,,,,,,,,,,,,,,,,,,,,,,,,,,,,,,,,
Q12733,Q109335582,,,,,,,,,,,,,,,,,,,,,,,,,,,,,,,,,,,,,,,,,,,,,
Q12734,Q11623450,,,,,,,,,,,,,,,,,,,,,,,,,,,,,,,,,,,,,,,,,,,,,
Q12740,Q22131482,,,,,,,,,,,,,,,,,,,,,,,,,,,,,,,,,,,,,,,,,,,,,
Q12743,Q11409918,,,,,,,,,,,,,,,,,,,,,,,,,,,,,,,,,,,,,,,,,,,,,
Q12751,Q11383412,,,,,,,,,,,,,,,,,,,,,,,,,,,,,,,,,,,,,,,,,,,,,
Q12755,Q11547374,,,,,,,,,,,,,,,,,,,,,,,,,,,,,,,,,,,,,,,,,,,,,
Q12756,Q2823877,,,,,,,,,,,,,,,,,,,,,,,,,,,,,,,,,,,,,,,,,,,,,
Q12757,Q2823876,,,,,,,,,,,,,,,,,,,,,,,,,,,,,,,,,,,,,,,,,,,,,
Q12758,Q11451531,,,,,,,,,,,,,,,,,,,,,,,,,,,,,,,,,,,,,,,,,,,,,
Q12760,Q15645490,,,,,,,,,,,,,,,,,,,,,,,,,,,,,,,,,,,,,,,,,,,,,
Q12767,Q11380663,,,,,,,,,,,,,,,,,,,,,,,,,,,,,,,,,,,,,,,,,,,,,
Q12768,Q11380638,,,,,,,,,,,,,,,,,,,,,,,,,,,,,,,,,,,,,,,,,,,,,
Q12769,Q11380640,,,,,,,,,,,,,,,,,,,,,,,,,,,,,,,,,,,,,,,,,,,,,
Q12782,Q11621000,,,,,,,,,,,,,,,,,,,,,,,,,,,,,,,,,,,,,,,,,,,,,
Q12808,Q11382090,,,,,,,,,,,,,,,,,,,,,,,,,,,820344,,,,,,,,,,,,,,,,,,
Q12809,Q11382306,,,,,,,,,,,,,,,,,,,,,,,,,,,820345,,,,,,,,,,,,,,,,,,
Q12810,Q11382303,,,,,,,,,,,,,,,,,,,,,,,,,,,820346,,,,,,,,,,,,,,,,,,
Q12814,Q11669526,,,,,,,,,,,,,,,,,,,,,,,,,,,,,,,,,,,,,,,,,,,,,
Q12820,Q20039380,,,,,,,,,,,,,,,,,,,,,,,,,,,,,,,,,,,,,,,,,,,,,
Q12821,Q11604765,,,,,,,,,,,,,,,,,,,,,,,,,,,,,,,,,,,,,,,,,,,,,
Q12826,Q11495164,,,,,,,,,,,,,,,,,,,,,,,,,,,,,,,,,,,,,,,,,,,,,
Q12828,Q7139984,,,,,,,,,,,,,,,,,,,,,,,,,,,,,,,,,,,,,,,,,,,,,I00719924
Q12836,Q5507526,,,,,,,,,,,,,,,,,,,,,,,,,,,,,,,,,,,,,,,,,,,,,I00523694
Q12838,Q7223139,,,,,,,,,,,,,,,,,,,,,,,,,,,,,,,,,,,,,,,,,,,,,
Q12840,Q11615295,,,,,,,,,,,,,,,,,,,,,,,,,,,,,,,,,,,,,,,,,,,,,
Q12845,Q11536961,,,,,,,,,,,,,,,,,,,,,,,,,,,,,,,,,,,,,,,,,,,,,
Q12847,Q11414271,,,,,,,,,,,,,,,,,,,,,,,,,,,,,,,,,,,,,,,,,,,,,
Q12848,Q11414264,,,,,,,,,,,,,,,,,,,,,,,,,,,,,,,,,,,,,,,,,,,,,
Q12849,Q11636790,,,,,,,,,,,,,,,,,,,,,,,,,,,993898,,,,,,,,,,,,,,,,,,
Q12857,Q38278937,,,,,,,,,,,,,,,,,,,,,,,,,,,,,,,,,,,,,,,,,,,,,
Q12868,Q11406084,,,,,,,,,,,,,,,,,,,,,,,,,,,,,,,,,,,,,,,,,,,,,
Q12869,Q11630322,,,,,,,,,,,,,,,,,,,,,,,,,,,,,,,,,,,,,,,,,,,,,
Q12870,Q11406795,,,,,,,,,,,,,,,,,,,,,,,,,,,,,,,,,,,,,,,,,,,,,
Q12871,Q11380854,,,,,,,,,,,,,,,,,,,,,,,,,,,,,,,,,,,,,,,,,,,,,
Q12876,Q11547369,,,,,,,,,,,,,,,,,,,,,,,,,,,,,,,,,,,,,,,,,,,,,
Q12877,Q11547375,,,,,,,,,,,,,,,,,,,,,,,,,,,,,,,,,,,,,,,,,,,,,
Q12878,Q11547380,,,,,,,,,,,,,,,,,,,,,,,,,,,,,,,,,,,,,,,,,,,,,
Q12880,Q114258435,,,,,,,,,,,,,,,,,,,,,,,,,,,,,,,,,,,,,,,,,,,,,
Q12886,Q11121054,,,,,,,,,,,,,,,,,,,,,,,,,,,,,,,,,,,,,,,,,,,,,
Q12901,Q11636836,,,,,,,,,,,,,,,,,,,,,,,,,,,,,,,,,,,,,,,,,,,,,
Q12902,Q121355885,,,,,,,,,,,,,,,,,,,,,,,,,,,,,,,,,,,,,,,,,,,,,
Q12903,Q11383041,,,,,,,,,,,,,,,,,,,,,,,,,,,,,,,,,,,,,,,,,,,,,
Q12909,Q106653916,,,,,,,,,,,,,,,,,,,,,,,,,,,,,,,,,,,,,,,,,,,,,
Q12911,Q28692393,,,,,,,,,,,,,,,,,,,,,,,,,,,,,,,,,,,,,,,,,,,,,
Q12913,Q24892765,,,,,,,,,,,,,,,,,,,,,,,,,,,,,,,,,,,,,,,,,,,,,
Q12920,Q6639961,,,,,,,,,,,,,,,,,,,,,,,,,,,,,,,,,,,,,,,,,,,,,
Q12928,Q10859954,,,,,,,,,,,,,,,,,,,,,,,,,,,,,,,,,,,,,,,,,,,,,
Q12939,Q11555546,,,,,,,,,,,,,,,,,,,,,,,,,,,,,,,,,,,,,,,,,,,,,
Q12948,Q11492951,,,,,,,,,,,,,,,,,,,,,,,,,,,,,,,,,,,,,,,,,,,,,
Q12949,Q11073324,,,,,,,,,,,,,,,,,,,,,,,,,,,,,,,,,,,,,,,,,,,,,
Q12951,Q11163129,,,,,,,,,,,,,,,,,,,,,,,,,,,,,,,,,,,,,,,,,,,,,
Q12952,Q11162886,,,,,,,,,,,,,,,,,,,,,,,,,,,,,,,,,,,,,,,,,,,,,
Q12957,Q115251474,,,,,,,,,,,,,,,,,,,,,,,,,,,,,,,,,,,,,,,,,,,,,
Q12963,Q11406736,,,,,,,,,,,,,,,,,,,,,,,,,,,,,,,,,,,,,,,,,,,,,
Q12965,Q11406102,,,,,,,,,,,,,,,,,,,,,,,,,,,,,,,,,,,,,,,,,,,,,
Q12975,Q11653207,,,,,,,,,,,,,,,,,,,,,,,,,,,,,,,,,,,,,,,,,,,,,
Q12976,Q11459888,,,,,,,,,,,,,,,,,,,,,,,,,,,,,,,,,,,,,,,,,,,,,
Q12984,Q20039217,,,,,,,,,,,,,,,,,,,,,,,,,,,,,,,,,,,,,,,,,,,,,
Q12985,Q18236076,,,,,,,,,,,,,,,,,,,,,,,,,,,,,,,,,,,,,,,,,,,,,
Q12986,Q11457249,,,,,,,,,,,,,,,,,,,,,,,,,,,,,,,,,,,,,,,,,,,,,
Q12988,Q6129881,,,,,,,,,,,,,,,,,,,,,,,,,,,,,,,,,,,,,,,,,,,,,
Q12990,Q17221995,,,,,,,,,,,,,,,,,,,,,,,,,,,,,,,,,,,,,,,,,,,,,
Q12993,Q11544193,,,,,,,,,,,,,,,,,,,,,,,,,,,,,,,,,,,,,,,,,,,,,
Q12996,Q11399278,,,,,,,,,,,,,,,,,,,,,,,,,,,,,,,,,,,,,,,,,,,,,
Q12997,Q11399277,,,,,,,,,,,,,,,,,,,,,,,,,,,,,,,,,,,,,,,,,,,,,
Q13000,Q20040850,,,,,,,,,,,,,,,,,,,,,,,,,,,,,,,,,,,,,,,,,,,,,
Q13001,Q20041240,,,,,,,,,,,,,,,,,,,,,,,,,,,,,,,,,,,,,,,,,,,,,
Q13018,Q11483154,,,,,,,,,,,,,,,,,,,,,,,,,,,,,,,,,,,,,,,,,,,,,
Q13036,Q3090672,,,,,,,,,,,,,,,,,,,,,,,,,,,,,,,,,,,,,,,,,,,,,
Q13041,Q11371668,,,,,,,,,,,,,,,,,,,,,,,,,,,,,,,,,,,,,,,,,,,,,
Q13042,Q11353578,,,,,,,,,,,,,,,,,,,,,,,,,,,,,,,,,,,,,,,,,,,,,
Q13045,Q11621991,,,,,,,,,,,,,,,,,,,,,,,,,,,,,,,,,,,,,,,,,,,,,
Q13060,Q56346793,,,,,,,,,,,,,,,,,,,,,,,,,,,,,,,,,,,,,,,,,,,,,
Q13064,Q17226885,,,,,,,,,,,,,,,,,,,,,,,,,,,,,,,,,,,,,,,,,,,,,
Q13073,Q106548907,,,,,,,,,,,,,,,,,,,,,,,,,,,,,,,,,,,,,,,,,,,,,
Q13074,Q5507511,,,,,,,,,,,,,,,,,,,,,,,,,,,,,,,,,,,,,,,,,,,,,
Q13085,Q20041017,,,,,,,,,,,,,,,,,,,,,,,,,,,,,,,,,,,,,,,,,,,,,
Q13097,Q2502463,,,,,,,,,,,,,,,,,,,,,,,,,,,,,,,,,,,,,,,,,,,,,
Q13099,Q11564120,,,,,,,,,,,,,,,,,,,,,,,,,,,,,,,,,,,,,,,,,,,,,
Q13103,Q17216196,,,,,,,,,,,,,,,,,,,,,,,,,,,,,,,,,,,,,,,,,,,,,
Q13106,Q17215868,,,,,,,,,,,,,,,,,,,,,,,,,,,,,,,,,,,,,,,,,,,,,
Q13107,Q20038736,,,,,,,,,,,,,,,,,,,,,,,,,,,,,,,,,,,,,,,,,,,,,
Q13122,Q11133367,,,,,,,,,,,,,,,,,,,,,,,,,,,,,,,,,,,,,,,,,,,,,
Q13129,Q11636806,,,,,,,,,,,,,,,,,,,,,,,,,,,,,,,,,,,,,,,,,,,,,
Q13132,Q126718504,,,,,,,,,,,,,,,,,,,,,,,,,,,,,,,,,,,,,,,,,,,,,
Q13133,Q11564220,,,,,,,,,,,,,,,,,,,,,,,,,,,,,,,,,,,,,,,,,,,,,
Q13135,Q20042592,,,,,,,,,,,,,,,,,,,,,,,,,,,,,,,,,,,,,,,,,,,,,
Q13136,Q20042591,,,,,,,,,,,,,,,,,,,,,,,,,,,,,,,,,,,,,,,,,,,,,
Q13137,Q11485460,,,,,,,,,,,,,,,,,,,,,,,,,,,,,,,,,,,,,,,,,,,,,
Q13138,Q17216590,,,,,,,,,,,,,,,,,,,,,,,,,,,,,,,,,,,,,,,,,,,,,
Q13139,Q3198715,,,,,,,,,,,,,,,,,,,,,,,,,,,805038,,,,,,,,,,,,,,,,,,
Q13140,Q7137331,,,,,,,,,,,,,,,,,,,,,,,,,,,,,,,,,,,,,,,,,,,,,
Q13141,Q3514226,,,,,,,,,,,,,,,,,,,,,,,,,,,804569,,,,,,,,,,,,,,,,,,
Q13153,Q11362032,,,,,,,,,,,,,,,,,,,,,,,,,,,,,,,,,,,,,,,,,,,,,
Q13160,Q3314715,,,,,,,,,,,,,,,,,,,,,,,,,,,,,,,,,,,,,,,,,,,,,
Q13163,Q18236054,,,,,,,,,,,,,,,,,,,,,,,,,,,,,,,,,,,,,,,,,,,,,
Q13167,Q11620725,,,,,,,,,,,,,,,,,,,,,,,,,,,,,,,,,,,,,,,,,,,,,
Q13168,Q23613350,,,,,,,,,,,,,,,,,,,,,,,,,,,,,,,,,,,,,,,,,,,,,
Q13169,Q22125432,,,,,,,,,,,,,,,,,,,,,,,,,,,,,,,,,,,,,,,,,,,,,
Q13170,Q17226866,,,,,,,,,,,,,,,,,,,,,,,,,,,,,,,,,,,,,,,,,,,,,
Q13181,Q10380962,,,,,,,,,,,,,,,,,,,,,,,,,,,,,,,,,,,,,,,,,,,,,I00719921
Q13196,Q349246,,,,,,,,,,,,,,,,,,,,,,,,,,,485558,,,,,,,,,,,,,,,,,,I00523691
Q13197,Q18226720,,,,,,,,,,,,,,,,,,,,,,,,,,,,,,,,,,,,,,,,,,,,,
Q13201,Q11483139,,,,,,,,,,,,,,,,,,,,,,,,,,,,,,,,,,,,,,,,,,,,,
Q13212,Q360972,,,,,,,,,,,,,,,,,,,,,,,,,,,805232,,,,,,,,,,,,,,,,,,I00719920
Q13221,Q11430906,,,,,,,,,,,,,,,,,,,,,,,,,,,,,,,,,,,,,,,,,,,,,
Q13222,Q11651464,,,,,,,,,,,,,,,,,,,,,,,,,,,,,,,,,,,,,,,,,,,,,
Q13233,Q2895619,,,,,,,,,,,,,,,,,,,,,,,,,,,,,,,,,,,,,,,,,,,,,
Q13237,Q126619458,,,,,,,,,,,,,,,,,,,,,,,,,,,,,,,,,,,,,,,,,,,,,
Q13240,Q24859651,,,,,,,,,,,,,,,,,,,,,,,,,,,,,,,,,,,,,,,,,,,,,
Q13241,Q109344690,,,,,,,,,,,,,,,,,,,,,,,,,,,,,,,,,,,,,,,,,,,,,
Q13242,Q538046,,,,,,,,,,,,,,,,,,,,,,,,,,,,,,,,,,,,,,,,,,,,,
Q13243,Q11395361,,,,,,,,,,,,,,,,,,,,,,,,,,,,,,,,,,,,,,,,,,,,,
Q13244,Q106689173,,,,,,,,,,,,,,,,,,,,,,,,,,,,,,,,,,,,,,,,,,,,,
Q13248,Q7223333,,,,,,,,,,,,,,,,,,,,,,,,,,,808529,,,,,,,,,,,,,,,,,,
Q13250,Q7223052,,,,,,,,,,,,,,,,,,,,,,,,,,,,,,,,,,,,,,,,,,,,,
Q13251,Q106625450,,,,,,,,,,,,,,,,,,,,,,,,,,,,,,,,,,,,,,,,,,,,,
Q13256,Q108910537,,,,,,,,,,,,,,,,,,,,,,,,,,,,,,,,,,,,,,,,,,,,,
Q13257,Q18011425,,,,,,,,,,,,,,,,,,,,,,,,,,,,,,,,,,,,,,,,,,,,,
Q13265,Q15633036,,,,,,,,,,,,,,,,,,,,,,,,,,,,,,,,,,,,,,,,,,,,,
Q13266,Q56253639,,,,,,,,,,,,,,,,,,,,,,,,,,,,,,,,,,,,,,,,,,,,,
Q13284,Q96715158,,,,,,,,,,,,,,,,,,,,,,,,,,,,,,,,,,,,,,,,,,,,,
Q13287,Q17226878,,,,,,,,,,,,,,,,,,,,,,,,,,,,,,,,,,,,,,,,,,,,,
Q13288,Q22129687,,,,,,,,,,,,,,,,,,,,,,,,,,,,,,,,,,,,,,,,,,,,,
Q13290,Q7223260,,,,,,,,,,,,,,,,,,,,,,,,,,,808528,,,,,,,,,,,,,,,,,,
Q13292,Q64782982,,,,,,,,,,,,,,,,,,,,,,,,,,,,,,,,,,,,,,,,,,,,,
Q13293,Q18011421,,,,,,,,,,,,,,,,,,,,,,,,,,,,,,,,,,,,,,,,,,,,,
Q13294,Q18233295,,,,,,,,,,,,,,,,,,,,,,,,,,,,,,,,,,,,,,,,,,,,,
Q13295,Q18383412,,,,,,,,,,,,,,,,,,,,,,,,,,,,,,,,,,,,,,,,,,,,,
Q13297,Q11615291,,,,,,,,,,,,,,,,,,,,,,,,,,,,,,,,,,,,,,,,,,,,,
Q13298,Q18011439,,,,,,,,,,,,,,,,,,,,,,,,,,,,,,,,,,,,,,,,,,,,,
Q13300,Q16854998,,,,,,,,,,,,,,,,,,,,,,,,,,,,,,,,,,,,,,,,,,,,,
Q13305,Q18226491,,,,,,,,,,,,,,,,,,,,,,,,,,,,,,,,,,,,,,,,,,,,,
Q13307,Q20039987,,,,,,,,,,,,,,,,,,,,,,,,,,,,,,,,,,,,,,,,,,,,,
Q13308,Q20039985,,,,,,,,,,,,,,,,,,,,,,,,,,,,,,,,,,,,,,,,,,,,,
Q13310,Q11392414,,,,,,,,,,,,,,,,,,,,,,,,,,,,,,,,,,,,,,,,,,,,,
Q13311,Q22129871,,,,,,,,,,,,,,,,,,,,,,,,,,,,,,,,,,,,,,,,,,,,,
Q13313,Q3198718,,,,,,,,,,,,,,,,,,,,,,,,,,,805039,,,,,,,,,,,,,,,,,,
Q13316,Q20041469,,,,,,,,,,,,,,,,,,,,,,,,,,,,,,,,,,,,,,,,,,,,,
Q13317,Q119921993,,,,,,,,,,,,,,,,,,,,,,,,,,,,,,,,,,,,,,,,,,,,,
Q13323,Q11483483,,,,,,,,,,,,,,,,,,,,,,,,,,,,,,,,,,,,,,,,,,,,,
Q13324,Q11636781,,,,,,,,,,,,,,,,,,,,,,,,,,,,,,,,,,,,,,,,,,,,,
Q13326,Q11384984,,,,,,,,,,,,,,,,,,,,,,,,,,,,,,,,,,,,,,,,,,,,,
Q13329,Q497730,,,,,,,,,,,,,,,,,,,,,,,,,,,,,,,,,,,,,,,,,,,,,
Q13330,Q497821,,,,,,,,,,,,,,,,,,,,,,,,,,,,,,,,,,,,,,,,,,,,,
Q13331,Q491142,,,,,,,,,,,,,,,,,,,,,,,,,,,,,,,,,,,,,,,,,,,,,
Q13332,Q16177563,,,,,,,,,,,,,,,,,,,,,,,,,,,,,,,,,,,,,,,,,,,,,
Q13333,Q16166744,,,,,,,,,,,,,,,,,,,,,,,,,,,,,,,,,,,,,,,,,,,,,
Q13334,Q12588879,,,,,,,,,,,,,,,,,,,,,,,,,,,,,,,,,,,,,,,,,,,,,
Q13335,Q28777006,,,,,,,,,,,,,,,,,,,,,,,,,,,,,,,,,,,,,,,,,,,,,
Q13336,Q12598321,,,,,,,,,,,,,,,,,,,,,,,,,,,,,,,,,,,,,,,,,,,,,
Q13337,Q28777000,,,,,,,,,,,,,,,,,,,,,,,,,,,,,,,,,,,,,,,,,,,,,
Q13338,Q712263,,,,,,,,,,,,,,,,,,,,,,,,,,,,,,,,,,,,,,,,,,,,,
Q13339,Q488385,,,,,,,,,,,,,,,,,,,,,,,,,,,,,,,,,,,,,,,,,,,,,
Q13340,Q16219789,,,,,,,,,,,,,,,,,,,,,,,,,,,,,,,,,,,,,,,,,,,,,
Q13341,Q12603371,,,,,,,,,,,,,,,,,,,,,,,,,,,,,,,,,,,,,,,,,,,,,
Q13342,Q16179738,,,,,,,,,,,,,,,,,,,,,,,,,,,,,,,,,,,,,,,,,,,,,
Q13343,Q12598353,,,,,,,,,,,,,,,,,,,,,,,,,,,,,,,,,,,,,,,,,,,,,
Q13344,Q12598171,,,,,,,,,,,,,,,,,,,,,,,,,,,,,,,,,,,,,,,,,,,,,
Q13345,Q16171527,,,,,,,,,,,,,,,,,,,,,,,,,,,,,,,,,,,,,,,,,,,,,
Q13346,Q12608205,,,,,,,,,,,,,,,,,,,,,,,,,,,,,,,,,,,,,,,,,,,,,
Q13347,Q12599417,,,,,,,,,,,,,,,,,,,,,,,,,,,,,,,,,,,,,,,,,,,,,
Q13348,Q485802,,,,,,,,,,,,,,,,,,,,,,,,,,,,,,,,,,,,,,,,,,,,,
Q13349,Q498602,,,,,,,,,,,,,,,,,,,,,,,,,,,,,,,,,,,,,,,,,,,,,
Q13350,Q485131,,,,,,,,,,,,,,,,,,,,,,,,,,,,,,,,,,,,,,,,,,,,,
Q13351,Q7244583,,,,,,,,,,,,,,,,,,,,,,,,,,,,,,,,,,,,,,,,,,,,,
Q13352,Q703318,,,,,,,,,,,,,,,,,,,,,,,,,,,,,,,,,,,,,,,,,,,,,
Q13353,Q706581,,,,,,,,,,,,,,,,,,,,,,,,,,,,,,,,,,,,,,,,,,,,,
Q13354,Q16184979,,,,,,,,,,,,,,,,,,,,,,,,,,,,,,,,,,,,,,,,,,,,,
Q13355,Q16184925,,,,,,,,,,,,,,,,,,,,,,,,,,,,,,,,,,,,,,,,,,,,,
Q13356,Q16184913,,,,,,,,,,,,,,,,,,,,,,,,,,,,,,,,,,,,,,,,,,,,,
Q13357,Q12598945,,,,,,,,,,,,,,,,,,,,,,,,,,,,,,,,,,,,,,,,,,,,,
Q13358,Q12598948,,,,,,,,,,,,,,,,,,,,,,,,,,,,,,,,,,,,,,,,,,,,,
Q13359,Q15524991,,,,,,,,,,,,,,,,,,,,,,,,,,,,,,,,,,,,,,,,,,,,,
Q13364,Q110050645,,,,,,,,,,,,,,,,,,,,,,,,,,,,,,,,,,,,,,,,,,,,,
Q13366,Q110050765,,,,,,,,,,,,,,,,,,,,,,,,,,,,,,,,,,,,,,,,,,,,,
Q13374,Q65278917,,,,,,,,,,,,,,,,,,,,,,,,,,,,,,,,,,,,,,,,,,,,,
Q13380,Q11470705,,,,,,,,,,,,,,,,,,,,,,,,,,,,,,,,,,,,,,,,,,,,,
Q13381,Q118727178,,,,,,,,,,,,,,,,,,,,,,,,,,,,,,,,,,,,,,,,,,,,,
Q13382,Q11470704,,,,,,,,,,,,,,,,,,,,,,,,,,,,,,,,,,,,,,,,,,,,,
Q13383,Q1049631,,,,,,,,,,,,,,,,,,,,,,,,,,,,,,,,,,,,,,,,,,,,,
Q13386,Q11603138,,,,,,,,,,,,,,,,,,,,,,,,,,,,,,,,,,,,,,,,,,,,,
Q13390,Q23986582,,,,,,,,,,,,,,,,,,,,,,,,,,,,,,,,,,,,,,,,,,,,,
Q13392,Q1056232,,,,,,,,,,,,,,,,,,,,,,,,,,,,,,,,,,,,,,,,,,,,,
Q13398,Q11430923,,,,,,,,,,,,,,,,,,,,,,,,,,,,,,,,,,,,,,,,,,,,,
Q13403,Q11623440,,,,,,,,,,,,,,,,,,,,,,,,,,,,,,,,,,,,,,,,,,,,,
Q13412,Q109124597,,,,,,,,,,,,,,,,,,,,,,,,,,,,,,,,,,,,,,,,,,,,,
Q13414,Q9383509,,,,,,,,,,,,,,,,,,,,,,,,,,,,,,,,,,,,,,,,,,,,,
Q13421,Q17225183,,,,,,,,,,,,,,,,,,,,,,,,,,,,,,,,,,,,,,,,,,,,,
Q13422,Q6607651,,,,,,,,,,,,,,,,,,,,,,,,,,,,,,,,,,,,,,,,,,,,,
Q13423,Q6609152,,,,,,,,,,,,,,,,,,,,,,,,,,,,,,,,,,,,,,,,,,,,,
Q13424,Q3192053,,,,,,,,,,,,,,,,,,,,,,,,,,,,,,,,,,,,,,,,,,,,,
Q13429,Q11503730,,,,,,,,,,,,,,,,,,,,,,,,,,,814583,,,,,,,,,,,,,,,,,,
Q13434,Q3191855,,,,,,,,,,,,,,,,,,,,,,,,,,,,,,,,,,,,,,,,,,,,,
Q13435,Q17226850,,,,,,,,,,,,,,,,,,,,,,,,,,,,,,,,,,,,,,,,,,,,,
Q13439,Q11383479,,,,,,,,,,,,,,,,,,,,,,,,,,,,,,,,,,,,,,,,,,,,,
Q13444,Q7403188,,,,,,,,,,,,,,,,,,,,,,,,,,,,,,,,,,,,,,,,,,,,,
Q13454,Q11382468,,,,,,,,,,,,,,,,,,,,,,,,,,,,,,,,,,,,,,,,,,,,,
Q13456,Q11636762,,,,,,,,,,,,,,,,,,,,,,,,,,,,,,,,,,,,,,,,,,,,,
Q13457,Q11561604,,,,,,,,,,,,,,,,,,,,,,,,,,,,,,,,,,,,,,,,,,,,,
Q13462,Q1974211,,,,,,,,,,,,,,,,,,,,,,,,,,,,,,,,,,,,,,,,,,,,,
Q13467,Q106681291,,,,,,,,,,,,,,,,,,,,,,,,,,,,,,,,,,,,,,,,,,,,,
Q13471,Q11460006,,,,,,,,,,,,,,,,,,,,,,,,,,,,,,,,,,,,,,,,,,,,,
Q13472,Q955290,,,,,,,,,,,,,,,,,,,,,,,,,,,804570,,,,,,,,,,,,,,,,,,
Q13473,Q11382424,,,,,,,,,,,,,,,,,,,,,,,,,,,820347,,,,,,,,,,,,,,,,,,
Q13476,Q108792653,,,,,,,,,,,,,,,,,,,,,,,,,,,,,,,,,,,,,,,,,,,,,
Q13478,Q11382448,,,,,,,,,,,,,,,,,,,,,,,,,,,820349,,,,,,,,,,,,,,,,,,
Q13480,Q11382495,,,,,,,,,,,,,,,,,,,,,,,,,,,,,,,,,,,,,,,,,,,,,
Q13482,Q11382188,,,,,,,,,,,,,,,,,,,,,,,,,,,,,,,,,,,,,,,,,,,,,
Q13486,Q11551453,,,,,,,,,,,,,,,,,,,,,,,,,,,,,,,,,,,,,,,,,,,,,
Q13488,Q45709640,,,,,,,,,,,,,,,,,,,,,,,,,,,,,,,,,,,,,,,,,,,,,
Q13495,Q106695942,,,,,,,,,,,,,,,,,,,,,,,,,,,,,,,,,,,,,,,,,,,,,
Q13497,Q108855752,,,,,,,,,,,,,,,,,,,,,,,,,,,,,,,,,,,,,,,,,,,,,
Q13498,Q11604763,,,,,,,,,,,,,,,,,,,,,,,,,,,,,,,,,,,,,,,,,,,,,
Q13499,Q11604764,,,,,,,,,,,,,,,,,,,,,,,,,,,,,,,,,,,,,,,,,,,,,
Q13500,Q11604762,,,,,,,,,,,,,,,,,,,,,,,,,,,,,,,,,,,,,,,,,,,,,
Q13515,Q9634059,,,,,,,,,,,,,,,,,,,,,,,,,,,,,,,,,,,,,,,,,,,,,
Q13521,Q11414244,,,,,,,,,,,,,,,,,,,,,,,,,,,,,,,,,,,,,,,,,,,,,
Q13522,Q11376908,,,,,,,,,,,,,,,,,,,,,,,,,,,,,,,,,,,,,,,,,,,,,
Q13524,Q11414250,,,,,,,,,,,,,,,,,,,,,,,,,,,,,,,,,,,,,,,,,,,,,
Q13527,Q11360437,,,,,,,,,,,,,,,,,,,,,,,,,,,,,,,,,,,,,,,,,,,,,
Q13539,Q11405979,,,,,,,,,,,,,,,,,,,,,,,,,,,,,,,,,,,,,,,,,,,,,
Q13540,Q11406722,,,,,,,,,,,,,,,,,,,,,,,,,,,,,,,,,,,,,,,,,,,,,
Q13547,Q3192618,,,,,,,,,,,,,,,,,,,,,,,,,,,,,,,,,,,,,,,,,,,,,
Q13548,Q11620574,,,,,,,,,,,,,,,,,,,,,,,,,,,,,,,,,,,,,,,,,,,,,
Q13556,Q11450275,,,,,,,,,,,,,,,,,,,,,,,,,,,,,,,,,,,,,,,,,,,,,
Q13557,Q11500849,,,,,,,,,,,,,,,,,,,,,,,,,,,,,,,,,,,,,,,,,,,,,
Q13558,Q11636789,,,,,,,,,,,,,,,,,,,,,,,,,,,,,,,,,,,,,,,,,,,,,
Q13559,Q11636761,,,,,,,,,,,,,,,,,,,,,,,,,,,,,,,,,,,,,,,,,,,,,
Q13562,Q11551605,,,,,,,,,,,,,,,,,,,,,,,,,,,,,,,,,,,,,,,,,,,,,
Q13567,Q106644537,,,,,,,,,,,,,,,,,,,,,,,,,,,,,,,,,,,,,,,,,,,,,
Q13569,Q106644577,,,,,,,,,,,,,,,,,,,,,,,,,,,,,,,,,,,,,,,,,,,,,
Q13570,Q11423410,,,,,,,,,,,,,,,,,,,,,,,,,,,,,,,,,,,,,,,,,,,,,
Q13571,Q11423424,,,,,,,,,,,,,,,,,,,,,,,,,,,,,,,,,,,,,,,,,,,,,
Q13572,Q105259908,,,,,,,,,,,,,,,,,,,,,,,,,,,,,,,,,,,,,,,,,,,,,
Q13573,Q102246785,,,,,,,,,,,,,,,,,,,,,,,,,,,,,,,,,,,,,,,,,,,,,
Q13574,Q11423413,,,,,,,,,,,,,,,,,,,,,,,,,,,,,,,,,,,,,,,,,,,,,
Q13576,Q11512043,,,,,,,,,,,,,,,,,,,,,,,,,,,,,,,,,,,,,,,,,,,,,
Q13582,Q11615294,,,,,,,,,,,,,,,,,,,,,,,,,,,,,,,,,,,,,,,,,,,,,
Q13583,Q11546190,,,,,,,,,,,,,,,,,,,,,,,,,,,,,,,,,,,,,,,,,,,,,
Q13584,Q11625148,,,,,,,,,,,,,,,,,,,,,,,,,,,,,,,,,,,,,,,,,,,,,
Q13601,Q11578706,,,,,,,,,,,,,,,,,,,,,,,,,,,,,,,,,,,,,,,,,,,,,
Q13602,Q11578696,,,,,,,,,,,,,,,,,,,,,,,,,,,,,,,,,,,,,,,,,,,,,
Q13604,Q84805100,,,,,,,,,,,,,,,,,,,,,,,,,,,,,,,,,,,,,,,,,,,,,
Q13605,Q11163254,,,,,,,,,,,,,,,,,,,,,,,,,,,,,,,,,,,,,,,,,,,,,
Q13615,Q11651865,,,,,,,,,,,,,,,,,,,,,,,,,,,,,,,,,,,,,,,,,,,,,
Q13620,Q60990420,,,,,,,,,,,,,,,,,,,,,,,,,,,,,,,,,,,,,,,,,,,,,
Q13621,Q119922768,,,,,,,,,,,,,,,,,,,,,,,,,,,,,,,,,,,,,,,,,,,,,
Q13623,Q22127248,,,,,,,,,,,,,,,,,,,,,,,,,,,,,,,,,,,,,,,,,,,,,
Q13634,Q22129466,,,,,,,,,,,,,,,,,,,,,,,,,,,,,,,,,,,,,,,,,,,,,
Q13637,Q11353579,,,,,,,,,,,,,,,,,,,,,,,,,,,,,,,,,,,,,,,,,,,,,
Q13668,Q11405594,,,,,,,,,,,,,,,,,,,,,,,,,,,,,,,,,,,,,,,,,,,,,
Q13678,Q11564057,,,,,,,,,,,,,,,,,,,,,,,,,,,,,,,,,,,,,,,,,,,,,
Q13691,Q11363141,,,,,,,,,,,,,,,,,,,,,,,,,,,,,,,,,,,,,,,,,,,,,
Q13698,Q20041018,,,,,,,,,,,,,,,,,,,,,,,,,,,,,,,,,,,,,,,,,,,,,
Q13706,Q11483422,,,,,,,,,,,,,,,,,,,,,,,,,,,,,,,,,,,,,,,,,,,,,
Q13712,Q20038733,,,,,,,,,,,,,,,,,,,,,,,,,,,,,,,,,,,,,,,,,,,,,
Q13724,Q11451523,,,,,,,,,,,,,,,,,,,,,,,,,,,,,,,,,,,,,,,,,,,,,
Q13725,Q11451548,,,,,,,,,,,,,,,,,,,,,,,,,,,,,,,,,,,,,,,,,,,,,
Q13726,Q88233768,,,,,,,,,,,,,,,,,,,,,,,,,,,,,,,,,,,,,,,,,,,,,
Q13736,Q20042594,,,,,,,,,,,,,,,,,,,,,,,,,,,,,,,,,,,,,,,,,,,,,
Q13741,Q2389294,,,,,,,,,,,,,,,,,,,,,,,,,,,804568,,,,,,,,,,,,,,,,,,
Q13745,Q18336854,,,,,,,,,,,,,,,,,,,,,,,,,,,,,,,,,,,,,,,,,,,,,
Q13755,Q17223826,,,,,,,,,,,,,,,,,,,,,,,,,,,,,,,,,,,,,,,,,,,,,
Q13756,Q11564306,,,,,,,,,,,,,,,,,,,,,,,,,,,,,,,,,,,,,,,,,,,,,
Q13758,Q11365022,,,,,,,,,,,,,,,,,,,,,,,,,,,,,,,,,,,,,,,,,,,,,
Q13764,Q11365021,,,,,,,,,,,,,,,,,,,,,,,,,,,,,,,,,,,,,,,,,,,,,
Q13773,Q29410705,,,,,,,,,,,,,,,,,,,,,,,,,,,,,,,,,,,,,,,,,,,,,
Q13774,Q11403872,,,,,,,,,,,,,,,,,,,,,,,,,,,,,,,,,,,,,,,,,,,,,
Q13776,Q683792,,,,,,,,,,,,,,,,,,,,,,,,,,,,,,,,,,,,,,,,,,,,,
Q13781,Q313942,,,,,,,,,,7797927,,,,,,,,,,,,,,,,,805235,,,,,,,,,,,,,,,,,Go-Daigo-tennō_後醍醐天皇-1,I00719912
Q13782,Q11413717,,,,,,,,,,,,,,,,,,,,,,,,,,,,,,,,,,,,,,,,,,,,,
Q13785,Q373949,,,,,,,,,,,,,,,,,,,,,,,,,,,485554,,,,,,,,,,,,,,,,,Fushimi-tennō_伏見天皇-1,I00523689
Q13787,Q24871003,,,,,,,,,,,,,,,,,,,,,,,,,,,,,,,,,,,,,,,,,,,,,
Q13793,Q11555874,,,,,,,,,,,,,,,,,,,,,,,,,,,,,,,,,,,,,,,,,,,,,
Q13796,Q440538,,,,,,,,,,,,,,,,,,,,,,,,,,,805233,,,,,,,,,,,,,,,,,Go-Uda-tennō_後宇多天皇-2,I00719917
Q13797,Q440503,,,,,,,,,,,,,,,,,,,,,,,,,,,,,,,,,,,,,,,,,,,,Hanazono-tennō_花園天皇-1,I00719914
Q13809,Q110780379,,,,,,,,,,,,,,,,,,,,,,,,,,,,,,,,,,,,,,,,,,,,,
Q13825,Q10514097,,,,,,,,,,,,,,,,,,,,,,,,,,,,,,,,,,,,,,,,,,,,,
Q13853,Q11395353,,,,,,,,,,,,,,,,,,,,,,,,,,,,,,,,,,,,,,,,,,,,,
Q13854,Q22124630,,,,,,,,,,,,,,,,,,,,,,,,,,,,,,,,,,,,,,,,,,,,,
Q13856,Q7223538,,,,,,,,,,,,,,,,,,,,,,,,,,,,,,,,,,,,,,,,,,,,,
Q13857,Q7223290,,,,,,,,,,,,,,,,,,,,,,,,,,,,,,,,,,,,,,,,,,,,,
Q13858,Q7223017,,,,,,,,,,,,,,,,,,,,,,,,,,,,,,,,,,,,,,,,,,,,,
Q13863,Q11489580,,,,,,,,,,,,,,,,,,,,,,,,,,,,,,,,,,,,,,,,,,,,,
Q13864,Q11489572,,,,,,,,,,,,,,,,,,,,,,,,,,,,,,,,,,,,,,,,,,,,,
Q13872,Q11414155,,,,,,,,,,,,,,,,,,,,,,,,,,,,,,,,,,,,,,,,,,,,,
Q13873,Q15633039,,,,,,,,,,,,,,,,,,,,,,,,,,,,,,,,,,,,,,,,,,,,,
Q13874,Q15633041,,,,,,,,,,,,,,,,,,,,,,,,,,,,,,,,,,,,,,,,,,,,,
Q13886,Q17226872,,,,,,,,,,,,,,,,,,,,,,,,,,,,,,,,,,,,,,,,,,,,,
Q13887,Q3514218,,,,,,,,,,,,,,,,,,,,,,,,,,,804567,,,,,,,,,,,,,,,,,,
Q13890,Q7223450,,,,,,,,,,,,,,,,,,,,,,,,,,,,,,,,,,,,,,,,,,,,,I00523688
Q13891,Q11627454,,,,,,,,,,,,,,,,,,,,,,,,,,,,,,,,,,,,,,,,,,,,,
Q13893,Q20040419,,,,,,,,,,,,,,,,,,,,,,,,,,,,,,,,,,,,,,,,,,,,,
Q13897,Q18459541,,,,,,,,,,,,,,,,,,,,,,,,,,,,,,,,,,,,,,,,,,,,,
Q13900,Q24876069,,,,,,,,,,,,,,,,,,,,,,,,,,,,,,,,,,,,,,,,,,,,,
Q13902,Q11491321,,,,,,,,,,,,,,,,,,,,,,,,,,,,,,,,,,,,,,,,,,,,,
Q13903,Q11567419,,,,,,,,,,,,,,,,,,,,,,,,,,,,,,,,,,,,,,,,,,,,,
Q13905,Q11420148,,,,,,,,,,,,,,,,,,,,,,,,,,,,,,,,,,,,,,,,,,,,,
Q13906,Q18226489,,,,,,,,,,,,,,,,,,,,,,,,,,,,,,,,,,,,,,,,,,,,,
Q13907,Q18226495,,,,,,,,,,,,,,,,,,,,,,,,,,,,,,,,,,,,,,,,,,,,,
Q13910,Q24899241,,,,,,,,,,,,,,,,,,,,,,,,,,,,,,,,,,,,,,,,,,,,,
Q13911,Q3198712,,,,,,,,,,,,,,,,,,,,,,,,,,,805040,,,,,,,,,,,,,,,,,,
Q13912,Q17991383,,,,,,,,,,,,,,,,,,,,,,,,,,,,,,,,,,,,,,,,,,,,,
Q13915,Q497705,,,,,,,,,,,,,,,,,,,,,,,,,,,,,,,,,,,,,,,,,,,,,
Q13916,Q16183355,,,,,,,,,,,,,,,,,,,,,,,,,,,,,,,,,,,,,,,,,,,,,
Q13917,Q12603829,,,,,,,,,,,,,,,,,,,,,,,,,,,,,,,,,,,,,,,,,,,,,
Q13918,Q28519437,,,,,,,,,,,,,,,,,,,,,,,,,,,,,,,,,,,,,,,,,,,,,
Q13919,Q28777058,,,,,,,,,,,,,,,,,,,,,,,,,,,,,,,,,,,,,,,,,,,,,
Q13921,Q28776993,,,,,,,,,,,,,,,,,,,,,,,,,,,,,,,,,,,,,,,,,,,,,
Q13922,Q12586565,,,,,,,,,,,,,,,,,,,,,,,,,,,,,,,,,,,,,,,,,,,,,
Q13923,Q16163762,,,,,,,,,,,,,,,,,,,,,,,,,,,,,,,,,,,,,,,,,,,,,
Q13924,Q28775550,,,,,,,,,,,,,,,,,,,,,,,,,,,,,,,,,,,,,,,,,,,,,
Q13925,Q28777008,,,,,,,,,,,,,,,,,,,,,,,,,,,,,,,,,,,,,,,,,,,,,
Q13926,Q488382,,,,,,,,,,,,,,,,,,,,,,,,,,,,,,,,,,,,,,,,,,,,,
Q13927,Q12601770,,,,,,,,,,,,,,,,,,,,,,,,,,,,,,,,,,,,,,,,,,,,,
Q13928,Q24856634,,,,,,,,,,,,,,,,,,,,,,,,,,,,,,,,,,,,,,,,,,,,,
Q13929,Q16261656,,,,,,,,,,,,,,,,,,,,,,,,,,,,,,,,,,,,,,,,,,,,,
Q13930,Q12593310,,,,,,,,,,,,,,,,,,,,,,,,,,,,,,,,,,,,,,,,,,,,,
Q13931,Q18815335,,,,,,,,,,,,,,,,,,,,,,,,,,,,,,,,,,,,,,,,,,,,,
Q13932,Q488216,,,,,,,,,,,,,,,,,,,,,,,,,,,,,,,,,,,,,,,,,,,,,
Q13933,Q18815727,,,,,,,,,,,,,,,,,,,,,,,,,,,,,,,,,,,,,,,,,,,,,
Q13934,Q28525997,,,,,,,,,,,,,,,,,,,,,,,,,,,,,,,,,,,,,,,,,,,,,
Q13935,Q28777064,,,,,,,,,,,,,,,,,,,,,,,,,,,,,,,,,,,,,,,,,,,,,
Q13936,Q28777866,,,,,,,,,,,,,,,,,,,,,,,,,,,,,,,,,,,,,,,,,,,,,
Q13937,Q28777893,,,,,,,,,,,,,,,,,,,,,,,,,,,,,,,,,,,,,,,,,,,,,
Q13938,Q12594800,,,,,,,,,,,,,,,,,,,,,,,,,,,,,,,,,,,,,,,,,,,,,
Q13939,Q2913664,,,,,,,,,,,,,,,,,,,,,,,,,,,,,,,,,,,,,,,,,,,,,
Q13940,Q12598346,,,,,,,,,,,,,,,,,,,,,,,,,,,,,,,,,,,,,,,,,,,,,
Q13941,Q12625234,,,,,,,,,,,,,,,,,,,,,,,,,,,,,,,,,,,,,,,,,,,,,
Q13942,Q28776969,,,,,,,,,,,,,,,,,,,,,,,,,,,,,,,,,,,,,,,,,,,,,
Q13943,Q12606243,,,,,,,,,,,,,,,,,,,,,,,,,,,,,,,,,,,,,,,,,,,,,
Q13944,Q12598165,,,,,,,,,,,,,,,,,,,,,,,,,,,,,,,,,,,,,,,,,,,,,
Q13945,Q16162941,,,,,,,,,,,,,,,,,,,,,,,,,,,,,,,,,,,,,,,,,,,,,
Q13946,Q12605284,,,,,,,,,,,,,,,,,,,,,,,,,,,,,,,,,,,,,,,,,,,,,
Q13947,Q1038955,,,,,,,,,,,,,,,,,,,,,,,,,,,,,,,,,,,,,,,,,,,,,
Q13949,Q12609612,,,,,,,,,,,,,,,,,,,,,,,,,,,,,,,,,,,,,,,,,,,,,
Q13950,Q12607781,,,,,,,,,,,,,,,,,,,,,,,,,,,,,,,,,,,,,,,,,,,,,
Q13951,Q12595474,,,,,,,,,,,,,,,,,,,,,,,,,,,,,,,,,,,,,,,,,,,,,
Q13952,Q28777049,,,,,,,,,,,,,,,,,,,,,,,,,,,,,,,,,,,,,,,,,,,,,
Q13953,Q12597770,,,,,,,,,,,,,,,,,,,,,,,,,,,,,,,,,,,,,,,,,,,,,
Q13954,Q12585808,,,,,,,,,,,,,,,,,,,,,,,,,,,,,,,,,,,,,,,,,,,,,
Q13955,Q12603843,,,,,,,,,,,,,,,,,,,,,,,,,,,,,,,,,,,,,,,,,,,,,
Q13956,Q28526819,,,,,,,,,,,,,,,,,,,,,,,,,,,,,,,,,,,,,,,,,,,,,
Q13957,Q16169182,,,,,,,,,,,,,,,,,,,,,,,,,,,,,,,,,,,,,,,,,,,,,
Q13958,Q6677122,,,,,,,,,,,,,,,,,,,,,,,,,,,,,,,,,,,,,,,,,,,,,
Q13959,Q19162437,,,,,,,,,,,,,,,,,,,,,,,,,,,,,,,,,,,,,,,,,,,,,
Q13960,Q84511146,,,,,,,,,,,,,,,,,,,,,,,,,,,,,,,,,,,,,,,,,,,,,
Q13961,Q494525,,,,,,,,,,,,,,,,,,,,,,,,,,,,,,,,,,,,,,,,,,,,,
Q13962,Q19657284,,,,,,,,,,,,,,,,,,,,,,,,,,,,,,,,,,,,,,,,,,,,,
Q13963,Q16261617,,,,,,,,,,,,,,,,,,,,,,,,,,,,,,,,,,,,,,,,,,,,,
Q13966,Q109287896,,,,,,,,,,,,,,,,,,,,,,,,,,,,,,,,,,,,,,,,,,,,,
Q13972,Q911109,,,,,,,,,,,,,,,,,,,,,,,,,,,,,,,,,,,,,,,,,,,,,
Q13991,Q17216599,,,,,,,,,,,,,,,,,,,,,,,,,,,,,,,,,,,,,,,,,,,,,
Q13992,Q17213137,,,,,,,,,,,,,,,,,,,,,,,,,,,,,,,,,,,,,,,,,,,,,
Q13993,Q109124882,,,,,,,,,,,,,,,,,,,,,,,,,,,,,,,,,,,,,,,,,,,,,
Q13994,Q11359251,,,,,,,,,,,,,,,,,,,,,,,,,,,,,,,,,,,,,,,,,,,,,
Q13995,Q11359175,,,,,,,,,,,,,,,,,,,,,,,,,,,,,,,,,,,,,,,,,,,,,
Q13996,Q11359219,,,,,,,,,,,,,,,,,,,,,,,,,,,,,,,,,,,,,,,,,,,,,
Q14000,Q11467583,,,,,,,,,,,,,,,,,,,,,,,,,,,,,,,,,,,,,,,,,,,,,
Q14001,Q11467593,,,,,,,,,,,,,,,,,,,,,,,,,,,,,,,,,,,,,,,,,,,,,
Q14004,Q17216580,,,,,,,,,,,,,,,,,,,,,,,,,,,,,,,,,,,,,,,,,,,,,
Q14008,Q106626560,,,,,,,,,,,,,,,,,,,,,,,,,,,,,,,,,,,,,,,,,,,,,
Q14009,Q3192026,,,,,,,,,,,,,,,,,,,,,,,,,,,,,,,,,,,,,,,,,,,,,
Q14010,Q17223790,,,,,,,,,,,,,,,,,,,,,,,,,,,,,,,,,,,,,,,,,,,,,
Q14011,Q11538829,,,,,,,,,,,,,,,,,,,,,,,,,,,,,,,,,,,,,,,,,,,,,
Q14025,Q11636801,,,,,,,,,,,,,,,,,,,,,,,,,,,,,,,,,,,,,,,,,,,,,
Q14026,Q11636828,,,,,,,,,,,,,,,,,,,,,,,,,,,,,,,,,,,,,,,,,,,,,
Q14027,Q11500850,,,,,,,,,,,,,,,,,,,,,,,,,,,,,,,,,,,,,,,,,,,,,
Q14028,Q11636829,,,,,,,,,,,,,,,,,,,,,,,,,,,993901,,,,,,,,,,,,,,,,,,
Q14030,Q11427362,,,,,,,,,,,,,,,,,,,,,,,,,,,,,,,,,,,,,,,,,,,,,
Q14033,Q11665112,,,,,,,,,,,,,,,,,,,,,,,,,,,,,,,,,,,,,,,,,,,,,
Q14037,Q2389291,,,,,,,,,,,,,,,,,,,,,,,,,,,804571,,,,,,,,,,,,,,,,,,
Q14044,Q11392540,,,,,,,,,,,,,,,,,,,,,,,,,,,820350,,,,,,,,,,,,,,,,,,
Q14045,Q111257706,,,,,,,,,,,,,,,,,,,,,,,,,,,,,,,,,,,,,,,,,,,,,
Q14046,Q11382407,,,,,,,,,,,,,,,,,,,,,,,,,,,,,,,,,,,,,,,,,,,,,
Q14048,Q11382186,,,,,,,,,,,,,,,,,,,,,,,,,,,820356,,,,,,,,,,,,,,,,,,
Q14067,Q11414270,,,,,,,,,,,,,,,,,,,,,,,,,,,,,,,,,,,,,,,,,,,,,
Q14068,Q11376909,,,,,,,,,,,,,,,,,,,,,,,,,,,,,,,,,,,,,,,,,,,,,
Q14074,Q11414248,,,,,,,,,,,,,,,,,,,,,,,,,,,,,,,,,,,,,,,,,,,,,
Q14076,Q11353165,,,,,,,,,,,,,,,,,,,,,,,,,,,,,,,,,,,,,,,,,,,,,
Q14077,Q11353145,,,,,,,,,,,,,,,,,,,,,,,,,,,,,,,,,,,,,,,,,,,,,
Q14082,Q11406735,,,,,,,,,,,,,,,,,,,,,,,,,,,,,,,,,,,,,,,,,,,,,
Q14083,Q11406733,,,,,,,,,,,,,,,,,,,,,,,,,,,,,,,,,,,,,,,,,,,,,
Q14086,Q11406762,,,,,,,,,,,,,,,,,,,,,,,,,,,,,,,,,,,,,,,,,,,,,
Q14087,Q60229917,,,,,,,,,,,,,,,,,,,,,,,,,,,,,,,,,,,,,,,,,,,,,
Q14092,Q11559357,,,,,,,,,,,,,,,,,,,,,,,,,,,,,,,,,,,,,,,,,,,,,
Q14093,Q11536232,,,,,,,,,,,,,,,,,,,,,,,,,,,,,,,,,,,,,,,,,,,,,
Q14099,Q59779704,,,,,,,,,,,,,,,,,,,,,,,,,,,,,,,,,,,,,,,,,,,,,
Q14104,Q11576274,,,,,,,,,,,,,,,,,,,,,,,,,,,,,,,,,,,,,,,,,,,,,
Q14109,Q11636757,,,,,,,,,,,,,,,,,,,,,,,,,,,,,,,,,,,,,,,,,,,,,
Q14110,Q11419265,,,,,,,,,,,,,,,,,,,,,,,,,,,,,,,,,,,,,,,,,,,,,
Q14111,Q11419262,,,,,,,,,,,,,,,,,,,,,,,,,,,,,,,,,,,,,,,,,,,,,
Q14113,Q11467565,,,,,,,,,,,,,,,,,,,,,,,,,,,,,,,,,,,,,,,,,,,,,
Q14124,Q11423386,,,,,,,,,,,,,,,,,,,,,,,,,,,,,,,,,,,,,,,,,,,,,
Q14125,Q106657424,,,,,,,,,,,,,,,,,,,,,,,,,,,,,,,,,,,,,,,,,,,,,
Q14127,Q11423402,,,,,,,,,,,,,,,,,,,,,,,,,,,,,,,,,,,,,,,,,,,,,
Q14136,Q11353138,,,,,,,,,,,,,,,,,,,,,,,,,,,,,,,,,,,,,,,,,,,,,
Q14143,Q11546098,,,,,,,,,,,,,,,,,,,,,,,,,,,,,,,,,,,,,,,,,,,,,
Q14144,Q11365018,,,,,,,,,,,,,,,,,,,,,,,,,,,,,,,,,,,,,,,,,,,,,
Q14151,Q11408558,,,,,,,,,,,,,,,,,,,,,,,,,,,,,,,,,,,,,,,,,,,,,
Q14152,Q11408540,,,,,,,,,,,,,,,,,,,,,,,,,,,,,,,,,,,,,,,,,,,,,
Q14153,Q11408552,,,,,,,,,,,,,,,,,,,,,,,,,,,,,,,,,,,,,,,,,,,,,
Q14157,Q11578630,,,,,,,,,,,,,,,,,,,,,,,,,,,,,,,,,,,,,,,,,,,,,
Q14159,Q11162807,,,,,,,,,,,,,,,,,,,,,,,,,,,,,,,,,,,,,,,,,,,,,
Q14160,Q11246287,,,,,,,,,,,,,,,,,,,,,,,,,,,,,,,,,,,,,,,,,,,,,
Q14164,Q11633531,,,,,,,,,,,,,,,,,,,,,,,,,,,,,,,,,,,,,,,,,,,,,
Q14166,Q11651818,,,,,,,,,,,,,,,,,,,,,,,,,,,,,,,,,,,,,,,,,,,,,
Q14173,Q60990422,,,,,,,,,,,,,,,,,,,,,,,,,,,,,,,,,,,,,,,,,,,,,
Q14174,Q11382317,,,,,,,,,,,,,,,,,,,,,,,,,,,,,,,,,,,,,,,,,,,,,
Q14185,Q100454225,,,,,,,,,,,,,,,,,,,,,,,,,,,,,,,,,,,,,,,,,,,,,
Q14186,Q101199766,,,,,,,,,,,,,,,,,,,,,,,,,,,,,,,,,,,,,,,,,,,,,
Q14197,Q17229187,,,,,,,,,,,,,,,,,,,,,,,,,,,805041,,,,,,,,,,,,,,,,,,
Q14198,Q3198721,,,,,,,,,,,,,,,,,,,,,,,,,,,805044,,,,,,,,,,,,,,,,,,
Q14208,Q3109519,,,,,,,,,,,,,,,,,,,,,,,,,,,,,,,,,,,,,,,,,,,,,
Q14219,Q11483226,,,,,,,,,,,,,,,,,,,,,,,,,,,,,,,,,,,,,,,,,,,,,
Q14220,Q108935274,,,,,,,,,,,,,,,,,,,,,,,,,,,,,,,,,,,,,,,,,,,,,
Q14232,Q11483787,,,,,,,,,,,,,,,,,,,,,,,,,,,,,,,,,,,,,,,,,,,,,
Q14237,Q24862271,,,,,,,,,,,,,,,,,,,,,,,,,,,,,,,,,,,,,,,,,,,,,
Q14238,Q20038734,,,,,,,,,,,,,,,,,,,,,,,,,,,,,,,,,,,,,,,,,,,,,
Q14240,Q24875632,,,,,,,,,,,,,,,,,,,,,,,,,,,,,,,,,,,,,,,,,,,,,
Q14241,Q29410757,,,,,,,,,,,,,,,,,,,,,,,,,,,,,,,,,,,,,,,,,,,,,
Q14250,Q7223159,,,,,,,,,,,,,,,,,,,,,,,,,,,808526,,,,,,,,,,,,,,,,,,
Q14251,Q106714552,,,,,,,,,,,,,,,,,,,,,,,,,,,,,,,,,,,,,,,,,,,,,
Q14255,Q11449708,,,,,,,,,,,,,,,,,,,,,,,,,,,,,,,,,,,,,,,,,,,,,
Q14256,Q11449711,,,,,,,,,,,,,,,,,,,,,,,,,,,,,,,,,,,,,,,,,,,,,
Q14258,Q20038473,,,,,,,,,,,,,,,,,,,,,,,,,,,,,,,,,,,,,,,,,,,,,
Q14261,Q11605973,,,,,,,,,,,,,,,,,,,,,,,,,,,,,,,,,,,,,,,,,,,,,
Q14262,Q20042590,,,,,,,,,,,,,,,,,,,,,,,,,,,,,,,,,,,,,,,,,,,,,
Q14264,Q3198711,,,,,,,,,,,,,,,,,,,,,,,,,,,,,,,,,,,,,,,,,,,,,
Q14266,Q18336853,,,,,,,,,,,,,,,,,,,,,,,,,,,,,,,,,,,,,,,,,,,,,
Q14288,Q20040418,,,,,,,,,,,,,,,,,,,,,,,,,,,,,,,,,,,,,,,,,,,,,
Q14294,Q1036864,,,,,,,,,,,,,,,,,,,,,,,,,,,,,,,,,,,,,,,,,,,,,
Q14295,Q11403867,,,,,,,,,,,,,,,,,,,,,,,,,,,,,,,,,,,,,,,,,,,,,
Q14296,Q106687761,,,,,,,,,,,,,,,,,,,,,,,,,,,,,,,,,,,,,,,,,,,,,
Q14305,Q11657998,,,,,,,,,,,,,,,,,,,,,,,,,,,,,,,,,,,,,,,,,,,,,I00719913
Q14313,Q440447,,,,,,,,,,,,,,,,,,,,,,,,,,,805237,,,,,,,,,,,,,,,,,,I00719911
Q14319,Q11567393,,,,,,,,,,,,,,,,,,,,,,,,,,,,,,,,,,,,,,,,,,,,,
Q14322,Q11501719,,,,,,,,,,,,,,,,,,,,,,,,,,,,,,,,,,,,,,,,,,,,,
Q14325,Q11413715,,,,,,,,,,,,,,,,,,,,,,,,,,,,,,,,,,,,,,,,,,,,,
Q14328,Q11372686,,,,,,,,,,,,,,,,,,,,,,,,,,,,,,,,,,,,,,,,,,,,,I00523690
Q14329,Q440454,,,,,,,,,,,,,,,,,,,,,,,,,,,485547,,,,,,,,,,,,,,,,,Go-Fushimi-tennō_後伏見天皇-1,I00523687
Q14333,Q24873862,,,,,,,,,,,,,,,,,,,,,,,,,,,,,,,,,,,,,,,,,,,,,
Q14340,Q11427426,,,,,,,,,,,,,,,,,,,,,,,,,,,,,,,,,,,,,,,,,,,,,I00719919
Q14341,Q106695941,,,,,,,,,,,,,,,,,,,,,,,,,,,,,,,,,,,,,,,,,,,,,
Q14344,Q73111979,,,,,,,,,,,,,,,,,,,,,,,,,,,,,,,,,,,,,,,,,,,,,
Q14345,Q20040620,,,,,,,,,,,,,,,,,,,,,,,,,,,,,,,,,,,,,,,,,,,,,
Q14349,Q106689125,,,,,,,,,,,,,,,,,,,,,,,,,,,,,,,,,,,,,,,,,,,,,
Q14350,Q552852,,,,,,,,,,,,,,,,,,,,,,,,,,,,,,,,,,,,,,,,,,,,,
Q14354,Q11510566,,,,,,,,,,,,,,,,,,,,,,,,,,,,,,,,,,,,,,,,,,,,,
Q14355,Q11481486,,,,,,,,,,,,,,,,,,,,,,,,,,,,,,,,,,,,,,,,,,,,,
Q14364,Q96581157,,,,,,,,,,,,,,,,,,,,,,,,,,,,,,,,,,,,,,,,,,,,,
Q14367,Q11376755,,,,,,,,,,,,,,,,,,,,,,,,,,,,,,,,,,,,,,,,,,,,,
Q14370,Q11489583,,,,,,,,,,,,,,,,,,,,,,,,,,,,,,,,,,,,,,,,,,,,,
Q14378,Q15633109,,,,,,,,,,,,,,,,,,,,,,,,,,,,,,,,,,,,,,,,,,,,,
Q14386,Q11496956,,,,,,,,,,,,,,,,,,,,,,,,,,,,,,,,,,,,,,,,,,,,,
Q14387,Q17226891,,,,,,,,,,,,,,,,,,,,,,,,,,,,,,,,,,,,,,,,,,,,,
Q14388,Q3514228,,,,,,,,,,,,,,,,,,,,,,,,,,,,,,,,,,,,,,,,,,,,,
Q14391,Q7223281,,,,,,,,,,,,,,,,,,,,,,,,,,,,,,,,,,,,,,,,,,,,,
Q14397,Q24871943,,,,,,,,,,,,,,,,,,,,,,,,,,,,,,,,,,,,,,,,,,,,,
Q14400,Q3198729,,,,,,,,,,,,,,,,,,,,,,,,,,,,,,,,,,,,,,,,,,,,,
Q14401,Q7137252,,,,,,,,,,,,,,,,,,,,,,,,,,,,,,,,,,,,,,,,,,,,,
Q14402,Q24873886,,,,,,,,,,,,,,,,,,,,,,,,,,,,,,,,,,,,,,,,,,,,,
Q14410,Q497688,,,,,,,,,,,,,,,,,,,,,,,,,,,,,,,,,,,,,,,,,,,,,
Q14411,Q16184905,,,,,,,,,,,,,,,,,,,,,,,,,,,,,,,,,,,,,,,,,,,,,
Q14413,Q12598530,,,,,,,,,,,,,,,,,,,,,,,,,,,,,,,,,,,,,,,,,,,,,
Q14414,Q485851,,,,,,,,,,,,,,,,,,,,,,,,,,,,,,,,,,,,,,,,,,,,,
Q14415,Q28519299,,,,,,,,,,,,,,,,,,,,,,,,,,,,,,,,,,,,,,,,,,,,,
Q14416,Q488591,,,,,,,,,,,,,,,,,,,,,,,,,,,,,,,,,,,,,,,,,,,,,
Q14417,Q8013075,,,,,,,,,,,,,,,,,,,,,,,,,,,,,,,,,,,,,,,,,,,,,
Q14418,Q12601807,,,,,,,,,,,,,,,,,,,,,,,,,,,,,,,,,,,,,,,,,,,,,
Q14419,Q28775440,,,,,,,,,,,,,,,,,,,,,,,,,,,,,,,,,,,,,,,,,,,,,
Q14420,Q12621531,,,,,,,,,,,,,,,,,,,,,,,,,,,,,,,,,,,,,,,,,,,,,
Q14421,Q28519662,,,,,,,,,,,,,,,,,,,,,,,,,,,,,,,,,,,,,,,,,,,,,
Q14422,Q28519687,,,,,,,,,,,,,,,,,,,,,,,,,,,,,,,,,,,,,,,,,,,,,
Q14423,Q16173601,,,,,,,,,,,,,,,,,,,,,,,,,,,,,,,,,,,,,,,,,,,,,
Q14424,Q16173019,,,,,,,,,,,,,,,,,,,,,,,,,,,,,,,,,,,,,,,,,,,,,
Q14425,Q28777902,,,,,,,,,,,,,,,,,,,,,,,,,,,,,,,,,,,,,,,,,,,,,
Q14426,Q12617858,,,,,,,,,,,,,,,,,,,,,,,,,,,,,,,,,,,,,,,,,,,,,
Q14427,Q12599502,,,,,,,,,,,,,,,,,,,,,,,,,,,,,,,,,,,,,,,,,,,,,
Q14428,Q625563,,,,,,,,,,,,,,,,,,,,,,,,,,,,,,,,,,,,,,,,,,,,,
Q14429,Q12587637,,,,,,,,,,,,,,,,,,,,,,,,,,,,,,,,,,,,,,,,,,,,,
Q14430,Q28777069,,,,,,,,,,,,,,,,,,,,,,,,,,,,,,,,,,,,,,,,,,,,,
Q14431,Q6806830,,,,,,,,,,,,,,,,,,,,,,,,,,,,,,,,,,,,,,,,,,,,,
Q14432,Q28777904,,,,,,,,,,,,,,,,,,,,,,,,,,,,,,,,,,,,,,,,,,,,,
Q14433,Q16191991,,,,,,,,,,,,,,,,,,,,,,,,,,,,,,,,,,,,,,,,,,,,,
Q14434,Q16192009,,,,,,,,,,,,,,,,,,,,,,,,,,,,,,,,,,,,,,,,,,,,,
Q14435,Q494501,,,,,,,,,,,,,,,,,,,,,,,,,,,,,,,,,,,,,,,,,,,,,
Q14436,Q6678734,,,,,,,,,,,,,,,,,,,,,,,,,,,,,,,,,,,,,,,,,,,,,
Q14437,Q12607529,,,,,,,,,,,,,,,,,,,,,,,,,,,,,,,,,,,,,,,,,,,,,
Q14438,Q626320,,,,,,,,,,,,,,,,,,,,,,,,,,,,,,,,,,,,,,,,,,,,,
Q14439,Q28527370,,,,,,,,,,,,,,,,,,,,,,,,,,,,,,,,,,,,,,,,,,,,,
Q14440,Q12613235,,,,,,,,,,,,,,,,,,,,,,,,,,,,,,,,,,,,,,,,,,,,,
Q14441,Q28526910,,,,,,,,,,,,,,,,,,,,,,,,,,,,,,,,,,,,,,,,,,,,,
Q14442,Q12607655,,,,,,,,,,,,,,,,,,,,,,,,,,,,,,,,,,,,,,,,,,,,,
Q14443,Q12587011,,,,,,,,,,,,,,,,,,,,,,,,,,,,,,,,,,,,,,,,,,,,,
Q14444,Q16261600,,,,,,,,,,,,,,,,,,,,,,,,,,,,,,,,,,,,,,,,,,,,,
Q14445,Q12598328,,,,,,,,,,,,,,,,,,,,,,,,,,,,,,,,,,,,,,,,,,,,,
Q14446,Q12606231,,,,,,,,,,,,,,,,,,,,,,,,,,,,,,,,,,,,,,,,,,,,,
Q14447,Q12596042,,,,,,,,,,,,,,,,,,,,,,,,,,,,,,,,,,,,,,,,,,,,,
Q14448,Q28528002,,,,,,,,,,,,,,,,,,,,,,,,,,,,,,,,,,,,,,,,,,,,,
Q14449,Q4938687,,,,,,,,,,,,,,,,,,,,,,,,,,,,,,,,,,,,,,,,,,,,,
Q14450,Q12609466,,,,,,,,,,,,,,,,,,,,,,,,,,,,,,,,,,,,,,,,,,,,,
Q14451,Q488377,,,,,,,,,,,,,,,,,,,,,,,,,,,,,,,,,,,,,,,,,,,,,
Q14452,Q494532,,,,,,,,,,,,,,,,,,,,,,,,,,,,,,,,,,,,,,,,,,,,,
Q14453,Q12584466,,,,,,,,,,,,,,,,,,,,,,,,,,,,,,,,,,,,,,,,,,,,,
Q14454,Q705384,,,,,,,,,,,,,,,,,,,,,,,,,,,,,,,,,,,,,,,,,,,,,
Q14455,Q12587364,,,,,,,,,,,,,,,,,,,,,,,,,,,,,,,,,,,,,,,,,,,,,
Q14456,Q12617999,,,,,,,,,,,,,,,,,,,,,,,,,,,,,,,,,,,,,,,,,,,,,
Q14457,Q12608581,,,,,,,,,,,,,,,,,,,,,,,,,,,,,,,,,,,,,,,,,,,,,
Q14458,Q12588424,,,,,,,,,,,,,,,,,,,,,,,,,,,,,,,,,,,,,,,,,,,,,
Q14459,Q12598947,,,,,,,,,,,,,,,,,,,,,,,,,,,,,,,,,,,,,,,,,,,,,
Q14463,Q97613631,,,,,,,,,,,,,,,,,,,,,,,,,,,,,,,,,,,,,,,,,,,,,
Q14465,Q109596906,,,,,,,,,,,,,,,,,,,,,,,,,,,,,,,,,,,,,,,,,,,,,
Q14471,Q24874626,,,,,,,,,,,,,,,,,,,,,,,,,,,,,,,,,,,,,,,,,,,,,
Q14480,Q11510640,,,,,,,,,,,,,,,,,,,,,,,,,,,,,,,,,,,,,,,,,,,,,
Q14482,Q109125638,,,,,,,,,,,,,,,,,,,,,,,,,,,,,,,,,,,,,,,,,,,,,
Q14487,Q11359188,,,,,,,,,,,,,,,,,,,,,,,,,,,,,,,,,,,,,,,,,,,,,
Q14488,Q11359185,,,,,,,,,,,,,,,,,,,,,,,,,,,,,,,,,,,,,,,,,,,,,
Q14491,Q297107,,,,,,,,,,,,,,,,,,,,,,,,,,,993902,,,,,,,,,,,,,,,,,Ashikaga-5,
Q14492,Q725375,,,,,,,,,,,,,,,,,,,,,,,,,,,,,,,,,,,,,,,,,,,,,
Q14496,Q11359246,,,,,,,,,,,,,,,,,,,,,,,,,,,,,,,,,,,,,,,,,,,,,
Q14497,Q11467579,,,,,,,,,,,,,,,,,,,,,,,,,,,,,,,,,,,,,,,,,,,,,
Q14498,Q11467595,,,,,,,,,,,,,,,,,,,,,,,,,,,,,,,,,,,,,,,,,,,,,
Q14499,Q11467600,,,,,,,,,,,,,,,,,,,,,,,,,,,,,,,,,,,,,,,,,,,,,
Q14504,Q102246569,,,,,,,,,,,,,,,,,,,,,,,,,,,,,,,,,,,,,,,,,,,,,
Q14516,Q466321,,,,,,,,,,,,,,,,,,,,,,,,,,,993909,,,,,,,,,,,,,,,,,Ashikaga-4,
Q14517,Q4306921,,,,,,,,,,,,,,,,,,,,,,,,,,,,,,,,,,,,,,,,,,,,Ashikaga-6,
Q14520,Q7496005,,,,,,,,,,,,,,,,,,,,,,,,,,,,,,,,,,,,,,,,,,,,,
Q14521,Q11500851,,,,,,,,,,,,,,,,,,,,,,,,,,,,,,,,,,,,,,,,,,,,,
Q14522,Q11636759,,,,,,,,,,,,,,,,,,,,,,,,,,,,,,,,,,,,,,,,,,,,,
Q14529,Q11392545,,,,,,,,,,,,,,,,,,,,,,,,,,,820351,,,,,,,,,,,,,,,,,,
Q14531,Q11382408,,,,,,,,,,,,,,,,,,,,,,,,,,,,,,,,,,,,,,,,,,,,,
Q14532,Q1036907,,,,,,,,,,,,,,,,,,,,,,,,,,,820355,,,,,,,,,,,,,,,,,,
Q14536,Q11627452,,,,,,,,,,,,,,,,,,,,,,,,,,,,,,,,,,,,,,,,,,,,,
Q14542,Q11372681,,,,,,,,,,,,,,,,,,,,,,,,,,,,,,,,,,,,,,,,,,,,,
Q14545,Q11414245,,,,,,,,,,,,,,,,,,,,,,,,,,,,,,,,,,,,,,,,,,,,,
Q14546,Q11376935,,,,,,,,,,,,,,,,,,,,,,,,,,,,,,,,,,,,,,,,,,,,,
Q14548,Q123640634,,,,,,,,,,,,,,,,,,,,,,,,,,,,,,,,,,,,,,,,,,,,,
Q14551,Q11414269,,,,,,,,,,,,,,,,,,,,,,,,,,,,,,,,,,,,,,,,,,,,,
Q14554,Q11353142,,,,,,,,,,,,,,,,,,,,,,,,,,,,,,,,,,,,,,,,,,,,,
Q14556,Q24899746,,,,,,,,,,,,,,,,,,,,,,,,,,,,,,,,,,,,,,,,,,,,,
Q14557,Q11503735,,,,,,,,,,,,,,,,,,,,,,,,,,,814586,,,,,,,,,,,,,,,,,,
Q14563,Q18011422,,,,,,,,,,,,,,,,,,,,,,,,,,,,,,,,,,,,,,,,,,,,,
Q14564,Q11406728,,,,,,,,,,,,,,,,,,,,,,,,,,,,,,,,,,,,,,,,,,,,,
Q14569,Q11405904,,,,,,,,,,,,,,,,,,,,,,,,,,,,,,,,,,,,,,,,,,,,,
Q14570,Q11406096,,,,,,,,,,,,,,,,,,,,,,,,,,,814594,,,,,,,,,,,,,,,,,,
Q14571,Q59551768,,,,,,,,,,,,,,,,,,,,,,,,,,,,,,,,,,,,,,,,,,,,,
Q14572,Q11380700,,,,,,,,,,,,,,,,,,,,,,,,,,,,,,,,,,,,,,,,,,,,,
Q14578,Q11559355,,,,,,,,,,,,,,,,,,,,,,,,,,,,,,,,,,,,,,,,,,,,,
Q14580,Q11541409,,,,,,,,,,,,,,,,,,,,,,,,,,,,,,,,,,,,,,,,,,,,,
Q14589,Q11256588,,,,,,,,,,,,,,,,,,,,,,,,,,,,,,,,,,,,,,,,,,,,,
Q14591,Q11636825,,,,,,,,,,,,,,,,,,,,,,,,,,,,,,,,,,,,,,,,,,,,,
Q14592,Q11636824,,,,,,,,,,,,,,,,,,,,,,,,,,,,,,,,,,,,,,,,,,,,,
Q14594,Q11573919,,,,,,,,,,,,,,,,,,,,,,,,,,,,,,,,,,,,,,,,,,,,,
Q14595,Q11636838,,,,,,,,,,,,,,,,,,,,,,,,,,,,,,,,,,,,,,,,,,,,,
Q14596,Q11516158,,,,,,,,,,,,,,,,,,,,,,,,,,,,,,,,,,,,,,,,,,,,,
Q14606,Q11651915,,,,,,,,,,,,,,,,,,,,,,,,,,,,,,,,,,,,,,,,,,,,,
Q14611,Q11500868,,,,,,,,,,,,,,,,,,,,,,,,,,,,,,,,,,,,,,,,,,,,,
Q14615,Q281350,,,,,,,,,,,,,,,,,,,,,,,,,,,,,,,,,,,,,,,,,,,,,
Q14630,Q6639927,,,,,,,,,,,,,,,,,,,,,,,,,,,,,,,,,,,,,,,,,,,,,
Q14631,Q11365019,,,,,,,,,,,,,,,,,,,,,,,,,,,,,,,,,,,,,,,,,,,,,
Q14634,Q11408498,,,,,,,,,,,,,,,,,,,,,,,,,,,,,,,,,,,,,,,,,,,,,
Q14635,Q11408605,,,,,,,,,,,,,,,,,,,,,,,,,,,1377658,,,,,,,,,,,,,,,,,,
Q14636,Q60989672,,,,,,,,,,,,,,,,,,,,,,,,,,,,,,,,,,,,,,,,,,,,,
Q14641,Q11578622,,,,,,,,,,,,,,,,,,,,,,,,,,,,,,,,,,,,,,,,,,,,,
Q14647,Q11162470,,,,,,,,,,,,,,,,,,,,,,,,,,,,,,,,,,,,,,,,,,,,,
Q14661,Q108716841,,,,,,,,,,,,,,,,,,,,,,,,,,,,,,,,,,,,,,,,,,,,,
Q14677,Q20040068,,,,,,,,,,,,,,,,,,,,,,,,,,,,,,,,,,,,,,,,,,,,,
Q14681,Q11449817,,,,,,,,,,,,,,,,,,,,,,,,,,,,,,,,,,,,,,,,,,,,,
Q14701,Q11666429,,,,,,,,,,,,,,,,,,,,,,,,,,,,,,,,,,,,,,,,,,,,,
Q14705,Q20038735,,,,,,,,,,,,,,,,,,,,,,,,,,,,,,,,,,,,,,,,,,,,,
Q14709,Q11464860,,,,,,,,,,,,,,,,,,,,,,,,,,,,,,,,,,,,,,,,,,,,,
Q14712,Q99519004,,,,,,,,,,,,,,,,,,,,,,,,,,,,,,,,,,,,,,,,,,,,,
Q14713,Q7223311,,,,,,,,,,,,,,,,,,,,,,,,,,,808525,,,,,,,,,,,,,,,,,,
Q14721,Q20042593,,,,,,,,,,,,,,,,,,,,,,,,,,,,,,,,,,,,,,,,,,,,,
Q14723,Q18336851,,,,,,,,,,,,,,,,,,,,,,,,,,,,,,,,,,,,,,,,,,,,,
Q14740,Q11403861,,,,,,,,,,,,,,,,,,,,,,,,,,,,,,,,,,,,,,,,,,,,,
Q14744,Q11403852,,,,,,,,,,,,,,,,,,,,,,,,,,,,,,,,,,,,,,,,,,,,,
Q14751,Q11362030,,,,,,,,,,,,,,,,,,,,,,,,,,,,,,,,,,,,,,,,,,,,,
Q14752,Q1328796,,,,,,,,,,,,,,,,,,,,,,,,,,,814587,,,,,,,,,,,,,,,,,,
Q14753,Q7141661,,,,,,,,,,,,,,,,,,,,,,,,,,,,,,,,,,,,,,,,,,,,,I00719910
Q14755,Q451864,,,,,,,,,,,,,,,,,,,,,,,,,,,805239,,,,,,,,,,,,,,,,,,I00719909
Q14774,Q50286794,,,,,,,,,,,,,,,,,,,,,,,,,,,,,,,,,,,,,,,,,,,,,
Q14775,Q11510642,,,,,,,,,,,,,,,,,,,,,,,,,,,,,,,,,,,,,,,,,,,,,
Q14776,Q11534160,,,,,,,,,,,,,,,,,,,,,,,,,,,,,,,,,,,,,,,,,,,,,
Q14777,Q11635076,,,,,,,,,,,,,,,,,,,,,,,,,,,,,,,,,,,,,,,,,,,,,
Q14781,Q11363140,,,,,,,,,,,,,,,,,,,,,,,,,,,,,,,,,,,,,,,,,,,,,
Q14787,Q11489568,,,,,,,,,,,,,,,,,,,,,,,,,,,,,,,,,,,,,,,,,,,,,
Q14788,Q19759244,,,,,,,,,,,,,,,,,,,,,,,,,,,,,,,,,,,,,,,,,,,,,
Q14795,Q17990298,,,,,,,,,,,,,,,,,,,,,,,,,,,,,,,,,,,,,,,,,,,,,
Q14803,Q20041847,,,,,,,,,,,,,,,,,,,,,,,,,,,,,,,,,,,,,,,,,,,,,
Q14804,Q3514221,,,,,,,,,,,,,,,,,,,,,,,,,,,804565,,,,,,,,,,,,,,,,,,
Q14808,Q7223426,,,,,,,,,,,,,,,,,,,,,,,,,,,,,,,,,,,,,,,,,,,,,
Q14809,Q11627450,,,,,,,,,,,,,,,,,,,,,,,,,,,,,,,,,,,,,,,,,,,,,
Q14810,Q7223112,,,,,,,,,,,,,,,,,,,,,,,,,,,,,,,,,,,,,,,,,,,,,
Q14814,Q7137181,,,,,,,,,,,,,,,,,,,,,,,,,,,,,,,,,,,,,,,,,,,,,
Q14820,Q248381,,,,,,,,,,,,,,,,,,,,,,,,,,,993911,,,,,,,,,,,,,,,,,Ashikaga-3,
Q14821,Q11636792,,,,,,,,,,,,,,,,,,,,,,,,,,,,,,,,,,,,,,,,,,,,,
Q14826,Q497647,,,,,,,,,,,,,,,,,,,,,,,,,,,,,,,,,,,,,,,,,,,,,
Q14827,Q6703992,,,,,,,,,,,,,,,,,,,,,,,,,,,,,,,,,,,,,,,,,,,,,
Q14828,Q16261619,,,,,,,,,,,,,,,,,,,,,,,,,,,,,,,,,,,,,,,,,,,,,
Q14829,Q16726455,,,,,,,,,,,,,,,,,,,,,,,,,,,,,,,,,,,,,,,,,,,,,
Q14830,Q492831,,,,,,,,,,,,,,,,,,,,,,,,,,,,,,,,,,,,,,,,,,,,,
Q14831,Q28519214,,,,,,,,,,,,,,,,,,,,,,,,,,,,,,,,,,,,,,,,,,,,,
Q14832,Q485621,,,,,,,,,,,,,,,,,,,,,,,,,,,,,,,,,,,,,,,,,,,,,
Q14833,Q16175146,,,,,,,,,,,,,,,,,,,,,,,,,,,,,,,,,,,,,,,,,,,,,
Q14834,Q28777857,,,,,,,,,,,,,,,,,,,,,,,,,,,,,,,,,,,,,,,,,,,,,
Q14835,Q20780260,,,,,,,,,,,,,,,,,,,,,,,,,,,,,,,,,,,,,,,,,,,,,
Q14836,Q12595692,,,,,,,,,,,,,,,,,,,,,,,,,,,,,,,,,,,,,,,,,,,,,
Q14837,Q11265554,,,,,,,,,,,,,,,,,,,,,,,,,,,,,,,,,,,,,,,,,,,,,
Q14838,Q4382866,,,,,,,,,,,,,,,,,,,,,,,,,,,,,,,,,,,,,,,,,,,,,
Q14839,Q12593018,,,,,,,,,,,,,,,,,,,,,,,,,,,,,,,,,,,,,,,,,,,,,
Q14840,Q16168013,,,,,,,,,,,,,,,,,,,,,,,,,,,,,,,,,,,,,,,,,,,,,
Q14841,Q12587882,,,,,,,,,,,,,,,,,,,,,,,,,,,,,,,,,,,,,,,,,,,,,
Q14842,Q12618832,,,,,,,,,,,,,,,,,,,,,,,,,,,,,,,,,,,,,,,,,,,,,
Q14843,Q12618875,,,,,,,,,,,,,,,,,,,,,,,,,,,,,,,,,,,,,,,,,,,,,
Q14844,Q24856184,,,,,,,,,,,,,,,,,,,,,,,,,,,,,,,,,,,,,,,,,,,,,
Q14845,Q490868,,,,,,,,,,,,,,,,,,,,,,,,,,,,,,,,,,,,,,,,,,,,,
Q14846,Q16160699,,,,,,,,,,,,,,,,,,,,,,,,,,,,,,,,,,,,,,,,,,,,,
Q14847,Q16179282,,,,,,,,,,,,,,,,,,,,,,,,,,,,,,,,,,,,,,,,,,,,,
Q14848,Q28776976,,,,,,,,,,,,,,,,,,,,,,,,,,,,,,,,,,,,,,,,,,,,,
Q14849,Q16174273,,,,,,,,,,,,,,,,,,,,,,,,,,,,,,,,,,,,,,,,,,,,,
Q14850,Q12587560,,,,,,,,,,,,,,,,,,,,,,,,,,,,,,,,,,,,,,,,,,,,,
Q14852,Q12597387,,,,,,,,,,,,,,,,,,,,,,,,,,,,,,,,,,,,,,,,,,,,,
Q14854,Q12597093,,,,,,,,,,,,,,,,,,,,,,,,,,,,,,,,,,,,,,,,,,,,,
Q14855,Q2913666,,,,,,,,,,,,,,,,,,,,,,,,,,,,,,,,,,,,,,,,,,,,,
Q14857,Q485818,,,,,,,,,,,,,,,,,,,,,,,,,,,,,,,,,,,,,,,,,,,,,
Q14858,Q12589101,,,,,,,,,,,,,,,,,,,,,,,,,,,,,,,,,,,,,,,,,,,,,
Q14859,Q83544773,,,,,,,,,,,,,,,,,,,,,,,,,,,,,,,,,,,,,,,,,,,,,
Q14860,Q485114,,,,,,,,,,,,,,,,,,,,,,,,,,,,,,,,,,,,,,,,,,,,,
Q14861,Q16159929,,,,,,,,,,,,,,,,,,,,,,,,,,,,,,,,,,,,,,,,,,,,,
Q14862,Q490448,,,,,,,,,,,,,,,,,,,,,,,,,,,,,,,,,,,,,,,,,,,,,
Q14863,Q16076514,,,,,,,,,,,,,,,,,,,,,,,,,,,,,,,,,,,,,,,,,,,,,
Q14864,Q15914382,,,,,,,,,,,,,,,,,,,,,,,,,,,,,,,,,,,,,,,,,,,,,
Q14866,Q97613634,,,,,,,,,,,,,,,,,,,,,,,,,,,,,,,,,,,,,,,,,,,,,
Q14880,Q11359178,,,,,,,,,,,,,,,,,,,,,,,,,,,,,,,,,,,,,,,,,,,,,
Q14883,Q11359180,,,,,,,,,,,,,,,,,,,,,,,,,,,,,,,,,,,,,,,,,,,,,
Q14891,Q15708606,,,,,,,,,,,,,,,,,,,,,,,,,,,,,,,,,,,,,,,,,,,,,
Q14892,Q11636796,,,,,,,,,,,,,,,,,,,,,,,,,,,,,,,,,,,,,,,,,,,,,
Q14893,Q17191272,,,,,,,,,,,,,,,,,,,,,,,,,,,,,,,,,,,,,,,,,,,,,
Q14894,Q17191270,,,,,,,,,,,,,,,,,,,,,,,,,,,,,,,,,,,,,,,,,,,,,
Q14895,Q110188451,,,,,,,,,,,,,,,,,,,,,,,,,,,,,,,,,,,,,,,,,,,,,
Q14898,Q11467614,,,,,,,,,,,,,,,,,,,,,,,,,,,,,,,,,,,,,,,,,,,,,
Q14900,Q11467596,,,,,,,,,,,,,,,,,,,,,,,,,,,,,,,,,,,,,,,,,,,,,
Q14902,Q11467602,,,,,,,,,,,,,,,,,,,,,,,,,,,,,,,,,,,,,,,,,,,,,
Q14903,Q107222204,,,,,,,,,,,,,,,,,,,,,,,,,,,,,,,,,,,,,,,,,,,,,
Q14904,Q11467592,,,,,,,,,,,,,,,,,,,,,,,,,,,,,,,,,,,,,,,,,,,,,
Q14905,Q107222213,,,,,,,,,,,,,,,,,,,,,,,,,,,,,,,,,,,,,,,,,,,,,
Q14906,Q109362627,,,,,,,,,,,,,,,,,,,,,,,,,,,,,,,,,,,,,,,,,,,,,
Q14908,Q11467598,,,,,,,,,,,,,,,,,,,,,,,,,,,,,,,,,,,,,,,,,,,,,
Q14909,Q102246568,,,,,,,,,,,,,,,,,,,,,,,,,,,,,,,,,,,,,,,,,,,,,
Q14912,Q11551129,,,,,,,,,,,,,,,,,,,,,,,,,,,,,,,,,,,,,,,,,,,,,
Q14915,Q11474330,,,,,,,,,,,,,,,,,,,,,,,,,,,,,,,,,,,,,,,,,,,,,
Q14917,Q17191271,,,,,,,,,,,,,,,,,,,,,,,,,,,,,,,,,,,,,,,,,,,,,
Q14918,Q17217212,,,,,,,,,,,,,,,,,,,,,,,,,,,,,,,,,,,,,,,,,,,,,
Q14921,Q4306934,,,,,,,,,,,,,,,,,,,,,,,,,,,,,,,,,,,,,,,,,,,,,
Q14923,Q11500852,,,,,,,,,,,,,,,,,,,,,,,,,,,,,,,,,,,,,,,,,,,,,
Q14924,Q11500856,,,,,,,,,,,,,,,,,,,,,,,,,,,,,,,,,,,,,,,,,,,,,
Q14925,Q11500857,,,,,,,,,,,,,,,,,,,,,,,,,,,,,,,,,,,,,,,,,,,,,
Q14926,Q11500863,,,,,,,,,,,,,,,,,,,,,,,,,,,,,,,,,,,,,,,,,,,,,
Q14928,Q11500846,,,,,,,,,,,,,,,,,,,,,,,,,,,,,,,,,,,,,,,,,,,,,
Q14935,Q11392552,,,,,,,,,,,,,,,,,,,,,,,,,,,820352,,,,,,,,,,,,,,,,,,
Q14936,Q11392547,,,,,,,,,,,,,,,,,,,,,,,,,,,,,,,,,,,,,,,,,,,,,
Q14938,Q11382354,,,,,,,,,,,,,,,,,,,,,,,,,,,,,,,,,,,,,,,,,,,,,
Q14939,Q11382457,,,,,,,,,,,,,,,,,,,,,,,,,,,,,,,,,,,,,,,,,,,,,
Q14942,Q11563909,,,,,,,,,,,,,,,,,,,,,,,,,,,,,,,,,,,,,,,,,,,,,
Q14949,Q11414246,,,,,,,,,,,,,,,,,,,,,,,,,,,,,,,,,,,,,,,,,,,,,
Q14950,Q11353123,,,,,,,,,,,,,,,,,,,,,,,,,,,,,,,,,,,,,,,,,,,,,
Q14951,Q11414228,,,,,,,,,,,,,,,,,,,,,,,,,,,,,,,,,,,,,,,,,,,,,
Q14952,Q11376905,,,,,,,,,,,,,,,,,,,,,,,,,,,,,,,,,,,,,,,,,,,,,
Q14953,Q11376921,,,,,,,,,,,,,,,,,,,,,,,,,,,,,,,,,,,,,,,,,,,,,
Q14954,Q11376940,,,,,,,,,,,,,,,,,,,,,,,,,,,,,,,,,,,,,,,,,,,,,
Q14956,Q11414243,,,,,,,,,,,,,,,,,,,,,,,,,,,,,,,,,,,,,,,,,,,,,
Q14958,Q11353159,,,,,,,,,,,,,,,,,,,,,,,,,,,,,,,,,,,,,,,,,,,,,
Q14959,Q106681514,,,,,,,,,,,,,,,,,,,,,,,,,,,,,,,,,,,,,,,,,,,,,
Q14960,Q969116,,,,,,,,,,,,,,,,,,,,,,,,,,,,,,,,,,,,,,,,,,,,,
Q14962,Q11449723,,,,,,,,,,,,,,,,,,,,,,,,,,,,,,,,,,,,,,,,,,,,,
Q14964,Q11406106,,,,,,,,,,,,,,,,,,,,,,,,,,,,,,,,,,,,,,,,,,,,,
Q14965,Q11380858,,,,,,,,,,,,,,,,,,,,,,,,,,,,,,,,,,,,,,,,,,,,,
Q14970,Q11517073,,,,,,,,,,,,,,,,,,,,,,,,,,,,,,,,,,,,,,,,,,,,,
Q14974,Q11636837,,,,,,,,,,,,,,,,,,,,,,,,,,,,,,,,,,,,,,,,,,,,,
Q14975,Q15725029,,,,,,,,,,,,,,,,,,,,,,,,,,,,,,,,,,,,,,,,,,,,,
Q14976,Q11359171,,,,,,,,,,,,,,,,,,,,,,,,,,,,,,,,,,,,,,,,,,,,,
Q14981,Q106704865,,,,,,,,,,,,,,,,,,,,,,,,,,,,,,,,,,,,,,,,,,,,,
Q14985,Q106736698,,,,,,,,,,,,,,,,,,,,,,,,,,,,,,,,,,,,,,,,,,,,,
Q14990,Q11511331,,,,,,,,,,,,,,,,,,,,,,,,,,,,,,,,,,,,,,,,,,,,,
Q14991,Q1190934,,,,,,,,,,,,,,,,,,,,,,,,,,,,,,,,,,,,,,,,,,,,,
Q14992,Q11402094,,,,,,,,,,,,,,,,,,,,,,,,,,,,,,,,,,,,,,,,,,,,,
Q14993,Q11070012,,,,,,,,,,,,,,,,,,,,,,,,,,,,,,,,,,,,,,,,,,,,,
Q14994,Q17224871,,,,,,,,,,,,,,,,,,,,,,,,,,,,,,,,,,,,,,,,,,,,,
Q14998,Q108804677,,,,,,,,,,,,,,,,,,,,,,,,,,,,,,,,,,,,,,,,,,,,,
Q14999,Q909023,,,,,,,,,,,,,,,,,,,,,,,,,,,,,,,,,,,,,,,,,,,,,
Q15000,Q10931686,,,,,,,,,,,,,,,,,,,,,,,,,,,,,,,,,,,,,,,,,,,,,
Q15002,Q1054305,,,,,,,,,,210527763,,,,,,,,,,,,,,,,,,,,,,,,,,,,,,,,,,今川-2,
Q15004,Q11376923,,,,,,,,,,,,,,,,,,,,,,,,,,,,,,,,,,,,,,,,,,,,,
Q15005,Q8189863,,,,,,,,,,,,,,,,,,,,,,,,,,,,,,,,,,,,,,,,,,,,,
Q15006,Q11636811,,,,,,,,,,,,,,,,,,,,,,,,,,,,,,,,,,,,,,,,,,,,,
Q15008,Q187550,,,,,,,,,,20258,,,,,,,,,,,,,,,,,,,,,,,,,,,,,,,,,,豊臣-4,
Q15009,Q115191856,,,,,,,,,,,,,,,,,,,,,,,,,,,,,,,,,,,,,,,,,,,,,
Q15010,Q171977,,,,,,,,,,6826472,,,,,,,,,,,,,,person/F220903D-8B4D-41A4-9D6A-1769CD311EF8,,,,,,,,,,,,,,,,,,,,松平-78,I00523403
Q15012,Q11467560,,,,,,,,,,,,,,,,,,,,,,,,,,,,,,,,,,,,,,,,,,,,,
Q15019,Q20040030,,,,,,,,,,,,,,,,,,,,,,,,,,,,,,,,,,,,,,,,,,,,,
Q15031,Q11500858,,,,,,,,,,,,,,,,,,,,,,,,,,,,,,,,,,,,,,,,,,,,,
Q15033,Q11423392,,,,,,,,,,,,,,,,,,,,,,,,,,,,,,,,,,,,,,,,,,,,,
Q15034,Q11376949,,,,,,,,,,,,,,,,,,,,,,,,,,,,,,,,,,,,,,,,,,,,,
Q15035,Q11465265,,,,,,,,,,,,,,,,,,,,,,,,,,,,,,,,,,,,,,,,,,,,,
Q15036,Q11376928,,,,,,,,,,,,,,,,,,,,,,,,,,,,,,,,,,,,,,,,,,,,,
Q15038,Q7813574,,,,,,,,,,,,,,,,,,,,,,,,,,,,,,,,,,,,,,,,,,,,,
Q15042,Q11353136,,,,,,,,,,,,,,,,,,,,,,,,,,,,,,,,,,,,,,,,,,,,,
Q15045,Q6640013,,,,,,,,,,,,,,,,,,,,,,,,,,,,,,,,,,,,,,,,,,,,,
Q15046,Q6639629,,,,,,,,,,,,,,,,,,,,,,,,,,,,,,,,,,,,,,,,,,,,,
Q15047,Q124497799,,,,,,,,,,,,,,,,,,,,,,,,,,,,,,,,,,,,,,,,,,,,,
Q15050,Q11408608,,,,,,,,,,,,,,,,,,,,,,,,,,,1377659,,,,,,,,,,,,,,,,,,
Q15054,Q11578681,,,,,,,,,,,,,,,,,,,,,,,,,,,,,,,,,,,,,,,,,,,,,
Q15056,Q11578625,,,,,,,,,,,,,,,,,,,,,,,,,,,,,,,,,,,,,,,,,,,,,
Q15058,Q11162290,,,,,,,,,,,,,,,,,,,,,,,,,,,,,,,,,,,,,,,,,,,,,
Q15059,Q11477606,,,,,,,,,,,,,,,,,,,,,,,,,,,,,,,,,,,,,,,,,,,,,
Q15060,Q11246628,,,,,,,,,,,,,,,,,,,,,,,,,,,,,,,,,,,,,,,,,,,,,
Q15061,Q11246665,,,,,,,,,,,,,,,,,,,,,,,,,,,,,,,,,,,,,,,,,,,,,
Q15062,Q11162434,,,,,,,,,,,,,,,,,,,,,,,,,,,,,,,,,,,,,,,,,,,,,
Q15064,Q11621005,,,,,,,,,,,,,,,,,,,,,,,,,,,,,,,,,,,,,,,,,,,,,
Q15076,Q101200112,,,,,,,,,,,,,,,,,,,,,,,,,,,,,,,,,,,,,,,,,,,,,
Q15082,Q11383481,,,,,,,,,,,,,,,,,,,,,,,,,,,,,,,,,,,,,,,,,,,,,
Q15084,Q3198713,,,,,,,,,,,,,,,,,,,,,,,,,,,805046,,,,,,,,,,,,,,,,,,
Q15090,Q11380749,,,,,,,,,,,,,,,,,,,,,,,,,,,,,,,,,,,,,,,,,,,,,
Q15091,Q10885149,,,,,,,,,,,,,,,,,,,,,,,,,,,,,,,,,,,,,,,,,,,,,
Q15094,Q11545677,,,,,,,,,,,,,,,,,,,,,,,,,,,,,,,,,,,,,,,,,,,,,
Q15095,Q85875422,,,,,,,,,,,,,,,,,,,,,,,,,,,,,,,,,,,,,,,,,,,,,
Q15107,Q7223202,,,,,,,,,,,,,,,,,,,,,,,,,,,,,,,,,,,,,,,,,,,,,
Q15111,Q11606026,,,,,,,,,,,,,,,,,,,,,,,,,,,,,,,,,,,,,,,,,,,,,
Q15113,Q11606024,,,,,,,,,,,,,,,,,,,,,,,,,,,,,,,,,,,,,,,,,,,,,
Q15115,Q11485461,,,,,,,,,,,,,,,,,,,,,,,,,,,,,,,,,,,,,,,,,,,,,
Q15117,Q18336855,,,,,,,,,,,,,,,,,,,,,,,,,,,,,,,,,,,,,,,,,,,,,
Q15128,Q20041865,,,,,,,,,,,,,,,,,,,,,,,,,,,,,,,,,,,,,,,,,,,,,
Q15130,Q20040424,,,,,,,,,,,,,,,,,,,,,,,,,,,,,,,,,,,,,,,,,,,,,
Q15142,Q3342237,,,,,,,,,,,,,,,,,,,,,,,,,,,814590,,,,,,,,,,,,,,,,,,
Q15143,Q3342234,,,,,,,,,,,,,,,,,,,,,,,,,,,814591,,,,,,,,,,,,,,,,,,
Q15144,Q3342232,,,,,,,,,,,,,,,,,,,,,,,,,,,814588,,,,,,,,,,,,,,,,,,
Q15149,Q11572564,,,,,,,,,,,,,,,,,,,,,,,,,,,,,,,,,,,,,,,,,,,,,
Q15151,Q11458938,,,,,,,,,,,,,,,,,,,,,,,,,,,,,,,,,,,,,,,,,,,,,
Q15152,Q29410947,,,,,,,,,,,,,,,,,,,,,,,,,,,,,,,,,,,,,,,,,,,,,
Q15158,Q5767343,,,,,,,,,,,,,,,,,,,,,,,,,,,,,,,,,,,,,,,,,,,,,
Q15164,Q11363142,,,,,,,,,,,,,,,,,,,,,,,,,,,,,,,,,,,,,,,,,,,,,
Q15165,Q11619203,,,,,,,,,,,,,,,,,,,,,,,,,,,,,,,,,,,,,,,,,,,,,
Q15169,Q11395354,,,,,,,,,,,,,,,,,,,,,,,,,,,,,,,,,,,,,,,,,,,,,
Q15172,Q11489585,,,,,,,,,,,,,,,,,,,,,,,,,,,,,,,,,,,,,,,,,,,,,
Q15173,Q19759041,,,,,,,,,,,,,,,,,,,,,,,,,,,,,,,,,,,,,,,,,,,,,
Q15174,Q11369384,,,,,,,,,,,,,,,,,,,,,,,,,,,,,,,,,,,,,,,,,,,,,
Q15179,Q17990299,,,,,,,,,,,,,,,,,,,,,,,,,,,,,,,,,,,,,,,,,,,,,
Q15180,Q18226191,,,,,,,,,,,,,,,,,,,,,,,,,,,,,,,,,,,,,,,,,,,,,
Q15181,Q106725515,,,,,,,,,,,,,,,,,,,,,,,,,,,,,,,,,,,,,,,,,,,,,
Q15186,Q18011445,,,,,,,,,,,,,,,,,,,,,,,,,,,,,,,,,,,,,,,,,,,,,
Q15187,Q2389281,,,,,,,,,,,,,,,,,,,,,,,,,,,,,,,,,,,,,,,,,,,,,
Q15188,Q11564312,,,,,,,,,,,,,,,,,,,,,,,,,,,,,,,,,,,,,,,,,,,,,I00523684
Q15196,Q27920520,,,,,,,,,,,,,,,,,,,,,,,,,,,,,,,,,,,,,,,,,,,,,
Q15199,Q604082,,,,,,,,,,,,,,,,,,,,,,,,,,,,,,,,,,,,,,,,,,,,,
Q15200,Q604058,,,,,,,,,,,,,,,,,,,,,,,,,,,,,,,,,,,,,,,,,,,,,
Q15207,Q11671374,,,,,,,,,,,,,,,,,,,,,,,,,,,,,,,,,,,,,,,,,,,,,
Q15217,Q239170,,,,,,,,,,,,,,,,,,,,,,,,,,,994331,,,,,,,,,,,,,,,,,Ashikaga-2,
Q15218,Q466287,,,,,,,,,,,,,,,,,,,,,,,,,,,994329,,,,,,,,,,,,,,,,,,
Q15221,Q11636805,,,,,,,,,,,,,,,,,,,,,,,,,,,,,,,,,,,,,,,,,,,,,
Q15240,Q497625,,,,,,,,,,,,,,,,,,,,,,,,,,,,,,,,,,,,,,,,,,,,,
Q15241,Q12605357,,,,,,,,,,,,,,,,,,,,,,,,,,,,,,,,,,,,,,,,,,,,,
Q15242,Q497667,,,,,,,,,,,,,,,,,,,,,,,,,,,,,,,,,,,,,,,,,,,,,
Q15243,Q28517726,,,,,,,,,,,,,,,,,,,,,,,,,,,,,,,,,,,,,,,,,,,,,
Q15244,Q84575461,,,,,,,,,,,,,,,,,,,,,,,,,,,,,,,,,,,,,,,,,,,,,
Q15245,Q488160,,,,,,,,,,,,,,,,,,,,,,,,,,,,,,,,,,,,,,,,,,,,,
Q15246,Q28503377,,,,,,,,,,,,,,,,,,,,,,,,,,,,,,,,,,,,,,,,,,,,,
Q15247,Q20780231,,,,,,,,,,,,,,,,,,,,,,,,,,,,,,,,,,,,,,,,,,,,,
Q15248,Q84511282,,,,,,,,,,,,,,,,,,,,,,,,,,,,,,,,,,,,,,,,,,,,,
Q15249,Q28527713,,,,,,,,,,,,,,,,,,,,,,,,,,,,,,,,,,,,,,,,,,,,,
Q15250,Q21059070,,,,,,,,,,,,,,,,,,,,,,,,,,,,,,,,,,,,,,,,,,,,,
Q15251,Q28527477,,,,,,,,,,,,,,,,,,,,,,,,,,,,,,,,,,,,,,,,,,,,,
Q15252,Q84686701,,,,,,,,,,,,,,,,,,,,,,,,,,,,,,,,,,,,,,,,,,,,,
Q15253,Q491150,,,,,,,,,,,,,,,,,,,,,,,,,,,,,,,,,,,,,,,,,,,,,
Q15254,Q12589015,,,,,,,,,,,,,,,,,,,,,,,,,,,,,,,,,,,,,,,,,,,,,
Q15255,Q124419127,,,,,,,,,,,,,,,,,,,,,,,,,,,,,,,,,,,,,,,,,,,,,
Q15256,Q28500895,,,,,,,,,,,,,,,,,,,,,,,,,,,,,,,,,,,,,,,,,,,,,
Q15257,Q84575596,,,,,,,,,,,,,,,,,,,,,,,,,,,,,,,,,,,,,,,,,,,,,
Q15258,Q486842,,,,,,,,,,,,,,,,,,,,,,,,,,,,,,,,,,,,,,,,,,,,,
Q15259,Q484700,,,,,,,,,,,,,,,,,,,,,,,,,,,,,,,,,,,,,,,,,,,,,
Q15260,Q83544796,,,,,,,,,,,,,,,,,,,,,,,,,,,,,,,,,,,,,,,,,,,,,
Q15262,Q22813470,,,,,,,,,,,,,,,,,,,,,,,,,,,,,,,,,,,,,,,,,,,,,
Q15263,Q45598202,,,,,,,,,,,,,,,,,,,,,,,,,,,,,,,,,,,,,,,,,,,,,
Q15264,Q45602206,,,,,,,,,,,,,,,,,,,,,,,,,,,,,,,,,,,,,,,,,,,,,
Q15265,Q45448932,,,,,,,,,,,,,,,,,,,,,,,,,,,,,,,,,,,,,,,,,,,,,
Q15266,Q16076725,,,,,,,,,,,,,,,,,,,,,,,,,,,,,,,,,,,,,,,,,,,,,
Q15270,Q11530761,,,,,,,,,,,,,,,,,,,,,,,,,,,,,,,,,,,,,,,,,,,,,
Q15273,Q11460868,,,,,,,,,,,,,,,,,,,,,,,,,,,,,,,,,,,,,,,,,,,,,
Q15277,Q966298,,,,,,,,,,,,,,,,,,,,,,,,,,,,,,,,,,,,,,,,,,,,,
Q15283,Q11359170,,,,,,,,,,,,,,,,,,,,,,,,,,,,,,,,,,,,,,,,,,,,,
Q15285,Q11359172,,,,,,,,,,,,,,,,,,,,,,,,,,,,,,,,,,,,,,,,,,,,,
Q15293,Q11636753,,,,,,,,,,,,,,,,,,,,,,,,,,,,,,,,,,,,,,,,,,,,,
Q15295,Q11561608,,,,,,,,,,,,,,,,,,,,,,,,,,,,,,,,,,,,,,,,,,,,,
Q15296,Q109362616,,,,,,,,,,,,,,,,,,,,,,,,,,,,,,,,,,,,,,,,,,,,,
Q15297,Q11467608,,,,,,,,,,,,,,,,,,,,,,,,,,,,,,,,,,,,,,,,,,,,,
Q15302,Q11467607,,,,,,,,,,,,,,,,,,,,,,,,,,,,,,,,,,,,,,,,,,,,,
Q15306,Q11474309,,,,,,,,,,,,,,,,,,,,,,,,,,,,,,,,,,,,,,,,,,,,,
Q15308,Q11561596,,,,,,,,,,,,,,,,,,,,,,,,,,,,,,,,,,,,,,,,,,,,,
Q15309,Q4307089,,,,,,,,,,,,,,,,,,,,,,,,,,,,,,,,,,,,,,,,,,,,,
Q15310,Q11636791,,,,,,,,,,,,,,,,,,,,,,,,,,,,,,,,,,,,,,,,,,,,,
Q15311,Q11636793,,,,,,,,,,,,,,,,,,,,,,,,,,,,,,,,,,,,,,,,,,,,,
Q15312,Q11636794,,,,,,,,,,,,,,,,,,,,,,,,,,,,,,,,,,,,,,,,,,,,,
Q15313,Q109364003,,,,,,,,,,,,,,,,,,,,,,,,,,,,,,,,,,,,,,,,,,,,,
Q15314,Q11500872,,,,,,,,,,,,,,,,,,,,,,,,,,,,,,,,,,,,,,,,,,,,,
Q15316,Q17212584,,,,,,,,,,,,,,,,,,,,,,,,,,,,,,,,,,,,,,,,,,,,,
Q15318,Q11091681,,,,,,,,,,,,,,,,,,,,,,,,,,,,,,,,,,,,,,,,,,,,,
Q15320,Q11392546,,,,,,,,,,,,,,,,,,,,,,,,,,,,,,,,,,,,,,,,,,,,,
Q15324,Q11464929,,,,,,,,,,,,,,,,,,,,,,,,,,,,,,,,,,,,,,,,,,,,,
Q15327,Q11635726,,,,,,,,,,,,,,,,,,,,,,,,,,,,,,,,,,,,,,,,,,,,,
Q15333,Q11414239,,,,,,,,,,,,,,,,,,,,,,,,,,,,,,,,,,,,,,,,,,,,,
Q15335,Q11376926,,,,,,,,,,,,,,,,,,,,,,,,,,,,,,,,,,,,,,,,,,,,,
Q15337,Q11353132,,,,,,,,,,,,,,,,,,,,,,,,,,,,,,,,,,,,,,,,,,,,,
Q15339,Q11612130,,,,,,,,,,,,,,,,,,,,,,,,,,,,,,,,,,,,,,,,,,,,,
Q15342,Q11405929,,,,,,,,,,,,,,,,,,,,,,,,,,,,,,,,,,,,,,,,,,,,,
Q15343,Q11667823,,,,,,,,,,,,,,,,,,,,,,,,,,,,,,,,,,,,,,,,,,,,,
Q15351,Q11636786,,,,,,,,,,,,,,,,,,,,,,,,,,,,,,,,,,,,,,,,,,,,,
Q15352,Q38278646,,,,,,,,,,,,,,,,,,,,,,,,,,,,,,,,,,,,,,,,,,,,,
Q15353,Q11449764,,,,,,,,,,,,,,,,,,,,,,,,,,,,,,,,,,,,,,,,,,,,,
Q15357,Q11449762,,,,,,,,,,,,,,,,,,,,,,,,,,,,,,,,,,,,,,,,,,,,,
Q15358,Q11603880,,,,,,,,,,,,,,,,,,,,,,,,,,,,,,,,,,,,,,,,,,,,,
Q15363,Q11620937,,,,,,,,,,,,,,,,,,,,,,,,,,,,,,,,,,,,,,,,,,,,,
Q15368,Q108418371,,,,,,,,,,,,,,,,,,,,,,,,,,,,,,,,,,,,,,,,,,,,,
Q15370,Q3135338,,,,,,,,,,,,,,,,,,,,,,,,,,,805050,,,,,,,,,,,,,,,,,,
Q15375,Q10345501,,,,,,,,,,,,,,,,,,,,,,,,,,,,,,,,,,,,,,,,,,,,,
Q15381,Q11406115,,,,,,,,,,,,,,,,,,,,,,,,,,,,,,,,,,,,,,,,,,,,,
Q15393,Q3100078,,,,,,,,,,,,,,,,,,,,,,,,,,,,,,,,,,,,,,,,,,,,,
Q15394,Q11376934,,,,,,,,,,,,,,,,,,,,,,,,,,,,,,,,,,,,,,,,,,,,,
Q15395,Q3387863,,,,,,,,,,,,,,,,,,,,,,,,,,,,,,,,,,,,,,,,,,,,,
Q15396,Q11560482,,,,,,,,,,,,,,,,,,,,,,,,,,,,,,,,,,,,,,,,,,,,,
Q15399,Q662482,,,,,,,,,,8207641,,,,,,,,,,,,,,,,,,,,,,,,,,,,,,,,,,,
Q15404,Q11406760,,,,,,,,,,,,,,,,,,,,,,,,,,,,,,,,,,,,,,,,,,,,,
Q15406,Q11644669,,,,,,,,,,,,,,,,,,,,,,,,,,,,,,,,,,,,,,,,,,,,里見-4,
Q15407,Q10260145,,,,,,,,,,,,,,,,,,,,,,,,,,,,,,,,,,,,,,,,,,,,,
Q15408,Q3572692,,,,,,,,,,,,,,,,,,,,,,,,,,,,,,,,,,,,,,,,,,,,,
Q15409,Q11401648,,,,,,,,,,,,,,,,,,,,,,,,,,,,,,,,,,,,,,,,,,,,,
Q15415,Q106653129,,,,,,,,,,,,,,,,,,,,,,,,,,,,,,,,,,,,,,,,,,,,,
Q15417,Q11365014,,,,,,,,,,,,,,,,,,,,,,,,,,,,,,,,,,,,,,,,,,,,,
Q15421,Q11518035,,,,,,,,,,,,,,,,,,,,,,,,,,,,,,,,,,,,,,,,,,,,木下-4,
Q15423,Q838180,,,,,,,,,,,,,,,,,,,,,,,,,,,,,,,,,,,,,,,,,,,,,
Q15424,Q1191183,,,,,,,,,,,,,,,,,,,,,,,,,,,,,,,,,,,,,,,,,,,,,
Q15425,Q5353767,,,,,,,,,,,,,,,,,,,,,,,,,,,,,,,,,,,,,,,,,,,,木下-2,
Q15426,Q1146603,,,,,,,,,,,,,,,,,,,,,,,,,,,,,,,,,,,,,,,,,,,,杉原-6,
Q15427,Q247408,,,,,,,,,,,,,,,,,,,,,,,,,,,,,,,,,,,,,,,,,,,,浅井-5,
Q15429,Q6347693,,,,,,,,,,,,,,,,,,,,,,,,,,,,,,,,,,,,,,,,,,,,成田-2,
Q15432,Q11407317,,,,,,,,,,,,,,,,,,,,,,,,,,,,,,,,,,,,,,,,,,,,,
Q15433,Q9475948,,,,,,,,,,,,,,,,,,,,,,,,,,,,,,,,,,,,,,,,,,,,,
Q15434,Q11447554,,,,,,,,,,,,,,,,,,,,,,,,,,,,,,,,,,,,,,,,,,,,,
Q15435,Q11485492,,,,,,,,,,,,,,,,,,,,,,,,,,,,,,,,,,,,,,,,,,,,,
Q15438,Q313641,,,,,,,,,,,,,,,,,,,,,,,,,,,,,,,,,,,,,,,,,,,,豊臣-2,
Q15439,Q8011153,,,,,,,,,,,,,,,,,,,,,,,,,,,,,,,,,,,,,,,,,,,,,
Q15440,Q11610207,,,,,,,,,,,,,,,,,,,,,,,,,,,,,,,,,,,,,,,,,,,,,
Q15441,Q1064935,,,,,,,,,,,,,,,,,,,,,,,,,,,,,,,,,,,,,,,,,,,,松平-12,
Q15442,Q5366163,,,,,,,,,,,,,,,,,,,,,,,,,,,,,,,,,,,,,,,,,,,,水野-5,
Q15443,Q11430628,,,,,,,,,,,,,,,,,,,,,,,,,,,,,,,,,,,,,,,,,,,,久松-9,
Q15444,Q11480092,,,,,,,,,,,,,,,,,,,,,,,,,,,,,,,,,,,,,,,,,,,,,
Q15445,Q10729351,,,,,,,,,,,,,,,,,,,,,,,,,,,,,,,,,,,,,,,,,,,,,
Q15446,Q10729352,,,,,,,,,,,,,,,,,,,,,,,,,,,,,,,,,,,,,,,,,,,,久松-5,
Q15447,Q3136471,,,,,,,,,,,,,,,,,,,,,,,,,,,,,,,,,,,,,,,,,,,,久松-7,
Q15448,Q4415657,,,,,,,,,,,,,,,,,,,,,,,,,,,,,,,,,,,,,,,,,,,,関口-1,
Q15449,Q11360827,,,,,,,,,,,,,,,,,,,,,,,,,,,,,,,,,,,,,,,,,,,,秋山-1,
Q15453,Q6470026,,,,,,,,,,,,,,,,,,,,,,,,,,,,,,,,,,,,,,,,,,,,Unknown-405026,
Q15454,Q10502504,,,,,,,,,,,,,,,,,,,,,,,,,,,,,,,,,,,,,,,,,,,,,
Q15455,Q10564976,,,,,,,,,,,,,,,,,,,,,,,,,,,,,,,,,,,,,,,,,,,,飯田-16,
Q15456,Q10436552,,,,,,,,,,,,,,,,,,,,,,,,,,,,,,,,,,,,,,,,,,,,志水-1,I00523404
Q15457,Q10523145,,,,,,,,,,,,,,,,,,,,,,,,,,,,,,,,,,,,,,,,,,,,,
Q15459,Q24876321,,,,,,,,,,,,,,,,,,,,,,,,,,,,,,,,,,,,,,,,,,,,,
Q15460,Q24875887,,,,,,,,,,,,,,,,,,,,,,,,,,,,,,,,,,,,,,,,,,,,,
Q15461,Q24875845,,,,,,,,,,,,,,,,,,,,,,,,,,,,,,,,,,,,,,,,,,,,,
Q15462,Q24865819,,,,,,,,,,,,,,,,,,,,,,,,,,,,,,,,,,,,,,,,,,,,,
Q15463,Q24875863,,,,,,,,,,,,,,,,,,,,,,,,,,,,,,,,,,,,,,,,,,,,,
Q15464,Q24876162,,,,,,,,,,,,,,,,,,,,,,,,,,,,,,,,,,,,,,,,,,,,,
Q15468,Q1188704,,,,,,,,,,,,,,,,,,,,,,,,,,,,,,,,,,,,,,,,,,,,松平-77,
Q15471,Q1133215,,,,,,,,,,,,,,,,,,,,,,,,,,,,,,,,,,,,,,,,,,,,,
Q15472,Q837867,,,,,,,,,,,,,,,,,,,,,,,,,,,,,,,,,,,,,,,,,,,,松平-10,
Q15473,Q4489936,,,,,,,,,,,,,,,,,,,,,,,,,,,,,,,,,,,,,,,,,,,,松平-120,
Q15474,Q4489943,,,,,,,,,,,,,,,,,,,,,,,,,,,,,,,,,,,,,,,,,,,,,
Q15475,Q1136186,,,,,,,,,,,,,,,,,,,,,,,,,,,,,,,,,,,,,,,,,,,,徳川-12,I00523402
Q15476,Q1045763,,,,,,,,,,,,,,,,,,,,,,,,,,,,,,,,,,,,,,,,,,,,徳川-7,
Q15477,Q1133680,,,,,,,,,,,,,,,,,,,,,,,,,,,,,,,,,,,,,,,,,,,,徳川-3,
Q15478,Q4489959,,,,,,,,,,,,,,,,,,,,,,,,,,,,,,,,,,,,,,,,,,,,松平-118,
Q15479,Q3276029,,,,,,,,,,,,,,,,,,,,,,,,,,,,,,,,,,,,,,,,,,,,松平-119,
Q15480,Q4489975,,,,,,,,,,,,,,,,,,,,,,,,,,,,,,,,,,,,,,,,,,,,徳川-93,
Q15482,Q5367216,,,,,,,,,,,,,,,,,,,,,,,,,,,,,,,,,,,,,,,,,,,,,
Q15483,Q10345259,,,,,,,,,,,,,,,,,,,,,,,,,,,,,,,,,,,,,,,,,,,,,
Q15484,Q11418573,,,,,,,,,,,,,,,,,,,,,,,,,,,,,,,,,,,,,,,,,,,,,
Q15486,Q11550345,,,,,,,,,,,,,,,,,,,,,,,,,,,,,,,,,,,,,,,,,,,,,
Q15487,Q118697842,,,,,,,,,,,,,,,,,,,,,,,,,,,,,,,,,,,,,,,,,,,,,
Q15489,Q11467562,,,,,,,,,,,,,,,,,,,,,,,,,,,,,,,,,,,,,,,,,,,,,
Q15490,Q11651840,,,,,,,,,,,,,,,,,,,,,,,,,,,,,,,,,,,,,,,,,,,,,
Q15502,Q111254220,,,,,,,,,,,,,,,,,,,,,,,,,,,,,,,,,,,,,,,,,,,,,
Q15507,Q7138674,,,,,,,,,,,,,,,,,,,,,,,,,,,,,,,,,,,,,,,,,,,,,
Q15514,Q11500855,,,,,,,,,,,,,,,,,,,,,,,,,,,,,,,,,,,,,,,,,,,,,
Q15517,Q11423391,,,,,,,,,,,,,,,,,,,,,,,,,,,,,,,,,,,,,,,,,,,,,
Q15518,Q11376948,,,,,,,,,,,,,,,,,,,,,,,,,,,,,,,,,,,,,,,,,,,,,
Q15522,Q3530465,,,,,,,,,,,,,,,,,,,,,,,,,,,,,,,,,,,,,,,,,,,,,
Q15524,Q11423358,,,,,,,,,,,,,,,,,,,,,,,,,,,,,,,,,,,,,,,,,,,,,
Q15526,Q11368647,,,,,,,,,,,,,,,,,,,,,,,,,,,,,,,,,,,,,,,,,,,,,
Q15527,Q11353120,,,,,,,,,,,,,,,,,,,,,,,,,,,,,,,,,,,,,,,,,,,,,
Q15530,Q6640048,,,,,,,,,,,,,,,,,,,,,,,,,,,,,,,,,,,,,,,,,,,,,
Q15531,Q11546094,,,,,,,,,,,,,,,,,,,,,,,,,,,,,,,,,,,,,,,,,,,,,
Q15536,Q11408609,,,,,,,,,,,,,,,,,,,,,,,,,,,,,,,,,,,,,,,,,,,,,
Q15537,Q11371628,,,,,,,,,,,,,,,,,,,,,,,,,,,,,,,,,,,,,,,,,,,,,
Q15541,Q11578656,,,,,,,,,,,,,,,,,,,,,,,,,,,,,,,,,,,,,,,,,,,,,
Q15543,Q11246585,,,,,,,,,,,,,,,,,,,,,,,,,,,,,,,,,,,,,,,,,,,,,
Q15544,Q11476798,,,,,,,,,,,,,,,,,,,,,,,,,,,,,,,,,,,,,,,,,,,,,
Q15545,Q11246183,,,,,,,,,,,,,,,,,,,,,,,,,,,,,,,,,,,,,,,,,,,,,
Q15555,Q108716823,,,,,,,,,,,,,,,,,,,,,,,,,,,,,,,,,,,,,,,,,,,,,
Q15556,Q108781716,,,,,,,,,,,,,,,,,,,,,,,,,,,,,,,,,,,,,,,,,,,,,
Q15560,Q18457302,,,,,,,,,,,,,,,,,,,,,,,,,,,,,,,,,,,,,,,,,,,,,
Q15566,Q3198726,,,,,,,,,,,,,,,,,,,,,,,,,,,805047,,,,,,,,,,,,,,,,,,
Q15568,Q18457240,,,,,,,,,,,,,,,,,,,,,,,,,,,,,,,,,,,,,,,,,,,,,
Q15581,Q60989729,,,,,,,,,,,,,,,,,,,,,,,,,,,,,,,,,,,,,,,,,,,,,
Q15586,Q11605876,,,,,,,,,,,,,,,,,,,,,,,,,,,,,,,,,,,,,,,,,,,,,
Q15589,Q5908193,,,,,,,,,,,,,,,,,,,,,,,,,,,,,,,,,,,,,,,,,,,,,
Q15590,Q11605870,,,,,,,,,,,,,,,,,,,,,,,,,,,,,,,,,,,,,,,,,,,,,
Q15591,Q11606022,,,,,,,,,,,,,,,,,,,,,,,,,,,,,,,,,,,,,,,,,,,,,
Q15598,Q18336856,,,,,,,,,,,,,,,,,,,,,,,,,,,,,,,,,,,,,,,,,,,,,
Q15600,Q11555877,,,,,,,,,,,,,,,,,,,,,,,,,,,,,,,,,,,,,,,,,,,,,
Q15609,Q27920709,,,,,,,,,,,,,,,,,,,,,,,,,,,,,,,,,,,,,,,,,,,,,
Q15611,Q20040425,,,,,,,,,,,,,,,,,,,,,,,,,,,,,,,,,,,,,,,,,,,,,
Q15616,Q11503772,,,,,,,,,,,,,,,,,,,,,,,,,,,,,,,,,,,,,,,,,,,,,
Q15625,Q47470090,,,,,,,,,,,,,,,,,,,,,,,,,,,,,,,,,,,,,,,,,,,,,
Q15627,Q24860544,,,,,,,,,,,,,,,,,,,,,,,,,,,,,,,,,,,,,,,,,,,,,
Q15640,Q11395351,,,,,,,,,,,,,,,,,,,,,,,,,,,,,,,,,,,,,,,,,,,,,
Q15644,Q11489573,,,,,,,,,,,,,,,,,,,,,,,,,,,,,,,,,,,,,,,,,,,,,
Q15645,Q11369373,,,,,,,,,,,,,,,,,,,,,,,,,,,,,,,,,,,,,,,,,,,,,
Q15649,Q11574316,,,,,,,,,,,,,,,,,,,,,,,,,,,,,,,,,,,,,,,,,,,,,
Q15653,Q24863995,,,,,,,,,,,,,,,,,,,,,,,,,,,,,,,,,,,,,,,,,,,,,
Q15654,Q3514216,,,,,,,,,,,,,,,,,,,,,,,,,,,,,,,,,,,,,,,,,,,,,
Q15655,Q106708896,,,,,,,,,,,,,,,,,,,,,,,,,,,,,,,,,,,,,,,,,,,,,
Q15661,Q24859663,,,,,,,,,,,,,,,,,,,,,,,,,,,,,,,,,,,,,,,,,,,,,
Q15663,Q11510634,,,,,,,,,,,,,,,,,,,,,,,,,,,,,,,,,,,,,,,,,,,,,I00719904
Q15668,Q11460430,,,,,,,,,,,,,,,,,,,,,,,,,,,,,,,,,,,,,,,,,,,,,
Q15669,Q10885148,,,,,,,,,,,,,,,,,,,,,,,,,,,,,,,,,,,,,,,,,,,,,
Q15672,Q11510652,,,,,,,,,,,,,,,,,,,,,,,,,,,,,,,,,,,,,,,,,,,,,
Q15675,Q641687,,,,,,,,,,,,,,,,,,,,,,,,,,,,,,,,,,,,,,,,,,,,,
Q15676,Q11510654,,,,,,,,,,,,,,,,,,,,,,,,,,,,,,,,,,,,,,,,,,,,,
Q15680,Q455351,,,,,,,,,,,,,,,,,,,,,,,,,,,994332,,,,,,,,,,,,,,,,,Ashikaga-1,
Q15681,Q447034,,,,,,,,,,,,,,,,,,,,,,,,,,,994333,,,,,,,,,,,,,,,,,,
Q15682,Q848826,,,,,,,,,,,,,,,,,,,,,,,,,,,994335,,,,,,,,,,,,,,,,,,
Q15683,Q11636787,,,,,,,,,,,,,,,,,,,,,,,,,,,994334,,,,,,,,,,,,,,,,,,
Q15684,Q128851755,,,,,,,,,,,,,,,,,,,,,,,,,,,,,,,,,,,,,,,,,,,,,
Q15685,Q15838916,,,,,,,,,,,,,,,,,,,,,,,,,,,,,,,,,,,,,,,,,,,,,
Q15686,Q465901,,,,,,,,,,,,,,,,,,,,,,,,,,,994330,,,,,,,,,,,,,,,,,,
Q15687,Q110824758,,,,,,,,,,,,,,,,,,,,,,,,,,,,,,,,,,,,,,,,,,,,,
Q15704,Q497601,,,,,,,,,,,,,,,,,,,,,,,,,,,,,,,,,,,,,,,,,,,,,
Q15706,Q12585361,,,,,,,,,,,,,,,,,,,,,,,,,,,,,,,,,,,,,,,,,,,,,
Q15707,Q28503062,,,,,,,,,,,,,,,,,,,,,,,,,,,,,,,,,,,,,,,,,,,,,
Q15708,Q28501390,,,,,,,,,,,,,,,,,,,,,,,,,,,,,,,,,,,,,,,,,,,,,
Q15709,Q85875588,,,,,,,,,,,,,,,,,,,,,,,,,,,,,,,,,,,,,,,,,,,,,
Q15710,Q485125,,,,,,,,,,,,,,,,,,,,,,,,,,,,,,,,,,,,,,,,,,,,,
Q15711,Q28503871,,,,,,,,,,,,,,,,,,,,,,,,,,,,,,,,,,,,,,,,,,,,,
Q15712,Q485837,,,,,,,,,,,,,,,,,,,,,,,,,,,,,,,,,,,,,,,,,,,,,
Q15713,Q28503526,,,,,,,,,,,,,,,,,,,,,,,,,,,,,,,,,,,,,,,,,,,,,
Q15714,Q28503231,,,,,,,,,,,,,,,,,,,,,,,,,,,,,,,,,,,,,,,,,,,,,
Q15715,Q16163180,,,,,,,,,,,,,,,,,,,,,,,,,,,,,,,,,,,,,,,,,,,,,
Q15716,Q484914,,,,,,,,,,,,,,,,,,,,,,,,,,,,,,,,,,,,,,,,,,,,,
Q15717,Q21060899,,,,,,,,,,,,,,,,,,,,,,,,,,,,,,,,,,,,,,,,,,,,,
Q15718,Q485847,,,,,,,,,,,,,,,,,,,,,,,,,,,,,,,,,,,,,,,,,,,,,
Q15719,Q485815,,,,,,,,,,,,,,,,,,,,,,,,,,,,,,,,,,,,,,,,,,,,,
Q15720,Q281064,,,,,,,,,,,,,,,,,,,,,,,,,,,,,,,,,,,,,,,,,,,,,
Q15721,Q24856608,,,,,,,,,,,,,,,,,,,,,,,,,,,,,,,,,,,,,,,,,,,,,
Q15722,Q84687880,,,,,,,,,,,,,,,,,,,,,,,,,,,,,,,,,,,,,,,,,,,,,
Q15723,Q83544802,,,,,,,,,,,,,,,,,,,,,,,,,,,,,,,,,,,,,,,,,,,,,
Q15724,Q11098362,,,,,,,,,,,,,,,,,,,,,,,,,,,,,,,,,,,,,,,,,,,,,
Q15725,Q45475245,,,,,,,,,,,,,,,,,,,,,,,,,,,,,,,,,,,,,,,,,,,,,
Q15726,Q45475309,,,,,,,,,,,,,,,,,,,,,,,,,,,,,,,,,,,,,,,,,,,,,
Q15727,Q45475373,,,,,,,,,,,,,,,,,,,,,,,,,,,,,,,,,,,,,,,,,,,,,
Q15728,Q45475438,,,,,,,,,,,,,,,,,,,,,,,,,,,,,,,,,,,,,,,,,,,,,
Q15729,Q45448994,,,,,,,,,,,,,,,,,,,,,,,,,,,,,,,,,,,,,,,,,,,,,
Q15732,Q97613639,,,,,,,,,,,,,,,,,,,,,,,,,,,,,,,,,,,,,,,,,,,,,
Q15741,Q382234,,,,,,,,,,,,,,,,,,,,,,,,,,,,,,,,,,,,,,,,,,,,,
Q15742,Q11541199,,,,,,,,,,,,,,,,,,,,,,,,,,,,,,,,,,,,,,,,,,,,,
Q15743,Q11541193,,,,,,,,,,,,,,,,,,,,,,,,,,,,,,,,,,,,,,,,,,,,,
Q15747,Q1186679,,,,,,,,,,,,,,,,,,,,,,,,,,,,,,,,,,,,,,,,,,,,,
Q15748,Q1186698,,,,,,,,,,,,,,,,,,,,,,,,,,,,,,,,,,,,,,,,,,,,,
Q15753,Q674269,,,,,,,,,,,,,,,,,,,,,,,,,,,,,,,,,,,,,,,,,,,,,
Q15754,Q11359169,,,,,,,,,,,,,,,,,,,,,,,,,,,,,,,,,,,,,,,,,,,,,
Q15755,Q11383421,,,,,,,,,,,,,,,,,,,,,,,,,,,,,,,,,,,,,,,,,,,,,
Q15766,Q11672980,,,,,,,,,,,,,,,,,,,,,,,,,,,,,,,,,,,,,,,,,,,,,
Q15767,Q15838920,,,,,,,,,,,,,,,,,,,,,,,,,,,,,,,,,,,,,,,,,,,,,
Q15768,Q15838921,,,,,,,,,,,,,,,,,,,,,,,,,,,,,,,,,,,,,,,,,,,,,
Q15769,Q11636807,,,,,,,,,,,,,,,,,,,,,,,,,,,,,,,,,,,,,,,,,,,,,
Q15770,Q11636808,,,,,,,,,,,,,,,,,,,,,,,,,,,,,,,,,,,,,,,,,,,,,
Q15771,Q11467586,,,,,,,,,,,,,,,,,,,,,,,,,,,,,,,,,,,,,,,,,,,,,
Q15772,Q11467587,,,,,,,,,,,,,,,,,,,,,,,,,,,,,,,,,,,,,,,,,,,,,
Q15773,Q11467591,,,,,,,,,,,,,,,,,,,,,,,,,,,,,,,,,,,,,,,,,,,,,
Q15774,Q11467570,,,,,,,,,,,,,,,,,,,,,,,,,,,,,,,,,,,,,,,,,,,,,
Q15775,Q11467585,,,,,,,,,,,,,,,,,,,,,,,,,,,,,,,,,,,,,,,,,,,,,
Q15776,Q62085099,,,,,,,,,,,,,,,,,,,,,,,,,,,,,,,,,,,,,,,,,,,,,
Q15777,Q11467628,,,,,,,,,,,,,,,,,,,,,,,,,,,,,,,,,,,,,,,,,,,,,
Q15782,Q107180659,,,,,,,,,,,,,,,,,,,,,,,,,,,,,,,,,,,,,,,,,,,,,
Q15787,Q11474321,,,,,,,,,,,,,,,,,,,,,,,,,,,,,,,,,,,,,,,,,,,,,
Q15788,Q106774364,,,,,,,,,,,,,,,,,,,,,,,,,,,,,,,,,,,,,,,,,,,,,
Q15792,Q11449604,,,,,,,,,,,,,,,,,,,,,,,,,,,,,,,,,,,,,,,,,,,,,
Q15793,Q11636784,,,,,,,,,,,,,,,,,,,,,,,,,,,,,,,,,,,,,,,,,,,,,
Q15794,Q4805073,,,,,,,,,,,,,,,,,,,,,,,,,,,,,,,,,,,,,,,,,,,,,
Q15796,Q11500866,,,,,,,,,,,,,,,,,,,,,,,,,,,,,,,,,,,,,,,,,,,,,
Q15797,Q11500871,,,,,,,,,,,,,,,,,,,,,,,,,,,,,,,,,,,,,,,,,,,,,
Q15798,Q11500854,,,,,,,,,,,,,,,,,,,,,,,,,,,,,,,,,,,,,,,,,,,,,
Q15801,Q11561595,,,,,,,,,,,,,,,,,,,,,,,,,,,,,,,,,,,,,,,,,,,,,
Q15802,Q11515454,,,,,,,,,,,,,,,,,,,,,,,,,,,,,,,,,,,,,,,,,,,,,
Q15803,Q11392514,,,,,,,,,,,,,,,,,,,,,,,,,,,,,,,,,,,,,,,,,,,,,
Q15804,Q11392537,,,,,,,,,,,,,,,,,,,,,,,,,,,,,,,,,,,,,,,,,,,,,
Q15805,Q11392541,,,,,,,,,,,,,,,,,,,,,,,,,,,,,,,,,,,,,,,,,,,,,
Q15808,Q11464916,,,,,,,,,,,,,,,,,,,,,,,,,,,,,,,,,,,,,,,,,,,,,
Q15809,Q2828933,,,,,,,,,,,,,,,,,,,,,,,,,,,,,,,,,,,,,,,,,,,,,
Q15810,Q11635732,,,,,,,,,,,,,,,,,,,,,,,,,,,,,,,,,,,,,,,,,,,,,
Q15811,Q11635710,,,,,,,,,,,,,,,,,,,,,,,,,,,,,,,,,,,,,,,,,,,,,
Q15814,Q11516822,,,,,,,,,,,,,,,,,,,,,,,,,,,,,,,,,,,,,,,,,,,,,
Q15819,Q2496284,,,,,,,,,,,,,,,,,,,,,,,,,,,,,,,,,,,,,,,,,,,,,
Q15823,Q7140166,,,,,,,,,,,,,,,,,,,,,,,,,,,,,,,,,,,,,,,,,,,,,
Q15824,Q11561601,,,,,,,,,,,,,,,,,,,,,,,,,,,,,,,,,,,,,,,,,,,,,
Q15825,Q11414261,,,,,,,,,,,,,,,,,,,,,,,,,,,,,,,,,,,,,,,,,,,,,
Q15828,Q11414236,,,,,,,,,,,,,,,,,,,,,,,,,,,,,,,,,,,,,,,,,,,,,
Q15829,Q11376939,,,,,,,,,,,,,,,,,,,,,,,,,,,,,,,,,,,,,,,,,,,,,
Q15830,Q11353115,,,,,,,,,,,,,,,,,,,,,,,,,,,,,,,,,,,,,,,,,,,,,
Q15831,Q11353157,,,,,,,,,,,,,,,,,,,,,,,,,,,,,,,,,,,,,,,,,,,,,
Q15832,Q11353113,,,,,,,,,,,,,,,,,,,,,,,,,,,,,,,,,,,,,,,,,,,,,
Q15834,Q11606023,,,,,,,,,,,,,,,,,,,,,,,,,,,,,,,,,,,,,,,,,,,,,
Q15836,Q11406734,,,,,,,,,,,,,,,,,,,,,,,,,,,,,,,,,,,,,,,,,,,,,
Q15837,Q11406737,,,,,,,,,,,,,,,,,,,,,,,,,,,,,,,,,,,,,,,,,,,,,
Q15839,Q11406767,,,,,,,,,,,,,,,,,,,,,,,,,,,,,,,,,,,,,,,,,,,,,
Q15853,Q4306913,,,,,,,,,,,,,,,,,,,,,,,,,,,,,,,,,,,,,,,,,,,,,
Q15854,Q11359255,,,,,,,,,,,,,,,,,,,,,,,,,,,,,,,,,,,,,,,,,,,,,
Q15855,Q11449779,,,,,,,,,,,,,,,,,,,,,,,,,,,,,,,,,,,,,,,,,,,,,
Q15856,Q11428892,,,,,,,,,,,,,,,,,,,,,,,,,,,,,,,,,,,,,,,,,,,,,
Q15863,Q10146529,,,,,,,,,,,,,,,,,,,,,,,,,,,,,,,,,,,,,,,,,,,,,
Q15866,Q11603873,,,,,,,,,,,,,,,,,,,,,,,,,,,,,,,,,,,,,,,,,,,,,
Q15869,Q11379104,,,,,,,,,,,,,,,,,,,,,,,,,,,,,,,,,,,,,,,,,,,,,
Q15871,Q106652999,,,,,,,,,,,,,,,,,,,,,,,,,,,,,,,,,,,,,,,,,,,,,
Q15879,Q108423197,,,,,,,,,,,,,,,,,,,,,,,,,,,,,,,,,,,,,,,,,,,,,
Q15884,Q17211631,,,,,,,,,,,,,,,,,,,,,,,,,,,,,,,,,,,,,,,,,,,,,
Q15887,Q6378191,,,,,,,,,,,,,,,,,,,,,,,,,,,,,,,,,,,,,,,,,,,,,
Q15890,Q367532,,,,,,,,,,,,,,,,,,,,,,,,,,,,,,,,,,,,,,,,,,,,,
Q15892,Q11489591,,,,,,,,,,,,,,,,,,,,,,,,,,,,,,,,,,,,,,,,,,,,,
Q15893,Q7137355,,,,,,,,,,,,,,,,,,,,,,,,,,,,,,,,,,,,,,,,,,,,,
Q15894,Q3073096,,,,,,,,,,,,,,,,,,,,,,,,,,,805052,,,,,,,,,,,,,,,,,近衛-21,
Q15895,Q642656,,,,,,,,,,,,,,,,,,,,,,,,,,,,,,,,,,,,,,,,,,,,,
Q15898,Q11489576,,,,,,,,,,,,,,,,,,,,,,,,,,,,,,,,,,,,,,,,,,,,,
Q15902,Q11545523,,,,,,,,,,,,,,,,,,,,,,,,,,,,,,,,,,,,,,,,,,,,正木-2,
Q15908,Q276404,,,,,,,,,,8207618,,,,,,,,,,,,,,,,,,,,,,,,,,,,,,,,,,武田-6,
Q15911,Q11124800,,,,,,,,,,,,,,,,,,,,,,,,,,,,,,,,,,,,,,,,,,,,,
Q15912,Q4168137,,,,,,,,,,,,,,,,,,,,,,,,,,,,,,,,,,,,,,,,,,,,,
Q15913,Q6582131,,,,,,,,,,,,,,,,,,,,,,,,,,,,,,,,,,,,,,,,,,,,,
Q15914,Q6639678,,,,,,,,,,,,,,,,,,,,,,,,,,,,,,,,,,,,,,,,,,,,,
Q15915,Q6639684,,,,,,,,,,,,,,,,,,,,,,,,,,,,,,,,,,,,,,,,,,,,,
Q15918,Q6639853,,,,,,,,,,,,,,,,,,,,,,,,,,,,,,,,,,,,,,,,,,,,,
Q15919,Q837273,,,,,,,,,,,,,,,,,,,,,,,,,,,,,,,,,,,,,,,,,,,,,
Q15922,Q11406776,,,,,,,,,,,,,,,,,,,,,,,,,,,,,,,,,,,,,,,,,,,,,
Q15926,Q11624779,,,,,,,,,,,,,,,,,,,,,,,,,,,,,,,,,,,,,,,,,,,,,
Q15928,Q118697825,,,,,,,,,,,,,,,,,,,,,,,,,,,,,,,,,,,,,,,,,,,,,
Q15931,Q11376932,,,,,,,,,,,,,,,,,,,,,,,,,,,,,,,,,,,,,,,,,,,,,
Q15932,Q6958482,,,,,,,,,,,,,,,,,,,,,,,,,,,,,,,,,,,,,,,,,,,,,
Q15933,Q1068004,,,,,,,,,,,,,,,,,,,,,,,,,,,,,,,,,,,,,,,,,,,,,
Q15934,Q1376605,,,,,,,,,,,,,,,,,,,,,,,,,,,,,,,,,,,,,,,,,,,,,
Q15936,Q11642024,,,,,,,,,,,,,,,,,,,,,,,,,,,,,,,,,,,,,,,,,,,,,
Q15937,Q5369237,,,,,,,,,,,,,,,,,,,,,,,,,,,,,,,,,,,,,,,,,,,,,
Q15938,Q6639650,,,,,,,,,,,,,,,,,,,,,,,,,,,,,,,,,,,,,,,,,,,,,
Q15942,Q11070108,,,,,,,,,,,,,,,,,,,,,,,,,,,,,,,,,,,,,,,,,,,,,
Q15945,Q11405932,,,,,,,,,,,,,,,,,,,,,,,,,,,,,,,,,,,,,,,,,,,,,
Q15946,Q10904976,,,,,,,,,,,,,,,,,,,,,,,,,,,,,,,,,,,,,,,,,,,,,
Q15950,Q11070343,,,,,,,,,,,,,,,,,,,,,,,,,,,,,,,,,,,,,,,,,,,,,
Q15951,Q5366204,,,,,,,,,,,,,,,,,,,,,,,,,,,,,,,,,,,,,,,,,,,,里見-1,
Q15952,Q936567,,,,,,,,,,,,,,,,,,,,,,,,,,,,,,,,,,,,,,,,,,,,里見-2,
Q15953,Q11644664,,,,,,,,,,,,,,,,,,,,,,,,,,,,,,,,,,,,,,,,,,,,里見-7,
Q15955,Q11545507,,,,,,,,,,,,,,,,,,,,,,,,,,,,,,,,,,,,,,,,,,,,里見-6,
Q15956,Q10860020,,,,,,,,,,,,,,,,,,,,,,,,,,,,,,,,,,,,,,,,,,,,,
Q15958,Q11376938,,,,,,,,,,,,,,,,,,,,,,,,,,,,,,,,,,,,,,,,,,,,,
Q15960,Q11414257,,,,,,,,,,,,,,,,,,,,,,,,,,,,,,,,,,,,,,,,,,,,,
Q15961,Q20039169,,,,,,,,,,,,,,,,,,,,,,,,,,,,,,,,,,,,,,,,,,,,,
Q15962,Q10856576,,,,,,,,,,,,,,,,,,,,,,,,,,,,,,,,,,,,,,,,,,,,,
Q15963,Q11675728,,,,,,,,,,,,,,,,,,,,,,,,,,,,,,,,,,,,,,,,,,,,鵜殿-2,
Q15964,Q4352873,,,,,,,,,,,,,,,,,,,,,,,,,,,,,,,,,,,,,,,,,,,,,
Q15965,Q11566402,,,,,,,,,,,,,,,,,,,,,,,,,,,,,,,,,,,,,,,,,,,,,
Q15966,Q22123202,,,,,,,,,,,,,,,,,,,,,,,,,,,,,,,,,,,,,,,,,,,,,
Q15974,Q1192628,,,,,,,,,,,,,,,,,,,,,,,,,,,,,,,,,,,,,,,,,,,,,
Q15976,Q1350640,,,,,,,,,,,,,,,,,,,,,,,,,,,,,,,,,,,,,,,,,,,,,
Q15977,Q1992978,,,,,,,,,,,,,,,,,,,,,,,,,,,,,,,,,,,,,,,,,,,,,
Q15979,Q106650694,,,,,,,,,,,,,,,,,,,,,,,,,,,,,,,,,,,,,,,,,,,,,
Q15980,Q11599480,,,,,,,,,,,,,,,,,,,,,,,,,,,,,,,,,,,,,,,,,,,,,
Q15982,Q11397970,,,,,,,,,,,,,,,,,,,,,,,,,,,,,,,,,,,,,,,,,,,,,
Q15988,Q11354865,,,,,,,,,,,,,,,,,,,,,,,,,,,,,,,,,,,,,,,,,,,,木下-1,
Q15989,Q5354432,,,,,,,,,,,,,,,,,,,,,,,,,,,,,,,,,,,,,,,,,,,,木下-3,
Q15990,Q967501,,,,,,,,,,,,,,,,,,,,,,,,,,,,,,,,,,,,,,,,,,,,,
Q15991,Q11634226,,,,,,,,,,,,,,,,,,,,,,,,,,,,,,,,,,,,,,,,,,,,,
Q15992,Q11253422,,,,,,,,,,,,,,,,,,,,,,,,,,,,,,,,,,,,,,,,,,,,杉原-5,
Q15993,Q11517552,,,,,,,,,,,,,,,,,,,,,,,,,,,,,,,,,,,,,,,,,,,,杉原-4,
Q15995,Q5990105,,,,,,,,,,,,,,,,,,,,,,,,,,,,,,,,,,,,,,,,,,,,杉原-7,
Q15997,Q1142446,,,,,,,,,,,,,,,,,,,,,,,,,,,,,,,,,,,,,,,,,,,,浅井-3,
Q15998,Q635214,,,,,,,,,,,,,,,,,,,,,,,,,,,,,,,,,,,,,,,,,,,,織田-53,
Q15999,Q11153648,,,,,,,,,,,,,,,,,,,,,,,,,,,,,,,,,,,,,,,,,,,,,
Q16001,Q11556902,,,,,,,,,,,,,,,,,,,,,,,,,,,,,,,,,,,,,,,,,,,,,
Q16003,Q1050395,,,,,,,,,,,,,,,,,,,,,,,,,,,,,,,,,,,,,,,,,,,,淺井-3,
Q16008,Q11546123,,,,,,,,,,,,,,,,,,,,,,,,,,,,,,,,,,,,,,,,,,,,,
Q16009,Q11495692,,,,,,,,,,,,,,,,,,,,,,,,,,,,,,,,,,,,,,,,,,,,成田-1,
Q16011,Q863025,,,,,,,,,,,,,,,,,,,,,,,,,,,,,,,,,,,,,,,,,,,,,
Q16013,Q11467632,,,,,,,,,,,,,,,,,,,,,,,,,,,,,,,,,,,,,,,,,,,,,
Q16014,Q1196817,,,,,,,,,,,,,,,,,,,,,,,,,,,560007,,,,,,,,,,,,,,,,,前田-3,
Q16015,Q836600,,,,,,,,,,,,,,,,,,,,,,,,,,,,,,,,,,,,,,,,,,,,,
Q16017,Q10898949,,,,,,,,,,,,,,,,,,,,,,,,,,,,,,,,,,,,,,,,,,,,前田-2,
Q16018,Q10898955,,,,,,,,,,,,,,,,,,,,,,,,,,,,,,,,,,,,,,,,,,,,,
Q16019,Q17228448,,,,,,,,,,,,,,,,,,,,,,,,,,,,,,,,,,,,,,,,,,,,前田-59,
Q16020,Q10898945,,,,,,,,,,,,,,,,,,,,,,,,,,,,,,,,,,,,,,,,,,,,,
Q16021,Q11397462,,,,,,,,,,,,,,,,,,,,,,,,,,,,,,,,,,,,,,,,,,,,,
Q16022,Q11397684,,,,,,,,,,,,,,,,,,,,,,,,,,,,,,,,,,,,,,,,,,,,,
Q16023,Q1186742,,,,,,,,,,,,,,,,,,,,,,,,,,,560013,,,,,,,,,,,,,,,,,,
Q16024,Q587204,,,,,,,,,,,,,,,,,,,,,,,,,,,560001,,,,,,,,,,,,,,,,,前田-24,
Q16025,Q6729117,,,,,,,,,,,,,,,,,,,,,,,,,,,560019,,,,,,,,,,,,,,,,,,
Q16027,Q1079925,,,,,,,,,,,,,,,,,,,,,,,,,,,560575,,,,,,,,,,,,,,,,,,
Q16028,Q11356567,,,,,,,,,,,,,,,,,,,,,,,,,,,,,,,,,,,,,,,,,,,,,
Q16029,Q1045148,,,,,,,,,,,,,,,,,,,,,,,,,,,,,,,,,,,,,,,,,,,,,
Q16031,Q11455600,,,,,,,,,,,,,,,,,,,,,,,,,,,,,,,,,,,,,,,,,,,,,
Q16032,Q1329792,,,,,,,,,,,,,,,,,,,,,,,,,,,,,,,,,,,,,,,,,,,,Ukita-1,
Q16035,Q109012729,,,,,,,,,,,,,,,,,,,,,,,,,,,,,,,,,,,,,,,,,,,,,
Q16037,Q909985,,,,,,,,,,,,,,,,,,,,,,,,,,,,,,,,,,,,,,,,,,,,豊臣-1,
Q16038,Q18701248,,,,,,,,,,,,,,,,,,,,,,,,,,,,,,,,,,,,,,,,,,,,,
Q16039,Q1041434,,,,,,,,,,,,,,,,,,,,,,,,,,,,,,,,,,,,,,,,,,,,松平-11,
Q16040,Q106313257,,,,,,,,,,,,,,,,,,,,,,,,,,,,,,,,,,,,,,,,,,,,,
Q16044,Q106313707,,,,,,,,,,,,,,,,,,,,,,,,,,,,,,,,,,,,,,,,,,,,,
Q16045,Q108058549,,,,,,,,,,,,,,,,,,,,,,,,,,,,,,,,,,,,,,,,,,,,,
Q16046,Q5369142,,,,,,,,,,,,,,,,,,,,,,,,,,,,,,,,,,,,,,,,,,,,松平-13,
Q16048,Q1188498,,,,,,,,,,,,,,,,,,,,,,,,,,,,,,,,,,,,,,,,,,,,,
Q16049,Q5360150,,,,,,,,,,,,,,,,,,,,,,,,,,,,,,,,,,,,,,,,,,,,,
Q16050,Q10565565,,,,,,,,,,,,,,,,,,,,,,,,,,,,,,,,,,,,,,,,,,,,,
Q16051,Q10565616,,,,,,,,,,,,,,,,,,,,,,,,,,,,,,,,,,,,,,,,,,,,水野-24,
Q16052,Q10565620,,,,,,,,,,,,,,,,,,,,,,,,,,,,,,,,,,,,,,,,,,,,,
Q16053,Q10565652,,,,,,,,,,,,,,,,,,,,,,,,,,,,,,,,,,,,,,,,,,,,,
Q16054,Q871566,,,,,,,,,,,,,,,,,,,,,,,,,,,,,,,,,,,,,,,,,,,,水野-7,
Q16055,Q11369424,,,,,,,,,,,,,,,,,,,,,,,,,,,,,,,,,,,,,,,,,,,,久松-6,
Q16060,Q2405649,,,,,,,,,,,,,,,,,,,,,,,,,,,,,,,,,,,,,,,,,,,,保科-20,
Q16061,Q11069425,,,,,,,,,,,,,,,,,,,,,,,,,,,,,,,,,,,,,,,,,,,,,
Q16062,Q11069413,,,,,,,,,,,,,,,,,,,,,,,,,,,,,,,,,,,,,,,,,,,,,
Q16063,Q6788073,,,,,,,,,,,,,,,,,,,,,,,,,,,,,,,,,,,,,,,,,,,,,
Q16064,Q767309,,,,,,,,,,,,,,,,,,,,,,,,,,,,,,,,,,,,,,,,,,,,保科-19,
Q16065,Q11535660,,,,,,,,,,,,,,,,,,,,,,,,,,,,,,,,,,,,,,,,,,,,,
Q16068,Q11618614,,,,,,,,,,,,,,,,,,,,,,,,,,,,,,,,,,,,,,,,,,,,,
Q16071,Q10729446,,,,,,,,,,,,,,,,,,,,,,,,,,,,,,,,,,,,,,,,,,,,,
Q16073,Q108491029,,,,,,,,,,,,,,,,,,,,,,,,,,,,,,,,,,,,,,,,,,,,,
Q16074,Q108491069,,,,,,,,,,,,,,,,,,,,,,,,,,,,,,,,,,,,,,,,,,,,,
Q16075,Q108491144,,,,,,,,,,,,,,,,,,,,,,,,,,,,,,,,,,,,,,,,,,,,,
Q16076,Q108491242,,,,,,,,,,,,,,,,,,,,,,,,,,,,,,,,,,,,,,,,,,,,,
Q16080,Q10729410,,,,,,,,,,,,,,,,,,,,,,,,,,,,,,,,,,,,,,,,,,,,,
Q16081,Q10729440,,,,,,,,,,,,,,,,,,,,,,,,,,,,,,,,,,,,,,,,,,,,,
Q16082,Q10729437,,,,,,,,,,,,,,,,,,,,,,,,,,,,,,,,,,,,,,,,,,,,,
Q16083,Q10729397,,,,,,,,,,,,,,,,,,,,,,,,,,,,,,,,,,,,,,,,,,,,,
Q16084,Q10729365,,,,,,,,,,,,,,,,,,,,,,,,,,,,,,,,,,,,,,,,,,,,,
Q16086,Q10729416,,,,,,,,,,,,,,,,,,,,,,,,,,,,,,,,,,,,,,,,,,,,,
Q16088,Q10729418,,,,,,,,,,,,,,,,,,,,,,,,,,,,,,,,,,,,,,,,,,,,,
Q16091,Q106698887,,,,,,,,,,,,,,,,,,,,,,,,,,,,,,,,,,,,,,,,,,,,,
Q16092,Q11356500,,,,,,,,,,,,,,,,,,,,,,,,,,,,,,,,,,,,,,,,,,,,,
Q16094,Q115587437,,,,,,,,,,,,,,,,,,,,,,,,,,,,,,,,,,,,,,,,,,,,,
Q16101,Q11530490,,,,,,,,,,,,,,,,,,,,,,,,,,,,,,,,,,,,,,,,,,,,大河内-26,
Q16102,Q115187773,,,,,,,,,,,,,,,,,,,,,,,,,,,,,,,,,,,,,,,,,,,,,
Q16103,Q11599411,,,,,,,,,,,,,,,,,,,,,,,,,,,,,,,,,,,,,,,,,,,,,
Q16109,Q11655401,,,,,,,,,,,,,,,,,,,,,,,,,,,,,,,,,,,,,,,,,,,,,
Q16110,Q4778653,,,,,,,,,,,,,,,,,,,,,,,,,,,,,,,,,,,,,,,,,,,,,
Q16111,Q1058809,,,,,,,,,,,,,,,,,,,,,,,,,,,,,,,,,,,,,,,,,,,,,
Q16112,Q6788063,,,,,,,,,,,,,,,,,,,,,,,,,,,,,,,,,,,,,,,,,,,,,
Q16116,Q11459592,,,,,,,,,,,,,,,,,,,,,,,,,,,,,,,,,,,,,,,,,,,,織田-41,
Q16127,Q108799123,,,,,,,,,,,,,,,,,,,,,,,,,,,,,,,,,,,,,,,,,,,,中川-3,
Q16132,Q839124,,,,,,,,,,,,,,,,,,,,,,,,,,,,,,,,,,,,,,,,,,,,松平-90,
Q16134,Q5324802,,,,,,,,,,,,,,,,,,,,,,,,,,,,,,,,,,,,,,,,,,,,松平-194,
Q16135,Q5324923,,,,,,,,,,,,,,,,,,,,,,,,,,,,,,,,,,,,,,,,,,,,,
Q16136,Q5324971,,,,,,,,,,,,,,,,,,,,,,,,,,,,,,,,,,,,,,,,,,,,松平-92,
Q16140,Q5369543,,,,,,,,,,,,,,,,,,,,,,,,,,,,,,,,,,,,,,,,,,,,伊達-11,
Q16143,Q843245,,,,,,,,,,,,,,,,,,,,,,,,,,,,,,,,,,,,,,,,,,,,徳川-11,I00523401
Q16157,Q3299364,,,,,,,,,,,,,,,,,,,,,,,,,,,,,,,,,,,,,,,,,,,,松平-4,
Q16158,Q1194944,,,,,,,,,,,,,,,,,,,,,,,,,,,,,,,,,,,,,,,,,,,,德川-31,
Q16159,Q6638460,,,,,,,,,,,,,,,,,,,,,,,,,,,,,,,,,,,,,,,,,,,,松平-56,
Q16160,Q6638076,,,,,,,,,,,,,,,,,,,,,,,,,,,,,,,,,,,,,,,,,,,,松平-211,
Q16161,Q6638189,,,,,,,,,,,,,,,,,,,,,,,,,,,,,,,,,,,,,,,,,,,,,
Q16162,Q6997553,,,,,,,,,,,,,,,,,,,,,,,,,,,,,,,,,,,,,,,,,,,,,
Q16163,Q6997589,,,,,,,,,,,,,,,,,,,,,,,,,,,,,,,,,,,,,,,,,,,,徳川-41,
Q16173,Q2635471,,,,,,,,,,,,,,,,,,,,,,,,,,,,,,,,,,,,,,,,,,,,,
Q16174,Q11445767,,,,,,,,,,,,,,,,,,,,,,,,,,,,,,,,,,,,,,,,,,,,,
Q16175,Q11530405,,,,,,,,,,,,,,,,,,,,,,,,,,,,,,,,,,,,,,,,,,,,,
Q16176,Q3350116,,,,,,,,,,,,,,,,,,,,,,,,,,,,,,,,,,,,,,,,,,,,,
Q16179,Q1385927,,,,,,,,,,,,,,,,,,,,,,,,,,,,,,,,,,,,,,,,,,,,池田-9,
Q16180,Q11551880,,,,,,,,,,,,,,,,,,,,,,,,,,,,,,,,,,,,,,,,,,,,池田-8,
Q16181,Q108490456,,,,,,,,,,,,,,,,,,,,,,,,,,,,,,,,,,,,,,,,,,,,,
Q16182,Q11551878,,,,,,,,,,,,,,,,,,,,,,,,,,,,,,,,,,,,,,,,,,,,,
Q16183,Q11552149,,,,,,,,,,,,,,,,,,,,,,,,,,,,,,,,,,,,,,,,,,,,,
Q16184,Q11551932,,,,,,,,,,,,,,,,,,,,,,,,,,,,,,,,,,,,,,,,,,,,,
Q16185,Q11448012,,,,,,,,,,,,,,,,,,,,,,,,,,,,,,,,,,,,,,,,,,,,,
Q16186,Q11552150,,,,,,,,,,,,,,,,,,,,,,,,,,,,,,,,,,,,,,,,,,,,,
Q16188,Q761596,,,,,,,,,,,,,,,,,,,,,,,,,,,,,,,,,,,,,,,,,,,,浅野-9,
Q16192,Q11557318,,,,,,,,,,,,,,,,,,,,,,,,,,,,,,,,,,,,,,,,,,,,浅野-11,
Q16193,Q110141610,,,,,,,,,,,,,,,,,,,,,,,,,,,,,,,,,,,,,,,,,,,,,
Q16194,Q11593146,,,,,,,,,,,,,,,,,,,,,,,,,,,,,,,,,,,,,,,,,,,,,
Q16195,Q837782,,,,,,,,,,,,,,,,,,,,,,,,,,,,,,,,,,,,,,,,,,,,,
Q16197,Q10791105,,,,,,,,,,,,,,,,,,,,,,,,,,,,,,,,,,,,,,,,,,,,松井-3,
Q16198,Q10791131,,,,,,,,,,,,,,,,,,,,,,,,,,,,,,,,,,,,,,,,,,,,松平-55,
Q16199,Q1334437,,,,,,,,,,,,,,,,,,,,,,,,,,,,,,,,,,,,,,,,,,,,,
Q16200,Q5994900,,,,,,,,,,,,,,,,,,,,,,,,,,,,,,,,,,,,,,,,,,,,,
Q16202,Q11356457,,,,,,,,,,,,,,,,,,,,,,,,,,,,,,,,,,,,,,,,,,,,,
Q16204,Q11467554,,,,,,,,,,,,,,,,,,,,,,,,,,,,,,,,,,,,,,,,,,,,,
Q16210,Q11651850,,,,,,,,,,,,,,,,,,,,,,,,,,,,,,,,,,,,,,,,,,,,,
Q16219,Q3514227,,,,,,,,,,,,,,,,,,,,,,,,,,,804562,,,,,,,,,,,,,,,,,,
Q16220,Q3514224,,,,,,,,,,,,,,,,,,,,,,,,,,,804408,,,,,,,,,,,,,,,,,,
Q16226,Q11353154,,,,,,,,,,,,,,,,,,,,,,,,,,,,,,,,,,,,,,,,,,,,,
Q16228,Q18700613,,,,,,,,,,,,,,,,,,,,,,,,,,,,,,,,,,,,,,,,,,,,,
Q16230,Q5365763,,,,,,,,,,,,,,,,,,,,,,,,,,,,,,,,,,,,,,,,,,,,,
Q16231,Q837179,,,,,,,,,,,,,,,,,,,,,,,,,,,,,,,,,,,,,,,,,,,,,
Q16232,Q11423415,,,,,,,,,,,,,,,,,,,,,,,,,,,,,,,,,,,,,,,,,,,,,
Q16233,Q313320,,,,,,,,,,8082893,,,,,,,,,,,,,,,,,,,,,,,,,,,,,,,,,,明智-3,
Q16236,Q6639596,,,,,,,,,,,,,,,,,,,,,,,,,,,,,,,,,,,,,,,,,,,,,
Q16238,Q9081532,,,,,,,,,,,,,,,,,,,,,,,,,,,,,,,,,,,,,,,,,,,,,
Q16239,Q11371629,,,,,,,,,,,,,,,,,,,,,,,,,,,,,,,,,,,,,,,,,,,,,
Q16244,Q11578637,,,,,,,,,,,,,,,,,,,,,,,,,,,,,,,,,,,,,,,,,,,,,
Q16245,Q11578638,,,,,,,,,,,,,,,,,,,,,,,,,,,,,,,,,,,,,,,,,,,,,
Q16246,Q11578639,,,,,,,,,,,,,,,,,,,,,,,,,,,,,,,,,,,,,,,,,,,,,
Q16247,Q11246696,,,,,,,,,,,,,,,,,,,,,,,,,,,,,,,,,,,,,,,,,,,,,
Q16248,Q11162745,,,,,,,,,,,,,,,,,,,,,,,,,,,,,,,,,,,,,,,,,,,,,
Q16259,Q108716782,,,,,,,,,,,,,,,,,,,,,,,,,,,,,,,,,,,,,,,,,,,,,
Q16260,Q108781710,,,,,,,,,,,,,,,,,,,,,,,,,,,,,,,,,,,,,,,,,,,,,
Q16266,Q11383381,,,,,,,,,,,,,,,,,,,,,,,,,,,,,,,,,,,,,,,,,,,,,
Q16267,Q11383430,,,,,,,,,,,,,,,,,,,,,,,,,,,,,,,,,,,,,,,,,,,,,
Q16270,Q3198709,,,,,,,,,,,,,,,,,,,,,,,,,,,805048,,,,,,,,,,,,,,,,,,
Q16272,Q110010033,,,,,,,,,,,,,,,,,,,,,,,,,,,,,,,,,,,,,,,,,,,,,
Q16274,Q11486211,,,,,,,,,,,,,,,,,,,,,,,,,,,,,,,,,,,,,,,,,,,,,I00523422
Q16275,Q451926,,,,,,,,,,,,,,,,,,,,,,,,,,,485524,,,,,,,,,,,,,,,,,Go-Hanazono-tennō_後花園天皇-1,I00523423
Q16279,Q29410697,,,,,,,,,,,,,,,,,,,,,,,,,,,,,,,,,,,,,,,,,,,,,
Q16281,Q60989727,,,,,,,,,,,,,,,,,,,,,,,,,,,,,,,,,,,,,,,,,,,,,
Q16282,Q7223130,,,,,,,,,,,,,,,,,,,,,,,,,,,,,,,,,,,,,,,,,,,,,
Q16288,Q11605934,,,,,,,,,,,,,,,,,,,,,,,,,,,,,,,,,,,,,,,,,,,,,
Q16290,Q1139739,,,,,,,,,,,,,,,,,,,,,,,,,,,,,,,,,,,,,,,,,,,,,
Q16291,Q11606003,,,,,,,,,,,,,,,,,,,,,,,,,,,,,,,,,,,,,,,,,,,,,
Q16292,Q11606025,,,,,,,,,,,,,,,,,,,,,,,,,,,,,,,,,,,,,,,,,,,,,
Q16313,Q11488736,,,,,,,,,,,,,,,,,,,,,,,,,,,,,,,,,,,,,,,,,,,,,
Q16314,Q11657991,,,,,,,,,,,,,,,,,,,,,,,,,,,,,,,,,,,,,,,,,,,,,
Q16322,Q11510598,,,,,,,,,,,,,,,,,,,,,,,,,,,,,,,,,,,,,,,,,,,,,
Q16337,Q11498582,,,,,,,,,,,,,,,,,,,,,,,,,,,,,,,,,,,,,,,,,,,,,
Q16342,Q11395360,,,,,,,,,,,,,,,,,,,,,,,,,,,,,,,,,,,,,,,,,,,,冷泉-5,
Q16343,Q120731997,,,,,,,,,,,,,,,,,,,,,,,,,,,,,,,,,,,,,,,,,,,,,
Q16345,Q11489584,,,,,,,,,,,,,,,,,,,,,,,,,,,,,,,,,,,,,,,,,,,,,
Q16351,Q24859424,,,,,,,,,,,,,,,,,,,,,,,,,,,,,,,,,,,,,,,,,,,,,
Q16353,Q11376745,,,,,,,,,,,,,,,,,,,,,,,,,,,,,,,,,,,,,,,,,,,,,
Q16356,Q17990301,,,,,,,,,,,,,,,,,,,,,,,,,,,,,,,,,,,,,,,,,,,,,
Q16359,Q24040325,,,,,,,,,,,,,,,,,,,,,,,,,,,,,,,,,,,,,,,,,,,,,
Q16362,Q123406320,,,,,,,,,,,,,,,,,,,,,,,,,,,,,,,,,,,,,,,,,,,,,
Q16363,Q15043480,,,,,,,,,,,,,,,,,,,,,,,,,,,,,,,,,,,,,,,,,,,,,
Q16376,Q109259134,,,,,,,,,,,,,,,,,,,,,,,,,,,,,,,,,,,,,,,,,,,,,
Q16377,Q109260790,,,,,,,,,,,,,,,,,,,,,,,,,,,,,,,,,,,,,,,,,,,,,
Q16380,Q10885147,,,,,,,,,,,,,,,,,,,,,,,,,,,,,,,,,,,,,,,,,,,,,
Q16382,Q11510625,,,,,,,,,,,,,,,,,,,,,,,,,,,,,,,,,,,,,,,,,,,,,
Q16386,Q5306708,,,,,,,,,,,,,,,,,,,,,,,,,,,,,,,,,,,,,,,,,,,,,
Q16388,Q108532803,,,,,,,,,,,,,,,,,,,,,,,,,,,,,,,,,,,,,,,,,,,,,
Q16389,Q447639,,,,,,,,,,,,,,,,,,,,,,,,,,,994336,,,,,,,,,,,,,,,,,,
Q16390,Q108454736,,,,,,,,,,,,,,,,,,,,,,,,,,,,,,,,,,,,,,,,,,,,,
Q16391,Q708527,,,,,,,,,,,,,,,,,,,,,,,,,,,994338,,,,,,,,,,,,,,,,,,
Q16393,Q11549456,,,,,,,,,,,,,,,,,,,,,,,,,,,,,,,,,,,,,,,,,,,,,
Q16395,Q11636821,,,,,,,,,,,,,,,,,,,,,,,,,,,,,,,,,,,,,,,,,,,,,
Q16397,Q11636795,,,,,,,,,,,,,,,,,,,,,,,,,,,,,,,,,,,,,,,,,,,,,
Q16398,Q11463127,,,,,,,,,,,,,,,,,,,,,,,,,,,,,,,,,,,,,,,,,,,,,
Q16441,Q497553,,,,,,,,,,,,,,,,,,,,,,,,,,,,,,,,,,,,,,,,,,,,,
Q16443,Q28517375,,,,,,,,,,,,,,,,,,,,,,,,,,,,,,,,,,,,,,,,,,,,,
Q16444,Q485584,,,,,,,,,,,,,,,,,,,,,,,,,,,,,,,,,,,,,,,,,,,,,
Q16445,Q28501059,,,,,,,,,,,,,,,,,,,,,,,,,,,,,,,,,,,,,,,,,,,,,
Q16446,Q28501058,,,,,,,,,,,,,,,,,,,,,,,,,,,,,,,,,,,,,,,,,,,,,
Q16447,Q28503749,,,,,,,,,,,,,,,,,,,,,,,,,,,,,,,,,,,,,,,,,,,,,
Q16448,Q496614,,,,,,,,,,,,,,,,,,,,,,,,,,,,,,,,,,,,,,,,,,,,,
Q16449,Q5368339,,,,,,,,,,,,,,,,,,,,,,,,,,,,,,,,,,,,,,,,,,,,,
Q16450,Q496697,,,,,,,,,,,,,,,,,,,,,,,,,,,,,,,,,,,,,,,,,,,,,
Q16451,Q485627,,,,,,,,,,,,,,,,,,,,,,,,,,,,,,,,,,,,,,,,,,,,,
Q16452,Q84764619,,,,,,,,,,,,,,,,,,,,,,,,,,,,,,,,,,,,,,,,,,,,,
Q16453,Q12589365,,,,,,,,,,,,,,,,,,,,,,,,,,,,,,,,,,,,,,,,,,,,,
Q16454,Q16163533,,,,,,,,,,,,,,,,,,,,,,,,,,,,,,,,,,,,,,,,,,,,,
Q16455,Q84688880,,,,,,,,,,,,,,,,,,,,,,,,,,,,,,,,,,,,,,,,,,,,,
Q16456,Q496772,,,,,,,,,,,,,,,,,,,,,,,,,,,,,,,,,,,,,,,,,,,,,
Q16457,Q491122,,,,,,,,,,,,,,,,,,,,,,,,,,,,,,,,,,,,,,,,,,,,,
Q16459,Q9700,,alvin-person:60823,,,,,,,,,,,,,,,,,,,,,,,,,1420120,,,,,,,,,,,,,,,,,,I00428297
Q16460,Q9701,,,,,,,,,,,,,,,,,,,,,,,,,,,,,,,,,,,,,,,,,,,,,I00428299
Q16461,Q10877398,,,,,,,,,,,,,,,,,,,,,,,,,,,,,,,,,,,,,,,,,,,,,
Q16462,Q10878912,,,,,,,,,,,,,,,,,,,,,,,,,,,,,,,,,,,,,,,,,,,,,
Q16463,Q10905008,,,,,,,,,,,,,,,,,,,,,,,,,,,,,,,,,,,,,,,,,,,,,
Q16464,Q10908057,,,,,,,,,,,,,,,,,,,,,,,,,,,,,,,,,,,,,,,,,,,,,
Q16465,Q10946662,,,,,,,,,,,,,,,,,,,,,,,,,,,,,,,,,,,,,,,,,,,,,
Q16466,Q11060429,,,,,,,,,,,,,,,,,,,,,,,,,,,,,,,,,,,,,,,,,,,,,
Q16467,Q711427,,,,,,,,,,,,,,,,,,,,,,,,,,,,,,,,,,,,,,,,,,,,,
Q16468,Q11064905,,,,,,,,,,,,,,,,,,,,,,,,,,,,,,,,,,,,,,,,,,,,,
Q16469,Q11496708,,,,,,,,,,,,,,,,,,,,,,,,,,,,,,,,,,,,,,,,,,,,,
Q16470,Q11152626,,,,,,,,,,,,,,,,,,,,,,,,,,,,,,,,,,,,,,,,,,,,,
Q16471,Q11111831,,,,,,,,,,,,,,,,,,,,,,,,,,,,,,,,,,,,,,,,,,,,,
Q16472,Q16603543,,,,,,,,,,,,,,,,,,,,,,,,,,,,,,,,,,,,,,,,,,,,,
Q16473,Q16603582,,,,,,,,,,,,,,,,,,,,,,,,,,,,,,,,,,,,,,,,,,,,,
Q16474,Q15951700,,,,,,,,,,,,,,,,,,,,,,,,,,,,,,,,,,,,,,,,,,,,,
Q16475,Q15955551,,,,,,,,,,,,,,,,,,,,,,,,,,,,,,,,,,,,,,,,,,,,,
Q16476,Q16603624,,,,,,,,,,,,,,,,,,,,,,,,,,,,,,,,,,,,,,,,,,,,,
Q16477,Q16603689,,,,,,,,,,,,,,,,,,,,,,,,,,,,,,,,,,,,,,,,,,,,,
Q16478,Q16603735,,,,,,,,,,,,,,,,,,,,,,,,,,,,,,,,,,,,,,,,,,,,,
Q16479,Q11669188,,,,,,,,,,,,,,,,,,,,,,,,,,,,,,,,,,,,,,,,,,,,,
Q16480,Q11095406,,,,,,,,,,,,,,,,,,,,,,,,,,,,,,,,,,,,,,,,,,,,,
Q16481,Q11095408,,,,,,,,,,,,,,,,,,,,,,,,,,,,,,,,,,,,,,,,,,,,,
Q16482,Q699639,,,,,,,,,,,,,,,,,,,,,,,,,,,,,,,,,,,,,,,,,,,,,
Q16483,Q11095409,,,,,,,,,,,,,,,,,,,,,,,,,,,,,,,,,,,,,,,,,,,,,
Q16484,Q11095411,,,,,,,,,,,,,,,,,,,,,,,,,,,,,,,,,,,,,,,,,,,,,
Q16485,Q10975505,,,,,,,,,,,,,,,,,,,,,,,,,,,,,,,,,,,,,,,,,,,,,
Q16486,Q11095417,,,,,,,,,,,,,,,,,,,,,,,,,,,,,,,,,,,,,,,,,,,,,
Q16487,Q10332683,,,,,,,,,,,,,,,,,,,,,,,,,,,,,,,,,,,,,,,,,,,,,
Q16488,Q11095420,,,,,,,,,,,,,,,,,,,,,,,,,,,,,,,,,,,,,,,,,,,,,
Q16489,Q11095421,,,,,,,,,,,,,,,,,,,,,,,,,,,,,,,,,,,,,,,,,,,,,
Q16490,Q11095423,,,,,,,,,,,,,,,,,,,,,,,,,,,,,,,,,,,,,,,,,,,,,
Q16491,Q11095425,,,,,,,,,,,,,,,,,,,,,,,,,,,,,,,,,,,,,,,,,,,,,
Q16492,Q11095431,,,,,,,,,,,,,,,,,,,,,,,,,,,,,,,,,,,,,,,,,,,,,
Q16493,Q11095432,,,,,,,,,,,,,,,,,,,,,,,,,,,,,,,,,,,,,,,,,,,,,
Q16494,Q11095437,,,,,,,,,,,,,,,,,,,,,,,,,,,,,,,,,,,,,,,,,,,,,
Q16495,Q11095439,,,,,,,,,,,,,,,,,,,,,,,,,,,,,,,,,,,,,,,,,,,,,
Q16496,Q711674,,,,,,,,,,,,,,,,,,,,,,,,,,,,,,,,,,,,,,,,,,,,,
Q16497,Q11096905,,,,,,,,,,,,,,,,,,,,,,,,,,,,,,,,,,,,,,,,,,,,,
Q16498,Q4308304,,,,,,,,,,,,,,,,,,,,,,,,,,,,,,,,,,,,,,,,,,,,,
Q16499,Q11098320,,,,,,,,,,,,,,,,,,,,,,,,,,,,,,,,,,,,,,,,,,,,,
Q16500,Q65803435,,,,,,,,,,,,,,,,,,,,,,,,,,,,,,,,,,,,,,,,,,,,,
Q16501,Q45475056,,,,,,,,,,,,,,,,,,,,,,,,,,,,,,,,,,,,,,,,,,,,,
Q16502,Q45475502,,,,,,,,,,,,,,,,,,,,,,,,,,,,,,,,,,,,,,,,,,,,,
Q16503,Q45475565,,,,,,,,,,,,,,,,,,,,,,,,,,,,,,,,,,,,,,,,,,,,,
Q16504,Q45475819,,,,,,,,,,,,,,,,,,,,,,,,,,,,,,,,,,,,,,,,,,,,,
Q16505,Q45509606,,,,,,,,,,,,,,,,,,,,,,,,,,,,,,,,,,,,,,,,,,,,,
Q16506,Q45618627,,,,,,,,,,,,,,,,,,,,,,,,,,,,,,,,,,,,,,,,,,,,,
Q16508,Q97613637,,,,,,,,,,,,,,,,,,,,,,,,,,,,,,,,,,,,,,,,,,,,,
Q16516,Q11541204,,,,,,,,,,,,,,,,,,,,,,,,,,,,,,,,,,,,,,,,,,,,,
Q16517,Q11541197,,,,,,,,,,,,,,,,,,,,,,,,,,,,,,,,,,,,,,,,,,,,,
Q16518,Q11380655,,,,,,,,,,,,,,,,,,,,,,,,,,,,,,,,,,,,,,,,,,,,,
Q16519,Q11541195,,,,,,,,,,,,,,,,,,,,,,,,,,,,,,,,,,,,,,,,,,,,,
Q16520,Q11541194,,,,,,,,,,,,,,,,,,,,,,,,,,,,,,,,,,,,,,,,,,,,,
Q16521,Q11541200,,,,,,,,,,,,,,,,,,,,,,,,,,,,,,,,,,,,,,,,,,,,,
Q16526,Q11359209,,,,,,,,,,,,,,,,,,,,,,,,,,,,,,,,,,,,,,,,,,,,,
Q16528,Q11356601,,,,,,,,,,,,,,,,,,,,,,,,,,,,,,,,,,,,,,,,,,,,,
Q16530,Q11359153,,,,,,,,,,,,,,,,,,,,,,,,,,,,,,,,,,,,,,,,,,,,,
Q16534,Q11359189,,,,,,,,,,,,,,,,,,,,,,,,,,,,,,,,,,,,,,,,,,,,,
Q16536,Q11359192,,,,,,,,,,,,,,,,,,,,,,,,,,,,,,,,,,,,,,,,,,,,,
Q16537,Q11359174,,,,,,,,,,,,,,,,,,,,,,,,,,,,,,,,,,,,,,,,,,,,,
Q16538,Q11359193,,,,,,,,,,,,,,,,,,,,,,,,,,,,,,,,,,,,,,,,,,,,,
Q16543,Q11383423,,,,,,,,,,,,,,,,,,,,,,,,,,,,,,,,,,,,,,,,,,,,,
Q16544,Q106806616,,,,,,,,,,,,,,,,,,,,,,,,,,,,,,,,,,,,,,,,,,,,,
Q16547,Q11642958,,,,,,,,,,,,,,,,,,,,,,,,,,,,,,,,,,,,,,,,,,,,,
Q16551,Q11467630,,,,,,,,,,,,,,,,,,,,,,,,,,,,,,,,,,,,,,,,,,,,,
Q16553,Q119341174,,,,,,,,,,,,,,,,,,,,,,,,,,,,,,,,,,,,,,,,,,,,,
Q16556,Q11500865,,,,,,,,,,,,,,,,,,,,,,,,,,,,,,,,,,,,,,,,,,,,,
Q16557,Q2890348,,,,,,,,,,,,,,,,,,,,,,,,,,,,,,,,,,,,,,,,,,,,,
Q16558,Q11392543,,,,,,,,,,,,,,,,,,,,,,,,,,,,,,,,,,,,,,,,,,,,,
Q16559,Q11414266,,,,,,,,,,,,,,,,,,,,,,,,,,,,,,,,,,,,,,,,,,,,,
Q16562,Q740354,,,,,,,,,,,,,,,,,,,,,,,,,,,,,,,,,,,,,,,,,,,,,
Q16563,Q5365082,,,,,,,,,,,,,,,,,,,,,,,,,,,,,,,,,,,,,,,,,,,,,
Q16567,Q11383467,,,,,,,,,,,,,,,,,,,,,,,,,,,,,,,,,,,,,,,,,,,,,
Q16568,Q11266411,,,,,,,,,,,,,,,,,,,,,,,,,,,,,,,,,,,,,,,,,,,,,
Q16569,Q6203781,,,,,,,,,,,,,,,,,,,,,,,,,,,,,,,,,,,,,,,,,,,,,
Q16571,Q11642987,,,,,,,,,,,,,,,,,,,,,,,,,,,,,,,,,,,,,,,,,,,,,
Q16574,Q11383447,,,,,,,,,,,,,,,,,,,,,,,,,,,,,,,,,,,,,,,,,,,,,
Q16579,Q21019758,,,,,,,,,,,,,,,,,,,,,,,,,,,,,,,,,,,,,,,,,,,,,
Q16580,Q11500869,,,,,,,,,,,,,,,,,,,,,,,,,,,,,,,,,,,,,,,,,,,,,
Q16581,Q11500862,,,,,,,,,,,,,,,,,,,,,,,,,,,,,,,,,,,,,,,,,,,,,
Q16585,Q11515453,,,,,,,,,,,,,,,,,,,,,,,,,,,,,,,,,,,,,,,,,,,,,
Q16586,Q11392538,,,,,,,,,,,,,,,,,,,,,,,,,,,,,,,,,,,,,,,,,,,,,
Q16587,Q11392539,,,,,,,,,,,,,,,,,,,,,,,,,,,,,,,,,,,,,,,,,,,,,
Q16588,Q6151650,,,,,,,,,,,,,,,,,,,,,,,,,,,,,,,,,,,,,,,,,,,,,
Q16592,Q11464922,,,,,,,,,,,,,,,,,,,,,,,,,,,,,,,,,,,,,,,,,,,,,
Q16593,Q11635723,,,,,,,,,,,,,,,,,,,,,,,,,,,,,,,,,,,,,,,,,,,,,
Q16594,Q11635705,,,,,,,,,,,,,,,,,,,,,,,,,,,,,,,,,,,,,,,,,,,,,
Q16597,Q11635709,,,,,,,,,,,,,,,,,,,,,,,,,,,,,,,,,,,,,,,,,,,,,
Q16598,Q11516787,,,,,,,,,,,,,,,,,,,,,,,,,,,,,,,,,,,,,,,,,,,,,
Q16602,Q11635692,,,,,,,,,,,,,,,,,,,,,,,,,,,,,,,,,,,,,,,,,,,,,
Q16605,Q131731029,,,,,,,,,,,,,,,,,,,,,,,,,,,,,,,,,,,,,,,,,,,,,I00523414
Q16610,Q11414252,,,,,,,,,,,,,,,,,,,,,,,,,,,,,,,,,,,,,,,,,,,,,
Q16611,Q11414233,,,,,,,,,,,,,,,,,,,,,,,,,,,,,,,,,,,,,,,,,,,,,
Q16614,Q11353117,,,,,,,,,,,,,,,,,,,,,,,,,,,,,,,,,,,,,,,,,,,,,
Q16615,Q11353153,,,,,,,,,,,,,,,,,,,,,,,,,,,,,,,,,,,,,,,,,,,,,
Q16616,Q11353118,,,,,,,,,,,,,,,,,,,,,,,,,,,,,,,,,,,,,,,,,,,,,
Q16617,Q11239114,,,,,,,,,,,,,,,,,,,,,,,,,,,,,,,,,,,,,,,,,,,,,
Q16618,Q11239171,,,,,,,,,,,,,,,,,,,,,,,,,,,,,,,,,,,,,,,,,,,,,
Q16619,Q11449766,,,,,,,,,,,,,,,,,,,,,,,,,,,,,,,,,,,,,,,,,,,,,
Q16621,Q11406723,,,,,,,,,,,,,,,,,,,,,,,,,,,,,,,,,,,,,,,,,,,,,
Q16623,Q11405982,,,,,,,,,,,,,,,,,,,,,,,,,,,,,,,,,,,,,,,,,,,,,
Q16625,Q11405976,,,,,,,,,,,,,,,,,,,,,,,,,,,,,,,,,,,,,,,,,,,,,
Q16630,Q112058232,,,,,,,,,,,,,,,,,,,,,,,,,,,,,,,,,,,,,,,,,,,,,
Q16643,Q11428921,,,,,,,,,,,,,,,,,,,,,,,,,,,,,,,,,,,,,,,,,,,,,
Q16644,Q11463123,,,,,,,,,,,,,,,,,,,,,,,,,,,,,,,,,,,,,,,,,,,,,
Q16647,Q11449719,,,,,,,,,,,,,,,,,,,,,,,,,,,,,,,,,,,,,,,,,,,,,
Q16650,Q11603874,,,,,,,,,,,,,,,,,,,,,,,,,,,,,,,,,,,,,,,,,,,,,
Q16653,Q11353137,,,,,,,,,,,,,,,,,,,,,,,,,,,,,,,,,,,,,,,,,,,,,
Q16655,Q11379127,,,,,,,,,,,,,,,,,,,,,,,,,,,,,,,,,,,,,,,,,,,,,
Q16656,Q11671720,,,,,,,,,,,,,,,,,,,,,,,,,,,,,,,,,,,,,,,,,,,,,
Q16657,Q18337218,,,,,,,,,,,,,,,,,,,,,,,,,,,,,,,,,,,,,,,,,,,,,
Q16668,Q11376947,,,,,,,,,,,,,,,,,,,,,,,,,,,,,,,,,,,,,,,,,,,,,
Q16672,Q11369383,,,,,,,,,,,,,,,,,,,,,,,,,,,,,,,,,,,,,,,,,,,,,
Q16681,Q1185323,,,,,,,,,,,,,,,,,,,,,,,,,,,485500,,,,,,,,,,,,,,,,,近衛-22,
Q16687,Q536313,,,,,,,,,,,,,,,,,,,,,,,,,,,994339,,,,,,,,,,,,,,,,,,
Q16688,Q447066,,,,,,,,,,,,,,,,,,,,,,,,,,,994342,,,,,,,,,,,,,,,,,,
Q16694,Q11384993,,,,,,,,,,,,,,,,,,,,,,,,,,,,,,,,,,,,,,,,,,,,,
Q16696,Q11545505,,,,,,,,,,,,,,,,,,,,,,,,,,,,,,,,,,,,,,,,,,,,正木-3,
Q16700,Q17210255,,,,,,,,,,,,,,,,,,,,,,,,,,,,,,,,,,,,,,,,,,,,,
Q16701,Q17210221,,,,,,,,,,,,,,,,,,,,,,,,,,,,,,,,,,,,,,,,,,,,,
Q16702,Q6639864,,,,,,,,,,,,,,,,,,,,,,,,,,,,,,,,,,,,,,,,,,,,,
Q16703,Q17210249,,,,,,,,,,,,,,,,,,,,,,,,,,,,,,,,,,,,,,,,,,,,,
Q16704,Q2172860,,,,,,,,,,,,,,,,,,,,,,,,,,,,,,,,,,,,,,,,,,,,,
Q16705,Q11546095,,,,,,,,,,,,,,,,,,,,,,,,,,,,,,,,,,,,,,,,,,,,,
Q16707,Q6639601,,,,,,,,,,,,,,,,,,,,,,,,,,,,,,,,,,,,,,,,,,,,,
Q16708,Q106816355,,,,,,,,,,,,,,,,,,,,,,,,,,,,,,,,,,,,,,,,,,,,,
Q16711,Q2446917,,,,,,,,,,,,,,,,,,,,,,,,,,,,,,,,,,,,,,,,,,,,織田-61,
Q16712,Q1187442,,,,,,,,,,,,,,,,,,,,,,,,,,,,,,,,,,,,,,,,,,,,織田-60,
Q16713,Q11376443,,,,,,,,,,,,,,,,,,,,,,,,,,,,,,,,,,,,,,,,,,,,,
Q16714,Q2390843,,,,,,,,,,,,,,,,,,,,,,,,,,,,,,,,,,,,,,,,,,,,,
Q16715,Q6639577,,,,,,,,,,,,,,,,,,,,,,,,,,,,,,,,,,,,,,,,,,,,,
Q16716,Q6416834,,,,,,,,,,,,,,,,,,,,,,,,,,,,,,,,,,,,,,,,,,,,,
Q16717,Q11518599,,,,,,,,,,,,,,,,,,,,,,,,,,,,,,,,,,,,,,,,,,,,,
Q16718,Q11406724,,,,,,,,,,,,,,,,,,,,,,,,,,,,,,,,,,,,,,,,,,,,,
Q16720,Q11406784,,,,,,,,,,,,,,,,,,,,,,,,,,,,,,,,,,,,,,,,,,,,,
Q16729,Q11414260,,,,,,,,,,,,,,,,,,,,,,,,,,,,,,,,,,,,,,,,,,,,,
Q16733,Q2102247,,,,,,,,,,,,,,,,,,,,,,,,,,,,,,,,,,,,,,,,,,,,,
Q16734,Q909963,,,,,,,,,,,,,,,,,,,,,,,,,,,,,,,,,,,,,,,,,,,,,
Q16735,Q11536669,,,,,,,,,,,,,,,,,,,,,,,,,,,,,,,,,,,,,,,,,,,,,
Q16737,Q2511179,,,,,,,,,,,,,,,,,,,,,,,,,,,,,,,,,,,,,,,,,,,,,
Q16739,Q11359217,,,,,,,,,,,,,,,,,,,,,,,,,,,,,,,,,,,,,,,,,,,,,
Q16741,Q11405942,,,,,,,,,,,,,,,,,,,,,,,,,,,,,,,,,,,,,,,,,,,,,
Q16744,Q11659555,,,,,,,,,,,,,,,,,,,,,,,,,,,,,,,,,,,,,,,,,,,,,
Q16745,Q11644642,,,,,,,,,,,,,,,,,,,,,,,,,,,,,,,,,,,,,,,,,,,,,
Q16749,Q11644670,,,,,,,,,,,,,,,,,,,,,,,,,,,,,,,,,,,,,,,,,,,,里見-3,
Q16750,Q3473967,,,,,,,,,,,,,,,,,,,,,,,,,,,,,,,,,,,,,,,,,,,,里見-8,
Q16753,Q11414253,,,,,,,,,,,,,,,,,,,,,,,,,,,,,,,,,,,,,,,,,,,,,
Q16755,Q11414268,,,,,,,,,,,,,,,,,,,,,,,,,,,,,,,,,,,,,,,,,,,,,
Q16758,Q10856551,,,,,,,,,,,,,,,,,,,,,,,,,,,,,,,,,,,,,,,,,,,,,
Q16761,Q12594625,,,,,,,,,,,,,,,,,,,,,,,,,,,,,,,,,,,,,,,,,,,,,
Q16762,Q11239103,,,,,,,,,,,,,,,,,,,,,,,,,,,,,,,,,,,,,,,,,,,,,
Q16765,Q11675726,,,,,,,,,,,,,,,,,,,,,,,,,,,,,,,,,,,,,,,,,,,,,
Q16766,Q11566401,,,,,,,,,,,,,,,,,,,,,,,,,,,,,,,,,,,,,,,,,,,,,
Q16768,Q11161208,,,,,,,,,,,,,,,,,,,,,,,,,,,,,,,,,,,,,,,,,,,,,
Q16769,Q11161358,,,,,,,,,,,,,,,,,,,,,,,,,,,,,,,,,,,,,,,,,,,,,
Q16770,Q28210156,,,,,,,,,,,,,,,,,,,,,,,,,,,,,,,,,,,,,,,,,,,,,
Q16771,Q28565708,,,,,,,,,,,,,,,,,,,,,,,,,,,,,,,,,,,,,,,,,,,,,
Q16776,Q109795657,,,,,,,,,,,,,,,,,,,,,,,,,,,,,,,,,,,,,,,,,,,,,
Q16778,Q11470821,,,,,,,,,,,,,,,,,,,,,,,,,,,,,,,,,,,,,,,,,,,,,
Q16779,Q6639945,,,,,,,,,,,,,,,,,,,,,,,,,,,,,,,,,,,,,,,,,,,,,
Q16780,Q6378167,,,,,,,,,,,,,,,,,,,,,,,,,,,,,,,,,,,,,,,,,,,,,
Q16782,Q11546116,,,,,,,,,,,,,,,,,,,,,,,,,,,,,,,,,,,,,,,,,,,,,
Q16789,Q6640093,,,,,,,,,,,,,,,,,,,,,,,,,,,,,,,,,,,,,,,,,,,,,
Q16790,Q6639981,,,,,,,,,,,,,,,,,,,,,,,,,,,,,,,,,,,,,,,,,,,,,
Q16794,Q171411,,,,,,,,,,19744,,,,,,,,,,,,,,,,,560567,,,,,,,,,,,,,,,,,織田-89,
Q16799,Q11352259,,,,,,,,,,,,,,,,,,,,,,,,,,,,,,,,,,,,,,,,,,,,,
Q16800,Q60452174,,,,,,,,,,,,,,,,,,,,,,,,,,,,,,,,,,,,,,,,,,,,,
Q16801,Q11668336,,,,,,,,,,,,,,,,,,,,,,,,,,,,,,,,,,,,,,,,,,,,,
Q16806,Q11634222,,,,,,,,,,,,,,,,,,,,,,,,,,,,,,,,,,,,,,,,,,,,,
Q16807,Q27920977,,,,,,,,,,,,,,,,,,,,,,,,,,,,,,,,,,,,,,,,,,,,,
Q16808,Q11263425,,,,,,,,,,,,,,,,,,,,,,,,,,,,,,,,,,,,,,,,,,,,,
Q16812,Q11518030,,,,,,,,,,,,,,,,,,,,,,,,,,,,,,,,,,,,,,,,,,,,,
Q16813,Q1553140,,,,,,,,,,,,,,,,,,,,,,,,,,,,,,,,,,,,,,,,,,,,木下-5,
Q16815,Q11517957,,,,,,,,,,,,,,,,,,,,,,,,,,,,,,,,,,,,,,,,,,,,,
Q16816,Q1369568,,,,,,,,,,,,,,,,,,,,,,,,,,,,,,,,,,,,,,,,,,,,,
Q16817,Q1067546,,,,,,,,,,,,,,,,,,,,,,,,,,,,,,,,,,,,,,,,,,,,,
Q16818,Q1143577,,,,,,,,,,,,,,,,,,,,,,,,,,,,,,,,,,,,,,,,,,,,浅野-8,
Q16822,Q1075049,,,,,,,,,,,,,,,,,,,,,,,,,,,,,,,,,,,,,,,,,,,,浅井-1,
Q16823,Q11464139,,,,,,,,,,,,,,,,,,,,,,,,,,,,,,,,,,,,,,,,,,,,井口-1,
Q16825,Q11556941,,,,,,,,,,,,,,,,,,,,,,,,,,,,,,,,,,,,,,,,,,,,,
Q16826,Q11556940,,,,,,,,,,,,,,,,,,,,,,,,,,,,,,,,,,,,,,,,,,,,,
Q16829,Q1153962,,,,,,,,,,,,,,,,,,,,,,,,,,,560569,,,,,,,,,,,,,,,,,織田-90,
Q16830,Q4207778,,,,,,,,,,,,,,,,,,,,,,,,,,,560571,,,,,,,,,,,,,,,,,土田-1,
Q16831,Q10470303,,,,,,,,,,,,,,,,,,,,,,,,,,,,,,,,,,,,,,,,,,,,織田-1,
Q16832,Q1188472,,,,,,,,,,,,,,,,,,,,,,,,,,,560579,,,,,,,,,,,,,,,,,,
Q16833,Q1186776,,,,,,,,,,,,,,,,,,,,,,,,,,,560573,,,,,,,,,,,,,,,,,織田-75,
Q16834,Q837903,,,,,,,,,,,,,,,,,,,,,,,,,,,560585,,,,,,,,,,,,,,,,,,
Q16835,Q851010,,,,,,,,,,,,,,,,,,,,,,,,,,,560581,,,,,,,,,,,,,,,,,,
Q16836,Q4215814,,,,,,,,,,,,,,,,,,,,,,,,,,,,,,,,,,,,,,,,,,,,,
Q16837,Q11608319,,,,,,,,,,,,,,,,,,,,,,,,,,,,,,,,,,,,,,,,,,,,,
Q16838,Q11608328,,,,,,,,,,,,,,,,,,,,,,,,,,,,,,,,,,,,,,,,,,,,,
Q16839,Q11608407,,,,,,,,,,,,,,,,,,,,,,,,,,,,,,,,,,,,,,,,,,,,,
Q16840,Q4208111,,,,,,,,,,,,,,,,,,,,,,,,,,,560577,,,,,,,,,,,,,,,,,,
Q16841,Q6544035,,,,,,,,,,,,,,,,,,,,,,,,,,,,,,,,,,,,,,,,,,,,,
Q16842,Q707587,,,,,,,,,,,,,,,,,,,,,,,,,,,,,,,,,,,,,,,,,,,,,
Q16843,Q11556908,,,,,,,,,,,,,,,,,,,,,,,,,,,,,,,,,,,,,,,,,,,,,
Q16844,Q4761701,,,,,,,,,,,,,,,,,,,,,,,,,,,,,,,,,,,,,,,,,,,,,
Q16856,Q11495749,,,,,,,,,,,,,,,,,,,,,,,,,,,,,,,,,,,,,,,,,,,,,
Q16858,Q2625556,,,,,,,,,,,,,,,,,,,,,,,,,,,,,,,,,,,,,,,,,,,,伊達-7,
Q16859,Q11609951,,,,,,,,,,,,,,,,,,,,,,,,,,,,,,,,,,,,,,,,,,,,,
Q16860,Q10856428,,,,,,,,,,,,,,,,,,,,,,,,,,,,,,,,,,,,,,,,,,,,,
Q16861,Q5361697,,,,,,,,,,,,,,,,,,,,,,,,,,,,,,,,,,,,,,,,,,,,田村-7,
Q16862,Q11666140,,,,,,,,,,,,,,,,,,,,,,,,,,,,,,,,,,,,,,,,,,,,,
Q16864,Q11504397,,,,,,,,,,,,,,,,,,,,,,,,,,,,,,,,,,,,,,,,,,,,,
Q16866,Q11400216,,,,,,,,,,,,,,,,,,,,,,,,,,,,,,,,,,,,,,,,,,,,,
Q16867,Q11446838,,,,,,,,,,,,,,,,,,,,,,,,,,,,,,,,,,,,,,,,,,,,,
Q16869,Q8190896,,,,,,,,,,,,,,,,,,,,,,,,,,,,,,,,,,,,,,,,,,,,伊達-12,
Q16870,Q11380731,,,,,,,,,,,,,,,,,,,,,,,,,,,,,,,,,,,,,,,,,,,,,
Q16872,Q11380752,,,,,,,,,,,,,,,,,,,,,,,,,,,,,,,,,,,,,,,,,,,,,
Q16873,Q11570261,,,,,,,,,,,,,,,,,,,,,,,,,,,,,,,,,,,,,,,,,,,,,
Q16874,Q11380713,,,,,,,,,,,,,,,,,,,,,,,,,,,,,,,,,,,,,,,,,,,,,
Q16875,Q11471909,,,,,,,,,,,,,,,,,,,,,,,,,,,,,,,,,,,,,,,,,,,,,
Q16876,Q8514136,,,,,,,,,,,,,,,,,,,,,,,,,,,,,,,,,,,,,,,,,,,,,
Q16877,Q11405852,,,,,,,,,,,,,,,,,,,,,,,,,,,,,,,,,,,,,,,,,,,,,
Q16878,Q115852,,,,,,,,,,,,,,,,,,,,,,,,,,,,,,,,,,,,,,,,,,,,伊達-15,
Q16879,Q10885143,,,,,,,,,,,,,,,,,,,,,,,,,,,,,,,,,,,,,,,,,,,,,
Q16880,Q10885142,,,,,,,,,,,,,,,,,,,,,,,,,,,,,,,,,,,,,,,,,,,,,
Q16881,Q97031481,,,,,,,,,,,,,,,,,,,,,,,,,,,,,,,,,,,,,,,,,,,,,
Q16882,Q109328386,,,,,,,,,,,,,,,,,,,,,,,,,,,,,,,,,,,,,,,,,,,,,
Q16883,Q5363387,,,,,,,,,,,,,,,,,,,,,,,,,,,,,,,,,,,,,,,,,,,,,
Q16885,Q70544691,,,,,,,,,,,,,,,,,,,,,,,,,,,,,,,,,,,,,,,,,,,,,
Q16892,Q11654929,,,,,,,,,,,,,,,,,,,,,,,,,,,,,,,,,,,,,,,,,,,,,
Q16893,Q10898943,,,,,,,,,,,,,,,,,,,,,,,,,,,,,,,,,,,,,,,,,,,,,
Q16894,Q11397525,,,,,,,,,,,,,,,,,,,,,,,,,,,,,,,,,,,,,,,,,,,,,
Q16895,Q11383495,,,,,,,,,,,,,,,,,,,,,,,,,,,,,,,,,,,,,,,,,,,,,
Q16896,Q11397696,,,,,,,,,,,,,,,,,,,,,,,,,,,,,,,,,,,,,,,,,,,,,
Q16897,Q11458352,,,,,,,,,,,,,,,,,,,,,,,,,,,,,,,,,,,,,,,,,,,,,
Q16899,Q11449184,,,,,,,,,,,,,,,,,,,,,,,,,,,,,,,,,,,,,,,,,,,,,
Q16900,Q11449183,,,,,,,,,,,,,,,,,,,,,,,,,,,,,,,,,,,,,,,,,,,,,
Q16902,Q11523022,,,,,,,,,,,,,,,,,,,,,,,,,,,,,,,,,,,,,,,,,,,,,
Q16905,Q6729103,,,,,,,,,,,,,,,,,,,,,,,,,,,,,,,,,,,,,,,,,,,,前田-60,
Q16906,Q11397671,,,,,,,,,,,,,,,,,,,,,,,,,,,,,,,,,,,,,,,,,,,,前田-66,
Q16907,Q10513641,,,,,,,,,,,,,,,,,,,,,,,,,,,,,,,,,,,,,,,,,,,,,
Q16912,Q11397439,,,,,,,,,,,,,,,,,,,,,,,,,,,560095,,,,,,,,,,,,,,,,,前田-41,
Q16913,Q6729106,,,,,,,,,,,,,,,,,,,,,,,,,,,559995,,,,,,,,,,,,,,,,,前田-23,
Q16914,Q11371041,,,,,,,,,,,,,,,,,,,,,,,,,,,,,,,,,,,,,,,,,,,,,
Q16915,Q11397442,,,,,,,,,,,,,,,,,,,,,,,,,,,560159,,,,,,,,,,,,,,,,,,
Q16916,Q11612770,,,,,,,,,,,,,,,,,,,,,,,,,,,,,,,,,,,,,,,,,,,,前田-63,
Q16917,Q17230021,,,,,,,,,,,,,,,,,,,,,,,,,,,,,,,,,,,,,,,,,,,,,
Q16918,Q11397436,,,,,,,,,,,,,,,,,,,,,,,,,,,560157,,,,,,,,,,,,,,,,,,
Q16920,Q11397432,,,,,,,,,,,,,,,,,,,,,,,,,,,560023,,,,,,,,,,,,,,,,,,
Q16921,Q11397519,,,,,,,,,,,,,,,,,,,,,,,,,,,,,,,,,,,,,,,,,,,,,
Q16922,Q11397527,,,,,,,,,,,,,,,,,,,,,,,,,,,,,,,,,,,,,,,,,,,,,
Q16926,Q17217673,,,,,,,,,,,,,,,,,,,,,,,,,,,,,,,,,,,,,,,,,,,,,
Q16928,Q11608336,,,,,,,,,,,,,,,,,,,,,,,,,,,,,,,,,,,,,,,,,,,,,
Q16929,Q11608265,,,,,,,,,,,,,,,,,,,,,,,,,,,,,,,,,,,,,,,,,,,,,
Q16930,Q11608288,,,,,,,,,,,,,,,,,,,,,,,,,,,,,,,,,,,,,,,,,,,,,
Q16932,Q11449186,,,,,,,,,,,,,,,,,,,,,,,,,,,,,,,,,,,,,,,,,,,,,
Q16933,Q11449180,,,,,,,,,,,,,,,,,,,,,,,,,,,,,,,,,,,,,,,,,,,,,
Q16934,Q11449181,,,,,,,,,,,,,,,,,,,,,,,,,,,,,,,,,,,,,,,,,,,,,
Q16935,Q1049766,,,,,,,,,,,,,,,,,,,,,,,,,,,,,,,,,,,,,,,,,,,,,
Q16946,Q5892750,,,,,,,,,,,,,,,,,,,,,,,,,,,,,,,,,,,,,,,,,,,,,
Q16947,Q10517461,,,,,,,,,,,,,,,,,,,,,,,,,,,,,,,,,,,,,,,,,,,,,
Q16948,Q114861378,,,,,,,,,,,,,,,,,,,,,,,,,,,,,,,,,,,,,,,,,,,,,
Q16949,Q11239118,,,,,,,,,,,,,,,,,,,,,,,,,,,,,,,,,,,,,,,,,,,,,
Q16950,Q11530413,,,,,,,,,,,,,,,,,,,,,,,,,,,,,,,,,,,,,,,,,,,,,
Q16951,Q11239121,,,,,,,,,,,,,,,,,,,,,,,,,,,,,,,,,,,,,,,,,,,,,
Q16956,Q11530469,,,,,,,,,,,,,,,,,,,,,,,,,,,,,,,,,,,,,,,,,,,,,
Q16957,Q10862103,,,,,,,,,,,,,,,,,,,,,,,,,,,,,,,,,,,,,,,,,,,,,
Q16959,Q11104450,,,,,,,,,,,,,,,,,,,,,,,,,,,,,,,,,,,,,,,,,,,,,
Q16967,Q22129298,,,,,,,,,,,,,,,,,,,,,,,,,,,,,,,,,,,,,,,,,,,,,
Q16970,Q38278562,,,,,,,,,,,,,,,,,,,,,,,,,,,,,,,,,,,,,,,,,,,,,
Q16974,Q8190277,,,,,,,,,,,,,,,,,,,,,,,,,,,,,,,,,,,,,,,,,,,,,
Q16975,Q10565554,,,,,,,,,,,,,,,,,,,,,,,,,,,,,,,,,,,,,,,,,,,,,
Q16976,Q10565545,,,,,,,,,,,,,,,,,,,,,,,,,,,,,,,,,,,,,,,,,,,,,
Q16978,Q10565614,,,,,,,,,,,,,,,,,,,,,,,,,,,,,,,,,,,,,,,,,,,,,
Q16983,Q11369427,,,,,,,,,,,,,,,,,,,,,,,,,,,,,,,,,,,,,,,,,,,,,
Q16986,Q10862141,,,,,,,,,,,,,,,,,,,,,,,,,,,,,,,,,,,,,,,,,,,,戸田-22,
Q16987,Q6832254,,,,,,,,,,,,,,,,,,,,,,,,,,,,,,,,,,,,,,,,,,,,,
Q16989,Q5369127,,,,,,,,,,,,,,,,,,,,,,,,,,,,,,,,,,,,,,,,,,,,松平-284,
Q16990,Q11069434,,,,,,,,,,,,,,,,,,,,,,,,,,,,,,,,,,,,,,,,,,,,,
Q16991,Q2040645,,,,,,,,,,,,,,,,,,,,,,,,,,,,,,,,,,,,,,,,,,,,保科-10,
Q16993,Q2478488,,,,,,,,,,,,,,,,,,,,,,,,,,,,,,,,,,,,,,,,,,,,保科-21,
Q16994,Q108489649,,,,,,,,,,,,,,,,,,,,,,,,,,,,,,,,,,,,,,,,,,,,,
Q16998,Q11069832,,,,,,,,,,,,,,,,,,,,,,,,,,,,,,,,,,,,,,,,,,,,,
Q17000,Q11069566,,,,,,,,,,,,,,,,,,,,,,,,,,,,,,,,,,,,,,,,,,,,,
Q17001,Q10729341,,,,,,,,,,,,,,,,,,,,,,,,,,,,,,,,,,,,,,,,,,,,,
Q17003,Q2113607,,,,,,,,,,,,,,,,,,,,,,,,,,,,,,,,,,,,,,,,,,,,保科-18,
Q17004,Q950496,,,,,,,,,,,,,,,,,,,,,,,,,,,,,,,,,,,,,,,,,,,,,
Q17005,Q11678600,,,,,,,,,,,,,,,,,,,,,,,,,,,,,,,,,,,,,,,,,,,,,
Q17006,Q11678708,,,,,,,,,,,,,,,,,,,,,,,,,,,,,,,,,,,,,,,,,,,,,
Q17007,Q11678722,,,,,,,,,,,,,,,,,,,,,,,,,,,,,,,,,,,,,,,,,,,,,
Q17009,Q111197312,,,,,,,,,,,,,,,,,,,,,,,,,,,,,,,,,,,,,,,,,,,,,
Q17010,Q11459092,,,,,,,,,,,,,,,,,,,,,,,,,,,,,,,,,,,,,,,,,,,,,
Q17011,Q11459094,,,,,,,,,,,,,,,,,,,,,,,,,,,,,,,,,,,,,,,,,,,,,
Q17015,Q10729353,,,,,,,,,,,,,,,,,,,,,,,,,,,,,,,,,,,,,,,,,,,,松平-107,
Q17016,Q22127677,,,,,,,,,,,,,,,,,,,,,,,,,,,,,,,,,,,,,,,,,,,,,
Q17017,Q10729348,,,,,,,,,,,,,,,,,,,,,,,,,,,,,,,,,,,,,,,,,,,,,
Q17018,Q10729345,,,,,,,,,,,,,,,,,,,,,,,,,,,,,,,,,,,,,,,,,,,,,
Q17019,Q11473887,,,,,,,,,,,,,,,,,,,,,,,,,,,,,,,,,,,,,,,,,,,,,
Q17020,Q11619291,,,,,,,,,,,,,,,,,,,,,,,,,,,,,,,,,,,,,,,,,,,,,
Q17021,Q11575548,,,,,,,,,,,,,,,,,,,,,,,,,,,,,,,,,,,,,,,,,,,,,
Q17022,Q10729505,,,,,,,,,,,,,,,,,,,,,,,,,,,,,,,,,,,,,,,,,,,,,
Q17024,Q8515273,,,,,,,,,,,,,,,,,,,,,,,,,,,,,,,,,,,,,,,,,,,,,
Q17025,Q8515268,,,,,,,,,,,,,,,,,,,,,,,,,,,,,,,,,,,,,,,,,,,,,
Q17026,Q11365235,,,,,,,,,,,,,,,,,,,,,,,,,,,,,,,,,,,,,,,,,,,,,
Q17027,Q11445788,,,,,,,,,,,,,,,,,,,,,,,,,,,,,,,,,,,,,,,,,,,,,
Q17028,Q4432157,,,,,,,,,,,,,,,,,,,,,,,,,,,,,,,,,,,,,,,,,,,,,
Q17030,Q11530401,,,,,,,,,,,,,,,,,,,,,,,,,,,,,,,,,,,,,,,,,,,,,
Q17034,Q10729423,,,,,,,,,,,,,,,,,,,,,,,,,,,,,,,,,,,,,,,,,,,,,
Q17037,Q6584319,,,,,,,,,,,,,,,,,,,,,,,,,,,,,,,,,,,,,,,,,,,,,
Q17038,Q11364745,,,,,,,,,,,,,,,,,,,,,,,,,,,,,,,,,,,,,,,,,,,,,
Q17040,Q11644170,,,,,,,,,,,,,,,,,,,,,,,,,,,,,,,,,,,,,,,,,,,,酒井-31,
Q17042,Q10565473,,,,,,,,,,,,,,,,,,,,,,,,,,,,,,,,,,,,,,,,,,,,,
Q17043,Q10565406,,,,,,,,,,,,,,,,,,,,,,,,,,,,,,,,,,,,,,,,,,,,,
Q17044,Q11551882,,,,,,,,,,,,,,,,,,,,,,,,,,,,,,,,,,,,,,,,,,,,,
Q17048,Q11356501,,,,,,,,,,,,,,,,,,,,,,,,,,,,,,,,,,,,,,,,,,,,,
Q17052,Q11615115,,,,,,,,,,,,,,,,,,,,,,,,,,,,,,,,,,,,,,,,,,,,,
Q17055,Q11551120,,,,,,,,,,,,,,,,,,,,,,,,,,,,,,,,,,,,,,,,,,,,,
Q17060,Q11530374,,,,,,,,,,,,,,,,,,,,,,,,,,,,,,,,,,,,,,,,,,,,,
Q17061,Q11530477,,,,,,,,,,,,,,,,,,,,,,,,,,,,,,,,,,,,,,,,,,,,松平-314,
Q17062,Q11530487,,,,,,,,,,,,,,,,,,,,,,,,,,,,,,,,,,,,,,,,,,,,,
Q17071,Q11599414,,,,,,,,,,,,,,,,,,,,,,,,,,,,,,,,,,,,,,,,,,,,,
Q17072,Q11445786,,,,,,,,,,,,,,,,,,,,,,,,,,,,,,,,,,,,,,,,,,,,,
Q17077,Q11661886,,,,,,,,,,,,,,,,,,,,,,,,,,,,,,,,,,,,,,,,,,,,,
Q17078,Q11661639,,,,,,,,,,,,,,,,,,,,,,,,,,,,,,,,,,,,,,,,,,,,,
Q17079,Q845447,,,,,,,,,,,,,,,,,,,,,,,,,,,,,,,,,,,,,,,,,,,,,
Q17081,Q10520860,,,,,,,,,,,,,,,,,,,,,,,,,,,,,,,,,,,,,,,,,,,,,
Q17084,Q11530618,,,,,,,,,,,,,,,,,,,,,,,,,,,,,,,,,,,,,,,,,,,,,
Q17087,Q4327464,,,,,,,,,,,,,,,,,,,,,,,,,,,,,,,,,,,,,,,,,,,,生駒-2,
Q17088,Q17216550,,,,,,,,,,,,,,,,,,,,,,,,,,,,,,,,,,,,,,,,,,,,,
Q17089,Q10470236,,,,,,,,,,,,,,,,,,,,,,,,,,,,,,,,,,,,,,,,,,,,,
Q17090,Q3044815,,,,,,,,,,,,,,,,,,,,,,,,,,,,,,,,,,,,,,,,,,,,織田-73,
Q17091,Q2614349,,,,,,,,,,,,,,,,,,,,,,,,,,,,,,,,,,,,,,,,,,,,織田-76,
Q17093,Q4220111,,,,,,,,,,,,,,,,,,,,,,,,,,,,,,,,,,,,,,,,,,,,,
Q17095,Q8192119,,,,,,,,,,,,,,,,,,,,,,,,,,,,,,,,,,,,,,,,,,,,小笠原-2,
Q17097,Q10856544,,,,,,,,,,,,,,,,,,,,,,,,,,,,,,,,,,,,,,,,,,,,小笠原-3,
Q17098,Q7079842,,,,,,,,,,,,,,,,,,,,,,,,,,,,,,,,,,,,,,,,,,,,小笠原-28,
Q17099,Q3275929,,,,,,,,,,,,,,,,,,,,,,,,,,,,,,,,,,,,,,,,,,,,,
Q17100,Q10518081,,,,,,,,,,,,,,,,,,,,,,,,,,,,,,,,,,,,,,,,,,,,,
Q17102,Q109666270,,,,,,,,,,,,,,,,,,,,,,,,,,,,,,,,,,,,,,,,,,,,,
Q17103,Q11608317,,,,,,,,,,,,,,,,,,,,,,,,,,,,,,,,,,,,,,,,,,,,,
Q17104,Q11608327,,,,,,,,,,,,,,,,,,,,,,,,,,,,,,,,,,,,,,,,,,,,織田-64,
Q17105,Q11608471,,,,,,,,,,,,,,,,,,,,,,,,,,,,,,,,,,,,,,,,,,,,織田-72,
Q17106,Q17210121,,,,,,,,,,,,,,,,,,,,,,,,,,,,,,,,,,,,,,,,,,,,,
Q17114,Q7140551,,,,,,,,,,,,,,,,,,,,,,,,,,,,,,,,,,,,,,,,,,,,,
Q17117,Q11262426,,,,,,,,,,,,,,,,,,,,,,,,,,,,,,,,,,,,,,,,,,,,,
Q17118,Q5362031,,,,,,,,,,,,,,,,,,,,,,,,,,,,,,,,,,,,,,,,,,,,,
Q17120,Q10948512,,,,,,,,,,,,,,,,,,,,,,,,,,,,,,,,,,,,,,,,,,,,,
Q17123,Q7005290,,,,,,,,,,,,,,,,,,,,,,,,,,,,,,,,,,,,,,,,,,,,徳川-83,
Q17124,Q323422,,,,,,,,,,,,,,,,,,,,,,,,,,,,,,,,,,,,,,,,,,,,徳川-89,
Q17125,Q7004484,,,,,,,,,,,,,,,,,,,,,,,,,,,,,,,,,,,,,,,,,,,,徳川-13,
Q17126,Q313745,,,,,,,,,,,,,,,,,,,,,,,,,,,,,,,,,,,,,,,,,,,,徳川-70,
Q17127,Q20041644,,,,,,,,,,,,,,,,,,,,,,,,,,,,,,,,,,,,,,,,,,,,,
Q17132,Q11385895,,,,,,,,,,,,,,,,,,,,,,,,,,,,,,,,,,,,,,,,,,,,,
Q17133,Q11286854,,,,,,,,,,,,,,,,,,,,,,,,,,,,,,,,,,,,,,,,,,,,保科-22,
Q17137,Q11239143,,,,,,,,,,,,,,,,,,,,,,,,,,,,,,,,,,,,,,,,,,,,保科-23,
Q17138,Q11104448,,,,,,,,,,,,,,,,,,,,,,,,,,,,,,,,,,,,,,,,,,,,,
Q17140,Q7140443,,,,,,,,,,,,,,,,,,,,,,,,,,,,,,,,,,,,,,,,,,,,松平-117,
Q17141,Q11567199,,,,,,,,,,,,,,,,,,,,,,,,,,,,,,,,,,,,,,,,,,,,,
Q17142,Q7077213,,,,,,,,,,,,,,,,,,,,,,,,,,,,,,,,,,,,,,,,,,,,,
Q17143,Q11556255,,,,,,,,,,,,,,,,,,,,,,,,,,,,,,,,,,,,,,,,,,,,織田-52,
Q17144,Q23986581,,,,,,,,,,,,,,,,,,,,,,,,,,,,,,,,,,,,,,,,,,,,,
Q17146,Q11550347,,,,,,,,,,,,,,,,,,,,,,,,,,,,,,,,,,,,,,,,,,,,,
Q17147,Q11550346,,,,,,,,,,,,,,,,,,,,,,,,,,,,,,,,,,,,,,,,,,,,,
Q17148,Q108896894,,,,,,,,,,,,,,,,,,,,,,,,,,,,,,,,,,,,,,,,,,,,,
Q17150,Q108780970,,,,,,,,,,,,,,,,,,,,,,,,,,,,,,,,,,,,,,,,,,,,,
Q17152,Q11530468,,,,,,,,,,,,,,,,,,,,,,,,,,,,,,,,,,,,,,,,,,,,,
Q17153,Q11530368,,,,,,,,,,,,,,,,,,,,,,,,,,,,,,,,,,,,,,,,,,,,,
Q17154,Q6788037,,,,,,,,,,,,,,,,,,,,,,,,,,,,,,,,,,,,,,,,,,,,,
Q17158,Q11530562,,,,,,,,,,,,,,,,,,,,,,,,,,,,,,,,,,,,,,,,,,,,,
Q17160,Q11530628,,,,,,,,,,,,,,,,,,,,,,,,,,,,,,,,,,,,,,,,,,,,,
Q17161,Q11530514,,,,,,,,,,,,,,,,,,,,,,,,,,,,,,,,,,,,,,,,,,,,,
Q17164,Q399755,,,,,,,,,,,,,,,,,,,,,,,,,,,,,,,,,,,,,,,,,,,,,
Q17168,Q982743,,,,,,,,,,,,,,,,,,,,,,,,,,,,,,,,,,,,,,,,,,,,徳川-84,I00523400
Q17169,Q11485397,,,,,,,,,,,,,,,,,,,,,,,,,,,,,,,,,,,,,,,,,,,,,
Q17181,Q11530664,,,,,,,,,,,,,,,,,,,,,,,,,,,,,,,,,,,,,,,,,,,,松平-210,
Q17182,Q11530659,,,,,,,,,,,,,,,,,,,,,,,,,,,,,,,,,,,,,,,,,,,,,
Q17184,Q11530642,,,,,,,,,,,,,,,,,,,,,,,,,,,,,,,,,,,,,,,,,,,,,
Q17185,Q11562272,,,,,,,,,,,,,,,,,,,,,,,,,,,,,,,,,,,,,,,,,,,,,
Q17186,Q11551720,,,,,,,,,,,,,,,,,,,,,,,,,,,,,,,,,,,,,,,,,,,,池田-7,
Q17187,Q11552098,,,,,,,,,,,,,,,,,,,,,,,,,,,,,,,,,,,,,,,,,,,,,
Q17189,Q6606306,,,,,,,,,,,,,,,,,,,,,,,,,,,,,,,,,,,,,,,,,,,,,
Q17192,Q6997950,,,,,,,,,,,,,,,,,,,,,,,,,,,,,,,,,,,,,,,,,,,,松平-115,
Q17193,Q6997897,,,,,,,,,,,,,,,,,,,,,,,,,,,,,,,,,,,,,,,,,,,,松平-114,
Q17194,Q11530629,,,,,,,,,,,,,,,,,,,,,,,,,,,,,,,,,,,,,,,,,,,,松平-3,
Q17195,Q11530652,,,,,,,,,,,,,,,,,,,,,,,,,,,,,,,,,,,,,,,,,,,,,
Q17196,Q6997763,,,,,,,,,,,,,,,,,,,,,,,,,,,,,,,,,,,,,,,,,,,,,
Q17197,Q11530633,,,,,,,,,,,,,,,,,,,,,,,,,,,,,,,,,,,,,,,,,,,,,
Q17200,Q6638114,,,,,,,,,,,,,,,,,,,,,,,,,,,,,,,,,,,,,,,,,,,,松平-57,
Q17201,Q6637970,,,,,,,,,,,,,,,,,,,,,,,,,,,,,,,,,,,,,,,,,,,,,
Q17202,Q6638093,,,,,,,,,,,,,,,,,,,,,,,,,,,,,,,,,,,,,,,,,,,,,
Q17203,Q6638494,,,,,,,,,,,,,,,,,,,,,,,,,,,,,,,,,,,,,,,,,,,,,
Q17204,Q6638530,,,,,,,,,,,,,,,,,,,,,,,,,,,,,,,,,,,,,,,,,,,,,
Q17207,Q841837,,,,,,,,,,,,,,,,,,,,,,,,,,,559989,,,,,,,,,,,,,,,,,前田-22,
Q17209,Q11471085,,,,,,,,,,,,,,,,,,,,,,,,,,,,,,,,,,,,,,,,,,,,,
Q17210,Q8515533,,,,,,,,,,,,,,,,,,,,,,,,,,,,,,,,,,,,,,,,,,,,,
Q17212,Q11605971,,,,,,,,,,,,,,,,,,,,,,,,,,,,,,,,,,,,,,,,,,,,細川-36,
Q17214,Q11445795,,,,,,,,,,,,,,,,,,,,,,,,,,,,,,,,,,,,,,,,,,,,,
Q17216,Q11331070,,,,,,,,,,,,,,,,,,,,,,,,,,,,,,,,,,,,,,,,,,,,,
Q17218,Q11445772,,,,,,,,,,,,,,,,,,,,,,,,,,,,,,,,,,,,,,,,,,,,,
Q17220,Q11239138,,,,,,,,,,,,,,,,,,,,,,,,,,,,,,,,,,,,,,,,,,,,,
Q17221,Q11530508,,,,,,,,,,,,,,,,,,,,,,,,,,,,,,,,,,,,,,,,,,,,,
Q17226,Q1036482,,,,,,,,,,,,,,,,,,,,,,,,,,,,,,,,,,,,,,,,,,,,池田-13,
Q17228,Q16846524,,,,,,,,,,,,,,,,,,,,,,,,,,,,,,,,,,,,,,,,,,,,池田-28,
Q17229,Q837166,,,,,,,,,,,,,,,,,,,,,,,,,,,,,,,,,,,,,,,,,,,,池田-29,
Q17230,Q11552181,,,,,,,,,,,,,,,,,,,,,,,,,,,,,,,,,,,,,,,,,,,,池田-30,
Q17231,Q11552186,,,,,,,,,,,,,,,,,,,,,,,,,,,,,,,,,,,,,,,,,,,,池田-31,
Q17233,Q11551736,,,,,,,,,,,,,,,,,,,,,,,,,,,,,,,,,,,,,,,,,,,,池田-24,
Q17234,Q11551934,,,,,,,,,,,,,,,,,,,,,,,,,,,,,,,,,,,,,,,,,,,,,
Q17235,Q11551734,,,,,,,,,,,,,,,,,,,,,,,,,,,,,,,,,,,,,,,,,,,,,
Q17236,Q11354388,,,,,,,,,,,,,,,,,,,,,,,,,,,,,,,,,,,,,,,,,,,,,
Q17237,Q11551695,,,,,,,,,,,,,,,,,,,,,,,,,,,,,,,,,,,,,,,,,,,,,
Q17240,Q11551926,,,,,,,,,,,,,,,,,,,,,,,,,,,,,,,,,,,,,,,,,,,,,
Q17241,Q6529278,,,,,,,,,,,,,,,,,,,,,,,,,,,,,,,,,,,,,,,,,,,,,
Q17243,Q6529371,,,,,,,,,,,,,,,,,,,,,,,,,,,,,,,,,,,,,,,,,,,,,
Q17244,Q11551987,,,,,,,,,,,,,,,,,,,,,,,,,,,,,,,,,,,,,,,,,,,,,
Q17247,Q11380696,,,,,,,,,,,,,,,,,,,,,,,,,,,,,,,,,,,,,,,,,,,,,
Q17248,Q6529295,,,,,,,,,,,,,,,,,,,,,,,,,,,,,,,,,,,,,,,,,,,,,
Q17253,Q2866311,,,,,,,,,,,,,,,,,,,,,,,,,,,,,,,,,,,,,,,,,,,,浅野-12,
Q17256,Q11557428,,,,,,,,,,,,,,,,,,,,,,,,,,,,,,,,,,,,,,,,,,,,,
Q17257,Q11557432,,,,,,,,,,,,,,,,,,,,,,,,,,,,,,,,,,,,,,,,,,,,,
Q17259,Q11396808,,,,,,,,,,,,,,,,,,,,,,,,,,,,,,,,,,,,,,,,,,,,,
Q17260,Q1194995,,,,,,,,,,,,,,,,,,,,,,,,,,,,,,,,,,,,,,,,,,,,,
Q17261,Q909029,,,,,,,,,,,,,,,,,,,,,,,,,,,,,,,,,,,,,,,,,,,,,
Q17262,Q11637854,,,,,,,,,,,,,,,,,,,,,,,,,,,,,,,,,,,,,,,,,,,,,
Q17263,Q11556423,,,,,,,,,,,,,,,,,,,,,,,,,,,,,,,,,,,,,,,,,,,,,
Q17264,Q838192,,,,,,,,,,,,,,,,,,,,,,,,,,,,,,,,,,,,,,,,,,,,,
Q17268,Q10791077,,,,,,,,,,,,,,,,,,,,,,,,,,,,,,,,,,,,,,,,,,,,,
Q17269,Q10791066,,,,,,,,,,,,,,,,,,,,,,,,,,,,,,,,,,,,,,,,,,,,,
Q17273,Q128865510,,,,,,,,,,,,,,,,,,,,,,,,,,,,,,,,,,,,,,,,,,,,,
Q17275,Q5994890,,,,,,,,,,,,,,,,,,,,,,,,,,,,,,,,,,,,,,,,,,,,,
Q17276,Q28690189,,,,,,,,,,,,,,,,,,,,,,,,,,,,,,,,,,,,,,,,,,,,,
Q17277,Q877175,,,,,,,,,,,,,,,,,,,,,,,,,,,,,,,,,,,,,,,,,,,,,
Q17280,Q11380723,,,,,,,,,,,,,,,,,,,,,,,,,,,,,,,,,,,,,,,,,,,,,
Q17281,Q11436379,,,,,,,,,,,,,,,,,,,,,,,,,,,,,,,,,,,,,,,,,,,,,
Q17289,Q3390342,,,,,,,,,,,,,,,,,,,,,,,,,,,,,,,,,,,,,,,,,,,,,
Q17293,Q247926,,,,,,,,,,,,,,,,,,,,,,,,,,,,,,,,,,,,,,,,,,,,,
Q17303,Q11566393,,,,,,,,,,,,,,,,,,,,,,,,,,,,,,,,,,,,,,,,,,,,,
Q17305,Q6088226,,,,,,,,,,,,,,,,,,,,,,,,,,,,,,,,,,,,,,,,,,,,,
Q17307,Q11560258,,,,,,,,,,,,,,,,,,,,,,,,,,,,,,,,,,,,,,,,,,,,,
Q17308,Q6013318,,,,,,,,,,,,,,,,,,,,,,,,,,,,,,,,,,,,,,,,,,,,,
Q17316,Q282529,,,,,,,,,,,,,,,,,,,,,,,,,,,,,,,,,,,,,,,,,,,,,
Q17317,Q11423414,,,,,,,,,,,,,,,,,,,,,,,,,,,,,,,,,,,,,,,,,,,,,
Q17319,Q11423406,,,,,,,,,,,,,,,,,,,,,,,,,,,,,,,,,,,,,,,,,,,,,
Q17321,Q11423418,,,,,,,,,,,,,,,,,,,,,,,,,,,,,,,,,,,,,,,,,,,,,
Q17322,Q4700561,,,,,,,,,,,,,,,,,,,,,,,,,,,,,,,,,,,,,,,,,,,,,
Q17324,Q109918523,,,,,,,,,,,,,,,,,,,,,,,,,,,,,,,,,,,,,,,,,,,,,
Q17327,Q60986016,,,,,,,,,,,,,,,,,,,,,,,,,,,,,,,,,,,,,,,,,,,,,
Q17328,Q11447199,,,,,,,,,,,,,,,,,,,,,,,,,,,,,,,,,,,,,,,,,,,,妻木-1,
Q17329,Q4700562,,,,,,,,,,,,,,,,,,,,,,,,,,,,,,,,,,,,,,,,,,,,明智-2,
Q17330,Q256864,,,,,,,,,,,,,,,,,,,,,,,,,,,,,,,,,,,,,,,,,,,,明智-1,
Q17334,Q11608404,,,,,,,,,,,,,,,,,,,,,,,,,,,,,,,,,,,,,,,,,,,,,
Q17340,Q114342506,,,,,,,,,,,,,,,,,,,,,,,,,,,,,,,,,,,,,,,,,,,,,
Q17344,Q6639996,,,,,,,,,,,,,,,,,,,,,,,,,,,,,,,,,,,,,,,,,,,,,
Q17346,Q11546124,,,,,,,,,,,,,,,,,,,,,,,,,,,,,,,,,,,,,,,,,,,,,
Q17347,Q11546102,,,,,,,,,,,,,,,,,,,,,,,,,,,,,,,,,,,,,,,,,,,,,
Q17348,Q11546114,,,,,,,,,,,,,,,,,,,,,,,,,,,,,,,,,,,,,,,,,,,,,
Q17349,Q11371631,,,,,,,,,,,,,,,,,,,,,,,,,,,,,,,,,,,,,,,,,,,,,
Q17351,Q17229776,,,,,,,,,,,,,,,,,,,,,,,,,,,,,,,,,,,,,,,,,,,,,
Q17352,Q11578676,,,,,,,,,,,,,,,,,,,,,,,,,,,,,,,,,,,,,,,,,,,,,
Q17353,Q5680891,,,,,,,,,,,,,,,,,,,,,,,,,,,,,,,,,,,,,,,,,,,,,
Q17354,Q11578640,,,,,,,,,,,,,,,,,,,,,,,,,,,,,,,,,,,,,,,,,,,,,
Q17355,Q11162389,,,,,,,,,,,,,,,,,,,,,,,,,,,,,,,,,,,,,,,,,,,,,
Q17356,Q11245032,,,,,,,,,,,,,,,,,,,,,,,,,,,,,,,,,,,,,,,,,,,,,
Q17357,Q11245262,,,,,,,,,,,,,,,,,,,,,,,,,,,,,,,,,,,,,,,,,,,,,
Q17358,Q11246255,,,,,,,,,,,,,,,,,,,,,,,,,,,,,,,,,,,,,,,,,,,,,
Q17364,Q11615304,,,,,,,,,,,,,,,,,,,,,,,,,,,,,,,,,,,,,,,,,,,,,
Q17367,Q108716775,,,,,,,,,,,,,,,,,,,,,,,,,,,,,,,,,,,,,,,,,,,,,
Q17368,Q108781653,,,,,,,,,,,,,,,,,,,,,,,,,,,,,,,,,,,,,,,,,,,,,
Q17372,Q11383476,,,,,,,,,,,,,,,,,,,,,,,,,,,,,,,,,,,,,,,,,,,,,
Q17373,Q11383411,,,,,,,,,,,,,,,,,,,,,,,,,,,,,,,,,,,,,,,,,,,,,
Q17374,Q11383456,,,,,,,,,,,,,,,,,,,,,,,,,,,,,,,,,,,,,,,,,,,,,
Q17377,Q123406243,,,,,,,,,,,,,,,,,,,,,,,,,,,,,,,,,,,,,,,,,,,,,
Q17384,Q11459910,,,,,,,,,,,,,,,,,,,,,,,,,,,,,,,,,,,,,,,,,,,,,
Q17386,Q111357011,,,,,,,,,,,,,,,,,,,,,,,,,,,,,,,,,,,,,,,,,,,,,
Q17387,Q380623,,,,,,,,,,,,,,,,,,,,,,,,,,,485519,,,,,,,,,,,,,,,,,Go-tsuchimikado-tennō_後土御門天皇-1,I00523425
Q17401,Q11376399,,,,,,,,,,,,,,,,,,,,,,,,,,,,,,,,,,,,,,,,,,,,,
Q17404,Q109362095,,,,,,,,,,,,,,,,,,,,,,,,,,,,,,,,,,,,,,,,,,,,,
Q17412,Q11605893,,,,,,,,,,,,,,,,,,,,,,,,,,,,,,,,,,,,,,,,,,,,,
Q17413,Q7223250,,,,,,,,,,,,,,,,,,,,,,,,,,,808520,,,,,,,,,,,,,,,,,,
Q17416,Q17228328,,,,,,,,,,,,,,,,,,,,,,,,,,,,,,,,,,,,,,,,,,,,,
Q17417,Q17216220,,,,,,,,,,,,,,,,,,,,,,,,,,,,,,,,,,,,,,,,,,,,,
Q17418,Q11459736,,,,,,,,,,,,,,,,,,,,,,,,,,,,,,,,,,,,,,,,,,,,,
Q17429,Q11239169,,,,,,,,,,,,,,,,,,,,,,,,,,,,,,,,,,,,,,,,,,,,,
Q17432,Q11567204,,,,,,,,,,,,,,,,,,,,,,,,,,,,,,,,,,,,,,,,,,,,,
Q17436,Q11578238,,,,,,,,,,,,,,,,,,,,,,,,,,,,,,,,,,,,,,,,,,,,,
Q17445,Q20040954,,,,,,,,,,,,,,,,,,,,,,,,,,,,,,,,,,,,,,,,,,,,,
Q17450,Q11395359,,,,,,,,,,,,,,,,,,,,,,,,,,,806459,,,,,,,,,,,,,,,,,冷泉-4,
Q17453,Q11489575,,,,,,,,,,,,,,,,,,,,,,,,,,,,,,,,,,,,,,,,,,,,,
Q17454,Q17225176,,,,,,,,,,,,,,,,,,,,,,,,,,,,,,,,,,,,,,,,,,,,,
Q17455,Q17230241,,,,,,,,,,,,,,,,,,,,,,,,,,,,,,,,,,,,,,,,,,,,,
Q17456,Q11605902,,,,,,,,,,,,,,,,,,,,,,,,,,,,,,,,,,,,,,,,,,,,,
Q17458,Q27920526,,,,,,,,,,,,,,,,,,,,,,,,,,,,,,,,,,,,,,,,,,,,,
Q17473,Q349467,,,,,,,,,,,,,,,,,,,,,,,,,,,485507,,,,,,,,,,,,,,,,,Go-Nara-tennō_後奈良天皇-1,I00523384
Q17474,Q11510569,,,,,,,,,,,,,,,,,,,,,,,,,,,,,,,,,,,,,,,,,,,,,
Q17481,Q11510656,,,,,,,,,,,,,,,,,,,,,,,,,,,,,,,,,,,,,,,,,,,,,
Q17483,Q11635730,,,,,,,,,,,,,,,,,,,,,,,,,,,,,,,,,,,,,,,,,,,,,
Q17484,Q28413816,,,,,,,,,,,,,,,,,,,,,,,,,,,,,,,,,,,,,,,,,,,,,
Q17486,Q28413810,,,,,,,,,,,,,,,,,,,,,,,,,,,,,,,,,,,,,,,,,,,,,
Q17488,Q4805077,,,,,,,,,,,,,,,,,,,,,,,,,,,994340,,,,,,,,,,,,,,,,,,
Q17597,Q11427759,,,,,,,,,,,,,,,,,,,,,,,,,,,,,,,,,,,,,,,,,,,,,
Q17598,Q119923203,,,,,,,,,,,,,,,,,,,,,,,,,,,,,,,,,,,,,,,,,,,,,
Q17628,Q497432,,,,,,,,,,,,,,,,,,,,,,,,,,,,,,,,,,,,,,,,,,,,,
Q17629,Q497460,,,,,,,,,,,,,,,,,,,,,,,,,,,,,,,,,,,,,,,,,,,,,
Q17630,Q16184938,,,,,,,,,,,,,,,,,,,,,,,,,,,,,,,,,,,,,,,,,,,,,
Q17632,Q28517179,,,,,,,,,,,,,,,,,,,,,,,,,,,,,,,,,,,,,,,,,,,,,
Q17633,Q496592,,,,,,,,,,,,,,,,,,,,,,,,,,,,,,,,,,,,,,,,,,,,,
Q17634,Q494883,,,,,,,,,,,,,,,,,,,,,,,,,,,,,,,,,,,,,,,,,,,,,
Q17635,Q84363404,,,,,,,,,,,,,,,,,,,,,,,,,,,,,,,,,,,,,,,,,,,,,
Q17636,Q28501892,,,,,,,,,,,,,,,,,,,,,,,,,,,,,,,,,,,,,,,,,,,,,
Q17637,Q28777920,,,,,,,,,,,,,,,,,,,,,,,,,,,,,,,,,,,,,,,,,,,,,
Q17638,Q84764622,,,,,,,,,,,,,,,,,,,,,,,,,,,,,,,,,,,,,,,,,,,,,
Q17639,Q485591,,,,,,,,,,,,,,,,,,,,,,,,,,,,,,,,,,,,,,,,,,,,,
Q17640,Q16167397,,,,,,,,,,,,,,,,,,,,,,,,,,,,,,,,,,,,,,,,,,,,,
Q17641,Q84688387,,,,,,,,,,,,,,,,,,,,,,,,,,,,,,,,,,,,,,,,,,,,,
Q17642,Q490888,,,,,,,,,,,,,,,,,,,,,,,,,,,,,,,,,,,,,,,,,,,,,
Q17644,Q4308625,,,,,,,,,,,,,,,,,,,,,,,,,,,,,,,,,,,,,,,,,,,,,I00428295
Q17645,Q4308657,,,,,,,,,,,,,,,,,,,,,,,,,,,,,,,,,,,,,,,,,,,,,I00428296
Q17647,Q11097327,,,,,,,,,,,,,,,,,,,,,,,,,,,,,,,,,,,,,,,,,,,,,
Q17648,Q11097298,,,,,,,,,,,,,,,,,,,,,,,,,,,,,,,,,,,,,,,,,,,,,
Q17649,Q10917554,,,,,,,,,,,,,,,,,,,,,,,,,,,,,,,,,,,,,,,,,,,,,
Q17650,Q4308218,,,,,,,,,,,,,,,,,,,,,,,,,,,,,,,,,,,,,,,,,,,,,I00428298
Q17651,Q15903178,,,,,,,,,,,,,,,,,,,,,,,,,,,,,,,,,,,,,,,,,,,,,
Q17652,Q8251363,,,,,,,,,,,,,,,,,,,,,,,,,,,,,,,,,,,,,,,,,,,,,
Q17653,Q8262885,,,,,,,,,,,,,,,,,,,,,,,,,,,,,,,,,,,,,,,,,,,,,
Q17654,Q8251530,,,,,,,,,,,,,,,,,,,,,,,,,,,,,,,,,,,,,,,,,,,,,
Q17655,Q16076737,,,,,,,,,,,,,,,,,,,,,,,,,,,,,,,,,,,,,,,,,,,,,
Q17656,Q8251601,,,,,,,,,,,,,,,,,,,,,,,,,,,,,,,,,,,,,,,,,,,,,
Q17657,Q8251583,,,,,,,,,,,,,,,,,,,,,,,,,,,,,,,,,,,,,,,,,,,,,
Q17658,Q18118144,,,,,,,,,,,,,,,,,,,,,,,,,,,,,,,,,,,,,,,,,,,,,
Q17659,Q65801414,,,,,,,,,,,,,,,,,,,,,,,,,,,,,,,,,,,,,,,,,,,,,
Q17660,Q1152149,,,,,,,,,,,,,,,,,,,,,,,,,,,,,,,,,,,,,,,,,,,,,I00428300
Q17661,Q8251352,,,,,,,,,,,,,,,,,,,,,,,,,,,,,,,,,,,,,,,,,,,,,
Q17662,Q8262893,,,,,,,,,,,,,,,,,,,,,,,,,,,,,,,,,,,,,,,,,,,,,
Q17663,Q8251489,,,,,,,,,,,,,,,,,,,,,,,,,,,,,,,,,,,,,,,,,,,,,
Q17665,Q8251514,,,,,,,,,,,,,,,,,,,,,,,,,,,,,,,,,,,,,,,,,,,,,
Q17666,Q8251456,,,,,,,,,,,,,,,,,,,,,,,,,,,,,,,,,,,,,,,,,,,,,
Q17667,Q8251372,,,,,,,,,,,,,,,,,,,,,,,,,,,,,,,,,,,,,,,,,,,,,
Q17668,Q855999,,,,,,,,,,,,,,,,,,,,,,,,,,,,,,,,,,,,,,,,,,,,,
Q17669,Q699664,,,,,,,,,,,,,,,,,,,,,,,,,,,,,,,,,,,,,,,,,,,,,
Q17670,Q4308808,,,,,,,,,,,,,,,,,,,,,,,,,,,,,,,,,,,,,,,,,,,,,
Q17671,Q701556,,,,,,,,,,,,,,,,,,,,,,,,,,,,,,,,,,,,,,,,,,,,,
Q17672,Q703328,,,,,,,,,,,,,,,,,,,,,,,,,,,,,,,,,,,,,,,,,,,,,
Q17673,Q4308867,,,,,,,,,,,,,,,,,,,,,,,,,,,,,,,,,,,,,,,,,,,,,
Q17674,Q4308980,,,,,,,,,,,,,,,,,,,,,,,,,,,,,,,,,,,,,,,,,,,,,
Q17675,Q4309009,,,,,,,,,,,,,,,,,,,,,,,,,,,,,,,,,,,,,,,,,,,,,
Q17676,Q4307810,,,,,,,,,,,,,,,,,,,,,,,,,,,,,,,,,,,,,,,,,,,,,
Q17677,Q9703,,,,,,,,,,,,,,,,,,,,,,,,,,,,,,,,,,,,,,,,,,,,,I00428301
Q17678,Q4309050,,,,,,,,,,,,,,,,,,,,,,,,,,,,,,,,,,,,,,,,,,,,,
Q17679,Q4309077,,,,,,,,,,,,,,,,,,,,,,,,,,,,,,,,,,,,,,,,,,,,,
Q17680,Q4309087,,,,,,,,,,,,,,,,,,,,,,,,,,,,,,,,,,,,,,,,,,,,,
Q17681,Q4309099,,,,,,,,,,,,,,,,,,,,,,,,,,,,,,,,,,,,,,,,,,,,,
Q17682,Q4309120,,,,,,,,,,,,,,,,,,,,,,,,,,,,,,,,,,,,,,,,,,,,,
Q17683,Q4309207,,,,,,,,,,,,,,,,,,,,,,,,,,,,,,,,,,,,,,,,,,,,,
Q17684,Q4309884,,,,,,,,,,,,,,,,,,,,,,,,,,,,,,,,,,,,,,,,,,,,,
Q17685,Q4309898,,,,,,,,,,,,,,,,,,,,,,,,,,,,,,,,,,,,,,,,,,,,,
Q17686,Q4309903,,,,,,,,,,,,,,,,,,,,,,,,,,,,,,,,,,,,,,,,,,,,,
Q17687,Q4309910,,,,,,,,,,,,,,,,,,,,,,,,,,,,,,,,,,,,,,,,,,,,,
Q17688,Q4309916,,,,,,,,,,,,,,,,,,,,,,,,,,,,,,,,,,,,,,,,,,,,,
Q17689,Q4309922,,,,,,,,,,,,,,,,,,,,,,,,,,,,,,,,,,,,,,,,,,,,,
Q17690,Q4309933,,,,,,,,,,,,,,,,,,,,,,,,,,,,,,,,,,,,,,,,,,,,,
Q17691,Q4309944,,,,,,,,,,,,,,,,,,,,,,,,,,,,,,,,,,,,,,,,,,,,,
Q17692,Q4309963,,,,,,,,,,,,,,,,,,,,,,,,,,,,,,,,,,,,,,,,,,,,,
Q17693,Q4309969,,,,,,,,,,,,,,,,,,,,,,,,,,,,,,,,,,,,,,,,,,,,,
Q17694,Q4309987,,,,,,,,,,,,,,,,,,,,,,,,,,,,,,,,,,,,,,,,,,,,,
Q17695,Q4310027,,,,,,,,,,,,,,,,,,,,,,,,,,,,,,,,,,,,,,,,,,,,,
Q17696,Q4310040,,,,,,,,,,,,,,,,,,,,,,,,,,,,,,,,,,,,,,,,,,,,,
Q17697,Q4310055,,,,,,,,,,,,,,,,,,,,,,,,,,,,,,,,,,,,,,,,,,,,,
Q17698,Q4310073,,,,,,,,,,,,,,,,,,,,,,,,,,,,,,,,,,,,,,,,,,,,,
Q17699,Q4310081,,,,,,,,,,,,,,,,,,,,,,,,,,,,,,,,,,,,,,,,,,,,,
Q17700,Q4310088,,,,,,,,,,,,,,,,,,,,,,,,,,,,,,,,,,,,,,,,,,,,,
Q17701,Q4310095,,,,,,,,,,,,,,,,,,,,,,,,,,,,,,,,,,,,,,,,,,,,,
Q17702,Q4310103,,,,,,,,,,,,,,,,,,,,,,,,,,,,,,,,,,,,,,,,,,,,,
Q17703,Q4310113,,,,,,,,,,,,,,,,,,,,,,,,,,,,,,,,,,,,,,,,,,,,,
Q17704,Q8255026,,,,,,,,,,,,,,,,,,,,,,,,,,,,,,,,,,,,,,,,,,,,,
Q17705,Q5067754,,,,,,,,,,,,,,,,,,,,,,,,,,,,,,,,,,,,,,,,,,,,,
Q17706,Q10350884,,,,,,,,,,,,,,,,,,,,,,,,,,,,,,,,,,,,,,,,,,,,,
Q17707,Q11110091,,,,,,,,,,,,,,,,,,,,,,,,,,,,,,,,,,,,,,,,,,,,,
Q17708,Q48890506,,,,,,,,,,,,,,,,,,,,,,,,,,,,,,,,,,,,,,,,,,,,,
Q17709,Q45479691,,,,,,,,,,,,,,,,,,,,,,,,,,,,,,,,,,,,,,,,,,,,,
Q17710,Q45419224,,,,,,,,,,,,,,,,,,,,,,,,,,,,,,,,,,,,,,,,,,,,,
Q17711,Q16260285,,,,,,,,,,,,,,,,,,,,,,,,,,,,,,,,,,,,,,,,,,,,,
Q17712,Q45421261,,,,,,,,,,,,,,,,,,,,,,,,,,,,,,,,,,,,,,,,,,,,,
Q17713,Q10564930,,,,,,,,,,,,,,,,,,,,,,,,,,,,,,,,,,,,,,,,,,,,,
Q17714,Q22813910,,,,,,,,,,,,,,,,,,,,,,,,,,,,,,,,,,,,,,,,,,,,,
Q17715,Q11125555,,,,,,,,,,,,,,,,,,,,,,,,,,,,,,,,,,,,,,,,,,,,,
Q17716,Q24836638,,,,,,,,,,,,,,,,,,,,,,,,,,,,,,,,,,,,,,,,,,,,,
Q17717,Q24836697,,,,,,,,,,,,,,,,,,,,,,,,,,,,,,,,,,,,,,,,,,,,,
Q17718,Q45471917,,,,,,,,,,,,,,,,,,,,,,,,,,,,,,,,,,,,,,,,,,,,,
Q17720,Q65802743,,,,,,,,,,,,,,,,,,,,,,,,,,,,,,,,,,,,,,,,,,,,,
Q17721,Q45477921,,,,,,,,,,,,,,,,,,,,,,,,,,,,,,,,,,,,,,,,,,,,,
Q17722,Q45478206,,,,,,,,,,,,,,,,,,,,,,,,,,,,,,,,,,,,,,,,,,,,,
Q17723,Q133447392,,,,,,,,,,,,,,,,,,,,,,,,,,,,,,,,,,,,,,,,,,,,,
Q17724,Q16260451,,,,,,,,,,,,,,,,,,,,,,,,,,,,,,,,,,,,,,,,,,,,,
Q17725,Q45599462,,,,,,,,,,,,,,,,,,,,,,,,,,,,,,,,,,,,,,,,,,,,,
Q17727,Q45489131,,,,,,,,,,,,,,,,,,,,,,,,,,,,,,,,,,,,,,,,,,,,,
Q17728,Q45489195,,,,,,,,,,,,,,,,,,,,,,,,,,,,,,,,,,,,,,,,,,,,,
Q17729,Q45489257,,,,,,,,,,,,,,,,,,,,,,,,,,,,,,,,,,,,,,,,,,,,,
Q17730,Q45489322,,,,,,,,,,,,,,,,,,,,,,,,,,,,,,,,,,,,,,,,,,,,,
Q17731,Q45489388,,,,,,,,,,,,,,,,,,,,,,,,,,,,,,,,,,,,,,,,,,,,,
Q17732,Q45489578,,,,,,,,,,,,,,,,,,,,,,,,,,,,,,,,,,,,,,,,,,,,,
Q17733,Q45489642,,,,,,,,,,,,,,,,,,,,,,,,,,,,,,,,,,,,,,,,,,,,,
Q17734,Q45489705,,,,,,,,,,,,,,,,,,,,,,,,,,,,,,,,,,,,,,,,,,,,,
Q17736,Q45489835,,,,,,,,,,,,,,,,,,,,,,,,,,,,,,,,,,,,,,,,,,,,,
Q17737,Q45489901,,,,,,,,,,,,,,,,,,,,,,,,,,,,,,,,,,,,,,,,,,,,,
Q17738,Q45489963,,,,,,,,,,,,,,,,,,,,,,,,,,,,,,,,,,,,,,,,,,,,,
Q17739,Q45490026,,,,,,,,,,,,,,,,,,,,,,,,,,,,,,,,,,,,,,,,,,,,,
Q17741,Q45490153,,,,,,,,,,,,,,,,,,,,,,,,,,,,,,,,,,,,,,,,,,,,,
Q17742,Q45490218,,,,,,,,,,,,,,,,,,,,,,,,,,,,,,,,,,,,,,,,,,,,,
Q17746,Q45476198,,,,,,,,,,,,,,,,,,,,,,,,,,,,,,,,,,,,,,,,,,,,,
Q17747,Q45476325,,,,,,,,,,,,,,,,,,,,,,,,,,,,,,,,,,,,,,,,,,,,,
Q17748,Q45476390,,,,,,,,,,,,,,,,,,,,,,,,,,,,,,,,,,,,,,,,,,,,,
Q17750,Q45476709,,,,,,,,,,,,,,,,,,,,,,,,,,,,,,,,,,,,,,,,,,,,,
Q17752,Q45424433,,,,,,,,,,,,,,,,,,,,,,,,,,,,,,,,,,,,,,,,,,,,,
Q17753,Q45478855,,,,,,,,,,,,,,,,,,,,,,,,,,,,,,,,,,,,,,,,,,,,,
Q17754,Q45478920,,,,,,,,,,,,,,,,,,,,,,,,,,,,,,,,,,,,,,,,,,,,,
Q17755,Q45488113,,,,,,,,,,,,,,,,,,,,,,,,,,,,,,,,,,,,,,,,,,,,,
Q17756,Q45488177,,,,,,,,,,,,,,,,,,,,,,,,,,,,,,,,,,,,,,,,,,,,,
Q17757,Q45488240,,,,,,,,,,,,,,,,,,,,,,,,,,,,,,,,,,,,,,,,,,,,,
Q17758,Q45488620,,,,,,,,,,,,,,,,,,,,,,,,,,,,,,,,,,,,,,,,,,,,,
Q17759,Q45488748,,,,,,,,,,,,,,,,,,,,,,,,,,,,,,,,,,,,,,,,,,,,,
Q17760,Q30924023,,,,,,,,,,,,,,,,,,,,,,,,,,,,,,,,,,,,,,,,,,,,,
Q17761,Q45471353,,,,,,,,,,,,,,,,,,,,,,,,,,,,,,,,,,,,,,,,,,,,,
Q17766,Q45474485,,,,,,,,,,,,,,,,,,,,,,,,,,,,,,,,,,,,,,,,,,,,,
Q17767,Q45474610,,,,,,,,,,,,,,,,,,,,,,,,,,,,,,,,,,,,,,,,,,,,,
Q17768,Q45474739,,,,,,,,,,,,,,,,,,,,,,,,,,,,,,,,,,,,,,,,,,,,,
Q17771,Q16075506,,,,,,,,,,,,,,,,,,,,,,,,,,,,,,,,,,,,,,,,,,,,,
Q17772,Q11095932,,,,,,,,,,,,,,,,,,,,,,,,,,,,,,,,,,,,,,,,,,,,,
Q17773,Q16075508,,,,,,,,,,,,,,,,,,,,,,,,,,,,,,,,,,,,,,,,,,,,,
Q17774,Q10338468,,,,,,,,,,,,,,,,,,,,,,,,,,,,,,,,,,,,,,,,,,,,,
Q17776,Q10899765,,,,,,,,,,,,,,,,,,,,,,,,,,,,,,,,,,,,,,,,,,,,,
Q17778,Q45422697,,,,,,,,,,,,,,,,,,,,,,,,,,,,,,,,,,,,,,,,,,,,,
Q17779,Q45475630,,,,,,,,,,,,,,,,,,,,,,,,,,,,,,,,,,,,,,,,,,,,,
Q17780,Q45474993,,,,,,,,,,,,,,,,,,,,,,,,,,,,,,,,,,,,,,,,,,,,,
Q17781,Q65808461,,,,,,,,,,,,,,,,,,,,,,,,,,,,,,,,,,,,,,,,,,,,,
Q17782,Q45627709,,,,,,,,,,,,,,,,,,,,,,,,,,,,,,,,,,,,,,,,,,,,,
Q17783,Q45449182,,,,,,,,,,,,,,,,,,,,,,,,,,,,,,,,,,,,,,,,,,,,,
Q17784,Q45449244,,,,,,,,,,,,,,,,,,,,,,,,,,,,,,,,,,,,,,,,,,,,,
Q17785,Q45449309,,,,,,,,,,,,,,,,,,,,,,,,,,,,,,,,,,,,,,,,,,,,,
Q17786,Q45449371,,,,,,,,,,,,,,,,,,,,,,,,,,,,,,,,,,,,,,,,,,,,,
Q17787,Q45449436,,,,,,,,,,,,,,,,,,,,,,,,,,,,,,,,,,,,,,,,,,,,,
Q17788,Q45449498,,,,,,,,,,,,,,,,,,,,,,,,,,,,,,,,,,,,,,,,,,,,,
Q17789,Q45449561,,,,,,,,,,,,,,,,,,,,,,,,,,,,,,,,,,,,,,,,,,,,,
Q17790,Q45449626,,,,,,,,,,,,,,,,,,,,,,,,,,,,,,,,,,,,,,,,,,,,,
Q17793,Q97613640,,,,,,,,,,,,,,,,,,,,,,,,,,,,,,,,,,,,,,,,,,,,,
Q17801,Q11603659,,,,,,,,,,,,,,,,,,,,,,,,,,,,,,,,,,,,,,,,,,,,,
Q17813,Q11356536,,,,,,,,,,,,,,,,,,,,,,,,,,,,,,,,,,,,,,,,,,,,,
Q17816,Q3547763,,,,,,,,,,,,,,,,,,,,,,,,,,,,,,,,,,,,,,,,,,,,,
Q17817,Q11359194,,,,,,,,,,,,,,,,,,,,,,,,,,,,,,,,,,,,,,,,,,,,,
Q17821,Q11359151,,,,,,,,,,,,,,,,,,,,,,,,,,,,,,,,,,,,,,,,,,,,,
Q17825,Q11383453,,,,,,,,,,,,,,,,,,,,,,,,,,,,,,,,,,,,,,,,,,,,,
Q17830,Q11467611,,,,,,,,,,,,,,,,,,,,,,,,,,,,,,,,,,,,,,,,,,,,,
Q17833,Q11538478,,,,,,,,,,,,,,,,,,,,,,,,,,,,,,,,,,,,,,,,,,,,,
Q17836,Q11392554,,,,,,,,,,,,,,,,,,,,,,,,,,,,,,,,,,,,,,,,,,,,,
Q17841,Q11605894,,,,,,,,,,,,,,,,,,,,,,,,,,,,,,,,,,,,,,,,,,,,,
Q17849,Q11368983,,,,,,,,,,,,,,,,,,,,,,,,,,,,,,,,,,,,,,,,,,,,,
Q17852,Q11577035,,,,,,,,,,,,,,,,,,,,,,,,,,,,,,,,,,,,,,,,,,,,,
Q17853,Q11577038,,,,,,,,,,,,,,,,,,,,,,,,,,,,,,,,,,,,,,,,,,,,,
Q17857,Q11642967,,,,,,,,,,,,,,,,,,,,,,,,,,,,,,,,,,,,,,,,,,,,,
Q17861,Q11383433,,,,,,,,,,,,,,,,,,,,,,,,,,,,,,,,,,,,,,,,,,,,,
Q17870,Q11625156,,,,,,,,,,,,,,,,,,,,,,,,,,,,,,,,,,,,,,,,,,,,,
Q17871,Q11515465,,,,,,,,,,,,,,,,,,,,,,,,,,,,,,,,,,,,,,,,,,,,,
Q17880,Q1045252,,,,,,,,,,,,,,,,,,,,,,,,,,,,,,,,,,,,,,,,,,,,,
Q17881,Q11464906,,,,,,,,,,,,,,,,,,,,,,,,,,,,,,,,,,,,,,,,,,,,,
Q17885,Q11635691,,,,,,,,,,,,,,,,,,,,,,,,,,,,,,,,,,,,,,,,,,,,,
Q17886,Q11635711,,,,,,,,,,,,,,,,,,,,,,,,,,,,,,,,,,,,,,,,,,,,,
Q17887,Q11516758,,,,,,,,,,,,,,,,,,,,,,,,,,,,,,,,,,,,,,,,,,,,,
Q17888,Q11605895,,,,,,,,,,,,,,,,,,,,,,,,,,,,,,,,,,,,,,,,,,,,,
Q17889,Q11605898,,,,,,,,,,,,,,,,,,,,,,,,,,,,,,,,,,,,,,,,,,,,,
Q17890,Q11605897,,,,,,,,,,,,,,,,,,,,,,,,,,,,,,,,,,,,,,,,,,,,,
Q17896,Q11353116,,,,,,,,,,,,,,,,,,,,,,,,,,,,,,,,,,,,,,,,,,,,,
Q17897,Q11353152,,,,,,,,,,,,,,,,,,,,,,,,,,,,,,,,,,,,,,,,,,,,,
Q17898,Q11353156,,,,,,,,,,,,,,,,,,,,,,,,,,,,,,,,,,,,,,,,,,,,,
Q17899,Q11353151,,,,,,,,,,,,,,,,,,,,,,,,,,,,,,,,,,,,,,,,,,,,,
Q17902,Q11239136,,,,,,,,,,,,,,,,,,,,,,,,,,,,,,,,,,,,,,,,,,,,,
Q17903,Q11530315,,,,,,,,,,,,,,,,,,,,,,,,,,,,,,,,,,,,,,,,,,,,,
Q17904,Q10856573,,,,,,,,,,,,,,,,,,,,,,,,,,,,,,,,,,,,,,,,,,,,,
Q17905,Q11530370,,,,,,,,,,,,,,,,,,,,,,,,,,,,,,,,,,,,,,,,,,,,,
Q17909,Q11530587,,,,,,,,,,,,,,,,,,,,,,,,,,,,,,,,,,,,,,,,,,,,,
Q17910,Q10729465,,,,,,,,,,,,,,,,,,,,,,,,,,,,,,,,,,,,,,,,,,,,,
Q17911,Q11239108,,,,,,,,,,,,,,,,,,,,,,,,,,,,,,,,,,,,,,,,,,,,,
Q17912,Q11530420,,,,,,,,,,,,,,,,,,,,,,,,,,,,,,,,,,,,,,,,,,,,,
Q17922,Q11519426,,,,,,,,,,,,,,,,,,,,,,,,,,,,,,,,,,,,,,,,,,,,,
Q17929,Q11428922,,,,,,,,,,,,,,,,,,,,,,,,,,,,,,,,,,,,,,,,,,,,,
Q17930,Q11463134,,,,,,,,,,,,,,,,,,,,,,,,,,,,,,,,,,,,,,,,,,,,,
Q17931,Q11463153,,,,,,,,,,,,,,,,,,,,,,,,,,,,,,,,,,,,,,,,,,,,,
Q17935,Q11460016,,,,,,,,,,,,,,,,,,,,,,,,,,,,,,,,,,,,,,,,,,,,,
Q17939,Q11603877,,,,,,,,,,,,,,,,,,,,,,,,,,,,,,,,,,,,,,,,,,,,,
Q17940,Q11603870,,,,,,,,,,,,,,,,,,,,,,,,,,,,,,,,,,,,,,,,,,,,,
Q17942,Q11583546,,,,,,,,,,,,,,,,,,,,,,,,,,,,,,,,,,,,,,,,,,,,,
Q17945,Q17193115,,,,,,,,,,,,,,,,,,,,,,,,,,,,,,,,,,,,,,,,,,,,,
Q17948,Q11379134,,,,,,,,,,,,,,,,,,,,,,,,,,,,,,,,,,,,,,,,,,,,,
Q17949,Q11379136,,,,,,,,,,,,,,,,,,,,,,,,,,,,,,,,,,,,,,,,,,,,,
Q17955,Q18460492,,,,,,,,,,,,,,,,,,,,,,,,,,,,,,,,,,,,,,,,,,,,,
Q17956,Q18336679,,,,,,,,,,,,,,,,,,,,,,,,,,,,,,,,,,,,,,,,,,,,,
Q17965,Q11546122,,,,,,,,,,,,,,,,,,,,,,,,,,,,,,,,,,,,,,,,,,,,,
Q17971,Q11474150,,,,,,,,,,,,,,,,,,,,,,,,,,,,,,,,,,,,,,,,,,,,,
Q17972,Q11405815,,,,,,,,,,,,,,,,,,,,,,,,,,,,,,,,,,,,,,,,,,,,,
Q17973,Q11353039,,,,,,,,,,,,,,,,,,,,,,,,,,,,,,,,,,,,,,,,,,,,,
Q17976,Q7223393,,,,,,,,,,,,,,,,,,,,,,,,,,,808192,,,,,,,,,,,,,,,,,,
Q17982,Q11606030,,,,,,,,,,,,,,,,,,,,,,,,,,,,,,,,,,,,,,,,,,,,細川-107,
Q17984,Q368605,,,,,,,,,,,,,,,,,,,,,,,,,,,805185,,,,,,,,,,,,,,,,,近衛-20,
Q17985,Q6139376,,,,,,,,,,,,,,,,,,,,,,,,,,,485497,,,,,,,,,,,,,,,,,近衛-23,I00523239
Q17986,Q1322768,,,,,,,,,,,,,,,,,,,,,,,,,,,,,,,,,,,,,,,,,,,,,
Q17987,Q4700168,,,,,,,,,,,,,,,,,,,,,,,,,,,,,,,,,,,,,,,,,,,,,
Q17991,Q38277354,,,,,,,,,,,,,,,,,,,,,,,,,,,,,,,,,,,,,,,,,,,,,
Q17997,Q109016453,,,,,,,,,,,,,,,,,,,,,,,,,,,,,,,,,,,,,,,,,,,,,
Q17998,Q11636809,,,,,,,,,,,,,,,,,,,,,,,,,,,,,,,,,,,,,,,,,,,,,
Q17999,Q11353149,,,,,,,,,,,,,,,,,,,,,,,,,,,,,,,,,,,,,,,,,,,,,
Q18001,Q11369390,,,,,,,,,,,,,,,,,,,,,,,,,,,,,,,,,,,,,,,,,,,,,
Q18003,Q11385038,,,,,,,,,,,,,,,,,,,,,,,,,,,,,,,,,,,,,,,,,,,,,
Q18004,Q11537355,,,,,,,,,,,,,,,,,,,,,,,,,,,,,,,,,,,,,,,,,,,,,
Q18006,Q11545524,,,,,,,,,,,,,,,,,,,,,,,,,,,,,,,,,,,,,,,,,,,,,
Q18010,Q52083733,,,,,,,,,,,,,,,,,,,,,,,,,,,,,,,,,,,,,,,,,,,,,
Q18011,Q11359211,,,,,,,,,,,,,,,,,,,,,,,,,,,,,,,,,,,,,,,,,,,,,
Q18016,Q6605636,,,,,,,,,,,,,,,,,,,,,,,,,,,,,,,,,,,,,,,,,,,,,
Q18017,Q6606332,,,,,,,,,,,,,,,,,,,,,,,,,,,,,,,,,,,,,,,,,,,,,
Q18018,Q109116873,,,,,,,,,,,,,,,,,,,,,,,,,,,,,,,,,,,,,,,,,,,,塩川-1,
Q18019,Q109179697,,,,,,,,,,,,,,,,,,,,,,,,,,,,,,,,,,,,,,,,,,,,,
Q18020,Q11608403,,,,,,,,,,,,,,,,,,,,,,,,,,,,,,,,,,,,,,,,,,,,織田-59,
Q18021,Q4752463,,,,,,,,,,,,,,,,,,,,,,,,,,,,,,,,,,,,,,,,,,,,,
Q18022,Q11597224,,,,,,,,,,,,,,,,,,,,,,,,,,,,,,,,,,,,,,,,,,,,,
Q18023,Q11518602,,,,,,,,,,,,,,,,,,,,,,,,,,,,,,,,,,,,,,,,,,,,,
Q18024,Q11406744,,,,,,,,,,,,,,,,,,,,,,,,,,,,,,,,,,,,,,,,,,,,,
Q18029,Q11414259,,,,,,,,,,,,,,,,,,,,,,,,,,,,,,,,,,,,,,,,,,,,,
Q18030,Q28068934,,,,,,,,,,,,,,,,,,,,,,,,,,,,,,,,,,,,,,,,,,,,,
Q18044,Q11661365,,,,,,,,,,,,,,,,,,,,,,,,,,,,,,,,,,,,,,,,,,,,,
Q18046,Q1129287,,,,,,,,,,,,,,,,,,,,,,,,,,,,,,,,,,,,,,,,,,,,,
Q18047,Q311080,,,,,,,,,,,,,,,,,,,,,,,,,,,,,,,,,,,,,,,,,,,,Uesugi-1,
Q18048,Q11651853,,,,,,,,,,,,,,,,,,,,,,,,,,,,,,,,,,,,,,,,,,,,,
Q18051,Q11420151,,,,,,,,,,,,,,,,,,,,,,,,,,,,,,,,,,,,,,,,,,,,,
Q18052,Q11420147,,,,,,,,,,,,,,,,,,,,,,,,,,,,,,,,,,,,,,,,,,,,,
Q18055,Q8514779,,,,,,,,,,,,,,,,,,,,,,,,,,,,,,,,,,,,,,,,,,,,,
Q18059,Q11631967,,,,,,,,,,,,,,,,,,,,,,,,,,,,,,,,,,,,,,,,,,,,,
Q18063,Q11644665,,,,,,,,,,,,,,,,,,,,,,,,,,,,,,,,,,,,,,,,,,,,,
Q18064,Q11644650,,,,,,,,,,,,,,,,,,,,,,,,,,,,,,,,,,,,,,,,,,,,,
Q18066,Q11654206,,,,,,,,,,,,,,,,,,,,,,,,,,,,,,,,,,,,,,,,,,,,,
Q18067,Q11423398,,,,,,,,,,,,,,,,,,,,,,,,,,,,,,,,,,,,,,,,,,,,,
Q18076,Q10856563,,,,,,,,,,,,,,,,,,,,,,,,,,,,,,,,,,,,,,,,,,,,,
Q18078,Q7079833,,,,,,,,,,,,,,,,,,,,,,,,,,,,,,,,,,,,,,,,,,,,,
Q18079,Q126107217,,,,,,,,,,,,,,,,,,,,,,,,,,,,,,,,,,,,,,,,,,,,,
Q18080,Q10856574,,,,,,,,,,,,,,,,,,,,,,,,,,,,,,,,,,,,,,,,,,,,松平-285,
Q18082,Q10729328,,,,,,,,,,,,,,,,,,,,,,,,,,,,,,,,,,,,,,,,,,,,,
Q18083,Q3208778,,,,,,,,,,,,,,,,,,,,,,,,,,,,,,,,,,,,,,,,,,,,,
Q18084,Q723266,,,,,,,,,,,,,,,,,,,,,,,,,,,,,,,,,,,,,,,,,,,,,
Q18097,Q11536446,,,,,,,,,,,,,,,,,,,,,,,,,,,,,,,,,,,,,,,,,,,,,
Q18098,Q11376761,,,,,,,,,,,,,,,,,,,,,,,,,,,,,,,,,,,,,,,,,,,,今出川-2,
Q18103,Q6426257,,,,,,,,,,,,,,,,,,,,,,,,,,,,,,,,,,,,,,,,,,,,,
Q18104,Q11459091,,,,,,,,,,,,,,,,,,,,,,,,,,,,,,,,,,,,,,,,,,,,,
Q18105,Q11593148,,,,,,,,,,,,,,,,,,,,,,,,,,,,,,,,,,,,,,,,,,,,,
Q18108,Q11504398,,,,,,,,,,,,,,,,,,,,,,,,,,,,,,,,,,,,,,,,,,,,,
Q18110,Q17217435,,,,,,,,,,,,,,,,,,,,,,,,,,,,,,,,,,,,,,,,,,,,,
Q18112,Q11608331,,,,,,,,,,,,,,,,,,,,,,,,,,,,,,,,,,,,,,,,,,,,,
Q18113,Q11608273,,,,,,,,,,,,,,,,,,,,,,,,,,,,,,,,,,,,,,,,,,,,,
Q18114,Q11608456,,,,,,,,,,,,,,,,,,,,,,,,,,,,,,,,,,,,,,,,,,,,,
Q18116,Q17230193,,,,,,,,,,,,,,,,,,,,,,,,,,,,,,,,,,,,,,,,,,,,,
Q18117,Q9379175,,,,,,,,,,,,,,,,,,,,,,,,,,,,,,,,,,,,,,,,,,,,織田-51,
Q18118,Q17211459,,,,,,,,,,,,,,,,,,,,,,,,,,,,,,,,,,,,,,,,,,,,,
Q18129,Q11117105,,,,,,,,,,,,,,,,,,,,,,,,,,,,,,,,,,,,,,,,,,,,森-14,
Q18131,Q11539683,,,,,,,,,,,,,,,,,,,,,,,,,,,,,,,,,,,,,,,,,,,,,
Q18136,Q11521755,,,,,,,,,,,,,,,,,,,,,,,,,,,,,,,,,,,,,,,,,,,,杉原-2,
Q18137,Q11353561,,,,,,,,,,,,,,,,,,,,,,,,,,,,,,,,,,,,,,,,,,,,,
Q18142,Q18235826,,,,,,,,,,,,,,,,,,,,,,,,,,,,,,,,,,,,,,,,,,,,,
Q18146,Q11521797,,,,,,,,,,,,,,,,,,,,,,,,,,,,,,,,,,,,,,,,,,,,,
Q18147,Q11427761,,,,,,,,,,,,,,,,,,,,,,,,,,,,,,,,,,,,,,,,,,,,,
Q18148,Q1185281,,,,,,,,,,,,,,,,,,,,,,,,,,,,,,,,,,,,,,,,,,,,,
Q18150,Q11481984,,,,,,,,,,,,,,,,,,,,,,,,,,,,,,,,,,,,,,,,,,,,,
Q18151,Q11608277,,,,,,,,,,,,,,,,,,,,,,,,,,,,,,,,,,,,,,,,,,,,Oda-13,
Q18153,Q11608286,,,,,,,,,,,,,,,,,,,,,,,,,,,,,,,,,,,,,,,,,,,,,
Q18154,Q11608264,,,,,,,,,,,,,,,,,,,,,,,,,,,,,,,,,,,,,,,,,,,,,
Q18155,Q11608279,,,,,,,,,,,,,,,,,,,,,,,,,,,,,,,,,,,,,,,,,,,,,
Q18156,Q11608312,,,,,,,,,,,,,,,,,,,,,,,,,,,,,,,,,,,,,,,,,,,,,
Q18160,Q17193442,,,,,,,,,,,,,,,,,,,,,,,,,,,,,,,,,,,,,,,,,,,,,
Q18161,Q17215441,,,,,,,,,,,,,,,,,,,,,,,,,,,,,,,,,,,,,,,,,,,,,
Q18162,Q17217834,,,,,,,,,,,,,,,,,,,,,,,,,,,,,,,,,,,,,,,,,,,,,
Q18168,Q17227804,,,,,,,,,,,,,,,,,,,,,,,,,,,,,,,,,,,,,,,,,,,,,
Q18173,Q10885940,,,,,,,,,,,,,,,,,,,,,,,,,,,,,,,,,,,,,,,,,,,,,
Q18174,Q11605844,,,,,,,,,,,,,,,,,,,,,,,,,,,,,,,,,,,,,,,,,,,,細川-12,
Q18175,Q11364921,,,,,,,,,,,,,,,,,,,,,,,,,,,,,,,,,,,,,,,,,,,,,
Q18177,Q108782294,,,,,,,,,,,,,,,,,,,,,,,,,,,,,,,,,,,,,,,,,,,,,
Q18179,Q4757680,,,,,,,,,,,,,,,,,,,,,,,,,,,,,,,,,,,,,,,,,,,,,
Q18180,Q4758486,,,,,,,,,,,,,,,,,,,,,,,,,,,560587,,,,,,,,,,,,,,,,,,
Q18181,Q11608441,,,,,,,,,,,,,,,,,,,,,,,,,,,,,,,,,,,,,,,,,,,,,
Q18182,Q11608468,,,,,,,,,,,,,,,,,,,,,,,,,,,,,,,,,,,,,,,,,,,,,
Q18183,Q11608254,,,,,,,,,,,,,,,,,,,,,,,,,,,,,,,,,,,,,,,,,,,,,
Q18184,Q11608364,,,,,,,,,,,,,,,,,,,,,,,,,,,,,,,,,,,,,,,,,,,,,
Q18185,Q11608369,,,,,,,,,,,,,,,,,,,,,,,,,,,,,,,,,,,,,,,,,,,,,
Q18186,Q720255,,,,,,,,,,,,,,,,,,,,,,,,,,,,,,,,,,,,,,,,,,,,,
Q18188,Q11534760,,,,,,,,,,,,,,,,,,,,,,,,,,,,,,,,,,,,,,,,,,,,,
Q18189,Q111114060,,,,,,,,,,,,,,,,,,,,,,,,,,,,,,,,,,,,,,,,,,,,,
Q18206,Q5227524,,,,,,,,,,,,,,,,,,,,,,,,,,,,,,,,,,,,,,,,,,,,伊達-6,
Q18207,Q11515462,,,,,,,,,,,,,,,,,,,,,,,,,,,,,,,,,,,,,,,,,,,,,
Q18208,Q839377,,,,,,,,,,,,,,,,,,,,,,,,,,,,,,,,,,,,,,,,,,,,,
Q18209,Q11367710,,,,,,,,,,,,,,,,,,,,,,,,,,,,,,,,,,,,,,,,,,,,,
Q18210,Q11541400,,,,,,,,,,,,,,,,,,,,,,,,,,,,,,,,,,,,,,,,,,,,,
Q18211,Q11653372,,,,,,,,,,,,,,,,,,,,,,,,,,,,,,,,,,,,,,,,,,,,,
Q18212,Q11576962,,,,,,,,,,,,,,,,,,,,,,,,,,,,,,,,,,,,,,,,,,,,,
Q18215,Q10885140,,,,,,,,,,,,,,,,,,,,,,,,,,,,,,,,,,,,,,,,,,,,,
Q18216,Q11113032,,,,,,,,,,,,,,,,,,,,,,,,,,,,,,,,,,,,,,,,,,,,,
Q18218,Q11585767,,,,,,,,,,,,,,,,,,,,,,,,,,,,,,,,,,,,,,,,,,,,,
Q18219,Q11380739,,,,,,,,,,,,,,,,,,,,,,,,,,,,,,,,,,,,,,,,,,,,,
Q18225,Q2948444,,,,,,,,,,,,,,,,,,,,,,,,,,,,,,,,,,,,,,,,,,,,,
Q18226,Q11380693,,,,,,,,,,,,,,,,,,,,,,,,,,,,,,,,,,,,,,,,,,,,,
Q18227,Q11380703,,,,,,,,,,,,,,,,,,,,,,,,,,,,,,,,,,,,,,,,,,,,,
Q18228,Q846370,,,,,,,,,,,,,,,,,,,,,,,,,,,,,,,,,,,,,,,,,,,,伊達-14,
Q18230,Q11380721,,,,,,,,,,,,,,,,,,,,,,,,,,,,,,,,,,,,,,,,,,,,,
Q18233,Q11569520,,,,,,,,,,,,,,,,,,,,,,,,,,,,,,,,,,,,,,,,,,,,,
Q18234,Q11373838,,,,,,,,,,,,,,,,,,,,,,,,,,,,,,,,,,,,,,,,,,,,,
Q18235,Q109315706,,,,,,,,,,,,,,,,,,,,,,,,,,,,,,,,,,,,,,,,,,,,,
Q18237,Q1622963,,,,,,,,,,,,,,,,,,,,,,,,,,,,,,,,,,,,,,,,,,,,,
Q18238,Q11467622,,,,,,,,,,,,,,,,,,,,,,,,,,,,,,,,,,,,,,,,,,,,,
Q18241,Q11397447,,,,,,,,,,,,,,,,,,,,,,,,,,,,,,,,,,,,,,,,,,,,,
Q18242,Q11364769,,,,,,,,,,,,,,,,,,,,,,,,,,,,,,,,,,,,,,,,,,,,,
Q18243,Q1147154,,,,,,,,,,6825796,,,,,,,,,,,,,,,,,,,,,,,,,,,,,,,,,,細川-10,
Q18244,Q3140918,,,,,,,,,,,,,,,,,,,,,,,,,,,,,,,,,,,,,,,,,,,,細川-33,
Q18245,Q11605970,,,,,,,,,,,,,,,,,,,,,,,,,,,,,,,,,,,,,,,,,,,,細川-27,
Q18246,Q11605986,,,,,,,,,,,,,,,,,,,,,,,,,,,,,,,,,,,,,,,,,,,,細川-26,
Q18250,Q17225720,,,,,,,,,,,,,,,,,,,,,,,,,,,,,,,,,,,,,,,,,,,,前田-61,
Q18251,Q11588520,,,,,,,,,,,,,,,,,,,,,,,,,,,,,,,,,,,,,,,,,,,,,
Q18253,Q11397670,,,,,,,,,,,,,,,,,,,,,,,,,,,,,,,,,,,,,,,,,,,,前田-67,
Q18257,Q11422786,,,,,,,,,,,,,,,,,,,,,,,,,,,,,,,,,,,,,,,,,,,,,
Q18259,Q11397628,,,,,,,,,,,,,,,,,,,,,,,,,,,560101,,,,,,,,,,,,,,,,,前田-40,
Q18261,Q11397446,,,,,,,,,,,,,,,,,,,,,,,,,,,560163,,,,,,,,,,,,,,,,,,
Q18267,Q11520056,,,,,,,,,,,,,,,,,,,,,,,,,,,,,,,,,,,,,,,,,,,,,
Q18273,Q11604568,,,,,,,,,,,,,,,,,,,,,,,,,,,,,,,,,,,,,,,,,,,,笑鷗軒-1,
Q18279,Q7402879,,,,,,,,,,,,,,,,,,,,,,,,,,,,,,,,,,,,,,,,,,,,,
Q18280,Q859673,,,,,,,,,,,,,,,,,,,,,,,,,,,,,,,,,,,,,,,,,,,,,
Q18284,Q7447188,,,,,,,,,,,,,,,,,,,,,,,,,,,,,,,,,,,,,,,,,,,,,
Q18285,Q10856333,,,,,,,,,,,,,,,,,,,,,,,,,,,,,,,,,,,,,,,,,,,,,
Q18287,Q3148401,,,,,,,,,,,,,,,,,,,,,,,,,,,,,,,,,,,,,,,,,,,,池田-23,
Q18289,Q7138704,,,,,,,,,,,,,,,,,,,,,,,,,,,,,,,,,,,,,,,,,,,,,
Q18290,Q3148404,,,,,,,,,,,,,,,,,,,,,,,,,,,,,,,,,,,,,,,,,,,,池田-22,
Q18291,Q11069420,,,,,,,,,,,,,,,,,,,,,,,,,,,,,,,,,,,,,,,,,,,,,
Q18292,Q11069782,,,,,,,,,,,,,,,,,,,,,,,,,,,,,,,,,,,,,,,,,,,,,
Q18293,Q11530570,,,,,,,,,,,,,,,,,,,,,,,,,,,,,,,,,,,,,,,,,,,,,
Q18294,Q11530578,,,,,,,,,,,,,,,,,,,,,,,,,,,,,,,,,,,,,,,,,,,,,
Q18298,Q115587288,,,,,,,,,,,,,,,,,,,,,,,,,,,,,,,,,,,,,,,,,,,,,
Q18299,Q11530456,,,,,,,,,,,,,,,,,,,,,,,,,,,,,,,,,,,,,,,,,,,,,
Q18300,Q1132756,,,,,,,,,,,,,,,,,,,,,,,,,,,,,,,,,,,,,,,,,,,,酒井-46,
Q18301,Q5892824,,,,,,,,,,,,,,,,,,,,,,,,,,,,,,,,,,,,,,,,,,,,,
Q18306,Q108056290,,,,,,,,,,,,,,,,,,,,,,,,,,,,,,,,,,,,,,,,,,,,,
Q18307,Q119922739,,,,,,,,,,,,,,,,,,,,,,,,,,,,,,,,,,,,,,,,,,,,,
Q18322,Q11585893,,,,,,,,,,,,,,,,,,,,,,,,,,,,,,,,,,,,,,,,,,,,,
Q18323,Q11585771,,,,,,,,,,,,,,,,,,,,,,,,,,,,,,,,,,,,,,,,,,,,,
Q18326,Q11549389,,,,,,,,,,,,,,,,,,,,,,,,,,,,,,,,,,,,,,,,,,,,,
Q18327,Q10565388,,,,,,,,,,,,,,,,,,,,,,,,,,,,,,,,,,,,,,,,,,,,,
Q18329,Q10565542,,,,,,,,,,,,,,,,,,,,,,,,,,,,,,,,,,,,,,,,,,,,,
Q18333,Q18235550,,,,,,,,,,,,,,,,,,,,,,,,,,,,,,,,,,,,,,,,,,,,,
Q18340,Q6832220,,,,,,,,,,,,,,,,,,,,,,,,,,,,,,,,,,,,,,,,,,,,松平-209,
Q18342,Q3530228,,,,,,,,,,,,,,,,,,,,,,,,,,,,,,,,,,,,,,,,,,,,,
Q18343,Q10862052,,,,,,,,,,,,,,,,,,,,,,,,,,,,,,,,,,,,,,,,,,,,,
Q18345,Q8515103,,,,,,,,,,,,,,,,,,,,,,,,,,,,,,,,,,,,,,,,,,,,,
Q18346,Q11239099,,,,,,,,,,,,,,,,,,,,,,,,,,,,,,,,,,,,,,,,,,,,,
Q18347,Q108781605,,,,,,,,,,,,,,,,,,,,,,,,,,,,,,,,,,,,,,,,,,,,,
Q18357,Q11069759,,,,,,,,,,,,,,,,,,,,,,,,,,,,,,,,,,,,,,,,,,,,,
Q18358,Q11069766,,,,,,,,,,,,,,,,,,,,,,,,,,,,,,,,,,,,,,,,,,,,,
Q18359,Q11069774,,,,,,,,,,,,,,,,,,,,,,,,,,,,,,,,,,,,,,,,,,,,,
Q18360,Q11069873,,,,,,,,,,,,,,,,,,,,,,,,,,,,,,,,,,,,,,,,,,,,,
Q18366,Q11385893,,,,,,,,,,,,,,,,,,,,,,,,,,,,,,,,,,,,,,,,,,,,保科-16,
Q18367,Q907019,,,,,,,,,,,,,,,,,,,,,,,,,,,,,,,,,,,,,,,,,,,,,
Q18368,Q17214283,,,,,,,,,,,,,,,,,,,,,,,,,,,,,,,,,,,,,,,,,,,,,
Q18369,Q17990694,,,,,,,,,,,,,,,,,,,,,,,,,,,,,,,,,,,,,,,,,,,,,
Q18370,Q17401822,,,,,,,,,,,,,,,,,,,,,,,,,,,,,,,,,,,,,,,,,,,,,
Q18372,Q108495442,,,,,,,,,,,,,,,,,,,,,,,,,,,,,,,,,,,,,,,,,,,,,
Q18373,Q11678571,,,,,,,,,,,,,,,,,,,,,,,,,,,,,,,,,,,,,,,,,,,,,
Q18374,Q11678713,,,,,,,,,,,,,,,,,,,,,,,,,,,,,,,,,,,,,,,,,,,,,
Q18376,Q11459129,,,,,,,,,,,,,,,,,,,,,,,,,,,,,,,,,,,,,,,,,,,,,
Q18377,Q11516834,,,,,,,,,,,,,,,,,,,,,,,,,,,,,,,,,,,,,,,,,,,,,
Q18382,Q7402768,,,,,,,,,,,,,,,,,,,,,,,,,,,,,,,,,,,,,,,,,,,,酒井-25,
Q18383,Q11644140,,,,,,,,,,,,,,,,,,,,,,,,,,,,,,,,,,,,,,,,,,,,,
Q18384,Q11661668,,,,,,,,,,,,,,,,,,,,,,,,,,,,,,,,,,,,,,,,,,,,,
Q18385,Q11644146,,,,,,,,,,,,,,,,,,,,,,,,,,,,,,,,,,,,,,,,,,,,酒井-24,
Q18388,Q11644074,,,,,,,,,,,,,,,,,,,,,,,,,,,,,,,,,,,,,,,,,,,,酒井-45,
Q18393,Q11473826,,,,,,,,,,,,,,,,,,,,,,,,,,,,,,,,,,,,,,,,,,,,,
Q18395,Q10729462,,,,,,,,,,,,,,,,,,,,,,,,,,,,,,,,,,,,,,,,,,,,,
Q18397,Q1062738,,,,,,,,,,,,,,,,,,,,,,,,,,,,,,,,,,,,,,,,,,,,,
Q18399,Q7634713,,,,,,,,,,,,,,,,,,,,,,,,,,,,,,,,,,,,,,,,,,,,,
Q18403,Q11541701,,,,,,,,,,,,,,,,,,,,,,,,,,,,,,,,,,,,,,,,,,,,,
Q18405,Q11445792,,,,,,,,,,,,,,,,,,,,,,,,,,,,,,,,,,,,,,,,,,,,,
Q18409,Q4431961,,,,,,,,,,,,,,,,,,,,,,,,,,,,,,,,,,,,,,,,,,,,,
Q18414,Q10729429,,,,,,,,,,,,,,,,,,,,,,,,,,,,,,,,,,,,,,,,,,,,,
Q18416,Q11530400,,,,,,,,,,,,,,,,,,,,,,,,,,,,,,,,,,,,,,,,,,,,,
Q18418,Q11530398,,,,,,,,,,,,,,,,,,,,,,,,,,,,,,,,,,,,,,,,,,,,,
Q18419,Q7402769,,,,,,,,,,,,,,,,,,,,,,,,,,,,,,,,,,,,,,,,,,,,酒井-30,
Q18421,Q11644136,,,,,,,,,,,,,,,,,,,,,,,,,,,,,,,,,,,,,,,,,,,,酒井-29,
Q18422,Q11466403,,,,,,,,,,,,,,,,,,,,,,,,,,,,,,,,,,,,,,,,,,,,,
Q18425,Q1065113,,,,,,,,,,,,,,,,,,,,,,,,,,,,,,,,,,,,,,,,,,,,酒井-32,
Q18426,Q4666427,,,,,,,,,,,,,,,,,,,,,,,,,,,,,,,,,,,,,,,,,,,,,
Q18428,Q10565433,,,,,,,,,,,,,,,,,,,,,,,,,,,,,,,,,,,,,,,,,,,,,
Q18429,Q10565463,,,,,,,,,,,,,,,,,,,,,,,,,,,,,,,,,,,,,,,,,,,,,
Q18431,Q11551908,,,,,,,,,,,,,,,,,,,,,,,,,,,,,,,,,,,,,,,,,,,,,
Q18433,Q6527160,,,,,,,,,,,,,,,,,,,,,,,,,,,,,,,,,,,,,,,,,,,,,
Q18434,Q11594995,,,,,,,,,,,,,,,,,,,,,,,,,,,,,,,,,,,,,,,,,,,,,
Q18435,Q11356506,,,,,,,,,,,,,,,,,,,,,,,,,,,,,,,,,,,,,,,,,,,,,
Q18438,Q111009240,,,,,,,,,,,,,,,,,,,,,,,,,,,,,,,,,,,,,,,,,,,,,
Q18442,Q11551082,,,,,,,,,,,,,,,,,,,,,,,,,,,,,,,,,,,,,,,,,,,,,
Q18444,Q6788056,,,,,,,,,,,,,,,,,,,,,,,,,,,,,,,,,,,,,,,,,,,,大河内-15,
Q18447,Q11530474,,,,,,,,,,,,,,,,,,,,,,,,,,,,,,,,,,,,,,,,,,,,松平-313,
Q18452,Q11427720,,,,,,,,,,,,,,,,,,,,,,,,,,,,,,,,,,,,,,,,,,,,,
Q18453,Q5370089,,,,,,,,,,,,,,,,,,,,,,,,,,,,,,,,,,,,,,,,,,,,,
Q18454,Q11530620,,,,,,,,,,,,,,,,,,,,,,,,,,,,,,,,,,,,,,,,,,,,,
Q18455,Q11564486,,,,,,,,,,,,,,,,,,,,,,,,,,,,,,,,,,,,,,,,,,,,,
Q18456,Q10523857,,,,,,,,,,,,,,,,,,,,,,,,,,,,,,,,,,,,,,,,,,,,,
Q18460,Q11599407,,,,,,,,,,,,,,,,,,,,,,,,,,,,,,,,,,,,,,,,,,,,,
Q18465,Q11069259,,,,,,,,,,,,,,,,,,,,,,,,,,,,,,,,,,,,,,,,,,,,,
Q18471,Q109678713,,,,,,,,,,,,,,,,,,,,,,,,,,,,,,,,,,,,,,,,,,,,,
Q18473,Q11520031,,,,,,,,,,,,,,,,,,,,,,,,,,,,,,,,,,,,,,,,,,,,,
Q18474,Q11520055,,,,,,,,,,,,,,,,,,,,,,,,,,,,,,,,,,,,,,,,,,,,,
Q18475,Q5369481,,,,,,,,,,,,,,,,,,,,,,,,,,,,,,,,,,,,,,,,,,,,酒井-33,
Q18476,Q122069777,,,,,,,,,,,,,,,,,,,,,,,,,,,,,,,,,,,,,,,,,,,,,
Q18479,Q11530623,,,,,,,,,,,,,,,,,,,,,,,,,,,,,,,,,,,,,,,,,,,,,
Q18480,Q11530615,,,,,,,,,,,,,,,,,,,,,,,,,,,,,,,,,,,,,,,,,,,,,
Q18481,Q11530378,,,,,,,,,,,,,,,,,,,,,,,,,,,,,,,,,,,,,,,,,,,,,
Q18484,Q851268,,,,,,,,,,,,,,,,,,,,,,,,,,,,,,,,,,,,,,,,,,,,,
Q18485,Q17209286,,,,,,,,,,,,,,,,,,,,,,,,,,,,,,,,,,,,,,,,,,,,,
Q18486,Q11608414,,,,,,,,,,,,,,,,,,,,,,,,,,,,,,,,,,,,,,,,,,,,,
Q18487,Q17224750,,,,,,,,,,,,,,,,,,,,,,,,,,,,,,,,,,,,,,,,,,,,,
Q18490,Q11608470,,,,,,,,,,,,,,,,,,,,,,,,,,,,,,,,,,,,,,,,,,,,,
Q18491,Q10856562,,,,,,,,,,,,,,,,,,,,,,,,,,,,,,,,,,,,,,,,,,,,小笠原-29,
Q18493,Q10856541,,,,,,,,,,,,,,,,,,,,,,,,,,,,,,,,,,,,,,,,,,,,小笠原-32,
Q18494,Q8515976,,,,,,,,,,,,,,,,,,,,,,,,,,,,,,,,,,,,,,,,,,,,,
Q18495,Q3125481,,,,,,,,,,,,,,,,,,,,,,,,,,,,,,,,,,,,,,,,,,,,,
Q18497,Q10859958,,,,,,,,,,,,,,,,,,,,,,,,,,,,,,,,,,,,,,,,,,,,小笠原-4,
Q18499,Q11463417,,,,,,,,,,,,,,,,,,,,,,,,,,,,,,,,,,,,,,,,,,,,,
Q18501,Q10856584,,,,,,,,,,,,,,,,,,,,,,,,,,,,,,,,,,,,,,,,,,,,,
Q18502,Q10856547,,,,,,,,,,,,,,,,,,,,,,,,,,,,,,,,,,,,,,,,,,,,小笠原-27,
Q18503,Q10856554,,,,,,,,,,,,,,,,,,,,,,,,,,,,,,,,,,,,,,,,,,,,,
Q18504,Q467417,,,,,,,,,,,,,,,,,,,,,,,,,,,,,,,,,,,,,,,,,,,,,
Q18505,Q2214292,,,,,,,,,,,,,,,,,,,,,,,,,,,,,,,,,,,,,,,,,,,,,
Q18506,Q837870,,,,,,,,,,20452710,,,,,,,,,,,,,,,,,,,,,,,,,,,,,,,,,,,
Q18507,Q8515491,,,,,,,,,,,,,,,,,,,,,,,,,,,,,,,,,,,,,,,,,,,,,
Q18508,Q4790672,,,,,,,,,,,,,,,,,,,,,,,,,,,,,,,,,,,,,,,,,,,,,
Q18509,Q11427468,,,,,,,,,,,,,,,,,,,,,,,,,,,,,,,,,,,,,,,,,,,,,
Q18510,Q10903777,,,,,,,,,,,,,,,,,,,,,,,,,,,,,,,,,,,,,,,,,,,,,
Q18512,Q11608466,,,,,,,,,,,,,,,,,,,,,,,,,,,,,,,,,,,,,,,,,,,,織田-71,
Q18514,Q11608257,,,,,,,,,,,,,,,,,,,,,,,,,,,,,,,,,,,,,,,,,,,,,
Q18515,Q11556350,,,,,,,,,,,,,,,,,,,,,,,,,,,,,,,,,,,,,,,,,,,,,
Q18533,Q923621,,,,,,,,,,,,,,,,,,,,,,,,,,,,,,,,,,,,,,,,,,,,二宮-1,I00523763
Q18542,Q11122468,,,,,,,,,,,,,,,,,,,,,,,,,,,,,,,,,,,,,,,,,,,,櫛笥-2,I00719898
Q18543,Q12107440,,,,,,,,,,,,,,,,,,,,,,,,,,,,,,,,,,,,,,,,,,,,,
Q18544,Q12131342,,,,,,,,,,,,,,,,,,,,,,,,,,,,,,,,,,,,,,,,,,,,,
Q18549,Q923033,,,,,,,,,,,,,,,,,,,,,,,,,,,974028,,,,,,,,,,,,,,,,,二條-5,I00523409
Q18550,Q3072072,,,,,,,,,,,,,,,,,,,,,,,,,,,974027,,,,,,,,,,,,,,,,,鷹司-36,I00523408
Q18551,Q11382481,,,,,,,,,,,,,,,,,,,,,,,,,,,,,,,,,,,,,,,,,,,,佐々-1,I00523410
Q18552,Q7140688,,,,,,,,,,,,,,,,,,,,,,,,,,,,,,,,,,,,,,,,,,,,,
Q18553,Q1742537,,,,,,,,,,,,,,,,,,,,,,,,,,,974026,,,,,,,,,,,,,,,,,鷹司-35,I00523407
Q18560,Q11666833,,,,,,,,,,,,,,,,,,,,,,,,,,,,,,,,,,,,,,,,,,,,,
Q18567,Q7004236,,,,,,,,,,,,,,,,,,,,,,,,,,,,,,,,,,,,,,,,,,,,,
Q18568,Q20041642,,,,,,,,,,,,,,,,,,,,,,,,,,,,,,,,,,,,,,,,,,,,,
Q18569,Q7140666,,,,,,,,,,,,,,,,,,,,,,,,,,,,,,,,,,,,,,,,,,,,鷹司-11,
Q18570,Q7004392,,,,,,,,,,,,,,,,,,,,,,,,,,,,,,,,,,,,,,,,,,,,,
Q18572,Q11560633,,,,,,,,,,,,,,,,,,,,,,,,,,,,,,,,,,,,,,,,,,,,,
Q18574,Q7004625,,,,,,,,,,,,,,,,,,,,,,,,,,,,,,,,,,,,,,,,,,,,,
Q18575,Q11514787,,,,,,,,,,,,,,,,,,,,,,,,,,,,,,,,,,,,,,,,,,,,,
Q18580,Q11530495,,,,,,,,,,,,,,,,,,,,,,,,,,,,,,,,,,,,,,,,,,,,,
Q18581,Q11530489,,,,,,,,,,,,,,,,,,,,,,,,,,,,,,,,,,,,,,,,,,,,,
Q18582,Q11239086,,,,,,,,,,,,,,,,,,,,,,,,,,,,,,,,,,,,,,,,,,,,松平-321,
Q18586,Q11530559,,,,,,,,,,,,,,,,,,,,,,,,,,,,,,,,,,,,,,,,,,,,,
Q18587,Q108783360,,,,,,,,,,,,,,,,,,,,,,,,,,,,,,,,,,,,,,,,,,,,,
Q18590,Q11392534,,,,,,,,,,,,,,,,,,,,,,,,,,,,,,,,,,,,,,,,,,,,,
Q18592,Q11463011,,,,,,,,,,,,,,,,,,,,,,,,,,,,,,,,,,,,,,,,,,,,,
Q18593,Q11463024,,,,,,,,,,,,,,,,,,,,,,,,,,,,,,,,,,,,,,,,,,,,,
Q18594,Q11354967,,,,,,,,,,,,,,,,,,,,,,,,,,,,,,,,,,,,,,,,,,,,,
Q18596,Q107647136,,,,,,,,,,,,,,,,,,,,,,,,,,,,,,,,,,,,,,,,,,,,,
Q18599,Q6788074,,,,,,,,,,,,,,,,,,,,,,,,,,,,,,,,,,,,,,,,,,,,,
Q18600,Q10816738,,,,,,,,,,,,,,,,,,,,,,,,,,,,,,,,,,,,,,,,,,,,,
Q18601,Q6788080,,,,,,,,,,,,,,,,,,,,,,,,,,,,,,,,,,,,,,,,,,,,,
Q18605,Q10517896,,,,,,,,,,,,,,,,,,,,,,,,,,,,,,,,,,,,,,,,,,,,,
Q18606,Q43217932,,,,,,,,,,,,,,,,,,,,,,,,,,,,,,,,,,,,,,,,,,,,,
Q18611,Q8514497,,,,,,,,,,,,,,,,,,,,,,,,,,,,,,,,,,,,,,,,,,,,,
Q18628,Q1052927,,,,,,,,,,,,,,,,,,,,,,,,,,,,,,,,,,,,,,,,,,,,,
Q18629,Q6636921,,,,,,,,,,,,,,,,,,,,,,,,,,,,,,,,,,,,,,,,,,,,,
Q18630,Q6636861,,,,,,,,,,,,,,,,,,,,,,,,,,,,,,,,,,,,,,,,,,,,,
Q18631,Q6636871,,,,,,,,,,,,,,,,,,,,,,,,,,,,,,,,,,,,,,,,,,,,,
Q18632,Q110733919,,,,,,,,,,,,,,,,,,,,,,,,,,,,,,,,,,,,,,,,,,,,,
Q18636,Q11520819,,,,,,,,,,,,,,,,,,,,,,,,,,,,,,,,,,,,,,,,,,,,,
Q18651,Q8514773,,,,,,,,,,,,,,,,,,,,,,,,,,,,,,,,,,,,,,,,,,,,,
Q18652,Q11383468,,,,,,,,,,,,,,,,,,,,,,,,,,,,,,,,,,,,,,,,,,,,,
Q18662,Q11562552,,,,,,,,,,,,,,,,,,,,,,,,,,,,,,,,,,,,,,,,,,,,,
Q18663,Q11562099,,,,,,,,,,,,,,,,,,,,,,,,,,,,,,,,,,,,,,,,,,,,,
Q18666,Q11370509,,,,,,,,,,,,,,,,,,,,,,,,,,,,,,,,,,,,,,,,,,,,,
Q18667,Q11552010,,,,,,,,,,,,,,,,,,,,,,,,,,,,,,,,,,,,,,,,,,,,,
Q18668,Q6528739,,,,,,,,,,,,,,,,,,,,,,,,,,,,,,,,,,,,,,,,,,,,,
Q18669,Q11369494,,,,,,,,,,,,,,,,,,,,,,,,,,,,,,,,,,,,,,,,,,,,,
Q18672,Q11552026,,,,,,,,,,,,,,,,,,,,,,,,,,,,,,,,,,,,,,,,,,,,,
Q18675,Q11451775,,,,,,,,,,,,,,,,,,,,,,,,,,,,,,,,,,,,,,,,,,,,,
Q18677,Q11490261,,,,,,,,,,,,,,,,,,,,,,,,,,,,,,,,,,,,,,,,,,,,徳川-82,
Q18680,Q11530645,,,,,,,,,,,,,,,,,,,,,,,,,,,,,,,,,,,,,,,,,,,,,
Q18684,Q6638351,,,,,,,,,,,,,,,,,,,,,,,,,,,,,,,,,,,,,,,,,,,,,
Q18688,Q6638140,,,,,,,,,,,,,,,,,,,,,,,,,,,,,,,,,,,,,,,,,,,,,
Q18689,Q18233804,,,,,,,,,,,,,,,,,,,,,,,,,,,,,,,,,,,,,,,,,,,,,
Q18693,Q11549153,,,,,,,,,,,,,,,,,,,,,,,,,,,,,,,,,,,,,,,,,,,,,
Q18695,Q6729131,,,,,,,,,,,,,,,,,,,,,,,,,,,559971,,,,,,,,,,,,,,,,,前田-21,
Q18697,Q11471086,,,,,,,,,,,,,,,,,,,,,,,,,,,,,,,,,,,,,,,,,,,,,
Q18699,Q1616582,,,,,,,,,,,,,,,,,,,,,,,,,,,,,,,,,,,,,,,,,,,,細川-34,
Q18707,Q11530506,,,,,,,,,,,,,,,,,,,,,,,,,,,,,,,,,,,,,,,,,,,,,
Q18716,Q17192875,,,,,,,,,,,,,,,,,,,,,,,,,,,,,,,,,,,,,,,,,,,,滝川-1,
Q18718,Q11618436,,,,,,,,,,,,,,,,,,,,,,,,,,,,,,,,,,,,,,,,,,,,佐治-1,
Q18720,Q1071391,,,,,,,,,,,,,,,,,,,,,,,,,,,,,,,,,,,,,,,,,,,,森-11,
Q18721,Q10875670,,,,,,,,,,,,,,,,,,,,,,,,,,,,,,,,,,,,,,,,,,,,,
Q18724,Q11552033,,,,,,,,,,,,,,,,,,,,,,,,,,,,,,,,,,,,,,,,,,,,,
Q18729,Q11539446,,,,,,,,,,,,,,,,,,,,,,,,,,,,,,,,,,,,,,,,,,,,,
Q18731,Q6529136,,,,,,,,,,,,,,,,,,,,,,,,,,,,,,,,,,,,,,,,,,,,,
Q18732,Q6528892,,,,,,,,,,,,,,,,,,,,,,,,,,,,,,,,,,,,,,,,,,,,,
Q18737,Q6960145,,,,,,,,,,,,,,,,,,,,,,,,,,,,,,,,,,,,,,,,,,,,,
Q18741,Q11551905,,,,,,,,,,,,,,,,,,,,,,,,,,,,,,,,,,,,,,,,,,,,,
Q18745,Q3125469,,,,,,,,,,,,,,,,,,,,,,,,,,,,,,,,,,,,,,,,,,,,,
Q18747,Q850933,,,,,,,,,,,,,,,,,,,,,,,,,,,,,,,,,,,,,,,,,,,,,
Q18748,Q11574929,,,,,,,,,,,,,,,,,,,,,,,,,,,,,,,,,,,,,,,,,,,,,
Q18753,Q6529460,,,,,,,,,,,,,,,,,,,,,,,,,,,,,,,,,,,,,,,,,,,,,
Q18755,Q6529445,,,,,,,,,,,,,,,,,,,,,,,,,,,,,,,,,,,,,,,,,,,,,
Q18756,Q6529509,,,,,,,,,,,,,,,,,,,,,,,,,,,,,,,,,,,,,,,,,,,,,
Q18757,Q11370512,,,,,,,,,,,,,,,,,,,,,,,,,,,,,,,,,,,,,,,,,,,,,
Q18758,Q11598163,,,,,,,,,,,,,,,,,,,,,,,,,,,,,,,,,,,,,,,,,,,,,
Q18759,Q6529400,,,,,,,,,,,,,,,,,,,,,,,,,,,,,,,,,,,,,,,,,,,,,
Q18766,Q2866313,,,,,,,,,,,,,,,,,,,,,,,,,,,,,,,,,,,,,,,,,,,,浅野-13,
Q18767,Q8514153,,,,,,,,,,,,,,,,,,,,,,,,,,,,,,,,,,,,,,,,,,,,,
Q18768,Q11378171,,,,,,,,,,,,,,,,,,,,,,,,,,,,,,,,,,,,,,,,,,,,,
Q18769,Q10856535,,,,,,,,,,,,,,,,,,,,,,,,,,,,,,,,,,,,,,,,,,,,小笠原-26,
Q18771,Q11245090,,,,,,,,,,,,,,,,,,,,,,,,,,,,,,,,,,,,,,,,,,,,,
Q18774,Q108747016,,,,,,,,,,,,,,,,,,,,,,,,,,,,,,,,,,,,,,,,,,,,,
Q18775,Q11593109,,,,,,,,,,,,,,,,,,,,,,,,,,,,,,,,,,,,,,,,,,,,,
Q18776,Q11593150,,,,,,,,,,,,,,,,,,,,,,,,,,,,,,,,,,,,,,,,,,,,,
Q18778,Q11255673,,,,,,,,,,,,,,,,,,,,,,,,,,,,,,,,,,,,,,,,,,,,,
Q18780,Q334107,,,,,,,,,,,,,,,,,,,,,,,,,,,,,,,,,,,,,,,,,,,,,
Q18781,Q11581107,,,,,,,,,,,,,,,,,,,,,,,,,,,,,,,,,,,,,,,,,,,,,
Q18782,Q11587092,,,,,,,,,,,,,,,,,,,,,,,,,,,,,,,,,,,,,,,,,,,,,
Q18783,Q3155271,,,,,,,,,,,,,,,,,,,,,,,,,,,,,,,,,,,,,,,,,,,,,
Q18784,Q26964642,,,,,,,,,,,,,,,,,,,,,,,,,,,,,,,,,,,,,,,,,,,,,
Q18790,Q11585798,,,,,,,,,,,,,,,,,,,,,,,,,,,,,,,,,,,,,,,,,,,,,
Q18791,Q11490349,,,,,,,,,,,,,,,,,,,,,,,,,,,,,,,,,,,,,,,,,,,,,
Q18795,Q128865509,,,,,,,,,,,,,,,,,,,,,,,,,,,,,,,,,,,,,,,,,,,,,
Q18796,Q6356572,,,,,,,,,,,,,,,,,,,,,,,,,,,,,,,,,,,,,,,,,,,,,
Q18797,Q10859971,,,,,,,,,,,,,,,,,,,,,,,,,,,,,,,,,,,,,,,,,,,,小笠原-6,
Q18798,Q128865496,,,,,,,,,,,,,,,,,,,,,,,,,,,,,,,,,,,,,,,,,,,,,
Q18800,Q128865518,,,,,,,,,,,,,,,,,,,,,,,,,,,,,,,,,,,,,,,,,,,,,
Q18801,Q129423932,,,,,,,,,,,,,,,,,,,,,,,,,,,,,,,,,,,,,,,,,,,,,
Q18802,Q129424239,,,,,,,,,,,,,,,,,,,,,,,,,,,,,,,,,,,,,,,,,,,,松平-51,
Q18803,Q119380585,,,,,,,,,,,,,,,,,,,,,,,,,,,,,,,,,,,,,,,,,,,,,
Q18804,Q28690185,,,,,,,,,,,,,,,,,,,,,,,,,,,,,,,,,,,,,,,,,,,,,
Q18805,Q11161375,,,,,,,,,,,,,,,,,,,,,,,,,,,,,,,,,,,,,,,,,,,,,
Q18806,Q11161371,,,,,,,,,,,,,,,,,,,,,,,,,,,,,,,,,,,,,,,,,,,,,
Q18807,Q11161403,,,,,,,,,,,,,,,,,,,,,,,,,,,,,,,,,,,,,,,,,,,,,
Q18812,Q11459973,,,,,,,,,,,,,,,,,,,,,,,,,,,,,,,,,,,,,,,,,,,,,
Q18815,Q17225001,,,,,,,,,,,,,,,,,,,,,,,,,,,,,,,,,,,,,,,,,,,,,
Q18818,Q210773,,,,,,,,,,209461289,,,,,,,,,,,,,,,,,,,,,,,,,,,,,,,,,,,
Q18827,Q17212593,,,,,,,,,,,,,,,,,,,,,,,,,,,,,,,,,,,,,,,,,,,,,
Q18829,Q11619293,,,,,,,,,,,,,,,,,,,,,,,,,,,,,,,,,,,,,,,,,,,,,
Q18830,Q6088231,,,,,,,,,,,,,,,,,,,,,,,,,,,,,,,,,,,,,,,,,,,,,
Q18831,Q23986593,,,,,,,,,,,,,,,,,,,,,,,,,,,,,,,,,,,,,,,,,,,,,
Q18835,Q11596990,,,,,,,,,,,,,,,,,,,,,,,,,,,,,,,,,,,,,,,,,,,,,
Q18837,Q11596932,,,,,,,,,,,,,,,,,,,,,,,,,,,,,,,,,,,,,,,,,,,,,
Q18851,Q859769,,,,,,,,,,,,,,,,,,,,,,,,,,,,,,,,,,,,,,,,,,,,細川-11,
Q18852,Q837217,,,,,,,,,,,,,,,,,,,,,,,,,,,,,,,,,,,,,,,,,,,,,
Q18853,Q11392553,,,,,,,,,,,,,,,,,,,,,,,,,,,,,,,,,,,,,,,,,,,,,
Q18854,Q47470132,,,,,,,,,,,,,,,,,,,,,,,,,,,,,,,,,,,,,,,,,,,,,
Q18858,Q11512248,,,,,,,,,,,,,,,,,,,,,,,,,,,,,,,,,,,,,,,,,,,,,
Q18859,Q8192220,,,,,,,,,,,,,,,,,,,,,,,,,,,,,,,,,,,,,,,,,,,,,
Q18860,Q842554,,,,,,,,,,,,,,,,,,,,,,,,,,,,,,,,,,,,,,,,,,,,,
Q18869,Q11423372,,,,,,,,,,,,,,,,,,,,,,,,,,,,,,,,,,,,,,,,,,,,,
Q18872,Q109901967,,,,,,,,,,,,,,,,,,,,,,,,,,,,,,,,,,,,,,,,,,,,,
Q18874,Q4700559,,,,,,,,,,,,,,,,,,,,,,,,,,,,,,,,,,,,,,,,,,,,,
Q18875,Q2748477,,,,,,,,,,,,,,,,,,,,,,,,,,,,,,,,,,,,,,,,,,,,,
Q18879,Q26814219,,,,,,,,,,,,,,,,,,,,,,,,,,,,,,,,,,,,,,,,,,,,,
Q18881,Q110859403,,,,,,,,,,,,,,,,,,,,,,,,,,,,,,,,,,,,,,,,,,,,,
Q18882,Q11546118,,,,,,,,,,,,,,,,,,,,,,,,,,,,,,,,,,,,,,,,,,,,,
Q18885,Q11124804,,,,,,,,,,,,,,,,,,,,,,,,,,,,,,,,,,,,,,,,,,,,,
Q18886,Q11371623,,,,,,,,,,,,,,,,,,,,,,,,,,,,,,,,,,,,,,,,,,,,,
Q18887,Q11371635,,,,,,,,,,,,,,,,,,,,,,,,,,,,,,,,,,,,,,,,,,,,,
Q18888,Q11578629,,,,,,,,,,,,,,,,,,,,,,,,,,,,,,,,,,,,,,,,,,,,,
Q18891,Q11578691,,,,,,,,,,,,,,,,,,,,,,,,,,,,,,,,,,,,,,,,,,,,,
Q18892,Q11578611,,,,,,,,,,,,,,,,,,,,,,,,,,,,,,,,,,,,,,,,,,,,,
Q18893,Q11578633,,,,,,,,,,,,,,,,,,,,,,,,,,,,,,,,,,,,,,,,,,,,,
Q18894,Q11246767,,,,,,,,,,,,,,,,,,,,,,,,,,,,,,,,,,,,,,,,,,,,,
Q18895,Q11162874,,,,,,,,,,,,,,,,,,,,,,,,,,,,,,,,,,,,,,,,,,,,,
Q18896,Q11246559,,,,,,,,,,,,,,,,,,,,,,,,,,,,,,,,,,,,,,,,,,,,,
Q18897,Q5686044,,,,,,,,,,,,,,,,,,,,,,,,,,,,,,,,,,,,,,,,,,,,,
Q18905,Q11615299,,,,,,,,,,,,,,,,,,,,,,,,,,,,,,,,,,,,,,,,,,,,,
Q18906,Q24859477,,,,,,,,,,,,,,,,,,,,,,,,,,,,,,,,,,,,,,,,,,,,,
Q18907,Q98137315,,,,,,,,,,,,,,,,,,,,,,,,,,,,,,,,,,,,,,,,,,,,,
Q18908,Q110090813,,,,,,,,,,,,,,,,,,,,,,,,,,,,,,,,,,,,,,,,,,,,,
Q18912,Q108781612,,,,,,,,,,,,,,,,,,,,,,,,,,,,,,,,,,,,,,,,,,,,,
Q18926,Q11486210,,,,,,,,,,,,,,,,,,,,,,,,,,,,,,,,,,,,,,,,,,,,,I00523426
Q18928,Q349452,,,,,,,,,,,,,,,,,,,,,,,,,,,485514,,,,,,,,,,,,,,,,,Go-Kashiwabara-tennō_後柏原天皇-1,I00523386
Q18929,Q110267820,,,,,,,,,,,,,,,,,,,,,,,,,,,,,,,,,,,,,,,,,,,,,
Q18938,Q11606021,,,,,,,,,,,,,,,,,,,,,,,,,,,,,,,,,,,,,,,,,,,,,
Q18939,Q11605899,,,,,,,,,,,,,,,,,,,,,,,,,,,,,,,,,,,,,,,,,,,,,
Q18940,Q11605975,,,,,,,,,,,,,,,,,,,,,,,,,,,,,,,,,,,,,,,,,,,,,
Q18941,Q7223346,,,,,,,,,,,,,,,,,,,,,,,,,,,808519,,,,,,,,,,,,,,,,,,
Q18947,Q11678682,,,,,,,,,,,,,,,,,,,,,,,,,,,,,,,,,,,,,,,,,,,,,
Q18949,Q11545678,,,,,,,,,,,,,,,,,,,,,,,,,,,,,,,,,,,,,,,,,,,,,
Q18956,Q12594624,,,,,,,,,,,,,,,,,,,,,,,,,,,,,,,,,,,,,,,,,,,,,
Q18958,Q11620720,,,,,,,,,,,,,,,,,,,,,,,,,,,,,,,,,,,,,,,,,,,,,
Q18960,Q11411233,,,,,,,,,,,,,,,,,,,,,,,,,,,,,,,,,,,,,,,,,,,,,
Q18968,Q16913791,,,,,,,,,,,,,,,,,,,,,,,,,,,,,,,,,,,,,,,,,,,,,
Q18969,Q7223176,,,,,,,,,,,,,,,,,,,,,,,,,,,,,,,,,,,,,,,,,,,,,
Q18970,Q101199862,,,,,,,,,,,,,,,,,,,,,,,,,,,,,,,,,,,,,,,,,,,,,
Q18981,Q11498042,,,,,,,,,,,,,,,,,,,,,,,,,,,,,,,,,,,,,,,,,,,,,
Q18989,Q11624979,,,,,,,,,,,,,,,,,,,,,,,,,,,,,,,,,,,,,,,,,,,,,
Q18990,Q109303450,,,,,,,,,,,,,,,,,,,,,,,,,,,,,,,,,,,,,,,,,,,,,
Q18992,Q11470820,,,,,,,,,,,,,,,,,,,,,,,,,,,,,,,,,,,,,,,,,,,,,
Q18997,Q11489588,,,,,,,,,,,,,,,,,,,,,,,,,,,,,,,,,,,,,,,,,,,,,
Q18999,Q11510596,,,,,,,,,,,,,,,,,,,,,,,,,,,,,,,,,,,,,,,,,,,,,
Q19000,Q11605864,,,,,,,,,,,,,,,,,,,,,,,,,,,,,,,,,,,,,,,,,,,,,
Q19001,Q11605914,,,,,,,,,,,,,,,,,,,,,,,,,,,,,,,,,,,,,,,,,,,,細川-108,
Q19003,Q11605901,,,,,,,,,,,,,,,,,,,,,,,,,,,,,,,,,,,,,,,,,,,,,
Q19004,Q11605917,,,,,,,,,,,,,,,,,,,,,,,,,,,,,,,,,,,,,,,,,,,,,
Q19005,Q11606011,,,,,,,,,,,,,,,,,,,,,,,,,,,,,,,,,,,,,,,,,,,,,
Q19010,Q11608387,,,,,,,,,,,,,,,,,,,,,,,,,,,,,,,,,,,,,,,,,,,,,
Q19012,Q7223321,,,,,,,,,,,,,,,,,,,,,,,,,,,,,,,,,,,,,,,,,,,,,
Q19015,Q10901487,,,,,,,,,,,,,,,,,,,,,,,,,,,,,,,,,,,,,,,,,,,,,I00523387
Q19018,Q110087468,,,,,,,,,,,,,,,,,,,,,,,,,,,,,,,,,,,,,,,,,,,,,
Q19029,Q5227551,,,,,,,,,,,,,,,,,,,,,,,,,,,,,,,,,,,,,,,,,,,,,
Q19030,Q11578534,,,,,,,,,,,,,,,,,,,,,,,,,,,,,,,,,,,,,,,,,,,,,
Q19034,Q541037,,,,,,,,,,,,,,,,,,,,,,,,,,,994341,,,,,,,,,,,,,,,,,,
Q19035,Q11636803,,,,,,,,,,,,,,,,,,,,,,,,,,,,,,,,,,,,,,,,,,,,,
Q19038,Q11486212,,,,,,,,,,,,,,,,,,,,,,,,,,,,,,,,,,,,,,,,,,,,,
Q19040,Q11512051,,,,,,,,,,,,,,,,,,,,,,,,,,,,,,,,,,,,,,,,,,,,,
Q19041,Q110138189,,,,,,,,,,,,,,,,,,,,,,,,,,,,,,,,,,,,,,,,,,,,清閑寺-1,
Q19042,Q110138993,,,,,,,,,,,,,,,,,,,,,,,,,,,,,,,,,,,,,,,,,,,,,
Q19045,Q110141359,,,,,,,,,,,,,,,,,,,,,,,,,,,,,,,,,,,,,,,,,,,,,
Q19053,Q11458936,,,,,,,,,,,,,,,,,,,,,,,,,,,,,,,,,,,,,,,,,,,,,
Q19065,Q11554305,,,,,,,,,,,,,,,,,,,,,,,,,,,,,,,,,,,,,,,,,,,,,
Q19068,Q7004676,,,,,,,,,,,,,,,,,,,,,,,,,,,,,,,,,,,,,,,,,,,,,
Q19069,Q10296516,,,,,,,,,,,,,,,,,,,,,,,,,,,,,,,,,,,,,,,,,,,,,
Q19071,Q7004729,,,,,,,,,,,,,,,,,,,,,,,,,,,,,,,,,,,,,,,,,,,,,
Q19072,Q7005051,,,,,,,,,,,,,,,,,,,,,,,,,,,,,,,,,,,,,,,,,,,,,
Q19073,Q11564983,,,,,,,,,,,,,,,,,,,,,,,,,,,,,,,,,,,,,,,,,,,,高倉-2,
Q19096,Q11544731,,,,,,,,,,,,,,,,,,,,,,,,,,,,,,,,,,,,,,,,,,,,櫛笥-1,
Q19188,Q11245334,,,,,,,,,,,,,,,,,,,,,,,,,,,,,,,,,,,,,,,,,,,,島津-5,
Q19189,Q11246537,,,,,,,,,,,,,,,,,,,,,,,,,,,,,,,,,,,,,,,,,,,,島津-6,
Q19199,Q3327843,,,,,,,,,,,,,,,,,,,,,,,,,,,,,,,,,,,,,,,,,,,,,
Q19202,Q11427764,,,,,,,,,,,,,,,,,,,,,,,,,,,,,,,,,,,,,,,,,,,,,
Q19213,Q11367818,,,,,,,,,,,,,,,,,,,,,,,,,,,,,,,,,,,,,,,,,,,,,
Q19215,Q11367820,,,,,,,,,,,,,,,,,,,,,,,,,,,,,,,,,,,,,,,,,,,,,
Q19216,Q6537242,,,,,,,,,,,,,,,,,,,,,,,,,,,,,,,,,,,,,,,,,,,,,
Q19217,Q10860031,,,,,,,,,,,,,,,,,,,,,,,,,,,,,,,,,,,,,,,,,,,,,
Q19225,Q11369728,,,,,,,,,,,,,,,,,,,,,,,,,,,,,,,,,,,,,,,,,,,,,
Q19233,Q17221223,,,,,,,,,,,,,,,,,,,,,,,,,,,,,,,,,,,,,,,,,,,,前田-42,
Q19238,Q497399,,,,,,,,,,,,,,,,,,,,,,,,,,,,,,,,,,,,,,,,,,,,,
Q19240,Q28517105,,,,,,,,,,,,,,,,,,,,,,,,,,,,,,,,,,,,,,,,,,,,,
Q19241,Q28501056,,,,,,,,,,,,,,,,,,,,,,,,,,,,,,,,,,,,,,,,,,,,,
Q19242,Q485616,,,,,,,,,,,,,,,,,,,,,,,,,,,,,,,,,,,,,,,,,,,,,
Q19243,Q84363407,,,,,,,,,,,,,,,,,,,,,,,,,,,,,,,,,,,,,,,,,,,,,
Q19244,Q485807,,,,,,,,,,,,,,,,,,,,,,,,,,,,,,,,,,,,,,,,,,,,,
Q19245,Q16174214,,,,,,,,,,,,,,,,,,,,,,,,,,,,,,,,,,,,,,,,,,,,,
Q19247,Q55731212,,,,,,,,,,,,,,,,,,,,,,,,,,,,,,,,,,,,,,,,,,,,,
Q19248,Q16177970,,,,,,,,,,,,,,,,,,,,,,,,,,,,,,,,,,,,,,,,,,,,,
Q19249,Q16176522,,,,,,,,,,,,,,,,,,,,,,,,,,,,,,,,,,,,,,,,,,,,,
Q19250,Q28775925,,,,,,,,,,,,,,,,,,,,,,,,,,,,,,,,,,,,,,,,,,,,,
Q19251,Q491146,,,,,,,,,,,,,,,,,,,,,,,,,,,,,,,,,,,,,,,,,,,,,
Q19252,Q7204724,,,,,,,,,,,,,,,,,,,,,,,,,,,,,,,,,,,,,,,,,,,,,
Q19253,Q5370334,,,,,,,,,,,,,,,,,,,,,,,,,,,,,,,,,,,,,,,,,,,,,I00428294
Q19254,Q8254949,,,,,,,,,,,,,,,,,,,,,,,,,,,,,,,,,,,,,,,,,,,,,
Q19255,Q10334836,,,,,,,,,,,,,,,,,,,,,,,,,,,,,,,,,,,,,,,,,,,,,
Q19257,Q11097477,,,,,,,,,,,,,,,,,,,,,,,,,,,,,,,,,,,,,,,,,,,,,
Q19258,Q10338022,,,,,,,,,,,,,,,,,,,,,,,,,,,,,,,,,,,,,,,,,,,,,
Q19260,Q10338446,,,,,,,,,,,,,,,,,,,,,,,,,,,,,,,,,,,,,,,,,,,,,
Q19262,Q6131181,,,,,,,,,,,,,,,,,,,,,,,,,,,,,,,,,,,,,,,,,,,,,
Q19263,Q4207224,,,,,,,,,,,,,,,,,,,,,,,,,,,,,,,,,,,,,,,,,,,,,
Q19264,Q1066855,,,,,,,,,,,,,,,,,,,,,,,,,,,,,,,,,,,,,,,,,,,,,
Q19265,Q14928345,,,,,,,,,,,,,,,,,,,,,,,,,,,,,,,,,,,,,,,,,,,,,
Q19266,Q14928347,,,,,,,,,,,,,,,,,,,,,,,,,,,,,,,,,,,,,,,,,,,,,
Q19267,Q10408868,,,,,,,,,,,,,,,,,,,,,,,,,,,,,,,,,,,,,,,,,,,,,
Q19268,Q10408942,,,,,,,,,,,,,,,,,,,,,,,,,,,,,,,,,,,,,,,,,,,,,
Q19269,Q94998070,,,,,,,,,,,,,,,,,,,,,,,,,,,,,,,,,,,,,,,,,,,,,
Q19270,Q45450917,,,,,,,,,,,,,,,,,,,,,,,,,,,,,,,,,,,,,,,,,,,,,
Q19271,Q45451042,,,,,,,,,,,,,,,,,,,,,,,,,,,,,,,,,,,,,,,,,,,,,
Q19272,Q45451102,,,,,,,,,,,,,,,,,,,,,,,,,,,,,,,,,,,,,,,,,,,,,
Q19273,Q11095628,,,,,,,,,,,,,,,,,,,,,,,,,,,,,,,,,,,,,,,,,,,,,
Q19274,Q11095898,,,,,,,,,,,,,,,,,,,,,,,,,,,,,,,,,,,,,,,,,,,,,
Q19276,Q45452289,,,,,,,,,,,,,,,,,,,,,,,,,,,,,,,,,,,,,,,,,,,,,
Q19277,Q45470523,,,,,,,,,,,,,,,,,,,,,,,,,,,,,,,,,,,,,,,,,,,,,
Q19278,Q25918183,,,,,,,,,,,,,,,,,,,,,,,,,,,,,,,,,,,,,,,,,,,,,
Q19279,Q25918179,,,,,,,,,,,,,,,,,,,,,,,,,,,,,,,,,,,,,,,,,,,,,
Q19280,Q26121262,,,,,,,,,,,,,,,,,,,,,,,,,,,,,,,,,,,,,,,,,,,,,
Q19281,Q4308720,,,,,,,,,,,,,,,,,,,,,,,,,,,,,,,,,,,,,,,,,,,,,
Q19282,Q4308739,,,,,,,,,,,,,,,,,,,,,,,,,,,,,,,,,,,,,,,,,,,,,
Q19283,Q26198084,,,,,,,,,,,,,,,,,,,,,,,,,,,,,,,,,,,,,,,,,,,,,
Q19284,Q1062909,,,,,,,,,,,,,,,,,,,,,,,,,,,,,,,,,,,,,,,,,,,,,
Q19285,Q19653904,,,,,,,,,,,,,,,,,,,,,,,,,,,,,,,,,,,,,,,,,,,,,
Q19286,Q712333,,,,,,,,,,,,,,,,,,,,,,,,,,,,,,,,,,,,,,,,,,,,,
Q19287,Q94997957,,,,,,,,,,,,,,,,,,,,,,,,,,,,,,,,,,,,,,,,,,,,,
Q19288,Q7419,,,,,,,,,,,,,,,,,,,,,,,,,,,1420123,,,,,,,,,,,,,,,,,,
Q19289,Q1075424,,,,,,,,,,,,,,,,,,,,,,,,,,,,,,,,,,,,,,,,,,,,,
Q19290,Q1038462,,,,,,,,,,,,,,,,,,,,,,,,,,,,,,,,,,,,,,,,,,,,,
Q19291,Q1066817,,,,,,,,,,,,,,,,,,,,,,,,,,,,,,,,,,,,,,,,,,,,,
Q19292,Q10946195,,,,,,,,,,,,,,,,,,,,,,,,,,,,,,,,,,,,,,,,,,,,,
Q19293,Q11622256,,,,,,,,,,,,,,,,,,,,,,,,,,,,,,,,,,,,,,,,,,,,,
Q19294,Q11622237,,,,,,,,,,,,,,,,,,,,,,,,,,,,,,,,,,,,,,,,,,,,,
Q19295,Q45419894,,,,,,,,,,,,,,,,,,,,,,,,,,,,,,,,,,,,,,,,,,,,,
Q19297,Q4310626,,,,,,,,,,,,,,,,,,,,,,,,,,,,,,,,,,,,,,,,,,,,,
Q19298,Q67444172,,,,,,,,,,,,,,,,,,,,,,,,,,,,,,,,,,,,,,,,,,,,,
Q19299,Q16259845,,,,,,,,,,,,,,,,,,,,,,,,,,,,,,,,,,,,,,,,,,,,,
Q19300,Q1192341,,,,,,,,,,,,,,,,,,,,,,,,,,,,,,,,,,,,,,,,,,,,,
Q19301,Q26208770,,,,,,,,,,,,,,,,,,,,,,,,,,,,,,,,,,,,,,,,,,,,,
Q19302,Q24839066,,,,,,,,,,,,,,,,,,,,,,,,,,,,,,,,,,,,,,,,,,,,,
Q19303,Q45489405,,,,,,,,,,,,,,,,,,,,,,,,,,,,,,,,,,,,,,,,,,,,,
Q19304,Q134079944,,,,,,,,,,,,,,,,,,,,,,,,,,,,,,,,,,,,,,,,,,,,,
Q19305,Q10909275,,,,,,,,,,,,,,,,,,,,,,,,,,,,,,,,,,,,,,,,,,,,,
Q19306,Q987344,,,,,,,,,,,,,,,,,,,,,,,,,,,,,,,,,,,,,,,,,,,,,
Q19307,Q986651,,,,,,,,,,,,,,,,,,,,,,,,,,,,,,,,,,,,,,,,,,,,,
Q19308,Q1062868,,,,,,,,,,,,,,,,,,,,,,,,,,,,,,,,,,,,,,,,,,,,,
Q19311,Q45417800,,,,,,,,,,,,,,,,,,,,,,,,,,,,,,,,,,,,,,,,,,,,,
Q19312,Q11098022,,,,,,,,,,,,,,,,,,,,,,,,,,,,,,,,,,,,,,,,,,,,,
Q19313,Q45508125,,,,,,,,,,,,,,,,,,,,,,,,,,,,,,,,,,,,,,,,,,,,,
Q19314,Q11095612,,,,,,,,,,,,,,,,,,,,,,,,,,,,,,,,,,,,,,,,,,,,,
Q19316,Q11097450,,,,,,,,,,,,,,,,,,,,,,,,,,,,,,,,,,,,,,,,,,,,,
Q19318,Q15927705,,,,,,,,,,,,,,,,,,,,,,,,,,,,,,,,,,,,,,,,,,,,,
Q19322,Q25925998,,,,,,,,,,,,,,,,,,,,,,,,,,,,,,,,,,,,,,,,,,,,,
Q19326,Q45513937,,,,,,,,,,,,,,,,,,,,,,,,,,,,,,,,,,,,,,,,,,,,,
Q19327,Q45514000,,,,,,,,,,,,,,,,,,,,,,,,,,,,,,,,,,,,,,,,,,,,,
Q19328,Q45514063,,,,,,,,,,,,,,,,,,,,,,,,,,,,,,,,,,,,,,,,,,,,,
Q19329,Q45514574,,,,,,,,,,,,,,,,,,,,,,,,,,,,,,,,,,,,,,,,,,,,,
Q19330,Q45515457,,,,,,,,,,,,,,,,,,,,,,,,,,,,,,,,,,,,,,,,,,,,,
Q19331,Q45515521,,,,,,,,,,,,,,,,,,,,,,,,,,,,,,,,,,,,,,,,,,,,,
Q19335,Q45523423,,,,,,,,,,,,,,,,,,,,,,,,,,,,,,,,,,,,,,,,,,,,,
Q19336,Q45523483,,,,,,,,,,,,,,,,,,,,,,,,,,,,,,,,,,,,,,,,,,,,,
Q19337,Q45523546,,,,,,,,,,,,,,,,,,,,,,,,,,,,,,,,,,,,,,,,,,,,,
Q19338,Q6538693,,,,,,,,,,,,,,,,,,,,,,,,,,,,,,,,,,,,,,,,,,,,,
Q19339,Q38976840,,,,,,,,,,,,,,,,,,,,,,,,,,,,,,,,,,,,,,,,,,,,,
Q19341,Q713112,,,,,,,,,,,,,,,,,,,,,,,,,,,,,,,,,,,,,,,,,,,,,
Q19342,Q9738,,,,,,,,,,,,,,,,,,,,,,,,,,,,,,,,,,,,,,,,,,,,,I00428302
Q19343,Q8249771,,,,,,,,,,,,,,,,,,,,,,,,,,,,,,,,,,,,,,,,,,,,,
Q19344,Q3382199,,,,,,,,,,,,,,,,,,,,,,,,,,,,,,,,,,,,,,,,,,,,,
Q19345,Q708310,,,,,,,,,,,,,,,,,,,,,,,,,,,,,,,,,,,,,,,,,,,,,
Q19347,Q4313099,,,,,,,,,,,,,,,,,,,,,,,,,,,,,,,,,,,,,,,,,,,,,
Q19348,Q699657,,,,,,,,,,,,,,,,,,,,,,,,,,,,,,,,,,,,,,,,,,,,,
Q19351,Q9717,,,,,,,,,,,,,,,,,,,,,,,,,,,,,,,,,,,,,,,,,,,,,
Q19352,Q9722,,,,,,,,,,,,,,,,,,,,,,,,,,,,,,,,,,,,,,,,,,,,,I00428305
Q19353,Q4313215,,,,,,,,,,,,,,,,,,,,,,,,,,,,,,,,,,,,,,,,,,,,,
Q19354,Q4313238,,,,,,,,,,,,,,,,,,,,,,,,,,,,,,,,,,,,,,,,,,,,,
Q19355,Q4313257,,,,,,,,,,,,,,,,,,,,,,,,,,,,,,,,,,,,,,,,,,,,,
Q19356,Q706438,,,,,,,,,,,,,,,,,,,,,,,,,,,,,,,,,,,,,,,,,,,,,
Q19357,Q15940958,,,,,,,,,,,,,,,,,,,,,,,,,,,,,,,,,,,,,,,,,,,,,
Q19360,Q45494238,,,,,,,,,,,,,,,,,,,,,,,,,,,,,,,,,,,,,,,,,,,,,
Q19361,Q45497842,,,,,,,,,,,,,,,,,,,,,,,,,,,,,,,,,,,,,,,,,,,,,
Q19362,Q45497907,,,,,,,,,,,,,,,,,,,,,,,,,,,,,,,,,,,,,,,,,,,,,
Q19363,Q45497971,,,,,,,,,,,,,,,,,,,,,,,,,,,,,,,,,,,,,,,,,,,,,
Q19364,Q45498036,,,,,,,,,,,,,,,,,,,,,,,,,,,,,,,,,,,,,,,,,,,,,
Q19365,Q45498100,,,,,,,,,,,,,,,,,,,,,,,,,,,,,,,,,,,,,,,,,,,,,
Q19368,Q25916974,,,,,,,,,,,,,,,,,,,,,,,,,,,,,,,,,,,,,,,,,,,,,
Q19370,Q25923061,,,,,,,,,,,,,,,,,,,,,,,,,,,,,,,,,,,,,,,,,,,,,
Q19371,Q25923078,,,,,,,,,,,,,,,,,,,,,,,,,,,,,,,,,,,,,,,,,,,,,
Q19374,Q22813465,,,,,,,,,,,,,,,,,,,,,,,,,,,,,,,,,,,,,,,,,,,,,
Q19375,Q45378845,,,,,,,,,,,,,,,,,,,,,,,,,,,,,,,,,,,,,,,,,,,,,
Q19376,Q45501439,,,,,,,,,,,,,,,,,,,,,,,,,,,,,,,,,,,,,,,,,,,,,
Q19377,Q45501822,,,,,,,,,,,,,,,,,,,,,,,,,,,,,,,,,,,,,,,,,,,,,
Q19378,Q45501951,,,,,,,,,,,,,,,,,,,,,,,,,,,,,,,,,,,,,,,,,,,,,
Q19380,Q16260613,,,,,,,,,,,,,,,,,,,,,,,,,,,,,,,,,,,,,,,,,,,,,
Q19381,Q10414698,,,,,,,,,,,,,,,,,,,,,,,,,,,,,,,,,,,,,,,,,,,,,
Q19382,Q9450939,,,,,,,,,,,,,,,,,,,,,,,,,,,,,,,,,,,,,,,,,,,,,
Q19383,Q4255471,,,,,,,,,,,,,,,,,,,,,,,,,,,,,,,,,,,,,,,,,,,,,
Q19384,Q45480438,,,,,,,,,,,,,,,,,,,,,,,,,,,,,,,,,,,,,,,,,,,,,
Q19386,Q45531094,,,,,,,,,,,,,,,,,,,,,,,,,,,,,,,,,,,,,,,,,,,,,
Q19387,Q10566744,,,,,,,,,,,,,,,,,,,,,,,,,,,,,,,,,,,,,,,,,,,,,
Q19388,Q45438460,,,,,,,,,,,,,,,,,,,,,,,,,,,,,,,,,,,,,,,,,,,,,
Q19389,Q45635174,,,,,,,,,,,,,,,,,,,,,,,,,,,,,,,,,,,,,,,,,,,,,
Q19390,Q133447479,,,,,,,,,,,,,,,,,,,,,,,,,,,,,,,,,,,,,,,,,,,,,
Q19391,Q10451826,,,,,,,,,,,,,,,,,,,,,,,,,,,,,,,,,,,,,,,,,,,,,
Q19393,Q10513986,,,,,,,,,,,,,,,,,,,,,,,,,,,,,,,,,,,,,,,,,,,,,
Q19394,Q10340792,,,,,,,,,,,,,,,,,,,,,,,,,,,,,,,,,,,,,,,,,,,,,
Q19395,Q10513994,,,,,,,,,,,,,,,,,,,,,,,,,,,,,,,,,,,,,,,,,,,,,
Q19396,Q16260770,,,,,,,,,,,,,,,,,,,,,,,,,,,,,,,,,,,,,,,,,,,,,
Q19397,Q11075508,,,,,,,,,,,,,,,,,,,,,,,,,,,,,,,,,,,,,,,,,,,,,
Q19398,Q16260598,,,,,,,,,,,,,,,,,,,,,,,,,,,,,,,,,,,,,,,,,,,,,
Q19399,Q66235068,,,,,,,,,,,,,,,,,,,,,,,,,,,,,,,,,,,,,,,,,,,,,
Q19400,Q10963068,,,,,,,,,,,,,,,,,,,,,,,,,,,,,,,,,,,,,,,,,,,,,
Q19401,Q45667751,,,,,,,,,,,,,,,,,,,,,,,,,,,,,,,,,,,,,,,,,,,,,
Q19402,Q45421260,,,,,,,,,,,,,,,,,,,,,,,,,,,,,,,,,,,,,,,,,,,,,
Q19403,Q45421262,,,,,,,,,,,,,,,,,,,,,,,,,,,,,,,,,,,,,,,,,,,,,
Q19404,Q45421263,,,,,,,,,,,,,,,,,,,,,,,,,,,,,,,,,,,,,,,,,,,,,
Q19405,Q171682,,,,,,,,,,,,,,,,,,,,,,,,,,,,,,,,,,,,,,,,,,,,,
Q19406,Q15956496,,,,,,,,,,,,,,,,,,,,,,,,,,,,,,,,,,,,,,,,,,,,,
Q19407,Q15936346,,,,,,,,,,,,,,,,,,,,,,,,,,,,,,,,,,,,,,,,,,,,,
Q19408,Q11125462,,,,,,,,,,,,,,,,,,,,,,,,,,,,,,,,,,,,,,,,,,,,,
Q19409,Q24836643,,,,,,,,,,,,,,,,,,,,,,,,,,,,,,,,,,,,,,,,,,,,,
Q19410,Q24836655,,,,,,,,,,,,,,,,,,,,,,,,,,,,,,,,,,,,,,,,,,,,,
Q19411,Q65806878,,,,,,,,,,,,,,,,,,,,,,,,,,,,,,,,,,,,,,,,,,,,,
Q19412,Q45471981,,,,,,,,,,,,,,,,,,,,,,,,,,,,,,,,,,,,,,,,,,,,,
Q19414,Q45477986,,,,,,,,,,,,,,,,,,,,,,,,,,,,,,,,,,,,,,,,,,,,,
Q19415,Q45421481,,,,,,,,,,,,,,,,,,,,,,,,,,,,,,,,,,,,,,,,,,,,,
Q19417,Q65804904,,,,,,,,,,,,,,,,,,,,,,,,,,,,,,,,,,,,,,,,,,,,,
Q19418,Q65804905,,,,,,,,,,,,,,,,,,,,,,,,,,,,,,,,,,,,,,,,,,,,,
Q19419,Q45489450,,,,,,,,,,,,,,,,,,,,,,,,,,,,,,,,,,,,,,,,,,,,,
Q19420,Q45489514,,,,,,,,,,,,,,,,,,,,,,,,,,,,,,,,,,,,,,,,,,,,,
Q19421,Q65805076,,,,,,,,,,,,,,,,,,,,,,,,,,,,,,,,,,,,,,,,,,,,,
Q19422,Q65805075,,,,,,,,,,,,,,,,,,,,,,,,,,,,,,,,,,,,,,,,,,,,,
Q19423,Q45476518,,,,,,,,,,,,,,,,,,,,,,,,,,,,,,,,,,,,,,,,,,,,,
Q19425,Q45476263,,,,,,,,,,,,,,,,,,,,,,,,,,,,,,,,,,,,,,,,,,,,,
Q19426,Q22813497,,,,,,,,,,,,,,,,,,,,,,,,,,,,,,,,,,,,,,,,,,,,,
Q19427,Q18906149,,,,,,,,,,,,,,,,,,,,,,,,,,,,,,,,,,,,,,,,,,,,,
Q19428,Q45422037,,,,,,,,,,,,,,,,,,,,,,,,,,,,,,,,,,,,,,,,,,,,,
Q19429,Q45424455,,,,,,,,,,,,,,,,,,,,,,,,,,,,,,,,,,,,,,,,,,,,,
Q19431,Q45488303,,,,,,,,,,,,,,,,,,,,,,,,,,,,,,,,,,,,,,,,,,,,,
Q19432,Q45488364,,,,,,,,,,,,,,,,,,,,,,,,,,,,,,,,,,,,,,,,,,,,,
Q19433,Q45488492,,,,,,,,,,,,,,,,,,,,,,,,,,,,,,,,,,,,,,,,,,,,,
Q19436,Q22813483,,,,,,,,,,,,,,,,,,,,,,,,,,,,,,,,,,,,,,,,,,,,,
Q19437,Q45632944,,,,,,,,,,,,,,,,,,,,,,,,,,,,,,,,,,,,,,,,,,,,,
Q19438,Q134081021,,,,,,,,,,,,,,,,,,,,,,,,,,,,,,,,,,,,,,,,,,,,,
Q19439,Q45474303,,,,,,,,,,,,,,,,,,,,,,,,,,,,,,,,,,,,,,,,,,,,,
Q19440,Q45474547,,,,,,,,,,,,,,,,,,,,,,,,,,,,,,,,,,,,,,,,,,,,,
Q19441,Q45474674,,,,,,,,,,,,,,,,,,,,,,,,,,,,,,,,,,,,,,,,,,,,,
Q19442,Q45474803,,,,,,,,,,,,,,,,,,,,,,,,,,,,,,,,,,,,,,,,,,,,,
Q19443,Q45422307,,,,,,,,,,,,,,,,,,,,,,,,,,,,,,,,,,,,,,,,,,,,,
Q19444,Q45422310,,,,,,,,,,,,,,,,,,,,,,,,,,,,,,,,,,,,,,,,,,,,,
Q19445,Q45478468,,,,,,,,,,,,,,,,,,,,,,,,,,,,,,,,,,,,,,,,,,,,,
Q19446,Q45478662,,,,,,,,,,,,,,,,,,,,,,,,,,,,,,,,,,,,,,,,,,,,,
Q19447,Q45478726,,,,,,,,,,,,,,,,,,,,,,,,,,,,,,,,,,,,,,,,,,,,,
Q19448,Q45420203,,,,,,,,,,,,,,,,,,,,,,,,,,,,,,,,,,,,,,,,,,,,,
Q19449,Q10899676,,,,,,,,,,,,,,,,,,,,,,,,,,,,,,,,,,,,,,,,,,,,,
Q19450,Q26208877,,,,,,,,,,,,,,,,,,,,,,,,,,,,,,,,,,,,,,,,,,,,,
Q19451,Q45475693,,,,,,,,,,,,,,,,,,,,,,,,,,,,,,,,,,,,,,,,,,,,,
Q19453,Q965742,,,,,,,,,,,,,,,,,,,,,,,,,,,,,,,,,,,,,,,,,,,,,
Q19464,Q11356538,,,,,,,,,,,,,,,,,,,,,,,,,,,,,,,,,,,,,,,,,,,,,
Q19467,Q4805095,,,,,,,,,,,,,,,,,,,,,,,,,,,,,,,,,,,,,,,,,,,,,
Q19480,Q13448927,,,,,,,,,,,,,,,,,,,,,,,,,,,,,,,,,,,,,,,,,,,,,
Q19483,Q11392555,,,,,,,,,,,,,,,,,,,,,,,,,,,,,,,,,,,,,,,,,,,,,
Q19487,Q105711153,,,,,,,,,,,,,,,,,,,,,,,,,,,,,,,,,,,,,,,,,,,,,
Q19489,Q11463125,,,,,,,,,,,,,,,,,,,,,,,,,,,,,,,,,,,,,,,,,,,,,
Q19491,Q17225675,,,,,,,,,,,,,,,,,,,,,,,,,,,,,,,,,,,,,,,,,,,,,
Q19494,Q843966,,,,,,,,,,,,,,,,,,,,,,,,,,,,,,,,,,,,,,,,,,,,,
Q19495,Q1086694,,,,,,,,,,,,,,,,,,,,,,,,,,,,,,,,,,,,,,,,,,,,,
Q19496,Q17228018,,,,,,,,,,,,,,,,,,,,,,,,,,,,,,,,,,,,,,,,,,,,,
Q19498,Q6426881,,,,,,,,,,,,,,,,,,,,,,,,,,,,,,,,,,,,,,,,,,,,,
Q19504,Q6967760,,,,,,,,,,,,,,,,,,,,,,,,,,,,,,,,,,,,,,,,,,,,,
Q19508,Q11615852,,,,,,,,,,,,,,,,,,,,,,,,,,,,,,,,,,,,,,,,,,,,,
Q19510,Q11625155,,,,,,,,,,,,,,,,,,,,,,,,,,,,,,,,,,,,,,,,,,,,,
Q19512,Q11474331,,,,,,,,,,,,,,,,,,,,,,,,,,,,,,,,,,,,,,,,,,,,,
Q19513,Q8514797,,,,,,,,,,,,,,,,,,,,,,,,,,,,,,,,,,,,,,,,,,,,,
Q19514,Q11383457,,,,,,,,,,,,,,,,,,,,,,,,,,,,,,,,,,,,,,,,,,,,,
Q19515,Q11459535,,,,,,,,,,,,,,,,,,,,,,,,,,,,,,,,,,,,,,,,,,,,,
Q19521,Q11625153,,,,,,,,,,,,,,,,,,,,,,,,,,,,,,,,,,,,,,,,,,,,,
Q19522,Q11625147,,,,,,,,,,,,,,,,,,,,,,,,,,,,,,,,,,,,,,,,,,,,,
Q19525,Q11464918,,,,,,,,,,,,,,,,,,,,,,,,,,,,,,,,,,,,,,,,,,,,,
Q19526,Q4739136,,,,,,,,,,,,,,,,,,,,,,,,,,,,,,,,,,,,,,,,,,,,,
Q19527,Q4739137,,,,,,,,,,,,,,,,,,,,,,,,,,,,,,,,,,,,,,,,,,,,,
Q19528,Q11605865,,,,,,,,,,,,,,,,,,,,,,,,,,,,,,,,,,,,,,,,,,,,,
Q19531,Q11635701,,,,,,,,,,,,,,,,,,,,,,,,,,,,,,,,,,,,,,,,,,,,,
Q19533,Q986767,,,,,,,,,,,,,,,,,,,,,,,,,,,,,,,,,,,,,,,,,,,,,
Q19537,Q11353122,,,,,,,,,,,,,,,,,,,,,,,,,,,,,,,,,,,,,,,,,,,,,
Q19541,Q11239145,,,,,,,,,,,,,,,,,,,,,,,,,,,,,,,,,,,,,,,,,,,,,
Q19542,Q10729382,,,,,,,,,,,,,,,,,,,,,,,,,,,,,,,,,,,,,,,,,,,,,
Q19543,Q12594627,,,,,,,,,,,,,,,,,,,,,,,,,,,,,,,,,,,,,,,,,,,,,
Q19544,Q11530583,,,,,,,,,,,,,,,,,,,,,,,,,,,,,,,,,,,,,,,,,,,,,
Q19545,Q10862100,,,,,,,,,,,,,,,,,,,,,,,,,,,,,,,,,,,,,,,,,,,,,
Q19549,Q11625150,,,,,,,,,,,,,,,,,,,,,,,,,,,,,,,,,,,,,,,,,,,,,
Q19555,Q11676309,,,,,,,,,,,,,,,,,,,,,,,,,,,,,,,,,,,,,,,,,,,,,
Q19559,Q11473064,,,,,,,,,,,,,,,,,,,,,,,,,,,,,,,,,,,,,,,,,,,,,
Q19560,Q11473204,,,,,,,,,,,,,,,,,,,,,,,,,,,,,,,,,,,,,,,,,,,,,
Q19570,Q11583547,,,,,,,,,,,,,,,,,,,,,,,,,,,,,,,,,,,,,,,,,,,,,
Q19571,Q11583552,,,,,,,,,,,,,,,,,,,,,,,,,,,,,,,,,,,,,,,,,,,,,
Q19577,Q11379129,,,,,,,,,,,,,,,,,,,,,,,,,,,,,,,,,,,,,,,,,,,,,
Q19578,Q11671693,,,,,,,,,,,,,,,,,,,,,,,,,,,,,,,,,,,,,,,,,,,,,
Q19585,Q11643805,,,,,,,,,,,,,,,,,,,,,,,,,,,,,,,,,,,,,,,,,,,,,
Q19586,Q3151482,,,,,,,,,,,,,,,,,,,,,,,,,,,,,,,,,,,,,,,,,,,,井上-5,
Q19588,Q11546121,,,,,,,,,,,,,,,,,,,,,,,,,,,,,,,,,,,,,,,,,,,,,
Q19593,Q109914806,,,,,,,,,,,,,,,,,,,,,,,,,,,,,,,,,,,,,,,,,,,,,
Q19594,Q11369377,,,,,,,,,,,,,,,,,,,,,,,,,,,,,,,,,,,,,,,,,,,,,
Q19595,Q11369380,,,,,,,,,,,,,,,,,,,,,,,,,,,,,,,,,,,,,,,,,,,,,
Q19599,Q11405816,,,,,,,,,,,,,,,,,,,,,,,,,,,,,,,,,,,,,,,,,,,,,
Q19600,Q11540636,,,,,,,,,,,,,,,,,,,,,,,,,,,,,,,,,,,,,,,,,,,,,
Q19602,Q11352627,,,,,,,,,,,,,,,,,,,,,,,,,,,,,,,,,,,,,,,,,,,,,
Q19603,Q7223195,,,,,,,,,,,,,,,,,,,,,,,,,,,808518,,,,,,,,,,,,,,,,,,
Q19607,Q11615283,,,,,,,,,,,,,,,,,,,,,,,,,,,,,,,,,,,,,,,,,,,,,
Q19613,Q96273536,,,,,,,,,,,,,,,,,,,,,,,,,,,,,,,,,,,,,,,,,,,,,
Q19618,Q11459747,,,,,,,,,,,,,,,,,,,,,,,,,,,,,,,,,,,,,,,,,,,,,
Q19620,Q11068766,,,,,,,,,,,,,,,,,,,,,,,,,,,,,,,,,,,,,,,,,,,,,
Q19622,Q11068387,,,,,,,,,,,,,,,,,,,,,,,,,,,,,,,,,,,,,,,,,,,,,
Q19627,Q11635336,,,,,,,,,,,,,,,,,,,,,,,,,,,,,,,,,,,,,,,,,,,,,
Q19629,Q10430704,,,,,,,,,,,,,,,,,,,,,,,,,,,,,,,,,,,,,,,,,,,,,
Q19630,Q11124808,,,,,,,,,,,,,,,,,,,,,,,,,,,,,,,,,,,,,,,,,,,,,
Q19631,Q11635688,,,,,,,,,,,,,,,,,,,,,,,,,,,,,,,,,,,,,,,,,,,,,
Q19632,Q11411234,,,,,,,,,,,,,,,,,,,,,,,,,,,,,,,,,,,,,,,,,,,,,
Q19633,Q11385059,,,,,,,,,,,,,,,,,,,,,,,,,,,,,,,,,,,,,,,,,,,,,
Q19634,Q11385105,,,,,,,,,,,,,,,,,,,,,,,,,,,,,,,,,,,,,,,,,,,,,
Q19635,Q11385028,,,,,,,,,,,,,,,,,,,,,,,,,,,,,,,,,,,,,,,,,,,,,
Q19639,Q27920819,,,,,,,,,,,,,,,,,,,,,,,,,,,,,,,,,,,,,,,,,,,,,
Q19640,Q277361,,,,,,,,,,,,,,,,,,,,,,,,,,,,,,,,,,,,,,,,,,,,,
Q19643,Q6606793,,,,,,,,,,,,,,,,,,,,,,,,,,,,,,,,,,,,,,,,,,,,,
Q19646,Q20040463,,,,,,,,,,,,,,,,,,,,,,,,,,,,,,,,,,,,,,,,,,,,塩川-2,
Q19647,Q1036926,,,,,,,,,,,,,,,,,,,,,,,,,,,,,,,,,,,,,,,,,,,,森-9,
Q19653,Q11353112,,,,,,,,,,,,,,,,,,,,,,,,,,,,,,,,,,,,,,,,,,,,,
Q19655,Q96714548,,,,,,,,,,,,,,,,,,,,,,,,,,,,,,,,,,,,,,,,,,,,,
Q19657,Q11515468,,,,,,,,,,,,,,,,,,,,,,,,,,,,,,,,,,,,,,,,,,,,,
Q19672,Q7650544,,,,,,,,,,,,,,,,,,,,,,,,,,,,,,,,,,,,,,,,,,,,,
Q19674,Q11644643,,,,,,,,,,,,,,,,,,,,,,,,,,,,,,,,,,,,,,,,,,,,,
Q19675,Q11367390,,,,,,,,,,,,,,,,,,,,,,,,,,,,,,,,,,,,,,,,,,,,,
Q19676,Q11644668,,,,,,,,,,,,,,,,,,,,,,,,,,,,,,,,,,,,,,,,,,,,,
Q19678,Q19662167,,,,,,,,,,,,,,,,,,,,,,,,,,,,,,,,,,,,,,,,,,,,,
Q19684,Q18225912,,,,,,,,,,,,,,,,,,,,,,,,,,,,,,,,,,,,,,,,,,,,,
Q19685,Q10859957,,,,,,,,,,,,,,,,,,,,,,,,,,,,,,,,,,,,,,,,,,,,,
Q19686,Q126687382,,,,,,,,,,,,,,,,,,,,,,,,,,,,,,,,,,,,,,,,,,,,,
Q19690,Q10729360,,,,,,,,,,,,,,,,,,,,,,,,,,,,,,,,,,,,,,,,,,,,,
Q19691,Q6788035,,,,,,,,,,,,,,,,,,,,,,,,,,,,,,,,,,,,,,,,,,,,,
Q19692,Q108781207,,,,,,,,,,,,,,,,,,,,,,,,,,,,,,,,,,,,,,,,,,,,,
Q19693,Q11161448,,,,,,,,,,,,,,,,,,,,,,,,,,,,,,,,,,,,,,,,,,,,,
Q19695,Q6536137,,,,,,,,,,,,,,,,,,,,,,,,,,,,,,,,,,,,,,,,,,,,,
Q19698,Q11580939,,,,,,,,,,,,,,,,,,,,,,,,,,,,,,,,,,,,,,,,,,,,,
Q19703,Q11554350,,,,,,,,,,,,,,,,,,,,,,,,,,,,,,,,,,,,,,,,,,,,,
Q19704,Q17193708,,,,,,,,,,,,,,,,,,,,,,,,,,,,,,,,,,,,,,,,,,,,,
Q19710,Q11045460,,,,,,,,,,,,,,,,,,,,,,,,,,,,,,,,,,,,,,,,,,,,,
Q19711,Q11459120,,,,,,,,,,,,,,,,,,,,,,,,,,,,,,,,,,,,,,,,,,,,小出-3,
Q19714,Q11459093,,,,,,,,,,,,,,,,,,,,,,,,,,,,,,,,,,,,,,,,,,,,,
Q19717,Q11034693,,,,,,,,,,,,,,,,,,,,,,,,,,,,,,,,,,,,,,,,,,,,,
Q19719,Q17224406,,,,,,,,,,,,,,,,,,,,,,,,,,,,,,,,,,,,,,,,,,,,,
Q19720,Q105711471,,,,,,,,,,,,,,,,,,,,,,,,,,,,,,,,,,,,,,,,,,,,,
Q19721,Q11608430,,,,,,,,,,,,,,,,,,,,,,,,,,,,,,,,,,,,,,,,,,,,,
Q19722,Q11409898,,,,,,,,,,,,,,,,,,,,,,,,,,,,,,,,,,,,,,,,,,,,,
Q19723,Q909763,,,,,,,,,,,,,,,,,,,,,,,,,,,,,,,,,,,,,,,,,,,,,
Q19725,Q1143508,,,,,,,,,,,,,,,,,,,,,,,,,,,,,,,,,,,,,,,,,,,,,
Q19726,Q859711,,,,,,,,,,,,,,,,,,,,,,,,,,,,,,,,,,,,,,,,,,,,,
Q19730,Q11522915,,,,,,,,,,,,,,,,,,,,,,,,,,,,,,,,,,,,,,,,,,,,,
Q19737,Q99517136,,,,,,,,,,,,,,,,,,,,,,,,,,,,,,,,,,,,,,,,,,,,,
Q19738,Q6013288,,,,,,,,,,,,,,,,,,,,,,,,,,,,,,,,,,,,,,,,,,,,,
Q19741,Q11414931,,,,,,,,,,,,,,,,,,,,,,,,,,,,,,,,,,,,,,,,,,,,,
Q19745,Q11540379,,,,,,,,,,,,,,,,,,,,,,,,,,,,,,,,,,,,,,,,,,,,,
Q19751,Q7140211,,,,,,,,,,,,,,,,,,,,,,,,,,,,,,,,,,,,,,,,,,,,,
Q19757,Q11256377,,,,,,,,,,,,,,,,,,,,,,,,,,,,,,,,,,,,,,,,,,,,,
Q19758,Q11521799,,,,,,,,,,,,,,,,,,,,,,,,,,,,,,,,,,,,,,,,,,,,,
Q19759,Q11468031,,,,,,,,,,,,,,,,,,,,,,,,,,,,,,,,,,,,,,,,,,,,,
Q19761,Q11657993,,,,,,,,,,,,,,,,,,,,,,,,,,,,,,,,,,,,,,,,,,,,,
Q19764,Q11521794,,,,,,,,,,,,,,,,,,,,,,,,,,,,,,,,,,,,,,,,,,,,,
Q19767,Q8190166,,,,,,,,,,,,,,,,,,,,,,,,,,,,,,,,,,,,,,,,,,,,,
Q19768,Q9755540,,,,,,,,,,,,,,,,,,,,,,,,,,,,,,,,,,,,,,,,,,,,,
Q19770,Q11556978,,,,,,,,,,,,,,,,,,,,,,,,,,,,,,,,,,,,,,,,,,,,,
Q19771,Q11556911,,,,,,,,,,,,,,,,,,,,,,,,,,,,,,,,,,,,,,,,,,,,,
Q19772,Q11556990,,,,,,,,,,,,,,,,,,,,,,,,,,,,,,,,,,,,,,,,,,,,,
Q19774,Q11608420,,,,,,,,,,,,,,,,,,,,,,,,,,,,,,,,,,,,,,,,,,,,,
Q19775,Q11608386,,,,,,,,,,,,,,,,,,,,,,,,,,,,,,,,,,,,,,,,,,,,,
Q19779,Q11261843,,,,,,,,,,,,,,,,,,,,,,,,,,,,,,,,,,,,,,,,,,,,,
Q19782,Q11608432,,,,,,,,,,,,,,,,,,,,,,,,,,,,,,,,,,,,,,,,,,,,,
Q19783,Q11608384,,,,,,,,,,,,,,,,,,,,,,,,,,,,,,,,,,,,,,,,,,,,,
Q19785,Q17230316,,,,,,,,,,,,,,,,,,,,,,,,,,,,,,,,,,,,,,,,,,,,,
Q19788,Q11608321,,,,,,,,,,,,,,,,,,,,,,,,,,,,,,,,,,,,,,,,,,,,,
Q19790,Q11666267,,,,,,,,,,,,,,,,,,,,,,,,,,,,,,,,,,,,,,,,,,,,,
Q19791,Q11608300,,,,,,,,,,,,,,,,,,,,,,,,,,,,,,,,,,,,,,,,,,,,,
Q19792,Q4701233,,,,,,,,,,,,,,,,,,,,,,,,,,,,,,,,,,,,,,,,,,,,,
Q19793,Q2900560,,,,,,,,,,,,,,,,,,,,,,,,,,,,,,,,,,,,,,,,,,,,,
Q19795,Q11608390,,,,,,,,,,,,,,,,,,,,,,,,,,,,,,,,,,,,,,,,,,,,,
Q19796,Q56618769,,,,,,,,,,,,,,,,,,,,,,,,,,,,,,,,,,,,,,,,,,,,,
Q19802,Q11608437,,,,,,,,,,,,,,,,,,,,,,,,,,,,,,,,,,,,,,,,,,,,,
Q19806,Q17192754,,,,,,,,,,,,,,,,,,,,,,,,,,,,,,,,,,,,,,,,,,,,,
Q19808,Q11552171,,,,,,,,,,,,,,,,,,,,,,,,,,,,,,,,,,,,,,,,,,,,,
Q19812,Q11422783,,,,,,,,,,,,,,,,,,,,,,,,,,,,,,,,,,,,,,,,,,,,,
Q19817,Q4331767,,,,,,,,,,,,,,,,,,,,,,,,,,,,,,,,,,,,,,,,,,,,,
Q19825,Q11495691,,,,,,,,,,,,,,,,,,,,,,,,,,,,,,,,,,,,,,,,,,,,,
Q19829,Q11515463,,,,,,,,,,,,,,,,,,,,,,,,,,,,,,,,,,,,,,,,,,,,,
Q19831,Q11360329,,,,,,,,,,,,,,,,,,,,,,,,,,,,,,,,,,,,,,,,,,,,,
Q19832,Q11576953,,,,,,,,,,,,,,,,,,,,,,,,,,,,,,,,,,,,,,,,,,,,,
Q19839,Q11586341,,,,,,,,,,,,,,,,,,,,,,,,,,,,,,,,,,,,,,,,,,,,,
Q19842,Q11356143,,,,,,,,,,,,,,,,,,,,,,,,,,,,,,,,,,,,,,,,,,,,,
Q19843,Q5227557,,,,,,,,,,,,,,,,,,,,,,,,,,,,,,,,,,,,,,,,,,,,伊達-13,
Q19844,Q8514143,,,,,,,,,,,,,,,,,,,,,,,,,,,,,,,,,,,,,,,,,,,,,
Q19846,Q11380809,,,,,,,,,,,,,,,,,,,,,,,,,,,,,,,,,,,,,,,,,,,,,
Q19847,Q11380825,,,,,,,,,,,,,,,,,,,,,,,,,,,,,,,,,,,,,,,,,,,,,
Q19848,Q11380814,,,,,,,,,,,,,,,,,,,,,,,,,,,,,,,,,,,,,,,,,,,,,
Q19851,Q11409811,,,,,,,,,,,,,,,,,,,,,,,,,,,,,,,,,,,,,,,,,,,,,
Q19855,Q11380753,,,,,,,,,,,,,,,,,,,,,,,,,,,,,,,,,,,,,,,,,,,,,
Q19856,Q109328356,,,,,,,,,,,,,,,,,,,,,,,,,,,,,,,,,,,,,,,,,,,,,
Q19861,Q11364972,,,,,,,,,,,,,,,,,,,,,,,,,,,,,,,,,,,,,,,,,,,,,
Q19862,Q1207509,,,,,,,,,,,,,,,,,,,,,,,,,,,,,,,,,,,,,,,,,,,,三淵-1,
Q19867,Q11605997,,,,,,,,,,,,,,,,,,,,,,,,,,,,,,,,,,,,,,,,,,,,細川-28,
Q19869,Q11239602,,,,,,,,,,,,,,,,,,,,,,,,,,,,,,,,,,,,,,,,,,,,,
Q19870,Q11578364,,,,,,,,,,,,,,,,,,,,,,,,,,,,,,,,,,,,,,,,,,,,,
Q19871,Q11397522,,,,,,,,,,,,,,,,,,,,,,,,,,,,,,,,,,,,,,,,,,,,前田-68,
Q19879,Q11397453,,,,,,,,,,,,,,,,,,,,,,,,,,,560103,,,,,,,,,,,,,,,,,,
Q19881,Q8515048,,,,,,,,,,,,,,,,,,,,,,,,,,,,,,,,,,,,,,,,,,,,,
Q19882,Q10565494,,,,,,,,,,,,,,,,,,,,,,,,,,,,,,,,,,,,,,,,,,,,,
Q19884,Q11564485,,,,,,,,,,,,,,,,,,,,,,,,,,,,,,,,,,,,,,,,,,,,,
Q19890,Q11574314,,,,,,,,,,,,,,,,,,,,,,,,,,,,,,,,,,,,,,,,,,,,,
Q19896,Q110058422,,,,,,,,,,,,,,,,,,,,,,,,,,,,,,,,,,,,,,,,,,,,,
Q19897,Q11574317,,,,,,,,,,,,,,,,,,,,,,,,,,,,,,,,,,,,,,,,,,,,正親町三条-1,
Q19903,Q11080829,,,,,,,,,,,,,,,,,,,,,,,,,,,,,,,,,,,,,,,,,,,,,
Q19911,Q1143534,,,,,,,,,,,,,,,,,,,,,,,,,,,1377673,,,,,,,,,,,,,,,,,,
Q19912,Q11656143,,,,,,,,,,,,,,,,,,,,,,,,,,,,,,,,,,,,,,,,,,,,,
Q19915,Q11458937,,,,,,,,,,,,,,,,,,,,,,,,,,,,,,,,,,,,,,,,,,,,,
Q19917,Q11392316,,,,,,,,,,,,,,,,,,,,,,,,,,,,,,,,,,,,,,,,,,,,,
Q19920,Q11551933,,,,,,,,,,,,,,,,,,,,,,,,,,,,,,,,,,,,,,,,,,,,,
Q19921,Q11552155,,,,,,,,,,,,,,,,,,,,,,,,,,,,,,,,,,,,,,,,,,,,,
Q19923,Q8515528,,,,,,,,,,,,,,,,,,,,,,,,,,,,,,,,,,,,,,,,,,,,,
Q19928,Q11551883,,,,,,,,,,,,,,,,,,,,,,,,,,,,,,,,,,,,,,,,,,,,,
Q19929,Q11551757,,,,,,,,,,,,,,,,,,,,,,,,,,,,,,,,,,,,,,,,,,,,,
Q19930,Q11552143,,,,,,,,,,,,,,,,,,,,,,,,,,,,,,,,,,,,,,,,,,,,,
Q19932,Q11551939,,,,,,,,,,,,,,,,,,,,,,,,,,,,,,,,,,,,,,,,,,,,,
Q19933,Q28131624,,,,,,,,,,,,,,,,,,,,,,,,,,,,,,,,,,,,,,,,,,,,池田-21,
Q19940,Q11069752,,,,,,,,,,,,,,,,,,,,,,,,,,,,,,,,,,,,,,,,,,,,,
Q19943,Q118748430,,,,,,,,,,,,,,,,,,,,,,,,,,,,,,,,,,,,,,,,,,,,,
Q19944,Q11414234,,,,,,,,,,,,,,,,,,,,,,,,,,,,,,,,,,,,,,,,,,,,,
Q19949,Q10860015,,,,,,,,,,,,,,,,,,,,,,,,,,,,,,,,,,,,,,,,,,,,,
Q19952,Q11520028,,,,,,,,,,,,,,,,,,,,,,,,,,,,,,,,,,,,,,,,,,,,,
Q19955,Q10862081,,,,,,,,,,,,,,,,,,,,,,,,,,,,,,,,,,,,,,,,,,,,,
Q19956,Q10729513,,,,,,,,,,,,,,,,,,,,,,,,,,,,,,,,,,,,,,,,,,,,,
Q19965,Q17192964,,,,,,,,,,,,,,,,,,,,,,,,,,,,,,,,,,,,,,,,,,,,,
Q19967,Q6582152,,,,,,,,,,,,,,,,,,,,,,,,,,,,,,,,,,,,,,,,,,,,,
Q19968,Q20039876,,,,,,,,,,,,,,,,,,,,,,,,,,,,,,,,,,,,,,,,,,,,,
Q19969,Q10565395,,,,,,,,,,,,,,,,,,,,,,,,,,,,,,,,,,,,,,,,,,,,,
Q19971,Q10565628,,,,,,,,,,,,,,,,,,,,,,,,,,,,,,,,,,,,,,,,,,,,,
Q19973,Q10565489,,,,,,,,,,,,,,,,,,,,,,,,,,,,,,,,,,,,,,,,,,,,,
Q19974,Q11516781,,,,,,,,,,,,,,,,,,,,,,,,,,,,,,,,,,,,,,,,,,,,,
Q19979,Q11371215,,,,,,,,,,,,,,,,,,,,,,,,,,,,,,,,,,,,,,,,,,,,,
Q19980,Q3530226,,,,,,,,,,,,,,,,,,,,,,,,,,,,,,,,,,,,,,,,,,,,,
Q19985,Q1144171,,,,,,,,,,,,,,,,,,,,,,,,,,,,,,,,,,,,,,,,,,,,眞田-1,
Q19986,Q11451583,,,,,,,,,,,,,,,,,,,,,,,,,,,,,,,,,,,,,,,,,,,,,
Q19990,Q11531889,,,,,,,,,,,,,,,,,,,,,,,,,,,805504,,,,,,,,,,,,,,,,,,
Q19996,Q11678572,,,,,,,,,,,,,,,,,,,,,,,,,,,,,,,,,,,,,,,,,,,,,
Q19998,Q1201825,,,,,,,,,,,,,,,,,,,,,,,,,,,,,,,,,,,,,,,,,,,,,
Q19999,Q7850115,,,,,,,,,,,,,,,,,,,,,,,,,,,,,,,,,,,,,,,,,,,,,
Q20004,Q11678675,,,,,,,,,,,,,,,,,,,,,,,,,,,,,,,,,,,,,,,,,,,,,
Q20005,Q11678676,,,,,,,,,,,,,,,,,,,,,,,,,,,,,,,,,,,,,,,,,,,,,
Q20007,Q11678705,,,,,,,,,,,,,,,,,,,,,,,,,,,,,,,,,,,,,,,,,,,,,
Q20008,Q11678710,,,,,,,,,,,,,,,,,,,,,,,,,,,,,,,,,,,,,,,,,,,,,
Q20009,Q11356579,,,,,,,,,,,,,,,,,,,,,,,,,,,,,,,,,,,,,,,,,,,,,
Q20010,Q11466347,,,,,,,,,,,,,,,,,,,,,,,,,,,,,,,,,,,,,,,,,,,,,
Q20012,Q11598186,,,,,,,,,,,,,,,,,,,,,,,,,,,,,,,,,,,,,,,,,,,,,
Q20013,Q11633103,,,,,,,,,,,,,,,,,,,,,,,,,,,,,,,,,,,,,,,,,,,,,
Q20014,Q11495576,,,,,,,,,,,,,,,,,,,,,,,,,,,,,,,,,,,,,,,,,,,,,
Q20015,Q11644106,,,,,,,,,,,,,,,,,,,,,,,,,,,,,,,,,,,,,,,,,,,,酒井-26,
Q20016,Q11644114,,,,,,,,,,,,,,,,,,,,,,,,,,,,,,,,,,,,,,,,,,,,,
Q20018,Q11644149,,,,,,,,,,,,,,,,,,,,,,,,,,,,,,,,,,,,,,,,,,,,酒井-23,
Q20019,Q11486863,,,,,,,,,,,,,,,,,,,,,,,,,,,,,,,,,,,,,,,,,,,,,
Q20020,Q6527238,,,,,,,,,,,,,,,,,,,,,,,,,,,,,,,,,,,,,,,,,,,,,
Q20021,Q8515117,,,,,,,,,,,,,,,,,,,,,,,,,,,,,,,,,,,,,,,,,,,,,
Q20022,Q11644018,,,,,,,,,,,,,,,,,,,,,,,,,,,,,,,,,,,,,,,,,,,,,
Q20024,Q8515152,,,,,,,,,,,,,,,,,,,,,,,,,,,,,,,,,,,,,,,,,,,,,
Q20027,Q11473810,,,,,,,,,,,,,,,,,,,,,,,,,,,,,,,,,,,,,,,,,,,,,
Q20028,Q1073455,,,,,,,,,,,,,,,,,,,,,,,,,,,,,,,,,,,,,,,,,,,,,
Q20030,Q11473867,,,,,,,,,,,,,,,,,,,,,,,,,,,,,,,,,,,,,,,,,,,,,
Q20034,Q59552039,,,,,,,,,,,,,,,,,,,,,,,,,,,,,,,,,,,,,,,,,,,,,
Q20039,Q109679023,,,,,,,,,,,,,,,,,,,,,,,,,,,,,,,,,,,,,,,,,,,,,
Q20041,Q11541693,,,,,,,,,,,,,,,,,,,,,,,,,,,,,,,,,,,,,,,,,,,,,
Q20042,Q7402791,,,,,,,,,,,,,,,,,,,,,,,,,,,,,,,,,,,,,,,,,,,,,
Q20047,Q11575388,,,,,,,,,,,,,,,,,,,,,,,,,,,,,,,,,,,,,,,,,,,,,
Q20054,Q11092270,,,,,,,,,,,,,,,,,,,,,,,,,,,,,,,,,,,,,,,,,,,,,
Q20055,Q11651609,,,,,,,,,,,,,,,,,,,,,,,,,,,,,,,,,,,,,,,,,,,,,
Q20056,Q11163292,,,,,,,,,,,,,,,,,,,,,,,,,,,,,,,,,,,,,,,,,,,,,
Q20057,Q11245310,,,,,,,,,,,,,,,,,,,,,,,,,,,,,,,,,,,,,,,,,,,,島津-4,
Q20060,Q13365626,,,,,,,,,,,,,,,,,,,,,,,,,,,,,,,,,,,,,,,,,,,,,
Q20061,Q11530399,,,,,,,,,,,,,,,,,,,,,,,,,,,,,,,,,,,,,,,,,,,,,
Q20069,Q11644150,,,,,,,,,,,,,,,,,,,,,,,,,,,,,,,,,,,,,,,,,,,,酒井-28,
Q20075,Q11559960,,,,,,,,,,,,,,,,,,,,,,,,,,,,,,,,,,,,,,,,,,,,,
Q20085,Q10565410,,,,,,,,,,,,,,,,,,,,,,,,,,,,,,,,,,,,,,,,,,,,,
Q20086,Q11356580,,,,,,,,,,,,,,,,,,,,,,,,,,,,,,,,,,,,,,,,,,,,,
Q20088,Q10565465,,,,,,,,,,,,,,,,,,,,,,,,,,,,,,,,,,,,,,,,,,,,,
Q20090,Q10565443,,,,,,,,,,,,,,,,,,,,,,,,,,,,,,,,,,,,,,,,,,,,,
Q20091,Q2342966,,,,,,,,,,,,,,,,,,,,,,,,,,,,,,,,,,,,,,,,,,,,,
Q20096,Q11522794,,,,,,,,,,,,,,,,,,,,,,,,,,,,,,,,,,,,,,,,,,,,,
Q20097,Q11551119,,,,,,,,,,,,,,,,,,,,,,,,,,,,,,,,,,,,,,,,,,,,,
Q20099,Q11559877,,,,,,,,,,,,,,,,,,,,,,,,,,,,,,,,,,,,,,,,,,,,,
Q20101,Q11530600,,,,,,,,,,,,,,,,,,,,,,,,,,,,,,,,,,,,,,,,,,,,松平-140,
Q20102,Q11530382,,,,,,,,,,,,,,,,,,,,,,,,,,,,,,,,,,,,,,,,,,,,,
Q20103,Q11530360,,,,,,,,,,,,,,,,,,,,,,,,,,,,,,,,,,,,,,,,,,,,,
Q20104,Q11530386,,,,,,,,,,,,,,,,,,,,,,,,,,,,,,,,,,,,,,,,,,,,,
Q20108,Q11423302,,,,,,,,,,,,,,,,,,,,,,,,,,,,,,,,,,,,,,,,,,,,,
Q20109,Q10729480,,,,,,,,,,,,,,,,,,,,,,,,,,,,,,,,,,,,,,,,,,,,,
Q20111,Q11520007,,,,,,,,,,,,,,,,,,,,,,,,,,,,,,,,,,,,,,,,,,,,,
Q20113,Q10523971,,,,,,,,,,,,,,,,,,,,,,,,,,,,,,,,,,,,,,,,,,,,,
Q20114,Q11541720,,,,,,,,,,,,,,,,,,,,,,,,,,,,,,,,,,,,,,,,,,,,,
Q20119,Q6410272,,,,,,,,,,,,,,,,,,,,,,,,,,,,,,,,,,,,,,,,,,,,,
Q20120,Q840196,,,,,,,,,,,,,,,,,,,,,,,,,,,,,,,,,,,,,,,,,,,,,
Q20121,Q109678698,,,,,,,,,,,,,,,,,,,,,,,,,,,,,,,,,,,,,,,,,,,,,
Q20123,Q119380582,,,,,,,,,,,,,,,,,,,,,,,,,,,,,,,,,,,,,,,,,,,,,
Q20124,Q109747757,,,,,,,,,,,,,,,,,,,,,,,,,,,,,,,,,,,,,,,,,,,,,
Q20127,Q10522507,,,,,,,,,,,,,,,,,,,,,,,,,,,,,,,,,,,,,,,,,,,,,
Q20128,Q121998607,,,,,,,,,,,,,,,,,,,,,,,,,,,,,,,,,,,,,,,,,,,,,
Q20129,Q11627752,,,,,,,,,,,,,,,,,,,,,,,,,,,,,,,,,,,,,,,,,,,,,
Q20131,Q11530375,,,,,,,,,,,,,,,,,,,,,,,,,,,,,,,,,,,,,,,,,,,,,
Q20135,Q873166,,,,,,,,,,,,,,,,,,,,,,,,,,,,,,,,,,,,,,,,,,,,,
Q20138,Q5996108,,,,,,,,,,,,,,,,,,,,,,,,,,,,,,,,,,,,,,,,,,,,,
Q20140,Q11608246,,,,,,,,,,,,,,,,,,,,,,,,,,,,,,,,,,,,,,,,,,,,,
Q20141,Q907127,,,,,,,,,,,,,,,,,,,,,,,,,,,,,,,,,,,,,,,,,,,,小笠原-30,
Q20142,Q10859968,,,,,,,,,,,,,,,,,,,,,,,,,,,,,,,,,,,,,,,,,,,,小笠原-33,
Q20143,Q1073557,,,,,,,,,,,,,,,,,,,,,,,,,,,,,,,,,,,,,,,,,,,,,
Q20144,Q11463413,,,,,,,,,,,,,,,,,,,,,,,,,,,,,,,,,,,,,,,,,,,,小笠原-5,
Q20146,Q10856567,,,,,,,,,,,,,,,,,,,,,,,,,,,,,,,,,,,,,,,,,,,,,
Q20147,Q11093359,,,,,,,,,,,,,,,,,,,,,,,,,,,,,,,,,,,,,,,,,,,,,
Q20148,Q1141305,,,,,,,,,,,,,,,,,,,,,,,,,,,,,,,,,,,,,,,,,,,,,
Q20149,Q11583366,,,,,,,,,,,,,,,,,,,,,,,,,,,,,,,,,,,,,,,,,,,,,
Q20150,Q11583371,,,,,,,,,,,,,,,,,,,,,,,,,,,,,,,,,,,,,,,,,,,,,
Q20151,Q43286085,,,,,,,,,,,,,,,,,,,,,,,,,,,,,,,,,,,,,,,,,,,,,
Q20152,Q10518783,,,,,,,,,,,,,,,,,,,,,,,,,,,,,,,,,,,,,,,,,,,,,
Q20153,Q8515522,,,,,,,,,,,,,,,,,,,,,,,,,,,,,,,,,,,,,,,,,,,,,
Q20155,Q8515481,,,,,,,,,,,,,,,,,,,,,,,,,,,,,,,,,,,,,,,,,,,,,
Q20156,Q11520009,,,,,,,,,,,,,,,,,,,,,,,,,,,,,,,,,,,,,,,,,,,,,
Q20157,Q11520010,,,,,,,,,,,,,,,,,,,,,,,,,,,,,,,,,,,,,,,,,,,,,
Q20162,Q1197394,,,,,,,,,,,,,,,,,,,,,,,,,,,,,,,,,,,,,,,,,,,,,
Q20163,Q108057958,,,,,,,,,,,,,,,,,,,,,,,,,,,,,,,,,,,,,,,,,,,,,
Q20164,Q11403858,,,,,,,,,,,,,,,,,,,,,,,,,,,,,,,,,,,,,,,,,,,,,
Q20166,Q11403848,,,,,,,,,,,,,,,,,,,,,,,,,,,,,,,,,,,,,,,,,,,,,
Q20167,Q11654136,,,,,,,,,,,,,,,,,,,,,,,,,,,,,,,,,,,,,,,,,,,,,
Q20168,Q11608313,,,,,,,,,,,,,,,,,,,,,,,,,,,,,,,,,,,,,,,,,,,,織田-70,
Q20169,Q11608455,,,,,,,,,,,,,,,,,,,,,,,,,,,,,,,,,,,,,,,,,,,,織田-50,
Q20172,Q11608310,,,,,,,,,,,,,,,,,,,,,,,,,,,,,,,,,,,,,,,,,,,,織田-29,
Q20216,Q96714487,,,,,,,,,,,,,,,,,,,,,,,,,,,,,,,,,,,,,,,,,,,,中山-7,
Q20217,Q108956377,,,,,,,,,,,,,,,,,,,,,,,,,,,,,,,,,,,,,,,,,,,,,
Q20218,Q108966820,,,,,,,,,,,,,,,,,,,,,,,,,,,,,,,,,,,,,,,,,,,,,
Q20219,Q108972660,,,,,,,,,,,,,,,,,,,,,,,,,,,,,,,,,,,,,,,,,,,,,
Q20221,Q108974646,,,,,,,,,,,,,,,,,,,,,,,,,,,,,,,,,,,,,,,,,,,,,
Q20227,Q5209111,,,,,,,,,,,,,,,,,,,,,,,,,,,837211,,,,,,,,,,,,,,,,,,
Q20229,Q131731030,,,,,,,,,,,,,,,,,,,,,,,,,,,,,,,,,,,,,,,,,,,,,I00523412
Q20230,Q11530338,,,,,,,,,,,,,,,,,,,,,,,,,,,,,,,,,,,,,,,,,,,,,
Q20231,Q105711160,,,,,,,,,,,,,,,,,,,,,,,,,,,,,,,,,,,,,,,,,,,,,
Q20233,Q95163090,,,,,,,,,,,,,,,,,,,,,,,,,,,,,,,,,,,,,,,,,,,,,
Q20236,Q11429190,,,,,,,,,,,,,,,,,,,,,,,,,,,,,,,,,,,,,,,,,,,,,
Q20238,Q6788068,,,,,,,,,,,,,,,,,,,,,,,,,,,,,,,,,,,,,,,,,,,,,
Q20239,Q10860181,,,,,,,,,,,,,,,,,,,,,,,,,,,,,,,,,,,,,,,,,,,,,
Q20244,Q11561447,,,,,,,,,,,,,,,,,,,,,,,,,,,,,,,,,,,,,,,,,,,,清閑寺-7,
Q20246,Q10565437,,,,,,,,,,,,,,,,,,,,,,,,,,,,,,,,,,,,,,,,,,,,,
Q20248,Q6729107,,,,,,,,,,,,,,,,,,,,,,,,,,,559987,,,,,,,,,,,,,,,,,,
Q20251,Q11522938,,,,,,,,,,,,,,,,,,,,,,,,,,,,,,,,,,,,,,,,,,,,,
Q20252,Q11567205,,,,,,,,,,,,,,,,,,,,,,,,,,,,,,,,,,,,,,,,,,,,,
Q20255,Q11392529,,,,,,,,,,,,,,,,,,,,,,,,,,,,,,,,,,,,,,,,,,,,,
Q20256,Q11354964,,,,,,,,,,,,,,,,,,,,,,,,,,,,,,,,,,,,,,,,,,,,,
Q20262,Q11520095,,,,,,,,,,,,,,,,,,,,,,,,,,,,,,,,,,,,,,,,,,,,,
Q20266,Q11631882,,,,,,,,,,,,,,,,,,,,,,,,,,,,,,,,,,,,,,,,,,,,,
Q20267,Q11540417,,,,,,,,,,,,,,,,,,,,,,,,,,,,,,,,,,,,,,,,,,,,,
Q20268,Q10517961,,,,,,,,,,,,,,,,,,,,,,,,,,,,,,,,,,,,,,,,,,,,,
Q20279,Q10729413,,,,,,,,,,,,,,,,,,,,,,,,,,,,,,,,,,,,,,,,,,,,,
Q20280,Q8514544,,,,,,,,,,,,,,,,,,,,,,,,,,,,,,,,,,,,,,,,,,,,,
Q20282,Q8514455,,,,,,,,,,,,,,,,,,,,,,,,,,,,,,,,,,,,,,,,,,,,,
Q20283,Q8514533,,,,,,,,,,,,,,,,,,,,,,,,,,,,,,,,,,,,,,,,,,,,,
Q20289,Q11239149,,,,,,,,,,,,,,,,,,,,,,,,,,,,,,,,,,,,,,,,,,,,,
Q20293,Q11388704,,,,,,,,,,,,,,,,,,,,,,,,,,,,,,,,,,,,,,,,,,,,,
Q20294,Q11521726,,,,,,,,,,,,,,,,,,,,,,,,,,,,,,,,,,,,,,,,,,,,,
Q20295,Q6637021,,,,,,,,,,,,,,,,,,,,,,,,,,,,,,,,,,,,,,,,,,,,,
Q20299,Q3514231,,,,,,,,,,,,,,,,,,,,,,,,,,,,,,,,,,,,,,,,,,,,,
Q20310,Q11468149,,,,,,,,,,,,,,,,,,,,,,,,,,,,,,,,,,,,,,,,,,,,,
Q20328,Q11431978,,,,,,,,,,,,,,,,,,,,,,,,,,,,,,,,,,,,,,,,,,,,,
Q20331,Q3132109,,,,,,,,,,,,,,,,,,,,,,,,,,,,,,,,,,,,,,,,,,,,,
Q20332,Q11538466,,,,,,,,,,,,,,,,,,,,,,,,,,,,,,,,,,,,,,,,,,,,,
Q20333,Q8514785,,,,,,,,,,,,,,,,,,,,,,,,,,,,,,,,,,,,,,,,,,,,,
Q20334,Q11414256,,,,,,,,,,,,,,,,,,,,,,,,,,,,,,,,,,,,,,,,,,,,,
Q20365,Q10947969,,,,,,,,,,,,,,,,,,,,,,,,,,,,,,,,,,,,,,,,,,,,,
Q20367,Q11451776,,,,,,,,,,,,,,,,,,,,,,,,,,,,,,,,,,,,,,,,,,,,,
Q20369,Q11451792,,,,,,,,,,,,,,,,,,,,,,,,,,,,,,,,,,,,,,,,,,,,,
Q20372,Q124483512,,,,,,,,,,,,,,,,,,,,,,,,,,,,,,,,,,,,,,,,,,,,,
Q20373,Q124480360,,,,,,,,,,,,,,,,,,,,,,,,,,,,,,,,,,,,,,,,,,,,,
Q20374,Q11355577,,,,,,,,,,,,,,,,,,,,,,,,,,,,,,,,,,,,,,,,,,,,,
Q20376,Q11542066,,,,,,,,,,,,,,,,,,,,,,,,,,,,,,,,,,,,,,,,,,,,,
Q20385,Q11530640,,,,,,,,,,,,,,,,,,,,,,,,,,,,,,,,,,,,,,,,,,,,,
Q20387,Q3125473,,,,,,,,,,,,,,,,,,,,,,,,,,,,,,,,,,,,,,,,,,,,,
Q20395,Q11530639,,,,,,,,,,,,,,,,,,,,,,,,,,,,,,,,,,,,,,,,,,,,,
Q20396,Q11530658,,,,,,,,,,,,,,,,,,,,,,,,,,,,,,,,,,,,,,,,,,,,,
Q20403,Q10859965,,,,,,,,,,,,,,,,,,,,,,,,,,,,,,,,,,,,,,,,,,,,小笠原-36,
Q20405,Q11549150,,,,,,,,,,,,,,,,,,,,,,,,,,,,,,,,,,,,,,,,,,,,,
Q20413,Q8189350,,,,,,,,,,,,,,,,,,,,,,,,,,,559975,,,,,,,,,,,,,,,,,,
Q20414,Q8189385,,,,,,,,,,,,,,,,,,,,,,,,,,,559983,,,,,,,,,,,,,,,,,,
Q20415,Q11397420,,,,,,,,,,,,,,,,,,,,,,,,,,,,,,,,,,,,,,,,,,,,,
Q20417,Q6729094,,,,,,,,,,,,,,,,,,,,,,,,,,,,,,,,,,,,,,,,,,,,,
Q20427,Q10517750,,,,,,,,,,,,,,,,,,,,,,,,,,,,,,,,,,,,,,,,,,,,,
Q20428,Q11520038,,,,,,,,,,,,,,,,,,,,,,,,,,,,,,,,,,,,,,,,,,,,,
Q20429,Q11605860,,,,,,,,,,,,,,,,,,,,,,,,,,,,,,,,,,,,,,,,,,,,細川-37,
Q20431,Q11515464,,,,,,,,,,,,,,,,,,,,,,,,,,,,,,,,,,,,,,,,,,,,,
Q20437,Q6956821,,,,,,,,,,,,,,,,,,,,,,,,,,,,,,,,,,,,,,,,,,,,鍋島-81,
Q20441,Q11650668,,,,,,,,,,,,,,,,,,,,,,,,,,,,,,,,,,,,,,,,,,,,,
Q20444,Q11585808,,,,,,,,,,,,,,,,,,,,,,,,,,,,,,,,,,,,,,,,,,,,,
Q20446,Q11468033,,,,,,,,,,,,,,,,,,,,,,,,,,,,,,,,,,,,,,,,,,,,,
Q20447,Q130049820,,,,,,,,,,,,,,,,,,,,,,,,,,,,,,,,,,,,,,,,,,,,,
Q20451,Q27917417,,,,,,,,,,,,,,,,,,,,,,,,,,,,,,,,,,,,,,,,,,,,,
Q20454,Q11552036,,,,,,,,,,,,,,,,,,,,,,,,,,,,,,,,,,,,,,,,,,,,,
Q20456,Q11551879,,,,,,,,,,,,,,,,,,,,,,,,,,,,,,,,,,,,,,,,,,,,,
Q20457,Q11551687,,,,,,,,,,,,,,,,,,,,,,,,,,,,,,,,,,,,,,,,,,,,,
Q20462,Q11552183,,,,,,,,,,,,,,,,,,,,,,,,,,,,,,,,,,,,,,,,,,,,,
Q20463,Q11552188,,,,,,,,,,,,,,,,,,,,,,,,,,,,,,,,,,,,,,,,,,,,,
Q20464,Q6528966,,,,,,,,,,,,,,,,,,,,,,,,,,,,,,,,,,,,,,,,,,,,,
Q20470,Q6528916,,,,,,,,,,,,,,,,,,,,,,,,,,,,,,,,,,,,,,,,,,,,,
Q20473,Q11552178,,,,,,,,,,,,,,,,,,,,,,,,,,,,,,,,,,,,,,,,,,,,,
Q20477,Q11364924,,,,,,,,,,,,,,,,,,,,,,,,,,,,,,,,,,,,,,,,,,,,,
Q20478,Q10885889,,,,,,,,,,,,,,,,,,,,,,,,,,,,,,,,,,,,,,,,,,,,,
Q20481,Q11551808,,,,,,,,,,,,,,,,,,,,,,,,,,,,,,,,,,,,,,,,,,,,,
Q20483,Q11625693,,,,,,,,,,,,,,,,,,,,,,,,,,,,,,,,,,,,,,,,,,,,,
Q20484,Q3125458,,,,,,,,,,,,,,,,,,,,,,,,,,,,,,,,,,,,,,,,,,,,,
Q20485,Q11625698,,,,,,,,,,,,,,,,,,,,,,,,,,,,,,,,,,,,,,,,,,,,,
Q20486,Q11625696,,,,,,,,,,,,,,,,,,,,,,,,,,,,,,,,,,,,,,,,,,,,,
Q20487,Q846206,,,,,,,,,,,,,,,,,,,,,,,,,,,,,,,,,,,,,,,,,,,,,
Q20488,Q5996119,,,,,,,,,,,,,,,,,,,,,,,,,,,,,,,,,,,,,,,,,,,,,
Q20491,Q10729329,,,,,,,,,,,,,,,,,,,,,,,,,,,,,,,,,,,,,,,,,,,,,
Q20493,Q6529625,,,,,,,,,,,,,,,,,,,,,,,,,,,,,,,,,,,,,,,,,,,,,
Q20494,Q6529645,,,,,,,,,,,,,,,,,,,,,,,,,,,,,,,,,,,,,,,,,,,,,
Q20495,Q6529184,,,,,,,,,,,,,,,,,,,,,,,,,,,,,,,,,,,,,,,,,,,,,
Q20496,Q6529475,,,,,,,,,,,,,,,,,,,,,,,,,,,,,,,,,,,,,,,,,,,,,
Q20497,Q11370487,,,,,,,,,,,,,,,,,,,,,,,,,,,,,,,,,,,,,,,,,,,,,
Q20498,Q11598181,,,,,,,,,,,,,,,,,,,,,,,,,,,,,,,,,,,,,,,,,,,,,
Q20502,Q2866316,,,,,,,,,,18803850,,,,,,,,,,,,,,,,,,,,,,,,,,,,,,,,,,,
Q20509,Q11364740,,,,,,,,,,,,,,,,,,,,,,,,,,,,,,,,,,,,,,,,,,,,,
Q20516,Q11378172,,,,,,,,,,,,,,,,,,,,,,,,,,,,,,,,,,,,,,,,,,,,,
Q20517,Q10856546,,,,,,,,,,,,,,,,,,,,,,,,,,,,,,,,,,,,,,,,,,,,,
Q20518,Q10856543,,,,,,,,,,,,,,,,,,,,,,,,,,,,,,,,,,,,,,,,,,,,,
Q20519,Q10859981,,,,,,,,,,,,,,,,,,,,,,,,,,,,,,,,,,,,,,,,,,,,小笠原-12,
Q20521,Q10860168,,,,,,,,,,,,,,,,,,,,,,,,,,,,,,,,,,,,,,,,,,,,,
Q20526,Q6080154,,,,,,,,,,,,,,,,,,,,,,,,,,,,,,,,,,,,,,,,,,,,,
Q20527,Q11587023,,,,,,,,,,,,,,,,,,,,,,,,,,,,,,,,,,,,,,,,,,,,,
Q20529,Q11449250,,,,,,,,,,,,,,,,,,,,,,,,,,,,,,,,,,,,,,,,,,,,,
Q20530,Q11521858,,,,,,,,,,,,,,,,,,,,,,,,,,,,,,,,,,,,,,,,,,,,,
Q20536,Q11490357,,,,,,,,,,,,,,,,,,,,,,,,,,,,,,,,,,,,,,,,,,,,,
Q20538,Q11612109,,,,,,,,,,,,,,,,,,,,,,,,,,,,,,,,,,,,,,,,,,,,,
Q20539,Q11612113,,,,,,,,,,,,,,,,,,,,,,,,,,,,,,,,,,,,,,,,,,,,,
Q20541,Q128865506,,,,,,,,,,,,,,,,,,,,,,,,,,,,,,,,,,,,,,,,,,,,,
Q20542,Q848778,,,,,,,,,,,,,,,,,,,,,,,,,,,,,,,,,,,,,,,,,,,,,
Q20543,Q6356567,,,,,,,,,,,,,,,,,,,,,,,,,,,,,,,,,,,,,,,,,,,,,
Q20545,Q10859974,,,,,,,,,,,,,,,,,,,,,,,,,,,,,,,,,,,,,,,,,,,,小笠原-7,
Q20550,Q10791113,,,,,,,,,,,,,,,,,,,,,,,,,,,,,,,,,,,,,,,,,,,,松平-52,
Q20551,Q10790997,,,,,,,,,,,,,,,,,,,,,,,,,,,,,,,,,,,,,,,,,,,,松平-49,
Q20552,Q11161411,,,,,,,,,,,,,,,,,,,,,,,,,,,,,,,,,,,,,,,,,,,,,
Q20558,Q11651842,,,,,,,,,,,,,,,,,,,,,,,,,,,,,,,,,,,,,,,,,,,,,
Q20559,Q11651911,,,,,,,,,,,,,,,,,,,,,,,,,,,,,,,,,,,,,,,,,,,,,
Q20565,Q17212560,,,,,,,,,,,,,,,,,,,,,,,,,,,,,,,,,,,,,,,,,,,,,
Q20573,Q6958346,,,,,,,,,,,,,,,,,,,,,,,,,,,,,,,,,,,,,,,,,,,,,
Q20574,Q109330831,,,,,,,,,,,,,,,,,,,,,,,,,,,,,,,,,,,,,,,,,,,,,
Q20582,Q11596911,,,,,,,,,,,,,,,,,,,,,,,,,,,,,,,,,,,,,,,,,,,,,
Q20584,Q835747,,,,,,,,,,,,,,,,,,,,,,,,,,,,,,,,,,,,,,,,,,,,,
Q20585,Q11368375,,,,,,,,,,,,,,,,,,,,,,,,,,,,,,,,,,,,,,,,,,,,,
Q20586,Q11469480,,,,,,,,,,,,,,,,,,,,,,,,,,,,,,,,,,,,,,,,,,,,,
Q20597,Q4803440,,,,,,,,,,,,,,,,,,,,,,,,,,,,,,,,,,,,,,,,,,,,,
Q20599,Q4390574,,,,,,,,,,,,,,,,,,,,,,,,,,,,,,,,,,,,,,,,,,,,,
Q20600,Q17222017,,,,,,,,,,,,,,,,,,,,,,,,,,,,,,,,,,,,,,,,,,,,,
Q20603,Q3387870,,,,,,,,,,,,,,,,,,,,,,,,,,,,,,,,,,,,,,,,,,,,,
Q20612,Q17215040,,,,,,,,,,,,,,,,,,,,,,,,,,,,,,,,,,,,,,,,,,,,,
Q20613,Q110946501,,,,,,,,,,,,,,,,,,,,,,,,,,,,,,,,,,,,,,,,,,,,,
Q20615,Q11546100,,,,,,,,,,,,,,,,,,,,,,,,,,,,,,,,,,,,,,,,,,,,,
Q20618,Q11625746,,,,,,,,,,,,,,,,,,,,,,,,,,,,,,,,,,,,,,,,,,,,,
Q20626,Q3676181,,,,,,,,,,,,,,,,,,,,,,,,,,,,,,,,,,,,,,,,,,,,,
Q20631,Q24869314,,,,,,,,,,,,,,,,,,,,,,,,,,,,,,,,,,,,,,,,,,,,,
Q20632,Q11625748,,,,,,,,,,,,,,,,,,,,,,,,,,,,,,,,,,,,,,,,,,,,,
Q20633,Q11423374,,,,,,,,,,,,,,,,,,,,,,,,,,,,,,,,,,,,,,,,,,,,,
Q20635,Q11596898,,,,,,,,,,,,,,,,,,,,,,,,,,,,,,,,,,,,,,,,,,,,,
Q20636,Q2859472,,,,,,,,,,,,,,,,,,,,,,,,,,,,,,,,,,,,,,,,,,,,,
Q20637,Q11373566,,,,,,,,,,,,,,,,,,,,,,,,,,,,,,,,,,,,,,,,,,,,,
Q20641,Q4222351,,,,,,,,,,,,,,,,,,,,,,,,,,,,,,,,,,,,,,,,,,,,,
Q20644,Q132462938,,,,,,,,,,,,,,,,,,,,,,,,,,,,,,,,,,,,,,,,,,,,,
Q20646,Q132462941,,,,,,,,,,,,,,,,,,,,,,,,,,,,,,,,,,,,,,,,,,,,,
Q20649,Q11546126,,,,,,,,,,,,,,,,,,,,,,,,,,,,,,,,,,,,,,,,,,,,,
Q20653,Q11578689,,,,,,,,,,,,,,,,,,,,,,,,,,,,,,,,,,,,,,,,,,,,,
Q20654,Q11578641,,,,,,,,,,,,,,,,,,,,,,,,,,,,,,,,,,,,,,,,,,,,,
Q20655,Q11578664,,,,,,,,,,,,,,,,,,,,,,,,,,,,,,,,,,,,,,,,,,,,,
Q20659,Q121355847,,,,,,,,,,,,,,,,,,,,,,,,,,,,,,,,,,,,,,,,,,,,,
Q20661,Q11162922,,,,,,,,,,,,,,,,,,,,,,,,,,,,,,,,,,,,,,,,,,,,,
Q20662,Q11163071,,,,,,,,,,,,,,,,,,,,,,,,,,,,,,,,,,,,,,,,,,,,,
Q20663,Q3194228,,,,,,,,,,,,,,,,,,,,,,,,,,,,,,,,,,,,,,,,,,,,,
Q20664,Q7496850,,,,,,,,,,,,,,,,,,,,,,,,,,,,,,,,,,,,,,,,,,,,,
Q20665,Q11532798,,,,,,,,,,,,,,,,,,,,,,,,,,,,,,,,,,,,,,,,,,,,,
Q20669,Q11615305,,,,,,,,,,,,,,,,,,,,,,,,,,,,,,,,,,,,,,,,,,,,,
Q20670,Q11615300,,,,,,,,,,,,,,,,,,,,,,,,,,,,,,,,,,,,,,,,,,,,,
Q20672,Q108781599,,,,,,,,,,,,,,,,,,,,,,,,,,,,,,,,,,,,,,,,,,,,,
Q20673,Q108701318,,,,,,,,,,,,,,,,,,,,,,,,,,,,,,,,,,,,,,,,,,,,,
Q20674,Q108781596,,,,,,,,,,,,,,,,,,,,,,,,,,,,,,,,,,,,,,,,,,,,,
Q20699,Q11605862,,,,,,,,,,,,,,,,,,,,,,,,,,,,,,,,,,,,,,,,,,,,,
Q20700,Q11605841,,,,,,,,,,,,,,,,,,,,,,,,,,,,,,,,,,,,,,,,,,,,,
Q20703,Q11635727,,,,,,,,,,,,,,,,,,,,,,,,,,,,,,,,,,,,,,,,,,,,,
Q20705,Q11678698,,,,,,,,,,,,,,,,,,,,,,,,,,,,,,,,,,,,,,,,,,,,,
Q20708,Q11678641,,,,,,,,,,,,,,,,,,,,,,,,,,,,,,,,,,,,,,,,,,,,,
Q20724,Q17226882,,,,,,,,,,,,,,,,,,,,,,,,,,,,,,,,,,,,,,,,,,,,,
Q20725,Q11367814,,,,,,,,,,,,,,,,,,,,,,,,,,,,,,,,,,,,,,,,,,,,,
Q20726,Q12594610,,,,,,,,,,,,,,,,,,,,,,,,,,,,,,,,,,,,,,,,,,,,,
Q20727,Q11644204,,,,,,,,,,,,,,,,,,,,,,,,,,,,,,,,,,,,,,,,,,,,,
Q20732,Q108781583,,,,,,,,,,,,,,,,,,,,,,,,,,,,,,,,,,,,,,,,,,,,,
Q20733,Q11672895,,,,,,,,,,,,,,,,,,,,,,,,,,,,,,,,,,,,,,,,,,,,,
Q20735,Q11485462,,,,,,,,,,,,,,,,,,,,,,,,,,,,,,,,,,,,,,,,,,,,,
Q20736,Q11485463,,,,,,,,,,,,,,,,,,,,,,,,,,,,,,,,,,,,,,,,,,,,,
Q20737,Q1143038,,,,,,,,,,,,,,,,,,,,,,,,,,,,,,,,,,,,,,,,,,,,,
Q20740,Q17209531,,,,,,,,,,,,,,,,,,,,,,,,,,,,,,,,,,,,,,,,,,,,,
Q20751,Q11605900,,,,,,,,,,,,,,,,,,,,,,,,,,,,,,,,,,,,,,,,,,,,,
Q20758,Q11470824,,,,,,,,,,,,,,,,,,,,,,,,,,,,,,,,,,,,,,,,,,,,,
Q20766,Q105711163,,,,,,,,,,,,,,,,,,,,,,,,,,,,,,,,,,,,,,,,,,,,,
Q20768,Q11605904,,,,,,,,,,,,,,,,,,,,,,,,,,,,,,,,,,,,,,,,,,,,,
Q20769,Q11606010,,,,,,,,,,,,,,,,,,,,,,,,,,,,,,,,,,,,,,,,,,,,,
Q20770,Q11608434,,,,,,,,,,,,,,,,,,,,,,,,,,,,,,,,,,,,,,,,,,,,,
Q20772,Q11608371,,,,,,,,,,,,,,,,,,,,,,,,,,,,,,,,,,,,,,,,,,,,,
Q20793,Q11380754,,,,,,,,,,,,,,,,,,,,,,,,,,,,,,,,,,,,,,,,,,,,,
Q20795,Q97539224,,,,,,,,,,,,,,,,,,,,,,,,,,,,,,,,,,,,,,,,,,,,,
Q20797,Q11538340,,,,,,,,,,,,,,,,,,,,,,,,,,,,,,,,,,,,,,,,,,,,,
Q20802,Q11578536,,,,,,,,,,,,,,,,,,,,,,,,,,,,,,,,,,,,,,,,,,,,,
Q20805,Q10856319,,,,,,,,,,,,,,,,,,,,,,,,,,,,,,,,,,,,,,,,,,,,,
Q20845,Q11423489,,,,,,,,,,,,,,,,,,,,,,,,,,,,,,,,,,,,,,,,,,,,,
Q20846,Q11564986,,,,,,,,,,,,,,,,,,,,,,,,,,,,,,,,,,,,,,,,,,,,,
Q20869,Q11413617,,,,,,,,,,,,,,,,,,,,,,,,,,,,,,,,,,,,,,,,,,,,,
Q20978,Q108780924,,,,,,,,,,,,,,,,,,,,,,,,,,,,,,,,,,,,,,,,,,,,,
Q20979,Q11245613,,,,,,,,,,,,,,,,,,,,,,,,,,,,,,,,,,,,,,,,,,,,,
Q20980,Q60613790,,,,,,,,,,,,,,,,,,,,,,,,,,,,,,,,,,,,,,,,,,,,,
Q20983,Q11162725,,,,,,,,,,,,,,,,,,,,,,,,,,,,,,,,,,,,,,,,,,,,,
Q20984,Q11245289,,,,,,,,,,,,,,,,,,,,,,,,,,,,,,,,,,,,,,,,,,,,島津-7,
Q20985,Q11162482,,,,,,,,,,,,,,,,,,,,,,,,,,,,,,,,,,,,,,,,,,,,,
Q20993,Q3327844,,,,,,,,,,,,,,,,,,,,,,,,,,,,,,,,,,,,,,,,,,,,松平-281,
Q20994,Q6636833,,,,,,,,,,,,,,,,,,,,,,,,,,,,,,,,,,,,,,,,,,,,,
Q20995,Q6636799,,,,,,,,,,,,,,,,,,,,,,,,,,,,,,,,,,,,,,,,,,,,,
Q20996,Q6527067,,,,,,,,,,,,,,,,,,,,,,,,,,,,,,,,,,,,,,,,,,,,,
Q21011,Q22128903,,,,,,,,,,,,,,,,,,,,,,,,,,,,,,,,,,,,,,,,,,,,,
Q21033,Q11668788,,,,,,,,,,,,,,,,,,,,,,,,,,,,,,,,,,,,,,,,,,,,高倉-4,
Q21037,Q110733705,,,,,,,,,,,,,,,,,,,,,,,,,,,,,,,,,,,,,,,,,,,,,
Q21049,Q11672893,,,,,,,,,,,,,,,,,,,,,,,,,,,,,,,,,,,,,,,,,,,,,
Q21064,Q497364,,,,,,,,,,,,,,,,,,,,,,,,,,,,,,,,,,,,,,,,,,,,,
Q21065,Q497490,,,,,,,,,,,,,,,,,,,,,,,,,,,,,,,,,,,,,,,,,,,,,
Q21066,Q15113838,,,,,,,,,,,,,,,,,,,,,,,,,,,,,,,,,,,,,,,,,,,,,
Q21067,Q496670,,,,,,,,,,,,,,,,,,,,,,,,,,,,,,,,,,,,,,,,,,,,,
Q21068,Q84511240,,,,,,,,,,,,,,,,,,,,,,,,,,,,,,,,,,,,,,,,,,,,,
Q21069,Q485572,,,,,,,,,,,,,,,,,,,,,,,,,,,,,,,,,,,,,,,,,,,,,
Q21070,Q12605500,,,,,,,,,,,,,,,,,,,,,,,,,,,,,,,,,,,,,,,,,,,,,
Q21071,Q16726489,,,,,,,,,,,,,,,,,,,,,,,,,,,,,,,,,,,,,,,,,,,,,
Q21072,Q485107,,,,,,,,,,,,,,,,,,,,,,,,,,,,,,,,,,,,,,,,,,,,,
Q21073,Q485563,,,,,,,,,,,,,,,,,,,,,,,,,,,,,,,,,,,,,,,,,,,,,
Q21074,Q28776558,,,,,,,,,,,,,,,,,,,,,,,,,,,,,,,,,,,,,,,,,,,,,
Q21075,Q84895344,,,,,,,,,,,,,,,,,,,,,,,,,,,,,,,,,,,,,,,,,,,,,
Q21076,Q488358,,,,,,,,,,,,,,,,,,,,,,,,,,,,,,,,,,,,,,,,,,,,,
Q21077,Q488397,,,,,,,,,,,,,,,,,,,,,,,,,,,,,,,,,,,,,,,,,,,,,
Q21078,Q488141,,,,,,,,,,,,,,,,,,,,,,,,,,,,,,,,,,,,,,,,,,,,,
Q21080,Q16178996,,,,,,,,,,,,,,,,,,,,,,,,,,,,,,,,,,,,,,,,,,,,,
Q21081,Q12589001,,,,,,,,,,,,,,,,,,,,,,,,,,,,,,,,,,,,,,,,,,,,,
Q21083,Q28776108,,,,,,,,,,,,,,,,,,,,,,,,,,,,,,,,,,,,,,,,,,,,,
Q21084,Q28776021,,,,,,,,,,,,,,,,,,,,,,,,,,,,,,,,,,,,,,,,,,,,,
Q21085,Q491113,,,,,,,,,,,,,,,,,,,,,,,,,,,,,,,,,,,,,,,,,,,,,
Q21086,Q11095892,,,,,,,,,,,,,,,,,,,,,,,,,,,,,,,,,,,,,,,,,,,,,
Q21087,Q8254936,,,,,,,,,,,,,,,,,,,,,,,,,,,,,,,,,,,,,,,,,,,,,
Q21089,Q45692486,,,,,,,,,,,,,,,,,,,,,,,,,,,,,,,,,,,,,,,,,,,,,
Q21090,Q45615233,,,,,,,,,,,,,,,,,,,,,,,,,,,,,,,,,,,,,,,,,,,,,
Q21091,Q45690669,,,,,,,,,,,,,,,,,,,,,,,,,,,,,,,,,,,,,,,,,,,,,
Q21092,Q11095980,,,,,,,,,,,,,,,,,,,,,,,,,,,,,,,,,,,,,,,,,,,,,
Q21093,Q22813468,,,,,,,,,,,,,,,,,,,,,,,,,,,,,,,,,,,,,,,,,,,,,
Q21095,Q22813463,,,,,,,,,,,,,,,,,,,,,,,,,,,,,,,,,,,,,,,,,,,,,
Q21096,Q10335031,,,,,,,,,,,,,,,,,,,,,,,,,,,,,,,,,,,,,,,,,,,,,
Q21097,Q11096295,,,,,,,,,,,,,,,,,,,,,,,,,,,,,,,,,,,,,,,,,,,,,
Q21098,Q11095649,,,,,,,,,,,,,,,,,,,,,,,,,,,,,,,,,,,,,,,,,,,,,
Q21099,Q45700757,,,,,,,,,,,,,,,,,,,,,,,,,,,,,,,,,,,,,,,,,,,,,
Q21100,Q45438532,,,,,,,,,,,,,,,,,,,,,,,,,,,,,,,,,,,,,,,,,,,,,
Q21101,Q45438657,,,,,,,,,,,,,,,,,,,,,,,,,,,,,,,,,,,,,,,,,,,,,
Q21103,Q11096026,,,,,,,,,,,,,,,,,,,,,,,,,,,,,,,,,,,,,,,,,,,,,
Q21104,Q11097567,,,,,,,,,,,,,,,,,,,,,,,,,,,,,,,,,,,,,,,,,,,,,
Q21105,Q11522526,,,,,,,,,,,,,,,,,,,,,,,,,,,,,,,,,,,,,,,,,,,,,
Q21106,Q45586392,,,,,,,,,,,,,,,,,,,,,,,,,,,,,,,,,,,,,,,,,,,,,
Q21107,Q108608451,,,,,,,,,,,,,,,,,,,,,,,,,,,,,,,,,,,,,,,,,,,,,
Q21108,Q65051364,,,,,,,,,,,,,,,,,,,,,,,,,,,,,,,,,,,,,,,,,,,,,
Q21109,Q1196041,,,,,,,,,,,,,,,,,,,,,,,,,,,,,,,,,,,,,,,,,,,,,
Q21110,Q7418,,,,,,,,,,,,,,,,,,,,,,,,,,,1420122,,,,,,,,,,,,,,,,,,
Q21111,Q906115,,,,,,,,,,,,,,,,,,,,,,,,,,,,,,,,,,,,,,,,,,,,,
Q21112,Q841379,,,,,,,,,,,,,,,,,,,,,,,,,,,,,,,,,,,,,,,,,,,,,
Q21113,Q1079702,,,,,,,,,,,,,,,,,,,,,,,,,,,,,,,,,,,,,,,,,,,,,
Q21114,Q5974770,,,,,,,,,,,,,,,,,,,,,,,,,,,,,,,,,,,,,,,,,,,,,
Q21115,Q843600,,,,,,,,,,,,,,,,,,,,,,,,,,,,,,,,,,,,,,,,,,,,,
Q21116,Q11119476,,,,,,,,,,,,,,,,,,,,,,,,,,,,,,,,,,,,,,,,,,,,,
Q21117,Q11062232,,,,,,,,,,,,,,,,,,,,,,,,,,,,,,,,,,,,,,,,,,,,,
Q21118,Q73515795,,,,,,,,,,,,,,,,,,,,,,,,,,,,,,,,,,,,,,,,,,,,,
Q21119,Q26156591,,,,,,,,,,,,,,,,,,,,,,,,,,,,,,,,,,,,,,,,,,,,,
Q21120,Q45450978,,,,,,,,,,,,,,,,,,,,,,,,,,,,,,,,,,,,,,,,,,,,,
Q21121,Q45451226,,,,,,,,,,,,,,,,,,,,,,,,,,,,,,,,,,,,,,,,,,,,,
Q21122,Q45451538,,,,,,,,,,,,,,,,,,,,,,,,,,,,,,,,,,,,,,,,,,,,,
Q21123,Q45451851,,,,,,,,,,,,,,,,,,,,,,,,,,,,,,,,,,,,,,,,,,,,,
Q21124,Q45658915,,,,,,,,,,,,,,,,,,,,,,,,,,,,,,,,,,,,,,,,,,,,,
Q21125,Q45452417,,,,,,,,,,,,,,,,,,,,,,,,,,,,,,,,,,,,,,,,,,,,,
Q21126,Q45463272,,,,,,,,,,,,,,,,,,,,,,,,,,,,,,,,,,,,,,,,,,,,,
Q21127,Q45467327,,,,,,,,,,,,,,,,,,,,,,,,,,,,,,,,,,,,,,,,,,,,,
Q21128,Q45467455,,,,,,,,,,,,,,,,,,,,,,,,,,,,,,,,,,,,,,,,,,,,,
Q21129,Q45467517,,,,,,,,,,,,,,,,,,,,,,,,,,,,,,,,,,,,,,,,,,,,,
Q21130,Q45469441,,,,,,,,,,,,,,,,,,,,,,,,,,,,,,,,,,,,,,,,,,,,,
Q21131,Q45469886,,,,,,,,,,,,,,,,,,,,,,,,,,,,,,,,,,,,,,,,,,,,,
Q21132,Q45470206,,,,,,,,,,,,,,,,,,,,,,,,,,,,,,,,,,,,,,,,,,,,,
Q21133,Q45470461,,,,,,,,,,,,,,,,,,,,,,,,,,,,,,,,,,,,,,,,,,,,,
Q21135,Q45452354,,,,,,,,,,,,,,,,,,,,,,,,,,,,,,,,,,,,,,,,,,,,,
Q21138,Q15904891,,,,,,,,,,,,,,,,,,,,,,,,,,,,,,,,,,,,,,,,,,,,,
Q21139,Q10454222,,,,,,,,,,,,,,,,,,,,,,,,,,,,,,,,,,,,,,,,,,,,,
Q21140,Q45468082,,,,,,,,,,,,,,,,,,,,,,,,,,,,,,,,,,,,,,,,,,,,,
Q21141,Q45468150,,,,,,,,,,,,,,,,,,,,,,,,,,,,,,,,,,,,,,,,,,,,,
Q21142,Q1071587,,,,,,,,,,,,,,,,,,,,,,,,,,,,,,,,,,,,,,,,,,,,,
Q21143,Q5374651,,,,,,,,,,,,,,,,,,,,,,,,,,,,,,,,,,,,,,,,,,,,,
Q21144,Q16603307,,,,,,,,,,,,,,,,,,,,,,,,,,,,,,,,,,,,,,,,,,,,,
Q21145,Q16603402,,,,,,,,,,,,,,,,,,,,,,,,,,,,,,,,,,,,,,,,,,,,,
Q21146,Q16603466,,,,,,,,,,,,,,,,,,,,,,,,,,,,,,,,,,,,,,,,,,,,,
Q21147,Q16603569,,,,,,,,,,,,,,,,,,,,,,,,,,,,,,,,,,,,,,,,,,,,,
Q21148,Q16603627,,,,,,,,,,,,,,,,,,,,,,,,,,,,,,,,,,,,,,,,,,,,,
Q21150,Q1017951,,,,,,,,,,,,,,,,,,,,,,,,,,,,,,,,,,,,,,,,,,,,,
Q21151,Q1149222,,,,,,,,,,,,,,,,,,,,,,,,,,,1443286,,,,,,,,,,,,,,,,,,
Q21152,Q1327591,,,,,,,,,,,,,,,,,,,,,,,,,,,1443294,,,,,,,,,,,,,,,,,,
Q21153,Q10946174,,,,,,,,,,,,,,,,,,,,,,,,,,,,,,,,,,,,,,,,,,,,,
Q21154,Q10946191,,,,,,,,,,,,,,,,,,,,,,,,,,,,,,,,,,,,,,,,,,,,,
Q21158,Q10946218,,,,,,,,,,,,,,,,,,,,,,,,,,,,,,,,,,,,,,,,,,,,,
Q21159,Q10946220,,,,,,,,,,,,,,,,,,,,,,,,,,,,,,,,,,,,,,,,,,,,,
Q21160,Q10946221,,,,,,,,,,,,,,,,,,,,,,,,,,,,,,,,,,,,,,,,,,,,,
Q21161,Q10946226,,,,,,,,,,,,,,,,,,,,,,,,,,,,,,,,,,,,,,,,,,,,,
Q21162,Q67989342,,,,,,,,,,,,,,,,,,,,,,,,,,,,,,,,,,,,,,,,,,,,,
Q21163,Q16603308,,,,,,,,,,,,,,,,,,,,,,,,,,,,,,,,,,,,,,,,,,,,,
Q21164,Q26198086,,,,,,,,,,,,,,,,,,,,,,,,,,,,,,,,,,,,,,,,,,,,,
Q21165,Q11541089,,,,,,,,,,,,,,,,,,,,,,,,,,,,,,,,,,,,,,,,,,,,,
Q21166,Q11102011,,,,,,,,,,,,,,,,,,,,,,,,,,,,,,,,,,,,,,,,,,,,,
Q21168,Q15905188,,,,,,,,,,,,,,,,,,,,,,,,,,,,,,,,,,,,,,,,,,,,,
Q21169,Q45501359,,,,,,,,,,,,,,,,,,,,,,,,,,,,,,,,,,,,,,,,,,,,,
Q21170,Q16603620,,,,,,,,,,,,,,,,,,,,,,,,,,,,,,,,,,,,,,,,,,,,,
Q21171,Q25917128,,,,,,,,,,,,,,,,,,,,,,,,,,,,,,,,,,,,,,,,,,,,,
Q21172,Q1066885,,,,,,,,,,,,,,,,,,,,,,,,,,,,,,,,,,,,,,,,,,,,,
Q21173,Q16603410,,,,,,,,,,,,,,,,,,,,,,,,,,,,,,,,,,,,,,,,,,,,,
Q21174,Q8253501,,,,,,,,,,,,,,,,,,,,,,,,,,,,,,,,,,,,,,,,,,,,,
Q21176,Q698584,,,,,,,,,,,,,,,,,,,,,,,,,,,,,,,,,,,,,,,,,,,,,
Q21177,Q25918187,,,,,,,,,,,,,,,,,,,,,,,,,,,,,,,,,,,,,,,,,,,,,
Q21178,Q25918188,,,,,,,,,,,,,,,,,,,,,,,,,,,,,,,,,,,,,,,,,,,,,
Q21179,Q25918189,,,,,,,,,,,,,,,,,,,,,,,,,,,,,,,,,,,,,,,,,,,,,
Q21182,Q11152628,,,,,,,,,,,,,,,,,,,,,,,,,,,,,,,,,,,,,,,,,,,,,
Q21183,Q11449428,,,,,,,,,,,,,,,,,,,,,,,,,,,,,,,,,,,,,,,,,,,,,
Q21184,Q25916940,,,,,,,,,,,,,,,,,,,,,,,,,,,,,,,,,,,,,,,,,,,,,
Q21185,Q25916969,,,,,,,,,,,,,,,,,,,,,,,,,,,,,,,,,,,,,,,,,,,,,
Q21186,Q25916970,,,,,,,,,,,,,,,,,,,,,,,,,,,,,,,,,,,,,,,,,,,,,
Q21187,Q25916971,,,,,,,,,,,,,,,,,,,,,,,,,,,,,,,,,,,,,,,,,,,,,
Q21188,Q25916972,,,,,,,,,,,,,,,,,,,,,,,,,,,,,,,,,,,,,,,,,,,,,
Q21189,Q45528297,,,,,,,,,,,,,,,,,,,,,,,,,,,,,,,,,,,,,,,,,,,,,
Q21190,Q45390407,,,,,,,,,,,,,,,,,,,,,,,,,,,,,,,,,,,,,,,,,,,,,
Q21191,Q45626120,,,,,,,,,,,,,,,,,,,,,,,,,,,,,,,,,,,,,,,,,,,,,
Q21192,Q1564603,,,,,,,,,,,,,,,,,,,,,,,,,,,,,,,,,,,,,,,,,,,,,
Q21193,Q45419898,,,,,,,,,,,,,,,,,,,,,,,,,,,,,,,,,,,,,,,,,,,,,
Q21194,Q45626813,,,,,,,,,,,,,,,,,,,,,,,,,,,,,,,,,,,,,,,,,,,,,
Q21195,Q15926320,,,,,,,,,,,,,,,,,,,,,,,,,,,,,,,,,,,,,,,,,,,,,
Q21196,Q16260763,,,,,,,,,,,,,,,,,,,,,,,,,,,,,,,,,,,,,,,,,,,,,
Q21197,Q8213497,,,,,,,,,,,,,,,,,,,,,,,,,,,,,,,,,,,,,,,,,,,,,
Q21198,Q45530647,,,,,,,,,,,,,,,,,,,,,,,,,,,,,,,,,,,,,,,,,,,,,
Q21199,Q45530710,,,,,,,,,,,,,,,,,,,,,,,,,,,,,,,,,,,,,,,,,,,,,
Q21200,Q45530774,,,,,,,,,,,,,,,,,,,,,,,,,,,,,,,,,,,,,,,,,,,,,
Q21201,Q45530836,,,,,,,,,,,,,,,,,,,,,,,,,,,,,,,,,,,,,,,,,,,,,
Q21202,Q45534466,,,,,,,,,,,,,,,,,,,,,,,,,,,,,,,,,,,,,,,,,,,,,
Q21203,Q11668634,,,,,,,,,,,,,,,,,,,,,,,,,,,,,,,,,,,,,,,,,,,,,
Q21204,Q16259966,,,,,,,,,,,,,,,,,,,,,,,,,,,,,,,,,,,,,,,,,,,,,
Q21205,Q45532487,,,,,,,,,,,,,,,,,,,,,,,,,,,,,,,,,,,,,,,,,,,,,
Q21206,Q45532614,,,,,,,,,,,,,,,,,,,,,,,,,,,,,,,,,,,,,,,,,,,,,
Q21208,Q45533000,,,,,,,,,,,,,,,,,,,,,,,,,,,,,,,,,,,,,,,,,,,,,
Q21209,Q45533064,,,,,,,,,,,,,,,,,,,,,,,,,,,,,,,,,,,,,,,,,,,,,
Q21210,Q45533127,,,,,,,,,,,,,,,,,,,,,,,,,,,,,,,,,,,,,,,,,,,,,
Q21211,Q45533570,,,,,,,,,,,,,,,,,,,,,,,,,,,,,,,,,,,,,,,,,,,,,
Q21212,Q45533892,,,,,,,,,,,,,,,,,,,,,,,,,,,,,,,,,,,,,,,,,,,,,
Q21213,Q45533956,,,,,,,,,,,,,,,,,,,,,,,,,,,,,,,,,,,,,,,,,,,,,
Q21214,Q45534021,,,,,,,,,,,,,,,,,,,,,,,,,,,,,,,,,,,,,,,,,,,,,
Q21215,Q45534404,,,,,,,,,,,,,,,,,,,,,,,,,,,,,,,,,,,,,,,,,,,,,
Q21216,Q16908087,,,,,,,,,,,,,,,,,,,,,,,,,,,,,,,,,,,,,,,,,,,,,
Q21217,Q15924768,,,,,,,,,,,,,,,,,,,,,,,,,,,,,,,,,,,,,,,,,,,,,
Q21218,Q15926375,,,,,,,,,,,,,,,,,,,,,,,,,,,,,,,,,,,,,,,,,,,,,
Q21219,Q45501233,,,,,,,,,,,,,,,,,,,,,,,,,,,,,,,,,,,,,,,,,,,,,
Q21220,Q45489341,,,,,,,,,,,,,,,,,,,,,,,,,,,,,,,,,,,,,,,,,,,,,
Q21221,Q45489468,,,,,,,,,,,,,,,,,,,,,,,,,,,,,,,,,,,,,,,,,,,,,
Q21222,Q11102246,,,,,,,,,,,,,,,,,,,,,,,,,,,,,,,,,,,,,,,,,,,,,
Q21223,Q11101041,,,,,,,,,,,,,,,,,,,,,,,,,,,,,,,,,,,,,,,,,,,,,
Q21224,Q16603724,,,,,,,,,,,,,,,,,,,,,,,,,,,,,,,,,,,,,,,,,,,,,
Q21225,Q5374484,,,,,,,,,,,,,,,,,,,,,,,,,,,,,,,,,,,,,,,,,,,,,
Q21226,Q11053526,,,,,,,,,,,,,,,,,,,,,,,,,,,,,,,,,,,,,,,,,,,,,
Q21227,Q7420,,,,,,,,,,,,,,,,,,,,,,,,,,,,,,,,,,,,,,,,,,,,,
Q21228,Q7422,,,,,,,,,,,,,,,,,,,,,,,,,,,,,,,,,,,,,,,,,,,,,
Q21229,Q11117735,,,,,,,,,,,,,,,,,,,,,,,,,,,,,,,,,,,,,,,,,,,,,
Q21230,Q45417798,,,,,,,,,,,,,,,,,,,,,,,,,,,,,,,,,,,,,,,,,,,,,
Q21231,Q45417802,,,,,,,,,,,,,,,,,,,,,,,,,,,,,,,,,,,,,,,,,,,,,
Q21232,Q703306,,,,,,,,,,,,,,,,,,,,,,,,,,,,,,,,,,,,,,,,,,,,,
Q21233,Q45685368,,,,,,,,,,,,,,,,,,,,,,,,,,,,,,,,,,,,,,,,,,,,,
Q21235,Q45497704,,,,,,,,,,,,,,,,,,,,,,,,,,,,,,,,,,,,,,,,,,,,,
Q21236,Q45508570,,,,,,,,,,,,,,,,,,,,,,,,,,,,,,,,,,,,,,,,,,,,,
Q21237,Q45508632,,,,,,,,,,,,,,,,,,,,,,,,,,,,,,,,,,,,,,,,,,,,,
Q21242,Q15912597,,,,,,,,,,,,,,,,,,,,,,,,,,,,,,,,,,,,,,,,,,,,,
Q21243,Q45509672,,,,,,,,,,,,,,,,,,,,,,,,,,,,,,,,,,,,,,,,,,,,,
Q21244,Q22813480,,,,,,,,,,,,,,,,,,,,,,,,,,,,,,,,,,,,,,,,,,,,,
Q21245,Q25923048,,,,,,,,,,,,,,,,,,,,,,,,,,,,,,,,,,,,,,,,,,,,,
Q21248,Q45512093,,,,,,,,,,,,,,,,,,,,,,,,,,,,,,,,,,,,,,,,,,,,,
Q21249,Q45512158,,,,,,,,,,,,,,,,,,,,,,,,,,,,,,,,,,,,,,,,,,,,,
Q21250,Q45512219,,,,,,,,,,,,,,,,,,,,,,,,,,,,,,,,,,,,,,,,,,,,,
Q21251,Q45514127,,,,,,,,,,,,,,,,,,,,,,,,,,,,,,,,,,,,,,,,,,,,,
Q21252,Q45514320,,,,,,,,,,,,,,,,,,,,,,,,,,,,,,,,,,,,,,,,,,,,,
Q21253,Q45515587,,,,,,,,,,,,,,,,,,,,,,,,,,,,,,,,,,,,,,,,,,,,,
Q21254,Q45519754,,,,,,,,,,,,,,,,,,,,,,,,,,,,,,,,,,,,,,,,,,,,,
Q21257,Q16603511,,,,,,,,,,,,,,,,,,,,,,,,,,,,,,,,,,,,,,,,,,,,,
Q21260,Q10412105,,,,,,,,,,,,,,,,,,,,,,,,,,,,,,,,,,,,,,,,,,,,,
Q21261,Q708108,,,,,,,,,,,,,,,,,,,,,,,,,,,,,,,,,,,,,,,,,,,,,I00428303
Q21262,Q8255089,,,,,,,,,,,,,,,,,,,,,,,,,,,,,,,,,,,,,,,,,,,,,I00428304
Q21263,Q11125050,,,,,,,,,,,,,,,,,,,,,,,,,,,,,,,,,,,,,,,,,,,,,
Q21264,Q10367447,,,,,,,,,,,,,,,,,,,,,,,,,,,,,,,,,,,,,,,,,,,,,
Q21265,Q10367469,,,,,,,,,,,,,,,,,,,,,,,,,,,,,,,,,,,,,,,,,,,,,
Q21266,Q65803009,,,,,,,,,,,,,,,,,,,,,,,,,,,,,,,,,,,,,,,,,,,,,
Q21267,Q45527774,,,,,,,,,,,,,,,,,,,,,,,,,,,,,,,,,,,,,,,,,,,,,
Q21268,Q45527838,,,,,,,,,,,,,,,,,,,,,,,,,,,,,,,,,,,,,,,,,,,,,
Q21269,Q45527901,,,,,,,,,,,,,,,,,,,,,,,,,,,,,,,,,,,,,,,,,,,,,
Q21270,Q45527965,,,,,,,,,,,,,,,,,,,,,,,,,,,,,,,,,,,,,,,,,,,,,
Q21271,Q45528030,,,,,,,,,,,,,,,,,,,,,,,,,,,,,,,,,,,,,,,,,,,,,
Q21272,Q45528093,,,,,,,,,,,,,,,,,,,,,,,,,,,,,,,,,,,,,,,,,,,,,
Q21273,Q45528156,,,,,,,,,,,,,,,,,,,,,,,,,,,,,,,,,,,,,,,,,,,,,
Q21274,Q45528219,,,,,,,,,,,,,,,,,,,,,,,,,,,,,,,,,,,,,,,,,,,,,
Q21275,Q45528280,,,,,,,,,,,,,,,,,,,,,,,,,,,,,,,,,,,,,,,,,,,,,
Q21276,Q45422136,,,,,,,,,,,,,,,,,,,,,,,,,,,,,,,,,,,,,,,,,,,,,
Q21278,Q45424408,,,,,,,,,,,,,,,,,,,,,,,,,,,,,,,,,,,,,,,,,,,,,
Q21279,Q45510859,,,,,,,,,,,,,,,,,,,,,,,,,,,,,,,,,,,,,,,,,,,,,
Q21283,Q45528660,,,,,,,,,,,,,,,,,,,,,,,,,,,,,,,,,,,,,,,,,,,,,
Q21284,Q45528723,,,,,,,,,,,,,,,,,,,,,,,,,,,,,,,,,,,,,,,,,,,,,
Q21285,Q45528786,,,,,,,,,,,,,,,,,,,,,,,,,,,,,,,,,,,,,,,,,,,,,
Q21286,Q45528850,,,,,,,,,,,,,,,,,,,,,,,,,,,,,,,,,,,,,,,,,,,,,
Q21287,Q45528911,,,,,,,,,,,,,,,,,,,,,,,,,,,,,,,,,,,,,,,,,,,,,
Q21288,Q45528976,,,,,,,,,,,,,,,,,,,,,,,,,,,,,,,,,,,,,,,,,,,,,
Q21290,Q45529551,,,,,,,,,,,,,,,,,,,,,,,,,,,,,,,,,,,,,,,,,,,,,
Q21291,Q65804917,,,,,,,,,,,,,,,,,,,,,,,,,,,,,,,,,,,,,,,,,,,,,
Q21292,Q6539090,,,,,,,,,,,,,,,,,,,,,,,,,,,,,,,,,,,,,,,,,,,,,
Q21293,Q1063783,,,,,,,,,,,,,,,,,,,,,,,,,,,,,,,,,,,,,,,,,,,,,
Q21294,Q1285764,,,,,,,,,,,,,,,,,,,,,,,,,,,,,,,,,,,,,,,,,,,,,
Q21295,Q701734,,,,,,,,,,,,,,,,,,,,,,,,,,,,,,,,,,,,,,,,,,,,,
Q21296,Q6538695,,,,,,,,,,,,,,,,,,,,,,,,,,,,,,,,,,,,,,,,,,,,,
Q21297,Q6144431,,,,,,,,,,,,,,,,,,,,,,,,,,,,,,,,,,,,,,,,,,,,,
Q21298,Q9743,,,,,,,,,,,,,,,,,,,,,,,,,,,,,,,,,,,,,,,,,,,,,
Q21299,Q6137775,,,,,,,,,,,,,,,,,,,,,,,,,,,,,,,,,,,,,,,,,,,,,
Q21300,Q837269,,,,,,,,,,,,,,,,,,,,,,,,,,,,,,,,,,,,,,,,,,,,,
Q21301,Q10948538,,,,,,,,,,,,,,,,,,,,,,,,,,,,,,,,,,,,,,,,,,,,,
Q21302,Q10948818,,,,,,,,,,,,,,,,,,,,,,,,,,,,,,,,,,,,,,,,,,,,,
Q21303,Q11084400,,,,,,,,,,,,,,,,,,,,,,,,,,,,,,,,,,,,,,,,,,,,,
Q21304,Q11095992,,,,,,,,,,,,,,,,,,,,,,,,,,,,,,,,,,,,,,,,,,,,,
Q21305,Q11131871,,,,,,,,,,,,,,,,,,,,,,,,,,,,,,,,,,,,,,,,,,,,,
Q21306,Q11651697,,,,,,,,,,,,,,,,,,,,,,,,,,,,,,,,,,,,,,,,,,,,,
Q21307,Q5374562,,,,,,,,,,,,,,,,,,,,,,,,,,,,,,,,,,,,,,,,,,,,,
Q21308,Q8251278,,,,,,,,,,,,,,,,,,,,,,,,,,,,,,,,,,,,,,,,,,,,,I00428306
Q21309,Q8251286,,,,,,,,,,,,,,,,,,,,,,,,,,,,,,,,,,,,,,,,,,,,,
Q21310,Q9746,,,,,,,,,,,,,,,,,,,,,,,,,,,,,,,,,,,,,,,,,,,,,I00428229
Q21311,Q11096584,,,,,,,,,,,,,,,,,,,,,,,,,,,,,,,,,,,,,,,,,,,,,
Q21312,Q11096605,,,,,,,,,,,,,,,,,,,,,,,,,,,,,,,,,,,,,,,,,,,,,
Q21313,Q11097052,,,,,,,,,,,,,,,,,,,,,,,,,,,,,,,,,,,,,,,,,,,,,
Q21315,Q10339499,,,,,,,,,,,,,,,,,,,,,,,,,,,,,,,,,,,,,,,,,,,,,
Q21316,Q10947171,,,,,,,,,,,,,,,,,,,,,,,,,,,,,,,,,,,,,,,,,,,,,
Q21317,Q10957001,,,,,,,,,,,,,,,,,,,,,,,,,,,,,,,,,,,,,,,,,,,,,
Q21318,Q11152041,,,,,,,,,,,,,,,,,,,,,,,,,,,,,,,,,,,,,,,,,,,,,
Q21319,Q10884404,,,,,,,,,,,,,,,,,,,,,,,,,,,,,,,,,,,,,,,,,,,,,
Q21320,Q16603677,,,,,,,,,,,,,,,,,,,,,,,,,,,,,,,,,,,,,,,,,,,,,
Q21321,Q11152774,,,,,,,,,,,,,,,,,,,,,,,,,,,,,,,,,,,,,,,,,,,,,
Q21322,Q13422714,,,,,,,,,,,,,,,,,,,,,,,,,,,,,,,,,,,,,,,,,,,,,
Q21323,Q16603590,,,,,,,,,,,,,,,,,,,,,,,,,,,,,,,,,,,,,,,,,,,,,
Q21324,Q16603614,,,,,,,,,,,,,,,,,,,,,,,,,,,,,,,,,,,,,,,,,,,,,
Q21325,Q16603671,,,,,,,,,,,,,,,,,,,,,,,,,,,,,,,,,,,,,,,,,,,,,
Q21326,Q16603718,,,,,,,,,,,,,,,,,,,,,,,,,,,,,,,,,,,,,,,,,,,,,
Q21327,Q15938278,,,,,,,,,,,,,,,,,,,,,,,,,,,,,,,,,,,,,,,,,,,,,
Q21328,Q6724029,,,,,,,,,,,,,,,,,,,,,,,,,,,,,,,,,,,,,,,,,,,,,
Q21329,Q15908139,,,,,,,,,,,,,,,,,,,,,,,,,,,,,,,,,,,,,,,,,,,,,
Q21330,Q15902545,,,,,,,,,,,,,,,,,,,,,,,,,,,,,,,,,,,,,,,,,,,,,
Q21331,Q45492261,,,,,,,,,,,,,,,,,,,,,,,,,,,,,,,,,,,,,,,,,,,,,
Q21332,Q45492327,,,,,,,,,,,,,,,,,,,,,,,,,,,,,,,,,,,,,,,,,,,,,
Q21333,Q45492391,,,,,,,,,,,,,,,,,,,,,,,,,,,,,,,,,,,,,,,,,,,,,
Q21334,Q133447420,,,,,,,,,,,,,,,,,,,,,,,,,,,,,,,,,,,,,,,,,,,,,
Q21335,Q45490857,,,,,,,,,,,,,,,,,,,,,,,,,,,,,,,,,,,,,,,,,,,,,
Q21336,Q45494302,,,,,,,,,,,,,,,,,,,,,,,,,,,,,,,,,,,,,,,,,,,,,
Q21337,Q45498166,,,,,,,,,,,,,,,,,,,,,,,,,,,,,,,,,,,,,,,,,,,,,
Q21338,Q45498612,,,,,,,,,,,,,,,,,,,,,,,,,,,,,,,,,,,,,,,,,,,,,
Q21339,Q45498940,,,,,,,,,,,,,,,,,,,,,,,,,,,,,,,,,,,,,,,,,,,,,
Q21340,Q45499201,,,,,,,,,,,,,,,,,,,,,,,,,,,,,,,,,,,,,,,,,,,,,
Q21341,Q45499397,,,,,,,,,,,,,,,,,,,,,,,,,,,,,,,,,,,,,,,,,,,,,
Q21342,Q45499850,,,,,,,,,,,,,,,,,,,,,,,,,,,,,,,,,,,,,,,,,,,,,
Q21343,Q45500167,,,,,,,,,,,,,,,,,,,,,,,,,,,,,,,,,,,,,,,,,,,,,
Q21344,Q45500422,,,,,,,,,,,,,,,,,,,,,,,,,,,,,,,,,,,,,,,,,,,,,
Q21345,Q45500486,,,,,,,,,,,,,,,,,,,,,,,,,,,,,,,,,,,,,,,,,,,,,
Q21346,Q45500549,,,,,,,,,,,,,,,,,,,,,,,,,,,,,,,,,,,,,,,,,,,,,
Q21347,Q45500613,,,,,,,,,,,,,,,,,,,,,,,,,,,,,,,,,,,,,,,,,,,,,
Q21348,Q45500675,,,,,,,,,,,,,,,,,,,,,,,,,,,,,,,,,,,,,,,,,,,,,
Q21349,Q15936293,,,,,,,,,,,,,,,,,,,,,,,,,,,,,,,,,,,,,,,,,,,,,
Q21350,Q16907008,,,,,,,,,,,,,,,,,,,,,,,,,,,,,,,,,,,,,,,,,,,,,
Q21355,Q1291074,,,,,,,,,,,,,,,,,,,,,,,,,,,,,,,,,,,,,,,,,,,,,
Q21356,Q45492848,,,,,,,,,,,,,,,,,,,,,,,,,,,,,,,,,,,,,,,,,,,,,
Q21357,Q45450772,,,,,,,,,,,,,,,,,,,,,,,,,,,,,,,,,,,,,,,,,,,,,
Q21358,Q45450961,,,,,,,,,,,,,,,,,,,,,,,,,,,,,,,,,,,,,,,,,,,,,
Q21359,Q1562454,,,,,,,,,,,,,,,,,,,,,,,,,,,,,,,,,,,,,,,,,,,,,
Q21360,Q10897596,,,,,,,,,,,,,,,,,,,,,,,,,,,,,,,,,,,,,,,,,,,,,
Q21361,Q45394601,,,,,,,,,,,,,,,,,,,,,,,,,,,,,,,,,,,,,,,,,,,,,
Q21362,Q45531158,,,,,,,,,,,,,,,,,,,,,,,,,,,,,,,,,,,,,,,,,,,,,
Q21363,Q45532236,,,,,,,,,,,,,,,,,,,,,,,,,,,,,,,,,,,,,,,,,,,,,
Q21364,Q45532298,,,,,,,,,,,,,,,,,,,,,,,,,,,,,,,,,,,,,,,,,,,,,
Q21365,Q711376,,,,,,,,,,,,,,,,,,,,,,,,,,,,,,,,,,,,,,,,,,,,,
Q21366,Q26183609,,,,,,,,,,,,,,,,,,,,,,,,,,,,,,,,,,,,,,,,,,,,,
Q21367,Q45588537,,,,,,,,,,,,,,,,,,,,,,,,,,,,,,,,,,,,,,,,,,,,,
Q21368,Q45514403,,,,,,,,,,,,,,,,,,,,,,,,,,,,,,,,,,,,,,,,,,,,,
Q21369,Q45438398,,,,,,,,,,,,,,,,,,,,,,,,,,,,,,,,,,,,,,,,,,,,,
Q21370,Q45438520,,,,,,,,,,,,,,,,,,,,,,,,,,,,,,,,,,,,,,,,,,,,,
Q21371,Q45438712,,,,,,,,,,,,,,,,,,,,,,,,,,,,,,,,,,,,,,,,,,,,,
Q21372,Q26156592,,,,,,,,,,,,,,,,,,,,,,,,,,,,,,,,,,,,,,,,,,,,,
Q21373,Q45467869,,,,,,,,,,,,,,,,,,,,,,,,,,,,,,,,,,,,,,,,,,,,,
Q21374,Q45642261,,,,,,,,,,,,,,,,,,,,,,,,,,,,,,,,,,,,,,,,,,,,,
Q21375,Q45642324,,,,,,,,,,,,,,,,,,,,,,,,,,,,,,,,,,,,,,,,,,,,,
Q21376,Q701445,,,,,,,,,,,,,,,,,,,,,,,,,,,,,,,,,,,,,,,,,,,,,
Q21377,Q10340552,,,,,,,,,,,,,,,,,,,,,,,,,,,,,,,,,,,,,,,,,,,,,
Q21378,Q45642570,,,,,,,,,,,,,,,,,,,,,,,,,,,,,,,,,,,,,,,,,,,,,
Q21379,Q65802879,,,,,,,,,,,,,,,,,,,,,,,,,,,,,,,,,,,,,,,,,,,,,
Q21380,Q736647,,,,,,,,,,,,,,,,,,,,,,,,,,,,,,,,,,,,,,,,,,,,,
Q21381,Q10297036,,,,,,,,,,,,,,,,,,,,,,,,,,,,,,,,,,,,,,,,,,,,,
Q21382,Q45518351,,,,,,,,,,,,,,,,,,,,,,,,,,,,,,,,,,,,,,,,,,,,,
Q21383,Q15941480,,,,,,,,,,,,,,,,,,,,,,,,,,,,,,,,,,,,,,,,,,,,,
Q21384,Q66235054,,,,,,,,,,,,,,,,,,,,,,,,,,,,,,,,,,,,,,,,,,,,,
Q21385,Q26198105,,,,,,,,,,,,,,,,,,,,,,,,,,,,,,,,,,,,,,,,,,,,,
Q21386,Q16075801,,,,,,,,,,,,,,,,,,,,,,,,,,,,,,,,,,,,,,,,,,,,,
Q21387,Q45479755,,,,,,,,,,,,,,,,,,,,,,,,,,,,,,,,,,,,,,,,,,,,,
Q21388,Q45667803,,,,,,,,,,,,,,,,,,,,,,,,,,,,,,,,,,,,,,,,,,,,,
Q21389,Q45421257,,,,,,,,,,,,,,,,,,,,,,,,,,,,,,,,,,,,,,,,,,,,,
Q21390,Q45495568,,,,,,,,,,,,,,,,,,,,,,,,,,,,,,,,,,,,,,,,,,,,,
Q21391,Q45421265,,,,,,,,,,,,,,,,,,,,,,,,,,,,,,,,,,,,,,,,,,,,,
Q21392,Q45421268,,,,,,,,,,,,,,,,,,,,,,,,,,,,,,,,,,,,,,,,,,,,,
Q21393,Q171232,,,,,,,,,,,,,,,,,,,,,,,,,,,,,,,,,,,,,,,,,,,,,
Q21394,Q171698,,,,,,,,,,,,,,,,,,,,,,,,,,,,,,,,,,,,,,,,,,,,,
Q21395,Q172180,,,,,,,,,,,,,,,,,,,,,,,,,,,,,,,,,,,,,,,,,,,,,
Q21397,Q45571075,,,,,,,,,,,,,,,,,,,,,,,,,,,,,,,,,,,,,,,,,,,,,
Q21398,Q9591960,,,,,,,,,,,,,,,,,,,,,,,,,,,,,,,,,,,,,,,,,,,,,
Q21399,Q15902511,,,,,,,,,,,,,,,,,,,,,,,,,,,,,,,,,,,,,,,,,,,,,
Q21400,Q15906143,,,,,,,,,,,,,,,,,,,,,,,,,,,,,,,,,,,,,,,,,,,,,
Q21401,Q45610681,,,,,,,,,,,,,,,,,,,,,,,,,,,,,,,,,,,,,,,,,,,,,
Q21403,Q15930164,,,,,,,,,,,,,,,,,,,,,,,,,,,,,,,,,,,,,,,,,,,,,
Q21405,Q24836727,,,,,,,,,,,,,,,,,,,,,,,,,,,,,,,,,,,,,,,,,,,,,
Q21406,Q24836708,,,,,,,,,,,,,,,,,,,,,,,,,,,,,,,,,,,,,,,,,,,,,
Q21407,Q11651668,,,,,,,,,,,,,,,,,,,,,,,,,,,,,,,,,,,,,,,,,,,,,
Q21408,Q45472045,,,,,,,,,,,,,,,,,,,,,,,,,,,,,,,,,,,,,,,,,,,,,
Q21409,Q45472172,,,,,,,,,,,,,,,,,,,,,,,,,,,,,,,,,,,,,,,,,,,,,
Q21411,Q45421478,,,,,,,,,,,,,,,,,,,,,,,,,,,,,,,,,,,,,,,,,,,,,
Q21412,Q45421482,,,,,,,,,,,,,,,,,,,,,,,,,,,,,,,,,,,,,,,,,,,,,
Q21413,Q133447366,,,,,,,,,,,,,,,,,,,,,,,,,,,,,,,,,,,,,,,,,,,,,
Q21415,Q45476073,,,,,,,,,,,,,,,,,,,,,,,,,,,,,,,,,,,,,,,,,,,,,
Q21416,Q22813498,,,,,,,,,,,,,,,,,,,,,,,,,,,,,,,,,,,,,,,,,,,,,
Q21417,Q45421949,,,,,,,,,,,,,,,,,,,,,,,,,,,,,,,,,,,,,,,,,,,,,
Q21418,Q45473321,,,,,,,,,,,,,,,,,,,,,,,,,,,,,,,,,,,,,,,,,,,,,
Q21422,Q45422044,,,,,,,,,,,,,,,,,,,,,,,,,,,,,,,,,,,,,,,,,,,,,
Q21423,Q45422046,,,,,,,,,,,,,,,,,,,,,,,,,,,,,,,,,,,,,,,,,,,,,
Q21426,Q45422053,,,,,,,,,,,,,,,,,,,,,,,,,,,,,,,,,,,,,,,,,,,,,
Q21428,Q6538971,,,,,,,,,,,,,,,,,,,,,,,,,,,,,,,,,,,,,,,,,,,,,
Q21430,Q45479048,,,,,,,,,,,,,,,,,,,,,,,,,,,,,,,,,,,,,,,,,,,,,
Q21431,Q45488427,,,,,,,,,,,,,,,,,,,,,,,,,,,,,,,,,,,,,,,,,,,,,
Q21432,Q16076733,,,,,,,,,,,,,,,,,,,,,,,,,,,,,,,,,,,,,,,,,,,,,
Q21433,Q45632881,,,,,,,,,,,,,,,,,,,,,,,,,,,,,,,,,,,,,,,,,,,,,
Q21434,Q378356,,,,,,,,,,,,,,,,,,,,,,,,,,,,,,,,,,,,,,,,,,,,,
Q21436,Q45422303,,,,,,,,,,,,,,,,,,,,,,,,,,,,,,,,,,,,,,,,,,,,,
Q21438,Q45515952,,,,,,,,,,,,,,,,,,,,,,,,,,,,,,,,,,,,,,,,,,,,,
Q21439,Q45516017,,,,,,,,,,,,,,,,,,,,,,,,,,,,,,,,,,,,,,,,,,,,,
Q21440,Q45516079,,,,,,,,,,,,,,,,,,,,,,,,,,,,,,,,,,,,,,,,,,,,,
Q21441,Q18908183,,,,,,,,,,,,,,,,,,,,,,,,,,,,,,,,,,,,,,,,,,,,,
Q21442,Q45438436,,,,,,,,,,,,,,,,,,,,,,,,,,,,,,,,,,,,,,,,,,,,,
Q21445,Q45420201,,,,,,,,,,,,,,,,,,,,,,,,,,,,,,,,,,,,,,,,,,,,,
Q21446,Q28414491,,,,,,,,,,,,,,,,,,,,,,,,,,,,,,,,,,,,,,,,,,,,,
Q21447,Q45673277,,,,,,,,,,,,,,,,,,,,,,,,,,,,,,,,,,,,,,,,,,,,,
Q21448,Q45475756,,,,,,,,,,,,,,,,,,,,,,,,,,,,,,,,,,,,,,,,,,,,,
Q21456,Q11551709,,,,,,,,,,,,,,,,,,,,,,,,,,,,,,,,,,,,,,,,,,,,,
Q21459,Q837265,,,,,,,,,,,,,,,,,,,,,,,,,,,,,,,,,,,,,,,,,,,,,
Q21462,Q11359262,,,,,,,,,,,,,,,,,,,,,,,,,,,,,,,,,,,,,,,,,,,,,
Q21463,Q11359187,,,,,,,,,,,,,,,,,,,,,,,,,,,,,,,,,,,,,,,,,,,,,
Q21469,Q11068413,,,,,,,,,,,,,,,,,,,,,,,,,,,,,,,,,,,,,,,,,,,,,
Q21471,Q11068482,,,,,,,,,,,,,,,,,,,,,,,,,,,,,,,,,,,,,,,,,,,,,
Q21472,Q11068750,,,,,,,,,,,,,,,,,,,,,,,,,,,,,,,,,,,,,,,,,,,,,
Q21473,Q4803443,,,,,,,,,,,,,,,,,,,,,,,,,,,,,,,,,,,,,,,,,,,,,
Q21474,Q859948,,,,,,,,,,,,,,,,,,,,,,,,,,,,,,,,,,,,,,,,,,,,,
Q21476,Q11068695,,,,,,,,,,,,,,,,,,,,,,,,,,,,,,,,,,,,,,,,,,,,,
Q21478,Q11392556,,,,,,,,,,,,,,,,,,,,,,,,,,,,,,,,,,,,,,,,,,,,,
Q21480,Q11463155,,,,,,,,,,,,,,,,,,,,,,,,,,,,,,,,,,,,,,,,,,,,,
Q21482,Q4805099,,,,,,,,,,,,,,,,,,,,,,,,,,,,,,,,,,,,,,,,,,,,,
Q21483,Q11371913,,,,,,,,,,,,,,,,,,,,,,,,,,,,,,,,,,,,,,,,,,,,,
Q21485,Q1038673,,,,,,,,,,,,,,,,,,,,,,,,,,,,,,,,,,,,,,,,,,,,,
Q21490,Q11625152,,,,,,,,,,,,,,,,,,,,,,,,,,,,,,,,,,,,,,,,,,,,,
Q21497,Q11591886,,,,,,,,,,,,,,,,,,,,,,,,,,,,,,,,,,,,,,,,,,,,,
Q21501,Q11615851,,,,,,,,,,,,,,,,,,,,,,,,,,,,,,,,,,,,,,,,,,,,,
Q21502,Q11615854,,,,,,,,,,,,,,,,,,,,,,,,,,,,,,,,,,,,,,,,,,,,,
Q21511,Q11380777,,,,,,,,,,,,,,,,,,,,,,,,,,,,,,,,,,,,,,,,,,,,,
Q21512,Q11405602,,,,,,,,,,,,,,,,,,,,,,,,,,,,,,,,,,,,,,,,,,,,,
Q21515,Q11625144,,,,,,,,,,,,,,,,,,,,,,,,,,,,,,,,,,,,,,,,,,,,,
Q21516,Q11625146,,,,,,,,,,,,,,,,,,,,,,,,,,,,,,,,,,,,,,,,,,,,,
Q21521,Q109927895,,,,,,,,,,,,,,,,,,,,,,,,,,,,,,,,,,,,,,,,,,,,,
Q21522,Q3273106,,,,,,,,,,,,,,,,,,,,,,,,,,,,,,,,,,,,,,,,,,,,,
Q21527,Q110941599,,,,,,,,,,,,,,,,,,,,,,,,,,,,,,,,,,,,,,,,,,,,,
Q21530,Q10865728,,,,,,,,,,,,,,,,,,,,,,,,,,,,,,,,,,,,,,,,,,,,,
Q21531,Q1064909,,,,,,,,,,,,,,,,,,,,,,,,,,,,,,,,,,,,,,,,,,,,Miyoshi-2,
Q21532,Q1058953,,,,,,,,,,,,,,,,,,,,,,,,,,,,,,,,,,,,,,,,,,,,,
Q21533,Q1059165,,,,,,,,,,,,,,,,,,,,,,,,,,,,,,,,,,,,,,,,,,,,,
Q21535,Q22125211,,,,,,,,,,,,,,,,,,,,,,,,,,,,,,,,,,,,,,,,,,,,,
Q21537,Q10864062,,,,,,,,,,,,,,,,,,,,,,,,,,,,,,,,,,,,,,,,,,,,,
Q21539,Q11239112,,,,,,,,,,,,,,,,,,,,,,,,,,,,,,,,,,,,,,,,,,,,松平-80,
Q21543,Q11406725,,,,,,,,,,,,,,,,,,,,,,,,,,,,,,,,,,,,,,,,,,,,,
Q21551,Q29410888,,,,,,,,,,,,,,,,,,,,,,,,,,,,,,,,,,,,,,,,,,,,,
Q21553,Q11549183,,,,,,,,,,,,,,,,,,,,,,,,,,,,,,,,,,,,,,,,,,,,,
Q21557,Q17211457,,,,,,,,,,,,,,,,,,,,,,,,,,,,,,,,,,,,,,,,,,,,,
Q21562,Q11514795,,,,,,,,,,,,,,,,,,,,,,,,,,,,,,,,,,,,,,,,,,,,,
Q21563,Q11379137,,,,,,,,,,,,,,,,,,,,,,,,,,,,,,,,,,,,,,,,,,,,,
Q21567,Q108802979,,,,,,,,,,,,,,,,,,,,,,,,,,,,,,,,,,,,,,,,,,,,,
Q21568,Q3155840,,,,,,,,,,,,,,,,,,,,,,,,,,,,,,,,,,,,,,,,,,,,,
Q21569,Q6639705,,,,,,,,,,,,,,,,,,,,,,,,,,,,,,,,,,,,,,,,,,,,,
Q21572,Q11538575,,,,,,,,,,,,,,,,,,,,,,,,,,,,,,,,,,,,,,,,,,,,,
Q21573,Q11369363,,,,,,,,,,,,,,,,,,,,,,,,,,,,,,,,,,,,,,,,,,,,,
Q21576,Q11540637,,,,,,,,,,,,,,,,,,,,,,,,,,,,,,,,,,,,,,,,,,,,,
Q21577,Q24871647,,,,,,,,,,,,,,,,,,,,,,,,,,,,,,,,,,,,,,,,,,,,,
Q21580,Q11510649,,,,,,,,,,,,,,,,,,,,,,,,,,,,,,,,,,,,,,,,,,,,,
Q21583,Q11595122,,,,,,,,,,,,,,,,,,,,,,,,,,,,,,,,,,,,,,,,,,,,,
Q21584,Q1082804,,,,,,,,,,,,,,,,,,,,,,,,,,,,,,,,,,,,,,,,,,,,,
Q21595,Q11068680,,,,,,,,,,,,,,,,,,,,,,,,,,,,,,,,,,,,,,,,,,,,,
Q21596,Q11068728,,,,,,,,,,,,,,,,,,,,,,,,,,,,,,,,,,,,,,,,,,,,,
Q21602,Q11555469,,,,,,,,,,,,,,,,,,,,,,,,,,,,,,,,,,,,,,,,,,,,,
Q21604,Q11248558,,,,,,,,,,,,,,,,,,,,,,,,,,,,,,,,,,,,,,,,,,,,,
Q21605,Q11635721,,,,,,,,,,,,,,,,,,,,,,,,,,,,,,,,,,,,,,,,,,,,,
Q21606,Q11385090,,,,,,,,,,,,,,,,,,,,,,,,,,,,,,,,,,,,,,,,,,,,,
Q21608,Q62085468,,,,,,,,,,,,,,,,,,,,,,,,,,,,,,,,,,,,,,,,,,,,,
Q21613,Q11615301,,,,,,,,,,,,,,,,,,,,,,,,,,,,,,,,,,,,,,,,,,,,,
Q21618,Q11540414,,,,,,,,,,,,,,,,,,,,,,,,,,,,,,,,,,,,,,,,,,,,森-13,
Q21619,Q11540422,,,,,,,,,,,,,,,,,,,,,,,,,,,,,,,,,,,,,,,,,,,,森-12,
Q21620,Q11539365,,,,,,,,,,,,,,,,,,,,,,,,,,,,,,,,,,,,,,,,,,,,森-10,
Q21621,Q1365528,,,,,,,,,,,,,,,,,,,,,,,,,,,,,,,,,,,,,,,,,,,,森-4,
Q21624,Q11518598,,,,,,,,,,,,,,,,,,,,,,,,,,,,,,,,,,,,,,,,,,,,,
Q21625,Q11414254,,,,,,,,,,,,,,,,,,,,,,,,,,,,,,,,,,,,,,,,,,,,,
Q21629,Q7877477,,,,,,,,,,,,,,,,,,,,,,,,,,,,,,,,,,,,,,,,,,,,,
Q21632,Q11469996,,,,,,,,,,,,,,,,,,,,,,,,,,,,,,,,,,,,,,,,,,,,,
Q21636,Q1039095,,,,,,,,,,,,,,,,,,,,,,,,,,,,,,,,,,,,,,,,,,,,鍋島-33,
Q21637,Q11658802,,,,,,,,,,,,,,,,,,,,,,,,,,,,,,,,,,,,,,,,,,,,,
Q21638,Q11650648,,,,,,,,,,,,,,,,,,,,,,,,,,,,,,,,,,,,,,,,,,,,鍋島-43,
Q21640,Q17229468,,,,,,,,,,,,,,,,,,,,,,,,,,,,,,,,,,,,,,,,,,,,,
Q21646,Q18225905,,,,,,,,,,,,,,,,,,,,,,,,,,,,,,,,,,,,,,,,,,,,,
Q21647,Q10856579,,,,,,,,,,,,,,,,,,,,,,,,,,,,,,,,,,,,,,,,,,,,,
Q21654,Q11413615,,,,,,,,,,,,,,,,,,,,,,,,,,,,,,,,,,,,,,,,,,,,,
Q21660,Q11561444,,,,,,,,,,,,,,,,,,,,,,,,,,,,,,,,,,,,,,,,,,,,中御門-8,
Q21662,Q3948081,,,,,,,,,,,,,,,,,,,,,,,,,,,,,,,,,,,,,,,,,,,,,
Q21663,Q11098668,,,,,,,,,,,,,,,,,,,,,,,,,,,,,,,,,,,,,,,,,,,,,
Q21667,Q11423540,,,,,,,,,,,,,,,,,,,,,,,,,,,,,,,,,,,,,,,,,,,,,
Q21669,Q8193998,,,,,,,,,,,,,,,,,,,,,,,,,,,,,,,,,,,,,,,,,,,,,
Q21670,Q8514046,,,,,,,,,,,,,,,,,,,,,,,,,,,,,,,,,,,,,,,,,,,,,
Q21672,Q11362763,,,,,,,,,,,,,,,,,,,,,,,,,,,,,,,,,,,,,,,,,,,,,
Q21673,Q11256205,,,,,,,,,,,,,,,,,,,,,,,,,,,,,,,,,,,,,,,,,,,,,
Q21675,Q11266697,,,,,,,,,,,,,,,,,,,,,,,,,,,,,,,,,,,,,,,,,,,,,
Q21676,Q11253514,,,,,,,,,,,,,,,,,,,,,,,,,,,,,,,,,,,,,,,,,,,,,
Q21677,Q11371474,,,,,,,,,,,,,,,,,,,,,,,,,,,,,,,,,,,,,,,,,,,,,
Q21678,Q11418831,,,,,,,,,,,,,,,,,,,,,,,,,,,,,,,,,,,,,,,,,,,,,
Q21679,Q30925163,,,,,,,,,,,,,,,,,,,,,,,,,,,,,,,,,,,,,,,,,,,,,
Q21680,Q30925160,,,,,,,,,,,,,,,,,,,,,,,,,,,,,,,,,,,,,,,,,,,,,
Q21681,Q11547567,,,,,,,,,,,,,,,,,,,,,,,,,,,,,,,,,,,,,,,,,,,,,
Q21685,Q11235232,,,,,,,,,,,,,,,,,,,,,,,,,,,,,,,,,,,,,,,,,,,,,
Q21686,Q1151731,,,,,,,,,,,,,,,,,,,,,,,,,,,,,,,,,,,,,,,,,,,,,
Q21687,Q11522916,,,,,,,,,,,,,,,,,,,,,,,,,,,,,,,,,,,,,,,,,,,,,
Q21689,Q8514008,,,,,,,,,,,,,,,,,,,,,,,,,,,1377680,,,,,,,,,,,,,,,,,,
Q21695,Q100453914,,,,,,,,,,,,,,,,,,,,,,,,,,,,,,,,,,,,,,,,,,,,,
Q21696,Q6013267,,,,,,,,,,,,,,,,,,,,,,,,,,,,,,,,,,,,,,,,,,,,,
Q21698,Q17210866,,,,,,,,,,,,,,,,,,,,,,,,,,,,,,,,,,,,,,,,,,,,,
Q21699,Q11647265,,,,,,,,,,,,,,,,,,,,,,,,,,,,,,,,,,,,,,,,,,,,,
Q21700,Q11556324,,,,,,,,,,,,,,,,,,,,,,,,,,,,,,,,,,,,,,,,,,,,,
Q21701,Q11518104,,,,,,,,,,,,,,,,,,,,,,,,,,,,,,,,,,,,,,,,,,,,,
Q21703,Q11556303,,,,,,,,,,,,,,,,,,,,,,,,,,,,,,,,,,,,,,,,,,,,,
Q21704,Q11539910,,,,,,,,,,,,,,,,,,,,,,,,,,,,,,,,,,,,,,,,,,,,,
Q21706,Q11668786,,,,,,,,,,,,,,,,,,,,,,,,,,,,,,,,,,,,,,,,,,,,,
Q21718,Q11069865,,,,,,,,,,,,,,,,,,,,,,,,,,,,,,,,,,,,,,,,,,,,,
Q21719,Q11427732,,,,,,,,,,,,,,,,,,,,,,,,,,,,,,,,,,,,,,,,,,,,,
Q21721,Q11556909,,,,,,,,,,,,,,,,,,,,,,,,,,,,,,,,,,,,,,,,,,,,,
Q21722,Q11556974,,,,,,,,,,,,,,,,,,,,,,,,,,,,,,,,,,,,,,,,,,,,,
Q21723,Q11608408,,,,,,,,,,,,,,,,,,,,,,,,,,,,,,,,,,,,,,,,,,,,,
Q21726,Q11608249,,,,,,,,,,,,,,,,,,,,,,,,,,,,,,,,,,,,,,,,,,,,,
Q21733,Q11666264,,,,,,,,,,,,,,,,,,,,,,,,,,,,,,,,,,,,,,,,,,,,,
Q21737,Q11368677,,,,,,,,,,,,,,,,,,,,,,,,,,,,,,,,,,,,,,,,,,,,,
Q21746,Q6606038,,,,,,,,,,,,,,,,,,,,,,,,,,,,,,,,,,,,,,,,,,,,,
Q21751,Q11510229,,,,,,,,,,,,,,,,,,,,,,,,,,,,,,,,,,,,,,,,,,,,,
Q21752,Q10885892,,,,,,,,,,,,,,,,,,,,,,,,,,,,,,,,,,,,,,,,,,,,,
Q21753,Q986345,,,,,,,,,,,,,,,,,,,,,,,,,,,,,,,,,,,,,,,,,,,,,
Q21754,Q10885890,,,,,,,,,,,,,,,,,,,,,,,,,,,,,,,,,,,,,,,,,,,,,
Q21755,Q11110196,,,,,,,,,,,,,,,,,,,,,,,,,,,,,,,,,,,,,,,,,,,,,
Q21757,Q11534761,,,,,,,,,,,,,,,,,,,,,,,,,,,,,,,,,,,,,,,,,,,,,
Q21773,Q7559099,,,,,,,,,,,,,,,,,,,,,,,,,,,,,,,,,,,,,,,,,,,,,
Q21776,Q6529609,,,,,,,,,,,,,,,,,,,,,,,,,,,,,,,,,,,,,,,,,,,,,
Q21779,Q11380732,,,,,,,,,,,,,,,,,,,,,,,,,,,,,,,,,,,,,,,,,,,,,
Q21784,Q6375039,,,,,,,,,,,,,,,,,,,,,,,,,,,,,,,,,,,,,,,,,,,,,
Q21785,Q8514821,,,,,,,,,,,,,,,,,,,,,,,,,,,,,,,,,,,,,,,,,,,,,
Q21796,Q11380750,,,,,,,,,,,,,,,,,,,,,,,,,,,,,,,,,,,,,,,,,,,,,
Q21797,Q108781212,,,,,,,,,,,,,,,,,,,,,,,,,,,,,,,,,,,,,,,,,,,,,
Q21798,Q11356604,,,,,,,,,,,,,,,,,,,,,,,,,,,,,,,,,,,,,,,,,,,,細川-24,
Q21799,Q11605976,,,,,,,,,,,,,,,,,,,,,,,,,,,,,,,,,,,,,,,,,,,,細川-22,
Q21802,Q4352514,,,,,,,,,,,,,,,,,,,,,,,,,,,,,,,,,,,,,,,,,,,,,
Q21803,Q11605921,,,,,,,,,,,,,,,,,,,,,,,,,,,,,,,,,,,,,,,,,,,,細川-29,
Q21804,Q11570446,,,,,,,,,,,,,,,,,,,,,,,,,,,,,,,,,,,,,,,,,,,,,
Q21805,Q22131614,,,,,,,,,,,,,,,,,,,,,,,,,,,,,,,,,,,,,,,,,,,,,
Q21806,Q11397521,,,,,,,,,,,,,,,,,,,,,,,,,,,,,,,,,,,,,,,,,,,,,
Q21812,Q106975555,,,,,,,,,,,,,,,,,,,,,,,,,,,,,,,,,,,,,,,,,,,,,
Q21815,Q11534159,,,,,,,,,,,,,,,,,,,,,,,,,,,,,,,,,,,,,,,,,,,,,
Q21816,Q11395349,,,,,,,,,,,,,,,,,,,,,,,,,,,,,,,,,,,,,,,,,,,,,
Q21818,Q111170757,,,,,,,,,,,,,,,,,,,,,,,,,,,,,,,,,,,,,,,,,,,,,
Q21819,Q11397426,,,,,,,,,,,,,,,,,,,,,,,,,,,560107,,,,,,,,,,,,,,,,,,
Q21822,Q8515108,,,,,,,,,,,,,,,,,,,,,,,,,,,,,,,,,,,,,,,,,,,,,
Q21823,Q8514003,,,,,,,,,,,,,,,,,,,,,,,,,,,1377678,,,,,,,,,,,,,,,,,,
Q21832,Q110057738,,,,,,,,,,,,,,,,,,,,,,,,,,,,,,,,,,,,,,,,,,,,,
Q21844,Q11556114,,,,,,,,,,,,,,,,,,,,,,,,,,,,,,,,,,,,,,,,,,,,,
Q21846,Q11412943,,,,,,,,,,,,,,,,,,,,,,,,,,,,,,,,,,,,,,,,,,,,,
Q21848,Q11413050,,,,,,,,,,,,,,,,,,,,,,,,,,,,,,,,,,,,,,,,,,,,,
Q21849,Q21944793,,,,,,,,,,,,,,,,,,,,,,,,,,,,,,,,,,,,,,,,,,,,,
Q21857,Q3137467,,,,,,,,,,,,,,,,,,,,,,,,,,,1377672,,,,,,,,,,,,,,,,,,
Q21861,Q11408548,,,,,,,,,,,,,,,,,,,,,,,,,,,,,,,,,,,,,,,,,,,,,
Q21862,Q6962458,,,,,,,,,,,,,,,,,,,,,,,,,,,,,,,,,,,,,,,,,,,,,
Q21868,Q11364739,,,,,,,,,,,,,,,,,,,,,,,,,,,,,,,,,,,,,,,,,,,,,
Q21869,Q11551906,,,,,,,,,,,,,,,,,,,,,,,,,,,,,,,,,,,,,,,,,,,,,
Q21870,Q11552145,,,,,,,,,,,,,,,,,,,,,,,,,,,,,,,,,,,,,,,,,,,,,
Q21872,Q11551923,,,,,,,,,,,,,,,,,,,,,,,,,,,,,,,,,,,,,,,,,,,,,
Q21873,Q11552151,,,,,,,,,,,,,,,,,,,,,,,,,,,,,,,,,,,,,,,,,,,,,
Q21874,Q11552144,,,,,,,,,,,,,,,,,,,,,,,,,,,,,,,,,,,,,,,,,,,,,
Q21875,Q11551807,,,,,,,,,,,,,,,,,,,,,,,,,,,,,,,,,,,,,,,,,,,,池田-20,
Q21876,Q11551915,,,,,,,,,,,,,,,,,,,,,,,,,,,,,,,,,,,,,,,,,,,,,
Q21878,Q11551937,,,,,,,,,,,,,,,,,,,,,,,,,,,,,,,,,,,,,,,,,,,,,
Q21881,Q8515540,,,,,,,,,,,,,,,,,,,,,,,,,,,,,,,,,,,,,,,,,,,,,
Q21882,Q11466474,,,,,,,,,,,,,,,,,,,,,,,,,,,,,,,,,,,,,,,,,,,,,
Q21883,Q11598213,,,,,,,,,,,,,,,,,,,,,,,,,,,,,,,,,,,,,,,,,,,,,
Q21884,Q10729509,,,,,,,,,,,,,,,,,,,,,,,,,,,,,,,,,,,,,,,,,,,,松平-71,
Q21885,Q5892511,,,,,,,,,,,,,,,,,,,,,,,,,,,,,,,,,,,,,,,,,,,,,
Q21886,Q10522159,,,,,,,,,,,,,,,,,,,,,,,,,,,,,,,,,,,,,,,,,,,,,
Q21889,Q127787771,,,,,,,,,,,,,,,,,,,,,,,,,,,,,,,,,,,,,,,,,,,,,
Q21899,Q17192965,,,,,,,,,,,,,,,,,,,,,,,,,,,,,,,,,,,,,,,,,,,,,
Q21900,Q6605937,,,,,,,,,,,,,,,,,,,,,,,,,,,,,,,,,,,,,,,,,,,,,
Q21901,Q6609429,,,,,,,,,,,,,,,,,,,,,,,,,,,,,,,,,,,,,,,,,,,,,
Q21903,Q10565394,,,,,,,,,,,,,,,,,,,,,,,,,,,,,,,,,,,,,,,,,,,,,
Q21908,Q10862137,,,,,,,,,,,,,,,,,,,,,,,,,,,,,,,,,,,,,,,,,,,,,
Q21910,Q1373396,,,,,,,,,,,,,,,,,,,,,,,,,,,,,,,,,,,,,,,,,,,,,
Q21911,Q11583401,,,,,,,,,,,,,,,,,,,,,,,,,,,,,,,,,,,,,,,,,,,,,
Q21912,Q674844,,,,,,,,,,,,,,,,,,,,,,,,,,,,,,,,,,,,,,,,,,,,,
Q21913,Q11583360,,,,,,,,,,,,,,,,,,,,,,,,,,,,,,,,,,,,,,,,,,,,,
Q21914,Q11583399,,,,,,,,,,,,,,,,,,,,,,,,,,,,,,,,,,,,,,,,,,,,,
Q21917,Q11451587,,,,,,,,,,,,,,,,,,,,,,,,,,,,,,,,,,,,,,,,,,,,,
Q21922,Q11564459,,,,,,,,,,,,,,,,,,,,,,,,,,,,,,,,,,,,,,,,,,,,,
Q21926,Q17209024,,,,,,,,,,,,,,,,,,,,,,,,,,,805506,,,,,,,,,,,,,,,,,,
Q21927,Q11531832,,,,,,,,,,,,,,,,,,,,,,,,,,,805505,,,,,,,,,,,,,,,,,,
Q21928,Q11531818,,,,,,,,,,,,,,,,,,,,,,,,,,,,,,,,,,,,,,,,,,,,,
Q21929,Q11531856,,,,,,,,,,,,,,,,,,,,,,,,,,,805502,,,,,,,,,,,,,,,,,,
Q21932,Q11558118,,,,,,,,,,,,,,,,,,,,,,,,,,,,,,,,,,,,,,,,,,,,,
Q21934,Q18011481,,,,,,,,,,,,,,,,,,,,,,,,,,,,,,,,,,,,,,,,,,,,,
Q21935,Q11602922,,,,,,,,,,,,,,,,,,,,,,,,,,,,,,,,,,,,,,,,,,,,,
Q21939,Q11372815,,,,,,,,,,,,,,,,,,,,,,,,,,,,,,,,,,,,,,,,,,,,,
Q21944,Q11678674,,,,,,,,,,,,,,,,,,,,,,,,,,,,,,,,,,,,,,,,,,,,,
Q21945,Q11466346,,,,,,,,,,,,,,,,,,,,,,,,,,,,,,,,,,,,,,,,,,,,,
Q21946,Q11466349,,,,,,,,,,,,,,,,,,,,,,,,,,,,,,,,,,,,,,,,,,,,,
Q21948,Q11598189,,,,,,,,,,,,,,,,,,,,,,,,,,,,,,,,,,,,,,,,,,,,,
Q21949,Q11598208,,,,,,,,,,,,,,,,,,,,,,,,,,,,,,,,,,,,,,,,,,,,,
Q21950,Q11633099,,,,,,,,,,,,,,,,,,,,,,,,,,,,,,,,,,,,,,,,,,,,,
Q21951,Q11633105,,,,,,,,,,,,,,,,,,,,,,,,,,,,,,,,,,,,,,,,,,,,,
Q21952,Q11644109,,,,,,,,,,,,,,,,,,,,,,,,,,,,,,,,,,,,,,,,,,,,,
Q21953,Q11644116,,,,,,,,,,,,,,,,,,,,,,,,,,,,,,,,,,,,,,,,,,,,,
Q21954,Q11644169,,,,,,,,,,,,,,,,,,,,,,,,,,,,,,,,,,,,,,,,,,,,酒井-22,
Q21955,Q11644185,,,,,,,,,,,,,,,,,,,,,,,,,,,,,,,,,,,,,,,,,,,,,
Q21956,Q11486850,,,,,,,,,,,,,,,,,,,,,,,,,,,,,,,,,,,,,,,,,,,,,
Q21957,Q11486856,,,,,,,,,,,,,,,,,,,,,,,,,,,,,,,,,,,,,,,,,,,,,
Q21958,Q6527250,,,,,,,,,,,,,,,,,,,,,,,,,,,,,,,,,,,,,,,,,,,,,
Q21959,Q5368670,,,,,,,,,,,,,,,,,,,,,,,,,,,,,,,,,,,,,,,,,,,,,
Q21966,Q11537532,,,,,,,,,,,,,,,,,,,,,,,,,,,,,,,,,,,,,,,,,,,,,
Q21967,Q11473885,,,,,,,,,,,,,,,,,,,,,,,,,,,,,,,,,,,,,,,,,,,,,
Q21971,Q11650677,,,,,,,,,,,,,,,,,,,,,,,,,,,,,,,,,,,,,,,,,,,,鍋島-47,
Q21977,Q10729386,,,,,,,,,,,,,,,,,,,,,,,,,,,,,,,,,,,,,,,,,,,,,
Q21980,Q11541718,,,,,,,,,,,,,,,,,,,,,,,,,,,,,,,,,,,,,,,,,,,,,
Q21983,Q11445782,,,,,,,,,,,,,,,,,,,,,,,,,,,,,,,,,,,,,,,,,,,,,
Q21985,Q11246514,,,,,,,,,,,,,,,,,,,,,,,,,,,,,,,,,,,,,,,,,,,,島津-3,
Q21986,Q11163166,,,,,,,,,,,,,,,,,,,,,,,,,,,,,,,,,,,,,,,,,,,,,
Q21987,Q6584320,,,,,,,,,,,,,,,,,,,,,,,,,,,,,,,,,,,,,,,,,,,,,
Q21990,Q11530396,,,,,,,,,,,,,,,,,,,,,,,,,,,,,,,,,,,,,,,,,,,,,
Q21991,Q11364751,,,,,,,,,,,,,,,,,,,,,,,,,,,,,,,,,,,,,,,,,,,,,
Q21994,Q11534391,,,,,,,,,,,,,,,,,,,,,,,,,,,,,,,,,,,,,,,,,,,,,
Q21995,Q1315878,,,,,,,,,,,,,,,,,,,,,,,,,,,,,,,,,,,,,,,,,,,,,
Q22003,Q11627724,,,,,,,,,,,,,,,,,,,,,,,,,,,,,,,,,,,,,,,,,,,,,
Q22005,Q11470709,,,,,,,,,,,,,,,,,,,,,,,,,,,,,,,,,,,,,,,,,,,,,
Q22011,Q10565416,,,,,,,,,,,,,,,,,,,,,,,,,,,,,,,,,,,,,,,,,,,,,
Q22012,Q10565454,,,,,,,,,,,,,,,,,,,,,,,,,,,,,,,,,,,,,,,,,,,,,
Q22019,Q17221950,,,,,,,,,,,,,,,,,,,,,,,,,,,,,,,,,,,,,,,,,,,,,
Q22021,Q11530466,,,,,,,,,,,,,,,,,,,,,,,,,,,,,,,,,,,,,,,,,,,,,
Q22022,Q11530350,,,,,,,,,,,,,,,,,,,,,,,,,,,,,,,,,,,,,,,,,,,,,
Q22025,Q11530361,,,,,,,,,,,,,,,,,,,,,,,,,,,,,,,,,,,,,,,,,,,,松平-141,
Q22026,Q11530604,,,,,,,,,,,,,,,,,,,,,,,,,,,,,,,,,,,,,,,,,,,,,
Q22028,Q11466654,,,,,,,,,,,,,,,,,,,,,,,,,,,,,,,,,,,,,,,,,,,,,
Q22031,Q11423236,,,,,,,,,,,,,,,,,,,,,,,,,,,,,,,,,,,,,,,,,,,,,
Q22032,Q10729484,,,,,,,,,,,,,,,,,,,,,,,,,,,,,,,,,,,,,,,,,,,,,
Q22034,Q10522052,,,,,,,,,,,,,,,,,,,,,,,,,,,,,,,,,,,,,,,,,,,,,
Q22035,Q6884227,,,,,,,,,,,,,,,,,,,,,,,,,,,,,,,,,,,,,,,,,,,,,
Q22046,Q1348611,,,,,,,,,,,,,,,,,,,,,,,,,,,,,,,,,,,,,,,,,,,,,
Q22048,Q10517777,,,,,,,,,,,,,,,,,,,,,,,,,,,,,,,,,,,,,,,,,,,,,
Q22052,Q11585796,,,,,,,,,,,,,,,,,,,,,,,,,,,,,,,,,,,,,,,,,,,,,
Q22054,Q11585799,,,,,,,,,,,,,,,,,,,,,,,,,,,,,,,,,,,,,,,,,,,,,
Q22058,Q11425729,,,,,,,,,,,,,,,,,,,,,,,,,,,,,,,,,,,,,,,,,,,,,
Q22060,Q11608343,,,,,,,,,,,,,,,,,,,,,,,,,,,,,,,,,,,,,,,,,,,,,
Q22061,Q11608469,,,,,,,,,,,,,,,,,,,,,,,,,,,,,,,,,,,,,,,,,,,,,
Q22063,Q10859969,,,,,,,,,,,,,,,,,,,,,,,,,,,,,,,,,,,,,,,,,,,,小笠原-34,
Q22064,Q7079832,,,,,,,,,,,,,,,,,,,,,,,,,,,,,,,,,,,,,,,,,,,,小笠原-35,
Q22069,Q10856571,,,,,,,,,,,,,,,,,,,,,,,,,,,,,,,,,,,,,,,,,,,,,
Q22070,Q10856531,,,,,,,,,,,,,,,,,,,,,,,,,,,,,,,,,,,,,,,,,,,,,
Q22071,Q11520040,,,,,,,,,,,,,,,,,,,,,,,,,,,,,,,,,,,,,,,,,,,,,
Q22072,Q119380583,,,,,,,,,,,,,,,,,,,,,,,,,,,,,,,,,,,,,,,,,,,,,
Q22073,Q28689491,,,,,,,,,,,,,,,,,,,,,,,,,,,,,,,,,,,,,,,,,,,,,
Q22075,Q11583362,,,,,,,,,,,,,,,,,,,,,,,,,,,,,,,,,,,,,,,,,,,,,
Q22077,Q11583363,,,,,,,,,,,,,,,,,,,,,,,,,,,,,,,,,,,,,,,,,,,,,
Q22078,Q11583392,,,,,,,,,,,,,,,,,,,,,,,,,,,,,,,,,,,,,,,,,,,,,
Q22083,Q11520027,,,,,,,,,,,,,,,,,,,,,,,,,,,,,,,,,,,,,,,,,,,,,
Q22085,Q11647302,,,,,,,,,,,,,,,,,,,,,,,,,,,,,,,,,,,,,,,,,,,,,
Q22086,Q10565626,,,,,,,,,,,,,,,,,,,,,,,,,,,,,,,,,,,,,,,,,,,,,
Q22087,Q11586326,,,,,,,,,,,,,,,,,,,,,,,,,,,,,,,,,,,,,,,,,,,,,
Q22088,Q11516823,,,,,,,,,,,,,,,,,,,,,,,,,,,,,,,,,,,,,,,,,,,,,
Q22090,Q11516788,,,,,,,,,,,,,,,,,,,,,,,,,,,,,,,,,,,,,,,,,,,,,
Q22092,Q11463583,,,,,,,,,,,,,,,,,,,,,,,,,,,,,,,,,,,,,,,,,,,,,
Q22093,Q11608444,,,,,,,,,,,,,,,,,,,,,,,,,,,,,,,,,,,,,,,,,,,,織田-49,
Q22094,Q11608438,,,,,,,,,,,,,,,,,,,,,,,,,,,,,,,,,,,,,,,,,,,,織田-48,
Q22169,Q11489569,,,,,,,,,,,,,,,,,,,,,,,,,,,,,,,,,,,,,,,,,,,,,
Q22177,Q11429192,,,,,,,,,,,,,,,,,,,,,,,,,,,,,,,,,,,,,,,,,,,,,
Q22178,Q10862088,,,,,,,,,,,,,,,,,,,,,,,,,,,,,,,,,,,,,,,,,,,,,
Q22179,Q10862090,,,,,,,,,,,,,,,,,,,,,,,,,,,,,,,,,,,,,,,,,,,,,
Q22180,Q11530392,,,,,,,,,,,,,,,,,,,,,,,,,,,,,,,,,,,,,,,,,,,,,
Q22181,Q10860162,,,,,,,,,,,,,,,,,,,,,,,,,,,,,,,,,,,,,,,,,,,,,
Q22188,Q10565418,,,,,,,,,,,,,,,,,,,,,,,,,,,,,,,,,,,,,,,,,,,,,
Q22203,Q11392533,,,,,,,,,,,,,,,,,,,,,,,,,,,,,,,,,,,,,,,,,,,,,
Q22204,Q11354856,,,,,,,,,,,,,,,,,,,,,,,,,,,,,,,,,,,,,,,,,,,,,
Q22205,Q11354966,,,,,,,,,,,,,,,,,,,,,,,,,,,,,,,,,,,,,,,,,,,,,
Q22206,Q11614749,,,,,,,,,,,,,,,,,,,,,,,,,,,,,,,,,,,,,,,,,,,,,
Q22207,Q11354972,,,,,,,,,,,,,,,,,,,,,,,,,,,,,,,,,,,,,,,,,,,,,
Q22208,Q11485459,,,,,,,,,,,,,,,,,,,,,,,,,,,,,,,,,,,,,,,,,,,,,
Q22219,Q11567200,,,,,,,,,,,,,,,,,,,,,,,,,,,,,,,,,,,,,,,,,,,,,
Q22220,Q11631878,,,,,,,,,,,,,,,,,,,,,,,,,,,,,,,,,,,,,,,,,,,,,
Q22222,Q11631875,,,,,,,,,,,,,,,,,,,,,,,,,,,,,,,,,,,,,,,,,,,,,
Q22224,Q11539688,,,,,,,,,,,,,,,,,,,,,,,,,,,,,,,,,,,,,,,,,,,,,
Q22225,Q11540415,,,,,,,,,,,,,,,,,,,,,,,,,,,,,,,,,,,,,,,,,,,,,
Q22226,Q11540409,,,,,,,,,,,,,,,,,,,,,,,,,,,,,,,,,,,,,,,,,,,,,
Q22227,Q11656469,,,,,,,,,,,,,,,,,,,,,,,,,,,,,,,,,,,,,,,,,,,,,
Q22229,Q3335056,,,,,,,,,,,,,,,,,,,,,,,,,,,,,,,,,,,,,,,,,,,,,
Q22230,Q11540311,,,,,,,,,,,,,,,,,,,,,,,,,,,,,,,,,,,,,,,,,,,,,
Q22234,Q22124020,,,,,,,,,,,,,,,,,,,,,,,,,,,,,,,,,,,,,,,,,,,,,
Q22242,Q8514480,,,,,,,,,,,,,,,,,,,,,,,,,,,,,,,,,,,,,,,,,,,,,
Q22245,Q11530402,,,,,,,,,,,,,,,,,,,,,,,,,,,,,,,,,,,,,,,,,,,,,
Q22246,Q11530472,,,,,,,,,,,,,,,,,,,,,,,,,,,,,,,,,,,,,,,,,,,,,
Q22249,Q10891092,,,,,,,,,,,,,,,,,,,,,,,,,,,,,,,,,,,,,,,,,,,,,
Q22251,Q123414963,,,,,,,,,,,,,,,,,,,,,,,,,,,,,,,,,,,,,,,,,,,,,
Q22252,Q11521728,,,,,,,,,,,,,,,,,,,,,,,,,,,,,,,,,,,,,,,,,,,,,
Q22256,Q7223028,,,,,,,,,,,,,,,,,,,,,,,,,,,,,,,,,,,,,,,,,,,,,
Q22262,Q11454032,,,,,,,,,,,,,,,,,,,,,,,,,,,,,,,,,,,,,,,,,,,,,
Q22265,Q10729350,,,,,,,,,,,,,,,,,,,,,,,,,,,,,,,,,,,,,,,,,,,,,
Q22267,Q8515193,,,,,,,,,,,,,,,,,,,,,,,,,,,,,,,,,,,,,,,,,,,,酒井-39,
Q22276,Q11578684,,,,,,,,,,,,,,,,,,,,,,,,,,,,,,,,,,,,,,,,,,,,,
Q22283,Q11356502,,,,,,,,,,,,,,,,,,,,,,,,,,,,,,,,,,,,,,,,,,,,,
Q22284,Q6636824,,,,,,,,,,,,,,,,,,,,,,,,,,,,,,,,,,,,,,,,,,,,,
Q22297,Q11625673,,,,,,,,,,,,,,,,,,,,,,,,,,,,,,,,,,,,,,,,,,,,,
Q22306,Q10729426,,,,,,,,,,,,,,,,,,,,,,,,,,,,,,,,,,,,,,,,,,,,,
Q22310,Q108780950,,,,,,,,,,,,,,,,,,,,,,,,,,,,,,,,,,,,,,,,,,,,,
Q22313,Q10514924,,,,,,,,,,,,,,,,,,,,,,,,,,,,,,,,,,,,,,,,,,,,,
Q22314,Q11356173,,,,,,,,,,,,,,,,,,,,,,,,,,,,,,,,,,,,,,,,,,,,,
Q22326,Q11369379,,,,,,,,,,,,,,,,,,,,,,,,,,,,,,,,,,,,,,,,,,,,,
Q22330,Q11466471,,,,,,,,,,,,,,,,,,,,,,,,,,,,,,,,,,,,,,,,,,,,,
Q22331,Q11605877,,,,,,,,,,,,,,,,,,,,,,,,,,,,,,,,,,,,,,,,,,,,細川-40,
Q22337,Q11644101,,,,,,,,,,,,,,,,,,,,,,,,,,,,,,,,,,,,,,,,,,,,酒井-19,
Q22339,Q8514200,,,,,,,,,,,,,,,,,,,,,,,,,,,,,,,,,,,,,,,,,,,,,
Q22340,Q11427701,,,,,,,,,,,,,,,,,,,,,,,,,,,,,,,,,,,,,,,,,,,,,
Q22341,Q8515349,,,,,,,,,,,,,,,,,,,,,,,,,,,,,,,,,,,,,,,,,,,,小笠原-40,
Q22345,Q11549155,,,,,,,,,,,,,,,,,,,,,,,,,,,,,,,,,,,,,,,,,,,,,
Q22351,Q11413052,,,,,,,,,,,,,,,,,,,,,,,,,,,,,,,,,,,,,,,,,,,,,
Q22355,Q11394306,,,,,,,,,,,,,,,,,,,,,,,,,,,,,,,,,,,,,,,,,,,,,
Q22357,Q11397581,,,,,,,,,,,,,,,,,,,,,,,,,,,,,,,,,,,,,,,,,,,,,
Q22359,Q11557349,,,,,,,,,,,,,,,,,,,,,,,,,,,,,,,,,,,,,,,,,,,,浅野-15,
Q22360,Q8514461,,,,,,,,,,,,,,,,,,,,,,,,,,,,,,,,,,,,,,,,,,,,,
Q22364,Q11605856,,,,,,,,,,,,,,,,,,,,,,,,,,,,,,,,,,,,,,,,,,,,細川-39,
Q22367,Q11445773,,,,,,,,,,,,,,,,,,,,,,,,,,,,,,,,,,,,,,,,,,,,,
Q22373,Q6956829,,,,,,,,,,,,,,,,,,,,,,,,,,,,,,,,,,,,,,,,,,,,鍋島-82,
Q22378,Q11585800,,,,,,,,,,,,,,,,,,,,,,,,,,,,,,,,,,,,,,,,,,,,,
Q22379,Q11586330,,,,,,,,,,,,,,,,,,,,,,,,,,,,,,,,,,,,,,,,,,,,,
Q22380,Q17192962,,,,,,,,,,,,,,,,,,,,,,,,,,,,,,,,,,,,,,,,,,,,,
Q22381,Q17192971,,,,,,,,,,,,,,,,,,,,,,,,,,,,,,,,,,,,,,,,,,,,,
Q22384,Q11406821,,,,,,,,,,,,,,,,,,,,,,,,,,,,,,,,,,,,,,,,,,,,,
Q22386,Q11618463,,,,,,,,,,,,,,,,,,,,,,,,,,,,,,,,,,,,,,,,,,,,,
Q22387,Q11379128,,,,,,,,,,,,,,,,,,,,,,,,,,,,,,,,,,,,,,,,,,,,,
Q22389,Q20038704,,,,,,,,,,,,,,,,,,,,,,,,,,,,,,,,,,,,,,,,,,,,,
Q22390,Q11379133,,,,,,,,,,,,,,,,,,,,,,,,,,,,,,,,,,,,,,,,,,,,,
Q22393,Q11552035,,,,,,,,,,,,,,,,,,,,,,,,,,,,,,,,,,,,,,,,,,,,,
Q22395,Q11552030,,,,,,,,,,,,,,,,,,,,,,,,,,,,,,,,,,,,,,,,,,,,,
Q22397,Q11355172,,,,,,,,,,,,,,,,,,,,,,,,,,,,,,,,,,,,,,,,,,,,,
Q22402,Q6528804,,,,,,,,,,,,,,,,,,,,,,,,,,,,,,,,,,,,,,,,,,,,,
Q22403,Q6529692,,,,,,,,,,,,,,,,,,,,,,,,,,,,,,,,,,,,,,,,,,,,,
Q22404,Q11396145,,,,,,,,,,,,,,,,,,,,,,,,,,,,,,,,,,,,,,,,,,,,,
Q22408,Q6529091,,,,,,,,,,,,,,,,,,,,,,,,,,,,,,,,,,,,,,,,,,,,,
Q22412,Q11430420,,,,,,,,,,,,,,,,,,,,,,,,,,,,,,,,,,,,,,,,,,,,,
Q22418,Q1882775,,,,,,,,,,,,,,,,,,,,,,,,,,,,,,,,,,,,,,,,,,,,,
Q22421,Q11382687,,,,,,,,,,,,,,,,,,,,,,,,,,,,,,,,,,,,,,,,,,,,,
Q22422,Q11382684,,,,,,,,,,,,,,,,,,,,,,,,,,,,,,,,,,,,,,,,,,,,,
Q22423,Q11382691,,,,,,,,,,,,,,,,,,,,,,,,,,,,,,,,,,,,,,,,,,,,,
Q22432,Q11377138,,,,,,,,,,,,,,,,,,,,,,,,,,,,,,,,,,,,,,,,,,,,,
Q22433,Q3125471,,,,,,,,,,,,,,,,,,,,,,,,,,,,,,,,,,,,,,,,,,,,,
Q22440,Q10729357,,,,,,,,,,,,,,,,,,,,,,,,,,,,,,,,,,,,,,,,,,,,,
Q22441,Q11551938,,,,,,,,,,,,,,,,,,,,,,,,,,,,,,,,,,,,,,,,,,,,,
Q22442,Q6529227,,,,,,,,,,,,,,,,,,,,,,,,,,,,,,,,,,,,,,,,,,,,,
Q22443,Q11551812,,,,,,,,,,,,,,,,,,,,,,,,,,,,,,,,,,,,,,,,,,,,,
Q22444,Q6529348,,,,,,,,,,,,,,,,,,,,,,,,,,,,,,,,,,,,,,,,,,,,,
Q22445,Q330211,,,,,,,,,,,,,,,,,,,,,,,,,,,,,,,,,,,,,,,,,,,,,
Q22446,Q859759,,,,,,,,,,,,,,,,,,,,,,,,,,,,,,,,,,,,,,,,,,,,,
Q22448,Q11598187,,,,,,,,,,,,,,,,,,,,,,,,,,,,,,,,,,,,,,,,,,,,,
Q22449,Q11598183,,,,,,,,,,,,,,,,,,,,,,,,,,,,,,,,,,,,,,,,,,,,,
Q22450,Q11598162,,,,,,,,,,,,,,,,,,,,,,,,,,,,,,,,,,,,,,,,,,,,,
Q22451,Q6958349,,,,,,,,,,,,,,,,,,,,,,,,,,,,,,,,,,,,,,,,,,,,,
Q22453,Q3335080,,,,,,,,,,,,,,,,,,,,,,,,,,,,,,,,,,,,,,,,,,,,,
Q22470,Q6788065,,,,,,,,,,,,,,,,,,,,,,,,,,,,,,,,,,,,,,,,,,,,,
Q22471,Q11239162,,,,,,,,,,,,,,,,,,,,,,,,,,,,,,,,,,,,,,,,,,,,,
Q22473,Q11540416,,,,,,,,,,,,,,,,,,,,,,,,,,,,,,,,,,,,,,,,,,,,,
Q22475,Q10859963,,,,,,,,,,,,,,,,,,,,,,,,,,,,,,,,,,,,,,,,,,,,小笠原-13,
Q22477,Q10856545,,,,,,,,,,,,,,,,,,,,,,,,,,,,,,,,,,,,,,,,,,,,,
Q22478,Q10860112,,,,,,,,,,,,,,,,,,,,,,,,,,,,,,,,,,,,,,,,,,,,,
Q22479,Q10860077,,,,,,,,,,,,,,,,,,,,,,,,,,,,,,,,,,,,,,,,,,,,,
Q22480,Q10860127,,,,,,,,,,,,,,,,,,,,,,,,,,,,,,,,,,,,,,,,,,,,,
Q22481,Q10860092,,,,,,,,,,,,,,,,,,,,,,,,,,,,,,,,,,,,,,,,,,,,,
Q22482,Q11593154,,,,,,,,,,,,,,,,,,,,,,,,,,,,,,,,,,,,,,,,,,,,,
Q22489,Q10729498,,,,,,,,,,,,,,,,,,,,,,,,,,,,,,,,,,,,,,,,,,,,松平-69,
Q22490,Q11580958,,,,,,,,,,,,,,,,,,,,,,,,,,,,,,,,,,,,,,,,,,,,,
Q22492,Q11490356,,,,,,,,,,,,,,,,,,,,,,,,,,,,,,,,,,,,,,,,,,,,,
Q22495,Q11612114,,,,,,,,,,,,,,,,,,,,,,,,,,,,,,,,,,,,,,,,,,,,,
Q22497,Q128865503,,,,,,,,,,,,,,,,,,,,,,,,,,,,,,,,,,,,,,,,,,,,,
Q22498,Q108781556,,,,,,,,,,,,,,,,,,,,,,,,,,,,,,,,,,,,,,,,,,,,,
Q22499,Q11370779,,,,,,,,,,,,,,,,,,,,,,,,,,,,,,,,,,,,,,,,,,,,,
Q22500,Q10859976,,,,,,,,,,,,,,,,,,,,,,,,,,,,,,,,,,,,,,,,,,,,小笠原-10,
Q22501,Q11463408,,,,,,,,,,,,,,,,,,,,,,,,,,,,,,,,,,,,,,,,,,,,小笠原-9,
Q22505,Q129424007,,,,,,,,,,,,,,,,,,,,,,,,,,,,,,,,,,,,,,,,,,,,,
Q22507,Q10791031,,,,,,,,,,,,,,,,,,,,,,,,,,,,,,,,,,,,,,,,,,,,前田-27,
Q22508,Q11161458,,,,,,,,,,,,,,,,,,,,,,,,,,,,,,,,,,,,,,,,,,,,,
Q22509,Q11161285,,,,,,,,,,,,,,,,,,,,,,,,,,,,,,,,,,,,,,,,,,,,,
Q22510,Q11161390,,,,,,,,,,,,,,,,,,,,,,,,,,,,,,,,,,,,,,,,,,,,,
Q22511,Q11161289,,,,,,,,,,,,,,,,,,,,,,,,,,,,,,,,,,,,,,,,,,,,,
Q22512,Q11161221,,,,,,,,,,,,,,,,,,,,,,,,,,,,,,,,,,,,,,,,,,,,,
Q22518,Q11651912,,,,,,,,,,,,,,,,,,,,,,,,,,,,,,,,,,,,,,,,,,,,,
Q22519,Q11651900,,,,,,,,,,,,,,,,,,,,,,,,,,,,,,,,,,,,,,,,,,,,,
Q22520,Q11651863,,,,,,,,,,,,,,,,,,,,,,,,,,,,,,,,,,,,,,,,,,,,,
Q22523,Q11413616,,,,,,,,,,,,,,,,,,,,,,,,,,,,,,,,,,,,,,,,,,,,,
Q22525,Q11620316,,,,,,,,,,,,,,,,,,,,,,,,,,,,,,,,,,,,,,,,,,,,,
Q22527,Q48751722,,,,,,,,,,,,,,,,,,,,,,,,,,,,,,,,,,,,,,,,,,,,,
Q22528,Q4352518,,,,,,,,,,,,,,,,,,,,,,,,,,,,,,,,,,,,,,,,,,,,,
Q22529,Q6729101,,,,,,,,,,,,,,,,,,,,,,,,,,,,,,,,,,,,,,,,,,,,,
Q22531,Q11596945,,,,,,,,,,,,,,,,,,,,,,,,,,,,,,,,,,,,,,,,,,,,,
Q22533,Q11444956,,,,,,,,,,,,,,,,,,,,,,,,,,,,,,,,,,,,,,,,,,,,,
Q22534,Q11413124,,,,,,,,,,,,,,,,,,,,,,,,,,,,,,,,,,,,,,,,,,,,,
Q22535,Q110156238,,,,,,,,,,,,,,,,,,,,,,,,,,,,,,,,,,,,,,,,,,,,,
Q22538,Q110156154,,,,,,,,,,,,,,,,,,,,,,,,,,,,,,,,,,,,,,,,,,,,,
Q22540,Q11353172,,,,,,,,,,,,,,,,,,,,,,,,,,,,,,,,,,,,,,,,,,,,,
Q22541,Q11547245,,,,,,,,,,,,,,,,,,,,,,,,,,,,,,,,,,,,,,,,,,,,,
Q22551,Q11625747,,,,,,,,,,,,,,,,,,,,,,,,,,,,,,,,,,,,,,,,,,,,,
Q22553,Q108873761,,,,,,,,,,,,,,,,,,,,,,,,,,,,,,,,,,,,,,,,,,,,,
Q22561,Q11365410,,,,,,,,,,,,,,,,,,,,,,,,,,,,,,,,,,,,,,,,,,,,,
Q22564,Q8514993,,,,,,,,,,,,,,,,,,,,,,,,,,,,,,,,,,,,,,,,,,,,,
Q22565,Q24871906,,,,,,,,,,,,,,,,,,,,,,,,,,,,,,,,,,,,,,,,,,,,,
Q22566,Q11596907,,,,,,,,,,,,,,,,,,,,,,,,,,,,,,,,,,,,,,,,,,,,,
Q22572,Q3156405,,,,,,,,,,,,,,,,,,,,,,,,,,,,,,,,,,,,,,,,,,,,,
Q22578,Q11499676,,,,,,,,,,,,,,,,,,,,,,,,,,,,,,,,,,,,,,,,,,,,,
Q22579,Q17193538,,,,,,,,,,,,,,,,,,,,,,,,,,,,,,,,,,,,,,,,,,,,,
Q22584,Q11578671,,,,,,,,,,,,,,,,,,,,,,,,,,,,,,,,,,,,,,,,,,,,,
Q22586,Q2367308,,,,,,,,,,,,,,,,,,,,,,,,,,,,,,,,,,,,,,,,,,,,島津-39,
Q22591,Q11245051,,,,,,,,,,,,,,,,,,,,,,,,,,,,,,,,,,,,,,,,,,,,,
Q22594,Q20039378,,,,,,,,,,,,,,,,,,,,,,,,,,,,,,,,,,,,,,,,,,,,,
Q22597,Q108781574,,,,,,,,,,,,,,,,,,,,,,,,,,,,,,,,,,,,,,,,,,,,,
Q22598,Q108781550,,,,,,,,,,,,,,,,,,,,,,,,,,,,,,,,,,,,,,,,,,,,,
Q22599,Q108781551,,,,,,,,,,,,,,,,,,,,,,,,,,,,,,,,,,,,,,,,,,,,,
Q22602,Q323600,,,,,,,,,,,,,,,,,,,,,,,,,,,,,,,,,,,,,,,,,,,,,
Q22606,Q18011446,,,,,,,,,,,,,,,,,,,,,,,,,,,,,,,,,,,,,,,,,,,,,
Q22619,Q11605848,,,,,,,,,,,,,,,,,,,,,,,,,,,,,,,,,,,,,,,,,,,,,
Q22621,Q24885353,,,,,,,,,,,,,,,,,,,,,,,,,,,,,,,,,,,,,,,,,,,,,
Q22623,Q11635686,,,,,,,,,,,,,,,,,,,,,,,,,,,,,,,,,,,,,,,,,,,,,
Q22626,Q108781594,,,,,,,,,,,,,,,,,,,,,,,,,,,,,,,,,,,,,,,,,,,,,
Q22627,Q108781595,,,,,,,,,,,,,,,,,,,,,,,,,,,,,,,,,,,,,,,,,,,,,
Q22628,Q27920679,,,,,,,,,,,,,,,,,,,,,,,,,,,,,,,,,,,,,,,,,,,,,
Q22629,Q11352868,,,,,,,,,,,,,,,,,,,,,,,,,,,,,,,,,,,,,,,,,,,,,
Q22645,Q11367817,,,,,,,,,,,,,,,,,,,,,,,,,,,,,,,,,,,,,,,,,,,,,
Q22651,Q11672898,,,,,,,,,,,,,,,,,,,,,,,,,,,,,,,,,,,,,,,,,,,,,
Q22652,Q11672899,,,,,,,,,,,,,,,,,,,,,,,,,,,,,,,,,,,,,,,,,,,,,
Q22657,Q11509955,,,,,,,,,,,,,,,,,,,,,,,,,,,,,,,,,,,,,,,,,,,,,
Q22658,Q10518041,,,,,,,,,,,,,,,,,,,,,,,,,,,,,,,,,,,,,,,,,,,,,
Q22659,Q11239080,,,,,,,,,,,,,,,,,,,,,,,,,,,,,,,,,,,,,,,,,,,,,
Q22682,Q4366949,,,,,,,,,,,,,,,,,,,,,,,,,,,,,,,,,,,,,,,,,,,,細川-14,
Q22683,Q11605998,,,,,,,,,,,,,,,,,,,,,,,,,,,,,,,,,,,,,,,,,,,,細川-110,
Q22684,Q65278314,,,,,,,,,,,,,,,,,,,,,,,,,,,,,,,,,,,,,,,,,,,,,
Q22687,Q11608389,,,,,,,,,,,,,,,,,,,,,,,,,,,,,,,,,,,,,,,,,,,,,
Q22689,Q11556312,,,,,,,,,,,,,,,,,,,,,,,,,,,,,,,,,,,,,,,,,,,,,
Q22694,Q11665951,,,,,,,,,,,,,,,,,,,,,,,,,,,,,,,,,,,,,,,,,,,,,
Q22701,Q7559115,,,,,,,,,,,,,,,,,,,,,,,,,,,,,,,,,,,,,,,,,,,,,
Q22704,Q11498575,,,,,,,,,,,,,,,,,,,,,,,,,,,,,,,,,,,,,,,,,,,,,
Q22705,Q11633100,,,,,,,,,,,,,,,,,,,,,,,,,,,,,,,,,,,,,,,,,,,,,
Q22706,Q11633106,,,,,,,,,,,,,,,,,,,,,,,,,,,,,,,,,,,,,,,,,,,,,
Q22707,Q11633104,,,,,,,,,,,,,,,,,,,,,,,,,,,,,,,,,,,,,,,,,,,,,
Q22708,Q108781470,,,,,,,,,,,,,,,,,,,,,,,,,,,,,,,,,,,,,,,,,,,,,
Q22733,Q11477804,,,,,,,,,,,,,,,,,,,,,,,,,,,,,,,,,,,,,,,,,,,,,
Q22742,Q11423487,,,,,,,,,,,,,,,,,,,,,,,,,,,,,,,,,,,,,,,,,,,,,
Q22745,Q11530383,,,,,,,,,,,,,,,,,,,,,,,,,,,,,,,,,,,,,,,,,,,,,
Q22752,Q11564985,,,,,,,,,,,,,,,,,,,,,,,,,,,,,,,,,,,,,,,,,,,,,
Q22801,Q11427430,,,,,,,,,,,,,,,,,,,,,,,,,,,,,,,,,,,,,,,,,,,,,
Q22813,Q8514273,,,,,,,,,,,,,,,,,,,,,,,,,,,,,,,,,,,,,,,,,,,,,
Q22814,Q11376757,,,,,,,,,,,,,,,,,,,,,,,,,,,,,,,,,,,,,,,,,,,,,
Q22982,Q110066555,,,,,,,,,,,,,,,,,,,,,,,,,,,,,,,,,,,,,,,,,,,,,
Q22985,Q111370690,,,,,,,,,,,,,,,,,,,,,,,,,,,,,,,,,,,,,,,,,,,,,
Q22986,Q11246653,,,,,,,,,,,,,,,,,,,,,,,,,,,,,,,,,,,,,,,,,,,,島津-8,
Q22989,Q11530569,,,,,,,,,,,,,,,,,,,,,,,,,,,,,,,,,,,,,,,,,,,,,
Q22990,Q11599408,,,,,,,,,,,,,,,,,,,,,,,,,,,,,,,,,,,,,,,,,,,,,
Q22991,Q6636736,,,,,,,,,,,,,,,,,,,,,,,,,,,,,,,,,,,,,,,,,,,,,
Q22992,Q6636729,,,,,,,,,,,,,,,,,,,,,,,,,,,,,,,,,,,,,,,,,,,,,
Q22996,Q4778834,,,,,,,,,,,,,,,,,,,,,,,,,,,,,,,,,,,,,,,,,,,,,
Q22997,Q11069067,,,,,,,,,,,,,,,,,,,,,,,,,,,,,,,,,,,,,,,,,,,,,
Q22998,Q6527079,,,,,,,,,,,,,,,,,,,,,,,,,,,,,,,,,,,,,,,,,,,,,
Q23021,Q11486216,,,,,,,,,,,,,,,,,,,,,,,,,,,,,,,,,,,,,,,,,,,,,
Q23034,Q11369777,,,,,,,,,,,,,,,,,,,,,,,,,,,,,,,,,,,,,,,,,,,,,
Q23046,Q11650634,,,,,,,,,,,,,,,,,,,,,,,,,,,,,,,,,,,,,,,,,,,,鍋島-86,
Q23048,Q59551819,,,,,,,,,,,,,,,,,,,,,,,,,,,,,,,,,,,,,,,,,,,,,
Q23055,Q497336,,,,,,,,,,,,,,,,,,,,,,,,,,,,,,,,,,,,,,,,,,,,,
Q23056,Q16184961,,,,,,,,,,,,,,,,,,,,,,,,,,,,,,,,,,,,,,,,,,,,,
Q23057,Q497509,,,,,,,,,,,,,,,,,,,,,,,,,,,,,,,,,,,,,,,,,,,,,
Q23059,Q483451,,,,,,,,,,,,,,,,,,,,,,,,,,,,,,,,,,,,,,,,,,,,,
Q23060,Q496504,,,,,,,,,,,,,,,,,,,,,,,,,,,,,,,,,,,,,,,,,,,,,
Q23061,Q6667417,,,,,,,,,,,,,,,,,,,,,,,,,,,,,,,,,,,,,,,,,,,,,
Q23062,Q28776560,,,,,,,,,,,,,,,,,,,,,,,,,,,,,,,,,,,,,,,,,,,,,
Q23063,Q84895676,,,,,,,,,,,,,,,,,,,,,,,,,,,,,,,,,,,,,,,,,,,,,
Q23064,Q485632,,,,,,,,,,,,,,,,,,,,,,,,,,,,,,,,,,,,,,,,,,,,,
Q23065,Q28775988,,,,,,,,,,,,,,,,,,,,,,,,,,,,,,,,,,,,,,,,,,,,,
Q23066,Q84895929,,,,,,,,,,,,,,,,,,,,,,,,,,,,,,,,,,,,,,,,,,,,,
Q23067,Q84897187,,,,,,,,,,,,,,,,,,,,,,,,,,,,,,,,,,,,,,,,,,,,,
Q23068,Q488408,,,,,,,,,,,,,,,,,,,,,,,,,,,,,,,,,,,,,,,,,,,,,
Q23071,Q84897591,,,,,,,,,,,,,,,,,,,,,,,,,,,,,,,,,,,,,,,,,,,,,
Q23074,Q84896225,,,,,,,,,,,,,,,,,,,,,,,,,,,,,,,,,,,,,,,,,,,,,
Q23076,Q499171,,,,,,,,,,,,,,,,,,,,,,,,,,,,,,,,,,,,,,,,,,,,,
Q23077,Q27824170,,,,,,,,,,,,,,,,,,,,,,,,,,,,,,,,,,,,,,,,,,,,,
Q23079,Q8255041,,,,,,,,,,,,,,,,,,,,,,,,,,,,,,,,,,,,,,,,,,,,,
Q23080,Q45690556,,,,,,,,,,,,,,,,,,,,,,,,,,,,,,,,,,,,,,,,,,,,,
Q23081,Q45462208,,,,,,,,,,,,,,,,,,,,,,,,,,,,,,,,,,,,,,,,,,,,,
Q23083,Q45615295,,,,,,,,,,,,,,,,,,,,,,,,,,,,,,,,,,,,,,,,,,,,,
Q23084,Q45658204,,,,,,,,,,,,,,,,,,,,,,,,,,,,,,,,,,,,,,,,,,,,,
Q23085,Q1567146,,,,,,,,,,,,,,,,,,,,,,,,,,,,,,,,,,,,,,,,,,,,,
Q23086,Q45700634,,,,,,,,,,,,,,,,,,,,,,,,,,,,,,,,,,,,,,,,,,,,,
Q23087,Q45700658,,,,,,,,,,,,,,,,,,,,,,,,,,,,,,,,,,,,,,,,,,,,,
Q23089,Q11098139,,,,,,,,,,,,,,,,,,,,,,,,,,,,,,,,,,,,,,,,,,,,,
Q23090,Q10339093,,,,,,,,,,,,,,,,,,,,,,,,,,,,,,,,,,,,,,,,,,,,,
Q23091,Q45438784,,,,,,,,,,,,,,,,,,,,,,,,,,,,,,,,,,,,,,,,,,,,,
Q23092,Q45439194,,,,,,,,,,,,,,,,,,,,,,,,,,,,,,,,,,,,,,,,,,,,,
Q23093,Q45439255,,,,,,,,,,,,,,,,,,,,,,,,,,,,,,,,,,,,,,,,,,,,,
Q23095,Q10333957,,,,,,,,,,,,,,,,,,,,,,,,,,,,,,,,,,,,,,,,,,,,,
Q23096,Q11095982,,,,,,,,,,,,,,,,,,,,,,,,,,,,,,,,,,,,,,,,,,,,,
Q23097,Q45438594,,,,,,,,,,,,,,,,,,,,,,,,,,,,,,,,,,,,,,,,,,,,,
Q23100,Q701713,,,,,,,,,,,,,,,,,,,,,,,,,,,,,,,,,,,,,,,,,,,,,
Q23102,Q11097482,,,,,,,,,,,,,,,,,,,,,,,,,,,,,,,,,,,,,,,,,,,,,
Q23103,Q45692685,,,,,,,,,,,,,,,,,,,,,,,,,,,,,,,,,,,,,,,,,,,,,
Q23105,Q45697201,,,,,,,,,,,,,,,,,,,,,,,,,,,,,,,,,,,,,,,,,,,,,
Q23107,Q45699183,,,,,,,,,,,,,,,,,,,,,,,,,,,,,,,,,,,,,,,,,,,,,
Q23108,Q45599473,,,,,,,,,,,,,,,,,,,,,,,,,,,,,,,,,,,,,,,,,,,,,
Q23109,Q22813509,,,,,,,,,,,,,,,,,,,,,,,,,,,,,,,,,,,,,,,,,,,,,
Q23110,Q45443863,,,,,,,,,,,,,,,,,,,,,,,,,,,,,,,,,,,,,,,,,,,,,
Q23111,Q45444053,,,,,,,,,,,,,,,,,,,,,,,,,,,,,,,,,,,,,,,,,,,,,
Q23112,Q45446513,,,,,,,,,,,,,,,,,,,,,,,,,,,,,,,,,,,,,,,,,,,,,
Q23113,Q45450664,,,,,,,,,,,,,,,,,,,,,,,,,,,,,,,,,,,,,,,,,,,,,
Q23116,Q15892557,,,,,,,,,,,,,,,,,,,,,,,,,,,,,,,,,,,,,,,,,,,,,
Q23117,Q45421096,,,,,,,,,,,,,,,,,,,,,,,,,,,,,,,,,,,,,,,,,,,,,
Q23118,Q45439937,,,,,,,,,,,,,,,,,,,,,,,,,,,,,,,,,,,,,,,,,,,,,
Q23119,Q45442020,,,,,,,,,,,,,,,,,,,,,,,,,,,,,,,,,,,,,,,,,,,,,
Q23120,Q45442294,,,,,,,,,,,,,,,,,,,,,,,,,,,,,,,,,,,,,,,,,,,,,
Q23121,Q10943260,,,,,,,,,,,,,,,,,,,,,,,,,,,,,,,,,,,,,,,,,,,,,
Q23122,Q10946212,,,,,,,,,,,,,,,,,,,,,,,,,,,,,,,,,,,,,,,,,,,,,
Q23123,Q10946213,,,,,,,,,,,,,,,,,,,,,,,,,,,,,,,,,,,,,,,,,,,,,
Q23124,Q10946184,,,,,,,,,,,,,,,,,,,,,,,,,,,,,,,,,,,,,,,,,,,,,
Q23125,Q16603471,,,,,,,,,,,,,,,,,,,,,,,,,,,,,,,,,,,,,,,,,,,,,
Q23126,Q841187,,,,,,,,,,,,,,,,,,,,,,,,,,,,,,,,,,,,,,,,,,,,,
Q23127,Q8258754,,,,,,,,,,,,,,,,,,,,,,,,,,,,,,,,,,,,,,,,,,,,,
Q23128,Q11087614,,,,,,,,,,,,,,,,,,,,,,,,,,,,,,,,,,,,,,,,,,,,,
Q23129,Q10946853,,,,,,,,,,,,,,,,,,,,,,,,,,,,,,,,,,,,,,,,,,,,,
Q23131,Q10360211,,,,,,,,,,,,,,,,,,,,,,,,,,,,,,,,,,,,,,,,,,,,,
Q23132,Q5975148,,,,,,,,,,,,,,,,,,,,,,,,,,,,,,,,,,,,,,,,,,,,,
Q23136,Q15933175,,,,,,,,,,,,,,,,,,,,,,,,,,,,,,,,,,,,,,,,,,,,,
Q23137,Q11117765,,,,,,,,,,,,,,,,,,,,,,,,,,,,,,,,,,,,,,,,,,,,,
Q23138,Q120835570,,,,,,,,,,,,,,,,,,,,,,,,,,,,,,,,,,,,,,,,,,,,,
Q23139,Q120835572,,,,,,,,,,,,,,,,,,,,,,,,,,,,,,,,,,,,,,,,,,,,,
Q23140,Q109411088,,,,,,,,,,,,,,,,,,,,,,,,,,,,,,,,,,,,,,,,,,,,,
Q23141,Q120835573,,,,,,,,,,,,,,,,,,,,,,,,,,,,,,,,,,,,,,,,,,,,,
Q23142,Q120835574,,,,,,,,,,,,,,,,,,,,,,,,,,,,,,,,,,,,,,,,,,,,,
Q23143,Q120835575,,,,,,,,,,,,,,,,,,,,,,,,,,,,,,,,,,,,,,,,,,,,,
Q23144,Q120835571,,,,,,,,,,,,,,,,,,,,,,,,,,,,,,,,,,,,,,,,,,,,,
Q23145,Q837920,,,,,,,,,,,,,,,,,,,,,,,,,,,,,,,,,,,,,,,,,,,,,
Q23146,Q11101803,,,,,,,,,,,,,,,,,,,,,,,,,,,,,,,,,,,,,,,,,,,,,
Q23147,Q1149215,,,,,,,,,,,,,,,,,,,,,,,,,,,1443263,,,,,,,,,,,,,,,,,,
Q23148,Q15928261,,,,,,,,,,,,,,,,,,,,,,,,,,,,,,,,,,,,,,,,,,,,,
Q23150,Q10350820,,,,,,,,,,,,,,,,,,,,,,,,,,,,,,,,,,,,,,,,,,,,,
Q23151,Q25918143,,,,,,,,,,,,,,,,,,,,,,,,,,,,,,,,,,,,,,,,,,,,,
Q23152,Q71124305,,,,,,,,,,,,,,,,,,,,,,,,,,,,,,,,,,,,,,,,,,,,,
Q23153,Q71124312,,,,,,,,,,,,,,,,,,,,,,,,,,,,,,,,,,,,,,,,,,,,,
Q23154,Q65902092,,,,,,,,,,,,,,,,,,,,,,,,,,,,,,,,,,,,,,,,,,,,,
Q23155,Q45451290,,,,,,,,,,,,,,,,,,,,,,,,,,,,,,,,,,,,,,,,,,,,,
Q23156,Q45451352,,,,,,,,,,,,,,,,,,,,,,,,,,,,,,,,,,,,,,,,,,,,,
Q23157,Q45451415,,,,,,,,,,,,,,,,,,,,,,,,,,,,,,,,,,,,,,,,,,,,,
Q23158,Q45451476,,,,,,,,,,,,,,,,,,,,,,,,,,,,,,,,,,,,,,,,,,,,,
Q23161,Q45451726,,,,,,,,,,,,,,,,,,,,,,,,,,,,,,,,,,,,,,,,,,,,,
Q23162,Q45451788,,,,,,,,,,,,,,,,,,,,,,,,,,,,,,,,,,,,,,,,,,,,,
Q23165,Q45452041,,,,,,,,,,,,,,,,,,,,,,,,,,,,,,,,,,,,,,,,,,,,,
Q23168,Q45452227,,,,,,,,,,,,,,,,,,,,,,,,,,,,,,,,,,,,,,,,,,,,,
Q23169,Q45658975,,,,,,,,,,,,,,,,,,,,,,,,,,,,,,,,,,,,,,,,,,,,,
Q23170,Q45452479,,,,,,,,,,,,,,,,,,,,,,,,,,,,,,,,,,,,,,,,,,,,,
Q23171,Q45454781,,,,,,,,,,,,,,,,,,,,,,,,,,,,,,,,,,,,,,,,,,,,,
Q23172,Q45458461,,,,,,,,,,,,,,,,,,,,,,,,,,,,,,,,,,,,,,,,,,,,,
Q23174,Q45602928,,,,,,,,,,,,,,,,,,,,,,,,,,,,,,,,,,,,,,,,,,,,,
Q23175,Q45467390,,,,,,,,,,,,,,,,,,,,,,,,,,,,,,,,,,,,,,,,,,,,,
Q23176,Q45468927,,,,,,,,,,,,,,,,,,,,,,,,,,,,,,,,,,,,,,,,,,,,,
Q23177,Q45468993,,,,,,,,,,,,,,,,,,,,,,,,,,,,,,,,,,,,,,,,,,,,,
Q23178,Q45495956,,,,,,,,,,,,,,,,,,,,,,,,,,,,,,,,,,,,,,,,,,,,,
Q23179,Q45469503,,,,,,,,,,,,,,,,,,,,,,,,,,,,,,,,,,,,,,,,,,,,,
Q23180,Q45469568,,,,,,,,,,,,,,,,,,,,,,,,,,,,,,,,,,,,,,,,,,,,,
Q23181,Q45469952,,,,,,,,,,,,,,,,,,,,,,,,,,,,,,,,,,,,,,,,,,,,,
Q23182,Q45470017,,,,,,,,,,,,,,,,,,,,,,,,,,,,,,,,,,,,,,,,,,,,,
Q23183,Q45470271,,,,,,,,,,,,,,,,,,,,,,,,,,,,,,,,,,,,,,,,,,,,,
Q23184,Q45470333,,,,,,,,,,,,,,,,,,,,,,,,,,,,,,,,,,,,,,,,,,,,,
Q23187,Q26209205,,,,,,,,,,,,,,,,,,,,,,,,,,,,,,,,,,,,,,,,,,,,,
Q23188,Q26198077,,,,,,,,,,,,,,,,,,,,,,,,,,,,,,,,,,,,,,,,,,,,,
Q23189,Q11597737,,,,,,,,,,,,,,,,,,,,,,,,,,,,,,,,,,,,,,,,,,,,,
Q23190,Q26198078,,,,,,,,,,,,,,,,,,,,,,,,,,,,,,,,,,,,,,,,,,,,,
Q23191,Q45468276,,,,,,,,,,,,,,,,,,,,,,,,,,,,,,,,,,,,,,,,,,,,,
Q23192,Q45468213,,,,,,,,,,,,,,,,,,,,,,,,,,,,,,,,,,,,,,,,,,,,,
Q23193,Q45472863,,,,,,,,,,,,,,,,,,,,,,,,,,,,,,,,,,,,,,,,,,,,,
Q23194,Q10946205,,,,,,,,,,,,,,,,,,,,,,,,,,,,,,,,,,,,,,,,,,,,,
Q23196,Q16603412,,,,,,,,,,,,,,,,,,,,,,,,,,,,,,,,,,,,,,,,,,,,,
Q23197,Q16603437,,,,,,,,,,,,,,,,,,,,,,,,,,,,,,,,,,,,,,,,,,,,,
Q23198,Q10946219,,,,,,,,,,,,,,,,,,,,,,,,,,,,,,,,,,,,,,,,,,,,,
Q23200,Q10145704,,,,,,,,,,,,,,,,,,,,,,,,,,,,,,,,,,,,,,,,,,,,,
Q23202,Q1054237,,,,,,,,,,,,,,,,,,,,,,,,,,,,,,,,,,,,,,,,,,,,,
Q23203,Q2660296,,,,,,,,,,,,,,,,,,,,,,,,,,,,,,,,,,,,,,,,,,,,,
Q23204,Q10880667,,,,,,,,,,,,,,,,,,,,,,,,,,,,,,,,,,,,,,,,,,,,,
Q23206,Q3269762,,,,,,,,,,,,,,,,,,,,,,,,,,,,,,,,,,,,,,,,,,,,,
Q23207,Q10946187,,,,,,,,,,,,,,,,,,,,,,,,,,,,,,,,,,,,,,,,,,,,,
Q23208,Q3268509,,,,,,,,,,,,,,,,,,,,,,,,,,,,,,,,,,,,,,,,,,,,,
Q23209,Q1017986,,,,,,,,,,,,,,,,,,,,,,,,,,,,,,,,,,,,,,,,,,,,,
Q23210,Q10946216,,,,,,,,,,,,,,,,,,,,,,,,,,,,,,,,,,,,,,,,,,,,,
Q23211,Q10946214,,,,,,,,,,,,,,,,,,,,,,,,,,,,,,,,,,,,,,,,,,,,,
Q23212,Q10946175,,,,,,,,,,,,,,,,,,,,,,,,,,,,,,,,,,,,,,,,,,,,,
Q23213,Q10946177,,,,,,,,,,,,,,,,,,,,,,,,,,,,,,,,,,,,,,,,,,,,,
Q23214,Q10946178,,,,,,,,,,,,,,,,,,,,,,,,,,,,,,,,,,,,,,,,,,,,,
Q23215,Q10946176,,,,,,,,,,,,,,,,,,,,,,,,,,,,,,,,,,,,,,,,,,,,,
Q23216,Q16603492,,,,,,,,,,,,,,,,,,,,,,,,,,,,,,,,,,,,,,,,,,,,,
Q23217,Q120698611,,,,,,,,,,,,,,,,,,,,,,,,,,,,,,,,,,,,,,,,,,,,,
Q23218,Q10933423,,,,,,,,,,,,,,,,,,,,,,,,,,,,,,,,,,,,,,,,,,,,,
Q23219,Q603765,,,,,,,,,,,,,,,,,,,,,,,,,,,,,,,,,,,,,,,,,,,,,
Q23220,Q20062552,,,,,,,,,,,,,,,,,,,,,,,,,,,,,,,,,,,,,,,,,,,,,
Q23221,Q45419159,,,,,,,,,,,,,,,,,,,,,,,,,,,,,,,,,,,,,,,,,,,,,
Q23222,Q45419167,,,,,,,,,,,,,,,,,,,,,,,,,,,,,,,,,,,,,,,,,,,,,
Q23223,Q2985487,,,,,,,,,,,,,,,,,,,,,,,,,,,1443269,,,,,,,,,,,,,,,,,Yuan-10,
Q23224,Q16603430,,,,,,,,,,,,,,,,,,,,,,,,,,,,,,,,,,,,,,,,,,,,,
Q23225,Q16603373,,,,,,,,,,,,,,,,,,,,,,,,,,,,,,,,,,,,,,,,,,,,,
Q23226,Q16603682,,,,,,,,,,,,,,,,,,,,,,,,,,,,,,,,,,,,,,,,,,,,,
Q23227,Q10889816,,,,,,,,,,,,,,,,,,,,,,,,,,,,,,,,,,,,,,,,,,,,,
Q23228,Q9398049,,,,,,,,,,,,,,,,,,,,,,,,,,,,,,,,,,,,,,,,,,,,,
Q23229,Q2665689,,,,,,,,,,,,,,,,,,,,,,,,,,,,,,,,,,,,,,,,,,,,,
Q23230,Q9397737,,,,,,,,,,,,,,,,,,,,,,,,,,,,,,,,,,,,,,,,,,,,,
Q23231,Q9397930,,,,,,,,,,,,,,,,,,,,,,,,,,,,,,,,,,,,,,,,,,,,,
Q23232,Q9397758,,,,,,,,,,,,,,,,,,,,,,,,,,,,,,,,,,,,,,,,,,,,,
Q23234,Q5299528,,,,,,,,,,,,,,,,,,,,,,,,,,,,,,,,,,,,,,,,,,,,,
Q23235,Q26198091,,,,,,,,,,,,,,,,,,,,,,,,,,,,,,,,,,,,,,,,,,,,,
Q23236,Q28416052,,,,,,,,,,,,,,,,,,,,,,,,,,,,,,,,,,,,,,,,,,,,,
Q23237,Q45456214,,,,,,,,,,,,,,,,,,,,,,,,,,,,,,,,,,,,,,,,,,,,,
Q23238,Q45464658,,,,,,,,,,,,,,,,,,,,,,,,,,,,,,,,,,,,,,,,,,,,,
Q23239,Q45465421,,,,,,,,,,,,,,,,,,,,,,,,,,,,,,,,,,,,,,,,,,,,,
Q23240,Q15910881,,,,,,,,,,,,,,,,,,,,,,,,,,,,,,,,,,,,,,,,,,,,,
Q23242,Q45502130,,,,,,,,,,,,,,,,,,,,,,,,,,,,,,,,,,,,,,,,,,,,,
Q23243,Q10341764,,,,,,,,,,,,,,,,,,,,,,,,,,,,,,,,,,,,,,,,,,,,,
Q23244,Q8048404,,,,,,,,,,,,,,,,,,,,,,,,,,,,,,,,,,,,,,,,,,,,,
Q23245,Q45502256,,,,,,,,,,,,,,,,,,,,,,,,,,,,,,,,,,,,,,,,,,,,,
Q23247,Q25918141,,,,,,,,,,,,,,,,,,,,,,,,,,,,,,,,,,,,,,,,,,,,,
Q23248,Q25918144,,,,,,,,,,,,,,,,,,,,,,,,,,,,,,,,,,,,,,,,,,,,,
Q23249,Q836203,,,,,,,,,,,,,,,,,,,,,,,,,,,,,,,,,,,,,,,,,,,,,
Q23250,Q8262960,,,,,,,,,,,,,,,,,,,,,,,,,,,,,,,,,,,,,,,,,,,,,
Q23251,Q16603439,,,,,,,,,,,,,,,,,,,,,,,,,,,,,,,,,,,,,,,,,,,,,
Q23252,Q837918,,,,,,,,,,,,,,,,,,,,,,,,,,,,,,,,,,,,,,,,,,,,,
Q23254,Q15901633,,,,,,,,,,,,,,,,,,,,,,,,,,,,,,,,,,,,,,,,,,,,,
Q23255,Q16075361,,,,,,,,,,,,,,,,,,,,,,,,,,,,,,,,,,,,,,,,,,,,,
Q23256,Q16078093,,,,,,,,,,,,,,,,,,,,,,,,,,,,,,,,,,,,,,,,,,,,,
Q23257,Q16075301,,,,,,,,,,,,,,,,,,,,,,,,,,,,,,,,,,,,,,,,,,,,,
Q23258,Q718206,,,,,,,,,,,,,,,,,,,,,,,,,,,,,,,,,,,,,,,,,,,,,
Q23259,Q30943188,,,,,,,,,,,,,,,,,,,,,,,,,,,,,,,,,,,,,,,,,,,,,
Q23260,Q16603304,,,,,,,,,,,,,,,,,,,,,,,,,,,,,,,,,,,,,,,,,,,,,
Q23261,Q15939529,,,,,,,,,,,,,,,,,,,,,,,,,,,,,,,,,,,,,,,,,,,,,
Q23262,Q15942965,,,,,,,,,,,,,,,,,,,,,,,,,,,,,,,,,,,,,,,,,,,,,
Q23263,Q10565351,,,,,,,,,,,,,,,,,,,,,,,,,,,,,,,,,,,,,,,,,,,,,
Q23264,Q706807,,,,,,,,,,,,,,,,,,,,,,,,,,,,,,,,,,,,,,,,,,,,,
Q23265,Q10565370,,,,,,,,,,,,,,,,,,,,,,,,,,,,,,,,,,,,,,,,,,,,,
Q23266,Q706590,,,,,,,,,,,,,,,,,,,,,,,,,,,,,,,,,,,,,,,,,,,,,
Q23267,Q16075352,,,,,,,,,,,,,,,,,,,,,,,,,,,,,,,,,,,,,,,,,,,,,
Q23268,Q10565379,,,,,,,,,,,,,,,,,,,,,,,,,,,,,,,,,,,,,,,,,,,,,
Q23269,Q10565458,,,,,,,,,,,,,,,,,,,,,,,,,,,,,,,,,,,,,,,,,,,,,
Q23270,Q16075382,,,,,,,,,,,,,,,,,,,,,,,,,,,,,,,,,,,,,,,,,,,,,
Q23271,Q16075442,,,,,,,,,,,,,,,,,,,,,,,,,,,,,,,,,,,,,,,,,,,,,
Q23272,Q718227,,,,,,,,,,,,,,,,,,,,,,,,,,,,,,,,,,,,,,,,,,,,,
Q23273,Q8250231,,,,,,,,,,,,,,,,,,,,,,,,,,,,,,,,,,,,,,,,,,,,,
Q23274,Q16603315,,,,,,,,,,,,,,,,,,,,,,,,,,,,,,,,,,,,,,,,,,,,,
Q23275,Q16603460,,,,,,,,,,,,,,,,,,,,,,,,,,,,,,,,,,,,,,,,,,,,,
Q23276,Q16603570,,,,,,,,,,,,,,,,,,,,,,,,,,,,,,,,,,,,,,,,,,,,,
Q23277,Q10565055,,,,,,,,,,,,,,,,,,,,,,,,,,,,,,,,,,,,,,,,,,,,,
Q23278,Q10565056,,,,,,,,,,,,,,,,,,,,,,,,,,,,,,,,,,,,,,,,,,,,,
Q23279,Q10565058,,,,,,,,,,,,,,,,,,,,,,,,,,,,,,,,,,,,,,,,,,,,,
Q23280,Q10565061,,,,,,,,,,,,,,,,,,,,,,,,,,,,,,,,,,,,,,,,,,,,,
Q23281,Q15931964,,,,,,,,,,,,,,,,,,,,,,,,,,,,,,,,,,,,,,,,,,,,,
Q23282,Q10565065,,,,,,,,,,,,,,,,,,,,,,,,,,,,,,,,,,,,,,,,,,,,,
Q23283,Q10565073,,,,,,,,,,,,,,,,,,,,,,,,,,,,,,,,,,,,,,,,,,,,,
Q23284,Q10565075,,,,,,,,,,,,,,,,,,,,,,,,,,,,,,,,,,,,,,,,,,,,,
Q23286,Q10565078,,,,,,,,,,,,,,,,,,,,,,,,,,,,,,,,,,,,,,,,,,,,,
Q23288,Q10565080,,,,,,,,,,,,,,,,,,,,,,,,,,,,,,,,,,,,,,,,,,,,,
Q23289,Q18668998,,,,,,,,,,,,,,,,,,,,,,,,,,,,,,,,,,,,,,,,,,,,,
Q23290,Q10565081,,,,,,,,,,,,,,,,,,,,,,,,,,,,,,,,,,,,,,,,,,,,,
Q23291,Q10565082,,,,,,,,,,,,,,,,,,,,,,,,,,,,,,,,,,,,,,,,,,,,,
Q23292,Q10565103,,,,,,,,,,,,,,,,,,,,,,,,,,,,,,,,,,,,,,,,,,,,,
Q23293,Q11658318,,,,,,,,,,,,,,,,,,,,,,,,,,,,,,,,,,,,,,,,,,,,,
Q23294,Q10565106,,,,,,,,,,,,,,,,,,,,,,,,,,,,,,,,,,,,,,,,,,,,,
Q23295,Q16078127,,,,,,,,,,,,,,,,,,,,,,,,,,,,,,,,,,,,,,,,,,,,,
Q23296,Q10565107,,,,,,,,,,,,,,,,,,,,,,,,,,,,,,,,,,,,,,,,,,,,,
Q23297,Q1567186,,,,,,,,,,,,,,,,,,,,,,,,,,,,,,,,,,,,,,,,,,,,,
Q23298,Q10565108,,,,,,,,,,,,,,,,,,,,,,,,,,,,,,,,,,,,,,,,,,,,,
Q23299,Q10565109,,,,,,,,,,,,,,,,,,,,,,,,,,,,,,,,,,,,,,,,,,,,,
Q23300,Q10565130,,,,,,,,,,,,,,,,,,,,,,,,,,,,,,,,,,,,,,,,,,,,,
Q23301,Q10565468,,,,,,,,,,,,,,,,,,,,,,,,,,,,,,,,,,,,,,,,,,,,,
Q23302,Q10565470,,,,,,,,,,,,,,,,,,,,,,,,,,,,,,,,,,,,,,,,,,,,,
Q23303,Q10565472,,,,,,,,,,,,,,,,,,,,,,,,,,,,,,,,,,,,,,,,,,,,,
Q23304,Q10565474,,,,,,,,,,,,,,,,,,,,,,,,,,,,,,,,,,,,,,,,,,,,,
Q23308,Q30942673,,,,,,,,,,,,,,,,,,,,,,,,,,,,,,,,,,,,,,,,,,,,,
Q23309,Q4459704,,,,,,,,,,,,,,,,,,,,,,,,,,,,,,,,,,,,,,,,,,,,,
Q23310,Q45527664,,,,,,,,,,,,,,,,,,,,,,,,,,,,,,,,,,,,,,,,,,,,,
Q23311,Q45528359,,,,,,,,,,,,,,,,,,,,,,,,,,,,,,,,,,,,,,,,,,,,,
Q23312,Q10144704,,,,,,,,,,,,,,,,,,,,,,,,,,,,,,,,,,,,,,,,,,,,,
Q23313,Q28411921,,,,,,,,,,,,,,,,,,,,,,,,,,,,,,,,,,,,,,,,,,,,,
Q23314,Q45626183,,,,,,,,,,,,,,,,,,,,,,,,,,,,,,,,,,,,,,,,,,,,,
Q23315,Q45626624,,,,,,,,,,,,,,,,,,,,,,,,,,,,,,,,,,,,,,,,,,,,,
Q23317,Q15938899,,,,,,,,,,,,,,,,,,,,,,,,,,,,,,,,,,,,,,,,,,,,,
Q23318,Q45419905,,,,,,,,,,,,,,,,,,,,,,,,,,,,,,,,,,,,,,,,,,,,,
Q23321,Q45419899,,,,,,,,,,,,,,,,,,,,,,,,,,,,,,,,,,,,,,,,,,,,,
Q23322,Q45626874,,,,,,,,,,,,,,,,,,,,,,,,,,,,,,,,,,,,,,,,,,,,,
Q23323,Q22814055,,,,,,,,,,,,,,,,,,,,,,,,,,,,,,,,,,,,,,,,,,,,,
Q23324,Q45534529,,,,,,,,,,,,,,,,,,,,,,,,,,,,,,,,,,,,,,,,,,,,,
Q23325,Q45530328,,,,,,,,,,,,,,,,,,,,,,,,,,,,,,,,,,,,,,,,,,,,,
Q23326,Q15931844,,,,,,,,,,,,,,,,,,,,,,,,,,,,,,,,,,,,,,,,,,,,,
Q23327,Q45530392,,,,,,,,,,,,,,,,,,,,,,,,,,,,,,,,,,,,,,,,,,,,,
Q23328,Q45530902,,,,,,,,,,,,,,,,,,,,,,,,,,,,,,,,,,,,,,,,,,,,,
Q23329,Q6657679,,,,,,,,,,,,,,,,,,,,,,,,,,,,,,,,,,,,,,,,,,,,,
Q23330,Q45513957,,,,,,,,,,,,,,,,,,,,,,,,,,,,,,,,,,,,,,,,,,,,,
Q23335,Q45532680,,,,,,,,,,,,,,,,,,,,,,,,,,,,,,,,,,,,,,,,,,,,,
Q23336,Q45533191,,,,,,,,,,,,,,,,,,,,,,,,,,,,,,,,,,,,,,,,,,,,,
Q23337,Q45533254,,,,,,,,,,,,,,,,,,,,,,,,,,,,,,,,,,,,,,,,,,,,,
Q23338,Q45533317,,,,,,,,,,,,,,,,,,,,,,,,,,,,,,,,,,,,,,,,,,,,,
Q23339,Q45533380,,,,,,,,,,,,,,,,,,,,,,,,,,,,,,,,,,,,,,,,,,,,,
Q23340,Q45533444,,,,,,,,,,,,,,,,,,,,,,,,,,,,,,,,,,,,,,,,,,,,,
Q23341,Q45533508,,,,,,,,,,,,,,,,,,,,,,,,,,,,,,,,,,,,,,,,,,,,,
Q23342,Q45533636,,,,,,,,,,,,,,,,,,,,,,,,,,,,,,,,,,,,,,,,,,,,,
Q23343,Q45533698,,,,,,,,,,,,,,,,,,,,,,,,,,,,,,,,,,,,,,,,,,,,,
Q23344,Q45533764,,,,,,,,,,,,,,,,,,,,,,,,,,,,,,,,,,,,,,,,,,,,,
Q23345,Q45533828,,,,,,,,,,,,,,,,,,,,,,,,,,,,,,,,,,,,,,,,,,,,,
Q23346,Q45534083,,,,,,,,,,,,,,,,,,,,,,,,,,,,,,,,,,,,,,,,,,,,,
Q23347,Q45534146,,,,,,,,,,,,,,,,,,,,,,,,,,,,,,,,,,,,,,,,,,,,,
Q23348,Q45534209,,,,,,,,,,,,,,,,,,,,,,,,,,,,,,,,,,,,,,,,,,,,,
Q23349,Q45534274,,,,,,,,,,,,,,,,,,,,,,,,,,,,,,,,,,,,,,,,,,,,,
Q23350,Q45534340,,,,,,,,,,,,,,,,,,,,,,,,,,,,,,,,,,,,,,,,,,,,,
Q23351,Q6645502,,,,,,,,,,,,,,,,,,,,,,,,,,,,,,,,,,,,,,,,,,,,,
Q23352,Q83875279,,,,,,,,,,,,,,,,,,,,,,,,,,,,,,,,,,,,,,,,,,,,,
Q23353,Q16603726,,,,,,,,,,,,,,,,,,,,,,,,,,,,,,,,,,,,,,,,,,,,,
Q23354,Q15898571,,,,,,,,,,,,,,,,,,,,,,,,,,,,,,,,,,,,,,,,,,,,,
Q23355,Q11663938,,,,,,,,,,,,,,,,,,,,,,,,,,,,,,,,,,,,,,,,,,,,,
Q23356,Q16908091,,,,,,,,,,,,,,,,,,,,,,,,,,,,,,,,,,,,,,,,,,,,,
Q23357,Q45418983,,,,,,,,,,,,,,,,,,,,,,,,,,,,,,,,,,,,,,,,,,,,,
Q23358,Q8251357,,,,,,,,,,,,,,,,,,,,,,,,,,,,,,,,,,,,,,,,,,,,,
Q23359,Q26208767,,,,,,,,,,,,,,,,,,,,,,,,,,,,,,,,,,,,,,,,,,,,,
Q23360,Q45419341,,,,,,,,,,,,,,,,,,,,,,,,,,,,,,,,,,,,,,,,,,,,,
Q23361,Q45419339,,,,,,,,,,,,,,,,,,,,,,,,,,,,,,,,,,,,,,,,,,,,,
Q23362,Q45665841,,,,,,,,,,,,,,,,,,,,,,,,,,,,,,,,,,,,,,,,,,,,,
Q23363,Q45506223,,,,,,,,,,,,,,,,,,,,,,,,,,,,,,,,,,,,,,,,,,,,,
Q23364,Q45506350,,,,,,,,,,,,,,,,,,,,,,,,,,,,,,,,,,,,,,,,,,,,,
Q23365,Q45472208,,,,,,,,,,,,,,,,,,,,,,,,,,,,,,,,,,,,,,,,,,,,,
Q23366,Q15917426,,,,,,,,,,,,,,,,,,,,,,,,,,,,,,,,,,,,,,,,,,,,,
Q23367,Q11102170,,,,,,,,,,,,,,,,,,,,,,,,,,,,,,,,,,,,,,,,,,,,,
Q23368,Q1079690,,,,,,,,,,,,,,,,,,,,,,,,,,,,,,,,,,,,,,,,,,,,,
Q23369,Q10341857,,,,,,,,,,,,,,,,,,,,,,,,,,,,,,,,,,,,,,,,,,,,,
Q23370,Q1564628,,,,,,,,,,,,,,,,,,,,,,,,,,,,,,,,,,,,,,,,,,,,,
Q23372,Q45419218,,,,,,,,,,,,,,,,,,,,,,,,,,,,,,,,,,,,,,,,,,,,,
Q23373,Q45419217,,,,,,,,,,,,,,,,,,,,,,,,,,,,,,,,,,,,,,,,,,,,,
Q23374,Q45422256,,,,,,,,,,,,,,,,,,,,,,,,,,,,,,,,,,,,,,,,,,,,,
Q23375,Q25926853,,,,,,,,,,,,,,,,,,,,,,,,,,,,,,,,,,,,,,,,,,,,,
Q23376,Q24835682,,,,,,,,,,,,,,,,,,,,,,,,,,,,,,,,,,,,,,,,,,,,,
Q23377,Q11102106,,,,,,,,,,,,,,,,,,,,,,,,,,,,,,,,,,,,,,,,,,,,,
Q23378,Q45417797,,,,,,,,,,,,,,,,,,,,,,,,,,,,,,,,,,,,,,,,,,,,,
Q23379,Q11070414,,,,,,,,,,,,,,,,,,,,,,,,,,,,,,,,,,,,,,,,,,,,,
Q23380,Q45498566,,,,,,,,,,,,,,,,,,,,,,,,,,,,,,,,,,,,,,,,,,,,,
Q23381,Q45508062,,,,,,,,,,,,,,,,,,,,,,,,,,,,,,,,,,,,,,,,,,,,,
Q23382,Q45460742,,,,,,,,,,,,,,,,,,,,,,,,,,,,,,,,,,,,,,,,,,,,,
Q23385,Q45446410,,,,,,,,,,,,,,,,,,,,,,,,,,,,,,,,,,,,,,,,,,,,,
Q23389,Q45508700,,,,,,,,,,,,,,,,,,,,,,,,,,,,,,,,,,,,,,,,,,,,,
Q23390,Q45508764,,,,,,,,,,,,,,,,,,,,,,,,,,,,,,,,,,,,,,,,,,,,,
Q23391,Q45508829,,,,,,,,,,,,,,,,,,,,,,,,,,,,,,,,,,,,,,,,,,,,,
Q23396,Q16260546,,,,,,,,,,,,,,,,,,,,,,,,,,,,,,,,,,,,,,,,,,,,,
Q23397,Q721435,,,,,,,,,,,,,,,,,,,,,,,,,,,,,,,,,,,,,,,,,,,,,
Q23398,Q45615627,,,,,,,,,,,,,,,,,,,,,,,,,,,,,,,,,,,,,,,,,,,,,
Q23399,Q45509736,,,,,,,,,,,,,,,,,,,,,,,,,,,,,,,,,,,,,,,,,,,,,
Q23400,Q45510178,,,,,,,,,,,,,,,,,,,,,,,,,,,,,,,,,,,,,,,,,,,,,
Q23401,Q45510241,,,,,,,,,,,,,,,,,,,,,,,,,,,,,,,,,,,,,,,,,,,,,
Q23402,Q45510304,,,,,,,,,,,,,,,,,,,,,,,,,,,,,,,,,,,,,,,,,,,,,
Q23403,Q45510368,,,,,,,,,,,,,,,,,,,,,,,,,,,,,,,,,,,,,,,,,,,,,
Q23404,Q45510432,,,,,,,,,,,,,,,,,,,,,,,,,,,,,,,,,,,,,,,,,,,,,
Q23406,Q45510559,,,,,,,,,,,,,,,,,,,,,,,,,,,,,,,,,,,,,,,,,,,,,
Q23407,Q16076726,,,,,,,,,,,,,,,,,,,,,,,,,,,,,,,,,,,,,,,,,,,,,
Q23408,Q45512346,,,,,,,,,,,,,,,,,,,,,,,,,,,,,,,,,,,,,,,,,,,,,
Q23409,Q45512856,,,,,,,,,,,,,,,,,,,,,,,,,,,,,,,,,,,,,,,,,,,,,
Q23410,Q45512919,,,,,,,,,,,,,,,,,,,,,,,,,,,,,,,,,,,,,,,,,,,,,
Q23412,Q25926178,,,,,,,,,,,,,,,,,,,,,,,,,,,,,,,,,,,,,,,,,,,,,
Q23413,Q45514764,,,,,,,,,,,,,,,,,,,,,,,,,,,,,,,,,,,,,,,,,,,,,
Q23415,Q45515329,,,,,,,,,,,,,,,,,,,,,,,,,,,,,,,,,,,,,,,,,,,,,
Q23416,Q45511327,,,,,,,,,,,,,,,,,,,,,,,,,,,,,,,,,,,,,,,,,,,,,
Q23419,Q45514382,,,,,,,,,,,,,,,,,,,,,,,,,,,,,,,,,,,,,,,,,,,,,
Q23420,Q45514446,,,,,,,,,,,,,,,,,,,,,,,,,,,,,,,,,,,,,,,,,,,,,
Q23421,Q45514509,,,,,,,,,,,,,,,,,,,,,,,,,,,,,,,,,,,,,,,,,,,,,
Q23425,Q45518871,,,,,,,,,,,,,,,,,,,,,,,,,,,,,,,,,,,,,,,,,,,,,
Q23426,Q45519566,,,,,,,,,,,,,,,,,,,,,,,,,,,,,,,,,,,,,,,,,,,,,
Q23427,Q45519816,,,,,,,,,,,,,,,,,,,,,,,,,,,,,,,,,,,,,,,,,,,,,
Q23433,Q45523736,,,,,,,,,,,,,,,,,,,,,,,,,,,,,,,,,,,,,,,,,,,,,
Q23434,Q45523799,,,,,,,,,,,,,,,,,,,,,,,,,,,,,,,,,,,,,,,,,,,,,
Q23435,Q45523863,,,,,,,,,,,,,,,,,,,,,,,,,,,,,,,,,,,,,,,,,,,,,
Q23436,Q45523925,,,,,,,,,,,,,,,,,,,,,,,,,,,,,,,,,,,,,,,,,,,,,
Q23437,Q11124869,,,,,,,,,,,,,,,,,,,,,,,,,,,,,,,,,,,,,,,,,,,,,
Q23438,Q8255108,,,,,,,,,,,,,,,,,,,,,,,,,,,,,,,,,,,,,,,,,,,,,
Q23439,Q16904115,,,,,,,,,,,,,,,,,,,,,,,,,,,,,,,,,,,,,,,,,,,,,
Q23441,Q10534760,,,,,,,,,,,,,,,,,,,,,,,,,,,,,,,,,,,,,,,,,,,,,
Q23442,Q15905247,,,,,,,,,,,,,,,,,,,,,,,,,,,,,,,,,,,,,,,,,,,,,
Q23443,Q16260886,,,,,,,,,,,,,,,,,,,,,,,,,,,,,,,,,,,,,,,,,,,,,
Q23444,Q834323,,,,,,,,,,,,,,,,,,,,,,,,,,,,,,,,,,,,,,,,,,,,,
Q23445,Q5358866,,,,,,,,,,,,,,,,,,,,,,,,,,,,,,,,,,,,,,,,,,,,,
Q23446,Q45682556,,,,,,,,,,,,,,,,,,,,,,,,,,,,,,,,,,,,,,,,,,,,,
Q23450,Q6538859,,,,,,,,,,,,,,,,,,,,,,,,,,,,,,,,,,,,,,,,,,,,,
Q23458,Q45529103,,,,,,,,,,,,,,,,,,,,,,,,,,,,,,,,,,,,,,,,,,,,,
Q23459,Q45529615,,,,,,,,,,,,,,,,,,,,,,,,,,,,,,,,,,,,,,,,,,,,,
Q23460,Q28413720,,,,,,,,,,,,,,,,,,,,,,,,,,,,,,,,,,,,,,,,,,,,,
Q23461,Q16076735,,,,,,,,,,,,,,,,,,,,,,,,,,,,,,,,,,,,,,,,,,,,,
Q23462,Q15902499,,,,,,,,,,,,,,,,,,,,,,,,,,,,,,,,,,,,,,,,,,,,,
Q23463,Q6538677,,,,,,,,,,,,,,,,,,,,,,,,,,,,,,,,,,,,,,,,,,,,,
Q23465,Q45529806,,,,,,,,,,,,,,,,,,,,,,,,,,,,,,,,,,,,,,,,,,,,,
Q23466,Q45529870,,,,,,,,,,,,,,,,,,,,,,,,,,,,,,,,,,,,,,,,,,,,,
Q23467,Q45530062,,,,,,,,,,,,,,,,,,,,,,,,,,,,,,,,,,,,,,,,,,,,,
Q23468,Q45530126,,,,,,,,,,,,,,,,,,,,,,,,,,,,,,,,,,,,,,,,,,,,,
Q23469,Q45530189,,,,,,,,,,,,,,,,,,,,,,,,,,,,,,,,,,,,,,,,,,,,,
Q23470,Q45530254,,,,,,,,,,,,,,,,,,,,,,,,,,,,,,,,,,,,,,,,,,,,,
Q23472,Q45530378,,,,,,,,,,,,,,,,,,,,,,,,,,,,,,,,,,,,,,,,,,,,,
Q23473,Q45530442,,,,,,,,,,,,,,,,,,,,,,,,,,,,,,,,,,,,,,,,,,,,,
Q23474,Q45530507,,,,,,,,,,,,,,,,,,,,,,,,,,,,,,,,,,,,,,,,,,,,,
Q23475,Q45530570,,,,,,,,,,,,,,,,,,,,,,,,,,,,,,,,,,,,,,,,,,,,,
Q23476,Q45530636,,,,,,,,,,,,,,,,,,,,,,,,,,,,,,,,,,,,,,,,,,,,,
Q23477,Q45530699,,,,,,,,,,,,,,,,,,,,,,,,,,,,,,,,,,,,,,,,,,,,,
Q23478,Q45462358,,,,,,,,,,,,,,,,,,,,,,,,,,,,,,,,,,,,,,,,,,,,,
Q23479,Q11663947,,,,,,,,,,,,,,,,,,,,,,,,,,,,,,,,,,,,,,,,,,,,,
Q23481,Q10867344,,,,,,,,,,,,,,,,,,,,,,,,,,,,,,,,,,,,,,,,,,,,,
Q23482,Q65799522,,,,,,,,,,,,,,,,,,,,,,,,,,,,,,,,,,,,,,,,,,,,,
Q23483,Q47091435,,,,,,,,,,,,,,,,,,,,,,,,,,,,,,,,,,,,,,,,,,,,,
Q23484,Q18653790,,,,,,,,,,,,,,,,,,,,,,,,,,,,,,,,,,,,,,,,,,,,,
Q23485,Q5374571,,,,,,,,,,,,,,,,,,,,,,,,,,,,,,,,,,,,,,,,,,,,,
Q23486,Q11124229,,,,,,,,,,,,,,,,,,,,,,,,,,,,,,,,,,,,,,,,,,,,,
Q23487,Q11124161,,,,,,,,,,,,,,,,,,,,,,,,,,,,,,,,,,,,,,,,,,,,,
Q23488,Q11124230,,,,,,,,,,,,,,,,,,,,,,,,,,,,,,,,,,,,,,,,,,,,,
Q23489,Q26209548,,,,,,,,,,,,,,,,,,,,,,,,,,,,,,,,,,,,,,,,,,,,,
Q23490,Q15954826,,,,,,,,,,,,,,,,,,,,,,,,,,,,,,,,,,,,,,,,,,,,,
Q23491,Q45487197,,,,,,,,,,,,,,,,,,,,,,,,,,,,,,,,,,,,,,,,,,,,,
Q23492,Q26209552,,,,,,,,,,,,,,,,,,,,,,,,,,,,,,,,,,,,,,,,,,,,,
Q23493,Q45652240,,,,,,,,,,,,,,,,,,,,,,,,,,,,,,,,,,,,,,,,,,,,,
Q23494,Q26209478,,,,,,,,,,,,,,,,,,,,,,,,,,,,,,,,,,,,,,,,,,,,,
Q23495,Q10869460,,,,,,,,,,,,,,,,,,,,,,,,,,,,,,,,,,,,,,,,,,,,,
Q23496,Q43419300,,,,,,,,,,,,,,,,,,,,,,,,,,,,,,,,,,,,,,,,,,,,,
Q23497,Q10949100,,,,,,,,,,,,,,,,,,,,,,,,,,,,,,,,,,,,,,,,,,,,,
Q23498,Q38958026,,,,,,,,,,,,,,,,,,,,,,,,,,,,,,,,,,,,,,,,,,,,,
Q23499,Q24833795,,,,,,,,,,,,,,,,,,,,,,,,,,,,,,,,,,,,,,,,,,,,,
Q23500,Q133447882,,,,,,,,,,,,,,,,,,,,,,,,,,,,,,,,,,,,,,,,,,,,,
Q23501,Q22813915,,,,,,,,,,,,,,,,,,,,,,,,,,,,,,,,,,,,,,,,,,,,,
Q23502,Q10897191,,,,,,,,,,,,,,,,,,,,,,,,,,,,,,,,,,,,,,,,,,,,,
Q23503,Q8251566,,,,,,,,,,,,,,,,,,,,,,,,,,,,,,,,,,,,,,,,,,,,,
Q23504,Q8251541,,,,,,,,,,,,,,,,,,,,,,,,,,,,,,,,,,,,,,,,,,,,,
Q23505,Q3178742,,,,,,,,,,,,,,,,,,,,,,,,,,,,,,,,,,,,,,,,,,,,,
Q23506,Q8251314,,,,,,,,,,,,,,,,,,,,,,,,,,,,,,,,,,,,,,,,,,,,,
Q23507,Q298046,,,,,,,,,,,,,,,,,,,,,,,,,,,,,,,,,,,,,,,,,,,,,I00428293
Q23509,Q3540951,,,,,,,,,,,,,,,,,,,,,,,,,,,,,,,,,,,,,,,,,,,,,
Q23512,Q9749,,,,,,,,,,,,,,,,,,,,,,,,,,,,,,,,,,,,,,,,,,,,,I00428230
Q23513,Q10719160,,,,,,,,,,,,,,,,,,,,,,,,,,,,,,,,,,,,,,,,,,,,,
Q23514,Q10719214,,,,,,,,,,,,,,,,,,,,,,,,,,,,,,,,,,,,,,,,,,,,,
Q23520,Q10719506,,,,,,,,,,,,,,,,,,,,,,,,,,,,,,,,,,,,,,,,,,,,,
Q23523,Q10719817,,,,,,,,,,,,,,,,,,,,,,,,,,,,,,,,,,,,,,,,,,,,,
Q23527,Q10720076,,,,,,,,,,,,,,,,,,,,,,,,,,,,,,,,,,,,,,,,,,,,,
Q23533,Q10720656,,,,,,,,,,,,,,,,,,,,,,,,,,,,,,,,,,,,,,,,,,,,,
Q23534,Q10720703,,,,,,,,,,,,,,,,,,,,,,,,,,,,,,,,,,,,,,,,,,,,,
Q23535,Q10720736,,,,,,,,,,,,,,,,,,,,,,,,,,,,,,,,,,,,,,,,,,,,,
Q23536,Q10720777,,,,,,,,,,,,,,,,,,,,,,,,,,,,,,,,,,,,,,,,,,,,,
Q23537,Q10720822,,,,,,,,,,,,,,,,,,,,,,,,,,,,,,,,,,,,,,,,,,,,,
Q23539,Q10720896,,,,,,,,,,,,,,,,,,,,,,,,,,,,,,,,,,,,,,,,,,,,,
Q23540,Q10720927,,,,,,,,,,,,,,,,,,,,,,,,,,,,,,,,,,,,,,,,,,,,,
Q23541,Q10720976,,,,,,,,,,,,,,,,,,,,,,,,,,,,,,,,,,,,,,,,,,,,,
Q23542,Q10721018,,,,,,,,,,,,,,,,,,,,,,,,,,,,,,,,,,,,,,,,,,,,,
Q23543,Q10721083,,,,,,,,,,,,,,,,,,,,,,,,,,,,,,,,,,,,,,,,,,,,,
Q23544,Q10721148,,,,,,,,,,,,,,,,,,,,,,,,,,,,,,,,,,,,,,,,,,,,,
Q23545,Q10721193,,,,,,,,,,,,,,,,,,,,,,,,,,,,,,,,,,,,,,,,,,,,,
Q23546,Q10721233,,,,,,,,,,,,,,,,,,,,,,,,,,,,,,,,,,,,,,,,,,,,,
Q23548,Q10721332,,,,,,,,,,,,,,,,,,,,,,,,,,,,,,,,,,,,,,,,,,,,,
Q23549,Q10721371,,,,,,,,,,,,,,,,,,,,,,,,,,,,,,,,,,,,,,,,,,,,,
Q23550,Q10721415,,,,,,,,,,,,,,,,,,,,,,,,,,,,,,,,,,,,,,,,,,,,,
Q23551,Q10721451,,,,,,,,,,,,,,,,,,,,,,,,,,,,,,,,,,,,,,,,,,,,,
Q23552,Q10721489,,,,,,,,,,,,,,,,,,,,,,,,,,,,,,,,,,,,,,,,,,,,,
Q23553,Q10721524,,,,,,,,,,,,,,,,,,,,,,,,,,,,,,,,,,,,,,,,,,,,,
Q23554,Q10721552,,,,,,,,,,,,,,,,,,,,,,,,,,,,,,,,,,,,,,,,,,,,,
Q23555,Q10721580,,,,,,,,,,,,,,,,,,,,,,,,,,,,,,,,,,,,,,,,,,,,,
Q23556,Q10721612,,,,,,,,,,,,,,,,,,,,,,,,,,,,,,,,,,,,,,,,,,,,,
Q23557,Q10721658,,,,,,,,,,,,,,,,,,,,,,,,,,,,,,,,,,,,,,,,,,,,,
Q23558,Q10721682,,,,,,,,,,,,,,,,,,,,,,,,,,,,,,,,,,,,,,,,,,,,,
Q23559,Q10721717,,,,,,,,,,,,,,,,,,,,,,,,,,,,,,,,,,,,,,,,,,,,,
Q23560,Q10721746,,,,,,,,,,,,,,,,,,,,,,,,,,,,,,,,,,,,,,,,,,,,,
Q23561,Q10721781,,,,,,,,,,,,,,,,,,,,,,,,,,,,,,,,,,,,,,,,,,,,,
Q23563,Q11089714,,,,,,,,,,,,,,,,,,,,,,,,,,,,,,,,,,,,,,,,,,,,,
Q23565,Q16603681,,,,,,,,,,,,,,,,,,,,,,,,,,,,,,,,,,,,,,,,,,,,,
Q23567,Q45533435,,,,,,,,,,,,,,,,,,,,,,,,,,,,,,,,,,,,,,,,,,,,,
Q23571,Q45534075,,,,,,,,,,,,,,,,,,,,,,,,,,,,,,,,,,,,,,,,,,,,,
Q23575,Q28413613,,,,,,,,,,,,,,,,,,,,,,,,,,,,,,,,,,,,,,,,,,,,,
Q23579,Q11097437,,,,,,,,,,,,,,,,,,,,,,,,,,,,,,,,,,,,,,,,,,,,,
Q23584,Q45537591,,,,,,,,,,,,,,,,,,,,,,,,,,,,,,,,,,,,,,,,,,,,,
Q23586,Q45537717,,,,,,,,,,,,,,,,,,,,,,,,,,,,,,,,,,,,,,,,,,,,,
Q23590,Q45683117,,,,,,,,,,,,,,,,,,,,,,,,,,,,,,,,,,,,,,,,,,,,,
Q23591,Q45529333,,,,,,,,,,,,,,,,,,,,,,,,,,,,,,,,,,,,,,,,,,,,,
Q23592,Q45586968,,,,,,,,,,,,,,,,,,,,,,,,,,,,,,,,,,,,,,,,,,,,,
Q23593,Q45452728,,,,,,,,,,,,,,,,,,,,,,,,,,,,,,,,,,,,,,,,,,,,,
Q23594,Q45555998,,,,,,,,,,,,,,,,,,,,,,,,,,,,,,,,,,,,,,,,,,,,,
Q23595,Q45406559,,,,,,,,,,,,,,,,,,,,,,,,,,,,,,,,,,,,,,,,,,,,,
Q23596,Q45681038,,,,,,,,,,,,,,,,,,,,,,,,,,,,,,,,,,,,,,,,,,,,,
Q23597,Q45681068,,,,,,,,,,,,,,,,,,,,,,,,,,,,,,,,,,,,,,,,,,,,,
Q23598,Q45681194,,,,,,,,,,,,,,,,,,,,,,,,,,,,,,,,,,,,,,,,,,,,,
Q23600,Q133465251,,,,,,,,,,,,,,,,,,,,,,,,,,,,,,,,,,,,,,,,,,,,,
Q23609,Q45497269,,,,,,,,,,,,,,,,,,,,,,,,,,,,,,,,,,,,,,,,,,,,,
Q23611,Q45498229,,,,,,,,,,,,,,,,,,,,,,,,,,,,,,,,,,,,,,,,,,,,,
Q23616,Q45498874,,,,,,,,,,,,,,,,,,,,,,,,,,,,,,,,,,,,,,,,,,,,,
Q23621,Q45499330,,,,,,,,,,,,,,,,,,,,,,,,,,,,,,,,,,,,,,,,,,,,,
Q23625,Q45500041,,,,,,,,,,,,,,,,,,,,,,,,,,,,,,,,,,,,,,,,,,,,,
Q23626,Q45500104,,,,,,,,,,,,,,,,,,,,,,,,,,,,,,,,,,,,,,,,,,,,,
Q23627,Q45500233,,,,,,,,,,,,,,,,,,,,,,,,,,,,,,,,,,,,,,,,,,,,,
Q23632,Q45592774,,,,,,,,,,,,,,,,,,,,,,,,,,,,,,,,,,,,,,,,,,,,,
Q23633,Q45592838,,,,,,,,,,,,,,,,,,,,,,,,,,,,,,,,,,,,,,,,,,,,,
Q23634,Q45530653,,,,,,,,,,,,,,,,,,,,,,,,,,,,,,,,,,,,,,,,,,,,,
Q23635,Q45585411,,,,,,,,,,,,,,,,,,,,,,,,,,,,,,,,,,,,,,,,,,,,,
Q23636,Q45585473,,,,,,,,,,,,,,,,,,,,,,,,,,,,,,,,,,,,,,,,,,,,,
Q23637,Q45585536,,,,,,,,,,,,,,,,,,,,,,,,,,,,,,,,,,,,,,,,,,,,,
Q23638,Q45585599,,,,,,,,,,,,,,,,,,,,,,,,,,,,,,,,,,,,,,,,,,,,,
Q23639,Q45585662,,,,,,,,,,,,,,,,,,,,,,,,,,,,,,,,,,,,,,,,,,,,,
Q23640,Q45585725,,,,,,,,,,,,,,,,,,,,,,,,,,,,,,,,,,,,,,,,,,,,,
Q23641,Q65805361,,,,,,,,,,,,,,,,,,,,,,,,,,,,,,,,,,,,,,,,,,,,,
Q23642,Q11097514,,,,,,,,,,,,,,,,,,,,,,,,,,,,,,,,,,,,,,,,,,,,,
Q23644,Q45422765,,,,,,,,,,,,,,,,,,,,,,,,,,,,,,,,,,,,,,,,,,,,,
Q23645,Q45451150,,,,,,,,,,,,,,,,,,,,,,,,,,,,,,,,,,,,,,,,,,,,,
Q23646,Q65802853,,,,,,,,,,,,,,,,,,,,,,,,,,,,,,,,,,,,,,,,,,,,,
Q23648,Q45564343,,,,,,,,,,,,,,,,,,,,,,,,,,,,,,,,,,,,,,,,,,,,,
Q23649,Q45451087,,,,,,,,,,,,,,,,,,,,,,,,,,,,,,,,,,,,,,,,,,,,,
Q23650,Q45450834,,,,,,,,,,,,,,,,,,,,,,,,,,,,,,,,,,,,,,,,,,,,,
Q23651,Q18906572,,,,,,,,,,,,,,,,,,,,,,,,,,,,,,,,,,,,,,,,,,,,,
Q23652,Q28413506,,,,,,,,,,,,,,,,,,,,,,,,,,,,,,,,,,,,,,,,,,,,,
Q23654,Q45422606,,,,,,,,,,,,,,,,,,,,,,,,,,,,,,,,,,,,,,,,,,,,,
Q23655,Q45394591,,,,,,,,,,,,,,,,,,,,,,,,,,,,,,,,,,,,,,,,,,,,,
Q23656,Q45394604,,,,,,,,,,,,,,,,,,,,,,,,,,,,,,,,,,,,,,,,,,,,,
Q23658,Q45447120,,,,,,,,,,,,,,,,,,,,,,,,,,,,,,,,,,,,,,,,,,,,,
Q23659,Q45447246,,,,,,,,,,,,,,,,,,,,,,,,,,,,,,,,,,,,,,,,,,,,,
Q23661,Q45532108,,,,,,,,,,,,,,,,,,,,,,,,,,,,,,,,,,,,,,,,,,,,,
Q23662,Q45532172,,,,,,,,,,,,,,,,,,,,,,,,,,,,,,,,,,,,,,,,,,,,,
Q23663,Q45530999,,,,,,,,,,,,,,,,,,,,,,,,,,,,,,,,,,,,,,,,,,,,,
Q23664,Q45515103,,,,,,,,,,,,,,,,,,,,,,,,,,,,,,,,,,,,,,,,,,,,,
Q23665,Q45516630,,,,,,,,,,,,,,,,,,,,,,,,,,,,,,,,,,,,,,,,,,,,,
Q23666,Q26183680,,,,,,,,,,,,,,,,,,,,,,,,,,,,,,,,,,,,,,,,,,,,,
Q23667,Q45587652,,,,,,,,,,,,,,,,,,,,,,,,,,,,,,,,,,,,,,,,,,,,,
Q23668,Q45503720,,,,,,,,,,,,,,,,,,,,,,,,,,,,,,,,,,,,,,,,,,,,,
Q23669,Q45516567,,,,,,,,,,,,,,,,,,,,,,,,,,,,,,,,,,,,,,,,,,,,,
Q23670,Q45514596,,,,,,,,,,,,,,,,,,,,,,,,,,,,,,,,,,,,,,,,,,,,,
Q23671,Q45514724,,,,,,,,,,,,,,,,,,,,,,,,,,,,,,,,,,,,,,,,,,,,,
Q23672,Q45514468,,,,,,,,,,,,,,,,,,,,,,,,,,,,,,,,,,,,,,,,,,,,,
Q23673,Q45514531,,,,,,,,,,,,,,,,,,,,,,,,,,,,,,,,,,,,,,,,,,,,,
Q23674,Q45438269,,,,,,,,,,,,,,,,,,,,,,,,,,,,,,,,,,,,,,,,,,,,,
Q23675,Q45438584,,,,,,,,,,,,,,,,,,,,,,,,,,,,,,,,,,,,,,,,,,,,,
Q23676,Q45438775,,,,,,,,,,,,,,,,,,,,,,,,,,,,,,,,,,,,,,,,,,,,,
Q23677,Q45438837,,,,,,,,,,,,,,,,,,,,,,,,,,,,,,,,,,,,,,,,,,,,,
Q23678,Q45642200,,,,,,,,,,,,,,,,,,,,,,,,,,,,,,,,,,,,,,,,,,,,,
Q23679,Q45642384,,,,,,,,,,,,,,,,,,,,,,,,,,,,,,,,,,,,,,,,,,,,,
Q23680,Q45418663,,,,,,,,,,,,,,,,,,,,,,,,,,,,,,,,,,,,,,,,,,,,,
Q23681,Q10340529,,,,,,,,,,,,,,,,,,,,,,,,,,,,,,,,,,,,,,,,,,,,,
Q23682,Q45642630,,,,,,,,,,,,,,,,,,,,,,,,,,,,,,,,,,,,,,,,,,,,,
Q23684,Q65804908,,,,,,,,,,,,,,,,,,,,,,,,,,,,,,,,,,,,,,,,,,,,,
Q23685,Q11075491,,,,,,,,,,,,,,,,,,,,,,,,,,,,,,,,,,,,,,,,,,,,,
Q23686,Q65801242,,,,,,,,,,,,,,,,,,,,,,,,,,,,,,,,,,,,,,,,,,,,,
Q23687,Q45518224,,,,,,,,,,,,,,,,,,,,,,,,,,,,,,,,,,,,,,,,,,,,,
Q23688,Q45614485,,,,,,,,,,,,,,,,,,,,,,,,,,,,,,,,,,,,,,,,,,,,,
Q23691,Q45518923,,,,,,,,,,,,,,,,,,,,,,,,,,,,,,,,,,,,,,,,,,,,,
Q23692,Q11651669,,,,,,,,,,,,,,,,,,,,,,,,,,,,,,,,,,,,,,,,,,,,,
Q23694,Q1079643,,,,,,,,,,,,,,,,,,,,,,,,,,,,,,,,,,,,,,,,,,,,,
Q23695,Q45503529,,,,,,,,,,,,,,,,,,,,,,,,,,,,,,,,,,,,,,,,,,,,,
Q23696,Q45479945,,,,,,,,,,,,,,,,,,,,,,,,,,,,,,,,,,,,,,,,,,,,,
Q23697,Q45515507,,,,,,,,,,,,,,,,,,,,,,,,,,,,,,,,,,,,,,,,,,,,,
Q23699,Q45519584,,,,,,,,,,,,,,,,,,,,,,,,,,,,,,,,,,,,,,,,,,,,,
Q23700,Q11477184,,,,,,,,,,,,,,,,,,,,,,,,,,,,,,,,,,,,,,,,,,,,,
Q23701,Q11477166,,,,,,,,,,,,,,,,,,,,,,,,,,,,,,,,,,,,,,,,,,,,,
Q23702,Q45653360,,,,,,,,,,,,,,,,,,,,,,,,,,,,,,,,,,,,,,,,,,,,,
Q23703,Q45640451,,,,,,,,,,,,,,,,,,,,,,,,,,,,,,,,,,,,,,,,,,,,,
Q23704,Q45493711,,,,,,,,,,,,,,,,,,,,,,,,,,,,,,,,,,,,,,,,,,,,,
Q23705,Q45495631,,,,,,,,,,,,,,,,,,,,,,,,,,,,,,,,,,,,,,,,,,,,,
Q23709,Q154886,,,,,,,,,,,,,,,,,,,,,,,,,,,,,,,,,,,,,,,,,,,,,
Q23710,Q45483176,,,,,,,,,,,,,,,,,,,,,,,,,,,,,,,,,,,,,,,,,,,,,
Q23711,Q65904527,,,,,,,,,,,,,,,,,,,,,,,,,,,,,,,,,,,,,,,,,,,,,
Q23713,Q3271944,,,,,,,,,,,,,,,,,,,,,,,,,,,,,,,,,,,,,,,,,,,,,
Q23714,Q191568,,,,,,,,,,,,,,,,,,,,,,,,,,,,,,,,,,,,,,,,,,,,,
Q23715,Q26133533,,,,,,,,,,,,,,,,,,,,,,,,,,,,,,,,,,,,,,,,,,,,,
Q23716,Q26133534,,,,,,,,,,,,,,,,,,,,,,,,,,,,,,,,,,,,,,,,,,,,,
Q23719,Q45571138,,,,,,,,,,,,,,,,,,,,,,,,,,,,,,,,,,,,,,,,,,,,,
Q23720,Q9591598,,,,,,,,,,,,,,,,,,,,,,,,,,,,,,,,,,,,,,,,,,,,,
Q23721,Q11633164,,,,,,,,,,,,,,,,,,,,,,,,,,,,,,,,,,,,,,,,,,,,,
Q23722,Q45418855,,,,,,,,,,,,,,,,,,,,,,,,,,,,,,,,,,,,,,,,,,,,,
Q23723,Q5302243,,,,,,,,,,,,,,,,,,,,,,,,,,,,,,,,,,,,,,,,,,,,,
Q23727,Q22814063,,,,,,,,,,,,,,,,,,,,,,,,,,,,,,,,,,,,,,,,,,,,,
Q23729,Q45421476,,,,,,,,,,,,,,,,,,,,,,,,,,,,,,,,,,,,,,,,,,,,,
Q23730,Q45503603,,,,,,,,,,,,,,,,,,,,,,,,,,,,,,,,,,,,,,,,,,,,,
Q23731,Q45421486,,,,,,,,,,,,,,,,,,,,,,,,,,,,,,,,,,,,,,,,,,,,,
Q23732,Q33772,,,,,,,,,,,,,,,,,,,,,,,,,,,,,,,,,,,,,,,,,,,,,
Q23733,Q45476645,,,,,,,,,,,,,,,,,,,,,,,,,,,,,,,,,,,,,,,,,,,,,
Q23736,Q6539234,,,,,,,,,,,,,,,,,,,,,,,,,,,,,,,,,,,,,,,,,,,,,
Q23737,Q45472299,,,,,,,,,,,,,,,,,,,,,,,,,,,,,,,,,,,,,,,,,,,,,
Q23738,Q45472363,,,,,,,,,,,,,,,,,,,,,,,,,,,,,,,,,,,,,,,,,,,,,
Q23740,Q6539357,,,,,,,,,,,,,,,,,,,,,,,,,,,,,,,,,,,,,,,,,,,,,
Q23741,Q45472490,,,,,,,,,,,,,,,,,,,,,,,,,,,,,,,,,,,,,,,,,,,,,
Q23744,Q45501014,,,,,,,,,,,,,,,,,,,,,,,,,,,,,,,,,,,,,,,,,,,,,
Q23745,Q45561738,,,,,,,,,,,,,,,,,,,,,,,,,,,,,,,,,,,,,,,,,,,,,
Q23746,Q45422041,,,,,,,,,,,,,,,,,,,,,,,,,,,,,,,,,,,,,,,,,,,,,
Q23747,Q45442147,,,,,,,,,,,,,,,,,,,,,,,,,,,,,,,,,,,,,,,,,,,,,
Q23748,Q45442721,,,,,,,,,,,,,,,,,,,,,,,,,,,,,,,,,,,,,,,,,,,,,
Q23749,Q45539573,,,,,,,,,,,,,,,,,,,,,,,,,,,,,,,,,,,,,,,,,,,,,
Q23750,Q45494511,,,,,,,,,,,,,,,,,,,,,,,,,,,,,,,,,,,,,,,,,,,,,
Q23751,Q45442914,,,,,,,,,,,,,,,,,,,,,,,,,,,,,,,,,,,,,,,,,,,,,
Q23752,Q45442977,,,,,,,,,,,,,,,,,,,,,,,,,,,,,,,,,,,,,,,,,,,,,
Q23753,Q45443040,,,,,,,,,,,,,,,,,,,,,,,,,,,,,,,,,,,,,,,,,,,,,
Q23754,Q45443101,,,,,,,,,,,,,,,,,,,,,,,,,,,,,,,,,,,,,,,,,,,,,
Q23756,Q45590260,,,,,,,,,,,,,,,,,,,,,,,,,,,,,,,,,,,,,,,,,,,,,
Q23757,Q45474685,,,,,,,,,,,,,,,,,,,,,,,,,,,,,,,,,,,,,,,,,,,,,
Q23758,Q45473752,,,,,,,,,,,,,,,,,,,,,,,,,,,,,,,,,,,,,,,,,,,,,
Q23761,Q45473939,,,,,,,,,,,,,,,,,,,,,,,,,,,,,,,,,,,,,,,,,,,,,
Q23764,Q45481536,,,,,,,,,,,,,,,,,,,,,,,,,,,,,,,,,,,,,,,,,,,,,
Q23765,Q45484335,,,,,,,,,,,,,,,,,,,,,,,,,,,,,,,,,,,,,,,,,,,,,
Q23766,Q45487344,,,,,,,,,,,,,,,,,,,,,,,,,,,,,,,,,,,,,,,,,,,,,
Q23769,Q45380981,,,,,,,,,,,,,,,,,,,,,,,,,,,,,,,,,,,,,,,,,,,,,
Q23770,Q45418717,,,,,,,,,,,,,,,,,,,,,,,,,,,,,,,,,,,,,,,,,,,,,
Q23771,Q45418719,,,,,,,,,,,,,,,,,,,,,,,,,,,,,,,,,,,,,,,,,,,,,
Q23772,Q45418721,,,,,,,,,,,,,,,,,,,,,,,,,,,,,,,,,,,,,,,,,,,,,
Q23775,Q45440854,,,,,,,,,,,,,,,,,,,,,,,,,,,,,,,,,,,,,,,,,,,,,
Q23776,Q1562474,,,,,,,,,,,,,,,,,,,,,,,,,,,,,,,,,,,,,,,,,,,,,
Q23777,Q45422308,,,,,,,,,,,,,,,,,,,,,,,,,,,,,,,,,,,,,,,,,,,,,
Q23778,Q45422314,,,,,,,,,,,,,,,,,,,,,,,,,,,,,,,,,,,,,,,,,,,,,
Q23779,Q6653479,,,,,,,,,,,,,,,,,,,,,,,,,,,,,,,,,,,,,,,,,,,,,
Q23780,Q45501553,,,,,,,,,,,,,,,,,,,,,,,,,,,,,,,,,,,,,,,,,,,,,
Q23782,Q45420199,,,,,,,,,,,,,,,,,,,,,,,,,,,,,,,,,,,,,,,,,,,,,
Q23783,Q45532207,,,,,,,,,,,,,,,,,,,,,,,,,,,,,,,,,,,,,,,,,,,,,
Q23784,Q45673185,,,,,,,,,,,,,,,,,,,,,,,,,,,,,,,,,,,,,,,,,,,,,
Q23785,Q45673232,,,,,,,,,,,,,,,,,,,,,,,,,,,,,,,,,,,,,,,,,,,,,
Q23787,Q45673320,,,,,,,,,,,,,,,,,,,,,,,,,,,,,,,,,,,,,,,,,,,,,
Q23788,Q45673363,,,,,,,,,,,,,,,,,,,,,,,,,,,,,,,,,,,,,,,,,,,,,
Q23789,Q45673449,,,,,,,,,,,,,,,,,,,,,,,,,,,,,,,,,,,,,,,,,,,,,
Q23790,Q45673577,,,,,,,,,,,,,,,,,,,,,,,,,,,,,,,,,,,,,,,,,,,,,
Q23799,Q11359168,,,,,,,,,,,,,,,,,,,,,,,,,,,,,,,,,,,,,,,,,,,,,
Q23801,Q11068421,,,,,,,,,,,,,,,,,,,,,,,,,,,,,,,,,,,,,,,,,,,,,
Q23802,Q11068703,,,,,,,,,,,,,,,,,,,,,,,,,,,,,,,,,,,,,,,,,,,,,
Q23804,Q11392544,,,,,,,,,,,,,,,,,,,,,,,,,,,,,,,,,,,,,,,,,,,,,
Q23805,Q11463023,,,,,,,,,,,,,,,,,,,,,,,,,,,,,,,,,,,,,,,,,,,,,
Q23809,Q11382607,,,,,,,,,,,,,,,,,,,,,,,,,,,,,,,,,,,,,,,,,,,,,
Q23810,Q11591889,,,,,,,,,,,,,,,,,,,,,,,,,,,,,,,,,,,,,,,,,,,,,
Q23811,Q11591887,,,,,,,,,,,,,,,,,,,,,,,,,,,,,,,,,,,,,,,,,,,,,
Q23812,Q11405600,,,,,,,,,,,,,,,,,,,,,,,,,,,,,,,,,,,,,,,,,,,,,
Q23822,Q11383459,,,,,,,,,,,,,,,,,,,,,,,,,,,,,,,,,,,,,,,,,,,,,
Q23823,Q11352867,,,,,,,,,,,,,,,,,,,,,,,,,,,,,,,,,,,,,,,,,,,,,
Q23825,Q11474311,,,,,,,,,,,,,,,,,,,,,,,,,,,,,,,,,,,,,,,,,,,,,
Q23826,Q11380698,,,,,,,,,,,,,,,,,,,,,,,,,,,,,,,,,,,,,,,,,,,,,
Q23827,Q11405599,,,,,,,,,,,,,,,,,,,,,,,,,,,,,,,,,,,,,,,,,,,,,
Q23834,Q119380330,,,,,,,,,,,,,,,,,,,,,,,,,,,,,,,,,,,,,,,,,,,,,
Q23841,Q10865734,,,,,,,,,,,,,,,,,,,,,,,,,,,,,,,,,,,,,,,,,,,,,
Q23843,Q11354965,,,,,,,,,,,,,,,,,,,,,,,,,,,,,,,,,,,,,,,,,,,,,
Q23846,Q1013888,,,,,,,,,,,,,,,,,,,,,,,,,,,,,,,,,,,,,,,,,,,,,
Q23847,Q11353144,,,,,,,,,,,,,,,,,,,,,,,,,,,,,,,,,,,,,,,,,,,,,
Q23848,Q11239125,,,,,,,,,,,,,,,,,,,,,,,,,,,,,,,,,,,,,,,,,,,,松平-81,
Q23856,Q29410890,,,,,,,,,,,,,,,,,,,,,,,,,,,,,,,,,,,,,,,,,,,,,
Q23858,Q23986597,,,,,,,,,,,,,,,,,,,,,,,,,,,,,,,,,,,,,,,,,,,,,
Q23870,Q10565405,,,,,,,,,,,,,,,,,,,,,,,,,,,,,,,,,,,,,,,,,,,,,
Q23871,Q11373076,,,,,,,,,,,,,,,,,,,,,,,,,,,,,,,,,,,,,,,,,,,,,
Q23872,Q771609,,,,,,,,,,,,,,,,,,,,,,,,,,,,,,,,,,,,,,,,,,,,,
Q23873,Q110894707,,,,,,,,,,,,,,,,,,,,,,,,,,,,,,,,,,,,,,,,,,,,,
Q23875,Q11532524,,,,,,,,,,,,,,,,,,,,,,,,,,,,,,,,,,,,,,,,,,,,,
Q23876,Q11532532,,,,,,,,,,,,,,,,,,,,,,,,,,,,,,,,,,,,,,,,,,,,,
Q23884,Q11369389,,,,,,,,,,,,,,,,,,,,,,,,,,,,,,,,,,,,,,,,,,,,,
Q23886,Q11405814,,,,,,,,,,,,,,,,,,,,,,,,,,,,,,,,,,,,,,,,,,,,,
Q23888,Q11540635,,,,,,,,,,,,,,,,,,,,,,,,,,,,,,,,,,,,,,,,,,,,,
Q23889,Q11540625,,,,,,,,,,,,,,,,,,,,,,,,,,,,,,,,,,,,,,,,,,,,,
Q23890,Q11489579,,,,,,,,,,,,,,,,,,,,,,,,,,,,,,,,,,,,,,,,,,,,,
Q23903,Q11595127,,,,,,,,,,,,,,,,,,,,,,,,,,,,,,,,,,,,,,,,,,,,,
Q23905,Q11595117,,,,,,,,,,,,,,,,,,,,,,,,,,,,,,,,,,,,,,,,,,,,,
Q23906,Q1080643,,,,,,,,,,,,,,,,,,,,,,,,,,,,,,,,,,,,,,,,,,,,,
Q23911,Q11068664,,,,,,,,,,,,,,,,,,,,,,,,,,,,,,,,,,,,,,,,,,,,,
Q23912,Q11068473,,,,,,,,,,,,,,,,,,,,,,,,,,,,,,,,,,,,,,,,,,,,,
Q23913,Q4803439,,,,,,,,,,,,,,,,,,,,,,,,,,,,,,,,,,,,,,,,,,,,,
Q23914,Q6527095,,,,,,,,,,,,,,,,,,,,,,,,,,,,,,,,,,,,,,,,,,,,,
Q23916,Q24863715,,,,,,,,,,,,,,,,,,,,,,,,,,,,,,,,,,,,,,,,,,,,,
Q23918,Q837394,,,,,,,,,,,,,,,,,,,,,,,,,,,,,,,,,,,,,,,,,,,,,
Q23919,Q11555488,,,,,,,,,,,,,,,,,,,,,,,,,,,,,,,,,,,,,,,,,,,,,
Q23926,Q11655794,,,,,,,,,,,,,,,,,,,,,,,,,,,,,,,,,,,,,,,,,,,,,
Q23927,Q1059785,,,,,,,,,,,,,,,,,,,,,,,,,,,,,,,,,,,,,,,,,,,,,
Q23928,Q29410736,,,,,,,,,,,,,,,,,,,,,,,,,,,,,,,,,,,,,,,,,,,,,
Q23939,Q11614642,,,,,,,,,,,,,,,,,,,,,,,,,,,,,,,,,,,,,,,,,,,,,
Q23940,Q11650659,,,,,,,,,,,,,,,,,,,,,,,,,,,,,,,,,,,,,,,,,,,,鍋島-34,
Q23942,Q11650631,,,,,,,,,,,,,,,,,,,,,,,,,,,,,,,,,,,,,,,,,,,,鍋島-35,
Q23943,Q23986611,,,,,,,,,,,,,,,,,,,,,,,,,,,,,,,,,,,,,,,,,,,,,
Q23947,Q11584933,,,,,,,,,,,,,,,,,,,,,,,,,,,,,,,,,,,,,,,,,,,,,
Q23949,Q11584935,,,,,,,,,,,,,,,,,,,,,,,,,,,,,,,,,,,,,,,,,,,,,
Q23950,Q11585113,,,,,,,,,,,,,,,,,,,,,,,,,,,,,,,,,,,,,,,,,,,,,
Q23952,Q11650655,,,,,,,,,,,,,,,,,,,,,,,,,,,,,,,,,,,,,,,,,,,,鍋島-76,
Q23954,Q10860030,,,,,,,,,,,,,,,,,,,,,,,,,,,,,,,,,,,,,,,,,,,,,
Q23955,Q22127318,,,,,,,,,,,,,,,,,,,,,,,,,,,,,,,,,,,,,,,,,,,,,
Q23956,Q665518,,,,,,,,,,,,,,,,,,,,,,,,,,,,,,,,,,,,,,,,,,,,,
Q23957,Q11413618,,,,,,,,,,,,,,,,,,,,,,,,,,,,,,,,,,,,,,,,,,,,,
Q23958,Q11413620,,,,,,,,,,,,,,,,,,,,,,,,,,,,,,,,,,,,,,,,,,,,,
Q23963,Q10456035,,,,,,,,,,,,,,,,,,,,,,,,,,,,,,,,,,,,,,,,,,,,,
Q23964,Q5954080,,,,,,,,,,,,,,,,,,,,,,,,,,,,,,,,,,,,,,,,,,,,,
Q23965,Q8015623,,,,,,,,,,,,,,,,,,,,,,,,,,,,,,,,,,,,,,,,,,,,,
Q23966,Q24870483,,,,,,,,,,,,,,,,,,,,,,,,,,,,,,,,,,,,,,,,,,,,,
Q23967,Q28068333,,,,,,,,,,,,,,,,,,,,,,,,,,,,,,,,,,,,,,,,,,,,,
Q23968,Q42305588,,,,,,,,,,,,,,,,,,,,,,,,,,,,,,,,,,,,,,,,,,,,,
Q23969,Q44619916,,,,,,,,,,,,,,,,,,,,,,,,,,,,,,,,,,,,,,,,,,,,,
Q23970,Q11583387,,,,,,,,,,,,,,,,,,,,,,,,,,,,,,,,,,,,,,,,,,,,,
Q23971,Q11459950,,,,,,,,,,,,,,,,,,,,,,,,,,,,,,,,,,,,,,,,,,,,,
Q23973,Q11423547,,,,,,,,,,,,,,,,,,,,,,,,,,,,,,,,,,,,,,,,,,,,,
Q23975,Q10885888,,,,,,,,,,,,,,,,,,,,,,,,,,,,,,,,,,,,,,,,,,,,,
Q23977,Q11428378,,,,,,,,,,,,,,,,,,,,,,,,,,,,,,,,,,,,,,,,,,,,,
Q23978,Q8514019,,,,,,,,,,,,,,,,,,,,,,,,,,,,,,,,,,,,,,,,,,,,,
Q23979,Q8514025,,,,,,,,,,,,,,,,,,,,,,,,,,,,,,,,,,,,,,,,,,,,,
Q23982,Q11408525,,,,,,,,,,,,,,,,,,,,,,,,,,,,,,,,,,,,,,,,,,,,,
Q23983,Q8513901,,,,,,,,,,,,,,,,,,,,,,,,,,,,,,,,,,,,,,,,,,,,,
Q23984,Q8514401,,,,,,,,,,,,,,,,,,,,,,,,,,,1377681,,,,,,,,,,,,,,,,,,
Q23995,Q108780914,,,,,,,,,,,,,,,,,,,,,,,,,,,,,,,,,,,,,,,,,,,,,
Q23997,Q11644267,,,,,,,,,,,,,,,,,,,,,,,,,,,,,,,,,,,,,,,,,,,,,
Q24000,Q11556252,,,,,,,,,,,,,,,,,,,,,,,,,,,,,,,,,,,,,,,,,,,,,
Q24001,Q11556305,,,,,,,,,,,,,,,,,,,,,,,,,,,,,,,,,,,,,,,,,,,,,
Q24002,Q11656468,,,,,,,,,,,,,,,,,,,,,,,,,,,,,,,,,,,,,,,,,,,,,
Q24004,Q108910742,,,,,,,,,,,,,,,,,,,,,,,,,,,,,,,,,,,,,,,,,,,,,
Q24005,Q67498512,,,,,,,,,,,,,,,,,,,,,,,,,,,,,,,,,,,,,,,,,,,,,
Q24007,Q11557383,,,,,,,,,,,,,,,,,,,,,,,,,,,,,,,,,,,,,,,,,,,,,
Q24013,Q3299356,,,,,,,,,,,,,,,,,,,,,,,,,,,,,,,,,,,,,,,,,,,,,
Q24016,Q4832119,,,,,,,,,,,,,,,,,,,,,,,,,,,,,,,,,,,,,,,,,,,,,
Q24017,Q11556939,,,,,,,,,,,,,,,,,,,,,,,,,,,,,,,,,,,,,,,,,,,,,
Q24021,Q5354506,,,,,,,,,,,,,,,,,,,,,,,,,,,,,,,,,,,,,,,,,,,,,
Q24022,Q17224906,,,,,,,,,,,,,,,,,,,,,,,,,,,,,,,,,,,,,,,,,,,,,
Q24024,Q109287587,,,,,,,,,,,,,,,,,,,,,,,,,,,,,,,,,,,,,,,,,,,,,
Q24025,Q11604571,,,,,,,,,,,,,,,,,,,,,,,,,,,,,,,,,,,,,,,,,,,,,
Q24030,Q6606060,,,,,,,,,,,,,,,,,,,,,,,,,,,,,,,,,,,,,,,,,,,,,
Q24033,Q6788052,,,,,,,,,,,,,,,,,,,,,,,,,,,,,,,,,,,,,,,,,,,,松平-142,
Q24038,Q11489570,,,,,,,,,,,,,,,,,,,,,,,,,,,,,,,,,,,,,,,,,,,,,
Q24039,Q118697778,,,,,,,,,,,,,,,,,,,,,,,,,,,,,,,,,,,,,,,,,,,,,
Q24040,Q11376751,,,,,,,,,,,,,,,,,,,,,,,,,,,,,,,,,,,,,,,,,,,,,
Q24046,Q6529680,,,,,,,,,,,,,,,,,,,,,,,,,,,,,,,,,,,,,,,,,,,,,
Q24047,Q11551919,,,,,,,,,,,,,,,,,,,,,,,,,,,,,,,,,,,,,,,,,,,,,
Q24049,Q11356148,,,,,,,,,,,,,,,,,,,,,,,,,,,,,,,,,,,,,,,,,,,,,
Q24054,Q11380708,,,,,,,,,,,,,,,,,,,,,,,,,,,,,,,,,,,,,,,,,,,,,
Q24057,Q11586722,,,,,,,,,,,,,,,,,,,,,,,,,,,,,,,,,,,,,,,,,,,,,
Q24062,Q10866397,,,,,,,,,,,,,,,,,,,,,,,,,,,,,,,,,,,,,,,,,,,,三淵-2,
Q24064,Q11605992,,,,,,,,,,,,,,,,,,,,,,,,,,,,,,,,,,,,,,,,,,,,細川-20,
Q24065,Q11529107,,,,,,,,,,,,,,,,,,,,,,,,,,,,,,,,,,,,,,,,,,,,,
Q24066,Q11397523,,,,,,,,,,,,,,,,,,,,,,,,,,,,,,,,,,,,,,,,,,,,,
Q24073,Q11395356,,,,,,,,,,,,,,,,,,,,,,,,,,,,,,,,,,,,,,,,,,,,,
Q24076,Q11474151,,,,,,,,,,,,,,,,,,,,,,,,,,,,,,,,,,,,,,,,,,,,,
Q24080,Q11397461,,,,,,,,,,,,,,,,,,,,,,,,,,,,,,,,,,,,,,,,,,,,前田-17,
Q24082,Q8515009,,,,,,,,,,,,,,,,,,,,,,,,,,,,,,,,,,,,,,,,,,,,,
Q24083,Q8515074,,,,,,,,,,,,,,,,,,,,,,,,,,,,,,,,,,,,,,,,,,,,,
Q24090,Q11408513,,,,,,,,,,,,,,,,,,,,,,,,,,,,,,,,,,,,,,,,,,,,,
Q24095,Q8192211,,,,,,,,,,,,,,,,,,,,,,,,,,,,,,,,,,,,,,,,,,,,松倉-1,
Q24098,Q128841115,,,,,,,,,,,,,,,,,,,,,,,,,,,,,,,,,,,,,,,,,,,,,
Q24099,Q11574312,,,,,,,,,,,,,,,,,,,,,,,,,,,,,,,,,,,,,,,,,,,,,
Q24107,Q35981702,,,,,,,,,,,,,,,,,,,,,,,,,,,,,,,,,,,,,,,,,,,,,
Q24108,Q10917128,,,,,,,,,,,,,,,,,,,,,,,,,,,,,,,,,,,,,,,,,,,,,
Q24109,Q11413053,,,,,,,,,,,,,,,,,,,,,,,,,,,,,,,,,,,,,,,,,,,,,
Q24111,Q11480404,,,,,,,,,,,,,,,,,,,,,,,,,,,,,,,,,,,,,,,,,,,,,
Q24112,Q11377336,,,,,,,,,,,,,,,,,,,,,,,,,,,,,,,,,,,,,,,,,,,,,
Q24115,Q11554785,,,,,,,,,,,,,,,,,,,,,,,,,,,,,,,,,,,,,,,,,,,,,
Q24116,Q11656111,,,,,,,,,,,,,,,,,,,,,,,,,,,,,,,,,,,,,,,,,,,,,
Q24119,Q7958925,,,,,,,,,,,,,,,,,,,,,,,,,,,,,,,,,,,,,,,,,,,,,
Q24120,Q11364744,,,,,,,,,,,,,,,,,,,,,,,,,,,,,,,,,,,,,,,,,,,,,
Q24124,Q111044036,,,,,,,,,,,,,,,,,,,,,,,,,,,,,,,,,,,,,,,,,,,,,
Q24125,Q11551913,,,,,,,,,,,,,,,,,,,,,,,,,,,,,,,,,,,,,,,,,,,,,
Q24126,Q11551917,,,,,,,,,,,,,,,,,,,,,,,,,,,,,,,,,,,,,,,,,,,,,
Q24127,Q6528945,,,,,,,,,,,,,,,,,,,,,,,,,,,,,,,,,,,,,,,,,,,,,
Q24130,Q11582380,,,,,,,,,,,,,,,,,,,,,,,,,,,,,,,,,,,,,,,,,,,,池田-19,
Q24136,Q936047,,,,,,,,,,,,,,,,,,,,,,,,,,,,,,,,,,,,,,,,,,,,,
Q24137,Q10521209,,,,,,,,,,,,,,,,,,,,,,,,,,,,,,,,,,,,,,,,,,,,,
Q24141,Q8515394,,,,,,,,,,,,,,,,,,,,,,,,,,,,,,,,,,,,,,,,,,,,,
Q24144,Q97229426,,,,,,,,,,,,,,,,,,,,,,,,,,,,,,,,,,,,,,,,,,,,,
Q24147,Q17192979,,,,,,,,,,,,,,,,,,,,,,,,,,,,,,,,,,,,,,,,,,,,,
Q24150,Q15838949,,,,,,,,,,,,,,,,,,,,,,,,,,,,,,,,,,,,,,,,,,,,,
Q24151,Q15838950,,,,,,,,,,,,,,,,,,,,,,,,,,,,,,,,,,,,,,,,,,,,,
Q24152,Q15838951,,,,,,,,,,,,,,,,,,,,,,,,,,,,,,,,,,,,,,,,,,,,,
Q24153,Q6605916,,,,,,,,,,,,,,,,,,,,,,,,,,,,,,,,,,,,,,,,,,,,,
Q24155,Q6609466,,,,,,,,,,,,,,,,,,,,,,,,,,,,,,,,,,,,,,,,,,,,,
Q24157,Q6609386,,,,,,,,,,,,,,,,,,,,,,,,,,,,,,,,,,,,,,,,,,,,,
Q24158,Q6605858,,,,,,,,,,,,,,,,,,,,,,,,,,,,,,,,,,,,,,,,,,,,,
Q24163,Q11530367,,,,,,,,,,,,,,,,,,,,,,,,,,,,,,,,,,,,,,,,,,,,松平-206,
Q24164,Q8015896,,,,,,,,,,,,,,,,,,,,,,,,,,,,,,,,,,,,,,,,,,,,,
Q24167,Q7877452,,,,,,,,,,,,,,,,,,,,,,,,,,,,,,,,,,,,,,,,,,,,,
Q24168,Q8514347,,,,,,,,,,,,,,,,,,,,,,,,,,,,,,,,,,,,,,,,,,,,,
Q24169,Q11399105,,,,,,,,,,,,,,,,,,,,,,,,,,,,,,,,,,,,,,,,,,,,,
Q24172,Q6788216,,,,,,,,,,,,,,,,,,,,,,,,,,,805507,,,,,,,,,,,,,,,,,,
Q24173,Q11531822,,,,,,,,,,,,,,,,,,,,,,,,,,,805503,,,,,,,,,,,,,,,,,,
Q24175,Q11531772,,,,,,,,,,,,,,,,,,,,,,,,,,,,,,,,,,,,,,,,,,,,,
Q24176,Q10729482,,,,,,,,,,,,,,,,,,,,,,,,,,,,,,,,,,,,,,,,,,,,,
Q24182,Q11678697,,,,,,,,,,,,,,,,,,,,,,,,,,,,,,,,,,,,,,,,,,,,,
Q24183,Q11678706,,,,,,,,,,,,,,,,,,,,,,,,,,,,,,,,,,,,,,,,,,,,,
Q24185,Q81033785,,,,,,,,,,,,,,,,,,,,,,,,,,,,,,,,,,,,,,,,,,,,,
Q24186,Q11598223,,,,,,,,,,,,,,,,,,,,,,,,,,,,,,,,,,,,,,,,,,,,,
Q24187,Q11633110,,,,,,,,,,,,,,,,,,,,,,,,,,,,,,,,,,,,,,,,,,,,,
Q24190,Q11644133,,,,,,,,,,,,,,,,,,,,,,,,,,,,,,,,,,,,,,,,,,,,酒井-21,
Q24191,Q11644255,,,,,,,,,,,,,,,,,,,,,,,,,,,,,,,,,,,,,,,,,,,,,
Q24193,Q11644118,,,,,,,,,,,,,,,,,,,,,,,,,,,,,,,,,,,,,,,,,,,,,
Q24195,Q11516766,,,,,,,,,,,,,,,,,,,,,,,,,,,,,,,,,,,,,,,,,,,,,
Q24196,Q11486860,,,,,,,,,,,,,,,,,,,,,,,,,,,,,,,,,,,,,,,,,,,,,
Q24197,Q11486854,,,,,,,,,,,,,,,,,,,,,,,,,,,,,,,,,,,,,,,,,,,,,
Q24198,Q6527212,,,,,,,,,,,,,,,,,,,,,,,,,,,,,,,,,,,,,,,,,,,,,
Q24201,Q108780954,,,,,,,,,,,,,,,,,,,,,,,,,,,,,,,,,,,,,,,,,,,,,
Q24202,Q10565573,,,,,,,,,,,,,,,,,,,,,,,,,,,,,,,,,,,,,,,,,,,,水野-23,
Q24203,Q8515208,,,,,,,,,,,,,,,,,,,,,,,,,,,,,,,,,,,,,,,,,,,,酒井-42,
Q24204,Q11423283,,,,,,,,,,,,,,,,,,,,,,,,,,,,,,,,,,,,,,,,,,,,,
Q24205,Q11537542,,,,,,,,,,,,,,,,,,,,,,,,,,,,,,,,,,,,,,,,,,,,,
Q24206,Q11537540,,,,,,,,,,,,,,,,,,,,,,,,,,,,,,,,,,,,,,,,,,,,,
Q24207,Q11537537,,,,,,,,,,,,,,,,,,,,,,,,,,,,,,,,,,,,,,,,,,,,,
Q24208,Q128865463,,,,,,,,,,,,,,,,,,,,,,,,,,,,,,,,,,,,,,,,,,,,,
Q24209,Q11650664,,,,,,,,,,,,,,,,,,,,,,,,,,,,,,,,,,,,,,,,,,,,鍋島-77,
Q24214,Q11632018,,,,,,,,,,,,,,,,,,,,,,,,,,,,,,,,,,,,,,,,,,,,,
Q24222,Q1185372,,,,,,,,,,,,,,,,,,,,,,,,,,,,,,,,,,,,,,,,,,,,島津-2,
Q24223,Q11364738,,,,,,,,,,,,,,,,,,,,,,,,,,,,,,,,,,,,,,,,,,,,,
Q24228,Q846911,,,,,,,,,,,,,,,,,,,,,,,,,,,,,,,,,,,,,,,,,,,,,
Q24229,Q11666220,,,,,,,,,,,,,,,,,,,,,,,,,,,,,,,,,,,,,,,,,,,,,
Q24232,Q11534380,,,,,,,,,,,,,,,,,,,,,,,,,,,,,,,,,,,,,,,,,,,,,
Q24234,Q11379291,,,,,,,,,,,,,,,,,,,,,,,,,,,,,,,,,,,,,,,,,,,,,
Q24237,Q11630191,,,,,,,,,,,,,,,,,,,,,,,,,,,,,,,,,,,,,,,,,,,,,
Q24238,Q11361927,,,,,,,,,,,,,,,,,,,,,,,,,,,,,,,,,,,,,,,,,,,,,
Q24244,Q11518010,,,,,,,,,,,,,,,,,,,,,,,,,,,,,,,,,,,,,,,,,,,,,
Q24247,Q10729491,,,,,,,,,,,,,,,,,,,,,,,,,,,,,,,,,,,,,,,,,,,,,
Q24248,Q11594998,,,,,,,,,,,,,,,,,,,,,,,,,,,,,,,,,,,,,,,,,,,,,
Q24252,Q10521696,,,,,,,,,,,,,,,,,,,,,,,,,,,,,,,,,,,,,,,,,,,,,
Q24253,Q10524017,,,,,,,,,,,,,,,,,,,,,,,,,,,,,,,,,,,,,,,,,,,,,
Q24255,Q109678684,,,,,,,,,,,,,,,,,,,,,,,,,,,,,,,,,,,,,,,,,,,,,
Q24257,Q11263355,,,,,,,,,,,,,,,,,,,,,,,,,,,,,,,,,,,,,,,,,,,,,
Q24259,Q108701785,,,,,,,,,,,,,,,,,,,,,,,,,,,,,,,,,,,,,,,,,,,,,
Q24261,Q11425733,,,,,,,,,,,,,,,,,,,,,,,,,,,,,,,,,,,,,,,,,,,,,
Q24262,Q10856570,,,,,,,,,,,,,,,,,,,,,,,,,,,,,,,,,,,,,,,,,,,,小笠原-50,
Q24263,Q10729463,,,,,,,,,,,,,,,,,,,,,,,,,,,,,,,,,,,,,,,,,,,,松平-67,
Q24264,Q10856565,,,,,,,,,,,,,,,,,,,,,,,,,,,,,,,,,,,,,,,,,,,,小笠原-113,
Q24265,Q124483501,,,,,,,,,,,,,,,,,,,,,,,,,,,,,,,,,,,,,,,,,,,,,
Q24266,Q11520029,,,,,,,,,,,,,,,,,,,,,,,,,,,,,,,,,,,,,,,,,,,,,
Q24267,Q11583359,,,,,,,,,,,,,,,,,,,,,,,,,,,,,,,,,,,,,,,,,,,,,
Q24269,Q11423422,,,,,,,,,,,,,,,,,,,,,,,,,,,,,,,,,,,,,,,,,,,,,
Q24270,Q8515496,,,,,,,,,,,,,,,,,,,,,,,,,,,,,,,,,,,,,,,,,,,,,
Q24271,Q10520285,,,,,,,,,,,,,,,,,,,,,,,,,,,,,,,,,,,,,,,,,,,,,
Q24272,Q10520134,,,,,,,,,,,,,,,,,,,,,,,,,,,,,,,,,,,,,,,,,,,,,
Q24273,Q11520025,,,,,,,,,,,,,,,,,,,,,,,,,,,,,,,,,,,,,,,,,,,,,
Q24274,Q11373078,,,,,,,,,,,,,,,,,,,,,,,,,,,,,,,,,,,,,,,,,,,,,
Q24278,Q11647294,,,,,,,,,,,,,,,,,,,,,,,,,,,,,,,,,,,,,,,,,,,,,
Q24280,Q10565538,,,,,,,,,,,,,,,,,,,,,,,,,,,,,,,,,,,,,,,,,,,,,
Q24282,Q4790671,,,,,,,,,,,,,,,,,,,,,,,,,,,,,,,,,,,,,,,,,,,,,
Q24283,Q11516824,,,,,,,,,,,,,,,,,,,,,,,,,,,,,,,,,,,,,,,,,,,,,
Q24284,Q11555461,,,,,,,,,,,,,,,,,,,,,,,,,,,,,,,,,,,,,,,,,,,,,
Q24289,Q11608431,,,,,,,,,,,,,,,,,,,,,,,,,,,,,,,,,,,,,,,,,,,,織田-47,
Q24291,Q11608296,,,,,,,,,,,,,,,,,,,,,,,,,,,,,,,,,,,,,,,,,,,,織田-26,
Q24367,Q51166422,,,,,,,,,,,,,,,,,,,,,,,,,,,,,,,,,,,,,,,,,,,,池田-102,
Q24368,Q51574635,,,,,,,,,,,,,,,,,,,,,,,,,,,,,,,,,,,,,,,,,,,,池田-99,
Q24369,Q55407076,,,,,,,,,,,,,,,,,,,,,,,,,,,,,,,,,,,,,,,,,,,,澁澤-17,
Q24370,Q106841571,,,,,,,,,,,,,,,,,,,,,,,,,,,,,,,,,,,,,,,,,,,,,
Q24373,Q11427632,,,,,,,,,,,,,,,,,,,,,,,,,,,,,,,,,,,,,,,,,,,,堀田-45,
Q24382,Q11483083,,,,,,,,,,,,,,,,,,,,,,,,,,,,,,,,,,,,,,,,,,,,,
Q24388,Q11489582,,,,,,,,,,,,,,,,,,,,,,,,,,,,,,,,,,,,,,,,,,,,,
Q24389,Q11255668,,,,,,,,,,,,,,,,,,,,,,,,,,,,,,,,,,,,,,,,,,,,,
Q24394,Q10862092,,,,,,,,,,,,,,,,,,,,,,,,,,,,,,,,,,,,,,,,,,,,,
Q24409,Q11608373,,,,,,,,,,,,,,,,,,,,,,,,,,,,,,,,,,,,,,,,,,,,,
Q24412,Q11596933,,,,,,,,,,,,,,,,,,,,,,,,,,,,,,,,,,,,,,,,,,,,,
Q24414,Q11354963,,,,,,,,,,,,,,,,,,,,,,,,,,,,,,,,,,,,,,,,,,,,,
Q24415,Q10865731,,,,,,,,,,,,,,,,,,,,,,,,,,,,,,,,,,,,,,,,,,,,,
Q24425,Q11626763,,,,,,,,,,,,,,,,,,,,,,,,,,,,,,,,,,,,,,,,,,,,,
Q24428,Q11631876,,,,,,,,,,,,,,,,,,,,,,,,,,,,,,,,,,,,,,,,,,,,,
Q24431,Q7825795,,,,,,,,,,,,,,,,,,,,,,,,,,,,,,,,,,,,,,,,,,,,,
Q24432,Q11539154,,,,,,,,,,,,,,,,,,,,,,,,,,,,,,,,,,,,,,,,,,,,,
Q24433,Q11540411,,,,,,,,,,,,,,,,,,,,,,,,,,,,,,,,,,,,,,,,,,,,,
Q24437,Q10729421,,,,,,,,,,,,,,,,,,,,,,,,,,,,,,,,,,,,,,,,,,,,,
Q24438,Q10729372,,,,,,,,,,,,,,,,,,,,,,,,,,,,,,,,,,,,,,,,,,,,,
Q24439,Q8514486,,,,,,,,,,,,,,,,,,,,,,,,,,,,,,,,,,,,,,,,,,,,,
Q24442,Q10524398,,,,,,,,,,,,,,,,,,,,,,,,,,,,,,,,,,,,,,,,,,,,,
Q24458,Q29425147,,,,,,,,,,,,,,,,,,,,,,,,,,,,,,,,,,,,,,,,,,,,,
Q24462,Q118697766,,,,,,,,,,,,,,,,,,,,,,,,,,,,,,,,,,,,,,,,,,,,,
Q24466,Q11454002,,,,,,,,,,,,,,,,,,,,,,,,,,,,,,,,,,,,,,,,,,,,,
Q24469,Q8515986,,,,,,,,,,,,,,,,,,,,,,,,,,,,,,,,,,,,,,,,,,,,酒井-40,
Q24474,Q11480568,,,,,,,,,,,,,,,,,,,,,,,,,,,,,,,,,,,,,,,,,,,,,
Q24494,Q11510641,,,,,,,,,,,,,,,,,,,,,,,,,,,,,,,,,,,,,,,,,,,,,
Q24497,Q11356503,,,,,,,,,,,,,,,,,,,,,,,,,,,,,,,,,,,,,,,,,,,,三浦-43,
Q24498,Q382306,,,,,,,,,,,,,,,,,,,,,,,,,,,,,,,,,,,,,,,,,,,,,
Q24499,Q10525310,,,,,,,,,,,,,,,,,,,,,,,,,,,,,,,,,,,,,,,,,,,,,
Q24506,Q11644171,,,,,,,,,,,,,,,,,,,,,,,,,,,,,,,,,,,,,,,,,,,,,
Q24523,Q11161473,,,,,,,,,,,,,,,,,,,,,,,,,,,,,,,,,,,,,,,,,,,,,
Q24525,Q11239141,,,,,,,,,,,,,,,,,,,,,,,,,,,,,,,,,,,,,,,,,,,,松平-303,
Q24526,Q11583391,,,,,,,,,,,,,,,,,,,,,,,,,,,,,,,,,,,,,,,,,,,,,
Q24527,Q10729405,,,,,,,,,,,,,,,,,,,,,,,,,,,,,,,,,,,,,,,,,,,,,
Q24530,Q11466449,,,,,,,,,,,,,,,,,,,,,,,,,,,,,,,,,,,,,,,,,,,,,
Q24531,Q11382585,,,,,,,,,,,,,,,,,,,,,,,,,,,,,,,,,,,,,,,,,,,,,
Q24535,Q11427580,,,,,,,,,,,,,,,,,,,,,,,,,,,,,,,,,,,,,,,,,,,,,
Q24538,Q11545690,,,,,,,,,,,,,,,,,,,,,,,,,,,,,,,,,,,,,,,,,,,,,
Q24544,Q11369364,,,,,,,,,,,,,,,,,,,,,,,,,,,,,,,,,,,,,,,,,,,,,
Q24545,Q11369366,,,,,,,,,,,,,,,,,,,,,,,,,,,,,,,,,,,,,,,,,,,,,
Q24557,Q11466495,,,,,,,,,,,,,,,,,,,,,,,,,,,,,,,,,,,,,,,,,,,,,
Q24560,Q11605875,,,,,,,,,,,,,,,,,,,,,,,,,,,,,,,,,,,,,,,,,,,,細川-41,
Q24572,Q11644179,,,,,,,,,,,,,,,,,,,,,,,,,,,,,,,,,,,,,,,,,,,,酒井-17,
Q24573,Q11644124,,,,,,,,,,,,,,,,,,,,,,,,,,,,,,,,,,,,,,,,,,,,酒井-18,
Q24577,Q11427687,,,,,,,,,,,,,,,,,,,,,,,,,,,,,,,,,,,,,,,,,,,,,
Q24578,Q8515344,,,,,,,,,,,,,,,,,,,,,,,,,,,,,,,,,,,,,,,,,,,,小笠原-39,
Q24580,Q10859967,,,,,,,,,,,,,,,,,,,,,,,,,,,,,,,,,,,,,,,,,,,,,
Q24583,Q11586327,,,,,,,,,,,,,,,,,,,,,,,,,,,,,,,,,,,,,,,,,,,,,
Q24584,Q11586316,,,,,,,,,,,,,,,,,,,,,,,,,,,,,,,,,,,,,,,,,,,,,
Q24587,Q11549148,,,,,,,,,,,,,,,,,,,,,,,,,,,,,,,,,,,,,,,,,,,,,
Q24591,Q11591868,,,,,,,,,,,,,,,,,,,,,,,,,,,,,,,,,,,,,,,,,,,,,
Q24593,Q11394305,,,,,,,,,,,,,,,,,,,,,,,,,,,,,,,,,,,,,,,,,,,,,
Q24594,Q11483748,,,,,,,,,,,,,,,,,,,,,,,,,,,,,,,,,,,,,,,,,,,,,
Q24595,Q11394317,,,,,,,,,,,,,,,,,,,,,,,,,,,,,,,,,,,,,,,,,,,,,
Q24598,Q11520032,,,,,,,,,,,,,,,,,,,,,,,,,,,,,,,,,,,,,,,,,,,,,
Q24599,Q11605854,,,,,,,,,,,,,,,,,,,,,,,,,,,,,,,,,,,,,,,,,,,,細川-38,
Q24604,Q11594839,,,,,,,,,,,,,,,,,,,,,,,,,,,,,,,,,,,,,,,,,,,,,
Q24605,Q11650707,,,,,,,,,,,,,,,,,,,,,,,,,,,,,,,,,,,,,,,,,,,,,
Q24606,Q6956822,,,,,,,,,,,,,,,,,,,,,,,,,,,,,,,,,,,,,,,,,,,,鍋島-83,
Q24612,Q8190645,,,,,,,,,,,,,,,,,,,,,,,,,,,,,,,,,,,,,,,,,,,,,
Q24613,Q11585822,,,,,,,,,,,,,,,,,,,,,,,,,,,,,,,,,,,,,,,,,,,,,
Q24614,Q17192982,,,,,,,,,,,,,,,,,,,,,,,,,,,,,,,,,,,,,,,,,,,,,
Q24615,Q17192976,,,,,,,,,,,,,,,,,,,,,,,,,,,,,,,,,,,,,,,,,,,,,
Q24619,Q11618437,,,,,,,,,,,,,,,,,,,,,,,,,,,,,,,,,,,,,,,,,,,,,
Q24622,Q105711155,,,,,,,,,,,,,,,,,,,,,,,,,,,,,,,,,,,,,,,,,,,,,
Q24623,Q11552034,,,,,,,,,,,,,,,,,,,,,,,,,,,,,,,,,,,,,,,,,,,,,
Q24626,Q11552180,,,,,,,,,,,,,,,,,,,,,,,,,,,,,,,,,,,,,,,,,,,,,
Q24627,Q5767002,,,,,,,,,,,,,,,,,,,,,,,,,,,,,,,,,,,,,,,,,,,,,
Q24629,Q11379422,,,,,,,,,,,,,,,,,,,,,,,,,,,,,,,,,,,,,,,,,,,,,
Q24630,Q11612102,,,,,,,,,,,,,,,,,,,,,,,,,,,,,,,,,,,,,,,,,,,,,
Q24639,Q11396146,,,,,,,,,,,,,,,,,,,,,,,,,,,,,,,,,,,,,,,,,,,,,
Q24641,Q11369500,,,,,,,,,,,,,,,,,,,,,,,,,,,,,,,,,,,,,,,,,,,,,
Q24643,Q11369497,,,,,,,,,,,,,,,,,,,,,,,,,,,,,,,,,,,,,,,,,,,,,
Q24647,Q11653192,,,,,,,,,,,,,,,,,,,,,,,,,,,,,,,,,,,,,,,,,,,,,
Q24651,Q11423087,,,,,,,,,,,,,,,,,,,,,,,,,,,,,,,,,,,,,,,,,,,,,
Q24652,Q11379411,,,,,,,,,,,,,,,,,,,,,,,,,,,,,,,,,,,,,,,,,,,,,
Q24654,Q11569852,,,,,,,,,,,,,,,,,,,,,,,,,,,,,,,,,,,,,,,,,,,,,
Q24655,Q7677468,,,,,,,,,,,,,,,,,,,,,,,,,,,,,,,,,,,,,,,,,,,,,
Q24656,Q11382694,,,,,,,,,,,,,,,,,,,,,,,,,,,,,,,,,,,,,,,,,,,,,
Q24658,Q11382682,,,,,,,,,,,,,,,,,,,,,,,,,,,,,,,,,,,,,,,,,,,,,
Q24659,Q11382686,,,,,,,,,,,,,,,,,,,,,,,,,,,,,,,,,,,,,,,,,,,,,
Q24661,Q11473490,,,,,,,,,,,,,,,,,,,,,,,,,,,,,,,,,,,,,,,,,,,,,
Q24664,Q11551982,,,,,,,,,,,,,,,,,,,,,,,,,,,,,,,,,,,,,,,,,,,,,
Q24667,Q11551707,,,,,,,,,,,,,,,,,,,,,,,,,,,,,,,,,,,,,,,,,,,,,
Q24671,Q10729335,,,,,,,,,,,,,,,,,,,,,,,,,,,,,,,,,,,,,,,,,,,,,
Q24675,Q11551809,,,,,,,,,,,,,,,,,,,,,,,,,,,,,,,,,,,,,,,,,,,,,
Q24679,Q921113,,,,,,,,,,,,,,,,,,,,,,,,,,,,,,,,,,,,,,,,,,,,,
Q24680,Q10879082,,,,,,,,,,,,,,,,,,,,,,,,,,,,,,,,,,,,,,,,,,,,,
Q24682,Q11413125,,,,,,,,,,,,,,,,,,,,,,,,,,,,,,,,,,,,,,,,,,,,,
Q24683,Q1071770,,,,,,,,,,,,,,,,,,,,,,,,,,,,,,,,,,,,,,,,,,,,,
Q24685,Q22127719,,,,,,,,,,,,,,,,,,,,,,,,,,,,,,,,,,,,,,,,,,,,,
Q24687,Q11549750,,,,,,,,,,,,,,,,,,,,,,,,,,,,,,,,,,,,,,,,,,,,,
Q24688,Q3335052,,,,,,,,,,,,,,,,,,,,,,,,,,,,,,,,,,,,,,,,,,,,,
Q24691,Q6527371,,,,,,,,,,,,,,,,,,,,,,,,,,,,,,,,,,,,,,,,,,,,,
Q24705,Q10859970,,,,,,,,,,,,,,,,,,,,,,,,,,,,,,,,,,,,,,,,,,,,小笠原-14,
Q24706,Q10856534,,,,,,,,,,,,,,,,,,,,,,,,,,,,,,,,,,,,,,,,,,,,,
Q24708,Q10860078,,,,,,,,,,,,,,,,,,,,,,,,,,,,,,,,,,,,,,,,,,,,,
Q24710,Q10860081,,,,,,,,,,,,,,,,,,,,,,,,,,,,,,,,,,,,,,,,,,,,,
Q24711,Q10860096,,,,,,,,,,,,,,,,,,,,,,,,,,,,,,,,,,,,,,,,,,,,,
Q24716,Q11580943,,,,,,,,,,,,,,,,,,,,,,,,,,,,,,,,,,,,,,,,,,,,,
Q24717,Q11467505,,,,,,,,,,,,,,,,,,,,,,,,,,,,,,,,,,,,,,,,,,,,,
Q24718,Q11563567,,,,,,,,,,,,,,,,,,,,,,,,,,,,,,,,,,,,,,,,,,,,,
Q24719,Q11370776,,,,,,,,,,,,,,,,,,,,,,,,,,,,,,,,,,,,,,,,,,,,,
Q24723,Q11161255,,,,,,,,,,,,,,,,,,,,,,,,,,,,,,,,,,,,,,,,,,,,,
Q24726,Q11161327,,,,,,,,,,,,,,,,,,,,,,,,,,,,,,,,,,,,,,,,,,,,,
Q24727,Q11459991,,,,,,,,,,,,,,,,,,,,,,,,,,,,,,,,,,,,,,,,,,,,,
Q24728,Q11633543,,,,,,,,,,,,,,,,,,,,,,,,,,,,,,,,,,,,,,,,,,,,,
Q24731,Q17225020,,,,,,,,,,,,,,,,,,,,,,,,,,,,,,,,,,,,,,,,,,,,,
Q24732,Q11518596,,,,,,,,,,,,,,,,,,,,,,,,,,,,,,,,,,,,,,,,,,,,,
Q24737,Q11596952,,,,,,,,,,,,,,,,,,,,,,,,,,,,,,,,,,,,,,,,,,,,,
Q24742,Q11397622,,,,,,,,,,,,,,,,,,,,,,,,,,,,,,,,,,,,,,,,,,,,,
Q24745,Q11576292,,,,,,,,,,,,,,,,,,,,,,,,,,,,,,,,,,,,,,,,,,,,,
Q24748,Q11353173,,,,,,,,,,,,,,,,,,,,,,,,,,,,,,,,,,,,,,,,,,,,,
Q24755,Q10270429,,,,,,,,,,,,,,,,,,,,,,,,,,,,,,,,,,,,,,,,,,,,,
Q24761,Q11603628,,,,,,,,,,,,,,,,,,,,,,,,,,,,,,,,,,,,,,,,,,,,,
Q24762,Q68185288,,,,,,,,,,,,,,,,,,,,,,,,,,,,,,,,,,,,,,,,,,,,,
Q24771,Q24871982,,,,,,,,,,,,,,,,,,,,,,,,,,,,,,,,,,,,,,,,,,,,,
Q24772,Q24872208,,,,,,,,,,,,,,,,,,,,,,,,,,,,,,,,,,,,,,,,,,,,,
Q24773,Q11564452,,,,,,,,,,,,,,,,,,,,,,,,,,,,,,,,,,,,,,,,,,,,,
Q24776,Q11474112,,,,,,,,,,,,,,,,,,,,,,,,,,,,,,,,,,,,,,,,,,,,,
Q24777,Q11670950,,,,,,,,,,,,,,,,,,,,,,,,,,,,,,,,,,,,,,,,,,,,,
Q24779,Q11626145,,,,,,,,,,,,,,,,,,,,,,,,,,,,,,,,,,,,,,,,,,,,,
Q24780,Q11095138,,,,,,,,,,,,,,,,,,,,,,,,,,,,,,,,,,,,,,,,,,,,,
Q24785,Q108781071,,,,,,,,,,,,,,,,,,,,,,,,,,,,,,,,,,,,,,,,,,,,,
Q24787,Q1156288,,,,,,,,,,,,,,,,,,,,,,,,,,,,,,,,,,,,,,,,,,,,島津-38,
Q24788,Q860025,,,,,,,,,,,,,,,,,,,,,,,,,,,,,,,,,,,,,,,,,,,,,
Q24789,Q1133219,,,,,,,,,,,,,,,,,,,,,,,,,,,,,,,,,,,,,,,,,,,,,
Q24790,Q6410238,,,,,,,,,,,,,,,,,,,,,,,,,,,,,,,,,,,,,,,,,,,,,
Q24791,Q11162591,,,,,,,,,,,,,,,,,,,,,,,,,,,,,,,,,,,,,,,,,,,,,
Q24793,Q11596381,,,,,,,,,,,,,,,,,,,,,,,,,,,,,,,,,,,,,,,,,,,,,
Q24794,Q11611477,,,,,,,,,,,,,,,,,,,,,,,,,,,,,,,,,,,,,,,,,,,,,
Q24795,Q11163042,,,,,,,,,,,,,,,,,,,,,,,,,,,,,,,,,,,,,,,,,,,,,
Q24798,Q10899067,,,,,,,,,,,,,,,,,,,,,,,,,,,,,,,,,,,,,,,,,,,,,
Q24799,Q109288035,,,,,,,,,,,,,,,,,,,,,,,,,,,,,,,,,,,,,,,,,,,,,
Q24802,Q6607029,,,,,,,,,,,,,,,,,,,,,,,,,,,,,,,,,,,,,,,,,,,,,
Q24806,Q11574313,,,,,,,,,,,,,,,,,,,,,,,,,,,,,,,,,,,,,,,,,,,,,
Q24810,Q11605847,,,,,,,,,,,,,,,,,,,,,,,,,,,,,,,,,,,,,,,,,,,,,
Q24811,Q11369634,,,,,,,,,,,,,,,,,,,,,,,,,,,,,,,,,,,,,,,,,,,,,
Q24812,Q11635702,,,,,,,,,,,,,,,,,,,,,,,,,,,,,,,,,,,,,,,,,,,,,
Q24813,Q2828930,,,,,,,,,,,,,,,,,,,,,,,,,,,,,,,,,,,,,,,,,,,,,
Q24814,Q11635689,,,,,,,,,,,,,,,,,,,,,,,,,,,,,,,,,,,,,,,,,,,,,
Q24817,Q11352874,,,,,,,,,,,,,,,,,,,,,,,,,,,,,,,,,,,,,,,,,,,,,
Q24818,Q11352871,,,,,,,,,,,,,,,,,,,,,,,,,,,,,,,,,,,,,,,,,,,,,
Q24831,Q108929098,,,,,,,,,,,,,,,,,,,,,,,,,,,,,,,,,,,,,,,,,,,,,
Q24858,Q11519652,,,,,,,,,,,,,,,,,,,,,,,,,,,,,,,,,,,,,,,,,,,,,
Q24859,Q105711118,,,,,,,,,,,,,,,,,,,,,,,,,,,,,,,,,,,,,,,,,,,,,
Q24864,Q11665947,,,,,,,,,,,,,,,,,,,,,,,,,,,,,,,,,,,,,,,,,,,,,
Q24867,Q11460059,,,,,,,,,,,,,,,,,,,,,,,,,,,,,,,,,,,,,,,,,,,,,
Q24869,Q11515452,,,,,,,,,,,,,,,,,,,,,,,,,,,,,,,,,,,,,,,,,,,,,
Q24871,Q81783614,,,,,,,,,,,,,,,,,,,,,,,,,,,,,,,,,,,,,,,,,,,,,
Q24887,Q11366613,,,,,,,,,,,,,,,,,,,,,,,,,,,,,,,,,,,,,,,,,,,,,
Q24888,Q11366319,,,,,,,,,,,,,,,,,,,,,,,,,,,,,,,,,,,,,,,,,,,,,
Q24897,Q11423488,,,,,,,,,,,,,,,,,,,,,,,,,,,,,,,,,,,,,,,,,,,,,
Q24898,Q11423490,,,,,,,,,,,,,,,,,,,,,,,,,,,,,,,,,,,,,,,,,,,,,
Q24928,Q7223210,,,,,,,,,,,,,,,,,,,,,,,,,,,,,,,,,,,,,,,,,,,,西園寺-2,
Q24933,Q8514319,,,,,,,,,,,,,,,,,,,,,,,,,,,,,,,,,,,,,,,,,,,,,
Q25106,Q11599418,,,,,,,,,,,,,,,,,,,,,,,,,,,,,,,,,,,,,,,,,,,,,
Q25111,Q11069238,,,,,,,,,,,,,,,,,,,,,,,,,,,,,,,,,,,,,,,,,,,,,
Q25112,Q60230272,,,,,,,,,,,,,,,,,,,,,,,,,,,,,,,,,,,,,,,,,,,,,
Q25113,Q11069191,,,,,,,,,,,,,,,,,,,,,,,,,,,,,,,,,,,,,,,,,,,,,
Q25114,Q4778838,,,,,,,,,,,,,,,,,,,,,,,,,,,,,,,,,,,,,,,,,,,,,
Q25117,Q110391844,,,,,,,,,,,,,,,,,,,,,,,,,,,,,,,,,,,,,,,,,,,,,
Q25158,Q11369751,,,,,,,,,,,,,,,,,,,,,,,,,,,,,,,,,,,,,,,,,,,,,
Q25161,Q59552330,,,,,,,,,,,,,,,,,,,,,,,,,,,,,,,,,,,,,,,,,,,,高辻-7,
Q25166,Q11650691,,,,,,,,,,,,,,,,,,,,,,,,,,,,,,,,,,,,,,,,,,,,鍋島-78,
Q25175,Q497305,,,,,,,,,,,,,,,,,,,,,,,,,,,,,,,,,,,,,,,,,,,,,
Q25177,Q497533,,,,,,,,,,,,,,,,,,,,,,,,,,,,,,,,,,,,,,,,,,,,,
Q25178,Q484898,,,,,,,,,,,,,,,,,,,,,,,,,,,,,,,,,,,,,,,,,,,,,
Q25179,Q6673483,,,,,,,,,,,,,,,,,,,,,,,,,,,,,,,,,,,,,,,,,,,,,
Q25180,Q12597297,,,,,,,,,,,,,,,,,,,,,,,,,,,,,,,,,,,,,,,,,,,,,
Q25181,Q12605155,,,,,,,,,,,,,,,,,,,,,,,,,,,,,,,,,,,,,,,,,,,,,
Q25182,Q28776562,,,,,,,,,,,,,,,,,,,,,,,,,,,,,,,,,,,,,,,,,,,,,
Q25183,Q84897462,,,,,,,,,,,,,,,,,,,,,,,,,,,,,,,,,,,,,,,,,,,,,
Q25190,Q496806,,,,,,,,,,,,,,,,,,,,,,,,,,,,,,,,,,,,,,,,,,,,,
Q25192,Q7225915,,,,,,,,,,,,,,,,,,,,,,,,,,,,,,,,,,,,,,,,,,,,,
Q25193,Q45690586,,,,,,,,,,,,,,,,,,,,,,,,,,,,,,,,,,,,,,,,,,,,,
Q25194,Q45692233,,,,,,,,,,,,,,,,,,,,,,,,,,,,,,,,,,,,,,,,,,,,,
Q25197,Q45692543,,,,,,,,,,,,,,,,,,,,,,,,,,,,,,,,,,,,,,,,,,,,,
Q25199,Q45699338,,,,,,,,,,,,,,,,,,,,,,,,,,,,,,,,,,,,,,,,,,,,,
Q25201,Q45658263,,,,,,,,,,,,,,,,,,,,,,,,,,,,,,,,,,,,,,,,,,,,,
Q25204,Q45700609,,,,,,,,,,,,,,,,,,,,,,,,,,,,,,,,,,,,,,,,,,,,,
Q25205,Q256555,,,,,,,,,,,,,,,,,,,,,,,,,,,1206022,,,,,,,,,,,,,,,,,,
Q25208,Q45700125,,,,,,,,,,,,,,,,,,,,,,,,,,,,,,,,,,,,,,,,,,,,,
Q25212,Q45439317,,,,,,,,,,,,,,,,,,,,,,,,,,,,,,,,,,,,,,,,,,,,,
Q25213,Q45700809,,,,,,,,,,,,,,,,,,,,,,,,,,,,,,,,,,,,,,,,,,,,,
Q25214,Q45700834,,,,,,,,,,,,,,,,,,,,,,,,,,,,,,,,,,,,,,,,,,,,,
Q25215,Q45700860,,,,,,,,,,,,,,,,,,,,,,,,,,,,,,,,,,,,,,,,,,,,,
Q25216,Q45700885,,,,,,,,,,,,,,,,,,,,,,,,,,,,,,,,,,,,,,,,,,,,,
Q25218,Q45700935,,,,,,,,,,,,,,,,,,,,,,,,,,,,,,,,,,,,,,,,,,,,,
Q25219,Q45701060,,,,,,,,,,,,,,,,,,,,,,,,,,,,,,,,,,,,,,,,,,,,,
Q25221,Q22813508,,,,,,,,,,,,,,,,,,,,,,,,,,,,,,,,,,,,,,,,,,,,,
Q25224,Q45696095,,,,,,,,,,,,,,,,,,,,,,,,,,,,,,,,,,,,,,,,,,,,,
Q25225,Q45524429,,,,,,,,,,,,,,,,,,,,,,,,,,,,,,,,,,,,,,,,,,,,,
Q25227,Q45692712,,,,,,,,,,,,,,,,,,,,,,,,,,,,,,,,,,,,,,,,,,,,,
Q25228,Q45692770,,,,,,,,,,,,,,,,,,,,,,,,,,,,,,,,,,,,,,,,,,,,,
Q25229,Q45692824,,,,,,,,,,,,,,,,,,,,,,,,,,,,,,,,,,,,,,,,,,,,,
Q25231,Q45698949,,,,,,,,,,,,,,,,,,,,,,,,,,,,,,,,,,,,,,,,,,,,,
Q25232,Q45699027,,,,,,,,,,,,,,,,,,,,,,,,,,,,,,,,,,,,,,,,,,,,,
Q25233,Q45699155,,,,,,,,,,,,,,,,,,,,,,,,,,,,,,,,,,,,,,,,,,,,,
Q25240,Q45444115,,,,,,,,,,,,,,,,,,,,,,,,,,,,,,,,,,,,,,,,,,,,,
Q25241,Q45677194,,,,,,,,,,,,,,,,,,,,,,,,,,,,,,,,,,,,,,,,,,,,,
Q25243,Q45450729,,,,,,,,,,,,,,,,,,,,,,,,,,,,,,,,,,,,,,,,,,,,,
Q25244,Q45450792,,,,,,,,,,,,,,,,,,,,,,,,,,,,,,,,,,,,,,,,,,,,,
Q25245,Q45450854,,,,,,,,,,,,,,,,,,,,,,,,,,,,,,,,,,,,,,,,,,,,,
Q25250,Q45442231,,,,,,,,,,,,,,,,,,,,,,,,,,,,,,,,,,,,,,,,,,,,,
Q25251,Q45442360,,,,,,,,,,,,,,,,,,,,,,,,,,,,,,,,,,,,,,,,,,,,,
Q25252,Q16904310,,,,,,,,,,,,,,,,,,,,,,,,,,,,,,,,,,,,,,,,,,,,,
Q25253,Q73515096,,,,,,,,,,,,,,,,,,,,,,,,,,,,,,,,,,,,,,,,,,,,,
Q25254,Q73515175,,,,,,,,,,,,,,,,,,,,,,,,,,,,,,,,,,,,,,,,,,,,,
Q25255,Q11597736,,,,,,,,,,,,,,,,,,,,,,,,,,,,,,,,,,,,,,,,,,,,,
Q25256,Q1079679,,,,,,,,,,,,,,,,,,,,,,,,,,,,,,,,,,,,,,,,,,,,,
Q25257,Q11119529,,,,,,,,,,,,,,,,,,,,,,,,,,,,,,,,,,,,,,,,,,,,,
Q25258,Q68097747,,,,,,,,,,,,,,,,,,,,,,,,,,,,,,,,,,,,,,,,,,,,,
Q25259,Q71057472,,,,,,,,,,,,,,,,,,,,,,,,,,,,,,,,,,,,,,,,,,,,,
Q25260,Q71057652,,,,,,,,,,,,,,,,,,,,,,,,,,,,,,,,,,,,,,,,,,,,,
Q25263,Q11053522,,,,,,,,,,,,,,,,,,,,,,,,,,,,,,,,,,,,,,,,,,,,,
Q25264,Q855758,,,,,,,,,,,,,,,,,,,,,,,,,,,,,,,,,,,,,,,,,,,,,
Q25265,Q855811,,,,,,,,,,,,,,,,,,,,,,,,,,,,,,,,,,,,,,,,,,,,,
Q25266,Q985915,,,,,,,,,,,,,,,,,,,,,,,,,,,,,,,,,,,,,,,,,,,,,
Q25267,Q985910,,,,,,,,,,,,,,,,,,,,,,,,,,,,,,,,,,,,,,,,,,,,,
Q25268,Q1149124,,,,,,,,,,,,,,,,,,,,,,,,,,,1443265,,,,,,,,,,,,,,,,,,
Q25269,Q10946208,,,,,,,,,,,,,,,,,,,,,,,,,,,,,,,,,,,,,,,,,,,,,
Q25270,Q10946209,,,,,,,,,,,,,,,,,,,,,,,,,,,,,,,,,,,,,,,,,,,,,
Q25274,Q45659035,,,,,,,,,,,,,,,,,,,,,,,,,,,,,,,,,,,,,,,,,,,,,
Q25380,Q2923034,,,,,,,,,,,,,,,,,,,,,,,,,,,,,,,,,,,,,,,,,,,,,
Q25381,Q5962509,,,,,,,,,,,,,,,,,,,,,,,,,,,,,,,,,,,,,,,,,,,,,
Q25382,Q159173,,,,,,,,,,,,,,,,,,,,,,,,,,,,,,,,,,,,,,,,,,,,,
Q25383,Q5962686,,,,,,,,,,,,,,,,,,,,,,,,,,,,,,,,,,,,,,,,,,,,,
Q25384,Q11495392,,,,,,,,,,,,,,,,,,,,,,,,,,,,,,,,,,,,,,,,,,,,,
Q25385,Q6509543,,,,,,,,,,,,,,,,,,,,,,,,,,,,,,,,,,,,,,,,,,,,,
Q25386,Q11126481,,,,,,,,,,,,,,,,,,,,,,,,,,,,,,,,,,,,,,,,,,,,,
Q25387,Q10565905,,,,,,,,,,,,,,,,,,,,,,,,,,,,,,,,,,,,,,,,,,,,,
Q25388,Q5952376,,,,,,,,,,,,,,,,,,,,,,,,,,,,,,,,,,,,,,,,,,,,,
Q25389,Q11565038,,,,,,,,,,,,,,,,,,,,,,,,,,,,,,,,,,,,,,,,,,,,,
Q25390,Q5952277,,,,,,,,,,,,,,,,,,,,,,,,,,,,,,,,,,,,,,,,,,,,,
Q25391,Q19530171,,,,,,,,,,,,,,,,,,,,,,,,,,,,,,,,,,,,,,,,,,,,,
Q25392,Q19534943,,,,,,,,,,,,,,,,,,,,,,,,,,,,,,,,,,,,,,,,,,,,,
Q25393,Q19534986,,,,,,,,,,,,,,,,,,,,,,,,,,,,,,,,,,,,,,,,,,,,,
Q25394,Q19535037,,,,,,,,,,,,,,,,,,,,,,,,,,,,,,,,,,,,,,,,,,,,,
Q25395,Q19535091,,,,,,,,,,,,,,,,,,,,,,,,,,,,,,,,,,,,,,,,,,,,,
Q25396,Q6963537,,,,,,,,,,,,,,,,,,,,,,,,,,,,,,,,,,,,,,,,,,,,,
Q25397,Q6847660,,,,,,,,,,,,,,,,,,,,,,,,,,,,,,,,,,,,,,,,,,,,,
Q25398,Q878465,,,,,,,,,,,,,,,,,,,,,,,,,,,564075,,,,,,,,,,,,,,,,,,
Q25399,Q8253991,,,,,,,,,,,,,,,,,,,,,,,,,,,,,,,,,,,,,,,,,,,,,
Q25400,Q1052091,,,,,,,,,,,,,,,,,,,,,,,,,,,,,,,,,,,,,,,,,,,,,
Q25401,Q388766,,,,,,,,,,,,,,,,,,,,,,,,,,,1443300|593865,,,,,,,,,,,,,,,,,,
Q25402,Q630150,,,,,,,,,,,,,,,,,,,,,,,,,,,,,,,,,,,,,,,,,,,,,
Q25403,Q10920479,,,,,,,,,,,,,,,,,,,,,,,,,,,,,,,,,,,,,,,,,,,,,
Q25404,Q19825419,,,,,,,,,,,,,,,,,,,,,,,,,,,,,,,,,,,,,,,,,,,,,
Q25405,Q1645134,,,,,,,,,,,,,,,,,,,,,,,,,,,,,,,,,,,,,,,,,,,,,
Q25406,Q6708334,,,,,,,,,,,,,,,,,,,,,,,,,,,,,,,,,,,,,,,,,,,,,
Q25407,Q5951455,,,,,,,,,,,,,,,,,,,,,,,,,,,,,,,,,,,,,,,,,,,,,
Q25408,Q6841572,,,,,,,,,,,,,,,,,,,,,,,,,,,,,,,,,,,,,,,,,,,,,
Q25409,Q7420129,,,,,,,,,,,,,,,,,,,,,,,,,,,,,,,,,,,,,,,,,,,,,
Q25410,Q878477,,,,,,,,,,,,,,,,,,,,,,,,,,,564077,,,,,,,,,,,,,,,,,,
Q25411,Q888017,,,,,,,,,,,,,,,,,,,,,,,,,,,593847,,,,,,,,,,,,,,,,,,
Q25412,Q701488,,,,,,,,,,,,,,,,,,,,,,,,,,,1443304,,,,,,,,,,,,,,,,,,
Q25413,Q712380,,,,,,,,,,,,,,,,,,,,,,,,,,,,,,,,,,,,,,,,,,,,,
Q25414,Q1051363,,,,,,,,,,,,,,,,,,,,,,,,,,,,,,,,,,,,,,,,,,,,,
Q25415,Q16928174,,,,,,,,,,,,,,,,,,,,,,,,,,,,,,,,,,,,,,,,,,,,,
Q25416,Q19660076,,,,,,,,,,,,,,,,,,,,,,,,,,,,,,,,,,,,,,,,,,,,,
Q25417,Q929178,,,,,,,,,,,,,,,,,,,,,,,,,,,593872,,,,,,,,,,,,,,,,,,
Q25418,Q646282,,,,,,,,,,,,,,,,,,,,,,,,,,,,,,,,,,,,,,,,,,,,,
Q25419,Q646291,,,,,,,,,,,,,,,,,,,,,,,,,,,,,,,,,,,,,,,,,,,,,
Q25420,Q5325924,,,,,,,,,,,,,,,,,,,,,,,,,,,,,,,,,,,,,,,,,,,,,
Q25421,Q6708103,,,,,,,,,,,,,,,,,,,,,,,,,,,,,,,,,,,,,,,,,,,,,
Q25422,Q6121553,,,,,,,,,,,,,,,,,,,,,,,,,,,,,,,,,,,,,,,,,,,,,
Q25423,Q6756197,,,,,,,,,,,,,,,,,,,,,,,,,,,,,,,,,,,,,,,,,,,,,
Q25424,Q878459,,,,,,,,,,,,,,,,,,,,,,,,,,,593851,,,,,,,,,,,,,,,,,,
Q25425,Q878479,,,,,,,,,,,,,,,,,,,,,,,,,,,564079,,,,,,,,,,,,,,,,,,
Q25426,Q665910,,,,,,,,,,,,,,,,,,,,,,,,,,,593850,,,,,,,,,,,,,,,,,,
Q25427,Q709417,,,,,,,,,,,,,,,,,,,,,,,,,,,,,,,,,,,,,,,,,,,,,
Q25428,Q10945275,,,,,,,,,,,,,,,,,,,,,,,,,,,,,,,,,,,,,,,,,,,,,
Q25429,Q1051774,,,,,,,,,,,,,,,,,,,,,,,,,,,,,,,,,,,,,,,,,,,,,
Q25430,Q19660077,,,,,,,,,,,,,,,,,,,,,,,,,,,,,,,,,,,,,,,,,,,,,
Q25431,Q1275781,,,,,,,,,,,,,,,,,,,,,,,,,,,593880,,,,,,,,,,,,,,,,,,
Q25432,Q646308,,,,,,,,,,,,,,,,,,,,,,,,,,,,,,,,,,,,,,,,,,,,,
Q25433,Q646298,,,,,,,,,,,,,,,,,,,,,,,,,,,,,,,,,,,,,,,,,,,,,
Q25434,Q6772673,,,,,,,,,,,,,,,,,,,,,,,,,,,,,,,,,,,,,,,,,,,,,
Q25435,Q6708489,,,,,,,,,,,,,,,,,,,,,,,,,,,,,,,,,,,,,,,,,,,,,
Q25436,Q5951626,,,,,,,,,,,,,,,,,,,,,,,,,,,,,,,,,,,,,,,,,,,,,
Q25437,Q6774847,,,,,,,,,,,,,,,,,,,,,,,,,,,,,,,,,,,,,,,,,,,,,
Q25438,Q197807,,,,,,,,,,,,,,,,,,,,,,,,,,,564081,,,,,,,,,,,,,,,,,,
Q25439,Q888264,,,,,,,,,,,,,,,,,,,,,,,,,,,593854,,,,,,,,,,,,,,,,,,
Q25440,Q878414,,,,,,,,,,,,,,,,,,,,,,,,,,,,,,,,,,,,,,,,,,,,,
Q25441,Q709700,,,,,,,,,,,,,,,,,,,,,,,,,,,,,,,,,,,,,,,,,,,,,
Q25442,Q56570138,,,,,,,,,,,,,,,,,,,,,,,,,,,,,,,,,,,,,,,,,,,,,
Q25443,Q1052084,,,,,,,,,,,,,,,,,,,,,,,,,,,,,,,,,,,,,,,,,,,,,
Q25444,Q10297032,,,,,,,,,,,,,,,,,,,,,,,,,,,,,,,,,,,,,,,,,,,,,
Q25445,Q1193439,,,,,,,,,,,,,,,,,,,,,,,,,,,593881,,,,,,,,,,,,,,,,,,
Q25446,Q6122935,,,,,,,,,,,,,,,,,,,,,,,,,,,,,,,,,,,,,,,,,,,,,
Q25447,Q647458,,,,,,,,,,,,,,,,,,,,,,,,,,,,,,,,,,,,,,,,,,,,,
Q25448,Q6772676,,,,,,,,,,,,,,,,,,,,,,,,,,,,,,,,,,,,,,,,,,,,,
Q25449,Q6708176,,,,,,,,,,,,,,,,,,,,,,,,,,,,,,,,,,,,,,,,,,,,,
Q25450,Q5951519,,,,,,,,,,,,,,,,,,,,,,,,,,,,,,,,,,,,,,,,,,,,,
Q25451,Q6802929,,,,,,,,,,,,,,,,,,,,,,,,,,,,,,,,,,,,,,,,,,,,,
Q25452,Q878487,,,,,,,,,,,,,,,,,,,,,,,,,,,564083,,,,,,,,,,,,,,,,,,
Q25453,Q709729,,,,,,,,,,,,,,,,,,,,,,,,,,,,,,,,,,,,,,,,,,,,,
Q25454,Q709725,,,,,,,,,,,,,,,,,,,,,,,,,,,,,,,,,,,,,,,,,,,,,
Q25455,Q709477,,,,,,,,,,,,,,,,,,,,,,,,,,,,,,,,,,,,,,,,,,,,,
Q25456,Q1051783,,,,,,,,,,,,,,,,,,,,,,,,,,,,,,,,,,,,,,,,,,,,,
Q25457,Q19660080,,,,,,,,,,,,,,,,,,,,,,,,,,,,,,,,,,,,,,,,,,,,,
Q25458,Q1209245,,,,,,,,,,,,,,,,,,,,,,,,,,,,,,,,,,,,,,,,,,,,,
Q25459,Q1207688,,,,,,,,,,,,,,,,,,,,,,,,,,,594276,,,,,,,,,,,,,,,,,,
Q25460,Q646370,,,,,,,,,,,,,,,,,,,,,,,,,,,,,,,,,,,,,,,,,,,,,
Q25461,Q646316,,,,,,,,,,,,,,,,,,,,,,,,,,,,,,,,,,,,,,,,,,,,,
Q25462,Q855108,,,,,,,,,,,,,,,,,,,,,,,,,,,,,,,,,,,,,,,,,,,,,
Q25463,Q6707991,,,,,,,,,,,,,,,,,,,,,,,,,,,,,,,,,,,,,,,,,,,,,
Q25464,Q5951649,,,,,,,,,,,,,,,,,,,,,,,,,,,,,,,,,,,,,,,,,,,,,
Q25465,Q5951606,,,,,,,,,,,,,,,,,,,,,,,,,,,,,,,,,,,,,,,,,,,,,
Q25466,Q147924,,,,,,,,,,,,,,,,,,,,,,,,,,,,,,,,,,,,,,,,,,,,,
Q25467,Q7193988,,,,,,,,,,,,,,,,,,,,,,,,,,,,,,,,,,,,,,,,,,,,,
Q25468,Q878449,,,,,,,,,,,,,,,,,,,,,,,,,,,564085,,,,,,,,,,,,,,,,,,
Q25469,Q887633,,,,,,,,,,,,,,,,,,,,,,,,,,,,,,,,,,,,,,,,,,,,,
Q25470,Q709696,,,,,,,,,,,,,,,,,,,,,,,,,,,,,,,,,,,,,,,,,,,,,
Q25471,Q709452,,,,,,,,,,,,,,,,,,,,,,,,,,,,,,,,,,,,,,,,,,,,,
Q25472,Q1052075,,,,,,,,,,,,,,,,,,,,,,,,,,,,,,,,,,,,,,,,,,,,,
Q25473,Q19660078,,,,,,,,,,,,,,,,,,,,,,,,,,,,,,,,,,,,,,,,,,,,,
Q25474,Q19660082,,,,,,,,,,,,,,,,,,,,,,,,,,,,,,,,,,,,,,,,,,,,,
Q25475,Q1208109,,,,,,,,,,,,,,,,,,,,,,,,,,,,,,,,,,,,,,,,,,,,,
Q25476,Q632549,,,,,,,,,,,,,,,,,,,,,,,,,,,,,,,,,,,,,,,,,,,,,
Q25477,Q719408,,,,,,,,,,,,,,,,,,,,,,,,,,,,,,,,,,,,,,,,,,,,,
Q25478,Q11077567,,,,,,,,,,,,,,,,,,,,,,,,,,,,,,,,,,,,,,,,,,,,,
Q25479,Q855650,,,,,,,,,,,,,,,,,,,,,,,,,,,,,,,,,,,,,,,,,,,,,
Q25480,Q7211162,,,,,,,,,,,,,,,,,,,,,,,,,,,,,,,,,,,,,,,,,,,,,
Q25481,Q5951735,,,,,,,,,,,,,,,,,,,,,,,,,,,,,,,,,,,,,,,,,,,,,
Q25482,Q6774886,,,,,,,,,,,,,,,,,,,,,,,,,,,,,,,,,,,,,,,,,,,,,
Q25483,Q878455,,,,,,,,,,,,,,,,,,,,,,,,,,,564087,,,,,,,,,,,,,,,,,,
Q25484,Q878426,,,,,,,,,,,,,,,,,,,,,,,,,,,,,,,,,,,,,,,,,,,,,
Q25485,Q709444,,,,,,,,,,,,,,,,,,,,,,,,,,,,,,,,,,,,,,,,,,,,,
Q25486,Q1136509,,,,,,,,,,,,,,,,,,,,,,,,,,,,,,,,,,,,,,,,,,,,,
Q25487,Q19660079,,,,,,,,,,,,,,,,,,,,,,,,,,,,,,,,,,,,,,,,,,,,,
Q25488,Q1208124,,,,,,,,,,,,,,,,,,,,,,,,,,,,,,,,,,,,,,,,,,,,,
Q25489,Q632553,,,,,,,,,,,,,,,,,,,,,,,,,,,,,,,,,,,,,,,,,,,,,
Q25490,Q10892706,,,,,,,,,,,,,,,,,,,,,,,,,,,,,,,,,,,,,,,,,,,,,
Q25491,Q10892737,,,,,,,,,,,,,,,,,,,,,,,,,,,,,,,,,,,,,,,,,,,,,
Q25492,Q17060950,,,,,,,,,,,,,,,,,,,,,,,,,,,,,,,,,,,,,,,,,,,,,
Q25493,Q6727382,,,,,,,,,,,,,,,,,,,,,,,,,,,,,,,,,,,,,,,,,,,,,
Q25494,Q646385,,,,,,,,,,,,,,,,,,,,,,,,,,,,,,,,,,,,,,,,,,,,,
Q25495,Q6772696,,,,,,,,,,,,,,,,,,,,,,,,,,,,,,,,,,,,,,,,,,,,,
Q25496,Q5962610,,,,,,,,,,,,,,,,,,,,,,,,,,,,,,,,,,,,,,,,,,,,,
Q25497,Q3271825,,,,,,,,,,,,,,,,,,,,,,,,,,,,,,,,,,,,,,,,,,,,,
Q25498,Q5952086,,,,,,,,,,,,,,,,,,,,,,,,,,,,,,,,,,,,,,,,,,,,,
Q25499,Q6841529,,,,,,,,,,,,,,,,,,,,,,,,,,,,,,,,,,,,,,,,,,,,,
Q25500,Q878422,,,,,,,,,,,,,,,,,,,,,,,,,,,,,,,,,,,,,,,,,,,,,
Q25501,Q736654,,,,,,,,,,,,,,,,,,,,,,,,,,,,,,,,,,,,,,,,,,,,,
Q25502,Q887641,,,,,,,,,,,,,,,,,,,,,,,,,,,,,,,,,,,,,,,,,,,,,
Q25504,Q878463,,,,,,,,,,,,,,,,,,,,,,,,,,,,,,,,,,,,,,,,,,,,,
Q25506,Q709425,,,,,,,,,,,,,,,,,,,,,,,,,,,,,,,,,,,,,,,,,,,,,
Q25508,Q1136503,,,,,,,,,,,,,,,,,,,,,,,,,,,,,,,,,,,,,,,,,,,,,
Q25510,Q19660081,,,,,,,,,,,,,,,,,,,,,,,,,,,,,,,,,,,,,,,,,,,,,
Q25512,Q55256,,,,,,,,,,,,,,,,,,,,,,,,,,,594279,,,,,,,,,,,,,,,,,,
Q25514,Q8249124,,,,,,,,,,,,,,,,,,,,,,,,,,,,,,,,,,,,,,,,,,,,,
Q25516,Q16603576,,,,,,,,,,,,,,,,,,,,,,,,,,,,,,,,,,,,,,,,,,,,,
Q25518,Q15955456,,,,,,,,,,,,,,,,,,,,,,,,,,,,,,,,,,,,,,,,,,,,,
Q25520,Q1044443,,,,,,,,,,,,,,,,,,,,,,,,,,,,,,,,,,,,,,,,,,,,,
Q25522,Q11085249,,,,,,,,,,,,,,,,,,,,,,,,,,,,,,,,,,,,,,,,,,,,,
Q25524,Q626901,,,,,,,,,,,,,,,,,,,,,,,,,,,,,,,,,,,,,,,,,,,,,
Q25526,Q10885372,,,,,,,,,,,,,,,,,,,,,,,,,,,,,,,,,,,,,,,,,,,,,
Q25528,Q17034914,,,,,,,,,,,,,,,,,,,,,,,,,,,,,,,,,,,,,,,,,,,,,
Q25530,Q6772670,,,,,,,,,,,,,,,,,,,,,,,,,,,,,,,,,,,,,,,,,,,,,
Q25532,Q5962523,,,,,,,,,,,,,,,,,,,,,,,,,,,,,,,,,,,,,,,,,,,,,
Q25534,Q5951868,,,,,,,,,,,,,,,,,,,,,,,,,,,,,,,,,,,,,,,,,,,,,
Q25536,Q6813569,,,,,,,,,,,,,,,,,,,,,,,,,,,,,,,,,,,,,,,,,,,,,
Q25538,Q369159,,,,,,,,,,,,,,,,,,,,,,,,,,,564093,,,,,,,,,,,,,,,,,,
Q25540,Q855660,,,,,,,,,,,,,,,,,,,,,,,,,,,,,,,,,,,,,,,,,,,,,
Q25542,Q1052101,,,,,,,,,,,,,,,,,,,,,,,,,,,,,,,,,,,,,,,,,,,,,
Q25544,Q1052078,,,,,,,,,,,,,,,,,,,,,,,,,,,,,,,,,,,,,,,,,,,,,
Q25546,Q19660083,,,,,,,,,,,,,,,,,,,,,,,,,,,,,,,,,,,,,,,,,,,,,
Q25548,Q55247,,,,,,,,,,,,,,,,,,,,,,,,,,,594280,,,,,,,,,,,,,,,,,,
Q25550,Q539758,,,,,,,,,,,,,,,,,,,,,,,,,,,,,,,,,,,,,,,,,,,,,
Q25552,Q575308,,,,,,,,,,,,,,,,,,,,,,,,,,,,,,,,,,,,,,,,,,,,,
Q25554,Q1150047,,,,,,,,,,,,,,,,,,,,,,,,,,,,,,,,,,,,,,,,,,,,,
Q25556,Q1095286,,,,,,,,,,,,,,,,,,,,,,,,,,,,,,,,,,,,,,,,,,,,,
Q25558,Q7982231,,,,,,,,,,,,,,,,,,,,,,,,,,,,,,,,,,,,,,,,,,,,,
Q25560,Q622873,,,,,,,,,,,,,,,,,,,,,,,,,,,,,,,,,,,,,,,,,,,,,
Q25562,Q3698897,,,,,,,,,,,,,,,,,,,,,,,,,,,,,,,,,,,,,,,,,,,,,
Q25564,Q10912819,,,,,,,,,,,,,,,,,,,,,,,,,,,,,,,,,,,,,,,,,,,,,
Q25566,Q3727273,,,,,,,,,,,,,,,,,,,,,,,,,,,,,,,,,,,,,,,,,,,,,
Q25568,Q11085111,,,,,,,,,,,,,,,,,,,,,,,,,,,,,,,,,,,,,,,,,,,,,
Q25570,Q10885664,,,,,,,,,,,,,,,,,,,,,,,,,,,,,,,,,,,,,,,,,,,,,
Q25573,Q6772661,,,,,,,,,,,,,,,,,,,,,,,,,,,,,,,,,,,,,,,,,,,,,
Q25575,Q6122982,,,,,,,,,,,,,,,,,,,,,,,,,,,,,,,,,,,,,,,,,,,,,
Q25576,Q847698,,,,,,,,,,,,,,,,,,,,,,,,,,,,,,,,,,,,,,,,,,,,,
Q25577,Q5951475,,,,,,,,,,,,,,,,,,,,,,,,,,,,,,,,,,,,,,,,,,,,,
Q25578,Q7244713,,,,,,,,,,,,,,,,,,,,,,,,,,,,,,,,,,,,,,,,,,,,,
Q25579,Q270018,,,,,,,,,,,,,,,,,,,,,,,,,,,564373,,,,,,,,,,,,,,,,,,
Q25580,Q886708,,,,,,,,,,,,,,,,,,,,,,,,,,,,,,,,,,,,,,,,,,,,,
Q25581,Q291267,,,,,,,,,,,,,,,,,,,,,,,,,,,,,,,,,,,,,,,,,,,,,
Q25582,Q878444,,,,,,,,,,,,,,,,,,,,,,,,,,,,,,,,,,,,,,,,,,,,,
Q25583,Q17500575,,,,,,,,,,,,,,,,,,,,,,,,,,,,,,,,,,,,,,,,,,,,,
Q25584,Q708168,,,,,,,,,,,,,,,,,,,,,,,,,,,,,,,,,,,,,,,,,,,,,
Q25586,Q9414526,,,,,,,,,,,,,,,,,,,,,,,,,,,,,,,,,,,,,,,,,,,,,
Q25588,Q11071098,,,,,,,,,,,,,,,,,,,,,,,,,,,,,,,,,,,,,,,,,,,,,
Q25590,Q10049081,,,,,,,,,,,,,,,,,,,,,,,,,,,,,,,,,,,,,,,,,,,,,
Q25592,Q11062633,,,,,,,,,,,,,,,,,,,,,,,,,,,,,,,,,,,,,,,,,,,,,
Q25594,Q2424351,,,,,,,,,,,,,,,,,,,,,,,,,,,,,,,,,,,,,,,,,,,,,
Q25596,Q1187802,,,,,,,,,,,,,,,,,,,,,,,,,,,,,,,,,,,,,,,,,,,,,
Q25598,Q17031996,,,,,,,,,,,,,,,,,,,,,,,,,,,,,,,,,,,,,,,,,,,,,
Q25600,Q10089045,,,,,,,,,,,,,,,,,,,,,,,,,,,,,,,,,,,,,,,,,,,,,
Q25602,Q1193397,,,,,,,,,,,,,,,,,,,,,,,,,,,594281,,,,,,,,,,,,,,,,,,
Q25604,Q3178748,,,,,,,,,,,,,,,,,,,,,,,,,,,,,,,,,,,,,,,,,,,,,
Q25606,Q17030922,,,,,,,,,,,,,,,,,,,,,,,,,,,,,,,,,,,,,,,,,,,,,
Q25608,Q1311353,,,,,,,,,,,,,,,,,,,,,,,,,,,,,,,,,,,,,,,,,,,,,
Q25610,Q575305,,,,,,,,,,,,,,,,,,,,,,,,,,,,,,,,,,,,,,,,,,,,,
Q25612,Q15938239,,,,,,,,,,,,,,,,,,,,,,,,,,,,,,,,,,,,,,,,,,,,,
Q25614,Q10942909,,,,,,,,,,,,,,,,,,,,,,,,,,,,,,,,,,,,,,,,,,,,,
Q25616,Q10878441,,,,,,,,,,,,,,,,,,,,,,,,,,,,,,,,,,,,,,,,,,,,,
Q25618,Q1150042,,,,,,,,,,,,,,,,,,,,,,,,,,,,,,,,,,,,,,,,,,,,,
Q25620,Q11057075,,,,,,,,,,,,,,,,,,,,,,,,,,,,,,,,,,,,,,,,,,,,,
Q25623,Q1129977,,,,,,,,,,,,,,,,,,,,,,,,,,,,,,,,,,,,,,,,,,,,,
Q25625,Q5962570,,,,,,,,,,,,,,,,,,,,,,,,,,,,,,,,,,,,,,,,,,,,,
Q25627,Q708272,,,,,,,,,,,,,,,,,,,,,,,,,,,,,,,,,,,,,,,,,,,,,
Q25629,Q10892740,,,,,,,,,,,,,,,,,,,,,,,,,,,,,,,,,,,,,,,,,,,,,
Q25631,Q470108,,,,,,,,,,,,,,,,,,,,,,,,,,,,,,,,,,,,,,,,,,,,,
Q25633,Q15007995,,,,,,,,,,,,,,,,,,,,,,,,,,,,,,,,,,,,,,,,,,,,,
Q25635,Q16603347,,,,,,,,,,,,,,,,,,,,,,,,,,,,,,,,,,,,,,,,,,,,,
Q25637,Q16603369,,,,,,,,,,,,,,,,,,,,,,,,,,,,,,,,,,,,,,,,,,,,,
Q25639,Q15942023,,,,,,,,,,,,,,,,,,,,,,,,,,,,,,,,,,,,,,,,,,,,,
Q25640,Q625174,,,,,,,,,,,,,,,,,,,,,,,,,,,,,,,,,,,,,,,,,,,,,
Q25641,Q625182,,,,,,,,,,,,,,,,,,,,,,,,,,,,,,,,,,,,,,,,,,,,,
Q25642,Q625186,,,,,,,,,,,,,,,,,,,,,,,,,,,,,,,,,,,,,,,,,,,,,
Q25643,Q6377655,,,,,,,,,,,,,,,,,,,,,,,,,,,,,,,,,,,,,,,,,,,,,
Q25644,Q4163331,,,,,,,,,,,,,,,,,,,,,,,,,,,,,,,,,,,,,,,,,,,,,
Q25645,Q11123824,,,,,,,,,,,,,,,,,,,,,,,,,,,,,,,,,,,,,,,,,,,,,
Q25646,Q10892798,,,,,,,,,,,,,,,,,,,,,,,,,,,,,,,,,,,,,,,,,,,,,
Q25648,Q11180122,,,,,,,,,,,,,,,,,,,,,,,,,,,,,,,,,,,,,,,,,,,,,
Q25650,Q15953208,,,,,,,,,,,,,,,,,,,,,,,,,,,,,,,,,,,,,,,,,,,,,
Q25652,Q6772700,,,,,,,,,,,,,,,,,,,,,,,,,,,,,,,,,,,,,,,,,,,,,
Q25654,Q65801098,,,,,,,,,,,,,,,,,,,,,,,,,,,,,,,,,,,,,,,,,,,,,
Q25656,Q11073357,,,,,,,,,,,,,,,,,,,,,,,,,,,,,,,,,,,,,,,,,,,,,
Q25658,Q10945267,,,,,,,,,,,,,,,,,,,,,,,,,,,,,,,,,,,,,,,,,,,,,
Q25660,Q846792,,,,,,,,,,,,,,,,,,,,,,,,,,,,,,,,,,,,,,,,,,,,,
Q25662,Q5951691,,,,,,,,,,,,,,,,,,,,,,,,,,,,,,,,,,,,,,,,,,,,,
Q25664,Q11091256,,,,,,,,,,,,,,,,,,,,,,,,,,,,,,,,,,,,,,,,,,,,,
Q25666,Q7216369,,,,,,,,,,,,,,,,,,,,,,,,,,,,,,,,,,,,,,,,,,,,,
Q25668,Q28418816,,,,,,,,,,,,,,,,,,,,,,,,,,,,,,,,,,,,,,,,,,,,,
Q25670,Q878469,,,,,,,,,,,,,,,,,,,,,,,,,,,,,,,,,,,,,,,,,,,,,
Q25672,Q878432,,,,,,,,,,,,,,,,,,,,,,,,,,,,,,,,,,,,,,,,,,,,,
Q25674,Q709466,,,,,,,,,,,,,,,,,,,,,,,,,,,,,,,,,,,,,,,,,,,,,
Q25676,Q2428339,,,,,,,,,,,,,,,,,,,,,,,,,,,,,,,,,,,,,,,,,,,,,
Q25678,Q11153345,,,,,,,,,,,,,,,,,,,,,,,,,,,,,,,,,,,,,,,,,,,,,
Q25680,Q1051793,,,,,,,,,,,,,,,,,,,,,,,,,,,,,,,,,,,,,,,,,,,,,
Q25682,Q10944635,,,,,,,,,,,,,,,,,,,,,,,,,,,,,,,,,,,,,,,,,,,,,
Q25683,Q16077053,,,,,,,,,,,,,,,,,,,,,,,,,,,,,,,,,,,,,,,,,,,,,
Q25684,Q1069735,,,,,,,,,,,,,,,,,,,,,,,,,,,,,,,,,,,,,,,,,,,,,
Q25685,Q1193546,,,,,,,,,,,,,,,,,,,,,,,,,,,,,,,,,,,,,,,,,,,,,
Q25686,Q4937301,,,,,,,,,,,,,,,,,,,,,,,,,,,,,,,,,,,,,,,,,,,,,
Q25687,Q8249149,,,,,,,,,,,,,,,,,,,,,,,,,,,,,,,,,,,,,,,,,,,,,
Q25688,Q9420977,,,,,,,,,,,,,,,,,,,,,,,,,,,,,,,,,,,,,,,,,,,,,
Q25689,Q558018,,,,,,,,,,,,,,,,,,,,,,,,,,,,,,,,,,,,,,,,,,,,,
Q25691,Q575302,,,,,,,,,,,,,,,,,,,,,,,,,,,,,,,,,,,,,,,,,,,,,
Q25693,Q17029428,,,,,,,,,,,,,,,,,,,,,,,,,,,,,,,,,,,,,,,,,,,,,
Q25695,Q10905833,,,,,,,,,,,,,,,,,,,,,,,,,,,,,,,,,,,,,,,,,,,,,
Q25697,Q890086,,,,,,,,,,,,,,,,,,,,,,,,,,,,,,,,,,,,,,,,,,,,,
Q25699,Q1188245,,,,,,,,,,,,,,,,,,,,,,,,,,,,,,,,,,,,,,,,,,,,,
Q25702,Q10916254,,,,,,,,,,,,,,,,,,,,,,,,,,,,,,,,,,,,,,,,,,,,,
Q25704,Q10892717,,,,,,,,,,,,,,,,,,,,,,,,,,,,,,,,,,,,,,,,,,,,,
Q25706,Q6788905,,,,,,,,,,,,,,,,,,,,,,,,,,,,,,,,,,,,,,,,,,,,,
Q25708,Q839393,,,,,,,,,,,,,,,,,,,,,,,,,,,,,,,,,,,,,,,,,,,,,
Q25710,Q11180223,,,,,,,,,,,,,,,,,,,,,,,,,,,,,,,,,,,,,,,,,,,,,
Q25712,Q846787,,,,,,,,,,,,,,,,,,,,,,,,,,,,,,,,,,,,,,,,,,,,,
Q25714,Q608497,,,,,,,,,,,,,,,,,,,,,,,,,,,,,,,,,,,,,,,,,,,,,
Q25716,Q6470617,,,,,,,,,,,,,,,,,,,,,,,,,,,,,,,,,,,,,,,,,,,,,
Q25718,Q846803,,,,,,,,,,,,,,,,,,,,,,,,,,,,,,,,,,,,,,,,,,,,,
Q25720,Q10956933,,,,,,,,,,,,,,,,,,,,,,,,,,,,,,,,,,,,,,,,,,,,,
Q25722,Q65801102,,,,,,,,,,,,,,,,,,,,,,,,,,,,,,,,,,,,,,,,,,,,,
Q25724,Q16603344,,,,,,,,,,,,,,,,,,,,,,,,,,,,,,,,,,,,,,,,,,,,,
Q25726,Q16603397,,,,,,,,,,,,,,,,,,,,,,,,,,,,,,,,,,,,,,,,,,,,,
Q25728,Q16603668,,,,,,,,,,,,,,,,,,,,,,,,,,,,,,,,,,,,,,,,,,,,,
Q25730,Q16603604,,,,,,,,,,,,,,,,,,,,,,,,,,,,,,,,,,,,,,,,,,,,,
Q25732,Q16603387,,,,,,,,,,,,,,,,,,,,,,,,,,,,,,,,,,,,,,,,,,,,,
Q25734,Q130362327,,,,,,,,,,,,,,,,,,,,,,,,,,,,,,,,,,,,,,,,,,,,,
Q25736,Q709693,,,,,,,,,,,,,,,,,,,,,,,,,,,,,,,,,,,,,,,,,,,,,
Q25738,Q709433,,,,,,,,,,,,,,,,,,,,,,,,,,,,,,,,,,,,,,,,,,,,,
Q25740,Q700390,,,,,,,,,,,,,,,,,,,,,,,,,,,,,,,,,,,,,,,,,,,,,
Q25742,Q700369,,,,,,,,,,,,,,,,,,,,,,,,,,,,,,,,,,,,,,,,,,,,,
Q25744,Q700221,,,,,,,,,,,,,,,,,,,,,,,,,,,,,,,,,,,,,,,,,,,,,
Q25746,Q10892780,,,,,,,,,,,,,,,,,,,,,,,,,,,,,,,,,,,,,,,,,,,,,
Q25748,Q22100635,,,,,,,,,,,,,,,,,,,,,,,,,,,,,,,,,,,,,,,,,,,,,
Q25750,Q626363,,,,,,,,,,,,,,,,,,,,,,,,,,,,,,,,,,,,,,,,,,,,,
Q25752,Q10892809,,,,,,,,,,,,,,,,,,,,,,,,,,,,,,,,,,,,,,,,,,,,,
Q25754,Q10297016,,,,,,,,,,,,,,,,,,,,,,,,,,,,,,,,,,,,,,,,,,,,,
Q25756,Q4268335,,,,,,,,,,,,,,,,,,,,,,,,,,,,,,,,,,,,,,,,,,,,,
Q25758,Q4243450,,,,,,,,,,,,,,,,,,,,,,,,,,,,,,,,,,,,,,,,,,,,,
Q25760,Q10912798,,,,,,,,,,,,,,,,,,,,,,,,,,,,,,,,,,,,,,,,,,,,,
Q25762,Q10912807,,,,,,,,,,,,,,,,,,,,,,,,,,,,,,,,,,,,,,,,,,,,,
Q25764,Q3560491,,,,,,,,,,,,,,,,,,,,,,,,,,,,,,,,,,,,,,,,,,,,,
Q25766,Q65800949,,,,,,,,,,,,,,,,,,,,,,,,,,,,,,,,,,,,,,,,,,,,,
Q25768,Q16904353,,,,,,,,,,,,,,,,,,,,,,,,,,,,,,,,,,,,,,,,,,,,,
Q25770,Q6772657,,,,,,,,,,,,,,,,,,,,,,,,,,,,,,,,,,,,,,,,,,,,,
Q25772,Q6772674,,,,,,,,,,,,,,,,,,,,,,,,,,,,,,,,,,,,,,,,,,,,,
Q25774,Q16603426,,,,,,,,,,,,,,,,,,,,,,,,,,,,,,,,,,,,,,,,,,,,,
Q25776,Q8249120,,,,,,,,,,,,,,,,,,,,,,,,,,,,,,,,,,,,,,,,,,,,,
Q25778,Q10944984,,,,,,,,,,,,,,,,,,,,,,,,,,,,,,,,,,,,,,,,,,,,,
Q25780,Q846798,,,,,,,,,,,,,,,,,,,,,,,,,,,,,,,,,,,,,,,,,,,,,
Q25782,Q847657,,,,,,,,,,,,,,,,,,,,,,,,,,,,,,,,,,,,,,,,,,,,,
Q25784,Q10916237,,,,,,,,,,,,,,,,,,,,,,,,,,,,,,,,,,,,,,,,,,,,,
Q25786,Q11056896,,,,,,,,,,,,,,,,,,,,,,,,,,,,,,,,,,,,,,,,,,,,,
Q25788,Q5949081,,,,,,,,,,,,,,,,,,,,,,,,,,,,,,,,,,,,,,,,,,,,,
Q25790,Q6693726,,,,,,,,,,,,,,,,,,,,,,,,,,,,,,,,,,,,,,,,,,,,,
Q25792,Q878473,,,,,,,,,,,,,,,,,,,,,,,,,,,,,,,,,,,,,,,,,,,,,
Q25794,Q1052199,,,,,,,,,,,,,,,,,,,,,,,,,,,,,,,,,,,,,,,,,,,,,
Q25796,Q7267958,,,,,,,,,,,,,,,,,,,,,,,,,,,,,,,,,,,,,,,,,,,,,
Q25798,Q1136808,,,,,,,,,,,,,,,,,,,,,,,,,,,,,,,,,,,,,,,,,,,,,
Q25800,Q1052217,,,,,,,,,,,,,,,,,,,,,,,,,,,,,,,,,,,,,,,,,,,,,
Q25802,Q6772561,,,,,,,,,,,,,,,,,,,,,,,,,,,,,,,,,,,,,,,,,,,,,
Q25804,Q10941186,,,,,,,,,,,,,,,,,,,,,,,,,,,,,,,,,,,,,,,,,,,,,
Q25806,Q17026440,,,,,,,,,,,,,,,,,,,,,,,,,,,,,,,,,,,,,,,,,,,,,
Q25808,Q86006245,,,,,,,,,,,,,,,,,,,,,,,,,,,,,,,,,,,,,,,,,,,,,
Q25810,Q10892822,,,,,,,,,,,,,,,,,,,,,,,,,,,,,,,,,,,,,,,,,,,,,
Q25811,Q1441651,,,,,,,,,,,,,,,,,,,,,,,,,,,,,,,,,,,,,,,,,,,,,
Q25812,Q1442336,,,,,,,,,,,,,,,,,,,,,,,,,,,,,,,,,,,,,,,,,,,,,
Q25813,Q1442327,,,,,,,,,,,,,,,,,,,,,,,,,,,,,,,,,,,,,,,,,,,,,
Q25814,Q10944050,,,,,,,,,,,,,,,,,,,,,,,,,,,,,,,,,,,,,,,,,,,,,
Q25815,Q1129292,,,,,,,,,,,,,,,,,,,,,,,,,,,,,,,,,,,,,,,,,,,,,
Q25816,Q8012815,,,,,,,,,,,,,,,,,,,,,,,,,,,,,,,,,,,,,,,,,,,,,
Q25817,Q18835426,,,,,,,,,,,,,,,,,,,,,,,,,,,,,,,,,,,,,,,,,,,,,
Q25819,Q1133608,,,,,,,,,,,,,,,,,,,,,,,,,,,,,,,,,,,,,,,,,,,,,
Q25821,Q10892790,,,,,,,,,,,,,,,,,,,,,,,,,,,,,,,,,,,,,,,,,,,,,
Q25823,Q10892759,,,,,,,,,,,,,,,,,,,,,,,,,,,,,,,,,,,,,,,,,,,,,
Q25825,Q10918171,,,,,,,,,,,,,,,,,,,,,,,,,,,,,,,,,,,,,,,,,,,,,
Q25827,Q10941162,,,,,,,,,,,,,,,,,,,,,,,,,,,,,,,,,,,,,,,,,,,,,
Q25829,Q5963215,,,,,,,,,,,,,,,,,,,,,,,,,,,,,,,,,,,,,,,,,,,,,
Q25831,Q10912817,,,,,,,,,,,,,,,,,,,,,,,,,,,,,,,,,,,,,,,,,,,,,
Q25833,Q614169,,,,,,,,,,,,,,,,,,,,,,,,,,,,,,,,,,,,,,,,,,,,,
Q25835,Q10944053,,,,,,,,,,,,,,,,,,,,,,,,,,,,,,,,,,,,,,,,,,,,,
Q25837,Q609295,,,,,,,,,,,,,,,,,,,,,,,,,,,,,,,,,,,,,,,,,,,,,
Q25839,Q15898028,,,,,,,,,,,,,,,,,,,,,,,,,,,,,,,,,,,,,,,,,,,,,
Q25841,Q1897403,,,,,,,,,,,,,,,,,,,,,,,,,,,,,,,,,,,,,,,,,,,,,
Q25843,Q56346772,,,,,,,,,,,,,,,,,,,,,,,,,,,,,,,,,,,,,,,,,,,,,
Q25845,Q11062711,,,,,,,,,,,,,,,,,,,,,,,,,,,,,,,,,,,,,,,,,,,,,
Q25847,Q15952105,,,,,,,,,,,,,,,,,,,,,,,,,,,,,,,,,,,,,,,,,,,,,
Q25849,Q709711,,,,,,,,,,,,,,,,,,,,,,,,,,,,,,,,,,,,,,,,,,,,,
Q25851,Q16603368,,,,,,,,,,,,,,,,,,,,,,,,,,,,,,,,,,,,,,,,,,,,,
Q25853,Q700257,,,,,,,,,,,,,,,,,,,,,,,,,,,,,,,,,,,,,,,,,,,,,
Q25855,Q1136357,,,,,,,,,,,,,,,,,,,,,,,,,,,,,,,,,,,,,,,,,,,,,
Q25857,Q1051377,,,,,,,,,,,,,,,,,,,,,,,,,,,,,,,,,,,,,,,,,,,,,
Q25858,Q8249049,,,,,,,,,,,,,,,,,,,,,,,,,,,,,,,,,,,,,,,,,,,,,
Q25859,Q16603428,,,,,,,,,,,,,,,,,,,,,,,,,,,,,,,,,,,,,,,,,,,,,
Q25861,Q646378,,,,,,,,,,,,,,,,,,,,,,,,,,,,,,,,,,,,,,,,,,,,,
Q25863,Q6799232,,,,,,,,,,,,,,,,,,,,,,,,,,,,,,,,,,,,,,,,,,,,,
Q25865,Q15935554,,,,,,,,,,,,,,,,,,,,,,,,,,,,,,,,,,,,,,,,,,,,,
Q25867,Q10912822,,,,,,,,,,,,,,,,,,,,,,,,,,,,,,,,,,,,,,,,,,,,,
Q25869,Q10944097,,,,,,,,,,,,,,,,,,,,,,,,,,,,,,,,,,,,,,,,,,,,,
Q25871,Q10931592,,,,,,,,,,,,,,,,,,,,,,,,,,,,,,,,,,,,,,,,,,,,,
Q25873,Q4302137,,,,,,,,,,,,,,,,,,,,,,,,,,,,,,,,,,,,,,,,,,,,,
Q25875,Q16076906,,,,,,,,,,,,,,,,,,,,,,,,,,,,,,,,,,,,,,,,,,,,,
Q25877,Q16076897,,,,,,,,,,,,,,,,,,,,,,,,,,,,,,,,,,,,,,,,,,,,,
Q25879,Q10912803,,,,,,,,,,,,,,,,,,,,,,,,,,,,,,,,,,,,,,,,,,,,,
Q25881,Q15945177,,,,,,,,,,,,,,,,,,,,,,,,,,,,,,,,,,,,,,,,,,,,,
Q25883,Q10912810,,,,,,,,,,,,,,,,,,,,,,,,,,,,,,,,,,,,,,,,,,,,,
Q25885,Q3560036,,,,,,,,,,,,,,,,,,,,,,,,,,,,,,,,,,,,,,,,,,,,,
Q25887,Q6727301,,,,,,,,,,,,,,,,,,,,,,,,,,,,,,,,,,,,,,,,,,,,,
Q25889,Q16906702,,,,,,,,,,,,,,,,,,,,,,,,,,,,,,,,,,,,,,,,,,,,,
Q25891,Q15952118,,,,,,,,,,,,,,,,,,,,,,,,,,,,,,,,,,,,,,,,,,,,,
Q25893,Q6772682,,,,,,,,,,,,,,,,,,,,,,,,,,,,,,,,,,,,,,,,,,,,,
Q25895,Q3271767,,,,,,,,,,,,,,,,,,,,,,,,,,,,,,,,,,,,,,,,,,,,,
Q25897,Q6664799,,,,,,,,,,,,,,,,,,,,,,,,,,,,,,,,,,,,,,,,,,,,,
Q25899,Q878441,,,,,,,,,,,,,,,,,,,,,,,,,,,,,,,,,,,,,,,,,,,,,
Q25901,Q10885623,,,,,,,,,,,,,,,,,,,,,,,,,,,,,,,,,,,,,,,,,,,,,
Q25903,Q13635634,,,,,,,,,,,,,,,,,,,,,,,,,,,,,,,,,,,,,,,,,,,,,
Q25905,Q1052192,,,,,,,,,,,,,,,,,,,,,,,,,,,,,,,,,,,,,,,,,,,,,
Q25907,Q1052176,,,,,,,,,,,,,,,,,,,,,,,,,,,,,,,,,,,,,,,,,,,,,
Q25909,Q1202938,,,,,,,,,,,,,,,,,,,,,,,,,,,,,,,,,,,,,,,,,,,,,
Q25911,Q10892958,,,,,,,,,,,,,,,,,,,,,,,,,,,,,,,,,,,,,,,,,,,,,
Q25913,Q9560859,,,,,,,,,,,,,,,,,,,,,,,,,,,,,,,,,,,,,,,,,,,,,
Q25915,Q1272669,,,,,,,,,,,,,,,,,,,,,,,,,,,,,,,,,,,,,,,,,,,,,
Q25917,Q548905,,,,,,,,,,,,,,,,,,,,,,,,,,,,,,,,,,,,,,,,,,,,,
Q25919,Q10892799,,,,,,,,,,,,,,,,,,,,,,,,,,,,,,,,,,,,,,,,,,,,,
Q25921,Q890172,,,,,,,,,,,,,,,,,,,,,,,,,,,,,,,,,,,,,,,,,,,,,
Q25923,Q863592,,,,,,,,,,,,,,,,,,,,,,,,,,,,,,,,,,,,,,,,,,,,,
Q25925,Q16260581,,,,,,,,,,,,,,,,,,,,,,,,,,,,,,,,,,,,,,,,,,,,,
Q25927,Q609305,,,,,,,,,,,,,,,,,,,,,,,,,,,,,,,,,,,,,,,,,,,,,
Q25929,Q6807469,,,,,,,,,,,,,,,,,,,,,,,,,,,,,,,,,,,,,,,,,,,,,
Q25931,Q11062706,,,,,,,,,,,,,,,,,,,,,,,,,,,,,,,,,,,,,,,,,,,,,
Q25933,Q15935914,,,,,,,,,,,,,,,,,,,,,,,,,,,,,,,,,,,,,,,,,,,,,
Q25936,Q713902,,,,,,,,,,,,,,,,,,,,,,,,,,,,,,,,,,,,,,,,,,,,,
Q25938,Q10944105,,,,,,,,,,,,,,,,,,,,,,,,,,,,,,,,,,,,,,,,,,,,,
Q25940,Q10944115,,,,,,,,,,,,,,,,,,,,,,,,,,,,,,,,,,,,,,,,,,,,,
Q25942,Q10892761,,,,,,,,,,,,,,,,,,,,,,,,,,,,,,,,,,,,,,,,,,,,,
Q25944,Q603362,,,,,,,,,,,,,,,,,,,,,,,,,,,,,,,,,,,,,,,,,,,,,
Q25946,Q8249157,,,,,,,,,,,,,,,,,,,,,,,,,,,,,,,,,,,,,,,,,,,,,
Q25948,Q16603395,,,,,,,,,,,,,,,,,,,,,,,,,,,,,,,,,,,,,,,,,,,,,
Q25950,Q1053226,,,,,,,,,,,,,,,,,,,,,,,,,,,,,,,,,,,,,,,,,,,,,
Q25952,Q1051369,,,,,,,,,,,,,,,,,,,,,,,,,,,,,,,,,,,,,,,,,,,,,
Q25954,Q870356,,,,,,,,,,,,,,,,,,,,,,,,,,,,,,,,,,,,,,,,,,,,,
Q25956,Q561973,,,,,,,,,,,,,,,,,,,,,,,,,,,,,,,,,,,,,,,,,,,,,
Q25958,Q1146646,,,,,,,,,,,,,,,,,,,,,,,,,,,,,,,,,,,,,,,,,,,,,
Q25960,Q552737,,,,,,,,,,,,,,,,,,,,,,,,,,,,,,,,,,,,,,,,,,,,,
Q25962,Q15912703,,,,,,,,,,,,,,,,,,,,,,,,,,,,,,,,,,,,,,,,,,,,,
Q25964,Q719412,,,,,,,,,,,,,,,,,,,,,,,,,,,,,,,,,,,,,,,,,,,,,
Q25966,Q10892681,,,,,,,,,,,,,,,,,,,,,,,,,,,,,,,,,,,,,,,,,,,,,
Q25968,Q10892774,,,,,,,,,,,,,,,,,,,,,,,,,,,,,,,,,,,,,,,,,,,,,
Q25970,Q8249098,,,,,,,,,,,,,,,,,,,,,,,,,,,,,,,,,,,,,,,,,,,,,
Q25972,Q10944073,,,,,,,,,,,,,,,,,,,,,,,,,,,,,,,,,,,,,,,,,,,,,
Q25974,Q10884571,,,,,,,,,,,,,,,,,,,,,,,,,,,,,,,,,,,,,,,,,,,,,
Q25976,Q10945135,,,,,,,,,,,,,,,,,,,,,,,,,,,,,,,,,,,,,,,,,,,,,
Q25978,Q17011385,,,,,,,,,,,,,,,,,,,,,,,,,,,,,,,,,,,,,,,,,,,,,
Q25980,Q17011398,,,,,,,,,,,,,,,,,,,,,,,,,,,,,,,,,,,,,,,,,,,,,
Q25982,Q16603553,,,,,,,,,,,,,,,,,,,,,,,,,,,,,,,,,,,,,,,,,,,,,
Q25984,Q15904952,,,,,,,,,,,,,,,,,,,,,,,,,,,,,,,,,,,,,,,,,,,,,
Q25986,Q10945037,,,,,,,,,,,,,,,,,,,,,,,,,,,,,,,,,,,,,,,,,,,,,
Q25988,Q10884563,,,,,,,,,,,,,,,,,,,,,,,,,,,,,,,,,,,,,,,,,,,,,
Q25990,Q10912805,,,,,,,,,,,,,,,,,,,,,,,,,,,,,,,,,,,,,,,,,,,,,
Q25992,Q10893025,,,,,,,,,,,,,,,,,,,,,,,,,,,,,,,,,,,,,,,,,,,,,
Q25994,Q10945269,,,,,,,,,,,,,,,,,,,,,,,,,,,,,,,,,,,,,,,,,,,,,
Q25996,Q10945268,,,,,,,,,,,,,,,,,,,,,,,,,,,,,,,,,,,,,,,,,,,,,
Q25998,Q10945291,,,,,,,,,,,,,,,,,,,,,,,,,,,,,,,,,,,,,,,,,,,,,
Q26000,Q15952711,,,,,,,,,,,,,,,,,,,,,,,,,,,,,,,,,,,,,,,,,,,,,
Q26002,Q17028348,,,,,,,,,,,,,,,,,,,,,,,,,,,,,,,,,,,,,,,,,,,,,
Q26004,Q15933037,,,,,,,,,,,,,,,,,,,,,,,,,,,,,,,,,,,,,,,,,,,,,
Q26007,Q10822587,,,,,,,,,,,,,,,,,,,,,,,,,,,,,,,,,,,,,,,,,,,,,
Q26009,Q5951541,,,,,,,,,,,,,,,,,,,,,,,,,,,,,,,,,,,,,,,,,,,,,
Q26011,Q6847015,,,,,,,,,,,,,,,,,,,,,,,,,,,,,,,,,,,,,,,,,,,,,
Q26013,Q735420,,,,,,,,,,,,,,,,,,,,,,,,,,,564103,,,,,,,,,,,,,,,,,,
Q26015,Q496787,,,,,,,,,,,,,,,,,,,,,,,,,,,,,,,,,,,,,,,,,,,,,
Q26017,Q1051287,,,,,,,,,,,,,,,,,,,,,,,,,,,,,,,,,,,,,,,,,,,,,
Q26019,Q8072920,,,,,,,,,,,,,,,,,,,,,,,,,,,,,,,,,,,,,,,,,,,,,
Q26021,Q1052168,,,,,,,,,,,,,,,,,,,,,,,,,,,,,,,,,,,,,,,,,,,,,
Q26023,Q8249188,,,,,,,,,,,,,,,,,,,,,,,,,,,,,,,,,,,,,,,,,,,,,
Q26025,Q1267966,,,,,,,,,,,,,,,,,,,,,,,,,,,,,,,,,,,,,,,,,,,,,
Q26027,Q17026392,,,,,,,,,,,,,,,,,,,,,,,,,,,,,,,,,,,,,,,,,,,,,
Q26029,Q17036038,,,,,,,,,,,,,,,,,,,,,,,,,,,,,,,,,,,,,,,,,,,,,
Q26031,Q10941168,,,,,,,,,,,,,,,,,,,,,,,,,,,,,,,,,,,,,,,,,,,,,
Q26033,Q10944165,,,,,,,,,,,,,,,,,,,,,,,,,,,,,,,,,,,,,,,,,,,,,
Q26035,Q10892698,,,,,,,,,,,,,,,,,,,,,,,,,,,,,,,,,,,,,,,,,,,,,
Q26037,Q10892735,,,,,,,,,,,,,,,,,,,,,,,,,,,,,,,,,,,,,,,,,,,,,
Q26039,Q10944057,,,,,,,,,,,,,,,,,,,,,,,,,,,,,,,,,,,,,,,,,,,,,
Q26041,Q1263564,,,,,,,,,,,,,,,,,,,,,,,,,,,,,,,,,,,,,,,,,,,,,
Q26043,Q5961828,,,,,,,,,,,,,,,,,,,,,,,,,,,,,,,,,,,,,,,,,,,,,
Q26045,Q1095256,,,,,,,,,,,,,,,,,,,,,,,,,,,,,,,,,,,,,,,,,,,,,
Q26047,Q11125897,,,,,,,,,,,,,,,,,,,,,,,,,,,,,,,,,,,,,,,,,,,,,
Q26049,Q10892686,,,,,,,,,,,,,,,,,,,,,,,,,,,,,,,,,,,,,,,,,,,,,
Q26051,Q1269758,,,,,,,,,,,,,,,,,,,,,,,,,,,,,,,,,,,,,,,,,,,,,
Q26053,Q10104682,,,,,,,,,,,,,,,,,,,,,,,,,,,,,,,,,,,,,,,,,,,,,
Q26055,Q613631,,,,,,,,,,,,,,,,,,,,,,,,,,,,,,,,,,,,,,,,,,,,,
Q26057,Q11062750,,,,,,,,,,,,,,,,,,,,,,,,,,,,,,,,,,,,,,,,,,,,,
Q26059,Q16603751,,,,,,,,,,,,,,,,,,,,,,,,,,,,,,,,,,,,,,,,,,,,,
Q26061,Q709736,,,,,,,,,,,,,,,,,,,,,,,,,,,,,,,,,,,,,,,,,,,,,
Q26063,Q709690,,,,,,,,,,,,,,,,,,,,,,,,,,,,,,,,,,,,,,,,,,,,,
Q26065,Q10892733,,,,,,,,,,,,,,,,,,,,,,,,,,,,,,,,,,,,,,,,,,,,,
Q26067,Q16903317,,,,,,,,,,,,,,,,,,,,,,,,,,,,,,,,,,,,,,,,,,,,,
Q26069,Q11571382,,,,,,,,,,,,,,,,,,,,,,,,,,,,,,,,,,,,,,,,,,,,,
Q26072,Q11571375,,,,,,,,,,,,,,,,,,,,,,,,,,,,,,,,,,,,,,,,,,,,,
Q26074,Q16603453,,,,,,,,,,,,,,,,,,,,,,,,,,,,,,,,,,,,,,,,,,,,,
Q26076,Q1133572,,,,,,,,,,,,,,,,,,,,,,,,,,,,,,,,,,,,,,,,,,,,,
Q26078,Q16603317,,,,,,,,,,,,,,,,,,,,,,,,,,,,,,,,,,,,,,,,,,,,,
Q26080,Q10907347,,,,,,,,,,,,,,,,,,,,,,,,,,,,,,,,,,,,,,,,,,,,,
Q26082,Q8249135,,,,,,,,,,,,,,,,,,,,,,,,,,,,,,,,,,,,,,,,,,,,,
Q26084,Q8249145,,,,,,,,,,,,,,,,,,,,,,,,,,,,,,,,,,,,,,,,,,,,,
Q26086,Q8249148,,,,,,,,,,,,,,,,,,,,,,,,,,,,,,,,,,,,,,,,,,,,,
Q26088,Q18383981,,,,,,,,,,,,,,,,,,,,,,,,,,,,,,,,,,,,,,,,,,,,,
Q26090,Q8249043,,,,,,,,,,,,,,,,,,,,,,,,,,,,,,,,,,,,,,,,,,,,,
Q26092,Q1053200,,,,,,,,,,,,,,,,,,,,,,,,,,,,,,,,,,,,,,,,,,,,,
Q26094,Q1045321,,,,,,,,,,,,,,,,,,,,,,,,,,,,,,,,,,,,,,,,,,,,,
Q26096,Q10885693,,,,,,,,,,,,,,,,,,,,,,,,,,,,,,,,,,,,,,,,,,,,,
Q26098,Q10912800,,,,,,,,,,,,,,,,,,,,,,,,,,,,,,,,,,,,,,,,,,,,,
Q26100,Q10892778,,,,,,,,,,,,,,,,,,,,,,,,,,,,,,,,,,,,,,,,,,,,,
Q26102,Q10892676,,,,,,,,,,,,,,,,,,,,,,,,,,,,,,,,,,,,,,,,,,,,,
Q26104,Q552729,,,,,,,,,,,,,,,,,,,,,,,,,,,,,,,,,,,,,,,,,,,,,
Q26106,Q552733,,,,,,,,,,,,,,,,,,,,,,,,,,,,,,,,,,,,,,,,,,,,,
Q26108,Q552744,,,,,,,,,,,,,,,,,,,,,,,,,,,,,,,,,,,,,,,,,,,,,
Q26111,Q9414661,,,,,,,,,,,,,,,,,,,,,,,,,,,,,,,,,,,,,,,,,,,,,
Q26113,Q10958646,,,,,,,,,,,,,,,,,,,,,,,,,,,,,,,,,,,,,,,,,,,,,
Q26115,Q8249159,,,,,,,,,,,,,,,,,,,,,,,,,,,,,,,,,,,,,,,,,,,,,
Q26117,Q564147,,,,,,,,,,,,,,,,,,,,,,,,,,,,,,,,,,,,,,,,,,,,,
Q26119,Q16603383,,,,,,,,,,,,,,,,,,,,,,,,,,,,,,,,,,,,,,,,,,,,,
Q26121,Q719400,,,,,,,,,,,,,,,,,,,,,,,,,,,,,,,,,,,,,,,,,,,,,
Q26123,Q10893000,,,,,,,,,,,,,,,,,,,,,,,,,,,,,,,,,,,,,,,,,,,,,
Q26125,Q1095249,,,,,,,,,,,,,,,,,,,,,,,,,,,,,,,,,,,,,,,,,,,,,
Q26126,Q1095018,,,,,,,,,,,,,,,,,,,,,,,,,,,,,,,,,,,,,,,,,,,,,
Q26127,Q15936022,,,,,,,,,,,,,,,,,,,,,,,,,,,,,,,,,,,,,,,,,,,,,
Q26128,Q10944125,,,,,,,,,,,,,,,,,,,,,,,,,,,,,,,,,,,,,,,,,,,,,
Q26129,Q10945781,,,,,,,,,,,,,,,,,,,,,,,,,,,,,,,,,,,,,,,,,,,,,
Q26130,Q10945092,,,,,,,,,,,,,,,,,,,,,,,,,,,,,,,,,,,,,,,,,,,,,
Q26131,Q10912802,,,,,,,,,,,,,,,,,,,,,,,,,,,,,,,,,,,,,,,,,,,,,
Q26132,Q67024496,,,,,,,,,,,,,,,,,,,,,,,,,,,,,,,,,,,,,,,,,,,,,
Q26133,Q15938659,,,,,,,,,,,,,,,,,,,,,,,,,,,,,,,,,,,,,,,,,,,,,
Q26134,Q10892578,,,,,,,,,,,,,,,,,,,,,,,,,,,,,,,,,,,,,,,,,,,,,
Q26135,Q16075921,,,,,,,,,,,,,,,,,,,,,,,,,,,,,,,,,,,,,,,,,,,,,
Q26137,Q3602654,,,,,,,,,,,,,,,,,,,,,,,,,,,,,,,,,,,,,,,,,,,,,
Q26139,Q15955388,,,,,,,,,,,,,,,,,,,,,,,,,,,,,,,,,,,,,,,,,,,,,
Q26141,Q10822588,,,,,,,,,,,,,,,,,,,,,,,,,,,,,,,,,,,,,,,,,,,,,
Q26143,Q10892731,,,,,,,,,,,,,,,,,,,,,,,,,,,,,,,,,,,,,,,,,,,,,
Q26145,Q10892707,,,,,,,,,,,,,,,,,,,,,,,,,,,,,,,,,,,,,,,,,,,,,
Q26147,Q5962704,,,,,,,,,,,,,,,,,,,,,,,,,,,,,,,,,,,,,,,,,,,,,
Q26149,Q6848399,,,,,,,,,,,,,,,,,,,,,,,,,,,,,,,,,,,,,,,,,,,,,
Q26151,Q855836,,,,,,,,,,,,,,,,,,,,,,,,,,,,,,,,,,,,,,,,,,,,,
Q26153,Q855012,,,,,,,,,,,,,,,,,,,,,,,,,,,,,,,,,,,,,,,,,,,,,
Q26155,Q470072,,,,,,,,,,,,,,,,,,,,,,,,,,,,,,,,,,,,,,,,,,,,,
Q26158,Q27824479,,,,,,,,,,,,,,,,,,,,,,,,,,,,,,,,,,,,,,,,,,,,,
Q26162,Q4702867,,,,,,,,,,,,,,,,,,,,,,,,,,,,,,,,,,,,,,,,,,,,,
Q26164,Q10413283,,,,,,,,,,,,,,,,,,,,,,,,,,,,,,,,,,,,,,,,,,,,,
Q26166,Q261333,,,,,,,,,,,,,,,,,,,,,,,,,,,,,,,,,,,,,,,,,,,,,
Q26168,Q6752844,,,,,,,,,,,,,,,,,,,,,,,,,,,,,,,,,,,,,,,,,,,,,
Q26170,Q10928209,,,,,,,,,,,,,,,,,,,,,,,,,,,,,,,,,,,,,,,,,,,,,
Q26172,Q10947461,,,,,,,,,,,,,,,,,,,,,,,,,,,,,,,,,,,,,,,,,,,,,
Q26174,Q16603366,,,,,,,,,,,,,,,,,,,,,,,,,,,,,,,,,,,,,,,,,,,,,
Q26176,Q10892679,,,,,,,,,,,,,,,,,,,,,,,,,,,,,,,,,,,,,,,,,,,,,
Q26178,Q10892688,,,,,,,,,,,,,,,,,,,,,,,,,,,,,,,,,,,,,,,,,,,,,
Q26180,Q10892690,,,,,,,,,,,,,,,,,,,,,,,,,,,,,,,,,,,,,,,,,,,,,
Q26182,Q10944090,,,,,,,,,,,,,,,,,,,,,,,,,,,,,,,,,,,,,,,,,,,,,
Q26183,Q10931486,,,,,,,,,,,,,,,,,,,,,,,,,,,,,,,,,,,,,,,,,,,,,
Q26189,Q10944047,,,,,,,,,,,,,,,,,,,,,,,,,,,,,,,,,,,,,,,,,,,,,
Q26191,Q10944071,,,,,,,,,,,,,,,,,,,,,,,,,,,,,,,,,,,,,,,,,,,,,
Q26193,Q10944081,,,,,,,,,,,,,,,,,,,,,,,,,,,,,,,,,,,,,,,,,,,,,
Q26194,Q10944141,,,,,,,,,,,,,,,,,,,,,,,,,,,,,,,,,,,,,,,,,,,,,
Q26196,Q10944160,,,,,,,,,,,,,,,,,,,,,,,,,,,,,,,,,,,,,,,,,,,,,
Q26198,Q10106587,,,,,,,,,,,,,,,,,,,,,,,,,,,,,,,,,,,,,,,,,,,,,
Q26200,Q1311347,,,,,,,,,,,,,,,,,,,,,,,,,,,,,,,,,,,,,,,,,,,,,
Q26202,Q1311364,,,,,,,,,,,,,,,,,,,,,,,,,,,,,,,,,,,,,,,,,,,,,
Q26204,Q6835187,,,,,,,,,,,,,,,,,,,,,,,,,,,,,,,,,,,,,,,,,,,,,
Q26206,Q5948949,,,,,,,,,,,,,,,,,,,,,,,,,,,,,,,,,,,,,,,,,,,,,
Q26208,Q11066329,,,,,,,,,,,,,,,,,,,,,,,,,,,,,,,,,,,,,,,,,,,,,
Q26210,Q10892752,,,,,,,,,,,,,,,,,,,,,,,,,,,,,,,,,,,,,,,,,,,,,
Q26213,Q10892693,,,,,,,,,,,,,,,,,,,,,,,,,,,,,,,,,,,,,,,,,,,,,
Q26215,Q617744,,,,,,,,,,,,,,,,,,,,,,,,,,,,,,,,,,,,,,,,,,,,,
Q26217,Q16603427,,,,,,,,,,,,,,,,,,,,,,,,,,,,,,,,,,,,,,,,,,,,,
Q26218,Q56345971,,,,,,,,,,,,,,,,,,,,,,,,,,,,,,,,,,,,,,,,,,,,,
Q26219,Q10944101,,,,,,,,,,,,,,,,,,,,,,,,,,,,,,,,,,,,,,,,,,,,,
Q26220,Q10944202,,,,,,,,,,,,,,,,,,,,,,,,,,,,,,,,,,,,,,,,,,,,,
Q26221,Q613616,,,,,,,,,,,,,,,,,,,,,,,,,,,,,,,,,,,,,,,,,,,,,
Q26222,Q15955716,,,,,,,,,,,,,,,,,,,,,,,,,,,,,,,,,,,,,,,,,,,,,
Q26223,Q16603578,,,,,,,,,,,,,,,,,,,,,,,,,,,,,,,,,,,,,,,,,,,,,
Q26224,Q4750213,,,,,,,,,,,,,,,,,,,,,,,,,,,,,,,,,,,,,,,,,,,,,
Q26225,Q700215,,,,,,,,,,,,,,,,,,,,,,,,,,,,,,,,,,,,,,,,,,,,,
Q26226,Q10892692,,,,,,,,,,,,,,,,,,,,,,,,,,,,,,,,,,,,,,,,,,,,,
Q26227,Q10892775,,,,,,,,,,,,,,,,,,,,,,,,,,,,,,,,,,,,,,,,,,,,,
Q26228,Q10892784,,,,,,,,,,,,,,,,,,,,,,,,,,,,,,,,,,,,,,,,,,,,,
Q26229,Q10892793,,,,,,,,,,,,,,,,,,,,,,,,,,,,,,,,,,,,,,,,,,,,,
Q26230,Q17010173,,,,,,,,,,,,,,,,,,,,,,,,,,,,,,,,,,,,,,,,,,,,,
Q26231,Q16904113,,,,,,,,,,,,,,,,,,,,,,,,,,,,,,,,,,,,,,,,,,,,,
Q26232,Q4844830,,,,,,,,,,,,,,,,,,,,,,,,,,,,,,,,,,,,,,,,,,,,,
Q26233,Q839166,,,,,,,,,,,,,,,,,,,,,,,,,,,,,,,,,,,,,,,,,,,,,
Q26234,Q8249096,,,,,,,,,,,,,,,,,,,,,,,,,,,,,,,,,,,,,,,,,,,,,
Q26235,Q6127888,,,,,,,,,,,,,,,,,,,,,,,,,,,,,,,,,,,,,,,,,,,,,
Q26236,Q1052924,,,,,,,,,,,,,,,,,,,,,,,,,,,,,,,,,,,,,,,,,,,,,
Q26237,Q11113228,,,,,,,,,,,,,,,,,,,,,,,,,,,,,,,,,,,,,,,,,,,,,
Q26238,Q567033,,,,,,,,,,,,,,,,,,,,,,,,,,,,,,,,,,,,,,,,,,,,,
Q26239,Q848799,,,,,,,,,,,,,,,,,,,,,,,,,,,,,,,,,,,,,,,,,,,,,
Q26240,Q564140,,,,,,,,,,,,,,,,,,,,,,,,,,,,,,,,,,,,,,,,,,,,,
Q26241,Q549162,,,,,,,,,,,,,,,,,,,,,,,,,,,,,,,,,,,,,,,,,,,,,
Q26242,Q16603429,,,,,,,,,,,,,,,,,,,,,,,,,,,,,,,,,,,,,,,,,,,,,
Q26243,Q15952993,,,,,,,,,,,,,,,,,,,,,,,,,,,,,,,,,,,,,,,,,,,,,
Q26245,Q766788,,,,,,,,,,,,,,,,,,,,,,,,,,,,,,,,,,,,,,,,,,,,,
Q26247,Q719404,,,,,,,,,,,,,,,,,,,,,,,,,,,,,,,,,,,,,,,,,,,,,
Q26249,Q766832,,,,,,,,,,,,,,,,,,,,,,,,,,,,,,,,,,,,,,,,,,,,,
Q26251,Q16907013,,,,,,,,,,,,,,,,,,,,,,,,,,,,,,,,,,,,,,,,,,,,,
Q26253,Q1028411,,,,,,,,,,,,,,,,,,,,,,,,,,,,,,,,,,,,,,,,,,,,,
Q26255,Q10892710,,,,,,,,,,,,,,,,,,,,,,,,,,,,,,,,,,,,,,,,,,,,,
Q26257,Q10892697,,,,,,,,,,,,,,,,,,,,,,,,,,,,,,,,,,,,,,,,,,,,,
Q26259,Q10941191,,,,,,,,,,,,,,,,,,,,,,,,,,,,,,,,,,,,,,,,,,,,,
Q26261,Q8249109,,,,,,,,,,,,,,,,,,,,,,,,,,,,,,,,,,,,,,,,,,,,,
Q26263,Q10912815,,,,,,,,,,,,,,,,,,,,,,,,,,,,,,,,,,,,,,,,,,,,,
Q26265,Q10944126,,,,,,,,,,,,,,,,,,,,,,,,,,,,,,,,,,,,,,,,,,,,,
Q26267,Q10945051,,,,,,,,,,,,,,,,,,,,,,,,,,,,,,,,,,,,,,,,,,,,,
Q26269,Q10912806,,,,,,,,,,,,,,,,,,,,,,,,,,,,,,,,,,,,,,,,,,,,,
Q26271,Q67024509,,,,,,,,,,,,,,,,,,,,,,,,,,,,,,,,,,,,,,,,,,,,,
Q26273,Q45464054,,,,,,,,,,,,,,,,,,,,,,,,,,,,,,,,,,,,,,,,,,,,,
Q26275,Q15933392,,,,,,,,,,,,,,,,,,,,,,,,,,,,,,,,,,,,,,,,,,,,,
Q26277,Q10945316,,,,,,,,,,,,,,,,,,,,,,,,,,,,,,,,,,,,,,,,,,,,,
Q26279,Q10945280,,,,,,,,,,,,,,,,,,,,,,,,,,,,,,,,,,,,,,,,,,,,,
Q26281,Q3698792,,,,,,,,,,,,,,,,,,,,,,,,,,,,,,,,,,,,,,,,,,,,,
Q26283,Q17011766,,,,,,,,,,,,,,,,,,,,,,,,,,,,,,,,,,,,,,,,,,,,,
Q26286,Q10822582,,,,,,,,,,,,,,,,,,,,,,,,,,,,,,,,,,,,,,,,,,,,,
Q26288,Q5949001,,,,,,,,,,,,,,,,,,,,,,,,,,,,,,,,,,,,,,,,,,,,,
Q26290,Q10892727,,,,,,,,,,,,,,,,,,,,,,,,,,,,,,,,,,,,,,,,,,,,,
Q26292,Q5962901,,,,,,,,,,,,,,,,,,,,,,,,,,,,,,,,,,,,,,,,,,,,,
Q26294,Q5948927,,,,,,,,,,,,,,,,,,,,,,,,,,,,,,,,,,,,,,,,,,,,,
Q26296,Q1377681,,,,,,,,,,,,,,,,,,,,,,,,,,,,,,,,,,,,,,,,,,,,,
Q26298,Q1049457,,,,,,,,,,,,,,,,,,,,,,,,,,,,,,,,,,,,,,,,,,,,,
Q26300,Q27824474,,,,,,,,,,,,,,,,,,,,,,,,,,,,,,,,,,,,,,,,,,,,,
Q26302,Q16076176,,,,,,,,,,,,,,,,,,,,,,,,,,,,,,,,,,,,,,,,,,,,,
Q26304,Q4844835,,,,,,,,,,,,,,,,,,,,,,,,,,,,,,,,,,,,,,,,,,,,,
Q26306,Q1156951,,,,,,,,,,,,,,,,,,,,,,,,,,,,,,,,,,,,,,,,,,,,,
Q26308,Q16077336,,,,,,,,,,,,,,,,,,,,,,,,,,,,,,,,,,,,,,,,,,,,,
Q26310,Q10892819,,,,,,,,,,,,,,,,,,,,,,,,,,,,,,,,,,,,,,,,,,,,,
Q26312,Q10944180,,,,,,,,,,,,,,,,,,,,,,,,,,,,,,,,,,,,,,,,,,,,,
Q26314,Q10944162,,,,,,,,,,,,,,,,,,,,,,,,,,,,,,,,,,,,,,,,,,,,,
Q26316,Q10892855,,,,,,,,,,,,,,,,,,,,,,,,,,,,,,,,,,,,,,,,,,,,,
Q26318,Q10944100,,,,,,,,,,,,,,,,,,,,,,,,,,,,,,,,,,,,,,,,,,,,,
Q26320,Q10892821,,,,,,,,,,,,,,,,,,,,,,,,,,,,,,,,,,,,,,,,,,,,,
Q26322,Q10944169,,,,,,,,,,,,,,,,,,,,,,,,,,,,,,,,,,,,,,,,,,,,,
Q26324,Q10892820,,,,,,,,,,,,,,,,,,,,,,,,,,,,,,,,,,,,,,,,,,,,,
Q26326,Q10944111,,,,,,,,,,,,,,,,,,,,,,,,,,,,,,,,,,,,,,,,,,,,,
Q26328,Q1184340,,,,,,,,,,,,,,,,,,,,,,,,,,,,,,,,,,,,,,,,,,,,,
Q26330,Q10944200,,,,,,,,,,,,,,,,,,,,,,,,,,,,,,,,,,,,,,,,,,,,,
Q26333,Q10892824,,,,,,,,,,,,,,,,,,,,,,,,,,,,,,,,,,,,,,,,,,,,,
Q26335,Q10944122,,,,,,,,,,,,,,,,,,,,,,,,,,,,,,,,,,,,,,,,,,,,,
Q26337,Q10944183,,,,,,,,,,,,,,,,,,,,,,,,,,,,,,,,,,,,,,,,,,,,,
Q26339,Q1311359,,,,,,,,,,,,,,,,,,,,,,,,,,,,,,,,,,,,,,,,,,,,,
Q26341,Q1652651,,,,,,,,,,,,,,,,,,,,,,,,,,,,,,,,,,,,,,,,,,,,,
Q26343,Q1391903,,,,,,,,,,,,,,,,,,,,,,,,,,,,,,,,,,,,,,,,,,,,,
Q26345,Q11071149,,,,,,,,,,,,,,,,,,,,,,,,,,,,,,,,,,,,,,,,,,,,,
Q26347,Q10551585,,,,,,,,,,,,,,,,,,,,,,,,,,,,,,,,,,,,,,,,,,,,,
Q26349,Q902441,,,,,,,,,,,,,,,,,,,,,,,,,,,,,,,,,,,,,,,,,,,,,
Q26351,Q5949181,,,,,,,,,,,,,,,,,,,,,,,,,,,,,,,,,,,,,,,,,,,,,
Q26353,Q5949309,,,,,,,,,,,,,,,,,,,,,,,,,,,,,,,,,,,,,,,,,,,,,
Q26355,Q10947776,,,,,,,,,,,,,,,,,,,,,,,,,,,,,,,,,,,,,,,,,,,,,
Q26357,Q10941194,,,,,,,,,,,,,,,,,,,,,,,,,,,,,,,,,,,,,,,,,,,,,
Q26359,Q10892757,,,,,,,,,,,,,,,,,,,,,,,,,,,,,,,,,,,,,,,,,,,,,
Q26361,Q11074528,,,,,,,,,,,,,,,,,,,,,,,,,,,,,,,,,,,,,,,,,,,,,
Q26363,Q613610,,,,,,,,,,,,,,,,,,,,,,,,,,,,,,,,,,,,,,,,,,,,,
Q26365,Q855862,,,,,,,,,,,,,,,,,,,,,,,,,,,,,,,,,,,,,,,,,,,,,
Q26367,Q700358,,,,,,,,,,,,,,,,,,,,,,,,,,,,,,,,,,,,,,,,,,,,,
Q26369,Q855693,,,,,,,,,,,,,,,,,,,,,,,,,,,,,,,,,,,,,,,,,,,,,
Q26371,Q4163131,,,,,,,,,,,,,,,,,,,,,,,,,,,,,,,,,,,,,,,,,,,,,
Q26372,Q3325391,,,,,,,,,,,,,,,,,,,,,,,,,,,,,,,,,,,,,,,,,,,,,
Q26373,Q113485190,,,,,,,,,,,,,,,,,,,,,,,,,,,,,,,,,,,,,,,,,,,,,
Q26374,Q11139250,,,,,,,,,,,,,,,,,,,,,,,,,,,,,,,,,,,,,,,,,,,,,
Q26375,Q6765179,,,,,,,,,,,,,,,,,,,,,,,,,,,,,,,,,,,,,,,,,,,,,
Q26376,Q11139248,,,,,,,,,,,,,,,,,,,,,,,,,,,,,,,,,,,,,,,,,,,,,
Q26377,Q24835869,,,,,,,,,,,,,,,,,,,,,,,,,,,,,,,,,,,,,,,,,,,,,
Q26378,Q11073334,,,,,,,,,,,,,,,,,,,,,,,,,,,,,,,,,,,,,,,,,,,,,
Q26379,Q16903805,,,,,,,,,,,,,,,,,,,,,,,,,,,,,,,,,,,,,,,,,,,,,
Q26380,Q17038243,,,,,,,,,,,,,,,,,,,,,,,,,,,,,,,,,,,,,,,,,,,,,
Q26381,Q550122,,,,,,,,,,,,,,,,,,,,,,,,,,,,,,,,,,,,,,,,,,,,,
Q26382,Q10917866,,,,,,,,,,,,,,,,,,,,,,,,,,,,,,,,,,,,,,,,,,,,,
Q26383,Q16603384,,,,,,,,,,,,,,,,,,,,,,,,,,,,,,,,,,,,,,,,,,,,,
Q26384,Q795885,,,,,,,,,,,,,,,,,,,,,,,,,,,,,,,,,,,,,,,,,,,,,
Q26385,Q10892999,,,,,,,,,,,,,,,,,,,,,,,,,,,,,,,,,,,,,,,,,,,,,
Q26386,Q10892560,,,,,,,,,,,,,,,,,,,,,,,,,,,,,,,,,,,,,,,,,,,,,
Q26387,Q10892927,,,,,,,,,,,,,,,,,,,,,,,,,,,,,,,,,,,,,,,,,,,,,
Q26388,Q10893012,,,,,,,,,,,,,,,,,,,,,,,,,,,,,,,,,,,,,,,,,,,,,
Q26389,Q15926273,,,,,,,,,,,,,,,,,,,,,,,,,,,,,,,,,,,,,,,,,,,,,
Q26390,Q9415151,,,,,,,,,,,,,,,,,,,,,,,,,,,,,,,,,,,,,,,,,,,,,
Q26391,Q1028634,,,,,,,,,,,,,,,,,,,,,,,,,,,,,,,,,,,,,,,,,,,,,
Q26392,Q10892696,,,,,,,,,,,,,,,,,,,,,,,,,,,,,,,,,,,,,,,,,,,,,
Q26393,Q11125893,,,,,,,,,,,,,,,,,,,,,,,,,,,,,,,,,,,,,,,,,,,,,
Q26394,Q617761,,,,,,,,,,,,,,,,,,,,,,,,,,,,,,,,,,,,,,,,,,,,,
Q26395,Q15941820,,,,,,,,,,,,,,,,,,,,,,,,,,,,,,,,,,,,,,,,,,,,,
Q26396,Q10944127,,,,,,,,,,,,,,,,,,,,,,,,,,,,,,,,,,,,,,,,,,,,,
Q26397,Q10907433,,,,,,,,,,,,,,,,,,,,,,,,,,,,,,,,,,,,,,,,,,,,,
Q26398,Q10945166,,,,,,,,,,,,,,,,,,,,,,,,,,,,,,,,,,,,,,,,,,,,,
Q26399,Q10912808,,,,,,,,,,,,,,,,,,,,,,,,,,,,,,,,,,,,,,,,,,,,,
Q26400,Q10893026,,,,,,,,,,,,,,,,,,,,,,,,,,,,,,,,,,,,,,,,,,,,,
Q26401,Q3698889,,,,,,,,,,,,,,,,,,,,,,,,,,,,,,,,,,,,,,,,,,,,,
Q26402,Q17011776,,,,,,,,,,,,,,,,,,,,,,,,,,,,,,,,,,,,,,,,,,,,,
Q26403,Q10822583,,,,,,,,,,,,,,,,,,,,,,,,,,,,,,,,,,,,,,,,,,,,,
Q26404,Q5949229,,,,,,,,,,,,,,,,,,,,,,,,,,,,,,,,,,,,,,,,,,,,,
Q26405,Q10892797,,,,,,,,,,,,,,,,,,,,,,,,,,,,,,,,,,,,,,,,,,,,,
Q26406,Q10945297,,,,,,,,,,,,,,,,,,,,,,,,,,,,,,,,,,,,,,,,,,,,,
Q26407,Q15942864,,,,,,,,,,,,,,,,,,,,,,,,,,,,,,,,,,,,,,,,,,,,,
Q26408,Q15936222,,,,,,,,,,,,,,,,,,,,,,,,,,,,,,,,,,,,,,,,,,,,,
Q26409,Q6121470,,,,,,,,,,,,,,,,,,,,,,,,,,,,,,,,,,,,,,,,,,,,,
Q26410,Q5962628,,,,,,,,,,,,,,,,,,,,,,,,,,,,,,,,,,,,,,,,,,,,,
Q26411,Q5962824,,,,,,,,,,,,,,,,,,,,,,,,,,,,,,,,,,,,,,,,,,,,,
Q26412,Q15933864,,,,,,,,,,,,,,,,,,,,,,,,,,,,,,,,,,,,,,,,,,,,,
Q26413,Q1265711,,,,,,,,,,,,,,,,,,,,,,,,,,,,,,,,,,,,,,,,,,,,,
Q26414,Q27824463,,,,,,,,,,,,,,,,,,,,,,,,,,,,,,,,,,,,,,,,,,,,,
Q26415,Q17030314,,,,,,,,,,,,,,,,,,,,,,,,,,,,,,,,,,,,,,,,,,,,,
Q26416,Q10912820,,,,,,,,,,,,,,,,,,,,,,,,,,,,,,,,,,,,,,,,,,,,,
Q26417,Q10912816,,,,,,,,,,,,,,,,,,,,,,,,,,,,,,,,,,,,,,,,,,,,,
Q26418,Q10944161,,,,,,,,,,,,,,,,,,,,,,,,,,,,,,,,,,,,,,,,,,,,,
Q26419,Q106806723,,,,,,,,,,,,,,,,,,,,,,,,,,,,,,,,,,,,,,,,,,,,,
Q26420,Q4844822,,,,,,,,,,,,,,,,,,,,,,,,,,,,,,,,,,,,,,,,,,,,,
Q26421,Q110822370,,,,,,,,,,,,,,,,,,,,,,,,,,,,,,,,,,,,,,,,,,,,,
Q26423,Q8249187,,,,,,,,,,,,,,,,,,,,,,,,,,,,,,,,,,,,,,,,,,,,,
Q26424,Q11642933,,,,,,,,,,,,,,,,,,,,,,,,,,,,,,,,,,,,,,,,,,,,,
Q26426,Q1184862,,,,,,,,,,,,,,,,,,,,,,,,,,,,,,,,,,,,,,,,,,,,,
Q26427,Q97674255,,,,,,,,,,,,,,,,,,,,,,,,,,,,,,,,,,,,,,,,,,,,,
Q26429,Q3178385,,,,,,,,,,,,,,,,,,,,,,,,,,,,,,,,,,,,,,,,,,,,,
Q26430,Q110859863,,,,,,,,,,,,,,,,,,,,,,,,,,,,,,,,,,,,,,,,,,,,,
Q26432,Q16077330,,,,,,,,,,,,,,,,,,,,,,,,,,,,,,,,,,,,,,,,,,,,,
Q26433,Q11467639,,,,,,,,,,,,,,,,,,,,,,,,,,,,,,,,,,,,,,,,,,,,,
Q26435,Q10944119,,,,,,,,,,,,,,,,,,,,,,,,,,,,,,,,,,,,,,,,,,,,,
Q26436,Q61058051,,,,,,,,,,,,,,,,,,,,,,,,,,,,,,,,,,,,,,,,,,,,,
Q26438,Q10944088,,,,,,,,,,,,,,,,,,,,,,,,,,,,,,,,,,,,,,,,,,,,,
Q26439,Q11467624,,,,,,,,,,,,,,,,,,,,,,,,,,,,,,,,,,,,,,,,,,,,,
Q26441,Q15897741,,,,,,,,,,,,,,,,,,,,,,,,,,,,,,,,,,,,,,,,,,,,,
Q26442,Q11432532,,,,,,,,,,,,,,,,,,,,,,,,,,,,,,,,,,,,,,,,,,,,,
Q26444,Q15933474,,,,,,,,,,,,,,,,,,,,,,,,,,,,,,,,,,,,,,,,,,,,,
Q26445,Q8081786,,,,,,,,,,,,,,,,,,,,,,,,,,,,,,,,,,,,,,,,,,,,,
Q26447,Q16906539,,,,,,,,,,,,,,,,,,,,,,,,,,,,,,,,,,,,,,,,,,,,,
Q26448,Q108913851,,,,,,,,,,,,,,,,,,,,,,,,,,,,,,,,,,,,,,,,,,,,,
Q26450,Q10944151,,,,,,,,,,,,,,,,,,,,,,,,,,,,,,,,,,,,,,,,,,,,,
Q26451,Q11606605,,,,,,,,,,,,,,,,,,,,,,,,,,,,,,,,,,,,,,,,,,,,,
Q26453,Q10944321,,,,,,,,,,,,,,,,,,,,,,,,,,,,,,,,,,,,,,,,,,,,,
Q26454,Q11606606,,,,,,,,,,,,,,,,,,,,,,,,,,,,,,,,,,,,,,,,,,,,,
Q26456,Q10876954,,,,,,,,,,,,,,,,,,,,,,,,,,,,,,,,,,,,,,,,,,,,,
Q26457,Q11642926,,,,,,,,,,,,,,,,,,,,,,,,,,,,,,,,,,,,,,,,,,,,,
Q26459,Q10876887,,,,,,,,,,,,,,,,,,,,,,,,,,,,,,,,,,,,,,,,,,,,,
Q26460,Q11383477,,,,,,,,,,,,,,,,,,,,,,,,,,,,,,,,,,,,,,,,,,,,,
Q26462,Q10910440,,,,,,,,,,,,,,,,,,,,,,,,,,,,,,,,,,,,,,,,,,,,,
Q26463,Q106775514,,,,,,,,,,,,,,,,,,,,,,,,,,,,,,,,,,,,,,,,,,,,,
Q26465,Q10925973,,,,,,,,,,,,,,,,,,,,,,,,,,,,,,,,,,,,,,,,,,,,,
Q26466,Q110889387,,,,,,,,,,,,,,,,,,,,,,,,,,,,,,,,,,,,,,,,,,,,,
Q26468,Q15912256,,,,,,,,,,,,,,,,,,,,,,,,,,,,,,,,,,,,,,,,,,,,,
Q26469,Q108603536,,,,,,,,,,,,,,,,,,,,,,,,,,,,,,,,,,,,,,,,,,,,,
Q26471,Q17026079,,,,,,,,,,,,,,,,,,,,,,,,,,,,,,,,,,,,,,,,,,,,,
Q26472,Q11636800,,,,,,,,,,,,,,,,,,,,,,,,,,,,,,,,,,,,,,,,,,,,,
Q26474,Q15912773,,,,,,,,,,,,,,,,,,,,,,,,,,,,,,,,,,,,,,,,,,,,,
Q26475,Q11636788,,,,,,,,,,,,,,,,,,,,,,,,,,,,,,,,,,,,,,,,,,,,,
Q26477,Q15921363,,,,,,,,,,,,,,,,,,,,,,,,,,,,,,,,,,,,,,,,,,,,,
Q26478,Q11500877,,,,,,,,,,,,,,,,,,,,,,,,,,,,,,,,,,,,,,,,,,,,,
Q26480,Q1441603,,,,,,,,,,,,,,,,,,,,,,,,,,,,,,,,,,,,,,,,,,,,,
Q26481,Q11561600,,,,,,,,,,,,,,,,,,,,,,,,,,,,,,,,,,,,,,,,,,,,,
Q26483,Q11037215,,,,,,,,,,,,,,,,,,,,,,,,,,,,,,,,,,,,,,,,,,,,,
Q26484,Q110221535,,,,,,,,,,,,,,,,,,,,,,,,,,,,,,,,,,,,,,,,,,,,,
Q26486,Q10869034,,,,,,,,,,,,,,,,,,,,,,,,,,,,,,,,,,,,,,,,,,,,,
Q26487,Q11374425,,,,,,,,,,,,,,,,,,,,,,,,,,,,,,,,,,,,,,,,,,,,,
Q26489,Q10892634,,,,,,,,,,,,,,,,,,,,,,,,,,,,,,,,,,,,,,,,,,,,,
Q26490,Q11374424,,,,,,,,,,,,,,,,,,,,,,,,,,,,,,,,,,,,,,,,,,,,,
Q26492,Q16603367,,,,,,,,,,,,,,,,,,,,,,,,,,,,,,,,,,,,,,,,,,,,,
Q26494,Q107180355,,,,,,,,,,,,,,,,,,,,,,,,,,,,,,,,,,,,,,,,,,,,,
Q26495,Q10892837,,,,,,,,,,,,,,,,,,,,,,,,,,,,,,,,,,,,,,,,,,,,,
Q26497,Q108657626,,,,,,,,,,,,,,,,,,,,,,,,,,,,,,,,,,,,,,,,,,,,,
Q26498,Q700246,,,,,,,,,,,,,,,,,,,,,,,,,,,,,,,,,,,,,,,,,,,,,
Q26500,Q108657636,,,,,,,,,,,,,,,,,,,,,,,,,,,,,,,,,,,,,,,,,,,,,
Q26501,Q3272025,,,,,,,,,,,,,,,,,,,,,,,,,,,,,,,,,,,,,,,,,,,,,
Q26503,Q11605937,,,,,,,,,,,,,,,,,,,,,,,,,,,,,,,,,,,,,,,,,,,,,
Q26505,Q15931824,,,,,,,,,,,,,,,,,,,,,,,,,,,,,,,,,,,,,,,,,,,,,
Q26506,Q11605938,,,,,,,,,,,,,,,,,,,,,,,,,,,,,,,,,,,,,,,,,,,,,
Q26508,Q11636683,,,,,,,,,,,,,,,,,,,,,,,,,,,,,,,,,,,,,,,,,,,,,
Q26509,Q11635695,,,,,,,,,,,,,,,,,,,,,,,,,,,,,,,,,,,,,,,,,,,,,
Q26511,Q11610841,,,,,,,,,,,,,,,,,,,,,,,,,,,,,,,,,,,,,,,,,,,,,
Q26512,Q108782932,,,,,,,,,,,,,,,,,,,,,,,,,,,,,,,,,,,,,,,,,,,,,
Q26514,Q11610844,,,,,,,,,,,,,,,,,,,,,,,,,,,,,,,,,,,,,,,,,,,,,
Q26515,Q3073084,,,,,,,,,,,,,,,,,,,,,,,,,,,805083,,,,,,,,,,,,,,,,,,
Q26517,Q17499157,,,,,,,,,,,,,,,,,,,,,,,,,,,,,,,,,,,,,,,,,,,,,
Q26518,Q110904234,,,,,,,,,,,,,,,,,,,,,,,,,,,,,,,,,,,,,,,,,,,,,
Q26520,Q24835962,,,,,,,,,,,,,,,,,,,,,,,,,,,,,,,,,,,,,,,,,,,,,
Q26521,Q110904243,,,,,,,,,,,,,,,,,,,,,,,,,,,,,,,,,,,,,,,,,,,,,
Q26523,Q11060307,,,,,,,,,,,,,,,,,,,,,,,,,,,,,,,,,,,,,,,,,,,,,
Q26524,Q108906873,,,,,,,,,,,,,,,,,,,,,,,,,,,,,,,,,,,,,,,,,,,,,
Q26526,Q11076197,,,,,,,,,,,,,,,,,,,,,,,,,,,,,,,,,,,,,,,,,,,,,
Q26527,Q106657769,,,,,,,,,,,,,,,,,,,,,,,,,,,,,,,,,,,,,,,,,,,,,
Q26529,Q985696,,,,,,,,,,,,,,,,,,,,,,,,,,,,,,,,,,,,,,,,,,,,,
Q26530,Q107150684,,,,,,,,,,,,,,,,,,,,,,,,,,,,,,,,,,,,,,,,,,,,,
Q26532,Q552740,,,,,,,,,,,,,,,,,,,,,,,,,,,,,,,,,,,,,,,,,,,,,
Q26533,Q109291100,,,,,,,,,,,,,,,,,,,,,,,,,,,,,,,,,,,,,,,,,,,,,
Q26535,Q565979,,,,,,,,,,,,,,,,,,,,,,,,,,,,,,,,,,,,,,,,,,,,,
Q26536,Q11449806,,,,,,,,,,,,,,,,,,,,,,,,,,,,,,,,,,,,,,,,,,,,,
Q26538,Q795880,,,,,,,,,,,,,,,,,,,,,,,,,,,,,,,,,,,,,,,,,,,,,
Q26539,Q11406727,,,,,,,,,,,,,,,,,,,,,,,,,,,,,,,,,,,,,,,,,,,,,
Q26541,Q10892758,,,,,,,,,,,,,,,,,,,,,,,,,,,,,,,,,,,,,,,,,,,,,
Q26542,Q11406740,,,,,,,,,,,,,,,,,,,,,,,,,,,,,,,,,,,,,,,,,,,,,
Q26544,Q10945784,,,,,,,,,,,,,,,,,,,,,,,,,,,,,,,,,,,,,,,,,,,,,
Q26545,Q22124229,,,,,,,,,,,,,,,,,,,,,,,,,,,,,,,,,,,,,,,,,,,,,
Q26547,Q9415445,,,,,,,,,,,,,,,,,,,,,,,,,,,,,,,,,,,,,,,,,,,,,
Q26548,Q11464735,,,,,,,,,,,,,,,,,,,,,,,,,,,,,,,,,,,,,,,,,,,,,
Q26550,Q1273215,,,,,,,,,,,,,,,,,,,,,,,,,,,,,,,,,,,,,,,,,,,,,
Q26551,Q106602672,,,,,,,,,,,,,,,,,,,,,,,,,,,,,,,,,,,,,,,,,,,,,
Q26553,Q10892836,,,,,,,,,,,,,,,,,,,,,,,,,,,,,,,,,,,,,,,,,,,,,
Q26554,Q106606412,,,,,,,,,,,,,,,,,,,,,,,,,,,,,,,,,,,,,,,,,,,,,
Q26556,Q619037,,,,,,,,,,,,,,,,,,,,,,,,,,,,,,,,,,,,,,,,,,,,,
Q26557,Q109323759,,,,,,,,,,,,,,,,,,,,,,,,,,,,,,,,,,,,,,,,,,,,,
Q26559,Q620219,,,,,,,,,,,,,,,,,,,,,,,,,,,,,,,,,,,,,,,,,,,,,
Q26560,Q11433252,,,,,,,,,,,,,,,,,,,,,,,,,,,,,,,,,,,,,,,,,,,,,
Q26562,Q9415227,,,,,,,,,,,,,,,,,,,,,,,,,,,,,,,,,,,,,,,,,,,,,
Q26563,Q11432569,,,,,,,,,,,,,,,,,,,,,,,,,,,,,,,,,,,,,,,,,,,,,
Q26565,Q620218,,,,,,,,,,,,,,,,,,,,,,,,,,,,,,,,,,,,,,,,,,,,,
Q26566,Q11432525,,,,,,,,,,,,,,,,,,,,,,,,,,,,,,,,,,,,,,,,,,,,,
Q26568,Q10945059,,,,,,,,,,,,,,,,,,,,,,,,,,,,,,,,,,,,,,,,,,,,,
Q26569,Q17216183,,,,,,,,,,,,,,,,,,,,,,,,,,,,,,,,,,,,,,,,,,,,,
Q26571,Q10945190,,,,,,,,,,,,,,,,,,,,,,,,,,,,,,,,,,,,,,,,,,,,,
Q26572,Q107220149,,,,,,,,,,,,,,,,,,,,,,,,,,,,,,,,,,,,,,,,,,,,,
Q26574,Q3811854,,,,,,,,,,,,,,,,,,,,,,,,,,,,,,,,,,,,,,,,,,,,,
Q26575,Q11432530,,,,,,,,,,,,,,,,,,,,,,,,,,,,,,,,,,,,,,,,,,,,,
Q26577,Q16903363,,,,,,,,,,,,,,,,,,,,,,,,,,,,,,,,,,,,,,,,,,,,,
Q26578,Q109360801,,,,,,,,,,,,,,,,,,,,,,,,,,,,,,,,,,,,,,,,,,,,,
Q26580,Q3271660,,,,,,,,,,,,,,,,,,,,,,,,,,,,,,,,,,,,,,,,,,,,,
Q26581,Q106806192,,,,,,,,,,,,,,,,,,,,,,,,,,,,,,,,,,,,,,,,,,,,,
Q26583,Q17059267,,,,,,,,,,,,,,,,,,,,,,,,,,,,,,,,,,,,,,,,,,,,,
Q26584,Q106806209,,,,,,,,,,,,,,,,,,,,,,,,,,,,,,,,,,,,,,,,,,,,,
Q26586,Q10941912,,,,,,,,,,,,,,,,,,,,,,,,,,,,,,,,,,,,,,,,,,,,,
Q26587,Q106806930,,,,,,,,,,,,,,,,,,,,,,,,,,,,,,,,,,,,,,,,,,,,,
Q26589,Q1279924,,,,,,,,,,,,,,,,,,,,,,,,,,,,,,,,,,,,,,,,,,,,,
Q26590,Q17217376,,,,,,,,,,,,,,,,,,,,,,,,,,,,,,,,,,,,,,,,,,,,,
Q26592,Q17061720,,,,,,,,,,,,,,,,,,,,,,,,,,,,,,,,,,,,,,,,,,,,,
Q26593,Q11606587,,,,,,,,,,,,,,,,,,,,,,,,,,,,,,,,,,,,,,,,,,,,,
Q26595,Q10941195,,,,,,,,,,,,,,,,,,,,,,,,,,,,,,,,,,,,,,,,,,,,,
Q26596,Q11407589,,,,,,,,,,,,,,,,,,,,,,,,,,,,,,,,,,,,,,,,,,,,,
Q26598,Q5948291,,,,,,,,,,,,,,,,,,,,,,,,,,,,,,,,,,,,,,,,,,,,,
Q26599,Q11606598,,,,,,,,,,,,,,,,,,,,,,,,,,,,,,,,,,,,,,,,,,,,,
Q26601,Q27804500,,,,,,,,,,,,,,,,,,,,,,,,,,,,,,,,,,,,,,,,,,,,,
Q26602,Q11581176,,,,,,,,,,,,,,,,,,,,,,,,,,,,,,,,,,,,,,,,,,,,,
Q26604,Q15899098,,,,,,,,,,,,,,,,,,,,,,,,,,,,,,,,,,,,,,,,,,,,,
Q26605,Q106916733,,,,,,,,,,,,,,,,,,,,,,,,,,,,,,,,,,,,,,,,,,,,,
Q26607,Q8249182,,,,,,,,,,,,,,,,,,,,,,,,,,,,,,,,,,,,,,,,,,,,,
Q26608,Q11603871,,,,,,,,,,,,,,,,,,,,,,,,,,,,,,,,,,,,,,,,,,,,,
Q26610,Q1157084,,,,,,,,,,,,,,,,,,,,,,,,,,,,,,,,,,,,,,,,,,,,,
Q26611,Q11353155,,,,,,,,,,,,,,,,,,,,,,,,,,,,,,,,,,,,,,,,,,,,,
Q26613,Q16077352,,,,,,,,,,,,,,,,,,,,,,,,,,,,,,,,,,,,,,,,,,,,,
Q26614,Q108498945,,,,,,,,,,,,,,,,,,,,,,,,,,,,,,,,,,,,,,,,,,,,,
Q26616,Q17028170,,,,,,,,,,,,,,,,,,,,,,,,,,,,,,,,,,,,,,,,,,,,,
Q26617,Q108499627,,,,,,,,,,,,,,,,,,,,,,,,,,,,,,,,,,,,,,,,,,,,,
Q26619,Q16075965,,,,,,,,,,,,,,,,,,,,,,,,,,,,,,,,,,,,,,,,,,,,,
Q26620,Q11070264,,,,,,,,,,,,,,,,,,,,,,,,,,,,,,,,,,,,,,,,,,,,,
Q26622,Q15933738,,,,,,,,,,,,,,,,,,,,,,,,,,,,,,,,,,,,,,,,,,,,,
Q26623,Q17226835,,,,,,,,,,,,,,,,,,,,,,,,,,,,,,,,,,,,,,,,,,,,,
Q26625,Q10944204,,,,,,,,,,,,,,,,,,,,,,,,,,,,,,,,,,,,,,,,,,,,,
Q26626,Q106729280,,,,,,,,,,,,,,,,,,,,,,,,,,,,,,,,,,,,,,,,,,,,,
Q26628,Q10944134,,,,,,,,,,,,,,,,,,,,,,,,,,,,,,,,,,,,,,,,,,,,,
Q26629,Q11070324,,,,,,,,,,,,,,,,,,,,,,,,,,,,,,,,,,,,,,,,,,,,,
Q26631,Q10944140,,,,,,,,,,,,,,,,,,,,,,,,,,,,,,,,,,,,,,,,,,,,,
Q26632,Q11593158,,,,,,,,,,,,,,,,,,,,,,,,,,,,,,,,,,,,,,,,,,,,,
Q26634,Q17034255,,,,,,,,,,,,,,,,,,,,,,,,,,,,,,,,,,,,,,,,,,,,,
Q26635,Q11070093,,,,,,,,,,,,,,,,,,,,,,,,,,,,,,,,,,,,,,,,,,,,,
Q26637,Q1441689,,,,,,,,,,,,,,,,,,,,,,,,,,,,,,,,,,,,,,,,,,,,,
Q26638,Q107151875,,,,,,,,,,,,,,,,,,,,,,,,,,,,,,,,,,,,,,,,,,,,,
Q26639,Q5952416,,,,,,,,,,,,,,,,,,,,,,,,,,,,,,,,,,,,,,,,,,,,,
Q26640,Q107150747,,,,,,,,,,,,,,,,,,,,,,,,,,,,,,,,,,,,,,,,,,,,,
Q26641,Q10941193,,,,,,,,,,,,,,,,,,,,,,,,,,,,,,,,,,,,,,,,,,,,,
Q26642,Q11566397,,,,,,,,,,,,,,,,,,,,,,,,,,,,,,,,,,,,,,,,,,,,,
Q26644,Q5962803,,,,,,,,,,,,,,,,,,,,,,,,,,,,,,,,,,,,,,,,,,,,,
Q26645,Q107178439,,,,,,,,,,,,,,,,,,,,,,,,,,,,,,,,,,,,,,,,,,,,,
Q26647,Q11123538,,,,,,,,,,,,,,,,,,,,,,,,,,,,,,,,,,,,,,,,,,,,,
Q26648,Q108086546,,,,,,,,,,,,,,,,,,,,,,,,,,,,,,,,,,,,,,,,,,,,,
Q26650,Q10892633,,,,,,,,,,,,,,,,,,,,,,,,,,,,,,,,,,,,,,,,,,,,,
Q26651,Q11474140,,,,,,,,,,,,,,,,,,,,,,,,,,,,,,,,,,,,,,,,,,,,,
Q26653,Q709741,,,,,,,,,,,,,,,,,,,,,,,,,,,,,,,,,,,,,,,,,,,,,
Q26654,Q85875699,,,,,,,,,,,,,,,,,,,,,,,,,,,,,,,,,,,,,,,,,,,,,
Q26656,Q3454691,,,,,,,,,,,,,,,,,,,,,,,,,,,,,,,,,,,,,,,,,,,,,
Q26657,Q107178420,,,,,,,,,,,,,,,,,,,,,,,,,,,,,,,,,,,,,,,,,,,,,
Q26659,Q16603348,,,,,,,,,,,,,,,,,,,,,,,,,,,,,,,,,,,,,,,,,,,,,
Q26660,Q110118848,,,,,,,,,,,,,,,,,,,,,,,,,,,,,,,,,,,,,,,,,,,,,
Q26662,Q15902800,,,,,,,,,,,,,,,,,,,,,,,,,,,,,,,,,,,,,,,,,,,,,
Q26663,Q110118920,,,,,,,,,,,,,,,,,,,,,,,,,,,,,,,,,,,,,,,,,,,,,
Q26665,Q3271841,,,,,,,,,,,,,,,,,,,,,,,,,,,,,,,,,,,,,,,,,,,,,
Q26666,Q110127168,,,,,,,,,,,,,,,,,,,,,,,,,,,,,,,,,,,,,,,,,,,,,
Q26668,Q15913034,,,,,,,,,,,,,,,,,,,,,,,,,,,,,,,,,,,,,,,,,,,,,
Q26669,Q110086977,,,,,,,,,,,,,,,,,,,,,,,,,,,,,,,,,,,,,,,,,,,,,
Q26671,Q3272020,,,,,,,,,,,,,,,,,,,,,,,,,,,,,,,,,,,,,,,,,,,,,
Q26672,Q106729108,,,,,,,,,,,,,,,,,,,,,,,,,,,,,,,,,,,,,,,,,,,,,
Q26674,Q10485029,,,,,,,,,,,,,,,,,,,,,,,,,,,,,,,,,,,,,,,,,,,,,
Q26675,Q108700043,,,,,,,,,,,,,,,,,,,,,,,,,,,,,,,,,,,,,,,,,,,,,
Q26677,Q16260629,,,,,,,,,,,,,,,,,,,,,,,,,,,,,,,,,,,,,,,,,,,,,
Q26678,Q108819013,,,,,,,,,,,,,,,,,,,,,,,,,,,,,,,,,,,,,,,,,,,,,
Q26680,Q16903718,,,,,,,,,,,,,,,,,,,,,,,,,,,,,,,,,,,,,,,,,,,,,
Q26681,Q109016507,,,,,,,,,,,,,,,,,,,,,,,,,,,,,,,,,,,,,,,,,,,,,
Q26683,Q16903719,,,,,,,,,,,,,,,,,,,,,,,,,,,,,,,,,,,,,,,,,,,,,
Q26684,Q115587262,,,,,,,,,,,,,,,,,,,,,,,,,,,,,,,,,,,,,,,,,,,,,
Q26686,Q17499164,,,,,,,,,,,,,,,,,,,,,,,,,,,,,,,,,,,,,,,,,,,,,
Q26687,Q7137321,,,,,,,,,,,,,,,,,,,,,,,,,,,,,,,,,,,,,,,,,,,,,
Q26689,Q9965,,alvin-person:60963,,,,,,,,20286716,,,,,,,,,,,,,,,,,843439,,,,,,,,,,,,,,,,,,
Q26690,Q434415,,,,,,,,,,,,,,,,,,,,,,,,,,,994343,,,,,,,,,,,,,,,,,,
Q26692,Q10921761,,,,,,,,,,,,,,,,,,,,,,,,,,,,,,,,,,,,,,,,,,,,,
Q26693,Q11437438,,,,,,,,,,,,,,,,,,,,,,,,,,,,,,,,,,,,,,,,,,,,,
Q26695,Q10946850,,,,,,,,,,,,,,,,,,,,,,,,,,,,,,,,,,,,,,,,,,,,,
Q26696,Q108695084,,,,,,,,,,,,,,,,,,,,,,,,,,,,,,,,,,,,,,,,,,,,,
Q26698,Q11131595,,,,,,,,,,,,,,,,,,,,,,,,,,,,,,,,,,,,,,,,,,,,,
Q26699,Q11369388,,,,,,,,,,,,,,,,,,,,,,,,,,,,,,,,,,,,,,,,,,,,,
Q26701,Q11131923,,,,,,,,,,,,,,,,,,,,,,,,,,,,,,,,,,,,,,,,,,,,,
Q26702,Q106706189,,,,,,,,,,,,,,,,,,,,,,,,,,,,,,,,,,,,,,,,,,,,,
Q26704,Q1044371,,,,,,,,,,,,,,,,,,,,,,,,,,,843708,,,,,,,,,,,,,,,,,,
Q26705,Q11532725,,,,,,,,,,,,,,,,,,,,,,,,,,,,,,,,,,,,,,,,,,,,,
Q26707,Q11094961,,,,,,,,,,,,,,,,,,,,,,,,,,,,,,,,,,,,,,,,,,,,,
Q26708,Q11545508,,,,,,,,,,,,,,,,,,,,,,,,,,,,,,,,,,,,,,,,,,,,,
Q26710,Q3494297,,,,,,,,,,,,,,,,,,,,,,,,,,,843719,,,,,,,,,,,,,,,,,,
Q26711,Q11642053,,,,,,,,,,,,,,,,,,,,,,,,,,,,,,,,,,,,,,,,,,,,,
Q26713,Q9972,,,,,,,,,,,,,,,,,,,,,,,,,,,843438,,,,,,,,,,,,,,,,,,
Q26714,Q11124807,,,,,,,,,,,,,,,,,,,,,,,,,,,,,,,,,,,,,,,,,,,,,
Q26716,Q985692,,,,,,,,,,,,,,,,,,,,,,,,,,,,,,,,,,,,,,,,,,,,,
Q26717,Q11594499,,,,,,,,,,,,,,,,,,,,,,,,,,,,,,,,,,,,,,,,,,,,,
Q26719,Q10892713,,,,,,,,,,,,,,,,,,,,,,,,,,,,,,,,,,,,,,,,,,,,,
Q26720,Q10866194,,,,,,,,,,,,,,,,,,,,,,,,,,,,,,,,,,,,,,,,,,,,,
Q26722,Q549872,,,,,,,,,,,,,,,,,,,,,,,,,,,,,,,,,,,,,,,,,,,,,
Q26723,Q18701215,,,,,,,,,,,,,,,,,,,,,,,,,,,,,,,,,,,,,,,,,,,,,
Q26725,Q17030426,,,,,,,,,,,,,,,,,,,,,,,,,,,,,,,,,,,,,,,,,,,,,
Q26726,Q108909796,,,,,,,,,,,,,,,,,,,,,,,,,,,,,,,,,,,,,,,,,,,,,
Q26728,Q8249175,,,,,,,,,,,,,,,,,,,,,,,,,,,,,,,,,,,,,,,,,,,,,
Q26729,Q108910088,,,,,,,,,,,,,,,,,,,,,,,,,,,,,,,,,,,,,,,,,,,,,
Q26731,Q863598,,,,,,,,,,,,,,,,,,,,,,,,,,,,,,,,,,,,,,,,,,,,,
Q26732,Q11438192,,,,,,,,,,,,,,,,,,,,,,,,,,,,,,,,,,,,,,,,,,,,,
Q26734,Q4254950,,,,,,,,,,,,,,,,,,,,,,,,,,,,,,,,,,,,,,,,,,,,,
Q26735,Q11438190,,,,,,,,,,,,,,,,,,,,,,,,,,,,,,,,,,,,,,,,,,,,,
Q26737,Q16603353,,,,,,,,,,,,,,,,,,,,,,,,,,,,,,,,,,,,,,,,,,,,,
Q26738,Q106827587,,,,,,,,,,,,,,,,,,,,,,,,,,,,,,,,,,,,,,,,,,,,,
Q26740,Q617737,,,,,,,,,,,,,,,,,,,,,,,,,,,,,,,,,,,,,,,,,,,,,
Q26742,Q96715822,,,,,,,,,,,,,,,,,,,,,,,,,,,,,,,,,,,,,,,,,,,,,
Q26743,Q10941190,,,,,,,,,,,,,,,,,,,,,,,,,,,,,,,,,,,,,,,,,,,,,
Q26745,Q11624705,,,,,,,,,,,,,,,,,,,,,,,,,,,,,,,,,,,,,,,,,,,,,
Q26746,Q10892781,,,,,,,,,,,,,,,,,,,,,,,,,,,,,,,,,,,,,,,,,,,,,
Q26748,Q11575085,,,,,,,,,,,,,,,,,,,,,,,,,,,,,,,,,,,,,,,,,,,,,
Q26749,Q10916515,,,,,,,,,,,,,,,,,,,,,,,,,,,,,,,,,,,,,,,,,,,,,
Q26751,Q11402155,,,,,,,,,,,,,,,,,,,,,,,,,,,,,,,,,,,,,,,,,,,,,
Q26752,Q10892808,,,,,,,,,,,,,,,,,,,,,,,,,,,,,,,,,,,,,,,,,,,,,
Q26754,Q11437724,,,,,,,,,,,,,,,,,,,,,,,,,,,,,,,,,,,,,,,,,,,,,
Q26755,Q1188314,,,,,,,,,,,,,,,,,,,,,,,,,,,,,,,,,,,,,,,,,,,,,
Q26757,Q11437719,,,,,,,,,,,,,,,,,,,,,,,,,,,,,,,,,,,,,,,,,,,,,
Q26758,Q10945168,,,,,,,,,,,,,,,,,,,,,,,,,,,,,,,,,,,,,,,,,,,,,
Q26760,Q109852558,,,,,,,,,,,,,,,,,,,,,,,,,,,,,,,,,,,,,,,,,,,,,
Q26761,Q13955734,,,,,,,,,,,,,,,,,,,,,,,,,,,,,,,,,,,,,,,,,,,,,
Q26763,Q11651975,,,,,,,,,,,,,,,,,,,,,,,,,,,,,,,,,,,,,,,,,,,,,
Q26764,Q10822589,,,,,,,,,,,,,,,,,,,,,,,,,,,,,,,,,,,,,,,,,,,,,
Q26766,Q11070026,,,,,,,,,,,,,,,,,,,,,,,,,,,,,,,,,,,,,,,,,,,,,
Q26767,Q10822579,,,,,,,,,,,,,,,,,,,,,,,,,,,,,,,,,,,,,,,,,,,,,
Q26769,Q603969,,,,,,,,,,,,,,,,,,,,,,,,,,,,,,,,,,,,,,,,,,,,,
Q26770,Q59684,,,,,,,,,,,,,,,,,,,,,,,,,,,,,,,,,,,,,,,,,,,,,
Q26772,Q604031,,,,,,,,,,,,,,,,,,,,,,,,,,,,,,,,,,,,,,,,,,,,,
Q26773,Q17041221,,,,,,,,,,,,,,,,,,,,,,,,,,,,,,,,,,,,,,,,,,,,,
Q26775,Q107167427,,,,,,,,,,,,,,,,,,,,,,,,,,,,,,,,,,,,,,,,,,,,,
Q26776,Q1269349,,,,,,,,,,,,,,,,,,,,,,,,,,,,,,,,,,,,,,,,,,,,,
Q26778,Q107161608,,,,,,,,,,,,,,,,,,,,,,,,,,,,,,,,,,,,,,,,,,,,,
Q26779,Q10944103,,,,,,,,,,,,,,,,,,,,,,,,,,,,,,,,,,,,,,,,,,,,,
Q26781,Q107167543,,,,,,,,,,,,,,,,,,,,,,,,,,,,,,,,,,,,,,,,,,,,,
Q26782,Q27802966,,,,,,,,,,,,,,,,,,,,,,,,,,,,,,,,,,,,,,,,,,,,,
Q26784,Q11545671,,,,,,,,,,,,,,,,,,,,,,,,,,,,,,,,,,,,,,,,,,,,,
Q26785,Q17062916,,,,,,,,,,,,,,,,,,,,,,,,,,,,,,,,,,,,,,,,,,,,,
Q26787,Q11545655,,,,,,,,,,,,,,,,,,,,,,,,,,,,,,,,,,,,,,,,,,,,,
Q26788,Q1157087,,,,,,,,,,,,,,,,,,,,,,,,,,,,,,,,,,,,,,,,,,,,,
Q26790,Q108906798,,,,,,,,,,,,,,,,,,,,,,,,,,,,,,,,,,,,,,,,,,,,,
Q26791,Q1157075,,,,,,,,,,,,,,,,,,,,,,,,,,,,,,,,,,,,,,,,,,,,,
Q26793,Q11414263,,,,,,,,,,,,,,,,,,,,,,,,,,,,,,,,,,,,,,,,,,,,,
Q26794,Q10897484,,,,,,,,,,,,,,,,,,,,,,,,,,,,,,,,,,,,,,,,,,,,,
Q26796,Q20039168,,,,,,,,,,,,,,,,,,,,,,,,,,,,,,,,,,,,,,,,,,,,,
Q26797,Q15898980,,,,,,,,,,,,,,,,,,,,,,,,,,,,,,,,,,,,,,,,,,,,,
Q26799,Q20039165,,,,,,,,,,,,,,,,,,,,,,,,,,,,,,,,,,,,,,,,,,,,,
Q26800,Q17033623,,,,,,,,,,,,,,,,,,,,,,,,,,,,,,,,,,,,,,,,,,,,,
Q26802,Q20039170,,,,,,,,,,,,,,,,,,,,,,,,,,,,,,,,,,,,,,,,,,,,,
Q26803,Q15941774,,,,,,,,,,,,,,,,,,,,,,,,,,,,,,,,,,,,,,,,,,,,,
Q26805,Q106669204,,,,,,,,,,,,,,,,,,,,,,,,,,,,,,,,,,,,,,,,,,,,,
Q26806,Q17034245,,,,,,,,,,,,,,,,,,,,,,,,,,,,,,,,,,,,,,,,,,,,,
Q26808,Q106698593,,,,,,,,,,,,,,,,,,,,,,,,,,,,,,,,,,,,,,,,,,,,,
Q26809,Q1441697,,,,,,,,,,,,,,,,,,,,,,,,,,,,,,,,,,,,,,,,,,,,,
Q26811,Q110816694,,,,,,,,,,,,,,,,,,,,,,,,,,,,,,,,,,,,,,,,,,,,,
Q26812,Q5952131,,,,,,,,,,,,,,,,,,,,,,,,,,,,,,,,,,,,,,,,,,,,,
Q26814,Q106670253,,,,,,,,,,,,,,,,,,,,,,,,,,,,,,,,,,,,,,,,,,,,,
Q26815,Q3560499,,,,,,,,,,,,,,,,,,,,,,,,,,,,,,,,,,,,,,,,,,,,,
Q26817,Q106670248,,,,,,,,,,,,,,,,,,,,,,,,,,,,,,,,,,,,,,,,,,,,,
Q26818,Q5951912,,,,,,,,,,,,,,,,,,,,,,,,,,,,,,,,,,,,,,,,,,,,,
Q26820,Q109795616,,,,,,,,,,,,,,,,,,,,,,,,,,,,,,,,,,,,,,,,,,,,,
Q26821,Q10944401,,,,,,,,,,,,,,,,,,,,,,,,,,,,,,,,,,,,,,,,,,,,,
Q26823,Q109795365,,,,,,,,,,,,,,,,,,,,,,,,,,,,,,,,,,,,,,,,,,,,,
Q26824,Q10893806,,,,,,,,,,,,,,,,,,,,,,,,,,,,,,,,,,,,,,,,,,,,,
Q26826,Q108850141,,,,,,,,,,,,,,,,,,,,,,,,,,,,,,,,,,,,,,,,,,,,,
Q26827,Q10540683,,,,,,,,,,,,,,,,,,,,,,,,,,,,,,,,,,,,,,,,,,,,,
Q26829,Q17212562,,,,,,,,,,,,,,,,,,,,,,,,,,,,,,,,,,,,,,,,,,,,,
Q26830,Q45455062,,,,,,,,,,,,,,,,,,,,,,,,,,,,,,,,,,,,,,,,,,,,,
Q26832,Q109683160,,,,,,,,,,,,,,,,,,,,,,,,,,,,,,,,,,,,,,,,,,,,,
Q26833,Q3381732,,,,,,,,,,,,,,,,,,,,,,,,,,,,,,,,,,,,,,,,,,,,,
Q26835,Q109683319,,,,,,,,,,,,,,,,,,,,,,,,,,,,,,,,,,,,,,,,,,,,,
Q26836,Q11636654,,,,,,,,,,,,,,,,,,,,,,,,,,,,,,,,,,,,,,,,,,,,,
Q26838,Q109683388,,,,,,,,,,,,,,,,,,,,,,,,,,,,,,,,,,,,,,,,,,,,,
Q26839,Q11135496,,,,,,,,,,,,,,,,,,,,,,,,,,,,,,,,,,,,,,,,,,,,,
Q26841,Q109683569,,,,,,,,,,,,,,,,,,,,,,,,,,,,,,,,,,,,,,,,,,,,,
Q26842,Q16903722,,,,,,,,,,,,,,,,,,,,,,,,,,,,,,,,,,,,,,,,,,,,,
Q26844,Q109683598,,,,,,,,,,,,,,,,,,,,,,,,,,,,,,,,,,,,,,,,,,,,,
Q26845,Q9957,,alvin-person:60961,,,,,,,,,,,,,,,,,,,,,,,,,843440,,,,,,,,,,,,,,,,,,
Q26847,Q11432133,,,,,,,,,,,,,,,,,,,,,,,,,,,,,,,,,,,,,,,,,,,,,
Q26848,Q1068941,,,,,,,,,,,,,,,,,,,,,,,,,,,,,,,,,,,,,,,,,,,,,
Q26850,Q106650818,,,,,,,,,,,,,,,,,,,,,,,,,,,,,,,,,,,,,,,,,,,,,
Q26851,Q11074311,,,,,,,,,,,,,,,,,,,,,,,,,,,,,,,,,,,,,,,,,,,,,
Q26853,Q106650832,,,,,,,,,,,,,,,,,,,,,,,,,,,,,,,,,,,,,,,,,,,,,
Q26854,Q11131382,,,,,,,,,,,,,,,,,,,,,,,,,,,,,,,,,,,,,,,,,,,,,
Q26856,Q106650721,,,,,,,,,,,,,,,,,,,,,,,,,,,,,,,,,,,,,,,,,,,,,
Q26857,Q11133581,,,,,,,,,,,,,,,,,,,,,,,,,,,,,,,,,,,,,,,,,,,,,
Q26860,Q11133608,,,,,,,,,,,,,,,,,,,,,,,,,,,,,,,,,,,,,,,,,,,,,
Q26862,Q96714445,,,,,,,,,,,,,,,,,,,,,,,,,,,,,,,,,,,,,,,,,,,,,
Q26863,Q10907833,,,,,,,,,,,,,,,,,,,,,,,,,,,,,,,,,,,,,,,,,,,,,
Q26865,Q106670802,,,,,,,,,,,,,,,,,,,,,,,,,,,,,,,,,,,,,,,,,,,,,
Q26867,Q10918517,,,,,,,,,,,,,,,,,,,,,,,,,,,,,,,,,,,,,,,,,,,,,
Q26868,Q108850460,,,,,,,,,,,,,,,,,,,,,,,,,,,,,,,,,,,,,,,,,,,,,
Q26870,Q10931681,,,,,,,,,,,,,,,,,,,,,,,,,,,,,,,,,,,,,,,,,,,,,
Q26871,Q11634223,,,,,,,,,,,,,,,,,,,,,,,,,,,,,,,,,,,,,,,,,,,,,
Q26873,Q10934229,,,,,,,,,,,,,,,,,,,,,,,,,,,,,,,,,,,,,,,,,,,,,
Q26874,Q23986588,,,,,,,,,,,,,,,,,,,,,,,,,,,,,,,,,,,,,,,,,,,,,
Q26876,Q16603399,,,,,,,,,,,,,,,,,,,,,,,,,,,,,,,,,,,,,,,,,,,,,
Q26877,Q23986587,,,,,,,,,,,,,,,,,,,,,,,,,,,,,,,,,,,,,,,,,,,,,
Q26879,Q10946845,,,,,,,,,,,,,,,,,,,,,,,,,,,,,,,,,,,,,,,,,,,,,
Q26880,Q27920500,,,,,,,,,,,,,,,,,,,,,,,,,,,,,,,,,,,,,,,,,,,,,
Q26882,Q10956211,,,,,,,,,,,,,,,,,,,,,,,,,,,,,,,,,,,,,,,,,,,,,
Q26883,Q106673226,,,,,,,,,,,,,,,,,,,,,,,,,,,,,,,,,,,,,,,,,,,,,
Q26885,Q15938639,,,,,,,,,,,,,,,,,,,,,,,,,,,,,,,,,,,,,,,,,,,,,
Q26886,Q11660072,,,,,,,,,,,,,,,,,,,,,,,,,,,,,,,,,,,,,,,,,,,,,
Q26888,Q15952624,,,,,,,,,,,,,,,,,,,,,,,,,,,,,,,,,,,,,,,,,,,,,
Q26889,Q8513853,,,,,,,,,,,,,,,,,,,,,,,,,,,,,,,,,,,,,,,,,,,,,
Q26891,Q1194876,,,,,,,,,,,,,,,,,,,,,,,,,,,843441,,,,,,,,,,,,,,,,,,
Q26892,Q11557437,,,,,,,,,,,,,,,,,,,,,,,,,,,,,,,,,,,,,,,,,,,,,
Q26894,Q3499526,,,,,,,,,,,,,,,,,,,,,,,,,,,,,,,,,,,,,,,,,,,,,
Q26895,Q108796803,,,,,,,,,,,,,,,,,,,,,,,,,,,,,,,,,,,,,,,,,,,,,
Q26897,Q3499518,,,,,,,,,,,,,,,,,,,,,,,,,,,,,,,,,,,,,,,,,,,,,
Q26898,Q108796868,,,,,,,,,,,,,,,,,,,,,,,,,,,,,,,,,,,,,,,,,,,,,
Q26900,Q838433,,,,,,,,,,,,,,,,,,,,,,,,,,,,,,,,,,,,,,,,,,,,,
Q26901,Q11511938,,,,,,,,,,,,,,,,,,,,,,,,,,,,,,,,,,,,,,,,,,,,,
Q26903,Q3492951,,,,,,,,,,,,,,,,,,,,,,,,,,,,,,,,,,,,,,,,,,,,,
Q26904,Q11435601,,,,,,,,,,,,,,,,,,,,,,,,,,,,,,,,,,,,,,,,,,,,,
Q26906,Q10330541,,,,,,,,,,,,,,,,,,,,,,,,,,,,,,,,,,,,,,,,,,,,,
Q26907,Q109001348,,,,,,,,,,,,,,,,,,,,,,,,,,,,,,,,,,,,,,,,,,,,,
Q26909,Q11093514,,,,,,,,,,,,,,,,,,,,,,,,,,,,,,,,,,,,,,,,,,,,,
Q26910,Q11374478,,,,,,,,,,,,,,,,,,,,,,,,,,,,,,,,,,,,,,,,,,,,,
Q26912,Q11093515,,,,,,,,,,,,,,,,,,,,,,,,,,,,,,,,,,,,,,,,,,,,,
Q26913,Q11374464,,,,,,,,,,,,,,,,,,,,,,,,,,,,,,,,,,,,,,,,,,,,,
Q26915,Q11094240,,,,,,,,,,,,,,,,,,,,,,,,,,,,,,,,,,,,,,,,,,,,,
Q26916,Q11374423,,,,,,,,,,,,,,,,,,,,,,,,,,,,,,,,,,,,,,,,,,,,,
Q26918,Q11094246,,,,,,,,,,,,,,,,,,,,,,,,,,,,,,,,,,,,,,,,,,,,,
Q26920,Q110656065,,,,,,,,,,,,,,,,,,,,,,,,,,,,,,,,,,,,,,,,,,,,,
Q26921,Q11094253,,,,,,,,,,,,,,,,,,,,,,,,,,,,,,,,,,,,,,,,,,,,,
Q26923,Q110817354,,,,,,,,,,,,,,,,,,,,,,,,,,,,,,,,,,,,,,,,,,,,,
Q26924,Q11094258,,,,,,,,,,,,,,,,,,,,,,,,,,,,,,,,,,,,,,,,,,,,,
Q26926,Q110817365,,,,,,,,,,,,,,,,,,,,,,,,,,,,,,,,,,,,,,,,,,,,,
Q26927,Q11094267,,,,,,,,,,,,,,,,,,,,,,,,,,,,,,,,,,,,,,,,,,,,,
Q26929,Q110817679,,,,,,,,,,,,,,,,,,,,,,,,,,,,,,,,,,,,,,,,,,,,,
Q26930,Q11094268,,,,,,,,,,,,,,,,,,,,,,,,,,,,,,,,,,,,,,,,,,,,,
Q26932,Q110817688,,,,,,,,,,,,,,,,,,,,,,,,,,,,,,,,,,,,,,,,,,,,,
Q26933,Q11094270,,,,,,,,,,,,,,,,,,,,,,,,,,,,,,,,,,,,,,,,,,,,,
Q26935,Q11374462,,,,,,,,,,,,,,,,,,,,,,,,,,,,,,,,,,,,,,,,,,,,,
Q26936,Q11094276,,,,,,,,,,,,,,,,,,,,,,,,,,,,,,,,,,,,,,,,,,,,,
Q26938,Q11374443,,,,,,,,,,,,,,,,,,,,,,,,,,,,,,,,,,,,,,,,,,,,,
Q26939,Q11094279,,,,,,,,,,,,,,,,,,,,,,,,,,,,,,,,,,,,,,,,,,,,,
Q26941,Q110817702,,,,,,,,,,,,,,,,,,,,,,,,,,,,,,,,,,,,,,,,,,,,,
Q26942,Q11094283,,,,,,,,,,,,,,,,,,,,,,,,,,,,,,,,,,,,,,,,,,,,,
Q26944,Q108142359,,,,,,,,,,,,,,,,,,,,,,,,,,,,,,,,,,,,,,,,,,,,,
Q26945,Q11094284,,,,,,,,,,,,,,,,,,,,,,,,,,,,,,,,,,,,,,,,,,,,,
Q26947,Q11084380,,,,,,,,,,,,,,,,,,,,,,,,,,,,,,,,,,,,,,,,,,,,,
Q26948,Q11094285,,,,,,,,,,,,,,,,,,,,,,,,,,,,,,,,,,,,,,,,,,,,,
Q26950,Q11487329,,,,,,,,,,,,,,,,,,,,,,,,,,,,,,,,,,,,,,,,,,,,,
Q26951,Q11094287,,,,,,,,,,,,,,,,,,,,,,,,,,,,,,,,,,,,,,,,,,,,,
Q26953,Q11428383,,,,,,,,,,,,,,,,,,,,,,,,,,,,,,,,,,,,,,,,,,,,,
Q26954,Q11094293,,,,,,,,,,,,,,,,,,,,,,,,,,,,,,,,,,,,,,,,,,,,,
Q26956,Q10885139,,,,,,,,,,,,,,,,,,,,,,,,,,,,,,,,,,,,,,,,,,,,,
Q26957,Q11094295,,,,,,,,,,,,,,,,,,,,,,,,,,,,,,,,,,,,,,,,,,,,,
Q26959,Q109328363,,,,,,,,,,,,,,,,,,,,,,,,,,,,,,,,,,,,,,,,,,,,,
Q26960,Q11094297,,,,,,,,,,,,,,,,,,,,,,,,,,,,,,,,,,,,,,,,,,,,,
Q26962,Q11467631,,,,,,,,,,,,,,,,,,,,,,,,,,,,,,,,,,,,,,,,,,,,,
Q26963,Q985448,,,,,,,,,,,,,,,,,,,,,,,,,,,843462,,,,,,,,,,,,,,,,,,
Q26965,Q109014270,,,,,,,,,,,,,,,,,,,,,,,,,,,,,,,,,,,,,,,,,,,,,
Q26966,Q10955545,,,,,,,,,,,,,,,,,,,,,,,,,,,,,,,,,,,,,,,,,,,,,
Q26968,Q11467635,,,,,,,,,,,,,,,,,,,,,,,,,,,,,,,,,,,,,,,,,,,,,
Q26969,Q1135688,,,,,,,,,,,,,,,,,,,,,,,,,,,,,,,,,,,,,,,,,,,,,
Q26971,Q109012793,,,,,,,,,,,,,,,,,,,,,,,,,,,,,,,,,,,,,,,,,,,,,
Q26972,Q8250863,,,,,,,,,,,,,,,,,,,,,,,,,,,,,,,,,,,,,,,,,,,,,
Q26974,Q109012928,,,,,,,,,,,,,,,,,,,,,,,,,,,,,,,,,,,,,,,,,,,,,
Q26975,Q8250435,,,,,,,,,,,,,,,,,,,,,,,,,,,,,,,,,,,,,,,,,,,,,
Q26977,Q1082927,,,,,,,,,,,,,,,,,,,,,,,,,,,560067,,,,,,,,,,,,,,,,,前田-4,
Q26978,Q30944909,,,,,,,,,,,,,,,,,,,,,,,,,,,,,,,,,,,,,,,,,,,,,
Q26980,Q110641340,,,,,,,,,,,,,,,,,,,,,,,,,,,,,,,,,,,,,,,,,,,,,
Q26981,Q17362670,,,,,,,,,,,,,,,,,,,,,,,,,,,,,,,,,,,,,,,,,,,,,
Q26983,Q11605888,,,,,,,,,,,,,,,,,,,,,,,,,,,,,,,,,,,,,,,,,,,,細川-2,
Q26984,Q8250397,,,,,,,,,,,,,,,,,,,,,,,,,,,,,,,,,,,,,,,,,,,,,
Q26986,Q113163850,,,,,,,,,,,,,,,,,,,,,,,,,,,,,,,,,,,,,,,,,,,,,
Q26987,Q8250360,,,,,,,,,,,,,,,,,,,,,,,,,,,,,,,,,,,,,,,,,,,,,
Q26989,Q113163898,,,,,,,,,,,,,,,,,,,,,,,,,,,,,,,,,,,,,,,,,,,,,
Q26990,Q8250391,,,,,,,,,,,,,,,,,,,,,,,,,,,,,,,,,,,,,,,,,,,,,
Q26992,Q10470260,,,,,,,,,,,,,,,,,,,,,,,,,,,560093,,,,,,,,,,,,,,,,,,
Q26993,Q19854647,,,,,,,,,,,,,,,,,,,,,,,,,,,,,,,,,,,,,,,,,,,,,
Q26995,Q110086338,,,,,,,,,,,,,,,,,,,,,,,,,,,,,,,,,,,,,,,,,,,,,
Q26996,Q7317573,,,,,,,,,,,,,,,,,,,,,,,,,,,,,,,,,,,,,,,,,,,,,
Q26998,Q110086534,,,,,,,,,,,,,,,,,,,,,,,,,,,,,,,,,,,,,,,,,,,,,
Q26999,Q10947792,,,,,,,,,,,,,,,,,,,,,,,,,,,,,,,,,,,,,,,,,,,,,
Q27001,Q110086678,,,,,,,,,,,,,,,,,,,,,,,,,,,,,,,,,,,,,,,,,,,,,
Q27002,Q15933258,,,,,,,,,,,,,,,,,,,,,,,,,,,,,,,,,,,,,,,,,,,,,
Q27004,Q110085825,,,,,,,,,,,,,,,,,,,,,,,,,,,,,,,,,,,,,,,,,,,,,
Q27005,Q11098013,,,,,,,,,,,,,,,,,,,,,,,,,,,,,,,,,,,,,,,,,,,,,
Q27007,Q11400602,,,,,,,,,,,,,,,,,,,,,,,,,,,,,,,,,,,,,,,,,,,,勸修寺-9,
Q27008,Q30944879,,,,,,,,,,,,,,,,,,,,,,,,,,,,,,,,,,,,,,,,,,,,,
Q27010,Q109853582,,,,,,,,,,,,,,,,,,,,,,,,,,,,,,,,,,,,,,,,,,,,,
Q27011,Q108109279,,,,,,,,,,,,,,,,,,,,,,,,,,,,,,,,,,,,,,,,,,,,,
Q27013,Q109015657,,,,,,,,,,,,,,,,,,,,,,,,,,,,,,,,,,,,,,,,,,,,,
Q27015,Q15942621,,,,,,,,,,,,,,,,,,,,,,,,,,,,,,,,,,,,,,,,,,,,,
Q27016,Q11353927,,,,,,,,,,,,,,,,,,,,,,,,,,,,,,,,,,,,,,,,,,,,,
Q27018,Q11094485,,,,,,,,,,,,,,,,,,,,,,,,,,,,,,,,,,,,,,,,,,,,,
Q27019,Q108844467,,,,,,,,,,,,,,,,,,,,,,,,,,,,,,,,,,,,,,,,,,,,,
Q27021,Q11094486,,,,,,,,,,,,,,,,,,,,,,,,,,,,,,,,,,,,,,,,,,,,,
Q27022,Q17229944,,,,,,,,,,,,,,,,,,,,,,,,,,,,,,,,,,,,,,,,,,,,,
Q27024,Q11094495,,,,,,,,,,,,,,,,,,,,,,,,,,,,,,,,,,,,,,,,,,,,,
Q27025,Q111309986,,,,,,,,,,,,,,,,,,,,,,,,,,,,,,,,,,,,,,,,,,,,,
Q27027,Q15933866,,,,,,,,,,,,,,,,,,,,,,,,,,,,,,,,,,,,,,,,,,,,,
Q27028,Q111310013,,,,,,,,,,,,,,,,,,,,,,,,,,,,,,,,,,,,,,,,,,,,,
Q27030,Q719667,,,,,,,,,,,,,,,,,,,,,,,,,,,,,,,,,,,,,,,,,,,,,
Q27031,Q111310015,,,,,,,,,,,,,,,,,,,,,,,,,,,,,,,,,,,,,,,,,,,,,
Q27033,Q8250452,,,,,,,,,,,,,,,,,,,,,,,,,,,,,,,,,,,,,,,,,,,,,
Q27034,Q5368466,,,,,,,,,,,,,,,,,,,,,,,,,,,,,,,,,,,,,,,,,,,,,
Q27036,Q9977,,,,,,,,,,,,,,,,,,,,,,,,,,,843437,,,,,,,,,,,,,,,,,,
Q27037,Q906580,,,,,,,,,,,,,,,,,,,,,,,,,,,,,,,,,,,,,,,,,,,,,
Q27039,Q11094497,,,,,,,,,,,,,,,,,,,,,,,,,,,,,,,,,,,,,,,,,,,,,
Q27040,Q17990226,,,,,,,,,,,,,,,,,,,,,,,,,,,,,,,,,,,,,,,,,,,,,
Q27042,Q6784914,,,,,,,,,,,,,,,,,,,,,,,,,,,,,,,,,,,,,,,,,,,,,
Q27043,Q109028055,,,,,,,,,,,,,,,,,,,,,,,,,,,,,,,,,,,,,,,,,,,,,
Q27045,Q6784949,,,,,,,,,,,,,,,,,,,,,,,,,,,,,,,,,,,,,,,,,,,,,
Q27046,Q109028216,,,,,,,,,,,,,,,,,,,,,,,,,,,,,,,,,,,,,,,,,,,,,
Q27048,Q11094489,,,,,,,,,,,,,,,,,,,,,,,,,,,,,,,,,,,,,,,,,,,,,
Q27050,Q109028345,,,,,,,,,,,,,,,,,,,,,,,,,,,,,,,,,,,,,,,,,,,,,
Q27051,Q11094491,,,,,,,,,,,,,,,,,,,,,,,,,,,,,,,,,,,,,,,,,,,,,
Q27053,Q106317321,,,,,,,,,,,,,,,,,,,,,,,,,,,,,,,,,,,,,,,,,,,,,
Q27054,Q33113787,,,,,,,,,,,,,,,,,,,,,,,,,,,,,,,,,,,,,,,,,,,,,
Q27056,Q106703044,,,,,,,,,,,,,,,,,,,,,,,,,,,,,,,,,,,,,,,,,,,,,
Q27057,Q11094493,,,,,,,,,,,,,,,,,,,,,,,,,,,,,,,,,,,,,,,,,,,,,
Q27059,Q115596114,,,,,,,,,,,,,,,,,,,,,,,,,,,,,,,,,,,,,,,,,,,,,
Q27060,Q11094494,,,,,,,,,,,,,,,,,,,,,,,,,,,,,,,,,,,,,,,,,,,,,
Q27062,Q118697870,,,,,,,,,,,,,,,,,,,,,,,,,,,,,,,,,,,,,,,,,,,,,
Q27063,Q11094496,,,,,,,,,,,,,,,,,,,,,,,,,,,,,,,,,,,,,,,,,,,,,
Q27065,Q106313638,,,,,,,,,,,,,,,,,,,,,,,,,,,,,,,,,,,,,,,,,,,,,
Q27066,Q10924171,,,,,,,,,,,,,,,,,,,,,,,,,,,,,,,,,,,,,,,,,,,,,
Q27068,Q108843386,,,,,,,,,,,,,,,,,,,,,,,,,,,,,,,,,,,,,,,,,,,,,
Q27069,Q11065014,,,,,,,,,,,,,,,,,,,,,,,,,,,,,,,,,,,,,,,,,,,,,
Q27071,Q108453479,,,,,,,,,,,,,,,,,,,,,,,,,,,,,,,,,,,,,,,,,,,,,
Q27072,Q11071602,,,,,,,,,,,,,,,,,,,,,,,,,,,,,,,,,,,,,,,,,,,,,
Q27074,Q108453423,,,,,,,,,,,,,,,,,,,,,,,,,,,,,,,,,,,,,,,,,,,,,
Q27075,Q11071667,,,,,,,,,,,,,,,,,,,,,,,,,,,,,,,,,,,,,,,,,,,,,
Q27077,Q11394459,,,,,,,,,,,,,,,,,,,,,,,,,,,,,,,,,,,,,,,,,,,,,
Q27078,Q11074226,,,,,,,,,,,,,,,,,,,,,,,,,,,,,,,,,,,,,,,,,,,,,
Q27080,Q106680073,,,,,,,,,,,,,,,,,,,,,,,,,,,,,,,,,,,,,,,,,,,,,
Q27081,Q16603489,,,,,,,,,,,,,,,,,,,,,,,,,,,,,,,,,,,,,,,,,,,,,
Q27083,Q106680332,,,,,,,,,,,,,,,,,,,,,,,,,,,,,,,,,,,,,,,,,,,,,
Q27084,Q16603544,,,,,,,,,,,,,,,,,,,,,,,,,,,,,,,,,,,,,,,,,,,,,
Q27086,Q108451997,,,,,,,,,,,,,,,,,,,,,,,,,,,,,,,,,,,,,,,,,,,,,
Q27087,Q5312924,,,,,,,,,,,,,,,,,,,,,,,,,,,,,,,,,,,,,,,,,,,,,
Q27089,Q109648856,,,,,,,,,,,,,,,,,,,,,,,,,,,,,,,,,,,,,,,,,,,,,
Q27090,Q564531,,,,,,,,,,,,,,,,,,,,,,,,,,,,,,,,,,,,,,,,,,,,,
Q27092,Q109650475,,,,,,,,,,,,,,,,,,,,,,,,,,,,,,,,,,,,,,,,,,,,,
Q27093,Q10869045,,,,,,,,,,,,,,,,,,,,,,,,,,,,,,,,,,,,,,,,,,,,,
Q27095,Q118697835,,,,,,,,,,,,,,,,,,,,,,,,,,,,,,,,,,,,,,,,,,,,,
Q27096,Q549133,,,,,,,,,,,,,,,,,,,,,,,,,,,,,,,,,,,,,,,,,,,,,
Q27098,Q110270074,,,,,,,,,,,,,,,,,,,,,,,,,,,,,,,,,,,,,,,,,,,,,
Q27099,Q795877,,,,,,,,,,,,,,,,,,,,,,,,,,,,,,,,,,,,,,,,,,,,,
Q27101,Q10565584,,,,,,,,,,,,,,,,,,,,,,,,,,,,,,,,,,,,,,,,,,,,,
Q27102,Q795862,,,,,,,,,,,,,,,,,,,,,,,,,,,,,,,,,,,,,,,,,,,,,
Q27104,Q109650959,,,,,,,,,,,,,,,,,,,,,,,,,,,,,,,,,,,,,,,,,,,,,
Q27105,Q8249132,,,,,,,,,,,,,,,,,,,,,,,,,,,,,,,,,,,,,,,,,,,,,
Q27107,Q106679764,,,,,,,,,,,,,,,,,,,,,,,,,,,,,,,,,,,,,,,,,,,,,
Q27108,Q6122959,,,,,,,,,,,,,,,,,,,,,,,,,,,,,,,,,,,,,,,,,,,,,
Q27110,Q109650409,,,,,,,,,,,,,,,,,,,,,,,,,,,,,,,,,,,,,,,,,,,,,
Q27111,Q1263992,,,,,,,,,,,,,,,,,,,,,,,,,,,,,,,,,,,,,,,,,,,,,
Q27113,Q109667139,,,,,,,,,,,,,,,,,,,,,,,,,,,,,,,,,,,,,,,,,,,,,
Q27114,Q16260212,,,,,,,,,,,,,,,,,,,,,,,,,,,,,,,,,,,,,,,,,,,,,
Q27116,Q109666952,,,,,,,,,,,,,,,,,,,,,,,,,,,,,,,,,,,,,,,,,,,,,
Q27117,Q17031938,,,,,,,,,,,,,,,,,,,,,,,,,,,,,,,,,,,,,,,,,,,,,
Q27119,Q108745090,,,,,,,,,,,,,,,,,,,,,,,,,,,,,,,,,,,,,,,,,,,,,
Q27120,Q1188251,,,,,,,,,,,,,,,,,,,,,,,,,,,,,,,,,,,,,,,,,,,,,
Q27122,Q118697850,,,,,,,,,,,,,,,,,,,,,,,,,,,,,,,,,,,,,,,,,,,,,
Q27123,Q10892772,,,,,,,,,,,,,,,,,,,,,,,,,,,,,,,,,,,,,,,,,,,,,
Q27125,Q110286909,,,,,,,,,,,,,,,,,,,,,,,,,,,,,,,,,,,,,,,,,,,,,
Q27126,Q22813311,,,,,,,,,,,,,,,,,,,,,,,,,,,,,,,,,,,,,,,,,,,,,
Q27128,Q108807741,,,,,,,,,,,,,,,,,,,,,,,,,,,,,,,,,,,,,,,,,,,,,
Q27129,Q10822585,,,,,,,,,,,,,,,,,,,,,,,,,,,,,,,,,,,,,,,,,,,,,
Q27131,Q108807657,,,,,,,,,,,,,,,,,,,,,,,,,,,,,,,,,,,,,,,,,,,,,
Q27132,Q10889525,,,,,,,,,,,,,,,,,,,,,,,,,,,,,,,,,,,,,,,,,,,,,
Q27134,Q108807733,,,,,,,,,,,,,,,,,,,,,,,,,,,,,,,,,,,,,,,,,,,,,
Q27135,Q10879896,,,,,,,,,,,,,,,,,,,,,,,,,,,,,,,,,,,,,,,,,,,,,
Q27137,Q108807752,,,,,,,,,,,,,,,,,,,,,,,,,,,,,,,,,,,,,,,,,,,,,
Q27138,Q10513775,,,,,,,,,,,,,,,,,,,,,,,,,,,,,,,,,,,,,,,,,,,,,
Q27140,Q110901931,,,,,,,,,,,,,,,,,,,,,,,,,,,,,,,,,,,,,,,,,,,,,
Q27141,Q1155976,,,,,,,,,,,,,,,,,,,,,,,,,,,,,,,,,,,,,,,,,,,,,
Q27143,Q110902517,,,,,,,,,,,,,,,,,,,,,,,,,,,,,,,,,,,,,,,,,,,,,
Q27144,Q10941169,,,,,,,,,,,,,,,,,,,,,,,,,,,,,,,,,,,,,,,,,,,,,
Q27146,Q111197168,,,,,,,,,,,,,,,,,,,,,,,,,,,,,,,,,,,,,,,,,,,,,
Q27147,Q17026407,,,,,,,,,,,,,,,,,,,,,,,,,,,,,,,,,,,,,,,,,,,,,
Q27149,Q109936632,,,,,,,,,,,,,,,,,,,,,,,,,,,,,,,,,,,,,,,,,,,,,
Q27150,Q15955970,,,,,,,,,,,,,,,,,,,,,,,,,,,,,,,,,,,,,,,,,,,,,
Q27152,Q108884443,,,,,,,,,,,,,,,,,,,,,,,,,,,,,,,,,,,,,,,,,,,,,
Q27153,Q27802960,,,,,,,,,,,,,,,,,,,,,,,,,,,,,,,,,,,,,,,,,,,,,
Q27155,Q111143171,,,,,,,,,,,,,,,,,,,,,,,,,,,,,,,,,,,,,,,,,,,,,
Q27156,Q7195043,,,,,,,,,,,,,,,,,,,,,,,,,,,,,,,,,,,,,,,,,,,,,
Q27158,Q5368978,,,,,,,,,,,,,,,,,,,,,,,,,,,,,,,,,,,,,,,,,,,,,
Q27159,Q8249192,,,,,,,,,,,,,,,,,,,,,,,,,,,,,,,,,,,,,,,,,,,,,
Q27161,Q110049745,,,,,,,,,,,,,,,,,,,,,,,,,,,,,,,,,,,,,,,,,,,,,
Q27162,Q1157071,,,,,,,,,,,,,,,,,,,,,,,,,,,,,,,,,,,,,,,,,,,,,
Q27164,Q108887518,,,,,,,,,,,,,,,,,,,,,,,,,,,,,,,,,,,,,,,,,,,,,
Q27165,Q15915439,,,,,,,,,,,,,,,,,,,,,,,,,,,,,,,,,,,,,,,,,,,,,
Q27167,Q108887527,,,,,,,,,,,,,,,,,,,,,,,,,,,,,,,,,,,,,,,,,,,,,
Q27168,Q1443297,,,,,,,,,,,,,,,,,,,,,,,,,,,,,,,,,,,,,,,,,,,,,
Q27170,Q108797007,,,,,,,,,,,,,,,,,,,,,,,,,,,,,,,,,,,,,,,,,,,,,
Q27171,Q5951800,,,,,,,,,,,,,,,,,,,,,,,,,,,,,,,,,,,,,,,,,,,,,
Q27173,Q11530395,,,,,,,,,,,,,,,,,,,,,,,,,,,,,,,,,,,,,,,,,,,,,
Q27174,Q17063199,,,,,,,,,,,,,,,,,,,,,,,,,,,,,,,,,,,,,,,,,,,,,
Q27176,Q110874444,,,,,,,,,,,,,,,,,,,,,,,,,,,,,,,,,,,,,,,,,,,,,
Q27177,Q5952444,,,,,,,,,,,,,,,,,,,,,,,,,,,,,,,,,,,,,,,,,,,,,
Q27179,Q111019415,,,,,,,,,,,,,,,,,,,,,,,,,,,,,,,,,,,,,,,,,,,,,
Q27180,Q133571418,,,,,,,,,,,,,,,,,,,,,,,,,,,,,,,,,,,,,,,,,,,,,
Q27182,Q11093231,,,,,,,,,,,,,,,,,,,,,,,,,,,,,,,,,,,,,,,,,,,,,
Q27183,Q134551946,,,,,,,,,,,,,,,,,,,,,,,,,,,,,,,,,,,,,,,,,,,,,
Q27185,Q17041165,,,,,,,,,,,,,,,,,,,,,,,,,,,,,,,,,,,,,,,,,,,,,
Q27186,Q106701765,,,,,,,,,,,,,,,,,,,,,,,,,,,,,,,,,,,,,,,,,,,,,
Q27188,Q17040605,,,,,,,,,,,,,,,,,,,,,,,,,,,,,,,,,,,,,,,,,,,,,
Q27189,Q106698977,,,,,,,,,,,,,,,,,,,,,,,,,,,,,,,,,,,,,,,,,,,,,
Q27191,Q3456170,,,,,,,,,,,,,,,,,,,,,,,,,,,,,,,,,,,,,,,,,,,,,
Q27192,Q115587132,,,,,,,,,,,,,,,,,,,,,,,,,,,,,,,,,,,,,,,,,,,,,
Q27194,Q11636663,,,,,,,,,,,,,,,,,,,,,,,,,,,,,,,,,,,,,,,,,,,,,
Q27195,Q11629677,,,,,,,,,,,,,,,,,,,,,,,,,,,,,,,,,,,,,,,,,,,,,
Q27197,Q10948791,,,,,,,,,,,,,,,,,,,,,,,,,,,,,,,,,,,,,,,,,,,,,
Q27198,Q106702626,,,,,,,,,,,,,,,,,,,,,,,,,,,,,,,,,,,,,,,,,,,,,
Q27200,Q10907797,,,,,,,,,,,,,,,,,,,,,,,,,,,,,,,,,,,,,,,,,,,,,
Q27201,Q111009249,,,,,,,,,,,,,,,,,,,,,,,,,,,,,,,,,,,,,,,,,,,,,
Q27203,Q11094918,,,,,,,,,,,,,,,,,,,,,,,,,,,,,,,,,,,,,,,,,,,,,
Q27204,Q11642028,,,,,,,,,,,,,,,,,,,,,,,,,,,,,,,,,,,,,,,,,,,,,
Q27206,Q9961,,,,,,,,,,,,,,,,,,,,,,,,,,,843442,,,,,,,,,,,,,,,,,,
Q27207,Q97031365,,,,,,,,,,,,,,,,,,,,,,,,,,,,,,,,,,,,,,,,,,,,,
Q27209,Q11093600,,,,,,,,,,,,,,,,,,,,,,,,,,,,,,,,,,,,,,,,,,,,,
Q27210,Q107172343,,,,,,,,,,,,,,,,,,,,,,,,,,,,,,,,,,,,,,,,,,,,,
Q27212,Q11093599,,,,,,,,,,,,,,,,,,,,,,,,,,,,,,,,,,,,,,,,,,,,,
Q27213,Q11437052,,,,,,,,,,,,,,,,,,,,,,,,,,,,,,,,,,,,,,,,,,,,大河内-28,
Q27215,Q11093601,,,,,,,,,,,,,,,,,,,,,,,,,,,,,,,,,,,,,,,,,,,,,
Q27216,Q11437025,,,,,,,,,,,,,,,,,,,,,,,,,,,,,,,,,,,,,,,,,,,,大河内-27,
Q27218,Q17499161,,,,,,,,,,,,,,,,,,,,,,,,,,,,,,,,,,,,,,,,,,,,,
Q27219,Q106650506,,,,,,,,,,,,,,,,,,,,,,,,,,,,,,,,,,,,,,,,,,,,,
Q27221,Q6121440,,,,,,,,,,,,,,,,,,,,,,,,,,,,,,,,,,,,,,,,,,,,,
Q27222,Q108092168,,,,,,,,,,,,,,,,,,,,,,,,,,,,,,,,,,,,,,,,,,,,,
Q27224,Q7312687,,,,,,,,,,,,,,,,,,,,,,,,,,,,,,,,,,,,,,,,,,,,,
Q27225,Q108900773,,,,,,,,,,,,,,,,,,,,,,,,,,,,,,,,,,,,,,,,,,,,,
Q27227,Q7313466,,,,,,,,,,,,,,,,,,,,,,,,,,,,,,,,,,,,,,,,,,,,,
Q27228,Q110968054,,,,,,,,,,,,,,,,,,,,,,,,,,,,,,,,,,,,,,,,,,,,,
Q27230,Q7316843,,,,,,,,,,,,,,,,,,,,,,,,,,,,,,,,,,,,,,,,,,,,,
Q27231,Q110968078,,,,,,,,,,,,,,,,,,,,,,,,,,,,,,,,,,,,,,,,,,,,,
Q27233,Q7313321,,,,,,,,,,,,,,,,,,,,,,,,,,,,,,,,,,,,,,,,,,,,,
Q27234,Q110968095,,,,,,,,,,,,,,,,,,,,,,,,,,,,,,,,,,,,,,,,,,,,,
Q27236,Q7313101,,,,,,,,,,,,,,,,,,,,,,,,,,,,,,,,,,,,,,,,,,,,,
Q27237,Q110968698,,,,,,,,,,,,,,,,,,,,,,,,,,,,,,,,,,,,,,,,,,,,,
Q27239,Q7313376,,,,,,,,,,,,,,,,,,,,,,,,,,,,,,,,,,,,,,,,,,,,,
Q27240,Q110968763,,,,,,,,,,,,,,,,,,,,,,,,,,,,,,,,,,,,,,,,,,,,,
Q27242,Q110968788,,,,,,,,,,,,,,,,,,,,,,,,,,,,,,,,,,,,,,,,,,,,,
Q27243,Q7316961,,,,,,,,,,,,,,,,,,,,,,,,,,,,,,,,,,,,,,,,,,,,,
Q27245,Q11653967,,,,,,,,,,,,,,,,,,,,,,,,,,,,,,,,,,,,,,,,,,,,,
Q27246,Q7317017,,,,,,,,,,,,,,,,,,,,,,,,,,,,,,,,,,,,,,,,,,,,,
Q27248,Q108824320,,,,,,,,,,,,,,,,,,,,,,,,,,,,,,,,,,,,,,,,,,,,,
Q27249,Q7317391,,,,,,,,,,,,,,,,,,,,,,,,,,,,,,,,,,,,,,,,,,,,,
Q27251,Q133746,,,,,,,,,,,,,,,,,,,,,,,,,,,,,,,,,,,,,,,,,,,,,
Q27252,Q30943836,,,,,,,,,,,,,,,,,,,,,,,,,,,,,,,,,,,,,,,,,,,,,
Q27254,Q68185454,,,,,,,,,,,,,,,,,,,,,,,,,,,,,,,,,,,,,,,,,,,,,
Q27255,Q28415525,,,,,,,,,,,,,,,,,,,,,,,,,,,,,,,,,,,,,,,,,,,,,
Q27257,Q108088108,,,,,,,,,,,,,,,,,,,,,,,,,,,,,,,,,,,,,,,,,,,,,
Q27258,Q18663346,,,,,,,,,,,,,,,,,,,,,,,,,,,,,,,,,,,,,,,,,,,,,
Q27260,Q109658416,,,,,,,,,,,,,,,,,,,,,,,,,,,,,,,,,,,,,,,,,,,,,
Q27261,Q30944347,,,,,,,,,,,,,,,,,,,,,,,,,,,,,,,,,,,,,,,,,,,,,
Q27263,Q111134255,,,,,,,,,,,,,,,,,,,,,,,,,,,,,,,,,,,,,,,,,,,,,
Q27264,Q30943650,,,,,,,,,,,,,,,,,,,,,,,,,,,,,,,,,,,,,,,,,,,,,
Q27266,Q109658479,,,,,,,,,,,,,,,,,,,,,,,,,,,,,,,,,,,,,,,,,,,,,
Q27267,Q28416567,,,,,,,,,,,,,,,,,,,,,,,,,,,,,,,,,,,,,,,,,,,,,
Q27269,Q115587410,,,,,,,,,,,,,,,,,,,,,,,,,,,,,,,,,,,,,,,,,,,,,
Q27270,Q30950587,,,,,,,,,,,,,,,,,,,,,,,,,,,,,,,,,,,,,,,,,,,,,
Q27272,Q3275795,,,,,,,,,,,,,,,,,,,,,,,,,,,,,,,,,,,,,,,,,,,,,
Q27273,Q7317808,,,,,,,,,,,,,,,,,,,,,,,,,,,,,,,,,,,,,,,,,,,,,
Q27275,Q10470212,,,,,,,,,,,,,,,,,,,,,,,,,,,,,,,,,,,,,,,,,,,,,
Q27276,Q7317907,,,,,,,,,,,,,,,,,,,,,,,,,,,,,,,,,,,,,,,,,,,,,
Q27278,Q10959928,,,,,,,,,,,,,,,,,,,,,,,,,,,,,,,,,,,,,,,,,,,,,
Q27279,Q95062803,,,,,,,,,,,,,,,,,,,,,,,,,,,,,,,,,,,,,,,,,,,,,
Q27281,Q10517436,,,,,,,,,,,,,,,,,,,,,,,,,,,,,,,,,,,,,,,,,,,,本多-1,
Q27282,Q95066568,,,,,,,,,,,,,,,,,,,,,,,,,,,,,,,,,,,,,,,,,,,,,
Q27285,Q11093910,,,,,,,,,,,,,,,,,,,,,,,,,,,,,,,,,,,,,,,,,,,,,
Q27288,Q11093911,,,,,,,,,,,,,,,,,,,,,,,,,,,,,,,,,,,,,,,,,,,,,
Q27291,Q11093913,,,,,,,,,,,,,,,,,,,,,,,,,,,,,,,,,,,,,,,,,,,,,
Q27295,Q11093912,,,,,,,,,,,,,,,,,,,,,,,,,,,,,,,,,,,,,,,,,,,,,
Q27296,Q11613124,,,,,,,,,,,,,,,,,,,,,,,,,,,,,,,,,,,,,,,,,,,,,
Q27298,Q11093907,,,,,,,,,,,,,,,,,,,,,,,,,,,,,,,,,,,,,,,,,,,,,
Q27299,Q5362720,,,,,,,,,,,,,,,,,,,,,,,,,,,,,,,,,,,,,,,,,,,,,
Q27301,Q11093908,,,,,,,,,,,,,,,,,,,,,,,,,,,,,,,,,,,,,,,,,,,,,
Q27302,Q5369704,,,,,,,,,,,,,,,,,,,,,,,,,,,,,,,,,,,,,,,,,,,,,
Q27304,Q11094381,,,,,,,,,,,,,,,,,,,,,,,,,,,,,,,,,,,,,,,,,,,,,
Q27305,Q8012949,,,,,,,,,,,,,,,,,,,,,,,,,,,,,,,,,,,,,,,,,,,,,
Q27307,Q11094380,,,,,,,,,,,,,,,,,,,,,,,,,,,,,,,,,,,,,,,,,,,,,
Q27308,Q24875659,,,,,,,,,,,,,,,,,,,,,,,,,,,,,,,,,,,,,,,,,,,,,
Q27310,Q11094376,,,,,,,,,,,,,,,,,,,,,,,,,,,,,,,,,,,,,,,,,,,,,
Q27311,Q7004359,,,,,,,,,,,,,,,,,,,,,,,,,,,,,,,,,,,,,,,,,,,,織田-40,
Q27313,Q11094378,,,,,,,,,,,,,,,,,,,,,,,,,,,,,,,,,,,,,,,,,,,,,
Q27314,Q111023967,,,,,,,,,,,,,,,,,,,,,,,,,,,,,,,,,,,,,,,,,,,,,
Q27316,Q11094377,,,,,,,,,,,,,,,,,,,,,,,,,,,,,,,,,,,,,,,,,,,,,
Q27317,Q11610928,,,,,,,,,,,,,,,,,,,,,,,,,,,,,,,,,,,,,,,,,,,,,
Q27319,Q11094350,,,,,,,,,,,,,,,,,,,,,,,,,,,,,,,,,,,,,,,,,,,,,
Q27320,Q27948151,,,,,,,,,,,,,,,,,,,,,,,,,,,,,,,,,,,,,,,,,,,,,
Q27322,Q11094379,,,,,,,,,,,,,,,,,,,,,,,,,,,,,,,,,,,,,,,,,,,,,
Q27323,Q111023971,,,,,,,,,,,,,,,,,,,,,,,,,,,,,,,,,,,,,,,,,,,,,
Q27325,Q11094213,,,,,,,,,,,,,,,,,,,,,,,,,,,,,,,,,,,,,,,,,,,,,
Q27326,Q11585497,,,,,,,,,,,,,,,,,,,,,,,,,,,,,,,,,,,,,,,,,,,,,
Q27328,Q11094217,,,,,,,,,,,,,,,,,,,,,,,,,,,,,,,,,,,,,,,,,,,,,
Q27329,Q79732095,,,,,,,,,,,,,,,,,,,,,,,,,,,,,,,,,,,,,,,,,,,,,
Q27331,Q11094215,,,,,,,,,,,,,,,,,,,,,,,,,,,,,,,,,,,,,,,,,,,,,
Q27332,Q11370812,,,,,,,,,,,,,,,,,,,,,,,,,,,,,,,,,,,,,,,,,,,,,
Q27334,Q11094214,,,,,,,,,,,,,,,,,,,,,,,,,,,,,,,,,,,,,,,,,,,,,
Q27335,Q108896881,,,,,,,,,,,,,,,,,,,,,,,,,,,,,,,,,,,,,,,,,,,,,
Q27337,Q11094216,,,,,,,,,,,,,,,,,,,,,,,,,,,,,,,,,,,,,,,,,,,,,
Q27338,Q108900703,,,,,,,,,,,,,,,,,,,,,,,,,,,,,,,,,,,,,,,,,,,,,
Q27340,Q11094221,,,,,,,,,,,,,,,,,,,,,,,,,,,,,,,,,,,,,,,,,,,,,
Q27341,Q109923855,,,,,,,,,,,,,,,,,,,,,,,,,,,,,,,,,,,,,,,,,,,,,
Q27343,Q11094218,,,,,,,,,,,,,,,,,,,,,,,,,,,,,,,,,,,,,,,,,,,,,
Q27344,Q109923884,,,,,,,,,,,,,,,,,,,,,,,,,,,,,,,,,,,,,,,,,,,,,
Q27346,Q45417363,,,,,,,,,,,,,,,,,,,,,,,,,,,,,,,,,,,,,,,,,,,,,
Q27347,Q109924101,,,,,,,,,,,,,,,,,,,,,,,,,,,,,,,,,,,,,,,,,,,,,
Q27349,Q30943837,,,,,,,,,,,,,,,,,,,,,,,,,,,,,,,,,,,,,,,,,,,,,
Q27350,Q110653000,,,,,,,,,,,,,,,,,,,,,,,,,,,,,,,,,,,,,,,,,,,,,
Q27352,Q11094799,,,,,,,,,,,,,,,,,,,,,,,,,,,,,,,,,,,,,,,,,,,,,
Q27353,Q11530610,,,,,,,,,,,,,,,,,,,,,,,,,,,,,,,,,,,,,,,,,,,,松平-193,
Q27355,Q30944351,,,,,,,,,,,,,,,,,,,,,,,,,,,,,,,,,,,,,,,,,,,,,
Q27356,Q108140338,,,,,,,,,,,,,,,,,,,,,,,,,,,,,,,,,,,,,,,,,,,,,
Q27358,Q11094033,,,,,,,,,,,,,,,,,,,,,,,,,,,,,,,,,,,,,,,,,,,,,
Q27359,Q108140470,,,,,,,,,,,,,,,,,,,,,,,,,,,,,,,,,,,,,,,,,,,,,
Q27361,Q11094035,,,,,,,,,,,,,,,,,,,,,,,,,,,,,,,,,,,,,,,,,,,,,
Q27362,Q3334056,,,,,,,,,,9709478,,,,,,,,,,,,,,,,,808187,,,,,,,,,,,,,,,,,,
Q27364,Q11094036,,,,,,,,,,,,,,,,,,,,,,,,,,,,,,,,,,,,,,,,,,,,,
Q27367,Q30943951,,,,,,,,,,,,,,,,,,,,,,,,,,,,,,,,,,,,,,,,,,,,,
Q27368,Q110653558,,,,,,,,,,,,,,,,,,,,,,,,,,,,,,,,,,,,,,,,,,,,,
Q27370,Q11094564,,,,,,,,,,,,,,,,,,,,,,,,,,,,,,,,,,,,,,,,,,,,,
Q27371,Q110994829,,,,,,,,,,,,,,,,,,,,,,,,,,,,,,,,,,,,,,,,,,,,,
Q27373,Q22829299,,,,,,,,,,,,,,,,,,,,,,,,,,,,,,,,,,,,,,,,,,,,,
Q27374,Q1069843,,,,,,,,,,211823011,,,,,,,,,,,,,,,,,,,,,,,,,,,,,,,,,,加藤-29,
Q27376,Q30943821,,,,,,,,,,,,,,,,,,,,,,,,,,,,,,,,,,,,,,,,,,,,,
Q27379,Q11094943,,,,,,,,,,,,,,,,,,,,,,,,,,,,,,,,,,,,,,,,,,,,,
Q27380,Q56059940,,,,,,,,,,,,,,,,,,,,,,,,,,,,,,,,,,,,,,,,,,,,,
Q27382,Q11094335,,,,,,,,,,,,,,,,,,,,,,,,,,,,,,,,,,,,,,,,,,,,,
Q27383,Q109678554,,,,,,,,,,,,,,,,,,,,,,,,,,,,,,,,,,,,,,,,,,,,,
Q27385,Q45548027,,,,,,,,,,,,,,,,,,,,,,,,,,,,,,,,,,,,,,,,,,,,,
Q27386,Q110901161,,,,,,,,,,,,,,,,,,,,,,,,,,,,,,,,,,,,,,,,,,,,,
Q27388,Q19825763,,,,,,,,,,,,,,,,,,,,,,,,,,,,,,,,,,,,,,,,,,,,,
Q27389,Q110901310,,,,,,,,,,,,,,,,,,,,,,,,,,,,,,,,,,,,,,,,,,,,,
Q27391,Q11094854,,,,,,,,,,,,,,,,,,,,,,,,,,,,,,,,,,,,,,,,,,,,,
Q27392,Q111020125,,,,,,,,,,,,,,,,,,,,,,,,,,,,,,,,,,,,,,,,,,,,,
Q27394,Q11094850,,,,,,,,,,,,,,,,,,,,,,,,,,,,,,,,,,,,,,,,,,,,,
Q27395,Q108883966,,,,,,,,,,,,,,,,,,,,,,,,,,,,,,,,,,,,,,,,,,,,,
Q27397,Q11094852,,,,,,,,,,,,,,,,,,,,,,,,,,,,,,,,,,,,,,,,,,,,,
Q27398,Q110624972,,,,,,,,,,,,,,,,,,,,,,,,,,,,,,,,,,,,,,,,,,,,,
Q27400,Q30944336,,,,,,,,,,,,,,,,,,,,,,,,,,,,,,,,,,,,,,,,,,,,,
Q27401,Q108496198,,,,,,,,,,,,,,,,,,,,,,,,,,,,,,,,,,,,,,,,,,,,,
Q27403,Q11094439,,,,,,,,,,,,,,,,,,,,,,,,,,,,,,,,,,,,,,,,,,,,,
Q27404,Q110969159,,,,,,,,,,,,,,,,,,,,,,,,,,,,,,,,,,,,,,,,,,,,,
Q27406,Q11094438,,,,,,,,,,,,,,,,,,,,,,,,,,,,,,,,,,,,,,,,,,,,,
Q27407,Q111130923,,,,,,,,,,,,,,,,,,,,,,,,,,,,,,,,,,,,,,,,,,,,,
Q27409,Q30943963,,,,,,,,,,,,,,,,,,,,,,,,,,,,,,,,,,,,,,,,,,,,,
Q27412,Q11094792,,,,,,,,,,,,,,,,,,,,,,,,,,,,,,,,,,,,,,,,,,,,,
Q27413,Q11070274,,,,,,,,,,,,,,,,,,,,,,,,,,,,,,,,,,,,,,,,,,,,,
Q27415,Q11094794,,,,,,,,,,,,,,,,,,,,,,,,,,,,,,,,,,,,,,,,,,,,,
Q27416,Q11449834,,,,,,,,,,,,,,,,,,,,,,,,,,,,,,,,,,,,,,,,,,,,,
Q27418,Q11094070,,,,,,,,,,,,,,,,,,,,,,,,,,,,,,,,,,,,,,,,,,,,,
Q27419,Q110635811,,,,,,,,,,,,,,,,,,,,,,,,,,,,,,,,,,,,,,,,,,,,,
Q27421,Q11094071,,,,,,,,,,,,,,,,,,,,,,,,,,,,,,,,,,,,,,,,,,,,,
Q27422,Q105260083,,,,,,,,,,,,,,,,,,,,,,,,,,,,,,,,,,,,,,,,,,,,,
Q27424,Q11094802,,,,,,,,,,,,,,,,,,,,,,,,,,,,,,,,,,,,,,,,,,,,,
Q27425,Q11445771,,,,,,,,,,,,,,,,,,,,,,,,,,,,,,,,,,,,,,,,,,,,,
Q27427,Q30943922,,,,,,,,,,,,,,,,,,,,,,,,,,,,,,,,,,,,,,,,,,,,,
Q27428,Q109327459,,,,,,,,,,,,,,,,,,,,,,,,,,,,,,,,,,,,,,,,,,,,,
Q27430,Q17164641,,,,,,,,,,,,,,,,,,,,,,,,,,,,,,,,,,,,,,,,,,,,,
Q27433,Q11093829,,,,,,,,,,,,,,,,,,,,,,,,,,,,,,,,,,,,,,,,,,,,,
Q27434,Q110249723,,,,,,,,,,,,,,,,,,,,,,,,,,,,,,,,,,,,,,,,,,,,,
Q27436,Q30943966,,,,,,,,,,,,,,,,,,,,,,,,,,,,,,,,,,,,,,,,,,,,,
Q27437,Q110249745,,,,,,,,,,,,,,,,,,,,,,,,,,,,,,,,,,,,,,,,,,,,,
Q27439,Q11093576,,,,,,,,,,,,,,,,,,,,,,,,,,,,,,,,,,,,,,,,,,,,,
Q27440,Q11431972,,,,,,,,,,,,,,,,,,,,,,,,,,,,,,,,,,,,,,,,,,,,,
Q27442,Q11094800,,,,,,,,,,,,,,,,,,,,,,,,,,,,,,,,,,,,,,,,,,,,,
Q27443,Q60452149,,,,,,,,,,,,,,,,,,,,,,,,,,,,,,,,,,,,,,,,,,,,荒尾-1,
Q27445,Q11094663,,,,,,,,,,,,,,,,,,,,,,,,,,,,,,,,,,,,,,,,,,,,,
Q27446,Q108860901,,,,,,,,,,,,,,,,,,,,,,,,,,,,,,,,,,,,,,,,,,,,,
Q27448,Q30943958,,,,,,,,,,,,,,,,,,,,,,,,,,,,,,,,,,,,,,,,,,,,,
Q27449,Q111015706,,,,,,,,,,,,,,,,,,,,,,,,,,,,,,,,,,,,,,,,,,,,,
Q27451,Q6784988,,,,,,,,,,,,,,,,,,,,,,,,,,,,,,,,,,,,,,,,,,,,,
Q27452,Q111133920,,,,,,,,,,,,,,,,,,,,,,,,,,,,,,,,,,,,,,,,,,,,,
Q27454,Q22829278,,,,,,,,,,,,,,,,,,,,,,,,,,,,,,,,,,,,,,,,,,,,,
Q27455,Q11391898,,,,,,,,,,,,,,,,,,,,,,,,,,,,,,,,,,,,,,,,,,,,,
Q27457,Q11114944,,,,,,,,,,,,,,,,,,,,,,,,,,,,,,,,,,,,,,,,,,,,,
Q27458,Q111197109,,,,,,,,,,,,,,,,,,,,,,,,,,,,,,,,,,,,,,,,,,,,,
Q27460,Q1355886,,,,,,,,,,,,,,,,,,,,,,,,,,,,,,,,,,,,,,,,,,,,,
Q27461,Q109679666,,,,,,,,,,,,,,,,,,,,,,,,,,,,,,,,,,,,,,,,,,,,,
Q27463,Q11070418,,,,,,,,,,,,,,,,,,,,,,,,,,,,,,,,,,,,,,,,,,,,,
Q27465,Q11557430,,,,,,,,,,,,,,,,,,,,,,,,,,,,,,,,,,,,,,,,,,,,,
Q27467,Q11070905,,,,,,,,,,,,,,,,,,,,,,,,,,,,,,,,,,,,,,,,,,,,,
Q27469,Q110155234,,,,,,,,,,,,,,,,,,,,,,,,,,,,,,,,,,,,,,,,,,,,,
Q27471,Q11070956,,,,,,,,,,,,,,,,,,,,,,,,,,,,,,,,,,,,,,,,,,,,,
Q27473,Q111023915,,,,,,,,,,,,,,,,,,,,,,,,,,,,,,,,,,,,,,,,,,,,,
Q27475,Q484792,,,,,,,,,,,,,,,,,,,,,,,,,,,,,,,,,,,,,,,,,,,,,
Q27477,Q8513830,,,,,,,,,,,,,,,,,,,,,,,,,,,,,,,,,,,,,,,,,,,,,
Q27479,Q6799734,,,,,,,,,,,,,,,,,,,,,,,,,,,,,,,,,,,,,,,,,,,,,
Q27481,Q110047595,,,,,,,,,,,,,,,,,,,,,,,,,,,,,,,,,,,,,,,,,,,,,
Q27483,Q11068798,,,,,,,,,,,,,,,,,,,,,,,,,,,,,,,,,,,,,,,,,,,,,
Q27485,Q110047624,,,,,,,,,,,,,,,,,,,,,,,,,,,,,,,,,,,,,,,,,,,,,
Q27487,Q15904233,,,,,,,,,,,,,,,,,,,,,,,,,,,,,,,,,,,,,,,,,,,,,
Q27489,Q110048346,,,,,,,,,,,,,,,,,,,,,,,,,,,,,,,,,,,,,,,,,,,,,
Q27491,Q108109188,,,,,,,,,,,,,,,,,,,,,,,,,,,,,,,,,,,,,,,,,,,,,
Q27493,Q11439376,,,,,,,,,,,,,,,,,,,,,,,,,,,,,,,,,,,,,,,,,,,,,
Q27495,Q11094509,,,,,,,,,,,,,,,,,,,,,,,,,,,,,,,,,,,,,,,,,,,,,
Q27497,Q108454046,,,,,,,,,,,,,,,,,,,,,,,,,,,,,,,,,,,,,,,,,,,,,
Q27499,Q24833874,,,,,,,,,,,,,,,,,,,,,,,,,,,,,,,,,,,,,,,,,,,,,
Q27501,Q108454130,,,,,,,,,,,,,,,,,,,,,,,,,,,,,,,,,,,,,,,,,,,,,
Q27503,Q28415982,,,,,,,,,,,,,,,,,,,,,,,,,,,,,,,,,,,,,,,,,,,,,
Q27505,Q108454191,,,,,,,,,,,,,,,,,,,,,,,,,,,,,,,,,,,,,,,,,,,,,
Q27507,Q28415988,,,,,,,,,,,,,,,,,,,,,,,,,,,,,,,,,,,,,,,,,,,,,
Q27509,Q108454330,,,,,,,,,,,,,,,,,,,,,,,,,,,,,,,,,,,,,,,,,,,,,
Q27511,Q5374630,,,,,,,,,,,,,,,,,,,,,,,,,,,,,,,,,,,,,,,,,,,,,
Q27512,Q128865498,,,,,,,,,,,,,,,,,,,,,,,,,,,,,,,,,,,,,,,,,,,,,
Q27514,Q8254411,,,,,,,,,,,,,,,,,,,,,,,,,,,,,,,,,,,,,,,,,,,,,
Q27515,Q129424183,,,,,,,,,,,,,,,,,,,,,,,,,,,,,,,,,,,,,,,,,,,,松平-54,
Q27517,Q8250347,,,,,,,,,,,,,,,,,,,,,,,,,,,,,,,,,,,,,,,,,,,,,
Q27518,Q118697810,,,,,,,,,,,,,,,,,,,,,,,,,,,,,,,,,,,,,,,,,,,,,
Q27520,Q9983,,,,,,,,,,,,,,,,,,,,,,,,,,,,,,,,,,,,,,,,,,,,,
Q27521,Q9385281,,,,,,,,,,,,,,,,,,,,,,,,,,,,,,,,,,,,,,,,,,,,,
Q27523,Q9988,,,,,,,,,,,,,,,,,,,,,,,,,,,843443,,,,,,,,,,,,,,,,,,
Q27524,Q17225124,,,,,,,,,,,,,,,,,,,,,,,,,,,,,,,,,,,,,,,,,,,,,
Q27526,Q11060387,,,,,,,,,,,,,,,,,,,,,,,,,,,,,,,,,,,,,,,,,,,,,
Q27527,Q11651823,,,,,,,,,,,,,,,,,,,,,,,,,,,,,,,,,,,,,,,,,,,,,
Q27529,Q11132430,,,,,,,,,,,,,,,,,,,,,,,,,,,,,,,,,,,,,,,,,,,,,
Q27531,Q11651868,,,,,,,,,,,,,,,,,,,,,,,,,,,,,,,,,,,,,,,,,,,,,
Q27532,Q15913339,,,,,,,,,,,,,,,,,,,,,,,,,,,,,,,,,,,,,,,,,,,,,
Q27534,Q106648359,,,,,,,,,,,,,,,,,,,,,,,,,,,,,,,,,,,,,,,,,,,,,
Q27535,Q11094511,,,,,,,,,,,,,,,,,,,,,,,,,,,,,,,,,,,,,,,,,,,,,
Q27537,Q106814337,,,,,,,,,,,,,,,,,,,,,,,,,,,,,,,,,,,,,,,,,,,,,
Q27538,Q22829245,,,,,,,,,,,,,,,,,,,,,,,,,,,,,,,,,,,,,,,,,,,,,
Q27540,Q106703998,,,,,,,,,,,,,,,,,,,,,,,,,,,,,,,,,,,,,,,,,,,,,
Q27541,Q19825659,,,,,,,,,,,,,,,,,,,,,,,,,,,,,,,,,,,,,,,,,,,,,
Q27543,Q11651851,,,,,,,,,,,,,,,,,,,,,,,,,,,,,,,,,,,,,,,,,,,,,
Q27544,Q6784879,,,,,,,,,,,,,,,,,,,,,,,,,,,,,,,,,,,,,,,,,,,,,
Q27546,Q106703953,,,,,,,,,,,,,,,,,,,,,,,,,,,,,,,,,,,,,,,,,,,,,
Q27547,Q123329715,,,,,,,,,,,,,,,,,,,,,,,,,,,,,,,,,,,,,,,,,,,,,
Q27549,Q11651891,,,,,,,,,,,,,,,,,,,,,,,,,,,,,,,,,,,,,,,,,,,,,
Q27550,Q31820862,,,,,,,,,,,,,,,,,,,,,,,,,,,,,,,,,,,,,,,,,,,,,
Q27552,Q108565228,,,,,,,,,,,,,,,,,,,,,,,,,,,,,,,,,,,,,,,,,,,,,
Q27553,Q11094510,,,,,,,,,,,,,,,,,,,,,,,,,,,,,,,,,,,,,,,,,,,,,
Q27555,Q108909227,,,,,,,,,,,,,,,,,,,,,,,,,,,,,,,,,,,,,,,,,,,,,
Q27556,Q15942686,,,,,,,,,,,,,,,,,,,,,,,,,,,,,,,,,,,,,,,,,,,,,
Q27558,Q108909238,,,,,,,,,,,,,,,,,,,,,,,,,,,,,,,,,,,,,,,,,,,,,
Q27559,Q16904451,,,,,,,,,,,,,,,,,,,,,,,,,,,,,,,,,,,,,,,,,,,,,
Q27561,Q108780063,,,,,,,,,,,,,,,,,,,,,,,,,,,,,,,,,,,,,,,,,,,,,
Q27562,Q11094508,,,,,,,,,,,,,,,,,,,,,,,,,,,,,,,,,,,,,,,,,,,,,
Q27564,Q3341472,,,,,,,,,,,,,,,,,,,,,,,,,,,974033,,,,,,,,,,,,,,,,,Nijō_晴良-3,I00523623
Q27565,Q5312850,,,,,,,,,,,,,,,,,,,,,,,,,,,,,,,,,,,,,,,,,,,,,
Q27567,Q11526400,,,,,,,,,,,,,,,,,,,,,,,,,,,,,,,,,,,,,,,,,,,,,
Q27568,Q11075271,,,,,,,,,,,,,,,,,,,,,,,,,,,,,,,,,,,,,,,,,,,,,
Q27570,Q11500861,,,,,,,,,,,,,,,,,,,,,,,,,,,,,,,,,,,,,,,,,,,,,
Q27571,Q564135,,,,,,,,,,,,,,,,,,,,,,,,,,,,,,,,,,,,,,,,,,,,,
Q27573,Q17212539,,,,,,,,,,,,,,,,,,,,,,,,,,,,,,,,,,,,,,,,,,,,,
Q27574,Q11036316,,,,,,,,,,,,,,,,,,,,,,,,,,,,,,,,,,,,,,,,,,,,,
Q27576,Q11500873,,,,,,,,,,,,,,,,,,,,,,,,,,,,,,,,,,,,,,,,,,,,,
Q27577,Q8249059,,,,,,,,,,,,,,,,,,,,,,,,,,,,,,,,,,,,,,,,,,,,,
Q27579,Q106680492,,,,,,,,,,,,,,,,,,,,,,,,,,,,,,,,,,,,,,,,,,,,,
Q27580,Q553763,,,,,,,,,,,,,,,,,,,,,,,,,,,,,,,,,,,,,,,,,,,,,
Q27582,Q110822533,,,,,,,,,,,,,,,,,,,,,,,,,,,,,,,,,,,,,,,,,,,,,
Q27583,Q795856,,,,,,,,,,,,,,,,,,,,,,,,,,,,,,,,,,,,,,,,,,,,,
Q27585,Q108893123,,,,,,,,,,,,,,,,,,,,,,,,,,,,,,,,,,,,,,,,,,,,,
Q27586,Q795948,,,,,,,,,,,,,,,,,,,,,,,,,,,,,,,,,,,,,,,,,,,,,
Q27588,Q108893181,,,,,,,,,,,,,,,,,,,,,,,,,,,,,,,,,,,,,,,,,,,,,
Q27589,Q795912,,,,,,,,,,,,,,,,,,,,,,,,,,,,,,,,,,,,,,,,,,,,,
Q27591,Q11500476,,,,,,,,,,,,,,,,,,,,,,,,,,,,,,,,,,,,,,,,,,,,,
Q27592,Q3912802,,,,,,,,,,,,,,,,,,,,,,,,,,,,,,,,,,,,,,,,,,,,,
Q27594,Q110069952,,,,,,,,,,,,,,,,,,,,,,,,,,,,,,,,,,,,,,,,,,,,,
Q27595,Q10892792,,,,,,,,,,,,,,,,,,,,,,,,,,,,,,,,,,,,,,,,,,,,,
Q27597,Q11500528,,,,,,,,,,,,,,,,,,,,,,,,,,,,,,,,,,,,,,,,,,,,,
Q27598,Q10944182,,,,,,,,,,,,,,,,,,,,,,,,,,,,,,,,,,,,,,,,,,,,,
Q27600,Q11651443,,,,,,,,,,,,,,,,,,,,,,,,,,,,,,,,,,,,,,,,,,,,,
Q27601,Q10941177,,,,,,,,,,,,,,,,,,,,,,,,,,,,,,,,,,,,,,,,,,,,,
Q27603,Q11500474,,,,,,,,,,,,,,,,,,,,,,,,,,,,,,,,,,,,,,,,,,,,,
Q27604,Q10892747,,,,,,,,,,,,,,,,,,,,,,,,,,,,,,,,,,,,,,,,,,,,,
Q27606,Q108146287,,,,,,,,,,,,,,,,,,,,,,,,,,,,,,,,,,,,,,,,,,,,,
Q27607,Q10944193,,,,,,,,,,,,,,,,,,,,,,,,,,,,,,,,,,,,,,,,,,,,,
Q27609,Q110845257,,,,,,,,,,,,,,,,,,,,,,,,,,,,,,,,,,,,,,,,,,,,,
Q27610,Q8249161,,,,,,,,,,,,,,,,,,,,,,,,,,,,,,,,,,,,,,,,,,,,,
Q27612,Q2994679,,,,,,,,,,,,,,,,,,,,,,,,,,,,,,,,,,,,,,,,,,,,,
Q27613,Q10944168,,,,,,,,,,,,,,,,,,,,,,,,,,,,,,,,,,,,,,,,,,,,,
Q27615,Q109922233,,,,,,,,,,,,,,,,,,,,,,,,,,,,,,,,,,,,,,,,,,,,,
Q27616,Q6411724,,,,,,,,,,,,,,,,,,,,,,,,,,,,,,,,,,,,,,,,,,,,,
Q27618,Q106652338,,,,,,,,,,,,,,,,,,,,,,,,,,,,,,,,,,,,,,,,,,,,,
Q27619,Q890102,,,,,,,,,,,,,,,,,,,,,,,,,,,,,,,,,,,,,,,,,,,,,
Q27621,Q110946608,,,,,,,,,,,,,,,,,,,,,,,,,,,,,,,,,,,,,,,,,,,,,
Q27622,Q1188283,,,,,,,,,,,,,,,,,,,,,,,,,,,,,,,,,,,,,,,,,,,,,
Q27624,Q109919992,,,,,,,,,,,,,,,,,,,,,,,,,,,,,,,,,,,,,,,,,,,,,
Q27626,Q1188293,,,,,,,,,,,,,,,,,,,,,,,,,,,,,,,,,,,,,,,,,,,,,
Q27627,Q109920213,,,,,,,,,,,,,,,,,,,,,,,,,,,,,,,,,,,,,,,,,,,,,
Q27629,Q1188275,,,,,,,,,,,,,,,,,,,,,,,,,,,,,,,,,,,,,,,,,,,,,
Q27630,Q109920225,,,,,,,,,,,,,,,,,,,,,,,,,,,,,,,,,,,,,,,,,,,,,
Q27632,Q22813312,,,,,,,,,,,,,,,,,,,,,,,,,,,,,,,,,,,,,,,,,,,,,
Q27633,Q109922529,,,,,,,,,,,,,,,,,,,,,,,,,,,,,,,,,,,,,,,,,,,,,
Q27635,Q10822586,,,,,,,,,,,,,,,,,,,,,,,,,,,,,,,,,,,,,,,,,,,,,
Q27636,Q11407623,,,,,,,,,,,,,,,,,,,,,,,,,,,,,,,,,,,,,,,,,,,,,
Q27638,Q27786558,,,,,,,,,,,,,,,,,,,,,,,,,,,,,,,,,,,,,,,,,,,,,
Q27639,Q109012789,,,,,,,,,,,,,,,,,,,,,,,,,,,,,,,,,,,,,,,,,,,,,
Q27641,Q6379111,,,,,,,,,,,,,,,,,,,,,,,,,,,,,,,,,,,,,,,,,,,,,
Q27643,Q109923067,,,,,,,,,,,,,,,,,,,,,,,,,,,,,,,,,,,,,,,,,,,,,
Q27644,Q887580,,,,,,,,,,,,,,,,,,,,,,,,,,,,,,,,,,,,,,,,,,,,,
Q27646,Q113226840,,,,,,,,,,,,,,,,,,,,,,,,,,,,,,,,,,,,,,,,,,,,,
Q27647,Q10889428,,,,,,,,,,,,,,,,,,,,,,,,,,,,,,,,,,,,,,,,,,,,,
Q27649,Q6951120,,,,,,,,,,,,,,,,,,,,,,,,,,,,,,,,,,,,,,,,,,,,,
Q27650,Q1441727,,,,,,,,,,,,,,,,,,,,,,,,,,,,,,,,,,,,,,,,,,,,,
Q27652,Q106916949,,,,,,,,,,,,,,,,,,,,,,,,,,,,,,,,,,,,,,,,,,,,,
Q27653,Q1527657,,,,,,,,,,,,,,,,,,,,,,,,,,,,,,,,,,,,,,,,,,,,,
Q27655,Q6639877,,,,,,,,,,,,,,,,,,,,,,,,,,,,,,,,,,,,,,,,,,,,,
Q27656,Q5952501,,,,,,,,,,,,,,,,,,,,,,,,,,,,,,,,,,,,,,,,,,,,,
Q27658,Q108129853,,,,,,,,,,,,,,,,,,,,,,,,,,,,,,,,,,,,,,,,,,,,,
Q27659,Q5951759,,,,,,,,,,,,,,,,,,,,,,,,,,,,,,,,,,,,,,,,,,,,,
Q27661,Q111367688,,,,,,,,,,,,,,,,,,,,,,,,,,,,,,,,,,,,,,,,,,,,,
Q27662,Q17063234,,,,,,,,,,,,,,,,,,,,,,,,,,,,,,,,,,,,,,,,,,,,,
Q27664,Q109834262,,,,,,,,,,,,,,,,,,,,,,,,,,,,,,,,,,,,,,,,,,,,,
Q27665,Q6121525,,,,,,,,,,,,,,,,,,,,,,,,,,,,,,,,,,,,,,,,,,,,,
Q27667,Q110069083,,,,,,,,,,,,,,,,,,,,,,,,,,,,,,,,,,,,,,,,,,,,,
Q27668,Q15940896,,,,,,,,,,,,,,,,,,,,,,,,,,,,,,,,,,,,,,,,,,,,,
Q27670,Q109123083,,,,,,,,,,,,,,,,,,,,,,,,,,,,,,,,,,,,,,,,,,,,,
Q27671,Q10892915,,,,,,,,,,,,,,,,,,,,,,,,,,,,,,,,,,,,,,,,,,,,,
Q27673,Q17228446,,,,,,,,,,,,,,,,,,,,,,,,,,,,,,,,,,,,,,,,,,,,,
Q27674,Q17060090,,,,,,,,,,,,,,,,,,,,,,,,,,,,,,,,,,,,,,,,,,,,,
Q27676,Q108935639,,,,,,,,,,,,,,,,,,,,,,,,,,,,,,,,,,,,,,,,,,,,,
Q27677,Q3454841,,,,,,,,,,,,,,,,,,,,,,,,,,,,,,,,,,,,,,,,,,,,,
Q27679,Q110117058,,,,,,,,,,,,,,,,,,,,,,,,,,,,,,,,,,,,,,,,,,,,,
Q27680,Q5374573,,,,,,,,,,,,,,,,,,,,,,,,,,,,,,,,,,,,,,,,,,,,,
Q27682,Q109320704,,,,,,,,,,,,,,,,,,,,,,,,,,,,,,,,,,,,,,,,,,,,,
Q27683,Q6121046,,,,,,,,,,,,,,,,,,,,,,,,,,,,,,,,,,,,,,,,,,,,,
Q27685,Q109116384,,,,,,,,,,,,,,,,,,,,,,,,,,,,,,,,,,,,,,,,,,,,,
Q27686,Q11094150,,,,,,,,,,,,,,,,,,,,,,,,,,,843473,,,,,,,,,,,,,,,,,,
Q27688,Q109128786,,,,,,,,,,,,,,,,,,,,,,,,,,,,,,,,,,,,,,,,,,,,,
Q27689,Q17499167,,,,,,,,,,,,,,,,,,,,,,,,,,,,,,,,,,,,,,,,,,,,,
Q27691,Q109128789,,,,,,,,,,,,,,,,,,,,,,,,,,,,,,,,,,,,,,,,,,,,,
Q27692,Q7313182,,,,,,,,,,,,,,,,,,,,,,,,,,,,,,,,,,,,,,,,,,,,,
Q27694,Q17222028,,,,,,,,,,,,,,,,,,,,,,,,,,,,,,,,,,,,,,,,,,,,,
Q27695,Q7313265,,,,,,,,,,,,,,,,,,,,,,,,,,,,,,,,,,,,,,,,,,,,,
Q27697,Q7137291,,,,,,,,,,,,,,,,,,,,,,,,,,,,,,,,,,,,,,,,,,,,,
Q27698,Q11093545,,,,,,,,,,,,,,,,,,,,,,,,,,,,,,,,,,,,,,,,,,,,,
Q27700,Q130730803,,,,,,,,,,,,,,,,,,,,,,,,,,,,,,,,,,,,,,,,,,,,,
Q27701,Q15900203,,,,,,,,,,,,,,,,,,,,,,,,,,,,,,,,,,,,,,,,,,,,,
Q27703,Q130730822,,,,,,,,,,,,,,,,,,,,,,,,,,,,,,,,,,,,,,,,,,,,,
Q27704,Q28415938,,,,,,,,,,,,,,,,,,,,,,,,,,,,,,,,,,,,,,,,,,,,,
Q27706,Q108842136,,,,,,,,,,,,,,,,,,,,,,,,,,,,,,,,,,,,,,,,,,,,,
Q27707,Q7313643,,,,,,,,,,,,,,,,,,,,,,,,,,,,,,,,,,,,,,,,,,,,,
Q27709,Q96716432,,,,,,,,,,,,,,,,,,,,,,,,,,,,,,,,,,,,,,,,,,,,,
Q27710,Q18653735,,,,,,,,,,,,,,,,,,,,,,,,,,,,,,,,,,,,,,,,,,,,,
Q27712,Q110010062,,,,,,,,,,,,,,,,,,,,,,,,,,,,,,,,,,,,,,,,,,,,,
Q27714,Q7314160,,,,,,,,,,,,,,,,,,,,,,,,,,,,,,,,,,,,,,,,,,,,,
Q27715,Q11606611,,,,,,,,,,,,,,,,,,,,,,,,,,,,,,,,,,,,,,,,,,,,,
Q27717,Q7314211,,,,,,,,,,,,,,,,,,,,,,,,,,,,,,,,,,,,,,,,,,,,,
Q27718,Q11437702,,,,,,,,,,,,,,,,,,,,,,,,,,,,,,,,,,,,,,,,,,,,,I00523424
Q27720,Q18653749,,,,,,,,,,,,,,,,,,,,,,,,,,,,,,,,,,,,,,,,,,,,,
Q27721,Q108840936,,,,,,,,,,,,,,,,,,,,,,,,,,,,,,,,,,,,,,,,,,,,,
Q27723,Q108107816,,,,,,,,,,,,,,,,,,,,,,,,,,,,,,,,,,,,,,,,,,,,,
Q27724,Q11381099,,,,,,,,,,,,,,,,,,,,,,,,,,,,,,,,,,,,,,,,,,,,,I00523428
Q27726,Q7317464,,,,,,,,,,,,,,,,,,,,,,,,,,,,,,,,,,,,,,,,,,,,,
Q27727,Q11464818,,,,,,,,,,,,,,,,,,,,,,,,,,,,,,,,,,,,,,,,,,,,,
Q27729,Q7317536,,,,,,,,,,,,,,,,,,,,,,,,,,,,,,,,,,,,,,,,,,,,,
Q27730,Q110268744,,,,,,,,,,,,,,,,,,,,,,,,,,,,,,,,,,,,,,,,,,,,,
Q27732,Q7317099,,,,,,,,,,,,,,,,,,,,,,,,,,,,,,,,,,,,,,,,,,,,,
Q27733,Q110268819,,,,,,,,,,,,,,,,,,,,,,,,,,,,,,,,,,,,,,,,,,,,,
Q27735,Q3488636,,,,,,,,,,,,,,,,,,,,,,,,,,,,,,,,,,,,,,,,,,,,,
Q27736,Q110268833,,,,,,,,,,,,,,,,,,,,,,,,,,,,,,,,,,,,,,,,,,,,,
Q27738,Q699369,,,,,,,,,,,,,,,,,,,,,,,,,,,,,,,,,,,,,,,,,,,,,
Q27739,Q11495039,,,,,,,,,,,,,,,,,,,,,,,,,,,,,,,,,,,,,,,,,,,,,
Q27741,Q388248,,,,,,,,,,,,,,,,,,,,,,,,,,,,,,,,,,,,,,,,,,,,,
Q27742,Q110268893,,,,,,,,,,,,,,,,,,,,,,,,,,,,,,,,,,,,,,,,,,,,,
Q27744,Q22099686,,,,,,,,,,,,,,,,,,,,,,,,,,,,,,,,,,,,,,,,,,,,,
Q27745,Q110084945,,,,,,,,,,,,,,,,,,,,,,,,,,,,,,,,,,,,,,,,,,,,,
Q27747,Q489922,,,,,,,,,,,,,,,,,,,,,,,,,,,,,,,,,,,,,,,,,,,,,
Q27748,Q110308451,,,,,,,,,,,,,,,,,,,,,,,,,,,,,,,,,,,,,,,,,,,,,
Q27750,Q95062675,,,,,,,,,,,,,,,,,,,,,,,,,,,,,,,,,,,,,,,,,,,,,
Q27751,Q110816667,,,,,,,,,,,,,,,,,,,,,,,,,,,,,,,,,,,,,,,,,,,,,
Q27753,Q11156938,,,,,,,,,,,,,,,,,,,,,,,,,,,,,,,,,,,,,,,,,,,,,
Q27754,Q113165558,,,,,,,,,,,,,,,,,,,,,,,,,,,,,,,,,,,,,,,,,,,,,
Q27756,Q11094042,,,,,,,,,,,,,,,,,,,,,,,,,,,,,,,,,,,,,,,,,,,,,
Q27757,Q109287796,,,,,,,,,,,,,,,,,,,,,,,,,,,,,,,,,,,,,,,,,,,,,
Q27759,Q11094052,,,,,,,,,,,,,,,,,,,,,,,,,,,,,,,,,,,,,,,,,,,,,
Q27760,Q113197908,,,,,,,,,,,,,,,,,,,,,,,,,,,,,,,,,,,,,,,,,,,,,
Q27762,Q11094054,,,,,,,,,,,,,,,,,,,,,,,,,,,,,,,,,,,,,,,,,,,,,
Q27763,Q109776951,,,,,,,,,,,,,,,,,,,,,,,,,,,,,,,,,,,,,,,,,,,,,
Q27765,Q11094049,,,,,,,,,,,,,,,,,,,,,,,,,,,,,,,,,,,,,,,,,,,,,
Q27767,Q106644943,,,,,,,,,,,,,,,,,,,,,,,,,,,,,,,,,,,,,,,,,,,,,
Q27768,Q11094039,,,,,,,,,,,,,,,,,,,,,,,,,,,,,,,,,,,,,,,,,,,,,
Q27770,Q17218721,,,,,,,,,,,,,,,,,,,,,,,,,,,,,,,,,,,,,,,,,,,,,
Q27771,Q11094045,,,,,,,,,,,,,,,,,,,,,,,,,,,,,,,,,,,,,,,,,,,,,
Q27773,Q102247176,,,,,,,,,,,,,,,,,,,,,,,,,,,,,,,,,,,,,,,,,,,,,
Q27774,Q11094037,,,,,,,,,,,,,,,,,,,,,,,,,,,,,,,,,,,,,,,,,,,,,
Q27776,Q107178512,,,,,,,,,,,,,,,,,,,,,,,,,,,,,,,,,,,,,,,,,,,,,
Q27777,Q11094048,,,,,,,,,,,,,,,,,,,,,,,,,,,,,,,,,,,,,,,,,,,,,
Q27779,Q17218716,,,,,,,,,,,,,,,,,,,,,,,,,,,,,,,,,,,,,,,,,,,,,
Q27780,Q11094628,,,,,,,,,,,,,,,,,,,,,,,,,,,,,,,,,,,,,,,,,,,,,
Q27782,Q102246639,,,,,,,,,,,,,,,,,,,,,,,,,,,,,,,,,,,,,,,,,,,,,
Q27783,Q11093807,,,,,,,,,,,,,,,,,,,,,,,,,,,,,,,,,,,,,,,,,,,,,
Q27785,Q11605896,,,,,,,,,,,,,,,,,,,,,,,,,,,,,,,,,,,,,,,,,,,,,
Q27786,Q11093808,,,,,,,,,,,,,,,,,,,,,,,,,,,,,,,,,,,,,,,,,,,,,
Q27788,Q134319247,,,,,,,,,,,,,,,,,,,,,,,,,,,,,,,,,,,,,,,,,,,,,
Q27789,Q11094937,,,,,,,,,,,,,,,,,,,,,,,,,,,,,,,,,,,,,,,,,,,,,
Q27791,Q109935259,,,,,,,,,,,,,,,,,,,,,,,,,,,,,,,,,,,,,,,,,,,,,
Q27792,Q11094859,,,,,,,,,,,,,,,,,,,,,,,,,,,,,,,,,,,,,,,,,,,,,
Q27794,Q109176040,,,,,,,,,,,,,,,,,,,,,,,,,,,,,,,,,,,,,,,,,,,,,
Q27795,Q11094858,,,,,,,,,,,,,,,,,,,,,,,,,,,,,,,,,,,,,,,,,,,,,
Q27797,Q109176411,,,,,,,,,,,,,,,,,,,,,,,,,,,,,,,,,,,,,,,,,,,,,
Q27798,Q22829300,,,,,,,,,,,,,,,,,,,,,,,,,,,,,,,,,,,,,,,,,,,,,
Q27800,Q108853246,,,,,,,,,,,,,,,,,,,,,,,,,,,,,,,,,,,,,,,,,,,,,
Q27801,Q11093654,,,,,,,,,,,,,,,,,,,,,,,,,,,,,,,,,,,,,,,,,,,,,
Q27803,Q11464816,,,,,,,,,,,,,,,,,,,,,,,,,,,,,,,,,,,,,,,,,,,,,
Q27804,Q11094576,,,,,,,,,,,,,,,,,,,,,,,,,,,,,,,,,,,,,,,,,,,,,
Q27806,Q24868594,,,,,,,,,,,,,,,,,,,,,,,,,,,,,,,,,,,,,,,,,,,,,
Q27807,Q11093554,,,,,,,,,,,,,,,,,,,,,,,,,,,,,,,,,,,,,,,,,,,,,
Q27809,Q108782890,,,,,,,,,,,,,,,,,,,,,,,,,,,,,,,,,,,,,,,,,,,,,
Q27810,Q11094681,,,,,,,,,,,,,,,,,,,,,,,,,,,,,,,,,,,,,,,,,,,,,
Q27812,Q11355850,,,,,,,,,,,,,,,,,,,,,,,,,,,,,,,,,,,,,,,,,,,,,
Q27813,Q18383889,,,,,,,,,,,,,,,,,,,,,,,,,,,,,,,,,,,,,,,,,,,,,
Q27815,Q109176566,,,,,,,,,,,,,,,,,,,,,,,,,,,,,,,,,,,,,,,,,,,,,
Q27817,Q18383888,,,,,,,,,,,,,,,,,,,,,,,,,,,,,,,,,,,,,,,,,,,,,
Q27818,Q109321522,,,,,,,,,,,,,,,,,,,,,,,,,,,,,,,,,,,,,,,,,,,,,
Q27820,Q11094680,,,,,,,,,,,,,,,,,,,,,,,,,,,,,,,,,,,,,,,,,,,,,
Q27821,Q110267896,,,,,,,,,,,,,,,,,,,,,,,,,,,,,,,,,,,,,,,,,,,,,
Q27823,Q22829249,,,,,,,,,,,,,,,,,,,,,,,,,,,,,,,,,,,,,,,,,,,,,
Q27824,Q108969608,,,,,,,,,,,,,,,,,,,,,,,,,,,,,,,,,,,,,,,,,,,,,
Q27826,Q11094790,,,,,,,,,,,,,,,,,,,,,,,,,,,,,,,,,,,,,,,,,,,,,
Q27827,Q11411231,,,,,,,,,,,,,,,,,,,,,,,,,,,,,,,,,,,,,,,,,,,,,
Q27829,Q11093694,,,,,,,,,,,,,,,,,,,,,,,,,,,,,,,,,,,,,,,,,,,,,
Q27830,Q109259273,,,,,,,,,,,,,,,,,,,,,,,,,,,,,,,,,,,,,,,,,,,,,
Q27832,Q20062731,,,,,,,,,,,,,,,,,,,,,,,,,,,,,,,,,,,,,,,,,,,,,
Q27833,Q109932657,,,,,,,,,,,,,,,,,,,,,,,,,,,,,,,,,,,,,,,,,,,,,
Q27835,Q11093693,,,,,,,,,,,,,,,,,,,,,,,,,,,,,,,,,,,,,,,,,,,,,
Q27836,Q11534161,,,,,,,,,,,,,,,,,,,,,,,,,,,,,,,,,,,,,,,,,,,,,
Q27838,Q11094544,,,,,,,,,,,,,,,,,,,,,,,,,,,,,,,,,,,,,,,,,,,,,
Q27839,Q109447177,,,,,,,,,,,,,,,,,,,,,,,,,,,,,,,,,,,,,,,,,,,,,
Q27841,Q11093832,,,,,,,,,,,,,,,,,,,,,,,,,,,,,,,,,,,,,,,,,,,,,
Q27842,Q2877648,,,,,,,,,,,,,,,,,,,,,,,,,,,804805,,,,,,,,,,,,,,,,,,
Q27844,Q11093831,,,,,,,,,,,,,,,,,,,,,,,,,,,,,,,,,,,,,,,,,,,,,
Q27845,Q767600,,,,,,,,,,,,,,,,,,,,,,,,,,,804807,,,,,,,,,,,,,,,,,,
Q27847,Q22829210,,,,,,,,,,,,,,,,,,,,,,,,,,,,,,,,,,,,,,,,,,,,,
Q27848,Q109447090,,,,,,,,,,,,,,,,,,,,,,,,,,,,,,,,,,,,,,,,,,,,,
Q27850,Q11093964,,,,,,,,,,,,,,,,,,,,,,,,,,,,,,,,,,,,,,,,,,,,,
Q27851,Q109447131,,,,,,,,,,,,,,,,,,,,,,,,,,,,,,,,,,,,,,,,,,,,,
Q27853,Q45623915,,,,,,,,,,,,,,,,,,,,,,,,,,,,,,,,,,,,,,,,,,,,,
Q27854,Q909270,,,,,,,,,,,,,,,,,,,,,,,,,,,,,,,,,,,,,,,,,,,,,
Q27856,Q11094341,,,,,,,,,,,,,,,,,,,,,,,,,,,,,,,,,,,,,,,,,,,,,
Q27857,Q108892643,,,,,,,,,,,,,,,,,,,,,,,,,,,,,,,,,,,,,,,,,,,,,
Q27859,Q11094340,,,,,,,,,,,,,,,,,,,,,,,,,,,,,,,,,,,,,,,,,,,,,
Q27860,Q370505,,,,,,,,,,,,,,,,,,,,,,,,,,,804834,,,,,,,,,,,,,,,,,,
Q27862,Q22829238,,,,,,,,,,,,,,,,,,,,,,,,,,,,,,,,,,,,,,,,,,,,,
Q27863,Q109308565,,,,,,,,,,,,,,,,,,,,,,,,,,,,,,,,,,,,,,,,,,,,,
Q27865,Q11093804,,,,,,,,,,,,,,,,,,,,,,,,,,,,,,,,,,,,,,,,,,,,,
Q27866,Q109719802,,,,,,,,,,,,,,,,,,,,,,,,,,,,,,,,,,,,,,,,,,,,,
Q27868,Q11093805,,,,,,,,,,,,,,,,,,,,,,,,,,,,,,,,,,,,,,,,,,,,,
Q27869,Q108840771,,,,,,,,,,,,,,,,,,,,,,,,,,,,,,,,,,,,,,,,,,,,,
Q27871,Q17502317,,,,,,,,,,,,,,,,,,,,,,,,,,,,,,,,,,,,,,,,,,,,,
Q27872,Q11420021,,,,,,,,,,,,,,,,,,,,,,,,,,,,,,,,,,,,,,,,,,,,,
Q27874,Q22829280,,,,,,,,,,,,,,,,,,,,,,,,,,,,,,,,,,,,,,,,,,,,,
Q27875,Q109680949,,,,,,,,,,,,,,,,,,,,,,,,,,,,,,,,,,,,,,,,,,,,,
Q27877,Q45447991,,,,,,,,,,,,,,,,,,,,,,,,,,,,,,,,,,,,,,,,,,,,,
Q27878,Q109129558,,,,,,,,,,,,,,,,,,,,,,,,,,,,,,,,,,,,,,,,,,,,,
Q27880,Q45426250,,,,,,,,,,,,,,,,,,,,,,,,,,,,,,,,,,,,,,,,,,,,,
Q27881,Q109785879,,,,,,,,,,,,,,,,,,,,,,,,,,,,,,,,,,,,,,,,,,,,,
Q27883,Q45426292,,,,,,,,,,,,,,,,,,,,,,,,,,,,,,,,,,,,,,,,,,,,,
Q27884,Q109132078,,,,,,,,,,,,,,,,,,,,,,,,,,,,,,,,,,,,,,,,,,,,,
Q27886,Q45448115,,,,,,,,,,,,,,,,,,,,,,,,,,,,,,,,,,,,,,,,,,,,,
Q27887,Q109123267,,,,,,,,,,,,,,,,,,,,,,,,,,,,,,,,,,,,,,,,,,,,,
Q27889,Q16905134,,,,,,,,,,,,,,,,,,,,,,,,,,,,,,,,,,,,,,,,,,,,,
Q27890,Q109132453,,,,,,,,,,,,,,,,,,,,,,,,,,,,,,,,,,,,,,,,,,,,,
Q27892,Q11070766,,,,,,,,,,,,,,,,,,,,,,,,,,,,,,,,,,,,,,,,,,,,,
Q27894,Q109170063,,,,,,,,,,,,,,,,,,,,,,,,,,,,,,,,,,,,,,,,,,,,,
Q27895,Q624060,,,,,,,,,,,,,,,,,,,,,,,,,,,,,,,,,,,,,,,,,,,,,
Q27897,Q109123253,,,,,,,,,,,,,,,,,,,,,,,,,,,,,,,,,,,,,,,,,,,,,
Q27898,Q81226549,,,,,,,,,,,,,,,,,,,,,,,,,,,,,,,,,,,,,,,,,,,,,
Q27900,Q110007370,,,,,,,,,,,,,,,,,,,,,,,,,,,,,,,,,,,,,,,,,,,,,
Q27901,Q6803223,,,,,,,,,,,,,,,,,,,,,,,,,,,,,,,,,,,,,,,,,,,,,
Q27903,Q83208052,,,,,,,,,,,,,,,,,,,,,,,,,,,,,,,,,,,,,,,,,,,,,
Q27904,Q11069107,,,,,,,,,,,,,,,,,,,,,,,,,,,,,,,,,,,,,,,,,,,,,
Q27906,Q108840904,,,,,,,,,,,,,,,,,,,,,,,,,,,,,,,,,,,,,,,,,,,,,
Q27907,Q11069115,,,,,,,,,,,,,,,,,,,,,,,,,,,,,,,,,,,,,,,,,,,,,
Q27909,Q109260244,,,,,,,,,,,,,,,,,,,,,,,,,,,,,,,,,,,,,,,,,,,,,
Q27910,Q10947786,,,,,,,,,,,,,,,,,,,,,,,,,,,,,,,,,,,,,,,,,,,,,
Q27912,Q109447082,,,,,,,,,,,,,,,,,,,,,,,,,,,,,,,,,,,,,,,,,,,,,
Q27913,Q15907709,,,,,,,,,,,,,,,,,,,,,,,,,,,,,,,,,,,,,,,,,,,,,
Q27915,Q11355839,,,,,,,,,,,,,,,,,,,,,,,,,,,,,,,,,,,,,,,,,,,,,
Q27916,Q11094754,,,,,,,,,,,,,,,,,,,,,,,,,,,,,,,,,,,,,,,,,,,,,
Q27918,Q108657593,,,,,,,,,,,,,,,,,,,,,,,,,,,,,,,,,,,,,,,,,,,,,
Q27919,Q28416319,,,,,,,,,,,,,,,,,,,,,,,,,,,,,,,,,,,,,,,,,,,,,
Q27921,Q20040591,,,,,,,,,,,,,,,,,,,,,,,,,,,,,,,,,,,,,,,,,,,,,
Q27922,Q28416564,,,,,,,,,,,,,,,,,,,,,,,,,,,,,,,,,,,,,,,,,,,,,
Q27924,Q108840852,,,,,,,,,,,,,,,,,,,,,,,,,,,,,,,,,,,,,,,,,,,,,
Q27925,Q45675992,,,,,,,,,,,,,,,,,,,,,,,,,,,,,,,,,,,,,,,,,,,,,
Q27927,Q109260302,,,,,,,,,,,,,,,,,,,,,,,,,,,,,,,,,,,,,,,,,,,,,
Q27928,Q5374636,,,,,,,,,,,,,,,,,,,,,,,,,,,,,,,,,,,,,,,,,,,,,
Q27930,Q109129313,,,,,,,,,,,,,,,,,,,,,,,,,,,,,,,,,,,,,,,,,,,,,
Q27931,Q5355483,,,,,,,,,,,,,,,,,,,,,,,,,,,,,,,,,,,,,,,,,,,,,
Q27933,Q106728724,,,,,,,,,,,,,,,,,,,,,,,,,,,,,,,,,,,,,,,,,,,,,
Q27934,Q9991,,,,,,,,,,,,,,,,,,,,,,,,,,,843435,,,,,,,,,,,,,,,,,,
Q27936,Q106767548,,,,,,,,,,,,,,,,,,,,,,,,,,,,,,,,,,,,,,,,,,,,,
Q27937,Q11094744,,,,,,,,,,,,,,,,,,,,,,,,,,,,,,,,,,,,,,,,,,,,,
Q27939,Q10885145,,,,,,,,,,,,,,,,,,,,,,,,,,,,,,,,,,,,,,,,,,,,,
Q27940,Q15938495,,,,,,,,,,,,,,,,,,,,,,,,,,,,,,,,,,,,,,,,,,,,,
Q27942,Q110900322,,,,,,,,,,,,,,,,,,,,,,,,,,,,,,,,,,,,,,,,,,,,,
Q27943,Q11153581,,,,,,,,,,,,,,,,,,,,,,,,,,,,,,,,,,,,,,,,,,,,,
Q27945,Q108847550,,,,,,,,,,,,,,,,,,,,,,,,,,,,,,,,,,,,,,,,,,,,,
Q27946,Q11064682,,,,,,,,,,,,,,,,,,,,,,,,,,,,,,,,,,,,,,,,,,,,,
Q27948,Q110635516,,,,,,,,,,,,,,,,,,,,,,,,,,,,,,,,,,,,,,,,,,,,,
Q27949,Q10923975,,,,,,,,,,,,,,,,,,,,,,,,,,,,,,,,,,,,,,,,,,,,,
Q27951,Q108600788,,,,,,,,,,,,,,,,,,,,,,,,,,,,,,,,,,,,,,,,,,,,,
Q27952,Q16603716,,,,,,,,,,,,,,,,,,,,,,,,,,,,,,,,,,,,,,,,,,,,,
Q27955,Q16603400,,,,,,,,,,,,,,,,,,,,,,,,,,,,,,,,,,,,,,,,,,,,,
Q27958,Q10948800,,,,,,,,,,,,,,,,,,,,,,,,,,,,,,,,,,,,,,,,,,,,,
Q27961,Q10924059,,,,,,,,,,,,,,,,,,,,,,,,,,,,,,,,,,,,,,,,,,,,,
Q27964,Q11094737,,,,,,,,,,,,,,,,,,,,,,,,,,,,,,,,,,,,,,,,,,,,,
Q27967,Q11094739,,,,,,,,,,,,,,,,,,,,,,,,,,,,,,,,,,,,,,,,,,,,,
Q27970,Q11094740,,,,,,,,,,,,,,,,,,,,,,,,,,,,,,,,,,,,,,,,,,,,,
Q27973,Q11094749,,,,,,,,,,,,,,,,,,,,,,,,,,,,,,,,,,,,,,,,,,,,,
Q27976,Q11094751,,,,,,,,,,,,,,,,,,,,,,,,,,,,,,,,,,,,,,,,,,,,,
Q27979,Q11094759,,,,,,,,,,,,,,,,,,,,,,,,,,,,,,,,,,,,,,,,,,,,,
Q27982,Q11094761,,,,,,,,,,,,,,,,,,,,,,,,,,,,,,,,,,,,,,,,,,,,,
Q27985,Q8254537,,,,,,,,,,,,,,,,,,,,,,,,,,,,,,,,,,,,,,,,,,,,,
Q27988,Q5374529,,,,,,,,,,,,,,,,,,,,,,,,,,,,,,,,,,,,,,,,,,,,,
Q27991,Q8250693,,,,,,,,,,,,,,,,,,,,,,,,,,,,,,,,,,,,,,,,,,,,,
Q27994,Q8249528,,,,,,,,,,,,,,,,,,,,,,,,,,,,,,,,,,,,,,,,,,,,,
Q27997,Q11094760,,,,,,,,,,,,,,,,,,,,,,,,,,,,,,,,,,,,,,,,,,,,,
Q28000,Q10925872,,,,,,,,,,,,,,,,,,,,,,,,,,,,,,,,,,,,,,,,,,,,,
Q28003,Q11094741,,,,,,,,,,,,,,,,,,,,,,,,,,,,,,,,,,,,,,,,,,,,,
Q28007,Q11094742,,,,,,,,,,,,,,,,,,,,,,,,,,,,,,,,,,,,,,,,,,,,,
Q28010,Q22829246,,,,,,,,,,,,,,,,,,,,,,,,,,,,,,,,,,,,,,,,,,,,,
Q28013,Q6784713,,,,,,,,,,,,,,,,,,,,,,,,,,,,,,,,,,,,,,,,,,,,,
Q28016,Q11094753,,,,,,,,,,,,,,,,,,,,,,,,,,,,,,,,,,,,,,,,,,,,,
Q28019,Q11094748,,,,,,,,,,,,,,,,,,,,,,,,,,,,,,,,,,,,,,,,,,,,,
Q28022,Q11094745,,,,,,,,,,,,,,,,,,,,,,,,,,,,,,,,,,,,,,,,,,,,,
Q28025,Q16904454,,,,,,,,,,,,,,,,,,,,,,,,,,,,,,,,,,,,,,,,,,,,,
Q28028,Q11094746,,,,,,,,,,,,,,,,,,,,,,,,,,,,,,,,,,,,,,,,,,,,,
Q28031,Q11094755,,,,,,,,,,,,,,,,,,,,,,,,,,,,,,,,,,,,,,,,,,,,,
Q28034,Q22829204,,,,,,,,,,,,,,,,,,,,,,,,,,,,,,,,,,,,,,,,,,,,,
Q28037,Q5312758,,,,,,,,,,,,,,,,,,,,,,,,,,,,,,,,,,,,,,,,,,,,,
Q28040,Q10296563,,,,,,,,,,,,,,,,,,,,,,,,,,,,,,,,,,,,,,,,,,,,,
Q28043,Q553791,,,,,,,,,,,,,,,,,,,,,,,,,,,,,,,,,,,,,,,,,,,,,
Q28046,Q553771,,,,,,,,,,,,,,,,,,,,,,,,,,,,,,,,,,,,,,,,,,,,,
Q28049,Q198154,,,,,,,,,,,,,,,,,,,,,,,,,,,,,,,,,,,,,,,,,,,,,
Q28052,Q10892726,,,,,,,,,,,,,,,,,,,,,,,,,,,,,,,,,,,,,,,,,,,,,
Q28055,Q10892763,,,,,,,,,,,,,,,,,,,,,,,,,,,,,,,,,,,,,,,,,,,,,
Q28058,Q10944108,,,,,,,,,,,,,,,,,,,,,,,,,,,,,,,,,,,,,,,,,,,,,
Q28062,Q10892767,,,,,,,,,,,,,,,,,,,,,,,,,,,,,,,,,,,,,,,,,,,,,
Q28066,Q557224,,,,,,,,,,,,,,,,,,,,,,,,,,,,,,,,,,,,,,,,,,,,,
Q28070,Q10941192,,,,,,,,,,,,,,,,,,,,,,,,,,,,,,,,,,,,,,,,,,,,,
Q28074,Q10892749,,,,,,,,,,,,,,,,,,,,,,,,,,,,,,,,,,,,,,,,,,,,,
Q28078,Q10944080,,,,,,,,,,,,,,,,,,,,,,,,,,,,,,,,,,,,,,,,,,,,,
Q28081,Q10892815,,,,,,,,,,,,,,,,,,,,,,,,,,,,,,,,,,,,,,,,,,,,,
Q28084,Q4133794,,,,,,,,,,,,,,,,,,,,,,,,,,,,,,,,,,,,,,,,,,,,,
Q28087,Q16905973,,,,,,,,,,,,,,,,,,,,,,,,,,,,,,,,,,,,,,,,,,,,,
Q28090,Q10892804,,,,,,,,,,,,,,,,,,,,,,,,,,,,,,,,,,,,,,,,,,,,,
Q28093,Q11060624,,,,,,,,,,,,,,,,,,,,,,,,,,,,,,,,,,,,,,,,,,,,,
Q28096,Q22773901,,,,,,,,,,,,,,,,,,,,,,,,,,,,,,,,,,,,,,,,,,,,,
Q28099,Q56347432,,,,,,,,,,,,,,,,,,,,,,,,,,,,,,,,,,,,,,,,,,,,,
Q28102,Q795902,,,,,,,,,,,,,,,,,,,,,,,,,,,,,,,,,,,,,,,,,,,,,
Q28105,Q890091,,,,,,,,,,,,,,,,,,,,,,,,,,,,,,,,,,,,,,,,,,,,,
Q28108,Q1188266,,,,,,,,,,,,,,,,,,,,,,,,,,,,,,,,,,,,,,,,,,,,,
Q28111,Q1188308,,,,,,,,,,,,,,,,,,,,,,,,,,,,,,,,,,,,,,,,,,,,,
Q28114,Q22813313,,,,,,,,,,,,,,,,,,,,,,,,,,,,,,,,,,,,,,,,,,,,,
Q28117,Q10822584,,,,,,,,,,,,,,,,,,,,,,,,,,,,,,,,,,,,,,,,,,,,,
Q28120,Q27786417,,,,,,,,,,,,,,,,,,,,,,,,,,,,,,,,,,,,,,,,,,,,,
Q28124,Q10887926,,,,,,,,,,,,,,,,,,,,,,,,,,,,,,,,,,,,,,,,,,,,,
Q28128,Q574230,,,,,,,,,,,,,,,,,,,,,,,,,,,,,,,,,,,,,,,,,,,,,
Q28132,Q8249194,,,,,,,,,,,,,,,,,,,,,,,,,,,,,,,,,,,,,,,,,,,,,
Q28136,Q1184856,,,,,,,,,,,,,,,,,,,,,,,,,,,,,,,,,,,,,,,,,,,,,
Q28140,Q16903352,,,,,,,,,,,,,,,,,,,,,,,,,,,,,,,,,,,,,,,,,,,,,
Q28144,Q10941178,,,,,,,,,,,,,,,,,,,,,,,,,,,,,,,,,,,,,,,,,,,,,
Q28148,Q1441704,,,,,,,,,,,,,,,,,,,,,,,,,,,,,,,,,,,,,,,,,,,,,
Q28152,Q1652855,,,,,,,,,,,,,,,,,,,,,,,,,,,,,,,,,,,,,,,,,,,,,
Q28156,Q1527338,,,,,,,,,,,,,,,,,,,,,,,,,,,,,,,,,,,,,,,,,,,,,
Q28159,Q5951776,,,,,,,,,,,,,,,,,,,,,,,,,,,,,,,,,,,,,,,,,,,,,
Q28162,Q5951891,,,,,,,,,,,,,,,,,,,,,,,,,,,,,,,,,,,,,,,,,,,,,
Q28165,Q17063449,,,,,,,,,,,,,,,,,,,,,,,,,,,,,,,,,,,,,,,,,,,,,
Q28168,Q5951823,,,,,,,,,,,,,,,,,,,,,,,,,,,,,,,,,,,,,,,,,,,,,
Q28171,Q10892791,,,,,,,,,,,,,,,,,,,,,,,,,,,,,,,,,,,,,,,,,,,,,
Q28174,Q10892770,,,,,,,,,,,,,,,,,,,,,,,,,,,,,,,,,,,,,,,,,,,,,
Q28177,Q10892718,,,,,,,,,,,,,,,,,,,,,,,,,,,,,,,,,,,,,,,,,,,,,
Q28180,Q15939908,,,,,,,,,,,,,,,,,,,,,,,,,,,,,,,,,,,,,,,,,,,,,
Q28183,Q17040353,,,,,,,,,,,,,,,,,,,,,,,,,,,,,,,,,,,,,,,,,,,,,
Q28186,Q5291617,,,,,,,,,,,,,,,,,,,,,,,,,,,,,,,,,,,,,,,,,,,,,
Q28189,Q5918038,,,,,,,,,,,,,,,,,,,,,,,,,,,,,,,,,,,,,,,,,,,,,
Q28192,Q5291592,,,,,,,,,,,,,,,,,,,,,,,,,,,,,,,,,,,,,,,,,,,,,
Q28195,Q17499163,,,,,,,,,,,,,,,,,,,,,,,,,,,,,,,,,,,,,,,,,,,,,
Q28198,Q18654199,,,,,,,,,,,,,,,,,,,,,,,,,,,,,,,,,,,,,,,,,,,,,
Q28201,Q11093742,,,,,,,,,,,,,,,,,,,,,,,,,,,,,,,,,,,,,,,,,,,,,
Q28204,Q8254505,,,,,,,,,,,,,,,,,,,,,,,,,,,,,,,,,,,,,,,,,,,,,
Q28206,Q110061181,,,,,,,,,,,,,,,,,,,,,,,,,,,,,,,,,,,,,,,,,,,,,
Q28207,Q18234464,,,,,,,,,,,,,,,,,,,,,,,,,,,,,,,,,,,,,,,,,,,,,
Q28209,Q110607876,,,,,,,,,,,,,,,,,,,,,,,,,,,,,,,,,,,,,,,,,,,,,
Q28210,Q108107727,,,,,,,,,,,,,,,,,,,,,,,,,,,,,,,,,,,,,,,,,,,,,
Q28213,Q110607957,,,,,,,,,,,,,,,,,,,,,,,,,,,,,,,,,,,,,,,,,,,,,
Q28214,Q108107742,,,,,,,,,,,,,,,,,,,,,,,,,,,,,,,,,,,,,,,,,,,,,
Q28218,Q7313878,,,,,,,,,,,,,,,,,,,,,,,,,,,,,,,,,,,,,,,,,,,,,
Q28221,Q110603638,,,,,,,,,,,,,,,,,,,,,,,,,,,,,,,,,,,,,,,,,,,,,
Q28222,Q7313978,,,,,,,,,,,,,,,,,,,,,,,,,,,,,,,,,,,,,,,,,,,,,
Q28225,Q109937213,,,,,,,,,,,,,,,,,,,,,,,,,,,,,,,,,,,,,,,,,,,,,
Q28226,Q7314325,,,,,,,,,,,,,,,,,,,,,,,,,,,,,,,,,,,,,,,,,,,,,
Q28229,Q110185728,,,,,,,,,,,,,,,,,,,,,,,,,,,,,,,,,,,,,,,,,,,,,
Q28230,Q15929190,,,,,,,,,,,,,,,,,,,,,,,,,,,,,,,,,,,,,,,,,,,,,
Q28233,Q110137273,,,,,,,,,,,,,,,,,,,,,,,,,,,,,,,,,,,,,,,,,,,,,
Q28234,Q108109377,,,,,,,,,,,,,,,,,,,,,,,,,,,,,,,,,,,,,,,,,,,,,
Q28237,Q110137582,,,,,,,,,,,,,,,,,,,,,,,,,,,,,,,,,,,,,,,,,,,,,
Q28238,Q85884776,,,,,,,,,,,,,,,,,,,,,,,,,,,,,,,,,,,,,,,,,,,,,
Q28241,Q11422785,,,,,,,,,,,,,,,,,,,,,,,,,,,,,,,,,,,,,,,,,,,,,
Q28242,Q11060474,,,,,,,,,,,,,,,,,,,,,,,,,,,,,,,,,,,,,,,,,,,,,
Q28245,Q109798651,,,,,,,,,,,,,,,,,,,,,,,,,,,,,,,,,,,,,,,,,,,,,
Q28246,Q11060290,,,,,,,,,,,,,,,,,,,,,,,,,,,,,,,,,,,,,,,,,,,,,
Q28249,Q109806608,,,,,,,,,,,,,,,,,,,,,,,,,,,,,,,,,,,,,,,,,,,,,
Q28250,Q11093635,,,,,,,,,,,,,,,,,,,,,,,,,,,,,,,,,,,,,,,,,,,,,
Q28253,Q110074964,,,,,,,,,,,,,,,,,,,,,,,,,,,,,,,,,,,,,,,,,,,,,
Q28254,Q11093630,,,,,,,,,,,,,,,,,,,,,,,,,,,,,,,,,,,,,,,,,,,,,
Q28257,Q110138001,,,,,,,,,,,,,,,,,,,,,,,,,,,,,,,,,,,,,,,,,,,,,
Q28258,Q11093637,,,,,,,,,,,,,,,,,,,,,,,,,,,,,,,,,,,,,,,,,,,,,
Q28262,Q11093639,,,,,,,,,,,,,,,,,,,,,,,,,,,,,,,,,,,,,,,,,,,,,
Q28266,Q11093632,,,,,,,,,,,,,,,,,,,,,,,,,,,,,,,,,,,,,,,,,,,,,
Q28270,Q11093629,,,,,,,,,,,,,,,,,,,,,,,,,,,,,,,,,,,,,,,,,,,,,
Q28274,Q22829247,,,,,,,,,,,,,,,,,,,,,,,,,,,,,,,,,,,,,,,,,,,,,
Q28278,Q11093636,,,,,,,,,,,,,,,,,,,,,,,,,,,,,,,,,,,,,,,,,,,,,
Q28281,Q108841184,,,,,,,,,,,,,,,,,,,,,,,,,,,,,,,,,,,,,,,,,,,,,
Q28282,Q11093640,,,,,,,,,,,,,,,,,,,,,,,,,,,,,,,,,,,,,,,,,,,,,
Q28285,Q109307099,,,,,,,,,,,,,,,,,,,,,,,,,,,,,,,,,,,,,,,,,,,,,
Q28286,Q11093631,,,,,,,,,,,,,,,,,,,,,,,,,,,,,,,,,,,,,,,,,,,,,
Q28289,Q110601654,,,,,,,,,,,,,,,,,,,,,,,,,,,,,,,,,,,,,,,,,,,,,
Q28290,Q78123355,,,,,,,,,,,,,,,,,,,,,,,,,,,,,,,,,,,,,,,,,,,,,
Q28293,Q110884847,,,,,,,,,,,,,,,,,,,,,,,,,,,,,,,,,,,,,,,,,,,,,
Q28295,Q11094879,,,,,,,,,,,,,,,,,,,,,,,,,,,,,,,,,,,,,,,,,,,,,
Q28297,Q110137078,,,,,,,,,,,,,,,,,,,,,,,,,,,,,,,,,,,,,,,,,,,,,
Q28299,Q16904455,,,,,,,,,,,,,,,,,,,,,,,,,,,,,,,,,,,,,,,,,,,,,
Q28301,Q110143699,,,,,,,,,,,,,,,,,,,,,,,,,,,,,,,,,,,,,,,,,,,,,
Q28303,Q11094876,,,,,,,,,,,,,,,,,,,,,,,,,,,,,,,,,,,,,,,,,,,,,
Q28305,Q110601497,,,,,,,,,,,,,,,,,,,,,,,,,,,,,,,,,,,,,,,,,,,,,
Q28307,Q11093716,,,,,,,,,,,,,,,,,,,,,,,,,,,,,,,,,,,,,,,,,,,,,
Q28309,Q110601794,,,,,,,,,,,,,,,,,,,,,,,,,,,,,,,,,,,,,,,,,,,,,
Q28311,Q11094671,,,,,,,,,,,,,,,,,,,,,,,,,,,,,,,,,,,,,,,,,,,,,
Q28315,Q11093885,,,,,,,,,,,,,,,,,,,,,,,,,,,,,,,,,,,,,,,,,,,,,
Q28317,Q110602497,,,,,,,,,,,,,,,,,,,,,,,,,,,,,,,,,,,,,,,,,,,,,
Q28319,Q8071176,,,,,,,,,,,,,,,,,,,,,,,,,,,,,,,,,,,,,,,,,,,,,
Q28321,Q3341489,,,,,,,,,,,,,,,,,,,,,,,,,,,805119,,,,,,,,,,,,,,,,,二条-3,I00525084
Q28323,Q11094782,,,,,,,,,,,,,,,,,,,,,,,,,,,,,,,,,,,,,,,,,,,,,
Q28327,Q11094783,,,,,,,,,,,,,,,,,,,,,,,,,,,,,,,,,,,,,,,,,,,,,
Q28328,Q160213,,,,,,,,,,,,,,,,,,,,,,,,,,,,,,,,,,,,,,,,,,,,,
Q28331,Q16904458,,,,,,,,,,,,,,,,,,,,,,,,,,,,,,,,,,,,,,,,,,,,,
Q28333,Q26218439,,,,,,,,,,,,,,,,,,,,,,,,,,,,,,,,,,,,,,,,,,,,,
Q28335,Q11094120,,,,,,,,,,,,,,,,,,,,,,,,,,,,,,,,,,,,,,,,,,,,,
Q28337,Q718189,,,,,,,,,,,,,,,,,,,,,,,,,,,,,,,,,,,,,,,,,,,,,
Q28339,Q11094001,,,,,,,,,,,,,,,,,,,,,,,,,,,,,,,,,,,,,,,,,,,,,
Q28341,Q11097223,,,,,,,,,,,,,,,,,,,,,,,,,,,,,,,,,,,,,,,,,,,,,
Q28343,Q17025654,,,,,,,,,,,,,,,,,,,,,,,,,,,,,,,,,,,,,,,,,,,,,
Q28345,Q8251464,,,,,,,,,,,,,,,,,,,,,,,,,,,,,,,,,,,,,,,,,,,,,
Q28347,Q22829251,,,,,,,,,,,,,,,,,,,,,,,,,,,,,,,,,,,,,,,,,,,,,
Q28349,Q30919632,,,,,,,,,,,,,,,,,,,,,,,,,,,,,,,,,,,,,,,,,,,,,
Q28351,Q11094065,,,,,,,,,,,,,,,,,,,,,,,,,,,,,,,,,,,,,,,,,,,,,
Q28353,Q65802878,,,,,,,,,,,,,,,,,,,,,,,,,,,,,,,,,,,,,,,,,,,,,
Q28355,Q11094470,,,,,,,,,,,,,,,,,,,,,,,,,,,,,,,,,,,,,,,,,,,,,
Q28357,Q45489772,,,,,,,,,,,,,,,,,,,,,,,,,,,,,,,,,,,,,,,,,,,,,
Q28359,Q11094471,,,,,,,,,,,,,,,,,,,,,,,,,,,,,,,,,,,,,,,,,,,,,
Q28361,Q45490092,,,,,,,,,,,,,,,,,,,,,,,,,,,,,,,,,,,,,,,,,,,,,
Q28363,Q11094791,,,,,,,,,,,,,,,,,,,,,,,,,,,,,,,,,,,,,,,,,,,,,
Q28365,Q45479542,,,,,,,,,,,,,,,,,,,,,,,,,,,,,,,,,,,,,,,,,,,,,
Q28367,Q11093753,,,,,,,,,,,,,,,,,,,,,,,,,,,,,,,,,,,,,,,,,,,,,
Q28370,Q45475945,,,,,,,,,,,,,,,,,,,,,,,,,,,,,,,,,,,,,,,,,,,,,
Q28371,Q22829261,,,,,,,,,,,,,,,,,,,,,,,,,,,,,,,,,,,,,,,,,,,,,
Q28374,Q45476009,,,,,,,,,,,,,,,,,,,,,,,,,,,,,,,,,,,,,,,,,,,,,
Q28375,Q11094764,,,,,,,,,,,,,,,,,,,,,,,,,,,,,,,,,,,,,,,,,,,,,
Q28378,Q45476454,,,,,,,,,,,,,,,,,,,,,,,,,,,,,,,,,,,,,,,,,,,,,
Q28379,Q11094763,,,,,,,,,,,,,,,,,,,,,,,,,,,,,,,,,,,,,,,,,,,,,
Q28382,Q22813496,,,,,,,,,,,,,,,,,,,,,,,,,,,,,,,,,,,,,,,,,,,,,
Q28383,Q11094911,,,,,,,,,,,,,,,,,,,,,,,,,,,,,,,,,,,,,,,,,,,,,
Q28386,Q45471418,,,,,,,,,,,,,,,,,,,,,,,,,,,,,,,,,,,,,,,,,,,,,
Q28387,Q22829241,,,,,,,,,,,,,,,,,,,,,,,,,,,,,,,,,,,,,,,,,,,,,
Q28390,Q45633006,,,,,,,,,,,,,,,,,,,,,,,,,,,,,,,,,,,,,,,,,,,,,
Q28391,Q11094756,,,,,,,,,,,,,,,,,,,,,,,,,,,,,,,,,,,,,,,,,,,,,
Q28394,Q45477793,,,,,,,,,,,,,,,,,,,,,,,,,,,,,,,,,,,,,,,,,,,,,
Q28395,Q45654427,,,,,,,,,,,,,,,,,,,,,,,,,,,,,,,,,,,,,,,,,,,,,
Q28398,Q45474239,,,,,,,,,,,,,,,,,,,,,,,,,,,,,,,,,,,,,,,,,,,,,
Q28399,Q22829282,,,,,,,,,,,,,,,,,,,,,,,,,,,,,,,,,,,,,,,,,,,,,
Q28402,Q45474864,,,,,,,,,,,,,,,,,,,,,,,,,,,,,,,,,,,,,,,,,,,,,
Q28403,Q45448053,,,,,,,,,,,,,,,,,,,,,,,,,,,,,,,,,,,,,,,,,,,,,
Q28406,Q45474929,,,,,,,,,,,,,,,,,,,,,,,,,,,,,,,,,,,,,,,,,,,,,
Q28407,Q11115129,,,,,,,,,,,,,,,,,,,,,,,,,,,,,,,,,,,,,,,,,,,,,
Q28410,Q45478337,,,,,,,,,,,,,,,,,,,,,,,,,,,,,,,,,,,,,,,,,,,,,
Q28411,Q11071022,,,,,,,,,,,,,,,,,,,,,,,,,,,,,,,,,,,,,,,,,,,,,
Q28414,Q65806989,,,,,,,,,,,,,,,,,,,,,,,,,,,,,,,,,,,,,,,,,,,,,
Q28415,Q11070661,,,,,,,,,,,,,,,,,,,,,,,,,,,,,,,,,,,,,,,,,,,,,
Q28418,Q45449688,,,,,,,,,,,,,,,,,,,,,,,,,,,,,,,,,,,,,,,,,,,,,
Q28419,Q492979,,,,,,,,,,,,,,,,,,,,,,,,,,,,,,,,,,,,,,,,,,,,,
Q28422,Q109931890,,,,,,,,,,,,,,,,,,,,,,,,,,,,,,,,,,,,,,,,,,,,,
Q28423,Q16167043,,,,,,,,,,,,,,,,,,,,,,,,,,,,,,,,,,,,,,,,,,,,,
Q28426,Q110055904,,,,,,,,,,,,,,,,,,,,,,,,,,,,,,,,,,,,,,,,,,,,,
Q28427,Q12595191,,,,,,,,,,,,,,,,,,,,,,,,,,,,,,,,,,,,,,,,,,,,,
Q28430,Q110056164,,,,,,,,,,,,,,,,,,,,,,,,,,,,,,,,,,,,,,,,,,,,,
Q28431,Q484006,,,,,,,,,,,,,,,,,,,,,,,,,,,,,,,,,,,,,,,,,,,,,
Q28434,Q109935573,,,,,,,,,,,,,,,,,,,,,,,,,,,,,,,,,,,,,,,,,,,,,
Q28435,Q11068466,,,,,,,,,,,,,,,,,,,,,,,,,,,,,,,,,,,,,,,,,,,,,
Q28438,Q108849574,,,,,,,,,,,,,,,,,,,,,,,,,,,,,,,,,,,,,,,,,,,,,
Q28439,Q17362626,,,,,,,,,,,,,,,,,,,,,,,,,,,,,,,,,,,,,,,,,,,,,
Q28442,Q108883580,,,,,,,,,,,,,,,,,,,,,,,,,,,,,,,,,,,,,,,,,,,,,
Q28443,Q11094523,,,,,,,,,,,,,,,,,,,,,,,,,,,,,,,,,,,,,,,,,,,,,
Q28446,Q11460860,,,,,,,,,,,,,,,,,,,,,,,,,,,,,,,,,,,,,,,,,,,,,
Q28447,Q45483045,,,,,,,,,,,,,,,,,,,,,,,,,,,,,,,,,,,,,,,,,,,,,
Q28450,Q11418139,,,,,,,,,,,,,,,,,,,,,,,,,,,,,,,,,,,,,,,,,,,,,
Q28451,Q45681855,,,,,,,,,,,,,,,,,,,,,,,,,,,,,,,,,,,,,,,,,,,,,
Q28454,Q110874133,,,,,,,,,,,,,,,,,,,,,,,,,,,,,,,,,,,,,,,,,,,,,
Q28455,Q45696904,,,,,,,,,,,,,,,,,,,,,,,,,,,,,,,,,,,,,,,,,,,,,
Q28458,Q11541206,,,,,,,,,,,,,,,,,,,,,,,,,,,,,,,,,,,,,,,,,,,,,
Q28459,Q28416614,,,,,,,,,,,,,,,,,,,,,,,,,,,,,,,,,,,,,,,,,,,,,
Q28462,Q108781994,,,,,,,,,,,,,,,,,,,,,,,,,,,,,,,,,,,,,,,,,,,,,
Q28463,Q28416612,,,,,,,,,,,,,,,,,,,,,,,,,,,,,,,,,,,,,,,,,,,,,
Q28466,Q108782005,,,,,,,,,,,,,,,,,,,,,,,,,,,,,,,,,,,,,,,,,,,,,
Q28467,Q5374618,,,,,,,,,,,,,,,,,,,,,,,,,,,,,,,,,,,,,,,,,,,,,
Q28470,Q109128827,,,,,,,,,,,,,,,,,,,,,,,,,,,,,,,,,,,,,,,,,,,,,
Q28471,Q5374607,,,,,,,,,,,,,,,,,,,,,,,,,,,,,,,,,,,,,,,,,,,,,
Q28474,Q106807505,,,,,,,,,,,,,,,,,,,,,,,,,,,,,,,,,,,,,,,,,,,,,
Q28475,Q8250300,,,,,,,,,,,,,,,,,,,,,,,,,,,,,,,,,,,,,,,,,,,,,
Q28478,Q11359210,,,,,,,,,,,,,,,,,,,,,,,,,,,,,,,,,,,,,,,,,,,,,
Q28480,Q8250870,,,,,,,,,,,,,,,,,,,,,,,,,,,,,,,,,,,,,,,,,,,,,
Q28482,Q106807498,,,,,,,,,,,,,,,,,,,,,,,,,,,,,,,,,,,,,,,,,,,,,
Q28484,Q5370490,,,,,,,,,,,,,,,,,,,,,,,,,,,,,,,,,,,,,,,,,,,,,
Q28486,Q11359167,,,,,,,,,,,,,,,,,,,,,,,,,,,,,,,,,,,,,,,,,,,,,
Q28488,Q9994,,,,,,,,,,,,,,,,,,,,,,,,,,,843444,,,,,,,,,,,,,,,,,,
Q28490,Q11359197,,,,,,,,,,,,,,,,,,,,,,,,,,,,,,,,,,,,,,,,,,,,,
Q28492,Q912267,,,,,,,,,,,,,,,,,,,,,,,,,,,843434,,,,,,,,,,,,,,,,,,
Q28494,Q106704671,,,,,,,,,,,,,,,,,,,,,,,,,,,,,,,,,,,,,,,,,,,,,
Q28496,Q3497052,,,,,,,,,,,,,,,,,,,,,,,,,,,,,,,,,,,,,,,,,,,,,
Q28498,Q106808043,,,,,,,,,,,,,,,,,,,,,,,,,,,,,,,,,,,,,,,,,,,,,
Q28500,Q11094513,,,,,,,,,,,,,,,,,,,,,,,,,,,,,,,,,,,,,,,,,,,,,
Q28502,Q11359150,,,,,,,,,,,,,,,,,,,,,,,,,,,,,,,,,,,,,,,,,,,,,
Q28504,Q11094516,,,,,,,,,,,,,,,,,,,,,,,,,,,,,,,,,,,,,,,,,,,,,
Q28506,Q106768039,,,,,,,,,,,,,,,,,,,,,,,,,,,,,,,,,,,,,,,,,,,,,
Q28508,Q11094517,,,,,,,,,,,,,,,,,,,,,,,,,,,,,,,,,,,,,,,,,,,,,
Q28510,Q106768540,,,,,,,,,,,,,,,,,,,,,,,,,,,,,,,,,,,,,,,,,,,,,
Q28512,Q11094520,,,,,,,,,,,,,,,,,,,,,,,,,,,,,,,,,,,,,,,,,,,,,
Q28514,Q11597158,,,,,,,,,,,,,,,,,,,,,,,,,,,,,,,,,,,,,,,,,,,,,
Q28516,Q11094521,,,,,,,,,,,,,,,,,,,,,,,,,,,,,,,,,,,,,,,,,,,,,
Q28517,Q11359345,,,,,,,,,,,,,,,,,,,,,,,,,,,,,,,,,,,,,,,,,,,,,
Q28519,Q11094524,,,,,,,,,,,,,,,,,,,,,,,,,,,,,,,,,,,,,,,,,,,,,
Q28520,Q11359177,,,,,,,,,,,,,,,,,,,,,,,,,,,,,,,,,,,,,,,,,,,,,
Q28522,Q11094528,,,,,,,,,,,,,,,,,,,,,,,,,,,,,,,,,,,,,,,,,,,,,
Q28523,Q11606586,,,,,,,,,,,,,,,,,,,,,,,,,,,,,,,,,,,,,,,,,,,,,
Q28525,Q11094530,,,,,,,,,,,,,,,,,,,,,,,,,,,,,,,,,,,,,,,,,,,,,
Q28526,Q106774451,,,,,,,,,,,,,,,,,,,,,,,,,,,,,,,,,,,,,,,,,,,,,
Q28528,Q11094534,,,,,,,,,,,,,,,,,,,,,,,,,,,,,,,,,,,,,,,,,,,,,
Q28529,Q11642928,,,,,,,,,,,,,,,,,,,,,,,,,,,,,,,,,,,,,,,,,,,,,
Q28531,Q10883736,,,,,,,,,,,,,,,,,,,,,,,,,,,,,,,,,,,,,,,,,,,,,
Q28532,Q11669871,,,,,,,,,,,,,,,,,,,,,,,,,,,,,,,,,,,,,,,,,,,,,
Q28534,Q10884353,,,,,,,,,,,,,,,,,,,,,,,,,,,,,,,,,,,,,,,,,,,,,
Q28535,Q6455071,,,,,,,,,,,,,,,,,,,,,,,,,,,,,,,,,,,,,,,,,,,,,
Q28537,Q11131998,,,,,,,,,,,,,,,,,,,,,,,,,,,,,,,,,,,,,,,,,,,,,
Q28538,Q107239502,,,,,,,,,,,,,,,,,,,,,,,,,,,,,,,,,,,,,,,,,,,,,
Q28540,Q11071759,,,,,,,,,,,,,,,,,,,,,,,,,,,,,,,,,,,,,,,,,,,,,
Q28541,Q111202127,,,,,,,,,,,,,,,,,,,,,,,,,,,,,,,,,,,,,,,,,,,,,
Q28543,Q16603690,,,,,,,,,,,,,,,,,,,,,,,,,,,,,,,,,,,,,,,,,,,,,
Q28544,Q108792592,,,,,,,,,,,,,,,,,,,,,,,,,,,,,,,,,,,,,,,,,,,,,
Q28546,Q17362641,,,,,,,,,,,,,,,,,,,,,,,,,,,,,,,,,,,,,,,,,,,,,
Q28547,Q108792596,,,,,,,,,,,,,,,,,,,,,,,,,,,,,,,,,,,,,,,,,,,,,
Q28549,Q17362604,,,,,,,,,,,,,,,,,,,,,,,,,,,,,,,,,,,,,,,,,,,,,
Q28550,Q113196489,,,,,,,,,,,,,,,,,,,,,,,,,,,,,,,,,,,,,,,,,,,,,
Q28552,Q16603747,,,,,,,,,,,,,,,,,,,,,,,,,,,,,,,,,,,,,,,,,,,,,
Q28553,Q107639523,,,,,,,,,,,,,,,,,,,,,,,,,,,,,,,,,,,,,,,,,,,,,
Q28555,Q8250485,,,,,,,,,,,,,,,,,,,,,,,,,,,,,,,,,,,,,,,,,,,,,
Q28556,Q11432575,,,,,,,,,,,,,,,,,,,,,,,,,,,,,,,,,,,,,,,,,,,,,
Q28558,Q30943741,,,,,,,,,,,,,,,,,,,,,,,,,,,,,,,,,,,,,,,,,,,,,
Q28559,Q108896300,,,,,,,,,,,,,,,,,,,,,,,,,,,,,,,,,,,,,,,,,,,,,
Q28561,Q11094538,,,,,,,,,,,,,,,,,,,,,,,,,,,,,,,,,,,,,,,,,,,,,
Q28562,Q11555845,,,,,,,,,,,,,,,,,,,,,,,,,,,,,,,,,,,,,,,,,,,,,
Q28564,Q11094514,,,,,,,,,,,,,,,,,,,,,,,,,,,,,,,,,,,,,,,,,,,,,
Q28565,Q108913857,,,,,,,,,,,,,,,,,,,,,,,,,,,,,,,,,,,,,,,,,,,,,
Q28567,Q11094529,,,,,,,,,,,,,,,,,,,,,,,,,,,,,,,,,,,,,,,,,,,,,
Q28568,Q11606584,,,,,,,,,,,,,,,,,,,,,,,,,,,,,,,,,,,,,,,,,,,,,
Q28570,Q11094532,,,,,,,,,,,,,,,,,,,,,,,,,,,,,,,,,,,,,,,,,,,,,
Q28571,Q106786359,,,,,,,,,,,,,,,,,,,,,,,,,,,,,,,,,,,,,,,,,,,,,
Q28573,Q65908358,,,,,,,,,,,,,,,,,,,,,,,,,,,,,,,,,,,,,,,,,,,,,
Q28574,Q106774792,,,,,,,,,,,,,,,,,,,,,,,,,,,,,,,,,,,,,,,,,,,,,
Q28576,Q11094512,,,,,,,,,,,,,,,,,,,,,,,,,,,,,,,,,,,,,,,,,,,,,
Q28577,Q108603647,,,,,,,,,,,,,,,,,,,,,,,,,,,,,,,,,,,,,,,,,,,,,
Q28579,Q11094539,,,,,,,,,,,,,,,,,,,,,,,,,,,,,,,,,,,,,,,,,,,,,
Q28580,Q106775298,,,,,,,,,,,,,,,,,,,,,,,,,,,,,,,,,,,,,,,,,,,,,
Q28582,Q11094527,,,,,,,,,,,,,,,,,,,,,,,,,,,,,,,,,,,,,,,,,,,,,
Q28583,Q106775435,,,,,,,,,,,,,,,,,,,,,,,,,,,,,,,,,,,,,,,,,,,,,
Q28585,Q11094525,,,,,,,,,,,,,,,,,,,,,,,,,,,,,,,,,,,,,,,,,,,,,
Q28586,Q106712409,,,,,,,,,,,,,,,,,,,,,,,,,,,,,,,,,,,,,,,,,,,,,
Q28588,Q6784846,,,,,,,,,,,,,,,,,,,,,,,,,,,,,,,,,,,,,,,,,,,,,
Q28590,Q108913869,,,,,,,,,,,,,,,,,,,,,,,,,,,,,,,,,,,,,,,,,,,,,
Q28591,Q6784823,,,,,,,,,,,,,,,,,,,,,,,,,,,,,,,,,,,,,,,,,,,,,
Q28593,Q11642960,,,,,,,,,,,,,,,,,,,,,,,,,,,,,,,,,,,,,,,,,,,,,
Q28594,Q11094518,,,,,,,,,,,,,,,,,,,,,,,,,,,,,,,,,,,,,,,,,,,,,
Q28596,Q106775195,,,,,,,,,,,,,,,,,,,,,,,,,,,,,,,,,,,,,,,,,,,,,
Q28597,Q11094536,,,,,,,,,,,,,,,,,,,,,,,,,,,,,,,,,,,,,,,,,,,,,
Q28599,Q11642970,,,,,,,,,,,,,,,,,,,,,,,,,,,,,,,,,,,,,,,,,,,,,
Q28601,Q11094515,,,,,,,,,,,,,,,,,,,,,,,,,,,,,,,,,,,,,,,,,,,,,
Q28603,Q106774995,,,,,,,,,,,,,,,,,,,,,,,,,,,,,,,,,,,,,,,,,,,,,
Q28605,Q11094537,,,,,,,,,,,,,,,,,,,,,,,,,,,,,,,,,,,,,,,,,,,,,
Q28607,Q1133798,,,,,,,,,,,,,,,,,,,,,,,,,,,,,,,,,,,,,,,,,,,,,
Q28609,Q22829206,,,,,,,,,,,,,,,,,,,,,,,,,,,,,,,,,,,,,,,,,,,,,
Q28611,Q107177919,,,,,,,,,,,,,,,,,,,,,,,,,,,,,,,,,,,,,,,,,,,,,
Q28613,Q5312752,,,,,,,,,,,,,,,,,,,,,,,,,,,,,,,,,,,,,,,,,,,,,
Q28615,Q108182169,,,,,,,,,,,,,,,,,,,,,,,,,,,,,,,,,,,,,,,,,,,,,
Q28617,Q5312802,,,,,,,,,,,,,,,,,,,,,,,,,,,,,,,,,,,,,,,,,,,,,
Q28619,Q11439902,,,,,,,,,,,,,,,,,,,,,,,,,,,,,,,,,,,,,,,,,,,,,
Q28621,Q553776,,,,,,,,,,,,,,,,,,,,,,,,,,,,,,,,,,,,,,,,,,,,,
Q28623,Q11439894,,,,,,,,,,,,,,,,,,,,,,,,,,,,,,,,,,,,,,,,,,,,,
Q28625,Q553786,,,,,,,,,,,,,,,,,,,,,,,,,,,,,,,,,,,,,,,,,,,,,
Q28627,Q11439899,,,,,,,,,,,,,,,,,,,,,,,,,,,,,,,,,,,,,,,,,,,,,
Q28629,Q553781,,,,,,,,,,,,,,,,,,,,,,,,,,,,,,,,,,,,,,,,,,,,,
Q28631,Q11439901,,,,,,,,,,,,,,,,,,,,,,,,,,,,,,,,,,,,,,,,,,,,,
Q28633,Q795957,,,,,,,,,,,,,,,,,,,,,,,,,,,,,,,,,,,,,,,,,,,,,
Q28635,Q110903928,,,,,,,,,,,,,,,,,,,,,,,,,,,,,,,,,,,,,,,,,,,,,
Q28637,Q10944192,,,,,,,,,,,,,,,,,,,,,,,,,,,,,,,,,,,,,,,,,,,,,
Q28639,Q11500882,,,,,,,,,,,,,,,,,,,,,,,,,,,,,,,,,,,,,,,,,,,,,
Q28641,Q10944189,,,,,,,,,,,,,,,,,,,,,,,,,,,,,,,,,,,,,,,,,,,,,
Q28643,Q109740832,,,,,,,,,,,,,,,,,,,,,,,,,,,,,,,,,,,,,,,,,,,,,
Q28645,Q11138213,,,,,,,,,,,,,,,,,,,,,,,,,,,,,,,,,,,,,,,,,,,,,
Q28647,Q109740919,,,,,,,,,,,,,,,,,,,,,,,,,,,,,,,,,,,,,,,,,,,,,
Q28650,Q17026423,,,,,,,,,,,,,,,,,,,,,,,,,,,,,,,,,,,,,,,,,,,,,
Q28651,Q11374418,,,,,,,,,,,,,,,,,,,,,,,,,,,,,,,,,,,,,,,,,,,,,
Q28654,Q10944072,,,,,,,,,,,,,,,,,,,,,,,,,,,,,,,,,,,,,,,,,,,,,
Q28655,Q11374426,,,,,,,,,,,,,,,,,,,,,,,,,,,,,,,,,,,,,,,,,,,,,
Q28658,Q10944076,,,,,,,,,,,,,,,,,,,,,,,,,,,,,,,,,,,,,,,,,,,,,
Q28659,Q11374427,,,,,,,,,,,,,,,,,,,,,,,,,,,,,,,,,,,,,,,,,,,,,
Q28662,Q1395433,,,,,,,,,,,,,,,,,,,,,,,,,,,,,,,,,,,,,,,,,,,,,
Q28663,Q109666432,,,,,,,,,,,,,,,,,,,,,,,,,,,,,,,,,,,,,,,,,,,,,
Q28666,Q11066208,,,,,,,,,,,,,,,,,,,,,,,,,,,,,,,,,,,,,,,,,,,,,
Q28667,Q109666451,,,,,,,,,,,,,,,,,,,,,,,,,,,,,,,,,,,,,,,,,,,,,
Q28670,Q11060544,,,,,,,,,,,,,,,,,,,,,,,,,,,,,,,,,,,,,,,,,,,,,
Q28671,Q109928699,,,,,,,,,,,,,,,,,,,,,,,,,,,,,,,,,,,,,,,,,,,,,
Q28674,Q11060828,,,,,,,,,,,,,,,,,,,,,,,,,,,,,,,,,,,,,,,,,,,,,
Q28675,Q11635662,,,,,,,,,,,,,,,,,,,,,,,,,,,,,,,,,,,,,,,,,,,,,
Q28678,Q65801119,,,,,,,,,,,,,,,,,,,,,,,,,,,,,,,,,,,,,,,,,,,,,
Q28679,Q11635684,,,,,,,,,,,,,,,,,,,,,,,,,,,,,,,,,,,,,,,,,,,,,
Q28682,Q1267918,,,,,,,,,,,,,,,,,,,,,,,,,,,,,,,,,,,,,,,,,,,,,
Q28683,Q111166299,,,,,,,,,,,,,,,,,,,,,,,,,,,,,,,,,,,,,,,,,,,,,
Q28686,Q795945,,,,,,,,,,,,,,,,,,,,,,,,,,,,,,,,,,,,,,,,,,,,,
Q28687,Q11256999,,,,,,,,,,,,,,,,,,,,,,,,,,,,,,,,,,,,,,,,,,,,,
Q28690,Q890100,,,,,,,,,,,,,,,,,,,,,,,,,,,,,,,,,,,,,,,,,,,,,
Q28691,Q108782671,,,,,,,,,,,,,,,,,,,,,,,,,,,,,,,,,,,,,,,,,,,,,
Q28694,Q1188536,,,,,,,,,,,,,,,,,,,,,,,,,,,,,,,,,,,,,,,,,,,,,
Q28695,Q3341474,,,,,,,,,,,,,,,,,,,,,,,,,,,805061|974031,,,,,,,,,,,,,,,,,二條-6,I00523411
Q28698,Q1182520,,,,,,,,,,,,,,,,,,,,,,,,,,,,,,,,,,,,,,,,,,,,,
Q28699,Q109291206,,,,,,,,,,,,,,,,,,,,,,,,,,,,,,,,,,,,,,,,,,,,,
Q28702,Q1188302,,,,,,,,,,,,,,,,,,,,,,,,,,,,,,,,,,,,,,,,,,,,,
Q28703,Q11464501,,,,,,,,,,,,,,,,,,,,,,,,,,,,,,,,,,,,,,,,,,,,,
Q28706,Q8249129,,,,,,,,,,,,,,,,,,,,,,,,,,,,,,,,,,,,,,,,,,,,,
Q28707,Q11239151,,,,,,,,,,,,,,,,,,,,,,,,,,,,,,,,,,,,,,,,,,,,,
Q28710,Q188903,,,,,,,,,,,,,,,,,,,,,,,,,,,,,,,,,,,,,,,,,,,,,
Q28711,Q106307327,,,,,,,,,,,,,,,,,,,,,,,,,,,,,,,,,,,,,,,,,,,,,
Q28714,Q6121495,,,,,,,,,,,,,,,,,,,,,,,,,,,,,,,,,,,,,,,,,,,,,
Q28715,Q106313304,,,,,,,,,,,,,,,,,,,,,,,,,,,,,,,,,,,,,,,,,,,,,
Q28718,Q27780051,,,,,,,,,,,,,,,,,,,,,,,,,,,,,,,,,,,,,,,,,,,,,
Q28719,Q106313735,,,,,,,,,,,,,,,,,,,,,,,,,,,,,,,,,,,,,,,,,,,,,
Q28722,Q2890091,,,,,,,,,,,,,,,,,,,,,,,,,,,,,,,,,,,,,,,,,,,,,
Q28723,Q106317034,,,,,,,,,,,,,,,,,,,,,,,,,,,,,,,,,,,,,,,,,,,,,
Q28726,Q8249260,,,,,,,,,,,,,,,,,,,,,,,,,,,,,,,,,,,,,,,,,,,,,
Q28727,Q11448007,,,,,,,,,,,,,,,,,,,,,,,,,,,,,,,,,,,,,,,,,,,,,
Q28730,Q1185205,,,,,,,,,,,,,,,,,,,,,,,,,,,,,,,,,,,,,,,,,,,,,
Q28731,Q109250178,,,,,,,,,,,,,,,,,,,,,,,,,,,,,,,,,,,,,,,,,,,,,
Q28734,Q878483,,,,,,,,,,,,,,,,,,,,,,,,,,,,,,,,,,,,,,,,,,,,,
Q28735,Q109250116,,,,,,,,,,,,,,,,,,,,,,,,,,,,,,,,,,,,,,,,,,,,,
Q28738,Q10941173,,,,,,,,,,,,,,,,,,,,,,,,,,,,,,,,,,,,,,,,,,,,,
Q28739,Q111292353,,,,,,,,,,,,,,,,,,,,,,,,,,,,,,,,,,,,,,,,,,,,,
Q28742,Q3178377,,,,,,,,,,,,,,,,,,,,,,,,,,,,,,,,,,,,,,,,,,,,,
Q28743,Q115596117,,,,,,,,,,,,,,,,,,,,,,,,,,,,,,,,,,,,,,,,,,,,,
Q28746,Q1581739,,,,,,,,,,,,,,,,,,,,,,,,,,,,,,,,,,,,,,,,,,,,,
Q28747,Q106768109,,,,,,,,,,,,,,,,,,,,,,,,,,,,,,,,,,,,,,,,,,,,,
Q28750,Q5952463,,,,,,,,,,,,,,,,,,,,,,,,,,,,,,,,,,,,,,,,,,,,,
Q28751,Q107172311,,,,,,,,,,,,,,,,,,,,,,,,,,,,,,,,,,,,,,,,,,,,,
Q28754,Q5952615,,,,,,,,,,,,,,,,,,,,,,,,,,,,,,,,,,,,,,,,,,,,,
Q28755,Q108908545,,,,,,,,,,,,,,,,,,,,,,,,,,,,,,,,,,,,,,,,,,,,,
Q28758,Q4163321,,,,,,,,,,,,,,,,,,,,,,,,,,,,,,,,,,,,,,,,,,,,,
Q28759,Q108909592,,,,,,,,,,,,,,,,,,,,,,,,,,,,,,,,,,,,,,,,,,,,,
Q28762,Q11073237,,,,,,,,,,,,,,,,,,,,,,,,,,,,,,,,,,,,,,,,,,,,,
Q28763,Q109323737,,,,,,,,,,,,,,,,,,,,,,,,,,,,,,,,,,,,,,,,,,,,,
Q28766,Q10892754,,,,,,,,,,,,,,,,,,,,,,,,,,,,,,,,,,,,,,,,,,,,,
Q28767,Q10933860,,,,,,,,,,,,,,,,,,,,,,,,,,,,,,,,,,,,,,,,,,,,,
Q28770,Q7239950,,,,,,,,,,,,,,,,,,,,,,,,,,,,,,,,,,,,,,,,,,,,,
Q28771,Q11432518,,,,,,,,,,,,,,,,,,,,,,,,,,,,,,,,,,,,,,,,,,,,,
Q28774,Q16907302,,,,,,,,,,,,,,,,,,,,,,,,,,,,,,,,,,,,,,,,,,,,,
Q28775,Q54867691,,,,,,,,,,,,,,,,,,,,,,,,,,,,,,,,,,,,,,,,,,,,,
Q28778,Q10892723,,,,,,,,,,,,,,,,,,,,,,,,,,,,,,,,,,,,,,,,,,,,,
Q28779,Q109250378,,,,,,,,,,,,,,,,,,,,,,,,,,,,,,,,,,,,,,,,,,,,,
Q28782,Q6398446,,,,,,,,,,,,,,,,,,,,,,,,,,,,,,,,,,,,,,,,,,,,,
Q28783,Q17219300,,,,,,,,,,,,,,,,,,,,,,,,,,,,,,,,,,,,,,,,,,,,,
Q28786,Q18654200,,,,,,,,,,,,,,,,,,,,,,,,,,,,,,,,,,,,,,,,,,,,,
Q28787,Q11463204,,,,,,,,,,,,,,,,,,,,,,,,,,,,,,,,,,,,,,,,,,,,,
Q28790,Q18654201,,,,,,,,,,,,,,,,,,,,,,,,,,,,,,,,,,,,,,,,,,,,,
Q28791,Q8062739,,,,,,,,,,,,,,,,,,,,,,,,,,,,,,,,,,,,,,,,,,,,,
Q28794,Q18654198,,,,,,,,,,,,,,,,,,,,,,,,,,,,,,,,,,,,,,,,,,,,,
Q28796,Q11606589,,,,,,,,,,,,,,,,,,,,,,,,,,,,,,,,,,,,,,,,,,,,,
Q28798,Q11094474,,,,,,,,,,,,,,,,,,,,,,,,,,,,,,,,,,,,,,,,,,,,,
Q28800,Q110889919,,,,,,,,,,,,,,,,,,,,,,,,,,,,,,,,,,,,,,,,,,,,,
Q28802,Q8254716,,,,,,,,,,,,,,,,,,,,,,,,,,,,,,,,,,,,,,,,,,,,,
Q28804,Q11581174,,,,,,,,,,,,,,,,,,,,,,,,,,,,,,,,,,,,,,,,,,,,,
Q28806,Q18653756,,,,,,,,,,,,,,,,,,,,,,,,,,,,,,,,,,,,,,,,,,,,,
Q28808,Q11581173,,,,,,,,,,,,,,,,,,,,,,,,,,,,,,,,,,,,,,,,,,,,,
Q28810,Q18653757,,,,,,,,,,,,,,,,,,,,,,,,,,,,,,,,,,,,,,,,,,,,,
Q28812,Q106916722,,,,,,,,,,,,,,,,,,,,,,,,,,,,,,,,,,,,,,,,,,,,,
Q28814,Q11074227,,,,,,,,,,,,,,,,,,,,,,,,,,,,,,,,,,,,,,,,,,,,,
Q28816,Q110155077,,,,,,,,,,,,,,,,,,,,,,,,,,,,,,,,,,,,,,,,,,,,,
Q28818,Q7314545,,,,,,,,,,,,,,,,,,,,,,,,,,,,,,,,,,,,,,,,,,,,,
Q28820,Q110155139,,,,,,,,,,,,,,,,,,,,,,,,,,,,,,,,,,,,,,,,,,,,,
Q28822,Q8250704,,,,,,,,,,,,,,,,,,,,,,,,,,,,,,,,,,,,,,,,,,,,,
Q28824,Q102246609,,,,,,,,,,,,,,,,,,,,,,,,,,,,,,,,,,,,,,,,,,,,,
Q28826,Q11094767,,,,,,,,,,,,,,,,,,,,,,,,,,,,,,,,,,,,,,,,,,,,,
Q28828,Q106652378,,,,,,,,,,,,,,,,,,,,,,,,,,,,,,,,,,,,,,,,,,,,,
Q28830,Q11094775,,,,,,,,,,,,,,,,,,,,,,,,,,,,,,,,,,,,,,,,,,,,,
Q28832,Q108902435,,,,,,,,,,,,,,,,,,,,,,,,,,,,,,,,,,,,,,,,,,,,,
Q28834,Q11094773,,,,,,,,,,,,,,,,,,,,,,,,,,,,,,,,,,,,,,,,,,,,,
Q28836,Q108902905,,,,,,,,,,,,,,,,,,,,,,,,,,,,,,,,,,,,,,,,,,,,,
Q28838,Q11094766,,,,,,,,,,,,,,,,,,,,,,,,,,,,,,,,,,,,,,,,,,,,,
Q28840,Q108426189,,,,,,,,,,,,,,,,,,,,,,,,,,,,,,,,,,,,,,,,,,,,,
Q28842,Q11094774,,,,,,,,,,,,,,,,,,,,,,,,,,,,,,,,,,,,,,,,,,,,,
Q28844,Q11402189,,,,,,,,,,,,,,,,,,,,,,,,,,,,,,,,,,,,,,,,,,,,,
Q28846,Q11094768,,,,,,,,,,,,,,,,,,,,,,,,,,,,,,,,,,,,,,,,,,,,,
Q28848,Q108902993,,,,,,,,,,,,,,,,,,,,,,,,,,,,,,,,,,,,,,,,,,,,,
Q28850,Q11094777,,,,,,,,,,,,,,,,,,,,,,,,,,,,,,,,,,,,,,,,,,,,,
Q28852,Q386144,,,,,,,,,,11638462,,,,,,,,,,,,,,,,,,,,,,,,,,,,,,,,,,,
Q28854,Q11094776,,,,,,,,,,,,,,,,,,,,,,,,,,,,,,,,,,,,,,,,,,,,,
Q28856,Q106704248,,,,,,,,,,,,,,,,,,,,,,,,,,,,,,,,,,,,,,,,,,,,,
Q28858,Q22829248,,,,,,,,,,,,,,,,,,,,,,,,,,,,,,,,,,,,,,,,,,,,,
Q28860,Q134305584,,,,,,,,,,,,,,,,,,,,,,,,,,,,,,,,,,,,,,,,,,,,,
Q28862,Q11094772,,,,,,,,,,,,,,,,,,,,,,,,,,,,,,,,,,,,,,,,,,,,,
Q28864,Q11642056,,,,,,,,,,,,,,,,,,,,,,,,,,,,,,,,,,,,,,,,,,,,,
Q28866,Q11094770,,,,,,,,,,,,,,,,,,,,,,,,,,,,,,,,,,,,,,,,,,,,,
Q28868,Q108900231,,,,,,,,,,,,,,,,,,,,,,,,,,,,,,,,,,,,,,,,,,,,,
Q28870,Q11094771,,,,,,,,,,,,,,,,,,,,,,,,,,,,,,,,,,,,,,,,,,,,,
Q28872,Q108900264,,,,,,,,,,,,,,,,,,,,,,,,,,,,,,,,,,,,,,,,,,,,,
Q28874,Q11094769,,,,,,,,,,,,,,,,,,,,,,,,,,,,,,,,,,,,,,,,,,,,,
Q28876,Q8081728,,,,,,,,,,,,,,,,,,,,,,,,,,,,,,,,,,,,,,,,,,,,,
Q28878,Q11093796,,,,,,,,,,,,,,,,,,,,,,,,,,,,,,,,,,,,,,,,,,,,,
Q28880,Q97176778,,,,,,,,,,,,,,,,,,,,,,,,,,,,,,,,,,,,,,,,,,,,,
Q28882,Q11093844,,,,,,,,,,,,,,,,,,,,,,,,,,,,,,,,,,,,,,,,,,,,,
Q28884,Q11369367,,,,,,,,,,,,,,,,,,,,,,,,,,,,,,,,,,,,,,,,,,,,,
Q28886,Q11094004,,,,,,,,,,,,,,,,,,,,,,,,,,,,,,,,,,,,,,,,,,,,,
Q28888,Q11361103,,,,,,,,,,,,,,,,,,,,,,,,,,,,,,,,,,,,,,,,,,,,,
Q28890,Q11093705,,,,,,,,,,,,,,,,,,,,,,,,,,,,,,,,,,,,,,,,,,,,,
Q28892,Q11369356,,,,,,,,,,,,,,,,,,,,,,,,,,,,,,,,,,,,,,,,,,,,,
Q28894,Q11094582,,,,,,,,,,,,,,,,,,,,,,,,,,,,,,,,,,,,,,,,,,,,,
Q28896,Q109318943,,,,,,,,,,,,,,,,,,,,,,,,,,,,,,,,,,,,,,,,,,,,,
Q28898,Q11094580,,,,,,,,,,,,,,,,,,,,,,,,,,,,,,,,,,,,,,,,,,,,,
Q28900,Q110089075,,,,,,,,,,,,,,,,,,,,,,,,,,,,,,,,,,,,,,,,,,,,,
Q28903,Q11094013,,,,,,,,,,,,,,,,,,,,,,,,,,,,,,,,,,,,,,,,,,,,,
Q28904,Q108892811,,,,,,,,,,,,,,,,,,,,,,,,,,,,,,,,,,,,,,,,,,,,,
Q28907,Q11094656,,,,,,,,,,,,,,,,,,,,,,,,,,,,,,,,,,,,,,,,,,,,,
Q28908,Q109323908,,,,,,,,,,,,,,,,,,,,,,,,,,,,,,,,,,,,,,,,,,,,,
Q28911,Q11093839,,,,,,,,,,,,,,,,,,,,,,,,,,,,,,,,,,,,,,,,,,,,,
Q28912,Q110118939,,,,,,,,,,,,,,,,,,,,,,,,,,,,,,,,,,,,,,,,,,,,,
Q28915,Q22829252,,,,,,,,,,,,,,,,,,,,,,,,,,,,,,,,,,,,,,,,,,,,,
Q28916,Q110127389,,,,,,,,,,,,,,,,,,,,,,,,,,,,,,,,,,,,,,,,,,,,,
Q28919,Q11093890,,,,,,,,,,,,,,,,,,,,,,,,,,,,,,,,,,,,,,,,,,,,,
Q28920,Q110155535,,,,,,,,,,,,,,,,,,,,,,,,,,,,,,,,,,,,,,,,,,,,,
Q28923,Q11094796,,,,,,,,,,,,,,,,,,,,,,,,,,,,,,,,,,,,,,,,,,,,,
Q28924,Q109306780,,,,,,,,,,,,,,,,,,,,,,,,,,,,,,,,,,,,,,,,,,,,,
Q28927,Q11094482,,,,,,,,,,,,,,,,,,,,,,,,,,,,,,,,,,,,,,,,,,,,,
Q28928,Q110138831,,,,,,,,,,,,,,,,,,,,,,,,,,,,,,,,,,,,,,,,,,,,,
Q28931,Q11094291,,,,,,,,,,,,,,,,,,,,,,,,,,,,,,,,,,,,,,,,,,,,,
Q28932,Q108694777,,,,,,,,,,,,,,,,,,,,,,,,,,,,,,,,,,,,,,,,,,,,,
Q28935,Q22829263,,,,,,,,,,,,,,,,,,,,,,,,,,,,,,,,,,,,,,,,,,,,,
Q28936,Q108695163,,,,,,,,,,,,,,,,,,,,,,,,,,,,,,,,,,,,,,,,,,,,,
Q28939,Q11093657,,,,,,,,,,,,,,,,,,,,,,,,,,,,,,,,,,,,,,,,,,,,,
Q28940,Q111375244,,,,,,,,,,,,,,,,,,,,,,,,,,,,,,,,,,,,,,,,,,,,,
Q28943,Q11093656,,,,,,,,,,,,,,,,,,,,,,,,,,,,,,,,,,,,,,,,,,,,,
Q28944,Q11636756,,,,,,,,,,,,,,,,,,,,,,,,,,,,,,,,,,,,,,,,,,,,,
Q28947,Q18653746,,,,,,,,,,,,,,,,,,,,,,,,,,,,,,,,,,,,,,,,,,,,,
Q28948,Q108782994,,,,,,,,,,,,,,,,,,,,,,,,,,,,,,,,,,,,,,,,,,,,,
Q28951,Q18653745,,,,,,,,,,,,,,,,,,,,,,,,,,,,,,,,,,,,,,,,,,,,,
Q28952,Q108783097,,,,,,,,,,,,,,,,,,,,,,,,,,,,,,,,,,,,,,,,,,,,,
Q28955,Q11094472,,,,,,,,,,,,,,,,,,,,,,,,,,,,,,,,,,,,,,,,,,,,,
Q28956,Q108783392,,,,,,,,,,,,,,,,,,,,,,,,,,,,,,,,,,,,,,,,,,,,,
Q28959,Q11094473,,,,,,,,,,,,,,,,,,,,,,,,,,,,,,,,,,,,,,,,,,,,,
Q28960,Q109922373,,,,,,,,,,,,,,,,,,,,,,,,,,,,,,,,,,,,,,,,,,,,,
Q28963,Q3497230,,,,,,,,,,,,,,,,,,,,,,,,,,,,,,,,,,,,,,,,,,,,,
Q28964,Q62085262,,,,,,,,,,,,,,,,,,,,,,,,,,,,,,,,,,,,,,,,,,,,,
Q28967,Q45417350,,,,,,,,,,,,,,,,,,,,,,,,,,,,,,,,,,,,,,,,,,,,,
Q28968,Q108695071,,,,,,,,,,,,,,,,,,,,,,,,,,,,,,,,,,,,,,,,,,,,,
Q28971,Q19855834,,,,,,,,,,,,,,,,,,,,,,,,,,,,,,,,,,,,,,,,,,,,,
Q28972,Q106706221,,,,,,,,,,,,,,,,,,,,,,,,,,,,,,,,,,,,,,,,,,,,,
Q28975,Q65862119,,,,,,,,,,,,,,,,,,,,,,,,,,,,,,,,,,,,,,,,,,,,,
Q28976,Q40182899,,,,,,,,,,,,,,,,,,,,,,,,,,,,,,,,,,,,,,,,,,,,,
Q28979,Q65862123,,,,,,,,,,,,,,,,,,,,,,,,,,,,,,,,,,,,,,,,,,,,,
Q28980,Q11545506,,,,,,,,,,,,,,,,,,,,,,,,,,,,,,,,,,,,,,,,,,,,,
Q28983,Q11070312,,,,,,,,,,,,,,,,,,,,,,,,,,,,,,,,,,,,,,,,,,,,,
Q28984,Q108798295,,,,,,,,,,,,,,,,,,,,,,,,,,,,,,,,,,,,,,,,,,,,,
Q28987,Q334308,,,,,,,,,,,,,,,,,,,,,,,,,,,,,,,,,,,,,,,,,,,,,
Q28988,Q63683774,,,,,,,,,,,,,,,,,,,,,,,,,,,,,,,,,,,,,,,,,,,,,
Q28991,Q491773,,,,,,,,,,,,,,,,,,,,,,,,,,,,,,,,,,,,,,,,,,,,,
Q28992,Q108145857,,,,,,,,,,,,,,,,,,,,,,,,,,,,,,,,,,,,,,,,,,,,,
Q28995,Q16174338,,,,,,,,,,,,,,,,,,,,,,,,,,,,,,,,,,,,,,,,,,,,,
Q28996,Q108145820,,,,,,,,,,,,,,,,,,,,,,,,,,,,,,,,,,,,,,,,,,,,,
Q28999,Q16179557,,,,,,,,,,,,,,,,,,,,,,,,,,,,,,,,,,,,,,,,,,,,,
Q29000,Q1045296,,,,,,,,,,,,,,,,,,,,,,,,,,,,,,,,,,,,,,,,,,,,,
Q29003,Q488694,,,,,,,,,,,,,,,,,,,,,,,,,,,,,,,,,,,,,,,,,,,,,
Q29004,Q6547451,,,,,,,,,,,,,,,,,,,,,,,,,,,,,,,,,,,,,,,,,,,,,
Q29007,Q12618657,,,,,,,,,,,,,,,,,,,,,,,,,,,,,,,,,,,,,,,,,,,,,
Q29008,Q11475184,,,,,,,,,,,,,,,,,,,,,,,,,,,,,,,,,,,,,,,,,,,,,
Q29011,Q12586203,,,,,,,,,,,,,,,,,,,,,,,,,,,,,,,,,,,,,,,,,,,,,
Q29013,Q62601555,,,,,,,,,,,,,,,,,,,,,,,,,,,,,,,,,,,,,,,,,,,,,
Q29015,Q24859428,,,,,,,,,,,,,,,,,,,,,,,,,,,,,,,,,,,,,,,,,,,,,
Q29017,Q11438234,,,,,,,,,,,,,,,,,,,,,,,,,,,,,,,,,,,,,,,,,,,,,
Q29019,Q24856067,,,,,,,,,,,,,,,,,,,,,,,,,,,,,,,,,,,,,,,,,,,,,
Q29021,Q96715833,,,,,,,,,,,,,,,,,,,,,,,,,,,,,,,,,,,,,,,,,,,,,
Q29023,Q625340,,,,,,,,,,,,,,,,,,,,,,,,,,,,,,,,,,,,,,,,,,,,,
Q29025,Q108903320,,,,,,,,,,,,,,,,,,,,,,,,,,,,,,,,,,,,,,,,,,,,,
Q29027,Q496613,,,,,,,,,,,,,,,,,,,,,,,,,,,,,,,,,,,,,,,,,,,,,
Q29029,Q11437725,,,,,,,,,,,,,,,,,,,,,,,,,,,,,,,,,,,,,,,,,,,,,
Q29031,Q489646,,,,,,,,,,,,,,,,,,,,,,,,,,,,,,,,,,,,,,,,,,,,,
Q29033,Q108086903,,,,,,,,,,,,,,,,,,,,,,,,,,,,,,,,,,,,,,,,,,,,,
Q29034,Q6839165,,,,,,,,,,,,,,,,,,,,,,,,,,,,,,,,,,,,,,,,,,,,,
Q29037,Q11437718,,,,,,,,,,,,,,,,,,,,,,,,,,,,,,,,,,,,,,,,,,,,,
Q29038,Q6684451,,,,,,,,,,,,,,,,,,,,,,,,,,,,,,,,,,,,,,,,,,,,,
Q29041,Q109852529,,,,,,,,,,,,,,,,,,,,,,,,,,,,,,,,,,,,,,,,,,,,,
Q29042,Q16168637,,,,,,,,,,,,,,,,,,,,,,,,,,,,,,,,,,,,,,,,,,,,,
Q29045,Q109852534,,,,,,,,,,,,,,,,,,,,,,,,,,,,,,,,,,,,,,,,,,,,,
Q29046,Q16168653,,,,,,,,,,,,,,,,,,,,,,,,,,,,,,,,,,,,,,,,,,,,,
Q29049,Q109852540,,,,,,,,,,,,,,,,,,,,,,,,,,,,,,,,,,,,,,,,,,,,,
Q29050,Q6760589,,,,,,,,,,,,,,,,,,,,,,,,,,,,,,,,,,,,,,,,,,,,,
Q29053,Q109852590,,,,,,,,,,,,,,,,,,,,,,,,,,,,,,,,,,,,,,,,,,,,,
Q29054,Q27954103,,,,,,,,,,,,,,,,,,,,,,,,,,,,,,,,,,,,,,,,,,,,,
Q29057,Q109852613,,,,,,,,,,,,,,,,,,,,,,,,,,,,,,,,,,,,,,,,,,,,,
Q29058,Q55731211,,,,,,,,,,,,,,,,,,,,,,,,,,,,,,,,,,,,,,,,,,,,,
Q29061,Q11431988,,,,,,,,,,,,,,,,,,,,,,,,,,,,,,,,,,,,,,,,,,,,,
Q29062,Q16181966,,,,,,,,,,,,,,,,,,,,,,,,,,,,,,,,,,,,,,,,,,,,,
Q29065,Q11651869,,,,,,,,,,,,,,,,,,,,,,,,,,,,,,,,,,,,,,,,,,,,,
Q29066,Q470084,,,,,,,,,,,,,,,,,,,,,,,,,,,,,,,,,,,,,,,,,,,,,
Q29069,Q11432204,,,,,,,,,,,,,,,,,,,,,,,,,,,,,,,,,,,,,,,,,,,,,
Q29070,Q12583997,,,,,,,,,,,,,,,,,,,,,,,,,,,,,,,,,,,,,,,,,,,,,
Q29073,Q106764130,,,,,,,,,,,,,,,,,,,,,,,,,,,,,,,,,,,,,,,,,,,,,
Q29074,Q6783327,,,,,,,,,,,,,,,,,,,,,,,,,,,,,,,,,,,,,,,,,,,,,
Q29077,Q106764331,,,,,,,,,,,,,,,,,,,,,,,,,,,,,,,,,,,,,,,,,,,,,
Q29078,Q12608395,,,,,,,,,,,,,,,,,,,,,,,,,,,,,,,,,,,,,,,,,,,,,
Q29081,Q11420149,,,,,,,,,,,,,,,,,,,,,,,,,,,,,,,,,,,,,,,,,,,,,
Q29082,Q12625968,,,,,,,,,,,,,,,,,,,,,,,,,,,,,,,,,,,,,,,,,,,,,
Q29085,Q11265545,,,,,,,,,,,,,,,,,,,,,,,,,,,,,,,,,,,,,,,,,,,,,
Q29086,Q16219911,,,,,,,,,,,,,,,,,,,,,,,,,,,,,,,,,,,,,,,,,,,,,
Q29090,Q16180199,,,,,,,,,,,,,,,,,,,,,,,,,,,,,,,,,,,,,,,,,,,,,
Q29093,Q111019947,,,,,,,,,,,,,,,,,,,,,,,,,,,,,,,,,,,,,,,,,,,,,
Q29094,Q483008,,,,,,,,,,,,,,,,,,,,,,,,,,,,,,,,,,,,,,,,,,,,,
Q29097,Q111019990,,,,,,,,,,,,,,,,,,,,,,,,,,,,,,,,,,,,,,,,,,,,,
Q29098,Q61091886,,,,,,,,,,,,,,,,,,,,,,,,,,,,,,,,,,,,,,,,,,,,,
Q29102,Q12611762,,,,,,,,,,,,,,,,,,,,,,,,,,,,,,,,,,,,,,,,,,,,,
Q29105,Q111020084,,,,,,,,,,,,,,,,,,,,,,,,,,,,,,,,,,,,,,,,,,,,,
Q29106,Q12583628,,,,,,,,,,,,,,,,,,,,,,,,,,,,,,,,,,,,,,,,,,,,,
Q29109,Q11631969,,,,,,,,,,,,,,,,,,,,,,,,,,,,,,,,,,,,,,,,,,,,,
Q29110,Q16726628,,,,,,,,,,,,,,,,,,,,,,,,,,,,,,,,,,,,,,,,,,,,,
Q29113,Q11359181,,,,,,,,,,,,,,,,,,,,,,,,,,,,,,,,,,,,,,,,,,,,,
Q29114,Q12595546,,,,,,,,,,,,,,,,,,,,,,,,,,,,,,,,,,,,,,,,,,,,,
Q29117,Q604073,,,,,,,,,,,,,,,,,,,,,,,,,,,,,,,,,,,,,,,,,,,,,
Q29118,Q12607372,,,,,,,,,,,,,,,,,,,,,,,,,,,,,,,,,,,,,,,,,,,,,
Q29121,Q107167338,,,,,,,,,,,,,,,,,,,,,,,,,,,,,,,,,,,,,,,,,,,,,
Q29122,Q16164384,,,,,,,,,,,,,,,,,,,,,,,,,,,,,,,,,,,,,,,,,,,,,
Q29125,Q11545660,,,,,,,,,,,,,,,,,,,,,,,,,,,,,,,,,,,,,,,,,,,,,
Q29126,Q16173089,,,,,,,,,,,,,,,,,,,,,,,,,,,,,,,,,,,,,,,,,,,,,
Q29129,Q106729022,,,,,,,,,,,,,,,,,,,,,,,,,,,,,,,,,,,,,,,,,,,,,
Q29130,Q16182349,,,,,,,,,,,,,,,,,,,,,,,,,,,,,,,,,,,,,,,,,,,,,
Q29133,Q108084058,,,,,,,,,,,,,,,,,,,,,,,,,,,,,,,,,,,,,,,,,,,,,
Q29134,Q16177874,,,,,,,,,,,,,,,,,,,,,,,,,,,,,,,,,,,,,,,,,,,,,
Q29136,Q35811,,,,,,,,,,,,,,,,,,,,,,,,,,,324676,,,,,,,,,,,,,,,,,,
Q29137,Q11545672,,,,,,,,,,,,,,,,,,,,,,,,,,,,,,,,,,,,,,,,,,,,正親町三条-5,
Q29138,Q12626128,,,,,,,,,,,,,,,,,,,,,,,,,,,,,,,,,,,,,,,,,,,,,
Q29141,Q11355833,,,,,,,,,,,,,,,,,,,,,,,,,,,,,,,,,,,,,,,,,,,,,
Q29142,Q16180743,,,,,,,,,,,,,,,,,,,,,,,,,,,,,,,,,,,,,,,,,,,,,
Q29145,Q108084238,,,,,,,,,,,,,,,,,,,,,,,,,,,,,,,,,,,,,,,,,,,,,
Q29146,Q12583772,,,,,,,,,,,,,,,,,,,,,,,,,,,,,,,,,,,,,,,,,,,,,
Q29149,Q108084256,,,,,,,,,,,,,,,,,,,,,,,,,,,,,,,,,,,,,,,,,,,,,
Q29150,Q12583770,,,,,,,,,,,,,,,,,,,,,,,,,,,,,,,,,,,,,,,,,,,,,
Q29153,Q106664499,,,,,,,,,,,,,,,,,,,,,,,,,,,,,,,,,,,,,,,,,,,,,
Q29155,Q12615770,,,,,,,,,,,,,,,,,,,,,,,,,,,,,,,,,,,,,,,,,,,,,
Q29157,Q106664452,,,,,,,,,,,,,,,,,,,,,,,,,,,,,,,,,,,,,,,,,,,,,
Q29159,Q12603396,,,,,,,,,,,,,,,,,,,,,,,,,,,,,,,,,,,,,,,,,,,,,
Q29161,Q106669227,,,,,,,,,,,,,,,,,,,,,,,,,,,,,,,,,,,,,,,,,,,,,
Q29163,Q12583938,,,,,,,,,,,,,,,,,,,,,,,,,,,,,,,,,,,,,,,,,,,,,
Q29165,Q108142067,,,,,,,,,,,,,,,,,,,,,,,,,,,,,,,,,,,,,,,,,,,,,
Q29167,Q12626129,,,,,,,,,,,,,,,,,,,,,,,,,,,,,,,,,,,,,,,,,,,,,
Q29169,Q109830327,,,,,,,,,,,,,,,,,,,,,,,,,,,,,,,,,,,,,,,,,,,,,
Q29171,Q16177969,,,,,,,,,,,,,,,,,,,,,,,,,,,,,,,,,,,,,,,,,,,,,
Q29173,Q109795732,,,,,,,,,,,,,,,,,,,,,,,,,,,,,,,,,,,,,,,,,,,,,
Q29175,Q14178450,,,,,,,,,,,,,,,,,,,,,,,,,,,,,,,,,,,,,,,,,,,,,
Q29177,Q109308556,,,,,,,,,,,,,,,,,,,,,,,,,,,,,,,,,,,,,,,,,,,,,
Q29179,Q11093682,,,,,,,,,,,,,,,,,,,,,,,,,,,,,,,,,,,,,,,,,,,,,
Q29181,Q55527002,,,,,,,,,,,,,,,,,,,,,,,,,,,,,,,,,,,,,,,,,,,,,
Q29183,Q45482979,,,,,,,,,,,,,,,,,,,,,,,,,,,,,,,,,,,,,,,,,,,,,
Q29185,Q109321386,,,,,,,,,,,,,,,,,,,,,,,,,,,,,,,,,,,,,,,,,,,,,
Q29187,Q65908361,,,,,,,,,,,,,,,,,,,,,,,,,,,,,,,,,,,,,,,,,,,,,
Q29189,Q108850152,,,,,,,,,,,,,,,,,,,,,,,,,,,,,,,,,,,,,,,,,,,,,
Q29191,Q702734,,,,,,,,,,,,,,,,,,,,,,,,,,,,,,,,,,,,,,,,,,,,,
Q29193,Q11470818,,,,,,,,,,,,,,,,,,,,,,,,,,,,,,,,,,,,,,,,,,,,,
Q29195,Q45600299,,,,,,,,,,,,,,,,,,,,,,,,,,,,,,,,,,,,,,,,,,,,,
Q29197,Q134441213,,,,,,,,,,,,,,,,,,,,,,,,,,,,,,,,,,,,,,,,,,,,,
Q29199,Q28415647,,,,,,,,,,,,,,,,,,,,,,,,,,,,,,,,,,,,,,,,,,,,,
Q29201,Q6640068,,,,,,,,,,,,,,,,,,,,,,,,,,,,,,,,,,,,,,,,,,,,,
Q29203,Q45653365,,,,,,,,,,,,,,,,,,,,,,,,,,,,,,,,,,,,,,,,,,,,,
Q29205,Q11432132,,,,,,,,,,,,,,,,,,,,,,,,,,,,,,,,,,,,,,,,,,,,,
Q29207,Q28416610,,,,,,,,,,,,,,,,,,,,,,,,,,,,,,,,,,,,,,,,,,,,,
Q29209,Q11361001,,,,,,,,,,,,,,,,,,,,,,,,,,,,,,,,,,,,,,,,,,,,,
Q29211,Q5374627,,,,,,,,,,,,,,,,,,,,,,,,,,,,,,,,,,,,,,,,,,,,,
Q29213,Q11432130,,,,,,,,,,,,,,,,,,,,,,,,,,,,,,,,,,,,,,,,,,,,,
Q29215,Q10007,,,,,,,,,,,,,,,,,,,,,,,,,,,843445,,,,,,,,,,,,,,,,,,
Q29217,Q11432131,,,,,,,,,,,,,,,,,,,,,,,,,,,,,,,,,,,,,,,,,,,,,
Q29219,Q11093680,,,,,,,,,,,,,,,,,,,,,,,,,,,843749,,,,,,,,,,,,,,,,,,
Q29221,Q22127185,,,,,,,,,,,,,,,,,,,,,,,,,,,,,,,,,,,,,,,,,,,,,
Q29223,Q10941550,,,,,,,,,,,,,,,,,,,,,,,,,,,,,,,,,,,,,,,,,,,,,
Q29225,Q128851654,,,,,,,,,,,,,,,,,,,,,,,,,,,,,,,,,,,,,,,,,,,,,
Q29227,Q8254570,,,,,,,,,,,,,,,,,,,,,,,,,,,,,,,,,,,,,,,,,,,,,
Q29229,Q106651438,,,,,,,,,,,,,,,,,,,,,,,,,,,,,,,,,,,,,,,,,,,,,
Q29231,Q10011,,,,,,,,,,,,,,,,,,,,,,,,,,,843433,,,,,,,,,,,,,,,,,朱-15,
Q29233,Q1071045,,,,,,,,,,,,,,,,,,,,,,,,,,,,,,,,,,,,,,,,,,,,,
Q29235,Q6785472,,,,,,,,,,,,,,,,,,,,,,,,,,,,,,,,,,,,,,,,,,,,,
Q29237,Q11608270,,,,,,,,,,,,,,,,,,,,,,,,,,,,,,,,,,,,,,,,,,,,,
Q29239,Q15923813,,,,,,,,,,,,,,,,,,,,,,,,,,,,,,,,,,,,,,,,,,,,,
Q29241,Q11106295,,,,,,,,,,,,,,,,,,,,,,,,,,,,,,,,,,,,,,,,,,,,,
Q29243,Q10923422,,,,,,,,,,,,,,,,,,,,,,,,,,,,,,,,,,,,,,,,,,,,,
Q29245,Q10470120,,,,,,,,,,,,,,,,,,,,,,,,,,,,,,,,,,,,,,,,,,,,,
Q29247,Q11132418,,,,,,,,,,,,,,,,,,,,,,,,,,,,,,,,,,,,,,,,,,,,,
Q29249,Q859974,,,,,,,,,,,,,,,,,,,,,,,,,,,,,,,,,,,,,,,,,,,,,
Q29251,Q11132583,,,,,,,,,,,,,,,,,,,,,,,,,,,,,,,,,,,,,,,,,,,,,
Q29253,Q110968498,,,,,,,,,,,,,,,,,,,,,,,,,,,,,,,,,,,,,,,,,,,,,
Q29255,Q30943745,,,,,,,,,,,,,,,,,,,,,,,,,,,,,,,,,,,,,,,,,,,,,
Q29257,Q110968623,,,,,,,,,,,,,,,,,,,,,,,,,,,,,,,,,,,,,,,,,,,,,
Q29259,Q11093685,,,,,,,,,,,,,,,,,,,,,,,,,,,,,,,,,,,,,,,,,,,,,
Q29261,Q62601375,,,,,,,,,,,,,,,,,,,,,,,,,,,,,,,,,,,,,,,,,,,,,
Q29263,Q6785516,,,,,,,,,,,,,,,,,,,,,,,,,,,,,,,,,,,,,,,,,,,,,
Q29265,Q11547569,,,,,,,,,,,,,,,,,,,,,,,,,,,,,,,,,,,,,,,,,,,,,
Q29267,Q8250486,,,,,,,,,,,,,,,,,,,,,,,,,,,,,,,,,,,,,,,,,,,,,
Q29271,Q30943764,,,,,,,,,,,,,,,,,,,,,,,,,,,,,,,,,,,,,,,,,,,,,
Q29273,Q110968239,,,,,,,,,,,,,,,,,,,,,,,,,,,,,,,,,,,,,,,,,,,,,
Q29275,Q11093674,,,,,,,,,,,,,,,,,,,,,,,,,,,,,,,,,,,,,,,,,,,,,
Q29277,Q110968614,,,,,,,,,,,,,,,,,,,,,,,,,,,,,,,,,,,,,,,,,,,,,
Q29279,Q11093686,,,,,,,,,,,,,,,,,,,,,,,,,,,,,,,,,,,,,,,,,,,,,
Q29281,Q109117404,,,,,,,,,,,,,,,,,,,,,,,,,,,,,,,,,,,,,,,,,,,,,
Q29283,Q30943756,,,,,,,,,,,,,,,,,,,,,,,,,,,,,,,,,,,,,,,,,,,,,
Q29285,Q109120191,,,,,,,,,,,,,,,,,,,,,,,,,,,,,,,,,,,,,,,,,,,,,
Q29287,Q30943769,,,,,,,,,,,,,,,,,,,,,,,,,,,,,,,,,,,,,,,,,,,,,
Q29290,Q111015738,,,,,,,,,,,,,,,,,,,,,,,,,,,,,,,,,,,,,,,,,,,,,
Q29291,Q8250321,,,,,,,,,,,,,,,,,,,,,,,,,,,,,,,,,,,,,,,,,,,,,
Q29294,Q11434968,,,,,,,,,,,,,,,,,,,,,,,,,,,,,,,,,,,,,,,,,,,,,
Q29295,Q8250386,,,,,,,,,,,,,,,,,,,,,,,,,,,,,,,,,,,,,,,,,,,,,
Q29298,Q3139674,,,,,,,,,,,,,,,,,,,,,,,,,,,,,,,,,,,,,,,,,,,,九条-8,
Q29299,Q30943782,,,,,,,,,,,,,,,,,,,,,,,,,,,,,,,,,,,,,,,,,,,,,
Q29302,Q3341488,,,,,,,,,,,,,,,,,,,,,,,,,,,808105,,,,,,,,,,,,,,,,,,
Q29303,Q45565076,,,,,,,,,,,,,,,,,,,,,,,,,,,,,,,,,,,,,,,,,,,,,
Q29306,Q3200263,,,,,,,,,,,,,,,,,,,,,,,,,,,805058,,,,,,,,,,,,,,,,,九条-6,
Q29307,Q11093689,,,,,,,,,,,,,,,,,,,,,,,,,,,,,,,,,,,,,,,,,,,,,
Q29310,Q106678509,,,,,,,,,,,,,,,,,,,,,,,,,,,,,,,,,,,,,,,,,,,,,
Q29311,Q11093690,,,,,,,,,,,,,,,,,,,,,,,,,,,,,,,,,,,,,,,,,,,,,
Q29314,Q109179606,,,,,,,,,,,,,,,,,,,,,,,,,,,,,,,,,,,,,,,,,,,,,
Q29315,Q11093687,,,,,,,,,,,,,,,,,,,,,,,,,,,,,,,,,,,,,,,,,,,,,
Q29318,Q110141741,,,,,,,,,,,,,,,,,,,,,,,,,,,,,,,,,,,,,,,,,,,,,
Q29319,Q11093688,,,,,,,,,,,,,,,,,,,,,,,,,,,,,,,,,,,,,,,,,,,,,
Q29322,Q110141809,,,,,,,,,,,,,,,,,,,,,,,,,,,,,,,,,,,,,,,,,,,,,
Q29323,Q11093684,,,,,,,,,,,,,,,,,,,,,,,,,,,,,,,,,,,,,,,,,,,,,
Q29326,Q106673511,,,,,,,,,,,,,,,,,,,,,,,,,,,,,,,,,,,,,,,,,,,,,
Q29327,Q6785433,,,,,,,,,,,,,,,,,,,,,,,,,,,,,,,,,,,,,,,,,,,,,
Q29330,Q109657183,,,,,,,,,,,,,,,,,,,,,,,,,,,,,,,,,,,,,,,,,,,,,
Q29331,Q11093676,,,,,,,,,,,,,,,,,,,,,,,,,,,,,,,,,,,,,,,,,,,,,
Q29334,Q108747363,,,,,,,,,,,,,,,,,,,,,,,,,,,,,,,,,,,,,,,,,,,,,
Q29335,Q45627441,,,,,,,,,,,,,,,,,,,,,,,,,,,,,,,,,,,,,,,,,,,,,
Q29338,Q109776058,,,,,,,,,,,,,,,,,,,,,,,,,,,,,,,,,,,,,,,,,,,,,
Q29339,Q11093678,,,,,,,,,,,,,,,,,,,,,,,,,,,,,,,,,,,,,,,,,,,,,
Q29342,Q17209483,,,,,,,,,,,,,,,,,,,,,,,,,,,,,,,,,,,,,,,,,,,,,
Q29343,Q11093681,,,,,,,,,,,,,,,,,,,,,,,,,,,,,,,,,,,,,,,,,,,,,
Q29346,Q11666829,,,,,,,,,,,,,,,,,,,,,,,,,,,,,,,,,,,,,,,,,,,,池田-14,
Q29347,Q5312921,,,,,,,,,,,,,,,,,,,,,,,,,,,,,,,,,,,,,,,,,,,,,
Q29350,Q109653395,,,,,,,,,,,,,,,,,,,,,,,,,,,,,,,,,,,,,,,,,,,,,
Q29351,Q556234,,,,,,,,,,,,,,,,,,,,,,,,,,,,,,,,,,,,,,,,,,,,,
Q29354,Q109653415,,,,,,,,,,,,,,,,,,,,,,,,,,,,,,,,,,,,,,,,,,,,,
Q29355,Q553753,,,,,,,,,,,,,,,,,,,,,,,,,,,,,,,,,,,,,,,,,,,,,
Q29358,Q17215815,,,,,,,,,,,,,,,,,,,,,,,,,,,,,,,,,,,,,,,,,,,,,
Q29359,Q15901154,,,,,,,,,,,,,,,,,,,,,,,,,,,,,,,,,,,,,,,,,,,,,
Q29362,Q17221127,,,,,,,,,,,,,,,,,,,,,,,,,,,,,,,,,,,,,,,,,,,,,
Q29363,Q795905,,,,,,,,,,,,,,,,,,,,,,,,,,,,,,,,,,,,,,,,,,,,,
Q29366,Q17213928,,,,,,,,,,,,,,,,,,,,,,,,,,,,,,,,,,,,,,,,,,,,,
Q29367,Q15950463,,,,,,,,,,,,,,,,,,,,,,,,,,,,,,,,,,,,,,,,,,,,,
Q29370,Q17215758,,,,,,,,,,,,,,,,,,,,,,,,,,,,,,,,,,,,,,,,,,,,,
Q29371,Q5291753,,,,,,,,,,,,,,,,,,,,,,,,,,,,,,,,,,,,,,,,,,,,,
Q29374,Q17228582,,,,,,,,,,,,,,,,,,,,,,,,,,,,,,,,,,,,,,,,,,,,,
Q29375,Q65801123,,,,,,,,,,,,,,,,,,,,,,,,,,,,,,,,,,,,,,,,,,,,,
Q29378,Q17218006,,,,,,,,,,,,,,,,,,,,,,,,,,,,,,,,,,,,,,,,,,,,,
Q29379,Q6422761,,,,,,,,,,,,,,,,,,,,,,,,,,,,,,,,,,,,,,,,,,,,,
Q29382,Q109667270,,,,,,,,,,,,,,,,,,,,,,,,,,,,,,,,,,,,,,,,,,,,,
Q29384,Q795866,,,,,,,,,,,,,,,,,,,,,,,,,,,,,,,,,,,,,,,,,,,,,
Q29386,Q17225988,,,,,,,,,,,,,,,,,,,,,,,,,,,,,,,,,,,,,,,,,,,,,
Q29388,Q890093,,,,,,,,,,,,,,,,,,,,,,,,,,,,,,,,,,,,,,,,,,,,,
Q29390,Q11423803,,,,,,,,,,,,,,,,,,,,,,,,,,,,,,,,,,,,,,,,,,,,,
Q29392,Q27778339,,,,,,,,,,,,,,,,,,,,,,,,,,,,,,,,,,,,,,,,,,,,,
Q29394,Q11605846,,,,,,,,,,,,,,,,,,,,,,,,,,,,,,,,,,,,,,,,,,,,,
Q29396,Q575628,,,,,,,,,,,,,,,,,,,,,,,,,,,,,,,,,,,,,,,,,,,,,
Q29398,Q17217052,,,,,,,,,,,,,,,,,,,,,,,,,,,,,,,,,,,,,,,,,,,,,
Q29400,Q1207443,,,,,,,,,,,,,,,,,,,,,,,,,,,,,,,,,,,,,,,,,,,,,
Q29402,Q108686204,,,,,,,,,,,,,,,,,,,,,,,,,,,,,,,,,,,,,,,,,,,,,
Q29404,Q629278,,,,,,,,,,,,,,,,,,,,,,,,,,,,,,,,,,,,,,,,,,,,,
Q29406,Q118697837,,,,,,,,,,,,,,,,,,,,,,,,,,,,,,,,,,,,,,,,,,,,,
Q29408,Q4133802,,,,,,,,,,,,,,,,,,,,,,,,,,,,,,,,,,,,,,,,,,,,,
Q29410,Q11374421,,,,,,,,,,,,,,,,,,,,,,,,,,,,,,,,,,,,,,,,,,,,,
Q29412,Q10944049,,,,,,,,,,,,,,,,,,,,,,,,,,,,,,,,,,,,,,,,,,,,,
Q29414,Q110070078,,,,,,,,,,,,,,,,,,,,,,,,,,,,,,,,,,,,,,,,,,,,,
Q29416,Q10944620,,,,,,,,,,,,,,,,,,,,,,,,,,,,,,,,,,,,,,,,,,,,,
Q29418,Q11500099,,,,,,,,,,,,,,,,,,,,,,,,,,,,,,,,,,,,,,,,,,,,,
Q29420,Q16075492,,,,,,,,,,,,,,,,,,,,,,,,,,,,,,,,,,,,,,,,,,,,,
Q29422,Q11374457,,,,,,,,,,,,,,,,,,,,,,,,,,,,,,,,,,,,,,,,,,,,,
Q29424,Q4163137,,,,,,,,,,,,,,,,,,,,,,,,,,,,,,,,,,,,,,,,,,,,,
Q29426,Q11126450,,,,,,,,,,,,,,,,,,,,,,,,,,,,,,,,,,,,,,,,,,,,,
Q29428,Q24841122,,,,,,,,,,,,,,,,,,,,,,,,,,,,,,,,,,,,,,,,,,,,,
Q29430,Q11374458,,,,,,,,,,,,,,,,,,,,,,,,,,,,,,,,,,,,,,,,,,,,,
Q29432,Q8005250,,,,,,,,,,,,,,,,,,,,,,,,,,,,,,,,,,,,,,,,,,,,,
Q29434,Q110049279,,,,,,,,,,,,,,,,,,,,,,,,,,,,,,,,,,,,,,,,,,,,,
Q29436,Q847621,,,,,,,,,,,,,,,,,,,,,,,,,,,,,,,,,,,,,,,,,,,,,
Q29438,Q108454771,,,,,,,,,,,,,,,,,,,,,,,,,,,,,,,,,,,,,,,,,,,,,
Q29440,Q589259,,,,,,,,,,,,,,,,,,,,,,,,,,,,,,,,,,,,,,,,,,,,,
Q29442,Q850601,,,,,,,,,,,,,,,,,,,,,,,,,,,,,,,,,,,,,,,,,,,,,
Q29444,Q16259931,,,,,,,,,,,,,,,,,,,,,,,,,,,,,,,,,,,,,,,,,,,,,
Q29446,Q10892239,,,,,,,,,,,,,,,,,,,,,,,,,,,,,,,,,,,,,,,,,,,,,
Q29448,Q18654196,,,,,,,,,,,,,,,,,,,,,,,,,,,,,,,,,,,,,,,,,,,,,
Q29450,Q110820288,,,,,,,,,,,,,,,,,,,,,,,,,,,,,,,,,,,,,,,,,,,,,
Q29452,Q16904339,,,,,,,,,,,,,,,,,,,,,,,,,,,,,,,,,,,,,,,,,,,,,
Q29454,Q11614401,,,,,,,,,,,,,,,,,,,,,,,,,,,,,,,,,,,,,,,,,,,,,
Q29456,Q7314691,,,,,,,,,,,,,,,,,,,,,,,,,,,,,,,,,,,,,,,,,,,,,
Q29458,Q11495733,,,,,,,,,,,,,,,,,,,,,,,,,,,,,,,,,,,,,,,,,,,,,
Q29460,Q11094558,,,,,,,,,,,,,,,,,,,,,,,,,,,,,,,,,,,,,,,,,,,,,
Q29462,Q11495747,,,,,,,,,,,,,,,,,,,,,,,,,,,,,,,,,,,,,,,,,,,,,
Q29464,Q11094552,,,,,,,,,,,,,,,,,,,,,,,,,,,,,,,,,,,,,,,,,,,,,
Q29466,Q11459966,,,,,,,,,,,,,,,,,,,,,,,,,,,,,,,,,,,,,,,,,,,,,
Q29468,Q11094555,,,,,,,,,,,,,,,,,,,,,,,,,,,,,,,,,,,,,,,,,,,,,
Q29470,Q109352930,,,,,,,,,,,,,,,,,,,,,,,,,,,,,,,,,,,,,,,,,,,,,
Q29472,Q11094554,,,,,,,,,,,,,,,,,,,,,,,,,,,,,,,,,,,,,,,,,,,,,
Q29474,Q18700525,,,,,,,,,,,,,,,,,,,,,,,,,,,,,,,,,,,,,,,,,,,,,
Q29476,Q11094562,,,,,,,,,,,,,,,,,,,,,,,,,,,,,,,,,,,,,,,,,,,,,
Q29478,Q11380735,,,,,,,,,,,,,,,,,,,,,,,,,,,,,,,,,,,,,,,,,,,,,
Q29480,Q11094557,,,,,,,,,,,,,,,,,,,,,,,,,,,,,,,,,,,,,,,,,,,,,
Q29482,Q11374490,,,,,,,,,,,,,,,,,,,,,,,,,,,,,,,,,,,,,,,,,,,,,
Q29484,Q11094553,,,,,,,,,,,,,,,,,,,,,,,,,,,,,,,,,,,,,,,,,,,,,
Q29486,Q11122466,,,,,,,,,,,,,,,,,,,,,,,,,,,,,,,,,,,,,,,,,,,,,
Q29488,Q11094559,,,,,,,,,,,,,,,,,,,,,,,,,,,,,,,,,,,,,,,,,,,,,
Q29490,Q109681945,,,,,,,,,,,,,,,,,,,,,,,,,,,,,,,,,,,,,,,,,,,,,
Q29492,Q11094730,,,,,,,,,,,,,,,,,,,,,,,,,,,,,,,,,,,,,,,,,,,,,
Q29494,Q109682113,,,,,,,,,,,,,,,,,,,,,,,,,,,,,,,,,,,,,,,,,,,,,
Q29496,Q11094729,,,,,,,,,,,,,,,,,,,,,,,,,,,,,,,,,,,,,,,,,,,,,
Q29498,Q109682299,,,,,,,,,,,,,,,,,,,,,,,,,,,,,,,,,,,,,,,,,,,,,
Q29500,Q11094731,,,,,,,,,,,,,,,,,,,,,,,,,,,,,,,,,,,,,,,,,,,,,
Q29502,Q11380745,,,,,,,,,,,,,,,,,,,,,,,,,,,,,,,,,,,,,,,,,,,,,
Q29504,Q11094484,,,,,,,,,,,,,,,,,,,,,,,,,,,,,,,,,,,,,,,,,,,,,
Q29506,Q109682539,,,,,,,,,,,,,,,,,,,,,,,,,,,,,,,,,,,,,,,,,,,,,
Q29508,Q11094788,,,,,,,,,,,,,,,,,,,,,,,,,,,,,,,,,,,,,,,,,,,,,
Q29510,Q11409810,,,,,,,,,,,,,,,,,,,,,,,,,,,,,,,,,,,,,,,,,,,,,
Q29512,Q11094985,,,,,,,,,,,,,,,,,,,,,,,,,,,,,,,,,,,,,,,,,,,,,
Q29514,Q11467636,,,,,,,,,,,,,,,,,,,,,,,,,,,,,,,,,,,,,,,,,,,,,
Q29516,Q11094984,,,,,,,,,,,,,,,,,,,,,,,,,,,,,,,,,,,,,,,,,,,,,
Q29518,Q108056644,,,,,,,,,,,,,,,,,,,,,,,,,,,,,,,,,,,,,,,,,,,,,
Q29520,Q11093643,,,,,,,,,,,,,,,,,,,,,,,,,,,,,,,,,,,,,,,,,,,,,
Q29522,Q118697898,,,,,,,,,,,,,,,,,,,,,,,,,,,,,,,,,,,,,,,,,,,,,
Q29524,Q11093592,,,,,,,,,,,,,,,,,,,,,,,,,,,,,,,,,,,,,,,,,,,,,
Q29526,Q11627453,,,,,,,,,,,,,,,,,,,,,,,,,,,,,,,,,,,,,,,,,,,,,
Q29528,Q11093591,,,,,,,,,,,,,,,,,,,,,,,,,,,,,,,,,,,,,,,,,,,,,
Q29531,Q11368916,,,,,,,,,,,,,,,,,,,,,,,,,,,,,,,,,,,,,,,,,,,,,
Q29532,Q11093593,,,,,,,,,,,,,,,,,,,,,,,,,,,,,,,,,,,,,,,,,,,,,
Q29535,Q113163757,,,,,,,,,,,,,,,,,,,,,,,,,,,,,,,,,,,,,,,,,,,,,
Q29536,Q16904450,,,,,,,,,,,,,,,,,,,,,,,,,,,,,,,,,,,,,,,,,,,,,
Q29539,Q111309352,,,,,,,,,,,,,,,,,,,,,,,,,,,,,,,,,,,,,,,,,,,,,
Q29540,Q8254662,,,,,,,,,,,,,,,,,,,,,,,,,,,,,,,,,,,,,,,,,,,,,
Q29543,Q109120514,,,,,,,,,,,,,,,,,,,,,,,,,,,,,,,,,,,,,,,,,,,,,
Q29544,Q11093852,,,,,,,,,,,,,,,,,,,,,,,,,,,,,,,,,,,,,,,,,,,,,
Q29547,Q5118983,,,,,,,,,,,,,,,,,,,,,,,,,,,,,,,,,,,,,,,,,,,,,
Q29548,Q22829253,,,,,,,,,,,,,,,,,,,,,,,,,,,,,,,,,,,,,,,,,,,,,
Q29551,Q99517132,,,,,,,,,,,,,,,,,,,,,,,,,,,,,,,,,,,,,,,,,,,,,
Q29552,Q11094674,,,,,,,,,,,,,,,,,,,,,,,,,,,,,,,,,,,,,,,,,,,,,
Q29555,Q108856020,,,,,,,,,,,,,,,,,,,,,,,,,,,,,,,,,,,,,,,,,,,,,
Q29556,Q11094789,,,,,,,,,,,,,,,,,,,,,,,,,,,,,,,,,,,,,,,,,,,,,
Q29559,Q111020660,,,,,,,,,,,,,,,,,,,,,,,,,,,,,,,,,,,,,,,,,,,,,
Q29560,Q11093999,,,,,,,,,,,,,,,,,,,,,,,,,,,,,,,,,,,,,,,,,,,,,
Q29563,Q11397435,,,,,,,,,,,,,,,,,,,,,,,,,,,,,,,,,,,,,,,,,,,,,
Q29564,Q11093998,,,,,,,,,,,,,,,,,,,,,,,,,,,,,,,,,,,,,,,,,,,,,
Q29567,Q111023840,,,,,,,,,,,,,,,,,,,,,,,,,,,,,,,,,,,,,,,,,,,,,
Q29568,Q11094949,,,,,,,,,,,,,,,,,,,,,,,,,,,,,,,,,,,,,,,,,,,,,
Q29571,Q111023845,,,,,,,,,,,,,,,,,,,,,,,,,,,,,,,,,,,,,,,,,,,,,
Q29572,Q11094947,,,,,,,,,,,,,,,,,,,,,,,,,,,,,,,,,,,,,,,,,,,,,
Q29575,Q111023851,,,,,,,,,,,,,,,,,,,,,,,,,,,,,,,,,,,,,,,,,,,,,
Q29576,Q11094945,,,,,,,,,,,,,,,,,,,,,,,,,,,,,,,,,,,,,,,,,,,,,
Q29579,Q111023854,,,,,,,,,,,,,,,,,,,,,,,,,,,,,,,,,,,,,,,,,,,,,
Q29580,Q11094667,,,,,,,,,,,,,,,,,,,,,,,,,,,,,,,,,,,,,,,,,,,,,
Q29583,Q11400597,,,,,,,,,,,,,,,,,,,,,,,,,,,,,,,,,,,,,,,,,,,,勸修寺-8,
Q29584,Q11094666,,,,,,,,,,,,,,,,,,,,,,,,,,,,,,,,,,,,,,,,,,,,,
Q29587,Q110068561,,,,,,,,,,,,,,,,,,,,,,,,,,,,,,,,,,,,,,,,,,,,,
Q29588,Q22829305,,,,,,,,,,,,,,,,,,,,,,,,,,,,,,,,,,,,,,,,,,,,,
Q29591,Q11400603,,,,,,,,,,,,,,,,,,,,,,,,,,,,,,,,,,,,,,,,,,,,勸修寺-10,
Q29592,Q11093594,,,,,,,,,,,,,,,,,,,,,,,,,,,,,,,,,,,,,,,,,,,,,
Q29595,Q11400604,,,,,,,,,,,,,,,,,,,,,,,,,,,,,,,,,,,,,,,,,,,,勸修寺-6,
Q29596,Q45436813,,,,,,,,,,,,,,,,,,,,,,,,,,,,,,,,,,,,,,,,,,,,,
Q29599,Q110068432,,,,,,,,,,,,,,,,,,,,,,,,,,,,,,,,,,,,,,,,,,,,,
Q29600,Q45616859,,,,,,,,,,,,,,,,,,,,,,,,,,,,,,,,,,,,,,,,,,,,,
Q29603,Q109849770,,,,,,,,,,,,,,,,,,,,,,,,,,,,,,,,,,,,,,,,,,,,,
Q29604,Q45417351,,,,,,,,,,,,,,,,,,,,,,,,,,,,,,,,,,,,,,,,,,,,,
Q29607,Q108852816,,,,,,,,,,,,,,,,,,,,,,,,,,,,,,,,,,,,,,,,,,,,,
Q29608,Q37682,,,,,,,,,,,,,,,,,,,,,,,,,,,,,,,,,,,,,,,,,,,,,
Q29611,Q109849406,,,,,,,,,,,,,,,,,,,,,,,,,,,,,,,,,,,,,,,,,,,,,
Q29612,Q6788865,,,,,,,,,,,,,,,,,,,,,,,,,,,,,,,,,,,,,,,,,,,,,
Q29615,Q109120175,,,,,,,,,,,,,,,,,,,,,,,,,,,,,,,,,,,,,,,,,,,,,
Q29616,Q12615747,,,,,,,,,,,,,,,,,,,,,,,,,,,,,,,,,,,,,,,,,,,,,
Q29619,Q11449185,,,,,,,,,,,,,,,,,,,,,,,,,,,,,,,,,,,,,,,,,,,,,
Q29620,Q483821,,,,,,,,,,,,,,,,,,,,,,,,,,,,,,,,,,,,,,,,,,,,,
Q29624,Q12615920,,,,,,,,,,,,,,,,,,,,,,,,,,,,,,,,,,,,,,,,,,,,,
Q29627,Q11621369,,,,,,,,,,,,,,,,,,,,,,,,,,,,,,,,,,,,,,,,,,,,,
Q29628,Q624197,,,,,,,,,,,,,,,,,,,,,,,,,,,,,,,,,,,,,,,,,,,,,
Q29631,Q109235830,,,,,,,,,,,,,,,,,,,,,,,,,,,,,,,,,,,,,,,,,,,,,
Q29632,Q12613893,,,,,,,,,,,,,,,,,,,,,,,,,,,,,,,,,,,,,,,,,,,,,
Q29635,Q11459023,,,,,,,,,,,,,,,,,,,,,,,,,,,,,,,,,,,,,,,,,,,,,
Q29636,Q12585205,,,,,,,,,,,,,,,,,,,,,,,,,,,,,,,,,,,,,,,,,,,,,
Q29639,Q110176348,,,,,,,,,,,,,,,,,,,,,,,,,,,,,,,,,,,,,,,,,,,,,
Q29640,Q16181541,,,,,,,,,,,,,,,,,,,,,,,,,,,,,,,,,,,,,,,,,,,,,
Q29643,Q106680380,,,,,,,,,,,,,,,,,,,,,,,,,,,,,,,,,,,,,,,,,,,,,
Q29644,Q16177927,,,,,,,,,,,,,,,,,,,,,,,,,,,,,,,,,,,,,,,,,,,,,
Q29647,Q85884368,,,,,,,,,,,,,,,,,,,,,,,,,,,,,,,,,,,,,,,,,,,,,
Q29648,Q12586496,,,,,,,,,,,,,,,,,,,,,,,,,,,,,,,,,,,,,,,,,,,,,
Q29651,Q108452305,,,,,,,,,,,,,,,,,,,,,,,,,,,,,,,,,,,,,,,,,,,,,
Q29652,Q12584013,,,,,,,,,,,,,,,,,,,,,,,,,,,,,,,,,,,,,,,,,,,,,
Q29655,Q115745935,,,,,,,,,,,,,,,,,,,,,,,,,,,,,,,,,,,,,,,,,,,,,
Q29656,Q12621807,,,,,,,,,,,,,,,,,,,,,,,,,,,,,,,,,,,,,,,,,,,,,
Q29659,Q106313352,,,,,,,,,,,,,,,,,,,,,,,,,,,,,,,,,,,,,,,,,,,,,
Q29660,Q12610805,,,,,,,,,,,,,,,,,,,,,,,,,,,,,,,,,,,,,,,,,,,,,
Q29663,Q112058082,,,,,,,,,,,,,,,,,,,,,,,,,,,,,,,,,,,,,,,,,,,,,
Q29664,Q16171523,,,,,,,,,,,,,,,,,,,,,,,,,,,,,,,,,,,,,,,,,,,,,
Q29667,Q111254752,,,,,,,,,,,,,,,,,,,,,,,,,,,,,,,,,,,,,,,,,,,,,
Q29668,Q12596358,,,,,,,,,,,,,,,,,,,,,,,,,,,,,,,,,,,,,,,,,,,,,
Q29671,Q108843797,,,,,,,,,,,,,,,,,,,,,,,,,,,,,,,,,,,,,,,,,,,,,
Q29672,Q16181609,,,,,,,,,,,,,,,,,,,,,,,,,,,,,,,,,,,,,,,,,,,,,
Q29675,Q10517111,,,,,,,,,,,,,,,,,,,,,,,,,,,,,,,,,,,,,,,,,,,,,
Q29676,Q12613322,,,,,,,,,,,,,,,,,,,,,,,,,,,,,,,,,,,,,,,,,,,,,
Q29679,Q108454025,,,,,,,,,,,,,,,,,,,,,,,,,,,,,,,,,,,,,,,,,,,,,
Q29680,Q12607473,,,,,,,,,,,,,,,,,,,,,,,,,,,,,,,,,,,,,,,,,,,,,
Q29683,Q8513870,,,,,,,,,,,,,,,,,,,,,,,,,,,,,,,,,,,,,,,,,,,,,
Q29684,Q12607560,,,,,,,,,,,,,,,,,,,,,,,,,,,,,,,,,,,,,,,,,,,,,
Q29687,Q11394460,,,,,,,,,,,,,,,,,,,,,,,,,,,,,,,,,,,,,,,,,,,,,
Q29688,Q12607566,,,,,,,,,,,,,,,,,,,,,,,,,,,,,,,,,,,,,,,,,,,,,
Q29691,Q109832291,,,,,,,,,,,,,,,,,,,,,,,,,,,,,,,,,,,,,,,,,,,,,
Q29692,Q12591055,,,,,,,,,,,,,,,,,,,,,,,,,,,,,,,,,,,,,,,,,,,,,
Q29695,Q109832315,,,,,,,,,,,,,,,,,,,,,,,,,,,,,,,,,,,,,,,,,,,,,
Q29696,Q12615811,,,,,,,,,,,,,,,,,,,,,,,,,,,,,,,,,,,,,,,,,,,,,
Q29699,Q109937135,,,,,,,,,,,,,,,,,,,,,,,,,,,,,,,,,,,,,,,,,,,,,
Q29700,Q12586338,,,,,,,,,,,,,,,,,,,,,,,,,,,,,,,,,,,,,,,,,,,,,
Q29703,Q110271548,,,,,,,,,,,,,,,,,,,,,,,,,,,,,,,,,,,,,,,,,,,,,
Q29704,Q31180747,,,,,,,,,,,,,,,,,,,,,,,,,,,,,,,,,,,,,,,,,,,,,
Q29707,Q106680397,,,,,,,,,,,,,,,,,,,,,,,,,,,,,,,,,,,,,,,,,,,,,
Q29708,Q16171878,,,,,,,,,,,,,,,,,,,,,,,,,,,,,,,,,,,,,,,,,,,,,
Q29711,Q109650418,,,,,,,,,,,,,,,,,,,,,,,,,,,,,,,,,,,,,,,,,,,,,
Q29712,Q12610263,,,,,,,,,,,,,,,,,,,,,,,,,,,,,,,,,,,,,,,,,,,,,
Q29715,Q11239167,,,,,,,,,,,,,,,,,,,,,,,,,,,,,,,,,,,,,,,,,,,,,
Q29717,Q12610264,,,,,,,,,,,,,,,,,,,,,,,,,,,,,,,,,,,,,,,,,,,,,
Q29719,Q110271561,,,,,,,,,,,,,,,,,,,,,,,,,,,,,,,,,,,,,,,,,,,,,
Q29721,Q12610265,,,,,,,,,,,,,,,,,,,,,,,,,,,,,,,,,,,,,,,,,,,,,
Q29723,Q110271569,,,,,,,,,,,,,,,,,,,,,,,,,,,,,,,,,,,,,,,,,,,,,
Q29725,Q5360433,,,,,,,,,,,,,,,,,,,,,,,,,,,,,,,,,,,,,,,,,,,,,
Q29727,Q6606602,,,,,,,,,,,,,,,,,,,,,,,,,,,,,,,,,,,,,,,,,,,,,
Q29729,Q12603524,,,,,,,,,,,,,,,,,,,,,,,,,,,,,,,,,,,,,,,,,,,,,
Q29731,Q110271717,,,,,,,,,,,,,,,,,,,,,,,,,,,,,,,,,,,,,,,,,,,,,
Q29733,Q12614572,,,,,,,,,,,,,,,,,,,,,,,,,,,,,,,,,,,,,,,,,,,,,
Q29735,Q110271060,,,,,,,,,,,,,,,,,,,,,,,,,,,,,,,,,,,,,,,,,,,,,
Q29737,Q6420748,,,,,,,,,,,,,,,,,,,,,,,,,,,,,,,,,,,,,,,,,,,,,
Q29739,Q108454778,,,,,,,,,,,,,,,,,,,,,,,,,,,,,,,,,,,,,,,,,,,,,
Q29741,Q31180748,,,,,,,,,,,,,,,,,,,,,,,,,,,,,,,,,,,,,,,,,,,,,
Q29744,Q10565635,,,,,,,,,,,,,,,,,,,,,,,,,,,,,,,,,,,,,,,,,,,,,
Q29745,Q12613396,,,,,,,,,,,,,,,,,,,,,,,,,,,,,,,,,,,,,,,,,,,,,
Q29748,Q109650687,,,,,,,,,,,,,,,,,,,,,,,,,,,,,,,,,,,,,,,,,,,,,
Q29749,Q12625069,,,,,,,,,,,,,,,,,,,,,,,,,,,,,,,,,,,,,,,,,,,,,
Q29752,Q110271440,,,,,,,,,,,,,,,,,,,,,,,,,,,,,,,,,,,,,,,,,,,,,
Q29753,Q6648114,,,,,,,,,,,,,,,,,,,,,,,,,,,,,,,,,,,,,,,,,,,,,
Q29756,Q110271469,,,,,,,,,,,,,,,,,,,,,,,,,,,,,,,,,,,,,,,,,,,,,
Q29757,Q21060819,,,,,,,,,,,,,,,,,,,,,,,,,,,,,,,,,,,,,,,,,,,,,
Q29760,Q110271595,,,,,,,,,,,,,,,,,,,,,,,,,,,,,,,,,,,,,,,,,,,,,
Q29761,Q486298,,,,,,,,,,,,,,,,,,,,,,,,,,,,,,,,,,,,,,,,,,,,,
Q29764,Q106679747,,,,,,,,,,,,,,,,,,,,,,,,,,,,,,,,,,,,,,,,,,,,,
Q29765,Q12624046,,,,,,,,,,,,,,,,,,,,,,,,,,,,,,,,,,,,,,,,,,,,,
Q29768,Q108745082,,,,,,,,,,,,,,,,,,,,,,,,,,,,,,,,,,,,,,,,,,,,,
Q29769,Q16262622,,,,,,,,,,,,,,,,,,,,,,,,,,,,,,,,,,,,,,,,,,,,,
Q29772,Q112058076,,,,,,,,,,,,,,,,,,,,,,,,,,,,,,,,,,,,,,,,,,,,,
Q29773,Q16171562,,,,,,,,,,,,,,,,,,,,,,,,,,,,,,,,,,,,,,,,,,,,,
Q29776,Q6832474,,,,,,,,,,,,,,,,,,,,,,,,,,,,,,,,,,,,,,,,,,,,,
Q29777,Q6584412,,,,,,,,,,,,,,,,,,,,,,,,,,,,,,,,,,,,,,,,,,,,,
Q29780,Q110285305,,,,,,,,,,,,,,,,,,,,,,,,,,,,,,,,,,,,,,,,,,,,,
Q29781,Q61092681,,,,,,,,,,,,,,,,,,,,,,,,,,,,,,,,,,,,,,,,,,,,,
Q29784,Q109921744,,,,,,,,,,,,,,,,,,,,,,,,,,,,,,,,,,,,,,,,,,,,,
Q29785,Q7237869,,,,,,,,,,,,,,,,,,,,,,,,,,,,,,,,,,,,,,,,,,,,,
Q29788,Q109921660,,,,,,,,,,,,,,,,,,,,,,,,,,,,,,,,,,,,,,,,,,,,,
Q29789,Q16182120,,,,,,,,,,,,,,,,,,,,,,,,,,,,,,,,,,,,,,,,,,,,,
Q29792,Q10514801,,,,,,,,,,,,,,,,,,,,,,,,,,,,,,,,,,,,,,,,,,,,,
Q29793,Q22098599,,,,,,,,,,,,,,,,,,,,,,,,,,,,,,,,,,,,,,,,,,,,,
Q29796,Q108807644,,,,,,,,,,,,,,,,,,,,,,,,,,,,,,,,,,,,,,,,,,,,,
Q29797,Q28699306,,,,,,,,,,,,,,,,,,,,,,,,,,,,,,,,,,,,,,,,,,,,,
Q29800,Q108807732,,,,,,,,,,,,,,,,,,,,,,,,,,,,,,,,,,,,,,,,,,,,,
Q29801,Q28699509,,,,,,,,,,,,,,,,,,,,,,,,,,,,,,,,,,,,,,,,,,,,,
Q29804,Q11451596,,,,,,,,,,,,,,,,,,,,,,,,,,,,,,,,,,,,,,,,,,,,,
Q29805,Q702588,,,,,,,,,,,,,,,,,,,,,,,,,,,,,,,,,,,,,,,,,,,,,
Q29808,Q8012693,,,,,,,,,,,,,,,,,,,,,,,,,,,,,,,,,,,,,,,,,,,,,
Q29809,Q16603532,,,,,,,,,,,,,,,,,,,,,,,,,,,,,,,,,,,,,,,,,,,,,
Q29812,Q108807754,,,,,,,,,,,,,,,,,,,,,,,,,,,,,,,,,,,,,,,,,,,,,
Q29813,Q18653044,,,,,,,,,,,,,,,,,,,,,,,,,,,,,,,,,,,,,,,,,,,,,
Q29816,Q108807765,,,,,,,,,,,,,,,,,,,,,,,,,,,,,,,,,,,,,,,,,,,,,
Q29817,Q18668815,,,,,,,,,,,,,,,,,,,,,,,,,,,,,,,,,,,,,,,,,,,,,
Q29820,Q109649776,,,,,,,,,,,,,,,,,,,,,,,,,,,,,,,,,,,,,,,,,,,,,
Q29821,Q19854960,,,,,,,,,,,,,,,,,,,,,,,,,,,,,,,,,,,,,,,,,,,,,
Q29824,Q109649780,,,,,,,,,,,,,,,,,,,,,,,,,,,,,,,,,,,,,,,,,,,,,
Q29825,Q12626130,,,,,,,,,,,,,,,,,,,,,,,,,,,,,,,,,,,,,,,,,,,,,
Q29828,Q109656209,,,,,,,,,,,,,,,,,,,,,,,,,,,,,,,,,,,,,,,,,,,,,
Q29829,Q12613250,,,,,,,,,,,,,,,,,,,,,,,,,,,,,,,,,,,,,,,,,,,,,
Q29832,Q109656346,,,,,,,,,,,,,,,,,,,,,,,,,,,,,,,,,,,,,,,,,,,,,
Q29833,Q106859012,,,,,,,,,,,,,,,,,,,,,,,,,,,,,,,,,,,,,,,,,,,,,
Q29836,Q109656349,,,,,,,,,,,,,,,,,,,,,,,,,,,,,,,,,,,,,,,,,,,,,
Q29837,Q12618606,,,,,,,,,,,,,,,,,,,,,,,,,,,,,,,,,,,,,,,,,,,,,
Q29840,Q110903090,,,,,,,,,,,,,,,,,,,,,,,,,,,,,,,,,,,,,,,,,,,,,
Q29841,Q483509,,,,,,,,,,,,,,,,,,,,,,,,,,,,,,,,,,,,,,,,,,,,Shin-45,
Q29844,Q110644825,,,,,,,,,,,,,,,,,,,,,,,,,,,,,,,,,,,,,,,,,,,,,
Q29845,Q483143,,,,,,,,,,,,,,,,,,,,,,,,,,,,,,,,,,,,,,,,,,,,,
Q29848,Q110644932,,,,,,,,,,,,,,,,,,,,,,,,,,,,,,,,,,,,,,,,,,,,,
Q29849,Q486286,,,,,,,,,,,,,,,,,,,,,,,,,,,,,,,,,,,,,,,,,,,,,
Q29852,Q110645520,,,,,,,,,,,,,,,,,,,,,,,,,,,,,,,,,,,,,,,,,,,,,
Q29853,Q484610,,,,,,,,,,,,,,,,,,,,,,,,,,,,,,,,,,,,,,,,,,,,,
Q29856,Q110645524,,,,,,,,,,,,,,,,,,,,,,,,,,,,,,,,,,,,,,,,,,,,,
Q29857,Q498166,,,,,,,,,,,,,,,,,,,,,,,,,,,,,,,,,,,,,,,,,,,,Hong-131,
Q29860,Q110645536,,,,,,,,,,,,,,,,,,,,,,,,,,,,,,,,,,,,,,,,,,,,,
Q29861,Q484809,,,,,,,,,,,,,,,,,,,,,,,,,,,,,,,,,,,,,,,,,,,,,
Q29864,Q108884486,,,,,,,,,,,,,,,,,,,,,,,,,,,,,,,,,,,,,,,,,,,,,
Q29865,Q15924486,,,,,,,,,,,,,,,,,,,,,,,,,,,,,,,,,,,,,,,,,,,,,
Q29868,Q108884497,,,,,,,,,,,,,,,,,,,,,,,,,,,,,,,,,,,,,,,,,,,,,
Q29869,Q6760559,,,,,,,,,,,,,,,,,,,,,,,,,,,,,,,,,,,,,,,,,,,,,
Q29872,Q10729339,,,,,,,,,,,,,,,,,,,,,,,,,,,,,,,,,,,,,,,,,,,,,
Q29873,Q16220043,,,,,,,,,,,,,,,,,,,,,,,,,,,,,,,,,,,,,,,,,,,,,
Q29876,Q11048952,,,,,,,,,,,,,,,,,,,,,,,,,,,,,,,,,,,,,,,,,,,,,
Q29877,Q28699009,,,,,,,,,,,,,,,,,,,,,,,,,,,,,,,,,,,,,,,,,,,,,
Q29880,Q134299242,,,,,,,,,,,,,,,,,,,,,,,,,,,,,,,,,,,,,,,,,,,,,
Q29881,Q489402,,,,,,,,,,,,,,,,,,,,,,,,,,,,,,,,,,,,,,,,,,,,,
Q29884,Q108490964,,,,,,,,,,,,,,,,,,,,,,,,,,,,,,,,,,,,,,,,,,,,,
Q29885,Q487569,,,,,,,,,,,,,,,,,,,,,,,,,,,,,,,,,,,,,,,,,,,,,
Q29889,Q6642702,,,,,,,,,,,,,,,,,,,,,,,,,,,,,,,,,,,,,,,,,,,,Yi-70,
Q29891,Q10729502,,,,,,,,,,,,,,,,,,,,,,,,,,,,,,,,,,,,,,,,,,,,,
Q29893,Q12624628,,,,,,,,,,,,,,,,,,,,,,,,,,,,,,,,,,,,,,,,,,,,,
Q29895,Q108747388,,,,,,,,,,,,,,,,,,,,,,,,,,,,,,,,,,,,,,,,,,,,,
Q29897,Q15846485,,,,,,,,,,,,,,,,,,,,,,,,,,,,,,,,,,,,,,,,,,,,,
Q29900,Q11619294,,,,,,,,,,,,,,,,,,,,,,,,,,,,,,,,,,,,,,,,,,,,,
Q29901,Q16170845,,,,,,,,,,,,,,,,,,,,,,,,,,,,,,,,,,,,,,,,,,,,Yi-74,
Q29904,Q11619295,,,,,,,,,,,,,,,,,,,,,,,,,,,,,,,,,,,,,,,,,,,,,
Q29905,Q14943458,,,,,,,,,,,,,,,,,,,,,,,,,,,,,,,,,,,,,,,,,,,,,
Q29908,Q128865446,,,,,,,,,,,,,,,,,,,,,,,,,,,,,,,,,,,,,,,,,,,,,
Q29909,Q483631,,,,,,,,,,,,,,,,,,,,,,,,,,,,,,,,,,,,,,,,,,,,Yi-30,
Q29912,Q110780813,,,,,,,,,,,,,,,,,,,,,,,,,,,,,,,,,,,,,,,,,,,,,
Q29913,Q16176280,,,,,,,,,,,,,,,,,,,,,,,,,,,,,,,,,,,,,,,,,,,,,
Q29916,Q110781080,,,,,,,,,,,,,,,,,,,,,,,,,,,,,,,,,,,,,,,,,,,,,
Q29917,Q15848284,,,,,,,,,,,,,,,,,,,,,,,,,,,,,,,,,,,,,,,,,,,,,
Q29920,Q316952,,,,,,,,,,,,,,,,,,,,,,,,,,,,,,,,,,,,,,,,,,,,服部-18,
Q29921,Q12610811,,,,,,,,,,,,,,,,,,,,,,,,,,,,,,,,,,,,,,,,,,,,,
Q29924,Q110894738,,,,,,,,,,,,,,,,,,,,,,,,,,,,,,,,,,,,,,,,,,,,,
Q29925,Q12607427,,,,,,,,,,,,,,,,,,,,,,,,,,,,,,,,,,,,,,,,,,,,,
Q29928,Q11516957,,,,,,,,,,,,,,,,,,,,,,,,,,,,,,,,,,,,,,,,,,,,,
Q29929,Q16184191,,,,,,,,,,,,,,,,,,,,,,,,,,,,,,,,,,,,,,,,,,,,,
Q29932,Q11245188,,,,,,,,,,,,,,,,,,,,,,,,,,,,,,,,,,,,,,,,,,,,,
Q29933,Q12592824,,,,,,,,,,,,,,,,,,,,,,,,,,,,,,,,,,,,,,,,,,,,,
Q29936,Q109233981,,,,,,,,,,,,,,,,,,,,,,,,,,,,,,,,,,,,,,,,,,,,,
Q29937,Q24856094,,,,,,,,,,,,,,,,,,,,,,,,,,,,,,,,,,,,,,,,,,,,,
Q29940,Q109235490,,,,,,,,,,,,,,,,,,,,,,,,,,,,,,,,,,,,,,,,,,,,,
Q29941,Q12615803,,,,,,,,,,,,,,,,,,,,,,,,,,,,,,,,,,,,,,,,,,,,,
Q29944,Q109235768,,,,,,,,,,,,,,,,,,,,,,,,,,,,,,,,,,,,,,,,,,,,,
Q29945,Q18233831,,,,,,,,,,,,,,,,,,,,,,,,,,,,,,,,,,,,,,,,,,,,,
Q29948,Q109235934,,,,,,,,,,,,,,,,,,,,,,,,,,,,,,,,,,,,,,,,,,,,,
Q29949,Q624541,,,,,,,,,,,,,,,,,,,,,,,,,,,,,,,,,,,,,,,,,,,,,
Q29952,Q110874612,,,,,,,,,,,,,,,,,,,,,,,,,,,,,,,,,,,,,,,,,,,,,
Q29953,Q15940002,,,,,,,,,,,,,,,,,,,,,,,,,,,,,,,,,,,,,,,,,,,,,
Q29956,Q109339639,,,,,,,,,,,,,,,,,,,,,,,,,,,,,,,,,,,,,,,,,,,,,
Q29957,Q483641,,,,,,,,,,,,,,,,,,,,,,,,,,,,,,,,,,,,,,,,,,,,Yi-31,
Q29960,Q8514891,,,,,,,,,,,,,,,,,,,,,,,,,,,,,,,,,,,,,,,,,,,,,
Q29961,Q16188670,,,,,,,,,,,,,,,,,,,,,,,,,,,,,,,,,,,,,,,,,,,,Yi-68,
Q29964,Q111081164,,,,,,,,,,,,,,,,,,,,,,,,,,,,,,,,,,,,,,,,,,,,,
Q29965,Q97351135,,,,,,,,,,,,,,,,,,,,,,,,,,,,,,,,,,,,,,,,,,,,,
Q29968,Q861797,,,,,,,,,,,,,,,,,,,,,,,,,,,,,,,,,,,,,,,,,,,,,
Q29970,Q97351134,,,,,,,,,,,,,,,,,,,,,,,,,,,,,,,,,,,,,,,,,,,,,
Q29972,Q106701495,,,,,,,,,,,,,,,,,,,,,,,,,,,,,,,,,,,,,,,,,,,,,
Q29974,Q11094818,,,,,,,,,,,,,,,,,,,,,,,,,,,,,,,,,,,,,,,,,,,,,
Q29976,Q109652101,,,,,,,,,,,,,,,,,,,,,,,,,,,,,,,,,,,,,,,,,,,,,
Q29978,Q22829212,,,,,,,,,,,,,,,,,,,,,,,,,,,,,,,,,,,,,,,,,,,,,
Q29980,Q11629683,,,,,,,,,,,,,,,,,,,,,,,,,,,,,,,,,,,,,,,,,,,,,
Q29982,Q65908412,,,,,,,,,,,,,,,,,,,,,,,,,,,,,,,,,,,,,,,,,,,,,
Q29984,Q110894905,,,,,,,,,,,,,,,,,,,,,,,,,,,,,,,,,,,,,,,,,,,,,
Q29986,Q45541856,,,,,,,,,,,,,,,,,,,,,,,,,,,,,,,,,,,,,,,,,,,,,
Q29988,Q110894958,,,,,,,,,,,,,,,,,,,,,,,,,,,,,,,,,,,,,,,,,,,,,
Q29990,Q11068354,,,,,,,,,,,,,,,,,,,,,,,,,,,,,,,,,,,,,,,,,,,,,
Q29992,Q110894975,,,,,,,,,,,,,,,,,,,,,,,,,,,,,,,,,,,,,,,,,,,,,
Q29994,Q28416469,,,,,,,,,,,,,,,,,,,,,,,,,,,,,,,,,,,,,,,,,,,,,
Q29996,Q106650419,,,,,,,,,,,,,,,,,,,,,,,,,,,,,,,,,,,,,,,,,,,,,
Q29998,Q5374631,,,,,,,,,,,,,,,,,,,,,,,,,,,,,,,,,,,,,,,,,,,,,
Q30000,Q11466828,,,,,,,,,,,,,,,,,,,,,,,,,,,,,,,,,,,,,,,,,,,,,
Q30002,Q65800444,,,,,,,,,,,,,,,,,,,,,,,,,,,,,,,,,,,,,,,,,,,,,
Q30004,Q109442545,,,,,,,,,,,,,,,,,,,,,,,,,,,,,,,,,,,,,,,,,,,,,
Q30006,Q45549769,,,,,,,,,,,,,,,,,,,,,,,,,,,,,,,,,,,,,,,,,,,,,
Q30009,Q110967900,,,,,,,,,,,,,,,,,,,,,,,,,,,,,,,,,,,,,,,,,,,,,
Q30010,Q3784373,,,,,,,,,,,,,,,,,,,,,,,,,,,,,,,,,,,,,,,,,,,,,
Q30013,Q110967942,,,,,,,,,,,,,,,,,,,,,,,,,,,,,,,,,,,,,,,,,,,,,
Q30014,Q5374652,,,,,,,,,,,,,,,,,,,,,,,,,,,,,,,,,,,,,,,,,,,,,
Q30017,Q110968962,,,,,,,,,,,,,,,,,,,,,,,,,,,,,,,,,,,,,,,,,,,,,
Q30018,Q8250482,,,,,,,,,,,,,,,,,,,,,,,,,,,,,,,,,,,,,,,,,,,,杜-1,
Q30021,Q110968991,,,,,,,,,,,,,,,,,,,,,,,,,,,,,,,,,,,,,,,,,,,,,
Q30022,Q5374632,,,,,,,,,,,,,,,,,,,,,,,,,,,,,,,,,,,,,,,,,,,,,
Q30025,Q110968686,,,,,,,,,,,,,,,,,,,,,,,,,,,,,,,,,,,,,,,,,,,,,
Q30026,Q8250426,,,,,,,,,,,,,,,,,,,,,,,,,,,,,,,,,,,,,,,,,,,,,
Q30029,Q110825119,,,,,,,,,,,,,,,,,,,,,,,,,,,,,,,,,,,,,,,,,,,,,
Q30030,Q8250742,,,,,,,,,,,,,,,,,,,,,,,,,,,,,,,,,,,,,,,,,,,,,
Q30033,Q22127101,,,,,,,,,,,,,,,,,,,,,,,,,,,,,,,,,,,,,,,,,,,,,
Q30034,Q8250509,,,,,,,,,,,,,,,,,,,,,,,,,,,,,,,,,,,,,,,,,,,,,
Q30037,Q106680410,,,,,,,,,,,,,,,,,,,,,,,,,,,,,,,,,,,,,,,,,,,,,
Q30038,Q10059,,,,,,,,,,,,,,,,,,,,,,,,,,,843432,,,,,,,,,,,,,,,,,朱-14,
Q30041,Q11445794,,,,,,,,,,,,,,,,,,,,,,,,,,,,,,,,,,,,,,,,,,,,,
Q30042,Q11094833,,,,,,,,,,,,,,,,,,,,,,,,,,,843750,,,,,,,,,,,,,,,,,,
Q30045,Q11402161,,,,,,,,,,,,,,,,,,,,,,,,,,,,,,,,,,,,,,,,,,,,,
Q30046,Q11094834,,,,,,,,,,,,,,,,,,,,,,,,,,,,,,,,,,,,,,,,,,,,,
Q30049,Q98734485,,,,,,,,,,,,,,,,,,,,,,,,,,,,,,,,,,,,,,,,,,,,,
Q30050,Q11094832,,,,,,,,,,,,,,,,,,,,,,,,,,,,,,,,,,,,,,,,,,,,,
Q30053,Q109657076,,,,,,,,,,,,,,,,,,,,,,,,,,,,,,,,,,,,,,,,,,,,,
Q30054,Q11094835,,,,,,,,,,,,,,,,,,,,,,,,,,,,,,,,,,,,,,,,,,,,,
Q30057,Q109657136,,,,,,,,,,,,,,,,,,,,,,,,,,,,,,,,,,,,,,,,,,,,,
Q30058,Q11075037,,,,,,,,,,,,,,,,,,,,,,,,,,,,,,,,,,,,,,,,,,,,,
Q30061,Q110894940,,,,,,,,,,,,,,,,,,,,,,,,,,,,,,,,,,,,,,,,,,,,,
Q30062,Q11094811,,,,,,,,,,,,,,,,,,,,,,,,,,,,,,,,,,,,,,,,,,,,,
Q30065,Q110894972,,,,,,,,,,,,,,,,,,,,,,,,,,,,,,,,,,,,,,,,,,,,,
Q30066,Q10928516,,,,,,,,,,,,,,,,,,,,,,,,,,,,,,,,,,,,,,,,,,,,,
Q30069,Q11453292,,,,,,,,,,,,,,,,,,,,,,,,,,,,,,,,,,,,,,,,,,,,,
Q30070,Q11125184,,,,,,,,,,,,,,,,,,,,,,,,,,,,,,,,,,,,,,,,,,,,,
Q30073,Q118746924,,,,,,,,,,,,,,,,,,,,,,,,,,,,,,,,,,,,,,,,,,,,,
Q30074,Q11060310,,,,,,,,,,,,,,,,,,,,,,,,,,,,,,,,,,,,,,,,,,,,,
Q30077,Q109595830,,,,,,,,,,,,,,,,,,,,,,,,,,,,,,,,,,,,,,,,,,,,,
Q30078,Q10955557,,,,,,,,,,,,,,,,,,,,,,,,,,,,,,,,,,,,,,,,,,,,,
Q30081,Q5370070,,,,,,,,,,,,,,,,,,,,,,,,,,,,,,,,,,,,,,,,,,,,,
Q30082,Q11072596,,,,,,,,,,,,,,,,,,,,,,,,,,,,,,,,,,,,,,,,,,,,,
Q30085,Q109658471,,,,,,,,,,,,,,,,,,,,,,,,,,,,,,,,,,,,,,,,,,,,,
Q30086,Q11094586,,,,,,,,,,,,,,,,,,,,,,,,,,,,,,,,,,,,,,,,,,,,,
Q30089,Q11574913,,,,,,,,,,,,,,,,,,,,,,,,,,,,,,,,,,,,,,,,,,,,,
Q30090,Q8250315,,,,,,,,,,,,,,,,,,,,,,,,,,,,,,,,,,,,,,,,,,,,,
Q30093,Q109657534,,,,,,,,,,,,,,,,,,,,,,,,,,,,,,,,,,,,,,,,,,,,,
Q30094,Q20062733,,,,,,,,,,,,,,,,,,,,,,,,,,,,,,,,,,,,,,,,,,,,,
Q30097,Q6784614,,,,,,,,,,,,,,,,,,,,,,,,,,,,,,,,,,,,,,,,,,,,,
Q30098,Q11613490,,,,,,,,,,,,,,,,,,,,,,,,,,,,,,,,,,,,,,,,,,,,,
Q30101,Q11094821,,,,,,,,,,,,,,,,,,,,,,,,,,,,,,,,,,,,,,,,,,,,,
Q30102,Q10860010,,,,,,,,,,,,,,,,,,,,,,,,,,,,,,,,,,,,,,,,,,,,小笠原-1,
Q30105,Q11094815,,,,,,,,,,,,,,,,,,,,,,,,,,,,,,,,,,,,,,,,,,,,,
Q30106,Q10860067,,,,,,,,,,,,,,,,,,,,,,,,,,,,,,,,,,,,,,,,,,,,,
Q30109,Q11094829,,,,,,,,,,,,,,,,,,,,,,,,,,,,,,,,,,,,,,,,,,,,,
Q30110,Q108496270,,,,,,,,,,,,,,,,,,,,,,,,,,,,,,,,,,,,,,,,,,,,,
Q30113,Q11094817,,,,,,,,,,,,,,,,,,,,,,,,,,,,,,,,,,,,,,,,,,,,,
Q30114,Q10860014,,,,,,,,,,,,,,,,,,,,,,,,,,,,,,,,,,,,,,,,,,,,,
Q30117,Q11094816,,,,,,,,,,,,,,,,,,,,,,,,,,,,,,,,,,,,,,,,,,,,,
Q30118,Q11608307,,,,,,,,,,,,,,,,,,,,,,,,,,,,,,,,,,,,,,,,,,,,織田-63,
Q30121,Q11094825,,,,,,,,,,,,,,,,,,,,,,,,,,,,,,,,,,,,,,,,,,,,,
Q30122,Q11608449,,,,,,,,,,,,,,,,,,,,,,,,,,,,,,,,,,,,,,,,,,,,織田-38,
Q30125,Q11094820,,,,,,,,,,,,,,,,,,,,,,,,,,,,,,,,,,,,,,,,,,,,,
Q30129,Q11094819,,,,,,,,,,,,,,,,,,,,,,,,,,,,,,,,,,,,,,,,,,,,,
Q30133,Q6784685,,,,,,,,,,,,,,,,,,,,,,,,,,,,,,,,,,,,,,,,,,,,,
Q30137,Q6784648,,,,,,,,,,,,,,,,,,,,,,,,,,,,,,,,,,,,,,,,,,,,,
Q30139,Q349440,,,,,,,,,,,,,,,,,,,,,,,,,,,,,,,,,,,,,,,,,,,,Go-Yōzei-tennō_後陽成天皇-1,I00523238
Q30141,Q11094823,,,,,,,,,,,,,,,,,,,,,,,,,,,,,,,,,,,,,,,,,,,,,
Q30143,Q7141819,,,,,,,,,,,,,,,,,,,,,,,,,,,,,,,,,,,,,,,,,,,,,
Q30145,Q198136,,,,,,,,,,,,,,,,,,,,,,,,,,,,,,,,,,,,,,,,,,,,,
Q30147,Q11670311,,,,,,,,,,,,,,,,,,,,,,,,,,,,,,,,,,,,,,,,,,,,,
Q30149,Q11094827,,,,,,,,,,,,,,,,,,,,,,,,,,,,,,,,,,,,,,,,,,,,,
Q30151,Q2410760,,,,,,,,,,,,,,,,,,,,,,,,,,,804837,,,,,,,,,,,,,,,,,九宮-1,
Q30153,Q8249068,,,,,,,,,,,,,,,,,,,,,,,,,,,,,,,,,,,,,,,,,,,,,
Q30155,Q11464817,,,,,,,,,,,,,,,,,,,,,,,,,,,,,,,,,,,,,,,,,,,,,
Q30157,Q5312818,,,,,,,,,,,,,,,,,,,,,,,,,,,,,,,,,,,,,,,,,,,,,
Q30159,Q11495036,,,,,,,,,,,,,,,,,,,,,,,,,,,,,,,,,,,,,,,,,,,,,
Q30161,Q10938574,,,,,,,,,,,,,,,,,,,,,,,,,,,,,,,,,,,,,,,,,,,,,
Q30163,Q11630343,,,,,,,,,,,,,,,,,,,,,,,,,,,,,,,,,,,,,,,,,,,,,
Q30165,Q11074457,,,,,,,,,,,,,,,,,,,,,,,,,,,,,,,,,,,,,,,,,,,,,
Q30167,Q11641624,,,,,,,,,,,,,,,,,,,,,,,,,,,,,,,,,,,,,,,,,,,,,
Q30169,Q553758,,,,,,,,,,,,,,,,,,,,,,,,,,,,,,,,,,,,,,,,,,,,,
Q30171,Q11614427,,,,,,,,,,,,,,,,,,,,,,,,,,,,,,,,,,,,,,,,,,,,,
Q30173,Q553746,,,,,,,,,,,,,,,,,,,,,,,,,,,,,,,,,,,,,,,,,,,,,
Q30175,Q11422777,,,,,,,,,,,,,,,,,,,,,,,,,,,,,,,,,,,,,,,,,,,,,
Q30177,Q796034,,,,,,,,,,,,,,,,,,,,,,,,,,,,,,,,,,,,,,,,,,,,,
Q30179,Q11458651,,,,,,,,,,,,,,,,,,,,,,,,,,,,,,,,,,,,,,,,,,,,,
Q30181,Q4499263,,,,,,,,,,,,,,,,,,,,,,,,,,,,,,,,,,,,,,,,,,,,,
Q30183,Q29841158,,,,,,,,,,,,,,,,,,,,,,,,,,,,,,,,,,,,,,,,,,,,,
Q30185,Q557219,,,,,,,,,,,,,,,,,,,,,,,,,,,,,,,,,,,,,,,,,,,,,
Q30187,Q12144213,,,,,,,,,,,,,,,,,,,,,,,,,,,,,,,,,,,,,,,,,,,,,
Q30189,Q8249154,,,,,,,,,,,,,,,,,,,,,,,,,,,,,,,,,,,,,,,,,,,,,
Q30191,Q110450461,,,,,,,,,,,,,,,,,,,,,,,,,,,,,,,,,,,,,,,,,,,,,
Q30193,Q8070727,,,,,,,,,,,,,,,,,,,,,,,,,,,,,,,,,,,,,,,,,,,,,
Q30195,Q108056731,,,,,,,,,,,,,,,,,,,,,,,,,,,,,,,,,,,,,,,,,,,,,
Q30198,Q10941914,,,,,,,,,,,,,,,,,,,,,,,,,,,,,,,,,,,,,,,,,,,,,
Q30199,Q110967963,,,,,,,,,,,,,,,,,,,,,,,,,,,,,,,,,,,,,,,,,,,,,
Q30202,Q10376543,,,,,,,,,,,,,,,,,,,,,,,,,,,,,,,,,,,,,,,,,,,,,
Q30203,Q11520258,,,,,,,,,,,,,,,,,,,,,,,,,,,,,,,,,,,,,,,,,,,,,
Q30206,Q795860,,,,,,,,,,,,,,,,,,,,,,,,,,,,,,,,,,,,,,,,,,,,,
Q30207,Q11520260,,,,,,,,,,,,,,,,,,,,,,,,,,,,,,,,,,,,,,,,,,,,,
Q30210,Q9384015,,,,,,,,,,,,,,,,,,,,,,,,,,,,,,,,,,,,,,,,,,,,,
Q30211,Q11394796,,,,,,,,,,,,,,,,,,,,,,,,,,,,,,,,,,,,,,,,,,,,,
Q30214,Q795965,,,,,,,,,,,,,,,,,,,,,,,,,,,,,,,,,,,,,,,,,,,,,
Q30215,Q7142354,,,,,,,,,,,,,,,,,,,,,,,,,,,,,,,,,,,,,,,,,,,,,
Q30218,Q890096,,,,,,,,,,,,,,,,,,,,,,,,,,,,,,,,,,,,,,,,,,,,,
Q30219,Q7004274,,,,,,,,,,,,,,,,,,,,,,,,,,,,,,,,,,,,,,,,,,,,,
Q30222,Q27758553,,,,,,,,,,,,,,,,,,,,,,,,,,,,,,,,,,,,,,,,,,,,,
Q30223,Q11653022,,,,,,,,,,,,,,,,,,,,,,,,,,,,,,,,,,,,,,,,,,,,,
Q30226,Q575286,,,,,,,,,,,,,,,,,,,,,,,,,,,,,,,,,,,,,,,,,,,,,
Q30227,Q109319091,,,,,,,,,,,,,,,,,,,,,,,,,,,,,,,,,,,,,,,,,,,,,
Q30230,Q1156961,,,,,,,,,,,,,,,,,,,,,,,,,,,,,,,,,,,,,,,,,,,,,
Q30231,Q10933696,,,,,,,,,,,,,,,,,,,,,,,,,,,,,,,,,,,,,,,,,,,,,
Q30234,Q6121482,,,,,,,,,,,,,,,,,,,,,,,,,,,,,,,,,,,,,,,,,,,,,
Q30235,Q5365056,,,,,,,,,,,,,,,,,,,,,,,,,,,,,,,,,,,,,,,,,,,,,
Q30238,Q4120578,,,,,,,,,,,,,,,,,,,,,,,,,,,,,,,,,,,,,,,,,,,,,
Q30239,Q111018721,,,,,,,,,,,,,,,,,,,,,,,,,,,,,,,,,,,,,,,,,,,,,
Q30242,Q15952963,,,,,,,,,,,,,,,,,,,,,,,,,,,,,,,,,,,,,,,,,,,,,
Q30243,Q11535640,,,,,,,,,,,,,,,,,,,,,,,,,,,,,,,,,,,,,,,,,,,,,
Q30246,Q10944084,,,,,,,,,,,,,,,,,,,,,,,,,,,,,,,,,,,,,,,,,,,,,
Q30247,Q11520114,,,,,,,,,,,,,,,,,,,,,,,,,,,,,,,,,,,,,,,,,,,,,
Q30250,Q10944145,,,,,,,,,,,,,,,,,,,,,,,,,,,,,,,,,,,,,,,,,,,,,
Q30251,Q111024331,,,,,,,,,,,,,,,,,,,,,,,,,,,,,,,,,,,,,,,,,,,,,
Q30254,Q10944647,,,,,,,,,,,,,,,,,,,,,,,,,,,,,,,,,,,,,,,,,,,,,
Q30255,Q111024333,,,,,,,,,,,,,,,,,,,,,,,,,,,,,,,,,,,,,,,,,,,,,
Q30258,Q5948312,,,,,,,,,,,,,,,,,,,,,,,,,,,,,,,,,,,,,,,,,,,,,
Q30259,Q111024400,,,,,,,,,,,,,,,,,,,,,,,,,,,,,,,,,,,,,,,,,,,,,
Q30262,Q7239593,,,,,,,,,,,,,,,,,,,,,,,,,,,,,,,,,,,,,,,,,,,,,
Q30263,Q110653327,,,,,,,,,,,,,,,,,,,,,,,,,,,,,,,,,,,,,,,,,,,,,
Q30266,Q4604,,alvin-person:15276,,,,,,9DB7-LMK,,8152277,,,,,,,,,,,,,,,,,1421205,,,,,,,,,,,,,,,,,,
Q30267,Q109901005,,,,,,,,,,,,,,,,,,,,,,,,,,,,,,,,,,,,,,,,,,,,,
Q30270,Q7239680,,,,,,,,,,,,,,,,,,,,,,,,,,,,,,,,,,,,,,,,,,,,,
Q30271,Q109900851,,,,,,,,,,,,,,,,,,,,,,,,,,,,,,,,,,,,,,,,,,,,,
Q30274,Q575375,,,,,,,,,,,,,,,,,,,,,,,,,,,,,,,,,,,,,,,,,,,,,
Q30275,Q11400105,,,,,,,,,,,,,,,,,,,,,,,,,,,,,,,,,,,,,,,,,,,,,
Q30278,Q18654197,,,,,,,,,,,,,,,,,,,,,,,,,,,,,,,,,,,,,,,,,,,,,
Q30280,Q111043261,,,,,,,,,,,,,,,,,,,,,,,,,,,,,,,,,,,,,,,,,,,,,
Q30282,Q7314810,,,,,,,,,,,,,,,,,,,,,,,,,,,,,,,,,,,,,,,,,,,,,
Q30284,Q109924248,,,,,,,,,,,,,,,,,,,,,,,,,,,,,,,,,,,,,,,,,,,,,
Q30286,Q11094073,,,,,,,,,,,,,,,,,,,,,,,,,,,,,,,,,,,,,,,,,,,,,
Q30288,Q108887512,,,,,,,,,,,,,,,,,,,,,,,,,,,,,,,,,,,,,,,,,,,,,
Q30290,Q11094075,,,,,,,,,,,,,,,,,,,,,,,,,,,,,,,,,,,,,,,,,,,,,
Q30292,Q108887622,,,,,,,,,,,,,,,,,,,,,,,,,,,,,,,,,,,,,,,,,,,,,
Q30294,Q11094074,,,,,,,,,,,,,,,,,,,,,,,,,,,,,,,,,,,,,,,,,,,,,
Q30296,Q11420696,,,,,,,,,,,,,,,,,,,,,,,,,,,,,,,,,,,,,,,,,,,,,
Q30298,Q11094076,,,,,,,,,,,,,,,,,,,,,,,,,,,,,,,,,,,,,,,,,,,,,
Q30300,Q109680475,,,,,,,,,,,,,,,,,,,,,,,,,,,,,,,,,,,,,,,,,,,,,
Q30302,Q11094499,,,,,,,,,,,,,,,,,,,,,,,,,,,,,,,,,,,,,,,,,,,,,
Q30304,Q109923252,,,,,,,,,,,,,,,,,,,,,,,,,,,,,,,,,,,,,,,,,,,,,
Q30306,Q11094498,,,,,,,,,,,,,,,,,,,,,,,,,,,,,,,,,,,,,,,,,,,,,
Q30308,Q109923770,,,,,,,,,,,,,,,,,,,,,,,,,,,,,,,,,,,,,,,,,,,,,
Q30310,Q11093659,,,,,,,,,,,,,,,,,,,,,,,,,,,,,,,,,,,,,,,,,,,,,
Q30312,Q11547586,,,,,,,,,,,,,,,,,,,,,,,,,,,,,,,,,,,,,,,,,,,,,
Q30314,Q11093854,,,,,,,,,,,,,,,,,,,,,,,,,,,,,,,,,,,,,,,,,,,,,
Q30316,Q110155903,,,,,,,,,,,,,,,,,,,,,,,,,,,,,,,,,,,,,,,,,,,,,
Q30318,Q11093584,,,,,,,,,,,,,,,,,,,,,,,,,,,,,,,,,,,,,,,,,,,,,
Q30320,Q109805806,,,,,,,,,,,,,,,,,,,,,,,,,,,,,,,,,,,,,,,,,,,,,
Q30322,Q11094171,,,,,,,,,,,,,,,,,,,,,,,,,,,,,,,,,,,,,,,,,,,,,
Q30324,Q8515140,,,,,,,,,,,,,,,,,,,,,,,,,,,,,,,,,,,,,,,,,,,,,
Q30326,Q11093607,,,,,,,,,,,,,,,,,,,,,,,,,,,,,,,,,,,,,,,,,,,,,
Q30328,Q1142657,,,,,,,,,,,,,,,,,,,,,,,,,,,808188,,,,,,,,,,,,,,,,,,
Q30331,Q8254651,,,,,,,,,,,,,,,,,,,,,,,,,,,,,,,,,,,,,,,,,,,,,
Q30332,Q17220979,,,,,,,,,,,,,,,,,,,,,,,,,,,,,,,,,,,,,,,,,,,,,
Q30335,Q11094507,,,,,,,,,,,,,,,,,,,,,,,,,,,,,,,,,,,,,,,,,,,,,
Q30336,Q110653040,,,,,,,,,,,,,,,,,,,,,,,,,,,,,,,,,,,,,,,,,,,,,
Q30339,Q22829254,,,,,,,,,,,,,,,,,,,,,,,,,,,,,,,,,,,,,,,,,,,,,
Q30340,Q11547588,,,,,,,,,,,,,,,,,,,,,,,,,,,,,,,,,,,,,,,,,,,,,
Q30343,Q11094114,,,,,,,,,,,,,,,,,,,,,,,,,,,,,,,,,,,,,,,,,,,,,
Q30344,Q11547566,,,,,,,,,,,,,,,,,,,,,,,,,,,,,,,,,,,,,,,,,,,,,
Q30347,Q11094128,,,,,,,,,,,,,,,,,,,,,,,,,,,,,,,,,,,,,,,,,,,,,
Q30348,Q109669623,,,,,,,,,,,,,,,,,,,,,,,,,,,,,,,,,,,,,,,,,,,,,
Q30351,Q11094601,,,,,,,,,,,,,,,,,,,,,,,,,,,,,,,,,,,,,,,,,,,,,
Q30352,Q109669816,,,,,,,,,,,,,,,,,,,,,,,,,,,,,,,,,,,,,,,,,,,,,
Q30355,Q11094602,,,,,,,,,,,,,,,,,,,,,,,,,,,,,,,,,,,,,,,,,,,,,
Q30356,Q109670102,,,,,,,,,,,,,,,,,,,,,,,,,,,,,,,,,,,,,,,,,,,,,
Q30359,Q11094690,,,,,,,,,,,,,,,,,,,,,,,,,,,,,,,,,,,,,,,,,,,,,
Q30363,Q11094694,,,,,,,,,,,,,,,,,,,,,,,,,,,,,,,,,,,,,,,,,,,,,
Q30364,Q11520156,,,,,,,,,,,,,,,,,,,,,,,,,,,,,,,,,,,,,,,,,,,,,
Q30367,Q11094067,,,,,,,,,,,,,,,,,,,,,,,,,,,,,,,,,,,,,,,,,,,,,
Q30368,Q110733970,,,,,,,,,,,,,,,,,,,,,,,,,,,,,,,,,,,,,,,,,,,,,
Q30371,Q18653755,,,,,,,,,,,,,,,,,,,,,,,,,,,,,,,,,,,,,,,,,,,,,
Q30372,Q11399392,,,,,,,,,,,,,,,,,,,,,,,,,,,,,,,,,,,,,,,,,,,,,
Q30375,Q11094758,,,,,,,,,,,,,,,,,,,,,,,,,,,,,,,,,,,,,,,,,,,,朱-32,
Q30376,Q106672357,,,,,,,,,,,,,,,,,,,,,,,,,,,,,,,,,,,,,,,,,,,,,
Q30377,Q116147537,,,,,,,,,,,,,,,,,,,,,,,,,,,,,,,,,,,,,,,,,,,,,I00749259
Q30379,Q45417354,,,,,,,,,,,,,,,,,,,,,,,,,,,,,,,,,,,,,,,,,,,,,
Q30380,Q11556789,,,,,,,,,,,,,,,,,,,,,,,,,,,,,,,,,,,,,,,,,,,,,
Q30383,Q14304,,,,,,,,,,,,,,,,,,,,,,,,,,,,,,,,,,,,,,,,,,,,,
Q30384,Q11545468,,,,,,,,,,,,,,,,,,,,,,,,,,,,,,,,,,,,,,,,,,,,,
Q30387,Q6853912,,,,,,,,,,,,,,,,,,,,,,,,,,,,,,,,,,,,,,,,,,,,,
Q30388,Q108747110,,,,,,,,,,,,,,,,,,,,,,,,,,,,,,,,,,,,,,,,,,,,,
Q30391,Q16176271,,,,,,,,,,,,,,,,,,,,,,,,,,,,,,,,,,,,,,,,,,,,,
Q30392,Q11399214,,,,,,,,,,,,,,,,,,,,,,,,,,,,,,,,,,,,,,,,,,,,,
Q30395,Q16180324,,,,,,,,,,,,,,,,,,,,,,,,,,,,,,,,,,,,,,,,,,,,,
Q30396,Q11520508,,,,,,,,,,,,,,,,,,,,,,,,,,,,,,,,,,,,,,,,,,,,,
Q30399,Q12583779,,,,,,,,,,,,,,,,,,,,,,,,,,,,,,,,,,,,,,,,,,,,,
Q30403,Q486251,,,,,,,,,,,,,,,,,,,,,,,,,,,,,,,,,,,,,,,,,,,,,
Q30404,Q3072989,,,,,,,,,,,,,,,,,,,,,,,,,,,837207,,,,,,,,,,,,,,,,,,
Q30407,Q483255,,,,,,,,,,,,,,,,,,,,,,,,,,,,,,,,,,,,,,,,,,,,,
Q30411,Q12615719,,,,,,,,,,,,,,,,,,,,,,,,,,,,,,,,,,,,,,,,,,,,,
Q30415,Q12601920,,,,,,,,,,,,,,,,,,,,,,,,,,,,,,,,,,,,,,,,,,,,,
Q30419,Q12583601,,,,,,,,,,,,,,,,,,,,,,,,,,,,,,,,,,,,,,,,,,,,,
Q30423,Q12624397,,,,,,,,,,,,,,,,,,,,,,,,,,,,,,,,,,,,,,,,,,,,,
Q30427,Q12608235,,,,,,,,,,,,,,,,,,,,,,,,,,,,,,,,,,,,,,,,,,,,,
Q30428,Q110738091,,,,,,,,,,,,,,,,,,,,,,,,,,,,,,,,,,,,,,,,,,,,,
Q30431,Q16177810,,,,,,,,,,,,,,,,,,,,,,,,,,,,,,,,,,,,,,,,,,,,,
Q30432,Q11516798,,,,,,,,,,,,,,,,,,,,,,,,,,,,,,,,,,,,,,,,,,,,,
Q30435,Q12586328,,,,,,,,,,,,,,,,,,,,,,,,,,,,,,,,,,,,,,,,,,,,,
Q30436,Q111097357,,,,,,,,,,,,,,,,,,,,,,,,,,,,,,,,,,,,,,,,,,,,,
Q30439,Q16185153,,,,,,,,,,,,,,,,,,,,,,,,,,,,,,,,,,,,,,,,,,,,,
Q30440,Q11534541,,,,,,,,,,,,,,,,,,,,,,,,,,,,,,,,,,,,,,,,,,,,,
Q30441,Q81109,,,,,,,,,,,,,,,,,,,,,,,,,,,,,,,,,,,,,,,,,,,,,
Q30443,Q12626055,,,,,,,,,,,,,,,,,,,,,,,,,,,,,,,,,,,,,,,,,,,,,
Q30444,Q110624971,,,,,,,,,,,,,,,,,,,,,,,,,,,,,,,,,,,,,,,,,,,,,
Q30447,Q16188487,,,,,,,,,,,,,,,,,,,,,,,,,,,,,,,,,,,,,,,,,,,,,
Q30448,Q110641594,,,,,,,,,,,,,,,,,,,,,,,,,,,,,,,,,,,,,,,,,,,,,
Q30451,Q12616169,,,,,,,,,,,,,,,,,,,,,,,,,,,,,,,,,,,,,,,,,,,,,
Q30452,Q111021138,,,,,,,,,,,,,,,,,,,,,,,,,,,,,,,,,,,,,,,,,,,,,
Q30453,Q7183085,,,,,,,,,,,,,,,,,,,,,,,,,,,541061,,,,,,,,,,,,,,,,,,I00700801
Q30455,Q12615804,,,,,,,,,,,,,,,,,,,,,,,,,,,,,,,,,,,,,,,,,,,,,
Q30456,Q8514599,,,,,,,,,,,,,,,,,,,,,,,,,,,,,,,,,,,,,,,,,,,,,
Q30459,Q12616001,,,,,,,,,,,,,,,,,,,,,,,,,,,,,,,,,,,,,,,,,,,,,
Q30460,Q110969119,,,,,,,,,,,,,,,,,,,,,,,,,,,,,,,,,,,,,,,,,,,,,
Q30463,Q12603389,,,,,,,,,,,,,,,,,,,,,,,,,,,,,,,,,,,,,,,,,,,,,
Q30464,Q6638400,,,,,,,,,,,,,,,,,,,,,,,,,,,,,,,,,,,,,,,,,,,,,
Q30467,Q16182186,,,,,,,,,,,,,,,,,,,,,,,,,,,,,,,,,,,,,,,,,,,,,
Q30468,Q6637949,,,,,,,,,,,,,,,,,,,,,,,,,,,,,,,,,,,,,,,,,,,,,
Q30471,Q12603366,,,,,,,,,,,,,,,,,,,,,,,,,,,,,,,,,,,,,,,,,,,,,
Q30472,Q6638174,,,,,,,,,,,,,,,,,,,,,,,,,,,,,,,,,,,,,,,,,,,,松平-58,
Q30475,Q16176551,,,,,,,,,,,,,,,,,,,,,,,,,,,,,,,,,,,,,,,,,,,,,
Q30476,Q111107368,,,,,,,,,,,,,,,,,,,,,,,,,,,,,,,,,,,,,,,,,,,,,
Q30479,Q16180315,,,,,,,,,,,,,,,,,,,,,,,,,,,,,,,,,,,,,,,,,,,,,
Q30480,Q111107524,,,,,,,,,,,,,,,,,,,,,,,,,,,,,,,,,,,,,,,,,,,,,
Q30483,Q12602529,,,,,,,,,,,,,,,,,,,,,,,,,,,,,,,,,,,,,,,,,,,,,
Q30484,Q111307006,,,,,,,,,,,,,,,,,,,,,,,,,,,,,,,,,,,,,,,,,,,,,
Q30487,Q16181954,,,,,,,,,,,,,,,,,,,,,,,,,,,,,,,,,,,,,,,,,,,,,
Q30488,Q11547548,,,,,,,,,,,,,,,,,,,,,,,,,,,,,,,,,,,,,,,,,,,,,
Q30491,Q12603365,,,,,,,,,,,,,,,,,,,,,,,,,,,,,,,,,,,,,,,,,,,,,
Q30492,Q8081735,,,,,,,,,,,,,,,,,,,,,,,,,,,,,,,,,,,,,,,,,,,,,
Q30495,Q16181856,,,,,,,,,,,,,,,,,,,,,,,,,,,,,,,,,,,,,,,,,,,,,
Q30496,Q10520501,,,,,,,,,,,,,,,,,,,,,,,,,,,,,,,,,,,,,,,,,,,,,
Q30499,Q16181913,,,,,,,,,,,,,,,,,,,,,,,,,,,,,,,,,,,,,,,,,,,,,
Q30500,Q11605867,,,,,,,,,,,,,,,,,,,,,,,,,,,,,,,,,,,,,,,,,,,,細川-35,
Q30503,Q6798361,,,,,,,,,,,,,,,,,,,,,,,,,,,,,,,,,,,,,,,,,,,,,
Q30504,Q11455741,,,,,,,,,,,,,,,,,,,,,,,,,,,,,,,,,,,,,,,,,,,,,
Q30507,Q6799467,,,,,,,,,,,,,,,,,,,,,,,,,,,,,,,,,,,,,,,,,,,,,
Q30508,Q8515360,,,,,,,,,,,,,,,,,,,,,,,,,,,,,,,,,,,,,,,,,,,,,
Q30511,Q12607366,,,,,,,,,,,,,,,,,,,,,,,,,,,,,,,,,,,,,,,,,,,,,
Q30512,Q109936519,,,,,,,,,,,,,,,,,,,,,,,,,,,,,,,,,,,,,,,,,,,,,
Q30515,Q31180754,,,,,,,,,,,,,,,,,,,,,,,,,,,,,,,,,,,,,,,,,,,,,
Q30516,Q109936539,,,,,,,,,,,,,,,,,,,,,,,,,,,,,,,,,,,,,,,,,,,,,
Q30519,Q31180751,,,,,,,,,,,,,,,,,,,,,,,,,,,,,,,,,,,,,,,,,,,,,
Q30520,Q134625595,,,,,,,,,,,,,,,,,,,,,,,,,,,,,,,,,,,,,,,,,,,,,
Q30523,Q16176612,,,,,,,,,,,,,,,,,,,,,,,,,,,,,,,,,,,,,,,,,,,,,
Q30524,Q134625733,,,,,,,,,,,,,,,,,,,,,,,,,,,,,,,,,,,,,,,,,,,,,
Q30527,Q108337049,,,,,,,,,,,,,,,,,,,,,,,,,,,,,,,,,,,,,,,,,,,,,
Q30528,Q11431981,,,,,,,,,,,,,,,,,,,,,,,,,,,,,,,,,,,,,,,,,,,,,
Q30531,Q11039371,,,,,,,,,,,,,,,,,,,,,,,,,,,,,,,,,,,,,,,,,,,,,
Q30532,Q11596973,,,,,,,,,,,,,,,,,,,,,,,,,,,,,,,,,,,,,,,,,,,,,
Q30535,Q12599608,,,,,,,,,,,,,,,,,,,,,,,,,,,,,,,,,,,,,,,,,,,,,
Q30536,Q108850859,,,,,,,,,,,,,,,,,,,,,,,,,,,,,,,,,,,,,,,,,,,,,
Q30539,Q7517270,,,,,,,,,,,,,,,,,,,,,,,,,,,,,,,,,,,,,,,,,,,,,
Q30540,Q8081570,,,,,,,,,,,,,,,,,,,,,,,,,,,,,,,,,,,,,,,,,,,,,
Q30543,Q16220076,,,,,,,,,,,,,,,,,,,,,,,,,,,,,,,,,,,,,,,,,,,,,
Q30544,Q108860940,,,,,,,,,,,,,,,,,,,,,,,,,,,,,,,,,,,,,,,,,,,,,
Q30547,Q12604826,,,,,,,,,,,,,,,,,,,,,,,,,,,,,,,,,,,,,,,,,,,,,
Q30548,Q111043024,,,,,,,,,,,,,,,,,,,,,,,,,,,,,,,,,,,,,,,,,,,,,
Q30551,Q11064502,,,,,,,,,,,,,,,,,,,,,,,,,,,,,,,,,,,,,,,,,,,,,
Q30552,Q109330502,,,,,,,,,,,,,,,,,,,,,,,,,,,,,,,,,,,,,,,,,,,,,
Q30555,Q11064500,,,,,,,,,,,,,,,,,,,,,,,,,,,,,,,,,,,,,,,,,,,,,
Q30556,Q111203103,,,,,,,,,,,,,,,,,,,,,,,,,,,,,,,,,,,,,,,,,,,,,
Q30559,Q624747,,,,,,,,,,,,,,,,,,,,,,,,,,,,,,,,,,,,,,,,,,,,,
Q30560,Q111203738,,,,,,,,,,,,,,,,,,,,,,,,,,,,,,,,,,,,,,,,,,,,,
Q30563,Q6729471,,,,,,,,,,,,,,,,,,,,,,,,,,,,,,,,,,,,,,,,,,,,,
Q30565,Q111158630,,,,,,,,,,,,,,,,,,,,,,,,,,,,,,,,,,,,,,,,,,,,,
Q30567,Q6760659,,,,,,,,,,,,,,,,,,,,,,,,,,,,,,,,,,,,,,,,,,,,,
Q30569,Q111158869,,,,,,,,,,,,,,,,,,,,,,,,,,,,,,,,,,,,,,,,,,,,,
Q30571,Q55737229,,,,,,,,,,,,,,,,,,,,,,,,,,,,,,,,,,,,,,,,,,,,,
Q30573,Q11552185,,,,,,,,,,,,,,,,,,,,,,,,,,,,,,,,,,,,,,,,,,,,,
Q30575,Q10876835,,,,,,,,,,,,,,,,,,,,,,,,,,,,,,,,,,,,,,,,,,,,,
Q30577,Q11552187,,,,,,,,,,,,,,,,,,,,,,,,,,,,,,,,,,,,,,,,,,,,,
Q30579,Q16180306,,,,,,,,,,,,,,,,,,,,,,,,,,,,,,,,,,,,,,,,,,,,,
Q30581,Q111217523,,,,,,,,,,,,,,,,,,,,,,,,,,,,,,,,,,,,,,,,,,,,,
Q30583,Q485023,,,,,,,,,,,,,,,,,,,,,,,,,,,,,,,,,,,,,,,,,,,,,
Q30585,Q11552189,,,,,,,,,,,,,,,,,,,,,,,,,,,,,,,,,,,,,,,,,,,,,
Q30587,Q4798146,,,,,,,,,,,,,,,,,,,,,,,,,,,,,,,,,,,,,,,,,,,,,
Q30589,Q110141706,,,,,,,,,,,,,,,,,,,,,,,,,,,,,,,,,,,,,,,,,,,,,
Q30591,Q27952689,,,,,,,,,,,,,,,,,,,,,,,,,,,,,,,,,,,,,,,,,,,,,
Q30593,Q110141717,,,,,,,,,,,,,,,,,,,,,,,,,,,,,,,,,,,,,,,,,,,,,
Q30595,Q85983639,,,,,,,,,,,,,,,,,,,,,,,,,,,,,,,,,,,,,,,,,,,,,
Q30597,Q11551935,,,,,,,,,,,,,,,,,,,,,,,,,,,,,,,,,,,,,,,,,,,,,
Q30599,Q16172029,,,,,,,,,,,,,,,,,,,,,,,,,,,,,,,,,,,,,,,,,,,,,
Q30601,Q111081648,,,,,,,,,,,,,,,,,,,,,,,,,,,,,,,,,,,,,,,,,,,,,
Q30603,Q16160771,,,,,,,,,,,,,,,,,,,,,,,,,,,,,,,,,,,,,,,,,,,,,
Q30605,Q111182287,,,,,,,,,,,,,,,,,,,,,,,,,,,,,,,,,,,,,,,,,,,,,
Q30607,Q11074080,,,,,,,,,,,,,,,,,,,,,,,,,,,,,,,,,,,,,,,,,,,,,
Q30609,Q11552071,,,,,,,,,,,,,,,,,,,,,,,,,,,,,,,,,,,,,,,,,,,,,
Q30611,Q108673894,,,,,,,,,,,,,,,,,,,,,,,,,,,,,,,,,,,,,,,,,,,,,
Q30613,Q111175125,,,,,,,,,,,,,,,,,,,,,,,,,,,,,,,,,,,,,,,,,,,,,
Q30615,Q12610353,,,,,,,,,,,,,,,,,,,,,,,,,,,,,,,,,,,,,,,,,,,,,
Q30617,Q111202425,,,,,,,,,,,,,,,,,,,,,,,,,,,,,,,,,,,,,,,,,,,,,
Q30619,Q338403,,,,,,,,,,,,,,,,,,,,,,,,,,,,,,,,,,,,,,,,,,,,,
Q30621,Q18011475,,,,,,,,,,,,,,,,,,,,,,,,,,,,,,,,,,,,,,,,,,,,,
Q30623,Q6814638,,,,,,,,,,,,,,,,,,,,,,,,,,,,,,,,,,,,,,,,,,,,,
Q30625,Q111021173,,,,,,,,,,,,,,,,,,,,,,,,,,,,,,,,,,,,,,,,,,,,,
Q30628,Q16172475,,,,,,,,,,,,,,,,,,,,,,,,,,,,,,,,,,,,,,,,,,,,,
Q30629,Q109818765,,,,,,,,,,,,,,,,,,,,,,,,,,,,,,,,,,,,,,,,,,,,,
Q30632,Q61092814,,,,,,,,,,,,,,,,,,,,,,,,,,,,,,,,,,,,,,,,,,,,,
Q30633,Q111143639,,,,,,,,,,,,,,,,,,,,,,,,,,,,,,,,,,,,,,,,,,,,,
Q30636,Q6814586,,,,,,,,,,,,,,,,,,,,,,,,,,,,,,,,,,,,,,,,,,,,,
Q30637,Q111143782,,,,,,,,,,,,,,,,,,,,,,,,,,,,,,,,,,,,,,,,,,,,,
Q30640,Q486266,,,,,,,,,,,,,,,,,,,,,,,,,,,,,,,,,,,,,,,,,,,,,
Q30641,Q6529334,,,,,,,,,,,,,,,,,,,,,,,,,,,,,,,,,,,,,,,,,,,,,
Q30644,Q14626387,,,,,,,,,,,,,,,,,,,,,,,,,,,,,,,,,,,,,,,,,,,,Kim-550,
Q30645,Q11574001,,,,,,,,,,,,,,,,,,,,,,,,,,,,,,,,,,,,,,,,,,,,,
Q30648,Q484246,,,,,,,,,,,,,,,,,,,,,,,,,,,,,,,,,,,,,,,,,,,,,
Q30649,Q110308933,,,,,,,,,,,,,,,,,,,,,,,,,,,,,,,,,,,,,,,,,,,,,
Q30652,Q19856007,,,,,,,,,,,,,,,,,,,,,,,,,,,,,,,,,,,,,,,,,,,,,
Q30653,Q1377984,,,,,,,,,,,,,,,,,,,,,,,,,,,,,,,,,,,,,,,,,,,,,
Q30656,Q55738112,,,,,,,,,,,,,,,,,,,,,,,,,,,,,,,,,,,,,,,,,,,,,
Q30657,Q110155176,,,,,,,,,,,,,,,,,,,,,,,,,,,,,,,,,,,,,,,,,,,,,
Q30660,Q15918680,,,,,,,,,,,,,,,,,,,,,,,,,,,,,,,,,,,,,,,,,,,,Yeongil_Jeong-1,
Q30661,Q110154886,,,,,,,,,,,,,,,,,,,,,,,,,,,,,,,,,,,,,,,,,,,,,
Q30664,Q12622411,,,,,,,,,,,,,,,,,,,,,,,,,,,,,,,,,,,,,,,,,,,,Jeong-7,
Q30665,Q110599290,,,,,,,,,,,,,,,,,,,,,,,,,,,,,,,,,,,,,,,,,,,,,
Q30668,Q484359,,,,,,,,,,,,,,,,,,,,,,,,,,,,,,,,,,,,,,,,,,,,Yi-32,
Q30669,Q108747085,,,,,,,,,,,,,,,,,,,,,,,,,,,,,,,,,,,,,,,,,,,,,
Q30672,Q484749,,,,,,,,,,,,,,,,,,,,,,,,,,,,,,,,,,,,,,,,,,,,Shim-17,
Q30673,Q11593772,,,,,,,,,,,,,,,,,,,,,,,,,,,,,,,,,,,,,,,,,,,,,
Q30676,Q11074192,,,,,,,,,,,,,,,,,,,,,,,,,,,,,,,,,,,,,,,,,,,,,
Q30677,Q108747061,,,,,,,,,,,,,,,,,,,,,,,,,,,,,,,,,,,,,,,,,,,,,
Q30680,Q6642697,,,,,,,,,,,,,,,,,,,,,,,,,,,,,,,,,,,,,,,,,,,,,
Q30681,Q109833074,,,,,,,,,,,,,,,,,,,,,,,,,,,,,,,,,,,,,,,,,,,,,
Q30684,Q11094636,,,,,,,,,,,,,,,,,,,,,,,,,,,,,,,,,,,,,,,,,,,,,
Q30685,Q11255670,,,,,,,,,,,,,,,,,,,,,,,,,,,,,,,,,,,,,,,,,,,,,
Q30688,Q22829216,,,,,,,,,,,,,,,,,,,,,,,,,,,,,,,,,,,,,,,,,,,,,
Q30689,Q2258118,,,,,,,,,,,,,,,,,,,,,,,,,,,,,,,,,,,,,,,,,,,,,
Q30692,Q133539104,,,,,,,,,,,,,,,,,,,,,,,,,,,,,,,,,,,,,,,,,,,,,
Q30693,Q24894252,,,,,,,,,,,,,,,,,,,,,,,,,,,,,,,,,,,,,,,,,,,,,
Q30696,Q45466972,,,,,,,,,,,,,,,,,,,,,,,,,,,,,,,,,,,,,,,,,,,,,
Q30697,Q26964090,,,,,,,,,,,,,,,,,,,,,,,,,,,,,,,,,,,,,,,,,,,,,
Q30700,Q45657275,,,,,,,,,,,,,,,,,,,,,,,,,,,,,,,,,,,,,,,,,,,,,
Q30701,Q26964159,,,,,,,,,,,,,,,,,,,,,,,,,,,,,,,,,,,,,,,,,,,,,
Q30704,Q28416471,,,,,,,,,,,,,,,,,,,,,,,,,,,,,,,,,,,,,,,,,,,,,
Q30705,Q11439372,,,,,,,,,,,,,,,,,,,,,,,,,,,,,,,,,,,,,,,,,,,,,
Q30708,Q45572114,,,,,,,,,,,,,,,,,,,,,,,,,,,,,,,,,,,,,,,,,,,,,
Q30709,Q111023551,,,,,,,,,,,,,,,,,,,,,,,,,,,,,,,,,,,,,,,,,,,,,
Q30712,Q8254686,,,,,,,,,,,,,,,,,,,,,,,,,,,,,,,,,,,,,,,,,,,,,
Q30713,Q10791039,,,,,,,,,,,,,,,,,,,,,,,,,,,,,,,,,,,,,,,,,,,,,
Q30716,Q4667238,,,,,,,,,,,,,,,,,,,,,,,,,,,,,,,,,,,,,,,,,,,,李-14,
Q30717,Q111023508,,,,,,,,,,,,,,,,,,,,,,,,,,,,,,,,,,,,,,,,,,,,,
Q30720,Q4122044,,,,,,,,,,,,,,,,,,,,,,,,,,,,,,,,,,,,,,,,,,,,,
Q30721,Q128865514,,,,,,,,,,,,,,,,,,,,,,,,,,,,,,,,,,,,,,,,,,,,,
Q30724,Q10061,,,,,,,,,,,,,,,,,,,,,,,,,,,843431,,,,,,,,,,,,,,,,,朱-12,
Q30726,Q11436435,,,,,,,,,,,,,,,,,,,,,,,,,,,,,,,,,,,,,,,,,,,,,
Q30728,Q11094630,,,,,,,,,,,,,,,,,,,,,,,,,,,,,,,,,,,,,,,,,,,,,
Q30730,Q11436344,,,,,,,,,,,,,,,,,,,,,,,,,,,,,,,,,,,,,,,,,,,,,
Q30732,Q11094631,,,,,,,,,,,,,,,,,,,,,,,,,,,,,,,,,,,,,,,,,,,,,
Q30734,Q11436415,,,,,,,,,,,,,,,,,,,,,,,,,,,,,,,,,,,,,,,,,,,,,
Q30736,Q16603606,,,,,,,,,,,,,,,,,,,,,,,,,,,,,,,,,,,,,,,,,,,,,
Q30738,Q11651864,,,,,,,,,,,,,,,,,,,,,,,,,,,,,,,,,,,,,,,,,,,,,
Q30740,Q11094647,,,,,,,,,,,,,,,,,,,,,,,,,,,843755,,,,,,,,,,,,,,,,,朱-33,
Q30742,Q108908703,,,,,,,,,,,,,,,,,,,,,,,,,,,,,,,,,,,,,,,,,,,,,
Q30744,Q10931699,,,,,,,,,,,,,,,,,,,,,,,,,,,,,,,,,,,,,,,,,,,,,
Q30746,Q108909252,,,,,,,,,,,,,,,,,,,,,,,,,,,,,,,,,,,,,,,,,,,,,
Q30748,Q11131846,,,,,,,,,,,,,,,,,,,,,,,,,,,,,,,,,,,,,,,,,,,,,
Q30750,Q11495754,,,,,,,,,,,,,,,,,,,,,,,,,,,,,,,,,,,,,,,,,,,,,
Q30752,Q15953421,,,,,,,,,,,,,,,,,,,,,,,,,,,,,,,,,,,,,,,,,,,,,
Q30754,Q106809077,,,,,,,,,,,,,,,,,,,,,,,,,,,,,,,,,,,,,,,,,,,,,
Q30756,Q10941117,,,,,,,,,,,,,,,,,,,,,,,,,,,,,,,,,,,,,,,,,,,,,
Q30758,Q106764599,,,,,,,,,,,,,,,,,,,,,,,,,,,,,,,,,,,,,,,,,,,,,
Q30760,Q11117345,,,,,,,,,,,,,,,,,,,,,,,,,,,,,,,,,,,,,,,,,,,,,
Q30762,Q11467561,,,,,,,,,,,,,,,,,,,,,,,,,,,,,,,,,,,,,,,,,,,,,
Q30764,Q11065028,,,,,,,,,,,,,,,,,,,,,,,,,,,,,,,,,,,,,,,,,,,,,
Q30766,Q106650315,,,,,,,,,,,,,,,,,,,,,,,,,,,,,,,,,,,,,,,,,,,,,
Q30768,Q8250808,,,,,,,,,,,,,,,,,,,,,,,,,,,,,,,,,,,,,,,,,,,,,
Q30770,Q108909224,,,,,,,,,,,,,,,,,,,,,,,,,,,,,,,,,,,,,,,,,,,,,
Q30773,Q8250841,,,,,,,,,,,,,,,,,,,,,,,,,,,,,,,,,,,,,,,,,,,,,
Q30774,Q3341470,,,,,,,,,,,,,,,,,,,,,,,,,,,805064,,,,,,,,,,,,,,,,,Nijō_晴良-2,I00523413
Q30777,Q8250571,,,,,,,,,,,,,,,,,,,,,,,,,,,,,,,,,,,,,,,,,,,,,
Q30778,Q109130659,,,,,,,,,,,,,,,,,,,,,,,,,,,,,,,,,,,,,,,,,,,,,
Q30781,Q8250498,,,,,,,,,,,,,,,,,,,,,,,,,,,,,,,,,,,,,,,,,,,,,
Q30782,Q109130899,,,,,,,,,,,,,,,,,,,,,,,,,,,,,,,,,,,,,,,,,,,,,
Q30785,Q8250627,,,,,,,,,,,,,,,,,,,,,,,,,,,,,,,,,,,,,,,,,,,,,
Q30786,Q11500870,,,,,,,,,,,,,,,,,,,,,,,,,,,,,,,,,,,,,,,,,,,,,
Q30789,Q8250643,,,,,,,,,,,,,,,,,,,,,,,,,,,,,,,,,,,,,,,,,,,,,
Q30790,Q106680510,,,,,,,,,,,,,,,,,,,,,,,,,,,,,,,,,,,,,,,,,,,,,
Q30793,Q30943749,,,,,,,,,,,,,,,,,,,,,,,,,,,,,,,,,,,,,,,,,,,,,
Q30794,Q1202670,,,,,,,,,,,,,,,,,,,,,,,,,,,,,,,,,,,,,,,,,,,,Saito-7,
Q30797,Q8250526,,,,,,,,,,,,,,,,,,,,,,,,,,,,,,,,,,,,,,,,,,,,,
Q30798,Q11500521,,,,,,,,,,,,,,,,,,,,,,,,,,,,,,,,,,,,,,,,,,,,,
Q30801,Q30943663,,,,,,,,,,,,,,,,,,,,,,,,,,,,,,,,,,,,,,,,,,,,,
Q30802,Q108910764,,,,,,,,,,,,,,,,,,,,,,,,,,,,,,,,,,,,,,,,,,,,,
Q30805,Q6784766,,,,,,,,,,,,,,,,,,,,,,,,,,,,,,,,,,,,,,,,,,,,,
Q30806,Q11596984,,,,,,,,,,,,,,,,,,,,,,,,,,,,,,,,,,,,,,,,,,,,,
Q30809,Q11094632,,,,,,,,,,,,,,,,,,,,,,,,,,,,,,,,,,,,,,,,,,,,,
Q30810,Q110068994,,,,,,,,,,,,,,,,,,,,,,,,,,,,,,,,,,,,,,,,,,,,,
Q30813,Q11094644,,,,,,,,,,,,,,,,,,,,,,,,,,,,,,,,,,,,,,,,,,,,,
Q30814,Q110844725,,,,,,,,,,,,,,,,,,,,,,,,,,,,,,,,,,,,,,,,,,,,,
Q30817,Q11094638,,,,,,,,,,,,,,,,,,,,,,,,,,,,,,,,,,,,,,,,,,,,,
Q30818,Q110948513,,,,,,,,,,,,,,,,,,,,,,,,,,,,,,,,,,,,,,,,,,,,,
Q30821,Q11094645,,,,,,,,,,,,,,,,,,,,,,,,,,,,,,,,,,,,,,,,,,,,,
Q30822,Q1185032,,,,,,,,,,,,,,,,,,,,,,,,,,,,,,,,,,,,,,,,,,,,大友-1,
Q30825,Q11094637,,,,,,,,,,,,,,,,,,,,,,,,,,,,,,,,,,,,,,,,,,,,,
Q30826,Q110070100,,,,,,,,,,,,,,,,,,,,,,,,,,,,,,,,,,,,,,,,,,,,,
Q30829,Q11094649,,,,,,,,,,,,,,,,,,,,,,,,,,,,,,,,,,,,,,,,,,,,,
Q30830,Q11500478,,,,,,,,,,,,,,,,,,,,,,,,,,,,,,,,,,,,,,,,,,,,,
Q30833,Q11094635,,,,,,,,,,,,,,,,,,,,,,,,,,,,,,,,,,,,,,,,,,,,,
Q30834,Q11500504,,,,,,,,,,,,,,,,,,,,,,,,,,,,,,,,,,,,,,,,,,,,,
Q30837,Q11094639,,,,,,,,,,,,,,,,,,,,,,,,,,,,,,,,,,,,,,,,,,,,,
Q30838,Q11500556,,,,,,,,,,,,,,,,,,,,,,,,,,,,,,,,,,,,,,,,,,,,,
Q30841,Q7227532,,,,,,,,,,,,,,,,,,,,,,,,,,,,,,,,,,,,,,,,,,,,,
Q30842,Q110070055,,,,,,,,,,,,,,,,,,,,,,,,,,,,,,,,,,,,,,,,,,,,,
Q30845,Q11094634,,,,,,,,,,,,,,,,,,,,,,,,,,,,,,,,,,,,,,,,,,,,,
Q30846,Q110069974,,,,,,,,,,,,,,,,,,,,,,,,,,,,,,,,,,,,,,,,,,,,,
Q30849,Q11094641,,,,,,,,,,,,,,,,,,,,,,,,,,,,,,,,,,,,,,,,,,,,,
Q30850,Q11651444,,,,,,,,,,,,,,,,,,,,,,,,,,,,,,,,,,,,,,,,,,,,,
Q30853,Q11094643,,,,,,,,,,,,,,,,,,,,,,,,,,,,,,,,,,,,,,,,,,,,,
Q30854,Q110069999,,,,,,,,,,,,,,,,,,,,,,,,,,,,,,,,,,,,,,,,,,,,,
Q30857,Q5312793,,,,,,,,,,,,,,,,,,,,,,,,,,,,,,,,,,,,,,,,,,,,,
Q30858,Q11500480,,,,,,,,,,,,,,,,,,,,,,,,,,,,,,,,,,,,,,,,,,,,,
Q30861,Q10941170,,,,,,,,,,,,,,,,,,,,,,,,,,,,,,,,,,,,,,,,,,,,,
Q30862,Q115586990,,,,,,,,,,,,,,,,,,,,,,,,,,,,,,,,,,,,,,,,,,,,,
Q30865,Q10941022,,,,,,,,,,,,,,,,,,,,,,,,,,,,,,,,,,,,,,,,,,,,,
Q30866,Q115587148,,,,,,,,,,,,,,,,,,,,,,,,,,,,,,,,,,,,,,,,,,,,,
Q30869,Q26209802,,,,,,,,,,,,,,,,,,,,,,,,,,,,,,,,,,,,,,,,,,,,,
Q30870,Q2880879,,,,,,,,,,,,,,,,,,,,,,,,,,,,,,,,,,,,,,,,,,,,,
Q30873,Q556181,,,,,,,,,,,,,,,,,,,,,,,,,,,,,,,,,,,,,,,,,,,,,
Q30874,Q11546111,,,,,,,,,,,,,,,,,,,,,,,,,,,,,,,,,,,,,,,,,,,,,
Q30877,Q553840,,,,,,,,,,,,,,,,,,,,,,,,,,,,,,,,,,,,,,,,,,,,,
Q30878,Q106652306,,,,,,,,,,,,,,,,,,,,,,,,,,,,,,,,,,,,,,,,,,,,,
Q30881,Q796039,,,,,,,,,,,,,,,,,,,,,,,,,,,,,,,,,,,,,,,,,,,,,
Q30882,Q27917325,,,,,,,,,,,,,,,,,,,,,,,,,,,,,,,,,,,,,,,,,,,,,
Q30885,Q8249167,,,,,,,,,,,,,,,,,,,,,,,,,,,,,,,,,,,,,,,,,,,,,
Q30886,Q11587213,,,,,,,,,,,,,,,,,,,,,,,,,,,,,,,,,,,,,,,,,,,,,
Q30889,Q11042349,,,,,,,,,,,,,,,,,,,,,,,,,,,,,,,,,,,,,,,,,,,,,
Q30890,Q840245,,,,,,,,,,,,,,,,,,,,,,,,,,,,,,,,,,,,,,,,,,,,,
Q30893,Q10944058,,,,,,,,,,,,,,,,,,,,,,,,,,,,,,,,,,,,,,,,,,,,,
Q30894,Q11388055,,,,,,,,,,,,,,,,,,,,,,,,,,,,,,,,,,,,,,,,,,,,,
Q30897,Q8363852,,,,,,,,,,,,,,,,,,,,,,,,,,,,,,,,,,,,,,,,,,,,,
Q30898,Q109331256,,,,,,,,,,,,,,,,,,,,,,,,,,,,,,,,,,,,,,,,,,,,,
Q30901,Q795891,,,,,,,,,,,,,,,,,,,,,,,,,,,,,,,,,,,,,,,,,,,,,
Q30902,Q109921507,,,,,,,,,,,,,,,,,,,,,,,,,,,,,,,,,,,,,,,,,,,,,
Q30905,Q890082,,,,,,,,,,,,,,,,,,,,,,,,,,,,,,,,,,,,,,,,,,,,,
Q30906,Q11447194,,,,,,,,,,,,,,,,,,,,,,,,,,,,,,,,,,,,,,,,,,,,,
Q30909,Q27778662,,,,,,,,,,,,,,,,,,,,,,,,,,,,,,,,,,,,,,,,,,,,,
Q30910,Q109901736,,,,,,,,,,,,,,,,,,,,,,,,,,,,,,,,,,,,,,,,,,,,,
Q30912,Q2888519,,,,,,,,,,,,,,,,,,,,,,,,,,,,,,,,,,,,,,,,,,,,,
Q30915,Q10505317,,,,,,,,,,,,,,,,,,,,,,,,,,,,,,,,,,,,,,,,,,,,,
Q30916,Q1184849,,,,,,,,,,,,,,,,,,,,,,,,,,,,,,,,,,,,,,,,,,,,,
Q30919,Q113226894,,,,,,,,,,,,,,,,,,,,,,,,,,,,,,,,,,,,,,,,,,,,,
Q30920,Q1184838,,,,,,,,,,,,,,,,,,,,,,,,,,,,,,,,,,,,,,,,,,,,,
Q30923,Q1098095,,,,,,,,,,,,,,,,,,,,,,,,,,,,,,,,,,,,,,,,,,,,,
Q30924,Q1157091,,,,,,,,,,,,,,,,,,,,,,,,,,,,,,,,,,,,,,,,,,,,,
Q30927,Q106916906,,,,,,,,,,,,,,,,,,,,,,,,,,,,,,,,,,,,,,,,,,,,,
Q30928,Q6401776,,,,,,,,,,,,,,,,,,,,,,,,,,,,,,,,,,,,,,,,,,,,,
Q30931,Q110854943,,,,,,,,,,,,,,,,,,,,,,,,,,,,,,,,,,,,,,,,,,,,,
Q30932,Q5952023,,,,,,,,,,,,,,,,,,,,,,,,,,,,,,,,,,,,,,,,,,,,,
Q30935,Q107166859,,,,,,,,,,,,,,,,,,,,,,,,,,,,,,,,,,,,,,,,,,,,,
Q30936,Q16077210,,,,,,,,,,,,,,,,,,,,,,,,,,,,,,,,,,,,,,,,,,,,,
Q30939,Q108129884,,,,,,,,,,,,,,,,,,,,,,,,,,,,,,,,,,,,,,,,,,,,,
Q30940,Q17163668,,,,,,,,,,,,,,,,,,,,,,,,,,,,,,,,,,,,,,,,,,,,,
Q30943,Q11578686,,,,,,,,,,,,,,,,,,,,,,,,,,,,,,,,,,,,,,,,,,,,,
Q30944,Q37151,,,,,,,,,,,,,,,,,,,,,,,,,,,,,,,,,,,,,,,,,,,,,
Q30947,Q11578643,,,,,,,,,,,,,,,,,,,,,,,,,,,,,,,,,,,,,,,,,,,,,
Q30948,Q6669597,,,,,,,,,,,,,,,,,,,,,,,,,,,,,,,,,,,,,,,,,,,,,
Q30951,Q11106813,,,,,,,,,,,,,,,,,,,,,,,,,,,,,,,,,,,,,,,,,,,,,
Q30952,Q133571110,,,,,,,,,,,,,,,,,,,,,,,,,,,,,,,,,,,,,,,,,,,,,
Q30955,Q11107033,,,,,,,,,,,,,,,,,,,,,,,,,,,,,,,,,,,,,,,,,,,,,
Q30956,Q24835105,,,,,,,,L5VX-1QF,,,,,,,,,,,,,,,,,,,,,,,,,,,,,,,,,,,,,
Q30959,Q20042364,,,,,,,,,,,,,,,,,,,,,,,,,,,,,,,,,,,,,,,,,,,,,
Q30960,Q7240164,,,,,,,,L5VF-3NX,,,,,,,,,,,,,,,,,,,,,,,,,,,,,,,,,,,,,
Q30963,Q110249944,,,,,,,,,,,,,,,,,,,,,,,,,,,,,,,,,,,,,,,,,,,,,
Q30964,Q133571005,,,,,,,,,,,,,,,,,,,,,,,,,,,,,,,,,,,,,,,,,,,,,
Q30967,Q110943655,,,,,,,,,,,,,,,,,,,,,,,,,,,,,,,,,,,,,,,,,,,,,
Q30968,Q16159585,,,,,,,,,,,,,,,,,,,,,,,,,,,,,,,,,,,,,,,,,,,,,
Q30971,Q11142452,,,,,,,,,,,,,,,,,,,,,,,,,,,,,,,,,,,,,,,,,,,,,
Q30972,Q8249304,,,,,,,,,,,,,,,,,,,,,,,,,,,,,,,,,,,,,,,,,,,,,
Q30975,Q108935693,,,,,,,,,,,,,,,,,,,,,,,,,,,,,,,,,,,,,,,,,,,,,
Q30976,Q8249165,,,,,,,,,,,,,,,,,,,,,,,,,,,,,,,,,,,,,,,,,,,,,
Q30979,Q110116888,,,,,,,,,,,,,,,,,,,,,,,,,,,,,,,,,,,,,,,,,,,,,
Q30980,Q589275,,,,,,,,,,,,,,,,,,,,,,,,,,,,,,,,,,,,,,,,,,,,,
Q30983,Q110116948,,,,,,,,,,,,,,,,,,,,,,,,,,,,,,,,,,,,,,,,,,,,,
Q30984,Q10892739,,,,,,,,,,,,,,,,,,,,,,,,,,,,,,,,,,,,,,,,,,,,,
Q30987,Q108693973,,,,,,,,,,,,,,,,,,,,,,,,,,,,,,,,,,,,,,,,,,,,,
Q30988,Q17040799,,,,,,,,,,,,,,,,,,,,,,,,,,,,,,,,,,,,,,,,,,,,,
Q30991,Q109116406,,,,,,,,,,,,,,,,,,,,,,,,,,,,,,,,,,,,,,,,,,,,,
Q30992,Q10742496,,,,,,,,,,,,,,,,,,,,,,,,,,,,,,,,,,,,,,,,,,,,,
Q30995,Q11383458,,,,,,,,,,,,,,,,,,,,,,,,,,,,,,,,,,,,,,,,,,,,,
Q30996,Q11139221,,,,,,,,,,,,,,,,,,,,,,,,,,,,,,,,,,,,,,,,,,,,,
Q30999,Q108184549,,,,,,,,,,,,,,,,,,,,,,,,,,,,,,,,,,,,,,,,,,,,,
Q31000,Q7314897,,,,,,,,,,,,,,,,,,,,,,,,,,,,,,,,,,,,,,,,,,,,,
Q31003,Q106774156,,,,,,,,,,,,,,,,,,,,,,,,,,,,,,,,,,,,,,,,,,,,,
Q31004,Q11094117,,,,,,,,,,,,,,,,,,,,,,,,,,,,,,,,,,,,,,,,,,,,,
Q31007,Q106774665,,,,,,,,,,,,,,,,,,,,,,,,,,,,,,,,,,,,,,,,,,,,,
Q31008,Q11094118,,,,,,,,,,,,,,,,,,,,,,,,,,,,,,,,,,,,,,,,,,,,,
Q31011,Q108842299,,,,,,,,,,,,,,,,,,,,,,,,,,,,,,,,,,,,,,,,,,,,,
Q31012,Q11094161,,,,,,,,,,,,,,,,,,,,,,,,,,,,,,,,,,,,,,,,,,,,,
Q31015,Q109790395,,,,,,,,,,,,,,,,,,,,,,,,,,,,,,,,,,,,,,,,,,,,,
Q31016,Q22829221,,,,,,,,,,,,,,,,,,,,,,,,,,,,,,,,,,,,,,,,,,,,,
Q31019,Q108057833,,,,,,,,,,,,,,,,,,,,,,,,,,,,,,,,,,,,,,,,,,,,,
Q31020,Q11094224,,,,,,,,,,,,,,,,,,,,,,,,,,,,,,,,,,,,,,,,,,,,,
Q31023,Q110010064,,,,,,,,,,,,,,,,,,,,,,,,,,,,,,,,,,,,,,,,,,,,,
Q31024,Q11093962,,,,,,,,,,,,,,,,,,,,,,,,,,,,,,,,,,,,,,,,,,,,,
Q31027,Q11459869,,,,,,,,,,,,,,,,,,,,,,,,,,,,,,,,,,,,,,,,,,,,,
Q31028,Q11093961,,,,,,,,,,,,,,,,,,,,,,,,,,,,,,,,,,,,,,,,,,,,,
Q31031,Q107172274,,,,,,,,,,,,,,,,,,,,,,,,,,,,,,,,,,,,,,,,,,,,,
Q31032,Q11093569,,,,,,,,,,,,,,,,,,,,,,,,,,,,,,,,,,,,,,,,,,,,,
Q31035,Q107172278,,,,,,,,,,,,,,,,,,,,,,,,,,,,,,,,,,,,,,,,,,,,,
Q31036,Q11094721,,,,,,,,,,,,,,,,,,,,,,,,,,,,,,,,,,,,,,,,,,,,,
Q31039,Q107172280,,,,,,,,,,,,,,,,,,,,,,,,,,,,,,,,,,,,,,,,,,,,,
Q31040,Q11093982,,,,,,,,,,,,,,,,,,,,,,,,,,,,,,,,,,,,,,,,,,,,,
Q31043,Q108782876,,,,,,,,,,,,,,,,,,,,,,,,,,,,,,,,,,,,,,,,,,,,,
Q31044,Q8254605,,,,,,,,,,,,,,,,,,,,,,,,,,,,,,,,,,,,,,,,,,,,,
Q31047,Q11381086,,,,,,,,,,,,,,,,,,,,,,,,,,,,,,,,,,,,,,,,,,,,,I00523429
Q31048,Q11093741,,,,,,,,,,,,,,,,,,,,,,,,,,,,,,,,,,,,,,,,,,,,,
Q31051,Q110084999,,,,,,,,,,,,,,,,,,,,,,,,,,,,,,,,,,,,,,,,,,,,,
Q31052,Q132087523,,,,,,,,,,,,,,,,,,,,,,,,,,,,,,,,,,,,,,,,,,,,,
Q31055,Q109305036,,,,,,,,,,,,,,,,,,,,,,,,,,,,,,,,,,,,,,,,,,,,,
Q31056,Q65052422,,,,,,,,,,,,,,,,,,,,,,,,,,,,,,,,,,,,,,,,,,,,,
Q31059,Q113166568,,,,,,,,,,,,,,,,,,,,,,,,,,,,,,,,,,,,,,,,,,,,,
Q31060,Q11094723,,,,,,,,,,,,,,,,,,,,,,,,,,,,,,,,,,,,,,,,,,,,,
Q31063,Q113198077,,,,,,,,,,,,,,,,,,,,,,,,,,,,,,,,,,,,,,,,,,,,,
Q31065,Q8071150,,,,,,,,,,,,,,,,,,,,,,,,,,,,,,,,,,,,,,,,,,,,,
Q31067,Q110882115,,,,,,,,,,,,,,,,,,,,,,,,,,,,,,,,,,,,,,,,,,,,,
Q31069,Q11093856,,,,,,,,,,,,,,,,,,,,,,,,,,,,,,,,,,,,,,,,,,,,,
Q31071,Q126006445,,,,,,,,,,,,,,,,,,,,,,,,,,,,,,,,,,,,,,,,,,,,,
Q31073,Q11094593,,,,,,,,,,,,,,,,,,,,,,,,,,,,,,,,,,,,,,,,,,,,,
Q31075,Q104539060,,,,,,,,,,,,,,,,,,,,,,,,,,,,,,,,,,,,,,,,,,,,,
Q31077,Q11094592,,,,,,,,,,,,,,,,,,,,,,,,,,,,,,,,,,,,,,,,,,,,,
Q31079,Q111200552,,,,,,,,,,,,,,,,,,,,,,,,,,,,,,,,,,,,,,,,,,,,,
Q31081,Q11094708,,,,,,,,,,,,,,,,,,,,,,,,,,,,,,,,,,,,,,,,,,,,,
Q31083,Q111199850,,,,,,,,,,,,,,,,,,,,,,,,,,,,,,,,,,,,,,,,,,,,,
Q31085,Q11094707,,,,,,,,,,,,,,,,,,,,,,,,,,,,,,,,,,,,,,,,,,,,,
Q31087,Q111199967,,,,,,,,,,,,,,,,,,,,,,,,,,,,,,,,,,,,,,,,,,,,,
Q31089,Q11094706,,,,,,,,,,,,,,,,,,,,,,,,,,,,,,,,,,,,,,,,,,,,,
Q31091,Q111200190,,,,,,,,,,,,,,,,,,,,,,,,,,,,,,,,,,,,,,,,,,,,,
Q31093,Q33113867,,,,,,,,,,,,,,,,,,,,,,,,,,,,,,,,,,,,,,,,,,,,,
Q31095,Q111200271,,,,,,,,,,,,,,,,,,,,,,,,,,,,,,,,,,,,,,,,,,,,,
Q31097,Q11094420,,,,,,,,,,,,,,,,,,,,,,,,,,,,,,,,,,,,,,,,,,,,,
Q31099,Q108057859,,,,,,,,,,,,,,,,,,,,,,,,,,,,,,,,,,,,,,,,,,,,,
Q31101,Q18653758,,,,,,,,,,,,,,,,,,,,,,,,,,,,,,,,,,,,,,,,,,,,,
Q31103,Q108853265,,,,,,,,,,,,,,,,,,,,,,,,,,,,,,,,,,,,,,,,,,,,,
Q31105,Q11094941,,,,,,,,,,,,,,,,,,,,,,,,,,,,,,,,,,,,,,,,,,,,朱-28,
Q31107,Q11400601,,,,,,,,,,,,,,,,,,,,,,,,,,,,,,,,,,,,,,,,,,,,,
Q31109,Q45417356,,,,,,,,,,,,,,,,,,,,,,,,,,,,,,,,,,,,,,,,,,,,,
Q31111,Q11355854,,,,,,,,,,,,,,,,,,,,,,,,,,,,,,,,,,,,,,,,,,,,,
Q31113,Q378483,,,,,,,,,,,,,,,,,,,,,,,,,,,,,,,,,,,,,,,,,,,,,
Q31115,Q109321480,,,,,,,,,,,,,,,,,,,,,,,,,,,,,,,,,,,,,,,,,,,,,
Q31117,Q6743293,,,,,,,,,,,,,,,,,,,,,,,,,,,,,,,,,,,,,,,,,,,,,
Q31119,Q109950230,,,,,,,,,,,,,,,,,,,,,,,,,,,,,,,,,,,,,,,,,,,,,
Q31121,Q483467,,,,,,,,,,,,,,,,,,,,,,,,,,,,,,,,,,,,,,,,,,,,,
Q31123,Q111288569,,,,,,,,,,,,,,,,,,,,,,,,,,,,,,,,,,,,,,,,,,,,,
Q31125,Q485556,,,,,,,,,,,,,,,,,,,,,,,,,,,,,,,,,,,,,,,,,,,,,
Q31127,Q106701773,,,,,,,,,,,,,,,,,,,,,,,,,,,,,,,,,,,,,,,,,,,,,
Q31129,Q488670,,,,,,,,,,,,,,,,,,,,,,,,,,,,,,,,,,,,,,,,,,,,,
Q31131,Q108968697,,,,,,,,,,,,,,,,,,,,,,,,,,,,,,,,,,,,,,,,,,,,,
Q31133,Q488700,,,,,,,,,,,,,,,,,,,,,,,,,,,,,,,,,,,,,,,,,,,,,
Q31135,Q109830642,,,,,,,,,,,,,,,,,,,,,,,,,,,,,,,,,,,,,,,,,,,,,
Q31137,Q498713,,,,,,,,,,,,,,,,,,,,,,,,,,,,,,,,,,,,,,,,,,,,,
Q31139,Q109934067,,,,,,,,,,,,,,,,,,,,,,,,,,,,,,,,,,,,,,,,,,,,,
Q31141,Q498707,,,,,,,,,,,,,,,,,,,,,,,,,,,,,,,,,,,,,,,,,,,,,
Q31143,Q110079891,,,,,,,,,,,,,,,,,,,,,,,,,,,,,,,,,,,,,,,,,,,,,
Q31145,Q626461,,,,,,,,,,,,,,,,,,,,,,,,,,,,,,,,,,,,,,,,,,,,,
Q31147,Q109252603,,,,,,,,,,,,,,,,,,,,,,,,,,,,,,,,,,,,,,,,,,,,,
Q31149,Q12583773,,,,,,,,,,,,,,,,,,,,,,,,,,,,,,,,,,,,,,,,,,,,,
Q31151,Q134437546,,,,,,,,,,,,,,,,,,,,,,,,,,,,,,,,,,,,,,,,,,,,,
Q31153,Q12610712,,,,,,,,,,,,,,,,,,,,,,,,,,,,,,,,,,,,,,,,,,,,,
Q31155,Q109447174,,,,,,,,,,,,,,,,,,,,,,,,,,,,,,,,,,,,,,,,,,,,,
Q31157,Q3382230,,,,,,,,,,,,,,,,,,,,,,,,,,,,,,,,,,,,,,,,,,,,,
Q31159,Q102246950,,,,,,,,,,,,,,,,,,,,,,,,,,,,,,,,,,,,,,,,,,,,,
Q31161,Q16180284,,,,,,,,,,,,,,,,,,,,,,,,,,,,,,,,,,,,,,,,,,,,,
Q31164,Q17223845,,,,,,,,,,,,,,,,,,,,,,,,,,,,,,,,,,,,,,,,,,,,,
Q31165,Q16181942,,,,,,,,,,,,,,,,,,,,,,,,,,,,,,,,,,,,,,,,,,,,,
Q31168,Q111374059,,,,,,,,,,,,,,,,,,,,,,,,,,,,,,,,,,,,,,,,,,,,,
Q31169,Q16165700,,,,,,,,,,,,,,,,,,,,,,,,,,,,,,,,,,,,,,,,,,,,,
Q31172,Q18457811,,,,,,,,,,,,,,,,,,,,,,,,,,,,,,,,,,,,,,,,,,,,,
Q31173,Q17500727,,,,,,,,,,,,,,,,,,,,,,,,,,,,,,,,,,,,,,,,,,,,,
Q31176,Q1065163,,,,,,,,,,,,,,,,,,,,,,,,,,,,,,,,,,,,,,,,,,,,,
Q31177,Q10944995,,,,,,,,,,,,,,,,,,,,,,,,,,,,,,,,,,,,,,,,,,,,,
Q31180,Q108819051,,,,,,,,,,,,,,,,,,,,,,,,,,,,,,,,,,,,,,,,,,,,,
Q31181,Q12604306,,,,,,,,,,,,,,,,,,,,,,,,,,,,,,,,,,,,,,,,,,,,,
Q31184,Q108819073,,,,,,,,,,,,,,,,,,,,,,,,,,,,,,,,,,,,,,,,,,,,,
Q31185,Q12601697,,,,,,,,,,,,,,,,,,,,,,,,,,,,,,,,,,,,,,,,,,,,,
Q31188,Q17226361,,,,,,,,,,,,,,,,,,,,,,,,,,,,,,,,,,,,,,,,,,,,,
Q31189,Q12602495,,,,,,,,,,,,,,,,,,,,,,,,,,,,,,,,,,,,,,,,,,,,,
Q31192,Q109680030,,,,,,,,,,,,,,,,,,,,,,,,,,,,,,,,,,,,,,,,,,,,,
Q31193,Q16175956,,,,,,,,,,,,,,,,,,,,,,,,,,,,,,,,,,,,,,,,,,,,,
Q31196,Q108892498,,,,,,,,,,,,,,,,,,,,,,,,,,,,,,,,,,,,,,,,,,,,,
Q31197,Q16182147,,,,,,,,,,,,,,,,,,,,,,,,,,,,,,,,,,,,,,,,,,,,,
Q31200,Q108892519,,,,,,,,,,,,,,,,,,,,,,,,,,,,,,,,,,,,,,,,,,,,,
Q31201,Q11152201,,,,,,,,,,,,,,,,,,,,,,,,,,,,,,,,,,,,,,,,,,,,,
Q31204,Q11352800,,,,,,,,,,,,,,,,,,,,,,,,,,,,,,,,,,,,,,,,,,,,,
Q31205,Q22974673,,,,,,,,,,,,,,,,,,,,,,,,,,,,,,,,,,,,,,,,,,,,,
Q31208,Q109789172,,,,,,,,,,,,,,,,,,,,,,,,,,,,,,,,,,,,,,,,,,,,,
Q31209,Q18734136,,,,,,,,,,,,,,,,,,,,,,,,,,,,,,,,,,,,,,,,,,,,,
Q31212,Q109830798,,,,,,,,,,,,,,,,,,,,,,,,,,,,,,,,,,,,,,,,,,,,,
Q31213,Q18732860,,,,,,,,,,,,,,,,,,,,,,,,,,,,,,,,,,,,,,,,,,,,,
Q31216,Q134438310,,,,,,,,,,,,,,,,,,,,,,,,,,,,,,,,,,,,,,,,,,,,,
Q31217,Q22973585,,,,,,,,,,,,,,,,,,,,,,,,,,,,,,,,,,,,,,,,,,,,,
Q31220,Q108850244,,,,,,,,,,,,,,,,,,,,,,,,,,,,,,,,,,,,,,,,,,,,,
Q31222,Q21825468,,,,,,,,,,,,,,,,,,,,,,,,,,,,,,,,,,,,,,,,,,,,,
Q31224,Q109782580,,,,,,,,,,,,,,,,,,,,,,,,,,,,,,,,,,,,,,,,,,,,,
Q31226,Q21709883,,,,,,,,,,,,,,,,,,,,,,,,,,,,,,,,,,,,,,,,,,,,,
Q31228,Q108856186,,,,,,,,,,,,,,,,,,,,,,,,,,,,,,,,,,,,,,,,,,,,,
Q31230,Q22974091,,,,,,,,,,,,,,,,,,,,,,,,,,,,,,,,,,,,,,,,,,,,,
Q31232,Q109352310,,,,,,,,,,,,,,,,,,,,,,,,,,,,,,,,,,,,,,,,,,,,,
Q31234,Q12596272,,,,,,,,,,,,,,,,,,,,,,,,,,,,,,,,,,,,,,,,,,,,,
Q31236,Q109680941,,,,,,,,,,,,,,,,,,,,,,,,,,,,,,,,,,,,,,,,,,,,,
Q31238,Q12596201,,,,,,,,,,,,,,,,,,,,,,,,,,,,,,,,,,,,,,,,,,,,,
Q31240,Q109129778,,,,,,,,,,,,,,,,,,,,,,,,,,,,,,,,,,,,,,,,,,,,,
Q31242,Q12596202,,,,,,,,,,,,,,,,,,,,,,,,,,,,,,,,,,,,,,,,,,,,,
Q31244,Q109129916,,,,,,,,,,,,,,,,,,,,,,,,,,,,,,,,,,,,,,,,,,,,,
Q31246,Q6673667,,,,,,,,,,,,,,,,,,,,,,,,,,,,,,,,,,,,,,,,,,,,,
Q31248,Q111374418,,,,,,,,,,,,,,,,,,,,,,,,,,,,,,,,,,,,,,,,,,,,,
Q31250,Q12596206,,,,,,,,,,,,,,,,,,,,,,,,,,,,,,,,,,,,,,,,,,,,,
Q31252,Q111374894,,,,,,,,,,,,,,,,,,,,,,,,,,,,,,,,,,,,,,,,,,,,,
Q31254,Q12603207,,,,,,,,,,,,,,,,,,,,,,,,,,,,,,,,,,,,,,,,,,,,,
Q31256,Q108780142,,,,,,,,,,,,,,,,,,,,,,,,,,,,,,,,,,,,,,,,,,,,,
Q31258,Q16170211,,,,,,,,,,,,,,,,,,,,,,,,,,,,,,,,,,,,,,,,,,,,,
Q31260,Q108776871,,,,,,,,,,,,,,,,,,,,,,,,,,,,,,,,,,,,,,,,,,,,,
Q31262,Q10942303,,,,,,,,,,,,,,,,,,,,,,,,,,,,,,,,,,,,,,,,,,,,,
Q31264,Q109786479,,,,,,,,,,,,,,,,,,,,,,,,,,,,,,,,,,,,,,,,,,,,,
Q31266,Q24000519,,,,,,,,,,,,,,,,,,,,,,,,,,,,,,,,,,,,,,,,,,,,,
Q31268,Q109946891,,,,,,,,,,,,,,,,,,,,,,,,,,,,,,,,,,,,,,,,,,,,,
Q31270,Q625579,,,,,,,,,,,,,,,,,,,,,,,,,,,,,,,,,,,,,,,,,,,,,
Q31272,Q110256325,,,,,,,,,,,,,,,,,,,,,,,,,,,,,,,,,,,,,,,,,,,,,
Q31274,Q28698652,,,,,,,,,,,,,,,,,,,,,,,,,,,,,,,,,,,,,,,,,,,,,
Q31276,Q108840940,,,,,,,,,,,,,,,,,,,,,,,,,,,,,,,,,,,,,,,,,,,,,
Q31278,Q28698659,,,,,,,,,,,,,,,,,,,,,,,,,,,,,,,,,,,,,,,,,,,,,
Q31280,Q109672270,,,,,,,,,,,,,,,,,,,,,,,,,,,,,,,,,,,,,,,,,,,,,
Q31282,Q484806,,,,,,,,,,,,,,,,,,,,,,,,,,,,,,,,,,,,,,,,,,,,,
Q31284,Q11497899,,,,,,,,,,,,,,,,,,,,,,,,,,,,,,,,,,,,,,,,,,,,,
Q31286,Q24856306,,,,,,,,,,,,,,,,,,,,,,,,,,,,,,,,,,,,,,,,,,,,,
Q31288,Q11353933,,,,,,,,,,,,,,,,,,,,,,,,,,,,,,,,,,,,,,,,,,,,,I00523385
Q31290,Q16191952,,,,,,,,,,,,,,,,,,,,,,,,,,,,,,,,,,,,,,,,,,,,,
Q31292,Q110087844,,,,,,,,,,,,,,,,,,,,,,,,,,,,,,,,,,,,,,,,,,,,,
Q31294,Q12622430,,,,,,,,,,,,,,,,,,,,,,,,,,,,,,,,,,,,,,,,,,,,,
Q31296,Q134437840,,,,,,,,,,,,,,,,,,,,,,,,,,,,,,,,,,,,,,,,,,,,,
Q31298,Q483392,,,,,,,,,,,,,,,,,,,,,,,,,,,,,,,,,,,,,,,,,,,,Park-4317,
Q31300,Q134438401,,,,,,,,,,,,,,,,,,,,,,,,,,,,,,,,,,,,,,,,,,,,,
Q31302,Q484044,,,,,,,,,,,,,,,,,,,,,,,,,,,,,,,,,,,,,,,,,,,,Kim-554,
Q31304,Q334076,,,,,,,,,,,,,,,,,,,,,,,,,,,,,,,,,,,,,,,,,,,,Ōgimachi-tennō_正親町天皇-1,I00523382
Q31306,Q8512828,,,,,,,,,,,,,,,,,,,,,,,,,,,,,,,,,,,,,,,,,,,,Kim-552,
Q31308,Q11630327,,,,,,,,,,,,,,,,,,,,,,,,,,,,,,,,,,,,,,,,,,,,,
Q31310,Q6855022,,,,,,,,,,,,,,,,,,,,,,,,,,,,,,,,,,,,,,,,,,,,,
Q31312,Q108436047,,,,,,,,,,,,,,,,,,,,,,,,,,,,,,,,,,,,,,,,,,,,,
Q31314,Q6666127,,,,,,,,,,,,,,,,,,,,,,,,,,,,,,,,,,,,,,,,,,,,,
Q31316,Q108780117,,,,,,,,,,,,,,,,,,,,,,,,,,,,,,,,,,,,,,,,,,,,,
Q31318,Q6700017,,,,,,,,,,,,,,,,,,,,,,,,,,,,,,,,,,,,,,,,,,,,,
Q31320,Q108783307,,,,,,,,,,,,,,,,,,,,,,,,,,,,,,,,,,,,,,,,,,,,,
Q31322,Q6759050,,,,,,,,,,,,,,,,,,,,,,,,,,,,,,,,,,,,,,,,,,,,,
Q31324,Q109252607,,,,,,,,,,,,,,,,,,,,,,,,,,,,,,,,,,,,,,,,,,,,,
Q31326,Q31180749,,,,,,,,,,,,,,,,,,,,,,,,,,,,,,,,,,,,,,,,,,,,,
Q31328,Q109447173,,,,,,,,,,,,,,,,,,,,,,,,,,,,,,,,,,,,,,,,,,,,,
Q31330,Q11152192,,,,,,,,,,,,,,,,,,,,,,,,,,,,,,,,,,,,,,,,,,,,,
Q31332,Q11435036,,,,,,,,,,,,,,,,,,,,,,,,,,,,,,,,,,,,,,,,,,,,,
Q31334,Q17025107,,,,,,,,,,,,,,,,,,,,,,,,,,,,,,,,,,,,,,,,,,,,,
Q31336,Q108356210,,,,,,,,,,,,,,,,,,,,,,,,,,,,,,,,,,,,,,,,,,,,,
Q31338,Q8512836,,,,,,,,,,,,,,,,,,,,,,,,,,,,,,,,,,,,,,,,,,,,,
Q31340,Q110900335,,,,,,,,,,,,,,,,,,,,,,,,,,,,,,,,,,,,,,,,,,,,,
Q31343,Q485505,,,,,,,,,,,,,,,,,,,,,,,,,,,,,,,,,,,,,,,,,,,,,
Q31345,Q108532794,,,,,,,,,,,,,,,,,,,,,,,,,,,,,,,,,,,,,,,,,,,,,
Q31347,Q482874,,,,,,,,,,,,,,,,,,,,,,,,,,,,,,,,,,,,,,,,,,,,Yi-33,
Q31349,Q123406244,,,,,,,,,,,,,,,,,,,,,,,,,,,,,,,,,,,,,,,,,,,,,
Q31351,Q16174367,,,,,,,,,,,,,,,,,,,,,,,,,,,,,,,,,,,,,,,,,,,,,
Q31353,Q109805562,,,,,,,,,,,,,,,,,,,,,,,,,,,,,,,,,,,,,,,,,,,,,
Q31355,Q11097443,,,,,,,,,,,,,,,,,,,,,,,,,,,,,,,,,,,,,,,,,,,,,
Q31357,Q10117606,,,,,,,,,,,,,,,,,,,,,,,,,,,,,,,,,,,,,,,,,,,,,
Q31359,Q492990,,,,,,,,,,,,,,,,,,,,,,,,,,,,,,,,,,,,,,,,,,,,Yi-52,
Q31361,Q110140329,,,,,,,,,,,,,,,,,,,,,,,,,,,,,,,,,,,,,,,,,,,,,
Q31363,Q492616,,,,,,,,,,,,,,,,,,,,,,,,,,,,,,,,,,,,,,,,,,,,,
Q31365,Q110140645,,,,,,,,,,,,,,,,,,,,,,,,,,,,,,,,,,,,,,,,,,,,,
Q31367,Q12615801,,,,,,,,,,,,,,,,,,,,,,,,,,,,,,,,,,,,,,,,,,,,,
Q31371,Q12616166,,,,,,,,,,,,,,,,,,,,,,,,,,,,,,,,,,,,,,,,,,,,,
Q31375,Q16262485,,,,,,,,,,,,,,,,,,,,,,,,,,,,,,,,,,,,,,,,,,,,,
Q31379,Q16188659,,,,,,,,,,,,,,,,,,,,,,,,,,,,,,,,,,,,,,,,,,,,,
Q31383,Q12610806,,,,,,,,,,,,,,,,,,,,,,,,,,,,,,,,,,,,,,,,,,,,,
Q31385,Q110994640,,,,,,,,,,,,,,,,,,,,,,,,,,,,,,,,,,,,,,,,,,,,,
Q31387,Q12615951,,,,,,,,,,,,,,,,,,,,,,,,,,,,,,,,,,,,,,,,,,,,,
Q31389,Q3200258,,,,,,,,,,,,,,,,,,,,,,,,,,,974025,,,,,,,,,,,,,,,,,鷹司-34,I00523406
Q31391,Q12615810,,,,,,,,,,,,,,,,,,,,,,,,,,,,,,,,,,,,,,,,,,,,,
Q31393,Q109303528,,,,,,,,,,,,,,,,,,,,,,,,,,,,,,,,,,,,,,,,,,,,,
Q31395,Q12616204,,,,,,,,,,,,,,,,,,,,,,,,,,,,,,,,,,,,,,,,,,,,,
Q31397,Q109307097,,,,,,,,,,,,,,,,,,,,,,,,,,,,,,,,,,,,,,,,,,,,,
Q31399,Q12615723,,,,,,,,,,,,,,,,,,,,,,,,,,,,,,,,,,,,,,,,,,,,,
Q31401,Q109319024,,,,,,,,,,,,,,,,,,,,,,,,,,,,,,,,,,,,,,,,,,,,,
Q31403,Q12616000,,,,,,,,,,,,,,,,,,,,,,,,,,,,,,,,,,,,,,,,,,,,,
Q31405,Q109319168,,,,,,,,,,,,,,,,,,,,,,,,,,,,,,,,,,,,,,,,,,,,,
Q31407,Q16180332,,,,,,,,,,,,,,,,,,,,,,,,,,,,,,,,,,,,,,,,,,,,,
Q31409,Q109320513,,,,,,,,,,,,,,,,,,,,,,,,,,,,,,,,,,,,,,,,,,,,,
Q31411,Q6780848,,,,,,,,,,,,,,,,,,,,,,,,,,,,,,,,,,,,,,,,,,,,,
Q31413,Q109320543,,,,,,,,,,,,,,,,,,,,,,,,,,,,,,,,,,,,,,,,,,,,,
Q31415,Q12615489,,,,,,,,,,,,,,,,,,,,,,,,,,,,,,,,,,,,,,,,,,,,,
Q31417,Q109320646,,,,,,,,,,,,,,,,,,,,,,,,,,,,,,,,,,,,,,,,,,,,,
Q31419,Q12583920,,,,,,,,,,,,,,,,,,,,,,,,,,,,,,,,,,,,,,,,,,,,,
Q31421,Q109322771,,,,,,,,,,,,,,,,,,,,,,,,,,,,,,,,,,,,,,,,,,,,,
Q31423,Q6699833,,,,,,,,,,,,,,,,,,,,,,,,,,,,,,,,,,,,,,,,,,,,Yi-88,
Q31425,Q109322843,,,,,,,,,,,,,,,,,,,,,,,,,,,,,,,,,,,,,,,,,,,,,
Q31427,Q12613606,,,,,,,,,,,,,,,,,,,,,,,,,,,,,,,,,,,,,,,,,,,,,
Q31431,Q12616184,,,,,,,,,,,,,,,,,,,,,,,,,,,,,,,,,,,,,,,,,,,,,
Q31433,Q19825671,,,,,,,,,,,,,,,,,,,,,,,,,,,,,,,,,,,,,,,,,,,,,
Q31435,Q623886,,,,,,,,,,,,,,,,,,,,,,,,,,,,,,,,,,,,,,,,,,,,Yi-86,
Q31437,Q109796182,,,,,,,,,,,,,,,,,,,,,,,,,,,,,,,,,,,,,,,,,,,,,
Q31439,Q12607393,,,,,,,,,,,,,,,,,,,,,,,,,,,,,,,,,,,,,,,,,,,,,
Q31441,Q109937414,,,,,,,,,,,,,,,,,,,,,,,,,,,,,,,,,,,,,,,,,,,,,
Q31443,Q12604824,,,,,,,,,,,,,,,,,,,,,,,,,,,,,,,,,,,,,,,,,,,,,
Q31445,Q5362219,,,,,,,,,,,,,,,,,,,,,,,,,,,,,,,,,,,,,,,,,,,,,
Q31447,Q705336,,,,,,,,,,,,,,,,,,,,,,,,,,,,,,,,,,,,,,,,,,,,,
Q31449,Q7004427,,,,,,,,,,,,,,,,,,,,,,,,,,,,,,,,,,,,,,,,,,,,,
Q31451,Q12604939,,,,,,,,,,,,,,,,,,,,,,,,,,,,,,,,,,,,,,,,,,,,,
Q31454,Q110596625,,,,,,,,,,,,,,,,,,,,,,,,,,,,,,,,,,,,,,,,,,,,,
Q31455,Q15613397,,,,,,,,,,,,,,,,,,,,,,,,,,,,,,,,,,,,,,,,,,,,,
Q31458,Q110596809,,,,,,,,,,,,,,,,,,,,,,,,,,,,,,,,,,,,,,,,,,,,,
Q31459,Q11093951,,,,,,,,,,,,,,,,,,,,,,,,,,,,,,,,,,,,,,,,,,,,,
Q31462,Q110596877,,,,,,,,,,,,,,,,,,,,,,,,,,,,,,,,,,,,,,,,,,,,,
Q31463,Q11093942,,,,,,,,,,,,,,,,,,,,,,,,,,,,,,,,,,,,,,,,,,,,,
Q31466,Q110597054,,,,,,,,,,,,,,,,,,,,,,,,,,,,,,,,,,,,,,,,,,,,,
Q31467,Q28419028,,,,,,,,,,,,,,,,,,,,,,,,,,,,,,,,,,,,,,,,,,,,,
Q31470,Q110597414,,,,,,,,,,,,,,,,,,,,,,,,,,,,,,,,,,,,,,,,,,,,,
Q31471,Q30945087,,,,,,,,,,,,,,,,,,,,,,,,,,,,,,,,,,,,,,,,,,,,,
Q31475,Q45555355,,,,,,,,,,,,,,,,,,,,,,,,,,,,,,,,,,,,,,,,,,,,,
Q31479,Q4844452,,,,,,,,,,,,,,,,,,,,,,,,,,,,,,,,,,,,,,,,,,,,王-57,
Q31483,Q4844450,,,,,,,,,,,,,,,,,,,,,,,,,,,,,,,,,,,,,,,,,,,,王-51,
Q31487,Q8250818,,,,,,,,,,,,,,,,,,,,,,,,,,,,,,,,,,,,,,,,,,,,鄭-6,
Q31491,Q8250783,,,,,,,,,,,,,,,,,,,,,,,,,,,,,,,,,,,,,,,,,,,,李-16,
Q31495,Q10065,,,,,,,,,,,,,,,,,,,,,,,,,,,843430,,,,,,,,,,,,,,,,,朱-10,
Q31499,Q10881156,,,,,,,,,,,,,,,,,,,,,,,,,,,,,,,,,,,,,,,,,,,,,
Q31503,Q10884267,,,,,,,,,,,,,,,,,,,,,,,,,,,,,,,,,,,,,,,,,,,,,
Q31507,Q10931661,,,,,,,,,,,,,,,,,,,,,,,,,,,,,,,,,,,,,,,,,,,,,
Q31511,Q10939177,,,,,,,,,,,,,,,,,,,,,,,,,,,,,,,,,,,,,,,,,,,,,
Q31515,Q11009083,,,,,,,,,,,,,,,,,,,,,,,,,,,,,,,,,,,,,,,,,,,,朱-13,
Q31519,Q11120493,,,,,,,,,,,,,,,,,,,,,,,,,,,,,,,,,,,,,,,,,,,,朱-64,
Q31523,Q11145213,,,,,,,,,,,,,,,,,,,,,,,,,,,,,,,,,,,,,,,,,,,,,
Q31527,Q11521547,,,,,,,,,,,,,,,,,,,,,,,,,,,,,,,,,,,,,,,,,,,,,
Q31531,Q16603719,,,,,,,,,,,,,,,,,,,,,,,,,,,,,,,,,,,,,,,,,,,,,
Q31534,Q109337959,,,,,,,,,,,,,,,,,,,,,,,,,,,,,,,,,,,,,,,,,,,,,
Q31535,Q16603739,,,,,,,,,,,,,,,,,,,,,,,,,,,,,,,,,,,,,,,,,,,,,
Q31538,Q109339711,,,,,,,,,,,,,,,,,,,,,,,,,,,,,,,,,,,,,,,,,,,,,
Q31539,Q11093953,,,,,,,,,,,,,,,,,,,,,,,,,,,,,,,,,,,,,,,,,,,,,
Q31542,Q109339827,,,,,,,,,,,,,,,,,,,,,,,,,,,,,,,,,,,,,,,,,,,,,
Q31543,Q11093947,,,,,,,,,,,,,,,,,,,,,,,,,,,843997,,,,,,,,,,,,,,,,,朱-16,
Q31546,Q109352340,,,,,,,,,,,,,,,,,,,,,,,,,,,,,,,,,,,,,,,,,,,,,
Q31547,Q11093944,,,,,,,,,,,,,,,,,,,,,,,,,,,843998,,,,,,,,,,,,,,,,,,
Q31550,Q11355853,,,,,,,,,,,,,,,,,,,,,,,,,,,,,,,,,,,,,,,,,,,,,
Q31551,Q5973332,,,,,,,,,,,,,,,,,,,,,,,,,,,,,,,,,,,,,,,,,,,,,
Q31554,Q109352460,,,,,,,,,,,,,,,,,,,,,,,,,,,,,,,,,,,,,,,,,,,,,
Q31555,Q11093956,,,,,,,,,,,,,,,,,,,,,,,,,,,,,,,,,,,,,,,,,,,,,
Q31558,Q110168398,,,,,,,,,,,,,,,,,,,,,,,,,,,,,,,,,,,,,,,,,,,,,
Q31559,Q5973261,,,,,,,,,,,,,,,,,,,,,,,,,,,844001,,,,,,,,,,,,,,,,,朱-18,
Q31562,Q110308308,,,,,,,,,,,,,,,,,,,,,,,,,,,,,,,,,,,,,,,,,,,,,
Q31563,Q11093955,,,,,,,,,,,,,,,,,,,,,,,,,,,844002,,,,,,,,,,,,,,,,,,
Q31566,Q110308333,,,,,,,,,,,,,,,,,,,,,,,,,,,,,,,,,,,,,,,,,,,,,
Q31567,Q4515500,,,,,,,,,,,,,,,,,,,,,,,,,,,,,,,,,,,,,,,,,,,,朱-34,
Q31570,Q110168387,,,,,,,,,,,,,,,,,,,,,,,,,,,,,,,,,,,,,,,,,,,,,
Q31571,Q8250582,,,,,,,,,,,,,,,,,,,,,,,,,,,,,,,,,,,,,,,,,,,,,
Q31574,Q110167780,,,,,,,,,,,,,,,,,,,,,,,,,,,,,,,,,,,,,,,,,,,,,
Q31575,Q20062732,,,,,,,,,,,,,,,,,,,,,,,,,,,,,,,,,,,,,,,,,,,,,
Q31579,Q11093952,,,,,,,,,,,,,,,,,,,,,,,,,,,,,,,,,,,,,,,,,,,,,
Q31583,Q7217670,,,,,,,,,,,,,,,,,,,,,,,,,,,,,,,,,,,,,,,,,,,,,
Q31587,Q11093954,,,,,,,,,,,,,,,,,,,,,,,,,,,,,,,,,,,,,,,,,,,,,
Q31591,Q11093943,,,,,,,,,,,,,,,,,,,,,,,,,,,,,,,,,,,,,,,,,,,,,
Q31595,Q11093949,,,,,,,,,,,,,,,,,,,,,,,,,,,,,,,,,,,,,,,,,,,,,
Q31599,Q11071797,,,,,,,,,,,,,,,,,,,,,,,,,,,,,,,,,,,,,,,,,,,,,
Q31603,Q22829227,,,,,,,,,,,,,,,,,,,,,,,,,,,,,,,,,,,,,,,,,,,,,
Q31607,Q11093960,,,,,,,,,,,,,,,,,,,,,,,,,,,,,,,,,,,,,,,,,,,,,
Q31611,Q11053068,,,,,,,,,,,,,,,,,,,,,,,,,,,,,,,,,,,,,,,,,,,,,
Q31615,Q11093958,,,,,,,,,,,,,,,,,,,,,,,,,,,,,,,,,,,,,,,,,,,,,
Q31619,Q842162,,,,,,,,,,,,,,,,,,,,,,,,,,,,,,,,,,,,,,,,,,,,,
Q31623,Q11093945,,,,,,,,,,,,,,,,,,,,,,,,,,,,,,,,,,,,,,,,,,,,,
Q31627,Q11093959,,,,,,,,,,,,,,,,,,,,,,,,,,,,,,,,,,,,,,,,,,,,,
Q31631,Q11093946,,,,,,,,,,,,,,,,,,,,,,,,,,,,,,,,,,,,,,,,,,,,,
Q31635,Q11093957,,,,,,,,,,,,,,,,,,,,,,,,,,,,,,,,,,,,,,,,,,,,,
Q31639,Q5312804,,,,,,,,,,,,,,,,,,,,,,,,,,,,,,,,,,,,,,,,,,,,,
Q31643,Q11085324,,,,,,,,,,,,,,,,,,,,,,,,,,,,,,,,,,,,,,,,,,,,,
Q31647,Q553245,,,,,,,,,,,,,,,,,,,,,,,,,,,,,,,,,,,,,,,,,,,,,
Q31651,Q39932,,,,,,,,,,,,,,,,,,,,,,,,,,,,,,,,,,,,,,,,,,,,,
Q31655,Q855018,,,,,,,,,,,,,,,,,,,,,,,,,,,,,,,,,,,,,,,,,,,,,
Q31659,Q17024893,,,,,,,,,,,,,,,,,,,,,,,,,,,,,,,,,,,,,,,,,,,,,
Q31664,Q15939129,,,,,,,,,,,,,,,,,,,,,,,,,,,,,,,,,,,,,,,,,,,,,
Q31668,Q10533169,,,,,,,,,,,,,,,,,,,,,,,,,,,,,,,,,,,,,,,,,,,,,
Q31672,Q8364380,,,,,,,,,,,,,,,,,,,,,,,,,,,,,,,,,,,,,,,,,,,,,
Q31676,Q795874,,,,,,,,,,,,,,,,,,,,,,,,,,,,,,,,,,,,,,,,,,,,,
Q31680,Q27732047,,,,,,,,,,,,,,,,,,,,,,,,,,,,,,,,,,,,,,,,,,,,,
Q31684,Q2897632,,,,,,,,,,,,,,,,,,,,,,,,,,,,,,,,,,,,,,,,,,,,,
Q31688,Q1185191,,,,,,,,,,,,,,,,,,,,,,,,,,,,,,,,,,,,,,,,,,,,,
Q31692,Q17063536,,,,,,,,,,,,,,,,,,,,,,,,,,,,,,,,,,,,,,,,,,,,,
Q31696,Q5952359,,,,,,,,,,,,,,,,,,,,,,,,,,,,,,,,,,,,,,,,,,,,,
Q31700,Q16259854,,,,,,,,,,,,,,,,,,,,,,,,,,,,,,,,,,,,,,,,,,,,,
Q31704,Q108784537,,,,,,,,,,,,,,,,,,,,,,,,,,,,,,,,,,,,,,,,,,,,,
Q31708,Q1147803,,,,,,,,,,,,,,,,,,,,,,,,,,,,,,,,,,,,,,,,,,,,,
Q31712,Q8249266,,,,,,,,,,,,,,,,,,,,,,,,,,,,,,,,,,,,,,,,,,,,,
Q31716,Q855000,,,,,,,,,,,,,,,,,,,,,,,,,,,,,,,,,,,,,,,,,,,,,
Q31720,Q11062822,,,,,,,,,,,,,,,,,,,,,,,,,,,,,,,,,,,,,,,,,,,,,
Q31724,Q17030243,,,,,,,,,,,,,,,,,,,,,,,,,,,,,,,,,,,,,,,,,,,,,
Q31728,Q8249256,,,,,,,,,,,,,,,,,,,,,,,,,,,,,,,,,,,,,,,,,,,,,
Q31732,Q60994936,,,,,,,,,,,,,,,,,,,,,,,,,,,,,,,,,,,,,,,,,,,,,
Q31736,Q7315039,,,,,,,,,,,,,,,,,,,,,,,,,,,,,,,,,,,,,,,,,,,,,
Q31740,Q11094144,,,,,,,,,,,,,,,,,,,,,,,,,,,,,,,,,,,,,,,,,,,,,
Q31744,Q11094145,,,,,,,,,,,,,,,,,,,,,,,,,,,,,,,,,,,,,,,,,,,,,
Q31748,Q11094146,,,,,,,,,,,,,,,,,,,,,,,,,,,,,,,,,,,,,,,,,,,,,
Q31752,Q11094108,,,,,,,,,,,,,,,,,,,,,,,,,,,,,,,,,,,,,,,,,,,,,
Q31756,Q11094109,,,,,,,,,,,,,,,,,,,,,,,,,,,,,,,,,,,,,,,,,,,,,
Q31760,Q11093752,,,,,,,,,,,,,,,,,,,,,,,,,,,,,,,,,,,,,,,,,,,,,
Q31764,Q11093901,,,,,,,,,,,,,,,,,,,,,,,,,,,,,,,,,,,,,,,,,,,,,
Q31768,Q11093565,,,,,,,,,,,,,,,,,,,,,,,,,,,,,,,,,,,,,,,,,,,,,
Q31772,Q16904341,,,,,,,,,,,,,,,,,,,,,,,,,,,,,,,,,,,,,,,,,,,,,
Q31776,Q11093940,,,,,,,,,,,,,,,,,,,,,,,,,,,,,,,,,,,,,,,,,,,,,
Q31780,Q11094786,,,,,,,,,,,,,,,,,,,,,,,,,,,,,,,,,,,,,,,,,,,,,
Q31784,Q10884389,,,,,,,,,,,,,,,,,,,,,,,,,,,,,,,,,,,,,,,,,,,,,
Q31788,Q11094983,,,,,,,,,,,,,,,,,,,,,,,,,,,,,,,,,,,,,,,,,,,,,
Q31792,Q11094982,,,,,,,,,,,,,,,,,,,,,,,,,,,,,,,,,,,,,,,,,,,,,
Q31796,Q8254697,,,,,,,,,,,,,,,,,,,,,,,,,,,,,,,,,,,,,,,,,,,,,
Q31800,Q130570307,,,,,,,,,,,,,,,,,,,,,,,,,,,,,,,,,,,,,,,,,,,,,
Q31804,Q45697,,,,,,,,,,,,,,,,,,,,,,,,,,,,,,,,,,,,,,,,,,,,,
Q31808,Q11094661,,,,,,,,,,,,,,,,,,,,,,,,,,,,,,,,,,,,,,,,,,,,,
Q31812,Q1046002,,,,,,,,,,,,,,,,,,,,,,,,,,,,,,,,,,,,,,,,,,,,,
Q31816,Q11094658,,,,,,,,,,,,,,,,,,,,,,,,,,,,,,,,,,,,,,,,,,,,,
Q31820,Q17025683,,,,,,,,,,,,,,,,,,,,,,,,,,,,,,,,,,,,,,,,,,,,,
Q31822,Q109831407,,,,,,,,,,,,,,,,,,,,,,,,,,,,,,,,,,,,,,,,,,,,,
Q31824,Q11093798,,,,,,,,,,,,,,,,,,,,,,,,,,,,,,,,,,,,,,,,,,,,,
Q31826,Q110064877,,,,,,,,,,,,,,,,,,,,,,,,,,,,,,,,,,,,,,,,,,,,,
Q31828,Q11094787,,,,,,,,,,,,,,,,,,,,,,,,,,,,,,,,,,,,,,,,,,,,,
Q31830,Q110067374,,,,,,,,,,,,,,,,,,,,,,,,,,,,,,,,,,,,,,,,,,,,,
Q31832,Q11094136,,,,,,,,,,,,,,,,,,,,,,,,,,,,,,,,,,,,,,,,,,,,,
Q31834,Q110068011,,,,,,,,,,,,,,,,,,,,,,,,,,,,,,,,,,,,,,,,,,,,,
Q31836,Q11093778,,,,,,,,,,,,,,,,,,,,,,,,,,,,,,,,,,,,,,,,,,,,,
Q31840,Q11093777,,,,,,,,,,,,,,,,,,,,,,,,,,,,,,,,,,,,,,,,,,,,,
Q31844,Q11093775,,,,,,,,,,,,,,,,,,,,,,,,,,,,,,,,,,,,,,,,,,,,,
Q31848,Q11093776,,,,,,,,,,,,,,,,,,,,,,,,,,,,,,,,,,,,,,,,,,,,朱-26,
Q31852,Q497473,,,,,,,,,,,,,,,,,,,,,,,,,,,,,,,,,,,,,,,,,,,,,
Q31856,Q497507,,,,,,,,,,,,,,,,,,,,,,,,,,,,,,,,,,,,,,,,,,,,,
Q31858,Q109936926,,,,,,,,,,,,,,,,,,,,,,,,,,,,,,,,,,,,,,,,,,,,,
Q31860,Q8512758,,,,,,,,,,,,,,,,,,,,,,,,,,,,,,,,,,,,,,,,,,,,,
Q31863,Q109937017,,,,,,,,,,,,,,,,,,,,,,,,,,,,,,,,,,,,,,,,,,,,,
Q31864,Q15139424,,,,,,,,,,,,,,,,,,,,,,,,,,,,,,,,,,,,,,,,,,,,,
Q31867,Q11355855,,,,,,,,,,,,,,,,,,,,,,,,,,,,,,,,,,,,,,,,,,,,,
Q31868,Q12183625,,,,,,,,,,,,,,,,,,,,,,,,,,,,,,,,,,,,,,,,,,,,,
Q31871,Q109947454,,,,,,,,,,,,,,,,,,,,,,,,,,,,,,,,,,,,,,,,,,,,,
Q31872,Q8512766,,,,,,,,,,,,,,,,,,,,,,,,,,,,,,,,,,,,,,,,,,,,,
Q31875,Q110973923,,,,,,,,,,,,,,,,,,,,,,,,,,,,,,,,,,,,,,,,,,,,,
Q31876,Q12604162,,,,,,,,,,,,,,,,,,,,,,,,,,,,,,,,,,,,,,,,,,,,,
Q31879,Q110973909,,,,,,,,,,,,,,,,,,,,,,,,,,,,,,,,,,,,,,,,,,,,,
Q31880,Q6702881,,,,,,,,,,,,,,,,,,,,,,,,,,,,,,,,,,,,,,,,,,,,,
Q31883,Q109194146,,,,,,,,,,,,,,,,,,,,,,,,,,,,,,,,,,,,,,,,,,,,,
Q31884,Q12615450,,,,,,,,,,,,,,,,,,,,,,,,,,,,,,,,,,,,,,,,,,,,,
Q31887,Q109790106,,,,,,,,,,,,,,,,,,,,,,,,,,,,,,,,,,,,,,,,,,,,,
Q31888,Q12625671,,,,,,,,,,,,,,,,,,,,,,,,,,,,,,,,,,,,,,,,,,,,,
Q31891,Q108842651,,,,,,,,,,,,,,,,,,,,,,,,,,,,,,,,,,,,,,,,,,,,,
Q31892,Q16166601,,,,,,,,,,,,,,,,,,,,,,,,,,,,,,,,,,,,,,,,,,,,,
Q31896,Q21710269,,,,,,,,,,,,,,,,,,,,,,,,,,,,,,,,,,,,,,,,,,,,,
Q31900,Q10874903,,,,,,,,,,,,,,,,,,,,,,,,,,,,,,,,,,,,,,,,,,,,,
Q31904,Q16173739,,,,,,,,,,,,,,,,,,,,,,,,,,,,,,,,,,,,,,,,,,,,,
Q31907,Q110949118,,,,,,,,,,,,,,,,,,,,,,,,,,,,,,,,,,,,,,,,,,,,,
Q31908,Q20651852,,,,,,,,,,,,,,,,,,,,,,,,,,,,,,,,,,,,,,,,,,,,,
Q31912,Q16220041,,,,,,,,,,,,,,,,,,,,,,,,,,,,,,,,,,,,,,,,,,,,,
Q31915,Q108841142,,,,,,,,,,,,,,,,,,,,,,,,,,,,,,,,,,,,,,,,,,,,,
Q31916,Q16182107,,,,,,,,,,,,,,,,,,,,,,,,,,,,,,,,,,,,,,,,,,,,,
Q31919,Q108841196,,,,,,,,,,,,,,,,,,,,,,,,,,,,,,,,,,,,,,,,,,,,,
Q31920,Q12610810,,,,,,,,,,,,,,,,,,,,,,,,,,,,,,,,,,,,,,,,,,,,,
Q31923,Q108841214,,,,,,,,,,,,,,,,,,,,,,,,,,,,,,,,,,,,,,,,,,,,,
Q31924,Q12603484,,,,,,,,,,,,,,,,,,,,,,,,,,,,,,,,,,,,,,,,,,,,,
Q31927,Q110143600,,,,,,,,,,,,,,,,,,,,,,,,,,,,,,,,,,,,,,,,,,,,,
Q31928,Q12586588,,,,,,,,,,,,,,,,,,,,,,,,,,,,,,,,,,,,,,,,,,,,,
Q31931,Q110138034,,,,,,,,,,,,,,,,,,,,,,,,,,,,,,,,,,,,,,,,,,,,,
Q31932,Q16172721,,,,,,,,,,,,,,,,,,,,,,,,,,,,,,,,,,,,,,,,,,,,,
Q31935,Q110143829,,,,,,,,,,,,,,,,,,,,,,,,,,,,,,,,,,,,,,,,,,,,,
Q31936,Q16184707,,,,,,,,,,,,,,,,,,,,,,,,,,,,,,,,,,,,,,,,,,,,,
Q31939,Q110143834,,,,,,,,,,,,,,,,,,,,,,,,,,,,,,,,,,,,,,,,,,,,,
Q31940,Q12618180,,,,,,,,,,,,,,,,,,,,,,,,,,,,,,,,,,,,,,,,,,,,,
Q31944,Q12603127,,,,,,,,,,,,,,,,,,,,,,,,,,,,,,,,,,,,,,,,,,,,,
Q31948,Q12613890,,,,,,,,,,,,,,,,,,,,,,,,,,,,,,,,,,,,,,,,,,,,,
Q31952,Q12601583,,,,,,,,,,,,,,,,,,,,,,,,,,,,,,,,,,,,,,,,,,,,,
Q31955,Q26218440,,,,,,,,,,,,,,,,,,,,,,,,,,,,,,,,,,,,,,,,,,,,,
Q31956,Q12592850,,,,,,,,,,,,,,,,,,,,,,,,,,,,,,,,,,,,,,,,,,,,,
Q31959,Q24856637,,,,,,,,,,,,,,,,,,,,,,,,,,,,,,,,,,,,,,,,,,,,,
Q31960,Q12613853,,,,,,,,,,,,,,,,,,,,,,,,,,,,,,,,,,,,,,,,,,,,,
Q31963,Q11097529,,,,,,,,,,,,,,,,,,,,,,,,,,,,,,,,,,,,,,,,,,,,,
Q31964,Q12593111,,,,,,,,,,,,,,,,,,,,,,,,,,,,,,,,,,,,,,,,,,,,,
Q31967,Q10337514,,,,,,,,,,,,,,,,,,,,,,,,,,,,,,,,,,,,,,,,,,,,,
Q31968,Q12614729,,,,,,,,,,,,,,,,,,,,,,,,,,,,,,,,,,,,,,,,,,,,,
Q31971,Q10332262,,,,,,,,,,,,,,,,,,,,,,,,,,,,,,,,,,,,,,,,,,,,,
Q31972,Q12615702,,,,,,,,,,,,,,,,,,,,,,,,,,,,,,,,,,,,,,,,,,,,,
Q31975,Q45420760,,,,,,,,,,,,,,,,,,,,,,,,,,,,,,,,,,,,,,,,,,,,,
Q31976,Q12595534,,,,,,,,,,,,,,,,,,,,,,,,,,,,,,,,,,,,,,,,,,,,,
Q31979,Q45420311,,,,,,,,,,,,,,,,,,,,,,,,,,,,,,,,,,,,,,,,,,,,,
Q31980,Q16173860,,,,,,,,,,,,,,,,,,,,,,,,,,,,,,,,,,,,,,,,,,,,,
Q31983,Q4022409,,,,,,,,,,,,,,,,,,,,,,,,,,,,,,,,,,,,,,,,,,,,,
Q31984,Q12603382,,,,,,,,,,,,,,,,,,,,,,,,,,,,,,,,,,,,,,,,,,,,,
Q31987,Q15921481,,,,,,,,,,,,,,,,,,,,,,,,,,,,,,,,,,,,,,,,,,,,,
Q31988,Q12592854,,,,,,,,,,,,,,,,,,,,,,,,,,,,,,,,,,,,,,,,,,,,,
Q31991,Q11097430,,,,,,,,,,,,,,,,,,,,,,,,,,,,,,,,,,,,,,,,,,,,,
Q31992,Q16180513,,,,,,,,,,,,,,,,,,,,,,,,,,,,,,,,,,,,,,,,,,,,,
Q31995,Q16076771,,,,,,,,,,,,,,,,,,,,,,,,,,,,,,,,,,,,,,,,,,,,,
Q31996,Q16167711,,,,,,,,,,,,,,,,,,,,,,,,,,,,,,,,,,,,,,,,,,,,,
Q31999,Q15949680,,,,,,,,,,,,,,,,,,,,,,,,,,,,,,,,,,,,,,,,,,,,,
Q32000,Q16173604,,,,,,,,,,,,,,,,,,,,,,,,,,,,,,,,,,,,,,,,,,,,,
Q32003,Q45588133,,,,,,,,,,,,,,,,,,,,,,,,,,,,,,,,,,,,,,,,,,,,,
Q32005,Q12613532,,,,,,,,,,,,,,,,,,,,,,,,,,,,,,,,,,,,,,,,,,,,,
Q32007,Q22813479,,,,,,,,,,,,,,,,,,,,,,,,,,,,,,,,,,,,,,,,,,,,,
Q32009,Q16262133,,,,,,,,,,,,,,,,,,,,,,,,,,,,,,,,,,,,,,,,,,,,,
Q32011,Q45511133,,,,,,,,,,,,,,,,,,,,,,,,,,,,,,,,,,,,,,,,,,,,,
Q32013,Q55737306,,,,,,,,,,,,,,,,,,,,,,,,,,,,,,,,,,,,,,,,,,,,,
Q32015,Q45511198,,,,,,,,,,,,,,,,,,,,,,,,,,,,,,,,,,,,,,,,,,,,,
Q32017,Q21710255,,,,,,,,,,,,,,,,,,,,,,,,,,,,,,,,,,,,,,,,,,,,,
Q32019,Q45512023,,,,,,,,,,,,,,,,,,,,,,,,,,,,,,,,,,,,,,,,,,,,,
Q32021,Q21825102,,,,,,,,,,,,,,,,,,,,,,,,,,,,,,,,,,,,,,,,,,,,,
Q32023,Q45521586,,,,,,,,,,,,,,,,,,,,,,,,,,,,,,,,,,,,,,,,,,,,,
Q32025,Q21710323,,,,,,,,,,,,,,,,,,,,,,,,,,,,,,,,,,,,,,,,,,,,,
Q32027,Q45523299,,,,,,,,,,,,,,,,,,,,,,,,,,,,,,,,,,,,,,,,,,,,,
Q32029,Q55736005,,,,,,,,,,,,,,,,,,,,,,,,,,,,,,,,,,,,,,,,,,,,,
Q32031,Q45523360,,,,,,,,,,,,,,,,,,,,,,,,,,,,,,,,,,,,,,,,,,,,,
Q32033,Q16182338,,,,,,,,,,,,,,,,,,,,,,,,,,,,,,,,,,,,,,,,,,,,,
Q32035,Q45489082,,,,,,,,,,,,,,,,,,,,,,,,,,,,,,,,,,,,,,,,,,,,,
Q32037,Q18684956,,,,,,,,,,,,,,,,,,,,,,,,,,,,,,,,,,,,,,,,,,,,,
Q32039,Q4313077,,,,,,,,,,,,,,,,,,,,,,,,,,,,,,,,,,,,,,,,,,,,,
Q32041,Q19161949,,,,,,,,,,,,,,,,,,,,,,,,,,,,,,,,,,,,,,,,,,,,,
Q32043,Q708365,,,,,,,,,,,,,,,,,,,,,,,,,,,,,,,,,,,,,,,,,,,,,
Q32045,Q17314245,,,,,,,,,,,,,,,,,,,,,,,,,,,,,,,,,,,,,,,,,,,,,
Q32047,Q712916,,,,,,,,,,,,,,,,,,,,,,,,,,,,,,,,,,,,,,,,,,,,,
Q32049,Q12596204,,,,,,,,,,,,,,,,,,,,,,,,,,,,,,,,,,,,,,,,,,,,,
Q32051,Q38976923,,,,,,,,,,,,,,,,,,,,,,,,,,,,,,,,,,,,,,,,,,,,,
Q32053,Q12596179,,,,,,,,,,,,,,,,,,,,,,,,,,,,,,,,,,,,,,,,,,,,,
Q32055,Q45494176,,,,,,,,,,,,,,,,,,,,,,,,,,,,,,,,,,,,,,,,,,,,,
Q32057,Q23994828,,,,,,,,,,,,,,,,,,,,,,,,,,,,,,,,,,,,,,,,,,,,,
Q32059,Q45500360,,,,,,,,,,,,,,,,,,,,,,,,,,,,,,,,,,,,,,,,,,,,,
Q32061,Q24862943,,,,,,,,,,,,,,,,,,,,,,,,,,,,,,,,,,,,,,,,,,,,,
Q32063,Q65808097,,,,,,,,,,,,,,,,,,,,,,,,,,,,,,,,,,,,,,,,,,,,,
Q32065,Q59298769,,,,,,,,,,,,,,,,,,,,,,,,,,,,,,,,,,,,,,,,,,,,,
Q32067,Q25922880,,,,,,,,,,,,,,,,,,,,,,,,,,,,,,,,,,,,,,,,,,,,,
Q32069,Q24000590,,,,,,,,,,,,,,,,,,,,,,,,,,,,,,,,,,,,,,,,,,,,,
Q32071,Q25923088,,,,,,,,,,,,,,,,,,,,,,,,,,,,,,,,,,,,,,,,,,,,,
Q32073,Q12588621,,,,,,,,,,,,,,,,,,,,,,,,,,,,,,,,,,,,,,,,,,,,,
Q32075,Q22813466,,,,,,,,,,,,,,,,,,,,,,,,,,,,,,,,,,,,,,,,,,,,,
Q32077,Q12621857,,,,,,,,,,,,,,,,,,,,,,,,,,,,,,,,,,,,,,,,,,,,,
Q32079,Q45502014,,,,,,,,,,,,,,,,,,,,,,,,,,,,,,,,,,,,,,,,,,,,,
Q32081,Q27953531,,,,,,,,,,,,,,,,,,,,,,,,,,,,,,,,,,,,,,,,,,,,,
Q32083,Q45447569,,,,,,,,,,,,,,,,,,,,,,,,,,,,,,,,,,,,,,,,,,,,,
Q32085,Q28698695,,,,,,,,,,,,,,,,,,,,,,,,,,,,,,,,,,,,,,,,,,,,,
Q32087,Q10410419,,,,,,,,,,,,,,,,,,,,,,,,,,,,,,,,,,,,,,,,,,,,,
Q32089,Q28699133,,,,,,,,,,,,,,,,,,,,,,,,,,,,,,,,,,,,,,,,,,,,,
Q32091,Q45472107,,,,,,,,,,,,,,,,,,,,,,,,,,,,,,,,,,,,,,,,,,,,,
Q32093,Q28698699,,,,,,,,,,,,,,,,,,,,,,,,,,,,,,,,,,,,,,,,,,,,,
Q32095,Q45578074,,,,,,,,,,,,,,,,,,,,,,,,,,,,,,,,,,,,,,,,,,,,,
Q32097,Q28699136,,,,,,,,,,,,,,,,,,,,,,,,,,,,,,,,,,,,,,,,,,,,,
Q32099,Q45502111,,,,,,,,,,,,,,,,,,,,,,,,,,,,,,,,,,,,,,,,,,,,,
Q32101,Q12602557,,,,,,,,,,,,,,,,,,,,,,,,,,,,,,,,,,,,,,,,,,,,,
Q32103,Q45478983,,,,,,,,,,,,,,,,,,,,,,,,,,,,,,,,,,,,,,,,,,,,,
Q32105,Q17017107,,,,,,,,,,,,,,,,,,,,,,,,,,,,,,,,,,,,,,,,,,,,,
Q32108,Q45488556,,,,,,,,,,,,,,,,,,,,,,,,,,,,,,,,,,,,,,,,,,,,,
Q32109,Q22974253,,,,,,,,,,,,,,,,,,,,,,,,,,,,,,,,,,,,,,,,,,,,,
Q32112,Q45488683,,,,,,,,,,,,,,,,,,,,,,,,,,,,,,,,,,,,,,,,,,,,,
Q32113,Q11097581,,,,,,,,,,,,,,,,,,,,,,,,,,,,,,,,,,,,,,,,,,,,,
Q32116,Q109931964,,,,,,,,,,,,,,,,,,,,,,,,,,,,,,,,,,,,,,,,,,,,,
Q32117,Q5359433,,,,,,,,,,,,,,,,,,,,,,,,,,,,,,,,,,,,,,,,,,,,구-4,
Q32120,Q110055571,,,,,,,,,,,,,,,,,,,,,,,,,,,,,,,,,,,,,,,,,,,,,
Q32121,Q484453,,,,,,,,,,,,,,,,,,,,,,,,,,,,,,,,,,,,,,,,,,,,Yi-51,
Q32124,Q110055498,,,,,,,,,,,,,,,,,,,,,,,,,,,,,,,,,,,,,,,,,,,,,
Q32125,Q27954157,,,,,,,,,,,,,,,,,,,,,,,,,,,,,,,,,,,,,,,,,,,,,
Q32128,Q108883587,,,,,,,,,,,,,,,,,,,,,,,,,,,,,,,,,,,,,,,,,,,,,
Q32129,Q14943449,,,,,,,,,,,,,,,,,,,,,,,,,,,,,,,,,,,,,,,,,,,,,
Q32132,Q11460848,,,,,,,,,,,,,,,,,,,,,,,,,,,,,,,,,,,,,,,,,,,,,
Q32133,Q12590731,,,,,,,,,,,,,,,,,,,,,,,,,,,,,,,,,,,,,,,,,,,,,
Q32136,Q108875734,,,,,,,,,,,,,,,,,,,,,,,,,,,,,,,,,,,,,,,,,,,,,
Q32137,Q12604518,,,,,,,,,,,,,,,,,,,,,,,,,,,,,,,,,,,,,,,,,,,,,
Q32140,Q110874105,,,,,,,,,,,,,,,,,,,,,,,,,,,,,,,,,,,,,,,,,,,,,
Q32141,Q12625979,,,,,,,,,,,,,,,,,,,,,,,,,,,,,,,,,,,,,,,,,,,,,
Q32144,Q108782035,,,,,,,,,,,,,,,,,,,,,,,,,,,,,,,,,,,,,,,,,,,,,
Q32145,Q11094446,,,,,,,,,,,,,,,,,,,,,,,,,,,,,,,,,,,,,,,,,,,,,
Q32148,Q106809033,,,,,,,,,,,,,,,,,,,,,,,,,,,,,,,,,,,,,,,,,,,,,
Q32149,Q11094451,,,,,,,,,,,,,,,,,,,,,,,,,,,,,,,,,,,,,,,,,,,,,
Q32152,Q11094452,,,,,,,,,,,,,,,,,,,,,,,,,,,,,,,,,,,,,,,,,,,,,
Q32153,Q106814389,,,,,,,,,,,,,,,,,,,,,,,,,,,,,,,,,,,,,,,,,,,,,
Q32156,Q28419029,,,,,,,,,,,,,,,,,,,,,,,,,,,,,,,,,,,,,,,,,,,,,
Q32157,Q22125179,,,,,,,,,,,,,,,,,,,,,,,,,,,,,,,,,,,,,,,,,,,,,
Q32160,Q28417580,,,,,,,,,,,,,,,,,,,,,,,,,,,,,,,,,,,,,,,,,,,,,
Q32161,Q106764586,,,,,,,,,,,,,,,,,,,,,,,,,,,,,,,,,,,,,,,,,,,,,
Q32164,Q15951539,,,,,,,,,,,,,,,,,,,,,,,,,,,,,,,,,,,,,,,,,,,,王-58,
Q32165,Q11625151,,,,,,,,,,,,,,,,,,,,,,,,,,,,,,,,,,,,,,,,,,,,,
Q32168,Q8254555,,,,,,,,,,,,,,,,,,,,,,,,,,,,,,,,,,,,,,,,,,,,,
Q32169,Q11578672,,,,,,,,,,,,,,,,,,,,,,,,,,,,,,,,,,,,,,,,,,,,,
Q32172,Q106766562,,,,,,,,,,,,,,,,,,,,,,,,,,,,,,,,,,,,,,,,,,,,,
Q32173,Q8250261,,,,,,,,,,,,,,,,,,,,,,,,,,,,,,,,,,,,,,,,,,,,王-50,
Q32176,Q106766667,,,,,,,,,,,,,,,,,,,,,,,,,,,,,,,,,,,,,,,,,,,,,
Q32177,Q8250244,,,,,,,,,,,,,,,,,,,,,,,,,,,,,,,,,,,,,,,,,,,,,
Q32180,Q906593,,,,,,,,,,,,,,,,,,,,,,,,,,,,,,,,,,,,,,,,,,,,,
Q32181,Q10069,,alvin-person:61364,,,,,,,,,,,,,,,,,,,,,,,,,843429,,,,,,,,,,,,,,,,,朱-3,
Q32184,Q11383425,,,,,,,,,,,,,,,,,,,,,,,,,,,,,,,,,,,,,,,,,,,,,
Q32185,Q10066,,,,,,,,,,,,,,,,,,,,,,,,,,,843446,,,,,,,,,,,,,,,,,朱-11,
Q32188,Q11383394,,,,,,,,,,,,,,,,,,,,,,,,,,,,,,,,,,,,,,,,,,,,,
Q32189,Q11094448,,,,,,,,,,,,,,,,,,,,,,,,,,,,,,,,,,,,,,,,,,,,朱-57,
Q32192,Q108603646,,,,,,,,,,,,,,,,,,,,,,,,,,,,,,,,,,,,,,,,,,,,,
Q32193,Q11094444,,,,,,,,,,,,,,,,,,,,,,,,,,,,,,,,,,,,,,,,,,,,,
Q32196,Q11642971,,,,,,,,,,,,,,,,,,,,,,,,,,,,,,,,,,,,,,,,,,,,,
Q32197,Q11094457,,,,,,,,,,,,,,,,,,,,,,,,,,,,,,,,,,,,,,,,,,,,朱-51,
Q32200,Q106774426,,,,,,,,,,,,,,,,,,,,,,,,,,,,,,,,,,,,,,,,,,,,,
Q32201,Q11094462,,,,,,,,,,,,,,,,,,,,,,,,,,,,,,,,,,,,,,,,,,,,朱-52,
Q32204,Q11669869,,,,,,,,,,,,,,,,,,,,,,,,,,,,,,,,,,,,,,,,,,,,,
Q32205,Q10878349,,,,,,,,,,,,,,,,,,,,,,,,,,,,,,,,,,,,,,,,,,,,,
Q32208,Q11467573,,,,,,,,,,,,,,,,,,,,,,,,,,,,,,,,,,,,,,,,,,,,,
Q32209,Q11094028,,,,,,,,,,,,,,,,,,,,,,,,,,,,,,,,,,,,,,,,,,,,,
Q32212,Q115587383,,,,,,,,,,,,,,,,,,,,,,,,,,,,,,,,,,,,,,,,,,,,,
Q32213,Q10955564,,,,,,,,,,,,,,,,,,,,,,,,,,,,,,,,,,,,,,,,,,,,,
Q32216,Q11376752,,,,,,,,,,,,,,,,,,,,,,,,,,,,,,,,,,,,,,,,,,,,,
Q32217,Q16260187,,,,,,,,,,,,,,,,,,,,,,,,,,,,,,,,,,,,,,,,,,,,朱-43,
Q32220,Q11374430,,,,,,,,,,,,,,,,,,,,,,,,,,,,,,,,,,,,,,,,,,,,,
Q32221,Q11094465,,,,,,,,,,,,,,,,,,,,,,,,,,,,,,,,,,,,,,,,,,,,朱-58,
Q32224,Q107639515,,,,,,,,,,,,,,,,,,,,,,,,,,,,,,,,,,,,,,,,,,,,,
Q32225,Q11073242,,,,,,,,,,,,,,,,,,,,,,,,,,,,,,,,,,,,,,,,,,,,朱-41,
Q32228,Q11432566,,,,,,,,,,,,,,,,,,,,,,,,,,,,,,,,,,,,,,,,,,,,,
Q32229,Q11073241,,,,,,,,,,,,,,,,,,,,,,,,,,,,,,,,,,,,,,,,,,,,,
Q32232,Q11433246,,,,,,,,,,,,,,,,,,,,,,,,,,,,,,,,,,,,,,,,,,,,,
Q32233,Q11074314,,,,,,,,,,,,,,,,,,,,,,,,,,,,,,,,,,,,,,,,,,,,朱-49,
Q32236,Q108913831,,,,,,,,,,,,,,,,,,,,,,,,,,,,,,,,,,,,,,,,,,,,,
Q32237,Q11094032,,,,,,,,,,,,,,,,,,,,,,,,,,,,,,,,,,,,,,,,,,,,,
Q32240,Q11474329,,,,,,,,,,,,,,,,,,,,,,,,,,,,,,,,,,,,,,,,,,,,,
Q32241,Q11094027,,,,,,,,,,,,,,,,,,,,,,,,,,,,,,,,,,,,,,,,,,,,,
Q32244,Q106807367,,,,,,,,,,,,,,,,,,,,,,,,,,,,,,,,,,,,,,,,,,,,,
Q32245,Q11094031,,,,,,,,,,,,,,,,,,,,,,,,,,,,,,,,,,,,,,,,,,,,朱-45,
Q32248,Q108302281,,,,,,,,,,,,,,,,,,,,,,,,,,,,,,,,,,,,,,,,,,,,,
Q32249,Q11094029,,,,,,,,,,,,,,,,,,,,,,,,,,,,,,,,,,,,,,,,,,,,,
Q32252,Q108319834,,,,,,,,,,,,,,,,,,,,,,,,,,,,,,,,,,,,,,,,,,,,,
Q32253,Q8250721,,,,,,,,,,,,,,,,,,,,,,,,,,,,,,,,,,,,,,,,,,,,,
Q32256,Q11522329,,,,,,,,,,,,,,,,,,,,,,,,,,,,,,,,,,,,,,,,,,,,,
Q32257,Q8250535,,,,,,,,,,,,,,,,,,,,,,,,,,,,,,,,,,,,,,,,,,,,,
Q32260,Q8254632,,,,,,,,,,,,,,,,,,,,,,,,,,,,,,,,,,,,,,,,,,,,,
Q32261,Q11577040,,,,,,,,,,,,,,,,,,,,,,,,,,,,,,,,,,,,,,,,,,,,,
Q32264,Q8258965,,,,,,,,,,,,,,,,,,,,,,,,,,,,,,,,,,,,,,,,,,,,,
Q32265,Q108321082,,,,,,,,,,,,,,,,,,,,,,,,,,,,,,,,,,,,,,,,,,,,,
Q32268,Q1352743,,,,,,,,,,,,,,,,,,,,,,,,,,,,,,,,,,,,,,,,,,,,朱-17,
Q32269,Q11642957,,,,,,,,,,,,,,,,,,,,,,,,,,,,,,,,,,,,,,,,,,,,,
Q32270,Q2040026,,,,,,,,,,,,,dejuan,,,,,,,,,,,,,,353530,,,,,,,,,,,,,,,,,De_Oñate_y_Salazar-2,I00360134
Q32272,Q11437902,,,,,,,,,,,,,,,,,,,,,,,,,,,,,,,,,,,,,,,,,,,,,
Q32273,Q8250372,,,,,,,,,,,,,,,,,,,,,,,,,,,,,,,,,,,,,,,,,,,,,
Q32276,Q109290193,,,,,,,,,,,,,,,,,,,,,,,,,,,,,,,,,,,,,,,,,,,,,
Q32277,Q8262950,,,,,,,,,,,,,,,,,,,,,,,,,,,,,,,,,,,,,,,,,,,,,
Q32280,Q109290226,,,,,,,,,,,,,,,,,,,,,,,,,,,,,,,,,,,,,,,,,,,,,
Q32281,Q8258946,,,,,,,,,,,,,,,,,,,,,,,,,,,,,,,,,,,,,,,,,,,,,
Q32284,Q108616539,,,,,,,,,,,,,,,,,,,,,,,,,,,,,,,,,,,,,,,,,,,,,
Q32285,Q8258935,,,,,,,,,,,,,,,,,,,,,,,,,,,,,,,,,,,,,,,,,,,,馬-1,
Q32288,Q1071525,,,,,,,,,,,,,,,,,,,,,,,,,,,,,,,,,,,,,,,,,,,,,
Q32289,Q11111806,,,,,,,,,,,,,,,,,,,,,,,,,,,,,,,,,,,,,,,,,,,,,
Q32292,Q108616170,,,,,,,,,,,,,,,,,,,,,,,,,,,,,,,,,,,,,,,,,,,,,
Q32293,Q11094469,,,,,,,,,,,,,,,,,,,,,,,,,,,,,,,,,,,,,,,,,,,,,
Q32296,Q11474308,,,,,,,,,,,,,,,,,,,,,,,,,,,,,,,,,,,,,,,,,,,,,
Q32297,Q1326844,,,,,,,,,,,,,,,,,,,,,,,,,,,1420024,,,,,,,,,,,,,,,,,朱-19,
Q32300,Q108603897,,,,,,,,,,,,,,,,,,,,,,,,,,,,,,,,,,,,,,,,,,,,,
Q32301,Q10946422,,,,,,,,,,,,,,,,,,,,,,,,,,,,,,,,,,,,,,,,,,,,,
Q32304,Q108616341,,,,,,,,,,,,,,,,,,,,,,,,,,,,,,,,,,,,,,,,,,,,,
Q32305,Q16603408,,,,,,,,,,,,,,,,,,,,,,,,,,,,,,,,,,,,,,,,,,,,,
Q32308,Q110889462,,,,,,,,,,,,,,,,,,,,,,,,,,,,,,,,,,,,,,,,,,,,,
Q32309,Q11094458,,,,,,,,,,,,,,,,,,,,,,,,,,,,,,,,,,,,,,,,,,,,,
Q32312,Q110903937,,,,,,,,,,,,,,,,,,,,,,,,,,,,,,,,,,,,,,,,,,,,,
Q32313,Q6785031,,,,,,,,,,,,,,,,,,,,,,,,,,,,,,,,,,,,,,,,,,,,,
Q32316,Q109741116,,,,,,,,,,,,,,,,,,,,,,,,,,,,,,,,,,,,,,,,,,,,,
Q32317,Q11094455,,,,,,,,,,,,,,,,,,,,,,,,,,,,,,,,,,,,,,,,,,,,,
Q32320,Q11583234,,,,,,,,,,,,,,,,,,,,,,,,,,,,,,,,,,,,,,,,,,,,,
Q32321,Q11094447,,,,,,,,,,,,,,,,,,,,,,,,,,,,,,,,,,,,,,,,,,,,,
Q32324,Q118747035,,,,,,,,,,,,,,,,,,,,,,,,,,,,,,,,,,,,,,,,,,,,,
Q32325,Q11094466,,,,,,,,,,,,,,,,,,,,,,,,,,,,,,,,,,,,,,,,,,,,,
Q32328,Q107637255,,,,,,,,,,,,,,,,,,,,,,,,,,,,,,,,,,,,,,,,,,,,,
Q32329,Q11094453,,,,,,,,,,,,,,,,,,,,,,,,,,,,,,,,,,,,,,,,,,,,,
Q32332,Q1007730,,,,,,,,,,,,,,,,,,,,,,,,,,,,,,,,,,,,,,,,,,,,,
Q32333,Q11094454,,,,,,,,,,,,,,,,,,,,,,,,,,,,,,,,,,,,,,,,,,,,,
Q32336,Q1051724,,,,,,,,,,,,,,,,,,,,,,,,,,,808106,,,,,,,,,,,,,,,,,二条-5,
Q32337,Q11094460,,,,,,,,,,,,,,,,,,,,,,,,,,,,,,,,,,,,,,,,,,,,,
Q32340,Q3200259,,,,,,,,,,,,,,,,,,,,,,,,,,,805060,,,,,,,,,,,,,,,,,二条-4,
Q32341,Q11094468,,,,,,,,,,,,,,,,,,,,,,,,,,,,,,,,,,,,,,,,,,,,,
Q32344,Q11359196,,,,,,,,,,,,,,,,,,,,,,,,,,,,,,,,,,,,,,,,,,,,,
Q32345,Q11094467,,,,,,,,,,,,,,,,,,,,,,,,,,,,,,,,,,,,,,,,,,,,,
Q32348,Q110825561,,,,,,,,,,,,,,,,,,,,,,,,,,,,,,,,,,,,,,,,,,,,,
Q32349,Q11094463,,,,,,,,,,,,,,,,,,,,,,,,,,,,,,,,,,,,,,,,,,,,,
Q32352,Q18700614,,,,,,,,,,,,,,,,,,,,,,,,,,,,,,,,,,,,,,,,,,,,,
Q32353,Q11094459,,,,,,,,,,,,,,,,,,,,,,,,,,,,,,,,,,,,,,,,,,,,,
Q32356,Q11239116,,,,,,,,,,,,,,,,,,,,,,,,,,,,,,,,,,,,,,,,,,,,,
Q32357,Q10942814,,,,,,,,,,,,,,,,,,,,,,,,,,,,,,,,,,,,,,,,,,,,,
Q32360,Q111134235,,,,,,,,,,,,,,,,,,,,,,,,,,,,,,,,,,,,,,,,,,,,,
Q32361,Q564282,,alvin-person:1192,,,,,,,,,,,,,,,,,,,,,,,,,,,,,,,,,,,,,,,,,,,
Q32364,Q108056317,,,,,,,,,,,,,,,,,,,,,,,,,,,,,,,,,,,,,,,,,,,,,
Q32365,Q11121097,,,,,,,,,,,,,,,,,,,,,,,,,,,,,,,,,,,,,,,,,,,,,
Q32368,Q111292371,,,,,,,,,,,,,,,,,,,,,,,,,,,,,,,,,,,,,,,,,,,,,
Q32369,Q10892705,,,,,,,,,,,,,,,,,,,,,,,,,,,,,,,,,,,,,,,,,,,,,
Q32372,Q108908561,,,,,,,,,,,,,,,,,,,,,,,,,,,,,,,,,,,,,,,,,,,,,
Q32373,Q855662,,,,,,,,,,,,,,,,,,,,,,,,,,,,,,,,,,,,,,,,,,,,,
Q32376,Q11657643,,,,,,,,,,,,,,,,,,,,,,,,,,,,,,,,,,,,,,,,,,,,,
Q32377,Q13360608,,,,,,,,,,,,,,,,,,,,,,,,,,,,,,,,,,,,,,,,,,,,,
Q32380,Q8081787,,,,,,,,,,,,,,,,,,,,,,,,,,,,,,,,,,,,,,,,,,,,,
Q32381,Q13360875,,,,,,,,,,,,,,,,,,,,,,,,,,,,,,,,,,,,,,,,,,,,,
Q32384,Q497548,,,,,,,,,,,,,,,,,,,,,,,,,,,,,,,,,,,,,,,,,,,,,
Q32385,Q15942811,,,,,,,,,,,,,,,,,,,,,,,,,,,,,,,,,,,,,,,,,,,,,
Q32388,Q11432523,,,,,,,,,,,,,,,,,,,,,,,,,,,,,,,,,,,,,,,,,,,,,
Q32389,Q8249095,,,,,,,,,,,,,,,,,,,,,,,,,,,,,,,,,,,,,,,,,,,,,
Q32392,Q109250431,,,,,,,,,,,,,,,,,,,,,,,,,,,,,,,,,,,,,,,,,,,,,
Q32393,Q17032090,,,,,,,,,,,,,,,,,,,,,,,,,,,,,,,,,,,,,,,,,,,,,
Q32396,Q134513363,,,,,,,,,,,,,,,,,,,,,,,,,,,,,,,,,,,,,,,,,,,,,
Q32397,Q10835094,,,,,,,,,,,,,,,,,,,,,,,,,,,,,,,,,,,,,,,,,,,,,
Q32400,Q17219267,,,,,,,,,,,,,,,,,,,,,,,,,,,,,,,,,,,,,,,,,,,,,
Q32401,Q5324799,,,,,,,,,,,,,,,,,,,,,,,,,,,,,,,,,,,,,,,,,,,,,
Q32404,Q11473065,,,,,,,,,,,,,,,,,,,,,,,,,,,,,,,,,,,,,,,,,,,,,
Q32405,Q10944059,,,,,,,,,,,,,,,,,,,,,,,,,,,,,,,,,,,,,,,,,,,,,
Q32408,Q11606593,,,,,,,,,,,,,,,,,,,,,,,,,,,,,,,,,,,,,,,,,,,,,
Q32409,Q795870,,,,,,,,,,,,,,,,,,,,,,,,,,,,,,,,,,,,,,,,,,,,,
Q32412,Q107177490,,,,,,,,,,,,,,,,,,,,,,,,,,,,,,,,,,,,,,,,,,,,,
Q32413,Q27731992,,,,,,,,,,,,,,,,,,,,,,,,,,,,,,,,,,,,,,,,,,,,,
Q32416,Q11456912,,,,,,,,,,,,,,,,,,,,,,,,,,,,,,,,,,,,,,,,,,,,,
Q32417,Q3082166,,,,,,,,,,,,,,,,,,,,,,,,,,,,,,,,,,,,,,,,,,,,,
Q32420,Q8062736,,,,,,,,,,,,,,,,,,,,,,,,,,,,,,,,,,,,,,,,,,,,,
Q32421,Q482655,,,,,,,,,,,,,,,,,,,,,,,,,,,,,,,,,,,,,,,,,,,,,
Q32424,Q28689514,,,,,,,,,,,,,,,,,,,,,,,,,,,,,,,,,,,,,,,,,,,,小山-17,
Q32425,Q6706725,,,,,,,,,,,,,,,,,,,,,,,,,,,,,,,,,,,,,,,,,,,,,
Q32428,Q11383419,,,,,,,,,,,,,,,,,,,,,,,,,,,,,,,,,,,,,,,,,,,,,
Q32429,Q6398147,,,,,,,,,,,,,,,,,,,,,,,,,,,,,,,,,,,,,,,,,,,,,
Q32432,Q106916650,,,,,,,,,,,,,,,,,,,,,,,,,,,,,,,,,,,,,,,,,,,,,
Q32433,Q6121539,,,,,,,,,,,,,,,,,,,,,,,,,,,,,,,,,,,,,,,,,,,,,
Q32436,Q106916694,,,,,,,,,,,,,,,,,,,,,,,,,,,,,,,,,,,,,,,,,,,,,
Q32437,Q1053216,,,,,,,,,,,,,,,,,,,,,,,,,,,,,,,,,,,,,,,,,,,,,
Q32440,Q11583551,,,,,,,,,,,,,,,,,,,,,,,,,,,,,,,,,,,,,,,,,,,,,
Q32441,Q22812620,,,,,,,,,,,,,,,,,,,,,,,,,,,,,,,,,,,,,,,,,,,,,
Q32444,Q108524175,,,,,,,,,,,,,,,,,,,,,,,,,,,,,,,,,,,,,,,,,,,,,
Q32445,Q575298,,,,,,,,,,,,,,,,,,,,,,,,,,,,,,,,,,,,,,,,,,,,,
Q32448,Q110821578,,,,,,,,,,,,,,,,,,,,,,,,,,,,,,,,,,,,,,,,,,,,,
Q32449,Q11088788,,,,,,,,,,,,,,,,,,,,,,,,,,,,,,,,,,,,,,,,,,,,,
Q32452,Q11353139,,,,,,,,,,,,,,,,,,,,,,,,,,,,,,,,,,,,,,,,,,,,,
Q32453,Q2031216,,,,,,,,,,,,,,,,,,,,,,,,,,,,,,,,,,,,,,,,,,,,,
Q32456,Q108818849,,,,,,,,,,,,,,,,,,,,,,,,,,,,,,,,,,,,,,,,,,,,,
Q32457,Q7315182,,,,,,,,,,,,,,,,,,,,,,,,,,,,,,,,,,,,,,,,,,,,,
Q32460,Q18235202,,,,,,,,,,,,,,,,,,,,,,,,,,,,,,,,,,,,,,,,,,,,,
Q32462,Q11094780,,,,,,,,,,,,,,,,,,,,,,,,,,,,,,,,,,,,,,,,,,,,,
Q32464,Q108499782,,,,,,,,,,,,,,,,,,,,,,,,,,,,,,,,,,,,,,,,,,,,,
Q32466,Q11094781,,,,,,,,,,,,,,,,,,,,,,,,,,,,,,,,,,,,,,,,,,,,,
Q32468,Q603610,,,,,,,,,,,,,,,,,,,,,,,,,,,,,,,,,,,,,,,,,,,,,
Q32470,Q11094779,,,,,,,,,,,,,,,,,,,,,,,,,,,,,,,,,,,,,,,,,,,,,
Q32472,Q134305594,,,,,,,,,,,,,,,,,,,,,,,,,,,,,,,,,,,,,,,,,,,,,
Q32474,Q11094778,,,,,,,,,,,,,,,,,,,,,,,,,,,,,,,,,,,,,,,,,,,,,
Q32476,Q97031362,,,,,,,,,,,,,,,,,,,,,,,,,,,,,,,,,,,,,,,,,,,,,
Q32478,Q11094140,,,,,,,,,,,,,,,,,,,,,,,,,,,,,,,,,,,,,,,,,,,,,
Q32480,Q107157802,,,,,,,,,,,,,,,,,,,,,,,,,,,,,,,,,,,,,,,,,,,,,
Q32482,Q16904453,,,,,,,,,,,,,,,,,,,,,,,,,,,,,,,,,,,,,,,,,,,,,
Q32485,Q108900873,,,,,,,,,,,,,,,,,,,,,,,,,,,,,,,,,,,,,,,,,,,,,
Q32486,Q22829311,,,,,,,,,,,,,,,,,,,,,,,,,,,,,,,,,,,,,,,,,,,,,
Q32489,Q17210265,,,,,,,,,,,,,,,,,,,,,,,,,,,,,,,,,,,,,,,,,,,,,
Q32490,Q11094545,,,,,,,,,,,,,,,,,,,,,,,,,,,,,,,,,,,,,,,,,,,,,
Q32493,Q107637401,,,,,,,,,,,,,,,,,,,,,,,,,,,,,,,,,,,,,,,,,,,,,
Q32494,Q11051062,,,,,,,,,,,,,,,,,,,,,,,,,,,,,,,,,,,,,,,,,,,,,
Q32497,Q11546097,,,,,,,,,,,,,,,,,,,,,,,,,,,,,,,,,,,,,,,,,,,,,
Q32498,Q11093588,,,,,,,,,,,,,,,,,,,,,,,,,,,,,,,,,,,,,,,,,,,,,
Q32501,Q17210270,,,,,,,,,,,,,,,,,,,,,,,,,,,,,,,,,,,,,,,,,,,,,
Q32502,Q11094223,,,,,,,,,,,,,,,,,,,,,,,,,,,,,,,,,,,,,,,,,,,,,
Q32505,Q109319017,,,,,,,,,,,,,,,,,,,,,,,,,,,,,,,,,,,,,,,,,,,,,
Q32506,Q11094979,,,,,,,,,,,,,,,,,,,,,,,,,,,,,,,,,,,,,,,,,,,,,
Q32509,Q110085093,,,,,,,,,,,,,,,,,,,,,,,,,,,,,,,,,,,,,,,,,,,,,
Q32510,Q11094975,,,,,,,,,,,,,,,,,,,,,,,,,,,,,,,,,,,,,,,,,,,,,
Q32513,Q11474148,,,,,,,,,,,,,,,,,,,,,,,,,,,,,,,,,,,,,,,,,,,,,
Q32514,Q5374634,,,,,,,,,,,,,,,,,,,,,,,,,,,,,,,,,,,,,,,,,,,,,
Q32517,Q110156069,,,,,,,,,,,,,,,,,,,,,,,,,,,,,,,,,,,,,,,,,,,,,
Q32518,Q11094425,,,,,,,,,,,,,,,,,,,,,,,,,,,,,,,,,,,,,,,,,,,,,
Q32521,Q108855761,,,,,,,,,,,,,,,,,,,,,,,,,,,,,,,,,,,,,,,,,,,,,
Q32522,Q11094673,,,,,,,,,,,,,,,,,,,,,,,,,,,,,,,,,,,,,,,,,,,,,
Q32525,Q108957773,,,,,,,,,,,,,,,,,,,,,,,,,,,,,,,,,,,,,,,,,,,,,
Q32526,Q11094837,,,,,,,,,,,,,,,,,,,,,,,,,,,,,,,,,,,,,,,,,,,,,
Q32529,Q110090250,,,,,,,,,,,,,,,,,,,,,,,,,,,,,,,,,,,,,,,,,,,,,
Q32530,Q11093562,,,,,,,,,,,,,,,,,,,,,,,,,,,,,,,,,,,,,,,,,,,,朱-27,
Q32533,Q110153321,,,,,,,,,,,,,,,,,,,,,,,,,,,,,,,,,,,,,,,,,,,,,
Q32534,Q1132871,,,,,,,,,,,,,,,,,,,,,,,,,,,,,,,,,,,,,,,,,,,,朱-24,
Q32537,Q110155624,,,,,,,,,,,,,,,,,,,,,,,,,,,,,,,,,,,,,,,,,,,,,
Q32538,Q488697,,,,,,,,,,,,,,,,,,,,,,,,,,,,,,,,,,,,,,,,,,,,,
Q32541,Q110157549,,,,,,,,,,,,,,,,,,,,,,,,,,,,,,,,,,,,,,,,,,,,,
Q32542,Q626466,,,,,,,,,,,,,,,,,,,,,,,,,,,,,,,,,,,,,,,,,,,,,
Q32545,Q110157636,,,,,,,,,,,,,,,,,,,,,,,,,,,,,,,,,,,,,,,,,,,,,
Q32546,Q497438,,,,,,,,,,,,,,,,,,,,,,,,,,,,,,,,,,,,,,,,,,,,,
Q32549,Q109306783,,,,,,,,,,,,,,,,,,,,,,,,,,,,,,,,,,,,,,,,,,,,,
Q32550,Q8512743,,,,,,,,,,,,,,,,,,,,,,,,,,,,,,,,,,,,,,,,,,,,,
Q32553,Q108954882,,,,,,,,,,,,,,,,,,,,,,,,,,,,,,,,,,,,,,,,,,,,,
Q32554,Q8512750,,,,,,,,,,,,,,,,,,,,,,,,,,,,,,,,,,,,,,,,,,,,,
Q32557,Q108975686,,,,,,,,,,,,,,,,,,,,,,,,,,,,,,,,,,,,,,,,,,,,,
Q32558,Q8512736,,,,,,,,,,,,,,,,,,,,,,,,,,,,,,,,,,,,,,,,,,,,,
Q32561,Q11068401,,,,,,,,,,,,,,,,,,,,,,,,,,,,,,,,,,,,,,,,,,,,,
Q32562,Q12183627,,,,,,,,,,,,,,,,,,,,,,,,,,,,,,,,,,,,,,,,,,,,,
Q32565,Q108146316,,,,,,,,,,,,,,,,,,,,,,,,,,,,,,,,,,,,,,,,,,,,,
Q32566,Q12183626,,,,,,,,,,,,,,,,,,,,,,,,,,,,,,,,,,,,,,,,,,,,,
Q32569,Q110821345,,,,,,,,,,,,,,,,,,,,,,,,,,,,,,,,,,,,,,,,,,,,,
Q32570,Q12183628,,,,,,,,,,,,,,,,,,,,,,,,,,,,,,,,,,,,,,,,,,,,,
Q32573,Q11068440,,,,,,,,,,,,,,,,,,,,,,,,,,,,,,,,,,,,,,,,,,,,,
Q32574,Q22974724,,,,,,,,,,,,,,,,,,,,,,,,,,,,,,,,,,,,,,,,,,,,,
Q32577,Q109914772,,,,,,,,,,,,,,,,,,,,,,,,,,,,,,,,,,,,,,,,,,,,,
Q32578,Q12615684,,,,,,,,,,,,,,,,,,,,,,,,,,,,,,,,,,,,,,,,,,,,,
Q32581,Q23986625,,,,,,,,,,,,,,,,,,,,,,,,,,,,,,,,,,,,,,,,,,,,,
Q32582,Q16880402,,,,,,,,,,,,,,,,,,,,,,,,,,,,,,,,,,,,,,,,,,,,,
Q32585,Q109016492,,,,,,,,,,,,,,,,,,,,,,,,,,,,,,,,,,,,,,,,,,,,,
Q32586,Q12612902,,,,,,,,,,,,,,,,,,,,,,,,,,,,,,,,,,,,,,,,,,,,,
Q32589,Q128851679,,,,,,,,,,,,,,,,,,,,,,,,,,,,,,,,,,,,,,,,,,,,,
Q32590,Q16978911,,,,,,,,,,,,,,,,,,,,,,,,,,,,,,,,,,,,,,,,,,,,,
Q32593,Q11438599,,,,,,,,,,,,,,,,,,,,,,,,,,,,,,,,,,,,,,,,,,,,,
Q32594,Q16978897,,,,,,,,,,,,,,,,,,,,,,,,,,,,,,,,,,,,,,,,,,,,,
Q32597,Q107167486,,,,,,,,,,,,,,,,,,,,,,,,,,,,,,,,,,,,,,,,,,,,,
Q32598,Q15139417,,,,,,,,,,,,,,,,,,,,,,,,,,,,,,,,,,,,,,,,,,,,,
Q32601,Q107167498,,,,,,,,,,,,,,,,,,,,,,,,,,,,,,,,,,,,,,,,,,,,,
Q32602,Q83553434,,,,,,,,,,,,,,,,,,,,,,,,,,,,,,,,,,,,,,,,,,,,,
Q32605,Q108798314,,,,,,,,,,,,,,,,,,,,,,,,,,,,,,,,,,,,,,,,,,,,,
Q32606,Q27952568,,,,,,,,,,,,,,,,,,,,,,,,,,,,,,,,,,,,,,,,,,,,,
Q32609,Q11400596,,,,,,,,,,,,,,,,,,,,,,,,,,,,,,,,,,,,,,,,,,,,,
Q32610,Q12608407,,,,,,,,,,,,,,,,,,,,,,,,,,,,,,,,,,,,,,,,,,,,,
Q32613,Q110270033,,,,,,,,,,,,,,,,,,,,,,,,,,,,,,,,,,,,,,,,,,,,,
Q32614,Q27951939,,,,,,,,,,,,,,,,,,,,,,,,,,,,,,,,,,,,,,,,,,,,,
Q32617,Q110950620,,,,,,,,,,,,,,,,,,,,,,,,,,,,,,,,,,,,,,,,,,,,,
Q32618,Q27951935,,,,,,,,,,,,,,,,,,,,,,,,,,,,,,,,,,,,,,,,,,,,,
Q32621,Q6609302,,,,,,,,,,,,,,,,,,,,,,,,,,,,,,,,,,,,,,,,,,,,,
Q32622,Q12583048,,,,,,,,,,,,,,,,,,,,,,,,,,,,,,,,,,,,,,,,,,,,,
Q32625,Q118697896,,,,,,,,,,,,,,,,,,,,,,,,,,,,,,,,,,,,,,,,,,,,,
Q32626,Q12618040,,,,,,,,,,,,,,,,,,,,,,,,,,,,,,,,,,,,,,,,,,,,,
Q32629,Q11518600,,,,,,,,,,,,,,,,,,,,,,,,,,,,,,,,,,,,,,,,,,,,,
Q32630,Q16163854,,,,,,,,,,,,,,,,,,,,,,,,,,,,,,,,,,,,,,,,,,,,,
Q32633,Q11359377,,,,,,,,,,,,,,,,,,,,,,,,,,,,,,,,,,,,,,,,,,,,,
Q32634,Q16163303,,,,,,,,,,,,,,,,,,,,,,,,,,,,,,,,,,,,,,,,,,,,,
Q32637,Q11475197,,,,,,,,,,,,,,,,,,,,,,,,,,,,,,,,,,,,,,,,,,,,,
Q32638,Q19349683,,,,,,,,,,,,,,,,,,,,,,,,,,,,,,,,,,,,,,,,,,,,,
Q32641,Q97706289,,,,,,,,,,,,,,,,,,,,,,,,,,,,,,,,,,,,,,,,,,,,,
Q32642,Q12604842,,,,,,,,,,,,,,,,,,,,,,,,,,,,,,,,,,,,,,,,,,,,,
Q32645,Q11414262,,,,,,,,,,,,,,,,,,,,,,,,,,,,,,,,,,,,,,,,,,,,,
Q32646,Q61095336,,,,,,,,,,,,,,,,,,,,,,,,,,,,,,,,,,,,,,,,,,,,,
Q32648,Q319902,,alvin-person:51491,,,,,,,,,,,,,,,,,,,,,,,,,,,,,,,,,,,,,,,,,,,
Q32649,Q109794514,,,,,,,,,,,,,,,,,,,,,,,,,,,,,,,,,,,,,,,,,,,,,
Q32650,Q12604925,,,,,,,,,,,,,,,,,,,,,,,,,,,,,,,,,,,,,,,,,,,,,
Q32653,Q11615286,,,,,,,,,,,,,,,,,,,,,,,,,,,,,,,,,,,,,,,,,,,,,
Q32654,Q12609956,,,,,,,,,,,,,,,,,,,,,,,,,,,,,,,,,,,,,,,,,,,,,
Q32657,Q109852486,,,,,,,,,,,,,,,,,,,,,,,,,,,,,,,,,,,,,,,,,,,,,
Q32658,Q19161909,,,,,,,,,,,,,,,,,,,,,,,,,,,,,,,,,,,,,,,,,,,,,
Q32661,Q11431977,,,,,,,,,,,,,,,,,,,,,,,,,,,,,,,,,,,,,,,,,,,,,
Q32662,Q23994955,,,,,,,,,,,,,,,,,,,,,,,,,,,,,,,,,,,,,,,,,,,,,
Q32665,Q11431952,,,,,,,,,,,,,,,,,,,,,,,,,,,,,,,,,,,,,,,,,,,,,
Q32666,Q24000780,,,,,,,,,,,,,,,,,,,,,,,,,,,,,,,,,,,,,,,,,,,,구-3,
Q32669,Q106764511,,,,,,,,,,,,,,,,,,,,,,,,,,,,,,,,,,,,,,,,,,,,,
Q32670,Q12585347,,,,,,,,,,,,,,,,,,,,,,,,,,,,,,,,,,,,,,,,,,,,,
Q32673,Q106764523,,,,,,,,,,,,,,,,,,,,,,,,,,,,,,,,,,,,,,,,,,,,,
Q32674,Q3565194,,,,,,,,,,,,,,,,,,,,,,,,,,,,,,,,,,,,,,,,,,,,Han-137,
Q32677,Q11651843,,,,,,,,,,,,,,,,,,,,,,,,,,,,,,,,,,,,,,,,,,,,,
Q32678,Q483603,,,,,,,,,,,,,,,,,,,,,,,,,,,,,,,,,,,,,,,,,,,,,
Q32681,Q11420150,,,,,,,,,,,,,,,,,,,,,,,,,,,,,,,,,,,,,,,,,,,,,
Q32682,Q6806709,,,,,,,,,,,,,,,,,,,,,,,,,,,,,,,,,,,,,,,,,,,,,
Q32685,Q108840112,,,,,,,,,,,,,,,,,,,,,,,,,,,,,,,,,,,,,,,,,,,,,
Q32686,Q16168686,,,,,,,,,,,,,,,,,,,,,,,,,,,,,,,,,,,,,,,,,,,,,
Q32689,Q108840118,,,,,,,,,,,,,,,,,,,,,,,,,,,,,,,,,,,,,,,,,,,,,
Q32691,Q16261782,,,,,,,,,,,,,,,,,,,,,,,,,,,,,,,,,,,,,,,,,,,,,
Q32693,Q108857338,,,,,,,,,,,,,,,,,,,,,,,,,,,,,,,,,,,,,,,,,,,,,
Q32695,Q483181,,,,,,,,,,,,,,,,,,,,,,,,,,,,,,,,,,,,,,,,,,,,,
Q32697,Q108840137,,,,,,,,,,,,,,,,,,,,,,,,,,,,,,,,,,,,,,,,,,,,,
Q32699,Q484446,,,,,,,,,,,,,,,,,,,,,,,,,,,,,,,,,,,,,,,,,,,,Yi-40,
Q32701,Q108900388,,,,,,,,,,,,,,,,,,,,,,,,,,,,,,,,,,,,,,,,,,,,,
Q32703,Q11175295,,,,,,,,,,,,,,,,,,,,,,,,,,,,,,,,,,,,,,,,,,,,Yi-116,
Q32705,Q106814279,,,,,,,,,,,,,,,,,,,,,,,,,,,,,,,,,,,,,,,,,,,,,
Q32707,Q12608714,,,,,,,,,,,,,,,,,,,,,,,,,,,,,,,,,,,,,,,,,,,,,
Q32709,Q11545674,,,,,,,,,,,,,,,,,,,,,,,,,,,,,,,,,,,,,,,,,,,,,
Q32711,Q13515671,,,,,,,,,,,,,,,,,,,,,,,,,,,,,,,,,,,,,,,,,,,,,
Q32713,Q109945151,,,,,,,,,,,,,,,,,,,,,,,,,,,,,,,,,,,,,,,,,,,,,
Q32715,Q12603522,,,,,,,,,,,,,,,,,,,,,,,,,,,,,,,,,,,,,,,,,,,,,
Q32717,Q106729070,,,,,,,,,,,,,,,,,,,,,,,,,,,,,,,,,,,,,,,,,,,,,
Q32719,Q12589712,,,,,,,,,,,,,,,,,,,,,,,,,,,,,,,,,,,,,,,,,,,,,
Q32721,Q108084303,,,,,,,,,,,,,,,,,,,,,,,,,,,,,,,,,,,,,,,,,,,,,
Q32723,Q11094105,,,,,,,,,,,,,,,,,,,,,,,,,,,,,,,,,,,,,,,,,,,,,
Q32725,Q11355835,,,,,,,,,,,,,,,,,,,,,,,,,,,,,,,,,,,,,,,,,,,,,
Q32727,Q22812664,,,,,,,,,,,,,,,,,,,,,,,,,,,,,,,,,,,,,,,,,,,,孔-21,
Q32729,Q134299406,,,,,,,,,,,,,,,,,,,,,,,,,,,,,,,,,,,,,,,,,,,,,
Q32731,Q22812665,,,,,,,,,,,,,,,,,,,,,,,,,,,,,,,,,,,,,,,,,,,,,
Q32733,Q108490882,,,,,,,,,,,,,,,,,,,,,,,,,,,,,,,,,,,,,,,,,,,,,
Q32735,Q5374664,,,,,,,,,,,,,,,,,,,,,,,,,,,,,,,,,,,,,,,,,,,,周-2,
Q32737,Q108490938,,,,,,,,,,,,,,,,,,,,,,,,,,,,,,,,,,,,,,,,,,,,,
Q32739,Q8250867,,,,,,,,,,,,,,,,,,,,,,,,,,,,,,,,,,,,,,,,,,,,,
Q32741,Q109321337,,,,,,,,,,,,,,,,,,,,,,,,,,,,,,,,,,,,,,,,,,,,,
Q32743,Q8250797,,,,,,,,,,,,,,,,,,,,,,,,,,,,,,,,,,,,,,,,,,,,田-1,
Q32745,Q109321358,,,,,,,,,,,,,,,,,,,,,,,,,,,,,,,,,,,,,,,,,,,,,
Q32747,Q20040910,,,,,,,,,,,,,,,,,,,,,,,,,,,,,,,,,,,,,,,,,,,,,
Q32749,Q109795531,,,,,,,,,,,,,,,,,,,,,,,,,,,,,,,,,,,,,,,,,,,,,
Q32751,Q3236830,,,,,,,,,,,,,,,,,,,,,,,,,,,,,,,,,,,,,,,,,,,,朱-8,
Q32753,Q109830252,,,,,,,,,,,,,,,,,,,,,,,,,,,,,,,,,,,,,,,,,,,,,
Q32755,Q10928793,,,,,,,,,,,,,,,,,,,,,,,,,,,,,,,,,,,,,,,,,,,,朱-7,
Q32757,Q109308450,,,,,,,,,,,,,,,,,,,,,,,,,,,,,,,,,,,,,,,,,,,,,
Q32759,Q11088902,,,,,,,,,,,,,,,,,,,,,,,,,,,,,,,,,,,,,,,,,,,,,
Q32761,Q109830218,,,,,,,,,,,,,,,,,,,,,,,,,,,,,,,,,,,,,,,,,,,,,
Q32763,Q5953335,,,,,,,,,,,,,,,,,,,,,,,,,,,844011,,,,,,,,,,,,,,,,,朱-4,
Q32765,Q109321367,,,,,,,,,,,,,,,,,,,,,,,,,,,,,,,,,,,,,,,,,,,,,
Q32767,Q11073245,,,,,,,,,,,,,,,,,,,,,,,,,,,,,,,,,,,,,,,,,,,,,
Q32769,Q106664323,,,,,,,,,,,,,,,,,,,,,,,,,,,,,,,,,,,,,,,,,,,,,
Q32771,Q11094085,,,,,,,,,,,,,,,,,,,,,,,,,,,,,,,,,,,,,,,,,,,,朱-55,
Q32773,Q109595833,,,,,,,,,,,,,,,,,,,,,,,,,,,,,,,,,,,,,,,,,,,,,
Q32775,Q11094087,,,,,,,,,,,,,,,,,,,,,,,,,,,,,,,,,,,,,,,,,,,,朱-6,
Q32777,Q11360999,,,,,,,,,,,,,,,,,,,,,,,,,,,,,,,,,,,,,,,,,,,,,
Q32779,Q11094088,,,,,,,,,,,,,,,,,,,,,,,,,,,844012,,,,,,,,,,,,,,,,,朱-5,
Q32781,Q109594950,,,,,,,,,,,,,,,,,,,,,,,,,,,,,,,,,,,,,,,,,,,,,
Q32783,Q11094097,,,,,,,,,,,,,,,,,,,,,,,,,,,,,,,,,,,,,,,,,,,,朱-54,
Q32785,Q11376753,,,,,,,,,,,,,,,,,,,,,,,,,,,,,,,,,,,,,,,,,,,,,
Q32787,Q11094102,,,,,,,,,,,,,,,,,,,,,,,,,,,844016,,,,,,,,,,,,,,,,,朱-53,
Q32789,Q111042873,,,,,,,,,,,,,,,,,,,,,,,,,,,,,,,,,,,,,,,,,,,,,
Q32791,Q5374625,,,,,,,,,,,,,,,,,,,,,,,,,,,,,,,,,,,,,,,,,,,,,
Q32793,Q108745968,,,,,,,,,,,,,,,,,,,,,,,,,,,,,,,,,,,,,,,,,,,,,
Q32795,Q8250479,,,,,,,,,,,,,,,,,,,,,,,,,,,,,,,,,,,,,,,,,,,,,
Q32797,Q108747289,,,,,,,,,,,,,,,,,,,,,,,,,,,,,,,,,,,,,,,,,,,,,
Q32799,Q11094091,,,,,,,,,,,,,,,,,,,,,,,,,,,844008,,,,,,,,,,,,,,,,,朱-35,
Q32801,Q109665695,,,,,,,,,,,,,,,,,,,,,,,,,,,,,,,,,,,,,,,,,,,,,
Q32803,Q11094090,,,,,,,,,,,,,,,,,,,,,,,,,,,844009,,,,,,,,,,,,,,,,,朱-36,
Q32805,Q109123196,,,,,,,,,,,,,,,,,,,,,,,,,,,,,,,,,,,,,,,,,,,,,
Q32807,Q11094081,,,,,,,,,,,,,,,,,,,,,,,,,,,844010,,,,,,,,,,,,,,,,,朱-37,
Q32809,Q1156545,,,,,,,,,,,,,,,,,,,,,,,,,,,,,,,,,,,,,,,,,,,,Mori-19,
Q32811,Q10993272,,,,,,,,,,,,,,,,,,,,,,,,,,,,,,,,,,,,,,,,,,,,,
Q32814,Q859795,,,,,,,,,,,,,,,,,,,,,,,,,,,,,,,,,,,,,,,,,,,,,
Q32815,Q11131843,,,,,,,,,,,,,,,,,,,,,,,,,,,,,,,,,,,,,,,,,,,,朱-38,
Q32818,Q128852055,,,,,,,,,,,,,,,,,,,,,,,,,,,,,,,,,,,,,,,,,,,,,
Q32819,Q30943035,,,,,,,,,,,,,,,,,,,,,,,,,,,,,,,,,,,,,,,,,,,,,
Q32822,Q128852058,,,,,,,,,,,,,,,,,,,,,,,,,,,,,,,,,,,,,,,,,,,,,
Q32823,Q8254677,,,,,,,,,,,,,,,,,,,,,,,,,,,,,,,,,,,,,,,,,,,,,
Q32826,Q111020269,,,,,,,,,,,,,,,,,,,,,,,,,,,,,,,,,,,,,,,,,,,,,
Q32827,Q8254614,,,,,,,,,,,,,,,,,,,,,,,,,,,,,,,,,,,,,,,,,,,,,
Q32830,Q11547680,,,,,,,,,,,,,,,,,,,,,,,,,,,,,,,,,,,,,,,,,,,,,
Q32831,Q11111712,,,,,,,,,,,,,,,,,,,,,,,,,,,,,,,,,,,,,,,,,,,,,
Q32834,Q108823132,,,,,,,,,,,,,,,,,,,,,,,,,,,,,,,,,,,,,,,,,,,,,
Q32835,Q5374629,,,,,,,,,,,,,,,,,,,,,,,,,,,,,,,,,,,,,,,,,,,,王-52,
Q32839,Q7227767,,,,,,,,,,,,,,,,,,,,,,,,,,,,,,,,,,,,,,,,,,,,,
Q32843,Q11094082,,,,,,,,,,,,,,,,,,,,,,,,,,,,,,,,,,,,,,,,,,,,,
Q32847,Q11094089,,,,,,,,,,,,,,,,,,,,,,,,,,,,,,,,,,,,,,,,,,,,,
Q32850,Q6013274,,,,,,,,,,,,,,,,,,,,,,,,,,,,,,,,,,,,,,,,,,,,,
Q32851,Q11094106,,,,,,,,,,,,,,,,,,,,,,,,,,,,,,,,,,,,,,,,,,,,,
Q32854,Q110968223,,,,,,,,,,,,,,,,,,,,,,,,,,,,,,,,,,,,,,,,,,,,,
Q32855,Q11094099,,,,,,,,,,,,,,,,,,,,,,,,,,,,,,,,,,,,,,,,,,,,朱-22,
Q32858,Q109120279,,,,,,,,,,,,,,,,,,,,,,,,,,,,,,,,,,,,,,,,,,,,,
Q32859,Q11094103,,,,,,,,,,,,,,,,,,,,,,,,,,,,,,,,,,,,,,,,,,,,,
Q32862,Q97196953,,,,,,,,,,,,,,,,,,,,,,,,,,,,,,,,,,,,,,,,,,,,,
Q32863,Q6785260,,,,,,,,,,,,,,,,,,,,,,,,,,,,,,,,,,,,,,,,,,,,,
Q32866,Q109177805,,,,,,,,,,,,,,,,,,,,,,,,,,,,,,,,,,,,,,,,,,,,,
Q32867,Q11094086,,,,,,,,,,,,,,,,,,,,,,,,,,,,,,,,,,,,,,,,,,,,,
Q32870,Q111015667,,,,,,,,,,,,,,,,,,,,,,,,,,,,,,,,,,,,,,,,,,,,,
Q32871,Q11094104,,,,,,,,,,,,,,,,,,,,,,,,,,,,,,,,,,,,,,,,,,,,,
Q32874,Q111015697,,,,,,,,,,,,,,,,,,,,,,,,,,,,,,,,,,,,,,,,,,,,,
Q32875,Q11094095,,,,,,,,,,,,,,,,,,,,,,,,,,,,,,,,,,,,,,,,,,,,,
Q32878,Q111015901,,,,,,,,,,,,,,,,,,,,,,,,,,,,,,,,,,,,,,,,,,,,,
Q32879,Q862901,,,,,,,,,,,,,,,,,,,,,,,,,,,,,,,,,,,,,,,,,,,,,
Q32882,Q111015869,,,,,,,,,,,,,,,,,,,,,,,,,,,,,,,,,,,,,,,,,,,,,
Q32883,Q8262828,,,,,,,,,,,,,,,,,,,,,,,,,,,,,,,,,,,,,,,,,,,,,
Q32886,Q110819309,,,,,,,,,,,,,,,,,,,,,,,,,,,,,,,,,,,,,,,,,,,,,
Q32887,Q8249185,,,,,,,,,,,,,,,,,,,,,,,,,,,,,,,,,,,,,,,,,,,,,
Q32890,Q110820014,,,,,,,,,,,,,,,,,,,,,,,,,,,,,,,,,,,,,,,,,,,,,
Q32891,Q553240,,,,,,,,,,,,,,,,,,,,,,,,,,,,,,,,,,,,,,,,,,,,,
Q32894,Q110820199,,,,,,,,,,,,,,,,,,,,,,,,,,,,,,,,,,,,,,,,,,,,,
Q32895,Q9414826,,,,,,,,,,,,,,,,,,,,,,,,,,,,,,,,,,,,,,,,,,,,,
Q32899,Q9415053,,,,,,,,,,,,,,,,,,,,,,,,,,,,,,,,,,,,,,,,,,,,,
Q32902,Q110599784,,,,,,,,,,,,,,,,,,,,,,,,,,,,,,,,,,,,,,,,,,,,,
Q32903,Q10892769,,,,,,,,,,,,,,,,,,,,,,,,,,,,,,,,,,,,,,,,,,,,,
Q32906,Q110599917,,,,,,,,,,,,,,,,,,,,,,,,,,,,,,,,,,,,,,,,,,,,,
Q32907,Q16078661,,,,,,,,,,,,,,,,,,,,,,,,,,,,,,,,,,,,,,,,,,,,,
Q32910,Q110129611,,,,,,,,,,,,,,,,,,,,,,,,,,,,,,,,,,,,,,,,,,,,,
Q32911,Q10892711,,,,,,,,,,,,,,,,,,,,,,,,,,,,,,,,,,,,,,,,,,,,,
Q32914,Q106678455,,,,,,,,,,,,,,,,,,,,,,,,,,,,,,,,,,,,,,,,,,,,,
Q32915,Q9414457,,,,,,,,,,,,,,,,,,,,,,,,,,,,,,,,,,,,,,,,,,,,,
Q32918,Q106673371,,,,,,,,,,,,,,,,,,,,,,,,,,,,,,,,,,,,,,,,,,,,,
Q32919,Q10892779,,,,,,,,,,,,,,,,,,,,,,,,,,,,,,,,,,,,,,,,,,,,,
Q32922,Q109936660,,,,,,,,,,,,,,,,,,,,,,,,,,,,,,,,,,,,,,,,,,,,,
Q32923,Q10892699,,,,,,,,,,,,,,,,,,,,,,,,,,,,,,,,,,,,,,,,,,,,,
Q32926,Q109936899,,,,,,,,,,,,,,,,,,,,,,,,,,,,,,,,,,,,,,,,,,,,,
Q32927,Q564288,,,,,,,,,,,,,,,,,,,,,,,,,,,,,,,,,,,,,,,,,,,,,
Q32930,Q11638809,,,,,,,,,,,,,,,,,,,,,,,,,,,,,,,,,,,,,,,,,,,,,
Q32931,Q8249226,,,,,,,,,,,,,,,,,,,,,,,,,,,,,,,,,,,,,,,,,,,,,
Q32934,Q109776132,,,,,,,,,,,,,,,,,,,,,,,,,,,,,,,,,,,,,,,,,,,,,
Q32935,Q7993703,,,,,,,,,,,,,,,,,,,,,,,,,,,,,,,,,,,,,,,,,,,,,
Q32938,Q111289128,,,,,,,,,,,,,,,,,,,,,,,,,,,,,,,,,,,,,,,,,,,,,
Q32939,Q5359551,,,,,,,,,,,,,,,,,,,,,,,,,,,,,,,,,,,,,,,,,,,,,
Q32942,Q111292398,,,,,,,,,,,,,,,,,,,,,,,,,,,,,,,,,,,,,,,,,,,,,
Q32943,Q8318659,,,,,,,,,,,,,,,,,,,,,,,,,,,,,,,,,,,,,,,,,,,,,
Q32946,Q111292521,,,,,,,,,,,,,,,,,,,,,,,,,,,,,,,,,,,,,,,,,,,,,
Q32947,Q24838991,,,,,,,,,,,,,,,,,,,,,,,,,,,,,,,,,,,,,,,,,,,,,
Q32950,Q11608422,,,,,,,,,,,,,,,,,,,,,,,,,,,,,,,,,,,,,,,,,,,,,
Q32951,Q56347631,,,,,,,,,,,,,,,,,,,,,,,,,,,,,,,,,,,,,,,,,,,,,
Q32954,Q108782012,,,,,,,,,,,,,,,,,,,,,,,,,,,,,,,,,,,,,,,,,,,,,
Q32955,Q795943,,,,,,,,,,,,,,,,,,,,,,,,,,,,,,,,,,,,,,,,,,,,,
Q32958,Q17223151,,,,,,,,,,,,,,,,,,,,,,,,,,,,,,,,,,,,,,,,,,,,,
Q32959,Q27687518,,,,,,,,,,,,,,,,,,,,,,,,,,,,,,,,,,,,,,,,,,,,,
Q32962,Q11556259,,,,,,,,,,,,,,,,,,,,,,,,,,,,,,,,,,,,,,,,,,,,,
Q32963,Q3178575,,,,,,,,,,,,,,,,,,,,,,,,,,,,,,,,,,,,,,,,,,,,,
Q32966,Q11642052,,,,,,,,,,,,,,,,,,,,,,,,,,,,,,,,,,,,,,,,,,,,,
Q32967,Q76632388,,,,,,,,,,,,,,,,,,,,,,,,,,,,,,,,,,,,,,,,,,,,,
Q32970,Q11588733,,,,,,,,,,,,,,,,,,,,,,,,,,,,,,,,,,,,,,,,,,,,,
Q32971,Q888530,,,,,,,,,,,,,,,,,,,,,,,,,,,,,,,,,,,,,,,,,,,,,
Q32974,Q109971355,,,,,,,,,,,,,,,,,,,,,,,,,,,,,,,,,,,,,,,,,,,,,
Q32975,Q887650,,,,,,,,,,,,,,,,,,,,,,,,,,,,,,,,,,,,,,,,,,,,,
Q32978,Q11608443,,,,,,,,,,,,,,,,,,,,,,,,,,,,,,,,,,,,,,,,,,,,,
Q32979,Q6422749,,,,,,,,,,,,,,,,,,,,,,,,,,,,,,,,,,,,,,,,,,,,,
Q32982,Q11608381,,,,,,,,,,,,,,,,,,,,,,,,,,,,,,,,,,,,,,,,,,,,,
Q32983,Q17026263,,,,,,,,,,,,,,,,,,,,,,,,,,,,,,,,,,,,,,,,,,,,,
Q32986,Q111181807,,,,,,,,,,,,,,,,,,,,,,,,,,,,,,,,,,,,,,,,,,,,,
Q32987,Q5951712,,,,,,,,,,,,,,,,,,,,,,,,,,,,,,,,,,,,,,,,,,,,,
Q32989,Q330594,,,,,,,,,,,,,,,,,,,,,,,,,,,,,,,,,,,,,,,,,,,,,
Q32990,Q111182153,,,,,,,,,,,,,,,,,,,,,,,,,,,,,,,,,,,,,,,,,,,,,
Q32991,Q5952065,,,,,,,,,,,,,,,,,,,,,,,,,,,,,,,,,,,,,,,,,,,,,
Q32994,Q111182170,,,,,,,,,,,,,,,,,,,,,,,,,,,,,,,,,,,,,,,,,,,,,
Q32996,Q589297,,,,,,,,,,,,,,,,,,,,,,,,,,,,,,,,,,,,,,,,,,,,,
Q32998,Q11608448,,,,,,,,,,,,,,,,,,,,,,,,,,,,,,,,,,,,,,,,,,,,,
Q33000,Q589235,,,,,,,,,,,,,,,,,,,,,,,,,,,,,,,,,,,,,,,,,,,,,
Q33002,Q109739466,,,,,,,,,,,,,,,,,,,,,,,,,,,,,,,,,,,,,,,,,,,,,
Q33004,Q10944385,,,,,,,,,,,,,,,,,,,,,,,,,,,,,,,,,,,,,,,,,,,,,
Q33006,Q111018968,,,,,,,,,,,,,,,,,,,,,,,,,,,,,,,,,,,,,,,,,,,,,
Q33007,Q8249370,,,,,,,,,,,,,,,,,,,,,,,,,,,,,,,,,,,,,,,,,,,,,
Q33010,Q6606143,,,,,,,,,,,,,,,,,,,,,,,,,,,,,,,,,,,,,,,,,,,,,
Q33011,Q5291672,,,,,,,,,,,,,,,,,,,,,,,,,,,,,,,,,,,,,,,,,,,,,
Q33014,Q109657149,,,,,,,,,,,,,,,,,,,,,,,,,,,,,,,,,,,,,,,,,,,,,
Q33015,Q603372,,,,,,,,,,,,,,,,,,,,,,,,,,,,,,,,,,,,,,,,,,,,,
Q33018,Q108693299,,,,,,,,,,,,,,,,,,,,,,,,,,,,,,,,,,,,,,,,,,,,,
Q33020,Q1829658,,,,,,,,,,,,,,,,,,,,,,,,,,,,,,,,,,,,,,,,,,,,,
Q33022,Q109002215,,,,,,,,,,,,,,,,,,,,,,,,,,,,,,,,,,,,,,,,,,,,,
Q33024,Q3883252,,,,,,,,,,,,,,,,,,,,,,,,,,,,,,,,,,,,,,,,,,,,,
Q33026,Q110155388,,,,,,,,,,,,,,,,,,,,,,,,,,,,,,,,,,,,,,,,,,,,,
Q33028,Q7315285,,,,,,,,,,,,,,,,,,,,,,,,,,,,,,,,,,,,,,,,,,,,,
Q33030,Q11374491,,,,,,,,,,,,,,,,,,,,,,,,,,,,,,,,,,,,,,,,,,,,,
Q33032,Q11093819,,,,,,,,,,,,,,,,,,,,,,,,,,,,,,,,,,,,,,,,,,,,,
Q33034,Q110657057,,,,,,,,,,,,,,,,,,,,,,,,,,,,,,,,,,,,,,,,,,,,,
Q33036,Q11093821,,,,,,,,,,,,,,,,,,,,,,,,,,,,,,,,,,,,,,,,,,,,,
Q33038,Q110657314,,,,,,,,,,,,,,,,,,,,,,,,,,,,,,,,,,,,,,,,,,,,,
Q33040,Q11093818,,,,,,,,,,,,,,,,,,,,,,,,,,,,,,,,,,,,,,,,,,,,,
Q33042,Q11547678,,,,,,,,,,,,,,,,,,,,,,,,,,,,,,,,,,,,,,,,,,,,,
Q33044,Q16075472,,,,,,,,,,,,,,,,,,,,,,,,,,,,,,,,,,,,,,,,,,,,,
Q33046,Q11374479,,,,,,,,,,,,,,,,,,,,,,,,,,,,,,,,,,,,,,,,,,,,,
Q33048,Q11093817,,,,,,,,,,,,,,,,,,,,,,,,,,,,,,,,,,,,,,,,,,,,,
Q33050,Q837231,,,,,,,,,,,,,,,,,,,,,,,,,,,485501,,,,,,,,,,,,,,,,,Masahito-shinnō_誠仁親王-1,I00523240
Q33052,Q11093822,,,,,,,,,,,,,,,,,,,,,,,,,,,,,,,,,,,,,,,,,,,,,
Q33054,Q110819454,,,,,,,,,,,,,,,,,,,,,,,,,,,,,,,,,,,,,,,,,,,,,
Q33056,Q11093824,,,,,,,,,,,,,,,,,,,,,,,,,,,,,,,,,,,,,,,,,,,,,
Q33058,Q11463133,,,,,,,,,,,,,,,,,,,,,,,,,,,,,,,,,,,,,,,,,,,,,
Q33060,Q11093816,,,,,,,,,,,,,,,,,,,,,,,,,,,,,,,,,,,,,,,,,,,,,
Q33062,Q11495693,,,,,,,,,,,,,,,,,,,,,,,,,,,,,,,,,,,,,,,,,,,,,
Q33064,Q11094321,,,,,,,,,,,,,,,,,,,,,,,,,,,,,,,,,,,,,,,,,,,,,
Q33066,Q11495743,,,,,,,,,,,,,,,,,,,,,,,,,,,,,,,,,,,,,,,,,,,,,
Q33067,Q11094068,,,,,,,,,,,,,,,,,,,,,,,,,,,,,,,,,,,,,,,,,,,,,
Q33070,Q118724914,,,,,,,,,,,,,,,,,,,,,,,,,,,,,,,,,,,,,,,,,,,,,
Q33071,Q22829312,,,,,,,,,,,,,,,,,,,,,,,,,,,,,,,,,,,,,,,,,,,,,
Q33074,Q106768607,,,,,,,,,,,,,,,,,,,,,,,,,,,,,,,,,,,,,,,,,,,,,
Q33075,Q11051064,,,,,,,,,,,,,,,,,,,,,,,,,,,,,,,,,,,,,,,,,,,,,
Q33078,Q11434586,,,,,,,,,,,,,,,,,,,,,,,,,,,,,,,,,,,,,,,,,,,,,
Q33079,Q11094436,,,,,,,,,,,,,,,,,,,,,,,,,,,,,,,,,,,,,,,,,,,,,
Q33082,Q8514439,,,,,,,,,,,,,,,,,,,,,,,,,,,,,,,,,,,,,,,,,,,,,
Q33083,Q10884433,,,,,,,,,,,,,,,,,,,,,,,,,,,,,,,,,,,,,,,,,,,,,
Q33086,Q11582547,,,,,,,,,,,,,,,,,,,,,,,,,,,,,,,,,,,,,,,,,,,,,
Q33087,Q16904342,,,,,,,,,,,,,,,,,,,,,,,,,,,,,,,,,,,,,,,,,,,,,
Q33090,Q106768629,,,,,,,,,,,,,,,,,,,,,,,,,,,,,,,,,,,,,,,,,,,,,
Q33091,Q18234455,,,,,,,,,,,,,,,,,,,,,,,,,,,,,,,,,,,,,,,,,,,,朱-25,
Q33094,Q109352902,,,,,,,,,,,,,,,,,,,,,,,,,,,,,,,,,,,,,,,,,,,,,
Q33096,Q15936528,,,,,,,,,,,,,,,,,,,,,,,,,,,,,,,,,,,,,,,,,,,,,
Q33098,Q109681265,,,,,,,,,,,,,,,,,,,,,,,,,,,,,,,,,,,,,,,,,,,,,
Q33100,Q488500,,,,,,,,,,,,,,,,,,,,,,,,,,,,,,,,,,,,,,,,,,,,,
Q33102,Q11380701,,,,,,,,,,,,,,,,,,,,,,,,,,,,,,,,,,,,,,,,,,,,,
Q33104,Q497392,,,,,,,,,,,,,,,,,,,,,,,,,,,,,,,,,,,,,,,,,,,,,
Q33106,Q111094678,,,,,,,,,,,,,,,,,,,,,,,,,,,,,,,,,,,,,,,,,,,,,
Q33108,Q8512773,,,,,,,,,,,,,,,,,,,,,,,,,,,,,,,,,,,,,,,,,,,,,
Q33110,Q111021154,,,,,,,,,,,,,,,,,,,,,,,,,,,,,,,,,,,,,,,,,,,,,
Q33112,Q8512807,,,,,,,,,,,,,,,,,,,,,,,,,,,,,,,,,,,,,,,,,,,,,
Q33114,Q109288119,,,,,,,,,,,,,,,,,,,,,,,,,,,,,,,,,,,,,,,,,,,,,
Q33116,Q8512801,,,,,,,,,,,,,,,,,,,,,,,,,,,,,,,,,,,,,,,,,,,,,
Q33118,Q10885144,,,,,,,,,,,,,,,,,,,,,,,,,,,,,,,,,,,,,,,,,,,,,
Q33120,Q8512813,,,,,,,,,,,,,,,,,,,,,,,,,,,,,,,,,,,,,,,,,,,,,
Q33122,Q11537552,,,,,,,,,,,,,,,,,,,,,,,,,,,,,,,,,,,,,,,,,,,,,
Q33124,Q8512781,,,,,,,,,,,,,,,,,,,,,,,,,,,,,,,,,,,,,,,,,,,,,
Q33126,Q17219432,,,,,,,,,,,,,,,,,,,,,,,,,,,,,,,,,,,,,,,,,,,,,
Q33128,Q8512794,,,,,,,,,,,,,,,,,,,,,,,,,,,,,,,,,,,,,,,,,,,,,
Q33130,Q108320807,,,,,,,,,,,,,,,,,,,,,,,,,,,,,,,,,,,,,,,,,,,,,
Q33132,Q8512788,,,,,,,,,,,,,,,,,,,,,,,,,,,,,,,,,,,,,,,,,,,,,
Q33134,Q108320954,,,,,,,,,,,,,,,,,,,,,,,,,,,,,,,,,,,,,,,,,,,,,
Q33136,Q8512820,,,,,,,,,,,,,,,,,,,,,,,,,,,,,,,,,,,,,,,,,,,,,
Q33138,Q108780182,,,,,,,,,,,,,,,,,,,,,,,,,,,,,,,,,,,,,,,,,,,,,
Q33140,Q19599271,,,,,,,,,,,,,,,,,,,,,,,,,,,,,,,,,,,,,,,,,,,,,
Q33142,Q11605967,,,,,,,,,,,,,,,,,,,,,,,,,,,,,,,,,,,,,,,,,,,,,
Q33144,Q85984120,,,,,,,,,,,,,,,,,,,,,,,,,,,,,,,,,,,,,,,,,,,,,
Q33146,Q109014124,,,,,,,,,,,,,,,,,,,,,,,,,,,,,,,,,,,,,,,,,,,,,
Q33148,Q15139418,,,,,,,,,,,,,,,,,,,,,,,,,,,,,,,,,,,,,,,,,,,,,
Q33150,Q108056632,,,,,,,,,,,,,,,,,,,,,,,,,,,,,,,,,,,,,,,,,,,,,
Q33152,Q15139423,,,,,,,,,,,,,,,,,,,,,,,,,,,,,,,,,,,,,,,,,,,,,
Q33154,Q11554626,,,,,,,,,,,,,,,,,,,,,,,,,,,,,,,,,,,,,,,,,,,,沼田-1,
Q33156,Q85985151,,,,,,,,,,,,,,,,,,,,,,,,,,,,,,,,,,,,,,,,,,,,,
Q33158,Q109901858,,,,,,,,,,,,,,,,,,,,,,,,,,,,,,,,,,,,,,,,,,,,,
Q33160,Q12617008,,,,,,,,,,,,,,,,,,,,,,,,,,,,,,,,,,,,,,,,,,,,,
Q33162,Q109901836,,,,,,,,,,,,,,,,,,,,,,,,,,,,,,,,,,,,,,,,,,,,,
Q33164,Q12616934,,,,,,,,,,,,,,,,,,,,,,,,,,,,,,,,,,,,,,,,,,,,,
Q33166,Q109916197,,,,,,,,,,,,,,,,,,,,,,,,,,,,,,,,,,,,,,,,,,,,,
Q33168,Q12624309,,,,,,,,,,,,,,,,,,,,,,,,,,,,,,,,,,,,,,,,,,,,,
Q33170,Q108056668,,,,,,,,,,,,,,,,,,,,,,,,,,,,,,,,,,,,,,,,,,,,,
Q33172,Q12617099,,,,,,,,,,,,,,,,,,,,,,,,,,,,,,,,,,,,,,,,,,,,,
Q33174,Q11653554,,,,,,,,,,,,,,,,,,,,,,,,,,,,,,,,,,,,,,,,,,,,,
Q33176,Q12596347,,,,,,,,,,,,,,,,,,,,,,,,,,,,,,,,,,,,,,,,,,,,,
Q33178,Q11654080,,,,,,,,,,,,,,,,,,,,,,,,,,,,,,,,,,,,,,,,,,,,,
Q33180,Q15937002,,,,,,,,,,,,,,,,,,,,,,,,,,,,,,,,,,,,,,,,,,,,,
Q33182,Q23986621,,,,,,,,,,,,,,,,,,,,,,,,,,,,,,,,,,,,,,,,,,,,,
Q33184,Q55727309,,,,,,,,,,,,,,,,,,,,,,,,,,,,,,,,,,,,,,,,,,,,,
Q33186,Q109799434,,,,,,,,,,,,,,,,,,,,,,,,,,,,,,,,,,,,,,,,,,,,,
Q33188,Q27952240,,,,,,,,,,,,,,,,,,,,,,,,,,,,,,,,,,,,,,,,,,,,,
Q33190,Q110074414,,,,,,,,,,,,,,,,,,,,,,,,,,,,,,,,,,,,,,,,,,,,,
Q33192,Q97339384,,,,,,,,,,,,,,,,,,,,,,,,,,,,,,,,,,,,,,,,,,,,,
Q33194,Q110086839,,,,,,,,,,,,,,,,,,,,,,,,,,,,,,,,,,,,,,,,,,,,,
Q33196,Q61092945,,,,,,,,,,,,,,,,,,,,,,,,,,,,,,,,,,,,,,,,,,,,,
Q33198,Q113206438,,,,,,,,,,,,,,,,,,,,,,,,,,,,,,,,,,,,,,,,,,,,,
Q33200,Q15698289,,,,,,,,,,,,,,,,,,,,,,,,,,,,,,,,,,,,,,,,,,,,,
Q33202,Q11397465,,,,,,,,,,,,,,,,,,,,,,,,,,,560105,,,,,,,,,,,,,,,,,前田-39,
Q33204,Q6380322,,,,,,,,,,,,,,,,,,,,,,,,,,,,,,,,,,,,,,,,,,,,장-3,
Q33206,Q8513996,,,,,,,,,,,,,,,,,,,,,,,,,,,,,,,,,,,,,,,,,,,,,
Q33208,Q6821583,,,,,,,,,,,,,,,,,,,,,,,,,,,,,,,,,,,,,,,,,,,,,
Q33210,Q109287985,,,,,,,,,,,,,,,,,,,,,,,,,,,,,,,,,,,,,,,,,,,,,
Q33212,Q16182036,,,,,,,,,,,,,,,,,,,,,,,,,,,,,,,,,,,,,,,,,,,,,
Q33214,Q109180045,,,,,,,,,,,,,,,,,,,,,,,,,,,,,,,,,,,,,,,,,,,,,
Q33216,Q16181995,,,,,,,,,,,,,,,,,,,,,,,,,,,,,,,,,,,,,,,,,,,,,
Q33218,Q109180067,,,,,,,,,,,,,,,,,,,,,,,,,,,,,,,,,,,,,,,,,,,,,
Q33220,Q16181928,,,,,,,,,,,,,,,,,,,,,,,,,,,,,,,,,,,,,,,,,,,,,
Q33222,Q109180142,,,,,,,,,,,,,,,,,,,,,,,,,,,,,,,,,,,,,,,,,,,,,
Q33224,Q12603383,,,,,,,,,,,,,,,,,,,,,,,,,,,,,,,,,,,,,,,,,,,,,
Q33226,Q110256339,,,,,,,,,,,,,,,,,,,,,,,,,,,,,,,,,,,,,,,,,,,,,
Q33228,Q12603372,,,,,,,,,,,,,,,,,,,,,,,,,,,,,,,,,,,,,,,,,,,,,
Q33230,Q6349074,,,,,,,,,,,,,,,,,,,,,,,,,,,,,,,,,,,,,,,,,,,,,
Q33232,Q484253,,,,,,,,,,,,,,,,,,,,,,,,,,,,,,,,,,,,,,,,,,,,Yi-39,
Q33234,Q108781475,,,,,,,,,,,,,,,,,,,,,,,,,,,,,,,,,,,,,,,,,,,,,
Q33236,Q12603397,,,,,,,,,,,,,,,,,,,,,,,,,,,,,,,,,,,,,,,,,,,,,
Q33238,Q11425646,,,,,,,,,,,,,,,,,,,,,,,,,,,,,,,,,,,,,,,,,,,,勸修寺-5,
Q33240,Q14943472,,,,,,,,,,,,,,,,,,,,,,,,,,,,,,,,,,,,,,,,,,,,,
Q33242,Q11545653,,,,,,,,,,,,,,,,,,,,,,,,,,,,,,,,,,,,,,,,,,,,正親町三条-2,
Q33244,Q12603363,,,,,,,,,,,,,,,,,,,,,,,,,,,,,,,,,,,,,,,,,,,,,
Q33246,Q11545670,,,,,,,,,,,,,,,,,,,,,,,,,,,,,,,,,,,,,,,,,,,,,
Q33248,Q21058860,,,,,,,,,,,,,,,,,,,,,,,,,,,,,,,,,,,,,,,,,,,,,
Q33250,Q108855813,,,,,,,,,,,,,,,,,,,,,,,,,,,,,,,,,,,,,,,,,,,,,
Q33252,Q11591972,,,,,,,,,,,,,,,,,,,,,,,,,,,,,,,,,,,,,,,,,,,,,
Q33254,Q108852846,,,,,,,,,,,,,,,,,,,,,,,,,,,,,,,,,,,,,,,,,,,,,
Q33256,Q10944283,,,,,,,,G3XM-14Q,,,,,,,,,,,,,,,,,,,,,,,,,,,,,,,,,,,,,
Q33257,Q108855851,,,,,,,,,,,,,,,,,,,,,,,,,,,,,,,,,,,,,,,,,,,,,
Q33259,Q133277936,,,,,,,,,,,,,,,,,,,,,,,,,,,,,,,,,,,,,,,,,,,,,
Q33261,Q109851399,,,,,,,,,,,,,,,,,,,,,,,,,,,,,,,,,,,,,,,,,,,,,
Q33263,Q22812666,,,,,,,,,,,,,,,,,,,,,,,,,,,,,,,,,,,,,,,,,,,,,
Q33265,Q109851198,,,,,,,,,,,,,,,,,,,,,,,,,,,,,,,,,,,,,,,,,,,,,
Q33267,Q9631721,,,,,,,,,,,,,,,,,,,,,,,,,,,,,,,,,,,,,,,,,,,,周-3,
Q33269,Q10796126,,,,,,,,,,,,,,,,,,,,,,,,,,,,,,,,,,,,,,,,,,,,,
Q33271,Q15944567,,,,,,,,,,,,,,,,,,,,,,,,,,,,,,,,,,,,,,,,,,,,田-2,
Q33273,Q11372740,,,,,,,,,,,,,,,,,,,,,,,,,,,,,,,,,,,,,,,,,,,,,
Q33275,Q10955556,,,,,,,,,,,,,,,,,,,,,,,,,,,,,,,,,,,,,,,,,,,,,
Q33277,Q11381093,,,,,,,,,,,,,,,,,,,,,,,,,,,,,,,,,,,,,,,,,,,,,I00523431
Q33279,Q20041415,,,,,,,,,,,,,,,,,,,,,,,,,,,,,,,,,,,,,,,,,,,,張-8,
Q33283,Q30943766,,,,,,,,,,,,,,,,,,,,,,,,,,,,,,,,,,,,,,,,,,,,,
Q33287,Q11093730,,,,,,,,,,,,,,,,,,,,,,,,,,,,,,,,,,,,,,,,,,,,,
Q33291,Q4977174,,,,,,,,,,,,,,,,,,,,,,,,,,,,,,,,,,,,,,,,,,,,,
Q33293,Q11621359,,,,,,,,,,,,,,,,,,,,,,,,,,,,,,,,,,,,,,,,,,,,,
Q33295,Q7664521,,,,,,,,,,,,,,,,,,,,,,,,,,,,,,,,,,,,,,,,,,,,,
Q33298,Q110266294,,,,,,,,,,,,,,,,,,,,,,,,,,,,,,,,,,,,,,,,,,,,,
Q33299,Q15915234,,,,,,,,,,,,,,,,,,,,,,,,,,,,,,,,,,,,,,,,,,,,,
Q33302,Q110266214,,,,,,,,,,,,,,,,,,,,,,,,,,,,,,,,,,,,,,,,,,,,,
Q33303,Q7732540,,,,,,,,,,,,,,,,,,,,,,,,,,,,,,,,,,,,,,,,,,,,,
Q33306,Q111028852,,,,,,,,,,,,,,,,,,,,,,,,,,,,,,,,,,,,,,,,,,,,,
Q33308,Q8263333,,,,,,,,,,,,,,,,,,,,,,,,,,,,,,,,,,,,,,,,,,,,,
Q33310,Q111028268,,,,,,,,,,,,,,,,,,,,,,,,,,,,,,,,,,,,,,,,,,,,,
Q33312,Q8258364,,,,,,,,,,,,,,,,,,,,,,,,,,,,,,,,,,,,,,,,,,,,,
Q33314,Q111028407,,,,,,,,,,,,,,,,,,,,,,,,,,,,,,,,,,,,,,,,,,,,,
Q33316,Q1372297,,,,,,,,,,,,,,,,,,,,,,,,,,,1443331,,,,,,,,,,,,,,,,,,
Q33318,Q111202982,,,,,,,,,,,,,,,,,,,,,,,,,,,,,,,,,,,,,,,,,,,,,
Q33320,Q11073238,,,,,,,,,,,,,,,,,,,,,,,,,,,,,,,,,,,,,,,,,,,,,
Q33322,Q3147654,,,,,,,,,,,,,,,,,,,,,,,,,,,804840,,,,,,,,,,,,,,,,,,
Q33324,Q16260694,,,,,,,,,,,,,,,,,,,,,,,,,,,,,,,,,,,,,,,,,,,,,
Q33326,Q111027971,,,,,,,,,,,,,,,,,,,,,,,,,,,,,,,,,,,,,,,,,,,,,
Q33328,Q8249180,,,,,,,,,,,,,,,,,,,,,,,,,,,,,,,,,,,,,,,,,,,,,
Q33330,Q111028118,,,,,,,,,,,,,,,,,,,,,,,,,,,,,,,,,,,,,,,,,,,,,
Q33332,Q3942514,,,,,,,,,,,,,,,,,,,,,,,,,,,,,,,,,,,,,,,,,,,,,
Q33334,Q111307194,,,,,,,,,,,,,,,,,,,,,,,,,,,,,,,,,,,,,,,,,,,,,
Q33336,Q7993428,,,,,,,,,,,,,,,,,,,,,,,,,,,,,,,,,,,,,,,,,,,,,
Q33338,Q110884255,,,,,,,,,,,,,,,,,,,,,,,,,,,,,,,,,,,,,,,,,,,,,
Q33340,Q13390144,,,,,,,,,,,,,,,,,,,,,,,,,,,,,,,,,,,,,,,,,,,,,
Q33342,Q111306136,,,,,,,,,,,,,,,,,,,,,,,,,,,,,,,,,,,,,,,,,,,,,
Q33344,Q10333320,,,,,,,,,,,,,,,,,,,,,,,,,,,,,,,,,,,,,,,,,,,,,
Q33347,Q111307108,,,,,,,,,,,,,,,,,,,,,,,,,,,,,,,,,,,,,,,,,,,,,
Q33348,Q795972,,,,,,,,,,,,,,,,,,,,,,,,,,,,,,,,,,,,,,,,,,,,,
Q33351,Q111307327,,,,,,,,,,,,,,,,,,,,,,,,,,,,,,,,,,,,,,,,,,,,,
Q33352,Q795864,,,,,,,,,,,,,,,,,,,,,,,,,,,,,,,,,,,,,,,,,,,,,
Q33355,Q111307344,,,,,,,,,,,,,,,,,,,,,,,,,,,,,,,,,,,,,,,,,,,,,
Q33356,Q796447,,,,,,,,,,,,,,,,,,,,,,,,,,,,,,,,,,,,,,,,,,,,,
Q33359,Q109667050,,,,,,,,,,,,,,,,,,,,,,,,,,,,,,,,,,,,,,,,,,,,,
Q33360,Q985688,,,,,,,,,,,,,,,,,,,,,,,,,,,,,,,,,,,,,,,,,,,,,
Q33363,Q11530447,,,,,,,,,,,,,,,,,,,,,,,,,,,,,,,,,,,,,,,,,,,,,
Q33364,Q27687414,,,,,,,,,,,,,,,,,,,,,,,,,,,,,,,,,,,,,,,,,,,,,
Q33367,Q110140808,,,,,,,,,,,,,,,,,,,,,,,,,,,,,,,,,,,,,,,,,,,,,
Q33368,Q10941171,,,,,,,,,,,,,,,,,,,,,,,,,,,,,,,,,,,,,,,,,,,,,
Q33371,Q118697801,,,,,,,,,,,,,,,,,,,,,,,,,,,,,,,,,,,,,,,,,,,,,
Q33372,Q17036669,,,,,,,,,,,,,,,,,,,,,,,,,,,,,,,,,,,,,,,,,,,,,
Q33375,Q106317216,,,,,,,,,,,,,,,,,,,,,,,,,,,,,,,,,,,,,,,,,,,,,
Q33376,Q6412160,,,,,,,,,,,,,,,,,,,,,,,,,,,,,,,,,,,,,,,,,,,,,
Q33379,Q109921620,,,,,,,,,,,,,,,,,,,,,,,,,,,,,,,,,,,,,,,,,,,,,
Q33380,Q1185200,,,,,,,,,,,,,,,,,,,,,,,,,,,,,,,,,,,,,,,,,,,,,
Q33383,Q106702997,,,,,,,,,,,,,,,,,,,,,,,,,,,,,,,,,,,,,,,,,,,,,
Q33384,Q6418676,,,,,,,,,,,,,,,,,,,,,,,,,,,,,,,,,,,,,,,,,,,,,
Q33387,Q106703139,,,,,,,,,,,,,,,,,,,,,,,,,,,,,,,,,,,,,,,,,,,,,
Q33388,Q11103168,,,,,,,,,,,,,,,,,,,,,,,,,,,,,,,,,,,,,,,,,,,,,
Q33391,Q106703145,,,,,,,,,,,,,,,,,,,,,,,,,,,,,,,,,,,,,,,,,,,,,
Q33392,Q10564879,,,,,,,,,,,,,,,,,,,,,,,,,,,,,,,,,,,,,,,,,,,,,
Q33395,Q115587375,,,,,,,,,,,,,,,,,,,,,,,,,,,,,,,,,,,,,,,,,,,,,
Q33396,Q579767,,,,,,,,,,,,,,,,,,,,,,,,,,,,,,,,,,,,,,,,,,,,,
Q33399,Q106313293,,,,,,,,,,,,,,,,,,,,,,,,,,,,,,,,,,,,,,,,,,,,,
Q33400,Q10129644,,,,,,,,,,,,,,,,,,,,,,,,,,,,,,,,,,,,,,,,,,,,,
Q33403,Q106317179,,,,,,,,,,,,,,,,,,,,,,,,,,,,,,,,,,,,,,,,,,,,,
Q33404,Q22812621,,,,,,,,,,,,,,,,,,,,,,,,,,,,,,,,,,,,,,,,,,,,,
Q33407,Q108843886,,,,,,,,,,,,,,,,,,,,,,,,,,,,,,,,,,,,,,,,,,,,,
Q33408,Q1581229,,,,,,,,,,,,,,,,,,,,,,,,,,,,,,,,,,,,,,,,,,,,,
Q33411,Q113232073,,,,,,,,,,,,,,,,,,,,,,,,,,,,,,,,,,,,,,,,,,,,,
Q33412,Q3813172,,,,,,,,,,,,,,,,,,,,,,,,,,,,,,,,,,,,,,,,,,,,,
Q33415,Q6959827,,,,,,,,,,,,,,,,,,,,,,,,,,,,,,,,,,,,,,,,,,,,,
Q33416,Q7315417,,,,,,,,,,,,,,,,,,,,,,,,,,,,,,,,,,,,,,,,,,,,,
Q33419,Q7315454,,,,,,,,,,,,,,,,,,,,,,,,,,,,,,,,,,,,,,,,,,,,,
Q33420,Q58139879,,,,,,,,,,,,,,,,,,,,,,,,,,,,,,,,,,,,,,,,,,,,,
Q33423,Q11093855,,,,,,,,,,,,,,,,,,,,,,,,,,,,,,,,,,,,,,,,,,,,,
Q33424,Q108453407,,,,,,,,,,,,,,,,,,,,,,,,,,,,,,,,,,,,,,,,,,,,,
Q33427,Q22829192,,,,,,,,,,,,,,,,,,,,,,,,,,,,,,,,,,,,,,,,,,,,,
Q33428,Q109832283,,,,,,,,,,,,,,,,,,,,,,,,,,,,,,,,,,,,,,,,,,,,,
Q33431,Q22829313,,,,,,,,,,,,,,,,,,,,,,,,,,,,,,,,,,,,,,,,,,,,,
Q33432,Q110271583,,,,,,,,,,,,,,,,,,,,,,,,,,,,,,,,,,,,,,,,,,,,,
Q33435,Q11094843,,,,,,,,,,,,,,,,,,,,,,,,,,,,,,,,,,,,,,,,,,,,,
Q33436,Q118697902,,,,,,,,,,,,,,,,,,,,,,,,,,,,,,,,,,,,,,,,,,,,,
Q33439,Q11093597,,,,,,,,,,,,,,,,,,,,,,,,,,,,,,,,,,,,,,,,,,,,,
Q33440,Q11466407,,,,,,,,,,,,,,,,,,,,,,,,,,,,,,,,,,,,,,,,,,,,,
Q33443,Q488666,,,,,,,,,,,,,,,,,,,,,,,,,,,,,,,,,,,,,,,,,,,,,
Q33444,Q108454792,,,,,,,,,,,,,,,,,,,,,,,,,,,,,,,,,,,,,,,,,,,,,
Q33447,Q497413,,,,,,,,,,,,,,,,,,,,,,,,,,,,,,,,,,,,,,,,,,,,,
Q33448,Q106679770,,,,,,,,,,,,,,,,,,,,,,,,,,,,,,,,,,,,,,,,,,,,,
Q33451,Q8512711,,,,,,,,,,,,,,,,,,,,,,,,,,,,,,,,,,,,,,,,,,,,,
Q33452,Q108745075,,,,,,,,,,,,,,,,,,,,,,,,,,,,,,,,,,,,,,,,,,,,,
Q33455,Q8512697,,,,,,,,,,,,,,,,,,,,,,,,,,,,,,,,,,,,,,,,,,,,,
Q33456,Q17992705,,,,,,,,,,,,,,,,,,,,,,,,,,,,,,,,,,,,,,,,,,,,,
Q33459,Q8512720,,,,,,,,,,,,,,,,,,,,,,,,,,,,,,,,,,,,,,,,,,,,,
Q33461,Q11530371,,,,,,,,,,,,,,,,,,,,,,,,,,,,,,,,,,,,,,,,,,,,松平-208,
Q33463,Q8512704,,,,,,,,,,,,,,,,,,,,,,,,,,,,,,,,,,,,,,,,,,,,,
Q33465,Q110288343,,,,,,,,,,,,,,,,,,,,,,,,,,,,,,,,,,,,,,,,,,,,,
Q33467,Q8512727,,,,,,,,,,,,,,,,,,,,,,,,,,,,,,,,,,,,,,,,,,,,,
Q33469,Q110296435,,,,,,,,,,,,,,,,,,,,,,,,,,,,,,,,,,,,,,,,,,,,,
Q33471,Q20444132,,,,,,,,,,,,,,,,,,,,,,,,,,,,,,,,,,,,,,,,,,,,,
Q33473,Q109921917,,,,,,,,,,,,,,,,,,,,,,,,,,,,,,,,,,,,,,,,,,,,,
Q33475,Q12582917,,,,,,,,,,,,,,,,,,,,,,,,,,,,,,,,,,,,,,,,,,,,,
Q33477,Q109921740,,,,,,,,,,,,,,,,,,,,,,,,,,,,,,,,,,,,,,,,,,,,,
Q33479,Q16903421,,,,,,,,,,,,,,,,,,,,,,,,,,,,,,,,,,,,,,,,,,,,,
Q33481,Q1371657,,,,,,,,,,,,,,,,,,,,,,,,,,,,,,,,,,,,,,,,,,,,,
Q33483,Q18381261,,,,,,,,,,,,,,,,,,,,,,,,,,,,,,,,,,,,,,,,,,,,,
Q33485,Q11399254,,,,,,,,,,,,,,,,,,,,,,,,,,,,,,,,,,,,,,,,,,,,,
Q33487,Q16170590,,,,,,,,,,,,,,,,,,,,,,,,,,,,,,,,,,,,,,,,,,,,,
Q33489,Q8514975,,,,,,,,,,,,,,,,,,,,,,,,,,,,,,,,,,,,,,,,,,,,,
Q33491,Q483178,,,,,,,,,,,,,,,,,,,,,,,,,,,,,,,,,,,,,,,,,,,,Kim-454,
Q33493,Q11520015,,,,,,,,,,,,,,,,,,,,,,,,,,,,,,,,,,,,,,,,,,,,,
Q33495,Q12595189,,,,,,,,,,,,,,,,,,,,,,,,,,,,,,,,,,,,,,,,,,,,,
Q33497,Q11069856,,,,,,,,,,,,,,,,,,,,,,,,,,,,,,,,,,,,,,,,,,,,,
Q33499,Q485664,,,,,,,,,,,,,,,,,,,,,,,,,,,,,,,,,,,,,,,,,,,,Yi-38,
Q33501,Q111131076,,,,,,,,,,,,,,,,,,,,,,,,,,,,,,,,,,,,,,,,,,,,,
Q33503,Q12595238,,,,,,,,,,,,,,,,,,,,,,,,,,,,,,,,,,,,,,,,,,,,,
Q33505,Q111131105,,,,,,,,,,,,,,,,,,,,,,,,,,,,,,,,,,,,,,,,,,,,,
Q33507,Q12595195,,,,,,,,,,,,,,,,,,,,,,,,,,,,,,,,,,,,,,,,,,,,,
Q33509,Q110741091,,,,,,,,,,,,,,,,,,,,,,,,,,,,,,,,,,,,,,,,,,,,,
Q33511,Q18228454,,,,,,,,,,,,,,,,,,,,,,,,,,,,,,,,,,,,,,,,,,,,,
Q33513,Q110741326,,,,,,,,,,,,,,,,,,,,,,,,,,,,,,,,,,,,,,,,,,,,,
Q33515,Q24865870,,,,,,,,,,,,,,,,,,,,,,,,,,,,,,,,,,,,,,,,,,,,,
Q33517,Q108495417,,,,,,,,,,,,,,,,,,,,,,,,,,,,,,,,,,,,,,,,,,,,,
Q33519,Q22812663,,,,,,,,,,,,,,,,,,,,,,,,,,,,,,,,,,,,,,,,,,,,,
Q33521,Q110902796,,,,,,,,,,,,,,,,,,,,,,,,,,,,,,,,,,,,,,,,,,,,,
Q33523,Q133277945,,,,,,,,,,,,,,,,,,,,,,,,,,,,,,,,,,,,,,,,,,,,,
Q33525,Q110874673,,,,,,,,,,,,,,,,,,,,,,,,,,,,,,,,,,,,,,,,,,,,,
Q33527,Q28419025,,,,,,,,,,,,,,,,,,,,,,,,,,,,,,,,,,,,,,,,,,,,,
Q33529,Q110901795,,,,,,,,,,,,,,,,,,,,,,,,,,,,,,,,,,,,,,,,,,,,,
Q33531,Q133277937,,,,,,,,,,,,,,,,,,,,,,,,,,,,,,,,,,,,,,,,,,,,,
Q33533,Q110902813,,,,,,,,,,,,,,,,,,,,,,,,,,,,,,,,,,,,,,,,,,,,,
Q33535,Q18111444,,,,,,,,,,,,,,,,,,,,,,,,,,,,,,,,,,,,,,,,,,,,,
Q33537,Q11439882,,,,,,,,,,,,,,,,,,,,,,,,,,,,,,,,,,,,,,,,,,,,,
Q33538,Q11094057,,,,,,,,,,,,,,,,,,,,,,,,,,,,,,,,,,,,,,,,,,,,,
Q33541,Q11644184,,,,,,,,,,,,,,,,,,,,,,,,,,,,,,,,,,,,,,,,,,,,,
Q33542,Q10875843,,,,,,,,,,,,,,,,,,,,,,,,,,,,,,,,,,,,,,,,,,,,,
Q33545,Q5367620,,,,,,,,,,,,,,,,,,,,,,,,,,,,,,,,,,,,,,,,,,,,酒井-44,
Q33546,Q10945083,,,,,,,,,,,,,,,,,,,,,,,,,,,,,,,,,,,,,,,,,,,,,
Q33549,Q11644183,,,,,,,,,,,,,,,,,,,,,,,,,,,,,,,,,,,,,,,,,,,,,
Q33550,Q8249116,,,,,,,,,,,,,,,,,,,,,,,,,,,,,,,,,,,,,,,,,,,,,
Q33553,Q111023788,,,,,,,,,,,,,,,,,,,,,,,,,,,,,,,,,,,,,,,,,,,,,
Q33554,Q8249198,,,,,,,,,,,,,,,,,,,,,,,,,,,,,,,,,,,,,,,,,,,,,
Q33557,Q111019186,,,,,,,,,,,,,,,,,,,,,,,,,,,,,,,,,,,,,,,,,,,,,
Q33558,Q1327607,,,,,,,,,,,,,,,,,,,,,,,,,,,1443332,,,,,,,,,,,,,,,,,,
Q33561,Q111023531,,,,,,,,,,,,,,,,,,,,,,,,,,,,,,,,,,,,,,,,,,,,,
Q33562,Q10103742,,,,,,,,,,,,,,,,,,,,,,,,,,,,,,,,,,,,,,,,,,,,,
Q33565,Q111023545,,,,,,,,,,,,,,,,,,,,,,,,,,,,,,,,,,,,,,,,,,,,,
Q33566,Q3940558,,,,,,,,,,,,,,,,,,,,,,,,,,,,,,,,,,,,,,,,,,,,,
Q33569,Q111019652,,,,,,,,,,,,,,,,,,,,,,,,,,,,,,,,,,,,,,,,,,,,,
Q33570,Q1829643,,,,,,,,,,,,,,,,,,,,,,,,,,,,,,,,,,,,,,,,,,,,,
Q33573,Q111019795,,,,,,,,,,,,,,,,,,,,,,,,,,,,,,,,,,,,,,,,,,,,,
Q33574,Q7993756,,,,,,,,,,,,,,,,,,,,,,,,,,,,,,,,,,,,,,,,,,,,,
Q33577,Q111019853,,,,,,,,,,,,,,,,,,,,,,,,,,,,,,,,,,,,,,,,,,,,,
Q33578,Q7993442,,,,,,,,,,,,,,,,,,,,,,,,,,,,,,,,,,,,,,,,,,,,,
Q33581,Q134299942,,,,,,,,,,,,,,,,,,,,,,,,,,,,,,,,,,,,,,,,,,,,,
Q33582,Q10884602,,,,,,,,,,,,,,,,,,,,,,,,,,,,,,,,,,,,,,,,,,,,,
Q33585,Q109679213,,,,,,,,,,,,,,,,,,,,,,,,,,,,,,,,,,,,,,,,,,,,,
Q33586,Q10912799,,,,,,,,,,,,,,,,,,,,,,,,,,,,,,,,,,,,,,,,,,,,,
Q33589,Q111079889,,,,,,,,,,,,,,,,,,,,,,,,,,,,,,,,,,,,,,,,,,,,,
Q33590,Q10891057,,,,,,,,,,,,,,,,,,,,,,,,,,,,,,,,,,,,,,,,,,,,,
Q33593,Q10938514,,,,,,,,,,,,,,,,,,,,,,,,,,,,,,,,,,,,,,,,,,,,,
Q33595,Q27687344,,,,,,,,,,,,,,,,,,,,,,,,,,,,,,,,,,,,,,,,,,,,,
Q33597,Q11619296,,,,,,,,,,,,,,,,,,,,,,,,,,,,,,,,,,,,,,,,,,,,,
Q33599,Q712044,,,,,,,,,,,,,,,,,,,,,,,,,,,,,,,,,,,,,,,,,,,,,
Q33601,Q109921741,,,,,,,,,,,,,,,,,,,,,,,,,,,,,,,,,,,,,,,,,,,,,
Q33603,Q575290,,,,,,,,,,,,,,,,,,,,,,,,,,,,,,,,,,,,,,,,,,,,,
Q33605,Q110781000,,,,,,,,,,,,,,,,,,,,,,,,,,,,,,,,,,,,,,,,,,,,,
Q33607,Q1279933,,,,,,,,,,,,,,,,,,,,,,,,,,,,,,,,,,,,,,,,,,,,,
Q33609,Q134695278,,,,,,,,,,,,,,,,,,,,,,,,,,,,,,,,,,,,,,,,,,,,,
Q33611,Q1267683,,,,,,,,,,,,,,,,,,,,,,,,,,,,,,,,,,,,,,,,,,,,,
Q33613,Q134615750,,,,,,,,,,,,,,,,,,,,,,,,,,,,,,,,,,,,,,,,,,,,,
Q33615,Q8249917,,,,,,,,,,,,,,,,,,,,,,,,,,,,,,,,,,,,,,,,,,,,,
Q33617,Q110780860,,,,,,,,,,,,,,,,,,,,,,,,,,,,,,,,,,,,,,,,,,,,,
Q33619,Q580333,,,,,,,,,,,,,,,,,,,,,,,,,,,,,,,,,,,,,,,,,,,,,
Q33621,Q110780943,,,,,,,,,,,,,,,,,,,,,,,,,,,,,,,,,,,,,,,,,,,,,
Q33623,Q10557078,,,,,,,,,,,,,,,,,,,,,,,,,,,,,,,,,,,,,,,,,,,,,
Q33625,Q110781129,,,,,,,,,,,,,,,,,,,,,,,,,,,,,,,,,,,,,,,,,,,,,
Q33627,Q10425468,,,,,,,,,,,,,,,,,,,,,,,,,,,,,,,,,,,,,,,,,,,,,
Q33629,Q11678561,,,,,,,,,,,,,,,,,,,,,,,,,,,,,,,,,,,,,,,,,,,,,
Q33631,Q10108931,,,,,,,,,,,,,,,,,,,,,,,,,,,,,,,,,,,,,,,,,,,,,
Q33633,Q108488823,,,,,,,,,,,,,,,,,,,,,,,,,,,,,,,,,,,,,,,,,,,,,
Q33635,Q2156815,,,,,,,,,,,,,,,,,,,,,,,,,,,,,,,,,,,,,,,,,,,,,
Q33637,Q111021191,,,,,,,,,,,,,,,,,,,,,,,,,,,,,,,,,,,,,,,,,,,,,
Q33639,Q10941175,,,,,,,,,,,,,,,,,,,,,,,,,,,,,,,,,,,,,,,,,,,,,
Q33641,Q11644125,,,,,,,,,,,,,,,,,,,,,,,,,,,,,,,,,,,,,,,,,,,,,
Q33643,Q1135127,,,,,,,,,,,,,,,,,,,,,,,,,,,,,,,,,,,,,,,,,,,,,
Q33645,Q111021216,,,,,,,,,,,,,,,,,,,,,,,,,,,,,,,,,,,,,,,,,,,,,
Q33647,Q7315812,,,,,,,,,,,,,,,,,,,,,,,,,,,,,,,,,,,,,,,,,,,,,
Q33649,Q111021381,,,,,,,,,,,,,,,,,,,,,,,,,,,,,,,,,,,,,,,,,,,,,
Q33651,Q7315863,,,,,,,,,,,,,,,,,,,,,,,,,,,,,,,,,,,,,,,,,,,,,
Q33653,Q111023627,,,,,,,,,,,,,,,,,,,,,,,,,,,,,,,,,,,,,,,,,,,,,
Q33655,Q7315601,,,,,,,,,,,,,,,,,,,,,,,,,,,,,,,,,,,,,,,,,,,,,
Q33657,Q111023634,,,,,,,,,,,,,,,,,,,,,,,,,,,,,,,,,,,,,,,,,,,,,
Q33659,Q11093586,,,,,,,,,,,,,,,,,,,,,,,,,,,,,,,,,,,,,,,,,,,,,
Q33661,Q26222261,,,,,,,,,,,,,,,,,,,,,,,,,,,,,,,,,,,,,,,,,,,,,
Q33663,Q22829314,,,,,,,,,,,,,,,,,,,,,,,,,,,,,,,,,,,,,,,,,,,,,
Q33665,Q110656868,,,,,,,,,,,,,,,,,,,,,,,,,,,,,,,,,,,,,,,,,,,,,
Q33667,Q6820125,,,,,,,,,,,,,,,,,,,,,,,,,,,,,,,,,,,,,,,,,,,,,
Q33670,Q110874766,,,,,,,,,,,,,,,,,,,,,,,,,,,,,,,,,,,,,,,,,,,,,
Q33671,Q12611999,,,,,,,,,,,,,,,,,,,,,,,,,,,,,,,,,,,,,,,,,,,,,
Q33674,Q11466447,,,,,,,,,,,,,,,,,,,,,,,,,,,,,,,,,,,,,,,,,,,,,
Q33675,Q16184408,,,,,,,,,,,,,,,,,,,,,,,,,,,,,,,,,,,,,,,,,,,,,
Q33678,Q17217121,,,,,,,,,,,,,,,,,,,,,,,,,,,,,,,,,,,,,,,,,,,,,
Q33679,Q12596376,,,,,,,,,,,,,,,,,,,,,,,,,,,,,,,,,,,,,,,,,,,,,
Q33682,Q11466415,,,,,,,,,,,,,,,,,,,,,,,,,,,,,,,,,,,,,,,,,,,,,
Q33683,Q18815708,,,,,,,,,,,,,,,,,,,,,,,,,,,,,,,,,,,,,,,,,,,,,
Q33686,Q8010346,,,,,,,,,,,,,,,,,,,,,,,,,,,,,,,,,,,,,,,,,,,,,
Q33687,Q12588233,,,,,,,,,,,,,,,,,,,,,,,,,,,,,,,,,,,,,,,,,,,,金-25,
Q33690,Q8514885,,,,,,,,,,,,,,,,,,,,,,,,,,,,,,,,,,,,,,,,,,,,,
Q33691,Q12587644,,,,,,,,,,,,,,,,,,,,,,,,,,,,,,,,,,,,,,,,,,,,金-27,
Q33694,Q8514963,,,,,,,,,,,,,,,,,,,,,,,,,,,,,,,,,,,,,,,,,,,,,
Q33695,Q6381135,,,,,,,,,,,,,,,,,,,,,,,,,,,,,,,,,,,,,,,,,,,,,
Q33698,Q111018806,,,,,,,,,,,,,,,,,,,,,,,,,,,,,,,,,,,,,,,,,,,,,
Q33699,Q485599,,,,,,,,,,,,,,,,,,,,,,,,,,,,,,,,,,,,,,,,,,,,,
Q33702,Q111018808,,,,,,,,,,,,,,,,,,,,,,,,,,,,,,,,,,,,,,,,,,,,,
Q33703,Q489944,,,,,,,,,,,,,,,,,,,,,,,,,,,,,,,,,,,,,,,,,,,,,
Q33706,Q111018811,,,,,,,,,,,,,,,,,,,,,,,,,,,,,,,,,,,,,,,,,,,,,
Q33707,Q485057,,,,,,,,,,,,,,,,,,,,,,,,,,,,,,,,,,,,,,,,,,,,장-2,
Q33710,Q111018824,,,,,,,,,,,,,,,,,,,,,,,,,,,,,,,,,,,,,,,,,,,,,
Q33711,Q484831,,,,,,,,,,,,,,,,,,,,,,,,,,,,,,,,,,,,,,,,,,,,최-11,
Q33714,Q111019402,,,,,,,,,,,,,,,,,,,,,,,,,,,,,,,,,,,,,,,,,,,,,
Q33715,Q6860973,,,,,,,,,,,,,,,,,,,,,,,,,,,,,,,,,,,,,,,,,,,,박-21,
Q33718,Q108088004,,,,,,,,,,,,,,,,,,,,,,,,,,,,,,,,,,,,,,,,,,,,,
Q33719,Q7241948,,,,,,,,,,,,,,,,,,,,,,,,,,,,,,,,,,,,,,,,,,,,,
Q33722,Q109830458,,,,,,,,,,,,,,,,,,,,,,,,,,,,,,,,,,,,,,,,,,,,,
Q33723,Q16603639,,,,,,,,,,,,,,,,,,,,,,,,,,,,,,,,,,,,,,,,,,,,,
Q33726,Q111131074,,,,,,,,,,,,,,,,,,,,,,,,,,,,,,,,,,,,,,,,,,,,,
Q33727,Q12602572,,,,,,,,,,,,,,,,,,,,,,,,,,,,,,,,,,,,,,,,,,,,,
Q33730,Q108134185,,,,,,,,,,,,,,,,,,,,,,,,,,,,,,,,,,,,,,,,,,,,,
Q33731,Q484995,,,,,,,,,,,,,,,,,,,,,,,,,,,,,,,,,,,,,,,,,,,,Yi-50,
Q33734,Q115586853,,,,,,,,,,,,,,,,,,,,,,,,,,,,,,,,,,,,,,,,,,,,,
Q33735,Q485009,,,,,,,,,,,,,,,,,,,,,,,,,,,,,,,,,,,,,,,,,,,,Yi-37,
Q33738,Q106703027,,,,,,,,,,,,,,,,,,,,,,,,,,,,,,,,,,,,,,,,,,,,,
Q33739,Q6781634,,,,,,,,,,,,,,,,,,,,,,,,,,,,,,,,,,,,,,,,,,,,,
Q33742,Q11629657,,,,,,,,,,,,,,,,,,,,,,,,,,,,,,,,,,,,,,,,,,,,,
Q33743,Q24866021,,,,,,,,,,,,,,,,,,,,,,,,,,,,,,,,,,,,,,,,,,,,,
Q33746,Q106774949,,,,,,,,,,,,,,,,,,,,,,,,,,,,,,,,,,,,,,,,,,,,,
Q33747,Q22812662,,,,,,,,,,,,,,,,,,,,,,,,,,,,,,,,,,,,,,,,,,,,,
Q33750,Q11530333,,,,,,,,,,,,,,,,,,,,,,,,,,,,,,,,,,,,,,,,,,,,,
Q33751,Q45596665,,,,,,,,,,,,,,,,,,,,,,,,,,,,,,,,,,,,,,,,,,,,,
Q33754,Q11466763,,,,,,,,,,,,,,,,,,,,,,,,,,,,,,,,,,,,,,,,,,,,,
Q33755,Q15935845,,,,,,,,,,,,,,,,,,,,,,,,,,,,,,,,,,,,,,,,,,,,,
Q33758,Q106650784,,,,,,,,,,,,,,,,,,,,,,,,,,,,,,,,,,,,,,,,,,,,,
Q33759,Q22812668,,,,,,,,,,,,,,,,,,,,,,,,,,,,,,,,,,,,,,,,,,,,,
Q33762,Q8514567,,,,,,,,,,,,,,,,,,,,,,,,,,,,,,,,,,,,,,,,,,,,,
Q33763,Q11074449,,,,,,,,,,,,,,,,,,,,,,,,,,,,,,,,,,,,,,,,,,,,,
Q33766,Q110967813,,,,,,,,,,,,,,,,,,,,,,,,,,,,,,,,,,,,,,,,,,,,,
Q33767,Q17066769,,,,,,,,,,,,,,,,,,,,,,,,,,,,,,,,,,,,,,,,,,,,,
Q33770,Q108900827,,,,,,,,,,,,,,,,,,,,,,,,,,,,,,,,,,,,,,,,,,,,,
Q33771,Q10564911,,,,,,,,,,,,,,,,,,,,,,,,,,,,,,,,,,,,,,,,,,,,,
Q33774,Q110968818,,,,,,,,,,,,,,,,,,,,,,,,,,,,,,,,,,,,,,,,,,,,,
Q33775,Q1035346,,,,,,,,,,,,,,,,,,,,,,,,,,,,,,,,,,,,,,,,,,,,,
Q33778,Q106680421,,,,,,,,,,,,,,,,,,,,,,,,,,,,,,,,,,,,,,,,,,,,,
Q33779,Q7192,,,,,,,,,,17643597,,,,,,,,,,,,,,,,,1443333,,,,,,,,,,,,,,,,,,
Q33782,Q11402159,,,,,,,,,,,,,,,,,,,,,,,,,,,,,,,,,,,,,,,,,,,,,
Q33783,Q5091363,,,,,,,,,,,,,,,,,,,,,,,,,,,,,,,,,,,,,,,,,,,,,
Q33786,Q109657298,,,,,,,,,,,,,,,,,,,,,,,,,,,,,,,,,,,,,,,,,,,,,
Q33787,Q7203,,,,,,,,,,,,,,,,,,,,,,,,,,,,,,,,,,,,,,,,,,,,,
Q33790,Q10521158,,,,,,,,,,,,,,,,,,,,,,,,,,,,,,,,,,,,,,,,,,,,,
Q33791,Q3942526,,,,,,,,,,,,,,,,,,,,,,,,,,,,,,,,,,,,,,,,,,,,,
Q33794,Q109747791,,,,,,,,,,,,,,,,,,,,,,,,,,,,,,,,,,,,,,,,,,,,,
Q33795,Q7993822,,,,,,,,,,,,,,,,,,,,,,,,,,,,,,,,,,,,,,,,,,,,,
Q33798,Q109747886,,,,,,,,,,,,,,,,,,,,,,,,,,,,,,,,,,,,,,,,,,,,,
Q33799,Q7993719,,,,,,,,,,,,,,,,,,,,,,,,,,,,,,,,,,,,,,,,,,,,,
Q33802,Q110086132,,,,,,,,,,,,,,,,,,,,,,,,,,,,,,,,,,,,,,,,,,,,,
Q33803,Q10950651,,,,,,,,,,,,,,,,,,,,,,,,,,,,,,,,,,,,,,,,,,,,,
Q33806,Q110968861,,,,,,,,,,,,,,,,,,,,,,,,,,,,,,,,,,,,,,,,,,,,,
Q33807,Q27680776,,,,,,,,,,,,,,,,,,,,,,,,,,,,,,,,,,,,,,,,,,,,,
Q33810,Q110968010,,,,,,,,,,,,,,,,,,,,,,,,,,,,,,,,,,,,,,,,,,,,,
Q33811,Q15938728,,,,,,,,,,,,,,,,,,,,,,,,,,,,,,,,,,,,,,,,,,,,,
Q33814,Q110968840,,,,,,,,,,,,,,,,,,,,,,,,,,,,,,,,,,,,,,,,,,,,,
Q33815,Q387311,,,,,,,,,,,,,,,,,,,,,,,,,,,,,,,,,,,,,,,,,,,,,
Q33818,Q118727172,,,,,,,,,,,,,,,,,,,,,,,,,,,,,,,,,,,,,,,,,,,,,
Q33819,Q24836542,,,,,,,,,,,,,,,,,,,,,,,,,,,,,,,,,,,,,,,,,,,,,
Q33822,Q109117277,,,,,,,,,,,,,,,,,,,,,,,,,,,,,,,,,,,,,,,,,,,,,
Q33824,Q6676690,,,,,,,,,,,,,,,,,,,,,,,,,,,,,,,,,,,,,,,,,,,,,
Q33826,Q108703347,,,,,,,,,,,,,,,,,,,,,,,,,,,,,,,,,,,,,,,,,,,,,
Q33828,Q1059310,,,,,,,,,,,,,,,,,,,,,,,,,,,,,,,,,,,,,,,,,,,,,
Q33830,Q110968898,,,,,,,,,,,,,,,,,,,,,,,,,,,,,,,,,,,,,,,,,,,,,
Q33832,Q66311357,,,,,,,,,,,,,,,,,,,,,,,,,,,,,,,,,,,,,,,,,,,,,
Q33834,Q8515510,,,,,,,,,,,,,,,,,,,,,,,,,,,,,,,,,,,,,,,,,,,,,
Q33836,Q1061351,,,,,,,,,,,,,,,,,,,,,,,,,,,,,,,,,,,,,,,,,,,,,
Q33838,Q111020134,,,,,,,,,,,,,,,,,,,,,,,,,,,,,,,,,,,,,,,,,,,,,
Q33840,Q10944464,,,,,,,,L87H-WRM,,,,,,,,,,,,,,,,,,,,,,,,,,,,,,,,,,,,,
Q33842,Q111020139,,,,,,,,,,,,,,,,,,,,,,,,,,,,,,,,,,,,,,,,,,,,,
Q33844,Q7316437,,,,,,,,,,,,,,,,,,,,,,,,,,,,,,,,,,,,,,,,,,,,,
Q33846,Q111020252,,,,,,,,,,,,,,,,,,,,,,,,,,,,,,,,,,,,,,,,,,,,,
Q33848,Q7316212,,,,,,,,,,,,,,,,,,,,,,,,,,,,,,,,,,,,,,,,,,,,,
Q33850,Q111020369,,,,,,,,,,,,,,,,,,,,,,,,,,,,,,,,,,,,,,,,,,,,,
Q33852,Q22829315,,,,,,,,,,,,,,,,,,,,,,,,,,,,,,,,,,,,,,,,,,,,,
Q33854,Q11403865,,,,,,,,,,,,,,,,,,,,,,,,,,,,,,,,,,,,,,,,,,,,,
Q33856,Q11094938,,,,,,,,,,,,,,,,,,,,,,,,,,,,,,,,,,,,,,,,,,,,,
Q33858,Q11608316,,,,,,,,,,,,,,,,,,,,,,,,,,,,,,,,,,,,,,,,,,,,織田-28,
Q33860,Q12611319,,,,,,,,,,,,,,,,,,,,,,,,,,,,,,,,,,,,,,,,,,,,,
Q33862,Q11608439,,,,,,,,,,,,,,,,,,,,,,,,,,,,,,,,,,,,,,,,,,,,織田-37,
Q33864,Q83551526,,,,,,,,,,,,,,,,,,,,,,,,,,,,,,,,,,,,,,,,,,,,,
Q33868,Q12587312,,,,,,,,,,,,,,,,,,,,,,,,,,,,,,,,,,,,,,,,,,,,,
Q33872,Q12596262,,,,,,,,,,,,,,,,,,,,,,,,,,,,,,,,,,,,,,,,,,,,,
Q33876,Q21057711,,,,,,,,,,,,,,,,,,,,,,,,,,,,,,,,,,,,,,,,,,,,,
Q33880,Q12614786,,,,,,,,,,,,,,,,,,,,,,,,,,,,,,,,,,,,,,,,,,,,,
Q33884,Q6540910,,,,,,,,,,,,,,,,,,,,,,,,,,,,,,,,,,,,,,,,,,,,,
Q33888,Q12619958,,,,,,,,,,,,,,,,,,,,,,,,,,,,,,,,,,,,,,,,,,,,,
Q33892,Q27951685,,,,,,,,,,,,,,,,,,,,,,,,,,,,,,,,,,,,,,,,,,,,,
Q33896,Q7215773,,,,,,,,,,,,,,,,,,,,,,,,,,,,,,,,,,,,,,,,,,,,,
Q33900,Q483754,,,,,,,,,,,,,,,,,,,,,,,,,,,,,,,,,,,,,,,,,,,,,
Q33904,Q489693,,,,,,,,,,,,,,,,,,,,,,,,,,,,,,,,,,,,,,,,,,,,,
Q33908,Q484974,,,,,,,,,,,,,,,,,,,,,,,,,,,,,,,,,,,,,,,,,,,,,
Q33912,Q6666200,,,,,,,,,,,,,,,,,,,,,,,,,,,,,,,,,,,,,,,,,,,,이-48,
Q33916,Q626166,,,,,,,,,,,,,,,,,,,,,,,,,,,,,,,,,,,,,,,,,,,,Lee-24447,
Q33920,Q6699576,,,,,,,,,,,,,,,,,,,,,,,,,,,,,,,,,,,,,,,,,,,,,
Q33925,Q12603385,,,,,,,,,,,,,,,,,,,,,,,,,,,,,,,,,,,,,,,,,,,,,
Q33929,Q20652176,,,,,,,,,,,,,,,,,,,,,,,,,,,,,,,,,,,,,,,,,,,,,
Q33933,Q625890,,,,,,,,,,,,,,,,,,,,,,,,,,,,,,,,,,,,,,,,,,,,이-49,
Q33937,Q12625634,,,,,,,,,,,,,,,,,,,,,,,,,,,,,,,,,,,,,,,,,,,,,
Q33941,Q10921480,,,,,,,,,,,,,,,,,,,,,,,,,,,,,,,,,,,,,,,,,,,,,
Q33945,Q493585,,,,,,,,,,,,,,,,,,,,,,,,,,,,,,,,,,,,,,,,,,,,,
Q33953,Q488115,,,,,,,,,,,,,,,,,,,,,,,,,,,,,,,,,,,,,,,,,,,,,
Q33956,Q108974368,,,,,,,,,,,,,,,,,,,,,,,,,,,,,,,,,,,,,,,,,,,,,
Q33957,Q12625669,,,,,,,,,,,,,,,,,,,,,,,,,,,,,,,,,,,,,,,,,,,,,
Q33960,Q15932714,,,,,,,,,,,,,,,,,,,,,,,,,,,,,,,,,,,,,,,,,,,,,
Q33961,Q12625582,,,,,,,,,,,,,,,,,,,,,,,,,,,,,,,,,,,,,,,,,,,,,
Q33964,Q30931100,,,,,,,,,,,,,,,,,,,,,,,,,,,,,,,,,,,,,,,,,,,,,
Q33965,Q12625557,,,,,,,,,,,,,,,,,,,,,,,,,,,,,,,,,,,,,,,,,,,,,
Q33968,Q110154324,,,,,,,,,,,,,,,,,,,,,,,,,,,,,,,,,,,,,,,,,,,,,
Q33973,Q22812661,,,,,,,,,,,,,,,,,,,,,,,,,,,,,,,,,,,,,,,,,,,,,
Q33976,Q109776325,,,,,,,,,,,,,,,,,,,,,,,,,,,,,,,,,,,,,,,,,,,,,
Q33977,Q15930128,,,,,,,,,,,,,,,,,,,,,,,,,,,,,,,,,,,,,,,,,,,,,
Q33980,Q109821349,,,,,,,,,,,,,,,,,,,,,,,,,,,,,,,,,,,,,,,,,,,,,
Q33981,Q10944375,,,,,,,,G6VS-GLM,,,,,,,,,,,,,,,,,,,,,,,,,,,,,,,,,,,,孔-16,
Q33984,Q109247716,,,,,,,,,,,,,,,,,,,,,,,,,,,,,,,,,,,,,,,,,,,,,
Q33985,Q45456995,,,,,,,,,,,,,,,,,,,,,,,,,,,,,,,,,,,,,,,,,,,,,
Q33988,Q111009317,,,,,,,,,,,,,,,,,,,,,,,,,,,,,,,,,,,,,,,,,,,,,
Q33989,Q5363370,,,,,,,,,,,,,,,,,,,,,,,,,,,,,,,,,,,,,,,,,,,,,
Q33992,Q110968869,,,,,,,,,,,,,,,,,,,,,,,,,,,,,,,,,,,,,,,,,,,,,
Q33993,Q10892704,,,,,,,,,,,,,,,,,,,,,,,,,,,,,,,,,,,,,,,,,,,,,
Q33996,Q11642959,,,,,,,,,,,,,,,,,,,,,,,,,,,,,,,,,,,,,,,,,,,,,
Q33997,Q4275525,,,,,,,,,,,,,,,,,,,,,,,,,,,,,,,,,,,,,,,,,,,,,
Q34000,Q11555147,,,,,,,,,,,,,,,,,,,,,,,,,,,,,,,,,,,,,,,,,,,,,
Q34001,Q7196,,,,,,,,,,,,,,,,,,,,,,,,,,,,,,,,,,,,,,,,,,,,,
Q34004,Q11621699,,,,,,,,,,,,,,,,,,,,,,,,,,,,,,,,,,,,,,,,,,,,,
Q34005,Q1268605,,,,,,,,,,,,,,,,,,,,,,,,,,,,,,,,,,,,,,,,,,,,,
Q34008,Q11519866,,,,,,,,,,,,,,,,,,,,,,,,,,,,,,,,,,,,,,,,,,,,,
Q34009,Q64015590,,,,,,,,,,,,,,,,,,,,,,,,,,,,,,,,,,,,,,,,,,,,,
Q34012,Q108428763,,,,,,,,,,,,,,,,,,,,,,,,,,,,,,,,,,,,,,,,,,,,,
Q34013,Q3912804,,,,,,,,,,,,,,,,,,,,,,,,,,,,,,,,,,,,,,,,,,,,,
Q34016,Q109853153,,,,,,,,,,,,,,,,,,,,,,,,,,,,,,,,,,,,,,,,,,,,,
Q34017,Q621376,,,,,,,,,,,,,,,,,,,,,,,,,,,,,,,,,,,,,,,,,,,,,
Q34020,Q110168908,,,,,,,,,,,,,,,,,,,,,,,,,,,,,,,,,,,,,,,,,,,,,
Q34021,Q7993785,,,,,,,,,,,,,,,,,,,,,,,,,,,,,,,,,,,,,,,,,,,,,
Q34025,Q15912665,,,,,,,,,,,,,,,,,,,,,,,,,,,,,,,,,,,,,,,,,,,,,
Q34028,Q108783328,,,,,,,,,,,,,,,,,,,,,,,,,,,,,,,,,,,,,,,,,,,,,
Q34029,Q27680742,,,,,,,,,,,,,,,,,,,,,,,,,,,,,,,,,,,,,,,,,,,,,
Q34032,Q109901492,,,,,,,,,,,,,,,,,,,,,,,,,,,,,,,,,,,,,,,,,,,,,
Q34033,Q574498,,,,,,,,,,,,,,,,,,,,,,,,,,,,,,,,,,,,,,,,,,,,,
Q34036,Q109919885,,,,,,,,,,,,,,,,,,,,,,,,,,,,,,,,,,,,,,,,,,,,,
Q34037,Q66922824,,,,,,,,,,,,,,,,,,,,,,,,,,,,,,,,,,,,,,,,,,,,,
Q34040,Q109924214,,,,,,,,,,,,,,,,,,,,,,,,,,,,,,,,,,,,,,,,,,,,,
Q34041,Q26209727,,,,,,,,,,,,,,,,,,,,,,,,,,,,,,,,,,,,,,,,,,,,,
Q34044,Q109924253,,,,,,,,,,,,,,,,,,,,,,,,,,,,,,,,,,,,,,,,,,,,,
Q34045,Q28409846,,,,,,,,,,,,,,,,,,,,,,,,,,,,,,,,,,,,,,,,,,,,,
Q34048,Q109924345,,,,,,,,,,,,,,,,,,,,,,,,,,,,,,,,,,,,,,,,,,,,,
Q34049,Q589289,,,,,,,,,,,,,,,,,,,,,,,,,,,,,,,,,,,,,,,,,,,,,
Q34052,Q109924260,,,,,,,,,,,,,,,,,,,,,,,,,,,,,,,,,,,,,,,,,,,,,
Q34053,Q66311359,,,,,,,,,,,,,,,,,,,,,,,,,,,,,,,,,,,,,,,,,,,,,
Q34056,Q109947092,,,,,,,,,,,,,,,,,,,,,,,,,,,,,,,,,,,,,,,,,,,,,
Q34057,Q10944547,,,,,,,,L87H-WL1,,,,,,,,,,,,,,,,,,,,,,,,,,,,,,,,,,,,,
Q34060,Q109200598,,,,,,,,,,,,,,,,,,,,,,,,,,,,,,,,,,,,,,,,,,,,,
Q34061,Q10944446,,,,,,,,L87H-WT9,,,,,,,,,,,,,,,,,,,,,,,,,,,,,,,,,,,,,
Q34064,Q108093418,,,,,,,,,,,,,,,,,,,,,,,,,,,,,,,,,,,,,,,,,,,,,
Q34066,Q469439,,,,,,,,,,,,,,,,,,,,,,,,,,,,,,,,,,,,,,,,,,,,,
Q34068,Q108093290,,,,,,,,,,,,,,,,,,,,,,,,,,,,,,,,,,,,,,,,,,,,,
Q34070,Q22829316,,,,,,,,,,,,,,,,,,,,,,,,,,,,,,,,,,,,,,,,,,,,,
Q34072,Q110065553,,,,,,,,,,,,,,,,,,,,,,,,,,,,,,,,,,,,,,,,,,,,,
Q34074,Q45444455,,,,,,,,,,,,,,,,,,,,,,,,,,,,,,,,,,,,,,,,,,,,,
Q34076,Q11665946,,,,,,,,,,,,,,,,,,,,,,,,,,,,,,,,,,,,,,,,,,,,,
Q34078,Q83158438,,,,,,,,,,,,,,,,,,,,,,,,,,,,,,,,,,,,,,,,,,,,,
Q34080,Q109923740,,,,,,,,,,,,,,,,,,,,,,,,,,,,,,,,,,,,,,,,,,,,,
Q34082,Q489989,,,,,,,,,,,,,,,,,,,,,,,,,,,,,,,,,,,,,,,,,,,,,
Q34084,Q109919803,,,,,,,,,,,,,,,,,,,,,,,,,,,,,,,,,,,,,,,,,,,,,
Q34086,Q21059957,,,,,,,,,,,,,,,,,,,,,,,,,,,,,,,,,,,,,,,,,,,,,
Q34088,Q109923295,,,,,,,,,,,,,,,,,,,,,,,,,,,,,,,,,,,,,,,,,,,,,
Q34090,Q83551047,,,,,,,,,,,,,,,,,,,,,,,,,,,,,,,,,,,,,,,,,,,,,
Q34092,Q109954272,,,,,,,,,,,,,,,,,,,,,,,,,,,,,,,,,,,,,,,,,,,,,
Q34094,Q16168773,,,,,,,,,,,,,,,,,,,,,,,,,,,,,,,,,,,,,,,,,,,,,
Q34096,Q109956872,,,,,,,,,,,,,,,,,,,,,,,,,,,,,,,,,,,,,,,,,,,,,
Q34098,Q16163808,,,,,,,,,,,,,,,,,,,,,,,,,,,,,,,,,,,,,,,,,,,,,
Q34100,Q109956967,,,,,,,,,,,,,,,,,,,,,,,,,,,,,,,,,,,,,,,,,,,,,
Q34102,Q12604897,,,,,,,,,,,,,,,,,,,,,,,,,,,,,,,,,,,,,,,,,,,,,
Q34104,Q110974460,,,,,,,,,,,,,,,,,,,,,,,,,,,,,,,,,,,,,,,,,,,,,
Q34106,Q12606566,,,,,,,,,,,,,,,,,,,,,,,,,,,,,,,,,,,,,,,,,,,,,
Q34108,Q108824501,,,,,,,,,,,,,,,,,,,,,,,,,,,,,,,,,,,,,,,,,,,,,
Q34110,Q16219985,,,,,,,,,,,,,,,,,,,,,,,,,,,,,,,,,,,,,,,,,,,,,
Q34112,Q11383418,,,,,,,,,,,,,,,,,,,,,,,,,,,,,,,,,,,,,,,,,,,,,
Q34114,Q16181314,,,,,,,,,,,,,,,,,,,,,,,,,,,,,,,,,,,,,,,,,,,,,
Q34116,Q8514573,,,,,,,,,,,,,,,,,,,,,,,,,,,,,,,,,,,,,,,,,,,,,
Q34118,Q12587012,,,,,,,,,,,,,,,,,,,,,,,,,,,,,,,,,,,,,,,,,,,,,
Q34120,Q110965882,,,,,,,,,,,,,,,,,,,,,,,,,,,,,,,,,,,,,,,,,,,,,
Q34122,Q7737965,,,,,,,,,,,,,,,,,,,,,,,,,,,,,,,,,,,,,,,,,,,,,
Q34124,Q110965949,,,,,,,,,,,,,,,,,,,,,,,,,,,,,,,,,,,,,,,,,,,,,
Q34126,Q484267,,,,,,,,,,,,,,,,,,,,,,,,,,,,,,,,,,,,,,,,,,,,Hong-118,
Q34129,Q110966008,,,,,,,,,,,,,,,,,,,,,,,,,,,,,,,,,,,,,,,,,,,,,
Q34133,Q111043915,,,,,,,,,,,,,,,,,,,,,,,,,,,,,,,,,,,,,,,,,,,,,
Q34134,Q11090010,,,,,,,,,,,,,,,,,,,,,,,,,,,,,,,,,,,,,,,,,,,,박-22,
Q34137,Q11465199,,,,,,,,,,,,,,,,,,,,,,,,,,,,,,,,,,,,,,,,,,,,,
Q34141,Q29411052,,,,,,,,,,,,,,,,,,,,,,,,,,,,,,,,,,,,,,,,,,,,,
Q34142,Q26530,,,,,,,,,,,,,,,,,,,,,,,,,,,,,,,,,,,,,,,,,,,,Yi-35,
Q34145,Q11547612,,,,,,,,,,,,,,,,,,,,,,,,,,,,,,,,,,,,,,,,,,,,,
Q34146,Q4798385,,,,,,,,,,,,,,,,,,,,,,,,,,,,,,,,,,,,,,,,,,,,이-34,
Q34149,Q8514880,,,,,,,,,,,,,,,,,,,,,,,,,,,,,,,,,,,,,,,,,,,,,
Q34150,Q16170466,,,,,,,,,,,,,,,,,,,,,,,,,,,,,,,,,,,,,,,,,,,,,
Q34153,Q109670075,,,,,,,,,,,,,,,,,,,,,,,,,,,,,,,,,,,,,,,,,,,,,
Q34157,Q111310224,,,,,,,,,,,,,,,,,,,,,,,,,,,,,,,,,,,,,,,,,,,,,
Q34158,Q12619169,,,,,,,,,,,,,,,,,,,,,,,,,,,,,,,,,,,,,,,,,,,,,
Q34161,Q111310276,,,,,,,,,,,,,,,,,,,,,,,,,,,,,,,,,,,,,,,,,,,,,
Q34162,Q16262021,,,,,,,,,,,,,,,,,,,,,,,,,,,,,,,,,,,,,,,,,,,,,
Q34165,Q111310442,,,,,,,,,,,,,,,,,,,,,,,,,,,,,,,,,,,,,,,,,,,,,
Q34166,Q626312,,,,,,,,,,,,,,,,,,,,,,,,,,,,,,,,,,,,,,,,,,,,이-50,
Q34169,Q12625887,,,,,,,,,,,,,,,,,,,,,,,,,,,,,,,,,,,,,,,,,,,,,
Q34170,Q110994404,,,,,,,,,,,,,,,,,,,,,,,,,,,,,,,,,,,,,,,,,,,,,
Q34173,Q65269240,,,,,,,,,,,,,,,,,,,,,,,,,,,,,,,,,,,,,,,,,,,,,
Q34178,Q843260,,,,,,,,,,,,,,,,,,,,,,,,,,,,,,,,,,,,,,,,,,,,,
Q34181,Q10944462,,,,,,,,,,,,,,,,,,,,,,,,,,,,,,,,,,,,,,,,,,,,,
Q34182,Q113236226,,,,,,,,,,,,,,,,,,,,,,,,,,,,,,,,,,,,,,,,,,,,,
Q34185,Q61721598,,,,,,,,,,,,,,,,,,,,,,,,,,,,,,,,,,,,,,,,,,,,,
Q34186,Q118697781,,,,,,,,,,,,,,,,,,,,,,,,,,,,,,,,,,,,,,,,,,,,,
Q34189,Q45471210,,,,,,,,G6VQ-9GL,,,,,,,,,,,,,,,,,,,,,,,,,,,,,,,,,,,,,
Q34190,Q109649791,,,,,,,,,,,,,,,,,,,,,,,,,,,,,,,,,,,,,,,,,,,,,
Q34193,Q111431737,,,,,,,,G6VQ-95D,,,,,,,,,,,,,,,,,,,,,,,,,,,,,,,,,,,,,
Q34194,Q109649795,,,,,,,,,,,,,,,,,,,,,,,,,,,,,,,,,,,,,,,,,,,,,
Q34197,Q10944224,,,,,,,,G6VS-G29,,,,,,,,,,,,,,,,,,,,,,,,,,,,,,,,,,,,,
Q34201,Q13655983,,,,,,,,,,,,,,,,,,,,,,,,,,,,,,,,,,,,,,,,,,,,,
Q34205,Q22812717,,,,,,,,,,,,,,,,,,,,,,,,,,,,,,,,,,,,,,,,,,,,,
Q34209,Q45456931,,,,,,,,,,,,,,,,,,,,,,,,,,,,,,,,,,,,,,,,,,,,,
Q34213,Q108129284,,,,,,,,,,,,,,,,,,,,,,,,,,,,,,,,,,,,,,,,,,,,,
Q34217,Q3812514,,,,,,,,,,,,,,,,,,,,,,,,,,,,,,,,,,,,,,,,,,,,,
Q34221,Q31464,,,,,,,,,,,,,,,,,,,,,,,,,,,,,,,,,,,,,,,,,,,,,
Q34225,Q15909868,,,,,,,,,,,,,,,,,,,,,,,,,,,,,,,,,,,,,,,,,,,,,
Q34229,Q27670569,,,,,,,,,,,,,,,,,,,,,,,,,,,,,,,,,,,,,,,,,,,,,
Q34233,Q10566077,,,,,,,,,,,,,,,,,,,,,,,,,,,,,,,,,,,,,,,,,,,,,
Q34237,Q10948739,,,,,,,,,,,,,,,,,,,,,,,,,,,,,,,,,,,,,,,,,,,,,
Q34241,Q8249212,,,,,,,,,,,,,,,,,,,,,,,,,,,,,,,,,,,,,,,,,,,,,
Q34245,Q589231,,,,,,,,,,,,,,,,,,,,,,,,,,,,,,,,,,,,,,,,,,,,,
Q34246,Q109680677,,,,,,,,,,,,,,,,,,,,,,,,,,,,,,,,,,,,,,,,,,,,,
Q34249,Q7218113,,,,,,,,,,,,,,,,,,,,,,,,,,,,,,,,,,,,,,,,,,,,,
Q34250,Q109680846,,,,,,,,,,,,,,,,,,,,,,,,,,,,,,,,,,,,,,,,,,,,,
Q34253,Q16077221,,,,,,,,,,,,,,,,,,,,,,,,,,,,,,,,,,,,,,,,,,,,,
Q34257,Q66311364,,,,,,,,,,,,,,,,,,,,,,,,,,,,,,,,,,,,,,,,,,,,,
Q34261,Q66311369,,,,,,,,,,,,,,,,,,,,,,,,,,,,,,,,,,,,,,,,,,,,,
Q34265,Q22812682,,,,,,,,L87H-WPH,,,,,,,,,,,,,,,,,,,,,,,,,,,,,,,,,,,,,
Q34269,Q22829317,,,,,,,,,,,,,,,,,,,,,,,,,,,,,,,,,,,,,,,,,,,,,
Q34273,Q45605873,,,,,,,,,,,,,,,,,,,,,,,,,,,,,,,,,,,,,,,,,,,,,
Q34277,Q112027810,,,,,,,,,,,,,,,,,,,,,,,,,,,,,,,,,,,,,,,,,,,,,
Q34281,Q6800759,,,,,,,,,,,,,,,,,,,,,,,,,,,,,,,,,,,,,,,,,,,,,
Q34285,Q49249362,,,,,,,,,,,,,,,,,,,,,,,,,,,,,,,,,,,,,,,,,,,,,
Q34289,Q16181658,,,,,,,,,,,,,,,,,,,,,,,,,,,,,,,,,,,,,,,,,,,,,
Q34293,Q12617030,,,,,,,,,,,,,,,,,,,,,,,,,,,,,,,,,,,,,,,,,,,,,
Q34297,Q6653890,,,,,,,,,,,,,,,,,,,,,,,,,,,,,,,,,,,,,,,,,,,,Hong-149,
Q34301,Q489907,,,,,,,,,,,,,,,,,,,,,,,,,,,,,,,,,,,,,,,,,,,,,
Q34305,Q626303,,,,,,,,,,,,,,,,,,,,,,,,,,,,,,,,,,,,,,,,,,,,Park-3153,
Q34306,Q8514969,,,,,,,,,,,,,,,,,,,,,,,,,,,,,,,,,,,,,,,,,,,,,
Q34309,Q484242,,,,,,,,,,,,,,,,,,,,,,,,,,,,,,,,,,,,,,,,,,,,,
Q34310,Q8514931,,,,,,,,,,,,,,,,,,,,,,,,,,,,,,,,,,,,,,,,,,,,,
Q34313,Q6853940,,,,,,,,,,,,,,,,,,,,,,,,,,,,,,,,,,,,,,,,,,,,,
Q34314,Q10514775,,,,,,,,,,,,,,,,,,,,,,,,,,,,,,,,,,,,,,,,,,,,,
Q34317,Q7738190,,,,,,,,,,,,,,,,,,,,,,,,,,,,,,,,,,,,,,,,,,,,,
Q34321,Q484065,,,,,,,,,,,,,,,,,,,,,,,,,,,,,,,,,,,,,,,,,,,,,
Q34325,Q459964,,,,,,,,,,,,,,,,,,,,,,,,,,,,,,,,,,,,,,,,,,,,Yi-34,
Q34329,Q7738313,,,,,,,,,,,,,,,,,,,,,,,,,,,,,,,,,,,,,,,,,,,,,
Q34333,Q12585945,,,,,,,,,,,,,,,,,,,,,,,,,,,,,,,,,,,,,,,,,,,,,
Q34334,Q11551811,,,,,,,,,,,,,,,,,,,,,,,,,,,,,,,,,,,,,,,,,,,,,
Q34337,Q483299,,,,,,,,,,,,,,,,,,,,,,,,,,,,,,,,,,,,,,,,,,,,이-33,
Q34338,Q111078534,,,,,,,,,,,,,,,,,,,,,,,,,,,,,,,,,,,,,,,,,,,,,
Q34341,Q7738364,,,,,,,,,,,,,,,,,,,,,,,,,,,,,,,,,,,,,,,,,,,,,
Q34342,Q109085571,,,,,,,,,,,,,,,,,,,,,,,,,,,,,,,,,,,,,,,,,,,,,
Q34346,Q10516942,,,,,,,,,,,,,,,,,,,,,,,,,,,,,,,,,,,,,,,,,,,,,
Q34349,Q10944302,,,,,,,,,,,,,,,,,,,,,,,,,,,,,,,,,,,,,,,,,,,,,
Q34350,Q108883955,,,,,,,,,,,,,,,,,,,,,,,,,,,,,,,,,,,,,,,,,,,,,
Q34353,Q61721601,,,,,,,,,,,,,,,,,,,,,,,,,,,,,,,,,,,,,,,,,,,,,
Q34354,Q108915095,,,,,,,,,,,,,,,,,,,,,,,,,,,,,,,,,,,,,,,,,,,,,
Q34357,Q13668765,,,,,,,,,,,,,,,,,,,,,,,,,,,,,,,,,,,,,,,,,,,,,
Q34361,Q13668817,,,,,,,,,,,,,,,,,,,,,,,,,,,,,,,,,,,,,,,,,,,,,
Q34362,Q110620971,,,,,,,,,,,,,,,,,,,,,,,,,,,,,,,,,,,,,,,,,,,,,
Q34365,Q13668968,,,,,,,,,,,,,,,,,,,,,,,,,,,,,,,,,,,,,,,,,,,,孔-14,
Q34369,Q13671983,,,,,,,,,,,,,,,,,,,,,,,,,,,,,,,,,,,,,,,,,,,,,
Q34370,Q110168769,,,,,,,,,,,,,,,,,,,,,,,,,,,,,,,,,,,,,,,,,,,,,
Q34373,Q26156554,,,,,,,,,,,,,,,,,,,,,,,,,,,,,,,,,,,,,,,,,,,,,
Q34374,Q110169007,,,,,,,,,,,,,,,,,,,,,,,,,,,,,,,,,,,,,,,,,,,,,
Q34377,Q10944433,,,,,,,,G6VQ-GBN,,,,,,,,,,,,,,,,,,,,,,,,,,,,,,,,,,,,,
Q34378,Q110640766,,,,,,,,,,,,,,,,,,,,,,,,,,,,,,,,,,,,,,,,,,,,,
Q34381,Q10944434,,,,,,,,G6VS-TWB,,,,,,,,,,,,,,,,,,,,,,,,,,,,,,,,,,,,,
Q34385,Q13655849,,,,,,,,,,,,,,,,,,,,,,,,,,,,,,,,,,,,,,,,,,,,,
Q34386,Q8514579,,,,,,,,,,,,,,,,,,,,,,,,,,,,,,,,,,,,,,,,,,,,,
Q34389,Q10944440,,,,,,,,,,,,,,,,,,,,,,,,,,,,,,,,,,,,,,,,,,,,,
Q34390,Q8515901,,,,,,,,,,,,,,,,,,,,,,,,,,,,,,,,,,,,,,,,,,,,,
Q34393,Q45457121,,,,,,,,,,,,,,,,,,,,,,,,,,,,,,,,,,,,,,,,,,,,,
Q34394,Q109235956,,,,,,,,,,,,,,,,,,,,,,,,,,,,,,,,,,,,,,,,,,,,,
Q34397,Q2896273,,,,,,,,,,,,,,,,,,,,,,,,,,,,,,,,,,,,,,,,,,,,,
Q34399,Q109228253,,,,,,,,,,,,,,,,,,,,,,,,,,,,,,,,,,,,,,,,,,,,,
Q34401,Q31470,,,,,,,,,,,,,,,,,,,,,,,,,,,,,,,,,,,,,,,,,,,,,
Q34403,Q108485742,,,,,,,,,,,,,,,,,,,,,,,,,,,,,,,,,,,,,,,,,,,,,
Q34405,Q15931288,,,,,,,,,,,,,,,,,,,,,,,,,,,,,,,,,,,,,,,,,,,,,
Q34407,Q108485756,,,,,,,,,,,,,,,,,,,,,,,,,,,,,,,,,,,,,,,,,,,,,
Q34409,Q15941239,,,,,,,,,,,,,,,,,,,,,,,,,,,,,,,,,,,,,,,,,,,,,
Q34411,Q11530654,,,,,,,,,,,,,,,,,,,,,,,,,,,,,,,,,,,,,,,,,,,,,
Q34413,Q16075641,,,,,,,,,,,,,,,,,,,,,,,,,,,,,,,,,,,,,,,,,,,,,
Q34415,Q108485787,,,,,,,,,,,,,,,,,,,,,,,,,,,,,,,,,,,,,,,,,,,,,
Q34417,Q27670509,,,,,,,,,,,,,,,,,,,,,,,,,,,,,,,,,,,,,,,,,,,,,
Q34419,Q108485874,,,,,,,,,,,,,,,,,,,,,,,,,,,,,,,,,,,,,,,,,,,,,
Q34421,Q11664052,,,,,,,,,,,,,,,,,,,,,,,,,,,,,,,,,,,,,,,,,,,,,
Q34423,Q108485932,,,,,,,,,,,,,,,,,,,,,,,,,,,,,,,,,,,,,,,,,,,,,
Q34425,Q10941103,,,,,,,,,,,,,,,,,,,,,,,,,,,,,,,,,,,,,,,,,,,,,
Q34427,Q108485949,,,,,,,,,,,,,,,,,,,,,,,,,,,,,,,,,,,,,,,,,,,,,
Q34429,Q56271521,,,,,,,,,,,,,,,,,,,,,,,,,,,,,,,,,,,,,,,,,,,,,
Q34431,Q113203600,,,,,,,,,,,,,,,,,,,,,,,,,,,,,,,,,,,,,,,,,,,,,
Q34433,Q66311366,,,,,,,,,,,,,,,,,,,,,,,,,,,,,,,,,,,,,,,,,,,,,
Q34435,Q111131037,,,,,,,,,,,,,,,,,,,,,,,,,,,,,,,,,,,,,,,,,,,,,
Q34437,Q45395529,,,,,,,,,,,,,,,,,,,,,,,,,,,,,,,,,,,,,,,,,,,,,
Q34441,Q6143010,,,,,,,,L879-D11,,,,,,,,,,,,,,,,,,,,,,,,,,,,,,,,,,,,,
Q34443,Q11547539,,,,,,,,,,,,,,,,,,,,,,,,,,,,,,,,,,,,,,,,,,,,,
Q34445,Q22812622,,,,,,,,L87H-WGJ,,,,,,,,,,,,,,,,,,,,,,,,,,,,,,,,,,,,,
Q34447,Q111131003,,,,,,,,,,,,,,,,,,,,,,,,,,,,,,,,,,,,,,,,,,,,,
Q34449,Q22829318,,,,,,,,,,,,,,,,,,,,,,,,,,,,,,,,,,,,,,,,,,,,,
Q34451,Q111025077,,,,,,,,,,,,,,,,,,,,,,,,,,,,,,,,,,,,,,,,,,,,,
Q34453,Q704280,,,,,,,,,,,,,,,,,,,,,,,,,,,,,,,,,,,,,,,,,,,,,
Q34455,Q17217897,,,,,,,,,,,,,,,,,,,,,,,,,,,,,,,,,,,,,,,,,,,,,
Q34458,Q12603146,,,,,,,,,,,,,,,,,,,,,,,,,,,,,,,,,,,,,,,,,,,,,
Q34459,Q111025918,,,,,,,,,,,,,,,,,,,,,,,,,,,,,,,,,,,,,,,,,,,,,
Q34462,Q83551198,,,,,,,,,,,,,,,,,,,,,,,,,,,,,,,,,,,,,,,,,,,,,
Q34463,Q111024861,,,,,,,,,,,,,,,,,,,,,,,,,,,,,,,,,,,,,,,,,,,,,
Q34466,Q27954112,,,,,,,,,,,,,,,,,,,,,,,,,,,,,,,,,,,,,,,,,,,,,
Q34467,Q111025267,,,,,,,,,,,,,,,,,,,,,,,,,,,,,,,,,,,,,,,,,,,,,
Q34470,Q27951930,,,,,,,,,,,,,,,,,,,,,,,,,,,,,,,,,,,,,,,,,,,,,
Q34471,Q111025542,,,,,,,,,,,,,,,,,,,,,,,,,,,,,,,,,,,,,,,,,,,,,
Q34474,Q12597167,,,,,,,,,,,,,,,,,,,,,,,,,,,,,,,,,,,,,,,,,,,,,
Q34475,Q17221843,,,,,,,,,,,,,,,,,,,,,,,,,,,,,,,,,,,,,,,,,,,,,
Q34478,Q491768,,,,,,,,,,,,,,,,,,,,,,,,,,,,,,,,,,,,,,,,,,,,Kim-453,
Q34479,Q111025923,,,,,,,,,,,,,,,,,,,,,,,,,,,,,,,,,,,,,,,,,,,,,
Q34482,Q6760620,,,,,,,,,,,,,,,,,,,,,,,,,,,,,,,,,,,,,,,,,,,,,
Q34483,Q109442418,,,,,,,,,,,,,,,,,,,,,,,,,,,,,,,,,,,,,,,,,,,,,
Q34486,Q489514,,,,,,,,,,,,,,,,,,,,,,,,,,,,,,,,,,,,,,,,,,,,Yi-44,
Q34487,Q109442485,,,,,,,,,,,,,,,,,,,,,,,,,,,,,,,,,,,,,,,,,,,,,
Q34490,Q14943461,,,,,,,,,,,,,,,,,,,,,,,,,,,,,,,,,,,,,,,,,,,,,
Q34491,Q11070291,,,,,,,,,,,,,,,,,,,,,,,,,,,,,,,,,,,,,,,,,,,,,
Q34494,Q12607443,,,,,,,,,,,,,,,,,,,,,,,,,,,,,,,,,,,,,,,,,,,,,
Q34495,Q109669748,,,,,,,,,,,,,,,,,,,,,,,,,,,,,,,,,,,,,,,,,,,,,
Q34498,Q12598502,,,,,,,,,,,,,,,,,,,,,,,,,,,,,,,,,,,,,,,,,,,,,
Q34499,Q8513864,,,,,,,,,,,,,,,,,,,,,,,,,,,,,,,,,,,,,,,,,,,,,
Q34502,Q12592826,,,,,,,,,,,,,,,,,,,,,,,,,,,,,,,,,,,,,,,,,,,,,
Q34503,Q11372330,,,,,,,,,,,,,,,,,,,,,,,,,,,,,,,,,,,,,,,,,,,,,
Q34506,Q16180599,,,,,,,,,,,,,,,,,,,,,,,,,,,,,,,,,,,,,,,,,,,,,
Q34507,Q11372332,,,,,,,,,,,,,,,,,,,,,,,,,,,,,,,,,,,,,,,,,,,,,
Q34510,Q482850,,,,,,,,,,,,,,,,,,,,,,,,,,,,,,,,,,,,,,,,,,,,Yi-42,
Q34511,Q8515354,,,,,,,,,,,,,,,,,,,,,,,,,,,,,,,,,,,,,,,,,,,,,
Q34515,Q109327211,,,,,,,,,,,,,,,,,,,,,,,,,,,,,,,,,,,,,,,,,,,,,
Q34518,Q10944228,,,,,,,,,,,,,,,,,,,,,,,,,,,,,,,,,,,,,,,,,,,,,
Q34519,Q109327509,,,,,,,,,,,,,,,,,,,,,,,,,,,,,,,,,,,,,,,,,,,,,
Q34522,Q61721603,,,,,,,,,,,,,,,,,,,,,,,,,,,,,,,,,,,,,,,,,,,,,
Q34523,Q108850997,,,,,,,,,,,,,,,,,,,,,,,,,,,,,,,,,,,,,,,,,,,,,
Q34526,Q13668762,,,,,,,,,,,,,,,,,,,,,,,,,,,,,,,,,,,,,,,,,,,,,
Q34527,Q869401,,,,,,,,,,,,,,,,,,,,,,,,,,,,,,,,,,,,,,,,,,,,,
Q34530,Q13668769,,,,,,,,,,,,,,,,,,,,,,,,,,,,,,,,,,,,,,,,,,,,,
Q34531,Q11432012,,,,,,,,,,,,,,,,,,,,,,,,,,,,,,,,,,,,,,,,,,,,,
Q34534,Q13668776,,,,,,,,,,,,,,,,,,,,,,,,,,,,,,,,,,,,,,,,,,,,,
Q34535,Q111043007,,,,,,,,,,,,,,,,,,,,,,,,,,,,,,,,,,,,,,,,,,,,,
Q34538,Q13669039,,,,,,,,,,,,,,,,,,,,,,,,,,,,,,,,,,,,,,,,,,,,,
Q34539,Q11618466,,,,,,,,,,,,,,,,,,,,,,,,,,,,,,,,,,,,,,,,,,,,,
Q34542,Q10944314,,,,,,,,,,,,,,,,,,,,,,,,,,,,,,,,,,,,,,,,,,,,孔-13,
Q34543,Q111043021,,,,,,,,,,,,,,,,,,,,,,,,,,,,,,,,,,,,,,,,,,,,,
Q34546,Q13672094,,,,,,,,,,,,,,,,,,,,,,,,,,,,,,,,,,,,,,,,,,,,,
Q34547,Q109331531,,,,,,,,,,,,,,,,,,,,,,,,,,,,,,,,,,,,,,,,,,,,,
Q34550,Q26156555,,,,,,,,,,,,,,,,,,,,,,,,,,,,,,,,,,,,,,,,,,,,,
Q34551,Q17995658,,,,,,,,,,,,,,,,,,,,,,,,,,,,,,,,,,,,,,,,,,,,,
Q34554,Q133697525,,,,,,,,,,,,,,,,,,,,,,,,,,,,,,,,,,,,,,,,,,,,,
Q34555,Q11625687,,,,,,,,,,,,,,,,,,,,,,,,,,,,,,,,,,,,,,,,,,,,,
Q34558,Q10944304,,,,,,,,G6VS-5M5,,,,,,,,,,,,,,,,,,,,,,,,,,,,,,,,,,,,,
Q34559,Q111203046,,,,,,,,,,,,,,,,,,,,,,,,,,,,,,,,,,,,,,,,,,,,,
Q34562,Q11176038,,,,,,,,,,,,,,,,,,,,,,,,,,,,,,,,,,,,,,,,,,,,,
Q34563,Q111203763,,,,,,,,,,,,,,,,,,,,,,,,,,,,,,,,,,,,,,,,,,,,,
Q34566,Q13656186,,,,,,,,,,,,,,,,,,,,,,,,,,,,,,,,,,,,,,,,,,,,,
Q34568,Q11379408,,,,,,,,,,,,,,,,,,,,,,,,,,,,,,,,,,,,,,,,,,,,,
Q34570,Q2894305,,,,,,,,,,,,,,,,,,,,,,,,,,,,,,,,,,,,,,,,,,,,,
Q34572,Q111180796,,,,,,,,,,,,,,,,,,,,,,,,,,,,,,,,,,,,,,,,,,,,,
Q34574,Q28295,,,,,,,,,,,,,,,,,,,,,,,,,,,,,,,,,,,,,,,,,,,,,
Q34576,Q11552191,,,,,,,,,,,,,,,,,,,,,,,,,,,,,,,,,,,,,,,,,,,,,
Q34578,Q31468,,,,,,,,,,,,,,,,,,,,,,,,,,,,,,,,,,,,,,,,,,,,,
Q34580,Q111307703,,,,,,,,,,,,,,,,,,,,,,,,,,,,,,,,,,,,,,,,,,,,,
Q34582,Q11071952,,,,,,,,,,,,,,,,,,,,,,,,,,,,,,,,,,,,,,,,,,,,,
Q34584,Q111187734,,,,,,,,,,,,,,,,,,,,,,,,,,,,,,,,,,,,,,,,,,,,,
Q34586,Q45402486,,,,,,,,,,,,,,,,,,,,,,,,,,,,,,,,,,,,,,,,,,,,,
Q34588,Q111302547,,,,,,,,,,,,,,,,,,,,,,,,,,,,,,,,,,,,,,,,,,,,,
Q34590,Q838188,,,,,,,,,,,,,,,,,,,,,,,,,,,,,,,,,,,,,,,,,,,,,
Q34592,Q111212762,,,,,,,,,,,,,,,,,,,,,,,,,,,,,,,,,,,,,,,,,,,,,
Q34594,Q45426531,,,,,,,,,,,,,,,,,,,,,,,,,,,,,,,,,,,,,,,,,,,,,
Q34596,Q109202336,,,,,,,,,,,,,,,,,,,,,,,,,,,,,,,,,,,,,,,,,,,,,
Q34598,Q88745202,,,,,,,,,,,,,,,,,,,,,,,,,,,,,,,,,,,,,,,,,,,,,
Q34600,Q109202716,,,,,,,,,,,,,,,,,,,,,,,,,,,,,,,,,,,,,,,,,,,,,
Q34602,Q22812623,,,,,,,,L87H-WGY,,,,,,,,,,,,,,,,,,,,,,,,,,,,,,,,,,,,,
Q34604,Q110141678,,,,,,,,,,,,,,,,,,,,,,,,,,,,,,,,,,,,,,,,,,,,,
Q34606,Q18285,,,,,,,,,,,,,,,,,,,,,,,,,,,,,,,,,,,,,,,,,,,,,
Q34608,Q108689628,,,,,,,,,,,,,,,,,,,,,,,,,,,,,,,,,,,,,,,,,,,,,
Q34610,Q493913,,,,,,,,,,,,,,,,,,,,,,,,,,,,,,,,,,,,,,,,,,,,,
Q34612,Q111087111,,,,,,,,,,,,,,,,,,,,,,,,,,,,,,,,,,,,,,,,,,,,,
Q34614,Q11668163,,,,,,,,,,,,,,,,,,,,,,,,,,,,,,,,,,,,,,,,,,,,,
Q34616,Q111182269,,,,,,,,,,,,,,,,,,,,,,,,,,,,,,,,,,,,,,,,,,,,,
Q34618,Q16177833,,,,,,,,,,,,,,,,,,,,,,,,,,,,,,,,,,,,,,,,,,,,,
Q34620,Q111097223,,,,,,,,,,,,,,,,,,,,,,,,,,,,,,,,,,,,,,,,,,,,,
Q34622,Q12603218,,,,,,,,,,,,,,,,,,,,,,,,,,,,,,,,,,,,,,,,,,,,,
Q34624,Q11510236,,,,,,,,,,,,,,,,,,,,,,,,,,,,,,,,,,,,,,,,,,,,,
Q34627,Q24856446,,,,,,,,,,,,,,,,,,,,,,,,,,,,,,,,,,,,,,,,,,,,,
Q34628,Q111133723,,,,,,,,,,,,,,,,,,,,,,,,,,,,,,,,,,,,,,,,,,,,,
Q34631,Q10658775,,,,,,,,,,,,,,,,,,,,,,,,,,,,,,,,,,,,,,,,,,,,,
Q34632,Q11447245,,,,,,,,,,,,,,,,,,,,,,,,,,,,,,,,,,,,,,,,,,,,,
Q34635,Q368892,,,,,,,,,,,,,,,,,,,,,,,,,,,,,,,,,,,,,,,,,,,,,
Q34636,Q111143526,,,,,,,,,,,,,,,,,,,,,,,,,,,,,,,,,,,,,,,,,,,,,
Q34639,Q24000224,,,,,,,,,,,,,,,,,,,,,,,,,,,,,,,,,,,,,,,,,,,,,
Q34640,Q110903076,,,,,,,,,,,,,,,,,,,,,,,,,,,,,,,,,,,,,,,,,,,,,
Q34643,Q626310,,,,,,,,,,,,,,,,,,,,,,,,,,,,,,,,,,,,,,,,,,,,,
Q34645,Q109679599,,,,,,,,,,,,,,,,,,,,,,,,,,,,,,,,,,,,,,,,,,,,,
Q34647,Q16219801,,,,,,,,,,,,,,,,,,,,,,,,,,,,,,,,,,,,,,,,,,,,,
Q34649,Q110026658,,,,,,,,,,,,,,,,,,,,,,,,,,,,,,,,,,,,,,,,,,,,,
Q34651,Q12588721,,,,,,,,,,,,,,,,,,,,,,,,,,,,,,,,,,,,,,,,,,,,,
Q34653,Q11623723,,,,,,,,,,,,,,,,,,,,,,,,,,,,,,,,,,,,,,,,,,,,,
Q34655,Q624353,,,,,,,,,,,,,,,,,,,,,,,,,,,,,,,,,,,,,,,,,,,,조-2,
Q34657,Q11623753,,,,,,,,,,,,,,,,,,,,,,,,,,,,,,,,,,,,,,,,,,,,,
Q34659,Q484966,,,,,,,,,,,,,,,,,,,,,,,,,,,,,,,,,,,,,,,,,,,,Yi-41,
Q34662,Q110154817,,,,,,,,,,,,,,,,,,,,,,,,,,,,,,,,,,,,,,,,,,,,,
Q34663,Q12625391,,,,,,,,,,,,,,,,,,,,,,,,,,,,,,,,,,,,,,,,,,,,,
Q34666,Q11557324,,,,,,,,,,,,,,,,,,,,,,,,,,,,,,,,,,,,,,,,,,,,浅野-14,
Q34667,Q49252244,,,,,,,,,,,,,,,,,,,,,,,,,,,,,,,,,,,,,,,,,,,,,
Q34670,Q11557435,,,,,,,,,,,,,,,,,,,,,,,,,,,,,,,,,,,,,,,,,,,,,
Q34671,Q10904255,,,,,,,,,,,,,,,,,,,,,,,,,,,,,,,,,,,,,,,,,,,,염-1,
Q34674,Q110047588,,,,,,,,,,,,,,,,,,,,,,,,,,,,,,,,,,,,,,,,,,,,,
Q34675,Q11287972,,,,,,,,,,,,,,,,,,,,,,,,,,,,,,,,,,,,,,,,,,,,,
Q34678,Q110050424,,,,,,,,,,,,,,,,,,,,,,,,,,,,,,,,,,,,,,,,,,,,,
Q34679,Q16180104,,,,,,,,,,,,,,,,,,,,,,,,,,,,,,,,,,,,,,,,,,,,,
Q34683,Q625758,,,,,,,,,,,,,,,,,,,,,,,,,,,,,,,,,,,,,,,,,,,,김-10,
Q34686,Q110050448,,,,,,,,,,,,,,,,,,,,,,,,,,,,,,,,,,,,,,,,,,,,,
Q34687,Q24859262,,,,,,,,,,,,,,,,,,,,,,,,,,,,,,,,,,,,,,,,,,,,,
Q34690,Q110050451,,,,,,,,,,,,,,,,,,,,,,,,,,,,,,,,,,,,,,,,,,,,,
Q34691,Q19359838,,,,,,,,,,,,,,,,,,,,,,,,,,,,,,,,,,,,,,,,,,,,,
Q34694,Q19359954,,,,,,,,,,,,,,,,,,,,,,,,,,,,,,,,,,,,,,,,,,,,,
Q34695,Q110050468,,,,,,,,,,,,,,,,,,,,,,,,,,,,,,,,,,,,,,,,,,,,,
Q34698,Q12603384,,,,,,,,,,,,,,,,,,,,,,,,,,,,,,,,,,,,,,,,,,,,범-1,
Q34699,Q108747268,,,,,,,,,,,,,,,,,,,,,,,,,,,,,,,,,,,,,,,,,,,,,
Q34702,Q28698845,,,,,,,,,,,,,,,,,,,,,,,,,,,,,,,,,,,,,,,,,,,,,
Q34703,Q115586814,,,,,,,,,,,,,,,,,,,,,,,,,,,,,,,,,,,,,,,,,,,,,
Q34706,Q623593,,,,,,,,,,,,,,,,,,,,,,,,,,,,,,,,,,,,,,,,,,,,李-84,
Q34707,Q109821784,,,,,,,,,,,,,,,,,,,,,,,,,,,,,,,,,,,,,,,,,,,,,
Q34710,Q55586337,,,,,,,,,,,,,,,,,,,,,,,,,,,,,,,,,,,,,,,,,,,,,
Q34711,Q109833753,,,,,,,,,,,,,,,,,,,,,,,,,,,,,,,,,,,,,,,,,,,,,
Q34715,Q11255665,,,,,,,,,,,,,,,,,,,,,,,,,,,,,,,,,,,,,,,,,,,,,
Q34719,Q118727285,,,,,,,,,,,,,,,,,,,,,,,,,,,,,,,,,,,,,,,,,,,,,
Q34723,Q11439366,,,,,,,,,,,,,,,,,,,,,,,,,,,,,,,,,,,,,,,,,,,,,
Q34727,Q26963977,,,,,,,,,,,,,,,,,,,,,,,,,,,,,,,,,,,,,,,,,,,,,
Q34730,Q10944328,,,,,,,,,,,,,,,,,,,,,,,,,,,,,,,,,,,,,,,,,,,,,
Q34731,Q134513753,,,,,,,,,,,,,,,,,,,,,,,,,,,,,,,,,,,,,,,,,,,,,
Q34734,Q61721605,,,,,,,,,,,,,,,,,,,,,,,,,,,,,,,,,,,,,,,,,,,,,
Q34735,Q134513891,,,,,,,,,,,,,,,,,,,,,,,,,,,,,,,,,,,,,,,,,,,,,
Q34738,Q13668763,,,,,,,,,,,,,,,,,,,,,,,,,,,,,,,,,,,,,,,,,,,,,
Q34739,Q134515147,,,,,,,,,,,,,,,,,,,,,,,,,,,,,,,,,,,,,,,,,,,,,
Q34742,Q13669277,,,,,,,,,,,,,,,,,,,,,,,,,,,,,,,,,,,,,,,,,,,,,
Q34743,Q109984441,,,,,,,,,,,,,,,,,,,,,,,,,,,,,,,,,,,,,,,,,,,,,
Q34746,Q10944360,,,,,,,,G6VQ-5WG,,,,,,,,,,,,,,,,,,,,,,,,,,,,,,,,,,,,孔-11,
Q34747,Q111023360,,,,,,,,,,,,,,,,,,,,,,,,,,,,,,,,,,,,,,,,,,,,,
Q34750,Q13672044,,,,,,,,,,,,,,,,,,,,,,,,,,,,,,,,,,,,,,,,,,,,,
Q34751,Q10856583,,,,,,,,,,,,,,,,,,,,,,,,,,,,,,,,,,,,,,,,,,,,小笠原-8,
Q34754,Q26156556,,,,,,,,,,,,,,,,,,,,,,,,,,,,,,,,,,,,,,,,,,,,,
Q34755,Q108456336,,,,,,,,,,,,,,,,,,,,,,,,,,,,,,,,,,,,,,,,,,,,,
Q34758,Q133697524,,,,,,,,,,,,,,,,,,,,,,,,,,,,,,,,,,,,,,,,,,,,,
Q34759,Q108488166,,,,,,,,,,,,,,,,,,,,,,,,,,,,,,,,,,,,,,,,,,,,,
Q34762,Q10944361,,,,,,,,,,,,,,,,,,,,,,,,,,,,,,,,,,,,,,,,,,,,,
Q34763,Q108488344,,,,,,,,,,,,,,,,,,,,,,,,,,,,,,,,,,,,,,,,,,,,,
Q34766,Q45418343,,,,,,,,,,,,,,,,,,,,,,,,,,,,,,,,,,,,,,,,,,,,,
Q34768,Q129423919,,,,,,,,,,,,,,,,,,,,,,,,,,,,,,,,,,,,,,,,,,,,,
Q34770,Q5925712,,,,,,,,,,,,,,,,,,,,,,,,,,,,,,,,,,,,,,,,,,,,,
Q34772,Q11459904,,,,,,,,,,,,,,,,,,,,,,,,,,,,,,,,,,,,,,,,,,,,,
Q34774,Q13656168,,,,,,,,,,,,,,,,,,,,,,,,,,,,,,,,,,,,,,,,,,,,,
Q34776,Q11459779,,,,,,,,,,,,,,,,,,,,,,,,,,,,,,,,,,,,,,,,,,,,,
Q34778,Q2031226,,,,,,,,,,,,,,,,,,,,,,,,,,,,,,,,,,,,,,,,,,,,,
Q34780,Q11459980,,,,,,,,,,,,,,,,,,,,,,,,,,,,,,,,,,,,,,,,,,,,,
Q34782,Q28046,,,,,,,,,,,,,,,,,,,,,,,,,,,,,,,,,,,,,,,,,,,,,
Q34784,Q11633545,,,,,,,,,,,,,,,,,,,,,,,,,,,,,,,,,,,,,,,,,,,,,
Q34786,Q10942300,,,,,,,,,,,,,,,,,,,,,,,,,,,,,,,,,,,,,,,,,,,,,
Q34788,Q106809168,,,,,,,,,,,,,,,,,,,,,,,,,,,,,,,,,,,,,,,,,,,,,
Q34790,Q45426570,,,,,,,,,,,,,,,,,,,,,,,,,,,,,,,,,,,,,,,,,,,,,
Q34792,Q106650328,,,,,,,,,,,,,,,,,,,,,,,,,,,,,,,,,,,,,,,,,,,,,
Q34794,Q10944537,,,,,,,,,,,,,,,,,,,,,,,,,,,,,,,,,,,,,,,,,,,,,
Q34796,Q11438167,,,,,,,,,,,,,,,,,,,,,,,,,,,,,,,,,,,,,,,,,,,,,
Q34798,Q6687272,,,,,,,,,,,,,,,,,,,,,,,,,,,,,,,,,,,,,,,,,,,,,
Q34800,Q11526397,,,,,,,,,,,,,,,,,,,,,,,,,,,,,,,,,,,,,,,,,,,,,
Q34802,Q6687392,,,,,,,,,,,,,,,,,,,,,,,,,,,,,,,,,,,,,,,,,,,,,
Q34804,Q109131772,,,,,,,,,,,,,,,,,,,,,,,,,,,,,,,,,,,,,,,,,,,,,
Q34806,Q493874,,,,,,,,,,,,,,,,,,,,,,,,,,,,,,,,,,,,,,,,,,,,,
Q34808,Q112046051,,,,,,,,,,,,,,,,,,,,,,,,,,,,,,,,,,,,,,,,,,,,,
Q34810,Q11668218,,,,,,,,,,,,,,,,,,,,,,,,,,,,,,,,,,,,,,,,,,,,,
Q34812,Q109658003,,,,,,,,,,,,,,,,,,,,,,,,,,,,,,,,,,,,,,,,,,,,,
Q34814,Q493893,,,,,,,,,,,,,,,,,,,,,,,,,,,,,,,,,,,,,,,,,,,,,
Q34816,Q109877232,,,,,,,,,,,,,,,,,,,,,,,,,,,,,,,,,,,,,,,,,,,,,
Q34817,Q493930,,,,,,,,,,,,,,,,,,,,,,,,,,,,,,,,,,,,,,,,,,,,,
Q34820,Q22124554,,,,,,,,,,,,,,,,,,,,,,,,,,,,,,,,,,,,,,,,,,,,,
Q34821,Q15732940,,,,,,,,,,,,,,,,,,,,,,,,,,,,,,,,,,,,,,,,,,,,,
Q34824,Q104539016,,,,,,,,,,,,,,,,,,,,,,,,,,,,,,,,,,,,,,,,,,,,,
Q34825,Q16165398,,,,,,,,,,,,,,,,,,,,,,,,,,,,,,,,,,,,,,,,,,,,,
Q34828,Q22128345,,,,,,,,,,,,,,,,,,,,,,,,,,,,,,,,,,,,,,,,,,,,,
Q34829,Q12603832,,,,,,,,,,,,,,,,,,,,,,,,,,,,,,,,,,,,,,,,,,,,,
Q34831,Q11500470,,,,,,,,,,,,,,,,,,,,,,,,,,,,,,,,,,,,,,,,,,,,,
Q34833,Q16179324,,,,,,,,,,,,,,,,,,,,,,,,,,,,,,,,,,,,,,,,,,,,,
Q34835,Q11090427,,,,,,,,,,,,,,,,,,,,,,,,,,,,,,,,,,,,,,,,,,,,,
Q34837,Q16167089,,,,,,,,,,,,,,,,,,,,,,,,,,,,,,,,,,,,,,,,,,,,,
Q34839,Q109330974,,,,,,,,,,,,,,,,,,,,,,,,,,,,,,,,,,,,,,,,,,,,,
Q34841,Q12607574,,,,,,,,,,,,,,,,,,,,,,,,,,,,,,,,,,,,,,,,,,,,,
Q34843,Q109331020,,,,,,,,,,,,,,,,,,,,,,,,,,,,,,,,,,,,,,,,,,,,,
Q34845,Q12582817,,,,,,,,,,,,,,,,,,,,,,,,,,,,,,,,,,,,,,,,,,,,,
Q34847,Q109666506,,,,,,,,,,,,,,,,,,,,,,,,,,,,,,,,,,,,,,,,,,,,,
Q34849,Q6721098,,,,,,,,,,,,,,,,,,,,,,,,,,,,,,,,,,,,,,,,,,,,,
Q34851,Q11596987,,,,,,,,,,,,,,,,,,,,,,,,,,,,,,,,,,,,,,,,,,,,,
Q34853,Q11668115,,,,,,,,,,,,,,,,,,,,,,,,,,,,,,,,,,,,,,,,,,,,,
Q34855,Q11596988,,,,,,,,,,,,,,,,,,,,,,,,,,,,,,,,,,,,,,,,,,,,,
Q34857,Q19349223,,,,,,,,,,,,,,,,,,,,,,,,,,,,,,,,,,,,,,,,,,,,,
Q34859,Q110069717,,,,,,,,,,,,,,,,,,,,,,,,,,,,,,,,,,,,,,,,,,,,,
Q34861,Q65054213,,,,,,,,,,,,,,,,,,,,,,,,,,,,,,,,,,,,,,,,,,,,,
Q34863,Q110946198,,,,,,,,,,,,,,,,,,,,,,,,,,,,,,,,,,,,,,,,,,,,,
Q34865,Q11625582,,,,,,,,,,,,,,,,,,,,,,,,,,,,,,,,,,,,,,,,,,,,,
Q34867,Q11500471,,,,,,,,,,,,,,,,,,,,,,,,,,,,,,,,,,,,,,,,,,,,,
Q34869,Q65054192,,,,,,,,,,,,,,,,,,,,,,,,,,,,,,,,,,,,,,,,,,,,,
Q34871,Q63197367,,,,,,,,,,,,,,,,,,,,,,,,,,,,,,,,,,,,,,,,,,,,,
Q34873,Q65054193,,,,,,,,,,,,,,,,,,,,,,,,,,,,,,,,,,,,,,,,,,,,,
Q34875,Q5354141,,,,,,,,,,,,,,,,,,,,,,,,,,,,,,,,,,,,,,,,,,,,,
Q34877,Q14566767,,,,,,,,,,,,,,,,,,,,,,,,,,,,,,,,,,,,,,,,,,,,,
Q34879,Q8081768,,,,,,,,,,,,,,,,,,,,,,,,,,,,,,,,,,,,,,,,,,,,,
Q34881,Q493978,,,,,,,,,,,,,,,,,,,,,,,,,,,,,,,,,,,,,,,,,,,,,
Q34883,Q11433262,,,,,,,,,,,,,,,,,,,,,,,,,,,,,,,,,,,,,,,,,,,,,
Q34885,Q8012922,,,,,,,,,,,,,,,,,,,,,,,,,,,,,,,,,,,,,,,,,,,,,
Q34887,Q108892872,,,,,,,,,,,,,,,,,,,,,,,,,,,,,,,,,,,,,,,,,,,,,
Q34889,Q27953990,,,,,,,,,,,,,,,,,,,,,,,,,,,,,,,,,,,,,,,,,,,,,
Q34891,Q108892905,,,,,,,,,,,,,,,,,,,,,,,,,,,,,,,,,,,,,,,,,,,,,
Q34893,Q712012,,,,,,,,,,,,,,,,,,,,,,,,,,,,,,,,,,,,,,,,,,,,,
Q34895,Q11547522,,,,,,,,,,,,,,,,,,,,,,,,,,,,,,,,,,,,,,,,,,,,,
Q34898,Q626315,,,,,,,,,,,,,,,,,,,,,,,,,,,,,,,,,,,,,,,,,,,,,
Q34899,Q108893353,,,,,,,,,,,,,,,,,,,,,,,,,,,,,,,,,,,,,,,,,,,,,
Q34902,Q483384,,,,,,,,,,,,,,,,,,,,,,,,,,,,,,,,,,,,,,,,,,,,,
Q34903,Q108893419,,,,,,,,,,,,,,,,,,,,,,,,,,,,,,,,,,,,,,,,,,,,,
Q34906,Q484753,,,,,,,,,,,,,,,,,,,,,,,,,,,,,,,,,,,,,,,,,,,,,
Q34907,Q109299856,,,,,,,,,,,,,,,,,,,,,,,,,,,,,,,,,,,,,,,,,,,,,
Q34910,Q6798094,,,,,,,,,,,,,,,,,,,,,,,,,,,,,,,,,,,,,,,,,,,,,
Q34911,Q109331135,,,,,,,,,,,,,,,,,,,,,,,,,,,,,,,,,,,,,,,,,,,,,
Q34914,Q17028618,,,,,,,,,,,,,,,,,,,,,,,,,,,,,,,,,,,,,,,,,,,,,
Q34915,Q108146338,,,,,,,,,,,,,,,,,,,,,,,,,,,,,,,,,,,,,,,,,,,,,
Q34918,Q6678331,,,,,,,,,,,,,,,,,,,,,,,,,,,,,,,,,,,,,,,,,,,,김-11,
Q34919,Q111199929,,,,,,,,,,,,,,,,,,,,,,,,,,,,,,,,,,,,,,,,,,,,,
Q34922,Q16174966,,,,,,,,,,,,,,,,,,,,,,,,,,,,,,,,,,,,,,,,,,,,,
Q34923,Q115586786,,,,,,,,,,,,,,,,,,,,,,,,,,,,,,,,,,,,,,,,,,,,,
Q34926,Q496199,,,,,,,,,,,,,,,,,,,,,,,,,,,,,,,,,,,,,,,,,,,,朴-20,
Q34927,Q109921380,,,,,,,,,,,,,,,,,,,,,,,,,,,,,,,,,,,,,,,,,,,,,
Q34930,Q486273,,,,,,,,,,,,,,,,,,,,,,,,,,,,,,,,,,,,,,,,,,,,이-23,
Q34931,Q111221338,,,,,,,,,,,,,,,,,,,,,,,,,,,,,,,,,,,,,,,,,,,,,
Q34935,Q11087937,,,,,,,,,,,,,,,,,,,,,,,,,,,,,,,,,,,,,,,,,,,,,
Q34939,Q109653177,,,,,,,,,,,,,,,,,,,,,,,,,,,,,,,,,,,,,,,,,,,,,
Q34943,Q109653178,,,,,,,,,,,,,,,,,,,,,,,,,,,,,,,,,,,,,,,,,,,,,
Q34947,Q111221518,,,,,,,,,,,,,,,,,,,,,,,,,,,,,,,,,,,,,,,,,,,,,
Q34951,Q7850346,,,,,,,,,,,,,,,,,,,,,,,,,,,,,,,,,,,,,,,,,,,,,
Q34955,Q11546099,,,,,,,,,,,,,,,,,,,,,,,,,,,,,,,,,,,,,,,,,,,,,
Q34959,Q28689724,,,,,,,,,,,,,,,,,,,,,,,,,,,,,,,,,,,,,,,,,,,,,
Q34963,Q108818907,,,,,,,,,,,,,,,,,,,,,,,,,,,,,,,,,,,,,,,,,,,,,
Q34967,Q108811325,,,,,,,,,,,,,,,,,,,,,,,,,,,,,,,,,,,,,,,,,,,,,
Q34971,Q108865747,,,,,,,,,,,,,,,,,,,,,,,,,,,,,,,,,,,,,,,,,,,,,
Q34975,Q109331188,,,,,,,,,,,,,,,,,,,,,,,,,,,,,,,,,,,,,,,,,,,,,
Q34979,Q108134225,,,,,,,,,,,,,,,,,,,,,,,,,,,,,,,,,,,,,,,,,,,,,
Q34983,Q108134236,,,,,,,,,,,,,,,,,,,,,,,,,,,,,,,,,,,,,,,,,,,,,
Q34987,Q1070082,,,,,,,,,,,,,,,,,,,,,,,,,,,,,,,,,,,,,,,,,,,,Chōsokabe-1,
Q34991,Q2470375,,,,,,,,,,,,,,,,,,,,,,,,,,,,,,,,,,,,,,,,,,,,,
Q34995,Q3676184,,,,,,,,,,,,,,,,,,,,,,,,,,,,,,,,,,,,,,,,,,,,,
Q34999,Q589151,,,,,,,,,,,,,,,,,,,,,,,,,,,,,,,,,,,,,,,,,,,,,
Q35003,Q108145368,,,,,,,,,,,,,,,,,,,,,,,,,,,,,,,,,,,,,,,,,,,,,
Q35006,Q22812660,,,,,,,,,,,,,,,,,,,,,,,,,,,,,,,,,,,,,,,,,,,,,
Q35007,Q108145381,,,,,,,,,,,,,,,,,,,,,,,,,,,,,,,,,,,,,,,,,,,,,
Q35010,Q61721606,,,,,,,,,,,,,,,,,,,,,,,,,,,,,,,,,,,,,,,,,,,,,
Q35011,Q11397843,,,,,,,,,,,,,,,,,,,,,,,,,,,,,,,,,,,,,,,,,,,,,
Q35014,Q13669234,,,,,,,,,,,,,,,,,,,,,,,,,,,,,,,,,,,,,,,,,,,,,
Q35015,Q11521808,,,,,,,,,,,,,,,,,,,,,,,,,,,,,,,,,,,,,,,,,,,,,
Q35018,Q133277873,,,,,,,,,,,,,,,,,,,,,,,,,,,,,,,,,,,,,,,,,,,,,
Q35019,Q2577828,,,,,,,,,,,,,,,,,,,,,,,,,,,,,,,,,,,,,,,,,,,,,
Q35022,Q10944338,,,,,,,,G6V7-QVT,,,,,,,,,,,,,,,,,,,,,,,,,,,,,,,,,,,,,
Q35023,Q10436390,,,,,,,,,,,,,,,,,,,,,,,,,,,,,,,,,,,,,,,,,,,,,
Q35026,Q22812670,,,,,,,,,,,,,,,,,,,,,,,,,,,,,,,,,,,,,,,,,,,,孔-10,
Q35027,Q126006382,,,,,,,,,,,,,,,,,,,,,,,,,,,,,,,,,,,,,,,,,,,,,
Q35030,Q13669780,,,,,,,,,,,,,,,,,,,,,,,,,,,,,,,,,,,,,,,,,,,,,
Q35031,Q128843793,,,,,,,,,,,,,,,,,,,,,,,,,,,,,,,,,,,,,,,,,,,,,
Q35034,Q13671739,,,,,,,,,,,,,,,,,,,,,,,,,,,,,,,,,,,,,,,,,,,,,
Q35035,Q132435959,,,,,,,,,,,,,,,,,,,,,,,,,,,,,,,,,,,,,,,,,,,,,
Q35038,Q26156559,,,,,,,,,,,,,,,,,,,,,,,,,,,,,,,,,,,,,,,,,,,,,
Q35039,Q108129908,,,,,,,,,,,,,,,,,,,,,,,,,,,,,,,,,,,,,,,,,,,,,
Q35042,Q133697523,,,,,,,,,,,,,,,,,,,,,,,,,,,,,,,,,,,,,,,,,,,,,
Q35043,Q98082960,,,,,,,,,,,,,,,,,,,,,,,,,,,,,,,,,,,,,,,,,,,,,
Q35046,Q45418344,,,,,,,,,,,,,,,,,,,,,,,,,,,,,,,,,,,,,,,,,,,,,
Q35047,Q110087306,,,,,,,,,,,,,,,,,,,,,,,,,,,,,,,,,,,,,,,,,,,,,
Q35050,Q45690241,,,,,,,,,,,,,,,,,,,,,,,,,,,,,,,,,,,,,,,,,,,,,
Q35051,Q107639514,,,,,,,,,,,,,,,,,,,,,,,,,,,,,,,,,,,,,,,,,,,,,
Q35054,Q11126264,,,,,,,,,,,,,,,,,,,,,,,,,,,,,,,,,,,,,,,,,,,,,
Q35055,Q11578635,,,,,,,,,,,,,,,,,,,,,,,,,,,,,,,,,,,,,,,,,,,,,
Q35058,Q45690596,,,,,,,,,,,,,,,,,,,,,,,,,,,,,,,,,,,,,,,,,,,,,
Q35059,Q11578703,,,,,,,,,,,,,,,,,,,,,,,,,,,,,,,,,,,,,,,,,,,,,
Q35062,Q45623447,,,,,,,,,,,,,,,,,,,,,,,,,,,,,,,,,,,,,,,,,,,,,
Q35063,Q105711391,,,,,,,,,,,,,,,,,,,,,,,,,,,,,,,,,,,,,,,,,,,,,
Q35066,Q2031205,,,,,,,,,,,,,,,,,,,,,,,,,,,,,,,,,,,,,,,,,,,,,
Q35067,Q111375055,,,,,,,,,,,,,,,,,,,,,,,,,,,,,,,,,,,,,,,,,,,,,
Q35069,Q119343261,,,,,,,,,,,,,,,,,,,,,,,,,,,,,,,,,,,,,,,,,,,,,
Q35070,Q28049,,,,,,,,,,,,,,,,,,,,,,,,,,,,,,,,,,,,,,,,,,,,,
Q35073,Q110069201,,,,,,,,,,,,,,,,,,,,,,,,,,,,,,,,,,,,,,,,,,,,,
Q35074,Q27785888,,,,,,,,,,,,,,,,,,,,,,,,,,,,,,,,,,,,,,,,,,,,,
Q35077,Q110249784,,,,,,,,,,,,,,,,,,,,,,,,,,,,,,,,,,,,,,,,,,,,,
Q35078,Q45426612,,,,,,,,,,,,,,,,,,,,,,,,,,,,,,,,,,,,,,,,,,,,,
Q35081,Q108935782,,,,,,,,,,,,,,,,,,,,,,,,,,,,,,,,,,,,,,,,,,,,,
Q35082,Q5359568,,,,,,,,,,,,,,,,,,,,,,,,,,,,,,,,,,,,,,,,,,,,,
Q35085,Q110090455,,,,,,,,,,,,,,,,,,,,,,,,,,,,,,,,,,,,,,,,,,,,,
Q35086,Q10944242,,,,,,,,,,,,,,,,,,,,,,,,,,,,,,,,,,,,,,,,,,,,,
Q35089,Q115587432,,,,,,,,,,,,,,,,,,,,,,,,,,,,,,,,,,,,,,,,,,,,,
Q35090,Q10944345,,,,,,,,,,,,,,,,,,,,,,,,,,,,,,,,,,,,,,,,,,,,,
Q35093,Q109116467,,,,,,,,,,,,,,,,,,,,,,,,,,,,,,,,,,,,,,,,,,,,,
Q35094,Q10944422,,,,,,,,,,,,,,,,,,,,,,,,,,,,,,,,,,,,,,,,,,,,,
Q35097,Q108184564,,,,,,,,,,,,,,,,,,,,,,,,,,,,,,,,,,,,,,,,,,,,,
Q35098,Q493852,,,,,,,,,,,,,,,,,,,,,,,,,,,,,,,,,,,,,,,,,,,,,
Q35101,Q11383470,,,,,,,,,,,,,,,,,,,,,,,,,,,,,,,,,,,,,,,,,,,,,
Q35102,Q10658709,,,,,,,,,,,,,,,,,,,,,,,,,,,,,,,,,,,,,,,,,,,,,
Q35105,Q96715719,,,,,,,,,,,,,,,,,,,,,,,,,,,,,,,,,,,,,,,,,,,,,
Q35106,Q16184578,,,,,,,,,,,,,,,,,,,,,,,,,,,,,,,,,,,,,,,,,,,,,
Q35109,Q96715438,,,,,,,,,,,,,,,,,,,,,,,,,,,,,,,,,,,,,,,,,,,,,
Q35110,Q16185132,,,,,,,,,,,,,,,,,,,,,,,,,,,,,,,,,,,,,,,,,,,,,
Q35113,Q109791913,,,,,,,,,,,,,,,,,,,,,,,,,,,,,,,,,,,,,,,,,,,,,
Q35114,Q6819747,,,,,,,,,,,,,,,,,,,,,,,,,,,,,,,,,,,,,,,,,,,,,
Q35117,Q109790808,,,,,,,,,,,,,,,,,,,,,,,,,,,,,,,,,,,,,,,,,,,,,
Q35118,Q11064497,,,,,,,,,,,,,,,,,,,,,,,,,,,,,,,,,,,,,,,,,,,,,
Q35121,Q108965484,,,,,,,,,,,,,,,,,,,,,,,,,,,,,,,,,,,,,,,,,,,,,
Q35122,Q11064499,,,,,,,,,,,,,,,,,,,,,,,,,,,,,,,,,,,,,,,,,,,,,
Q35125,Q45830381,,,,,,,,,,,,,,,,,,,,,,,,,,,,,,,,,,,,,,,,,,,,,
Q35126,Q16189113,,,,,,,,,,,,,,,,,,,,,,,,,,,,,,,,,,,,,,,,,,,,,
Q35129,Q110009965,,,,,,,,,,,,,,,,,,,,,,,,,,,,,,,,,,,,,,,,,,,,,
Q35130,Q27953940,,,,,,,,,,,,,,,,,,,,,,,,,,,,,,,,,,,,,,,,,,,,,
Q35133,Q110009967,,,,,,,,,,,,,,,,,,,,,,,,,,,,,,,,,,,,,,,,,,,,,
Q35134,Q27953939,,,,,,,,,,,,,,,,,,,,,,,,,,,,,,,,,,,,,,,,,,,,,
Q35137,Q107177679,,,,,,,,,,,,,,,,,,,,,,,,,,,,,,,,,,,,,,,,,,,,,
Q35138,Q6721175,,,,,,,,,,,,,,,,,,,,,,,,,,,,,,,,,,,,,,,,,,,,,
Q35141,Q107177773,,,,,,,,,,,,,,,,,,,,,,,,,,,,,,,,,,,,,,,,,,,,,
Q35142,Q12626021,,,,,,,,,,,,,,,,,,,,,,,,,,,,,,,,,,,,,,,,,,,,,
Q35145,Q115596170,,,,,,,,,,,,,,,,,,,,,,,,,,,,,,,,,,,,,,,,,,,,,
Q35146,Q12583609,,,,,,,,,,,,,,,,,,,,,,,,,,,,,,,,,,,,,,,,,,,,,
Q35149,Q115596169,,,,,,,,,,,,,,,,,,,,,,,,,,,,,,,,,,,,,,,,,,,,,
Q35150,Q16261922,,,,,,,,,,,,,,,,,,,,,,,,,,,,,,,,,,,,,,,,,,,,,
Q35153,Q15934012,,,,,,,,,,,,,,,,,,,,,,,,,,,,,,,,,,,,,,,,,,,,,
Q35155,Q16181355,,,,,,,,,,,,,,,,,,,,,,,,,,,,,,,,,,,,,,,,,,,,,
Q35157,Q15942025,,,,,,,,,,,,,,,,,,,,,,,,,,,,,,,,,,,,,,,,,,,,,
Q35159,Q493946,,,,,,,,,,,,,,,,,,,,,,,,,,,,,,,,,,,,,,,,,,,,,
Q35161,Q11381096,,,,,,,,,,,,,,,,,,,,,,,,,,,,,,,,,,,,,,,,,,,,,I00523430
Q35163,Q12606321,,,,,,,,,,,,,,,,,,,,,,,,,,,,,,,,,,,,,,,,,,,,,
Q35165,Q110026736,,,,,,,,,,,,,,,,,,,,,,,,,,,,,,,,,,,,,,,,,,,,,
Q35167,Q12626049,,,,,,,,,,,,,,,,,,,,,,,,,,,,,,,,,,,,,,,,,,,,,
Q35169,Q110952152,,,,,,,,,,,,,,,,,,,,,,,,,,,,,,,,,,,,,,,,,,,,,
Q35171,Q12583598,,,,,,,,,,,,,,,,,,,,,,,,,,,,,,,,,,,,,,,,,,,,,
Q35173,Q113166573,,,,,,,,,,,,,,,,,,,,,,,,,,,,,,,,,,,,,,,,,,,,,
Q35175,Q19359832,,,,,,,,,,,,,,,,,,,,,,,,,,,,,,,,,,,,,,,,,,,,,
Q35177,Q11605908,,,,,,,,,,,,,,,,,,,,,,,,,,,,,,,,,,,,,,,,,,,,,
Q35179,Q19359952,,,,,,,,,,,,,,,,,,,,,,,,,,,,,,,,,,,,,,,,,,,,,
Q35181,Q110882564,,,,,,,,,,,,,,,,,,,,,,,,,,,,,,,,,,,,,,,,,,,,,
Q35183,Q12606468,,,,,,,,,,,,,,,,,,,,,,,,,,,,,,,,,,,,,,,,,,,,,
Q35185,Q108780200,,,,,,,,,,,,,,,,,,,,,,,,,,,,,,,,,,,,,,,,,,,,,
Q35187,Q16161620,,,,,,,,,,,,,,,,,,,,,,,,,,,,,,,,,,,,,,,,,,,,,
Q35189,Q27921143,,,,,,,,,,,,,,,,,,,,,,,,,,,,,,,,,,,,,,,,,,,,,
Q35191,Q12618654,,,,,,,,,,,,,,,,,,,,,,,,,,,,,,,,,,,,,,,,,,,,,
Q35193,Q11542621,,,,,,,,,,,,,,,,,,,,,,,,,,,,,,,,,,,,,,,,,,,,,
Q35195,Q24860450,,,,,,,,,,,,,,,,,,,,,,,,,,,,,,,,,,,,,,,,,,,,,
Q35197,Q110741214,,,,,,,,,,,,,,,,,,,,,,,,,,,,,,,,,,,,,,,,,,,,,
Q35199,Q12583807,,,,,,,,,,,,,,,,,,,,,,,,,,,,,,,,,,,,,,,,,,,,,
Q35201,Q11179314,,,,,,,,,,,,,,,,,,,,,,,,,,,,,,,,,,,,,,,,,,,,,
Q35203,Q24860916,,,,,,,,,,,,,,,,,,,,,,,,,,,,,,,,,,,,,,,,,,,,,
Q35205,Q110741001,,,,,,,,,,,,,,,,,,,,,,,,,,,,,,,,,,,,,,,,,,,,,
Q35207,Q27954100,,,,,,,,,,,,,,,,,,,,,,,,,,,,,,,,,,,,,,,,,,,,,
Q35209,Q30927644,,,,,,,,,,,,,,,,,,,,,,,,,,,,,,,,,,,,,,,,,,,,,
Q35211,Q27953845,,,,,,,,,,,,,,,,,,,,,,,,,,,,,,,,,,,,,,,,,,,,,
Q35213,Q110741057,,,,,,,,,,,,,,,,,,,,,,,,,,,,,,,,,,,,,,,,,,,,,
Q35215,Q12592846,,,,,,,,,,,,,,,,,,,,,,,,,,,,,,,,,,,,,,,,,,,,,
Q35217,Q108855657,,,,,,,,,,,,,,,,,,,,,,,,,,,,,,,,,,,,,,,,,,,,,
Q35219,Q24860403,,,,,,,,,,,,,,,,,,,,,,,,,,,,,,,,,,,,,,,,,,,,,
Q35221,Q108855670,,,,,,,,,,,,,,,,,,,,,,,,,,,,,,,,,,,,,,,,,,,,,
Q35223,Q27953846,,,,,,,,,,,,,,,,,,,,,,,,,,,,,,,,,,,,,,,,,,,,,
Q35225,Q11400610,,,,,,,,,,,,,,,,,,,,,,,,,,,,,,,,,,,,,,,,,,,,,
Q35227,Q67591766,,,,,,,,,,,,,,,,,,,,,,,,,,,,,,,,,,,,,,,,,,,,,
Q35229,Q11400599,,,,,,,,,,,,,,,,,,,,,,,,,,,,,,,,,,,,,,,,,,,,,
Q35231,Q65054219,,,,,,,,,,,,,,,,,,,,,,,,,,,,,,,,,,,,,,,,,,,,,
Q35233,Q108782851,,,,,,,,,,,,,,,,,,,,,,,,,,,,,,,,,,,,,,,,,,,,,
Q35235,Q9635005,,,,,,,,,,,,,,,,,,,,,,,,,,,,,,,,,,,,,,,,,,,,,
Q35237,Q108782865,,,,,,,,,,,,,,,,,,,,,,,,,,,,,,,,,,,,,,,,,,,,,
Q35239,Q493993,,,,,,,,,,,,,,,,,,,,,,,,,,,,,,,,,,,,,,,,,,,,,
Q35241,Q108852206,,,,,,,,,,,,,,,,,,,,,,,,,,,,,,,,,,,,,,,,,,,,,
Q35243,Q12603961,,,,,,,,,,,,,,,,,,,,,,,,,,,,,,,,,,,,,,,,,,,,,
Q35245,Q110008297,,,,,,,,,,,,,,,,,,,,,,,,,,,,,,,,,,,,,,,,,,,,,
Q35247,Q15740771,,,,,,,,,,,,,,,,,,,,,,,,,,,,,,,,,,,,,,,,,,,,,
Q35249,Q109321453,,,,,,,,,,,,,,,,,,,,,,,,,,,,,,,,,,,,,,,,,,,,,
Q35251,Q12583780,,,,,,,,,,,,,,,,,,,,,,,,,,,,,,,,,,,,,,,,,,,,,
Q35254,Q108910781,,,,,,,,,,,,,,,,,,,,,,,,,,,,,,,,,,,,,,,,,,,,,
Q35255,Q16173677,,,,,,,,,,,,,,,,,,,,,,,,,,,,,,,,,,,,,,,,,,,,,
Q35258,Q109123248,,,,,,,,,,,,,,,,,,,,,,,,,,,,,,,,,,,,,,,,,,,,,
Q35259,Q16179847,,,,,,,,,,,,,,,,,,,,,,,,,,,,,,,,,,,,,,,,,,,,,
Q35262,Q110817826,,,,,,,,,,,,,,,,,,,,,,,,,,,,,,,,,,,,,,,,,,,,,
Q35263,Q83158281,,,,,,,,,,,,,,,,,,,,,,,,,,,,,,,,,,,,,,,,,,,,,
Q35266,Q106702876,,,,,,,,,,,,,,,,,,,,,,,,,,,,,,,,,,,,,,,,,,,,,
Q35267,Q12619904,,,,,,,,,,,,,,,,,,,,,,,,,,,,,,,,,,,,,,,,,,,,,
Q35270,Q108970159,,,,,,,,,,,,,,,,,,,,,,,,,,,,,,,,,,,,,,,,,,,,,
Q35271,Q704283,,,,,,,,,,,,,,,,,,,,,,,,,,,,,,,,,,,,,,,,,,,,,
Q35274,Q11411235,,,,,,,,,,,,,,,,,,,,,,,,,,,,,,,,,,,,,,,,,,,,,
Q35275,Q16173605,,,,,,,,,,,,,,,,,,,,,,,,,,,,,,,,,,,,,,,,,,,,,
Q35278,Q11372489,,,,,,,,,,,,,,,,,,,,,,,,,,,,,,,,,,,,,,,,,,,,,
Q35279,Q12588640,,,,,,,,,,,,,,,,,,,,,,,,,,,,,,,,,,,,,,,,,,,,,
Q35282,Q109946534,,,,,,,,,,,,,,,,,,,,,,,,,,,,,,,,,,,,,,,,,,,,,
Q35283,Q27951928,,,,,,,,,,,,,,,,,,,,,,,,,,,,,,,,,,,,,,,,,,,,,
Q35286,Q108813233,,,,,,,,,,,,,,,,,,,,,,,,,,,,,,,,,,,,,,,,,,,,,
Q35287,Q12596968,,,,,,,,,,,,,,,,,,,,,,,,,,,,,,,,,,,,,,,,,,,,,
Q35290,Q10514721,,,,,,,,,,,,,,,,,,,,,,,,,,,,,,,,,,,,,,,,,,,,,
Q35291,Q12612821,,,,,,,,,,,,,,,,,,,,,,,,,,,,,,,,,,,,,,,,,,,,,
Q35294,Q10917380,,,,,,,,,,,,,,,,,,,,,,,,,,,,,,,,,,,,,,,,,,,,,
Q35298,Q11414294,,,,,,,,,,,,,,,,,,,,,,,,,,,,,,,,,,,,,,,,,,,,,
Q35302,Q17209748,,,,,,,,,,,,,,,,,,,,,,,,,,,,,,,,,,,,,,,,,,,,,
Q35306,Q17224819,,,,,,,,,,,,,,,,,,,,,,,,,,,,,,,,,,,,,,,,,,,,,
Q35310,Q109085288,,,,,,,,,,,,,,,,,,,,,,,,,,,,,,,,,,,,,,,,,,,,,
Q35314,Q17218913,,,,,,,,,,,,,,,,,,,,,,,,,,,,,,,,,,,,,,,,,,,,,
Q35318,Q11432561,,,,,,,,,,,,,,,,,,,,,,,,,,,,,,,,,,,,,,,,,,,,,
Q35322,Q11418830,,,,,,,,,,,,,,,,,,,,,,,,,,,,,,,,,,,,,,,,,,,,,
Q35326,Q17214792,,,,,,,,,,,,,,,,,,,,,,,,,,,,,,,,,,,,,,,,,,,,,
Q35330,Q28068337,,,,,,,,,,,,,,,,,,,,,,,,,,,,,,,,,,,,,,,,,,,,,
Q35334,Q11263282,,,,,,,,,,,,,,,,,,,,,,,,,,,,,,,,,,,,,,,,,,,,,
Q35338,Q24868193,,,,,,,,,,,,,,,,,,,,,,,,,,,,,,,,,,,,,,,,,,,,,
Q35342,Q11352821,,,,,,,,,,,,,,,,,,,,,,,,,,,,,,,,,,,,,,,,,,,,,
Q35346,Q108856017,,,,,,,,,,,,,,,,,,,,,,,,,,,,,,,,,,,,,,,,,,,,,
Q35350,Q109781663,,,,,,,,,,,,,,,,,,,,,,,,,,,,,,,,,,,,,,,,,,,,,
Q35354,Q110885306,,,,,,,,,,,,,,,,,,,,,,,,,,,,,,,,,,,,,,,,,,,,,
Q35362,Q109352385,,,,,,,,,,,,,,,,,,,,,,,,,,,,,,,,,,,,,,,,,,,,,
Q35366,Q109352306,,,,,,,,,,,,,,,,,,,,,,,,,,,,,,,,,,,,,,,,,,,,,
Q35370,Q109680986,,,,,,,,,,,,,,,,,,,,,,,,,,,,,,,,,,,,,,,,,,,,,
Q35374,Q11376760,,,,,,,,,,,,,,,,,,,,,,,,,,,,,,,,,,,,,,,,,,,,,
Q35378,Q109321445,,,,,,,,,,,,,,,,,,,,,,,,,,,,,,,,,,,,,,,,,,,,,
Q35381,Q22812659,,,,,,,,,,,,,,,,,,,,,,,,,,,,,,,,,,,,,,,,,,,,,
Q35382,Q106644955,,,,,,,,,,,,,,,,,,,,,,,,,,,,,,,,,,,,,,,,,,,,,
Q35385,Q61721607,,,,,,,,,,,,,,,,,,,,,,,,,,,,,,,,,,,,,,,,,,,,,
Q35386,Q11605879,,,,,,,,,,,,,,,,,,,,,,,,,,,,,,,,,,,,,,,,,,,,,
Q35389,Q13669208,,,,,,,,,,,,,,,,,,,,,,,,,,,,,,,,,,,,,,,,,,,,,
Q35390,Q11608367,,,,,,,,,,,,,,,,,,,,,,,,,,,,,,,,,,,,,,,,,,,,,
Q35393,Q16921247,,,,,,,,G6VQ-YVS,,,,,,,,,,,,,,,,,,,,,,,,,,,,,,,,,,,,,
Q35394,Q108840944,,,,,,,,,,,,,,,,,,,,,,,,,,,,,,,,,,,,,,,,,,,,,
Q35397,Q65800336,,,,,,,,,,,,,,,,,,,,,,,,,,,,,,,,,,,,,,,,,,,,,
Q35398,Q109672291,,,,,,,,,,,,,,,,,,,,,,,,,,,,,,,,,,,,,,,,,,,,,
Q35401,Q10944337,,,,,,,,G6VQ-RNH,,,,,,,,,,,,,,,,,,,,,,,,,,,,,,,,,,,,孔-9,
Q35402,Q67498327,,,,,,,,,,,,,,,,,,,,,,,,,,,,,,,,,,,,,,,,,,,,,
Q35405,Q22812726,,,,,,,,,,,,,,,,,,,,,,,,,,,,,,,,,,,,,,,,,,,,,
Q35406,Q118697913,,,,,,,,,,,,,,,,,,,,,,,,,,,,,,,,,,,,,,,,,,,,,
Q35409,Q45416458,,,,,,,,,,,,,,,,,,,,,,,,,,,,,,,,,,,,,,,,,,,,,
Q35410,Q85878527,,,,,,,,,,,,,,,,,,,,,,,,,,,,,,,,,,,,,,,,,,,,,
Q35413,Q13669751,,,,,,,,,,,,,,,,,,,,,,,,,,,,,,,,,,,,,,,,,,,,,
Q35414,Q11481489,,,,,,,,,,,,,,,,,,,,,,,,,,,,,,,,,,,,,,,,,,,,,
Q35417,Q13671063,,,,,,,,,,,,,,,,,,,,,,,,,,,,,,,,,,,,,,,,,,,,,
Q35418,Q11353932,,,,,,,,,,,,,,,,,,,,,,,,,,,,,,,,,,,,,,,,,,,,萬里小路-1,I00523383
Q35421,Q45560191,,,,,,,,,,,,,,,,,,,,,,,,,,,,,,,,,,,,,,,,,,,,,
Q35422,Q108747704,,,,,,,,,,,,,,,,,,,,,,,,,,,,,,,,,,,,,,,,,,,,,
Q35425,Q45560254,,,,,,,,,,,,,,,,,,,,,,,,,,,,,,,,,,,,,,,,,,,,,
Q35426,Q110820603,,,,,,,,,,,,,,,,,,,,,,,,,,,,,,,,,,,,,,,,,,,,,
Q35429,Q45560443,,,,,,,,,,,,,,,,,,,,,,,,,,,,,,,,,,,,,,,,,,,,,
Q35430,Q110820586,,,,,,,,,,,,,,,,,,,,,,,,,,,,,,,,,,,,,,,,,,,,,
Q35433,Q13671825,,,,,,,,,,,,,,,,,,,,,,,,,,,,,,,,,,,,,,,,,,,,,
Q35434,Q109785166,,,,,,,,,,,,,,,,,,,,,,,,,,,,,,,,,,,,,,,,,,,,,
Q35437,Q26156562,,,,,,,,,,,,,,,,,,,,,,,,,,,,,,,,,,,,,,,,,,,,,
Q35438,Q11435037,,,,,,,,,,,,,,,,,,,,,,,,,,,,,,,,,,,,,,,,,,,,,
Q35441,Q45690351,,,,,,,,,,,,,,,,,,,,,,,,,,,,,,,,,,,,,,,,,,,,,
Q35442,Q17219024,,,,,,,,,,,,,,,,,,,,,,,,,,,,,,,,,,,,,,,,,,,,,
Q35445,Q45690381,,,,,,,,,,,,,,,,,,,,,,,,,,,,,,,,,,,,,,,,,,,,,
Q35446,Q106767984,,,,,,,,,,,,,,,,,,,,,,,,,,,,,,,,,,,,,,,,,,,,,
Q35449,Q45707649,,,,,,,,,,,,,,,,,,,,,,,,,,,,,,,,,,,,,,,,,,,,,
Q35450,Q108320324,,,,,,,,,,,,,,,,,,,,,,,,,,,,,,,,,,,,,,,,,,,,,
Q35453,Q45427591,,,,,,,,,,,,,,,,,,,,,,,,,,,,,,,,,,,,,,,,,,,,,
Q35454,Q108332324,,,,,,,,,,,,,,,,,,,,,,,,,,,,,,,,,,,,,,,,,,,,,
Q35457,Q133277779,,,,,,,,,,,,,,,,,,,,,,,,,,,,,,,,,,,,,,,,,,,,,
Q35458,Q108332503,,,,,,,,,,,,,,,,,,,,,,,,,,,,,,,,,,,,,,,,,,,,,
Q35461,Q133277785,,,,,,,,,,,,,,,,,,,,,,,,,,,,,,,,,,,,,,,,,,,,,
Q35462,Q109278906,,,,,,,,,,,,,,,,,,,,,,,,,,,,,,,,,,,,,,,,,,,,,
Q35465,Q45690683,,,,,,,,,,,,,,,,,,,,,,,,,,,,,,,,,,,,,,,,,,,,,
Q35466,Q106768669,,,,,,,,,,,,,,,,,,,,,,,,,,,,,,,,,,,,,,,,,,,,,
Q35469,Q45624769,,,,,,,,,,,,,,,,,,,,,,,,,,,,,,,,,,,,,,,,,,,,,
Q35470,Q11435068,,,,,,,,,,,,,,,,,,,,,,,,,,,,,,,,,,,,,,,,,,,,,
Q35473,Q45625212,,,,,,,,,,,,,,,,,,,,,,,,,,,,,,,,,,,,,,,,,,,,,
Q35474,Q108320500,,,,,,,,,,,,,,,,,,,,,,,,,,,,,,,,,,,,,,,,,,,,,
Q35477,Q2031237,,,,,,,,,,,,,,,,,,,,,,,,,,,,,,,,,,,,,,,,,,,,,
Q35478,Q108321292,,,,,,,,,,,,,,,,,,,,,,,,,,,,,,,,,,,,,,,,,,,,,
Q35481,Q28045,,,,,,,,,,,,,,,,,,,,,,,,,,,,,,,,,,,,,,,,,,,,,
Q35482,Q108326320,,,,,,,,,,,,,,,,,,,,,,,,,,,,,,,,,,,,,,,,,,,,,
Q35485,Q17024890,,,,,,,,,,,,,,,,,,,,,,,,,,,,,,,,,,,,,,,,,,,,,
Q35486,Q108335791,,,,,,,,,,,,,,,,,,,,,,,,,,,,,,,,,,,,,,,,,,,,,
Q35489,Q10931695,,,,,,,,,,,,,,,,,,,,,,,,,,,,,,,,,,,,,,,,,,,,,
Q35490,Q17223365,,,,,,,,,,,,,,,,,,,,,,,,,,,,,,,,,,,,,,,,,,,,,
Q35493,Q45426652,,,,,,,,,,,,,,,,,,,,,,,,,,,,,,,,,,,,,,,,,,,,,
Q35494,Q108355772,,,,,,,,,,,,,,,,,,,,,,,,,,,,,,,,,,,,,,,,,,,,,
Q35497,Q10944346,,,,,,,,,,,,,,,,,,,,,,,,,,,,,,,,,,,,,,,,,,,,,
Q35498,Q11515460,,,,,,,,,,,,,,,,,,,,,,,,,,,,,,,,,,,,,,,,,,,,,
Q35501,Q15934533,,,,,,,,,,,,,,,,,,,,,,,,,,,,,,,,,,,,,,,,,,,,,
Q35502,Q110900376,,,,,,,,,,,,,,,,,,,,,,,,,,,,,,,,,,,,,,,,,,,,,
Q35505,Q10944341,,,,,,,,,,,,,,,,,,,,,,,,,,,,,,,,,,,,,,,,,,,,,
Q35506,Q109260457,,,,,,,,,,,,,,,,,,,,,,,,,,,,,,,,,,,,,,,,,,,,,
Q35509,Q493830,,,,,,,,,,,,,,,,,,,,,,,,,,,,,,,,,,,,,,,,,,,,,
Q35510,Q109789875,,,,,,,,,,,,,,,,,,,,,,,,,,,,,,,,,,,,,,,,,,,,,
Q35513,Q11668242,,,,,,,,,,,,,,,,,,,,,,,,,,,,,,,,,,,,,,,,,,,,,
Q35514,Q110072262,,,,,,,,,,,,,,,,,,,,,,,,,,,,,,,,,,,,,,,,,,,,,
Q35517,Q15761177,,,,,,,,,,,,,,,,,,,,,,,,,,,,,,,,,,,,,,,,,,,,,
Q35518,Q109315825,,,,,,,,,,,,,,,,,,,,,,,,,,,,,,,,,,,,,,,,,,,,,
Q35521,Q12618455,,,,,,,,,,,,,,,,,,,,,,,,,,,,,,,,,,,,,,,,,,,,,
Q35525,Q12591512,,,,,,,,,,,,,,,,,,,,,,,,,,,,,,,,,,,,,,,,,,,,,
Q35526,Q3200268,,,,,,,,,,,,,,,,,,,,,,,,,,,,,,,,,,,,,,,,,,,,,
Q35529,Q12591667,,,,,,,,,,,,,,,,,,,,,,,,,,,,,,,,,,,,,,,,,,,,,
Q35530,Q3341487,,,,,,,,,,,,,,,,,,,,,,,,,,,805118,,,,,,,,,,,,,,,,,九条-5,
Q35533,Q12616353,,,,,,,,,,,,,,,,,,,,,,,,,,,,,,,,,,,,,,,,,,,,,
Q35534,Q6606237,,,,,,,,,,,,,,,,,,,,,,,,,,,,,,,,,,,,,,,,,,,,,
Q35537,Q12621250,,,,,,,,,,,,,,,,,,,,,,,,,,,,,,,,,,,,,,,,,,,,,
Q35538,Q11425643,,,,,,,,,,,,,,,,,,,,,,,,,,,,,,,,,,,,,,,,,,,,坊城-4,
Q35541,Q12591467,,,,,,,,,,,,,,,,,,,,,,,,,,,,,,,,,,,,,,,,,,,,,
Q35542,Q109303618,,,,,,,,,,,,,,,,,,,,,,,,,,,,,,,,,,,,,,,,,,,,,
Q35545,Q16185146,,,,,,,,,,,,,,,,,,,,,,,,,,,,,,,,,,,,,,,,,,,,,
Q35549,Q12605724,,,,,,,,,,,,,,,,,,,,,,,,,,,,,,,,,,,,,,,,,,,,,
Q35550,Q109303670,,,,,,,,,,,,,,,,,,,,,,,,,,,,,,,,,,,,,,,,,,,,,
Q35553,Q12598489,,,,,,,,,,,,,,,,,,,,,,,,,,,,,,,,,,,,,,,,,,,,,
Q35554,Q109303806,,,,,,,,,,,,,,,,,,,,,,,,,,,,,,,,,,,,,,,,,,,,,
Q35557,Q6793849,,,,,,,,,,,,,,,,,,,,,,,,,,,,,,,,,,,,,,,,,,,,,
Q35558,Q109304401,,,,,,,,,,,,,,,,,,,,,,,,,,,,,,,,,,,,,,,,,,,,,
Q35561,Q6793344,,,,,,,,,,,,,,,,,,,,,,,,,,,,,,,,,,,,,,,,,,,,,
Q35562,Q109304583,,,,,,,,,,,,,,,,,,,,,,,,,,,,,,,,,,,,,,,,,,,,,
Q35565,Q486553,,,,,,,,,,,,,,,,,,,,,,,,,,,,,,,,,,,,,,,,,,,,,
Q35566,Q11372491,,,,,,,,,,,,,,,,,,,,,,,,,,,,,,,,,,,,,,,,,,,,,
Q35569,Q16185123,,,,,,,,,,,,,,,,,,,,,,,,,,,,,,,,,,,,,,,,,,,,,
Q35570,Q109307129,,,,,,,,,,,,,,,,,,,,,,,,,,,,,,,,,,,,,,,,,,,,,
Q35573,Q61091619,,,,,,,,,,,,,,,,,,,,,,,,,,,,,,,,,,,,,,,,,,,,,
Q35574,Q109307131,,,,,,,,,,,,,,,,,,,,,,,,,,,,,,,,,,,,,,,,,,,,,
Q35577,Q16179584,,,,,,,,,,,,,,,,,,,,,,,,,,,,,,,,,,,,,,,,,,,,,
Q35578,Q109307147,,,,,,,,,,,,,,,,,,,,,,,,,,,,,,,,,,,,,,,,,,,,,
Q35581,Q16906177,,,,,,,,,,,,,,,,,,,,,,,,,,,,,,,,,,,,,,,,,,,,,
Q35582,Q109307176,,,,,,,,,,,,,,,,,,,,,,,,,,,,,,,,,,,,,,,,,,,,,
Q35585,Q67600450,,,,,,,,,,,,,,,,,,,,,,,,,,,,,,,,,,,,,,,,,,,,,
Q35586,Q109307323,,,,,,,,,,,,,,,,,,,,,,,,,,,,,,,,,,,,,,,,,,,,,
Q35589,Q67600455,,,,,,,,,,,,,,,,,,,,,,,,,,,,,,,,,,,,,,,,,,,,,
Q35590,Q109318642,,,,,,,,,,,,,,,,,,,,,,,,,,,,,,,,,,,,,,,,,,,,,
Q35593,Q493769,,,,,,,,,,,,,,,,,,,,,,,,,,,,,,,,,,,,,,,,,,,,,
Q35594,Q11629030,,,,,,,,,,,,,,,,,,,,,,,,,,,,,,,,,,,,,,,,,,,,,
Q35597,Q12613334,,,,,,,,,,,,,,,,,,,,,,,,,,,,,,,,,,,,,,,,,,,,,
Q35598,Q109319155,,,,,,,,,,,,,,,,,,,,,,,,,,,,,,,,,,,,,,,,,,,,,
Q35601,Q493785,,,,,,,,,,,,,,,,,,,,,,,,,,,,,,,,,,,,,,,,,,,,,
Q35602,Q109319177,,,,,,,,,,,,,,,,,,,,,,,,,,,,,,,,,,,,,,,,,,,,,
Q35605,Q493797,,,,,,,,,,,,,,,,,,,,,,,,,,,,,,,,,,,,,,,,,,,,,
Q35606,Q96714646,,,,,,,,,,,,,,,,,,,,,,,,,,,,,,,,,,,,,,,,,,,,,
Q35609,Q624466,,,,,,,,,,,,,,,,,,,,,,,,,,,,,,,,,,,,,,,,,,,,,
Q35610,Q109320564,,,,,,,,,,,,,,,,,,,,,,,,,,,,,,,,,,,,,,,,,,,,,
Q35613,Q15727638,,,,,,,,,,,,,,,,,,,,,,,,,,,,,,,,,,,,,,,,,,,,,
Q35614,Q109322713,,,,,,,,,,,,,,,,,,,,,,,,,,,,,,,,,,,,,,,,,,,,,
Q35617,Q24860028,,,,,,,,,,,,,,,,,,,,,,,,,,,,,,,,,,,,,,,,,,,,,
Q35618,Q109322718,,,,,,,,,,,,,,,,,,,,,,,,,,,,,,,,,,,,,,,,,,,,,
Q35621,Q16170117,,,,,,,,,,,,,,,,,,,,,,,,,,,,,,,,,,,,,,,,,,,,,
Q35623,Q109322766,,,,,,,,,,,,,,,,,,,,,,,,,,,,,,,,,,,,,,,,,,,,,
Q35625,Q12598219,,,,,,,,,,,,,,,,,,,,,,,,,,,,,,,,,,,,,,,,,,,,,
Q35627,Q109322808,,,,,,,,,,,,,,,,,,,,,,,,,,,,,,,,,,,,,,,,,,,,,
Q35629,Q16261216,,,,,,,,,,,,,,,,,,,,,,,,,,,,,,,,,,,,,,,,,,,,,
Q35631,Q109322780,,,,,,,,,,,,,,,,,,,,,,,,,,,,,,,,,,,,,,,,,,,,,
Q35633,Q12598934,,,,,,,,,,,,,,,,,,,,,,,,,,,,,,,,,,,,,,,,,,,,,
Q35635,Q109322814,,,,,,,,,,,,,,,,,,,,,,,,,,,,,,,,,,,,,,,,,,,,,
Q35637,Q16190439,,,,,,,,,,,,,,,,,,,,,,,,,,,,,,,,,,,,,,,,,,,,,
Q35639,Q109322838,,,,,,,,,,,,,,,,,,,,,,,,,,,,,,,,,,,,,,,,,,,,,
Q35641,Q16172374,,,,,,,,,,,,,,,,,,,,,,,,,,,,,,,,,,,,,,,,,,,,,
Q35643,Q109796046,,,,,,,,,,,,,,,,,,,,,,,,,,,,,,,,,,,,,,,,,,,,,
Q35645,Q12598331,,,,,,,,,,,,,,,,,,,,,,,,,,,,,,,,,,,,,,,,,,,,,
Q35647,Q11497898,,,,,,,,,,,,,,,,,,,,,,,,,,,,,,,,,,,,,,,,,,,,,
Q35649,Q12585203,,,,,,,,,,,,,,,,,,,,,,,,,,,,,,,,,,,,,,,,,,,,,
Q35651,Q110950816,,,,,,,,,,,,,,,,,,,,,,,,,,,,,,,,,,,,,,,,,,,,,
Q35653,Q61099561,,,,,,,,,,,,,,,,,,,,,,,,,,,,,,,,,,,,,,,,,,,,,
Q35655,Q110950821,,,,,,,,,,,,,,,,,,,,,,,,,,,,,,,,,,,,,,,,,,,,,
Q35657,Q12583915,,,,,,,,,,,,,,,,,,,,,,,,,,,,,,,,,,,,,,,,,,,,,
Q35659,Q11545667,,,,,,,,,,,,,,,,,,,,,,,,,,,,,,,,,,,,,,,,,,,,,
Q35661,Q65054100,,,,,,,,,,,,,,,,,,,,,,,,,,,,,,,,,,,,,,,,,,,,,
Q35663,Q110966656,,,,,,,,,,,,,,,,,,,,,,,,,,,,,,,,,,,,,,,,,,,,,
Q35665,Q6752077,,,,,,,,,,,,,,,,,,,,,,,,,,,,,,,,,,,,,,,,,,,,,
Q35669,Q7218936,,,,,,,,,,,,,,,,,,,,,,,,,,,,,,,,,,,,,,,,,,,,,
Q35673,Q12587947,,,,,,,,,,,,,,,,,,,,,,,,,,,,,,,,,,,,,,,,,,,,,
Q35677,Q6720948,,,,,,,,,,,,,,,,,,,,,,,,,,,,,,,,,,,,,,,,,,,,,
Q35681,Q12616180,,,,,,,,,,,,,,,,,,,,,,,,,,,,,,,,,,,,,,,,,,,,,
Q35685,Q494012,,,,,,,,,,,,,,,,,,,,,,,,,,,,,,,,,,,,,,,,,,,,,
Q35687,Q109337228,,,,,,,,,,,,,,,,,,,,,,,,,,,,,,,,,,,,,,,,,,,,,
Q35689,Q27953995,,,,,,,,,,,,,,,,,,,,,,,,,,,,,,,,,,,,,,,,,,,,,
Q35691,Q109338750,,,,,,,,,,,,,,,,,,,,,,,,,,,,,,,,,,,,,,,,,,,,,
Q35693,Q27954014,,,,,,,,,,,,,,,,,,,,,,,,,,,,,,,,,,,,,,,,,,,,,
Q35695,Q109339723,,,,,,,,,,,,,,,,,,,,,,,,,,,,,,,,,,,,,,,,,,,,,
Q35697,Q16175872,,,,,,,,,,,,,,,,,,,,,,,,,,,,,,,,,,,,,,,,,,,,,
Q35699,Q109352219,,,,,,,,,,,,,,,,,,,,,,,,,,,,,,,,,,,,,,,,,,,,,
Q35701,Q12582969,,,,,,,,,,,,,,,,,,,,,,,,,,,,,,,,,,,,,,,,,,,,,
Q35703,Q110886456,,,,,,,,,,,,,,,,,,,,,,,,,,,,,,,,,,,,,,,,,,,,,
Q35705,Q2369258,,,,,,,,,,,,,,,,,,,,,,,,,,,,,,,,,,,,,,,,,,,,,
Q35707,Q109352393,,,,,,,,,,,,,,,,,,,,,,,,,,,,,,,,,,,,,,,,,,,,,
Q35709,Q61090964,,,,,,,,,,,,,,,,,,,,,,,,,,,,,,,,,,,,,,,,,,,,,
Q35711,Q109836107,,,,,,,,,,,,,,,,,,,,,,,,,,,,,,,,,,,,,,,,,,,,,
Q35714,Q16799671,,,,,,,,,,,,,,,,,,,,,,,,,,,,,,,,,,,,,,,,,,,,,
Q35715,Q109936164,,,,,,,,,,,,,,,,,,,,,,,,,,,,,,,,,,,,,,,,,,,,,
Q35719,Q110089328,,,,,,,,,,,,,,,,,,,,,,,,,,,,,,,,,,,,,,,,,,,,,
Q35723,Q110817816,,,,,,,,,,,,,,,,,,,,,,,,,,,,,,,,,,,,,,,,,,,,,
Q35727,Q11355832,,,,,,,,,,,,,,,,,,,,,,,,,,,,,,,,,,,,,,,,,,,,,
Q35731,Q110167712,,,,,,,,,,,,,,,,,,,,,,,,,,,,,,,,,,,,,,,,,,,,,
Q35782,Q483362,,,,,,,,,,,,,,,,,,,,,,,,,,,,,,,,,,,,,,,,,,,,,
Q35786,Q115773813,,,,,,,,,,,,,,,,,,,,,,,,,,,,,,,,,,,,,,,,,,,,,
Q35790,Q22812658,,,,,,,,,,,,,,,,,,,,,,,,,,,,,,,,,,,,,,,,,,,,,
Q35794,Q61721608,,,,,,,,,,,,,,,,,,,,,,,,,,,,,,,,,,,,,,,,,,,,,
Q35798,Q6855764,,,,,,,,G6V7-2JD,,,,,,,,,,,,,,,,,,,,,,,,,,,,,,,,,,,,,
Q35802,Q134737646,,,,,,,,,,,,,,,,,,,,,,,,,,,,,,,,,,,,,,,,,,,,,
Q35806,Q10944428,,,,,,,,,,,,,,,,,,,,,,,,,,,,,,,,,,,,,,,,,,,,孔-8,
Q35810,Q133313643,,,,,,,,,,,,,,,,,,,,,,,,,,,,,,,,,,,,,,,,,,,,,
Q35814,Q22812727,,,,,,,,,,,,,,,,,,,,,,,,,,,,,,,,,,,,,,,,,,,,,
Q35818,Q716358,,,,,,,,G6V7-W5Z,,,,,,,,,,,,,,,,,,,,,,,,,,,,,,,,,,,,,
Q35823,Q45416520,,,,,,,,,,,,,,,,,,,,,,,,,,,,,,,,,,,,,,,,,,,,,
Q35827,Q45416523,,,,,,,,,,,,,,,,,,,,,,,,,,,,,,,,,,,,,,,,,,,,,
Q35831,Q13669627,,,,,,,,,,,,,,,,,,,,,,,,,,,,,,,,,,,,,,,,,,,,,
Q35835,Q13669663,,,,,,,,,,,,,,,,,,,,,,,,,,,,,,,,,,,,,,,,,,,,,
Q35839,Q13671118,,,,,,,,,,,,,,,,,,,,,,,,,,,,,,,,,,,,,,,,,,,,,
Q35843,Q65814559,,,,,,,,,,,,,,,,,,,,,,,,,,,,,,,,,,,,,,,,,,,,,
Q35847,Q65816522,,,,,,,,,,,,,,,,,,,,,,,,,,,,,,,,,,,,,,,,,,,,,
Q35851,Q65816677,,,,,,,,,,,,,,,,,,,,,,,,,,,,,,,,,,,,,,,,,,,,,
Q35855,Q45560568,,,,,,,,,,,,,,,,,,,,,,,,,,,,,,,,,,,,,,,,,,,,,
Q35859,Q45560631,,,,,,,,,,,,,,,,,,,,,,,,,,,,,,,,,,,,,,,,,,,,,
Q35863,Q45560810,,,,,,,,,,,,,,,,,,,,,,,,,,,,,,,,,,,,,,,,,,,,,
Q35867,Q13653175,,,,,,,,,,,,,,,,,,,,,,,,,,,,,,,,,,,,,,,,,,,,,
Q35871,Q13669919,,,,,,,,,,,,,,,,,,,,,,,,,,,,,,,,,,,,,,,,,,,,,
Q35875,Q13653206,,,,,,,,,,,,,,,,,,,,,,,,,,,,,,,,,,,,,,,,,,,,,
Q35879,Q26156563,,,,,,,,,,,,,,,,,,,,,,,,,,,,,,,,,,,,,,,,,,,,,
Q35883,Q45690410,,,,,,,,,,,,,,,,,,,,,,,,,,,,,,,,,,,,,,,,,,,,,
Q35887,Q45427631,,,,,,,,,,,,,,,,,,,,,,,,,,,,,,,,,,,,,,,,,,,,,
Q35891,Q133277782,,,,,,,,,,,,,,,,,,,,,,,,,,,,,,,,,,,,,,,,,,,,,
Q35895,Q134778989,,,,,,,,,,,,,,,,,,,,,,,,,,,,,,,,,,,,,,,,,,,,,
Q35899,Q1762470,,,,,,,,,,,,,,,,,,,,,,,,,,,,,,,,,,,,,,,,,,,,,
Q35903,Q8044715,,,,,,,,,,,,,,,,,,,,,,,,,,,,,,,,,,,,,,,,,,,,,
Q35907,Q15893989,,,,,,,,,,,,,,,,,,,,,,,,,,,,,,,,,,,,,,,,,,,,,
Q35911,Q45426692,,,,,,,,,,,,,,,,,,,,,,,,,,,,,,,,,,,,,,,,,,,,,
Q35915,Q10944294,,,,,,,,,,,,,,,,,,,,,,,,,,,,,,,,,,,,,,,,,,,,,
Q35918,Q22812625,,,,,,,,,,,,,,,,,,,,,,,,,,,,,,,,,,,,,,,,,,,,,
Q35922,Q10658729,,,,,,,,,,,,,,,,,,,,,,,,,,,,,,,,,,,,,,,,,,,,,
Q35926,Q67590595,,,,,,,,,,,,,,,,,,,,,,,,,,,,,,,,,,,,,,,,,,,,,
Q35930,Q16176377,,,,,,,,,,,,,,,,,,,,,,,,,,,,,,,,,,,,,,,,,,,,,
Q35934,Q493812,,,,,,,,,,,,,,,,,,,,,,,,,,,,,,,,,,,,,,,,,,,,,
Q35936,Q109832354,,,,,,,,,,,,,,,,,,,,,,,,,,,,,,,,,,,,,,,,,,,,,
Q35938,Q16180853,,,,,,,,,,,,,,,,,,,,,,,,,,,,,,,,,,,,,,,,,,,,,
Q35940,Q110061133,,,,,,,,,,,,,,,,,,,,,,,,,,,,,,,,,,,,,,,,,,,,,
Q35942,Q12624068,,,,,,,,,,,,,,,,,,,,,,,,,,,,,,,,,,,,,,,,,,,,,
Q35944,Q6139694,,,,,,,,,,,,,,,,,,,,,,,,,,,,,,,,,,,,,,,,,,,,,
Q35946,Q16184854,,,,,,,,,,,,,,,,,,,,,,,,,,,,,,,,,,,,,,,,,,,,,
Q35948,Q110065069,,,,,,,,,,,,,,,,,,,,,,,,,,,,,,,,,,,,,,,,,,,,,
Q35950,Q16168859,,,,,,,,,,,,,,,,,,,,,,,,,,,,,,,,,,,,,,,,,,,,,
Q35952,Q110066587,,,,,,,,,,,,,,,,,,,,,,,,,,,,,,,,,,,,,,,,,,,,,
Q35954,Q12612419,,,,,,,,,,,,,,,,,,,,,,,,,,,,,,,,,,,,,,,,,,,,,
Q35956,Q110060996,,,,,,,,,,,,,,,,,,,,,,,,,,,,,,,,,,,,,,,,,,,,,
Q35958,Q12601409,,,,,,,,,,,,,,,,,,,,,,,,,,,,,,,,,,,,,,,,,,,,,
Q35964,Q110067110,,,,,,,,,,,,,,,,,,,,,,,,,,,,,,,,,,,,,,,,,,,,,
Q35966,Q6936697,,,,,,,,,,,,,,,,,,,,,,,,,,,,,,,,,,,,,,,,,,,,,
Q35968,Q109247766,,,,,,,,,,,,,,,,,,,,,,,,,,,,,,,,,,,,,,,,,,,,,
Q35970,Q16184275,,,,,,,,,,,,,,,,,,,,,,,,,,,,,,,,,,,,,,,,,,,,,
Q35972,Q110192763,,,,,,,,,,,,,,,,,,,,,,,,,,,,,,,,,,,,,,,,,,,,,
Q35974,Q493752,,,,,,,,,,,,,,,,,,,,,,,,,,,,,,,,,,,,,,,,,,,,,
Q35976,Q110192975,,,,,,,,,,,,,,,,,,,,,,,,,,,,,,,,,,,,,,,,,,,,,
Q35978,Q494135,,,,,,,,,,,,,,,,,,,,,,,,,,,,,,,,,,,,,,,,,,,,,
Q35980,Q110603887,,,,,,,,,,,,,,,,,,,,,,,,,,,,,,,,,,,,,,,,,,,,,
Q35982,Q6855012,,,,,,,,,,,,,,,,,,,,,,,,,,,,,,,,,,,,,,,,,,,,,
Q35984,Q110607868,,,,,,,,,,,,,,,,,,,,,,,,,,,,,,,,,,,,,,,,,,,,,
Q35986,Q13099645,,,,,,,,,,,,,,,,,,,,,,,,,,,,,,,,,,,,,,,,,,,,,
Q35988,Q60991044,,,,,,,,,,,,,,,,,,,,,,,,,,,,,,,,,,,,,,,,,,,,,
Q35990,Q6822659,,,,,,,,,,,,,,,,,,,,,,,,,,,,,,,,,,,,,,,,,,,,,
Q35992,Q110607943,,,,,,,,,,,,,,,,,,,,,,,,,,,,,,,,,,,,,,,,,,,,,
Q35994,Q8017543,,,,,,,,,,,,,,,,,,,,,,,,,,,,,,,,,,,,,,,,,,,,,
Q35996,Q60613828,,,,,,,,,,,,,,,,,,,,,,,,,,,,,,,,,,,,,,,,,,,,,
Q35998,Q27954099,,,,,,,,,,,,,,,,,,,,,,,,,,,,,,,,,,,,,,,,,,,,,
Q36000,Q11245135,,,,,,,,,,,,,,,,,,,,,,,,,,,,,,,,,,,,,,,,,,,,,
Q36002,Q12612423,,,,,,,,,,,,,,,,,,,,,,,,,,,,,,,,,,,,,,,,,,,,,
Q36004,Q115586605,,,,,,,,,,,,,,,,,,,,,,,,,,,,,,,,,,,,,,,,,,,,,
Q36006,Q67590478,,,,,,,,,,,,,,,,,,,,,,,,,,,,,,,,,,,,,,,,,,,,,
Q36010,Q12612541,,,,,,,,,,,,,,,,,,,,,,,,,,,,,,,,,,,,,,,,,,,,,
Q36014,Q12611703,,,,,,,,,,,,,,,,,,,,,,,,,,,,,,,,,,,,,,,,,,,,,
Q36016,Q110968909,,,,,,,,,,,,,,,,,,,,,,,,,,,,,,,,,,,,,,,,,,,,,
Q36018,Q16188698,,,,,,,,,,,,,,,,,,,,,,,,,,,,,,,,,,,,,,,,,,,,,
Q36020,Q110068822,,,,,,,,,,,,,,,,,,,,,,,,,,,,,,,,,,,,,,,,,,,,,
Q36022,Q12602626,,,,,,,,,,,,,,,,,,,,,,,,,,,,,,,,,,,,,,,,,,,,,
Q36024,Q108884325,,,,,,,,,,,,,,,,,,,,,,,,,,,,,,,,,,,,,,,,,,,,,
Q36026,Q6699894,,,,,,,,,,,,,,,,,,,,,,,,,,,,,,,,,,,,,,,,,,,,,
Q36028,Q109936215,,,,,,,,,,,,,,,,,,,,,,,,,,,,,,,,,,,,,,,,,,,,,
Q36030,Q6819652,,,,,,,,,,,,,,,,,,,,,,,,,,,,,,,,,,,,,,,,,,,,,
Q36032,Q109936270,,,,,,,,,,,,,,,,,,,,,,,,,,,,,,,,,,,,,,,,,,,,,
Q36034,Q11668135,,,,,,,,,,,,,,,,,,,,,,,,,,,,,,,,,,,,,,,,,,,,,
Q36036,Q109936377,,,,,,,,,,,,,,,,,,,,,,,,,,,,,,,,,,,,,,,,,,,,,
Q36038,Q16904075,,,,,,,,,,,,,,,,,,,,,,,,,,,,,,,,,,,,,,,,,,,,,
Q36040,Q109936463,,,,,,,,,,,,,,,,,,,,,,,,,,,,,,,,,,,,,,,,,,,,,
Q36042,Q21528821,,,,,,,,,,,,,,,,,,,,,,,,,,,,,,,,,,,,,,,,,,,,,
Q36044,Q109936556,,,,,,,,,,,,,,,,,,,,,,,,,,,,,,,,,,,,,,,,,,,,,
Q36046,Q45668972,,,,,,,,,,,,,,,,,,,,,,,,,,,,,,,,,,,,,,,,,,,,,
Q36048,Q109937245,,,,,,,,,,,,,,,,,,,,,,,,,,,,,,,,,,,,,,,,,,,,,
Q36050,Q45685358,,,,,,,,,,,,,,,,,,,,,,,,,,,,,,,,,,,,,,,,,,,,,
Q36052,Q110185572,,,,,,,,,,,,,,,,,,,,,,,,,,,,,,,,,,,,,,,,,,,,,
Q36054,Q10563964,,,,,,,,,,,,,,,,,,,,,,,,,,,,,,,,,,,,,,,,,,,,,
Q36056,Q110142508,,,,,,,,,,,,,,,,,,,,,,,,,,,,,,,,,,,,,,,,,,,,,
Q36058,Q12586912,,,,,,,,,,,,,,,,,,,,,,,,,,,,,,,,,,,,,,,,,,,,,
Q36060,Q110973882,,,,,,,,,,,,,,,,,,,,,,,,,,,,,,,,,,,,,,,,,,,,,
Q36062,Q7523,,,,,,,,,,,,,,,,,,,,,,,,,,,95040,,,,,,,,,,,,,,,,,Tolui-1,I00298857
Q36064,Q110976722,,,,,,,,,,,,,,,,,,,,,,,,,,,,,,,,,,,,,,,,,,,,,
Q36066,Q18653702,,,,,,,,,,,,,,,,,,,,,,,,,,,,,,,,,,,,,,,,,,,,,
Q36068,Q110976394,,,,,,,,,,,,,,,,,,,,,,,,,,,,,,,,,,,,,,,,,,,,,
Q36070,Q19852126,,,,,,,,,,,,,,,,,,,,,,,,,,,,,,,,,,,,,,,,,,,,,
Q36072,Q109194598,,,,,,,,,,,,,,,,,,,,,,,,,,,,,,,,,,,,,,,,,,,,,
Q36074,Q19852171,,,,,,,,,,,,,,,,,,,,,,,,,,,,,,,,,,,,,,,,,,,,,
Q36076,Q109796907,,,,,,,,,,,,,,,,,,,,,,,,,,,,,,,,,,,,,,,,,,,,,
Q36078,Q19852371,,,,,,,,,,,,,,,,,,,,,,,,,,,,,,,,,,,,,,,,,,,,,
Q36080,Q109790038,,,,,,,,,,,,,,,,,,,,,,,,,,,,,,,,,,,,,,,,,,,,,
Q36082,Q19853593,,,,,,,,,,,,,,,,,,,,,,,,,,,,,,,,,,,,,,,,,,,,,
Q36084,Q109790157,,,,,,,,,,,,,,,,,,,,,,,,,,,,,,,,,,,,,,,,,,,,,
Q36086,Q1036575,,,,,,,,,,,,,,,,,,,,,,,,,,,274807,,,,,,,,,,,,,,,,,,I00298874
Q36088,Q109796564,,,,,,,,,,,,,,,,,,,,,,,,,,,,,,,,,,,,,,,,,,,,,
Q36090,Q6727705,,,,,,,,,,,,,,,,,,,,,,,,,,,,,,,,,,,,,,,,,,,,,
Q36092,Q109806637,,,,,,,,,,,,,,,,,,,,,,,,,,,,,,,,,,,,,,,,,,,,,
Q36094,Q7071776,,,,,,,,,,,,,,,,,,,,,,,,,,,,,,,,,,,,,,,,,,,,,
Q36096,Q109819295,,,,,,,,,,,,,,,,,,,,,,,,,,,,,,,,,,,,,,,,,,,,,
Q36098,Q7071899,,,,,,,,,,,,,,,,,,,,,,,,,,,,,,,,,,,,,,,,,,,,,
Q36100,Q109819495,,,,,,,,,,,,,,,,,,,,,,,,,,,,,,,,,,,,,,,,,,,,,
Q36102,Q7072194,,,,,,,,,,,,,,,,,,,,,,,,,,,,,,,,,,,,,,,,,,,,,
Q36104,Q96715869,,,,,,,,,,,,,,,,,,,,,,,,,,,,,,,,,,,,,,,,,,,,,
Q36106,Q7072285,,,,,,,,,,,,,,,,,,,,,,,,,,,,,,,,,,,,,,,,,,,,,
Q36108,Q109806575,,,,,,,,,,,,,,,,,,,,,,,,,,,,,,,,,,,,,,,,,,,,,
Q36110,Q7072373,,,,,,,,,,,,,,,,,,,,,,,,,,,,,,,,,,,,,,,,,,,,,
Q36112,Q108842661,,,,,,,,,,,,,,,,,,,,,,,,,,,,,,,,,,,,,,,,,,,,,
Q36114,Q7072451,,,,,,,,,,,,,,,,,,,,,,,,,,,,,,,,,,,,,,,,,,,,,
Q36116,Q109799287,,,,,,,,,,,,,,,,,,,,,,,,,,,,,,,,,,,,,,,,,,,,,
Q36118,Q7072496,,,,,,,,,,,,,,,,,,,,,,,,,,,,,,,,,,,,,,,,,,,,,
Q36120,Q110079290,,,,,,,,,,,,,,,,,,,,,,,,,,,,,,,,,,,,,,,,,,,,,
Q36122,Q7072571,,,,,,,,,,,,,,,,,,,,,,,,,,,,,,,,,,,,,,,,,,,,,
Q36126,Q7072624,,,,,,,,,,,,,,,,,,,,,,,,,,,,,,,,,,,,,,,,,,,,,
Q36130,Q6817683,,,,,,,,,,,,,,,,,,,,,,,,,,,,,,,,,,,,,,,,,,,,,
Q36134,Q12610735,,,,,,,,,,,,,,,,,,,,,,,,,,,,,,,,,,,,,,,,,,,,,
Q36138,Q494035,,,,,,,,,,,,,,,,,,,,,,,,,,,,,,,,,,,,,,,,,,,,,
Q36141,Q110249706,,,,,,,,,,,,,,,,,,,,,,,,,,,,,,,,,,,,,,,,,,,,,
Q36142,Q16726400,,,,,,,,,,,,,,,,,,,,,,,,,,,,,,,,,,,,,,,,,,,,,
Q36145,Q110250670,,,,,,,,,,,,,,,,,,,,,,,,,,,,,,,,,,,,,,,,,,,,,
Q36146,Q15427553,,,,,,,,,,,,,,,,,,,,,,,,,,,,,,,,,,,,,,,,,,,,,
Q36149,Q110948999,,,,,,,,,,,,,,,,,,,,,,,,,,,,,,,,,,,,,,,,,,,,,
Q36150,Q27954077,,,,,,,,,,,,,,,,,,,,,,,,,,,,,,,,,,,,,,,,,,,,,
Q36153,Q109860320,,,,,,,,,,,,,,,,,,,,,,,,,,,,,,,,,,,,,,,,,,,,,
Q36154,Q5369577,,,,,,,,,,,,,,,,,,,,,,,,,,,,,,,,,,,,,,,,,,,,,
Q36157,Q110733581,,,,,,,,,,,,,,,,,,,,,,,,,,,,,,,,,,,,,,,,,,,,,
Q36158,Q12607061,,,,,,,,,,,,,,,,,,,,,,,,,,,,,,,,,,,,,,,,,,,,,
Q36161,Q110733613,,,,,,,,,,,,,,,,,,,,,,,,,,,,,,,,,,,,,,,,,,,,,
Q36162,Q16164383,,,,,,,,,,,,,,,,,,,,,,,,,,,,,,,,,,,,,,,,,,,,,
Q36165,Q110884781,,,,,,,,,,,,,,,,,,,,,,,,,,,,,,,,,,,,,,,,,,,,,
Q36166,Q6811500,,,,,,,,,,,,,,,,,,,,,,,,,,,,,,,,,,,,,,,,,,,,,
Q36189,Q108841156,,,,,,,,,,,,,,,,,,,,,,,,,,,,,,,,,,,,,,,,,,,,,
Q36193,Q110249587,,,,,,,,,,,,,,,,,,,,,,,,,,,,,,,,,,,,,,,,,,,,,
Q36197,Q11369729,,,,,,,,,,,,,,,,,,,,,,,,,,,,,,,,,,,,,,,,,,,,,
Q36201,Q110138095,,,,,,,,,,,,,,,,,,,,,,,,,,,,,,,,,,,,,,,,,,,,,
Q36205,Q109867221,,,,,,,,,,,,,,,,,,,,,,,,,,,,,,,,,,,,,,,,,,,,,
Q36218,Q88683078,,,,,,,,,,,,,,,,,,,,,,,,,,,,,,,,,,,,,,,,,,,,,
Q36222,Q22812657,,,,,,,,,,,,,,,,,,,,,,,,,,,,,,,,,,,,,,,,,,,,,
Q36226,Q28418427,,,,,,,,,,,,,,,,,,,,,,,,,,,,,,,,,,,,,,,,,,,,,
Q36230,Q61721611,,,,,,,,,,,,,,,,,,,,,,,,,,,,,,,,,,,,,,,,,,,,,
Q36234,Q45650972,,,,,,,,G6V7-NZC,,,,,,,,,,,,,,,,,,,,,,,,,,,,,,,,,,,,,
Q36238,Q134737649,,,,,,,,,,,,,,,,,,,,,,,,,,,,,,,,,,,,,,,,,,,,,
Q36242,Q11447958,,,,,,,,,,,,,,,,,,,,,,,,,,,,,,,,,,,,,,,,,,,,孔-7,
Q36246,Q10944418,,,,,,,,,,,,,,,,,,,,,,,,,,,,,,,,,,,,,,,,,,,,,
Q36250,Q133313567,,,,,,,,,,,,,,,,,,,,,,,,,,,,,,,,,,,,,,,,,,,,,
Q36253,Q16176054,,,,,,,,,,,,,,,,,,,,,,,,,,,,,,,,,,,,,,,,,,,,,
Q36254,Q22812728,,,,,,,,,,,,,,,,,,,,,,,,,,,,,,,,,,,,,,,,,,,,,
Q36257,Q45692655,,,,,,,,,,,,,,,,,,,,,,,,,,,,,,,,,,,,,,,,,,,,,
Q36259,Q45416427,,,,,,,,G6V7-QPR,,,,,,,,,,,,,,,,,,,,,,,,,,,,,,,,,,,,,
Q36261,Q45699740,,,,,,,,,,,,,,,,,,,,,,,,,,,,,,,,,,,,,,,,,,,,,
Q36263,Q45416457,,,,,,,,,,,,,,,,,,,,,,,,,,,,,,,,,,,,,,,,,,,,,
Q36265,Q10335305,,,,,,,,,,,,,,,,,,,,,,,,,,,,,,,,,,,,,,,,,,,,,
Q36267,Q45623397,,,,,,,,,,,,,,,,,,,,,,,,,,,,,,,,,,,,,,,,,,,,,
Q36269,Q45420761,,,,,,,,,,,,,,,,,,,,,,,,,,,,,,,,,,,,,,,,,,,,,
Q36271,Q45416491,,,,,,,,,,,,,,,,,,,,,,,,,,,,,,,,,,,,,,,,,,,,,
Q36273,Q45470588,,,,,,,,,,,,,,,,,,,,,,,,,,,,,,,,,,,,,,,,,,,,,
Q36275,Q45416518,,,,,,,,,,,,,,,,,,,,,,,,,,,,,,,,,,,,,,,,,,,,,
Q36277,Q19826406,,,,,,,,,,,,,,,,,,,,,,,,,,,,,,,,,,,,,,,,,,,,,
Q36279,Q45416560,,,,,,,,,,,,,,,,,,,,,,,,,,,,,,,,,,,,,,,,,,,,,
Q36281,Q16603731,,,,,,,,,,,,,,,,,,,,,,,,,,,,,,,,,,,,,,,,,,,,,
Q36283,Q132054396,,,,,,,,,,,,,,,,,,,,,,,,,,,,,,,,,,,,,,,,,,,,,
Q36284,Q10946199,,,,,,,,,,,,,,,,,,,,,,,,,,,,,,,,,,,,,,,,,,,,,
Q36287,Q45561312,,,,,,,,,,,,,,,,,,,,,,,,,,,,,,,,,,,,,,,,,,,,,
Q36288,Q10143399,,,,,,,,,,,,,,,,,,,,,,,,,,,,,,,,,,,,,,,,,,,,,
Q36291,Q45559687,,,,,,,,,,,,,,,,,,,,,,,,,,,,,,,,,,,,,,,,,,,,,
Q36292,Q10946204,,,,,,,,,,,,,,,,,,,,,,,,,,,,,,,,,,,,,,,,,,,,,
Q36295,Q711989,,,,,,,,,,,,,,,,,,,,,,,,,,,,,,,,,,,,,,,,,,,,,
Q36296,Q26208975,,,,,,,,,,,,,,,,,,,,,,,,,,,,,,,,,,,,,,,,,,,,,
Q36299,Q13670767,,,,,,,,,,,,,,,,,,,,,,,,,,,,,,,,,,,,,,,,,,,,,
Q36300,Q8253514,,,,,,,,,,,,,,,,,,,,,,,,,,,,,,,,,,,,,,,,,,,,,
Q36303,Q13671200,,,,,,,,,,,,,,,,,,,,,,,,,,,,,,,,,,,,,,,,,,,,,
Q36304,Q25918198,,,,,,,,,,,,,,,,,,,,,,,,,,,,,,,,,,,,,,,,,,,,,
Q36307,Q45417168,,,,,,,,,,,,,,,,,,,,,,,,,,,,,,,,,,,,,,,,,,,,,
Q36308,Q108686048,,,,,,,,,,,,,,,,,,,,,,,,,,,,,,,,,,,,,,,,,,,,,
Q36311,Q45417172,,,,,,,,,,,,,,,,,,,,,,,,,,,,,,,,,,,,,,,,,,,,,
Q36312,Q45532936,,,,,,,,,,,,,,,,,,,,,,,,,,,,,,,,,,,,,,,,,,,,,
Q36315,Q45417176,,,,,,,,,,,,,,,,,,,,,,,,,,,,,,,,,,,,,,,,,,,,,
Q36316,Q45508188,,,,,,,,,,,,,,,,,,,,,,,,,,,,,,,,,,,,,,,,,,,,,
Q36319,Q13669870,,,,,,,,,,,,,,,,,,,,,,,,,,,,,,,,,,,,,,,,,,,,,
Q36320,Q11097545,,,,,,,,,,,,,,,,,,,,,,,,,,,,,,,,,,,,,,,,,,,,,
Q36323,Q13653283,,,,,,,,,,,,,,,,,,,,,,,,,,,,,,,,,,,,,,,,,,,,,
Q36324,Q16076772,,,,,,,,,,,,,,,,,,,,,,,,,,,,,,,,,,,,,,,,,,,,,
Q36327,Q10944413,,,,,,,,,,,,,,,,,,,,,,,,,,,,,,,,,,,,,,,,,,,,,
Q36328,Q45508957,,,,,,,,,,,,,,,,,,,,,,,,,,,,,,,,,,,,,,,,,,,,,
Q36331,Q19825266,,,,,,,,,,,,,,,,,,,,,,,,,,,,,,,,,,,,,,,,,,,,,
Q36332,Q45509481,,,,,,,,,,,,,,,,,,,,,,,,,,,,,,,,,,,,,,,,,,,,,
Q36335,Q133697494,,,,,,,,,,,,,,,,,,,,,,,,,,,,,,,,,,,,,,,,,,,,,
Q36336,Q25926157,,,,,,,,,,,,,,,,,,,,,,,,,,,,,,,,,,,,,,,,,,,,,
Q36339,Q1770277,,,,,,,,,,,,,,,,,,,,,,,,,,,,,,,,,,,,,,,,,,,,,
Q36340,Q45511263,,,,,,,,,,,,,,,,,,,,,,,,,,,,,,,,,,,,,,,,,,,,,
Q36343,Q28106,,,,,,,,,,,,,,,,,,,,,,,,,,,,,,,,,,,,,,,,,,,,,
Q36344,Q45521522,,,,,,,,,,,,,,,,,,,,,,,,,,,,,,,,,,,,,,,,,,,,,
Q36347,Q15901583,,,,,,,,,,,,,,,,,,,,,,,,,,,,,,,,,,,,,,,,,,,,,
Q36348,Q45521650,,,,,,,,,,,,,,,,,,,,,,,,,,,,,,,,,,,,,,,,,,,,,
Q36351,Q15893988,,,,,,,,,,,,,,,,,,,,,,,,,,,,,,,,,,,,,,,,,,,,,
Q36352,Q45523610,,,,,,,,,,,,,,,,,,,,,,,,,,,,,,,,,,,,,,,,,,,,,
Q36355,Q45426735,,,,,,,,,,,,,,,,,,,,,,,,,,,,,,,,,,,,,,,,,,,,,
Q36356,Q45523674,,,,,,,,,,,,,,,,,,,,,,,,,,,,,,,,,,,,,,,,,,,,,
Q36358,Q22812626,,,,,,,,,,,,,,,,,,,,,,,,,,,,,,,,,,,,,,,,,,,,,
Q36360,Q15939823,,,,,,,,,,,,,,,,,,,,,,,,,,,,,,,,,,,,,,,,,,,,,
Q36362,Q67590544,,,,,,,,,,,,,,,,,,,,,,,,,,,,,,,,,,,,,,,,,,,,,
Q36364,Q45528469,,,,,,,,,,,,,,,,,,,,,,,,,,,,,,,,,,,,,,,,,,,,,
Q36366,Q67589681,,,,,,,,,,,,,,,,,,,,,,,,,,,,,,,,,,,,,,,,,,,,,
Q36368,Q45528534,,,,,,,,,,,,,,,,,,,,,,,,,,,,,,,,,,,,,,,,,,,,,
Q36370,Q12625974,,,,,,,,,,,,,,,,,,,,,,,,,,,,,,,,,,,,,,,,,,,,,
Q36372,Q45528596,,,,,,,,,,,,,,,,,,,,,,,,,,,,,,,,,,,,,,,,,,,,,
Q36374,Q16166133,,,,,,,,,,,,,,,,,,,,,,,,,,,,,,,,,,,,,,,,,,,,,
Q36376,Q45529041,,,,,,,,,,,,,,,,,,,,,,,,,,,,,,,,,,,,,,,,,,,,,
Q36378,Q30944750,,,,,,,,,,,,,,,,,,,,,,,,,,,,,,,,,,,,,,,,,,,,,
Q36380,Q11097668,,,,,,,,,,,,,,,,,,,,,,,,,,,,,,,,,,,,,,,,,,,,,
Q36382,Q16904067,,,,,,,,,,,,,,,,,,,,,,,,,,,,,,,,,,,,,,,,,,,,,
Q36384,Q45501244,,,,,,,,,,,,,,,,,,,,,,,,,,,,,,,,,,,,,,,,,,,,,
Q36386,Q16175935,,,,,,,,,,,,,,,,,,,,,,,,,,,,,,,,,,,,,,,,,,,,,
Q36388,Q22813467,,,,,,,,,,,,,,,,,,,,,,,,,,,,,,,,,,,,,,,,,,,,,
Q36392,Q45501885,,,,,,,,,,,,,,,,,,,,,,,,,,,,,,,,,,,,,,,,,,,,,
Q36396,Q45502079,,,,,,,,,,,,,,,,,,,,,,,,,,,,,,,,,,,,,,,,,,,,,
Q36400,Q10877808,,,,,,,,,,,,,,,,,,,,,,,,,,,,,,,,,,,,,,,,,,,,,
Q36402,Q6853875,,,,,,,,,,,,,,,,,,,,,,,,,,,,,,,,,,,,,,,,,,,,,
Q36404,Q65805305,,,,,,,,,,,,,,,,,,,,,,,,,,,,,,,,,,,,,,,,,,,,,
Q36406,Q9635121,,,,,,,,,,,,,,,,,,,,,,,,,,,,,,,,,,,,,,,,,,,,,
Q36408,Q45500530,,,,,,,,,,,,,,,,,,,,,,,,,,,,,,,,,,,,,,,,,,,,,
Q36410,Q6636176,,,,,,,,,,,,,,,,,,,,,,,,,,,,,,,,,,,,,,,,,,,,,
Q36412,Q45478051,,,,,,,,,,,,,,,,,,,,,,,,,,,,,,,,,,,,,,,,,,,,,
Q36414,Q6853935,,,,,,,,,,,,,,,,,,,,,,,,,,,,,,,,,,,,,,,,,,,,,
Q36416,Q45476581,,,,,,,,,,,,,,,,,,,,,,,,,,,,,,,,,,,,,,,,,,,,,
Q36418,Q9635269,,,,,,,,,,,,,,,,,,,,,,,,,,,,,,,,,,,,,,,,,,,,,
Q36420,Q45422558,,,,,,,,,,,,,,,,,,,,,,,,,,,,,,,,,,,,,,,,,,,,,
Q36422,Q6853920,,,,,,,,,,,,,,,,,,,,,,,,,,,,,,,,,,,,,,,,,,,,,
Q36424,Q45442084,,,,,,,,,,,,,,,,,,,,,,,,,,,,,,,,,,,,,,,,,,,,,
Q36426,Q6535226,,,,,,,,,,,,,,,,,,,,,,,,,,,,,,,,,,,,,,,,,,,,,
Q36428,Q45422039,,,,,,,,,,,,,,,,,,,,,,,,,,,,,,,,,,,,,,,,,,,,,
Q36430,Q67588945,,,,,,,,,,,,,,,,,,,,,,,,,,,,,,,,,,,,,,,,,,,,,
Q36432,Q45422049,,,,,,,,,,,,,,,,,,,,,,,,,,,,,,,,,,,,,,,,,,,,,
Q36434,Q12589004,,,,,,,,,,,,,,,,,,,,,,,,,,,,,,,,,,,,,,,,,,,,,
Q36436,Q22099092,,,,,,,,,,,,,,,,,,,,,,,,,,,,,,,,,,,,,,,,,,,,,
Q36438,Q10658761,,,,,,,,,,,,,,,,,,,,,,,,,,,,,,,,,,,,,,,,,,,,,
Q36440,Q45422054,,,,,,,,,,,,,,,,,,,,,,,,,,,,,,,,,,,,,,,,,,,,,
Q36442,Q10658795,,,,,,,,,,,,,,,,,,,,,,,,,,,,,,,,,,,,,,,,,,,,,
Q36445,Q45555829,,,,,,,,,,,,,,,,,,,,,,,,,,,,,,,,,,,,,,,,,,,,,
Q36446,Q6818647,,,,,,,,,,,,,,,,,,,,,,,,,,,,,,,,,,,,,,,,,,,,,
Q36449,Q45474359,,,,,,,,,,,,,,,,,,,,,,,,,,,,,,,,,,,,,,,,,,,,,
Q36450,Q24860224,,,,,,,,,,,,,,,,,,,,,,,,,,,,,,,,,,,,,,,,,,,,,
Q36453,Q65807014,,,,,,,,,,,,,,,,,,,,,,,,,,,,,,,,,,,,,,,,,,,,,
Q36454,Q16259836,,,,,,,,,,,,,,,,,,,,,,,,,,,,,,,,,,,,,,,,,,,,,
Q36457,Q45501490,,,,,,,,,,,,,,,,,,,,,,,,,,,,,,,,,,,,,,,,,,,,,
Q36458,Q12583245,,,,,,,,,,,,,,,,,,,,,,,,,,,,,,,,,,,,,,,,,,,,,
Q36461,Q45478534,,,,,,,,,,,,,,,,,,,,,,,,,,,,,,,,,,,,,,,,,,,,,
Q36462,Q12593047,,,,,,,,,,,,,,,,,,,,,,,,,,,,,,,,,,,,,,,,,,,,,
Q36465,Q109932236,,,,,,,,,,,,,,,,,,,,,,,,,,,,,,,,,,,,,,,,,,,,,
Q36466,Q19940584,,,,,,,,,,,,,,,,,,,,,,,,,,,,,,,,,,,,,,,,,,,,,
Q36469,Q110055607,,,,,,,,,,,,,,,,,,,,,,,,,,,,,,,,,,,,,,,,,,,,,
Q36470,Q16166094,,,,,,,,,,,,,,,,,,,,,,,,,,,,,,,,,,,,,,,,,,,,,
Q36473,Q110055740,,,,,,,,,,,,,,,,,,,,,,,,,,,,,,,,,,,,,,,,,,,,,
Q36474,Q12613043,,,,,,,,,,,,,,,,,,,,,,,,,,,,,,,,,,,,,,,,,,,,,
Q36477,Q11460845,,,,,,,,,,,,,,,,,,,,,,,,,,,,,,,,,,,,,,,,,,,,,
Q36478,Q67589648,,,,,,,,,,,,,,,,,,,,,,,,,,,,,,,,,,,,,,,,,,,,,
Q36481,Q11460847,,,,,,,,,,,,,,,,,,,,,,,,,,,,,,,,,,,,,,,,,,,,,
Q36482,Q31179277,,,,,,,,,,,,,,,,,,,,,,,,,,,,,,,,,,,,,,,,,,,,,
Q36485,Q108875747,,,,,,,,,,,,,,,,,,,,,,,,,,,,,,,,,,,,,,,,,,,,,
Q36486,Q67590500,,,,,,,,,,,,,,,,,,,,,,,,,,,,,,,,,,,,,,,,,,,,,
Q36489,Q110874112,,,,,,,,,,,,,,,,,,,,,,,,,,,,,,,,,,,,,,,,,,,,,
Q36490,Q12612424,,,,,,,,,,,,,,,,,,,,,,,,,,,,,,,,,,,,,,,,,,,,,
Q36493,Q11625149,,,,,,,,,,,,,,,,,,,,,,,,,,,,,,,,,,,,,,,,,,,,,
Q36494,Q126091186,,,,,,,,,,,,,,,,,,,,,,,,,,,,,,,,,,,,,,,,,,,,,
Q36497,Q11625142,,,,,,,,,,,,,,,,,,,,,,,,,,,,,,,,,,,,,,,,,,,,,
Q36498,Q7517,,,,,,,,,,,,,,,,,,,,,,,,,,,95037,,,,,,,,,,,,,,,,,Temüjin-1,I00298853
Q36501,Q106768643,,,,,,,,,,,,,,,,,,,,,,,,,,,,,,,,,,,,,,,,,,,,,
Q36502,Q271016,,,,,,,,,,,,,,,,,,,,,,,,,,,148280,,,,,,,,,,,,,,,,,Jakha-1,I00298897
Q36505,Q106766669,,,,,,,,,,,,,,,,,,,,,,,,,,,,,,,,,,,,,,,,,,,,,
Q36506,Q17064866,,,,,,,,,,,,,,,,,,,,,,,,,,,,,,,,,,,,,,,,,,,,,
Q36509,Q55521590,,,,,,,,,,,,,,,,,,,,,,,,,,,,,,,,,,,,,,,,,,,,,
Q36510,Q17164546,,,,,,,,,,,,,,,,,,,,,,,,,,,,,,,,,,,,,,,,,,,,,
Q36513,Q11383422,,,,,,,,,,,,,,,,,,,,,,,,,,,,,,,,,,,,,,,,,,,,,
Q36514,Q7521,,,,,,,,,,,,,,,,,,,,,,,,,,,95039,,,,,,,,,,,,,,,,,Tolui-2,I00298854
Q36517,Q11642962,,,,,,,,,,,,,,,,,,,,,,,,,,,,,,,,,,,,,,,,,,,,,
Q36518,Q177320,,,,,,,,,,,,,,,,,,,,,,,,,,,95041,,,,,,,,,,,,,,,,,Tolui-3,I00298855
Q36521,Q104204175,,,,,,,,,,,,,,,,,,,,,,,,,,,,,,,,,,,,,,,,,,,,,
Q36522,Q7069447,,,,,,,,,,,,,,,,,,,,,,,,,,,,,,,,,,,,,,,,,,,,,
Q36525,Q115587149,,,,,,,,,,,,,,,,,,,,,,,,,,,,,,,,,,,,,,,,,,,,,
Q36526,Q7069442,,,,,,,,,,,,,,,,,,,,,,,,,,,,,,,,,,,,,,,,,,,,,
Q36529,Q11068393,,,,,,,,,,,,,,,,,,,,,,,,,,,,,,,,,,,,,,,,,,,,,
Q36530,Q7069436,,,,,,,,,,,,,,,,,,,,,,,,,,,,,,,,,,,,,,,,,,,,,
Q36533,Q111201574,,,,,,,,,,,,,,,,,,,,,,,,,,,,,,,,,,,,,,,,,,,,,
Q36534,Q7069433,,,,,,,,,,,,,,,,,,,,,,,,,,,,,,,,,,,,,,,,,,,,,
Q36537,Q11068464,,,,,,,,,,,,,,,,,,,,,,,,,,,,,,,,,,,,,,,,,,,,,
Q36538,Q7069420,,,,,,,,,,,,,,,,,,,,,,,,,,,,,,,,,,,,,,,,,,,,,I00566554
Q36541,Q11582548,,,,,,,,,,,,,,,,,,,,,,,,,,,,,,,,,,,,,,,,,,,,,
Q36542,Q470293,,,,,,,,,,,,,,,,,,,,,,,,,,,148281,,,,,,,,,,,,,,,,,Tolui-4,I00298856
Q36545,Q10880505,,,,,,,,,,,,,,,,,,,,,,,,,,,,,,,,,,,,,,,,,,,,,
Q36546,Q7071012,,,,,,,,,,,,,,,,,,,,,,,,,,,,,,,,,,,,,,,,,,,,,I00301551
Q36549,Q108320738,,,,,,,,,,,,,,,,,,,,,,,,,,,,,,,,,,,,,,,,,,,,,
Q36550,Q846131,,,,,,,,,,,,,,,,,,,,,,,,,,,488140,,,,,,,,,,,,,,,,,Anchen-5,I00301552
Q36553,Q108302255,,,,,,,,,,,,,,,,,,,,,,,,,,,,,,,,,,,,,,,,,,,,,
Q36554,Q6961425,,,,,,,,,,,,,,,,,,,,,,,,,,,1170577,,,,,,,,,,,,,,,,,,I00301550
Q36557,Q11237935,,,,,,,,,,,,,,,,,,,,,,,,,,,,,,,,,,,,,,,,,,,,,
Q36558,Q7071149,,,,,,,,,,,,,,,,,,,,,,,,,,,,,,,,,,,,,,,,,,,,,
Q36561,Q109681544,,,,,,,,,,,,,,,,,,,,,,,,,,,,,,,,,,,,,,,,,,,,,
Q36562,Q7071193,,,,,,,,,,,,,,,,,,,,,,,,,,,,,,,,,,,,,,,,,,,,,
Q36565,Q106995179,,,,,,,,,,,,,,,,,,,,,,,,,,,,,,,,,,,,,,,,,,,,,
Q36566,Q7071223,,,,,,,,,,,,,,,,,,,,,,,,,,,,,,,,,,,,,,,,,,,,,I00301549
Q36569,Q108302938,,,,,,,,,,,,,,,,,,,,,,,,,,,,,,,,,,,,,,,,,,,,,
Q36570,Q7071835,,,,,,,,,,,,,,,,,,,,,,,,,,,,,,,,,,,,,,,,,,,,,
Q36573,Q109290462,,,,,,,,,,,,,,,,,,,,,,,,,,,,,,,,,,,,,,,,,,,,,
Q36574,Q57955131,,,,,,,,,,,,,,,,,,,,,,,,,,,,,,,,,,,,,,,,,,,,,
Q36577,Q11625140,,,,,,,,,,,,,,,,,,,,,,,,,,,,,,,,,,,,,,,,,,,,,
Q36578,Q8255362,,,,,,,,,,,,,,,,,,,,,,,,,,,,,,,,,,,,,,,,,,,,,
Q36581,Q109279781,,,,,,,,,,,,,,,,,,,,,,,,,,,,,,,,,,,,,,,,,,,,,
Q36583,Q57955026,,,,,,,,,,,,,,,,,,,,,,,,,,,,,,,,,,,,,,,,,,,,,
Q36585,Q11432393,,,,,,,,,,,,,,,,,,,,,,,,,,,,,,,,,,,,,,,,,,,,,
Q36587,Q45479622,,,,,,,,,,,,,,,,,,,,,,,,,,,,,,,,,,,,,,,,,,,,,
Q36589,Q106775150,,,,,,,,,,,,,,,,,,,,,,,,,,,,,,,,,,,,,,,,,,,,,
Q36591,Q45488890,,,,,,,,,,,,,,,,,,,,,,,,,,,,,,,,,,,,,,,,,,,,,
Q36593,Q11437898,,,,,,,,,,,,,,,,,,,,,,,,,,,,,,,,,,,,,,,,,,,,,
Q36595,Q45496921,,,,,,,,,,,,,,,,,,,,,,,,,,,,,,,,,,,,,,,,,,,,,
Q36597,Q107177820,,,,,,,,,,,,,,,,,,,,,,,,,,,,,,,,,,,,,,,,,,,,,
Q36599,Q7070839,,,,,,,,,,,,,,,,,,,,,,,,,,,,,,,,,,,,,,,,,,,,,I00301548
Q36601,Q17219281,,,,,,,,,,,,,,,,,,,,,,,,,,,,,,,,,,,,,,,,,,,,,
Q36603,Q45659141,,,,,,,,,,,,,,,,,,,,,,,,,,,,,,,,,,,,,,,,,,,,,
Q36605,Q109290368,,,,,,,,,,,,,,,,,,,,,,,,,,,,,,,,,,,,,,,,,,,,,
Q36607,Q45534694,,,,,,,,,,,,,,,,,,,,,,,,,,,,,,,,,,,,,,,,,,,,,
Q36609,Q109853074,,,,,,,,,,,,,,,,,,,,,,,,,,,,,,,,,,,,,,,,,,,,,
Q36611,Q16907743,,,,,,,,,,,,,,,,,,,,,,,,,,,,,,,,,,,,,,,,,,,,,
Q36613,Q11383480,,,,,,,,,,,,,,,,,,,,,,,,,,,,,,,,,,,,,,,,,,,,,
Q36615,Q65240867,,,,,,,,,,,,,,,,,,,,,,,,,,,,,,,,,,,,,,,,,,,,,
Q36617,Q110949081,,,,,,,,,,,,,,,,,,,,,,,,,,,,,,,,,,,,,,,,,,,,,
Q36619,Q7073463,,,,,,,,,,,,,,,,,,,,,,,,,,,,,,,,,,,,,,,,,,,,,
Q36622,Q233926,,,,,,,,,,,,,,,,,,,,,,,,,,,274820,,,,,,,,,,,,,,,,,,I00298875
Q36623,Q110949115,,,,,,,,,,,,,,,,,,,,,,,,,,,,,,,,,,,,,,,,,,,,,
Q36626,Q8514847,,,,,,,,,,,,,,,,,,,,,,,,,,,,,,,,,,,,,,,,,,,,,
Q36627,Q846141,,,,,,,,,,,,,,,,,,,,,,,,,,,274823,,,,,,,,,,,,,,,,,,I00298879
Q36629,Q110889814,,,,,,,,,,,,,,,,,,,,,,,,,,,,,,,,,,,,,,,,,,,,,
Q36631,Q8468,,,,,,,,,,,,,,,,,,,,,,,,,,,274818,,,,,,,,,,,,,,,,,,I00298878
Q36633,Q108906979,,,,,,,,,,,,,,,,,,,,,,,,,,,,,,,,,,,,,,,,,,,,,
Q36635,Q18653360,,,,,,,,,,,,,,,,,,,,,,,,,,,,,,,,,,,,,,,,,,,,,
Q36636,Q11625162,,,,,,,,,,,,,,,,,,,,,,,,,,,,,,,,,,,,,,,,,,,,,
Q36639,Q19852024,,,,,,,,,,,,,,,,,,,,,,,,,,,,,,,,,,,,,,,,,,,,,
Q36640,Q110903942,,,,,,,,,,,,,,,,,,,,,,,,,,,,,,,,,,,,,,,,,,,,,
Q36643,Q19852452,,,,,,,,,,,,,,,,,,,,,,,,,,,,,,,,,,,,,,,,,,,,,
Q36644,Q109732835,,,,,,,,,,,,,,,,,,,,,,,,,,,,,,,,,,,,,,,,,,,,,
Q36647,Q1154890,,,,,,,,,,,,,,,,,,,,,,,,,,,,,,,,,,,,,,,,,,,,,
Q36648,Q3139920,,,,,,,,,,,,,,,,,,,,,,,,,,,,,,,,,,,,,,,,,,,,,
Q36651,Q27835303,,,,,,,,,,,,,,,,,,,,,,,,,,,,,,,,,,,,,,,,,,,,,
Q36652,Q109741306,,,,,,,,,,,,,,,,,,,,,,,,,,,,,,,,,,,,,,,,,,,,,
Q36655,Q24537355,,,,,,,,,,,,,,,,,,,,,,,,,,,,,,,,,,,,,,,,,,,,,
Q36656,Q109741740,,,,,,,,,,,,,,,,,,,,,,,,,,,,,,,,,,,,,,,,,,,,,
Q36659,Q24838458,,,,,,,,,,,,,,,,,,,,,,,,,,,,,,,,,,,,,,,,,,,,,
Q36660,Q110943255,,,,,,,,,,,,,,,,,,,,,,,,,,,,,,,,,,,,,,,,,,,,,
Q36663,Q27836061,,,,,,,,,,,,,,,,,,,,,,,,,,,,,,,,,,,,,,,,,,,,,
Q36664,Q11464925,,,,,,,,,,,,,,,,,,,,,,,,,,,,,,,,,,,,,,,,,,,,,
Q36667,Q45506885,,,,,,,,,,,,,,,,,,,,,,,,,,,,,,,,,,,,,,,,,,,,,
Q36668,Q10265646,,,,,,,,,,,,,,,,,,,,,,,,,,,,,,,,,,,,,,,,,,,,,
Q36671,Q11284234,,,,,,,,,,,,,,,,,,,,,,,,,,,,,,,,,,,,,,,,,,,,,
Q36672,Q10265626,,,,,,,,,,,,,,,,,,,,,,,,,,,,,,,,,,,,,,,,,,,,,
Q36675,Q19852319,,,,,,,,,,,,,,,,,,,,,,,,,,,,,,,,,,,,,,,,,,,,,
Q36676,Q110943329,,,,,,,,,,,,,,,,,,,,,,,,,,,,,,,,,,,,,,,,,,,,,
Q36679,Q24876122,,,,,,,,,,,,,,,,,,,,,,,,,,,,,,,,,,,,,,,,,,,,,
Q36681,Q110943421,,,,,,,,,,,,,,,,,,,,,,,,,,,,,,,,,,,,,,,,,,,,,
Q36683,Q7077753,,,,,,,,,,,,,,,,,,,,,,,,,,,,,,,,,,,,,,,,,,,,,
Q36685,Q11405123,,,,,,,,,,,,,,,,,,,,,,,,,,,,,,,,,,,,,,,,,,,,,
Q36687,Q22829167,,,,,,,,,,,,,,,,,,,,,,,,,,,,,,,,,,,,,,,,,,,,,
Q36689,Q111375067,,,,,,,,,,,,,,,,,,,,,,,,,,,,,,,,,,,,,,,,,,,,,
Q36691,Q45492920,,,,,,,,,,,,,,,,,,,,,,,,,,,,,,,,,,,,,,,,,,,,,
Q36693,Q911880,,,,,,,,,,,,,,,,,,,,,,,,,,,,,,,,,,,,,,,,,,,,,
Q36695,Q45553511,,,,,,,,,,,,,,,,,,,,,,,,,,,,,,,,,,,,,,,,,,,,,
Q36697,Q11239173,,,,,,,,,,,,,,,,,,,,,,,,,,,,,,,,,,,,,,,,,,,,,
Q36699,Q45461977,,,,,,,,,,,,,,,,,,,,,,,,,,,,,,,,,,,,,,,,,,,,,
Q36701,Q110284147,,,,,,,,,,,,,,,,,,,,,,,,,,,,,,,,,,,,,,,,,,,,,
Q36703,Q18668973,,,,,,,,,,,,,,,,,,,,,,,,,,,,,,,,,,,,,,,,,,,,,
Q36705,Q110284102,,,,,,,,,,,,,,,,,,,,,,,,,,,,,,,,,,,,,,,,,,,,,
Q36707,Q18652579,,,,,,,,,,,,,,,,,,,,,,,,,,,,,,,,,,,,,,,,,,,,,
Q36709,Q11657642,,,,,,,,,,,,,,,,,,,,,,,,,,,,,,,,,,,,,,,,,,,,,
Q36711,Q8560,,,,,,,,,,,,,,,,,,,,,,,,,,,274832,,,,,,,,,,,,,,,,,,I00298876
Q36713,Q11657652,,,,,,,,,,,,,,,,,,,,,,,,,,,,,,,,,,,,,,,,,,,,,
Q36715,Q7074875,,,,,,,,,,,,,,,,,,,,,,,,,,,,,,,,,,,,,,,,,,,,,
Q36717,Q11619805,,,,,,,,,,,,,,,,,,,,,,,,,,,,,,,,,,,,,,,,,,,,,
Q36719,Q7075101,,,,,,,,,,,,,,,,,,,,,,,,,,,,,,,,,,,,,,,,,,,,,
Q36721,Q11432519,,,,,,,,,,,,,,,,,,,,,,,,,,,,,,,,,,,,,,,,,,,,,
Q36723,Q6799784,,,,,,,,,,,,,,,,,,,,,,,,,,,,,,,,,,,,,,,,,,,,,
Q36725,Q109250449,,,,,,,,,,,,,,,,,,,,,,,,,,,,,,,,,,,,,,,,,,,,,
Q36727,Q6677812,,,,,,,,,,,,,,,,,,,,,,,,,,,,,,,,,,,,,,,,,,,,,
Q36729,Q134513378,,,,,,,,,,,,,,,,,,,,,,,,,,,,,,,,,,,,,,,,,,,,,
Q36731,Q6798022,,,,,,,,,,,,,,,,,,,,,,,,,,,,,,,,,,,,,,,,,,,,,
Q36733,Q134513382,,,,,,,,,,,,,,,,,,,,,,,,,,,,,,,,,,,,,,,,,,,,,
Q36735,Q6855202,,,,,,,,,,,,,,,,,,,,,,,,,,,,,,,,,,,,,,,,,,,,,
Q36737,Q23986595,,,,,,,,,,,,,,,,,,,,,,,,,,,,,,,,,,,,,,,,,,,,,
Q36739,Q487766,,,,,,,,,,,,,,,,,,,,,,,,,,,,,,,,,,,,,,,,,,,,,
Q36741,Q107172394,,,,,,,,,,,,,,,,,,,,,,,,,,,,,,,,,,,,,,,,,,,,,
Q36743,Q494074,,,,,,,,,,,,,,,,,,,,,,,,,,,,,,,,,,,,,,,,,,,,,
Q36745,Q110889133,,,,,,,,,,,,,,,,,,,,,,,,,,,,,,,,,,,,,,,,,,,,,
Q36747,Q12608702,,,,,,,,,,,,,,,,,,,,,,,,,,,,,,,,,,,,,,,,,,,,,
Q36749,Q110889167,,,,,,,,,,,,,,,,,,,,,,,,,,,,,,,,,,,,,,,,,,,,,
Q36751,Q39094770,,,,,,,,,,,,,,,,,,,,,,,,,,,,,,,,,,,,,,,,,,,,,
Q36753,Q110889403,,,,,,,,,,,,,,,,,,,,,,,,,,,,,,,,,,,,,,,,,,,,,
Q36755,Q12585652,,,,,,,,,,,,,,,,,,,,,,,,,,,,,,,,,,,,,,,,,,,,,
Q36757,Q110821666,,,,,,,,,,,,,,,,,,,,,,,,,,,,,,,,,,,,,,,,,,,,,
Q36761,Q110822169,,,,,,,,,,,,,,,,,,,,,,,,,,,,,,,,,,,,,,,,,,,,,
Q36765,Q108818834,,,,,,,,,,,,,,,,,,,,,,,,,,,,,,,,,,,,,,,,,,,,,
Q36769,Q110068506,,,,,,,,,,,,,,,,,,,,,,,,,,,,,,,,,,,,,,,,,,,,,
Q36773,Q17219092,,,,,,,,,,,,,,,,,,,,,,,,,,,,,,,,,,,,,,,,,,,,,
Q36777,Q108805859,,,,,,,,,,,,,,,,,,,,,,,,,,,,,,,,,,,,,,,,,,,,,
Q36781,Q17215064,,,,,,,,,,,,,,,,,,,,,,,,,,,,,,,,,,,,,,,,,,,,,
Q36785,Q28689809,,,,,,,,,,,,,,,,,,,,,,,,,,,,,,,,,,,,,,,,,,,,,
Q36789,Q11369359,,,,,,,,,,,,,,,,,,,,,,,,,,,,,,,,,,,,,,,,,,,,,
Q36793,Q11474137,,,,,,,,,,,,,,,,,,,,,,,,,,,,,,,,,,,,,,,,,,,,,
Q36797,Q110057064,,,,,,,,,,,,,,,,,,,,,,,,,,,,,,,,,,,,,,,,,,,,,
Q36801,Q108852630,,,,,,,,,,,,,,,,,,,,,,,,,,,,,,,,,,,,,,,,,,,,,
Q36805,Q108956739,,,,,,,,,,,,,,,,,,,,,,,,,,,,,,,,,,,,,,,,,,,,,
Q36809,Q110135191,,,,,,,,,,,,,,,,,,,,,,,,,,,,,,,,,,,,,,,,,,,,,
Q36813,Q110090348,,,,,,,,,,,,,,,,,,,,,,,,,,,,,,,,,,,,,,,,,,,,,
Q36817,Q110153071,,,,,,,,,,,,,,,,,,,,,,,,,,,,,,,,,,,,,,,,,,,,,
Q36821,Q11615284,,,,,,,,,,,,,,,,,,,,,,,,,,,,,,,,,,,,,,,,,,,,,
Q36825,Q110153274,,,,,,,,,,,,,,,,,,,,,,,,,,,,,,,,,,,,,,,,,,,,,
Q36829,Q110154574,,,,,,,,,,,,,,,,,,,,,,,,,,,,,,,,,,,,,,,,,,,,,
Q36833,Q110086904,,,,,,,,,,,,,,,,,,,,,,,,,,,,,,,,,,,,,,,,,,,,,
Q36837,Q110086926,,,,,,,,,,,,,,,,,,,,,,,,,,,,,,,,,,,,,,,,,,,,,
Q36841,Q111170803,,,,,,,,,,,,,,,,,,,,,,,,,,,,,,,,,,,,,,,,,,,,,
Q36845,Q111170784,,,,,,,,,,,,,,,,,,,,,,,,,,,,,,,,,,,,,,,,,,,,,
Q36849,Q109322988,,,,,,,,,,,,,,,,,,,,,,,,,,,,,,,,,,,,,,,,,,,,,
Q36853,Q11500468,,,,,,,,,,,,,,,,,,,,,,,,,,,,,,,,,,,,,,,,,,,,,
Q36857,Q110821340,,,,,,,,,,,,,,,,,,,,,,,,,,,,,,,,,,,,,,,,,,,,,
Q36861,Q23986626,,,,,,,,,,,,,,,,,,,,,,,,,,,,,,,,,,,,,,,,,,,,,
Q36865,Q134522976,,,,,,,,,,,,,,,,,,,,,,,,,,,,,,,,,,,,,,,,,,,,,
Q36869,Q134523871,,,,,,,,,,,,,,,,,,,,,,,,,,,,,,,,,,,,,,,,,,,,,
Q36873,Q11438603,,,,,,,,,,,,,,,,,,,,,,,,,,,,,,,,,,,,,,,,,,,,,
Q36877,Q11642040,,,,,,,,,,,,,,,,,,,,,,,,,,,,,,,,,,,,,,,,,,,,,
Q36881,Q109833630,,,,,,,,,,,,,,,,,,,,,,,,,,,,,,,,,,,,,,,,,,,,,
Q36885,Q109833722,,,,,,,,,,,,,,,,,,,,,,,,,,,,,,,,,,,,,,,,,,,,,
Q36889,Q109833743,,,,,,,,,,,,,,,,,,,,,,,,,,,,,,,,,,,,,,,,,,,,,
Q36893,Q11392083,,,,,,,,,,,,,,,,,,,,,,,,,,,,,,,,,,,,,,,,,,,,,
Q36897,Q110949125,,,,,,,,,,,,,,,,,,,,,,,,,,,,,,,,,,,,,,,,,,,,,
Q36901,Q108778915,,,,,,,,,,,,,,,,,,,,,,,,,,,,,,,,,,,,,,,,,,,,,
Q36905,Q111203649,,,,,,,,,,,,,,,,,,,,,,,,,,,,,,,,,,,,,,,,,,,,,
Q36909,Q109179069,,,,,,,,,,,,,,,,,,,,,,,,,,,,,,,,,,,,,,,,,,,,,
Q36914,Q109179217,,,,,,,,,,,,,,,,,,,,,,,,,,,,,,,,,,,,,,,,,,,,,
Q36918,Q96714772,,,,,,,,,,,,,,,,,,,,,,,,,,,,,,,,,,,,,,,,,,,,,
Q36922,Q96714609,,,,,,,,,,,,,,,,,,,,,,,,,,,,,,,,,,,,,,,,,,,,,
Q36926,Q108057911,,,,,,,,,,,,,,,,,,,,,,,,,,,,,,,,,,,,,,,,,,,,,
Q36930,Q108840097,,,,,,,,,,,,,,,,,,,,,,,,,,,,,,,,,,,,,,,,,,,,,
Q36934,Q108840101,,,,,,,,,,,,,,,,,,,,,,,,,,,,,,,,,,,,,,,,,,,,,
Q36938,Q108857448,,,,,,,,,,,,,,,,,,,,,,,,,,,,,,,,,,,,,,,,,,,,,
Q36942,Q108840279,,,,,,,,,,,,,,,,,,,,,,,,,,,,,,,,,,,,,,,,,,,,,
Q36946,Q108840282,,,,,,,,,,,,,,,,,,,,,,,,,,,,,,,,,,,,,,,,,,,,,
Q36950,Q111019903,,,,,,,,,,,,,,,,,,,,,,,,,,,,,,,,,,,,,,,,,,,,,
Q36954,Q109945585,,,,,,,,,,,,,,,,,,,,,,,,,,,,,,,,,,,,,,,,,,,,,
Q36958,Q109945329,,,,,,,,,,,,,,,,,,,,,,,,,,,,,,,,,,,,,,,,,,,,,
Q36962,Q109946273,,,,,,,,,,,,,,,,,,,,,,,,,,,,,,,,,,,,,,,,,,,,,
Q36966,Q11381085,,,,,,,,,,,,,,,,,,,,,,,,,,,,,,,,,,,,,,,,,,,,,I00523856
Q36970,Q11355814,,,,,,,,,,,,,,,,,,,,,,,,,,,,,,,,,,,,,,,,,,,,,
Q36974,Q15838931,,,,,,,,,,,,,,,,,,,,,,,,,,,,,,,,,,,,,,,,,,,,,
Q36978,Q108490859,,,,,,,,,,,,,,,,,,,,,,,,,,,,,,,,,,,,,,,,,,,,,
Q36982,Q108490918,,,,,,,,,,,,,,,,,,,,,,,,,,,,,,,,,,,,,,,,,,,,,
Q36986,Q10729379,,,,,,,,,,,,,,,,,,,,,,,,,,,,,,,,,,,,,,,,,,,,,
Q36990,Q109321328,,,,,,,,,,,,,,,,,,,,,,,,,,,,,,,,,,,,,,,,,,,,,
Q36994,Q110393619,,,,,,,,,,,,,,,,,,,,,,,,,,,,,,,,,,,,,,,,,,,,,
Q36998,Q109321555,,,,,,,,,,,,,,,,,,,,,,,,,,,,,,,,,,,,,,,,,,,,,
Q37002,Q102246945,,,,,,,,,,,,,,,,,,,,,,,,,,,,,,,,,,,,,,,,,,,,,
Q37006,Q109830280,,,,,,,,,,,,,,,,,,,,,,,,,,,,,,,,,,,,,,,,,,,,,
Q37010,Q11372488,,,,,,,,,,,,,,,,,,,,,,,,,,,,,,,,,,,,,,,,,,,,,
Q37014,Q109308583,,,,,,,,,,,,,,,,,,,,,,,,,,,,,,,,,,,,,,,,,,,,,
Q37018,Q119344823,,,,,,,,,,,,,,,,,,,,,,,,,,,,,,,,,,,,,,,,,,,,,
Q37022,Q11379514,,,,,,,,,,,,,,,,,,,,,,,,,,,,,,,,,,,,,,,,,,,,,
Q37025,Q22812656,,,,,,,,,,,,,,,,,,,,,,,,,,,,,,,,,,,,,,,,,,,,,
Q37026,Q10900903,,,,,,,,,,,,,,,,,,,,,,,,,,,,,,,,,,,,,,,,,,,,,
Q37029,Q28418430,,,,,,,,,,,,,,,,,,,,,,,,,,,,,,,,,,,,,,,,,,,,,
Q37030,Q11593159,,,,,,,,,,,,,,,,,,,,,,,,,,,,,,,,,,,,,,,,,,,,,
Q37033,Q61721612,,,,,,,,,,,,,,,,,,,,,,,,,,,,,,,,,,,,,,,,,,,,,
Q37034,Q111182087,,,,,,,,,,,,,,,,,,,,,,,,,,,,,,,,,,,,,,,,,,,,,
Q37037,Q22099716,,,,,,,,G6V7-D3W,,,,,,,,,,,,,,,,,,,,,,,,,,,,,,,,,,,,,
Q37038,Q11368839,,,,,,,,,,,,,,,,,,,,,,,,,,,,,,,,,,,,,,,,,,,,,
Q37041,Q65907781,,,,,,,,,,,,,,,,,,,,,,,,,,,,,,,,,,,,,,,,,,,,,
Q37042,Q11240723,,,,,,,,,,,,,,,,,,,,,,,,,,,,,,,,,,,,,,,,,,,,,
Q37045,Q10944218,,,,,,,,,,,,,,,,,,,,,,,,,,,,,,,,,,,,,,,,,,,,孔-6,
Q37046,Q111215399,,,,,,,,,,,,,,,,,,,,,,,,,,,,,,,,,,,,,,,,,,,,,
Q37049,Q15908542,,,,,,,,,,,,,,,,,,,,,,,,,,,,,,,,,,,,,,,,,,,,,
Q37050,Q126006391,,,,,,,,,,,,,,,,,,,,,,,,,,,,,,,,,,,,,,,,,,,,,
Q37053,Q133313557,,,,,,,,LJV7-SP9,,,,,,,,,,,,,,,,,,,,,,,,,,,,,,,,,,,,,
Q37054,Q17219022,,,,,,,,,,,,,,,,,,,,,,,,,,,,,,,,,,,,,,,,,,,,,
Q37057,Q22812729,,,,,,,,,,,,,,,,,,,,,,,,,,,,,,,,,,,,,,,,,,,,,
Q37058,Q11547584,,,,,,,,,,,,,,,,,,,,,,,,,,,,,,,,,,,,,,,,,,,,,
Q37061,Q63014851,,,,,,,,,,,,,,,,,,,,,,,,,,,,,,,,,,,,,,,,,,,,,
Q37065,Q45416403,,,,,,,,G6V7-WNN,,,,,,,,,,,,,,,,,,,,,,,,,,,,,,,,,,,,,
Q37069,Q45416440,,,,,,,,G6V7-4BY,,,,,,,,,,,,,,,,,,,,,,,,,,,,,,,,,,,,,
Q37073,Q45416455,,,,,,,,,,,,,,,,,,,,,,,,,,,,,,,,,,,,,,,,,,,,,
Q37077,Q45416516,,,,,,,,,,,,,,,,,,,,,,,,,,,,,,,,,,,,,,,,,,,,,
Q37081,Q45416611,,,,,,,,,,,,,,,,,,,,,,,,,,,,,,,,,,,,,,,,,,,,,
Q37083,Q110968151,,,,,,,,,,,,,,,,,,,,,,,,,,,,,,,,,,,,,,,,,,,,,
Q37085,Q45559621,,,,,,,,,,,,,,,,,,,,,,,,,,,,,,,,,,,,,,,,,,,,,
Q37087,Q95511949,,,,,,,,,,,,,,,,,,,,,,,,,,,,,,,,,,,,,,,,,,,,,
Q37089,Q45558101,,,,,,,,,,,,,,,,,,,,,,,,,,,,,,,,,,,,,,,,,,,,,
Q37091,Q11655795,,,,,,,,,,,,,,,,,,,,,,,,,,,,,,,,,,,,,,,,,,,,,
Q37093,Q45559239,,,,,,,,,,,,,,,,,,,,,,,,,,,,,,,,,,,,,,,,,,,,,
Q37097,Q45559303,,,,,,,,,,,,,,,,,,,,,,,,,,,,,,,,,,,,,,,,,,,,,
Q37099,Q106678619,,,,,,,,,,,,,,,,,,,,,,,,,,,,,,,,,,,,,,,,,,,,,
Q37101,Q45560995,,,,,,,,,,,,,,,,,,,,,,,,,,,,,,,,,,,,,,,,,,,,,
Q37103,Q11657994,,,,,,,,,,,,,,,,,,,,,,,,,,,,,,,,,,,,,,,,,,,,,
Q37105,Q45561375,,,,,,,,,,,,,,,,,,,,,,,,,,,,,,,,,,,,,,,,,,,,,
Q37107,Q109896485,,,,,,,,,,,,,,,,,,,,,,,,,,,,,,,,,,,,,,,,,,,,,
Q37109,Q45676020,,,,,,,,,,,,,,,,,,,,,,,,,,,,,,,,,,,,,,,,,,,,,
Q37111,Q110142164,,,,,,,,,,,,,,,,,,,,,,,,,,,,,,,,,,,,,,,,,,,,,
Q37113,Q45559050,,,,,,,,,,,,,,,,,,,,,,,,,,,,,,,,,,,,,,,,,,,,,
Q37115,Q110142256,,,,,,,,,,,,,,,,,,,,,,,,,,,,,,,,,,,,,,,,,,,,,
Q37117,Q13672708,,,,,,,,,,,,,,,,,,,,,,,,,,,,,,,,,,,,,,,,,,,,,
Q37119,Q18235830,,,,,,,,,,,,,,,,,,,,,,,,,,,,,,,,,,,,,,,,,,,,,
Q37121,Q13673003,,,,,,,,,,,,,,,,,,,,,,,,,,,,,,,,,,,,,,,,,,,,,
Q37123,Q106678497,,,,,,,,,,,,,,,,,,,,,,,,,,,,,,,,,,,,,,,,,,,,,
Q37125,Q45417182,,,,,,,,,,,,,,,,,,,,,,,,,,,,,,,,,,,,,,,,,,,,,
Q37127,Q109936718,,,,,,,,,,,,,,,,,,,,,,,,,,,,,,,,,,,,,,,,,,,,,
Q37129,Q45560317,,,,,,,,,,,,,,,,,,,,,,,,,,,,,,,,,,,,,,,,,,,,,
Q37131,Q109936736,,,,,,,,,,,,,,,,,,,,,,,,,,,,,,,,,,,,,,,,,,,,,
Q37133,Q45560506,,,,,,,,,,,,,,,,,,,,,,,,,,,,,,,,,,,,,,,,,,,,,
Q37135,Q98734487,,,,,,,,,,,,,,,,,,,,,,,,,,,,,,,,,,,,,,,,,,,,,
Q37137,Q45559815,,,,,,,,,,,,,,,,,,,,,,,,,,,,,,,,,,,,,,,,,,,,,
Q37139,Q18758751,,,,,,,,,,,,,,,,,,,,,,,,,,,,,,,,,,,,,,,,,,,,,
Q37141,Q45560065,,,,,,,,,,,,,,,,,,,,,,,,,,,,,,,,,,,,,,,,,,,,,
Q37143,Q11608359,,,,,,,,,,,,,,,,,,,,,,,,,,,,,,,,,,,,,,,,,,,,,
Q37145,Q45560129,,,,,,,,,,,,,,,,,,,,,,,,,,,,,,,,,,,,,,,,,,,,,
Q37147,Q11608362,,,,,,,,,,,,,,,,,,,,,,,,,,,,,,,,,,,,,,,,,,,,,
Q37149,Q13671352,,,,,,,,,,,,,,,,,,,,,,,,,,,,,,,,,,,,,,,,,,,,,
Q37151,Q111134365,,,,,,,,,,,,,,,,,,,,,,,,,,,,,,,,,,,,,,,,,,,,,
Q37153,Q13670468,,,,,,,,,,,,,,,,,,,,,,,,,,,,,,,,,,,,,,,,,,,,,
Q37155,Q11608366,,,,,,,,,,,,,,,,,,,,,,,,,,,,,,,,,,,,,,,,,,,,,
Q37156,Q45559878,,,,,,,,,,,,,,,,,,,,,,,,,,,,,,,,,,,,,,,,,,,,,
Q37159,Q11608385,,,,,,,,,,,,,,,,,,,,,,,,,,,,,,,,,,,,,,,,,,,,,
Q37160,Q13670392,,,,,,,,,,,,,,,,,,,,,,,,,,,,,,,,,,,,,,,,,,,,,
Q37163,Q11570630,,,,,,,,,,,,,,,,,,,,,,,,,,,,,,,,,,,,,,,,,,,,,
Q37164,Q11068907,,,,,,,,,,,,,,,,,,,,,,,,,,,,,,,,,,,,,,,,,,,,,
Q37167,Q11642033,,,,,,,,,,,,,,,,,,,,,,,,,,,,,,,,,,,,,,,,,,,,,
Q37168,Q13671429,,,,,,,,,,,,,,,,,,,,,,,,,,,,,,,,,,,,,,,,,,,,,
Q37171,Q11608276,,,,,,,,,,,,,,,,,,,,,,,,,,,,,,,,,,,,,,,,,,,,,
Q37172,Q13670487,,,,,,,,,,,,,,,,,,,,,,,,,,,,,,,,,,,,,,,,,,,,,
Q37175,Q108760953,,,,,,,,,,,,,,,,,,,,,,,,,,,,,,,,,,,,,,,,,,,,,
Q37176,Q45417169,,,,,,,,,,,,,,,,,,,,,,,,,,,,,,,,,,,,,,,,,,,,,
Q37179,Q115596087,,,,,,,,,,,,,,,,,,,,,,,,,,,,,,,,,,,,,,,,,,,,,
Q37180,Q45417171,,,,,,,,,,,,,,,,,,,,,,,,,,,,,,,,,,,,,,,,,,,,,
Q37183,Q11623743,,,,,,,,,,,,,,,,,,,,,,,,,,,,,,,,,,,,,,,,,,,,,
Q37185,Q11094418,,,,,,,,,,,,,,,,,,,,,,,,,,,,,,,,,,,,,,,,,,,,,
Q37187,Q109966347,,,,,,,,,,,,,,,,,,,,,,,,,,,,,,,,,,,,,,,,,,,,,
Q37189,Q13655323,,,,,,,,,,,,,,,,,,,,,,,,,,,,,,,,,,,,,,,,,,,,,
Q37191,Q109966601,,,,,,,,,,,,,,,,,,,,,,,,,,,,,,,,,,,,,,,,,,,,,
Q37193,Q13654207,,,,,,,,,,,,,,,,,,,,,,,,,,,,,,,,,,,,,,,,,,,,,
Q37195,Q109966697,,,,,,,,,,,,,,,,,,,,,,,,,,,,,,,,,,,,,,,,,,,,,
Q37197,Q13654138,,,,,,,,,,,,,,,,,,,,,,,,,,,,,,,,,,,,,,,,,,,,,
Q37199,Q109966803,,,,,,,,,,,,,,,,,,,,,,,,,,,,,,,,,,,,,,,,,,,,,
Q37201,Q133697551,,,,,,,,,,,,,,,,,,,,,,,,,,,,,,,,,,,,,,,,,,,,,
Q37202,Q11437877,,,,,,,,,,,,,,,,,,,,,,,,,,,,,,,,,,,,,,,,,,,,,
Q37205,Q97350460,,,,,,,,,,,,,,,,,,,,,,,,,,,,,,,,,,,,,,,,,,,,,
Q37206,Q11437892,,,,,,,,,,,,,,,,,,,,,,,,,,,,,,,,,,,,,,,,,,,,,
Q37209,Q1761226,,,,,,,,,,,,,,,,,,,,,,,,,,,,,,,,,,,,,,,,,,,,,
Q37210,Q11534764,,,,,,,,,,,,,,,,,,,,,,,,,,,,,,,,,,,,,,,,,,,,,
Q37213,Q15893987,,,,,,,,,,,,,,,,,,,,,,,,,,,,,,,,,,,,,,,,,,,,,
Q37214,Q11623742,,,,,,,,,,,,,,,,,,,,,,,,,,,,,,,,,,,,,,,,,,,,,
Q37217,Q45426775,,,,,,,,,,,,,,,,,,,,,,,,,,,,,,,,,,,,,,,,,,,,,
Q37218,Q109657158,,,,,,,,,,,,,,,,,,,,,,,,,,,,,,,,,,,,,,,,,,,,,
Q37221,Q22812627,,,,,,,,,,,,,,,,,,,,,,,,,,,,,,,,,,,,,,,,,,,,,
Q37222,Q109657166,,,,,,,,,,,,,,,,,,,,,,,,,,,,,,,,,,,,,,,,,,,,,
Q37225,Q16904072,,,,,,,,,,,,,,,,,,,,,,,,,,,,,,,,,,,,,,,,,,,,,
Q37226,Q109657261,,,,,,,,,,,,,,,,,,,,,,,,,,,,,,,,,,,,,,,,,,,,,
Q37230,Q109657425,,,,,,,,,,,,,,,,,,,,,,,,,,,,,,,,,,,,,,,,,,,,,
Q37234,Q108991081,,,,,,,,,,,,,,,,,,,,,,,,,,,,,,,,,,,,,,,,,,,,,
Q37238,Q109799521,,,,,,,,,,,,,,,,,,,,,,,,,,,,,,,,,,,,,,,,,,,,,
Q37242,Q110081113,,,,,,,,,,,,,,,,,,,,,,,,,,,,,,,,,,,,,,,,,,,,,
Q37246,Q110656819,,,,,,,,,,,,,,,,,,,,,,,,,,,,,,,,,,,,,,,,,,,,,
Q37250,Q11374466,,,,,,,,,,,,,,,,,,,,,,,,,,,,,,,,,,,,,,,,,,,,,
Q37254,Q108101043,,,,,,,,,,,,,,,,,,,,,,,,,,,,,,,,,,,,,,,,,,,,,
Q37258,Q11374496,,,,,,,,,,,,,,,,,,,,,,,,,,,,,,,,,,,,,,,,,,,,,
Q37262,Q11452036,,,,,,,,,,,,,,,,,,,,,,,,,,,,,,,,,,,,,,,,,,,,,
Q37266,Q11376748,,,,,,,,,,,,,,,,,,,,,,,,,,,,,,,,,,,,,,,,,,,,,
Q37270,Q11376741,,,,,,,,,,,,,,,,,,,,,,,,,,,,,,,,,,,,,,,,,,,,,
Q37274,Q115587250,,,,,,,,,,,,,,,,,,,,,,,,,,,,,,,,,,,,,,,,,,,,,
Q37278,Q11556112,,,,,,,,,,,,,,,,,,,,,,,,,,,,,,,,,,,,,,,,,,,,,
Q37282,Q22126894,,,,,,,,,,,,,,,,,,,,,,,,,,,,,,,,,,,,,,,,,,,,,
Q37286,Q134436065,,,,,,,,,,,,,,,,,,,,,,,,,,,,,,,,,,,,,,,,,,,,,
Q37290,Q8514354,,,,,,,,,,,,,,,,,,,,,,,,,,,,,,,,,,,,,,,,,,,,,
Q37294,Q11582519,,,,,,,,,,,,,,,,,,,,,,,,,,,,,,,,,,,,,,,,,,,,,
Q37298,Q11537555,,,,,,,,,,,,,,,,,,,,,,,,,,,,,,,,,,,,,,,,,,,,,
Q37302,Q11537553,,,,,,,,,,,,,,,,,,,,,,,,,,,,,,,,,,,,,,,,,,,,,
Q37306,Q108907479,,,,,,,,,,,,,,,,,,,,,,,,,,,,,,,,,,,,,,,,,,,,,
Q37310,Q11380784,,,,,,,,,,,,,,,,,,,,,,,,,,,,,,,,,,,,,,,,,,,,,
Q37318,Q8514097,,,,,,,,,,,,,,,,,,,,,,,,,,,,,,,,,,,,,,,,,,,,,
Q37322,Q108907505,,,,,,,,,,,,,,,,,,,,,,,,,,,,,,,,,,,,,,,,,,,,,
Q37326,Q108907549,,,,,,,,,,,,,,,,,,,,,,,,,,,,,,,,,,,,,,,,,,,,,
Q37334,Q109352490,,,,,,,,,,,,,,,,,,,,,,,,,,,,,,,,,,,,,,,,,,,,,
Q37338,Q110883548,,,,,,,,,,,,,,,,,,,,,,,,,,,,,,,,,,,,,,,,,,,,,
Q37342,Q8514102,,,,,,,,,,,,,,,,,,,,,,,,,,,,,,,,,,,,,,,,,,,,,
Q37346,Q110883636,,,,,,,,,,,,,,,,,,,,,,,,,,,,,,,,,,,,,,,,,,,,,
Q37354,Q109681609,,,,,,,,,,,,,,,,,,,,,,,,,,,,,,,,,,,,,,,,,,,,,
Q37358,Q109327887,,,,,,,,,,,,,,,,,,,,,,,,,,,,,,,,,,,,,,,,,,,,,
Q37362,Q11380714,,,,,,,,,,,,,,,,,,,,,,,,,,,,,,,,,,,,,,,,,,,,,
Q37366,Q11605882,,,,,,,,,,,,,,,,,,,,,,,,,,,,,,,,,,,,,,,,,,,,,
Q37370,Q11643124,,,,,,,,,,,,,,,,,,,,,,,,,,,,,,,,,,,,,,,,,,,,,
Q37374,Q11651518,,,,,,,,,,,,,,,,,,,,,,,,,,,,,,,,,,,,,,,,,,,,,
Q37377,Q8944426,,,,,,,,,,,,,,,,,,,,,,,,,,,,,,,,,,,,,,,,,,,,,
Q37378,Q109806342,,,,,,,,,,,,,,,,,,,,,,,,,,,,,,,,,,,,,,,,,,,,,
Q37381,Q12607164,,,,,,,,,,,,,,,,,,,,,,,,,,,,,,,,,,,,,,,,,,,,,
Q37382,Q109806490,,,,,,,,,,,,,,,,,,,,,,,,,,,,,,,,,,,,,,,,,,,,,
Q37385,Q12613106,,,,,,,,,,,,,,,,,,,,,,,,,,,,,,,,,,,,,,,,,,,,,
Q37386,Q109806524,,,,,,,,,,,,,,,,,,,,,,,,,,,,,,,,,,,,,,,,,,,,,
Q37389,Q67591343,,,,,,,,,,,,,,,,,,,,,,,,,,,,,,,,,,,,,,,,,,,,,
Q37391,Q110074521,,,,,,,,,,,,,,,,,,,,,,,,,,,,,,,,,,,,,,,,,,,,,
Q37393,Q12608763,,,,,,,,,,,,,,,,,,,,,,,,,,,,,,,,,,,,,,,,,,,,,
Q37395,Q110074670,,,,,,,,,,,,,,,,,,,,,,,,,,,,,,,,,,,,,,,,,,,,,
Q37397,Q12613361,,,,,,,,,,,,,,,,,,,,,,,,,,,,,,,,,,,,,,,,,,,,,
Q37399,Q110080938,,,,,,,,,,,,,,,,,,,,,,,,,,,,,,,,,,,,,,,,,,,,,
Q37401,Q720,,,,,,,,,,,,,khangenghis,,,,,,,,,,,,,,94920,,,,,,,,,,,,,,,Genghis_Khan_(1),,Yesügei-1,I00293059
Q37403,Q113206530,,,,,,,,,,,,,,,,,,,,,,,,,,,,,,,,,,,,,,,,,,,,,
Q37405,Q234805,,,,,,,,G2XP-662,,,,,,,,,,,,,,,,,,,148276,,,,,,,,,,,,,,,Börte_Unknown_(1),,Dei-18,I00298891
Q37407,Q110875561,,,,,,,,,,,,,,,,,,,,,,,,,,,,,,,,,,,,,,,,,,,,,
Q37409,Q7199764,,,,,,,,,,,,,,,,,,,,,,,,,,,279470,,,,,,,,,,,,,,,,,,
Q37411,Q110876531,,,,,,,,,,,,,,,,,,,,,,,,,,,,,,,,,,,,,,,,,,,,,
Q37413,Q2770270,,,,,,,,,,,,,,,,,,,,,,,,,,,,,,,,,,,,,,,,,,,,,
Q37415,Q8514014,,,,,,,,,,,,,,,,,,,,,,,,,,,,,,,,,,,,,,,,,,,,,
Q37417,Q2885851,,,,,,,,,,,,,,,,,,,,,,,,,,,,,,,,,,,,,,,,,,,,,
Q37419,Q108960859,,,,,,,,,,,,,,,,,,,,,,,,,,,,,,,,,,,,,,,,,,,,,
Q37421,Q17032401,,,,,,,,,,,,,,,,,,,,,,,,,,,,,,,,,,,,,,,,,,,,,
Q37423,Q62601439,,,,,,,,,,,,,,,,,,,,,,,,,,,,,,,,,,,,,,,,,,,,,
Q37425,Q1914424,,,,,,,,,,,,,,,,,,,,,,,,,,,,,,,,,,,,,,,,,,,,,
Q37427,Q11423481,,,,,,,,,,,,,,,,,,,,,,,,,,,,,,,,,,,,,,,,,,,,,
Q37428,Q18110553,,,,,,,,,,,,,,,,,,,,,,,,,,,,,,,,,,,,,,,,,,,,,
Q37431,Q11400600,,,,,,,,,,,,,,,,,,,,,,,,,,,,,,,,,,,,,,,,,,,,,
Q37432,Q186581,,,,,,,,,,,,,,,,,,,,,,,,,,,94919,,,,,,,,,,,,,,,Jochi_of_Genghis_(1),,Temüjin-4,I00293060
Q37435,Q111021303,,,,,,,,,,,,,,,,,,,,,,,,,,,,,,,,,,,,,,,,,,,,,
Q37436,Q487543,,,,,,,,,,,,,,,,,,,,,,,,,,,95023,,,,,,,,,,,,,,,,,Temüjin-3,I00298852
Q37439,Q109864672,,,,,,,,,,,,,,,,,,,,,,,,,,,,,,,,,,,,,,,,,,,,,
Q37440,Q7063489,,,,,,,,,,,,,,,,,,,,,,,,,,,,,,,,,,,,,,,,,,,,,
Q37443,Q11400606,,,,,,,,,,,,,,,,,,,,,,,,,,,,,,,,,,,,,,,,,,,,坊城-3,
Q37445,Q4251208,,,,,,,,,,,,,,,,,,,,,,,,,,,618631|823237,,,,,,,,,,,,,,,,,,
Q37447,Q110058891,,,,,,,,,,,,,,,,,,,,,,,,,,,,,,,,,,,,,,,,,,,,,
Q37449,Q7063952,,,,,,,,,,,,,,,,,,,,,,,,,,,,,,,,,,,,,,,,,,,,,
Q37451,Q110059102,,,,,,,,,,,,,,,,,,,,,,,,,,,,,,,,,,,,,,,,,,,,,
Q37452,Q7064003,,,,,,,,,,,,,,,,,,,,,,,,,,,,,,,,,,,,,,,,,,,,,
Q37455,Q108855679,,,,,,,,,,,,,,,,,,,,,,,,,,,,,,,,,,,,,,,,,,,,,
Q37456,Q7519,,,,,,,,,,,,,,,,,,,,,,,,,,,94923,,,,,,,,,,,,,,,,,Temüjin-2,I00298638
Q37459,Q109854191,,,,,,,,,,,,,,,,,,,,,,,,,,,,,,,,,,,,,,,,,,,,,
Q37460,Q56284349,,,,,,,,,,,,,,,,,,,,,,,,,,,,,,,,,,,,,,,,,,,,,I00566553
Q37463,Q108855861,,,,,,,,,,,,,,,,,,,,,,,,,,,,,,,,,,,,,,,,,,,,,
Q37464,Q24871582,,,,,,,,,,,,,,,,,,,,,,,,,,,,,,,,,,,,,,,,,,,,,
Q37467,Q108855870,,,,,,,,,,,,,,,,,,,,,,,,,,,,,,,,,,,,,,,,,,,,,
Q37468,Q23953751,,,,,,,,,,,,,,,,,,,,,,,,,,,,,,,,,,,,,,,,,,,,,I00299590
Q37471,Q109852265,,,,,,,,,,,,,,,,,,,,,,,,,,,,,,,,,,,,,,,,,,,,,
Q37472,Q30948830,,,,,,,,,,,,,,,,,,,,,,,,,,,,,,,,,,,,,,,,,,,,,I00298892
Q37475,Q109852009,,,,,,,,,,,,,,,,,,,,,,,,,,,,,,,,,,,,,,,,,,,,,
Q37476,Q7070073,,,,,,,,,,,,,,,,,,,,,,,,,,,,,,,,,,,,,,,,,,,,,
Q37479,Q109852460,,,,,,,,,,,,,,,,,,,,,,,,,,,,,,,,,,,,,,,,,,,,,
Q37480,Q7070191,,,,,,,,,,,,,,,,,,,,,,,,,,,,,,,,,,,,,,,,,,,,,
Q37483,Q20040540,,,,,,,,,,,,,,,,,,,,,,,,,,,,,,,,,,,,,,,,,,,,,
Q37484,Q7070346,,,,,,,,,,,,,,,,,,,,,,,,,,,,,,,,,,,,,,,,,,,,,
Q37487,Q11556115,,,,,,,,,,,,,,,,,,,,,,,,,,,,,,,,,,,,,,,,,,,,,
Q37488,Q7070452,,,,,,,,,,,,,,,,,,,,,,,,,,,,,,,,,,,,,,,,,,,,,
Q37491,Q11556117,,,,,,,,,,,,,,,,,,,,,,,,,,,,,,,,,,,,,,,,,,,,,
Q37492,Q7070546,,,,,,,,,,,,,,,,,,,,,,,,,,,,,,,,,,,,,,,,,,,,,
Q37495,Q11454761,,,,,,,,,,,,,,,,,,,,,,,,,,,,,,,,,,,,,,,,,,,,,
Q37496,Q59133153,,,,,,,,,,,,,,,,,,,,,,,,,,,,,,,,,,,,,,,,,,,,,
Q37499,Q24860835,,,,,,,,,,,,,,,,,,,,,,,,,,,,,,,,,,,,,,,,,,,,,
Q37500,Q7070636,,,,,,,,,,,,,,,,,,,,,,,,,,,,,,,,,,,,,,,,,,,,,
Q37503,Q124497711,,,,,,,,,,,,,,,,,,,,,,,,,,,,,,,,,,,,,,,,,,,,,
Q37504,Q7070714,,,,,,,,,,,,,,,,,,,,,,,,,,,,,,,,,,,,,,,,,,,,,I00301546
Q37507,Q111307904,,,,,,,,,,,,,,,,,,,,,,,,,,,,,,,,,,,,,,,,,,,,,
Q37508,Q7070763,,,,,,,,,,,,,,,,,,,,,,,,,,,,,,,,,,,,,,,,,,,,,I00301547
Q37511,Q11458663,,,,,,,,,,,,,,,,,,,,,,,,,,,,,,,,,,,,,,,,,,,,,
Q37512,Q19851830,,,,,,,,,,,,,,,,,,,,,,,,,,,,,,,,,,,,,,,,,,,,,
Q37515,Q109116522,,,,,,,,,,,,,,,,,,,,,,,,,,,,,,,,,,,,,,,,,,,,,
Q37516,Q19852309,,,,,,,,,,,,,,,,,,,,,,,,,,,,,,,,,,,,,,,,,,,,,
Q37519,Q109116531,,,,,,,,,,,,,,,,,,,,,,,,,,,,,,,,,,,,,,,,,,,,,
Q37520,Q19852571,,,,,,,,,,,,,,,,,,,,,,,,,,,,,,,,,,,,,,,,,,,,,
Q37523,Q11621356,,,,,,,,,,,,,,,,,,,,,,,,,,,,,,,,,,,,,,,,,,,,,
Q37524,Q154196,,,,,,,,,,,,,,,,,,,,,,,,,,,279414,,,,,,,,,,,,,,,,,,I00298898
Q37527,Q110074315,,,,,,,,,,,,,,,,,,,,,,,,,,,,,,,,,,,,,,,,,,,,,
Q37528,Q108757904,,,,,,,,,,,,,,,,,,,,,,,,,,,,,,,,,,,,,,,,,,,,,
Q37531,Q29411039,,,,,,,,,,,,,,,,,,,,,,,,,,,,,,,,,,,,,,,,,,,,,
Q37532,Q108758207,,,,,,,,,,,,,,,,,,,,,,,,,,,,,,,,,,,,,,,,,,,,,
Q37535,Q11408530,,,,,,,,,,,,,,,,,,,,,,,,,,,,,,,,,,,,,,,,,,,,,
Q37536,Q100741901,,,,,,,,,,,,,,,,,,,,,,,,,,,,,,,,,,,,,,,,,,,,,
Q37539,Q8513884,,,,,,,,,,,,,,,,,,,,,,,,,,,,,,,,,,,,,,,,,,,,,
Q37541,Q223239,,,,,,,,,,,,,,,,,,,,,,,,,,,279419,,,,,,,,,,,,,,,,,,I00298905
Q37543,Q22131468,,,,,,,,,,,,,,,,,,,,,,,,,,,,,,,,,,,,,,,,,,,,,
Q37545,Q337516,,,,,,,,,,,,,,,,,,,,,,,,,,,279764|1266887,,,,,,,,,,,,,,,,,,
Q37547,Q119380356,,,,,,,,,,,,,,,,,,,,,,,,,,,,,,,,,,,,,,,,,,,,,
Q37549,Q23684592,,,,,,,,,,,,,,,,,,,,,,,,,,,1266867,,,,,,,,,,,,,,,,,,I00299596
Q37550,Q11403859,,,,,,,,,,,,,,,,,,,,,,,,,,,,,,,,,,,,,,,,,,,,,
Q37553,Q89591010,,,,,,,,,,,,,,,,,,,,,,,,,,,,,,,,,,,,,,,,,,,,,
Q37554,Q11418009,,,,,,,,,,,,,,,,,,,,,,,,,,,,,,,,,,,,,,,,,,,,,
Q37557,Q90696278,,,,,,,,,,,,,,,,,,,,,,,,,,,,,,,,,,,,,,,,,,,,,
Q37558,Q111027821,,,,,,,,,,,,,,,,,,,,,,,,,,,,,,,,,,,,,,,,,,,,,
Q37561,Q90734211,,,,,,,,,,,,,,,,,,,,,,,,,,,,,,,,,,,,,,,,,,,,,
Q37565,Q108758643,,,,,,,,,,,,,,,,,,,,,,,,,,,,,,,,,,,,,,,,,,,,,
Q37566,Q111192640,,,,,,,,,,,,,,,,,,,,,,,,,,,,,,,,,,,,,,,,,,,,,
Q37569,Q108758886,,,,,,,,,,,,,,,,,,,,,,,,,,,,,,,,,,,,,,,,,,,,,
Q37570,Q111196347,,,,,,,,,,,,,,,,,,,,,,,,,,,,,,,,,,,,,,,,,,,,,
Q37573,Q79243967,,,,,,,,,,,,,,,,,,,,,,,,,,,,,,,,,,,,,,,,,,,,,
Q37574,Q115587300,,,,,,,,,,,,,,,,,,,,,,,,,,,,,,,,,,,,,,,,,,,,,
Q37577,Q45558970,,,,,,,,,,,,,,,,,,,,,,,,,,,,,,,,,,,,,,,,,,,,,
Q37578,Q11627721,,,,,,,,,,,,,,,,,,,,,,,,,,,,,,,,,,,,,,,,,,,,,
Q37581,Q45650342,,,,,,,,,,,,,,,,,,,,,,,,,,,,,,,,,,,,,,,,,,,,,
Q37582,Q106317211,,,,,,,,,,,,,,,,,,,,,,,,,,,,,,,,,,,,,,,,,,,,,
Q37585,Q96241084,,,,,,,,,,,,,,,,,,,,,,,,,,,,,,,,,,,,,,,,,,,,,I00566557
Q37586,Q106702943,,,,,,,,,,,,,,,,,,,,,,,,,,,,,,,,,,,,,,,,,,,,,
Q37589,Q108757967,,,,,,,,,,,,,,,,,,,,,,,,,,,,,,,,,,,,,,,,,,,,,
Q37590,Q115596126,,,,,,,,,,,,,,,,,,,,,,,,,,,,,,,,,,,,,,,,,,,,,
Q37593,Q11088225,,,,,,,,,,,,,,,,,,,,,,,,,,,,,,,,,,,,,,,,,,,,,
Q37594,Q115587147,,,,,,,,,,,,,,,,,,,,,,,,,,,,,,,,,,,,,,,,,,,,,
Q37597,Q38962444,,,,,,,,,,,,,,,,,,,,,,,,,,,,,,,,,,,,,,,,,,,,,
Q37598,Q110050858,,,,,,,,,,,,,,,,,,,,,,,,,,,,,,,,,,,,,,,,,,,,,
Q37601,Q28692219,,,,,,,,,,,,,,,,,,,,,,,,,,,,,,,,,,,,,,,,,,,,,
Q37602,Q106317197,,,,,,,,,,,,,,,,,,,,,,,,,,,,,,,,,,,,,,,,,,,,,
Q37605,Q7067756,,,,,,,,,,,,,,,,,,,,,,,,,,,,,,,,,,,,,,,,,,,,,
Q37606,Q113232056,,,,,,,,,,,,,,,,,,,,,,,,,,,,,,,,,,,,,,,,,,,,,
Q37609,Q7068167,,,,,,,,,,,,,,,,,,,,,,,,,,,,,,,,,,,,,,,,,,,,,
Q37610,Q10514826,,,,,,,,,,,,,,,,,,,,,,,,,,,,,,,,,,,,,,,,,,,,,
Q37613,Q45656037,,,,,,,,,,,,,,,,,,,,,,,,,,,,,,,,,,,,,,,,,,,,,
Q37614,Q58139883,,,,,,,,,,,,,,,,,,,,,,,,,,,,,,,,,,,,,,,,,,,,,
Q37617,Q852196,,,,,,,,,,,,,,,,,,,,,,,,,,,,,,,,,,,,,,,,,,,,,
Q37618,Q111021241,,,,,,,,,,,,,,,,,,,,,,,,,,,,,,,,,,,,,,,,,,,,,
Q37621,Q24868282,,,,,,,,,,,,,,,,,,,,,,,,,,,,,,,,,,,,,,,,,,,,,
Q37622,Q11516808,,,,,,,,,,,,,,,,,,,,,,,,,,,,,,,,,,,,,,,,,,,,,
Q37625,Q38958036,,,,,,,,,,,,,,,,,,,,,,,,,,,,,,,,,,,,,,,,,,,,,
Q37626,Q108745029,,,,,,,,,,,,,,,,,,,,,,,,,,,,,,,,,,,,,,,,,,,,,
Q37629,Q28692037,,,,,,,,,,,,,,,,,,,,,,,,,,,,,,,,,,,,,,,,,,,,,
Q37630,Q110727182,,,,,,,,,,,,,,,,,,,,,,,,,,,,,,,,,,,,,,,,,,,,,
Q37633,Q45497050,,,,,,,,,,,,,,,,,,,,,,,,,,,,,,,,,,,,,,,,,,,,,
Q37634,Q6832369,,,,,,,,,,,,,,,,,,,,,,,,,,,,,,,,,,,,,,,,,,,,松平-207,
Q37637,Q45468855,,,,,,,,,,,,,,,,,,,,,,,,,,,,,,,,,,,,,,,,,,,,,
Q37638,Q11581800,,,,,,,,,,,,,,,,,,,,,,,,,,,,,,,,,,,,,,,,,,,,,
Q37641,Q45562416,,,,,,,,,,,,,,,,,,,,,,,,,,,,,,,,,,,,,,,,,,,,,
Q37642,Q108807725,,,,,,,,,,,,,,,,,,,,,,,,,,,,,,,,,,,,,,,,,,,,,
Q37645,Q18654489,,,,,,,,,,,,,,,,,,,,,,,,,,,,,,,,,,,,,,,,,,,,,
Q37646,Q111143495,,,,,,,,,,,,,,,,,,,,,,,,,,,,,,,,,,,,,,,,,,,,,
Q37649,Q45561779,,,,,,,,,,,,,,,,,,,,,,,,,,,,,,,,,,,,,,,,,,,,,
Q37650,Q111143617,,,,,,,,,,,,,,,,,,,,,,,,,,,,,,,,,,,,,,,,,,,,,
Q37653,Q28416764,,,,,,,,,,,,,,,,,,,,,,,,,,,,,,,,,,,,,,,,,,,,,
Q37654,Q56348388,,,,,,,,,,,,,,,,,,,,,,,,,,,,,,,,,,,,,,,,,,,,,
Q37657,Q106602154,,,,,,,,,,,,,,,,,,,,,,,,,,,,,,,,,,,,,,,,,,,,,
Q37658,Q111216504,,,,,,,,,,,,,,,,,,,,,,,,,,,,,,,,,,,,,,,,,,,,,
Q37661,Q7074809,,,,,,,,,,,,,,,,,,,,,,,,,,,,,,,,,,,,,,,,,,,,,
Q37662,Q11399262,,,,,,,,,,,,,,,,,,,,,,,,,,,,,,,,,,,,,,,,,,,,,
Q37665,Q7076261,,,,,,,,,,,,,,,,,,,,,,,,,,,,,,,,,,,,,,,,,,,,,
Q37666,Q11399256,,,,,,,,,,,,,,,,,,,,,,,,,,,,,,,,,,,,,,,,,,,,,
Q37669,Q7076342,,,,,,,,,,,,,,,,,,,,,,,,,,,,,,,,,,,,,,,,,,,,,
Q37670,Q10517132,,,,,,,,,,,,,,,,,,,,,,,,,,,,,,,,,,,,,,,,,,,,,
Q37673,Q8532,,,,,,,,,,,,,,,,,,,,,,,,,,,489668,,,,,,,,,,,,,,,,,,I00298880
Q37674,Q8514986,,,,,,,,,,,,,,,,,,,,,,,,,,,,,,,,,,,,,,,,,,,,,
Q37677,Q8540,,,,,,,,,,,,,,,,,,,,,,,,,,,844019,,,,,,,,,,,,,,,,,,I00298881
Q37678,Q134567447,,,,,,,,,,,,,,,,,,,,,,,,,,,,,,,,,,,,,,,,,,,,,
Q37681,Q16603548,,,,,,,,,,,,,,,,,,,,,,,,,,,,,,,,,,,,,,,,,,,,,
Q37682,Q18989874,,,,,,,,,,,,,,,,,,,,,,,,,,,,,,,,,,,,,,,,,,,,,
Q37685,Q7080746,,,,,,,,,,,,,,,,,,,,,,,,,,,,,,,,,,,,,,,,,,,,,
Q37686,Q11558120,,,,,,,,,,,,,,,,,,,,,,,,,,,,,,,,,,,,,,,,,,,,,
Q37689,Q4997173,,,,,,,,,,,,,,,,,,,,,,,,,,,1170578,,,,,,,,,,,,,,,,,,
Q37690,Q110903023,,,,,,,,,,,,,,,,,,,,,,,,,,,,,,,,,,,,,,,,,,,,,
Q37693,Q7080880,,,,,,,,,,,,,,,,,,,,,,,,,,,,,,,,,,,,,,,,,,,,,
Q37694,Q79737485,,,,,,,,,,,,,,,,,,,,,,,,,,,,,,,,,,,,,,,,,,,,,
Q37697,Q19853212,,,,,,,,,,,,,,,,,,,,,,,,,,,,,,,,,,,,,,,,,,,,,
Q37698,Q110903054,,,,,,,,,,,,,,,,,,,,,,,,,,,,,,,,,,,,,,,,,,,,,
Q37701,Q19852736,,,,,,,,,,,,,,,,,,,,,,,,,,,,,,,,,,,,,,,,,,,,,
Q37702,Q11380725,,,,,,,,,,,,,,,,,,,,,,,,,,,,,,,,,,,,,,,,,,,,,
Q37705,Q24832109,,,,,,,,,,,,,,,,,,,,,,,,,,,,,,,,,,,,,,,,,,,,,
Q37706,Q111027288,,,,,,,,,,,,,,,,,,,,,,,,,,,,,,,,,,,,,,,,,,,,,
Q37709,Q713224,,,,,,,,,,,,,,,,,,,,,,,,,,,,,,,,,,,,,,,,,,,,,
Q37710,Q111027487,,,,,,,,,,,,,,,,,,,,,,,,,,,,,,,,,,,,,,,,,,,,,
Q37713,Q45499365,,,,,,,,,,,,,,,,,,,,,,,,,,,,,,,,,,,,,,,,,,,,,
Q37714,Q110901613,,,,,,,,,,,,,,,,,,,,,,,,,,,,,,,,,,,,,,,,,,,,,
Q37717,Q28417083,,,,,,,,,,,,,,,,,,,,,,,,,,,,,,,,,,,,,,,,,,,,,
Q37718,Q11439903,,,,,,,,,,,,,,,,,,,,,,,,,,,,,,,,,,,,,,,,,,,,,
Q37721,Q45666972,,,,,,,,,,,,,,,,,,,,,,,,,,,,,,,,,,,,,,,,,,,,,
Q37722,Q108884522,,,,,,,,,,,,,,,,,,,,,,,,,,,,,,,,,,,,,,,,,,,,,
Q37725,Q80576456,,,,,,,,,,,,,,,,,,,,,,,,,,,,,,,,,,,,,,,,,,,,,
Q37726,Q8515187,,,,,,,,,,,,,,,,,,,,,,,,,,,,,,,,,,,,,,,,,,,,,
Q37729,Q19851862,,,,,,,,,,,,,,,,,,,,,,,,,,,,,,,,,,,,,,,,,,,,,
Q37730,Q11473868,,,,,,,,,,,,,,,,,,,,,,,,,,,,,,,,,,,,,,,,,,,,,
Q37733,Q24875857,,,,,,,,,,,,,,,,,,,,,,,,,,,,,,,,,,,,,,,,,,,,,
Q37734,Q11473873,,,,,,,,,,,,,,,,,,,,,,,,,,,,,,,,,,,,,,,,,,,,,
Q37737,Q30947861,,,,,,,,,,,,,,,,,,,,,,,,,,,,,,,,,,,,,,,,,,,,,
Q37738,Q106056828,,,,,,,,,,,,,,,,,,,,,,,,,,,,,,,,,,,,,,,,,,,,,
Q37741,Q10483646,,,,,,,,,,,,,,,,,,,,,,,,,,,,,,,,,,,,,,,,,,,,,
Q37742,Q126006454,,,,,,,,,,,,,,,,,,,,,,,,,,,,,,,,,,,,,,,,,,,,,
Q37745,Q22829172,,,,,,,,,,,,,,,,,,,,,,,,,,,,,,,,,,,,,,,,,,,,,
Q37746,Q111023306,,,,,,,,,,,,,,,,,,,,,,,,,,,,,,,,,,,,,,,,,,,,,
Q37749,Q7075675,,,,,,,,,,,,,,,,,,,,,,,,,,,,,,,,,,,,,,,,,,,,,
Q37750,Q111023538,,,,,,,,,,,,,,,,,,,,,,,,,,,,,,,,,,,,,,,,,,,,,
Q37753,Q4838111,,,,,,,,,,,,,,,,,,,,,,,,,,,,,,,,,,,,,,,,,,,,,
Q37754,Q11500822,,,,,,,,,,,,,,,,,,,,,,,,,,,,,,,,,,,,,,,,,,,,,
Q37757,Q4838081,,,,,,,,,,,,,,,,,,,,,,,,,,,274834,,,,,,,,,,,,,,,,,,
Q37758,Q134298867,,,,,,,,,,,,,,,,,,,,,,,,,,,,,,,,,,,,,,,,,,,,,
Q37761,Q7075635,,,,,,,,,,,,,,,,,,,,,,,,,,,,,,,,,,,,,,,,,,,,,
Q37762,Q59552275,,,,,,,,,,,,,,,,,,,,,,,,,,,,,,,,,,,,,,,,,,,,,
Q37765,Q18653351,,,,,,,,,,,,,,,,,,,,,,,,,,,,,,,,,,,,,,,,,,,,,
Q37767,Q11430609,,,,,,,,,,,,,,,,,,,,,,,,,,,,,,,,,,,,,,,,,,,,,
Q37769,Q8653,,,,,,,,,,,,,,,,,,,,,,,,,,,274838,,,,,,,,,,,,,,,,,,I00298877
Q37771,Q11430610,,,,,,,,,,,,,,,,,,,,,,,,,,,,,,,,,,,,,,,,,,,,,
Q37773,Q9397627,,,,,,,,,,,,,,,,,,,,,,,,,,,,,,,,,,,,,,,,,,,,,
Q37775,Q11632021,,,,,,,,,,,,,,,,,,,,,,,,,,,,,,,,,,,,,,,,,,,,,
Q37777,Q9412667,,,,,,,,,,,,,,,,,,,,,,,,,,,,,,,,,,,,,,,,,,,,,
Q37779,Q134300058,,,,,,,,,,,,,,,,,,,,,,,,,,,,,,,,,,,,,,,,,,,,,
Q37781,Q10260387,,,,,,,,,,,,,,,,,,,,,,,,,,,,,,,,,,,,,,,,,,,,,
Q37783,Q134299962,,,,,,,,,,,,,,,,,,,,,,,,,,,,,,,,,,,,,,,,,,,,,
Q37785,Q7074964,,,,,,,,,,,,,,,,,,,,,,,,,,,,,,,,,,,,,,,,,,,,,
Q37787,Q134695467,,,,,,,,,,,,,,,,,,,,,,,,,,,,,,,,,,,,,,,,,,,,,
Q37789,Q45488507,,,,,,,,,,,,,,,,,,,,,,,,,,,,,,,,,,,,,,,,,,,,,
Q37791,Q134699753,,,,,,,,,,,,,,,,,,,,,,,,,,,,,,,,,,,,,,,,,,,,,
Q37793,Q27513173,,,,,,,,,,,,,,,,,,,,,,,,,,,,,,,,,,,,,,,,,,,,,
Q37795,Q24867249,,,,,,,,,,,,,,,,,,,,,,,,,,,,,,,,,,,,,,,,,,,,,
Q37797,Q704201,,,,,,,,,,,,,,,,,,,,,,,,,,,,,,,,,,,,,,,,,,,,,
Q37799,Q111307255,,,,,,,,,,,,,,,,,,,,,,,,,,,,,,,,,,,,,,,,,,,,,
Q37801,Q30947853,,,,,,,,,,,,,,,,,,,,,,,,,,,,,,,,,,,,,,,,,,,,,
Q37803,Q110656129,,,,,,,,,,,,,,,,,,,,,,,,,,,,,,,,,,,,,,,,,,,,,
Q37805,Q6855218,,,,,,,,,,,,,,,,,,,,,,,,,,,,,,,,,,,,,,,,,,,,,
Q37807,Q11399361,,,,,,,,,,,,,,,,,,,,,,,,,,,,,,,,,,,,,,,,,,,,,
Q37809,Q12610609,,,,,,,,,,,,,,,,,,,,,,,,,,,,,,,,,,,,,,,,,,,,,
Q37811,Q110136258,,,,,,,,,,,,,,,,,,,,,,,,,,,,,,,,,,,,,,,,,,,,,
Q37813,Q12626249,,,,,,,,,,,,,,,,,,,,,,,,,,,,,,,,,,,,,,,,,,,,,
Q37815,Q118697839,,,,,,,,,,,,,,,,,,,,,,,,,,,,,,,,,,,,,,,,,,,,,
Q37817,Q494056,,,,,,,,,,,,,,,,,,,,,,,,,,,,,,,,,,,,,,,,,,,,,
Q37819,Q8514148,,,,,,,,,,,,,,,,,,,,,,,,,,,,,,,,,,,,,,,,,,,,,
Q37821,Q485495,,,,,,,,,,,,,,,,,,,,,,,,,,,,,,,,,,,,,,,,,,,,,
Q37823,Q113244689,,,,,,,,,,,,,,,,,,,,,,,,,,,,,,,,,,,,,,,,,,,,,
Q37825,Q12614386,,,,,,,,,,,,,,,,,,,,,,,,,,,,,,,,,,,,,,,,,,,,,
Q37827,Q113244817,,,,,,,,,,,,,,,,,,,,,,,,,,,,,,,,,,,,,,,,,,,,,
Q37829,Q18052753,,,,,,,,,,,,,,,,,,,,,,,,,,,,,,,,,,,,,,,,,,,,,
Q37831,Q8514937,,,,,,,,,,,,,,,,,,,,,,,,,,,,,,,,,,,,,,,,,,,,,
Q37832,Q17278274,,,,,,,,,,,,,,,,,,,,,,,,,,,,,,,,,,,,,,,,,,,,,
Q37835,Q111018799,,,,,,,,,,,,,,,,,,,,,,,,,,,,,,,,,,,,,,,,,,,,,
Q37836,Q302096,,,,,,,,,,,,,,,,,,,,,,,,,,,,,,,,,,,,,,,,,,,,,
Q37839,Q8514867,,,,,,,,,,,,,,,,,,,,,,,,,,,,,,,,,,,,,,,,,,,,,
Q37841,Q4459305,,,,,,,,,,,,,,,,,,,,,,,,,,,,,,,,,,,,,,,,,,,,,
Q37843,Q11482630,,,,,,,,,,,,,,,,,,,,,,,,,,,,,,,,,,,,,,,,,,,,,
Q37845,Q12608460,,,,,,,,,,,,,,,,,,,,,,,,,,,,,,,,,,,,,,,,,,,,,
Q37847,Q111254668,,,,,,,,,,,,,,,,,,,,,,,,,,,,,,,,,,,,,,,,,,,,,
Q37849,Q485590,,,,,,,,,,,,,,,,,,,,,,,,,,,,,,,,,,,,,,,,,,,,,
Q37851,Q111257454,,,,,,,,,,,,,,,,,,,,,,,,,,,,,,,,,,,,,,,,,,,,,
Q37855,Q111260902,,,,,,,,,,,,,,,,,,,,,,,,,,,,,,,,,,,,,,,,,,,,,
Q37859,Q10565460,,,,,,,,,,,,,,,,,,,,,,,,,,,,,,,,,,,,,,,,,,,,,
Q37863,Q87869620,,,,,,,,,,,,,,,,,,,,,,,,,,,,,,,,,,,,,,,,,,,,,
Q37867,Q111296225,,,,,,,,,,,,,,,,,,,,,,,,,,,,,,,,,,,,,,,,,,,,,
Q37871,Q108134238,,,,,,,,,,,,,,,,,,,,,,,,,,,,,,,,,,,,,,,,,,,,,
Q37875,Q11629667,,,,,,,,,,,,,,,,,,,,,,,,,,,,,,,,,,,,,,,,,,,,,
Q37879,Q11629663,,,,,,,,,,,,,,,,,,,,,,,,,,,,,,,,,,,,,,,,,,,,,
Q37883,Q11629679,,,,,,,,,,,,,,,,,,,,,,,,,,,,,,,,,,,,,,,,,,,,,
Q37887,Q111253747,,,,,,,,,,,,,,,,,,,,,,,,,,,,,,,,,,,,,,,,,,,,,
Q37891,Q11551122,,,,,,,,,,,,,,,,,,,,,,,,,,,,,,,,,,,,,,,,,,,,,
Q37895,Q110727644,,,,,,,,,,,,,,,,,,,,,,,,,,,,,,,,,,,,,,,,,,,,,
Q37899,Q106650403,,,,,,,,,,,,,,,,,,,,,,,,,,,,,,,,,,,,,,,,,,,,,
Q37903,Q95400574,,,,,,,,,,,,,,,,,,,,,,,,,,,,,,,,,,,,,,,,,,,,,
Q37907,Q1328807,,,,,,,,,,,,,,,,,,,,,,,,,,,,,,,,,,,,,,,,,,,,,
Q37911,Q109917846,,,,,,,,,,,,,,,,,,,,,,,,,,,,,,,,,,,,,,,,,,,,,
Q37915,Q110969211,,,,,,,,,,,,,,,,,,,,,,,,,,,,,,,,,,,,,,,,,,,,,
Q37919,Q110825129,,,,,,,,,,,,,,,,,,,,,,,,,,,,,,,,,,,,,,,,,,,,,
Q37923,Q110825146,,,,,,,,,,,,,,,,,,,,,,,,,,,,,,,,,,,,,,,,,,,,,
Q37928,Q110825167,,,,,,,,,,,,,,,,,,,,,,,,,,,,,,,,,,,,,,,,,,,,,
Q37932,Q11619298,,,,,,,,,,,,,,,,,,,,,,,,,,,,,,,,,,,,,,,,,,,,,
Q37936,Q57538639,,,,,,,,,,,,,,,,,,,,,,,,,,,,,,,,,,,,,,,,,,,,,
Q37940,Q106680683,,,,,,,,,,,,,,,,,,,,,,,,,,,,,,,,,,,,,,,,,,,,,
Q37944,Q11402165,,,,,,,,,,,,,,,,,,,,,,,,,,,,,,,,,,,,,,,,,,,,,
Q37948,Q11518807,,,,,,,,,,,,,,,,,,,,,,,,,,,,,,,,,,,,,,,,,,,,,
Q37952,Q11603637,,,,,,,,,,,,,,,,,,,,,,,,,,,,,,,,,,,,,,,,,,,,,
Q37956,Q109678691,,,,,,,,,,,,,,,,,,,,,,,,,,,,,,,,,,,,,,,,,,,,,
Q37960,Q11433658,,,,,,,,,,,,,,,,,,,,,,,,,,,,,,,,,,,,,,,,,,,,,
Q37964,Q11418433,,,,,,,,,,,,,,,,,,,,,,,,,,,,,,,,,,,,,,,,,,,,,
Q37968,Q11629664,,,,,,,,,,,,,,,,,,,,,,,,,,,,,,,,,,,,,,,,,,,,,
Q37972,Q11379605,,,,,,,,,,,,,,,,,,,,,,,,,,,,,,,,,,,,,,,,,,,,,
Q37976,Q118747099,,,,,,,,,,,,,,,,,,,,,,,,,,,,,,,,,,,,,,,,,,,,,
Q37980,Q20038671,,,,,,,,,,,,,,,,,,,,,,,,,,,,,,,,,,,,,,,,,,,,,
Q37984,Q109117270,,,,,,,,,,,,,,,,,,,,,,,,,,,,,,,,,,,,,,,,,,,,,
Q37988,Q11574909,,,,,,,,,,,,,,,,,,,,,,,,,,,,,,,,,,,,,,,,,,,,,
Q37992,Q55973368,,,,,,,,,,,,,,,,,,,,,,,,,,,,,,,,,,,,,,,,,,,,,
Q37996,Q20039167,,,,,,,,,,,,,,,,,,,,,,,,,,,,,,,,,,,,,,,,,,,,,
Q37997,Q111328777,,,,,,,,,,,,,,,,,,,,,,,,,,,,,,,,,,,,,,,,,,,,,
Q38000,Q17992523,,,,,,,,,,,,,,,,,,,,,,,,,,,,,,,,,,,,,,,,,,,,,
Q38004,Q17988308,,,,,,,,,,,,,,,,,,,,,,,,,,,,,,,,,,,,,,,,,,,,,
Q38008,Q111027354,,,,,,,,,,,,,,,,,,,,,,,,,,,,,,,,,,,,,,,,,,,,,
Q38012,Q6788057,,,,,,,,,,,,,,,,,,,,,,,,,,,,,,,,,,,,,,,,,,,,松平-68,
Q38016,Q11641854,,,,,,,,,,,,,,,,,,,,,,,,,,,,,,,,,,,,,,,,,,,,,
Q38020,Q110050864,,,,,,,,,,,,,,,,,,,,,,,,,,,,,,,,,,,,,,,,,,,,,
Q38024,Q110050805,,,,,,,,,,,,,,,,,,,,,,,,,,,,,,,,,,,,,,,,,,,,,
Q38028,Q110050841,,,,,,,,,,,,,,,,,,,,,,,,,,,,,,,,,,,,,,,,,,,,,
Q38032,Q106513846,,,,,,,,,,,,,,,,,,,,,,,,,,,,,,,,,,,,,,,,,,,,,
Q38036,Q6455258,,,,,,,,,,,,,,,,,,,,,,,,,,,,,,,,,,,,,,,,,,,,,
Q38040,Q11373066,,,,,,,,,,,,,,,,,,,,,,,,,,,,,,,,,,,,,,,,,,,,,
Q38044,Q108057736,,,,,,,,,,,,,,,,,,,,,,,,,,,,,,,,,,,,,,,,,,,,,
Q38048,Q108057761,,,,,,,,,,,,,,,,,,,,,,,,,,,,,,,,,,,,,,,,,,,,,
Q38052,Q11608311,,,,,,,,,,,,,,,,,,,,,,,,,,,,,,,,,,,,,,,,,,,,織田-27,
Q38056,Q11608326,,,,,,,,,,,,,,,,,,,,,,,,,,,,,,,,,,,,,,,,,,,,織田-35,
Q38164,Q108841005,,,,,,,,,,,,,,,,,,,,,,,,,,,,,,,,,,,,,,,,,,,,,
Q38168,Q108972167,,,,,,,,,,,,,,,,,,,,,,,,,,,,,,,,,,,,,,,,,,,,,
Q38172,Q11629028,,,,,,,,,,,,,,,,,,,,,,,,,,,,,,,,,,,,,,,,,,,,,
Q38176,Q109983934,,,,,,,,,,,,,,,,,,,,,,,,,,,,,,,,,,,,,,,,,,,,,
Q38180,Q134560613,,,,,,,,,,,,,,,,,,,,,,,,,,,,,,,,,,,,,,,,,,,,,
Q38184,Q109822018,,,,,,,,,,,,,,,,,,,,,,,,,,,,,,,,,,,,,,,,,,,,,
Q38188,Q109822750,,,,,,,,,,,,,,,,,,,,,,,,,,,,,,,,,,,,,,,,,,,,,
Q38192,Q110060795,,,,,,,,,,,,,,,,,,,,,,,,,,,,,,,,,,,,,,,,,,,,,
Q38196,Q111132137,,,,,,,,,,,,,,,,,,,,,,,,,,,,,,,,,,,,,,,,,,,,,
Q38200,Q109330461,,,,,,,,,,,,,,,,,,,,,,,,,,,,,,,,,,,,,,,,,,,,,
Q38205,Q110967960,,,,,,,,,,,,,,,,,,,,,,,,,,,,,,,,,,,,,,,,,,,,,
Q38209,Q110875164,,,,,,,,,,,,,,,,,,,,,,,,,,,,,,,,,,,,,,,,,,,,,
Q38213,Q110281520,,,,,,,,,,,,,,,,,,,,,,,,,,,,,,,,,,,,,,,,,,,,,
Q38217,Q11561445,,,,,,,,,,,,,,,,,,,,,,,,,,,,,,,,,,,,,,,,,,,,,
Q38229,Q10565452,,,,,,,,,,,,,,,,,,,,,,,,,,,,,,,,,,,,,,,,,,,,,
Q38233,Q24861352,,,,,,,,,,,,,,,,,,,,,,,,,,,,,,,,,,,,,,,,,,,,,
Q38237,Q24872635,,,,,,,,,,,,,,,,,,,,,,,,,,,,,,,,,,,,,,,,,,,,,
Q38241,Q111018666,,,,,,,,,,,,,,,,,,,,,,,,,,,,,,,,,,,,,,,,,,,,,
Q38245,Q109784593,,,,,,,,,,,,,,,,,,,,,,,,,,,,,,,,,,,,,,,,,,,,,
Q38249,Q109788083,,,,,,,,,,,,,,,,,,,,,,,,,,,,,,,,,,,,,,,,,,,,,
Q38253,Q109788270,,,,,,,,,,,,,,,,,,,,,,,,,,,,,,,,,,,,,,,,,,,,,
Q38257,Q109924223,,,,,,,,,,,,,,,,,,,,,,,,,,,,,,,,,,,,,,,,,,,,,
Q38261,Q109900918,,,,,,,,,,,,,,,,,,,,,,,,,,,,,,,,,,,,,,,,,,,,,
Q38265,Q109830197,,,,,,,,,,,,,,,,,,,,,,,,,,,,,,,,,,,,,,,,,,,,,
Q38269,Q109829662,,,,,,,,,,,,,,,,,,,,,,,,,,,,,,,,,,,,,,,,,,,,,
Q38273,Q109830472,,,,,,,,,,,,,,,,,,,,,,,,,,,,,,,,,,,,,,,,,,,,,
Q38277,Q109916379,,,,,,,,,,,,,,,,,,,,,,,,,,,,,,,,,,,,,,,,,,,,,
Q38281,Q109916424,,,,,,,,,,,,,,,,,,,,,,,,,,,,,,,,,,,,,,,,,,,,,
Q38285,Q109934197,,,,,,,,,,,,,,,,,,,,,,,,,,,,,,,,,,,,,,,,,,,,,
Q38289,Q109934149,,,,,,,,,,,,,,,,,,,,,,,,,,,,,,,,,,,,,,,,,,,,,
Q38293,Q109935389,,,,,,,,,,,,,,,,,,,,,,,,,,,,,,,,,,,,,,,,,,,,,
Q38297,Q109935369,,,,,,,,,,,,,,,,,,,,,,,,,,,,,,,,,,,,,,,,,,,,,
Q38301,Q109924270,,,,,,,,,,,,,,,,,,,,,,,,,,,,,,,,,,,,,,,,,,,,,
Q38305,Q109950015,,,,,,,,,,,,,,,,,,,,,,,,,,,,,,,,,,,,,,,,,,,,,
Q38309,Q109935746,,,,,,,,,,,,,,,,,,,,,,,,,,,,,,,,,,,,,,,,,,,,,
Q38313,Q109935998,,,,,,,,,,,,,,,,,,,,,,,,,,,,,,,,,,,,,,,,,,,,,
Q38317,Q109947219,,,,,,,,,,,,,,,,,,,,,,,,,,,,,,,,,,,,,,,,,,,,,
Q38321,Q109952105,,,,,,,,,,,,,,,,,,,,,,,,,,,,,,,,,,,,,,,,,,,,,
Q38325,Q108896781,,,,,,,,,,,,,,,,,,,,,,,,,,,,,,,,,,,,,,,,,,,,,
Q38329,Q108884757,,,,,,,,,,,,,,,,,,,,,,,,,,,,,,,,,,,,,,,,,,,,,
Q38333,Q109680412,,,,,,,,,,,,,,,,,,,,,,,,,,,,,,,,,,,,,,,,,,,,,
Q38337,Q109680525,,,,,,,,,,,,,,,,,,,,,,,,,,,,,,,,,,,,,,,,,,,,,
Q38341,Q111015390,,,,,,,,,,,,,,,,,,,,,,,,,,,,,,,,,,,,,,,,,,,,,
Q38345,Q111133485,,,,,,,,,,,,,,,,,,,,,,,,,,,,,,,,,,,,,,,,,,,,,
Q38349,Q11659535,,,,,,,,,,,,,,,,,,,,,,,,,,,,,,,,,,,,,,,,,,,,,
Q38353,Q109917132,,,,,,,,,,,,,,,,,,,,,,,,,,,,,,,,,,,,,,,,,,,,,
Q38357,Q109919678,,,,,,,,,,,,,,,,,,,,,,,,,,,,,,,,,,,,,,,,,,,,,
Q38361,Q109957368,,,,,,,,,,,,,,,,,,,,,,,,,,,,,,,,,,,,,,,,,,,,,
Q38365,Q110974458,,,,,,,,,,,,,,,,,,,,,,,,,,,,,,,,,,,,,,,,,,,,,
Q38369,Q10729444,,,,,,,,,,,,,,,,,,,,,,,,,,,,,,,,,,,,,,,,,,,,,
Q38373,Q111142856,,,,,,,,,,,,,,,,,,,,,,,,,,,,,,,,,,,,,,,,,,,,,
Q38377,Q111289175,,,,,,,,,,,,,,,,,,,,,,,,,,,,,,,,,,,,,,,,,,,,,
Q38381,Q11582501,,,,,,,,,,,,,,,,,,,,,,,,,,,,,,,,,,,,,,,,,,,,,
Q38385,Q10514879,,,,,,,,,,,,,,,,,,,,,,,,,,,,,,,,,,,,,,,,,,,,,
Q38389,Q11547562,,,,,,,,,,,,,,,,,,,,,,,,,,,,,,,,,,,,,,,,,,,,,
Q38393,Q45830176,,,,,,,,,,,,,,,,,,,,,,,,,,,,,,,,,,,,,,,,,,,,,
Q38397,Q11394449,,,,,,,,,,,,,,,,,,,,,,,,,,,,,,,,,,,,,,,,,,,,,
Q38401,Q11547611,,,,,,,,,,,,,,,,,,,,,,,,,,,,,,,,,,,,,,,,,,,,,
Q38405,Q7223186,,,,,,,,,,,,,,,,,,,,,,,,,,,,,,,,,,,,,,,,,,,,,
Q38409,Q110951926,,,,,,,,,,,,,,,,,,,,,,,,,,,,,,,,,,,,,,,,,,,,,
Q38429,Q108747126,,,,,,,,,,,,,,,,,,,,,,,,,,,,,,,,,,,,,,,,,,,,,
Q38433,Q10729424,,,,,,,,,,,,,,,,,,,,,,,,,,,,,,,,,,,,,,,,,,,,,
Q38436,Q22812654,,,,,,,,,,,,,,,,,,,,,,,,,,,,,,,,,,,,,,,,,,,,,
Q38440,Q28419020,,,,,,,,,,,,,,,,,,,,,,,,,,,,,,,,,,,,,,,,,,,,,
Q38444,Q61721613,,,,,,,,,,,,,,,,,,,,,,,,,,,,,,,,,,,,,,,,,,,,,
Q38445,Q11431971,,,,,,,,,,,,,,,,,,,,,,,,,,,,,,,,,,,,,,,,,,,,,
Q38448,Q45652810,,,,,,,,G6V7-PTY,,,,,,,,,,,,,,,,,,,,,,,,,,,,,,,,,,,,,
Q38449,Q11431958,,,,,,,,,,,,,,,,,,,,,,,,,,,,,,,,,,,,,,,,,,,,,
Q38452,Q13672901,,,,,,,,,,,,,,,,,,,,,,,,,,,,,,,,,,,,,,,,,,,,,
Q38453,Q11414224,,,,,,,,,,,,,,,,,,,,,,,,,,,,,,,,,,,,,,,,,,,,,
Q38456,Q133277758,,,,,,,,,,,,,,,,,,,,,,,,,,,,,,,,,,,,,,,,,,,,,
Q38457,Q109247958,,,,,,,,,,,,,,,,,,,,,,,,,,,,,,,,,,,,,,,,,,,,,
Q38460,Q698846,,,,,,,,,,,,,,,,,,,,,,,,,,,,,,,,,,,,,,,,,,,,孔-5,
Q38464,Q133288661,,,,,,,,,,,,,,,,,,,,,,,,,,,,,,,,,,,,,,,,,,,,,
Q38468,Q133313587,,,,,,,,,,,,,,,,,,,,,,,,,,,,,,,,,,,,,,,,,,,,,
Q38472,Q131690151,,,,,,,,LJV7-SWJ,,,,,,,,,,,,,,,,,,,,,,,,,,,,,,,,,,,,,
Q38476,Q22812730,,,,,,,,,,,,,,,,,,,,,,,,,,,,,,,,,,,,,,,,,,,,,
Q38480,Q45416398,,,,,,,,G6V7-XJ4,,,,,,,,,,,,,,,,,,,,,,,,,,,,,,,,,,,,,
Q38484,Q45416409,,,,,,,,,,,,,,,,,,,,,,,,,,,,,,,,,,,,,,,,,,,,,
Q38488,Q45416412,,,,,,,,,,,,,,,,,,,,,,,,,,,,,,,,,,,,,,,,,,,,,
Q38492,Q45416413,,,,,,,,,,,,,,,,,,,,,,,,,,,,,,,,,,,,,,,,,,,,,
Q38496,Q45416415,,,,,,,,,,,,,,,,,,,,,,,,,,,,,,,,,,,,,,,,,,,,,
Q38500,Q45416417,,,,,,,,,,,,,,,,,,,,,,,,,,,,,,,,,,,,,,,,,,,,,
Q38501,Q11530427,,,,,,,,,,,,,,,,,,,,,,,,,,,,,,,,,,,,,,,,,,,,,
Q38504,Q45416438,,,,,,,,G6V7-MB6,,,,,,,,,,,,,,,,,,,,,,,,,,,,,,,,,,,,,
Q38505,Q110738238,,,,,,,,,,,,,,,,,,,,,,,,,,,,,,,,,,,,,,,,,,,,,
Q38508,Q45416406,,,,,,,,,,,,,,,,,,,,,,,,,,,,,,,,,,,,,,,,,,,,,
Q38510,Q110738447,,,,,,,,,,,,,,,,,,,,,,,,,,,,,,,,,,,,,,,,,,,,,
Q38512,Q16904191,,,,,,,,,,,,,,,,,,,,,,,,,,,,,,,,,,,,,,,,,,,,,
Q38516,Q16922015,,,,,,,,,,,,,,,,,,,,,,,,,,,,,,,,,,,,,,,,,,,,,
Q38518,Q11551813,,,,,,,,,,,,,,,,,,,,,,,,,,,,,,,,,,,,,,,,,,,,,
Q38520,Q45561059,,,,,,,,,,,,,,,,,,,,,,,,,,,,,,,,,,,,,,,,,,,,,
Q38522,Q109091295,,,,,,,,,,,,,,,,,,,,,,,,,,,,,,,,,,,,,,,,,,,,,
Q38524,Q45559493,,,,,,,,,,,,,,,,,,,,,,,,,,,,,,,,,,,,,,,,,,,,,
Q38526,Q109092110,,,,,,,,,,,,,,,,,,,,,,,,,,,,,,,,,,,,,,,,,,,,,
Q38528,Q65816499,,,,,,,,,,,,,,,,,,,,,,,,,,,,,,,,,,,,,,,,,,,,,
Q38530,Q41699074,,,,,,,,,,,,,,,,,,,,,,,,,,,,,,,,,,,,,,,,,,,,,
Q38532,Q45559175,,,,,,,,,,,,,,,,,,,,,,,,,,,,,,,,,,,,,,,,,,,,,
Q38534,Q10516925,,,,,,,,,,,,,,,,,,,,,,,,,,,,,,,,,,,,,,,,,,,,,
Q38536,Q45559366,,,,,,,,,,,,,,,,,,,,,,,,,,,,,,,,,,,,,,,,,,,,,
Q38538,Q108915103,,,,,,,,,,,,,,,,,,,,,,,,,,,,,,,,,,,,,,,,,,,,,
Q38540,Q65816681,,,,,,,,,,,,,,,,,,,,,,,,,,,,,,,,,,,,,,,,,,,,,
Q38542,Q11545796,,,,,,,,,,,,,,,,,,,,,,,,,,,,,,,,,,,,,,,,,,,,,
Q38544,Q65814460,,,,,,,,,,,,,,,,,,,,,,,,,,,,,,,,,,,,,,,,,,,,,
Q38546,Q110170250,,,,,,,,,,,,,,,,,,,,,,,,,,,,,,,,,,,,,,,,,,,,,
Q38548,Q65814571,,,,,,,,,,,,,,,,,,,,,,,,,,,,,,,,,,,,,,,,,,,,,
Q38550,Q110170371,,,,,,,,,,,,,,,,,,,,,,,,,,,,,,,,,,,,,,,,,,,,,
Q38552,Q65816536,,,,,,,,,,,,,,,,,,,,,,,,,,,,,,,,,,,,,,,,,,,,,
Q38554,Q109899433,,,,,,,,,,,,,,,,,,,,,,,,,,,,,,,,,,,,,,,,,,,,,
Q38556,Q65816541,,,,,,,,,,,,,,,,,,,,,,,,,,,,,,,,,,,,,,,,,,,,,
Q38558,Q109899405,,,,,,,,,,,,,,,,,,,,,,,,,,,,,,,,,,,,,,,,,,,,,
Q38560,Q65816747,,,,,,,,,,,,,,,,,,,,,,,,,,,,,,,,,,,,,,,,,,,,,
Q38562,Q109899776,,,,,,,,,,,,,,,,,,,,,,,,,,,,,,,,,,,,,,,,,,,,,
Q38564,Q65816826,,,,,,,,,,,,,,,,,,,,,,,,,,,,,,,,,,,,,,,,,,,,,
Q38568,Q65816830,,,,,,,,,,,,,,,,,,,,,,,,,,,,,,,,,,,,,,,,,,,,,
Q38572,Q13672684,,,,,,,,,,,,,,,,,,,,,,,,,,,,,,,,,,,,,,,,,,,,,
Q38574,Q110969026,,,,,,,,,,,,,,,,,,,,,,,,,,,,,,,,,,,,,,,,,,,,,
Q38577,Q13672927,,,,,,,,,,,,,,,,,,,,,,,,,,,,,,,,,,,,,,,,,,,,,
Q38578,Q108485729,,,,,,,,,,,,,,,,,,,,,,,,,,,,,,,,,,,,,,,,,,,,,
Q38581,Q45707585,,,,,,,,,,,,,,,,,,,,,,,,,,,,,,,,,,,,,,,,,,,,,
Q38582,Q11530638,,,,,,,,,,,,,,,,,,,,,,,,,,,,,,,,,,,,,,,,,,,,,
Q38585,Q134176918,,,,,,,,,,,,,,,,,,,,,,,,,,,,,,,,,,,,,,,,,,,,,
Q38586,Q110251060,,,,,,,,,,,,,,,,,,,,,,,,,,,,,,,,,,,,,,,,,,,,,
Q38589,Q45560689,,,,,,,,,,,,,,,,,,,,,,,,,,,,,,,,,,,,,,,,,,,,,
Q38590,Q110251081,,,,,,,,,,,,,,,,,,,,,,,,,,,,,,,,,,,,,,,,,,,,,
Q38593,Q45560751,,,,,,,,,,,,,,,,,,,,,,,,,,,,,,,,,,,,,,,,,,,,,
Q38594,Q17230670,,,,,,,,,,,,,,,,,,,,,,,,,,,,,,,,,,,,,,,,,,,,,
Q38597,Q13652908,,,,,,,,,,,,,,,,,,,,,,,,,,,,,,,,,,,,,,,,,,,,,
Q38598,Q11586318,,,,,,,,,,,,,,,,,,,,,,,,,,,,,,,,,,,,,,,,,,,,,
Q38601,Q11094574,,,,,,,,,,,,,,,,,,,,,,,,,,,,,,,,,,,,,,,,,,,,,
Q38602,Q108917265,,,,,,,,,,,,,,,,,,,,,,,,,,,,,,,,,,,,,,,,,,,,,
Q38605,Q45417059,,,,,,,,,,,,,,,,,,,,,,,,,,,,,,,,,,,,,,,,,,,,,
Q38606,Q108917291,,,,,,,,,,,,,,,,,,,,,,,,,,,,,,,,,,,,,,,,,,,,,
Q38609,Q13655236,,,,,,,,,,,,,,,,,,,,,,,,,,,,,,,,,,,,,,,,,,,,,
Q38610,Q11547613,,,,,,,,,,,,,,,,,,,,,,,,,,,,,,,,,,,,,,,,,,,,,
Q38613,Q13654249,,,,,,,,,,,,,,,,,,,,,,,,,,,,,,,,,,,,,,,,,,,,,
Q38614,Q11547627,,,,,,,,,,,,,,,,,,,,,,,,,,,,,,,,,,,,,,,,,,,,,
Q38617,Q13654732,,,,,,,,,,,,,,,,,,,,,,,,,,,,,,,,,,,,,,,,,,,,,
Q38618,Q11547621,,,,,,,,,,,,,,,,,,,,,,,,,,,,,,,,,,,,,,,,,,,,,
Q38621,Q13655569,,,,,,,,,,,,,,,,,,,,,,,,,,,,,,,,,,,,,,,,,,,,,
Q38622,Q110684831,,,,,,,,,,,,,,,,,,,,,,,,,,,,,,,,,,,,,,,,,,,,,
Q38625,Q45417266,,,,,,,,,,,,,,,,,,,,,,,,,,,,,,,,,,,,,,,,,,,,,
Q38626,Q110686879,,,,,,,,,,,,,,,,,,,,,,,,,,,,,,,,,,,,,,,,,,,,,
Q38629,Q45416939,,,,,,,,,,,,,,,,,,,,,,,,,,,,,,,,,,,,,,,,,,,,,
Q38633,Q13654101,,,,,,,,,,,,,,,,,,,,,,,,,,,,,,,,,,,,,,,,,,,,,
Q38634,Q111025117,,,,,,,,,,,,,,,,,,,,,,,,,,,,,,,,,,,,,,,,,,,,,
Q38637,Q10901054,,,,,,,,,,,,,,,,,,,,,,,,,,,,,,,,,,,,,,,,,,,,,
Q38638,Q11644121,,,,,,,,,,,,,,,,,,,,,,,,,,,,,,,,,,,,,,,,,,,,,
Q38641,Q133697547,,,,,,,,,,,,,,,,,,,,,,,,,,,,,,,,,,,,,,,,,,,,,
Q38642,Q110973638,,,,,,,,,,,,,,,,,,,,,,,,,,,,,,,,,,,,,,,,,,,,,
Q38645,Q1768533,,,,,,,,,,,,,,,,,,,,,,,,,,,,,,,,,,,,,,,,,,,,,
Q38646,Q108485575,,,,,,,,,,,,,,,,,,,,,,,,,,,,,,,,,,,,,,,,,,,,,
Q38649,Q15893874,,,,,,,,,,,,,,,,,,,,,,,,,,,,,,,,,,,,,,,,,,,,,
Q38650,Q108799349,,,,,,,,,,,,,,,,,,,,,,,,,,,,,,,,,,,,,,,,,,,,,
Q38653,Q45426816,,,,,,,,,,,,,,,,,,,,,,,,,,,,,,,,,,,,,,,,,,,,,
Q38654,Q110155728,,,,,,,,,,,,,,,,,,,,,,,,,,,,,,,,,,,,,,,,,,,,,
Q38657,Q22812628,,,,,,,,,,,,,,,,,,,,,,,,,,,,,,,,,,,,,,,,,,,,,
Q38658,Q134625300,,,,,,,,,,,,,,,,,,,,,,,,,,,,,,,,,,,,,,,,,,,,,
Q38661,Q12615880,,,,,,,,,,,,,,,,,,,,,,,,,,,,,,,,,,,,,,,,,,,,,
Q38662,Q134688750,,,,,,,,,,,,,,,,,,,,,,,,,,,,,,,,,,,,,,,,,,,,,
Q38666,Q11650687,,,,,,,,,,,,,,,,,,,,,,,,,,,,,,,,,,,,,,,,,,,,鍋島-53,
Q38670,Q109327406,,,,,,,,,,,,,,,,,,,,,,,,,,,,,,,,,,,,,,,,,,,,,
Q38674,Q111172894,,,,,,,,,,,,,,,,,,,,,,,,,,,,,,,,,,,,,,,,,,,,,
Q38682,Q115586953,,,,,,,,,,,,,,,,,,,,,,,,,,,,,,,,,,,,,,,,,,,,,
Q38686,Q110086715,,,,,,,,,,,,,,,,,,,,,,,,,,,,,,,,,,,,,,,,,,,,,
Q38690,Q110086720,,,,,,,,,,,,,,,,,,,,,,,,,,,,,,,,,,,,,,,,,,,,,
Q38694,Q11432002,,,,,,,,,,,,,,,,,,,,,,,,,,,,,,,,,,,,,,,,,,,,,
Q38698,Q8081578,,,,,,,,,,,,,,,,,,,,,,,,,,,,,,,,,,,,,,,,,,,,,
Q38702,Q11618439,,,,,,,,,,,,,,,,,,,,,,,,,,,,,,,,,,,,,,,,,,,,,
Q38706,Q109780806,,,,,,,,,,,,,,,,,,,,,,,,,,,,,,,,,,,,,,,,,,,,,
Q38710,Q11657342,,,,,,,,,,,,,,,,,,,,,,,,,,,,,,,,,,,,,,,,,,,,,
Q38714,Q11552038,,,,,,,,,,,,,,,,,,,,,,,,,,,,,,,,,,,,,,,,,,,,,
Q38718,Q111050998,,,,,,,,,,,,,,,,,,,,,,,,,,,,,,,,,,,,,,,,,,,,,
Q38722,Q111203778,,,,,,,,,,,,,,,,,,,,,,,,,,,,,,,,,,,,,,,,,,,,,
Q38726,Q111180860,,,,,,,,,,,,,,,,,,,,,,,,,,,,,,,,,,,,,,,,,,,,,
Q38730,Q11379414,,,,,,,,,,,,,,,,,,,,,,,,,,,,,,,,,,,,,,,,,,,,,
Q38734,Q111206256,,,,,,,,,,,,,,,,,,,,,,,,,,,,,,,,,,,,,,,,,,,,,
Q38738,Q111153508,,,,,,,,,,,,,,,,,,,,,,,,,,,,,,,,,,,,,,,,,,,,,
Q38742,Q111187704,,,,,,,,,,,,,,,,,,,,,,,,,,,,,,,,,,,,,,,,,,,,,
Q38746,Q11369498,,,,,,,,,,,,,,,,,,,,,,,,,,,,,,,,,,,,,,,,,,,,,
Q38750,Q10514743,,,,,,,,,,,,,,,,,,,,,,,,,,,,,,,,,,,,,,,,,,,,,
Q38754,Q6529109,,,,,,,,,,,,,,,,,,,,,,,,,,,,,,,,,,,,,,,,,,,,,
Q38758,Q108957356,,,,,,,,,,,,,,,,,,,,,,,,,,,,,,,,,,,,,,,,,,,,,
Q38762,Q109202775,,,,,,,,,,,,,,,,,,,,,,,,,,,,,,,,,,,,,,,,,,,,,
Q38766,Q109202972,,,,,,,,,,,,,,,,,,,,,,,,,,,,,,,,,,,,,,,,,,,,,
Q38770,Q109203013,,,,,,,,,,,,,,,,,,,,,,,,,,,,,,,,,,,,,,,,,,,,,
Q38774,Q109202892,,,,,,,,,,,,,,,,,,,,,,,,,,,,,,,,,,,,,,,,,,,,,
Q38778,Q111272332,,,,,,,,,,,,,,,,,,,,,,,,,,,,,,,,,,,,,,,,,,,,,
Q38782,Q11552182,,,,,,,,,,,,,,,,,,,,,,,,,,,,,,,,,,,,,,,,,,,,,
Q38786,Q108689599,,,,,,,,,,,,,,,,,,,,,,,,,,,,,,,,,,,,,,,,,,,,,
Q38790,Q111087128,,,,,,,,,,,,,,,,,,,,,,,,,,,,,,,,,,,,,,,,,,,,,
Q38794,Q111175186,,,,,,,,,,,,,,,,,,,,,,,,,,,,,,,,,,,,,,,,,,,,,
Q38798,Q111175191,,,,,,,,,,,,,,,,,,,,,,,,,,,,,,,,,,,,,,,,,,,,,
Q38802,Q111179518,,,,,,,,,,,,,,,,,,,,,,,,,,,,,,,,,,,,,,,,,,,,,
Q38806,Q111179525,,,,,,,,,,,,,,,,,,,,,,,,,,,,,,,,,,,,,,,,,,,,,
Q38810,Q111182228,,,,,,,,,,,,,,,,,,,,,,,,,,,,,,,,,,,,,,,,,,,,,
Q38814,Q111159114,,,,,,,,,,,,,,,,,,,,,,,,,,,,,,,,,,,,,,,,,,,,,
Q38818,Q11551788,,,,,,,,,,,,,,,,,,,,,,,,,,,,,,,,,,,,,,,,,,,,,
Q38821,Q573157,,,,,,,,,,,,,,,,,,,,,,,,,,,94921,,,,,,,,,,,,,,,,,Bartan-2,I00299015
Q38822,Q11510235,,,,,,,,,,,,,,,,,,,,,,,,,,,,,,,,,,,,,,,,,,,,,
Q38825,Q378676,,,,,,,,,,,,,,,,,,,,,,,,,,,148278,,,,,,,,,,,,,,,,,Unknown-683027,I00299016
Q38826,Q111133692,,,,,,,,,,,,,,,,,,,,,,,,,,,,,,,,,,,,,,,,,,,,,
Q38829,Q617010,,,,,,,,,,,,,,,,,,,,,,,,,,,95122,,,,,,,,,,,,,,,,,,I00299837
Q38830,Q110090209,,,,,,,,,,,,,,,,,,,,,,,,,,,,,,,,,,,,,,,,,,,,,
Q38833,Q1067326,,,,,,,,,,,,,,,,,,,,,,,,,,,,,,,,,,,,,,,,,,,,,I00299839
Q38834,Q110089674,,,,,,,,,,,,,,,,,,,,,,,,,,,,,,,,,,,,,,,,,,,,,
Q38837,Q1014890,,,,,,,,,,,,,,,,,,,,,,,,,,,,,,,,,,,,,,,,,,,,,I00299840
Q38838,Q110861076,,,,,,,,,,,,,,,,,,,,,,,,,,,,,,,,,,,,,,,,,,,,,
Q38841,Q2598916,,,,,,,,,,,,,,,,,,,,,,,,,,,,,,,,,,,,,,,,,,,,,
Q38842,Q110892782,,,,,,,,,,,,,,,,,,,,,,,,,,,,,,,,,,,,,,,,,,,,,
Q38845,Q2556187,,,,,,,,,,,,,,,,,,,,,,,,,,,,,,,,,,,,,,,,,,,,,
Q38846,Q110894015,,,,,,,,,,,,,,,,,,,,,,,,,,,,,,,,,,,,,,,,,,,,,
Q38849,Q7068897,,,,,,,,,,,,,,,,,,,,,,,,,,,767930,,,,,,,,,,,,,,,,,,
Q38850,Q110903033,,,,,,,,,,,,,,,,,,,,,,,,,,,,,,,,,,,,,,,,,,,,,
Q38853,Q4502265,,,,,,,,,,,,,,,,,,,,,,,,,,,279074,,,,,,,,,,,,,,,,,,
Q38857,Q7064842,,,,,,,,,,,,,,,,,,,,,,,,,,,,,,,,,,,,,,,,,,,,,
Q38858,Q109775633,,,,,,,,,,,,,,,,,,,,,,,,,,,,,,,,,,,,,,,,,,,,,
Q38861,Q4177257,,,,,,,,,,,,,,,,,,,,,,,,,,,,,,,,,,,,,,,,,,,,,
Q38862,Q109862994,,,,,,,,,,,,,,,,,,,,,,,,,,,,,,,,,,,,,,,,,,,,,
Q38865,Q4177255,,,,,,,,,,,,,,,,,,,,,,,,,,,,,,,,,,,,,,,,,,,,,
Q38866,Q108871084,,,,,,,,,,,,,,,,,,,,,,,,,,,,,,,,,,,,,,,,,,,,,
Q38869,Q7065392,,,,,,,,,,,,,,,,,,,,,,,,,,,,,,,,,,,,,,,,,,,,,
Q38870,Q11623741,,,,,,,,,,,,,,,,,,,,,,,,,,,,,,,,,,,,,,,,,,,,,
Q38873,Q7066478,,,,,,,,,,,,,,,,,,,,,,,,,,,,,,,,,,,,,,,,,,,,,
Q38874,Q29410909,,,,,,,,,,,,,,,,,,,,,,,,,,,,,,,,,,,,,,,,,,,,,
Q38877,Q7067167,,,,,,,,,,,,,,,,,,,,,,,,,,,,,,,,,,,,,,,,,,,,,
Q38878,Q109863165,,,,,,,,,,,,,,,,,,,,,,,,,,,,,,,,,,,,,,,,,,,,,
Q38881,Q7067660,,,,,,,,,,,,,,,,,,,,,,,,,,,148277,,,,,,,,,,,,,,,,,,I00299836
Q38882,Q109863500,,,,,,,,,,,,,,,,,,,,,,,,,,,,,,,,,,,,,,,,,,,,,
Q38885,Q104575533,,,,,,,,,,,,,,,,,,,,,,,,,,,489118,,,,,,,,,,,,,,,,,,
Q38886,Q111133680,,,,,,,,,,,,,,,,,,,,,,,,,,,,,,,,,,,,,,,,,,,,,
Q38889,Q7198578,,,,,,,,,,,,,,,,,,,,,,,,,,,,,,,,,,,,,,,,,,,,,
Q38890,Q11623766,,,,,,,,,,,,,,,,,,,,,,,,,,,,,,,,,,,,,,,,,,,,,
Q38893,Q3087630,,,,,,,,,,,,,,,,,,,,,,,,,,,,,,,,,,,,,,,,,,,,,I00374611
Q38894,Q11623744,,,,,,,,,,,,,,,,,,,,,,,,,,,,,,,,,,,,,,,,,,,,,
Q38897,Q7185875,,,,,,,,,,,,,,,,,,,,,,,,,,,,,,,,,,,,,,,,,,Kutchu-Khatun_of_Jochi_(1),,,I00566560
Q38898,Q10863134,,,,,,,,,,,,,,,,,,,,,,,,,,,,,,,,,,,,,,,,,,,,,
Q38901,Q80576834,,,,,,,,,,,,,,,,,,,,,,,,,,,,,,,,,,,,,,,,,,,,,
Q38902,Q26222264,,,,,,,,,,,,,,,,,,,,,,,,,,,,,,,,,,,,,,,,,,,,,
Q38905,Q59134314,,,,,,,,,,,,,,,,,,,,,,,,,,,,,,,,,,,,,,,,,,,,,
Q38906,Q110155399,,,,,,,,,,,,,,,,,,,,,,,,,,,,,,,,,,,,,,,,,,,,,
Q38909,Q27920893,,,,,,,,,,,,,,,,,,,,,,,,,,,,,,,,,,,,,,,,,,,,,
Q38910,Q110155412,,,,,,,,,,,,,,,,,,,,,,,,,,,,,,,,,,,,,,,,,,,,,
Q38913,Q24838803,,,,,,,,,,,,,,,,,,,,,,,,,,,,,,,,,,,,,,,,,,,,,
Q38914,Q109788860,,,,,,,,,,,,,,,,,,,,,,,,,,,,,,,,,,,,,,,,,,,,,
Q38917,Q4873576,,,,,,,,,,,,,,,,,,,,,,,,,,,,,,,,,,,,,,,,,,,,,
Q38918,Q110154864,,,,,,,,,,,,,,,,,,,,,,,,,,,,,,,,,,,,,,,,,,,,,
Q38921,Q45501289,,,,,,,,,,,,,,,,,,,,,,,,,,,,,,,,,,,,,,,,,,,,,
Q38922,Q10565622,,,,,,,,,,,,,,,,,,,,,,,,,,,,,,,,,,,,,,,,,,,,,
Q38925,Q380393,,,,,,,,,,,,,,,,,,,,,,,,,,,271134,,,,,,,,,,,,,,,,,,
Q38926,Q110026797,,,,,,,,,,,,,,,,,,,,,,,,,,,,,,,,,,,,,,,,,,,,,
Q38929,Q175138,,,,,,,,,,,,,,,,,,,,,,,,,,,94922,,,,,,,,,,,,,,,Batu_of_Genhis_(1),,,
Q38930,Q7222592,,,,,,,,,,,,,,,,,,,,,,,,,,,,,,,,,,,,,,,,,,,,,
Q38933,Q314056,,,,,,,,,,,,,,,,,,,,,,,,,,,95036,,,,,,,,,,,,,,,,,,
Q38934,Q109832384,,,,,,,,,,,,,,,,,,,,,,,,,,,,,,,,,,,,,,,,,,,,,
Q38937,Q935963,,,,,,,,,,,,,,,,,,,,,,,,,,,280330,,,,,,,,,,,,,,,,,,
Q38938,Q109832621,,,,,,,,,,,,,,,,,,,,,,,,,,,,,,,,,,,,,,,,,,,,,
Q38941,Q2738819,,,,,,,,,,,,,,,,,,,,,,,,,,,273990,,,,,,,,,,,,,,,,,,
Q38942,Q109834880,,,,,,,,,,,,,,,,,,,,,,,,,,,,,,,,,,,,,,,,,,,,,
Q38945,Q18654413,,,,,,,,,,,,,,,,,,,,,,,,,,,,,,,,,,,,,,,,,,,,,
Q38946,Q11439371,,,,,,,,,,,,,,,,,,,,,,,,,,,,,,,,,,,,,,,,,,,,,
Q38949,Q24860634,,,,,,,,,,,,,,,,,,,,,,,,,,,,,,,,,,,,,,,,,,,,,
Q38950,Q11439383,,,,,,,,,,,,,,,,,,,,,,,,,,,,,,,,,,,,,,,,,,,,,
Q38953,Q45571316,,,,,,,,,,,,,,,,,,,,,,,,,,,,,,,,,,,,,,,,,,,,,
Q38954,Q2424312,,,,,,,,,,,,,,,,,,,,,,,,,,,,,,,,,,,,,,,,,,,,,
Q38957,Q45669251,,,,,,,,,,,,,,,,,,,,,,,,,,,,,,,,,,,,,,,,,,,,,
Q38958,Q134515366,,,,,,,,,,,,,,,,,,,,,,,,,,,,,,,,,,,,,,,,,,,,,
Q38961,Q109316328,,,,,,,,,,,,,,,,,,,,,,,,,,,,,,,,,,,,,,,,,,,,,
Q38962,Q109984444,,,,,,,,,,,,,,,,,,,,,,,,,,,,,,,,,,,,,,,,,,,,,
Q38965,Q6944215,,,,,,,,,,,,,,,,,,,,,,,,,,,280640,,,,,,,,,,,,,,,,,,I00374609
Q38966,Q111023614,,,,,,,,,,,,,,,,,,,,,,,,,,,,,,,,,,,,,,,,,,,,,
Q38969,Q2556555,,,,,,,,,,,,,,,,,,,,,,,,,,,,,,,,,,,,,,,,,,,,,I00374620
Q38970,Q111023608,,,,,,,,,,,,,,,,,,,,,,,,,,,,,,,,,,,,,,,,,,,,,
Q38973,Q2305341,,,,,,,,,,,,,,,,,,,,,,,,,,,279078,,,,,,,,,,,,,,,,,,I00374621
Q38974,Q108456388,,,,,,,,,,,,,,,,,,,,,,,,,,,,,,,,,,,,,,,,,,,,,
Q38977,Q24867509,,,,,,,,,,,,,,,,,,,,,,,,,,,,,,,,,,,,,,,,,,,,,I00374623
Q38978,Q11429187,,,,,,,,,,,,,,,,,,,,,,,,,,,,,,,,,,,,,,,,,,,,,
Q38981,Q24875229,,,,,,,,,,,,,,,,,,,,,,,,,,,,,,,,,,,,,,,,,,,,,
Q38982,Q10791086,,,,,,,,,,,,,,,,,,,,,,,,,,,,,,,,,,,,,,,,,,,,松平-53,
Q38985,Q7069334,,,,,,,,,,,,,,,,,,,,,,,,,,,,,,,,,,,,,,,,,,,,,
Q38986,Q110089125,,,,,,,,,,,,,,,,,,,,,,,,,,,,,,,,,,,,,,,,,,,,,
Q38989,Q60618814,,,,,,,,,,,,,,,,,,,,,,,,,,,,,,,,,,,,,,,,,,,,,
Q38990,Q110089144,,,,,,,,,,,,,,,,,,,,,,,,,,,,,,,,,,,,,,,,,,,,,
Q38993,Q7069336,,,,,,,,,,,,,,,,,,,,,,,,,,,,,,,,,,,,,,,,,,,,,
Q38994,Q110089194,,,,,,,,,,,,,,,,,,,,,,,,,,,,,,,,,,,,,,,,,,,,,
Q38997,Q1072396,,,,,,,,,,,,,,,,,,,,,,,,,,,279077,,,,,,,,,,,,,,,,,Unknown-695984,I00298895
Q38998,Q11459965,,,,,,,,,,,,,,,,,,,,,,,,,,,,,,,,,,,,,,,,,,,,,
Q39001,Q123329479,,,,,,,,,,,,,,,,,,,,,,,,,,,,,,,,,,,,,,,,,,,,,
Q39002,Q109292519,,,,,,,,,,,,,,,,,,,,,,,,,,,,,,,,,,,,,,,,,,,,,
Q39005,Q7520,,,,,,,,,,,,,,,,,,,,,,,,,,,273916,,,,,,,,,,,,,,,,,Ögedei-1,I00298862
Q39006,Q106762527,,,,,,,,,,,,,,,,,,,,,,,,,,,,,,,,,,,,,,,,,,,,,
Q39009,Q1378067,,,,,,,,,,,,,,,,,,,,,,,,,,,781896,,,,,,,,,,,,,,,,,,
Q39010,Q109308672,,,,,,,,,,,,,,,,,,,,,,,,,,,,,,,,,,,,,,,,,,,,,
Q39013,Q7069358,,,,,,,,,,,,,,,,,,,,,,,,,,,,,,,,,,,,,,,,,,,,,
Q39014,Q109873635,,,,,,,,,,,,,,,,,,,,,,,,,,,,,,,,,,,,,,,,,,,,,
Q39017,Q7069368,,,,,,,,,,,,,,,,,,,,,,,,,,,,,,,,,,,,,,,,,,,,,
Q39018,Q109894691,,,,,,,,,,,,,,,,,,,,,,,,,,,,,,,,,,,,,,,,,,,,,
Q39021,Q7069369,,,,,,,,,,,,,,,,,,,,,,,,,,,,,,,,,,,,,,,,,,,,,
Q39022,Q108896732,,,,,,,,,,,,,,,,,,,,,,,,,,,,,,,,,,,,,,,,,,,,,
Q39025,Q1419360,,,,,,,,,,,,,,,,,,,,,,,,,,,781900,,,,,,,,,,,,,,,,,,
Q39026,Q110948306,,,,,,,,,,,,,,,,,,,,,,,,,,,,,,,,,,,,,,,,,,,,,
Q39029,Q7069352,,,,,,,,,,,,,,,,,,,,,,,,,,,,,,,,,,,,,,,,,,,,,
Q39030,Q11433244,,,,,,,,,,,,,,,,,,,,,,,,,,,,,,,,,,,,,,,,,,,,,
Q39033,Q18652150,,,,,,,,,,,,,,,,,,,,,,,,,,,,,,,,,,,,,,,,,,,,,
Q39034,Q110155960,,,,,,,,,,,,,,,,,,,,,,,,,,,,,,,,,,,,,,,,,,,,,
Q39037,Q1071957,,,,,,,,,,,,,,,,,,,,,,,,,,,,,,,,,,,,,,,,,,,,,I00566552
Q39038,Q109298967,,,,,,,,,,,,,,,,,,,,,,,,,,,,,,,,,,,,,,,,,,,,,
Q39041,Q55656492,,,,,,,,,,,,,,,,,,,,,,,,,,,488115,,,,,,,,,,,,,,,,,,I00299589
Q39042,Q108893354,,,,,,,,,,,,,,,,,,,,,,,,,,,,,,,,,,,,,,,,,,,,,
Q39045,Q855467,,,,,,,,,,,,,,,,,,,,,,,,,,,148282,,,,,,,,,,,,,,,,,,I00299593
Q39046,Q11266961,,,,,,,,,,,,,,,,,,,,,,,,,,,,,,,,,,,,,,,,,,,,,
Q39049,Q101429401,,,,,,,,,,,,,,,,,,,,,,,,,,,,,,,,,,,,,,,,,,,,,
Q39050,Q109299788,,,,,,,,,,,,,,,,,,,,,,,,,,,,,,,,,,,,,,,,,,,,,
Q39053,Q28690898,,,,,,,,,,,,,,,,,,,,,,,,,,,,,,,,,,,,,,,,,,,,,
Q39054,Q109323837,,,,,,,,,,,,,,,,,,,,,,,,,,,,,,,,,,,,,,,,,,,,,
Q39057,Q45662184,,,,,,,,,,,,,,,,,,,,,,,,,,,,,,,,,,,,,,,,,,,,,
Q39058,Q108086159,,,,,,,,,,,,,,,,,,,,,,,,,,,,,,,,,,,,,,,,,,,,,
Q39061,Q56272822,,,,,,,,,,,,,,,,,,,,,,,,,,,,,,,,,,,,,,,,,,,,,
Q39062,Q108086217,,,,,,,,,,,,,,,,,,,,,,,,,,,,,,,,,,,,,,,,,,,,,
Q39065,Q58419683,,,,,,,,,,,,,,,,,,,,,,,,,,,,,,,,,,,,,,,,,,,,,
Q39066,Q11475788,,,,,,,,,,,,,,,,,,,,,,,,,,,,,,,,,,,,,,,,,,,,,
Q39069,Q22829173,,,,,,,,,,,,,,,,,,,,,,,,,,,,,,,,,,,,,,,,,,,,,
Q39070,Q11603060,,,,,,,,,,,,,,,,,,,,,,,,,,,,,,,,,,,,,,,,,,,,,
Q39073,Q24859490,,,,,,,,,,,,,,,,,,,,,,,,,,,,,,,,,,,,,,,,,,,,,
Q39074,Q109923182,,,,,,,,,,,,,,,,,,,,,,,,,,,,,,,,,,,,,,,,,,,,,
Q39077,Q131726440,,,,,,,,,,,,,,,,,,,,,,,,,,,,,,,,,,,,,,,,,,,,,I00299594
Q39078,Q2469687,,,,,,,,,,,,,,,,,,,,,,,,,,,,,,,,,,,,,,,,,,,,,
Q39081,Q131726441,,,,,,,,,,,,,,,,,,,,,,,,,,,,,,,,,,,,,,,,,,,,,I00299595
Q39083,Q108819047,,,,,,,,,,,,,,,,,,,,,,,,,,,,,,,,,,,,,,,,,,,,,
Q39085,Q108759572,,,,,,,,,,,,,,,,,,,,,,,,,,,,,,,,,,,,,,,,,,,,,
Q39087,Q10564431,,,,,,,,,,,,,,,,,,,,,,,,,,,,,,,,,,,,,,,,,,,,,
Q39089,Q2469381,,,,,,,,,,,,,,,,,,,,,,,,,,,280476,,,,,,,,,,,,,,,,,,I00298906
Q39091,Q11651685,,,,,,,,,,,,,,,,,,,,,,,,,,,,,,,,,,,,,,,,,,,,,
Q39094,Q7123797,,,,,,,,,,,,,,,,,,,,,,,,,,,,,,,,,,,,,,,,,,,,,
Q39095,Q108871387,,,,,,,,,,,,,,,,,,,,,,,,,,,,,,,,,,,,,,,,,,,,,
Q39098,Q4997176,,,,,,,,,,,,,,,,,,,,,,,,,,,,,,,,,,,,,,,,,,,,,
Q39099,Q108865735,,,,,,,,,,,,,,,,,,,,,,,,,,,,,,,,,,,,,,,,,,,,,
Q39102,Q108758459,,,,,,,,,,,,,,,,,,,,,,,,,,,,,,,,,,,,,,,,,,,,,
Q39103,Q18011477,,,,,,,,,,,,,,,,,,,,,,,,,,,,,,,,,,,,,,,,,,,,,
Q39106,Q108758482,,,,,,,,,,,,,,,,,,,,,,,,,,,,,,,,,,,,,,,,,,,,,
Q39107,Q6777888,,,,,,,,,,,,,,,,,,,,,,,,,,,,,,,,,,,,,,,,,,,,,
Q39110,Q108758692,,,,,,,,,,,,,,,,,,,,,,,,,,,,,,,,,,,,,,,,,,,,,
Q39111,Q11383482,,,,,,,,,,,,,,,,,,,,,,,,,,,,,,,,,,,,,,,,,,,,,
Q39114,Q220099,,,,,,,,,,,,,,,,,,,,,,,,,,,279685,,,,,,,,,,,,,,,,,,I00298925
Q39115,Q11534845,,,,,,,,,,,,,,,,,,,,,,,,,,,,,,,,,,,,,,,,,,,,,
Q39118,Q470322,,,,,,,,,,,,,,,,,,,,,,,,,,,279689,,,,,,,,,,,,,,,,,,
Q39119,Q109966147,,,,,,,,,,,,,,,,,,,,,,,,,,,,,,,,,,,,,,,,,,,,,
Q39122,Q7088232,,,,,,,,,,,,,,,,,,,,,,,,,,,585738,,,,,,,,,,,,,,,,,,I00298914
Q39123,Q111191164,,,,,,,,,,,,,,,,,,,,,,,,,,,,,,,,,,,,,,,,,,,,,
Q39126,Q60459493,,,,,,,,,,,,,,,,,,,,,,,,,,,,,,,,,,,,,,,,,,,,,
Q39127,Q111191156,,,,,,,,,,,,,,,,,,,,,,,,,,,,,,,,,,,,,,,,,,,,,
Q39130,Q42309954,,,,,,,,,,,,,,,,,,,,,,,,,,,,,,,,,,,,,,,,,,,,,
Q39131,Q17229086,,,,,,,,,,,,,,,,,,,,,,,,,,,,,,,,,,,,,,,,,,,,,
Q39134,Q108759674,,,,,,,,,,,,,,,,,,,,,,,,,,,,,,,,,,,,,,,,,,,,,
Q39135,Q109916351,,,,,,,,,,,,,,,,,,,,,,,,,,,,,,,,,,,,,,,,,,,,,
Q39138,Q108760484,,,,,,,,,,,,,,,,,,,,,,,,,,,,,,,,,,,,,,,,,,,,,
Q39139,Q111191209,,,,,,,,,,,,,,,,,,,,,,,,,,,,,,,,,,,,,,,,,,,,,
Q39142,Q108775795,,,,,,,,,,,,,,,,,,,,,,,,,,,,,,,,,,,,,,,,,,,,,
Q39143,Q22124857,,,,,,,,,,,,,,,,,,,,,,,,,,,,,,,,,,,,,,,,,,,,,
Q39146,Q2945241,,,,,,,,,,,,,,,,,,,,,,,,,,,1266881,,,,,,,,,,,,,,,,,,
Q39147,Q108059984,,,,,,,,,,,,,,,,,,,,,,,,,,,,,,,,,,,,,,,,,,,,,
Q39150,Q108758661,,,,,,,,,,,,,,,,,,,,,,,,,,,,,,,,,,,,,,,,,,,,,
Q39151,Q11547617,,,,,,,,,,,,,,,,,,,,,,,,,,,,,,,,,,,,,,,,,,,,,
Q39154,Q96241083,,,,,,,,,,,,,,,,,,,,,,,,,,,,,,,,,,,,,,,,,,,,,I00566556
Q39155,Q108883864,,,,,,,,,,,,,,,,,,,,,,,,,,,,,,,,,,,,,,,,,,,,,
Q39158,Q96241082,,,,,,,,,,,,,,,,,,,,,,,,,,,,,,,,,,,,,,,,,,,,,I00566551
Q39159,Q59552246,,,,,,,,,,,,,,,,,,,,,,,,,,,,,,,,,,,,,,,,,,,,,
Q39162,Q30947858,,,,,,,,,,,,,,,,,,,,,,,,,,,,,,,,,,,,,,,,,,,,,
Q39163,Q98082730,,,,,,,,,,,,,,,,,,,,,,,,,,,,,,,,,,,,,,,,,,,,,
Q39166,Q45611731,,,,,,,,,,,,,,,,,,,,,,,,,,,,,,,,,,,,,,,,,,,,,
Q39167,Q98082731,,,,,,,,,,,,,,,,,,,,,,,,,,,,,,,,,,,,,,,,,,,,,
Q39170,Q45662545,,,,,,,,,,,,,,,,,,,,,,,,,,,,,,,,,,,,,,,,,,,,,
Q39171,Q11546156,,,,,,,,,,,,,,,,,,,,,,,,,,,,,,,,,,,,,,,,,,,,,
Q39174,Q19853646,,,,,,,,,,,,,,,,,,,,,,,,,,,,,,,,,,,,,,,,,,,,,
Q39175,Q11578642,,,,,,,,,,,,,,,,,,,,,,,,,,,,,,,,,,,,,,,,,,,,,
Q39178,Q45674885,,,,,,,,,,,,,,,,,,,,,,,,,,,,,,,,,,,,,,,,,,,,,
Q39179,Q110689112,,,,,,,,,,,,,,,,,,,,,,,,,,,,,,,,,,,,,,,,,,,,,
Q39182,Q45608397,,,,,,,,,,,,,,,,,,,,,,,,,,,,,,,,,,,,,,,,,,,,,
Q39183,Q110689144,,,,,,,,,,,,,,,,,,,,,,,,,,,,,,,,,,,,,,,,,,,,,
Q39186,Q45616566,,,,,,,,,,,,,,,,,,,,,,,,,,,,,,,,,,,,,,,,,,,,,
Q39187,Q11162830,,,,,,,,,,,,,,,,,,,,,,,,,,,,,,,,,,,,,,,,,,,,,
Q39190,Q30948258,,,,,,,,,,,,,,,,,,,,,,,,,,,,,,,,,,,,,,,,,,,,,
Q39191,Q110689455,,,,,,,,,,,,,,,,,,,,,,,,,,,,,,,,,,,,,,,,,,,,,
Q39194,Q2975834,,,,,,,,,,,,,,,,,,,,,,,,,,,,,,,,,,,,,,,,,,,,,
Q39195,Q110689660,,,,,,,,,,,,,,,,,,,,,,,,,,,,,,,,,,,,,,,,,,,,,
Q39198,Q24834830,,,,,,,,,,,,,,,,,,,,,,,,,,,,,,,,,,,,,,,,,,,,,
Q39199,Q108744718,,,,,,,,,,,,,,,,,,,,,,,,,,,,,,,,,,,,,,,,,,,,,
Q39202,Q110117390,,,,,,,,,,,,,,,,,,,,,,,,,,,,,,,,,,,,,,,,,,,,,
Q39203,Q4736153,,,,,,,,,,,,,,,,,,,,,,,,,,,,,,,,,,,,,,,,,,,,,
Q39206,Q110090334,,,,,,,,,,,,,,,,,,,,,,,,,,,,,,,,,,,,,,,,,,,,,
Q39207,Q24835373,,,,,,,,,,,,,,,,,,,,,,,,,,,,,,,,,,,,,,,,,,,,,
Q39210,Q115596163,,,,,,,,,,,,,,,,,,,,,,,,,,,,,,,,,,,,,,,,,,,,,
Q39211,Q45678148,,,,,,,,,,,,,,,,,,,,,,,,,,,,,,,,,,,,,,,,,,,,,
Q39214,Q109116516,,,,,,,,,,,,,,,,,,,,,,,,,,,,,,,,,,,,,,,,,,,,,
Q39215,Q45628689,,,,,,,,,,,,,,,,,,,,,,,,,,,,,,,,,,,,,,,,,,,,,
Q39218,Q108960950,,,,,,,,,,,,,,,,,,,,,,,,,,,,,,,,,,,,,,,,,,,,,
Q39219,Q45515366,,,,,,,,,,,,,,,,,,,,,,,,,,,,,,,,,,,,,,,,,,,,,
Q39222,Q109791911,,,,,,,,,,,,,,,,,,,,,,,,,,,,,,,,,,,,,,,,,,,,,
Q39223,Q45549577,,,,,,,,,,,,,,,,,,,,,,,,,,,,,,,,,,,,,,,,,,,,,
Q39226,Q108840961,,,,,,,,,,,,,,,,,,,,,,,,,,,,,,,,,,,,,,,,,,,,,
Q39227,Q45562480,,,,,,,,,,,,,,,,,,,,,,,,,,,,,,,,,,,,,,,,,,,,,
Q39230,Q110070575,,,,,,,,,,,,,,,,,,,,,,,,,,,,,,,,,,,,,,,,,,,,,
Q39231,Q48900262,,,,,,,,,,,,,,,,,,,,,,,,,,,,,,,,,,,,,,,,,,,,,
Q39234,Q11459867,,,,,,,,,,,,,,,,,,,,,,,,,,,,,,,,,,,,,,,,,,,,,
Q39235,Q45571681,,,,,,,,,,,,,,,,,,,,,,,,,,,,,,,,,,,,,,,,,,,,,
Q39238,Q15933769,,,,,,,,,,,,,,,,,,,,,,,,,,,,,,,,,,,,,,,,,,,,,
Q39239,Q7079042,,,,,,,,,,,,,,,,,,,,,,,,,,,,,,,,,,,,,,,,,,,,,
Q39242,Q15934734,,,,,,,,,,,,,,,,,,,,,,,,,,,,,,,,,,,,,,,,,,,,,
Q39243,Q7079179,,,,,,,,,,,,,,,,,,,,,,,,,,,,,,,,,,,,,,,,,,,,,
Q39246,Q111308157,,,,,,,,,,,,,,,,,,,,,,,,,,,,,,,,,,,,,,,,,,,,,
Q39247,Q7079321,,,,,,,,,,,,,,,,,,,,,,,,,,,,,,,,,,,,,,,,,,,,,
Q39250,Q128852082,,,,,,,,,,,,,,,,,,,,,,,,,,,,,,,,,,,,,,,,,,,,,
Q39251,Q7079380,,,,,,,,,,,,,,,,,,,,,,,,,,,1282548,,,,,,,,,,,,,,,,,,
Q39254,Q110046770,,,,,,,,,,,,,,,,,,,,,,,,,,,,,,,,,,,,,,,,,,,,,
Q39256,Q7079512,,,,,,,,,,,,,,,,,,,,,,,,,,,,,,,,,,,,,,,,,,,,,
Q39258,Q109949862,,,,,,,,,,,,,,,,,,,,,,,,,,,,,,,,,,,,,,,,,,,,,
Q39260,Q8659,,,,,,,,,,,,,,,,,,,,,,,,,,,489669,,,,,,,,,,,,,,,,,,I00298884
Q39262,Q110952125,,,,,,,,,,,,,,,,,,,,,,,,,,,,,,,,,,,,,,,,,,,,,
Q39264,Q8655,,,,,,,,,,,,,,,,,,,,,,,,,,,844138,,,,,,,,,,,,,,,,,,I00298883
Q39266,Q113172229,,,,,,,,,,,,,,,,,,,,,,,,,,,,,,,,,,,,,,,,,,,,,
Q39268,Q7080046,,,,,,,,,,,,,,,,,,,,,,,,,,,992400,,,,,,,,,,,,,,,,,,
Q39270,Q113172327,,,,,,,,,,,,,,,,,,,,,,,,,,,,,,,,,,,,,,,,,,,,,
Q39272,Q8549,,,,,,,,,,,,,,,,,,,,,,,,,,,844020,,,,,,,,,,,,,,,,,,I00298882
Q39274,Q110883062,,,,,,,,,,,,,,,,,,,,,,,,,,,,,,,,,,,,,,,,,,,,,
Q39276,Q7080194,,,,,,,,,,,,,,,,,,,,,,,,,,,,,,,,,,,,,,,,,,,,,
Q39278,Q108155596,,,,,,,,,,,,,,,,,,,,,,,,,,,,,,,,,,,,,,,,,,,,,
Q39280,Q19853940,,,,,,,,,,,,,,,,,,,,,,,,,,,,,,,,,,,,,,,,,,,,,
Q39282,Q11635697,,,,,,,,,,,,,,,,,,,,,,,,,,,,,,,,,,,,,,,,,,,,,
Q39284,Q45528824,,,,,,,,,,,,,,,,,,,,,,,,,,,,,,,,,,,,,,,,,,,,,
Q39286,Q20039854,,,,,,,,,,,,,,,,,,,,,,,,,,,,,,,,,,,,,,,,,,,,,
Q39288,Q4984083,,,,,,,,,,,,,,,,,,,,,,,,,,,,,,,,,,,,,,,,,,,,,
Q39290,Q17216436,,,,,,,,,,,,,,,,,,,,,,,,,,,,,,,,,,,,,,,,,,,,,
Q39292,Q5156027,,,,,,,,,,,,,,,,,,,,,,,,,,,,,,,,,,,,,,,,,,,,,
Q39294,Q108855665,,,,,,,,,,,,,,,,,,,,,,,,,,,,,,,,,,,,,,,,,,,,,
Q39296,Q2921025,,,,,,,,,,,,,,,,,,,,,,,,,,,,,,,,,,,,,,,,,,,,,
Q39298,Q108855674,,,,,,,,,,,,,,,,,,,,,,,,,,,,,,,,,,,,,,,,,,,,,
Q39300,Q2379927,,,,,,,,,,,,,,,,,,,,,,,,,,,,,,,,,,,,,,,,,,,,,
Q39302,Q11400609,,,,,,,,,,,,,,,,,,,,,,,,,,,,,,,,,,,,,,,,,,,,,
Q39304,Q1797076,,,,,,,,,,,,,,,,,,,,,,,,,,,,,,,,,,,,,,,,,,,,,
Q39306,Q11400608,,,,,,,,,,,,,,,,,,,,,,,,,,,,,,,,,,,,,,,,,,,,,
Q39308,Q1797077,,,,,,,,,,,,,,,,,,,,,,,,,,,,,,,,,,,,,,,,,,,,,
Q39310,Q110087265,,,,,,,,,,,,,,,,,,,,,,,,,,,,,,,,,,,,,,,,,,,,,
Q39312,Q1797079,,,,,,,,,,,,,,,,,,,,,,,,,,,,,,,,,,,,,,,,,,,,,
Q39314,Q110087322,,,,,,,,,,,,,,,,,,,,,,,,,,,,,,,,,,,,,,,,,,,,,
Q39316,Q2185967,,,,,,,,,,,,,,,,,,,,,,,,,,,,,,,,,,,,,,,,,,,,,
Q39318,Q11376746,,,,,,,,,,,,,,,,,,,,,,,,,,,,,,,,,,,,,,,,,,,,,
Q39320,Q7833326,,,,,,,,,,,,,,,,,,,,,,,,,,,,,,,,,,,,,,,,,,,,,
Q39322,Q6609401,,,,,,,,,,,,,,,,,,,,,,,,,,,,,,,,,,,,,,,,,,,,,
Q39324,Q713251,,,,,,,,,,,,,,,,,,,,,,,,,,,,,,,,,,,,,,,,,,,,,
Q39326,Q109947590,,,,,,,,,,,,,,,,,,,,,,,,,,,,,,,,,,,,,,,,,,,,,
Q39328,Q5374602,,,,,,,,,,,,,,,,,,,,,,,,,,,,,,,,,,,,,,,,,,,,,
Q39330,Q110008396,,,,,,,,,,,,,,,,,,,,,,,,,,,,,,,,,,,,,,,,,,,,,
Q39332,Q5220454,,,,,,,,,,,,,,,,,,,,,,,,,,,,,,,,,,,,,,,,,,,,,
Q39334,Q110008414,,,,,,,,,,,,,,,,,,,,,,,,,,,,,,,,,,,,,,,,,,,,,
Q39336,Q711456,,,,,,,,,,,,,,,,,,,,,,,,,,,,,,,,,,,,,,,,,,,,,
Q39338,Q108910746,,,,,,,,,,,,,,,,,,,,,,,,,,,,,,,,,,,,,,,,,,,,高倉-5,
Q39340,Q1156050,,,,,,,,,,,,,,,,,,,,,,,,,,,,,,,,,,,,,,,,,,,,,
Q39342,Q109781867,,,,,,,,,,,,,,,,,,,,,,,,,,,,,,,,,,,,,,,,,,,,,
Q39344,Q7833304,,,,,,,,,,,,,,,,,,,,,,,,,,,,,,,,,,,,,,,,,,,,,
Q39346,Q96715018,,,,,,,,,,,,,,,,,,,,,,,,,,,,,,,,,,,,,,,,,,,,,
Q39348,Q7833312,,,,,,,,,,,,,,,,,,,,,,,,,,,,,,,,,,,,,,,,,,,,,
Q39350,Q115587056,,,,,,,,,,,,,,,,,,,,,,,,,,,,,,,,,,,,,,,,,,,,,
Q39352,Q7833314,,,,,,,,,,,,,,,,,,,,,,,,,,,,,,,,,,,,,,,,,,,,,
Q39354,Q12594606,,,,,,,,,,,,,,,,,,,,,,,,,,,,,,,,,,,,,,,,,,,,,
Q39356,Q79243783,,,,,,,,,,,,,,,,,,,,,,,,,,,,,,,,,,,,,,,,,,,,,
Q39358,Q11644108,,,,,,,,,,,,,,,,,,,,,,,,,,,,,,,,,,,,,,,,,,,,,
Q39360,Q45691060,,,,,,,,,,,,,,,,,,,,,,,,,,,,,,,,,,,,,,,,,,,,,
Q39362,Q102246638,,,,,,,,,,,,,,,,,,,,,,,,,,,,,,,,,,,,,,,,,,,,,
Q39364,Q16903764,,,,,,,,,,,,,,,,,,,,,,,,,,,,,,,,,,,,,,,,,,,,,
Q39366,Q109849098,,,,,,,,,,,,,,,,,,,,,,,,,,,,,,,,,,,,,,,,,,,,,
Q39368,Q10941319,,,,,,,,,,,,,,,,,,,,,,,,,,,,,,,,,,,,,,,,,,,,,
Q39370,Q109830633,,,,,,,,,,,,,,,,,,,,,,,,,,,,,,,,,,,,,,,,,,,,,
Q39372,Q30947856,,,,,,,,,,,,,,,,,,,,,,,,,,,,,,,,,,,,,,,,,,,,,
Q39374,Q11578357,,,,,,,,,,,,,,,,,,,,,,,,,,,,,,,,,,,,,,,,,,,,,
Q39376,Q45525457,,,,,,,,,,,,,,,,,,,,,,,,,,,,,,,,,,,,,,,,,,,,,
Q39378,Q108851604,,,,,,,,,,,,,,,,,,,,,,,,,,,,,,,,,,,,,,,,,,,,,
Q39380,Q45474897,,,,,,,,,,,,,,,,,,,,,,,,,,,,,,,,,,,,,,,,,,,,,
Q39382,Q116775080,,,,,,,,,,,,,,,,,,,,,,,,,,,,,,,,,,,,,,,,,,,,,
Q39384,Q45669822,,,,,,,,,,,,,,,,,,,,,,,,,,,,,,,,,,,,,,,,,,,,,
Q39386,Q109782231,,,,,,,,,,,,,,,,,,,,,,,,,,,,,,,,,,,,,,,,,,,,,
Q39388,Q8664,,,,,,,,,,,,,,,,,,,,,,,,,,,844139,,,,,,,,,,,,,,,,,,I00298885
Q39390,Q7449900,,,,,,,,,,,,,,,,,,,,,,,,,,,,,,,,,,,,,,,,,,,,,
Q39392,Q45626869,,,,,,,,,,,,,,,,,,,,,,,,,,,,,,,,,,,,,,,,,,,,,
Q39394,Q109780860,,,,,,,,,,,,,,,,,,,,,,,,,,,,,,,,,,,,,,,,,,,,,
Q39396,Q45523810,,,,,,,,,,,,,,,,,,,,,,,,,,,,,,,,,,,,,,,,,,,,,
Q39398,Q109780878,,,,,,,,,,,,,,,,,,,,,,,,,,,,,,,,,,,,,,,,,,,,,
Q39400,Q30947862,,,,,,,,,,,,,,,,,,,,,,,,,,,,,,,,,,,,,,,,,,,,,
Q39402,Q108076116,,,,,,,,,,,,,,,,,,,,,,,,,,,,,,,,,,,,,,,,,,,,,
Q39404,Q49249910,,,,,,,,,,,,,,,,,,,,,,,,,,,,,,,,,,,,,,,,,,,,,
Q39406,Q108124883,,,,,,,,,,,,,,,,,,,,,,,,,,,,,,,,,,,,,,,,,,,,,
Q39408,Q16171499,,,,,,,,,,,,,,,,,,,,,,,,,,,,,,,,,,,,,,,,,,,,,
Q39410,Q108896072,,,,,,,,,,,,,,,,,,,,,,,,,,,,,,,,,,,,,,,,,,,,,
Q39412,Q12608474,,,,,,,,,,,,,,,,,,,,,,,,,,,,,,,,,,,,,,,,,,,,,
Q39414,Q11414307,,,,,,,,,,,,,,,,,,,,,,,,,,,,,,,,,,,,,,,,,,,,,
Q39416,Q12597420,,,,,,,,,,,,,,,,,,,,,,,,,,,,,,,,,,,,,,,,,,,,,
Q39418,Q108896603,,,,,,,,,,,,,,,,,,,,,,,,,,,,,,,,,,,,,,,,,,,,,
Q39420,Q12586339,,,,,,,,,,,,,,,,,,,,,,,,,,,,,,,,,,,,,,,,,,,,,
Q39422,Q111215441,,,,,,,,,,,,,,,,,,,,,,,,,,,,,,,,,,,,,,,,,,,,,
Q39424,Q485504,,,,,,,,,,,,,,,,,,,,,,,,,,,,,,,,,,,,,,,,,,,,,
Q39426,Q11434399,,,,,,,,,,,,,,,,,,,,,,,,,,,,,,,,,,,,,,,,,,,,,
Q39428,Q24856170,,,,,,,,,,,,,,,,,,,,,,,,,,,,,,,,,,,,,,,,,,,,,
Q39430,Q108819118,,,,,,,,,,,,,,,,,,,,,,,,,,,,,,,,,,,,,,,,,,,,,
Q39432,Q12603411,,,,,,,,,,,,,,,,,,,,,,,,,,,,,,,,,,,,,,,,,,,,,
Q39434,Q11605961,,,,,,,,,,,,,,,,,,,,,,,,,,,,,,,,,,,,,,,,,,,,,
Q39436,Q12615734,,,,,,,,,,,,,,,,,,,,,,,,,,,,,,,,,,,,,,,,,,,,,
Q39438,Q109320625,,,,,,,,,,,,,,,,,,,,,,,,,,,,,,,,,,,,,,,,,,,,,
Q39440,Q23996150,,,,,,,,,,,,,,,,,,,,,,,,,,,,,,,,,,,,,,,,,,,,,
Q39442,Q110144058,,,,,,,,,,,,,,,,,,,,,,,,,,,,,,,,,,,,,,,,,,,,,
Q39444,Q16176363,,,,,,,,,,,,,,,,,,,,,,,,,,,,,,,,,,,,,,,,,,,,,
Q39446,Q110145862,,,,,,,,,,,,,,,,,,,,,,,,,,,,,,,,,,,,,,,,,,,,,
Q39448,Q16180372,,,,,,,,,,,,,,,,,,,,,,,,,,,,,,,,,,,,,,,,,,,,,
Q39450,Q108851147,,,,,,,,,,,,,,,,,,,,,,,,,,,,,,,,,,,,,,,,,,,,,
Q39452,Q11381098,,,,,,,,,,,,,,,,,,,,,,,,,,,,,,,,,,,,,,,,,,,,,I00523436
Q39455,Q108851403,,,,,,,,,,,,,,,,,,,,,,,,,,,,,,,,,,,,,,,,,,,,,
Q39463,Q110958934,,,,,,,,,,,,,,,,,,,,,,,,,,,,,,,,,,,,,,,,,,,,,
Q39467,Q97818987,,,,,,,,,,,,,,,,,,,,,,,,,,,,,,,,,,,,,,,,,,,,,
Q39471,Q109352413,,,,,,,,,,,,,,,,,,,,,,,,,,,,,,,,,,,,,,,,,,,,,
Q39475,Q38277719,,,,,,,,,,,,,,,,,,,,,,,,,,,,,,,,,,,,,,,,,,,,,
Q39479,Q109665931,,,,,,,,,,,,,,,,,,,,,,,,,,,,,,,,,,,,,,,,,,,,,
Q39483,Q11608360,,,,,,,,,,,,,,,,,,,,,,,,,,,,,,,,,,,,,,,,,,,,,
Q39487,Q108840955,,,,,,,,,,,,,,,,,,,,,,,,,,,,,,,,,,,,,,,,,,,,,
Q39491,Q110087770,,,,,,,,,,,,,,,,,,,,,,,,,,,,,,,,,,,,,,,,,,,,,
Q39495,Q118697904,,,,,,,,,,,,,,,,,,,,,,,,,,,,,,,,,,,,,,,,,,,,,
Q39499,Q85878522,,,,,,,,,,,,,,,,,,,,,,,,,,,,,,,,,,,,,,,,,,,,,
Q39503,Q11373828,,,,,,,,,,,,,,,,,,,,,,,,,,,,,,,,,,,,,,,,,,,,,
Q39507,Q109278901,,,,,,,,,,,,,,,,,,,,,,,,,,,,,,,,,,,,,,,,,,,,,
Q39511,Q108302965,,,,,,,,,,,,,,,,,,,,,,,,,,,,,,,,,,,,,,,,,,,,,
Q39515,Q11371892,,,,,,,,,,,,,,,,,,,,,,,,,,,,,,,,,,,,,,,,,,,,,
Q39519,Q84803613,,,,,,,,,,,,,,,,,,,,,,,,,,,,,,,,,,,,,,,,,,,,,
Q39523,Q11495321,,,,,,,,,,,,,,,,,,,,,,,,,,,,,,,,,,,,,,,,,,,,,
Q39527,Q8514593,,,,,,,,,,,,,,,,,,,,,,,,,,,,,,,,,,,,,,,,,,,,,
Q39531,Q11091680,,,,,,,,,,,,,,,,,,,,,,,,,,,,,,,,,,,,,,,,,,,,,
Q39535,Q110094094,,,,,,,,,,,,,,,,,,,,,,,,,,,,,,,,,,,,,,,,,,,,,
Q39539,Q109789983,,,,,,,,,,,,,,,,,,,,,,,,,,,,,,,,,,,,,,,,,,,,,
Q39543,Q110602648,,,,,,,,,,,,,,,,,,,,,,,,,,,,,,,,,,,,,,,,,,,,,
Q39547,Q110072290,,,,,,,,,,,,,,,,,,,,,,,,,,,,,,,,,,,,,,,,,,,,,
Q39551,Q110139188,,,,,,,,,,,,,,,,,,,,,,,,,,,,,,,,,,,,,,,,,,,,,
Q39555,Q110139517,,,,,,,,,,,,,,,,,,,,,,,,,,,,,,,,,,,,,,,,,,,,,
Q39559,Q110139811,,,,,,,,,,,,,,,,,,,,,,,,,,,,,,,,,,,,,,,,,,,,,
Q39563,Q110139943,,,,,,,,,,,,,,,,,,,,,,,,,,,,,,,,,,,,,,,,,,,,,
Q39567,Q109315673,,,,,,,,,,,,,,,,,,,,,,,,,,,,,,,,,,,,,,,,,,,,,
Q39572,Q110141434,,,,,,,,,,,,,,,,,,,,,,,,,,,,,,,,,,,,,,,,,,,,,
Q39576,Q3200271,,,,,,,,,,,,,,,,,,,,,,,,,,,804404,,,,,,,,,,,,,,,,,,
Q39584,Q109852899,,,,,,,,,,,,,,,,,,,,,,,,,,,,,,,,,,,,,,,,,,,,,
Q39588,Q110068773,,,,,,,,,,,,,,,,,,,,,,,,,,,,,,,,,,,,,,,,,,,,,
Q39592,Q109195780,,,,,,,,,,,,,,,,,,,,,,,,,,,,,,,,,,,,,,,,,,,,,
Q39596,Q109303789,,,,,,,,,,,,,,,,,,,,,,,,,,,,,,,,,,,,,,,,,,,,,
Q39604,Q109788925,,,,,,,,,,,,,,,,,,,,,,,,,,,,,,,,,,,,,,,,,,,,,
Q39608,Q109784157,,,,,,,,,,,,,,,,,,,,,,,,,,,,,,,,,,,,,,,,,,,,,
Q39612,Q110078827,,,,,,,,,,,,,,,,,,,,,,,,,,,,,,,,,,,,,,,,,,,,,
Q39616,Q109789417,,,,,,,,,,,,,,,,,,,,,,,,,,,,,,,,,,,,,,,,,,,,,
Q39620,Q109789489,,,,,,,,,,,,,,,,,,,,,,,,,,,,,,,,,,,,,,,,,,,,,
Q39624,Q11504973,,,,,,,,,,,,,,,,,,,,,,,,,,,,,,,,,,,,,,,,,,,,,
Q39628,Q110168039,,,,,,,,,,,,,,,,,,,,,,,,,,,,,,,,,,,,,,,,,,,,,
Q39632,Q110306953,,,,,,,,,,,,,,,,,,,,,,,,,,,,,,,,,,,,,,,,,,,,,
Q39636,Q110307265,,,,,,,,,,,,,,,,,,,,,,,,,,,,,,,,,,,,,,,,,,,,,
Q39640,Q110308145,,,,,,,,,,,,,,,,,,,,,,,,,,,,,,,,,,,,,,,,,,,,,
Q39644,Q110308418,,,,,,,,,,,,,,,,,,,,,,,,,,,,,,,,,,,,,,,,,,,,,
Q39652,Q109322711,,,,,,,,,,,,,,,,,,,,,,,,,,,,,,,,,,,,,,,,,,,,,
Q39656,Q97031325,,,,,,,,,,,,,,,,,,,,,,,,,,,,,,,,,,,,,,,,,,,,,
Q39660,Q110307621,,,,,,,,,,,,,,,,,,,,,,,,,,,,,,,,,,,,,,,,,,,,,
Q39664,Q110307650,,,,,,,,,,,,,,,,,,,,,,,,,,,,,,,,,,,,,,,,,,,,,
Q39668,Q11545683,,,,,,,,,,,,,,,,,,,,,,,,,,,,,,,,,,,,,,,,,,,,,
Q39672,Q108781514,,,,,,,,,,,,,,,,,,,,,,,,,,,,,,,,,,,,,,,,,,,,,
Q39676,Q110139741,,,,,,,,,,,,,,,,,,,,,,,,,,,,,,,,,,,,,,,,,,,,,
Q39680,Q109937337,,,,,,,,,,,,,,,,,,,,,,,,,,,,,,,,,,,,,,,,,,,,,
Q39684,Q109937503,,,,,,,,,,,,,,,,,,,,,,,,,,,,,,,,,,,,,,,,,,,,,
Q39688,Q111167534,,,,,,,,,,,,,,,,,,,,,,,,,,,,,,,,,,,,,,,,,,,,,
Q39692,Q111172293,,,,,,,,,,,,,,,,,,,,,,,,,,,,,,,,,,,,,,,,,,,,,
Q39696,Q111172374,,,,,,,,,,,,,,,,,,,,,,,,,,,,,,,,,,,,,,,,,,,,,
Q39731,Q109337371,,,,,,,,,,,,,,,,,,,,,,,,,,,,,,,,,,,,,,,,,,,,,
Q39735,Q109337547,,,,,,,,,,,,,,,,,,,,,,,,,,,,,,,,,,,,,,,,,,,,,
Q39739,Q11676245,,,,,,,,,,,,,,,,,,,,,,,,,,,,,,,,,,,,,,,,,,,,,
Q39743,Q109916670,,,,,,,,,,,,,,,,,,,,,,,,,,,,,,,,,,,,,,,,,,,,,
Q39747,Q109351991,,,,,,,,,,,,,,,,,,,,,,,,,,,,,,,,,,,,,,,,,,,,,
Q39751,Q110143041,,,,,,,,,,,,,,,,,,,,,,,,,,,,,,,,,,,,,,,,,,,,,
Q39755,Q110714040,,,,,,,,,,,,,,,,,,,,,,,,,,,,,,,,,,,,,,,,,,,,,
Q39759,Q111172060,,,,,,,,,,,,,,,,,,,,,,,,,,,,,,,,,,,,,,,,,,,,,
Q39763,Q111172223,,,,,,,,,,,,,,,,,,,,,,,,,,,,,,,,,,,,,,,,,,,,,
Q39767,Q109831137,,,,,,,,,,,,,,,,,,,,,,,,,,,,,,,,,,,,,,,,,,,,,
Q39771,Q109836004,,,,,,,,,,,,,,,,,,,,,,,,,,,,,,,,,,,,,,,,,,,,,
Q39775,Q110089404,,,,,,,,,,,,,,,,,,,,,,,,,,,,,,,,,,,,,,,,,,,,,
Q39779,Q110147663,,,,,,,,,,,,,,,,,,,,,,,,,,,,,,,,,,,,,,,,,,,,,
Q39783,Q110166312,,,,,,,,,,,,,,,,,,,,,,,,,,,,,,,,,,,,,,,,,,,,,
Q39787,Q110166359,,,,,,,,,,,,,,,,,,,,,,,,,,,,,,,,,,,,,,,,,,,,,
Q39791,Q110166409,,,,,,,,,,,,,,,,,,,,,,,,,,,,,,,,,,,,,,,,,,,,,
Q39803,Q109867268,,,,,,,,,,,,,,,,,,,,,,,,,,,,,,,,,,,,,,,,,,,,,
Q39807,Q109866632,,,,,,,,,,,,,,,,,,,,,,,,,,,,,,,,,,,,,,,,,,,,,
Q39811,Q109872889,,,,,,,,,,,,,,,,,,,,,,,,,,,,,,,,,,,,,,,,,,,,,
Q39819,Q109983962,,,,,,,,,,,,,,,,,,,,,,,,,,,,,,,,,,,,,,,,,,,,,
Q39823,Q109991317,,,,,,,,,,,,,,,,,,,,,,,,,,,,,,,,,,,,,,,,,,,,,
Q39827,Q109991652,,,,,,,,,,,,,,,,,,,,,,,,,,,,,,,,,,,,,,,,,,,,,
Q39831,Q11355813,,,,,,,,,,,,,,,,,,,,,,,,,,,,,,,,,,,,,,,,,,,,,
Q39835,Q11355812,,,,,,,,,,,,,,,,,,,,,,,,,,,,,,,,,,,,,,,,,,,,,
Q39839,Q11355810,,,,,,,,,,,,,,,,,,,,,,,,,,,,,,,,,,,,,,,,,,,,,
Q39843,Q110308278,,,,,,,,,,,,,,,,,,,,,,,,,,,,,,,,,,,,,,,,,,,,,
Q39847,Q110962912,,,,,,,,,,,,,,,,,,,,,,,,,,,,,,,,,,,,,,,,,,,,,
Q39851,Q118697773,,,,,,,,,,,,,,,,,,,,,,,,,,,,,,,,,,,,,,,,,,,,,
Q40215,Q110137403,,,,,,,,,,,,,,,,,,,,,,,,,,,,,,,,,,,,,,,,,,,,,
Q40219,Q110068241,,,,,,,,,,,,,,,,,,,,,,,,,,,,,,,,,,,,,,,,,,,,,
Q40223,Q110168629,,,,,,,,,,,,,,,,,,,,,,,,,,,,,,,,,,,,,,,,,,,,,
Q40227,Q113241115,,,,,,,,,,,,,,,,,,,,,,,,,,,,,,,,,,,,,,,,,,,,,
Q40231,Q6636789,,,,,,,,,,,,,,,,,,,,,,,,,,,,,,,,,,,,,,,,,,,,,
Q40235,Q113241226,,,,,,,,,,,,,,,,,,,,,,,,,,,,,,,,,,,,,,,,,,,,,
Q40239,Q6636775,,,,,,,,,,,,,,,,,,,,,,,,,,,,,,,,,,,,,,,,,,,,,
Q40243,Q115586939,,,,,,,,,,,,,,,,,,,,,,,,,,,,,,,,,,,,,,,,,,,,,
Q40245,Q22812653,,,,,,,,,,,,,,,,,,,,,,,,,,,,,,,,,,,,,,,,,,,,,
Q40247,Q115586801,,,,,,,,,,,,,,,,,,,,,,,,,,,,,,,,,,,,,,,,,,,,,
Q40249,Q28419018,,,,,,,,,,,,,,,,,,,,,,,,,,,,,,,,,,,,,,,,,,,,,
Q40253,Q61721614,,,,,,,,,,,,,,,,,,,,,,,,,,,,,,,,,,,,,,,,,,,,,
Q40255,Q109947554,,,,,,,,,,,,,,,,,,,,,,,,,,,,,,,,,,,,,,,,,,,,,
Q40257,Q133277762,,,,,,,,,,,,,,,,,,,,,,,,,,,,,,,,,,,,,,,,,,,,,
Q40259,Q110142729,,,,,,,,,,,,,,,,,,,,,,,,,,,,,,,,,,,,,,,,,,,,,
Q40261,Q133277697,,,,,,,,,,,,,,,,,,,,,,,,,,,,,,,,,,,,,,,,,,,,,
Q40263,Q110967684,,,,,,,,,,,,,,,,,,,,,,,,,,,,,,,,,,,,,,,,,,,,,
Q40265,Q22812671,,,,,,,,,,,,,,,,,,,,,,,,,,,,,,,,,,,,,,,,,,,,孔-4,
Q40267,Q109195145,,,,,,,,,,,,,,,,,,,,,,,,,,,,,,,,,,,,,,,,,,,,,
Q40269,Q10944441,,,,,,,,,,,,,,,,,,,,,,,,,,,,,,,,,,,,,,,,,,,,,
Q40271,Q110602699,,,,,,,,,,,,,,,,,,,,,,,,,,,,,,,,,,,,,,,,,,,,,
Q40273,Q114690252,,,,,,,,,,,,,,,,,,,,,,,,,,,,,,,,,,,,,,,,,,,,,
Q40275,Q110602602,,,,,,,,,,,,,,,,,,,,,,,,,,,,,,,,,,,,,,,,,,,,,
Q40277,Q11626510,,,,,,,,,,,,,,,,,,,,,,,,,,,,,,,,,,,,,,,,,,,,,
Q40279,Q109796717,,,,,,,,,,,,,,,,,,,,,,,,,,,,,,,,,,,,,,,,,,,,,
Q40281,Q706172,,,,,,,,LJV7-SHG,,,,,,,,,,,,,,,,,,,,,,,,,,,,,,,,,,,,段-3,
Q40284,Q109789641,,,,,,,,,,,,,,,,,,,,,,,,,,,,,,,,,,,,,,,,,,,,,
Q40285,Q131690465,,,,,,,,,,,,,,,,,,,,,,,,,,,,,,,,,,,,,,,,,,,,,
Q40287,Q109789765,,,,,,,,,,,,,,,,,,,,,,,,,,,,,,,,,,,,,,,,,,,,,
Q40289,Q131690146,,,,,,,,,,,,,,,,,,,,,,,,,,,,,,,,,,,,,,,,,,,,,
Q40291,Q108842672,,,,,,,,,,,,,,,,,,,,,,,,,,,,,,,,,,,,,,,,,,,,,
Q40293,Q8979208,,,,,,,,,,,,,,,,,,,,,,,,,,,,,,,,,,,,,,,,,,,,,
Q40297,Q45416392,,,,,,,,G6V7-QD3,,,,,,,,,,,,,,,,,,,,,,,,,,,,,,,,,,,,,
Q40301,Q45416404,,,,,,,,G6V7-F2T,,,,,,,,,,,,,,,,,,,,,,,,,,,,,,,,,,,,,
Q40305,Q45416410,,,,,,,,,,,,,,,,,,,,,,,,,,,,,,,,,,,,,,,,,,,,,
Q40309,Q45416418,,,,,,,,,,,,,,,,,,,,,,,,,,,,,,,,,,,,,,,,,,,,,
Q40313,Q45416436,,,,,,,,,,,,,,,,,,,,,,,,,,,,,,,,,,,,,,,,,,,,,
Q40316,Q110249650,,,,,,,,,,,,,,,,,,,,,,,,,,,,,,,,,,,,,,,,,,,,,
Q40317,Q45416441,,,,,,,,G6V7-99X,,,,,,,,,,,,,,,,,,,,,,,,,,,,,,,,,,,,,
Q40321,Q6539974,,,,,,,,,,,,,,,,,,,,,,,,,,,,,,,,,,,,,,,,,,,,,
Q40324,Q110250743,,,,,,,,,,,,,,,,,,,,,,,,,,,,,,,,,,,,,,,,,,,,,
Q40325,Q45491904,,,,,,,,,,,,,,,,,,,,,,,,,,,,,,,,,,,,,,,,,,,,,
Q40328,Q110251023,,,,,,,,,,,,,,,,,,,,,,,,,,,,,,,,,,,,,,,,,,,,,
Q40329,Q45702213,,,,,,,,,,,,,,,,,,,,,,,,,,,,,,,,,,,,,,,,,,,,,
Q40332,Q8081572,,,,,,,,,,,,,,,,,,,,,,,,,,,,,,,,,,,,,,,,,,,,,
Q40333,Q45702235,,,,,,,,,,,,,,,,,,,,,,,,,,,,,,,,,,,,,,,,,,,,,
Q40337,Q45416504,,,,,,,,,,,,,,,,,,,,,,,,,,,,,,,,,,,,,,,,,,,,,
Q40341,Q45416505,,,,,,,,,,,,,,,,,,,,,,,,,,,,,,,,,,,,,,,,,,,,,
Q40345,Q45416507,,,,,,,,,,,,,,,,,,,,,,,,,,,,,,,,,,,,,,,,,,,,,
Q40349,Q45416509,,,,,,,,,,,,,,,,,,,,,,,,,,,,,,,,,,,,,,,,,,,,,
Q40352,Q10863126,,,,,,,,,,,,,,,,,,,,,,,,,,,,,,,,,,,,,,,,,,,,,
Q40353,Q45416514,,,,,,,,,,,,,,,,,,,,,,,,,,,,,,,,,,,,,,,,,,,,,
Q40356,Q110079394,,,,,,,,,,,,,,,,,,,,,,,,,,,,,,,,,,,,,,,,,,,,,
Q40357,Q45416595,,,,,,,,,,,,,,,,,,,,,,,,,,,,,,,,,,,,,,,,,,,,,
Q40360,Q110255381,,,,,,,,,,,,,,,,,,,,,,,,,,,,,,,,,,,,,,,,,,,,,
Q40361,Q45560932,,,,,,,,,,,,,,,,,,,,,,,,,,,,,,,,,,,,,,,,,,,,,
Q40364,Q109318665,,,,,,,,,,,,,,,,,,,,,,,,,,,,,,,,,,,,,,,,,,,,,
Q40365,Q45560872,,,,,,,,,,,,,,,,,,,,,,,,,,,,,,,,,,,,,,,,,,,,,
Q40368,Q110164002,,,,,,,,,,,,,,,,,,,,,,,,,,,,,,,,,,,,,,,,,,,,,
Q40369,Q65814200,,,,,,,,,,,,,,,,,,,,,,,,,,,,,,,,,,,,,,,,,,,,,
Q40372,Q110141492,,,,,,,,,,,,,,,,,,,,,,,,,,,,,,,,,,,,,,,,,,,,,
Q40373,Q65814416,,,,,,,,,,,,,,,,,,,,,,,,,,,,,,,,,,,,,,,,,,,,,
Q40376,Q110143145,,,,,,,,,,,,,,,,,,,,,,,,,,,,,,,,,,,,,,,,,,,,,
Q40377,Q65814472,,,,,,,,,,,,,,,,,,,,,,,,,,,,,,,,,,,,,,,,,,,,,
Q40380,Q110143518,,,,,,,,,,,,,,,,,,,,,,,,,,,,,,,,,,,,,,,,,,,,,
Q40381,Q13672635,,,,,,,,,,,,,,,,,,,,,,,,,,,,,,,,,,,,,,,,,,,,,
Q40384,Q110657999,,,,,,,,,,,,,,,,,,,,,,,,,,,,,,,,,,,,,,,,,,,,,
Q40385,Q45551067,,,,,,,,,,,,,,,,,,,,,,,,,,,,,,,,,,,,,,,,,,,,,
Q40388,Q110657921,,,,,,,,,,,,,,,,,,,,,,,,,,,,,,,,,,,,,,,,,,,,,
Q40389,Q45416945,,,,,,,,,,,,,,,,,,,,,,,,,,,,,,,,,,,,,,,,,,,,,
Q40392,Q110660141,,,,,,,,,,,,,,,,,,,,,,,,,,,,,,,,,,,,,,,,,,,,,
Q40393,Q45416956,,,,,,,,,,,,,,,,,,,,,,,,,,,,,,,,,,,,,,,,,,,,,
Q40396,Q109867107,,,,,,,,,,,,,,,,,,,,,,,,,,,,,,,,,,,,,,,,,,,,,
Q40397,Q45417198,,,,,,,,,,,,,,,,,,,,,,,,,,,,,,,,,,,,,,,,,,,,,
Q40400,Q110089553,,,,,,,,,,,,,,,,,,,,,,,,,,,,,,,,,,,,,,,,,,,,,
Q40401,Q45416940,,,,,,,,,,,,,,,,,,,,,,,,,,,,,,,,,,,,,,,,,,,,,
Q40404,Q11650632,,,,,,,,,,,,,,,,,,,,,,,,,,,,,,,,,,,,,,,,,,,,鍋島-52,
Q40405,Q45417104,,,,,,,,,,,,,,,,,,,,,,,,,,,,,,,,,,,,,,,,,,,,,
Q40408,Q111164088,,,,,,,,,,,,,,,,,,,,,,,,,,,,,,,,,,,,,,,,,,,,,
Q40409,Q13652505,,,,,,,,,,,,,,,,,,,,,,,,,,,,,,,,,,,,,,,,,,,,,
Q40413,Q13652817,,,,,,,,,,,,,,,,,,,,,,,,,,,,,,,,,,,,,,,,,,,,,
Q40417,Q45417063,,,,,,,,,,,,,,,,,,,,,,,,,,,,,,,,,,,,,,,,,,,,,
Q40421,Q45417064,,,,,,,,,,,,,,,,,,,,,,,,,,,,,,,,,,,,,,,,,,,,,
Q40425,Q45417061,,,,,,,,,,,,,,,,,,,,,,,,,,,,,,,,,,,,,,,,,,,,,
Q40429,Q13655167,,,,,,,,,,,,,,,,,,,,,,,,,,,,,,,,,,,,,,,,,,,,,
Q40432,Q119343146,,,,,,,,,,,,,,,,,,,,,,,,,,,,,,,,,,,,,,,,,,,,,
Q40433,Q11070716,,,,,,,,,,,,,,,,,,,,,,,,,,,,,,,,,,,,,,,,,,,,,
Q40436,Q11097387,,,,,,,,,,,,,,,,,,,,,,,,,,,,,,,,,,,,,,,,,,,,,
Q40437,Q13654612,,,,,,,,,,,,,,,,,,,,,,,,,,,,,,,,,,,,,,,,,,,,,
Q40440,Q45692515,,,,,,,,,,,,,,,,,,,,,,,,,,,,,,,,,,,,,,,,,,,,,
Q40441,Q13655528,,,,,,,,,,,,,,,,,,,,,,,,,,,,,,,,,,,,,,,,,,,,,
Q40444,Q45699766,,,,,,,,,,,,,,,,,,,,,,,,,,,,,,,,,,,,,,,,,,,,,
Q40445,Q45417016,,,,,,,,,,,,,,,,,,,,,,,,,,,,,,,,,,,,,,,,,,,,,
Q40448,Q45439442,,,,,,,,,,,,,,,,,,,,,,,,,,,,,,,,,,,,,,,,,,,,,
Q40449,Q45417036,,,,,,,,,,,,,,,,,,,,,,,,,,,,,,,,,,,,,,,,,,,,,
Q40452,Q11097463,,,,,,,,,,,,,,,,,,,,,,,,,,,,,,,,,,,,,,,,,,,,,
Q40453,Q45417041,,,,,,,,,,,,,,,,,,,,,,,,,,,,,,,,,,,,,,,,,,,,,
Q40456,Q11097447,,,,,,,,,,,,,,,,,,,,,,,,,,,,,,,,,,,,,,,,,,,,,
Q40457,Q45417045,,,,,,,,,,,,,,,,,,,,,,,,,,,,,,,,,,,,,,,,,,,,,
Q40460,Q10337238,,,,,,,,,,,,,,,,,,,,,,,,,,,,,,,,,,,,,,,,,,,,,
Q40461,Q45417052,,,,,,,,,,,,,,,,,,,,,,,,,,,,,,,,,,,,,,,,,,,,,
Q40464,Q45692799,,,,,,,,,,,,,,,,,,,,,,,,,,,,,,,,,,,,,,,,,,,,,
Q40465,Q13654073,,,,,,,,,,,,,,,,,,,,,,,,,,,,,,,,,,,,,,,,,,,,,
Q40468,Q45698921,,,,,,,,,,,,,,,,,,,,,,,,,,,,,,,,,,,,,,,,,,,,,
Q40469,Q45527564,,,,,,,,,,,,,,,,,,,,,,,,,,,,,,,,,,,,,,,,,,,,,
Q40472,Q10339069,,,,,,,,,,,,,,,,,,,,,,,,,,,,,,,,,,,,,,,,,,,,,
Q40473,Q10880648,,,,,,,,,,,,,,,,,,,,,,,,,,,,,,,,,,,,,,,,,,,,,
Q40476,Q10333984,,,,,,,,,,,,,,,,,,,,,,,,,,,,,,,,,,,,,,,,,,,,,
Q40478,Q1770486,,,,,,,,,,,,,,,,,,,,,,,,,,,,,,,,,,,,,,,,,,,,,
Q40480,Q11118898,,,,,,,,,,,,,,,,,,,,,,,,,,,,,,,,,,,,,,,,,,,,,
Q40482,Q10957621,,,,,,,,,,,,,,,,,,,,,,,,,,,,,,,,,,,,,,,,,,,,,
Q40484,Q11118385,,,,,,,,,,,,,,,,,,,,,,,,,,,,,,,,,,,,,,,,,,,,,
Q40486,Q45426857,,,,,,,,,,,,,,,,,,,,,,,,,,,,,,,,,,,,,,,,,,,,,
Q40488,Q16603415,,,,,,,,,,,,,,,,,,,,,,,,,,,,,,,,,,,,,,,,,,,,,
Q40490,Q22812629,,,,,,,,,,,,,,,,,,,,,,,,,,,,,,,,,,,,,,,,,,,,,
Q40492,Q8253505,,,,,,,,,,,,,,,,,,,,,,,,,,,,,,,,,,,,,,,,,,,,,
Q40494,Q28417701,,,,,,,,,,,,,,,,,,,,,,,,,,,,,,,,,,,,,,,,,,,,,
Q40496,Q30948388,,,,,,,,,,,,,,,,,,,,,,,,,,,,,,,,,,,,,,,,,,,,,
Q40498,Q7189091,,,,,,,,,,,,,,,,,,,,,,,,,,,,,,,,,,,,,,,,,,,,,
Q40500,Q45451600,,,,,,,,,,,,,,,,,,,,,,,,,,,,,,,,,,,,,,,,,,,,,
Q40502,Q12609387,,,,,,,,,,,,,,,,,,,,,,,,,,,,,,,,,,,,,,,,,,,,,
Q40504,Q45451665,,,,,,,,,,,,,,,,,,,,,,,,,,,,,,,,,,,,,,,,,,,,,
Q40506,Q12608498,,,,,,,,,,,,,,,,,,,,,,,,,,,,,,,,,,,,,,,,,,,,,
Q40508,Q45451914,,,,,,,,,,,,,,,,,,,,,,,,,,,,,,,,,,,,,,,,,,,,,
Q40510,Q107222250,,,,,,,,,,,,,,,,,,,,,,,,,,,,,,,,,,,,,,,,,,,,,
Q40512,Q45451978,,,,,,,,,,,,,,,,,,,,,,,,,,,,,,,,,,,,,,,,,,,,,
Q40514,Q67575053,,,,,,,,,,,,,,,,,,,,,,,,,,,,,,,,,,,,,,,,,,,,,
Q40516,Q45452104,,,,,,,,,,,,,,,,,,,,,,,,,,,,,,,,,,,,,,,,,,,,,
Q40518,Q67574929,,,,,,,,,,,,,,,,,,,,,,,,,,,,,,,,,,,,,,,,,,,,,
Q40520,Q45452166,,,,,,,,,,,,,,,,,,,,,,,,,,,,,,,,,,,,,,,,,,,,,
Q40522,Q67574951,,,,,,,,,,,,,,,,,,,,,,,,,,,,,,,,,,,,,,,,,,,,,
Q40524,Q45460610,,,,,,,,,,,,,,,,,,,,,,,,,,,,,,,,,,,,,,,,,,,,,
Q40526,Q67574989,,,,,,,,,,,,,,,,,,,,,,,,,,,,,,,,,,,,,,,,,,,,,
Q40528,Q45470652,,,,,,,,,,,,,,,,,,,,,,,,,,,,,,,,,,,,,,,,,,,,,
Q40532,Q6752417,,,,,,,,,,,,,,,,,,,,,,,,,,,,,,,,,,,,,,,,,,,,,
Q40534,Q27952776,,,,,,,,,,,,,,,,,,,,,,,,,,,,,,,,,,,,,,,,,,,,,
Q40536,Q15897172,,,,,,,,,,,,,,,,,,,,,,,,,,,,,,,,,,,,,,,,,,,,,
Q40540,Q10142973,,,,,,,,,,,,,,,,,,,,,,,,,,,,,,,,,,,,,,,,,,,,,
Q40544,Q8257568,,,,,,,,,,,,,,,,,,,,,,,,,,,,,,,,,,,,,,,,,,,,,
Q40546,Q12624391,,,,,,,,,,,,,,,,,,,,,,,,,,,,,,,,,,,,,,,,,,,,,
Q40548,Q16076522,,,,,,,,,,,,,,,,,,,,,,,,,,,,,,,,,,,,,,,,,,,,,
Q40550,Q12585159,,,,,,,,,,,,,,,,,,,,,,,,,,,,,,,,,,,,,,,,,,,,,
Q40552,Q9397782,,,,,,,,,,,,,,,,,,,,,,,,,,,,,,,,,,,,,,,,,,,,,
Q40554,Q27954209,,,,,,,,,,,,,,,,,,,,,,,,,,,,,,,,,,,,,,,,,,,,,
Q40556,Q16603598,,,,,,,,,,,,,,,,,,,,,,,,,,,,,,,,,,,,,,,,,,,,,
Q40558,Q28698961,,,,,,,,,,,,,,,,,,,,,,,,,,,,,,,,,,,,,,,,,,,,,
Q40560,Q45501424,,,,,,,,,,,,,,,,,,,,,,,,,,,,,,,,,,,,,,,,,,,,,
Q40564,Q11622014,,,,,,,,,,,,,,,,,,,,,,,,,,,,,,,,,,,,,,,,,,,,,
Q40568,Q11658315,,,,,,,,,,,,,,,,,,,,,,,,,,,,,,,,,,,,,,,,,,,,,
Q40572,Q10565079,,,,,,,,,,,,,,,,,,,,,,,,,,,,,,,,,,,,,,,,,,,,,
Q40574,Q6819698,,,,,,,,,,,,,,,,,,,,,,,,,,,,,,,,,,,,,,,,,,,,,
Q40576,Q11658317,,,,,,,,,,,,,,,,,,,,,,,,,,,,,,,,,,,,,,,,,,,,,
Q40578,Q12609675,,,,,,,,,,,,,,,,,,,,,,,,,,,,,,,,,,,,,,,,,,,,,
Q40580,Q10565476,,,,,,,,,,,,,,,,,,,,,,,,,,,,,,,,,,,,,,,,,,,,,
Q40584,Q11658316,,,,,,,,,,,,,,,,,,,,,,,,,,,,,,,,,,,,,,,,,,,,,
Q40588,Q65807028,,,,,,,,,,,,,,,,,,,,,,,,,,,,,,,,,,,,,,,,,,,,,
Q40592,Q45421502,,,,,,,,,,,,,,,,,,,,,,,,,,,,,,,,,,,,,,,,,,,,,
Q40596,Q45627001,,,,,,,,,,,,,,,,,,,,,,,,,,,,,,,,,,,,,,,,,,,,,
Q40600,Q65809917,,,,,,,,,,,,,,,,,,,,,,,,,,,,,,,,,,,,,,,,,,,,,
Q40602,Q61095071,,,,,,,,,,,,,,,,,,,,,,,,,,,,,,,,,,,,,,,,,,,,,
Q40604,Q45532361,,,,,,,,,,,,,,,,,,,,,,,,,,,,,,,,,,,,,,,,,,,,,
Q40606,Q61094755,,,,,,,,,,,,,,,,,,,,,,,,,,,,,,,,,,,,,,,,,,,,,
Q40608,Q45532424,,,,,,,,,,,,,,,,,,,,,,,,,,,,,,,,,,,,,,,,,,,,,
Q40610,Q67587382,,,,,,,,,,,,,,,,,,,,,,,,,,,,,,,,,,,,,,,,,,,,,
Q40612,Q45532551,,,,,,,,,,,,,,,,,,,,,,,,,,,,,,,,,,,,,,,,,,,,,
Q40614,Q16174789,,,,,,,,,,,,,,,,,,,,,,,,,,,,,,,,,,,,,,,,,,,,,
Q40616,Q45419220,,,,,,,,,,,,,,,,,,,,,,,,,,,,,,,,,,,,,,,,,,,,,
Q40618,Q16174776,,,,,,,,,,,,,,,,,,,,,,,,,,,,,,,,,,,,,,,,,,,,,
Q40620,Q45556646,,,,,,,,,,,,,,,,,,,,,,,,,,,,,,,,,,,,,,,,,,,,,
Q40622,Q16180118,,,,,,,,,,,,,,,,,,,,,,,,,,,,,,,,,,,,,,,,,,,,,
Q40625,Q45508441,,,,,,,,,,,,,,,,,,,,,,,,,,,,,,,,,,,,,,,,,,,,,
Q40626,Q3635286,,,,,,,,,,,,,,,,,,,,,,,,,,,95024,,,,,,,,,,,,,,,,,,I00299014
Q40629,Q15953288,,,,,,,,,,,,,,,,,,,,,,,,,,,,,,,,,,,,,,,,,,,,,
Q40630,Q7069223,,,,,,,,,,,,,,,,,,,,,,,,,,,1427001,,,,,,,,,,,,,,,,,,
Q40633,Q6539155,,,,,,,,,,,,,,,,,,,,,,,,,,,,,,,,,,,,,,,,,,,,,
Q40634,Q45598702,,,,,,,,,,,,,,,,,,,,,,,,,,,1427002,,,,,,,,,,,,,,,,,,
Q40637,Q45421011,,,,,,,,,,,,,,,,,,,,,,,,,,,,,,,,,,,,,,,,,,,,,
Q40638,Q54293390,,,,,,,,,,,,,,,,,,,,,,,,,,,,,,,,,,,,,,,,,,,,,
Q40641,Q45508893,,,,,,,,,,,,,,,,,,,,,,,,,,,,,,,,,,,,,,,,,,,,,
Q40642,Q25632812,,,,,,,,,,,,,,,,,,,,,,,,,,,,,,,,,,,,,,,,,,,,,
Q40645,Q16076736,,,,,,,,,,,,,,,,,,,,,,,,,,,,,,,,,,,,,,,,,,,,,
Q40646,Q62018727,,,,,,,,,,,,,,,,,,,,,,,,,,,,,,,,,,,,,,,,,,,,,
Q40649,Q45509085,,,,,,,,,,,,,,,,,,,,,,,,,,,,,,,,,,,,,,,,,,,,,
Q40650,Q62018702,,,,,,,,,,,,,,,,,,,,,,,,,,,,,,,,,,,,,,,,,,,,,
Q40653,Q45509149,,,,,,,,,,,,,,,,,,,,,,,,,,,,,,,,,,,,,,,,,,,,,
Q40654,Q25632811,,,,,,,,,,,,,,,,,,,,,,,,,,,,,,,,,,,,,,,,,,,,,
Q40657,Q45510497,,,,,,,,,,,,,,,,,,,,,,,,,,,,,,,,,,,,,,,,,,,,,
Q40658,Q45619900,,,,,,,,,,,,,,,,,,,,,,,,,,,,,,,,,,,,,,,,,,,,,
Q40661,Q45512984,,,,,,,,,,,,,,,,,,,,,,,,,,,,,,,,,,,,,,,,,,,,,
Q40662,Q24866667,,,,,,,,,,,,,,,,,,,,,,,,,,,,,,,,,,,,,,,,,,,,,
Q40665,Q45514891,,,,,,,,,,,,,,,,,,,,,,,,,,,,,,,,,,,,,,,,,,,,,
Q40666,Q10879719,,,,,,,,,,,,,,,,,,,,,,,,,,,,,,,,,,,,,,,,,,,,,
Q40669,Q45514192,,,,,,,,,,,,,,,,,,,,,,,,,,,,,,,,,,,,,,,,,,,,,
Q40670,Q38962759,,,,,,,,,,,,,,,,,,,,,,,,,,,,,,,,,,,,,,,,,,,,,
Q40673,Q45514255,,,,,,,,,,,,,,,,,,,,,,,,,,,,,,,,,,,,,,,,,,,,,
Q40674,Q45616503,,,,,,,,,,,,,,,,,,,,,,,,,,,,,,,,,,,,,,,,,,,,,
Q40677,Q45515650,,,,,,,,,,,,,,,,,,,,,,,,,,,,,,,,,,,,,,,,,,,,,
Q40678,Q45690452,,,,,,,,,,,,,,,,,,,,,,,,,,,,,,,,,,,,,,,,,,,,,
Q40681,Q45517077,,,,,,,,,,,,,,,,,,,,,,,,,,,,,,,,,,,,,,,,,,,,,
Q40682,Q10297212,,,,,,,,,,,,,,,,,,,,,,,,,,,,,,,,,,,,,,,,,,,,,
Q40685,Q45517526,,,,,,,,,,,,,,,,,,,,,,,,,,,,,,,,,,,,,,,,,,,,,
Q40686,Q20040543,,,,,,,,,,,,,,,,,,,,,,,,,,,,,,,,,,,,,,,,,,,,,
Q40689,Q45520566,,,,,,,,,,,,,,,,,,,,,,,,,,,,,,,,,,,,,,,,,,,,,
Q40690,Q108758975,,,,,,,,,,,,,,,,,,,,,,,,,,,,,,,,,,,,,,,,,,,,,
Q40693,Q45520630,,,,,,,,,,,,,,,,,,,,,,,,,,,,,,,,,,,,,,,,,,,,,
Q40694,Q64711580,,,,,,,,,,,,,,,,,,,,,,,,,,,,,,,,,,,,,,,,,,,,,
Q40697,Q45520694,,,,,,,,,,,,,,,,,,,,,,,,,,,,,,,,,,,,,,,,,,,,,
Q40698,Q24351289,,,,,,,,,,,,,,,,,,,,,,,,,,,,,,,,,,,,,,,,,,,,,
Q40701,Q45521715,,,,,,,,,,,,,,,,,,,,,,,,,,,,,,,,,,,,,,,,,,,,,
Q40702,Q10930960,,,,,,,,,,,,,,,,,,,,,,,,,,,,,,,,,,,,,,,,,,,,,
Q40705,Q45490668,,,,,,,,,,,,,,,,,,,,,,,,,,,,,,,,,,,,,,,,,,,,,
Q40706,Q7456,,,,,,,,,,,,,,,,,,,,,,,,,,,,,,,,,,,,,,,,,,,,,
Q40709,Q26198120,,,,,,,,,,,,,,,,,,,,,,,,,,,,,,,,,,,,,,,,,,,,,
Q40710,Q10335690,,,,,,,,,,,,,,,,,,,,,,,,,,,,,,,,,,,,,,,,,,,,,
Q40713,Q45528343,,,,,,,,,,,,,,,,,,,,,,,,,,,,,,,,,,,,,,,,,,,,,
Q40714,Q5076,,,,,,,,,,,,,,,,,,,,,,,,,,,,,,,,,,,,,,,,,,,,,I00299842
Q40717,Q45422135,,,,,,,,,,,,,,,,,,,,,,,,,,,,,,,,,,,,,,,,,,,,,
Q40718,Q7067028,,,,,,,,,,,,,,,,,,,,,,,,,,,,,,,,,,,,,,,,,,,,,
Q40721,Q45530817,,,,,,,,,,,,,,,,,,,,,,,,,,,,,,,,,,,,,,,,,,,,,
Q40722,Q16075420,,,,,,,,,,,,,,,,,,,,,,,,,,,,,,,,,,,,,,,,,,,,,
Q40725,Q45495834,,,,,,,,,,,,,,,,,,,,,,,,,,,,,,,,,,,,,,,,,,,,,
Q40726,Q16075436,,,,,,,,,,,,,,,,,,,,,,,,,,,,,,,,,,,,,,,,,,,,,
Q40729,Q45602957,,,,,,,,,,,,,,,,,,,,,,,,,,,,,,,,,,,,,,,,,,,,,
Q40730,Q16075409,,,,,,,,,,,,,,,,,,,,,,,,,,,,,,,,,,,,,,,,,,,,,
Q40733,Q45424429,,,,,,,,,,,,,,,,,,,,,,,,,,,,,,,,,,,,,,,,,,,,,
Q40734,Q25632697,,,,,,,,,,,,,,,,,,,,,,,,,,,,,,,,,,,,,,,,,,,,,
Q40737,Q45529359,,,,,,,,,,,,,,,,,,,,,,,,,,,,,,,,,,,,,,,,,,,,,
Q40738,Q1042035,,,,,,,,,,,,,,,,,,,,,,,,,,,,,,,,,,,,,,,,,,,,,
Q40741,Q45529424,,,,,,,,,,,,,,,,,,,,,,,,,,,,,,,,,,,,,,,,,,,,,
Q40743,Q65028724,,,,,,,,,,,,,,,,,,,,,,,,,,,,,,,,,,,,,,,,,,,,,
Q40745,Q45529487,,,,,,,,,,,,,,,,,,,,,,,,,,,,,,,,,,,,,,,,,,,,,
Q40747,Q62084958,,,,,,,,,,,,,,,,,,,,,,,,,,,,,,,,,,,,,,,,,,,,,
Q40749,Q45529231,,,,,,,,,,,,,,,,,,,,,,,,,,,,,,,,,,,,,,,,,,,,,
Q40751,Q45625734,,,,,,,,,,,,,,,,,,,,,,,,,,,,,,,,,,,,,,,,,,,,,
Q40753,Q45463711,,,,,,,,,,,,,,,,,,,,,,,,,,,,,,,,,,,,,,,,,,,,,
Q40756,Q1207224,,,,,,,,,,,,,,,,,,,,,,,,,,,,,,,,,,,,,,,,,,,,,I00374610
Q40757,Q45530316,,,,,,,,,,,,,,,,,,,,,,,,,,,,,,,,,,,,,,,,,,,,,
Q40760,Q1370244,,,,,,,,,,,,,,,,,,,,,,,,,,,,,,,,,,,,,,,,,,,,,I00374622
Q40761,Q67390865,,,,,,,,,,,,,,,,,,,,,,,,,,,,,,,,,,,,,,,,,,,,,
Q40764,Q2681594,,,,,,,,,,,,,,,,,,,,,,,,,,,,,,,,,,,,,,,,,,,,,I00374612
Q40765,Q5374612,,,,,,,,,,,,,,,,,,,,,,,,,,,,,,,,,,,,,,,,,,,,,
Q40768,Q3992272,,,,,,,,,,,,,,,,,,,,,,,,,,,274016,,,,,,,,,,,,,,,Toqoqan_of_Genhis_(1),,,I00298860
Q40769,Q6538710,,,,,,,,,,,,,,,,,,,,,,,,,,,,,,,,,,,,,,,,,,,,,
Q40772,Q448095,,,,,,,,,,,,,,,,,,,,,,,,,,,249679,,,,,,,,,,,,,,,Mengu-Timur_of_Genhis_(1),,,I00298861
Q40773,Q6539240,,,,,,,,,,,,,,,,,,,,,,,,,,,,,,,,,,,,,,,,,,,,,
Q40776,Q1196160,,,,,,,,,,,,,,,,,,,,,,,,,,,279473,,,,,,,,,,,,,,,Tode_of_Ghengis_(1),,,
Q40777,Q10719244,,,,,,,,,,,,,,,,,,,,,,,,,,,,,,,,,,,,,,,,,,,,,
Q40780,Q60986331,,,,,,,,,,,,,,,,,,,,,,,,,,,,,,,,,,,,,,,,,,,,,
Q40781,Q10719284,,,,,,,,,,,,,,,,,,,,,,,,,,,,,,,,,,,,,,,,,,,,,
Q40784,Q11091875,,,,,,,,,,,,,,,,,,,,,,,,,,,,,,,,,,,,,,,,,,,,,
Q40785,Q10719322,,,,,,,,,,,,,,,,,,,,,,,,,,,,,,,,,,,,,,,,,,,,,
Q40788,Q16904250,,,,,,,,,,,,,,,,,,,,,,,,,,,,,,,,,,,,,,,,,,,,,
Q40789,Q10719402,,,,,,,,,,,,,,,,,,,,,,,,,,,,,,,,,,,,,,,,,,,,,
Q40792,Q10879714,,,,,,,,,,,,,,,,,,,,,,,,,,,,,,,,,,,,,,,,,,,,,
Q40793,Q10719457,,,,,,,,,,,,,,,,,,,,,,,,,,,,,,,,,,,,,,,,,,,,,
Q40796,Q16903858,,,,,,,,,,,,,,,,,,,,,,,,,,,,,,,,,,,,,,,,,,,,,
Q40797,Q706559,,,,,,,,,,,,,,,,,,,,,,,,,,,,,,,,,,,,,,,,,,,,,
Q40800,Q7272790,,,,,,,,,,,,,,,,,,,,,,,,,,,,,,,,,,,,,,,,,,,,,
Q40801,Q5972977,,,,,,,,,,,,,,,,,,,,,,,,,,,,,,,,,,,,,,,,,,,,,
Q40804,Q4248239,,,,,,,,,,,,,,,,,,,,,,,,,,,,,,,,,,,,,,,,,,,,,
Q40805,Q10719917,,,,,,,,,,,,,,,,,,,,,,,,,,,,,,,,,,,,,,,,,,,,,
Q40808,Q38965854,,,,,,,,,,,,,,,,,,,,,,,,,,,,,,,,,,,,,,,,,,,,,
Q40809,Q10719962,,,,,,,,,,,,,,,,,,,,,,,,,,,,,,,,,,,,,,,,,,,,,
Q40811,Q12140198,,,,,,,,,,,,,,,,,,,,,,,,,,,434511,,,,,,,,,,,,,,,,,,
Q40813,Q10720020,,,,,,,,,,,,,,,,,,,,,,,,,,,,,,,,,,,,,,,,,,,,,
Q40815,Q109315903,,,,,,,,,,,,,,,,,,,,,,,,,,,,,,,,,,,,,,,,,,,,,
Q40817,Q10720135,,,,,,,,,,,,,,,,,,,,,,,,,,,,,,,,,,,,,,,,,,,,,
Q40819,Q4093441,,,,,,,,,,,,,,,,,,,,,,,,,,,249678,,,,,,,,,,,,,,,,,,
Q40821,Q10720201,,,,,,,,,,,,,,,,,,,,,,,,,,,,,,,,,,,,,,,,,,,,,
Q40823,Q19489,,,,,,,,,,,,,,,,,,,,,,,,,,,94924,,,,,,,,,,,,,,,Sartaq_Unknown_(1),,,I00298864
Q40825,Q10337309,,,,,,,,,,,,,,,,,,,,,,,,,,,,,,,,,,,,,,,,,,,,,
Q40827,Q38963743,,,,,,,,,,,,,,,,,,,,,,,,,,,448771,,,,,,,,,,,,,,,,,,
Q40829,Q10720319,,,,,,,,,,,,,,,,,,,,,,,,,,,,,,,,,,,,,,,,,,,,,
Q40831,Q20102150,,,,,,,,,,,,,,,,,,,,,,,,,,,,,,,,,,,,,,,,,,,,,
Q40833,Q10720375,,,,,,,,,,,,,,,,,,,,,,,,,,,,,,,,,,,,,,,,,,,,,
Q40835,Q135218117,,,,,,,,,,,,,,,,,,,,,,,,,,,,,,,,,,,,,,,,,,,,,
Q40837,Q10720865,,,,,,,,,,,,,,,,,,,,,,,,,,,,,,,,,,,,,,,,,,,,,
Q40839,Q5332123,,,,,,,,,,,,,,,,,,,,,,,,,,,,,,,,,,,,,,,,,,,,,
Q40841,Q10721270,,,,,,,,,,,,,,,,,,,,,,,,,,,,,,,,,,,,,,,,,,,,,
Q40843,Q7202904,,,,,,,,,,,,,,,,,,,,,,,,,,,,,,,,,,,,,,,,,,,,,I00361815
Q40845,Q10566854,,,,,,,,,,,,,,,,,,,,,,,,,,,,,,,,,,,,,,,,,,,,,
Q40847,Q596751,,,,,,,,,,,,,,,,,,,,,,,,,,,,,,,,,,,,,,,,,,,,,I00374613
Q40849,Q15956474,,,,,,,,,,,,,,,,,,,,,,,,,,,,,,,,,,,,,,,,,,,,,
Q40851,Q779045,,,,,,,,,,,,,,,,,,,,,,,,,,,,,,,,,,,,,,,,,,,,,I00374624
Q40853,Q6538881,,,,,,,,,,,,,,,,,,,,,,,,,,,,,,,,,,,,,,,,,,,,,
Q40855,Q81204108,,,,,,,,,,,,,,,,,,,,,,,,,,,,,,,,,,,,,,,,,,,,,
Q40857,Q45533499,,,,,,,,,,,,,,,,,,,,,,,,,,,,,,,,,,,,,,,,,,,,,
Q40859,Q7069386,,,,,,,,,,,,,,,,,,,,,,,,,,,,,,,,,,,,,,,,,,,,,
Q40861,Q45533949,,,,,,,,,,,,,,,,,,,,,,,,,,,,,,,,,,,,,,,,,,,,,
Q40863,Q2450507,,,,,,,,,,,,,,,,,,,,,,,,,,,279138,,,,,,,,,,,,,,,,,,I00298896
Q40865,Q45534013,,,,,,,,,,,,,,,,,,,,,,,,,,,,,,,,,,,,,,,,,,,,,
Q40867,Q7069389,,,,,,,,,,,,,,,,,,,,,,,,,,,,,,,,,,,,,,,,,,,,,
Q40869,Q45534138,,,,,,,,,,,,,,,,,,,,,,,,,,,,,,,,,,,,,,,,,,,,,
Q40871,Q7069397,,,,,,,,,,,,,,,,,,,,,,,,,,,,,,,,,,,,,,,,,,,,,
Q40873,Q45534459,,,,,,,,,,,,,,,,,,,,,,,,,,,,,,,,,,,,,,,,,,,,,
Q40875,Q7069401,,,,,,,,,,,,,,,,,,,,,,,,,,,,,,,,,,,,,,,,,,,,,
Q40877,Q45645205,,,,,,,,,,,,,,,,,,,,,,,,,,,,,,,,,,,,,,,,,,,,,
Q40879,Q7069404,,,,,,,,,,,,,,,,,,,,,,,,,,,,,,,,,,,,,,,,,,,,,
Q40881,Q45535225,,,,,,,,,,,,,,,,,,,,,,,,,,,,,,,,,,,,,,,,,,,,,
Q40883,Q18111629,,,,,,,,,,,,,,,,,,,,,,,,,,,,,,,,,,,,,,,,,,,,,
Q40885,Q45535290,,,,,,,,,,,,,,,,,,,,,,,,,,,,,,,,,,,,,,,,,,,,,
Q40887,Q18652031,,,,,,,,,,,,,,,,,,,,,,,,,,,,,,,,,,,,,,,,,,,,,
Q40889,Q28413503,,,,,,,,,,,,,,,,,,,,,,,,,,,,,,,,,,,,,,,,,,,,,
Q40891,Q19852221,,,,,,,,,,,,,,,,,,,,,,,,,,,,,,,,,,,,,,,,,,,,,
Q40893,Q22813503,,,,,,,,,,,,,,,,,,,,,,,,,,,,,,,,,,,,,,,,,,,,,
Q40895,Q55809521,,,,,,,,,,,,,,,,,,,,,,,,,,,,,,,,,,,,,,,,,,,,,
Q40897,Q45537087,,,,,,,,,,,,,,,,,,,,,,,,,,,,,,,,,,,,,,,,,,,,,
Q40899,Q7069365,,,,,,,,,,,,,,,,,,,,,,,,,,,,,,,,,,,,,,,,,,,,,
Q40901,Q45537149,,,,,,,,,,,,,,,,,,,,,,,,,,,,,,,,,,,,,,,,,,,,,
Q40903,Q19852364,,,,,,,,,,,,,,,,,,,,,,,,,,,,,,,,,,,,,,,,,,,,,
Q40905,Q45537340,,,,,,,,,,,,,,,,,,,,,,,,,,,,,,,,,,,,,,,,,,,,,
Q40907,Q45679380,,,,,,,,,,,,,,,,,,,,,,,,,,,,,,,,,,,,,,,,,,,,,
Q40909,Q45537654,,,,,,,,,,,,,,,,,,,,,,,,,,,,,,,,,,,,,,,,,,,,,
Q40911,Q558670,,,,,,,,,,,,,,,,,,,,,,,,,,,781883,,,,,,,,,,,,,,,,,,
Q40913,Q45537781,,,,,,,,,,,,,,,,,,,,,,,,,,,,,,,,,,,,,,,,,,,,,
Q40915,Q45691206,,,,,,,,,,,,,,,,,,,,,,,,,,,,,,,,,,,,,,,,,,,,,
Q40917,Q45677093,,,,,,,,,,,,,,,,,,,,,,,,,,,,,,,,,,,,,,,,,,,,,
Q40919,Q18654337,,,,,,,,,,,,,,,,,,,,,,,,,,,,,,,,,,,,,,,,,,,,,
Q40921,Q45598526,,,,,,,,,,,,,,,,,,,,,,,,,,,,,,,,,,,,,,,,,,,,,
Q40923,Q55654020,,,,,,,,,,,,,,,,,,,,,,,,,,,488116,,,,,,,,,,,,,,,,,,I00299592
Q40925,Q65808230,,,,,,,,,,,,,,,,,,,,,,,,,,,,,,,,,,,,,,,,,,,,,
Q40927,Q874322,,,,,,,,,,,,,,,,,,,,,,,,,,,488126,,,,,,,,,,,,,,,,,,
Q40929,Q45492960,,,,,,,,,,,,,,,,,,,,,,,,,,,,,,,,,,,,,,,,,,,,,
Q40931,Q65238914,,,,,,,,,,,,,,,,,,,,,,,,,,,,,,,,,,,,,,,,,,,,,
Q40933,Q45618316,,,,,,,,,,,,,,,,,,,,,,,,,,,,,,,,,,,,,,,,,,,,,
Q40935,Q45556337,,,,,,,,,,,,,,,,,,,,,,,,,,,,,,,,,,,,,,,,,,,,,
Q40936,Q45618505,,,,,,,,,,,,,,,,,,,,,,,,,,,,,,,,,,,,,,,,,,,,,
Q40939,Q81305512,,,,,,,,,,,,,,,,,,,,,,,,,,,,,,,,,,,,,,,,,,,,,
Q40940,Q45490921,,,,,,,,,,,,,,,,,,,,,,,,,,,,,,,,,,,,,,,,,,,,,
Q40943,Q11070137,,,,,,,,,,,,,,,,,,,,,,,,,,,,,,,,,,,,,,,,,,,,,
Q40944,Q45491876,,,,,,,,,,,,,,,,,,,,,,,,,,,,,,,,,,,,,,,,,,,,,
Q40947,Q45547237,,,,,,,,,,,,,,,,,,,,,,,,,,,,,,,,,,,,,,,,,,,,,
Q40948,Q45494366,,,,,,,,,,,,,,,,,,,,,,,,,,,,,,,,,,,,,,,,,,,,,
Q40951,Q200033,,,,,,,,,,,,,,,,,,,,,,,,person/e83f4f62-9b55-4bf9-8ec0-d7b5ce5a63f8,,,149286,,,,,,,,,,,,,,p15019.htm#i150188,Michael_VIII_Palaiologos_(1),,Palaiologos-12,I00005030
Q40952,Q45495523,,,,,,,,,,,,,,,,,,,,,,,,,,,,,,,,,,,,,,,,,,,,,
Q40955,Q60733063,,,,,,,,,,,,,,,,,,,,,,,,,,,,,,,,,,,,,,,,,,,,,
Q40956,Q45495586,,,,,,,,,,,,,,,,,,,,,,,,,,,,,,,,,,,,,,,,,,,,,
Q40959,Q37067,,alvin-person:52494,,,,,,,,,,,,,,,,,,,,,,person/cac40060-8672-4dd3-b29e-9e512ebf1025,,,148631,,p=andronikos;n=palaiologos,,,dw.9390,,,,,,,,,p10313.htm#i103129,Andronikos_II_Palaiologos_(1),,Palaiologos-7,I00004983
Q40960,Q45497587,,,,,,,,,,,,,,,,,,,,,,,,,,,,,,,,,,,,,,,,,,,,,
Q40963,Q2360993,,,,,,,,,,,,,,,,,,,,,,,,,,,280486,,,,,,,,,,,,,,p71465.htm#i714648,Eirene_Palaiologina_(1),,,I00298921
Q40965,Q45498291,,,,,,,,,,,,,,,,,,,,,,,,,,,,,,,,,,,,,,,,,,,,,
Q40967,Q3059527,,,,,,,,,,,,,,,,,,,,,,,,,,,280458,,,,,,,,,,,,,,p21915.htm#i219145,Eudokia_Palaiologina_(1),,,I00302828
Q40969,Q45498675,,,,,,,,,,,,,,,,,,,,,,,,,,,,,,,,,,,,,,,,,,,,,
Q40971,Q24955072,,,,,,,,,,,,,,,,,,,,,,,,,,,,,,,,,,,,,,,,,,,,,
Q40973,Q45498742,,,,,,,,,,,,,,,,,,,,,,,,,,,,,,,,,,,,,,,,,,,,,
Q40975,Q60687742,,,,,,,,,,,,,,,,,,,,,,,,,,,,,,,,,,,,,,,,,,,,,I00292983
Q40977,Q45498807,,,,,,,,,,,,,,,,,,,,,,,,,,,,,,,,,,,,,,,,,,,,,
Q40979,Q16209190,,,,,,,,,,,,,,,,,,,,,,,,,,,,,,,,,,,,,,,,,,,,,I00293013
Q40981,Q45499007,,,,,,,,,,,,,,,,,,,,,,,,,,,,,,,,,,,,,,,,,,,,,
Q40984,Q16853911,,,,,,,,,,,,,,,,,,,,,,,,,,,,,,,,,,,,,,,,,,,,,
Q40985,Q45499071,,,,,,,,,,,,,,,,,,,,,,,,,,,,,,,,,,,,,,,,,,,,,
Q40988,Q69669170,,,,,,,,,,,,,,,,,,,,,,,,,,,,,,,,,,,,,,,,,,,,,
Q40989,Q45499136,,,,,,,,,,,,,,,,,,,,,,,,,,,,,,,,,,,,,,,,,,,,,
Q40992,Q27942298,,,,,,,,,,,,,,,,,,,,,,,,,,,,,,,,,,,,,,,,,,,,,
Q40993,Q45499265,,,,,,,,,,,,,,,,,,,,,,,,,,,,,,,,,,,,,,,,,,,,,
Q40996,Q334496,,,,,,,,,,,,,,,,,,,,,,,,,,,279686,,,,,,,,,,,,,,,,,,I00299616
Q40997,Q45499461,,,,,,,,,,,,,,,,,,,,,,,,,,,,,,,,,,,,,,,,,,,,,
Q41000,Q297065,,,,,,,,,,,,,,,,,,,,,,,,,,,280472,,,,,,,,,,,,,,,,,,I00299605
Q41001,Q45499915,,,,,,,,,,,,,,,,,,,,,,,,,,,,,,,,,,,,,,,,,,,,,
Q41004,Q887088,,,,,,,,,,,,,,,,,,,,,,,,,,,585736,,,,,,,,,,,,,,p21915.htm#i219143,David_VIII_of_Georgia_(1),,,
Q41005,Q45499979,,,,,,,,,,,,,,,,,,,,,,,,,,,,,,,,,,,,,,,,,,,,,
Q41008,Q887097,,,,,,,,,,,,,,,,,,,,,,,,,,,585743,,,,,,,,,,,,,,,,,,
Q41009,Q45500739,,,,,,,,,,,,,,,,,,,,,,,,,,,,,,,,,,,,,,,,,,,,,
Q41012,Q108759681,,,,,,,,,,,,,,,,,,,,,,,,,,,,,,,,,,,,,,,,,,,,,
Q41013,Q45500802,,,,,,,,,,,,,,,,,,,,,,,,,,,,,,,,,,,,,,,,,,,,,
Q41016,Q281047,,,,,,,,,,,,,,,,,,,,,,,,,,,,,,,,,,,,,,,,,,,,,
Q41017,Q45500864,,,,,,,,,,,,,,,,,,,,,,,,,,,,,,,,,,,,,,,,,,,,,
Q41020,Q108775429,,,,,,,,,,,,,,,,,,,,,,,,,,,,,,,,,,,,,,,,,,,,,
Q41021,Q45500925,,,,,,,,,,,,,,,,,,,,,,,,,,,,,,,,,,,,,,,,,,,,,
Q41024,Q20101721,,,,,,,,,,,,,,,,,,,,,,,,,,,1470515,,,,,,,,,,,,,,,,,,
Q41025,Q45502142,,,,,,,,,,,,,,,,,,,,,,,,,,,,,,,,,,,,,,,,,,,,,
Q41028,Q470312,,,,,,,,,,,,,,,,,,,,,,,,,,,279094,,,,,,,,,,,,,,,Toqta_of_The_Golden_Horde_(1),,,I00152138
Q41029,Q65802854,,,,,,,,,,,,,,,,,,,,,,,,,,,,,,,,,,,,,,,,,,,,,
Q41032,Q45473418,,,,,,,,,,,,,,,,,,,,,,,,,,,,,,,,,,,,,,,,,,,,,
Q41033,Q65801416,,,,,,,,,,,,,,,,,,,,,,,,,,,,,,,,,,,,,,,,,,,,,
Q41036,Q45651723,,,,,,,,,,,,,,,,,,,,,,,,,,,,,,,,,,,,,,,,,,,,,
Q41037,Q45447377,,,,,,,,,,,,,,,,,,,,,,,,,,,,,,,,,,,,,,,,,,,,,
Q41040,Q45584659,,,,,,,,,,,,,,,,,,,,,,,,,,,,,,,,,,,,,,,,,,,,,
Q41041,Q45531222,,,,,,,,,,,,,,,,,,,,,,,,,,,,,,,,,,,,,,,,,,,,,
Q41044,Q45500331,,,,,,,,,,,,,,,,,,,,,,,,,,,,,,,,,,,,,,,,,,,,,
Q41045,Q65804909,,,,,,,,,,,,,,,,,,,,,,,,,,,,,,,,,,,,,,,,,,,,,
Q41048,Q45664465,,,,,,,,,,,,,,,,,,,,,,,,,,,,,,,,,,,,,,,,,,,,,
Q41049,Q45517450,,,,,,,,,,,,,,,,,,,,,,,,,,,,,,,,,,,,,,,,,,,,,
Q41052,Q45655437,,,,,,,,,,,,,,,,,,,,,,,,,,,,,,,,,,,,,,,,,,,,,
Q41053,Q45518415,,,,,,,,,,,,,,,,,,,,,,,,,,,,,,,,,,,,,,,,,,,,,
Q41056,Q39143722,,,,,,,,,,,,,,,,,,,,,,,,,,,,,,,,,,,,,,,,,,,,,
Q41057,Q11634956,,,,,,,,,,,,,,,,,,,,,,,,,,,,,,,,,,,,,,,,,,,,,
Q41060,Q45596215,,,,,,,,,,,,,,,,,,,,,,,,,,,,,,,,,,,,,,,,,,,,,
Q41061,Q45479818,,,,,,,,,,,,,,,,,,,,,,,,,,,,,,,,,,,,,,,,,,,,,
Q41064,Q7081757,,,,,,,,,,,,,,,,,,,,,,,,,,,,,,,,,,,,,,,,,,,,,
Q41065,Q45422446,,,,,,,,,,,,,,,,,,,,,,,,,,,,,,,,,,,,,,,,,,,,,
Q41068,Q7081826,,,,,,,,,,,,,,,,,,,,,,,,,,,,,,,,,,,,,,,,,,,,,
Q41069,Q45421266,,,,,,,,,,,,,,,,,,,,,,,,,,,,,,,,,,,,,,,,,,,,,
Q41072,Q8666,,,,,,,,,,,,,,,,,,,,,,,,,,,1167248|489670,,,,,,,,,,,,,,,,,,I00298886|I00299841
Q41073,Q18908514,,,,,,,,,,,,,,,,,,,,,,,,,,,,,,,,,,,,,,,,,,,,,
Q41076,Q19851624,,,,,,,,,,,,,,,,,,,,,,,,,,,,,,,,,,,,,,,,,,,,,
Q41077,Q10946316,,,,,,,,,,,,,,,,,,,,,,,,,,,,,,,,,,,,,,,,,,,,,
Q41080,Q19852753,,,,,,,,,,,,,,,,,,,,,,,,,,,,,,,,,,,,,,,,,,,,,
Q41081,Q65808109,,,,,,,,,,,,,,,,,,,,,,,,,,,,,,,,,,,,,,,,,,,,,
Q41084,Q7081278,,,,,,,,,,,,,,,,,,,,,,,,,,,,,,,,,,,,,,,,,,,,,
Q41085,Q65806875,,,,,,,,,,,,,,,,,,,,,,,,,,,,,,,,,,,,,,,,,,,,,
Q41088,Q7081471,,,,,,,,,,,,,,,,,,,,,,,,,,,,,,,,,,,,,,,,,,,,,
Q41089,Q65804275,,,,,,,,,,,,,,,,,,,,,,,,,,,,,,,,,,,,,,,,,,,,,
Q41092,Q7081525,,,,,,,,,,,,,,,,,,,,,,,,,,,,,,,,,,,,,,,,,,,,,
Q41093,Q65805304,,,,,,,,,,,,,,,,,,,,,,,,,,,,,,,,,,,,,,,,,,,,,
Q41096,Q7080354,,,,,,,,,,,,,,,,,,,,,,,,,,,,,,,,,,,,,,,,,,,,,
Q41097,Q65805303,,,,,,,,,,,,,,,,,,,,,,,,,,,,,,,,,,,,,,,,,,,,,
Q41100,Q7080528,,,,,,,,,,,,,,,,,,,,,,,,,,,,,,,,,,,,,,,,,,,,,
Q41101,Q45478116,,,,,,,,,,,,,,,,,,,,,,,,,,,,,,,,,,,,,,,,,,,,,
Q41104,Q45469114,,,,,,,,,,,,,,,,,,,,,,,,,,,,,,,,,,,,,,,,,,,,,
Q41105,Q11096190,,,,,,,,,,,,,,,,,,,,,,,,,,,,,,,,,,,,,,,,,,,,,
Q41108,Q63135713,,,,,,,,,,,,,,,,,,,,,,,,,,,,,,,,,,,,,,,,,,,,,
Q41109,Q45580605,,,,,,,,,,,,,,,,,,,,,,,,,,,,,,,,,,,,,,,,,,,,,
Q41112,Q106796910,,,,,,,,,,,,,,,,,,,,,,,,,,,,,,,,,,,,,,,,,,,,,
Q41113,Q45472428,,,,,,,,,,,,,,,,,,,,,,,,,,,,,,,,,,,,,,,,,,,,,
Q41116,Q106798488,,,,,,,,,,,,,,,,,,,,,,,,,,,,,,,,,,,,,,,,,,,,,
Q41117,Q45568096,,,,,,,,,,,,,,,,,,,,,,,,,,,,,,,,,,,,,,,,,,,,,
Q41120,Q106796903,,,,,,,,,,,,,,,,,,,,,,,,,,,,,,,,,,,,,,,,,,,,,
Q41121,Q45568158,,,,,,,,,,,,,,,,,,,,,,,,,,,,,,,,,,,,,,,,,,,,,
Q41124,Q2014781,,,,,,,,,,,,,,,,,,,,,,,,,,,,,,,,,,,,,,,,,,,,,
Q41125,Q45443165,,,,,,,,,,,,,,,,,,,,,,,,,,,,,,,,,,,,,,,,,,,,,
Q41128,Q45473815,,,,,,,,,,,,,,,,,,,,,,,,,,,,,,,,,,,,,,,,,,,,,
Q41129,Q106802422,,,,,,,,,,,,,,,,,,,,,,,,,,,,,,,,,,,,,,,,,,,,,
Q41132,Q45473878,,,,,,,,,,,,,,,,,,,,,,,,,,,,,,,,,,,,,,,,,,,,,
Q41133,Q14458730,,,,,,,,,,,,,,,,,,,,,,,,,,,,,,,,,,,,,,,,,,,,,
Q41136,Q45555766,,,,,,,,,,,,,,,,,,,,,,,,,,,,,,,,,,,,,,,,,,,,,
Q41137,Q106797481,,,,,,,,,,,,,,,,,,,,,,,,,,,,,,,,,,,,,,,,,,,,,
Q41140,Q45479114,,,,,,,,,,,,,,,,,,,,,,,,,,,,,,,,,,,,,,,,,,,,,
Q41141,Q106804112,,,,,,,,,,,,,,,,,,,,,,,,,,,,,,,,,,,,,,,,,,,,,
Q41144,Q45471291,,,,,,,,,,,,,,,,,,,,,,,,,,,,,,,,,,,,,,,,,,,,,
Q41145,Q106798493,,,,,,,,,,,,,,,,,,,,,,,,,,,,,,,,,,,,,,,,,,,,,
Q41148,Q65803877,,,,,,,,,,,,,,,,,,,,,,,,,,,,,,,,,,,,,,,,,,,,,
Q41149,Q1602362,,,,,,,,,,,,,,,,,,,,,,,,,,,,,,,,,,,,,,,,,,,,,
Q41152,Q45418723,,,,,,,,,,,,,,,,,,,,,,,,,,,,,,,,,,,,,,,,,,,,,
Q41153,Q106798494,,,,,,,,,,,,,,,,,,,,,,,,,,,,,,,,,,,,,,,,,,,,,
Q41156,Q45474422,,,,,,,,,,,,,,,,,,,,,,,,,,,,,,,,,,,,,,,,,,,,,
Q41157,Q106798490,,,,,,,,,,,,,,,,,,,,,,,,,,,,,,,,,,,,,,,,,,,,,
Q41160,Q45478598,,,,,,,,,,,,,,,,,,,,,,,,,,,,,,,,,,,,,,,,,,,,,
Q41161,Q15813610,,,,,,,,,,,,,,,,,,,,,,,,,,,,,,,,,,,,,,,,,,,,,
Q41164,Q65803406,,,,,,,,,,,,,,,,,,,,,,,,,,,,,,,,,,,,,,,,,,,,,
Q41165,Q704110,,,,,,,,,,,,,,,,,,,,,,,,,,,,,,,,,,,,,,,,,,,,,
Q41168,Q11460859,,,,,,,,,,,,,,,,,,,,,,,,,,,,,,,,,,,,,,,,,,,,,
Q41169,Q2648722,,,,,,,,,,,,,,,,,,,,,,,,,,,,,,,,,,,,,,,,,,,,,
Q41172,Q11460865,,,,,,,,,,,,,,,,,,,,,,,,,,,,,,,,,,,,,,,,,,,,,
Q41173,Q27824341,,,,,,,,,,,,,,,,,,,,,,,,,,,,,,,,,,,,,,,,,,,,,
Q41176,Q17213357,,,,,,,,,,,,,,,,,,,,,,,,,,,,,,,,,,,,,,,,,,,,,
Q41177,Q10751982,,,,,,,,,,,,,,,,,,,,,,,,,,,,,,,,,,,,,,,,,,,,,
Q41180,Q108875813,,,,,,,,,,,,,,,,,,,,,,,,,,,,,,,,,,,,,,,,,,,,,
Q41181,Q713228,,,,,,,,,,,,,,,,,,,,,,,,,,,,,,,,,,,,,,,,,,,,,
Q41184,Q108876328,,,,,,,,,,,,,,,,,,,,,,,,,,,,,,,,,,,,,,,,,,,,,
Q41185,Q1156054,,,,,,,,,,,,,,,,,,,,,,,,,,,,,,,,,,,,,,,,,,,,,
Q41188,Q108772582,,,,,,,,,,,,,,,,,,,,,,,,,,,,,,,,,,,,,,,,,,,,,
Q41189,Q6507454,,,,,,,,,,,,,,,,,,,,,,,,,,,,,,,,,,,,,,,,,,,,,
Q41192,Q11552190,,,,,,,,,,,,,,,,,,,,,,,,,,,,,,,,,,,,,,,,,,,,,
Q41193,Q10807203,,,,,,,,,,,,,,,,,,,,,,,,,,,,,,,,,,,,,,,,,,,,,
Q41196,Q11648177,,,,,,,,,,,,,,,,,,,,,,,,,,,,,,,,,,,,,,,,,,,,,
Q41197,Q123166270,,,,,,,,,,,,,,,,,,,,,,,,,,,,,,,,,,,,,,,,,,,,,
Q41200,Q11068456,,,,,,,,,,,,,,,,,,,,,,,,,,,,,,,,,,,,,,,,,,,,,
Q41201,Q10825117,,,,,,,,,,,,,,,,,,,,,,,,,,,,,,,,,,,,,,,,,,,,,
Q41204,Q111201589,,,,,,,,,,,,,,,,,,,,,,,,,,,,,,,,,,,,,,,,,,,,,
Q41205,Q124261604,,,,,,,,,,,,,,,,,,,,,,,,,,,,,,,,,,,,,,,,,,,,,
Q41208,Q17225662,,,,,,,,,,,,,,,,,,,,,,,,,,,,,,,,,,,,,,,,,,,,,
Q41209,Q72083,,,,,,,,,,,,,,,,,,,,,,,,,,,,,,,,,,,,,,,,,,,,,
Q41212,Q108302293,,,,,,,,,,,,,,,,,,,,,,,,,,,,,,,,,,,,,,,,,,,,,
Q41213,Q24957857,,,,,,,,,,,,,,,,,,,,,,,,,,,,,,,,,,,,,,,,,,,,,
Q41216,Q109681404,,,,,,,,,,,,,,,,,,,,,,,,,,,,,,,,,,,,,,,,,,,,,
Q41217,Q1336609,,,,,,,,,,,,,,,,,,,,,,,,,,,,,,,,,,,,,,,,,,,,,
Q41220,Q11437893,,,,,,,,,,,,,,,,,,,,,,,,,,,,,,,,,,,,,,,,,,,,,
Q41221,Q511375,,,,,,,,,,,,,,,,,,,,,,,,,,,,,,,,,,,,,,,,,,,,,
Q41224,Q11437881,,,,,,,,,,,,,,,,,,,,,,,,,,,,,,,,,,,,,,,,,,,,,
Q41225,Q45680493,,,,,,,,,,,,,,,,,,,,,,,,,,,,,,,,,,,,,,,,,,,,,
Q41228,Q108616305,,,,,,,,,,,,,,,,,,,,,,,,,,,,,,,,,,,,,,,,,,,,,
Q41229,Q16903316,,,,,,,,,,,,,,,,,,,,,,,,,,,,,,,,,,,,,,,,,,,,,
Q41232,Q108616366,,,,,,,,,,,,,,,,,,,,,,,,,,,,,,,,,,,,,,,,,,,,,
Q41233,Q45417713,,,,,,,,,,,,,,,,,,,,,,,,,,,,,,,,,,,,,,,,,,,,,
Q41236,Q11431106,,,,,,,,,,,,,,,,,,,,,,,,,,,,,,,,,,,,,,,,,,,,,
Q41237,Q45417715,,,,,,,,,,,,,,,,,,,,,,,,,,,,,,,,,,,,,,,,,,,,,
Q41240,Q109853125,,,,,,,,,,,,,,,,,,,,,,,,,,,,,,,,,,,,,,,,,,,,,
Q41241,Q16903806,,,,,,,,,,,,,,,,,,,,,,,,,,,,,,,,,,,,,,,,,,,,,
Q41244,Q110078845,,,,,,,,,,,,,,,,,,,,,,,,,,,,,,,,,,,,,,,,,,,,,
Q41245,Q11060056,,,,,,,,,,,,,,,,,,,,,,,,,,,,,,,,,,,,,,,,,,,,,
Q41248,Q110079369,,,,,,,,,,,,,,,,,,,,,,,,,,,,,,,,,,,,,,,,,,,,,
Q41249,Q18112142,,,,,,,,,,,,,,,,,,,,,,,,,,,,,,,,,,,,,,,,,,,,,
Q41252,Q11383446,,,,,,,,,,,,,,,,,,,,,,,,,,,,,,,,,,,,,,,,,,,,,
Q41253,Q3498016,,,,,,,,,,,,,,,,,,,,,,,,,,,,,,,,,,,,,,,,,,,,,
Q41256,Q108907634,,,,,,,,,,,,,,,,,,,,,,,,,,,,,,,,,,,,,,,,,,,,,
Q41257,Q5211049,,,,,,,,,,,,,,,,,,,,,,,,,,,,,,,,,,,,,,,,,,,,,
Q41260,Q11625166,,,,,,,,,,,,,,,,,,,,,,,,,,,,,,,,,,,,,,,,,,,,,
Q41261,Q27952321,,,,,,,,,,,,,,,,,,,,,,,,,,,,,,,,,,,,,,,,,,,,,
Q41264,Q110903917,,,,,,,,,,,,,,,,,,,,,,,,,,,,,,,,,,,,,,,,,,,,,
Q41265,Q17158789,,,,,,,,,,,,,,,,,,,,,,,,,,,,,,,,,,,,,,,,,,,,,
Q41268,Q109741399,,,,,,,,,,,,,,,,,,,,,,,,,,,,,,,,,,,,,,,,,,,,,
Q41269,Q10885329,,,,,,,,,,,,,,,,,,,,,,,,,,,,,,,,,,,,,,,,,,,,,I00523435
Q41272,Q109741347,,,,,,,,,,,,,,,,,,,,,,,,,,,,,,,,,,,,,,,,,,,,,
Q41273,Q10092374,,,,,,,,,,,,,,,,,,,,,,,,,,,,,,,,,,,,,,,,,,,,,
Q41276,Q109741681,,,,,,,,,,,,,,,,,,,,,,,,,,,,,,,,,,,,,,,,,,,,,
Q41280,Q11532152,,,,,,,,,,,,,,,,,,,,,,,,,,,,,,,,,,,,,,,,,,,,,
Q41284,Q17215238,,,,,,,,,,,,,,,,,,,,,,,,,,,,,,,,,,,,,,,,,,,,,
Q41288,Q108771848,,,,,,,,,,,,,,,,,,,,,,,,,,,,,,,,,,,,,,,,,,,,,
Q41293,Q108771865,,,,,,,,,,,,,,,,,,,,,,,,,,,,,,,,,,,,,,,,,,,,,
Q41297,Q108771878,,,,,,,,,,,,,,,,,,,,,,,,,,,,,,,,,,,,,,,,,,,,,
Q41301,Q108771915,,,,,,,,,,,,,,,,,,,,,,,,,,,,,,,,,,,,,,,,,,,,,
Q41305,Q108772542,,,,,,,,,,,,,,,,,,,,,,,,,,,,,,,,,,,,,,,,,,,,,
Q41309,Q108782627,,,,,,,,,,,,,,,,,,,,,,,,,,,,,,,,,,,,,,,,,,,,,
Q41313,Q10904662,,,,,,,,,,,,,,,,,,,,,,,,,,,,,,,,,,,,,,,,,,,,,
Q41317,Q11450536,,,,,,,,,,,,,,,,,,,,,,,,,,,,,,,,,,,,,,,,,,,,,
Q41321,Q110284019,,,,,,,,,,,,,,,,,,,,,,,,,,,,,,,,,,,,,,,,,,,,,
Q41325,Q11657651,,,,,,,,,,,,,,,,,,,,,,,,,,,,,,,,,,,,,,,,,,,,,
Q41329,Q11657641,,,,,,,,,,,,,,,,,,,,,,,,,,,,,,,,,,,,,,,,,,,,,
Q41333,Q11432548,,,,,,,,,,,,,,,,,,,,,,,,,,,,,,,,,,,,,,,,,,,,,
Q41336,Q11655352,,,,,,,,,,,,,,,,,,,,,,,,,,,14782,,,,,,,,,,,,,,,,,秀宮-1,I00523106
Q41337,Q109250469,,,,,,,,,,,,,,,,,,,,,,,,,,,,,,,,,,,,,,,,,,,,,
Q41340,Q109778879,,,,,,,,,,,,,,,,,,,,,,,,,,,,,,,,,,,,,,,,,,,,,
Q41341,Q134497403,,,,,,,,,,,,,,,,,,,,,,,,,,,,,,,,,,,,,,,,,,,,,
Q41344,Q5355626,,,,,,,,,,,,,,,,,,,,,,,,,,,,,,,,,,,,,,,,,,,,寿宮-1,I00523103
Q41345,Q11466862,,,,,,,,,,,,,,,,,,,,,,,,,,,,,,,,,,,,,,,,,,,,,
Q41348,Q11387064,,,,,,,,,,,,,,,,,,,,,,,,,,,14791,,,,,,,,,,,,,,,,,,
Q41349,Q23986596,,,,,,,,,,,,,,,,,,,,,,,,,,,,,,,,,,,,,,,,,,,,,
Q41353,Q107177434,,,,,,,,,,,,,,,,,,,,,,,,,,,,,,,,,,,,,,,,,,,,,
Q41357,Q110949107,,,,,,,,,,,,,,,,,,,,,,,,,,,,,,,,,,,,,,,,,,,,,
Q41361,Q110821739,,,,,,,,,,,,,,,,,,,,,,,,,,,,,,,,,,,,,,,,,,,,,
Q41365,Q110822158,,,,,,,,,,,,,,,,,,,,,,,,,,,,,,,,,,,,,,,,,,,,,
Q41369,Q110822176,,,,,,,,,,,,,,,,,,,,,,,,,,,,,,,,,,,,,,,,,,,,,
Q41373,Q108818827,,,,,,,,,,,,,,,,,,,,,,,,,,,,,,,,,,,,,,,,,,,,,
Q41377,Q11379131,,,,,,,,,,,,,,,,,,,,,,,,,,,,,,,,,,,,,,,,,,,,,
Q41381,Q104539005,,,,,,,,,,,,,,,,,,,,,,,,,,,,,,,,,,,,,,,,,,,,,
Q41385,Q108805854,,,,,,,,,,,,,,,,,,,,,,,,,,,,,,,,,,,,,,,,,,,,,
Q41389,Q108805866,,,,,,,,,,,,,,,,,,,,,,,,,,,,,,,,,,,,,,,,,,,,,
Q41393,Q134305437,,,,,,,,,,,,,,,,,,,,,,,,,,,,,,,,,,,,,,,,,,,,,
Q41397,Q110288359,,,,,,,,,,,,,,,,,,,,,,,,,,,,,,,,,,,,,,,,,,,,,
Q41401,Q110727047,,,,,,,,,,,,,,,,,,,,,,,,,,,,,,,,,,,,,,,,,,,,,
Q41405,Q110727141,,,,,,,,,,,,,,,,,,,,,,,,,,,,,,,,,,,,,,,,,,,,,
Q41408,Q135405056,,,,,,,,,,,,,,,,,,,,,,,,,,,,,,,,,,,,,,,,,,,,,
Q41409,Q110727158,,,,,,,,,,,,,,,,,,,,,,,,,,,,,,,,,,,,,,,,,,,,,
Q41412,Q135405263,,,,,,,,,,,,,,,,,,,,,,,,,,,,,,,,,,,,,,,,,,,,,
Q41413,Q110727382,,,,,,,,,,,,,,,,,,,,,,,,,,,,,,,,,,,,,,,,,,,,,
Q41417,Q110727863,,,,,,,,,,,,,,,,,,,,,,,,,,,,,,,,,,,,,,,,,,,,,
Q41421,Q110727974,,,,,,,,,,,,,,,,,,,,,,,,,,,,,,,,,,,,,,,,,,,,,
Q41425,Q110066079,,,,,,,,,,,,,,,,,,,,,,,,,,,,,,,,,,,,,,,,,,,,,
Q41429,Q110643233,,,,,,,,,,,,,,,,,,,,,,,,,,,,,,,,,,,,,,,,,,,,,
Q41433,Q11474166,,,,,,,,,,,,,,,,,,,,,,,,,,,,,,,,,,,,,,,,,,,,,
Q41437,Q108855781,,,,,,,,,,,,,,,,,,,,,,,,,,,,,,,,,,,,,,,,,,,,,
Q41441,Q108855789,,,,,,,,,,,,,,,,,,,,,,,,,,,,,,,,,,,,,,,,,,,,,
Q41445,Q108855792,,,,,,,,,,,,,,,,,,,,,,,,,,,,,,,,,,,,,,,,,,,,,
Q41449,Q110056493,,,,,,,,,,,,,,,,,,,,,,,,,,,,,,,,,,,,,,,,,,,,,
Q41453,Q110057044,,,,,,,,,,,,,,,,,,,,,,,,,,,,,,,,,,,,,,,,,,,,,
Q41457,Q110220346,,,,,,,,,,,,,,,,,,,,,,,,,,,,,,,,,,,,,,,,,,,,,
Q41461,Q108855757,,,,,,,,,,,,,,,,,,,,,,,,,,,,,,,,,,,,,,,,,,,,,
Q41465,Q11353930,,,,,,,,,,,,,,,,,,,,,,,,,,,,,,,,,,,,,,,,,,,,,
Q41469,Q109917853,,,,,,,,,,,,,,,,,,,,,,,,,,,,,,,,,,,,,,,,,,,,,
Q41473,Q110087194,,,,,,,,,,,,,,,,,,,,,,,,,,,,,,,,,,,,,,,,,,,,,
Q41477,Q110087229,,,,,,,,,,,,,,,,,,,,,,,,,,,,,,,,,,,,,,,,,,,,,
Q41481,Q110134624,,,,,,,,,,,,,,,,,,,,,,,,,,,,,,,,,,,,,,,,,,,,,
Q41485,Q110157215,,,,,,,,,,,,,,,,,,,,,,,,,,,,,,,,,,,,,,,,,,,,,
Q41489,Q110118068,,,,,,,,,,,,,,,,,,,,,,,,,,,,,,,,,,,,,,,,,,,,,
Q41493,Q110160006,,,,,,,,,,,,,,,,,,,,,,,,,,,,,,,,,,,,,,,,,,,,,
Q41497,Q111170845,,,,,,,,,,,,,,,,,,,,,,,,,,,,,,,,,,,,,,,,,,,,,
Q41501,Q11379558,,,,,,,,,,,,,,,,,,,,,,,,,,,,,,,,,,,,,,,,,,,,,
Q41505,Q11466982,,,,,,,,,,,,,,,,,,,,,,,,,,,,,,,,,,,,,,,,,,,,,
Q41509,Q105711337,,,,,,,,,,,,,,,,,,,,,,,,,,,,,,,,,,,,,,,,,,,,,
Q41513,Q108121360,,,,,,,,,,,,,,,,,,,,,,,,,,,,,,,,,,,,,,,,,,,,,
Q41517,Q110946563,,,,,,,,,,,,,,,,,,,,,,,,,,,,,,,,,,,,,,,,,,,,,
Q41521,Q108798408,,,,,,,,,,,,,,,,,,,,,,,,,,,,,,,,,,,,,,,,,,,,,
Q41525,Q11642005,,,,,,,,,,,,,,,,,,,,,,,,,,,,,,,,,,,,,,,,,,,,,
Q41529,Q108778911,,,,,,,,,,,,,,,,,,,,,,,,,,,,,,,,,,,,,,,,,,,,,
Q41533,Q111103924,,,,,,,,,,,,,,,,,,,,,,,,,,,,,,,,,,,,,,,,,,,,,
Q41537,Q11527323,,,,,,,,,,,,,,,,,,,,,,,,,,,,,,,,,,,,,,,,,,,,,
Q41541,Q11527324,,,,,,,,,,,,,,,,,,,,,,,,,,,,,,,,,,,,,,,,,,,,,
Q41545,Q11527303,,,,,,,,,,,,,,,,,,,,,,,,,,,,,,,,,,,,,,,,,,,,,
Q41549,Q96714823,,,,,,,,,,,,,,,,,,,,,,,,,,,,,,,,,,,,,,,,,,,,,
Q41553,Q109790247,,,,,,,,,,,,,,,,,,,,,,,,,,,,,,,,,,,,,,,,,,,,,
Q41557,Q85878038,,,,,,,,,,,,,,,,,,,,,,,,,,,,,,,,,,,,,,,,,,,,,
Q41561,Q108840029,,,,,,,,,,,,,,,,,,,,,,,,,,,,,,,,,,,,,,,,,,,,,
Q41565,Q108857468,,,,,,,,,,,,,,,,,,,,,,,,,,,,,,,,,,,,,,,,,,,,,
Q41569,Q108840287,,,,,,,,,,,,,,,,,,,,,,,,,,,,,,,,,,,,,,,,,,,,,
Q41573,Q109000964,,,,,,,,,,,,,,,,,,,,,,,,,,,,,,,,,,,,,,,,,,,,,
Q41577,Q11679397,,,,,,,,,,,,,,,,,,,,,,,,,,,,,,,,,,,,,,,,,,,,鍋島-36,
Q41581,Q134348803,,,,,,,,,,,,,,,,,,,,,,,,,,,,,,,,,,,,,,,,,,,,,
Q41585,Q134688778,,,,,,,,,,,,,,,,,,,,,,,,,,,,,,,,,,,,,,,,,,,,,
Q41589,Q107157981,,,,,,,,,,,,,,,,,,,,,,,,,,,,,,,,,,,,,,,,,,,,,
Q41593,Q108805760,,,,,,,,,,,,,,,,,,,,,,,,,,,,,,,,,,,,,,,,,,,,,
Q41597,Q11355834,,,,,,,,,,,,,,,,,,,,,,,,,,,,,,,,,,,,,,,,,,,,,
Q41601,Q102246935,,,,,,,,,,,,,,,,,,,,,,,,,,,,,,,,,,,,,,,,,,,,,
Q41605,Q110072213,,,,,,,,,,,,,,,,,,,,,,,,,,,,,,,,,,,,,,,,,,,,,
Q41609,Q109308637,,,,,,,,,,,,,,,,,,,,,,,,,,,,,,,,,,,,,,,,,,,,,
Q41613,Q109829695,,,,,,,,,,,,,,,,,,,,,,,,,,,,,,,,,,,,,,,,,,,,,
Q41617,Q5354334,,,,,,,,,,,,,,,,,,,,,,,,,,,,,,,,,,,,,,,,,,,,,
Q41621,Q110820481,,,,,,,,,,,,,,,,,,,,,,,,,,,,,,,,,,,,,,,,,,,,,
Q41625,Q121355825,,,,,,,,,,,,,,,,,,,,,,,,,,,,,,,,,,,,,,,,,,,,,
Q41629,Q11460854,,,,,,,,,,,,,,,,,,,,,,,,,,,,,,,,,,,,,,,,,,,,,
Q41633,Q11547595,,,,,,,,,,,,,,,,,,,,,,,,,,,,,,,,,,,,,,,,,,,,,
Q41637,Q110663703,,,,,,,,,,,,,,,,,,,,,,,,,,,,,,,,,,,,,,,,,,,,,
Q41641,Q110663711,,,,,,,,,,,,,,,,,,,,,,,,,,,,,,,,,,,,,,,,,,,,,
Q41645,Q110663719,,,,,,,,,,,,,,,,,,,,,,,,,,,,,,,,,,,,,,,,,,,,,
Q41648,Q110664111,,,,,,,,,,,,,,,,,,,,,,,,,,,,,,,,,,,,,,,,,,,,,
Q41672,Q109120270,,,,,,,,,,,,,,,,,,,,,,,,,,,,,,,,,,,,,,,,,,,,,
Q41676,Q109832052,,,,,,,,,,,,,,,,,,,,,,,,,,,,,,,,,,,,,,,,,,,,,
Q41680,Q11647292,,,,,,,,,,,,,,,,,,,,,,,,,,,,,,,,,,,,,,,,,,,,,
Q41684,Q111015968,,,,,,,,,,,,,,,,,,,,,,,,,,,,,,,,,,,,,,,,,,,,,
Q41688,Q111180942,,,,,,,,,,,,,,,,,,,,,,,,,,,,,,,,,,,,,,,,,,,,,
Q41692,Q109947755,,,,,,,,,,,,,,,,,,,,,,,,,,,,,,,,,,,,,,,,,,,,,
Q41696,Q109948760,,,,,,,,,,,,,,,,,,,,,,,,,,,,,,,,,,,,,,,,,,,,,
Q41700,Q11668863,,,,,,,,,,,,,,,,,,,,,,,,,,,,,,,,,,,,,,,,,,,,,
Q41704,Q11625681,,,,,,,,,,,,,,,,,,,,,,,,,,,,,,,,,,,,,,,,,,,,,
Q41708,Q109936759,,,,,,,,,,,,,,,,,,,,,,,,,,,,,,,,,,,,,,,,,,,,,
Q41712,Q108874414,,,,,,,,,,,,,,,,,,,,,,,,,,,,,,,,,,,,,,,,,,,,,
Q41716,Q11638936,,,,,,,,,,,,,,,,,,,,,,,,,,,,,,,,,,,,,,,,,,,,,
Q41720,Q11608368,,,,,,,,,,,,,,,,,,,,,,,,,,,,,,,,,,,,,,,,,,,,,
Q41724,Q11608361,,,,,,,,,,,,,,,,,,,,,,,,,,,,,,,,,,,,,,,,,,,,,
Q41728,Q108761190,,,,,,,,,,,,,,,,,,,,,,,,,,,,,,,,,,,,,,,,,,,,,
Q41732,Q110843510,,,,,,,,,,,,,,,,,,,,,,,,,,,,,,,,,,,,,,,,,,,,,
Q41736,Q11437907,,,,,,,,,,,,,,,,,,,,,,,,,,,,,,,,,,,,,,,,,,,,,
Q41740,Q111180885,,,,,,,,,,,,,,,,,,,,,,,,,,,,,,,,,,,,,,,,,,,,,
Q41744,Q111179580,,,,,,,,,,,,,,,,,,,,,,,,,,,,,,,,,,,,,,,,,,,,,
Q41748,Q109863220,,,,,,,,,,,,,,,,,,,,,,,,,,,,,,,,,,,,,,,,,,,,,
Q41752,Q110080678,,,,,,,,,,,,,,,,,,,,,,,,,,,,,,,,,,,,,,,,,,,,,
Q41756,Q11374483,,,,,,,,,,,,,,,,,,,,,,,,,,,,,,,,,,,,,,,,,,,,,
Q41760,Q11452029,,,,,,,,,,,,,,,,,,,,,,,,,,,,,,,,,,,,,,,,,,,,,
Q41764,Q11452034,,,,,,,,,,,,,,,,,,,,,,,,,,,,,,,,,,,,,,,,,,,,,
Q41768,Q11452039,,,,,,,,,,,,,,,,,,,,,,,,,,,,,,,,,,,,,,,,,,,,,
Q41772,Q11451980,,,,,,,,,,,,,,,,,,,,,,,,,,,,,,,,,,,,,,,,,,,,,
Q41776,Q110657523,,,,,,,,,,,,,,,,,,,,,,,,,,,,,,,,,,,,,,,,,,,,,
Q41780,Q108320901,,,,,,,,,,,,,,,,,,,,,,,,,,,,,,,,,,,,,,,,,,,,,
Q41784,Q11582545,,,,,,,,,,,,,,,,,,,,,,,,,,,,,,,,,,,,,,,,,,,,,
Q41788,Q109352890,,,,,,,,,,,,,,,,,,,,,,,,,,,,,,,,,,,,,,,,,,,,,
Q41792,Q109352924,,,,,,,,,,,,,,,,,,,,,,,,,,,,,,,,,,,,,,,,,,,,,
Q41796,Q6529535,,,,,,,,,,,,,,,,,,,,,,,,,,,,,,,,,,,,,,,,,,,,,
Q41800,Q110885024,,,,,,,,,,,,,,,,,,,,,,,,,,,,,,,,,,,,,,,,,,,,,
Q41804,Q110885025,,,,,,,,,,,,,,,,,,,,,,,,,,,,,,,,,,,,,,,,,,,,,
Q41808,Q11380790,,,,,,,,,,,,,,,,,,,,,,,,,,,,,,,,,,,,,,,,,,,,,
Q41812,Q11380797,,,,,,,,,,,,,,,,,,,,,,,,,,,,,,,,,,,,,,,,,,,,,
Q41820,Q20039977,,,,,,,,,,,,,,,,,,,,,,,,,,,,,,,,,,,,,,,,,,,,,
Q41824,Q11420557,,,,,,,,,,,,,,,,,,,,,,,,,,,,,,,,,,,,,,,,,,,,,
Q41828,Q86725854,,,,,,,,,,,,,,,,,,,,,,,,,,,,,,,,,,,,,,,,,,,,,
Q41832,Q48762336,,,,,,,,,,,,,,,,,,,,,,,,,,,,,,,,,,,,,,,,,,,,,
Q41836,Q128851707,,,,,,,,,,,,,,,,,,,,,,,,,,,,,,,,,,,,,,,,,,,,,
Q41840,Q11523019,,,,,,,,,,,,,,,,,,,,,,,,,,,,,,,,,,,,,,,,,,,,,
Q41844,Q11651714,,,,,,,,,,,,,,,,,,,,,,,,,,,,,,,,,,,,,,,,,,,,,
Q41848,Q11526389,,,,,,,,,,,,,,,,,,,,,,,,,,,,,,,,,,,,,,,,,,,,,
Q41852,Q11374448,,,,,,,,,,,,,,,,,,,,,,,,,,,,,,,,,,,,,,,,,,,,,
Q41855,Q111170638,,,,,,,,,,,,,,,,,,,,,,,,,,,,,,,,,,,,,,,,,,,,,
Q41859,Q111170998,,,,,,,,,,,,,,,,,,,,,,,,,,,,,,,,,,,,,,,,,,,,,
Q41863,Q111171189,,,,,,,,,,,,,,,,,,,,,,,,,,,,,,,,,,,,,,,,,,,,,
Q41867,Q111171302,,,,,,,,,,,,,,,,,,,,,,,,,,,,,,,,,,,,,,,,,,,,,
Q41871,Q110973781,,,,,,,,,,,,,,,,,,,,,,,,,,,,,,,,,,,,,,,,,,,,,
Q41875,Q11623770,,,,,,,,,,,,,,,,,,,,,,,,,,,,,,,,,,,,,,,,,,,,,
Q41879,Q111023647,,,,,,,,,,,,,,,,,,,,,,,,,,,,,,,,,,,,,,,,,,,,,
Q41883,Q111023719,,,,,,,,,,,,,,,,,,,,,,,,,,,,,,,,,,,,,,,,,,,,,
Q41887,Q111023761,,,,,,,,,,,,,,,,,,,,,,,,,,,,,,,,,,,,,,,,,,,,,
Q41891,Q111023832,,,,,,,,,,,,,,,,,,,,,,,,,,,,,,,,,,,,,,,,,,,,,
Q41895,Q113281975,,,,,,,,,,,,,,,,,,,,,,,,,,,,,,,,,,,,,,,,,,,,,
Q41899,Q113282373,,,,,,,,,,,,,,,,,,,,,,,,,,,,,,,,,,,,,,,,,,,,,
Q41903,Q8513907,,,,,,,,,,,,,,,,,,,,,,,,,,,,,,,,,,,,,,,,,,,,,
Q41907,Q108960428,,,,,,,,,,,,,,,,,,,,,,,,,,,,,,,,,,,,,,,,,,,,,
Q41911,Q108111561,,,,,,,,,,,,,,,,,,,,,,,,,,,,,,,,,,,,,,,,,,,,,
Q41915,Q11423475,,,,,,,,,,,,,,,,,,,,,,,,,,,,,,,,,,,,,,,,,,,,,
Q41919,Q108855880,,,,,,,,,,,,,,,,,,,,,,,,,,,,,,,,,,,,,,,,,,,,,
Q41923,Q11597060,,,,,,,,,,,,,,,,,,,,,,,,,,,,,,,,,,,,,,,,,,,,,
Q41927,Q110066090,,,,,,,,,,,,,,,,,,,,,,,,,,,,,,,,,,,,,,,,,,,,,
Q41931,Q108855688,,,,,,,,,,,,,,,,,,,,,,,,,,,,,,,,,,,,,,,,,,,,,
Q41935,Q109860258,,,,,,,,,,,,,,,,,,,,,,,,,,,,,,,,,,,,,,,,,,,,,
Q41939,Q109852339,,,,,,,,,,,,,,,,,,,,,,,,,,,,,,,,,,,,,,,,,,,,,
Q41943,Q109852788,,,,,,,,,,,,,,,,,,,,,,,,,,,,,,,,,,,,,,,,,,,,,
Q41947,Q109852723,,,,,,,,,,,,,,,,,,,,,,,,,,,,,,,,,,,,,,,,,,,,,
Q41951,Q109852425,,,,,,,,,,,,,,,,,,,,,,,,,,,,,,,,,,,,,,,,,,,,,
Q41955,Q126006451,,,,,,,,,,,,,,,,,,,,,,,,,,,,,,,,,,,,,,,,,,,,,
Q41959,Q11621352,,,,,,,,,,,,,,,,,,,,,,,,,,,,,,,,,,,,,,,,,,,,,
Q41963,Q110074283,,,,,,,,,,,,,,,,,,,,,,,,,,,,,,,,,,,,,,,,,,,,,
Q41967,Q10855758,,,,,,,,,,,,,,,,,,,,,,,,,,,,,,,,,,,,,,,,,,,,,
Q41971,Q11589807,,,,,,,,,,,,,,,,,,,,,,,,,,,,,,,,,,,,,,,,,,,,,
Q41975,Q111043542,,,,,,,,,,,,,,,,,,,,,,,,,,,,,,,,,,,,,,,,,,,,,
Q41979,Q111195956,,,,,,,,,,,,,,,,,,,,,,,,,,,,,,,,,,,,,,,,,,,,,
Q41983,Q10517485,,,,,,,,,,,,,,,,,,,,,,,,,,,,,,,,,,,,,,,,,,,,,
Q41987,Q111026756,,,,,,,,,,,,,,,,,,,,,,,,,,,,,,,,,,,,,,,,,,,,,
Q41991,Q111097584,,,,,,,,,,,,,,,,,,,,,,,,,,,,,,,,,,,,,,,,,,,,,
Q41995,Q123244361,,,,,,,,,,,,,,,,,,,,,,,,,,,,,,,,,,,,,,,,,,,,,
Q41999,Q11551916,,,,,,,,,,,,,,,,,,,,,,,,,,,,,,,,,,,,,,,,,,,,,
Q42003,Q11552195,,,,,,,,,,,,,,,,,,,,,,,,,,,,,,,,,,,,,,,,,,,,,
Q42007,Q11067962,,,,,,,,,,,,,,,,,,,,,,,,,,,,,,,,,,,,,,,,,,,,,
Q42011,Q110140943,,,,,,,,,,,,,,,,,,,,,,,,,,,,,,,,,,,,,,,,,,,,,
Q42015,Q115587141,,,,,,,,,,,,,,,,,,,,,,,,,,,,,,,,,,,,,,,,,,,,,
Q42019,Q5360094,,,,,,,,,,,,,,,,,,,,,,,,,,,,,,,,,,,,,,,,,,,,,
Q42023,Q58139886,,,,,,,,,,,,,,,,,,,,,,,,,,,,,,,,,,,,,,,,,,,,,
Q42027,Q110952754,,,,,,,,,,,,,,,,,,,,,,,,,,,,,,,,,,,,,,,,,,,,,
Q42031,Q10516959,,,,,,,,,,,,,,,,,,,,,,,,,,,,,,,,,,,,,,,,,,,,,
Q42035,Q113285974,,,,,,,,,,,,,,,,,,,,,,,,,,,,,,,,,,,,,,,,,,,,,
Q42039,Q15838944,,,,,,,,,,,,,,,,,,,,,,,,,,,,,,,,,,,,,,,,,,,,,
Q42043,Q15838947,,,,,,,,,,,,,,,,,,,,,,,,,,,,,,,,,,,,,,,,,,,,,
Q42047,Q6609450,,,,,,,,,,,,,,,,,,,,,,,,,,,,,,,,,,,,,,,,,,,,,
Q42051,Q6606356,,,,,,,,,,,,,,,,,,,,,,,,,,,,,,,,,,,,,,,,,,,,,
Q42055,Q109915104,,,,,,,,,,,,,,,,,,,,,,,,,,,,,,,,,,,,,,,,,,,,,
Q42059,Q109915107,,,,,,,,,,,,,,,,,,,,,,,,,,,,,,,,,,,,,,,,,,,,,
Q42067,Q108745066,,,,,,,,,,,,,,,,,,,,,,,,,,,,,,,,,,,,,,,,,,,,,
Q42071,Q11583367,,,,,,,,,,,,,,,,,,,,,,,,,,,,,,,,,,,,,,,,,,,,,
Q42075,Q17226809,,,,,,,,,,,,,,,,,,,,,,,,,,,,,,,,,,,,,,,,,,,,,
Q42079,Q8514945,,,,,,,,,,,,,,,,,,,,,,,,,,,,,,,,,,,,,,,,,,,,,
Q42083,Q8514980,,,,,,,,,,,,,,,,,,,,,,,,,,,,,,,,,,,,,,,,,,,,,
Q42087,Q110902939,,,,,,,,,,,,,,,,,,,,,,,,,,,,,,,,,,,,,,,,,,,,,
Q42091,Q110902938,,,,,,,,,,,,,,,,,,,,,,,,,,,,,,,,,,,,,,,,,,,,,
Q42095,Q110902943,,,,,,,,,,,,,,,,,,,,,,,,,,,,,,,,,,,,,,,,,,,,,
Q42099,Q79738246,,,,,,,,,,,,,,,,,,,,,,,,,,,,,,,,,,,,,,,,,,,,,
Q42103,Q110903002,,,,,,,,,,,,,,,,,,,,,,,,,,,,,,,,,,,,,,,,,,,,,
Q42107,Q11439888,,,,,,,,,,,,,,,,,,,,,,,,,,,,,,,,,,,,,,,,,,,,,
Q42111,Q111103915,,,,,,,,,,,,,,,,,,,,,,,,,,,,,,,,,,,,,,,,,,,,,
Q42115,Q111103961,,,,,,,,,,,,,,,,,,,,,,,,,,,,,,,,,,,,,,,,,,,,,
Q42119,Q110050444,,,,,,,,,,,,,,,,,,,,,,,,,,,,,,,,,,,,,,,,,,,,,
Q42123,Q11644095,,,,,,,,,,,,,,,,,,,,,,,,,,,,,,,,,,,,,,,,,,,,,
Q42127,Q6527201,,,,,,,,,,,,,,,,,,,,,,,,,,,,,,,,,,,,,,,,,,,,,
Q42131,Q11068377,,,,,,,,,,,,,,,,,,,,,,,,,,,,,,,,,,,,,,,,,,,,,
Q42135,Q11650703,,,,,,,,,,,,,,,,,,,,,,,,,,,,,,,,,,,,,,,,,,,,,
Q42139,Q59552316,,,,,,,,,,,,,,,,,,,,,,,,,,,,,,,,,,,,,,,,,,,,,
Q42143,Q59551799,,,,,,,,,,,,,,,,,,,,,,,,,,,,,,,,,,,,,,,,,,,,,
Q42147,Q59552008,,,,,,,,,,,,,,,,,,,,,,,,,,,,,,,,,,,,,,,,,,,,,
Q42151,Q59135391,,,,,,,,,,,,,,,,,,,,,,,,,,,,,,,,,,,,,,,,,,,,,
Q42155,Q109327499,,,,,,,,,,,,,,,,,,,,,,,,,,,,,,,,,,,,,,,,,,,,,
Q42159,Q134300053,,,,,,,,,,,,,,,,,,,,,,,,,,,,,,,,,,,,,,,,,,,,,
Q42163,Q109679095,,,,,,,,,,,,,,,,,,,,,,,,,,,,,,,,,,,,,,,,,,,,,
Q42167,Q134695956,,,,,,,,,,,,,,,,,,,,,,,,,,,,,,,,,,,,,,,,,,,,,
Q42171,Q134695975,,,,,,,,,,,,,,,,,,,,,,,,,,,,,,,,,,,,,,,,,,,,,
Q42175,Q115587054,,,,,,,,,,,,,,,,,,,,,,,,,,,,,,,,,,,,,,,,,,,,,
Q42179,Q11399368,,,,,,,,,,,,,,,,,,,,,,,,,,,,,,,,,,,,,,,,,,,,,
Q42183,Q11399243,,,,,,,,,,,,,,,,,,,,,,,,,,,,,,,,,,,,,,,,,,,,,
Q42187,Q11399367,,,,,,,,,,,,,,,,,,,,,,,,,,,,,,,,,,,,,,,,,,,,,
Q42191,Q110135720,,,,,,,,,,,,,,,,,,,,,,,,,,,,,,,,,,,,,,,,,,,,,
Q42195,Q110874876,,,,,,,,,,,,,,,,,,,,,,,,,,,,,,,,,,,,,,,,,,,,,
Q42199,Q110874896,,,,,,,,,,,,,,,,,,,,,,,,,,,,,,,,,,,,,,,,,,,,,
Q42203,Q110874832,,,,,,,,,,,,,,,,,,,,,,,,,,,,,,,,,,,,,,,,,,,,,
Q42207,Q110874856,,,,,,,,,,,,,,,,,,,,,,,,,,,,,,,,,,,,,,,,,,,,,
Q42211,Q110875361,,,,,,,,,,,,,,,,,,,,,,,,,,,,,,,,,,,,,,,,,,,,,
Q42215,Q8515929,,,,,,,,,,,,,,,,,,,,,,,,,,,,,,,,,,,,,,,,,,,,,
Q42219,Q8514875,,,,,,,,,,,,,,,,,,,,,,,,,,,,,,,,,,,,,,,,,,,,,
Q42223,Q113244807,,,,,,,,,,,,,,,,,,,,,,,,,,,,,,,,,,,,,,,,,,,,,
Q42227,Q8514908,,,,,,,,,,,,,,,,,,,,,,,,,,,,,,,,,,,,,,,,,,,,,
Q42231,Q11621365,,,,,,,,,,,,,,,,,,,,,,,,,,,,,,,,,,,,,,,,,,,,,
Q42235,Q11482629,,,,,,,,,,,,,,,,,,,,,,,,,,,,,,,,,,,,,,,,,,,,,
Q42239,Q111019393,,,,,,,,,,,,,,,,,,,,,,,,,,,,,,,,,,,,,,,,,,,,,
Q42243,Q11551118,,,,,,,,,,,,,,,,,,,,,,,,,,,,,,,,,,,,,,,,,,,,,
Q42247,Q108101030,,,,,,,,,,,,,,,,,,,,,,,,,,,,,,,,,,,,,,,,,,,,,
Q42251,Q110726910,,,,,,,,,,,,,,,,,,,,,,,,,,,,,,,,,,,,,,,,,,,,,
Q42255,Q11402158,,,,,,,,,,,,,,,,,,,,,,,,,,,,,,,,,,,,,,,,,,,,,
Q42259,Q11542075,,,,,,,,,,,,,,,,,,,,,,,,,,,,,,,,,,,,,,,,,,,,,
Q42263,Q11379604,,,,,,,,,,,,,,,,,,,,,,,,,,,,,,,,,,,,,,,,,,,,,
Q42267,Q108703381,,,,,,,,,,,,,,,,,,,,,,,,,,,,,,,,,,,,,,,,,,,,,
Q42271,Q11459104,,,,,,,,,,,,,,,,,,,,,,,,,,,,,,,,,,,,,,,,,,,,,
Q42275,Q11373077,,,,,,,,,,,,,,,,,,,,,,,,,,,,,,,,,,,,,,,,,,,,,
Q42279,Q11373095,,,,,,,,,,,,,,,,,,,,,,,,,,,,,,,,,,,,,,,,,,,,,
Q42283,Q108101003,,,,,,,,,,,,,,,,,,,,,,,,,,,,,,,,,,,,,,,,,,,,,
Q42287,Q11647300,,,,,,,,,,,,,,,,,,,,,,,,,,,,,,,,,,,,,,,,,,,,,
Q42291,Q111020320,,,,,,,,,,,,,,,,,,,,,,,,,,,,,,,,,,,,,,,,,,,,,
Q42295,Q108057567,,,,,,,,,,,,,,,,,,,,,,,,,,,,,,,,,,,,,,,,,,,,,
Q42299,Q108057655,,,,,,,,,,,,,,,,,,,,,,,,,,,,,,,,,,,,,,,,,,,,,
Q42303,Q2728800,,,,,,,,,,,,,,,,,,,,,,,,,,,,,,,,,,,,,,,,,,,,,
Q42307,Q11034683,,,,,,,,,,,,,,,,,,,,,,,,,,,,,,,,,,,,,,,,,,,,,
Q42311,Q11608451,,,,,,,,,,,,,,,,,,,,,,,,,,,,,,,,,,,,,,,,,,,,織田-46,
Q42315,Q110306073,,,,,,,,,,,,,,,,,,,,,,,,,,,,,,,,,,,,,,,,,,,,,
Q42319,Q11608322,,,,,,,,,,,,,,,,,,,,,,,,,,,,,,,,,,,,,,,,,,,,織田-33,
Q42432,Q111018554,,,,,,,,,,,,,,,,,,,,,,,,,,,,,,,,,,,,,,,,,,,,,
Q42436,Q111018573,,,,,,,,,,,,,,,,,,,,,,,,,,,,,,,,,,,,,,,,,,,,,
Q42440,Q111132467,,,,,,,,,,,,,,,,,,,,,,,,,,,,,,,,,,,,,,,,,,,,,
Q42444,Q111132503,,,,,,,,,,,,,,,,,,,,,,,,,,,,,,,,,,,,,,,,,,,,,
Q42468,Q108747375,,,,,,,,,,,,,,,,,,,,,,,,,,,,,,,,,,,,,,,,,,,,,
Q42472,Q110090012,,,,,,,,,,,,,,,,,,,,,,,,,,,,,,,,,,,,,,,,,,,,,
Q42476,Q110090043,,,,,,,,,,,,,,,,,,,,,,,,,,,,,,,,,,,,,,,,,,,,,
Q42480,Q110090104,,,,,,,,,,,,,,,,,,,,,,,,,,,,,,,,,,,,,,,,,,,,,
Q42484,Q110090196,,,,,,,,,,,,,,,,,,,,,,,,,,,,,,,,,,,,,,,,,,,,,
Q42488,Q113554427,,,,,,,,,,,,,,,,,,,,,,,,,,,,,,,,,,,,,,,,,,,,,
Q42492,Q109821938,,,,,,,,,,,,,,,,,,,,,,,,,,,,,,,,,,,,,,,,,,,,,
Q42496,Q109829358,,,,,,,,,,,,,,,,,,,,,,,,,,,,,,,,,,,,,,,,,,,,,
Q42500,Q109829339,,,,,,,,,,,,,,,,,,,,,,,,,,,,,,,,,,,,,,,,,,,,,
Q42504,Q109330418,,,,,,,,,,,,,,,,,,,,,,,,,,,,,,,,,,,,,,,,,,,,,
Q42508,Q110285122,,,,,,,,,,,,,,,,,,,,,,,,,,,,,,,,,,,,,,,,,,,,,
Q42512,Q11642339,,,,,,,,,,,,,,,,,,,,,,,,,,,,,,,,,,,,,,,,,,,,,
Q42516,Q109948174,,,,,,,,,,,,,,,,,,,,,,,,,,,,,,,,,,,,,,,,,,,,,
Q42520,Q110733799,,,,,,,,,,,,,,,,,,,,,,,,,,,,,,,,,,,,,,,,,,,,,
Q42524,Q11162606,,,,,,,,,,,,,,,,,,,,,,,,,,,,,,,,,,,,,,,,,,,,,
Q42528,Q110734031,,,,,,,,,,,,,,,,,,,,,,,,,,,,,,,,,,,,,,,,,,,,,
Q42532,Q110734045,,,,,,,,,,,,,,,,,,,,,,,,,,,,,,,,,,,,,,,,,,,,,
Q42536,Q109866586,,,,,,,,,,,,,,,,,,,,,,,,,,,,,,,,,,,,,,,,,,,,,
Q42548,Q109860544,,,,,,,,,,,,,,,,,,,,,,,,,,,,,,,,,,,,,,,,,,,,,
Q42552,Q108485543,,,,,,,,,,,,,,,,,,,,,,,,,,,,,,,,,,,,,,,,,,,,,
Q42556,Q11545684,,,,,,,,,,,,,,,,,,,,,,,,,,,,,,,,,,,,,,,,,,,,,
Q42560,Q109923225,,,,,,,,,,,,,,,,,,,,,,,,,,,,,,,,,,,,,,,,,,,,,
Q42564,Q109829369,,,,,,,,,,,,,,,,,,,,,,,,,,,,,,,,,,,,,,,,,,,,,
Q42566,Q10944285,,,,,,,,,,,,,,,,,,,,,,,,,,,,,,,,,,,,,,,,,,,,,
Q42568,Q109916944,,,,,,,,,,,,,,,,,,,,,,,,,,,,,,,,,,,,,,,,,,,,,
Q42570,Q10944451,,,,,,,,,,,,,,,,,,,,,,,,,,,,,,,,,,,,,,,,,,,,,
Q42572,Q126006465,,,,,,,,,,,,,,,,,,,,,,,,,,,,,,,,,,,,,,,,,,,,,
Q42574,Q28418230,,,,,,,,,,,,,,,,,,,,,,,,,,,,,,,,,,,,,,,,,,,,,
Q42576,Q108841012,,,,,,,,,,,,,,,,,,,,,,,,,,,,,,,,,,,,,,,,,,,,,
Q42578,Q28418229,,,,,,,,,,,,,,,,,,,,,,,,,,,,,,,,,,,,,,,,,,,,,
Q42580,Q109951399,,,,,,,,,,,,,,,,,,,,,,,,,,,,,,,,,,,,,,,,,,,,,
Q42582,Q61720099,,,,,,,,,,,,,,,,,,,,,,,,,,,,,,,,,,,,,,,,,,,,,
Q42584,Q109952503,,,,,,,,,,,,,,,,,,,,,,,,,,,,,,,,,,,,,,,,,,,,,
Q42586,Q61721616,,,,,,,,,,,,,,,,,,,,,,,,,,,,,,,,,,,,,,,,,,,,,
Q42588,Q109952255,,,,,,,,,,,,,,,,,,,,,,,,,,,,,,,,,,,,,,,,,,,,,
Q42590,Q11069958,,,,,,,,,,,,,,,,,,,,,,,,,,,,,,,,,,,,,,,,,,,,,
Q42592,Q109952417,,,,,,,,,,,,,,,,,,,,,,,,,,,,,,,,,,,,,,,,,,,,,
Q42594,Q134264697,,,,,,,,,,,,,,,,,,,,,,,,,,,,,,,,,,,,,,,,,,,,,
Q42597,Q109203414,,,,,,,,,,,,,,,,,,,,,,,,,,,,,,,,,,,,,,,,,,,,,
Q42598,Q11069972,,,,,,,,,,,,,,,,,,,,,,,,,,,,,,,,,,,,,,,,,,,,,
Q42601,Q109203642,,,,,,,,,,,,,,,,,,,,,,,,,,,,,,,,,,,,,,,,,,,,,
Q42602,Q133277702,,,,,,,,,,,,,,,,,,,,,,,,,,,,,,,,,,,,,,,,,,,,,
Q42605,Q109228075,,,,,,,,,,,,,,,,,,,,,,,,,,,,,,,,,,,,,,,,,,,,,
Q42606,Q5966226,,,,,,,,,,,,,,,,,,,,,,,,,,,,,,,,,,,,,,,,,,,,,
Q42610,Q133288660,,,,,,,,,,,,,,,,,,,,,,,,,,,,,,,,,,,,,,,,,,,,,
Q42613,Q108896866,,,,,,,,,,,,,,,,,,,,,,,,,,,,,,,,,,,,,,,,,,,,,
Q42614,Q16260698,,,,,,,,,,,,,,,,,,,,,,,,,,,,,,,,,,,,,,,,,,,,袁-12,
Q42617,Q11380781,,,,,,,,,,,,,,,,,,,,,,,,,,,,,,,,,,,,,,,,,,,,,
Q42618,Q11626496,,,,,,,,,,,,,,,,,,,,,,,,,,,,,,,,,,,,,,,,,,,,,
Q42621,Q109923719,,,,,,,,,,,,,,,,,,,,,,,,,,,,,,,,,,,,,,,,,,,,,
Q42622,Q131691190,,,,,,,,,,,,,,,,,,,,,,,,,,,,,,,,,,,,,,,,,,,,,
Q42625,Q109983959,,,,,,,,,,,,,,,,,,,,,,,,,,,,,,,,,,,,,,,,,,,,,
Q42626,Q131690240,,,,,,,,,,,,,,,,,,,,,,,,,,,,,,,,,,,,,,,,,,,,,
Q42629,Q110974491,,,,,,,,,,,,,,,,,,,,,,,,,,,,,,,,,,,,,,,,,,,,,
Q42630,Q131690133,,,,,,,,,,,,,,,,,,,,,,,,,,,,,,,,,,,,,,,,,,,,,
Q42633,Q8514611,,,,,,,,,,,,,,,,,,,,,,,,,,,,,,,,,,,,,,,,,,,,,
Q42634,Q130270614,,,,,,,,,,,,,,,,,,,,,,,,,,,,,,,,,,,,,,,,,,,,,
Q42637,Q108823149,,,,,,,,,,,,,,,,,,,,,,,,,,,,,,,,,,,,,,,,,,,,,
Q42638,Q45416382,,,,,,,,G6V7-HGQ,,,,,,,,,,,,,,,,,,,,,,,,,,,,,,,,,,,,,
Q42641,Q108823361,,,,,,,,,,,,,,,,,,,,,,,,,,,,,,,,,,,,,,,,,,,,,
Q42642,Q45416400,,,,,,,,,,,,,,,,,,,,,,,,,,,,,,,,,,,,,,,,,,,,,
Q42645,Q10514716,,,,,,,,,,,,,,,,,,,,,,,,,,,,,,,,,,,,,,,,,,,,,
Q42646,Q45416444,,,,,,,,,,,,,,,,,,,,,,,,,,,,,,,,,,,,,,,,,,,,,
Q42649,Q109093014,,,,,,,,,,,,,,,,,,,,,,,,,,,,,,,,,,,,,,,,,,,,,
Q42650,Q45416443,,,,,,,,G6V7-8TR,,,,,,,,,,,,,,,,,,,,,,,,,,,,,,,,,,,,,
Q42653,Q10514906,,,,,,,,,,,,,,,,,,,,,,,,,,,,,,,,,,,,,,,,,,,,,
Q42654,Q45702098,,,,,,,,,,,,,,,,,,,,,,,,,,,,,,,,,,,,,,,,,,,,,
Q42657,Q66364991,,,,,,,,,,,,,,,,,,,,,,,,,,,,,,,,,,,,,,,,,,,,,
Q42658,Q45702572,,,,,,,,,,,,,,,,,,,,,,,,,,,,,,,,,,,,,,,,,,,,,
Q42661,Q30934055,,,,,,,,,,,,,,,,,,,,,,,,,,,,,,,,,,,,,,,,,,,,,
Q42662,Q45537932,,,,,,,,,,,,,,,,,,,,,,,,,,,,,,,,,,,,,,,,,,,,,
Q42665,Q108884017,,,,,,,,,,,,,,,,,,,,,,,,,,,,,,,,,,,,,,,,,,,,,
Q42666,Q45694772,,,,,,,,,,,,,,,,,,,,,,,,,,,,,,,,,,,,,,,,,,,,,
Q42669,Q109088354,,,,,,,,,,,,,,,,,,,,,,,,,,,,,,,,,,,,,,,,,,,,,
Q42670,Q45416562,,,,,,,,,,,,,,,,,,,,,,,,,,,,,,,,,,,,,,,,,,,,,
Q42673,Q109088720,,,,,,,,,,,,,,,,,,,,,,,,,,,,,,,,,,,,,,,,,,,,,
Q42674,Q45416601,,,,,,,,,,,,,,,,,,,,,,,,,,,,,,,,,,,,,,,,,,,,,
Q42677,Q124483513,,,,,,,,,,,,,,,,,,,,,,,,,,,,,,,,,,,,,,,,,,,,,
Q42678,Q65814333,,,,,,,,,,,,,,,,,,,,,,,,,,,,,,,,,,,,,,,,,,,,,
Q42681,Q124480356,,,,,,,,,,,,,,,,,,,,,,,,,,,,,,,,,,,,,,,,,,,,,
Q42682,Q65816549,,,,,,,,,,,,,,,,,,,,,,,,,,,,,,,,,,,,,,,,,,,,,
Q42685,Q124480357,,,,,,,,,,,,,,,,,,,,,,,,,,,,,,,,,,,,,,,,,,,,,
Q42686,Q65814456,,,,,,,,,,,,,,,,,,,,,,,,,,,,,,,,,,,,,,,,,,,,,
Q42689,Q51167133,,,,,,,,,,,,,,,,,,,,,,,,,,,,,,,,,,,,,,,,,,,,,
Q42690,Q65814575,,,,,,,,,,,,,,,,,,,,,,,,,,,,,,,,,,,,,,,,,,,,,
Q42693,Q108915112,,,,,,,,,,,,,,,,,,,,,,,,,,,,,,,,,,,,,,,,,,,,,
Q42694,Q65814440,,,,,,,,,,,,,,,,,,,,,,,,,,,,,,,,,,,,,,,,,,,,,
Q42697,Q11627467,,,,,,,,,,,,,,,,,,,,,,,,,,,,,,,,,,,,,,,,,,,,,
Q42698,Q65816815,,,,,,,,,,,,,,,,,,,,,,,,,,,,,,,,,,,,,,,,,,,,,
Q42702,Q65814184,,,,,,,,,,,,,,,,,,,,,,,,,,,,,,,,,,,,,,,,,,,,,
Q42706,Q65814555,,,,,,,,,,,,,,,,,,,,,,,,,,,,,,,,,,,,,,,,,,,,,
Q42710,Q65816531,,,,,,,,,,,,,,,,,,,,,,,,,,,,,,,,,,,,,,,,,,,,,
Q42713,Q10729398,,,,,,,,,,,,,,,,,,,,,,,,,,,,,,,,,,,,,,,,,,,,松平-555,
Q42714,Q65816819,,,,,,,,,,,,,,,,,,,,,,,,,,,,,,,,,,,,,,,,,,,,,
Q42717,Q11644188,,,,,,,,,,,,,,,,,,,,,,,,,,,,,,,,,,,,,,,,,,,,酒井-55,
Q42718,Q65816822,,,,,,,,,,,,,,,,,,,,,,,,,,,,,,,,,,,,,,,,,,,,,
Q42721,Q10565521,,,,,,,,,,,,,,,,,,,,,,,,,,,,,,,,,,,,,,,,,,,,,
Q42722,Q13672502,,,,,,,,,,,,,,,,,,,,,,,,,,,,,,,,,,,,,,,,,,,,,
Q42725,Q11678643,,,,,,,,,,,,,,,,,,,,,,,,,,,,,,,,,,,,,,,,,,,,,
Q42726,Q15914168,,,,,,,,,,,,,,,,,,,,,,,,,,,,,,,,,,,,,,,,,,,,,
Q42729,Q8514951,,,,,,,,,,,,,,,,,,,,,,,,,,,,,,,,,,,,,,,,,,,,酒井-120,
Q42731,Q134176913,,,,,,,,,,,,,,,,,,,,,,,,,,,,,,,,,,,,,,,,,,,,,
Q42733,Q10859961,,,,,,,,,,,,,,,,,,,,,,,,,,,,,,,,,,,,,,,,,,,,酒井-128,
Q42735,Q45416949,,,,,,,,,,,,,,,,,,,,,,,,,,,,,,,,,,,,,,,,,,,,,
Q42739,Q45416947,,,,,,,,,,,,,,,,,,,,,,,,,,,,,,,,,,,,,,,,,,,,,
Q42743,Q45416957,,,,,,,,,,,,,,,,,,,,,,,,,,,,,,,,,,,,,,,,,,,,,
Q42747,Q45417196,,,,,,,,,,,,,,,,,,,,,,,,,,,,,,,,,,,,,,,,,,,,,
Q42751,Q45417082,,,,,,,,,,,,,,,,,,,,,,,,,,,,,,,,,,,,,,,,,,,,,
Q42755,Q13652419,,,,,,,,,,,,,,,,,,,,,,,,,,,,,,,,,,,,,,,,,,,,,
Q42757,Q11255679,,,,,,,,,,,,,,,,,,,,,,,,,,,,,,,,,,,,,,,,,,,,,
Q42759,Q13652737,,,,,,,,,,,,,,,,,,,,,,,,,,,,,,,,,,,,,,,,,,,,,
Q42763,Q45416995,,,,,,,,,,,,,,,,,,,,,,,,,,,,,,,,,,,,,,,,,,,,,
Q42767,Q45417001,,,,,,,,,,,,,,,,,,,,,,,,,,,,,,,,,,,,,,,,,,,,,
Q42771,Q10916164,,,,,,,,,,,,,,,,,,,,,,,,,,,,,,,,,,,,,,,,,,,,,
Q42775,Q10900573,,,,,,,,,,,,,,,,,,,,,,,,,,,,,,,,,,,,,,,,,,,,,
Q42779,Q45417019,,,,,,,,,,,,,,,,,,,,,,,,,,,,,,,,,,,,,,,,,,,,,
Q42783,Q45417033,,,,,,,,,,,,,,,,,,,,,,,,,,,,,,,,,,,,,,,,,,,,,
Q42787,Q45417042,,,,,,,,,,,,,,,,,,,,,,,,,,,,,,,,,,,,,,,,,,,,,
Q42791,Q45417048,,,,,,,,,,,,,,,,,,,,,,,,,,,,,,,,,,,,,,,,,,,,,
Q42795,Q45417046,,,,,,,,,,,,,,,,,,,,,,,,,,,,,,,,,,,,,,,,,,,,,
Q42799,Q15951980,,,,,,,,,,,,,,,,,,,,,,,,,,,,,,,,,,,,,,,,,,,,,
Q42803,Q1706238,,,,,,,,,,,,,,,,,,,,,,,,,,,,,,,,,,,,,,,,,,,,,
Q42807,Q15899121,,,,,,,,,,,,,,,,,,,,,,,,,,,,,,,,,,,,,,,,,,,,,
Q42811,Q45426900,,,,,,,,,,,,,,,,,,,,,,,,,,,,,,,,,,,,,,,,,,,,,
Q42815,Q22812630,,,,,,,,,,,,,,,,,,,,,,,,,,,,,,,,,,,,,,,,,,,,,
Q42818,Q111032281,,,,,,,,,,,,,,,,,,,,,,,,,,,,,,,,,,,,,,,,,,,,,
Q42819,Q6656757,,,,,,,,,,,,,,,,,,,,,,,,,,,,,,,,,,,,,,,,,,,,,
Q42822,Q11451773,,,,,,,,,,,,,,,,,,,,,,,,,,,,,,,,,,,,,,,,,,,,,
Q42823,Q12616185,,,,,,,,,,,,,,,,,,,,,,,,,,,,,,,,,,,,,,,,,,,,,
Q42826,Q97901082,,,,,,,,,,,,,,,,,,,,,,,,,,,,,,,,,,,,,,,,,,,,,
Q42827,Q12608452,,,,,,,,,,,,,,,,,,,,,,,,,,,,,,,,,,,,,,,,,,,,,
Q42830,Q24862200,,,,,,,,,,,,,,,,,,,,,,,,,,,,,,,,,,,,,,,,,,,,,
Q42831,Q28700793,,,,,,,,,,,,,,,,,,,,,,,,,,,,,,,,,,,,,,,,,,,,,
Q42834,Q110170085,,,,,,,,,,,,,,,,,,,,,,,,,,,,,,,,,,,,,,,,,,,,,
Q42838,Q110620667,,,,,,,,,,,,,,,,,,,,,,,,,,,,,,,,,,,,,,,,,,,,,
Q42842,Q110620885,,,,,,,,,,,,,,,,,,,,,,,,,,,,,,,,,,,,,,,,,,,,,
Q42843,Q150132,,,,,,,,,,,,,,,,,,,,,,,,,,,,,,,,,,,,,,,,,,,,,
Q42847,Q706776,,,,,,,,,,,,,,,,,,,,,,,,,,,,,,,,,,,,,,,,,,,,,
Q42851,Q12606202,,,,,,,,,,,,,,,,,,,,,,,,,,,,,,,,,,,,,,,,,,,,,
Q42855,Q16190872,,,,,,,,,,,,,,,,,,,,,,,,,,,,,,,,,,,,,,,,,,,,,
Q42859,Q12586367,,,,,,,,,,,,,,,,,,,,,,,,,,,,,,,,,,,,,,,,,,,,,
Q42866,Q110720536,,,,,,,,,,,,,,,,,,,,,,,,,,,,,,,,,,,,,,,,,,,,,
Q42870,Q110720546,,,,,,,,,,,,,,,,,,,,,,,,,,,,,,,,,,,,,,,,,,,,,
Q42874,Q110720561,,,,,,,,,,,,,,,,,,,,,,,,,,,,,,,,,,,,,,,,,,,,,
Q42878,Q110723942,,,,,,,,,,,,,,,,,,,,,,,,,,,,,,,,,,,,,,,,,,,,,
Q42879,Q16166795,,,,,,,,,,,,,,,,,,,,,,,,,,,,,,,,,,,,,,,,,,,,,
Q42883,Q12595451,,,,,,,,,,,,,,,,,,,,,,,,,,,,,,,,,,,,,,,,,,,,,
Q42887,Q982445,,,,,,,,,,,,,,,,,,,,,,,,,,,95025,,,,,,,,,,,,,,,,,,
Q42891,Q2982141,,,,,,,,,,,,,,,,,,,,,,,,,,,1208507,,,,,,,,,,,,,,,,,,
Q42895,Q64708667,,,,,,,,,,,,,,,,,,,,,,,,,,,,,,,,,,,,,,,,,,,,,
Q42899,Q81746664,,,,,,,,,,,,,,,,,,,,,,,,,,,,,,,,,,,,,,,,,,,,,
Q42903,Q64706210,,,,,,,,,,,,,,,,,,,,,,,,,,,1427041,,,,,,,,,,,,,,,,,,
Q42907,Q38963192,,,,,,,,,,,,,,,,,,,,,,,,,,,,,,,,,,,,,,,,,,,,,
Q42910,Q108485620,,,,,,,,,,,,,,,,,,,,,,,,,,,,,,,,,,,,,,,,,,,,,
Q42911,Q45537876,,,,,,,,,,,,,,,,,,,,,,,,,,,,,,,,,,,,,,,,,,,,,
Q42914,Q11606014,,,,,,,,,,,,,,,,,,,,,,,,,,,,,,,,,,,,,,,,,,,,細川-42,
Q42915,Q45481812,,,,,,,,,,,,,,,,,,,,,,,,,,,,,,,,,,,,,,,,,,,,,
Q42918,Q108485638,,,,,,,,,,,,,,,,,,,,,,,,,,,,,,,,,,,,,,,,,,,,,
Q42919,Q38962821,,,,,,,,,,,,,,,,,,,,,,,,,,,,,,,,,,,,,,,,,,,,,
Q42922,Q108485651,,,,,,,,,,,,,,,,,,,,,,,,,,,,,,,,,,,,,,,,,,,,,
Q42923,Q19851782,,,,,,,,,,,,,,,,,,,,,,,,,,,,,,,,,,,,,,,,,,,,,
Q42926,Q108485688,,,,,,,,,,,,,,,,,,,,,,,,,,,,,,,,,,,,,,,,,,,,,
Q42927,Q9642715,,,,,,,,,,,,,,,,,,,,,,,,,,,,,,,,,,,,,,,,,,,,,
Q42931,Q45518294,,,,,,,,,,,,,,,,,,,,,,,,,,,,,,,,,,,,,,,,,,,,,
Q42935,Q81747655,,,,,,,,,,,,,,,,,,,,,,,,,,,,,,,,,,,,,,,,,,,,,
Q42938,Q111182883,,,,,,,,,,,,,,,,,,,,,,,,,,,,,,,,,,,,,,,,,,,,,
Q42939,Q45666011,,,,,,,,,,,,,,,,,,,,,,,,,,,,,,,,,,,,,,,,,,,,,
Q42942,Q110251042,,,,,,,,,,,,,,,,,,,,,,,,,,,,,,,,,,,,,,,,,,,,,
Q42943,Q56282806,,,,,,,,,,,,,,,,,,,,,,,,,,,,,,,,,,,,,,,,,,,,,
Q42946,Q3469342,,,,,,,,,,,,,,,,,,,,,,,,,,,,,,,,,,,,,,,,,,,,酒井-57,
Q42947,Q7066095,,,,,,,,,,,,,,,,,,,,,,,,,,,,,,,,,,,,,,,,,,,,,
Q42950,Q11452033,,,,,,,,,,,,,,,,,,,,,,,,,,,,,,,,,,,,,,,,,,,,,
Q42951,Q5073,,,,,,,,,,,,,,,,,,,,,,,,,,,,,,,,,,,,,,,,,,,,,
Q42954,Q11452031,,,,,,,,,,,,,,,,,,,,,,,,,,,,,,,,,,,,,,,,,,,,,
Q42955,Q7066719,,,,,,,,,,,,,,,,,,,,,,,,,,,,,,,,,,,,,,,,,,,,,
Q42958,Q11452032,,,,,,,,,,,,,,,,,,,,,,,,,,,,,,,,,,,,,,,,,,,,,
Q42959,Q16603440,,,,,,,,,,,,,,,,,,,,,,,,,,,,,,,,,,,,,,,,,,,,,
Q42962,Q8515338,,,,,,,,,,,,,,,,,,,,,,,,,,,,,,,,,,,,,,,,,,,,,
Q42963,Q15941130,,,,,,,,,,,,,,,,,,,,,,,,,,,,,,,,,,,,,,,,,,,,,
Q42966,Q108486091,,,,,,,,,,,,,,,,,,,,,,,,,,,,,,,,,,,,,,,,,,,,,
Q42967,Q10768878,,,,,,,,,,,,,,,,,,,,,,,,,,,,,,,,,,,,,,,,,,,,,
Q42970,Q108486203,,,,,,,,,,,,,,,,,,,,,,,,,,,,,,,,,,,,,,,,,,,,,
Q42971,Q15900906,,,,,,,,,,,,,,,,,,,,,,,,,,,,,,,,,,,,,,,,,,,,,
Q42975,Q15942989,,,,,,,,,,,,,,,,,,,,,,,,,,,,,,,,,,,,,,,,,,,,,
Q42978,Q11069471,,,,,,,,,,,,,,,,,,,,,,,,,,,,,,,,,,,,,,,,,,,,,
Q42979,Q10766509,,,,,,,,,,,,,,,,,,,,,,,,,,,,,,,,,,,,,,,,,,,,,
Q42982,Q108917216,,,,,,,,,,,,,,,,,,,,,,,,,,,,,,,,,,,,,,,,,,,,,
Q42983,Q10947940,,,,,,,,,,,,,,,,,,,,,,,,,,,,,,,,,,,,,,,,,,,,,
Q42986,Q11547631,,,,,,,,,,,,,,,,,,,,,,,,,,,,,,,,,,,,,,,,,,,,毛利-97,
Q42987,Q10947942,,,,,,,,,,,,,,,,,,,,,,,,,,,,,,,,,,,,,,,,,,,,,
Q42990,Q110967707,,,,,,,,,,,,,,,,,,,,,,,,,,,,,,,,,,,,,,,,,,,,,
Q42991,Q16075354,,,,,,,,,,,,,,,,,,,,,,,,,,,,,,,,,,,,,,,,,,,,,
Q42994,Q111050771,,,,,,,,,,,,,,,,,,,,,,,,,,,,,,,,,,,,,,,,,,,,,
Q42995,Q10947941,,,,,,,,,,,,,,,,,,,,,,,,,,,,,,,,,,,,,,,,,,,,,
Q42998,Q108485710,,,,,,,,,,,,,,,,,,,,,,,,,,,,,,,,,,,,,,,,,,,,,
Q42999,Q16075334,,,,,,,,,,,,,,,,,,,,,,,,,,,,,,,,,,,,,,,,,,,,,
Q43002,Q110955680,,,,,,,,,,,,,,,,,,,,,,,,,,,,,,,,,,,,,,,,,,,,,
Q43003,Q7066865,,,,,,,,,,,,,,,,,,,,,,,,,,,,,,,,,,,,,,,,,,,,,
Q43006,Q11445775,,,,,,,,,,,,,,,,,,,,,,,,,,,,,,,,,,,,,,,,,,,,,
Q43007,Q62597837,,,,,,,,,,,,,,,,,,,,,,,,,,,,,,,,,,,,,,,,,,,,,
Q43010,Q134624985,,,,,,,,,,,,,,,,,,,,,,,,,,,,,,,,,,,,,,,,,,,,,
Q43011,Q45463790,,,,,,,,,,,,,,,,,,,,,,,,,,,,,,,,,,,,,,,,,,,,,
Q43014,Q111173226,,,,,,,,,,,,,,,,,,,,,,,,,,,,,,,,,,,,,,,,,,,,,
Q43015,Q45595205,,,,,,,,,,,,,,,,,,,,,,,,,,,,,,,,,,,,,,,,,,,,,
Q43018,Q6956819,,,,,,,,,,,,,,,,,,,,,,,,,,,,,,,,,,,,,,,,,,,,鍋島-84,
Q43019,Q11318363,,,,,,,,,,,,,,,,,,,,,,,,,,,,,,,,,,,,,,,,,,,,,
Q43023,Q3981210,,,,,,,,,,,,,,,,,,,,,,,,,,,279475,,,,,,,,,,,,,,,,,,
Q43027,Q4464943,,,,,,,,,,,,,,,,,,,,,,,,,,,273967,,,,,,,,,,,,,,,Dyuden_of_The_Golden_Horde_(1),,,
Q43030,Q115586905,,,,,,,,,,,,,,,,,,,,,,,,,,,,,,,,,,,,,,,,,,,,,
Q43031,Q45678941,,,,,,,,,,,,,,,,,,,,,,,,,,,,,,,,,,,,,,,,,,,,,
Q43034,Q11431969,,,,,,,,,,,,,,,,,,,,,,,,,,,,,,,,,,,,,,,,,,,,,
Q43035,Q102858249,,,,,,,,,,,,,,,,,,,,,,,,,,,240839,,p=anne;n=n;oc=53,,,,,,,,,,,,,Anna_of_Genhis_(1),,,I00298637
Q43038,Q11432003,,,,,,,,,,,,,,,,,,,,,,,,,,,,,,,,,,,,,,,,,,,,,
Q43039,Q16903735,,,,,,,,,,,,,,,,,,,,,,,,,,,,,,,,,,,,,,,,,,,,,
Q43042,Q11449546,,,,,,,,,,,,,,,,,,,,,,,,,,,,,,,,,,,,,,,,,,,,,
Q43043,Q3816090,,,,,,,,,,,,,,,,,,,,,,,,,,,445105,,,,,,,,,,,,,,,,,,
Q43046,Q11618480,,,,,,,,,,,,,,,,,,,,,,,,,,,,,,,,,,,,,,,,,,,,,
Q43047,Q982456,,,,,,,,,,,,,,,,,,,,,,,,,,,274018,,,,,,,,,,,,,,,,,,
Q43050,Q11618469,,,,,,,,,,,,,,,,,,,,,,,,,,,,,,,,,,,,,,,,,,,,,
Q43051,Q4482732,,,,,,,,,,,,,,,,,,,,,,,,,,,413222,,p=theodora;n=n;oc=1,,,dw.6223,,,,,,,,,,Feodora_of_Genghis_(1),,,I00081448
Q43054,Q11438259,,,,,,,,,,,,,,,,,,,,,,,,,,,,,,,,,,,,,,,,,,,,,
Q43055,Q38963746,,,,,,,,,,,,,,,,,,,,,,,,,,,448770,,,,,,,,,,,,,,,,,,
Q43058,Q530128,,,,,,,,,,,,,,,,,,,,,,,,,,,,,,,,,,,,,,,,,,,,,
Q43059,Q135218135,,,,,,,,,,,,,,,,,,,,,,,,,,,,,,,,,,,,,,,,,,,,,
Q43062,Q111272384,,,,,,,,,,,,,,,,,,,,,,,,,,,,,,,,,,,,,,,,,,,,,
Q43063,Q1341161,,,,,,,,,,,,,,,,,,,,,,,,,,,,,,,,,,,,,,,,,,,,,I00361816
Q43066,Q111158411,,,,,,,,,,,,,,,,,,,,,,,,,,,,,,,,,,,,,,,,,,,,,
Q43067,Q24864368,,,,,,,,,,,,,,,,,,,,,,,,,,,,,,,,,,,,,,,,,,,,,
Q43070,Q111153790,,,,,,,,,,,,,,,,,,,,,,,,,,,,,,,,,,,,,,,,,,,,,
Q43071,Q24868285,,,,,,,,,,,,,,,,,,,,,,,,,,,,,,,,,,,,,,,,,,,,,
Q43074,Q6529255,,,,,,,,,,,,,,,,,,,,,,,,,,,,,,,,,,,,,,,,,,,,,
Q43075,Q24864333,,,,,,,,,,,,,,,,,,,,,,,,,,,,,,,,,,,,,,,,,,,,,
Q43078,Q6529248,,,,,,,,,,,,,,,,,,,,,,,,,,,,,,,,,,,,,,,,,,,,,
Q43079,Q21384913,,,,,,,,,,,,,,,,,,,,,,,,,,,,,,,,,,,,,,,,,,,,,I00374614
Q43082,Q111153765,,,,,,,,,,,,,,,,,,,,,,,,,,,,,,,,,,,,,,,,,,,,,
Q43083,Q16903923,,,,,,,,,,,,,,,,,,,,,,,,,,,,,,,,,,,,,,,,,,,,,
Q43086,Q111153827,,,,,,,,,,,,,,,,,,,,,,,,,,,,,,,,,,,,,,,,,,,,,
Q43087,Q109316411,,,,,,,,,,,,,,,,,,,,,,,,,,,,,,,,,,,,,,,,,,,,,
Q43090,Q111154357,,,,,,,,,,,,,,,,,,,,,,,,,,,,,,,,,,,,,,,,,,,,,
Q43091,Q30948532,,,,,,,,,,,,,,,,,,,,,,,,,,,,,,,,,,,,,,,,,,,,,
Q43094,Q111154386,,,,,,,,,,,,,,,,,,,,,,,,,,,,,,,,,,,,,,,,,,,,,
Q43095,Q7305493,,,,,,,,,,,,,,,,,,,,,,,,,,,,,,,,,,,,,,,,,,,,,
Q43098,Q11396154,,,,,,,,,,,,,,,,,,,,,,,,,,,,,,,,,,,,,,,,,,,,,
Q43099,Q1207596,,,,,,,,,,,,,,,,,,,,,,,,,,,,,,,,,,,,,,,,,,,,,
Q43102,Q111302380,,,,,,,,,,,,,,,,,,,,,,,,,,,,,,,,,,,,,,,,,,,,,
Q43103,Q45504564,,,,,,,,,,,,,,,,,,,,,,,,,,,,,,,,,,,,,,,,,,,,,
Q43106,Q10514734,,,,,,,,,,,,,,,,,,,,,,,,,,,,,,,,,,,,,,,,,,,,,
Q43107,Q6403237,,,,,,,,,,,,,,,,,,,,,,,,,,,781893,,,,,,,,,,,,,,,,,,
Q43110,Q109917177,,,,,,,,,,,,,,,,,,,,,,,,,,,,,,,,,,,,,,,,,,,,,
Q43111,Q3032896,,,,,,,,,,,,,,,,,,,,,,,,,,,,,,,,,,,,,,,,,,,,,
Q43114,Q134448410,,,,,,,,,,,,,,,,,,,,,,,,,,,,,,,,,,,,,,,,,,,,,
Q43115,Q47524247,,,,,,,,,,,,,,,,,,,,,,,,,,,,,,,,,,,,,,,,,,,,,
Q43118,Q109203146,,,,,,,,,,,,,,,,,,,,,,,,,,,,,,,,,,,,,,,,,,,,,
Q43119,Q45534249,,,,,,,,,,,,,,,,,,,,,,,,,,,,,,,,,,,,,,,,,,,,,
Q43122,Q111150887,,,,,,,,,,,,,,,,,,,,,,,,,,,,,,,,,,,,,,,,,,,,,
Q43124,Q45686654,,,,,,,,,,,,,,,,,,,,,,,,,,,,,,,,,,,,,,,,,,,,,
Q43126,Q11552196,,,,,,,,,,,,,,,,,,,,,,,,,,,,,,,,,,,,,,,,,,,,,
Q43128,Q126006442,,,,,,,,,,,,,,,,,,,,,,,,,,,,,,,,,,,,,,,,,,,,,
Q43130,Q109657357,,,,,,,,,,,,,,,,,,,,,,,,,,,,,,,,,,,,,,,,,,,,,
Q43132,Q860152,,,,,,,,,,,,,,,,,,,,,,,,,,,,,,,,,,,,,,,,,,,,,
Q43134,Q11382728,,,,,,,,,,,,,,,,,,,,,,,,,,,,,,,,,,,,,,,,,,,,,
Q43136,Q1036784,,,,,,,,,,,,,,,,,,,,,,,,,,,,,,,,,,,,,,,,,,,,,
Q43138,Q134511727,,,,,,,,,,,,,,,,,,,,,,,,,,,,,,,,,,,,,,,,,,,,,
Q43140,Q8254233,,,,,,,,,,,,,,,,,,,,,,,,,,,,,,,,,,,,,,,,,,,,,
Q43142,Q111173902,,,,,,,,,,,,,,,,,,,,,,,,,,,,,,,,,,,,,,,,,,,,,
Q43144,Q16078446,,,,,,,,,,,,,,,,,,,,,,,,,,,,,,,,,,,,,,,,,,,,,
Q43146,Q11510234,,,,,,,,,,,,,,,,,,,,,,,,,,,,,,,,,,,,,,,,,,,,,
Q43148,Q4992,,,,,,,,,,,,,,,,,,,,,,,,,,,,,,,,,,,,,,,,,,,,,
Q43151,Q11377134,,,,,,,,,,,,,,,,,,,,,,,,,,,,,,,,,,,,,,,,,,,,,
Q43152,Q10484790,,,,,,,,,,,,,,,,,,,,,,,,,,,,,,,,,,,,,,,,,,,,,
Q43155,Q11551735,,,,,,,,,,,,,,,,,,,,,,,,,,,,,,,,,,,,,,,,,,,,,
Q43156,Q10484847,,,,,,,,,,,,,,,,,,,,,,,,,,,,,,,,,,,,,,,,,,,,,
Q43159,Q110135749,,,,,,,,,,,,,,,,,,,,,,,,,,,,,,,,,,,,,,,,,,,,,
Q43160,Q10984430,,,,,,,,,,,,,,,,,,,,,,,,,,,,,,,,,,,,,,,,,,,,,
Q43163,Q110863738,,,,,,,,,,,,,,,,,,,,,,,,,,,,,,,,,,,,,,,,,,,,,
Q43164,Q11610773,,,,,,,,,,,,,,,,,,,,,,,,,,,,,,,,,,,,,,,,,,,,,
Q43167,Q10565593,,,,,,,,,,,,,,,,,,,,,,,,,,,,,,,,,,,,,,,,,,,,,
Q43168,Q45687601,,,,,,,,,,,,,,,,,,,,,,,,,,,,,,,,,,,,,,,,,,,,,
Q43171,Q110307841,,,,,,,,,,,,,,,,,,,,,,,,,,,,,,,,,,,,,,,,,,,,,
Q43172,Q45572497,,,,,,,,,,,,,,,,,,,,,,,,,,,,,,,,,,,,,,,,,,,,,
Q43175,Q110307965,,,,,,,,,,,,,,,,,,,,,,,,,,,,,,,,,,,,,,,,,,,,,
Q43176,Q15715576,,,,,,,,,,,,,,,,,,,,,,,,,,,149365,,,,,,,,,,,,,,,,,Palaiologos-17,I00139075
Q43179,Q111134828,,,,,,,,,,,,,,,,,,,,,,,,,,,,,,,,,,,,,,,,,,,,,
Q43180,Q19990478,,,,,,,,,,,,,,,,,,,,,,,,,,,,,,,,,,,,,,,,,,,,,I00139076
Q43183,Q111127149,,,,,,,,,,,,,,,,,,,,,,,,,,,,,,,,,,,,,,,,,,,,,
Q43184,Q349451,,,,,,,,,,,,,,,,,,,,,,,,,,,,,,,,,,,,,,,,,p22002.htm#i220017,Constantine_Palaiologos_(1),,,
Q43187,Q11551814,,,,,,,,,,,,,,,,,,,,,,,,,,,,,,,,,,,,,,,,,,,,,
Q43188,Q20499047,,,,,,,,,,,,,,,,,,,,,,,,,,,,,,,,,,,,,,,,,,,,,I00571551
Q43191,Q111140633,,,,,,,,,,,,,,,,,,,,,,,,,,,,,,,,,,,,,,,,,,,,,
Q43192,Q498352,,,,,,,,,,,,,,,,,,,,,,,,,,,,,,,,,,,,,,,,,,,,,
Q43195,Q11413126,,,,,,,,,,,,,,,,,,,,,,,,,,,,,,,,,,,,,,,,,,,,,
Q43196,Q61021273,,,,,,,,,,,,,,,,,,,,,,,,,,,,,,,,,,,,,,,,,,,,,
Q43199,Q23986586,,,,,,,,,,,,,,,,,,,,,,,,,,,,,,,,,,,,,,,,,,,,,
Q43200,Q61040444,,,,,,,,,,,,,,,,,,,,,,,,,,,,,,,,,,,,,,,,,,,,,
Q43203,Q113280891,,,,,,,,,,,,,,,,,,,,,,,,,,,,,,,,,,,,,,,,,,,,,
Q43204,Q3622656,,,,,,,,,,,,,,,,,,,,,,,,,,,,,,,,,,,,,,,,,p21915.htm#i219146,Theodora_Doukaina_Vatatzina_(1),,,I00005031
Q43207,Q113282593,,,,,,,,,,,,,,,,,,,,,,,,,,,,,,,,,,,,,,,,,,,,,
Q43208,Q61270963,,,,,,,,,,,,,,,,,,,,,,,,,,,,,,,,,,,,,,,,,,,,,
Q43211,Q10514853,,,,,,,,,,,,,,,,,,,,,,,,,,,,,,,,,,,,,,,,,,,,,
Q43212,Q2774126,,,,,,,,,,,,,,,,,,,,,,,,,,,418157,,,,,dw.1285,,,,,,,,,p10313.htm#i103128,Anna_of_Hungary_(1),,Arpadhazi-31,I00020723
Q43215,Q109775628,,,,,,,,,,,,,,,,,,,,,,,,,,,,,,,,,,,,,,,,,,,,,
Q43216,Q270611,,,,,,,,,,,,,,,,,,,,,,,,,,,139062,,p=violante;n=di monferrato,,,,,,,,,,,,p61487.htm#i614869,Eirene_of_Montferrat_(1),,De_Montferrat-12,I00004984
Q43219,Q109863450,,,,,,,,,,,,,,,,,,,,,,,,,,,,,,,,,,,,,,,,,,,,,
Q43220,Q37098,,,,,,,,,,,,,,,,,,,,,,,,person/2924d0f5-f535-4a0b-94c1-953e0a766e97,,,251854,,,,,,,,,,,,,,p15019.htm#i150189,Michael_IX_Palaiologos_(1),,Palaiologos-16,I00171944
Q43223,Q11068085,,,,,,,,,,,,,,,,,,,,,,,,,,,,,,,,,,,,,,,,,,,,,
Q43224,Q389345,,,,,,,,,,,,,,,,,,,,,,,,,,,139061,,,,,,,,,,,,,,p14556.htm#i145554,"Theodore_I,_Marquess_of_Montferrat_(1)",,Palaiologos-3,I00004985
Q43227,Q6605351,,,,,,,,,,,,,,,,,,,,,,,,,,,,,,,,,,,,,,,,,,,,,
Q43228,Q469013,,,,,,,,,,,,,,,,,,,,,,,,,,,406517,,,,,,,,,,,,,,,Simonida_(1),,,
Q43231,Q110154856,,,,,,,,,,,,,,,,,,,,,,,,,,,,,,,,,,,,,,,,,,,,,
Q43232,Q16853909,,,,,,,,,,,,,,,,,,,,,,,,,,,,,,,,,,,,,,,,,,John_Palaiologos_(1),,Palaiologos-8,
Q43235,Q110050446,,,,,,,,,,,,,,,,,,,,,,,,,,,,,,,,,,,,,,,,,,,,,
Q43236,Q14949537,,,,,,,,,,,,,,,,,,,,,,,,,,,981835,,,,,,,,,,,,,,p22156.htm#i221557,Demetrios_Palaiologos_(2),,Palaiologos-9,
Q43239,Q111012567,,,,,,,,,,,,,,,,,,,,,,,,,,,,,,,,,,,,,,,,,,,,,
Q43240,Q11303018,,,,,,,,,,,,,,,,,,,,,,,,,,,418159,,,,,,,,,,,,,,,,,,
Q43243,Q111009600,,,,,,,,,,,,,,,,,,,,,,,,,,,,,,,,,,,,,,,,,,,,,
Q43244,Q27860176,,,,,,,,,,,,,,,,,,,,,,,,,,,,,,,,,,,,,,,,,,,,,
Q43247,Q111012621,,,,,,,,,,,,,,,,,,,,,,,,,,,,,,,,,,,,,,,,,,,,,
Q43248,Q20156061,,,,,,,,,,,,,,,,,,,,,,,,,,,,,,,,,,,,,,,,,,,,,I00152139
Q43251,Q11545658,,,,,,,,,,,,,,,,,,,,,,,,,,,,,,,,,,,,,,,,,,,,,
Q43252,Q61718360,,,,,,,,,,,,,,,,,,,,,,,,,,,,,,,,,,,,,,,,,,,,,
Q43255,Q110306146,,,,,,,,,,,,,,,,,,,,,,,,,,,,,,,,,,,,,,,,,,,,,
Q43256,Q129093907,,,,,,,,,,,,,,,,,,,,,,,,,,,,,,,,,,,,,,,,,,,,,I00400257
Q43259,Q110306176,,,,,,,,,,,,,,,,,,,,,,,,,,,,,,,,,,,,,,,,,,,,,
Q43260,Q285508,,,,,,,,,,,,,,,,,,,,,,,,,,,280490,,,,,,,,,,,,,,p14555.htm#i145542,Ivan_Asen_III_of_Bulgaria_(1),,,I00298920
Q43263,Q110050526,,,,,,,,,,,,,,,,,,,,,,,,,,,,,,,,,,,,,,,,,,,,,
Q43264,Q12287023,,,,,,,,,,,,,,,,,,,,,,,,,,,,,,,,,,,,,,,,,,,,,
Q43267,Q1054034,,,,,,,,,,,,,,,,,,,,,,,,,,,,,,,,,,,,,,,,,,,,,
Q43268,Q513490,,,,,,,,,,,,,,,,,,,,,,,,,,,468284,,,,,,,,,,,,,,p71465.htm#i714649,Andronikos_Asen_(1),,,I00293043
Q43271,Q10860167,,,,,,,,,,,,,,,,,,,,,,,,,,,,,,,,,,,,,,,,,,,,,
Q43272,Q111534450,,,,,,,,,,,,,,,,,,,,,,,,,,,,,,,,,,,,,,,,,,,,,
Q43275,Q110063985,,,,,,,,,,,,,,,,,,,,,,,,,,,,,,,,,,,,,,,,,,,,,
Q43276,Q108715565,,,,,,,,,,,,,,,,,,,,,,,,,,,,,,,,,,,,,,,,,,,,,
Q43279,Q110063982,,,,,,,,,,,,,,,,,,,,,,,,,,,,,,,,,,,,,,,,,,,,,
Q43280,Q111534150,,,,,,,,,,,,,,,,,,,,,,,,,,,,,,,,,,,,,,,,,,,,,
Q43283,Q11439382,,,,,,,,,,,,,,,,,,,,,,,,,,,,,,,,,,,,,,,,,,,,,
Q43284,Q17300954,,,,,,,,,,,,,,,,,,,,,,,,,,,,,,,,,,,,,,,,,,,,,
Q43288,Q26964329,,,,,,,,,,,,,,,,,,,,,,,,,,,,,,,,,,,,,,,,,,,,,
Q43290,Q452041,,,,,,,,,,,,,,,,,,,,,,,,person/0a7d6ea7-90d3-461b-ac6c-5dc62132cd10,,,280455,,,,,,,,,,,,,,p21912.htm#i219113,John_II_of_Trebizond_(1),,,I00302827
Q43292,Q110136344,,,,,,,,,,,,,,,,,,,,,,,,,,,,,,,,,,,,,,,,,,,,,
Q43294,Q1240084,,,,,,,,,,,,,,,,,,,,,,,,,,,280453,,,,,,,,,,,,,,p21913.htm#i219123,Michael_of_Trebizond_(1),,,I00764362
Q43296,Q11463419,,,,,,,,,,,,,,,,,,,,,,,,,,,,,,,,,,,,,,,,,,,,小笠原-38,
Q43298,Q365710,,,,,,,,,,,,,,,,,,,,,,,,person/4c2ff59c-4e6d-4924-9e60-b900320b135f,,,350261,,,,,,,,,,,,,,p21912.htm#i219117,Alexios_II_of_Trebizond_(1),,,I00302829
Q43300,Q11161128,,,,,,,,,,,,,,,,,,,,,,,,,,,,,,,,,,,,,,,,,,,,,
Q43302,Q379723,,,,,,,,,,,,,,,,,,,,,,,,,,,279081,,,,,,,,,,,,,,p14555.htm#i145550,,,,
Q43304,Q134562818,,,,,,,,,,,,,,,,,,,,,,,,,,,,,,,,,,,,,,,,,,,,,
Q43306,Q558653,,,,,,,,,,,,,,,,,,,,,,,,,,,279490,,,,,,,,,,,,,,p14555.htm#i145549,,,,
Q43308,Q134564073,,,,,,,,,,,,,,,,,,,,,,,,,,,,,,,,,,,,,,,,,,,,,
Q43310,Q18340993,,,,,,,,,,,,,,,,,,,,,,,,,,,,,,,,,,,,,,,,,,,,,I00292982
Q43312,Q108143605,,,,,,,,,,,,,,,,,,,,,,,,,,,,,,,,,,,,,,,,,,,,,
Q43314,Q4759500,,,,,,,,,,,,,,,,,,,,,,,,,,,,,,,,,,,,,,,,,,,,,I00292985
Q43316,Q11651852,,,,,,,,,,,,,,,,,,,,,,,,,,,,,,,,,,,,,,,,,,,,,
Q43318,Q60809056,,,,,,,,,,,,,,,,,,,,,,,,,,,,,,,,,,,,,,,,,,,,,I00293014
Q43320,Q108908929,,,,,,,,,,,,,,,,,,,,,,,,,,,,,,,,,,,,,,,,,,,,,
Q43322,Q1698119,,,,,,,,,,,,,,,,,,,,,,,,,,,,,,,,,,,,,,,,,,,,,I00293015
Q43323,Q108909344,,,,,,,,,,,,,,,,,,,,,,,,,,,,,,,,,,,,,,,,,,,,,
Q43326,Q108758096,,,,,,,,,,,,,,,,,,,,,,,,,,,,,,,,,,,,,,,,,,,,,
Q43327,Q109896637,,,,,,,,,,,,,,,,,,,,,,,,,,,,,,,,,,,,,,,,,,,,,
Q43330,Q69753897,,,,,,,,,,,,,,,,,,,,,,,,,,,,,,,,,,,,,,,,,,,,,
Q43331,Q109894485,,,,,,,,,,,,,,,,,,,,,,,,,,,,,,,,,,,,,,,,,,,,,
Q43334,Q85847538,,,,,,,,,,,,,,,,,,,,,,,,,,,,,,,,,,,,,,,,,,,,,
Q43335,Q110086812,,,,,,,,,,,,,,,,,,,,,,,,,,,,,,,,,,,,,,,,,,,,,
Q43338,Q3263550,,,,,,,,,,,,,,,,,,,,,,,,,,,1267007,,,,,,,,,,,,,,,,,,
Q43339,Q11397719,,,,,,,,,,,,,,,,,,,,,,,,,,,,,,,,,,,,,,,,,,,,,
Q43342,Q134481382,,,,,,,,,,,,,,,,,,,,,,,,,,,,,,,,,,,,,,,,,,,,,
Q43343,Q11397695,,,,,,,,,,,,,,,,,,,,,,,,,,,,,,,,,,,,,,,,,,,,,
Q43346,Q335301,,,,,,,,,,,,,,,,,,,,,,,,,,,656551,,,,,,,,,,,,,,,,,,I00299611
Q43347,Q108884339,,,,,,,,,,,,,,,,,,,,,,,,,,,,,,,,,,,,,,,,,,,,,
Q43350,Q3038291,,,,,,,,,,,,,,,,,,,,,,,,,,,,,,,,,,,,,,,,,,,,,
Q43351,Q11642011,,,,,,,,,,,,,,,,,,,,,,,,,,,,,,,,,,,,,,,,,,,,,
Q43354,Q454124,,,,,,,,,,,,,,,,,,,,,,,,,,,,,,,,,,,,,,,,,,,,,
Q43355,Q110223686,,,,,,,,,,,,,,,,,,,,,,,,,,,,,,,,,,,,,,,,,,,,,
Q43358,Q667251,,,,,,,,,,,,,,,,,,,,,,,,,,,352887,,,,,,,,,,,,,,p21915.htm#i219142,Demetrius_II_of_Georgia_(1),,,I00299741
Q43359,Q110157548,,,,,,,,,,,,,,,,,,,,,,,,,,,,,,,,,,,,,,,,,,,,,
Q43362,Q56735319,,,,,,,,,,,,,,,,,,,,,,,,,,,,,,,,,,,,,,,,,p21915.htm#i219141,,,,I00302852
Q43363,Q11433248,,,,,,,,,,,,,,,,,,,,,,,,,,,,,,,,,,,,,,,,,,,,,
Q43366,Q887056,,,,,,,,,,,,,,,,,,,,,,,,,,,,,,,,,,,,,,,,,,Vakhtang_III_of_Georgia_(1),,,I00763633
Q43367,Q109299783,,,,,,,,,,,,,,,,,,,,,,,,,,,,,,,,,,,,,,,,,,,,,
Q43370,Q714844,,,,,,,,,,,,,,,,,,,,,,,,,,,352886,,,,,,,,,,,,,,,George_V_of_Georgia_(1),,,I00302836
Q43371,Q11516837,,,,,,,,,,,,,,,,,,,,,,,,,,,,,,,,,,,,,,,,,,,,,
Q43374,Q79406313,,,,,,,,,,,,,,,,,,,,,,,,,,,,,,,,,,,,,,,,,,,,,
Q43375,Q11603058,,,,,,,,,,,,,,,,,,,,,,,,,,,,,,,,,,,,,,,,,,,,,
Q43378,Q888692,,,,,,,,,,,,,,,,,,,,,,,,,,,585737,,,,,,,,,,,,,,,George_VI_of_Georgia_(1),,,
Q43379,Q11603053,,,,,,,,,,,,,,,,,,,,,,,,,,,,,,,,,,,,,,,,,,,,,
Q43382,Q770827,,,,,,,,,,209309725,,,,,,,,,,,,,,,,,585731,,,,,,,,,,,,,,,David_VI_of_Georgia_(1),,,I00299619
Q43383,Q119380466,,,,,,,,,,,,,,,,,,,,,,,,,,,,,,,,,,,,,,,,,,,,,
Q43386,Q2102643,,,,,,,,,,,,,,,,,,,,,,,,,,,1123326,,,,,,,,,,,,,,,,,,I00332919
Q43387,Q3676182,,,,,,,,,,,,,,,,,,,,,,,,,,,,,,,,,,,,,,,,,,,,,
Q43390,Q2461780,,,,,,,,,,,,,,,,,,,,,,,,,,,1143856|1302673,,,,,,,,,,,,,,,Constantine_I_of_Imereti_(1),,,
Q43391,Q11365662,,,,,,,,,,,,,,,,,,,,,,,,,,,,,,,,,,,,,,,,,,,,,
Q43394,Q108759656,,,,,,,,,,,,,,,,,,,,,,,,,,,,,,,,,,,,,,,,,,,,,
Q43395,Q9605578,,,,,,,,,,,,,,,,,,,,,,,,,,,,,,,,,,,,,,,,,,,,,
Q43398,Q2631314,,,,,,,,,,,,,,,,,,,,,,,,,,,,,,,,,,,,,,,,,,,,,
Q43399,Q108810945,,,,,,,,,,,,,,,,,,,,,,,,,,,,,,,,,,,,,,,,,,,,,
Q43402,Q96241075,,,,,,,,,,,,,,,,,,,,,,,,,,,1426984,,p=marija;n=timouride;oc=2,,,dw.1978,,,,,,,,,,,,,I00152136
Q43403,Q108810975,,,,,,,,,,,,,,,,,,,,,,,,,,,,,,,,,,,,,,,,,,,,,
Q43406,Q45476865,,,,,,,,,,,,,,,,,,,,,,,,,,,,,,,,,,,,,,,,,,,,,
Q43407,Q108810990,,,,,,,,,,,,,,,,,,,,,,,,,,,,,,,,,,,,,,,,,,,,,
Q43410,Q45500777,,,,,,,,,,,,,,,,,,,,,,,,,,,,,,,,,,,,,,,,,,,,,
Q43411,Q108871831,,,,,,,,,,,,,,,,,,,,,,,,,,,,,,,,,,,,,,,,,,,,,
Q43414,Q11092042,,,,,,,,,,,,,,,,,,,,,,,,,,,,,,,,,,,,,,,,,,,,,
Q43415,Q11365569,,,,,,,,,,,,,,,,,,,,,,,,,,,,,,,,,,,,,,,,,,,,,
Q43418,Q7500,,,,,,,,,,,,,,,,,,,,,,,,,,,845510,,,,,,,,,,,,,,,,,,
Q43419,Q108145706,,,,,,,,,,,,,,,,,,,,,,,,,,,,,,,,,,,,,,,,,,,,,
Q43422,Q3875014,,,,,,,,,,,,,,,,,,,,,,,,,,,1167476,,,,,,,,,,,,,,,,,,
Q43423,Q108871792,,,,,,,,,,,,,,,,,,,,,,,,,,,,,,,,,,,,,,,,,,,,,
Q43426,Q3388074,,,,,,,,,,,,,,,,,,,,,,,,,,,,,,,,,,,,,,,,,,,,,
Q43427,Q126006468,,,,,,,,,,,,,,,,,,,,,,,,,,,,,,,,,,,,,,,,,,,,,
Q43430,Q491079,,,,,,,,,,,,,,,,,,,,,,,,,,,844140,,,,,,,,,,,,,,,,,,
Q43431,Q131552296,,,,,,,,,,,,,,,,,,,,,,,,,,,,,,,,,,,,,,,,,,,,,
Q43434,Q7158063,,,,,,,,,,,,,,,,,,,,,,,,,,,,,,,,,,,,,,,,,,,,,
Q43435,Q8515950,,,,,,,,,,,,,,,,,,,,,,,,,,,,,,,,,,,,,,,,,,,,,
Q43438,Q8916,,,,,,,,,,,,,,,,,,,,,,,,,,,,,,,,,,,,,,,,,,,,,I00374629
Q43439,Q118697794,,,,,,,,,,,,,,,,,,,,,,,,,,,,,,,,,,,,,,,,,,,,,
Q43442,Q8937,,,,,,,,,,,,,,,,,,,,,,,,,,,489671,,,,,,,,,,,,,,,,,,I00374630
Q43443,Q111191191,,,,,,,,,,,,,,,,,,,,,,,,,,,,,,,,,,,,,,,,,,,,,
Q43446,Q45665329,,,,,,,,,,,,,,,,,,,,,,,,,,,,,,,,,,,,,,,,,,,,,
Q43447,Q111191246,,,,,,,,,,,,,,,,,,,,,,,,,,,,,,,,,,,,,,,,,,,,,
Q43450,Q63135090,,,,,,,,,,,,,,,,,,,,,,,,,,,,,,,,,,,,,,,,,,,,,
Q43451,Q11460864,,,,,,,,,,,,,,,,,,,,,,,,,,,,,,,,,,,,,,,,,,,,,
Q43454,Q163510,,,,,,,,,,,,,,,,,,,,,,,,,,,,,,,,,,,,,,,,,,,,,
Q43455,Q109089714,,,,,,,,,,,,,,,,,,,,,,,,,,,,,,,,,,,,,,,,,,,,,
Q43458,Q1503137,,,,,,,,,,,,,,,,,,,,,,,,,,,,,,,,,,,,,,,,,,,,,
Q43459,Q17193540,,,,,,,,,,,,,,,,,,,,,,,,,,,,,,,,,,,,,,,,,,,,,
Q43462,Q106798487,,,,,,,,,,,,,,,,,,,,,,,,,,,,,,,,,,,,,,,,,,,,,
Q43463,Q108909494,,,,,,,,,,,,,,,,,,,,,,,,,,,,,,,,,,,,,,,,,,,,,
Q43466,Q106797482,,,,,,,,,,,,,,,,,,,,,,,,,,,,,,,,,,,,,,,,,,,,,
Q43467,Q108129818,,,,,,,,,,,,,,,,,,,,,,,,,,,,,,,,,,,,,,,,,,,,,
Q43470,Q1747444,,,,,,,,,,,,,,,,,,,,,,,,,,,,,,,,,,,,,,,,,,,,,
Q43471,Q955727,,,,,,,,,,,,,,,,,,,,,,,,,,,26962,,,,,,,,,,,,,,,,,島津-40,
Q43474,Q106798113,,,,,,,,,,,,,,,,,,,,,,,,,,,,,,,,,,,,,,,,,,,,,
Q43475,Q11246407,,,,,,,,,,,,,,,,,,,,,,,,,,,,,,,,,,,,,,,,,,,,,
Q43478,Q17062423,,,,,,,,,,,,,,,,,,,,,,,,,,,,,,,,,,,,,,,,,,,,,
Q43479,Q118697834,,,,,,,,,,,,,,,,,,,,,,,,,,,,,,,,,,,,,,,,,,,,,
Q43482,Q16603392,,,,,,,,,,,,,,,,,,,,,,,,,,,,,,,,,,,,,,,,,,,,,
Q43483,Q110090420,,,,,,,,,,,,,,,,,,,,,,,,,,,,,,,,,,,,,,,,,,,,,
Q43486,Q16603574,,,,,,,,,,,,,,,,,,,,,,,,,,,,,,,,,,,,,,,,,,,,,
Q43487,Q109316621,,,,,,,,,,,,,,,,,,,,,,,,,,,,,,,,,,,,,,,,,,,,,
Q43490,Q705695,,,,,,,,,,,,,,,,,,,,,,,,,,,,,,,,,,,,,,,,,,,,,
Q43491,Q115587267,,,,,,,,,,,,,,,,,,,,,,,,,,,,,,,,,,,,,,,,,,,,,
Q43494,Q4466809,,,,,,,,,,,,,,,,,,,,,,,,,,,,,,,,,,,,,,,,,,,,,
Q43495,Q108964188,,,,,,,,,,,,,,,,,,,,,,,,,,,,,,,,,,,,,,,,,,,,,
Q43498,Q10743264,,,,,,,,,,,,,,,,,,,,,,,,,,,,,,,,,,,,,,,,,,,,,
Q43499,Q108964553,,,,,,,,,,,,,,,,,,,,,,,,,,,,,,,,,,,,,,,,,,,,,
Q43502,Q711408,,,,,,,,,,,,,,,,,,,,,,,,,,,,,,,,,,,,,,,,,,,,,
Q43503,Q11395365,,,,,,,,,,,,,,,,,,,,,,,,,,,,,,,,,,,,,,,,,,,,,
Q43506,Q10733361,,,,,,,,,,,,,,,,,,,,,,,,,,,,,,,,,,,,,,,,,,,,,
Q43507,Q11459872,,,,,,,,,,,,,,,,,,,,,,,,,,,,,,,,,,,,,,,,,,,,,
Q43510,Q712473,,,,,,,,,,,,,,,,,,,,,,,,,,,,,,,,,,,,,,,,,,,,,
Q43511,Q123406292,,,,,,,,,,,,,,,,,,,,,,,,,,,,,,,,,,,,,,,,,,,,,
Q43514,Q10829358,,,,,,,,,,,,,,,,,,,,,,,,,,,,,,,,,,,,,,,,,,,,,
Q43515,Q110952046,,,,,,,,,,,,,,,,,,,,,,,,,,,,,,,,,,,,,,,,,,,,,
Q43518,Q24957763,,,,,,,,,,,,,,,,,,,,,,,,,,,,,,,,,,,,,,,,,,,,,
Q43519,Q11635690,,,,,,,,,,,,,,,,,,,,,,,,,,,,,,,,,,,,,,,,,,,,,
Q43522,Q24957939,,,,,,,,,,,,,,,,,,,,,,,,,,,,,,,,,,,,,,,,,,,,,
Q43523,Q11635685,,,,,,,,,,,,,,,,,,,,,,,,,,,,,,,,,,,,,,,,,,,,,
Q43526,Q10830113,,,,,,,,,,,,,,,,,,,,,,,,,,,,,,,,,,,,,,,,,,,,,
Q43527,Q109796594,,,,,,,,,,,,,,,,,,,,,,,,,,,,,,,,,,,,,,,,,,,,,
Q43530,Q1155303,,,,,,,,,,,,,,,,,,,,,,,,,,,,,,,,,,,,,,,,,,,,,
Q43531,Q11400611,,,,,,,,,,,,,,,,,,,,,,,,,,,,,,,,,,,,,,,,,,,,,
Q43534,Q711441,,,,,,,,,,,,,,,,,,,,,,,,,,,,,,,,,,,,,,,,,,,,,
Q43535,Q96715124,,,,,,,,,,,,,,,,,,,,,,,,,,,,,,,,,,,,,,,,,,,,,
Q43538,Q10829452,,,,,,,,,,,,,,,,,,,,,,,,,,,,,,,,,,,,,,,,,,,,,
Q43539,Q12594615,,,,,,,,,,,,,,,,,,,,,,,,,,,,,,,,,,,,,,,,,,,,,
Q43542,Q45455194,,,,,,,,,,,,,,,,,,,,,,,,,,,,,,,,,,,,,,,,,,,,,
Q43543,Q12594619,,,,,,,,,,,,,,,,,,,,,,,,,,,,,,,,,,,,,,,,,,,,,
Q43546,Q48769489,,,,,,,,,,,,,,,,,,,,,,,,,,,,,,,,,,,,,,,,,,,,,
Q43547,Q106702968,,,,,,,,,,,,,,,,,,,,,,,,,,,,,,,,,,,,,,,,,,,,,
Q43550,Q41410465,,,,,,,,,,,,,,,,,,,,,,,,,,,,,,,,,,,,,,,,,,,,,
Q43551,Q110008280,,,,,,,,,,,,,,,,,,,,,,,,,,,,,,,,,,,,,,,,,,,,,
Q43554,Q703102,,,,,,,,,,,,,,,,,,,,,,,,,,,,,,,,,,,,,,,,,,,,,
Q43555,Q108072862,,,,,,,,,,,,,,,,,,,,,,,,,,,,,,,,,,,,,,,,,,,,,
Q43558,Q7833315,,,,,,,,,,,,,,,,,,,,,,,,,,,,,,,,,,,,,,,,,,,,,
Q43559,Q848522,,,,,,,,,,,,,,,,,,,,,,,,,,,,,,,,,,,,,,,,,,,,,
Q43562,Q107630782,,,,,,,,,,,,,,,,,,,,,,,,,,,,,,,,,,,,,,,,,,,,,
Q43563,Q11394439,,,,,,,,,,,,,,,,,,,,,,,,,,,,,,,,,,,,,,,,,,,,,
Q43566,Q18119420,,,,,,,,,,,,,,,,,,,,,,,,,,,,,,,,,,,,,,,,,,,,,
Q43567,Q24887288,,,,,,,,,,,,,,,,,,,,,,,,,,,,,,,,,,,,,,,,,,,,,
Q43570,Q45565909,,,,,,,,,,,,,,,,,,,,,,,,,,,,,,,,,,,,,,,,,,,,,
Q43571,Q7449906,,,,,,,,,,,,,,,,,,,,,,,,,,,,,,,,,,,,,,,,,,,,,
Q43574,Q18110403,,,,,,,,,,,,,,,,,,,,,,,,,,,,,,,,,,,,,,,,,,,,,
Q43575,Q109780690,,,,,,,,,,,,,,,,,,,,,,,,,,,,,,,,,,,,,,,,,,,,,
Q43578,Q45651664,,,,,,,,,,,,,,,,,,,,,,,,,,,,,,,,,,,,,,,,,,,,,
Q43579,Q109780733,,,,,,,,,,,,,,,,,,,,,,,,,,,,,,,,,,,,,,,,,,,,,
Q43582,Q19653981,,,,,,,,,,,,,,,,,,,,,,,,,,,,,,,,,,,,,,,,,,,,,
Q43583,Q108896379,,,,,,,,,,,,,,,,,,,,,,,,,,,,,,,,,,,,,,,,,,,,,
Q43586,Q67881565,,,,,,,,,,,,,,,,,,,,,,,,,,,,,,,,,,,,,,,,,,,,,
Q43587,Q118697909,,,,,,,,,,,,,,,,,,,,,,,,,,,,,,,,,,,,,,,,,,,,,
Q43591,Q119380332,,,,,,,,,,,,,,,,,,,,,,,,,,,,,,,,,,,,,,,,,,,,,
Q43595,Q109781213,,,,,,,,,,,,,,,,,,,,,,,,,,,,,,,,,,,,,,,,,,,,,
Q43603,Q110145785,,,,,,,,,,,,,,,,,,,,,,,,,,,,,,,,,,,,,,,,,,,,,
Q43607,Q110146057,,,,,,,,,,,,,,,,,,,,,,,,,,,,,,,,,,,,,,,,,,,,,
Q43611,Q110146079,,,,,,,,,,,,,,,,,,,,,,,,,,,,,,,,,,,,,,,,,,,,,
Q43615,Q110306442,,,,,,,,,,,,,,,,,,,,,,,,,,,,,,,,,,,,,,,,,,,,,
Q43619,Q113207766,,,,,,,,,,,,,,,,,,,,,,,,,,,,,,,,,,,,,,,,,,,,,
Q43622,Q993988,,,,,,,,,,,,,,,,,,,,,,,,,,,,,,,,,,,,,,,,,,,,,
Q43623,Q108851409,,,,,,,,,,,,,,,,,,,,,,,,,,,,,,,,,,,,,,,,,,,,,
Q43659,Q111168010,,,,,,,,,,,,,,,,,,,,,,,,,,,,,,,,,,,,,,,,,,,,,
Q43663,Q111168198,,,,,,,,,,,,,,,,,,,,,,,,,,,,,,,,,,,,,,,,,,,,,
Q43667,Q111168218,,,,,,,,,,,,,,,,,,,,,,,,,,,,,,,,,,,,,,,,,,,,,
Q43671,Q109937651,,,,,,,,,,,,,,,,,,,,,,,,,,,,,,,,,,,,,,,,,,,,,
Q43675,Q109939927,,,,,,,,,,,,,,,,,,,,,,,,,,,,,,,,,,,,,,,,,,,,,
Q43679,Q38277718,,,,,,,,,,,,,,,,,,,,,,,,,,,,,,,,,,,,,,,,,,,,,
Q43683,Q11608365,,,,,,,,,,,,,,,,,,,,,,,,,,,,,,,,,,,,,,,,,,,,,
Q43687,Q22129405,,,,,,,,,,,,,,,,,,,,,,,,,,,,,,,,,,,,,,,,,,,,,
Q43691,Q105711513,,,,,,,,,,,,,,,,,,,,,,,,,,,,,,,,,,,,,,,,,,,,,
Q43695,Q108747602,,,,,,,,,,,,,,,,,,,,,,,,,,,,,,,,,,,,,,,,,,,,,
Q43699,Q11366171,,,,,,,,,,,,,,,,,,,,,,,,,,,,,,,,,,,,,,,,,,,,,
Q43703,Q11371887,,,,,,,,,,,,,,,,,,,,,,,,,,,,,,,,,,,,,,,,,,,,,
Q43708,Q11498579,,,,,,,,,,,,,,,,,,,,,,,,,,,,,,,,,,,,,,,,,,,,,
Q43712,Q110469919,,,,,,,,,,,,,,,,,,,,,,,,,,,,,,,,,,,,,,,,,,,,,
Q43716,Q111168089,,,,,,,,,,,,,,,,,,,,,,,,,,,,,,,,,,,,,,,,,,,,,
Q43720,Q113164150,,,,,,,,,,,,,,,,,,,,,,,,,,,,,,,,,,,,,,,,,,,,,
Q43724,Q109315702,,,,,,,,,,,,,,,,,,,,,,,,,,,,,,,,,,,,,,,,,,,,,
Q43739,Q11544730,,,,,,,,,,,,,,,,,,,,,,,,,,,,,,,,,,,,,,,,,,,,,I00523108
Q43740,Q109852939,,,,,,,,,,,,,,,,,,,,,,,,,,,,,,,,,,,,,,,,,,,,,
Q43743,Q15701983,,,,,,,,,,,,,,,,,,,,,,,,,,,,,,,,,,,,,,,,,,,,,
Q43744,Q110057400,,,,,,,,,,,,,,,,,,,,,,,,,,,,,,,,,,,,,,,,,,,,,
Q43747,Q109778738,,,,,,,,,,,,,,,,,,,,,,,,,,,,,,,,,,,,,,,,,,,,,
Q43748,Q110057239,,,,,,,,,,,,,,,,,,,,,,,,,,,,,,,,,,,,,,,,,,,,,
Q43751,Q110598505,,,,,,,,,,,,,,,,,,,,,,,,,,,,,,,,,,,,,,,,,,,,,
Q43752,Q109196162,,,,,,,,,,,,,,,,,,,,,,,,,,,,,,,,,,,,,,,,,,,,,
Q43755,Q15929472,,,,,,,,,,,,,,,,,,,,,,,,,,,,,,,,,,,,,,,,,,,,,
Q43756,Q109830384,,,,,,,,,,,,,,,,,,,,,,,,,,,,,,,,,,,,,,,,,,,,,
Q43759,Q110610036,,,,,,,,,,,,,,,,,,,,,,,,,,,,,,,,,,,,,,,,,,,,,
Q43760,Q109789211,,,,,,,,,,,,,,,,,,,,,,,,,,,,,,,,,,,,,,,,,,,,,
Q43763,Q110611381,,,,,,,,,,,,,,,,,,,,,,,,,,,,,,,,,,,,,,,,,,,,,
Q43764,Q109836181,,,,,,,,,,,,,,,,,,,,,,,,,,,,,,,,,,,,,,,,,,,,,
Q43767,Q110611681,,,,,,,,,,,,,,,,,,,,,,,,,,,,,,,,,,,,,,,,,,,,,
Q43768,Q109836199,,,,,,,,,,,,,,,,,,,,,,,,,,,,,,,,,,,,,,,,,,,,,
Q43772,Q110306632,,,,,,,,,,,,,,,,,,,,,,,,,,,,,,,,,,,,,,,,,,,,,
Q43776,Q110309098,,,,,,,,,,,,,,,,,,,,,,,,,,,,,,,,,,,,,,,,,,,,,
Q43780,Q110955555,,,,,,,,,,,,,,,,,,,,,,,,,,,,,,,,,,,,,,,,,,,,,
Q43784,Q109817115,,,,,,,,,,,,,,,,,,,,,,,,,,,,,,,,,,,,,,,,,,,,,
Q43788,Q109806683,,,,,,,,,,,,,,,,,,,,,,,,,,,,,,,,,,,,,,,,,,,,,
Q43792,Q109817851,,,,,,,,,,,,,,,,,,,,,,,,,,,,,,,,,,,,,,,,,,,,,
Q43800,Q109321569,,,,,,,,,,,,,,,,,,,,,,,,,,,,,,,,,,,,,,,,,,,,,
Q43804,Q111172529,,,,,,,,,,,,,,,,,,,,,,,,,,,,,,,,,,,,,,,,,,,,,
Q43808,Q111173320,,,,,,,,,,,,,,,,,,,,,,,,,,,,,,,,,,,,,,,,,,,,,
Q43848,Q109338591,,,,,,,,,,,,,,,,,,,,,,,,,,,,,,,,,,,,,,,,,,,,,
Q43852,Q110307376,,,,,,,,,,,,,,,,,,,,,,,,,,,,,,,,,,,,,,,,,,,,,
Q43856,Q109836151,,,,,,,,,,,,,,,,,,,,,,,,,,,,,,,,,,,,,,,,,,,,,
Q43860,Q110166987,,,,,,,,,,,,,,,,,,,,,,,,,,,,,,,,,,,,,,,,,,,,,
Q43864,Q110167125,,,,,,,,,,,,,,,,,,,,,,,,,,,,,,,,,,,,,,,,,,,,,
Q43868,Q11545661,,,,,,,,,,,,,,,,,,,,,,,,,,,,,,,,,,,,,,,,,,,,,
Q43872,Q11545665,,,,,,,,,,,,,,,,,,,,,,,,,,,,,,,,,,,,,,,,,,,,正親町三条-12,
Q43880,Q109983986,,,,,,,,,,,,,,,,,,,,,,,,,,,,,,,,,,,,,,,,,,,,,
Q43915,Q135368568,,,,,,,,,,,,,,,,,,,,,,,,,,,,,,,,,,,,,,,,,,,,,
Q44158,Q110068347,,,,,,,,,,,,,,,,,,,,,,,,,,,,,,,,,,,,,,,,,,,,,
Q44174,Q115586589,,,,,,,,,,,,,,,,,,,,,,,,,,,,,,,,,,,,,,,,,,,,,
Q44178,Q108824084,,,,,,,,,,,,,,,,,,,,,,,,,,,,,,,,,,,,,,,,,,,,,
Q44182,Q108824199,,,,,,,,,,,,,,,,,,,,,,,,,,,,,,,,,,,,,,,,,,,,,
Q44186,Q10514891,,,,,,,,,,,,,,,,,,,,,,,,,,,,,,,,,,,,,,,,,,,,,
Q44190,Q8514768,,,,,,,,,,,,,,,,,,,,,,,,,,,,,,,,,,,,,,,,,,,,,
Q44194,Q10516980,,,,,,,,,,,,,,,,,,,,,,,,,,,,,,,,,,,,,,,,,,,,,
Q44198,Q115586717,,,,,,,,,,,,,,,,,,,,,,,,,,,,,,,,,,,,,,,,,,,,,
Q44202,Q115586715,,,,,,,,,,,,,,,,,,,,,,,,,,,,,,,,,,,,,,,,,,,,,
Q44206,Q115586708,,,,,,,,,,,,,,,,,,,,,,,,,,,,,,,,,,,,,,,,,,,,,
Q44210,Q115586566,,,,,,,,,,,,,,,,,,,,,,,,,,,,,,,,,,,,,,,,,,,,,
Q44214,Q110143260,,,,,,,,,,,,,,,,,,,,,,,,,,,,,,,,,,,,,,,,,,,,,
Q44218,Q110973943,,,,,,,,,,,,,,,,,,,,,,,,,,,,,,,,,,,,,,,,,,,,,
Q44223,Q110973949,,,,,,,,,,,,,,,,,,,,,,,,,,,,,,,,,,,,,,,,,,,,,
Q44227,Q110967506,,,,,,,,,,,,,,,,,,,,,,,,,,,,,,,,,,,,,,,,,,,,,
Q44231,Q109195336,,,,,,,,,,,,,,,,,,,,,,,,,,,,,,,,,,,,,,,,,,,,,
Q44235,Q109195486,,,,,,,,,,,,,,,,,,,,,,,,,,,,,,,,,,,,,,,,,,,,,
Q44239,Q109195626,,,,,,,,,,,,,,,,,,,,,,,,,,,,,,,,,,,,,,,,,,,,,
Q44243,Q109796664,,,,,,,,,,,,,,,,,,,,,,,,,,,,,,,,,,,,,,,,,,,,,
Q44247,Q109796694,,,,,,,,,,,,,,,,,,,,,,,,,,,,,,,,,,,,,,,,,,,,,
Q44251,Q109318687,,,,,,,,,,,,,,,,,,,,,,,,,,,,,,,,,,,,,,,,,,,,,
Q44255,Q110687745,,,,,,,,,,,,,,,,,,,,,,,,,,,,,,,,,,,,,,,,,,,,,
Q44271,Q110251565,,,,,,,,,,,,,,,,,,,,,,,,,,,,,,,,,,,,,,,,,,,,,
Q44275,Q110251574,,,,,,,,,,,,,,,,,,,,,,,,,,,,,,,,,,,,,,,,,,,,,
Q44279,Q110251631,,,,,,,,,,,,,,,,,,,,,,,,,,,,,,,,,,,,,,,,,,,,,
Q44283,Q8081576,,,,,,,,,,,,,,,,,,,,,,,,,,,,,,,,,,,,,,,,,,,,,
Q44327,Q10863157,,,,,,,,,,,,,,,,,,,,,,,,,,,,,,,,,,,,,,,,,,,,,
Q44331,Q110079436,,,,,,,,,,,,,,,,,,,,,,,,,,,,,,,,,,,,,,,,,,,,,
Q44335,Q10863164,,,,,,,,,,,,,,,,,,,,,,,,,,,,,,,,,,,,,,,,,,,,,
Q44339,Q110660187,,,,,,,,,,,,,,,,,,,,,,,,,,,,,,,,,,,,,,,,,,,,,
Q44343,Q110663142,,,,,,,,,,,,,,,,,,,,,,,,,,,,,,,,,,,,,,,,,,,,,
Q44346,Q109866969,,,,,,,,,,,,,,,,,,,,,,,,,,,,,,,,,,,,,,,,,,,,,
Q44350,Q111167988,,,,,,,,,,,,,,,,,,,,,,,,,,,,,,,,,,,,,,,,,,,,,
Q44354,Q110135994,,,,,,,,,,,,,,,,,,,,,,,,,,,,,,,,,,,,,,,,,,,,,
Q44358,Q110146135,,,,,,,,,,,,,,,,,,,,,,,,,,,,,,,,,,,,,,,,,,,,,
Q44392,Q118747906,,,,,,,,,,,,,,,,,,,,,,,,,,,,,,,,,,,,,,,,,,,,,
Q44400,Q27811346,,,,,,,,,,,,,,,,,,,,,,,,,,,,,,,,,,,,,,,,,,,,,
Q44404,Q45534560,,,,,,,,,,,,,,,,,,,,,,,,,,,,,,,,,,,,,,,,,,,,,
Q44408,Q45534628,,,,,,,,,,,,,,,,,,,,,,,,,,,,,,,,,,,,,,,,,,,,,
Q44412,Q45615358,,,,,,,,,,,,,,,,,,,,,,,,,,,,,,,,,,,,,,,,,,,,,
Q44416,Q45699589,,,,,,,,,,,,,,,,,,,,,,,,,,,,,,,,,,,,,,,,,,,,,
Q44420,Q45700434,,,,,,,,,,,,,,,,,,,,,,,,,,,,,,,,,,,,,,,,,,,,,
Q44424,Q45700460,,,,,,,,,,,,,,,,,,,,,,,,,,,,,,,,,,,,,,,,,,,,,
Q44428,Q45700685,,,,,,,,,,,,,,,,,,,,,,,,,,,,,,,,,,,,,,,,,,,,,
Q44432,Q45699789,,,,,,,,,,,,,,,,,,,,,,,,,,,,,,,,,,,,,,,,,,,,,
Q44436,Q11066368,,,,,,,,,,,,,,,,,,,,,,,,,,,,,,,,,,,,,,,,,,,,,
Q44440,Q45438846,,,,,,,,,,,,,,,,,,,,,,,,,,,,,,,,,,,,,,,,,,,,,
Q44444,Q45439130,,,,,,,,,,,,,,,,,,,,,,,,,,,,,,,,,,,,,,,,,,,,,
Q44448,Q45700909,,,,,,,,,,,,,,,,,,,,,,,,,,,,,,,,,,,,,,,,,,,,,
Q44452,Q709576,,,,,,,,,,,,,,,,,,,,,,,,,,,,,,,,,,,,,,,,,,,,,
Q44456,Q45692853,,,,,,,,,,,,,,,,,,,,,,,,,,,,,,,,,,,,,,,,,,,,,
Q44460,Q10336135,,,,,,,,,,,,,,,,,,,,,,,,,,,,,,,,,,,,,,,,,,,,,
Q44464,Q45696145,,,,,,,,,,,,,,,,,,,,,,,,,,,,,,,,,,,,,,,,,,,,,
Q44468,Q45697225,,,,,,,,,,,,,,,,,,,,,,,,,,,,,,,,,,,,,,,,,,,,,
Q44472,Q45699209,,,,,,,,,,,,,,,,,,,,,,,,,,,,,,,,,,,,,,,,,,,,,
Q44476,Q45699261,,,,,,,,,,,,,,,,,,,,,,,,,,,,,,,,,,,,,,,,,,,,,
Q44480,Q22813510,,,,,,,,,,,,,,,,,,,,,,,,,,,,,,,,,,,,,,,,,,,,,
Q44484,Q45447452,,,,,,,,,,,,,,,,,,,,,,,,,,,,,,,,,,,,,,,,,,,,,
Q44488,Q45447516,,,,,,,,,,,,,,,,,,,,,,,,,,,,,,,,,,,,,,,,,,,,,
Q44492,Q45443928,,,,,,,,,,,,,,,,,,,,,,,,,,,,,,,,,,,,,,,,,,,,,
Q44496,Q45446575,,,,,,,,,,,,,,,,,,,,,,,,,,,,,,,,,,,,,,,,,,,,,
Q44500,Q45421092,,,,,,,,,,,,,,,,,,,,,,,,,,,,,,,,,,,,,,,,,,,,,
Q44504,Q45421098,,,,,,,,,,,,,,,,,,,,,,,,,,,,,,,,,,,,,,,,,,,,,
Q44508,Q45439999,,,,,,,,,,,,,,,,,,,,,,,,,,,,,,,,,,,,,,,,,,,,,
Q44512,Q45440500,,,,,,,,,,,,,,,,,,,,,,,,,,,,,,,,,,,,,,,,,,,,,
Q44516,Q11118495,,,,,,,,,,,,,,,,,,,,,,,,,,,,,,,,,,,,,,,,,,,,,
Q44520,Q10565859,,,,,,,,,,,,,,,,,,,,,,,,,,,,,,,,,,,,,,,,,,,,,
Q44524,Q16904082,,,,,,,,,,,,,,,,,,,,,,,,,,,,,,,,,,,,,,,,,,,,,
Q44528,Q10350503,,,,,,,,,,,,,,,,,,,,,,,,,,,,,,,,,,,,,,,,,,,,,
Q44532,Q17023839,,,,,,,,,,,,,,,,,,,,,,,,,,,,,,,,,,,,,,,,,,,,,
Q44536,Q45452541,,,,,,,,,,,,,,,,,,,,,,,,,,,,,,,,,,,,,,,,,,,,,
Q44540,Q45452732,,,,,,,,,,,,,,,,,,,,,,,,,,,,,,,,,,,,,,,,,,,,,
Q44544,Q45453939,,,,,,,,,,,,,,,,,,,,,,,,,,,,,,,,,,,,,,,,,,,,,
Q44548,Q45454842,,,,,,,,,,,,,,,,,,,,,,,,,,,,,,,,,,,,,,,,,,,,,
Q44552,Q45455482,,,,,,,,,,,,,,,,,,,,,,,,,,,,,,,,,,,,,,,,,,,,,
Q44556,Q45458272,,,,,,,,,,,,,,,,,,,,,,,,,,,,,,,,,,,,,,,,,,,,,
Q44560,Q45458525,,,,,,,,,,,,,,,,,,,,,,,,,,,,,,,,,,,,,,,,,,,,,
Q44564,Q45459222,,,,,,,,,,,,,,,,,,,,,,,,,,,,,,,,,,,,,,,,,,,,,
Q44569,Q45459476,,,,,,,,,,,,,,,,,,,,,,,,,,,,,,,,,,,,,,,,,,,,,
Q44572,Q45459734,,,,,,,,,,,,,,,,,,,,,,,,,,,,,,,,,,,,,,,,,,,,,
Q44576,Q45459794,,,,,,,,,,,,,,,,,,,,,,,,,,,,,,,,,,,,,,,,,,,,,
Q44580,Q45460673,,,,,,,,,,,,,,,,,,,,,,,,,,,,,,,,,,,,,,,,,,,,,
Q44584,Q45461934,,,,,,,,,,,,,,,,,,,,,,,,,,,,,,,,,,,,,,,,,,,,,
Q44588,Q45462378,,,,,,,,,,,,,,,,,,,,,,,,,,,,,,,,,,,,,,,,,,,,,
Q44593,Q45462644,,,,,,,,,,,,,,,,,,,,,,,,,,,,,,,,,,,,,,,,,,,,,
Q44597,Q45463333,,,,,,,,,,,,,,,,,,,,,,,,,,,,,,,,,,,,,,,,,,,,,
Q44601,Q45466635,,,,,,,,,,,,,,,,,,,,,,,,,,,,,,,,,,,,,,,,,,,,,
Q44605,Q45602993,,,,,,,,,,,,,,,,,,,,,,,,,,,,,,,,,,,,,,,,,,,,,
Q44609,Q45469057,,,,,,,,,,,,,,,,,,,,,,,,,,,,,,,,,,,,,,,,,,,,,
Q44613,Q45469312,,,,,,,,,,,,,,,,,,,,,,,,,,,,,,,,,,,,,,,,,,,,,
Q44617,Q45469376,,,,,,,,,,,,,,,,,,,,,,,,,,,,,,,,,,,,,,,,,,,,,
Q44621,Q45467584,,,,,,,,,,,,,,,,,,,,,,,,,,,,,,,,,,,,,,,,,,,,,
Q44625,Q45467773,,,,,,,,,,,,,,,,,,,,,,,,,,,,,,,,,,,,,,,,,,,,,
Q44629,Q45467963,,,,,,,,,,,,,,,,,,,,,,,,,,,,,,,,,,,,,,,,,,,,,
Q44633,Q45468284,,,,,,,,,,,,,,,,,,,,,,,,,,,,,,,,,,,,,,,,,,,,,
Q44637,Q45468799,,,,,,,,,,,,,,,,,,,,,,,,,,,,,,,,,,,,,,,,,,,,,
Q44641,Q45496023,,,,,,,,,,,,,,,,,,,,,,,,,,,,,,,,,,,,,,,,,,,,,
Q44645,Q45469632,,,,,,,,,,,,,,,,,,,,,,,,,,,,,,,,,,,,,,,,,,,,,
Q44649,Q45469824,,,,,,,,,,,,,,,,,,,,,,,,,,,,,,,,,,,,,,,,,,,,,
Q44653,Q45470080,,,,,,,,,,,,,,,,,,,,,,,,,,,,,,,,,,,,,,,,,,,,,
Q44657,Q45470143,,,,,,,,,,,,,,,,,,,,,,,,,,,,,,,,,,,,,,,,,,,,,
Q44661,Q45470396,,,,,,,,,,,,,,,,,,,,,,,,,,,,,,,,,,,,,,,,,,,,,
Q44665,Q45699918,,,,,,,,,,,,,,,,,,,,,,,,,,,,,,,,,,,,,,,,,,,,,
Q44669,Q11572879,,,,,,,,,,,,,,,,,,,,,,,,,,,,,,,,,,,,,,,,,,,,,
Q44673,Q11572873,,,,,,,,,,,,,,,,,,,,,,,,,,,,,,,,,,,,,,,,,,,,,
Q44677,Q56600496,,,,,,,,,,,,,,,,,,,,,,,,,,,,,,,,,,,,,,,,,,,,,
Q44681,Q45480010,,,,,,,,,,,,,,,,,,,,,,,,,,,,,,,,,,,,,,,,,,,,,
Q44685,Q45480265,,,,,,,,,,,,,,,,,,,,,,,,,,,,,,,,,,,,,,,,,,,,,
Q44689,Q45480776,,,,,,,,,,,,,,,,,,,,,,,,,,,,,,,,,,,,,,,,,,,,,
Q44693,Q45480966,,,,,,,,,,,,,,,,,,,,,,,,,,,,,,,,,,,,,,,,,,,,,
Q44697,Q45491509,,,,,,,,,,,,,,,,,,,,,,,,,,,,,,,,,,,,,,,,,,,,,
Q44701,Q45472927,,,,,,,,,,,,,,,,,,,,,,,,,,,,,,,,,,,,,,,,,,,,,
Q44705,Q10145499,,,,,,,,,,,,,,,,,,,,,,,,,,,,,,,,,,,,,,,,,,,,,
Q44709,Q67389051,,,,,,,,,,,,,,,,,,,,,,,,,,,,,,,,,,,,,,,,,,,,,
Q44713,Q11573180,,,,,,,,,,,,,,,,,,,,,,,,,,,,,,,,,,,,,,,,,,,,,
Q44717,Q1275718,,,,,,,,,,,,,,,,,,,,,,,,,,,,,,,,,,,,,,,,,,,,,
Q44721,Q1036315,,,,,,,,,,,,,,,,,,,,,,,,,,,,,,,,,,,,,,,,,,,,,
Q44725,Q10946185,,,,,,,,,,,,,,,,,,,,,,,,,,,,,,,,,,,,,,,,,,,,,
Q44729,Q10889682,,,,,,,,,,,,,,,,,,,,,,,,,,,,,,,,,,,,,,,,,,,,,
Q44733,Q16603403,,,,,,,,,,,,,,,,,,,,,,,,,,,,,,,,,,,,,,,,,,,,,
Q44737,Q16603431,,,,,,,,,,,,,,,,,,,,,,,,,,,,,,,,,,,,,,,,,,,,,
Q44741,Q10889685,,,,,,,,,,,,,,,,,,,,,,,,,,,,,,,,,,,,,,,,,,,,,
Q44745,Q10889818,,,,,,,,,,,,,,,,,,,,,,,,,,,,,,,,,,,,,,,,,,,,,
Q44749,Q1071537,,,,,,,,,,,,,,,,,,,,,,,,,,,,,,,,,,,,,,,,,,,,,
Q44753,Q10889628,,,,,,,,,,,,,,,,,,,,,,,,,,,,,,,,,,,,,,,,,,,,,
Q44757,Q1022104,,,,,,,,,,,,,,,,,,,,,,,,,,,,,,,,,,,,,,,,,,,,Yifu-1,
Q44761,Q622879,,,,,,,,,,,,,,,,,,,,,,,,,,,,,,,,,,,,,,,,,,,,,
Q44765,Q11371943,,,,,,,,,,,,,,,,,,,,,,,,,,,,,,,,,,,,,,,,,,,,,
Q44769,Q45422732,,,,,,,,,,,,,,,,,,,,,,,,,,,,,,,,,,,,,,,,,,,,,
Q44773,Q45484966,,,,,,,,,,,,,,,,,,,,,,,,,,,,,,,,,,,,,,,,,,,,,
Q44777,Q11098148,,,,,,,,,,,,,,,,,,,,,,,,,,,,,,,,,,,,,,,,,,,,,
Q44781,Q2586994,,,,,,,,,,,,,,,,,,,,,,,,,,,,,,,,,,,,,,,,,,,,,
Q44785,Q154890,,,,,,,,,,,,,,,,,,,,,,,,,,,,,,,,,,,,,,,,,,,,,
Q44789,Q2670230,,,,,,,,,,,,,,,,,,,,,,,,,,,,,,,,,,,,,,,,,,,,,
Q44793,Q2670239,,,,,,,,,,,,,,,,,,,,,,,,,,,,,,,,,,,,,,,,,,,,,
Q44797,Q154915,,,,,,,,,,,,,,,,,,,,,,,,,,,,,,,,,,,,,,,,,,,,,
Q44801,Q718181,,,,,,,,,,,,,,,,,,,,,,,,,,,,,,,,,,,,,,,,,,,,,
Q44805,Q45419156,,,,,,,,,,,,,,,,,,,,,,,,,,,,,,,,,,,,,,,,,,,,,
Q44809,Q45419161,,,,,,,,,,,,,,,,,,,,,,,,,,,,,,,,,,,,,,,,,,,,,
Q44813,Q11104386,,,,,,,,,,,,,,,,,,,,,,,,,,,,,,,,,,,,,,,,,,,,Yu-23,
Q44817,Q10889697,,,,,,,,,,,,,,,,,,,,,,,,,,,,,,,,,,,,,,,,,,,,,
Q44821,Q9397951,,,,,,,,,,,,,,,,,,,,,,,,,,,,,,,,,,,,,,,,,,,,,
Q44825,Q10889647,,,,,,,,,,,,,,,,,,,,,,,,,,,,,,,,,,,,,,,,,,,,,
Q44829,Q5374650,,,,,,,,,,,,,,,,,,,,,,,,,,,,,,,,,,,,,,,,,,,,,
Q44833,Q11663934,,,,,,,,,,,,,,,,,,,,,,,,,,,,,,,,,,,,,,,,,,,,,
Q44837,Q45418946,,,,,,,,,,,,,,,,,,,,,,,,,,,,,,,,,,,,,,,,,,,,,
Q44841,Q5374588,,,,,,,,,,,,,,,,,,,,,,,,,,,,,,,,,,,,,,,,,,,,,
Q44845,Q5299530,,,,,,,,,,,,,,,,,,,,,,,,,,,,,,,,,,,,,,,,,,,,,
Q44849,Q45460712,,,,,,,,,,,,,,,,,,,,,,,,,,,,,,,,,,,,,,,,,,,,,
Q44853,Q45463158,,,,,,,,,,,,,,,,,,,,,,,,,,,,,,,,,,,,,,,,,,,,,
Q44857,Q45463785,,,,,,,,,,,,,,,,,,,,,,,,,,,,,,,,,,,,,,,,,,,,,
Q44861,Q45464285,,,,,,,,,,,,,,,,,,,,,,,,,,,,,,,,,,,,,,,,,,,,,
Q44865,Q10454247,,,,,,,,,,,,,,,,,,,,,,,,,,,,,,,,,,,,,,,,,,,,,
Q44869,Q45452527,,,,,,,,,,,,,,,,,,,,,,,,,,,,,,,,,,,,,,,,,,,,,
Q44873,Q45452340,,,,,,,,,,,,,,,,,,,,,,,,,,,,,,,,,,,,,,,,,,,,,
Q44877,Q45456278,,,,,,,,,,,,,,,,,,,,,,,,,,,,,,,,,,,,,,,,,,,,,
Q44881,Q45456847,,,,,,,,,,,,,,,,,,,,,,,,,,,,,,,,,,,,,,,,,,,,,
Q44885,Q45457101,,,,,,,,,,,,,,,,,,,,,,,,,,,,,,,,,,,,,,,,,,,,,
Q44889,Q45458371,,,,,,,,,,,,,,,,,,,,,,,,,,,,,,,,,,,,,,,,,,,,,
Q44893,Q45464721,,,,,,,,,,,,,,,,,,,,,,,,,,,,,,,,,,,,,,,,,,,,,
Q44897,Q45464972,,,,,,,,,,,,,,,,,,,,,,,,,,,,,,,,,,,,,,,,,,,,,
Q44901,Q45465035,,,,,,,,,,,,,,,,,,,,,,,,,,,,,,,,,,,,,,,,,,,,,
Q44905,Q45465355,,,,,,,,,,,,,,,,,,,,,,,,,,,,,,,,,,,,,,,,,,,,,
Q44907,Q108780731,,,,,,,,,,,,,,,,,,,,,,,,,,,,,,,,,,,,,,,,,,,,長谷川-19,
Q44909,Q45465485,,,,,,,,,,,,,,,,,,,,,,,,,,,,,,,,,,,,,,,,,,,,,
Q44913,Q45466931,,,,,,,,,,,,,,,,,,,,,,,,,,,,,,,,,,,,,,,,,,,,,
Q44917,Q45467122,,,,,,,,,,,,,,,,,,,,,,,,,,,,,,,,,,,,,,,,,,,,,
Q44921,Q45467185,,,,,,,,,,,,,,,,,,,,,,,,,,,,,,,,,,,,,,,,,,,,,
Q44925,Q45467762,,,,,,,,,,,,,,,,,,,,,,,,,,,,,,,,,,,,,,,,,,,,,
Q44930,Q45467955,,,,,,,,,,,,,,,,,,,,,,,,,,,,,,,,,,,,,,,,,,,,,
Q44934,Q15908012,,,,,,,,,,,,,,,,,,,,,,,,,,,,,,,,,,,,,,,,,,,,,
Q44938,Q15905448,,,,,,,,,,,,,,,,,,,,,,,,,,,,,,,,,,,,,,,,,,,,,
Q44942,Q15904558,,,,,,,,,,,,,,,,,,,,,,,,,,,,,,,,,,,,,,,,,,,,,
Q44946,Q837912,,,,,,,,,,,,,,,,,,,,,,,,,,,,,,,,,,,,,,,,,,,,,
Q44950,Q16603375,,,,,,,,,,,,,,,,,,,,,,,,,,,,,,,,,,,,,,,,,,,,,
Q44954,Q73287,,,,,,,,,,,,,,,,,,,,,,,,,,,,,,,,,,,,,,,,,,,,,
Q44958,Q16075302,,,,,,,,,,,,,,,,,,,,,,,,,,,,,,,,,,,,,,,,,,,,,
Q44962,Q45502320,,,,,,,,,,,,,,,,,,,,,,,,,,,,,,,,,,,,,,,,,,,,,
Q44966,Q45502382,,,,,,,,,,,,,,,,,,,,,,,,,,,,,,,,,,,,,,,,,,,,,
Q44970,Q45502449,,,,,,,,,,,,,,,,,,,,,,,,,,,,,,,,,,,,,,,,,,,,,
Q44974,Q45502514,,,,,,,,,,,,,,,,,,,,,,,,,,,,,,,,,,,,,,,,,,,,,
Q44978,Q45502578,,,,,,,,,,,,,,,,,,,,,,,,,,,,,,,,,,,,,,,,,,,,,
Q44982,Q45501489,,,,,,,,,,,,,,,,,,,,,,,,,,,,,,,,,,,,,,,,,,,,,
Q44985,Q5295887,,,,,,,,,,,,,,,,,,,,,,,,,,,,,,,,,,,,,,,,,,,,,
Q44989,Q1285740,,,,,,,,,,,,,,,,,,,,,,,,,,,,,,,,,,,,,,,,,,,,,
Q44993,Q5163343,,,,,,,,,,,,,,,,,,,,,,,,,,,,,,,,,,,,,,,,,,,,,
Q44997,Q15953455,,,,,,,,,,,,,,,,,,,,,,,,,,,,,,,,,,,,,,,,,,,,,
Q45001,Q16075293,,,,,,,,,,,,,,,,,,,,,,,,,,,,,,,,,,,,,,,,,,,,,
Q45005,Q15900977,,,,,,,,,,,,,,,,,,,,,,,,,,,,,,,,,,,,,,,,,,,,,
Q45009,Q15934480,,,,,,,,,,,,,,,,,,,,,,,,,,,,,,,,,,,,,,,,,,,,,
Q45013,Q45448569,,,,,,,,,,,,,,,,,,,,,,,,,,,,,,,,,,,,,,,,,,,,,
Q45017,Q26197747,,,,,,,,,,,,,,,,,,,,,,,,,,,,,,,,,,,,,,,,,,,,,
Q45021,Q16603390,,,,,,,,,,,,,,,,,,,,,,,,,,,,,,,,,,,,,,,,,,,,,
Q45025,Q45448443,,,,,,,,,,,,,,,,,,,,,,,,,,,,,,,,,,,,,,,,,,,,,
Q45029,Q22813931,,,,,,,,,,,,,,,,,,,,,,,,,,,,,,,,,,,,,,,,,,,,,
Q45034,Q22813971,,,,,,,,,,,,,,,,,,,,,,,,,,,,,,,,,,,,,,,,,,,,,
Q45038,Q712175,,,,,,,,,,,,,,,,,,,,,,,,,,,,,,,,,,,,,,,,,,,,,
Q45042,Q703117,,,,,,,,,,,,,,,,,,,,,,,,,,,,,,,,,,,,,,,,,,,,,
Q45046,Q711647,,,,,,,,,,,,,,,,,,,,,,,,,,,,,,,,,,,,,,,,,,,,,
Q45050,Q45484098,,,,,,,,,,,,,,,,,,,,,,,,,,,,,,,,,,,,,,,,,,,,,
Q45054,Q30943187,,,,,,,,,,,,,,,,,,,,,,,,,,,,,,,,,,,,,,,,,,,,,
Q45058,Q30943125,,,,,,,,,,,,,,,,,,,,,,,,,,,,,,,,,,,,,,,,,,,,,
Q45062,Q30943192,,,,,,,,,,,,,,,,,,,,,,,,,,,,,,,,,,,,,,,,,,,,,
Q45066,Q11658412,,,,,,,,,,,,,,,,,,,,,,,,,,,,,,,,,,,,,,,,,,,,,
Q45070,Q712113,,,,,,,,,,,,,,,,,,,,,,,,,,,,,,,,,,,,,,,,,,,,,
Q45074,Q16603314,,,,,,,,,,,,,,,,,,,,,,,,,,,,,,,,,,,,,,,,,,,,,
Q45078,Q8250213,,,,,,,,,,,,,,,,,,,,,,,,,,,,,,,,,,,,,,,,,,,,,
Q45082,Q8250222,,,,,,,,,,,,,,,,,,,,,,,,,,,,,,,,,,,,,,,,,,,,,
Q45086,Q8250217,,,,,,,,,,,,,,,,,,,,,,,,,,,,,,,,,,,,,,,,,,,,,
Q45090,Q8250219,,,,,,,,,,,,,,,,,,,,,,,,,,,,,,,,,,,,,,,,,,,,,
Q45094,Q10878410,,,,,,,,,,,,,,,,,,,,,,,,,,,,,,,,,,,,,,,,,,,,,
Q45098,Q45607718,,,,,,,,,,,,,,,,,,,,,,,,,,,,,,,,,,,,,,,,,,,,,
Q45102,Q94998306,,,,,,,,,,,,,,,,,,,,,,,,,,,,,,,,,,,,,,,,,,,,,
Q45106,Q94998307,,,,,,,,,,,,,,,,,,,,,,,,,,,,,,,,,,,,,,,,,,,,,
Q45110,Q45508644,,,,,,,,,,,,,,,,,,,,,,,,,,,,,,,,,,,,,,,,,,,,,
Q45113,Q95113649,,,,,,,,,,,,,,,,,,,,,,,,,,,,,,,,,,,,,,,,,,,,,
Q45117,Q30943164,,,,,,,,,,,,,,,,,,,,,,,,,,,,,,,,,,,,,,,,,,,,,
Q45121,Q45484673,,,,,,,,,,,,,,,,,,,,,,,,,,,,,,,,,,,,,,,,,,,,,
Q45125,Q30943167,,,,,,,,,,,,,,,,,,,,,,,,,,,,,,,,,,,,,,,,,,,,,
Q45129,Q45596128,,,,,,,,,,,,,,,,,,,,,,,,,,,,,,,,,,,,,,,,,,,,,
Q45133,Q45484223,,,,,,,,,,,,,,,,,,,,,,,,,,,,,,,,,,,,,,,,,,,,,
Q45137,Q45484484,,,,,,,,,,,,,,,,,,,,,,,,,,,,,,,,,,,,,,,,,,,,,
Q45141,Q30943161,,,,,,,,,,,,,,,,,,,,,,,,,,,,,,,,,,,,,,,,,,,,,
Q45145,Q15939663,,,,,,,,,,,,,,,,,,,,,,,,,,,,,,,,,,,,,,,,,,,,,
Q45149,Q45503533,,,,,,,,,,,,,,,,,,,,,,,,,,,,,,,,,,,,,,,,,,,,,
Q45153,Q45609387,,,,,,,,,,,,,,,,,,,,,,,,,,,,,,,,,,,,,,,,,,,,,
Q45157,Q45503850,,,,,,,,,,,,,,,,,,,,,,,,,,,,,,,,,,,,,,,,,,,,,
Q45161,Q45486462,,,,,,,,,,,,,,,,,,,,,,,,,,,,,,,,,,,,,,,,,,,,,
Q45165,Q45486779,,,,,,,,,,,,,,,,,,,,,,,,,,,,,,,,,,,,,,,,,,,,,
Q45169,Q45486846,,,,,,,,,,,,,,,,,,,,,,,,,,,,,,,,,,,,,,,,,,,,,
Q45173,Q30943165,,,,,,,,,,,,,,,,,,,,,,,,,,,,,,,,,,,,,,,,,,,,,
Q45177,Q45484869,,,,,,,,,,,,,,,,,,,,,,,,,,,,,,,,,,,,,,,,,,,,,
Q45181,Q45486208,,,,,,,,,,,,,,,,,,,,,,,,,,,,,,,,,,,,,,,,,,,,,
Q45185,Q45422185,,,,,,,,,,,,,,,,,,,,,,,,,,,,,,,,,,,,,,,,,,,,,
Q45189,Q45485126,,,,,,,,,,,,,,,,,,,,,,,,,,,,,,,,,,,,,,,,,,,,,
Q45193,Q45485317,,,,,,,,,,,,,,,,,,,,,,,,,,,,,,,,,,,,,,,,,,,,,
Q45197,Q95142100,,,,,,,,,,,,,,,,,,,,,,,,,,,,,,,,,,,,,,,,,,,,,
Q45201,Q11477165,,,,,,,,,,,,,,,,,,,,,,,,,,,,,,,,,,,,,,,,,,,,,
Q45205,Q4459699,,,,,,,,,,,,,,,,,,,,,,,,,,,,,,,,,,,,,,,,,,,,,
Q45209,Q45527727,,,,,,,,,,,,,,,,,,,,,,,,,,,,,,,,,,,,,,,,,,,,,
Q45213,Q45528421,,,,,,,,,,,,,,,,,,,,,,,,,,,,,,,,,,,,,,,,,,,,,
Q45217,Q10946229,,,,,,,,,,,,,,,,,,,,,,,,,,,,,,,,,,,,,,,,,,,,,
Q45221,Q45390400,,,,,,,,,,,,,,,,,,,,,,,,,,,,,,,,,,,,,,,,,,,,,
Q45225,Q11622235,,,,,,,,,,,,,,,,,,,,,,,,,,,,,,,,,,,,,,,,,,,,,
Q45229,Q45626560,,,,,,,,,,,,,,,,,,,,,,,,,,,,,,,,,,,,,,,,,,,,,
Q45233,Q45626688,,,,,,,,,,,,,,,,,,,,,,,,,,,,,,,,,,,,,,,,,,,,,
Q45237,Q45627063,,,,,,,,,,,,,,,,,,,,,,,,,,,,,,,,,,,,,,,,,,,,,
Q45241,Q45627507,,,,,,,,,,,,,,,,,,,,,,,,,,,,,,,,,,,,,,,,,,,,,
Q45245,Q45627879,,,,,,,,,,,,,,,,,,,,,,,,,,,,,,,,,,,,,,,,,,,,,
Q45248,Q22812650,,,,,,,,,,,,,,,,,,,,,,,,,,,,,,,,,,,,,,,,,,,,,
Q45249,Q45628384,,,,,,,,,,,,,,,,,,,,,,,,,,,,,,,,,,,,,,,,,,,,,
Q45252,Q28418232,,,,,,,,,,,,,,,,,,,,,,,,,,,,,,,,,,,,,,,,,,,,,
Q45253,Q45419906,,,,,,,,,,,,,,,,,,,,,,,,,,,,,,,,,,,,,,,,,,,,,
Q45256,Q28418362,,,,,,,,,,,,,,,,,,,,,,,,,,,,,,,,,,,,,,,,,,,,,
Q45257,Q45632659,,,,,,,,,,,,,,,,,,,,,,,,,,,,,,,,,,,,,,,,,,,,,
Q45260,Q61720085,,,,,,,,,,,,,,,,,,,,,,,,,,,,,,,,,,,,,,,,,,,,,
Q45261,Q45632348,,,,,,,,,,,,,,,,,,,,,,,,,,,,,,,,,,,,,,,,,,,,,
Q45264,Q61721617,,,,,,,,,,,,,,,,,,,,,,,,,,,,,,,,,,,,,,,,,,,,,
Q45265,Q45632196,,,,,,,,,,,,,,,,,,,,,,,,,,,,,,,,,,,,,,,,,,,,,
Q45268,Q11069798,,,,,,,,,,,,,,,,,,,,,,,,,,,,,,,,,,,,,,,,,,,,,
Q45269,Q45637472,,,,,,,,,,,,,,,,,,,,,,,,,,,,,,,,,,,,,,,,,,,,,
Q45272,Q133277843,,,,,,,,,,,,,,,,,,,,,,,,,,,,,,,,,,,,,,,,,,,,,
Q45273,Q45421504,,,,,,,,,,,,,,,,,,,,,,,,,,,,,,,,,,,,,,,,,,,,,
Q45276,Q133277848,,,,,,,,,,,,,,,,,,,,,,,,,,,,,,,,,,,,,,,,,,,,,
Q45277,Q45422245,,,,,,,,,,,,,,,,,,,,,,,,,,,,,,,,,,,,,,,,,,,,,
Q45280,Q45540945,,,,,,,,,,,,,,,,,,,,,,,,,,,,,,,,,,,,,,,,,,,,,
Q45281,Q45627694,,,,,,,,,,,,,,,,,,,,,,,,,,,,,,,,,,,,,,,,,,,,,
Q45284,Q45461359,,,,,,,,,,,,,,,,,,,,,,,,,,,,,,,,,,,,,,,,,,,,,
Q45285,Q45627817,,,,,,,,,,,,,,,,,,,,,,,,,,,,,,,,,,,,,,,,,,,,,
Q45288,Q133277705,,,,,,,,,,,,,,,,,,,,,,,,,,,,,,,,,,,,,,,,,,,,,
Q45289,Q45627943,,,,,,,,,,,,,,,,,,,,,,,,,,,,,,,,,,,,,,,,,,,,,
Q45292,Q22812672,,,,,,,,,,,,,,,,,,,,,,,,,,,,,,,,,,,,,,,,,,,,,
Q45293,Q45628195,,,,,,,,,,,,,,,,,,,,,,,,,,,,,,,,,,,,,,,,,,,,,
Q45296,Q2769281,,,,,,,,,,,,,,,,,,,,,,,,,,,,,,,,,,,,,,,,,,,,,
Q45297,Q6147970,,,,,,,,,,,,,,,,,,,,,,,,,,,,,,,,,,,,,,,,,,,,,
Q45300,Q133288773,,,,,,,,,,,,,,,,,,,,,,,,,,,,,,,,,,,,,,,,,,,,,
Q45301,Q14416420,,,,,,,,,,,,,,,,,,,,,,,,,,,,,,,,,,,,,,,,,,,,,
Q45304,Q16260274,,,,,,,,,,,,,,,,,,,,,,,,,,,,,,,,,,,,,,,,,,,,袁-11,
Q45305,Q15913520,,,,,,,,,,,,,,,,,,,,,,,,,,,,,,,,,,,,,,,,,,,,,
Q45308,Q16260275,,,,,,,,,,,,,,,,,,,,,,,,,,,,,,,,,,,,,,,,,,,,,
Q45309,Q15903234,,,,,,,,,,,,,,,,,,,,,,,,,,,,,,,,,,,,,,,,,,,,,
Q45312,Q8038909,,,,,,,,,,,,,,,,,,,,,,,,,,,,,,,,,,,,,,,,,,,,,
Q45313,Q15927730,,,,,,,,,,,,,,,,,,,,,,,,,,,,,,,,,,,,,,,,,,,,,
Q45316,Q131690253,,,,,,,,,,,,,,,,,,,,,,,,,,,,,,,,,,,,,,,,,,,,,
Q45317,Q45419027,,,,,,,,,,,,,,,,,,,,,,,,,,,,,,,,,,,,,,,,,,,,,
Q45320,Q131690272,,,,,,,,,,,,,,,,,,,,,,,,,,,,,,,,,,,,,,,,,,,,,
Q45321,Q133504169,,,,,,,,,,,,,,,,,,,,,,,,,,,,,,,,,,,,,,,,,,,,,
Q45324,Q131690672,,,,,,,,,,,,,,,,,,,,,,,,,,,,,,,,,,,,,,,,,,,,,
Q45325,Q15942483,,,,,,,,,,,,,,,,,,,,,,,,,,,,,,,,,,,,,,,,,,,,,
Q45328,Q131690196,,,,,,,,,,,,,,,,,,,,,,,,,,,,,,,,,,,,,,,,,,,,,
Q45329,Q45530455,,,,,,,,,,,,,,,,,,,,,,,,,,,,,,,,,,,,,,,,,,,,,
Q45332,Q131690087,,,,,,,,,,,,,,,,,,,,,,,,,,,,,,,,,,,,,,,,,,,,,
Q45333,Q22813446,,,,,,,,,,,,,,,,,,,,,,,,,,,,,,,,,,,,,,,,,,,,,
Q45336,Q45416380,,,,,,,,G6V7-JR3,,,,,,,,,,,,,,,,,,,,,,,,,,,,,,,,,,,,,
Q45337,Q45514022,,,,,,,,,,,,,,,,,,,,,,,,,,,,,,,,,,,,,,,,,,,,,
Q45340,Q45416385,,,,,,,,G6V7-HPC,,,,,,,,,,,,,,,,,,,,,,,,,,,,,,,,,,,,,
Q45341,Q45673551,,,,,,,,,,,,,,,,,,,,,,,,,,,,,,,,,,,,,,,,,,,,,
Q45344,Q45416388,,,,,,,,G6V7-HPL,,,,,,,,,,,,,,,,,,,,,,,,,,,,,,,,,,,,,
Q45345,Q45532743,,,,,,,,,,,,,,,,,,,,,,,,,,,,,,,,,,,,,,,,,,,,,
Q45348,Q45416391,,,,,,,,,,,,,,,,,,,,,,,,,,,,,,,,,,,,,,,,,,,,,
Q45349,Q45532809,,,,,,,,,,,,,,,,,,,,,,,,,,,,,,,,,,,,,,,,,,,,,
Q45352,Q45416393,,,,,,,,,,,,,,,,,,,,,,,,,,,,,,,,,,,,,,,,,,,,,
Q45353,Q45532872,,,,,,,,,,,,,,,,,,,,,,,,,,,,,,,,,,,,,,,,,,,,,
Q45356,Q45416446,,,,,,,,,,,,,,,,,,,,,,,,,,,,,,,,,,,,,,,,,,,,,
Q45357,Q26208790,,,,,,,,,,,,,,,,,,,,,,,,,,,,,,,,,,,,,,,,,,,,,
Q45360,Q45416447,,,,,,,,,,,,,,,,,,,,,,,,,,,,,,,,,,,,,,,,,,,,,
Q45361,Q15932438,,,,,,,,,,,,,,,,,,,,,,,,,,,,,,,,,,,,,,,,,,,,,
Q45364,Q45416448,,,,,,,,,,,,,,,,,,,,,,,,,,,,,,,,,,,,,,,,,,,,,
Q45365,Q15938817,,,,,,,,,,,,,,,,,,,,,,,,,,,,,,,,,,,,,,,,,,,,,
Q45368,Q11114390,,,,,,,,,,,,,,,,,,,,,,,,,,,,,,,,,,,,,,,,,,,,,
Q45369,Q83875288,,,,,,,,,,,,,,,,,,,,,,,,,,,,,,,,,,,,,,,,,,,,,
Q45372,Q45404304,,,,,,,,,,,,,,,,,,,,,,,,,,,,,,,,,,,,,,,,,,,,,
Q45373,Q45526862,,,,,,,,,,,,,,,,,,,,,,,,,,,,,,,,,,,,,,,,,,,,,
Q45376,Q45416585,,,,,,,,,,,,,,,,,,,,,,,,,,,,,,,,,,,,,,,,,,,,,
Q45377,Q45526925,,,,,,,,,,,,,,,,,,,,,,,,,,,,,,,,,,,,,,,,,,,,,
Q45380,Q45416598,,,,,,,,,,,,,,,,,,,,,,,,,,,,,,,,,,,,,,,,,,,,,
Q45381,Q83875278,,,,,,,,,,,,,,,,,,,,,,,,,,,,,,,,,,,,,,,,,,,,,
Q45384,Q45416600,,,,,,,,,,,,,,,,,,,,,,,,,,,,,,,,,,,,,,,,,,,,,
Q45385,Q11581087,,,,,,,,,,,,,,,,,,,,,,,,,,,,,,,,,,,,,,,,,,,,,
Q45388,Q65814336,,,,,,,,,,,,,,,,,,,,,,,,,,,,,,,,,,,,,,,,,,,,,
Q45389,Q45666693,,,,,,,,,,,,,,,,,,,,,,,,,,,,,,,,,,,,,,,,,,,,,
Q45392,Q65814428,,,,,,,,,,,,,,,,,,,,,,,,,,,,,,,,,,,,,,,,,,,,,
Q45393,Q45666855,,,,,,,,,,,,,,,,,,,,,,,,,,,,,,,,,,,,,,,,,,,,,
Q45396,Q65814383,,,,,,,,,,,,,,,,,,,,,,,,,,,,,,,,,,,,,,,,,,,,,
Q45397,Q45418984,,,,,,,,,,,,,,,,,,,,,,,,,,,,,,,,,,,,,,,,,,,,,
Q45400,Q65814387,,,,,,,,,,,,,,,,,,,,,,,,,,,,,,,,,,,,,,,,,,,,,
Q45401,Q45418987,,,,,,,,,,,,,,,,,,,,,,,,,,,,,,,,,,,,,,,,,,,,,
Q45404,Q65814391,,,,,,,,,,,,,,,,,,,,,,,,,,,,,,,,,,,,,,,,,,,,,
Q45405,Q45418988,,,,,,,,,,,,,,,,,,,,,,,,,,,,,,,,,,,,,,,,,,,,,
Q45408,Q13672556,,,,,,,,,,,,,,,,,,,,,,,,,,,,,,,,,,,,,,,,,,,,,
Q45409,Q45418991,,,,,,,,,,,,,,,,,,,,,,,,,,,,,,,,,,,,,,,,,,,,,
Q45412,Q45695151,,,,,,,,,,,,,,,,,,,,,,,,,,,,,,,,,,,,,,,,,,,,,
Q45413,Q60991877,,,,,,,,,,,,,,,,,,,,,,,,,,,,,,,,,,,,,,,,,,,,,
Q45416,Q45707642,,,,,,,,,,,,,,,,,,,,,,,,,,,,,,,,,,,,,,,,,,,,,
Q45417,Q45539471,,,,,,,,,,,,,,,,,,,,,,,,,,,,,,,,,,,,,,,,,,,,,
Q45420,Q45416951,,,,,,,,,,,,,,,,,,,,,,,,,,,,,,,,,,,,,,,,,,,,,
Q45421,Q7979759,,,,,,,,,,,,,,,,,,,,,,,,,,,,,,,,,,,,,,,,,,,,,
Q45424,Q45417200,,,,,,,,,,,,,,,,,,,,,,,,,,,,,,,,,,,,,,,,,,,,,
Q45425,Q45665503,,,,,,,,,,,,,,,,,,,,,,,,,,,,,,,,,,,,,,,,,,,,,
Q45427,Q45417204,,,,,,,,,,,,,,,,,,,,,,,,,,,,,,,,,,,,,,,,,,,,,
Q45428,Q45665448,,,,,,,,,,,,,,,,,,,,,,,,,,,,,,,,,,,,,,,,,,,,,
Q45431,Q45417080,,,,,,,,,,,,,,,,,,,,,,,,,,,,,,,,,,,,,,,,,,,,,
Q45433,Q45665894,,,,,,,,,,,,,,,,,,,,,,,,,,,,,,,,,,,,,,,,,,,,,
Q45435,Q45417078,,,,,,,,,,,,,,,,,,,,,,,,,,,,,,,,,,,,,,,,,,,,,
Q45437,Q65803428,,,,,,,,,,,,,,,,,,,,,,,,,,,,,,,,,,,,,,,,,,,,,
Q45439,Q16077628,,,,,,,,,,,,,,,,,,,,,,,,,,,,,,,,,,,,,,,,,,,,,
Q45441,Q65804975,,,,,,,,,,,,,,,,,,,,,,,,,,,,,,,,,,,,,,,,,,,,,
Q45443,Q45417121,,,,,,,,,,,,,,,,,,,,,,,,,,,,,,,,,,,,,,,,,,,,,
Q45445,Q45489533,,,,,,,,,,,,,,,,,,,,,,,,,,,,,,,,,,,,,,,,,,,,,
Q45447,Q45417126,,,,,,,,,,,,,,,,,,,,,,,,,,,,,,,,,,,,,,,,,,,,,
Q45449,Q45419888,,,,,,,,,,,,,,,,,,,,,,,,,,,,,,,,,,,,,,,,,,,,,
Q45451,Q11610448,,,,,,,,,,,,,,,,,,,,,,,,,,,,,,,,,,,,,,,,,,,,,
Q45453,Q45419696,,,,,,,,,,,,,,,,,,,,,,,,,,,,,,,,,,,,,,,,,,,,,
Q45455,Q13655645,,,,,,,,,,,,,,,,,,,,,,,,,,,,,,,,,,,,,,,,,,,,,
Q45457,Q45497878,,,,,,,,,,,,,,,,,,,,,,,,,,,,,,,,,,,,,,,,,,,,,
Q45459,Q13652713,,,,,,,,,,,,,,,,,,,,,,,,,,,,,,,,,,,,,,,,,,,,,
Q45461,Q45526274,,,,,,,,,,,,,,,,,,,,,,,,,,,,,,,,,,,,,,,,,,,,,
Q45463,Q45416969,,,,,,,,,,,,,,,,,,,,,,,,,,,,,,,,,,,,,,,,,,,,,
Q45465,Q45419238,,,,,,,,,,,,,,,,,,,,,,,,,,,,,,,,,,,,,,,,,,,,,
Q45467,Q45416997,,,,,,,,,,,,,,,,,,,,,,,,,,,,,,,,,,,,,,,,,,,,,
Q45469,Q8251481,,,,,,,,,,,,,,,,,,,,,,,,,,,,,,,,,,,,,,,,,,,,,
Q45471,Q45417003,,,,,,,,,,,,,,,,,,,,,,,,,,,,,,,,,,,,,,,,,,,,,
Q45473,Q45419289,,,,,,,,,,,,,,,,,,,,,,,,,,,,,,,,,,,,,,,,,,,,,
Q45475,Q45417005,,,,,,,,,,,,,,,,,,,,,,,,,,,,,,,,,,,,,,,,,,,,,
Q45477,Q45419291,,,,,,,,,,,,,,,,,,,,,,,,,,,,,,,,,,,,,,,,,,,,,
Q45479,Q45417021,,,,,,,,,,,,,,,,,,,,,,,,,,,,,,,,,,,,,,,,,,,,,
Q45481,Q45419292,,,,,,,,,,,,,,,,,,,,,,,,,,,,,,,,,,,,,,,,,,,,,
Q45483,Q45417037,,,,,,,,,,,,,,,,,,,,,,,,,,,,,,,,,,,,,,,,,,,,,
Q45485,Q45419282,,,,,,,,,,,,,,,,,,,,,,,,,,,,,,,,,,,,,,,,,,,,,
Q45487,Q45417039,,,,,,,,,,,,,,,,,,,,,,,,,,,,,,,,,,,,,,,,,,,,,
Q45489,Q45419281,,,,,,,,,,,,,,,,,,,,,,,,,,,,,,,,,,,,,,,,,,,,,
Q45491,Q45417043,,,,,,,,,,,,,,,,,,,,,,,,,,,,,,,,,,,,,,,,,,,,,
Q45493,Q45422257,,,,,,,,,,,,,,,,,,,,,,,,,,,,,,,,,,,,,,,,,,,,,
Q45495,Q45417050,,,,,,,,,,,,,,,,,,,,,,,,,,,,,,,,,,,,,,,,,,,,,
Q45497,Q25926879,,,,,,,,,,,,,,,,,,,,,,,,,,,,,,,,,,,,,,,,,,,,,
Q45499,Q15943020,,,,,,,,,,,,,,,,,,,,,,,,,,,,,,,,,,,,,,,,,,,,,
Q45501,Q11118299,,,,,,,,,,,,,,,,,,,,,,,,,,,,,,,,,,,,,,,,,,,,,
Q45503,Q1706200,,,,,,,,,,,,,,,,,,,,,,,,,,,,,,,,,,,,,,,,,,,,,
Q45505,Q25926889,,,,,,,,,,,,,,,,,,,,,,,,,,,,,,,,,,,,,,,,,,,,,
Q45507,Q15898259,,,,,,,,,,,,,,,,,,,,,,,,,,,,,,,,,,,,,,,,,,,,,
Q45509,Q25926919,,,,,,,,,,,,,,,,,,,,,,,,,,,,,,,,,,,,,,,,,,,,,
Q45512,Q45425179,,,,,,,,,,,,,,,,,,,,,,,,,,,,,,,,,,,,,,,,,,,,,
Q45513,Q11477182,,,,,,,,,,,,,,,,,,,,,,,,,,,,,,,,,,,,,,,,,,,,,
Q45516,Q22812631,,,,,,,,,,,,,,,,,,,,,,,,,,,,,,,,,,,,,,,,,,,,,
Q45517,Q26197291,,,,,,,,,,,,,,,,,,,,,,,,,,,,,,,,,,,,,,,,,,,,,
Q45520,Q28698839,,,,,,,,,,,,,,,,,,,,,,,,,,,,,,,,,,,,,,,,,,,,,
Q45521,Q45421253,,,,,,,,,,,,,,,,,,,,,,,,,,,,,,,,,,,,,,,,,,,,,
Q45525,Q45624584,,,,,,,,,,,,,,,,,,,,,,,,,,,,,,,,,,,,,,,,,,,,,
Q45529,Q45426043,,,,,,,,,,,,,,,,,,,,,,,,,,,,,,,,,,,,,,,,,,,,,
Q45533,Q45417794,,,,,,,,,,,,,,,,,,,,,,,,,,,,,,,,,,,,,,,,,,,,,
Q45537,Q45417804,,,,,,,,,,,,,,,,,,,,,,,,,,,,,,,,,,,,,,,,,,,,,
Q45541,Q45417806,,,,,,,,,,,,,,,,,,,,,,,,,,,,,,,,,,,,,,,,,,,,,
Q45544,Q4215979,,,,,,,,,,,,,,,,,,,,,,,,,,,,,,,,,,,,,,,,,,,,,
Q45545,Q45417808,,,,,,,,,,,,,,,,,,,,,,,,,,,,,,,,,,,,,,,,,,,,,
Q45548,Q18999227,,,,,,,,,,,,,,,,,,,,,,,,,,,,,,,,,,,,,,,,,,,,,
Q45549,Q45536993,,,,,,,,,,,,,,,,,,,,,,,,,,,,,,,,,,,,,,,,,,,,,
Q45552,Q12591831,,,,,,,,,,,,,,,,,,,,,,,,,,,,,,,,,,,,,,,,,,,,,
Q45553,Q45537056,,,,,,,,,,,,,,,,,,,,,,,,,,,,,,,,,,,,,,,,,,,,,
Q45556,Q16184284,,,,,,,,,,,,,,,,,,,,,,,,,,,,,,,,,,,,,,,,,,,,,
Q45557,Q65809555,,,,,,,,,,,,,,,,,,,,,,,,,,,,,,,,,,,,,,,,,,,,,
Q45561,Q45685492,,,,,,,,,,,,,,,,,,,,,,,,,,,,,,,,,,,,,,,,,,,,,
Q45565,Q45685524,,,,,,,,,,,,,,,,,,,,,,,,,,,,,,,,,,,,,,,,,,,,,
Q45569,Q45556582,,,,,,,,,,,,,,,,,,,,,,,,,,,,,,,,,,,,,,,,,,,,,
Q45573,Q45446474,,,,,,,,,,,,,,,,,,,,,,,,,,,,,,,,,,,,,,,,,,,,,
Q45577,Q45497767,,,,,,,,,,,,,,,,,,,,,,,,,,,,,,,,,,,,,,,,,,,,,
Q45581,Q45421015,,,,,,,,,,,,,,,,,,,,,,,,,,,,,,,,,,,,,,,,,,,,,
Q45585,Q45509279,,,,,,,,,,,,,,,,,,,,,,,,,,,,,,,,,,,,,,,,,,,,,
Q45588,Q4000404,,,,,,,,,,,,,,,,,,,,,,,,,,,95026,,,,,,,,,,,,,,,,,,I00473495
Q45589,Q11656519,,,,,,,,,,,,,,,,,,,,,,,,,,,,,,,,,,,,,,,,,,,,,
Q45592,Q62260544,,,,,,,,,,,,,,,,,,,,,,,,,,,1427037,,,,,,,,,,,,,,,,,,
Q45593,Q45616130,,,,,,,,,,,,,,,,,,,,,,,,,,,,,,,,,,,,,,,,,,,,,
Q45596,Q81746745,,,,,,,,,,,,,,,,,,,,,,,,,,,,,,,,,,,,,,,,,,,,,
Q45597,Q45616322,,,,,,,,,,,,,,,,,,,,,,,,,,,,,,,,,,,,,,,,,,,,,
Q45600,Q81530181,,,,,,,,,,,,,,,,,,,,,,,,,,,1427098,,,,,,,,,,,,,,,,,,
Q45601,Q45616446,,,,,,,,,,,,,,,,,,,,,,,,,,,,,,,,,,,,,,,,,,,,,
Q45604,Q38963209,,,,,,,,,,,,,,,,,,,,,,,,,,,,,,,,,,,,,,,,,,,,,
Q45605,Q45615688,,,,,,,,,,,,,,,,,,,,,,,,,,,,,,,,,,,,,,,,,,,,,
Q45608,Q38962839,,,,,,,,,,,,,,,,,,,,,,,,,,,,,,,,,,,,,,,,,,,,,
Q45609,Q45615750,,,,,,,,,,,,,,,,,,,,,,,,,,,,,,,,,,,,,,,,,,,,,
Q45612,Q24838495,,,,,,,,,,,,,,,,,,,,,,,,,,,,,,,,,,,,,,,,,,,,,
Q45613,Q45509799,,,,,,,,,,,,,,,,,,,,,,,,,,,,,,,,,,,,,,,,,,,,,
Q45616,Q24838471,,,,,,,,,,,,,,,,,,,,,,,,,,,,,,,,,,,,,,,,,,,,,
Q45617,Q45510622,,,,,,,,,,,,,,,,,,,,,,,,,,,,,,,,,,,,,,,,,,,,,
Q45620,Q7451,,,,,,,,,,,,,,,,,,,,,,,,,,,,,,,,,,,,,,,,,,,,,
Q45621,Q45510685,,,,,,,,,,,,,,,,,,,,,,,,,,,,,,,,,,,,,,,,,,,,,
Q45624,Q11095287,,,,,,,,,,,,,,,,,,,,,,,,,,,,,,,,,,,,,,,,,,,,,
Q45625,Q45510749,,,,,,,,,,,,,,,,,,,,,,,,,,,,,,,,,,,,,,,,,,,,,
Q45628,Q7453,,,,,,,,,,,,,,,,,,,,,,,,,,,,,,,,,,,,,,,,,,,,,
Q45629,Q45512668,,,,,,,,,,,,,,,,,,,,,,,,,,,,,,,,,,,,,,,,,,,,,
Q45632,Q8007723,,,,,,,,,,,,,,,,,,,,,,,,,,,,,,,,,,,,,,,,,,,,,
Q45633,Q45512410,,,,,,,,,,,,,,,,,,,,,,,,,,,,,,,,,,,,,,,,,,,,,
Q45636,Q8258593,,,,,,,,,,,,,,,,,,,,,,,,,,,,,,,,,,,,,,,,,,,,,
Q45637,Q45513047,,,,,,,,,,,,,,,,,,,,,,,,,,,,,,,,,,,,,,,,,,,,,
Q45640,Q16260831,,,,,,,,,,,,,,,,,,,,,,,,,,,,,,,,,,,,,,,,,,,,,
Q45641,Q45513112,,,,,,,,,,,,,,,,,,,,,,,,,,,,,,,,,,,,,,,,,,,,,
Q45644,Q8258606,,,,,,,,,,,,,,,,,,,,,,,,,,,,,,,,,,,,,,,,,,,,,
Q45645,Q45513811,,,,,,,,,,,,,,,,,,,,,,,,,,,,,,,,,,,,,,,,,,,,,
Q45648,Q134097183,,,,,,,,,,,,,,,,,,,,,,,,,,,,,,,,,,,,,,,,,,,,,
Q45649,Q45513874,,,,,,,,,,,,,,,,,,,,,,,,,,,,,,,,,,,,,,,,,,,,,
Q45652,Q8258637,,,,,,,,,,,,,,,,,,,,,,,,,,,,,,,,,,,,,,,,,,,,,
Q45653,Q25926179,,,,,,,,,,,,,,,,,,,,,,,,,,,,,,,,,,,,,,,,,,,,,
Q45656,Q8258589,,,,,,,,,,,,,,,,,,,,,,,,,,,,,,,,,,,,,,,,,,,,,
Q45657,Q45514826,,,,,,,,,,,,,,,,,,,,,,,,,,,,,,,,,,,,,,,,,,,,,
Q45660,Q16078087,,,,,,,,,,,,,,,,,,,,,,,,,,,,,,,,,,,,,,,,,,,,,
Q45661,Q45514954,,,,,,,,,,,,,,,,,,,,,,,,,,,,,,,,,,,,,,,,,,,,,
Q45664,Q10947931,,,,,,,,,,,,,,,,,,,,,,,,,,,,,,,,,,,,,,,,,,,,,
Q45665,Q45515141,,,,,,,,,,,,,,,,,,,,,,,,,,,,,,,,,,,,,,,,,,,,,
Q45668,Q10947945,,,,,,,,,,,,,,,,,,,,,,,,,,,,,,,,,,,,,,,,,,,,,
Q45669,Q45515204,,,,,,,,,,,,,,,,,,,,,,,,,,,,,,,,,,,,,,,,,,,,,
Q45672,Q10947946,,,,,,,,,,,,,,,,,,,,,,,,,,,,,,,,,,,,,,,,,,,,,
Q45673,Q45515266,,,,,,,,,,,,,,,,,,,,,,,,,,,,,,,,,,,,,,,,,,,,,
Q45676,Q10947947,,,,,,,,,,,,,,,,,,,,,,,,,,,,,,,,,,,,,,,,,,,,,
Q45677,Q65803743,,,,,,,,,,,,,,,,,,,,,,,,,,,,,,,,,,,,,,,,,,,,,
Q45680,Q5080,,,,,,,,,,,,,,,,,,,,,,,,,,,,,,,,,,,,,,,,,,,,,
Q45681,Q45515393,,,,,,,,,,,,,,,,,,,,,,,,,,,,,,,,,,,,,,,,,,,,,
Q45684,Q5074,,,,,,,,,,,,,,,,,,,,,,,,,,,,,,,,,,,,,,,,,,,,,
Q45685,Q45511389,,,,,,,,,,,,,,,,,,,,,,,,,,,,,,,,,,,,,,,,,,,,,
Q45688,Q16603658,,,,,,,,,,,,,,,,,,,,,,,,,,,,,,,,,,,,,,,,,,,,,
Q45689,Q45511578,,,,,,,,,,,,,,,,,,,,,,,,,,,,,,,,,,,,,,,,,,,,,
Q45692,Q30950334,,,,,,,,,,,,,,,,,,,,,,,,,,,,,,,,,,,,,,,,,,,,,
Q45693,Q45511832,,,,,,,,,,,,,,,,,,,,,,,,,,,,,,,,,,,,,,,,,,,,,
Q45696,Q10947968,,,,,,,,,,,,,,,,,,,,,,,,,,,,,,,,,,,,,,,,,,,,,
Q45697,Q45510539,,,,,,,,,,,,,,,,,,,,,,,,,,,,,,,,,,,,,,,,,,,,,
Q45700,Q45678480,,,,,,,,,,,,,,,,,,,,,,,,,,,,,,,,,,,,,,,,,,,,,
Q45701,Q45515713,,,,,,,,,,,,,,,,,,,,,,,,,,,,,,,,,,,,,,,,,,,,,
Q45704,Q45518422,,,,,,,,,,,,,,,,,,,,,,,,,,,,,,,,,,,,,,,,,,,,,
Q45705,Q45517139,,,,,,,,,,,,,,,,,,,,,,,,,,,,,,,,,,,,,,,,,,,,,
Q45708,Q427920,,,,,,,,,,,,,,,,,,,,,,,,,,,279476,,,,,,,,,,,,,,,,,,
Q45709,Q45517397,,,,,,,,,,,,,,,,,,,,,,,,,,,,,,,,,,,,,,,,,,,,,
Q45712,Q4528621,,,,,,,,,,,,,,,,,,,,,,,,,,,,,,,,,,,,,,,,,,,,,
Q45713,Q45517590,,,,,,,,,,,,,,,,,,,,,,,,,,,,,,,,,,,,,,,,,,,,,
Q45716,Q335097,,,,,,,,,,,,,,,,,,,,,,,,,,,249681,,,,,,,,,,,,,,,,,,
Q45717,Q45517654,,,,,,,,,,,,,,,,,,,,,,,,,,,,,,,,,,,,,,,,,,,,,
Q45720,Q102858254,,,,,,,,,,,,,,,,,,,,,,,,,,,279081,,,,,,,,,,,,,,,,,,I00298640
Q45721,Q45517975,,,,,,,,,,,,,,,,,,,,,,,,,,,,,,,,,,,,,,,,,,,,,
Q45724,Q172502,,,,,,,,,,,,,,,,,,,,,,,,,,,182021,,p=feodor;n=rurikides;oc=2,,,,,,,,,,,,,Fedor_of_Smolensk_(1),,,I00298635
Q45725,Q45518103,,,,,,,,,,,,,,,,,,,,,,,,,,,,,,,,,,,,,,,,,,,,,
Q45728,Q4153586,,,,,,,,,,,,,,,,,,,,,,,,,,,182032,,p=david;n=rurikides;oc=11,,,,,,,,,,,,,David_of_Yaroslavl_(1),,,I00291356
Q45729,Q45518297,,,,,,,,,,,,,,,,,,,,,,,,,,,,,,,,,,,,,,,,,,,,,
Q45732,Q4231325,,,,,,,,,,,,,,,,,,,,,,,,,,,240842,,p=constantin;n=rurikides;oc=16,,,,,,,,,,,,,,,,I00195020
Q45733,Q45518552,,,,,,,,,,,,,,,,,,,,,,,,,,,,,,,,,,,,,,,,,,,,,
Q45736,Q3271404,,,,,,,,,,,,,,,,,,,,,,,,,,,445108,,,,,,,,,,,,,,,,,,
Q45737,Q45518806,,,,,,,,,,,,,,,,,,,,,,,,,,,,,,,,,,,,,,,,,,,,,
Q45740,Q4139563,,,,,,,,,,,,,,,,,,,,,,,,,,,62783,,p=gleb;n=rurikides;oc=16,,,dw.6101,,,,,,,,,,Gleb_of_Belozersk_(1),,,I00081447
Q45741,Q45518934,,,,,,,,,,,,,,,,,,,,,,,,,,,,,,,,,,,,,,,,,,,,,
Q45744,Q4297176,,,,,,,,,,,,,,,,,,,,,,,,,,,62784,,p=mikhail;n=rurikides;oc=24,,,,,,,,,,,,,,,,I00081449
Q45745,Q45519188,,,,,,,,,,,,,,,,,,,,,,,,,,,,,,,,,,,,,,,,,,,,,
Q45748,Q38963747,,,,,,,,,,,,,,,,,,,,,,,,,,,448769,,,,,,,,,,,,,,,,,,
Q45749,Q45519378,,,,,,,,,,,,,,,,,,,,,,,,,,,,,,,,,,,,,,,,,,,,,
Q45752,Q135218152,,,,,,,,,,,,,,,,,,,,,,,,,,,,,,,,,,,,,,,,,,,,,
Q45753,Q45519627,,,,,,,,,,,,,,,,,,,,,,,,,,,,,,,,,,,,,,,,,,,,,
Q45756,Q135218222,,,,,,,,,,,,,,,,,,,,,,,,,,,,,,,,,,,,,,,,,,,,,
Q45758,Q45519691,,,,,,,,,,,,,,,,,,,,,,,,,,,,,,,,,,,,,,,,,,,,,
Q45760,Q1341135,,,,,,,,,,,,,,,,,,,,,,,,,,,,,,,,,,,,,,,,,,,,,I00361817
Q45762,Q45519880,,,,,,,,,,,,,,,,,,,,,,,,,,,,,,,,,,,,,,,,,,,,,
Q45764,Q24867611,,,,,,,,,,,,,,,,,,,,,,,,,,,,,,,,,,,,,,,,,,,,,
Q45766,Q45520759,,,,,,,,,,,,,,,,,,,,,,,,,,,,,,,,,,,,,,,,,,,,,
Q45768,Q3056907,,,,,,,,,,,,,,,,,,,,,,,,,,,,,,,,,,,,,,,,,,,,,I00374615
Q45770,Q45521076,,,,,,,,,,,,,,,,,,,,,,,,,,,,,,,,,,,,,,,,,,,,,
Q45772,Q12857549,,,,,,,,,,,,,,,,,,,,,,,,,,,,,,,,,,,,,,,,,,,,,I00374616
Q45774,Q45521266,,,,,,,,,,,,,,,,,,,,,,,,,,,,,,,,,,,,,,,,,,,,,
Q45776,Q109929580,,,,,,,,,,,,,,,,,,,,,,,,,,,,,,,,,,,,,,,,,,,,,
Q45778,Q45521778,,,,,,,,,,,,,,,,,,,,,,,,,,,,,,,,,,,,,,,,,,,,,
Q45780,Q65465200,,,,,,,,,,,,,,,,,,,,,,,,,,,,,,,,,,,,,,,,,,,,,
Q45782,Q45521840,,,,,,,,,,,,,,,,,,,,,,,,,,,,,,,,,,,,,,,,,,,,,
Q45784,Q85884464,,,,,,,,,,,,,,,,,,,,,,,,,,,,,,,,,,,,,,,,,,,,,
Q45786,Q45521904,,,,,,,,,,,,,,,,,,,,,,,,,,,,,,,,,,,,,,,,,,,,,
Q45789,Q45606950,,,,,,,,,,,,,,,,,,,,,,,,,,,,,,,,,,,,,,,,,,,,,
Q45790,Q45522155,,,,,,,,,,,,,,,,,,,,,,,,,,,,,,,,,,,,,,,,,,,,,
Q45793,Q848946,,,,,,,,,,,,,,,,,,,,,,,,,,,,,,,,,,,,,,,,,,,,,
Q45794,Q45522535,,,,,,,,,,,,,,,,,,,,,,,,,,,,,,,,,,,,,,,,,,,,,
Q45797,Q4989,,,,,,,,,,,,,,,,,,,,,,,,,,,1420131|529837,,,,,,,,,,,,,,,,,,
Q45798,Q45522980,,,,,,,,,,,,,,,,,,,,,,,,,,,,,,,,,,,,,,,,,,,,,
Q45801,Q907847,,,,,,,,,,,,,,,,,,,,,,,,,,,,,,,,,,,,,,,,,,,,,
Q45802,Q45523236,,,,,,,,,,,,,,,,,,,,,,,,,,,,,,,,,,,,,,,,,,,,,
Q45805,Q16603292,,,,,,,,,,,,,,,,,,,,,,,,,,,,,,,,,,,,,,,,,,,,,
Q45806,Q45490409,,,,,,,,,,,,,,,,,,,,,,,,,,,,,,,,,,,,,,,,,,,,,
Q45809,Q4991,,,,,,,,,,,,,,,,,,,,,,,,,,,,,,,,,,,,,,,,,,,,,
Q45810,Q11123837,,,,,,,,,,,,,,,,,,,,,,,,,,,,,,,,,,,,,,,,,,,,,
Q45813,Q11072851,,,,,,,,,,,,,,,,,,,,,,,,,,,,,,,,,,,,,,,,,,,,,
Q45814,Q8255114,,,,,,,,,,,,,,,,,,,,,,,,,,,,,,,,,,,,,,,,,,,,,
Q45817,Q15898829,,,,,,,,,,,,,,,,,,,,,,,,,,,,,,,,,,,,,,,,,,,,,
Q45818,Q45406549,,,,,,,,,,,,,,,,,,,,,,,,,,,,,,,,,,,,,,,,,,,,,
Q45821,Q8254320,,,,,,,,,,,,,,,,,,,,,,,,,,,,,,,,,,,,,,,,,,,,,
Q45822,Q45406550,,,,,,,,,,,,,,,,,,,,,,,,,,,,,,,,,,,,,,,,,,,,,
Q45825,Q8254299,,,,,,,,,,,,,,,,,,,,,,,,,,,,,,,,,,,,,,,,,,,,,
Q45826,Q45406553,,,,,,,,,,,,,,,,,,,,,,,,,,,,,,,,,,,,,,,,,,,,,
Q45829,Q8251250,,,,,,,,,,,,,,,,,,,,,,,,,,,,,,,,,,,,,,,,,,,,,
Q45830,Q26198122,,,,,,,,,,,,,,,,,,,,,,,,,,,,,,,,,,,,,,,,,,,,,
Q45833,Q65798547,,,,,,,,,,,,,,,,,,,,,,,,,,,,,,,,,,,,,,,,,,,,,
Q45834,Q45682309,,,,,,,,,,,,,,,,,,,,,,,,,,,,,,,,,,,,,,,,,,,,,
Q45837,Q65798548,,,,,,,,,,,,,,,,,,,,,,,,,,,,,,,,,,,,,,,,,,,,,
Q45838,Q45682341,,,,,,,,,,,,,,,,,,,,,,,,,,,,,,,,,,,,,,,,,,,,,
Q45841,Q27894490,,,,,,,,,,,,,,,,,,,,,,,,,,,,,,,,,,,,,,,,,,,,,
Q45842,Q45682373,,,,,,,,,,,,,,,,,,,,,,,,,,,,,,,,,,,,,,,,,,,,,
Q45845,Q8254137,,,,,,,,,,,,,,,,,,,,,,,,,,,,,,,,,,,,,,,,,,,,,
Q45846,Q45682401,,,,,,,,,,,,,,,,,,,,,,,,,,,,,,,,,,,,,,,,,,,,,
Q45849,Q8263353,,,,,,,,,,,,,,,,,,,,,,,,,,,,,,,,,,,,,,,,,,,,,
Q45850,Q67523825,,,,,,,,,,,,,,,,,,,,,,,,,,,,,,,,,,,,,,,,,,,,,
Q45853,Q4997,,,,,,,,,,,,,,,,,,,,,,,,,,,,,,,,,,,,,,,,,,,,,
Q45855,Q45682588,,,,,,,,,,,,,,,,,,,,,,,,,,,,,,,,,,,,,,,,,,,,,
Q45857,Q16260168,,,,,,,,,,,,,,,,,,,,,,,,,,,,,,,,,,,,,,,,,,,,,
Q45859,Q45682711,,,,,,,,,,,,,,,,,,,,,,,,,,,,,,,,,,,,,,,,,,,,,
Q45861,Q16078655,,,,,,,,,,,,,,,,,,,,,,,,,,,,,,,,,,,,,,,,,,,,,
Q45863,Q45682741,,,,,,,,,,,,,,,,,,,,,,,,,,,,,,,,,,,,,,,,,,,,,
Q45865,Q16260670,,,,,,,,,,,,,,,,,,,,,,,,,,,,,,,,,,,,,,,,,,,,,
Q45867,Q45461579,,,,,,,,,,,,,,,,,,,,,,,,,,,,,,,,,,,,,,,,,,,,,
Q45869,Q10484606,,,,,,,,,,,,,,,,,,,,,,,,,,,,,,,,,,,,,,,,,,,,,
Q45871,Q45422132,,,,,,,,,,,,,,,,,,,,,,,,,,,,,,,,,,,,,,,,,,,,,
Q45873,Q16075286,,,,,,,,,,,,,,,,,,,,,,,,,,,,,,,,,,,,,,,,,,,,,
Q45875,Q65805869,,,,,,,,,,,,,,,,,,,,,,,,,,,,,,,,,,,,,,,,,,,,,
Q45877,Q65798673,,,,,,,,,,,,,,,,,,,,,,,,,,,,,,,,,,,,,,,,,,,,,
Q45879,Q45602510,,,,,,,,,,,,,,,,,,,,,,,,,,,,,,,,,,,,,,,,,,,,,
Q45881,Q45430763,,,,,,,,,,,,,,,,,,,,,,,,,,,,,,,,,,,,,,,,,,,,,
Q45883,Q45603864,,,,,,,,,,,,,,,,,,,,,,,,,,,,,,,,,,,,,,,,,,,,,
Q45885,Q45415656,,,,,,,,,,,,,,,,,,,,,,,,,,,,,,,,,,,,,,,,,,,,,
Q45887,Q45422139,,,,,,,,,,,,,,,,,,,,,,,,,,,,,,,,,,,,,,,,,,,,,
Q45889,Q45682036,,,,,,,,,,,,,,,,,,,,,,,,,,,,,,,,,,,,,,,,,,,,,
Q45891,Q45450538,,,,,,,,,,,,,,,,,,,,,,,,,,,,,,,,,,,,,,,,,,,,,
Q45893,Q19852028,,,,,,,,,,,,,,,,,,,,,,,,,,,,,,,,,,,,,,,,,,,,,
Q45895,Q45554686,,,,,,,,,,,,,,,,,,,,,,,,,,,,,,,,,,,,,,,,,,,,,
Q45897,Q45478788,,,,,,,,,,,,,,,,,,,,,,,,,,,,,,,,,,,,,,,,,,,,,
Q45899,Q45474505,,,,,,,,,,,,,,,,,,,,,,,,,,,,,,,,,,,,,,,,,,,,,
Q45901,Q56205709,,,,,,,,,,,,,,,,,,,,,,,,,,,,,,,,,,,,,,,,,,,,,I00139079
Q45903,Q45479831,,,,,,,,,,,,,,,,,,,,,,,,,,,,,,,,,,,,,,,,,,,,,
Q45907,Q45603023,,,,,,,,,,,,,,,,,,,,,,,,,,,,,,,,,,,,,,,,,,,,,
Q45909,Q112944279,,,,,,,,,,,,,,,,,,,,,,,,,,,,,,,,,,,,,,,,,,,,,I00303337
Q45911,Q45603285,,,,,,,,,,,,,,,,,,,,,,,,,,,,,,,,,,,,,,,,,,,,,
Q45913,Q129094186,,,,,,,,,,,,,,,,,,,,,,,,,,,,,,,,,,,,,,,,,,,,,I00341771
Q45915,Q45603672,,,,,,,,,,,,,,,,,,,,,,,,,,,,,,,,,,,,,,,,,,,,,
Q45917,Q2834617,,,,,,,,,,,,,,,,,,,,,,,,,,,,,,,,,,,,,,,,,,Alexios_Palaiologos_(5),,,I00139078
Q45919,Q45603736,,,,,,,,,,,,,,,,,,,,,,,,,,,,,,,,,,,,,,,,,,,,,
Q45921,Q12900548,,,,,,,,,,,,,,,,,,,,,,,,,,,,,,,,,,,,,,,,,,,,,I00293031
Q45923,Q45603800,,,,,,,,,,,,,,,,,,,,,,,,,,,,,,,,,,,,,,,,,,,,,
Q45925,Q5920153,,,,,,,,,,,,,,,,,,,,,,,,,,,,,,,,,,,,,,,,,,,,,
Q45927,Q45529297,,,,,,,,,,,,,,,,,,,,,,,,,,,,,,,,,,,,,,,,,,,,,
Q45929,Q795174,,,,,,,,,,,,,,,,,,,,,,,,,,,,,,,,,,,,,,,,,,Theodora_Palaiologina_(17),,,
Q45931,Q45529167,,,,,,,,,,,,,,,,,,,,,,,,,,,,,,,,,,,,,,,,,,,,,
Q45933,Q61014344,,,,,,,,,,,,,,,,,,,,,,,,,,,,,,,,,,,,,,,,,,,,,
Q45935,Q108058999,,,,,,,,,,,,,,,,,,,,,,,,,,,,,,,,,,,,,,,,,,,,,
Q45937,Q61017906,,,,,,,,,,,,,,,,,,,,,,,,,,,,,,,,,,,,,,,,,,,,,
Q45939,Q2187385,,,,,,,,,,,,,,,,,,,,,,,,,,,644448,,,,,,,,,,,,,,,,,,
Q45941,Q61018526,,,,,,,,,,,,,,,,,,,,,,,,,,,,,,,,,,,,,,,,,,,,,
Q45943,Q366661,,,,,,,,,,,,,,,,,,,,,,,,,,,644450,,,,,,,,,,,,,,,,,,
Q45945,Q574537,,,,,,,,,,,,,,,,,,,,,,,,,,,,,,,,,,,,,,,,,p22002.htm#i220016,Smiltsena_Palaiologina_(1),,,
Q45947,Q45573069,,,,,,,,,,,,,,,,,,,,,,,,,,,,,,,,,,,,,,,,,,,,,
Q45949,Q10311250,,,,,,,,,,,,,,,,,,,,,,,,,,,,,,,,,,,,,,,,,,,,,I00571550
Q45951,Q45573120,,,,,,,,,,,,,,,,,,,,,,,,,,,,,,,,,,,,,,,,,,,,,
Q45953,Q3622813,,,,,,,,,,,,,,,,,,,,,,,,,,,,,,,,,,,,,,,,,p14554.htm#i145540,,,,I00764447
Q45955,Q45573187,,,,,,,,,,,,,,,,,,,,,,,,,,,,,,,,,,,,,,,,,,,,,
Q45957,Q795171,,,,,,,,,,,,,,,,,,,,,,,,,,,,,,,,,,,,,,,,,,,,,
Q45959,Q45529935,,,,,,,,,,,,,,,,,,,,,,,,,,,,,,,,,,,,,,,,,,,,,
Q45961,Q3624855,,,,,,,,,,,,,,,,,,,,,,,,,,,689732,,,,,,,,,,,,,,,,,,I00303836
Q45963,Q65803849,,,,,,,,,,,,,,,,,,,,,,,,,,,,,,,,,,,,,,,,,,,,,
Q45965,Q61442648,,,,,,,,,,,,,,,,,,,,,,,,,,,580956,,,,,,,,,,,,,,,,,,
Q45967,Q26208883,,,,,,,,,,,,,,,,,,,,,,,,,,,,,,,,,,,,,,,,,,,,,
Q45969,Q61054154,,,,,,,,,,,,,,,,,,,,,,,,,,,,,,,,,,,,,,,,,,,,,
Q45971,Q26208884,,,,,,,,,,,,,,,,,,,,,,,,,,,,,,,,,,,,,,,,,,,,,
Q45973,Q61054004,,,,,,,,,,,,,,,,,,,,,,,,,,,,,,,,,,,,,,,,,,,,,
Q45975,Q45420617,,,,,,,,,,,,,,,,,,,,,,,,,,,,,,,,,,,,,,,,,,,,,
Q45977,Q2618802,,,,,,,,,,,,,,,,,,,,,,,,,,,,,,,,,,,,,,,,,,,,,
Q45979,Q45466608,,,,,,,,,,,,,,,,,,,,,,,,,,,,,,,,,,,,,,,,,,,,,
Q45981,Q3558563,,,,,,,,,,,,,,,,,,,,,,,,,,,,,,,,,,,,,,,,,,,,,
Q45983,Q45420614,,,,,,,,,,,,,,,,,,,,,,,,,,,,,,,,,,,,,,,,,,,,,
Q45985,Q285698,,,,,,,,,,,,,,,,,,,,,,,,,,,,,,,,,,,,,,,,,,,,,I00341770
Q45987,Q836750,,,,,,,,,,,,,,,,,,,,,,,,,,,,,,,,,,,,,,,,,,,,,
Q45989,Q9614889,,,,,,,,,,,,,,,,,,,,,,,,,,,,,,,,,,,,,,,,,,,,,
Q45991,Q45682278,,,,,,,,,,,,,,,,,,,,,,,,,,,,,,,,,,,,,,,,,,,,,
Q45993,Q248347,,,,,,,,,,,,,,,,,,,,,,,,,,,,,,,,,,,,,,,,,,,,,
Q45995,Q26209543,,,,,,,,,,,,,,,,,,,,,,,,,,,,,,,,,,,,,,,,,,,,,
Q45997,Q285675,,,,,,,,,,,,,,,,,,,,,,,,,,,,,,,,,,,,,,,,,,,,,
Q45999,Q45652120,,,,,,,,,,,,,,,,,,,,,,,,,,,,,,,,,,,,,,,,,,,,,
Q46002,Q112111649,,,,,,,,,,,,,,,,,,,,,,,,,,,,,,,,,,,,,,,,,,,,,
Q46003,Q45487135,,,,,,,,,,,,,,,,,,,,,,,,,,,,,,,,,,,,,,,,,,,,,
Q46006,Q22342986,,,,,,,,,,,,,,,,,,,,,,,,,,,,,,,,,,,,,,,,,,,,,I00139077
Q46007,Q45487262,,,,,,,,,,,,,,,,,,,,,,,,,,,,,,,,,,,,,,,,,,,,,
Q46010,Q61973388,,,,,,,,,,,,,,,,,,,,,,,,,,,,,,,,,,,,,,,,,,,,,I00293018
Q46011,Q11132631,,,,,,,,,,,,,,,,,,,,,,,,,,,,,,,,,,,,,,,,,,,,,
Q46014,Q158038,,,,,,,,,,,,,,,,,,,,,,,,,,,153372,,,,,dw.1233,,,,,,,,,p11415.htm#i114142,Stephen_V_of_Hungary_(1),,Arpadhazi-1,I00020689
Q46015,Q8251356,,,,,,,,,,,,,,,,,,,,,,,,,,,,,,,,,,,,,,,,,,,,,
Q46018,Q265467,,,,,,,,,,,,,,,,,,,,,,,,,,,258161,,,,,dw.1282,,,,,,,,,p11415.htm#i114143,Elizabeth_the_Cuman_(1),,Kumania-3,I00020690
Q46019,Q45673502,,,,,,,,,,,,,,,,,,,,,,,,,,,,,,,,,,,,,,,,,,,,,
Q46022,Q156147,,,,,,,,,,,,,,,,,,,,,,,,,,,161254,,p=laszlo;n=arpad;oc=4,,,dw.1287,,,,,,,,,p11417.htm#i114161,Ladislaus_IV_of_Hungary_(1),,Árpádházi-91,I00020750
Q46023,Q45673547,,,,,,,,,,,,,,,,,,,,,,,,,,,,,,,,,,,,,,,,,,,,,
Q46026,Q614258,,,,,,,,LDWK-FM9,,,,,,,,,,I3034,,,,,,,,,153373,,p=maria;n=arpad,,,dw.1284,,,,,,,,,p11416.htm#i114157,Maria_of_Hungary_(1),,Arpadhazi-23,I00004076
Q46027,Q45673589,,,,,,,,,,,,,,,,,,,,,,,,,,,,,,,,,,,,,,,,,,,,,
Q46030,Q687018,,,,,,,,,,,,,,,,,,,,,,,,,,,,,,,,dw.1286,,,,,,,,,p11416.htm#i114159,"Elizabeth_of_Hungary,_Queen_of_Serbia_(1)",,,I00020730
Q46031,Q45515724,,,,,,,,,,,,,,,,,,,,,,,,,,,,,,,,,,,,,,,,,,,,,
Q46034,Q842650,,,,,,,,,,,,,,,,,,,,,,,,,,,,,,,,dw.1283,,,,,,,,,p11416.htm#i114155,"Catherine_of_Hungary,_Queen_of_Serbia_(1)",,,I00020743
Q46035,Q26209473,,,,,,,,,,,,,,,,,,,,,,,,,,,,,,,,,,,,,,,,,,,,,
Q46039,Q45419239,,,,,,,,,,,,,,,,,,,,,,,,,,,,,,,,,,,,,,,,,,,,,
Q46042,Q3637283,,,,,,,,,,,,,,,,,,I3038,,,,,,,,,149224,,p=beatriz;n=de castilla;oc=2,,,,,,,,,,,,p11343.htm#i113427,Beatrice_of_Castile_(1),,Bourgogne-260,I00005033
Q46043,Q24834450,,,,,,,,,,,,,,,,,,,,,,,,,,,,,,,,,,,,,,,,,,,,,
Q46047,Q45419279,,,,,,,,,,,,,,,,,,,,,,,,,,,,,,,,,,,,,,,,,,,,,
Q46050,Q2252319,,,,,,,,,,,,,,,,,,I3039,,,,,,,,,579490,,p=giovanni;n=di monferrato,,,,,,,,,,,,,"John_I,_Marquess_of_Montferrat_(1)",,,I00539862
Q46051,Q10454303,,,,,,,,,,,,,,,,,,,,,,,,,,,,,,,,,,,,,,,,,,,,,
Q46054,Q6002551,,,,,,,,,,,,,,,,,,,,,,,,,,,,,,,,,,,,,,,,,,,,,
Q46055,Q45420383,,,,,,,,,,,,,,,,,,,,,,,,,,,,,,,,,,,,,,,,,,,,,
Q46058,Q2579326,,,,,,,,,,,,,,,,,,,,,,,,,,,,,,,,,,,,,,,,,,Rita_of_Armenia_(1),,,I00171945
Q46059,Q45420733,,,,,,,,,,,,,,,,,,,,,,,,,,,,,,,,,,,,,,,,,,,,,
Q46062,Q3623041,,,,,,,,,,,,,,,,,,,,,,,,,,,,,,,,,,,,,,,,,p22003.htm#i220027,Theodora_Palaiologina_(1),,,
Q46063,Q45491571,,,,,,,,,,,,,,,,,,,,,,,,,,,,,,,,,,,,,,,,,,,,,
Q46066,Q37063,,alvin-person:52495,,,,,,,,,,,,,,,,,,,,,,person/45c8f9f1-7b28-4614-a3b7-fbfedca17626,,,251855,,p=andronikos;n=palaiologos;oc=3,,,,,,,,,,,,p787.htm#i7866,Andronikos_III_Palaiologos_(1),,Palaiologos-15,I00171946
Q46067,Q65805358,,,,,,,,,,,,,,,,,,,,,,,,,,,,,,,,,,,,,,,,,,,,,
Q46070,Q21003760,,,,,,,,,,,,,,,,,,,,,,,,,,,,,,,,,,,,,,,,,,,,,
Q46071,Q109347473,,,,,,,,,,,,,,,,,,,,,,,,,,,,,,,,,,,,,,,,,,,,,
Q46074,Q22342963,,,,,,,,,,,,,,,,,,,,,,,,,,,,,,,,,,,,,,,,,,,,,
Q46075,Q24833531,,,,,,,,,,,,,,,,,,,,,,,,,,,,,,,,,,,,,,,,,,,,,
Q46078,Q61972627,,,,,,,,,,,,,,,,,,,,,,,,,,,,,,,,,,,,,,,,,p4150.htm#i41493,,,Spinola-1,I00004986
Q46079,Q28413701,,,,,,,,,,,,,,,,,,,,,,,,,,,,,,,,,,,,,,,,,,,,,
Q46082,Q4013809,,,,,,,,,,,,,,,,,,,,,,,,,,,145295,,,,,sw.129692,,,,,,,,,p61488.htm#i614877,Yolande_Palaeologina_of_Montferrato_(1),,Montferrat-24,I00004989
Q46083,Q45681409,,,,,,,,,,,,,,,,,,,,,,,,,,,,,,,,,,,,,,,,,,,,,
Q46086,Q1070853,,,,,,,,,,,,,,,,,,,,,,,,,,,139056,,,,,,,,,,,,,,p61489.htm#i614883,"Giovanni_Unknown_(1)|John_II,_Marquess_of_Montferrat_(1)",,Marquess_of_Montferrat-1,I00012471
Q46087,Q45443157,,,,,,,,,,,,,,,,,,,,,,,,,,,,,,,,,,,,,,,,,,,,,
Q46090,Q319597,,,,,,,,,,9436388,,,,,,,,,,,,,,,,,280648,,,,,,,,,,,,,,p14555.htm#i145547,Stephen_Uroš_II_Milutin_of_Serbia_(1),,Serbia-1,I00292997
Q46091,Q28408974,,,,,,,,,,,,,,,,,,,,,,,,,,,,,,,,,,,,,,,,,,,,,
Q46094,Q3154641,,,,,,,,,,,,,,,,,,,,,,,,,,,,,,,,,,,,,,,,,,,,,
Q46095,Q11293996,,,,,,,,,,,,,,,,,,,,,,,,,,,,,,,,,,,,,,,,,,,,,
Q46098,Q441850,,,,,,,,,,,,,,,,,,,,,,,,,,,468287,,,,,,,,,,,,,,p22156.htm#i221556,Irene_Palaiologina_(1),,,
Q46099,Q97183956,,,,,,,,,,,,,,,,,,,,,,,,,,,,,,,,,,,,,,,,,,,,,
Q46102,Q60923089,,,,,,,,,,,,,,,,,,,,,,,,,,,,,,,,,,,,,,,,,,,,,
Q46103,Q15912695,,,,,,,,,,,,,,,,,,,,,,,,,,,,,,,,,,,,,,,,,,,,,
Q46106,Q61330014,,,,,,,,,,,,,,,,,,,,,,,,,,,,,,,,,,,,,,,,,,,,,
Q46108,Q45515217,,,,,,,,,,,,,,,,,,,,,,,,,,,,,,,,,,,,,,,,,,,,,
Q46110,Q59773164,,,,,,,,,,,,,,,,,,,,,,,,,,,,,,,,,,,,,,,,,,,,,
Q46112,Q45538034,,,,,,,,,,,,,,,,,,,,,,,,,,,,,,,,,,,,,,,,,,,,,
Q46114,Q61328617,,,,,,,,,,,,,,,,,,,,,,,,,,,,,,,,,,,,,,,,,,,,,
Q46116,Q45538100,,,,,,,,,,,,,,,,,,,,,,,,,,,,,,,,,,,,,,,,,,,,,
Q46118,Q574704,,,,,,,,,,,,,,,,,,,,,,,,,,,,,,,,,,,,,,,,,,John_Doukas_(8),,,
Q46120,Q45538161,,,,,,,,,,,,,,,,,,,,,,,,,,,,,,,,,,,,,,,,,,,,,
Q46122,Q96241086,,,,,,,,,,,,,,,,,,,,,,,,,,,,,,,,,,,,,,,,,,,,,I00152137
Q46124,Q45538226,,,,,,,,,,,,,,,,,,,,,,,,,,,,,,,,,,,,,,,,,,,,,
Q46126,Q129093551,,,,,,,,,,,,,,,,,,,,,,,,,,,,,,,,,,,,,,,,,,,,,I00400260
Q46128,Q45538288,,,,,,,,,,,,,,,,,,,,,,,,,,,,,,,,,,,,,,,,,,,,,
Q46130,Q715486,,,,,,,,,,,,,,,,,,,,,,,,,,,910553,,,,,,,,,,,,,,p22003.htm#i220024,Mitso_Asen_of_Bulgaria_(1),,,I00298918
Q46132,Q15924790,,,,,,,,,,,,,,,,,,,,,,,,,,,,,,,,,,,,,,,,,,,,,
Q46134,Q435990,,,,,,,,,,,,,,,,,,,,,,,,,,,,,,,,,,,,,,,,,p15003.htm#i150022,Maria_Asenina_of_Bulgaria_(1),,,I00298919
Q46136,Q5374656,,,,,,,,,,,,,,,,,,,,,,,,,,,,,,,,,,,,,,,,,,,,,
Q46138,Q574542,,,,,,,,,,,,,,,,,,,,,,,,,,,622102,,,,,,,,,,,,,,p22003.htm#i220023,Kira_Maria_Asenina_of_Bulgaria_(1),,,
Q46140,Q8254970,,,,,,,,,,,,,,,,,,,,,,,,,,,,,,,,,,,,,,,,,,,,,
Q46143,Q10324067,,,,,,,,,,,,,,,,,,,,,,,,,,,,,,,,,,,,,,,,,,,,,
Q46144,Q6539114,,,,,,,,,,,,,,,,,,,,,,,,,,,,,,,,,,,,,,,,,,,,,
Q46147,Q83276398,,,,,,,,,,,,,,,,,,,,,,,,,,,,,,,,,,,,,,,,,,,,,
Q46148,Q9753,,,,,,,,,,,,,,,,,,,,,,,,,,,,,,,,,,,,,,,,,,,,,
Q46151,Q2574542,,,,,,,,,,,,,,,,,,,,,,,,,,,,,,,,,,,,,,,,,p71465.htm#i714650,Irene_Asanina_(1),,,I00293042
Q46152,Q11095326,,,,,,,,,,,,,,,,,,,,,,,,,,,,,,,,,,,,,,,,,,,,,
Q46155,Q122216615,,,,,,,,,,,,,,,,,,,,,,,,,,,,,,,,,,,,,,,,,,,,,
Q46156,Q10332402,,,,,,,,,,,,,,,,,,,,,,,,,,,,,,,,,,,,,,,,,,,,,
Q46159,Q17023203,,,,,,,,,,,,,,,,,,,,,,,,,,,,,,,,,,,,,,,,,,,,,
Q46160,Q10332507,,,,,,,,,,,,,,,,,,,,,,,,,,,,,,,,,,,,,,,,,,,,,
Q46163,Q436817,,,,,,,,,,,,,,,,,,,,,,,,,,,,,,,,,,,,,,,,,,,,,
Q46164,Q4499246,,,,,,,,,,,,,,,,,,,,,,,,,,,,,,,,,,,,,,,,,,,,,
Q46167,Q366036,,,,,,,,,,,,,,,,,,,,,,,,person/7aec8aed-f88d-44d6-93a0-619f5ba150ae,,,280446,,,,,,,,,,,,,,p21911.htm#i219107,Manuel_I_of_Trebizond_(1),,,I00302850
Q46168,Q11095360,,,,,,,,,,,,,,,,,,,,,,,,,,,,,,,,,,,,,,,,,,,,,
Q46171,Q6069268,,,,,,,,,,,,,,,,,,,,,,,,,,,1265855,,,,,,,,,,,,,,p21914.htm#i219139,Irene_Syrikaina_(1),,,I00302851
Q46172,Q11095377,,,,,,,,,,,,,,,,,,,,,,,,,,,,,,,,,,,,,,,,,,,,,
Q46175,Q452001,,,,,,,,,,,,,,,,,,,,,,,,,,,,,,,,,,,,,,,,,p21912.htm#i219112,"George,_Emperor_of_Trebizond_(1)",,,I00764358
Q46176,Q11095395,,,,,,,,,,,,,,,,,,,,,,,,,,,,,,,,,,,,,,,,,,,,,
Q46179,Q452010,,,,,,,,,,,,,,,,,,,,,,,,,,,,,,,,,,,,,,,,,p21911.htm#i219109,Andronikos_II_of_Trebizond_(1),,,I00764357
Q46180,Q10332623,,,,,,,,,,,,,,,,,,,,,,,,,,,,,,,,,,,,,,,,,,,,,
Q46183,Q257804,,,,,,,,,,,,,,,,,,,,,,,,,,,,,,,,,,,,,,,,,p21912.htm#i219115,Theodora_of_Trebizond_(1),,,I00764369
Q46184,Q11095397,,,,,,,,,,,,,,,,,,,,,,,,,,,,,,,,,,,,,,,,,,,,,
Q46187,Q4676425,,,,,,,,,,,,,,,,,,,,,,,,,,,,,,,,,,,,,,,,,p21916.htm#i219160,,,,
Q46188,Q11095399,,,,,,,,,,,,,,,,,,,,,,,,,,,,,,,,,,,,,,,,,,,,,
Q46191,Q729502,,,,,,,,,,,,,,,,,,,,,,,,,,,,,,,,,,,,,,,,,p21913.htm#i219125,,,,I00764363
Q46192,Q11097918,,,,,,,,,,,,,,,,,,,,,,,,,,,,,,,,,,,,,,,,,,,,,
Q46195,Q6191429,,,,,,,,,,,,,,,,,,,,,,,,,,,,,,,,,,,,,,,,,p21915.htm#i219147,Djiadjak_Jaqeli_(1),,,I00302830
Q46196,Q10921565,,,,,,,,,,,,,,,,,,,,,,,,,,,,,,,,,,,,,,,,,,,,,
Q46199,Q472224,,,,,,,,,,,,,,,,,,,,,,,,,,,350263,,,,,,,,,,,,,,p21912.htm#i219120,Basil_of_Trebizond_(1),,,I00302831
Q46200,Q10952238,,,,,,,,,,,,,,,,,,,,,,,,,,,,,,,,,,,,,,,,,,,,,
Q46203,Q365659,,,,,,,,,,,,,,,,,,,,,,,,,,,350262,,,,,,,,,,,,,,p21912.htm#i219118,Andronikos_III_of_Trebizond_(1),,,I00764360
Q46204,Q11131308,,,,,,,,,,,,,,,,,,,,,,,,,,,,,,,,,,,,,,,,,,,,,
Q46207,Q439701,,,,,,,,,,,,,,,,,,,,,,,,,,,,,,,,,,,,,,,,,p21913.htm#i219122,Anna_of_Trebizond_(2),,,I00764359
Q46208,Q16260668,,,,,,,,,,,,,,,,,,,,,,,,,,,,,,,,,,,,,,,,,,,,,
Q46211,Q75571140,,,,,,,,,,,,,,,,,,,,,,,,,,,,,,,,,,,,,,,,,p21915.htm#i219149,,,,
Q46212,Q15954845,,,,,,,,,,,,,,,,,,,,,,,,,,,,,,,,,,,,,,,,,,,,,
Q46215,Q75571142,,,,,,,,,,,,,,,,,,,,,,,,,,,,,,,,,,,,,,,,,p21915.htm#i219150,,,,
Q46216,Q15914778,,,,,,,,,,,,,,,,,,,,,,,,,,,,,,,,,,,,,,,,,,,,,
Q46219,Q75571143,,,,,,,,,,,,,,,,,,,,,,,,,,,,,,,,,,,,,,,,,p21916.htm#i219151,,,,
Q46220,Q15938364,,,,,,,,,,,,,,,,,,,,,,,,,,,,,,,,,,,,,,,,,,,,,
Q46223,Q12279667,,,,,,,,,,,,,,,,,,,,,,,,,,,,,,,,,,,,,,,,,p14555.htm#i145548,,,,
Q46224,Q11095388,,,,,,,,,,,,,,,,,,,,,,,,,,,,,,,,,,,,,,,,,,,,,
Q46227,Q729407,,,,,,,,,,,,,,,,,,,,,,,,,,,723096,,,,,dw.8082,,,,,,,,,p12005.htm#i120047,Michael_II_Komnenos_Doukas_(1),,,I00106567
Q46228,Q65809593,,,,,,,,,,,,,,,,,,,,,,,,,,,,,,,,,,,,,,,,,,,,,
Q46231,Q437562,,,,,,,,,,,,,,,,,,,,,,,,,,,,,,,,,,,,,,,,,,Theodora_Petraliphaina_(1),,,I00106568
Q46232,Q65809768,,,,,,,,,,,,,,,,,,,,,,,,,,,,,,,,,,,,,,,,,,,,,
Q46235,Q16206658,,,,,,,,,,,,,,,,,,,,,,,,,,,,,p=anna;n=angelos doukas,,,,,,,,,,,,,Anna_Komnene_Doukaina_(1),,,I00106565
Q46236,Q45538415,,,,,,,,,,,,,,,,,,,,,,,,,,,,,,,,,,,,,,,,,,,,,
Q46239,Q269904,,,,,,,,,,,,,,,,,,,,,,,,,,,723097,,p=helena;n=doukas angelos,,,dw.8055,,,,,,,,,,Helena_Angelina_Doukaina_(1),,Αγγελίνα_Δούκαινα-1,I00292976
Q46240,Q45538478,,,,,,,,,,,,,,,,,,,,,,,,,,,,,,,,,,,,,,,,,,,,,
Q46243,Q628798,,,,,,,,,,,,,,,,,,,,,,,,,,,689670,,,,,,,,,,,,,,p12005.htm#i120046,John_I_Doukas_(1),,,
Q46244,Q45538541,,,,,,,,,,,,,,,,,,,,,,,,,,,,,,,,,,,,,,,,,,,,,
Q46247,Q889914,,,,,,,,,,,,,,,,,,,,,,,,,,,689733,,,,,,,,,,,,,,p12006.htm#i120058,Nikephoros_I_Komnenos_Doukas_(1),,,I00008721
Q46248,Q45538604,,,,,,,,,,,,,,,,,,,,,,,,,,,,,,,,,,,,,,,,,,,,,
Q46251,Q21055295,,,,,,,,,,,,,,,,,,,,,,,,,,,,,,,,,,,,,,,,,,,,,
Q46252,Q45538668,,,,,,,,,,,,,,,,,,,,,,,,,,,,,,,,,,,,,,,,,,,,,
Q46255,Q574544,,,,,,,,,,,,,,,,,,,,,,,,,,,622114,,,,,,,,,,,,,,p14555.htm#i145546,Anna_Terter_of_Bulgaria_(1),,Mistress-9,I00292998
Q46256,Q45538732,,,,,,,,,,,,,,,,,,,,,,,,,,,,,,,,,,,,,,,,,,,,,
Q46259,Q20499108,,,,,,,,,,,,,,,,,,,,,,,,,,,,,,,,,,,,,,,,,,,,,I00571557
Q46260,Q45538796,,,,,,,,,,,,,,,,,,,,,,,,,,,,,,,,,,,,,,,,,,,,,
Q46263,Q498444,,,,,,,,,,,,,,,,,,,,,,,,,,,,,,,,,,,,,,,,,,,,,
Q46264,Q45538859,,,,,,,,,,,,,,,,,,,,,,,,,,,,,,,,,,,,,,,,,,,,,
Q46267,Q61283831,,,,,,,,,,,,,,,,,,,,,,,,,,,,,,,,,,,,,,,,,,,,,
Q46268,Q45538923,,,,,,,,,,,,,,,,,,,,,,,,,,,,,,,,,,,,,,,,,,,,,
Q46271,Q60928131,,,,,,,,,,,,,,,,,,,,,,,,,,,,,,,,,,,,,,,,,,,,,I00293016
Q46272,Q65803050,,,,,,,,,,,,,,,,,,,,,,,,,,,,,,,,,,,,,,,,,,,,,
Q46275,Q3657438,,,,,,,,,,,,,,,,,,,,,,,,,,,,,,,,,,,,,,,,,,,,,I00293000
Q46276,Q45539116,,,,,,,,,,,,,,,,,,,,,,,,,,,,,,,,,,,,,,,,,,,,,
Q46279,Q60925781,,,,,,,,,,,,,,,,,,,,,,,,,,,,,,,,,,,,,,,,,,,,,
Q46280,Q45539179,,,,,,,,,,,,,,,,,,,,,,,,,,,,,,,,,,,,,,,,,,,,,
Q46283,Q3788435,,,,,,,,,,,,,,,,,,,,,,,,,,,,,,,,,,,,,,,,,,,,,
Q46284,Q45539242,,,,,,,,,,,,,,,,,,,,,,,,,,,,,,,,,,,,,,,,,,,,,
Q46287,Q97189583,,,,,,,,,,,,,,,,,,,,,,,,,,,,,,,,,,,,,,,,,,,,,
Q46288,Q45539306,,,,,,,,,,,,,,,,,,,,,,,,,,,,,,,,,,,,,,,,,,,,,
Q46291,Q3021514,,,,,,,,,,,,,,,,,,,,,,,,,,,,,,,,,,,,,,,,,,,,,I00299613
Q46292,Q45539371,,,,,,,,,,,,,,,,,,,,,,,,,,,,,,,,,,,,,,,,,,,,,
Q46295,Q1076240,,,,,,,,,,,,,,,,,,,,,,,,,,,,,,,,,,,,,,,,,,,,,
Q46296,Q45539435,,,,,,,,,,,,,,,,,,,,,,,,,,,,,,,,,,,,,,,,,,,,,
Q46299,Q471985,,,,,,,,,,,,,,,,,,,,,,,,,,,,,,,,,,,,,,,,,,,,,
Q46300,Q45539499,,,,,,,,,,,,,,,,,,,,,,,,,,,,,,,,,,,,,,,,,,,,,
Q46303,Q698603,,,,,,,,,,,,,,,,,,,,,,,,,,,,,,,,,,,,,,,,,,,,,
Q46304,Q45539688,,,,,,,,,,,,,,,,,,,,,,,,,,,,,,,,,,,,,,,,,,,,,
Q46307,Q11950557,,,,,,,,,,,,,,,,,,,,,,,,,,,,,,,,,,,,,,,,,,,,,
Q46308,Q45539752,,,,,,,,,,,,,,,,,,,,,,,,,,,,,,,,,,,,,,,,,,,,,
Q46311,Q887093,,,,,,,,,,,,,,,,,,,,,,,,,,,352891|352895,,,,,,,,,,,,,,,David_VII_of_Georgia_(1),,,I00559142
Q46312,Q45539815,,,,,,,,,,,,,,,,,,,,,,,,,,,,,,,,,,,,,,,,,,,,,
Q46315,Q5623203,,,,,,,,,,,,,,,,,,,,,,,,,,,447896,,,,,,,,,,,,,,,Gvantsa_(1),,,I00763634
Q46316,Q45539879,,,,,,,,,,,,,,,,,,,,,,,,,,,,,,,,,,,,,,,,,,,,,
Q46319,Q84022073,,,,,,,,,,,,,,,,,,,,,,,,,,,585732,,,,,,,,,,,,,,,,,,I00763500
Q46320,Q45540005,,,,,,,,,,,,,,,,,,,,,,,,,,,,,,,,,,,,,,,,,,,,,
Q46323,Q84072595,,,,,,,,,,,,,,,,,,,,,,,,,,,,,,,,,,,,,,,,,,,,,
Q46324,Q45540065,,,,,,,,,,,,,,,,,,,,,,,,,,,,,,,,,,,,,,,,,,,,,
Q46327,Q3284984,,,,,,,,,,,,,,,,,,,,,,,,,,,,,,,,,,,,,,,,,,,,,
Q46328,Q45540130,,,,,,,,,,,,,,,,,,,,,,,,,,,,,,,,,,,,,,,,,,,,,
Q46331,Q2879243,,,,,,,,,,,,,,,,,,,,,,,,,,,1251217,,,,,,,,,,,,,,,,,,
Q46332,Q45540193,,,,,,,,,,,,,,,,,,,,,,,,,,,,,,,,,,,,,,,,,,,,,
Q46335,Q3147187,,,,,,,,,,,,,,,,,,,,,,,,,,,1251222,,,,,,,,,,,,,,,,,,
Q46336,Q65803904,,,,,,,,,,,,,,,,,,,,,,,,,,,,,,,,,,,,,,,,,,,,,
Q46339,Q56735397,,,,,,,,,,,,,,,,,,,,,,,,,,,,,,,,,,,,,,,,,,,,,
Q46340,Q45540318,,,,,,,,,,,,,,,,,,,,,,,,,,,,,,,,,,,,,,,,,,,,,
Q46343,Q56735448,,,,,,,,,,,,,,,,,,,,,,,,,,,,,,,,,,,,,,,,,,,,,
Q46344,Q45540384,,,,,,,,,,,,,,,,,,,,,,,,,,,,,,,,,,,,,,,,,,,,,
Q46347,Q7335756,,,,,,,,,,,,,,,,,,,,,,,,,,,,,,,,,,,,,,,,,,,,,
Q46348,Q45540447,,,,,,,,,,,,,,,,,,,,,,,,,,,,,,,,,,,,,,,,,,,,,
Q46351,Q3044503,,,,,,,,,,,,,,,,,,,,,,,,,,,,,,,,,,,,,,,,,,,,,
Q46352,Q45540511,,,,,,,,,,,,,,,,,,,,,,,,,,,,,,,,,,,,,,,,,,,,,
Q46355,Q3103704,,,,,,,,,,,,,,,,,,,,,,,,,,,,,,,,,,,,,,,,,,,,,
Q46356,Q45540575,,,,,,,,,,,,,,,,,,,,,,,,,,,,,,,,,,,,,,,,,,,,,
Q46359,Q887107,,,,,,,,,,,,,,,,,,,,,,,,,,,350268,,,,,,,,,,,,,,p11408.htm#i114079,David_IX_of_Georgia_(1),,,I00302837
Q46360,Q45540641,,,,,,,,,,,,,,,,,,,,,,,,,,,,,,,,,,,,,,,,,,,,,
Q46363,Q5556627,,,,,,,,,,,,,,,,,,,,,,,,,,,1268972,,,,,,,,,,,,,,,Ghias_ad-Din_(1),,,
Q46364,Q45540769,,,,,,,,,,,,,,,,,,,,,,,,,,,,,,,,,,,,,,,,,,,,,
Q46367,Q272443,,,,,,,,,,,,,,,,,,,,,,,,,,,585730,,,,,,,,,,,,,,,Rusudan_of_Georgia_(1),,,I00299621
Q46368,Q45540833,,,,,,,,,,,,,,,,,,,,,,,,,,,,,,,,,,,,,,,,,,,,,
Q46371,Q2915023,,,,,,,,,,,,,,,,,,,,,,,,,,,1299206,,,,,,,,,,,,,,,Gürcü_Hatun_(1),,,
Q46372,Q45540896,,,,,,,,,,,,,,,,,,,,,,,,,,,,,,,,,,,,,,,,,,,,,
Q46375,Q12840668,,,,,,,,,,,,,,,,,,,,,,,,,,,,,,,,,,,,,,,,,,,,,
Q46376,Q45540960,,,,,,,,,,,,,,,,,,,,,,,,,,,,,,,,,,,,,,,,,,,,,
Q46379,Q110737865,,,,,,,,,,,,,,,,,,,,,,,,,,,,,,,,,,,,,,,,,,,,,I00332917
Q46380,Q45541025,,,,,,,,,,,,,,,,,,,,,,,,,,,,,,,,,,,,,,,,,,,,,
Q46383,Q2704650,,,,,,,,,,,,,,,,,,,,,,,,,,,1123314,,,,,,,,,,,,,,,,,,I00332920
Q46384,Q45541089,,,,,,,,,,,,,,,,,,,,,,,,,,,,,,,,,,,,,,,,,,,,,
Q46387,Q2621664,,,,,,,,,,,,,,,,,,,,,,,,,,,161031,,p=narimantas;n=de lithuanie,,,dw.1931,,,,,,,,,,Narimantas_(1),,Gediminaitis-7,I00152135
Q46388,Q45541151,,,,,,,,,,,,,,,,,,,,,,,,,,,,,,,,,,,,,,,,,,,,,
Q46391,Q2041044,,,,,,,,,,,,,,,,,,,,,,,,,,,258126,,p=patrikii;n=narimantaitis,,,dw.1982,,,,,,,,,,,,,I00152140
Q46392,Q65803974,,,,,,,,,,,,,,,,,,,,,,,,,,,,,,,,,,,,,,,,,,,,,
Q46395,Q45655316,,,,,,,,,,,,,,,,,,,,,,,,,,,,,,,,,,,,,,,,,,,,,
Q46396,Q45541340,,,,,,,,,,,,,,,,,,,,,,,,,,,,,,,,,,,,,,,,,,,,,
Q46399,Q45486912,,,,,,,,,,,,,,,,,,,,,,,,,,,,,,,,,,,,,,,,,,,,,
Q46400,Q45541404,,,,,,,,,,,,,,,,,,,,,,,,,,,,,,,,,,,,,,,,,,,,,
Q46403,Q45578582,,,,,,,,,,,,,,,,,,,,,,,,,,,,,,,,,,,,,,,,,,,,,
Q46404,Q45541468,,,,,,,,,,,,,,,,,,,,,,,,,,,,,,,,,,,,,,,,,,,,,
Q46407,Q45594440,,,,,,,,,,,,,,,,,,,,,,,,,,,,,,,,,,,,,,,,,,,,,
Q46408,Q45541533,,,,,,,,,,,,,,,,,,,,,,,,,,,,,,,,,,,,,,,,,,,,,
Q46411,Q10491346,,,,,,,,,,,,,,,,,,,,,,,,,,,,,,,,,,,,,,,,,,,,,
Q46412,Q45541598,,,,,,,,,,,,,,,,,,,,,,,,,,,,,,,,,,,,,,,,,,,,,
Q46415,Q16904261,,,,,,,,,,,,,,,,,,,,,,,,,,,,,,,,,,,,,,,,,,,,,
Q46416,Q45541660,,,,,,,,,,,,,,,,,,,,,,,,,,,,,,,,,,,,,,,,,,,,,
Q46419,Q45677258,,,,,,,,,,,,,,,,,,,,,,,,,,,,,,,,,,,,,,,,,,,,,
Q46420,Q45541788,,,,,,,,,,,,,,,,,,,,,,,,,,,,,,,,,,,,,,,,,,,,,
Q46423,Q7498,,,,,,,,,,,,,,,,,,,,,,,,,,,845509,,,,,,,,,,,,,,,,,,
Q46424,Q45541851,,,,,,,,,,,,,,,,,,,,,,,,,,,,,,,,,,,,,,,,,,,,,
Q46427,Q5374586,,,,,,,,,,,,,,,,,,,,,,,,,,,,,,,,,,,,,,,,,,,,,
Q46428,Q45541915,,,,,,,,,,,,,,,,,,,,,,,,,,,,,,,,,,,,,,,,,,,,,
Q46431,Q16075323,,,,,,,,,,,,,,,,,,,,,,,,,,,,,,,,,,,,,,,,,,,,,
Q46432,Q45542044,,,,,,,,,,,,,,,,,,,,,,,,,,,,,,,,,,,,,,,,,,,,,
Q46435,Q16075317,,,,,,,,,,,,,,,,,,,,,,,,,,,,,,,,,,,,,,,,,,,,,
Q46436,Q45542107,,,,,,,,,,,,,,,,,,,,,,,,,,,,,,,,,,,,,,,,,,,,,
Q46439,Q16078465,,,,,,,,,,,,,,,,,,,,,,,,,,,,,,,,,,,,,,,,,,,,,
Q46440,Q45542170,,,,,,,,,,,,,,,,,,,,,,,,,,,,,,,,,,,,,,,,,,,,,
Q46443,Q16077925,,,,,,,,,,,,,,,,,,,,,,,,,,,,,,,,,,,,,,,,,,,,,
Q46444,Q45542234,,,,,,,,,,,,,,,,,,,,,,,,,,,,,,,,,,,,,,,,,,,,,
Q46447,Q7501,,,,,,,,,,,,,,,,,,,,,,,,,,,,,,,,,,,,,,,,,,,,,
Q46448,Q45542867,,,,,,,,,,,,,,,,,,,,,,,,,,,,,,,,,,,,,,,,,,,,,
Q46451,Q7503,,,,,,,,,,,,,,,,,,,,,,,,,,,845530,,,,,,,,,,,,,,,,,,
Q46452,Q45542931,,,,,,,,,,,,,,,,,,,,,,,,,,,,,,,,,,,,,,,,,,,,,
Q46455,Q45542994,,,,,,,,,,,,,,,,,,,,,,,,,,,,,,,,,,,,,,,,,,,,,
Q46456,Q10889731,,,,,,,,,,,,,,,,,,,,,,,,,,,,,,,,,,,,,,,,,,,,,
Q46459,Q45543057,,,,,,,,,,,,,,,,,,,,,,,,,,,,,,,,,,,,,,,,,,,,,
Q46461,Q15896316,,,,,,,,,,,,,,,,,,,,,,,,,,,,,,,,,,,,,,,,,,,,,
Q46463,Q45632232,,,,,,,,,,,,,,,,,,,,,,,,,,,,,,,,,,,,,,,,,,,,,
Q46465,Q7157453,,,,,,,,,,,,,,,,,,,,,,,,,,,,,,,,,,,,,,,,,,,,,
Q46467,Q45543186,,,,,,,,,,,,,,,,,,,,,,,,,,,,,,,,,,,,,,,,,,,,,
Q46469,Q16165093,,,,,,,,,,,,,,,,,,,,,,,,,,,,,,,,,,,,,,,,,,,,,
Q46471,Q45543249,,,,,,,,,,,,,,,,,,,,,,,,,,,,,,,,,,,,,,,,,,,,,
Q46473,Q45505544,,,,,,,,,,,,,,,,,,,,,,,,,,,,,,,,,,,,,,,,,,,,,
Q46475,Q45543313,,,,,,,,,,,,,,,,,,,,,,,,,,,,,,,,,,,,,,,,,,,,,
Q46477,Q28699529,,,,,,,,,,,,,,,,,,,,,,,,,,,,,,,,,,,,,,,,,,,,,
Q46479,Q45543377,,,,,,,,,,,,,,,,,,,,,,,,,,,,,,,,,,,,,,,,,,,,,
Q46481,Q12586767,,,,,,,,,,,,,,,,,,,,,,,,,,,,,,,,,,,,,,,,,,,,,
Q46483,Q45543439,,,,,,,,,,,,,,,,,,,,,,,,,,,,,,,,,,,,,,,,,,,,,
Q46485,Q6770991,,,,,,,,,,,,,,,,,,,,,,,,,,,,,,,,,,,,,,,,,,,,,
Q46488,Q45543504,,,,,,,,,,,,,,,,,,,,,,,,,,,,,,,,,,,,,,,,,,,,,
Q46489,Q7158737,,,,,,,,,,,,,,,,,,,,,,,,,,,,,,,,,,,,,,,,,,,,,
Q46492,Q45543566,,,,,,,,,,,,,,,,,,,,,,,,,,,,,,,,,,,,,,,,,,,,,
Q46493,Q9171,,,,,,,,,,,,,,,,,,,,,,,,,,,1167233,,,,,,,,,,,,,,,,,,I00374632
Q46496,Q45543692,,,,,,,,,,,,,,,,,,,,,,,,,,,,,,,,,,,,,,,,,,,,,
Q46497,Q7158820,,,,,,,,,,,,,,,,,,,,,,,,,,,,,,,,,,,,,,,,,,,,,
Q46500,Q45543756,,,,,,,,,,,,,,,,,,,,,,,,,,,,,,,,,,,,,,,,,,,,,
Q46501,Q7158943,,,,,,,,,,,,,,,,,,,,,,,,,,,,,,,,,,,,,,,,,,,,,
Q46504,Q45543818,,,,,,,,,,,,,,,,,,,,,,,,,,,,,,,,,,,,,,,,,,,,,
Q46505,Q25669839,,,,,,,,,,,,,,,,,,,,,,,,,,,,,,,,,,,,,,,,,,,,,
Q46508,Q45543882,,,,,,,,,,,,,,,,,,,,,,,,,,,,,,,,,,,,,,,,,,,,,
Q46509,Q982008,,,,,,,,,,,,,,,,,,,,,,,,,,,,,,,,,,,,,,,,,,,,,
Q46512,Q45544070,,,,,,,,,,,,,,,,,,,,,,,,,,,,,,,,,,,,,,,,,,,,,
Q46513,Q106796309,,,,,,,,,,,,,,,,,,,,,,,,,,,,,,,,,,,,,,,,,,,,,
Q46516,Q45544136,,,,,,,,,,,,,,,,,,,,,,,,,,,,,,,,,,,,,,,,,,,,,
Q46517,Q106796322,,,,,,,,,,,,,,,,,,,,,,,,,,,,,,,,,,,,,,,,,,,,,
Q46520,Q45544200,,,,,,,,,,,,,,,,,,,,,,,,,,,,,,,,,,,,,,,,,,,,,
Q46521,Q17033208,,,,,,,,,,,,,,,,,,,,,,,,,,,,,,,,,,,,,,,,,,,,,
Q46524,Q45544264,,,,,,,,,,,,,,,,,,,,,,,,,,,,,,,,,,,,,,,,,,,,,
Q46525,Q67522413,,,,,,,,,,,,,,,,,,,,,,,,,,,,,,,,,,,,,,,,,,,,,
Q46528,Q45544329,,,,,,,,,,,,,,,,,,,,,,,,,,,,,,,,,,,,,,,,,,,,,
Q46529,Q705869,,,,,,,,,,,,,,,,,,,,,,,,,,,,,,,,,,,,,,,,,,,,,
Q46532,Q38958028,,,,,,,,,,,,,,,,,,,,,,,,,,,,,,,,,,,,,,,,,,,,,
Q46533,Q10842171,,,,,,,,,,,,,,,,,,,,,,,,,,,,,,,,,,,,,,,,,,,,,
Q46536,Q10788130,,,,,,,,,,,,,,,,,,,,,,,,,,,,,,,,,,,,,,,,,,,,,
Q46537,Q45419904,,,,,,,,,,,,,,,,,,,,,,,,,,,,,,,,,,,,,,,,,,,,,
Q46540,Q67522436,,,,,,,,,,,,,,,,,,,,,,,,,,,,,,,,,,,,,,,,,,,,,
Q46541,Q45420391,,,,,,,,,,,,,,,,,,,,,,,,,,,,,,,,,,,,,,,,,,,,,
Q46544,Q124261613,,,,,,,,,,,,,,,,,,,,,,,,,,,,,,,,,,,,,,,,,,,,,
Q46545,Q45454991,,,,,,,,,,,,,,,,,,,,,,,,,,,,,,,,,,,,,,,,,,,,,
Q46548,Q109438175,,,,,,,,,,,,,,,,,,,,,,,,,,,,,,,,,,,,,,,,,,,,,
Q46549,Q45373968,,,,,,,,,,,,,,,,,,,,,,,,,,,,,,,,,,,,,,,,,,,,,
Q46552,Q124261570,,,,,,,,,,,,,,,,,,,,,,,,,,,,,,,,,,,,,,,,,,,,,
Q46553,Q45371988,,,,,,,,,,,,,,,,,,,,,,,,,,,,,,,,,,,,,,,,,,,,,
Q46556,Q1058230,,,,,,,,,,,,,,,,,,,,,,,,,,,,,,,,,,,,,,,,,,,,,
Q46557,Q45420421,,,,,,,,,,,,,,,,,,,,,,,,,,,,,,,,,,,,,,,,,,,,,
Q46560,Q10825476,,,,,,,,,,,,,,,,,,,,,,,,,,,,,,,,,,,,,,,,,,,,,
Q46561,Q16321548,,,,,,,,,,,,,,,,,,,,,,,,,,,,,,,,,,,,,,,,,,,,,
Q46564,Q65048977,,,,,,,,,,,,,,,,,,,,,,,,,,,,,,,,,,,,,,,,,,,,,
Q46565,Q45647552,,,,,,,,,,,,,,,,,,,,,,,,,,,,,,,,,,,,,,,,,,,,,
Q46568,Q711416,,,,,,,,,,,,,,,,,,,,,,,,,,,,,,,,,,,,,,,,,,,,,
Q46569,Q45420385,,,,,,,,,,,,,,,,,,,,,,,,,,,,,,,,,,,,,,,,,,,,,
Q46572,Q10829446,,,,,,,,,,,,,,,,,,,,,,,,,,,,,,,,,,,,,,,,,,,,,
Q46573,Q45420697,,,,,,,,,,,,,,,,,,,,,,,,,,,,,,,,,,,,,,,,,,,,,
Q46576,Q45417723,,,,,,,,,,,,,,,,,,,,,,,,,,,,,,,,,,,,,,,,,,,,,
Q46577,Q45529079,,,,,,,,,,,,,,,,,,,,,,,,,,,,,,,,,,,,,,,,,,,,,
Q46580,Q45629765,,,,,,,,,,,,,,,,,,,,,,,,,,,,,,,,,,,,,,,,,,,,,
Q46581,Q11068701,,,,,,,,,,,,,,,,,,,,,,,,,,,,,,,,,,,,,,,,,,,,,
Q46584,Q67881538,,,,,,,,,,,,,,,,,,,,,,,,,,,,,,,,,,,,,,,,,,,,,
Q46585,Q45664760,,,,,,,,,,,,,,,,,,,,,,,,,,,,,,,,,,,,,,,,,,,,,
Q46589,Q8255081,,,,,,,,,,,,,,,,,,,,,,,,,,,,,,,,,,,,,,,,,,,,,
Q46593,Q45421249,,,,,,,,,,,,,,,,,,,,,,,,,,,,,,,,,,,,,,,,,,,,,
Q46597,Q45529142,,,,,,,,,,,,,,,,,,,,,,,,,,,,,,,,,,,,,,,,,,,,,
Q46601,Q45529206,,,,,,,,,,,,,,,,,,,,,,,,,,,,,,,,,,,,,,,,,,,,,
Q46605,Q45544661,,,,,,,,,,,,,,,,,,,,,,,,,,,,,,,,,,,,,,,,,,,,,
Q46609,Q43387538,,,,,,,,,,,,,,,,,,,,,,,,,,,,,,,,,,,,,,,,,,,,,
Q46613,Q45529016,,,,,,,,,,,,,,,,,,,,,,,,,,,,,,,,,,,,,,,,,,,,,
Q46617,Q38958031,,,,,,,,,,,,,,,,,,,,,,,,,,,,,,,,,,,,,,,,,,,,,
Q46621,Q45419756,,,,,,,,,,,,,,,,,,,,,,,,,,,,,,,,,,,,,,,,,,,,,
Q46625,Q45420679,,,,,,,,,,,,,,,,,,,,,,,,,,,,,,,,,,,,,,,,,,,,,
Q46629,Q22813461,,,,,,,,,,,,,,,,,,,,,,,,,,,,,,,,,,,,,,,,,,,,,
Q46633,Q45534585,,,,,,,,,,,,,,,,,,,,,,,,,,,,,,,,,,,,,,,,,,,,,
Q46636,Q11104481,,,,,,,,,,,,,,,,,,,,,,,,,,,485488,,,,,,,,,,,,,,,,,,I00523235
Q46637,Q45531084,,,,,,,,,,,,,,,,,,,,,,,,,,,,,,,,,,,,,,,,,,,,,
Q46641,Q45531148,,,,,,,,,,,,,,,,,,,,,,,,,,,,,,,,,,,,,,,,,,,,,
Q46644,Q7142051,,,,,,,,,,,,,,,,,,,,,,,,,,,,,,,,,,,,,,,,,,,,女二宮-1,
Q46645,Q45531211,,,,,,,,,,,,,,,,,,,,,,,,,,,,,,,,,,,,,,,,,,,,,
Q46648,Q10891999,,,,,,,,,,,,,,,,,,,,,,,,,,,,,,,,,,,,,,,,,,,,八十宮-1,
Q46649,Q45531275,,,,,,,,,,,,,,,,,,,,,,,,,,,,,,,,,,,,,,,,,,,,,
Q46652,Q10883186,,,,,,,,,,,,,,,,,,,,,,,,,,,,,,,,,,,,,,,,,,,,,
Q46653,Q45531340,,,,,,,,,,,,,,,,,,,,,,,,,,,,,,,,,,,,,,,,,,,,,
Q46657,Q45531403,,,,,,,,,,,,,,,,,,,,,,,,,,,,,,,,,,,,,,,,,,,,,
Q46660,Q11464815,,,,,,,,,,,,,,,,,,,,,,,,,,,,,,,,,,,,,,,,,,,,,
Q46661,Q45531468,,,,,,,,,,,,,,,,,,,,,,,,,,,,,,,,,,,,,,,,,,,,,
Q46664,Q11516506,,,,,,,,,,,,,,,,,,,,,,,,,,,,,,,,,,,,,,,,,,,,,
Q46665,Q45531531,,,,,,,,,,,,,,,,,,,,,,,,,,,,,,,,,,,,,,,,,,,,,
Q46668,Q115586623,,,,,,,,,,,,,,,,,,,,,,,,,,,,,,,,,,,,,,,,,,,,,
Q46669,Q45531593,,,,,,,,,,,,,,,,,,,,,,,,,,,,,,,,,,,,,,,,,,,,,
Q46672,Q15928243,,,,,,,,,,,,,,,,,,,,,,,,,,,,,,,,,,,,,,,,,,,,,
Q46673,Q45531657,,,,,,,,,,,,,,,,,,,,,,,,,,,,,,,,,,,,,,,,,,,,,
Q46677,Q45533562,,,,,,,,,,,,,,,,,,,,,,,,,,,,,,,,,,,,,,,,,,,,,
Q46681,Q45533629,,,,,,,,,,,,,,,,,,,,,,,,,,,,,,,,,,,,,,,,,,,,,
Q46684,Q471799,,,,,,,,,,,,,,,,,,,,,,,,,,,,,,,,,,,,,,,,,,,,,I00719905
Q46685,Q45663844,,,,,,,,,,,,,,,,,,,,,,,,,,,,,,,,,,,,,,,,,,,,,
Q46689,Q45534201,,,,,,,,,,,,,,,,,,,,,,,,,,,,,,,,,,,,,,,,,,,,,
Q46693,Q28479674,,,,,,,,,,,,,,,,,,,,,,,,,,,,,,,,,,,,,,,,,,,,,
Q46697,Q45535355,,,,,,,,,,,,,,,,,,,,,,,,,,,,,,,,,,,,,,,,,,,,,
Q46701,Q45535481,,,,,,,,,,,,,,,,,,,,,,,,,,,,,,,,,,,,,,,,,,,,,
Q46704,Q110601928,,,,,,,,,,,,,,,,,,,,,,,,,,,,,,,,,,,,,,,,,,,,,
Q46705,Q45536121,,,,,,,,,,,,,,,,,,,,,,,,,,,,,,,,,,,,,,,,,,,,,
Q46707,Q110602511,,,,,,,,,,,,,,,,,,,,,,,,,,,,,,,,,,,,,,,,,,,,,
Q46709,Q45536504,,,,,,,,,,,,,,,,,,,,,,,,,,,,,,,,,,,,,,,,,,,,,
Q46713,Q28418198,,,,,,,,,,,,,,,,,,,,,,,,,,,,,,,,,,,,,,,,,,,,,
Q46715,Q15929357,,,,,,,,,,,,,,,,,,,,,,,,,,,,,,,,,,,,,,,,,,,,,
Q46718,Q22813506,,,,,,,,,,,,,,,,,,,,,,,,,,,,,,,,,,,,,,,,,,,,,
Q46722,Q45537213,,,,,,,,,,,,,,,,,,,,,,,,,,,,,,,,,,,,,,,,,,,,,
Q46726,Q45537278,,,,,,,,,,,,,,,,,,,,,,,,,,,,,,,,,,,,,,,,,,,,,
Q46730,Q45521438,,,,,,,,,,,,,,,,,,,,,,,,,,,,,,,,,,,,,,,,,,,,,
Q46734,Q45571210,,,,,,,,,,,,,,,,,,,,,,,,,,,,,,,,,,,,,,,,,,,,,
Q46738,Q45683086,,,,,,,,,,,,,,,,,,,,,,,,,,,,,,,,,,,,,,,,,,,,,
Q46742,Q45683148,,,,,,,,,,,,,,,,,,,,,,,,,,,,,,,,,,,,,,,,,,,,,
Q46746,Q30018053,,,,,,,,,,,,,,,,,,,,,,,,,,,,,,,,,,,,,,,,,,,,,
Q46750,Q45642816,,,,,,,,,,,,,,,,,,,,,,,,,,,,,,,,,,,,,,,,,,,,,
Q46754,Q45555936,,,,,,,,,,,,,,,,,,,,,,,,,,,,,,,,,,,,,,,,,,,,,
Q46758,Q27069,,,,,,,,,,,,,,,,,,,,,,,,,,,,,,,,,,,,,,,,,,,,,
Q46762,Q45474826,,,,,,,,,,,,,,,,,,,,,,,,,,,,,,,,,,,,,,,,,,,,,
Q46766,Q45488273,,,,,,,,,,,,,,,,,,,,,,,,,,,,,,,,,,,,,,,,,,,,,
Q46770,Q15933137,,,,,,,,,,,,,,,,,,,,,,,,,,,,,,,,,,,,,,,,,,,,,
Q46774,Q133465252,,,,,,,,,,,,,,,,,,,,,,,,,,,,,,,,,,,,,,,,,,,,,
Q46778,Q45493024,,,,,,,,,,,,,,,,,,,,,,,,,,,,,,,,,,,,,,,,,,,,,
Q46782,Q45493090,,,,,,,,,,,,,,,,,,,,,,,,,,,,,,,,,,,,,,,,,,,,,
Q46786,Q45493154,,,,,,,,,,,,,,,,,,,,,,,,,,,,,,,,,,,,,,,,,,,,,
Q46790,Q45493219,,,,,,,,,,,,,,,,,,,,,,,,,,,,,,,,,,,,,,,,,,,,,
Q46794,Q45493282,,,,,,,,,,,,,,,,,,,,,,,,,,,,,,,,,,,,,,,,,,,,,
Q46798,Q45493600,,,,,,,,,,,,,,,,,,,,,,,,,,,,,,,,,,,,,,,,,,,,,
Q46802,Q45506492,,,,,,,,,,,,,,,,,,,,,,,,,,,,,,,,,,,,,,,,,,,,,
Q46803,Q19825693,,,,,,,,,,,,,,,,,,,,,,,,,,,,,,,,,,,,,,,,,,,,,
Q46806,Q45492771,,,,,,,,,,,,,,,,,,,,,,,,,,,,,,,,,,,,,,,,,,,,,
Q46810,Q45492834,,,,,,,,,,,,,,,,,,,,,,,,,,,,,,,,,,,,,,,,,,,,,
Q46814,Q45492897,,,,,,,,,,,,,,,,,,,,,,,,,,,,,,,,,,,,,,,,,,,,,
Q46818,Q45492517,,,,,,,,,,,,,,,,,,,,,,,,,,,,,,,,,,,,,,,,,,,,,
Q46822,Q45492581,,,,,,,,,,,,,,,,,,,,,,,,,,,,,,,,,,,,,,,,,,,,,
Q46826,Q45492454,,,,,,,,,,,,,,,,,,,,,,,,,,,,,,,,,,,,,,,,,,,,,
Q46830,Q45490986,,,,,,,,,,,,,,,,,,,,,,,,,,,,,,,,,,,,,,,,,,,,,
Q46834,Q45491367,,,,,,,,,,,,,,,,,,,,,,,,,,,,,,,,,,,,,,,,,,,,,
Q46838,Q45491431,,,,,,,,,,,,,,,,,,,,,,,,,,,,,,,,,,,,,,,,,,,,,
Q46842,Q45491496,,,,,,,,,,,,,,,,,,,,,,,,,,,,,,,,,,,,,,,,,,,,,
Q46846,Q45491558,,,,,,,,,,,,,,,,,,,,,,,,,,,,,,,,,,,,,,,,,,,,,
Q46850,Q45491940,,,,,,,,,,,,,,,,,,,,,,,,,,,,,,,,,,,,,,,,,,,,,
Q46854,Q45492003,,,,,,,,,,,,,,,,,,,,,,,,,,,,,,,,,,,,,,,,,,,,,
Q46858,Q45492067,,,,,,,,,,,,,,,,,,,,,,,,,,,,,,,,,,,,,,,,,,,,,
Q46862,Q45492129,,,,,,,,,,,,,,,,,,,,,,,,,,,,,,,,,,,,,,,,,,,,,
Q46866,Q45494432,,,,,,,,,,,,,,,,,,,,,,,,,,,,,,,,,,,,,,,,,,,,,
Q46870,Q45494884,,,,,,,,,,,,,,,,,,,,,,,,,,,,,,,,,,,,,,,,,,,,,
Q46874,Q45495074,,,,,,,,,,,,,,,,,,,,,,,,,,,,,,,,,,,,,,,,,,,,,
Q46878,Q45495203,,,,,,,,,,,,,,,,,,,,,,,,,,,,,,,,,,,,,,,,,,,,,
Q46882,Q45495650,,,,,,,,,,,,,,,,,,,,,,,,,,,,,,,,,,,,,,,,,,,,,
Q46886,Q45495714,,,,,,,,,,,,,,,,,,,,,,,,,,,,,,,,,,,,,,,,,,,,,
Q46890,Q45496752,,,,,,,,,,,,,,,,,,,,,,,,,,,,,,,,,,,,,,,,,,,,,
Q46894,Q45496815,,,,,,,,,,,,,,,,,,,,,,,,,,,,,,,,,,,,,,,,,,,,,
Q46898,Q45497075,,,,,,,,,,,,,,,,,,,,,,,,,,,,,,,,,,,,,,,,,,,,,
Q46902,Q45497335,,,,,,,,,,,,,,,,,,,,,,,,,,,,,,,,,,,,,,,,,,,,,
Q46906,Q45497652,,,,,,,,,,,,,,,,,,,,,,,,,,,,,,,,,,,,,,,,,,,,,
Q46910,Q45498357,,,,,,,,,,,,,,,,,,,,,,,,,,,,,,,,,,,,,,,,,,,,,
Q46914,Q45498420,,,,,,,,,,,,,,,,,,,,,,,,,,,,,,,,,,,,,,,,,,,,,
Q46918,Q45499527,,,,,,,,,,,,,,,,,,,,,,,,,,,,,,,,,,,,,,,,,,,,,
Q46922,Q45500296,,,,,,,,,,,,,,,,,,,,,,,,,,,,,,,,,,,,,,,,,,,,,
Q46926,Q45645909,,,,,,,,,,,,,,,,,,,,,,,,,,,,,,,,,,,,,,,,,,,,,
Q46930,Q45500656,,,,,,,,,,,,,,,,,,,,,,,,,,,,,,,,,,,,,,,,,,,,,
Q46934,Q45510903,,,,,,,,,,,,,,,,,,,,,,,,,,,,,,,,,,,,,,,,,,,,,
Q46938,Q45530716,,,,,,,,,,,,,,,,,,,,,,,,,,,,,,,,,,,,,,,,,,,,,
Q46942,Q45524463,,,,,,,,,,,,,,,,,,,,,,,,,,,,,,,,,,,,,,,,,,,,,
Q46945,Q65805706,,,,,,,,,,,,,,,,,,,,,,,,,,,,,,,,,,,,,,,,,,,,,
Q46949,Q15939330,,,,,,,,,,,,,,,,,,,,,,,,,,,,,,,,,,,,,,,,,,,,,
Q46953,Q11098137,,,,,,,,,,,,,,,,,,,,,,,,,,,,,,,,,,,,,,,,,,,,,
Q46957,Q45451803,,,,,,,,,,,,,,,,,,,,,,,,,,,,,,,,,,,,,,,,,,,,,
Q46961,Q45451866,,,,,,,,,,,,,,,,,,,,,,,,,,,,,,,,,,,,,,,,,,,,,
Q46965,Q45514077,,,,,,,,,,,,,,,,,,,,,,,,,,,,,,,,,,,,,,,,,,,,,
Q46969,Q45501757,,,,,,,,,,,,,,,,,,,,,,,,,,,,,,,,,,,,,,,,,,,,,
Q46973,Q45451929,,,,,,,,,,,,,,,,,,,,,,,,,,,,,,,,,,,,,,,,,,,,,
Q46977,Q45438044,,,,,,,,,,,,,,,,,,,,,,,,,,,,,,,,,,,,,,,,,,,,,
Q46981,Q45502205,,,,,,,,,,,,,,,,,,,,,,,,,,,,,,,,,,,,,,,,,,,,,
Q46985,Q45422766,,,,,,,,,,,,,,,,,,,,,,,,,,,,,,,,,,,,,,,,,,,,,
Q46989,Q65803004,,,,,,,,,,,,,,,,,,,,,,,,,,,,,,,,,,,,,,,,,,,,,
Q46993,Q45600318,,,,,,,,,,,,,,,,,,,,,,,,,,,,,,,,,,,,,,,,,,,,,
Q46997,Q45450897,,,,,,,,,,,,,,,,,,,,,,,,,,,,,,,,,,,,,,,,,,,,,
Q47001,Q699672,,,,,,,,,,,,,,,,,,,,,,,,,,,,,,,,,,,,,,,,,,,,,
Q47005,Q45602523,,,,,,,,,,,,,,,,,,,,,,,,,,,,,,,,,,,,,,,,,,,,,
Q47009,Q45422610,,,,,,,,,,,,,,,,,,,,,,,,,,,,,,,,,,,,,,,,,,,,,
Q47013,Q45677609,,,,,,,,,,,,,,,,,,,,,,,,,,,,,,,,,,,,,,,,,,,,,
Q47017,Q45677646,,,,,,,,,,,,,,,,,,,,,,,,,,,,,,,,,,,,,,,,,,,,,
Q47021,Q45677679,,,,,,,,,,,,,,,,,,,,,,,,,,,,,,,,,,,,,,,,,,,,,
Q47025,Q45394587,,,,,,,,,,,,,,,,,,,,,,,,,,,,,,,,,,,,,,,,,,,,,
Q47028,Q135399033,,,,,,,,,,,,,,,,,,,,,,,,,,,,,,,,,,,,,,,,,,,,,
Q47029,Q45394607,,,,,,,,,,,,,,,,,,,,,,,,,,,,,,,,,,,,,,,,,,,,,
Q47032,Q135399735,,,,,,,,,,,,,,,,,,,,,,,,,,,,,,,,,,,,,,,,,,,,,
Q47033,Q45443174,,,,,,,,,,,,,,,,,,,,,,,,,,,,,,,,,,,,,,,,,,,,,
Q47037,Q45447182,,,,,,,,,,,,,,,,,,,,,,,,,,,,,,,,,,,,,,,,,,,,,
Q47041,Q6852559,,,,,,,,,,,,,,,,,,,,,,,,,,,,,,,,,,,,,,,,,,,,,
Q47045,Q45531286,,,,,,,,,,,,,,,,,,,,,,,,,,,,,,,,,,,,,,,,,,,,,
Q47049,Q45489696,,,,,,,,,,,,,,,,,,,,,,,,,,,,,,,,,,,,,,,,,,,,,
Q47053,Q45516686,,,,,,,,,,,,,,,,,,,,,,,,,,,,,,,,,,,,,,,,,,,,,
Q47057,Q45516751,,,,,,,,,,,,,,,,,,,,,,,,,,,,,,,,,,,,,,,,,,,,,
Q47061,Q45516814,,,,,,,,,,,,,,,,,,,,,,,,,,,,,,,,,,,,,,,,,,,,,
Q47065,Q26183701,,,,,,,,,,,,,,,,,,,,,,,,,,,,,,,,,,,,,,,,,,,,,
Q47069,Q45491444,,,,,,,,,,,,,,,,,,,,,,,,,,,,,,,,,,,,,,,,,,,,,
Q47073,Q45514660,,,,,,,,,,,,,,,,,,,,,,,,,,,,,,,,,,,,,,,,,,,,,
Q47077,Q45514787,,,,,,,,,,,,,,,,,,,,,,,,,,,,,,,,,,,,,,,,,,,,,
Q47082,Q45515041,,,,,,,,,,,,,,,,,,,,,,,,,,,,,,,,,,,,,,,,,,,,,
Q47086,Q45437326,,,,,,,,,,,,,,,,,,,,,,,,,,,,,,,,,,,,,,,,,,,,,
Q47090,Q45438331,,,,,,,,,,,,,,,,,,,,,,,,,,,,,,,,,,,,,,,,,,,,,
Q47094,Q45438647,,,,,,,,,,,,,,,,,,,,,,,,,,,,,,,,,,,,,,,,,,,,,
Q47098,Q45642016,,,,,,,,,,,,,,,,,,,,,,,,,,,,,,,,,,,,,,,,,,,,,
Q47102,Q45642754,,,,,,,,,,,,,,,,,,,,,,,,,,,,,,,,,,,,,,,,,,,,,
Q47106,Q45642446,,,,,,,,,,,,,,,,,,,,,,,,,,,,,,,,,,,,,,,,,,,,,
Q47110,Q45418662,,,,,,,,,,,,,,,,,,,,,,,,,,,,,,,,,,,,,,,,,,,,,
Q47114,Q45385214,,,,,,,,,,,,,,,,,,,,,,,,,,,,,,,,,,,,,,,,,,,,,
Q47118,Q45604554,,,,,,,,,,,,,,,,,,,,,,,,,,,,,,,,,,,,,,,,,,,,,
Q47122,Q45517515,,,,,,,,,,,,,,,,,,,,,,,,,,,,,,,,,,,,,,,,,,,,,
Q47126,Q45518478,,,,,,,,,,,,,,,,,,,,,,,,,,,,,,,,,,,,,,,,,,,,,
Q47130,Q24836907,,,,,,,,,,,,,,,,,,,,,,,,,,,,,,,,,,,,,,,,,,,,,
Q47134,Q10454410,,,,,,,,,,,,,,,,,,,,,,,,,,,,,,,,,,,,,,,,,,,,,
Q47138,Q45587242,,,,,,,,,,,,,,,,,,,,,,,,,,,,,,,,,,,,,,,,,,,,,
Q47142,Q45479882,,,,,,,,,,,,,,,,,,,,,,,,,,,,,,,,,,,,,,,,,,,,,
Q47146,Q65805577,,,,,,,,,,,,,,,,,,,,,,,,,,,,,,,,,,,,,,,,,,,,,
Q47150,Q45667853,,,,,,,,,,,,,,,,,,,,,,,,,,,,,,,,,,,,,,,,,,,,,
Q47154,Q45667905,,,,,,,,,,,,,,,,,,,,,,,,,,,,,,,,,,,,,,,,,,,,,
Q47158,Q45667957,,,,,,,,,,,,,,,,,,,,,,,,,,,,,,,,,,,,,,,,,,,,,
Q47162,Q18226567,,,,,,,,,,,,,,,,,,,,,,,,,,,,,,,,,,,,,,,,,,,,,
Q47166,Q76012422,,,,,,,,,,,,,,,,,,,,,,,,,,,,,,,,,,,,,,,,,,,,,
Q47171,Q45496213,,,,,,,,,,,,,,,,,,,,,,,,,,,,,,,,,,,,,,,,,,,,,
Q47175,Q45422004,,,,,,,,,,,,,,,,,,,,,,,,,,,,,,,,,,,,,,,,,,,,,
Q47179,Q45422563,,,,,,,,,,,,,,,,,,,,,,,,,,,,,,,,,,,,,,,,,,,,,
Q47183,Q45544441,,,,,,,,,,,,,,,,,,,,,,,,,,,,,,,,,,,,,,,,,,,,,
Q47187,Q45653419,,,,,,,,,,,,,,,,,,,,,,,,,,,,,,,,,,,,,,,,,,,,,
Q47191,Q45493904,,,,,,,,,,,,,,,,,,,,,,,,,,,,,,,,,,,,,,,,,,,,,
Q47195,Q45493966,,,,,,,,,,,,,,,,,,,,,,,,,,,,,,,,,,,,,,,,,,,,,
Q47199,Q45493774,,,,,,,,,,,,,,,,,,,,,,,,,,,,,,,,,,,,,,,,,,,,,
Q47203,Q45640638,,,,,,,,,,,,,,,,,,,,,,,,,,,,,,,,,,,,,,,,,,,,,
Q47207,Q45422444,,,,,,,,,,,,,,,,,,,,,,,,,,,,,,,,,,,,,,,,,,,,,
Q47211,Q45421269,,,,,,,,,,,,,,,,,,,,,,,,,,,,,,,,,,,,,,,,,,,,,
Q47215,Q2512659,,,,,,,,,,,,,,,,,,,,,,,,,,,,,,,,,,,,,,,,,,,,,
Q47219,Q11657345,,,,,,,,,,,,,,,,,,,,,,,,,,,,,,,,,,,,,,,,,,,,,
Q47223,Q16138216,,,,,,,,,,,,,,,,,,,,,,,,,,,,,,,,,,,,,,,,,,,,,
Q47227,Q45597771,,,,,,,,,,,,,,,,,,,,,,,,,,,,,,,,,,,,,,,,,,,,,
Q47231,Q22813906,,,,,,,,,,,,,,,,,,,,,,,,,,,,,,,,,,,,,,,,,,,,,
Q47235,Q45488360,,,,,,,,,,,,,,,,,,,,,,,,,,,,,,,,,,,,,,,,,,,,,
Q47239,Q20040177,,,,,,,,,,,,,,,,,,,,,,,,,,,,,,,,,,,,,,,,,,,,,
Q47243,Q45503671,,,,,,,,,,,,,,,,,,,,,,,,,,,,,,,,,,,,,,,,,,,,,
Q47247,Q45421489,,,,,,,,,,,,,,,,,,,,,,,,,,,,,,,,,,,,,,,,,,,,,
Q47251,Q5192725,,,,,,,,,,,,,,,,,,,,,,,,,,,,,,,,,,,,,,,,,,,,,
Q47255,Q45421834,,,,,,,,,,,,,,,,,,,,,,,,,,,,,,,,,,,,,,,,,,,,,
Q47259,Q45401089,,,,,,,,,,,,,,,,,,,,,,,,,,,,,,,,,,,,,,,,,,,,,
Q47263,Q45421836,,,,,,,,,,,,,,,,,,,,,,,,,,,,,,,,,,,,,,,,,,,,,
Q47267,Q45493382,,,,,,,,,,,,,,,,,,,,,,,,,,,,,,,,,,,,,,,,,,,,,
Q47271,Q45571170,,,,,,,,,,,,,,,,,,,,,,,,,,,,,,,,,,,,,,,,,,,,,
Q47275,Q45580542,,,,,,,,,,,,,,,,,,,,,,,,,,,,,,,,,,,,,,,,,,,,,
Q47279,Q11095606,,,,,,,,,,,,,,,,,,,,,,,,,,,,,,,,,,,,,,,,,,,,,
Q47283,Q65803995,,,,,,,,,,,,,,,,,,,,,,,,,,,,,,,,,,,,,,,,,,,,,
Q47287,Q45473069,,,,,,,,,,,,,,,,,,,,,,,,,,,,,,,,,,,,,,,,,,,,,
Q47291,Q45473193,,,,,,,,,,,,,,,,,,,,,,,,,,,,,,,,,,,,,,,,,,,,,
Q47295,Q45472620,,,,,,,,,,,,,,,,,,,,,,,,,,,,,,,,,,,,,,,,,,,,,
Q47299,Q45472684,,,,,,,,,,,,,,,,,,,,,,,,,,,,,,,,,,,,,,,,,,,,,
Q47303,Q45472749,,,,,,,,,,,,,,,,,,,,,,,,,,,,,,,,,,,,,,,,,,,,,
Q47307,Q45446359,,,,,,,,,,,,,,,,,,,,,,,,,,,,,,,,,,,,,,,,,,,,,
Q47311,Q45568033,,,,,,,,,,,,,,,,,,,,,,,,,,,,,,,,,,,,,,,,,,,,,
Q47315,Q45500140,,,,,,,,,,,,,,,,,,,,,,,,,,,,,,,,,,,,,,,,,,,,,
Q47319,Q45568221,,,,,,,,,,,,,,,,,,,,,,,,,,,,,,,,,,,,,,,,,,,,,
Q47323,Q45561675,,,,,,,,,,,,,,,,,,,,,,,,,,,,,,,,,,,,,,,,,,,,,
Q47327,Q45422034,,,,,,,,,,,,,,,,,,,,,,,,,,,,,,,,,,,,,,,,,,,,,
Q47331,Q45422042,,,,,,,,,,,,,,,,,,,,,,,,,,,,,,,,,,,,,,,,,,,,,
Q47335,Q45422623,,,,,,,,,,,,,,,,,,,,,,,,,,,,,,,,,,,,,,,,,,,,,
Q47339,Q45442211,,,,,,,,,,,,,,,,,,,,,,,,,,,,,,,,,,,,,,,,,,,,,
Q47343,Q45442785,,,,,,,,,,,,,,,,,,,,,,,,,,,,,,,,,,,,,,,,,,,,,
Q47347,Q45442849,,,,,,,,,,,,,,,,,,,,,,,,,,,,,,,,,,,,,,,,,,,,,
Q47351,Q18906439,,,,,,,,,,,,,,,,,,,,,,,,,,,,,,,,,,,,,,,,,,,,,
Q47355,Q45442276,,,,,,,,,,,,,,,,,,,,,,,,,,,,,,,,,,,,,,,,,,,,,
Q47359,Q45442340,,,,,,,,,,,,,,,,,,,,,,,,,,,,,,,,,,,,,,,,,,,,,
Q47363,Q45442471,,,,,,,,,,,,,,,,,,,,,,,,,,,,,,,,,,,,,,,,,,,,,
Q47367,Q45494447,,,,,,,,,,,,,,,,,,,,,,,,,,,,,,,,,,,,,,,,,,,,,
Q47371,Q45527893,,,,,,,,,,,,,,,,,,,,,,,,,,,,,,,,,,,,,,,,,,,,,
Q47375,Q45459286,,,,,,,,,,,,,,,,,,,,,,,,,,,,,,,,,,,,,,,,,,,,,
Q47379,Q45555890,,,,,,,,,,,,,,,,,,,,,,,,,,,,,,,,,,,,,,,,,,,,,
Q47383,Q45479177,,,,,,,,,,,,,,,,,,,,,,,,,,,,,,,,,,,,,,,,,,,,,
Q47387,Q45481089,,,,,,,,,,,,,,,,,,,,,,,,,,,,,,,,,,,,,,,,,,,,,
Q47391,Q45481153,,,,,,,,,,,,,,,,,,,,,,,,,,,,,,,,,,,,,,,,,,,,,
Q47395,Q45481407,,,,,,,,,,,,,,,,,,,,,,,,,,,,,,,,,,,,,,,,,,,,,
Q47399,Q45481598,,,,,,,,,,,,,,,,,,,,,,,,,,,,,,,,,,,,,,,,,,,,,
Q47403,Q45482812,,,,,,,,,,,,,,,,,,,,,,,,,,,,,,,,,,,,,,,,,,,,,
Q47407,Q45484401,,,,,,,,,,,,,,,,,,,,,,,,,,,,,,,,,,,,,,,,,,,,,
Q47412,Q45484527,,,,,,,,,,,,,,,,,,,,,,,,,,,,,,,,,,,,,,,,,,,,,
Q47416,Q45486897,,,,,,,,,,,,,,,,,,,,,,,,,,,,,,,,,,,,,,,,,,,,,
Q47420,Q45487152,,,,,,,,,,,,,,,,,,,,,,,,,,,,,,,,,,,,,,,,,,,,,
Q47424,Q45487408,,,,,,,,,,,,,,,,,,,,,,,,,,,,,,,,,,,,,,,,,,,,,
Q47428,Q45487471,,,,,,,,,,,,,,,,,,,,,,,,,,,,,,,,,,,,,,,,,,,,,
Q47432,Q45487535,,,,,,,,,,,,,,,,,,,,,,,,,,,,,,,,,,,,,,,,,,,,,
Q47435,Q45487598,,,,,,,,,,,,,,,,,,,,,,,,,,,,,,,,,,,,,,,,,,,,,
Q47439,Q45487986,,,,,,,,,,,,,,,,,,,,,,,,,,,,,,,,,,,,,,,,,,,,,
Q47443,Q45633069,,,,,,,,,,,,,,,,,,,,,,,,,,,,,,,,,,,,,,,,,,,,,
Q47447,Q45380980,,,,,,,,,,,,,,,,,,,,,,,,,,,,,,,,,,,,,,,,,,,,,
Q47451,Q45380979,,,,,,,,,,,,,,,,,,,,,,,,,,,,,,,,,,,,,,,,,,,,,
Q47455,Q45418725,,,,,,,,,,,,,,,,,,,,,,,,,,,,,,,,,,,,,,,,,,,,,
Q47459,Q45681898,,,,,,,,,,,,,,,,,,,,,,,,,,,,,,,,,,,,,,,,,,,,,
Q47462,Q45418727,,,,,,,,,,,,,,,,,,,,,,,,,,,,,,,,,,,,,,,,,,,,,
Q47466,Q45515700,,,,,,,,,,,,,,,,,,,,,,,,,,,,,,,,,,,,,,,,,,,,,
Q47470,Q45422306,,,,,,,,,,,,,,,,,,,,,,,,,,,,,,,,,,,,,,,,,,,,,
Q47474,Q45422316,,,,,,,,,,,,,,,,,,,,,,,,,,,,,,,,,,,,,,,,,,,,,
Q47478,Q45438499,,,,,,,,,,,,,,,,,,,,,,,,,,,,,,,,,,,,,,,,,,,,,
Q47482,Q45531773,,,,,,,,,,,,,,,,,,,,,,,,,,,,,,,,,,,,,,,,,,,,,
Q47486,Q45420197,,,,,,,,,,,,,,,,,,,,,,,,,,,,,,,,,,,,,,,,,,,,,
Q47490,Q45460116,,,,,,,,,,,,,,,,,,,,,,,,,,,,,,,,,,,,,,,,,,,,,
Q47494,Q712340,,,,,,,,,,,,,,,,,,,,,,,,,,,,,,,,,,,,,,,,,,,,,
Q47498,Q45673406,,,,,,,,,,,,,,,,,,,,,,,,,,,,,,,,,,,,,,,,,,,,,
Q47502,Q45673492,,,,,,,,,,,,,,,,,,,,,,,,,,,,,,,,,,,,,,,,,,,,,
Q47506,Q45673534,,,,,,,,,,,,,,,,,,,,,,,,,,,,,,,,,,,,,,,,,,,,,
Q47510,Q11460844,,,,,,,,,,,,,,,,,,,,,,,,,,,,,,,,,,,,,,,,,,,,,
Q47514,Q11483578,,,,,,,,,,,,,,,,,,,,,,,,,,,,,,,,,,,,,,,,,,,,,
Q47518,Q7048552,,,,,,,,,,,,,,,,,,,,,,,,,,,,,,,,,,,,,,,,,,,,,
Q47522,Q11368842,,,,,,,,,,,,,,,,,,,,,,,,,,,,,,,,,,,,,,,,,,,,,
Q47526,Q11354925,,,,,,,,,,,,,,,,,,,,,,,,,,,,,,,,,,,,,,,,,,,,,
Q47530,Q6528823,,,,,,,,,,,,,,,,,,,,,,,,,,,,,,,,,,,,,,,,,,,,,
Q47534,Q11551727,,,,,,,,,,,,,,,,,,,,,,,,,,,,,,,,,,,,,,,,,,,,,
Q47538,Q5995759,,,,,,,,,,,,,,,,,,,,,,,,,,,,,,,,,,,,,,,,,,,,,
Q47542,Q11068758,,,,,,,,,,,,,,,,,,,,,,,,,,,,,,,,,,,,,,,,,,,,,
Q47546,Q11068720,,,,,,,,,,,,,,,,,,,,,,,,,,,,,,,,,,,,,,,,,,,,,
Q47550,Q111201611,,,,,,,,,,,,,,,,,,,,,,,,,,,,,,,,,,,,,,,,,,,,,
Q47554,Q111201622,,,,,,,,,,,,,,,,,,,,,,,,,,,,,,,,,,,,,,,,,,,,,
Q47558,Q11463152,,,,,,,,,,,,,,,,,,,,,,,,,,,,,,,,,,,,,,,,,,,,,
Q47562,Q108302288,,,,,,,,,,,,,,,,,,,,,,,,,,,,,,,,,,,,,,,,,,,,,
Q47566,Q109682350,,,,,,,,,,,,,,,,,,,,,,,,,,,,,,,,,,,,,,,,,,,,,
Q47570,Q11405603,,,,,,,,,,,,,,,,,,,,,,,,,,,,,,,,,,,,,,,,,,,,,
Q47574,Q6528718,,,,,,,,,,,,,,,,,,,,,,,,,,,,,,,,,,,,,,,,,,,,,
Q47578,Q115587307,,,,,,,,,,,,,,,,,,,,,,,,,,,,,,,,,,,,,,,,,,,,,
Q47583,Q11431098,,,,,,,,,,,,,,,,,,,,,,,,,,,,,,,,,,,,,,,,,,,,,
Q47587,Q11383449,,,,,,,,,,,,,,,,,,,,,,,,,,,,,,,,,,,,,,,,,,,,,
Q47591,Q17229103,,,,,,,,,,,,,,,,,,,,,,,,,,,,,,,,,,,,,,,,,,,,,
Q47595,Q11383445,,,,,,,,,,,,,,,,,,,,,,,,,,,,,,,,,,,,,,,,,,,,,
Q47599,Q8514851,,,,,,,,,,,,,,,,,,,,,,,,,,,,,,,,,,,,,,,,,,,,,
Q47603,Q11500879,,,,,,,,,,,,,,,,,,,,,,,,,,,,,,,,,,,,,,,,,,,,,
Q47607,Q109741508,,,,,,,,,,,,,,,,,,,,,,,,,,,,,,,,,,,,,,,,,,,,,
Q47611,Q109743145,,,,,,,,,,,,,,,,,,,,,,,,,,,,,,,,,,,,,,,,,,,,,
Q47615,Q10856548,,,,,,,,,,,,,,,,,,,,,,,,,,,,,,,,,,,,,,,,,,,,,
Q47619,Q11438939,,,,,,,,,,,,,,,,,,,,,,,,,,,,,,,,,,,,,,,,,,,,,
Q47623,Q11614734,,,,,,,,,,,,,,,,,,,,,,,,,,,,,,,,,,,,,,,,,,,,,
Q47627,Q11640334,,,,,,,,,,,,,,,,,,,,,,,,,,,,,,,,,,,,,,,,,,,,,
Q47631,Q11354946,,,,,,,,,,,,,,,,,,,,,,,,,,,,,,,,,,,,,,,,,,,,,
Q47635,Q11405118,,,,,,,,,,,,,,,,,,,,,,,,,,,,,,,,,,,,,,,,,,,,,
Q47639,Q11405124,,,,,,,,,,,,,,,,,,,,,,,,,,,,,,,,,,,,,,,,,,,,,
Q47643,Q11425411,,,,,,,,,,,,,,,,,,,,,,,,,,,,,,,,,,,,,,,,,,,,,
Q47647,Q11353147,,,,,,,,,,,,,,,,,,,,,,,,,,,,,,,,,,,,,,,,,,,,,
Q47651,Q11239082,,,,,,,,,,,,,,,,,,,,,,,,,,,,,,,,,,,,,,,,,,,,松平-82,
Q47655,Q11657644,,,,,,,,,,,,,,,,,,,,,,,,,,,,,,,,,,,,,,,,,,,,,
Q47659,Q11432521,,,,,,,,,,,,,,,,,,,,,,,,,,,,,,,,,,,,,,,,,,,,,
Q47663,Q11467507,,,,,,,,,,,,,,,,,,,,,,,,,,,,,,,,,,,,,,,,,,,,,
Q47667,Q11467506,,,,,,,,,,,,,,,,,,,,,,,,,,,,,,,,,,,,,,,,,,,,,
Q47671,Q11466861,,,,,,,,,,,,,,,,,,,,,,,,,,,,,,,,,,,,,,,,,,,,,
Q47675,Q29410891,,,,,,,,,,,,,,,,,,,,,,,,,,,,,,,,,,,,,,,,,,,,,
Q47679,Q108818830,,,,,,,,,,,,,,,,,,,,,,,,,,,,,,,,,,,,,,,,,,,,,
Q47683,Q111260916,,,,,,,,,,,,,,,,,,,,,,,,,,,,,,,,,,,,,,,,,,,,,
Q47687,Q108802977,,,,,,,,,,,,,,,,,,,,,,,,,,,,,,,,,,,,,,,,,,,,,
Q47691,Q10565457,,,,,,,,,,,,,,,,,,,,,,,,,,,,,,,,,,,,,,,,,,,,,
Q47695,Q55525342,,,,,,,,,,,,,,,,,,,,,,,,,,,,,,,,,,,,,,,,,,,,,
Q47699,Q11532526,,,,,,,,,,,,,,,,,,,,,,,,,,,,,,,,,,,,,,,,,,,,,
Q47703,Q11074588,,,,,,,,,,,,,,,,,,,,,,,,,,,,,,,,,,,,,,,,,,,,,
Q47707,Q11532525,,,,,,,,,,,,,,,,,,,,,,,,,,,,,,,,,,,,,,,,,,,,,
Q47711,Q111104031,,,,,,,,,,,,,,,,,,,,,,,,,,,,,,,,,,,,,,,,,,,,,
Q47715,Q11642250,,,,,,,,,,,,,,,,,,,,,,,,,,,,,,,,,,,,,,,,,,,,,
Q47719,Q10514805,,,,,,,,,,,,,,,,,,,,,,,,,,,,,,,,,,,,,,,,,,,,,
Q47723,Q11539648,,,,,,,,,,,,,,,,,,,,,,,,,,,,,,,,,,,,,,,,,,,,,
Q47728,Q11480548,,,,,,,,,,,,,,,,,,,,,,,,,,,,,,,,,,,,,,,,,,,,,
Q47733,Q113164055,,,,,,,,,,,,,,,,,,,,,,,,,,,,,,,,,,,,,,,,,,,,,
Q47737,Q11474167,,,,,,,,,,,,,,,,,,,,,,,,,,,,,,,,,,,,,,,,,,,,,
Q47741,Q11474162,,,,,,,,,,,,,,,,,,,,,,,,,,,,,,,,,,,,,,,,,,,,,
Q47745,Q110056984,,,,,,,,,,,,,,,,,,,,,,,,,,,,,,,,,,,,,,,,,,,,,
Q47749,Q110585269,,,,,,,,,,,,,,,,,,,,,,,,,,,,,,,,,,,,,,,,,,,,,
Q47753,Q11353937,,,,,,,,,,,,,,,,,,,,,,,,,,,,,,,,,,,,,,,,,,,,,
Q47757,Q110087188,,,,,,,,,,,,,,,,,,,,,,,,,,,,,,,,,,,,,,,,,,,,,
Q47761,Q11382692,,,,,,,,,,,,,,,,,,,,,,,,,,,,,,,,,,,,,,,,,,,,,
Q47765,Q11595109,,,,,,,,,,,,,,,,,,,,,,,,,,,,,,,,,,,,,,,,,,,,,
Q47769,Q6527110,,,,,,,,,,,,,,,,,,,,,,,,,,,,,,,,,,,,,,,,,,,,,
Q47773,Q11555493,,,,,,,,,,,,,,,,,,,,,,,,,,,,,,,,,,,,,,,,,,,,,
Q47777,Q108121288,,,,,,,,,,,,,,,,,,,,,,,,,,,,,,,,,,,,,,,,,,,,,
Q47781,Q108121390,,,,,,,,,,,,,,,,,,,,,,,,,,,,,,,,,,,,,,,,,,,,,
Q47785,Q108121401,,,,,,,,,,,,,,,,,,,,,,,,,,,,,,,,,,,,,,,,,,,,,
Q47789,Q108121464,,,,,,,,,,,,,,,,,,,,,,,,,,,,,,,,,,,,,,,,,,,,,
Q47793,Q1142310,,,,,,,,,,,,,,,,,,,,,,,,,,,,,,,,,,,,,,,,,,,,,
Q47797,Q118697807,,,,,,,,,,,,,,,,,,,,,,,,,,,,,,,,,,,,,,,,,,,,,
Q47801,Q108779201,,,,,,,,,,,,,,,,,,,,,,,,,,,,,,,,,,,,,,,,,,,,,
Q47805,Q11655797,,,,,,,,,,,,,,,,,,,,,,,,,,,,,,,,,,,,,,,,,,,,,
Q47809,Q11656466,,,,,,,,,,,,,,,,,,,,,,,,,,,,,,,,,,,,,,,,,,,,,
Q47813,Q11656109,,,,,,,,,,,,,,,,,,,,,,,,,,,,,,,,,,,,,,,,,,,,,
Q47817,Q108856011,,,,,,,,,,,,,,,,,,,,,,,,,,,,,,,,,,,,,,,,,,,,,
Q47821,Q102246608,,,,,,,,,,,,,,,,,,,,,,,,,,,,,,,,,,,,,,,,,,,,,
Q47825,Q108857480,,,,,,,,,,,,,,,,,,,,,,,,,,,,,,,,,,,,,,,,,,,,,
Q47829,Q110643349,,,,,,,,,,,,,,,,,,,,,,,,,,,,,,,,,,,,,,,,,,,,,
Q47834,Q11650658,,,,,,,,,,,,,,,,,,,,,,,,,,,,,,,,,,,,,,,,,,,,,
Q47838,Q11679394,,,,,,,,,,,,,,,,,,,,,,,,,,,,,,,,,,,,,,,,,,,,,
Q47842,Q134300030,,,,,,,,,,,,,,,,,,,,,,,,,,,,,,,,,,,,,,,,,,,,,
Q47846,Q11584957,,,,,,,,,,,,,,,,,,,,,,,,,,,,,,,,,,,,,,,,,,,,,
Q47850,Q107159417,,,,,,,,,,,,,,,,,,,,,,,,,,,,,,,,,,,,,,,,,,,,,
Q47854,Q11584867,,,,,,,,,,,,,,,,,,,,,,,,,,,,,,,,,,,,,,,,,,,,,
Q47858,Q11584865,,,,,,,,,,,,,,,,,,,,,,,,,,,,,,,,,,,,,,,,,,,,,
Q47862,Q11585087,,,,,,,,,,,,,,,,,,,,,,,,,,,,,,,,,,,,,,,,,,,,,
Q47866,Q109000144,,,,,,,,,,,,,,,,,,,,,,,,,,,,,,,,,,,,,,,,,,,,,
Q47870,Q11605340,,,,,,,,,,,,,,,,,,,,,,,,,,,,,,,,,,,,,,,,,,,,,
Q47874,Q106664211,,,,,,,,,,,,,,,,,,,,,,,,,,,,,,,,,,,,,,,,,,,,,
Q47878,Q108490832,,,,,,,,,,,,,,,,,,,,,,,,,,,,,,,,,,,,,,,,,,,,,
Q47882,Q1052955,,,,,,,,,,,,,,,,,,,,,,,,,,,,,,,,,,,,,,,,,,,,,
Q47886,Q109321243,,,,,,,,,,,,,,,,,,,,,,,,,,,,,,,,,,,,,,,,,,,,,
Q47890,Q109321304,,,,,,,,,,,,,,,,,,,,,,,,,,,,,,,,,,,,,,,,,,,,,
Q47894,Q109308642,,,,,,,,,,,,,,,,,,,,,,,,,,,,,,,,,,,,,,,,,,,,,
Q47898,Q110157643,,,,,,,,,,,,,,,,,,,,,,,,,,,,,,,,,,,,,,,,,,,,,
Q47902,Q386265,,,,,,,,,,,,,,,,,,,,,,,,,,,,,,,,,,,,,,,,,,,,,
Q47906,Q10938042,,,,,,,,,,,,,,,,,,,,,,,,,,,,,,,,,,,,,,,,,,,,,
Q47910,Q11518103,,,,,,,,,,,,,,,,,,,,,,,,,,,,,,,,,,,,,,,,,,,,,
Q47914,Q906547,,,,,,,,,,,,,,,,,,,,,,,,,,,,,,,,,,,,,,,,,,,,,
Q47918,Q2746940,,,,,,,,,,,,,,,,,,,,,,,,,,,,,,,,,,,,,,,,,,,,,
Q47922,Q3275789,,,,,,,,,,,,,,,,,,,,,,,,,,,,,,,,,,,,,,,,,,,,,
Q47926,Q11460863,,,,,,,,,,,,,,,,,,,,,,,,,,,,,,,,,,,,,,,,,,,,,
Q47930,Q8513962,,,,,,,,,,,,,,,,,,,,,,,,,,,,,,,,,,,,,,,,,,,,,
Q47935,Q11069129,,,,,,,,,,,,,,,,,,,,,,,,,,,,,,,,,,,,,,,,,,,,,
Q47939,Q6739701,,,,,,,,,,,,,,,,,,,,,,,,,,,,,,,,,,,,,,,,,,,,,
Q47943,Q8513878,,,,,,,,,,,,,,,,,,,,,,,,,,,,,,,,,,,,,,,,,,,,,
Q47947,Q11678591,,,,,,,,,,,,,,,,,,,,,,,,,,,,,,,,,,,,,,,,,,,,,
Q47951,Q108824529,,,,,,,,,,,,,,,,,,,,,,,,,,,,,,,,,,,,,,,,,,,,,
Q47955,Q11516770,,,,,,,,,,,,,,,,,,,,,,,,,,,,,,,,,,,,,,,,,,,,,
Q47959,Q11547620,,,,,,,,,,,,,,,,,,,,,,,,,,,,,,,,,,,,,,,,,,,,,
Q47963,Q110733009,,,,,,,,,,,,,,,,,,,,,,,,,,,,,,,,,,,,,,,,,,,,,
Q47967,Q108780904,,,,,,,,,,,,,,,,,,,,,,,,,,,,,,,,,,,,,,,,,,,,,
Q47971,Q11642251,,,,,,,,,,,,,,,,,,,,,,,,,,,,,,,,,,,,,,,,,,,,,
Q47975,Q10329123,,,,,,,,,,,,,,,,,,,,,,,,,,,,,,,,,,,,,,,,,,,,,
Q47979,Q11556308,,,,,,,,,,,,,,,,,,,,,,,,,,,,,,,,,,,,,,,,,,,,,
Q47983,Q11539147,,,,,,,,,,,,,,,,,,,,,,,,,,,,,,,,,,,,,,,,,,,,,
Q47987,Q109829288,,,,,,,,,,,,,,,,,,,,,,,,,,,,,,,,,,,,,,,,,,,,,
Q47991,Q11542065,,,,,,,,,,,,,,,,,,,,,,,,,,,,,,,,,,,,,,,,,,,,,
Q47995,Q5766997,,,,,,,,,,,,,,,,,,,,,,,,,,,,,,,,,,,,,,,,,,,,,
Q47999,Q11668862,,,,,,,,,,,,,,,,,,,,,,,,,,,,,,,,,,,,,,,,,,,,,
Q48003,Q58139850,,,,,,,,,,,,,,,,,,,,,,,,,,,,,,,,,,,,,,,,,,,,,
Q48007,Q11069848,,,,,,,,,,,,,,,,,,,,,,,,,,,,,,,,,,,,,,,,,,,,,
Q48011,Q11556943,,,,,,,,,,,,,,,,,,,,,,,,,,,,,,,,,,,,,,,,,,,,,
Q48015,Q109666018,,,,,,,,,,,,,,,,,,,,,,,,,,,,,,,,,,,,,,,,,,,,,
Q48019,Q11608363,,,,,,,,,,,,,,,,,,,,,,,,,,,,,,,,,,,,,,,,,,,,,
Q48023,Q108761194,,,,,,,,,,,,,,,,,,,,,,,,,,,,,,,,,,,,,,,,,,,,,
Q48027,Q11653719,,,,,,,,,,,,,,,,,,,,,,,,,,,,,,,,,,,,,,,,,,,,,
Q48031,Q11368676,,,,,,,,,,,,,,,,,,,,,,,,,,,,,,,,,,,,,,,,,,,,,
Q48035,Q11509547,,,,,,,,,,,,,,,,,,,,,,,,,,,,,,,,,,,,,,,,,,,,,
Q48039,Q108684909,,,,,,,,,,,,,,,,,,,,,,,,,,,,,,,,,,,,,,,,,,,,,
Q48043,Q108686106,,,,,,,,,,,,,,,,,,,,,,,,,,,,,,,,,,,,,,,,,,,,,
Q48047,Q109657431,,,,,,,,,,,,,,,,,,,,,,,,,,,,,,,,,,,,,,,,,,,,,
Q48051,Q110080144,,,,,,,,,,,,,,,,,,,,,,,,,,,,,,,,,,,,,,,,,,,,,
Q48055,Q108101096,,,,,,,,,,,,,,,,,,,,,,,,,,,,,,,,,,,,,,,,,,,,,
Q48059,Q11374445,,,,,,,,,,,,,,,,,,,,,,,,,,,,,,,,,,,,,,,,,,,,,
Q48064,Q108845633,,,,,,,,,,,,,,,,,,,,,,,,,,,,,,,,,,,,,,,,,,,,,
Q48068,Q6788051,,,,,,,,,,,,,,,,,,,,,,,,,,,,,,,,,,,,,,,,,,,,松平-143,
Q48072,Q11364747,,,,,,,,,,,,,,,,,,,,,,,,,,,,,,,,,,,,,,,,,,,,,
Q48076,Q11530488,,,,,,,,,,,,,,,,,,,,,,,,,,,,,,,,,,,,,,,,,,,,松平-156,
Q48080,Q6527771,,,,,,,,,,,,,,,,,,,,,,,,,,,,,,,,,,,,,,,,,,,,,
Q48084,Q108101075,,,,,,,,,,,,,,,,,,,,,,,,,,,,,,,,,,,,,,,,,,,,,
Q48088,Q108101087,,,,,,,,,,,,,,,,,,,,,,,,,,,,,,,,,,,,,,,,,,,,,
Q48092,Q108101144,,,,,,,,,,,,,,,,,,,,,,,,,,,,,,,,,,,,,,,,,,,,,
Q48096,Q108845828,,,,,,,,,,,,,,,,,,,,,,,,,,,,,,,,,,,,,,,,,,,,,
Q48100,Q110050441,,,,,,,,,,,,,,,,,,,,,,,,,,,,,,,,,,,,,,,,,,,,,
Q48104,Q11452038,,,,,,,,,,,,,,,,,,,,,,,,,,,,,,,,,,,,,,,,,,,,,
Q48108,Q11489587,,,,,,,,,,,,,,,,,,,,,,,,,,,,,,,,,,,,,,,,,,,,,
Q48112,Q11586718,,,,,,,,,,,,,,,,,,,,,,,,,,,,,,,,,,,,,,,,,,,,,
Q48116,Q7498919,,,,,,,,,,,,,,,,,,,,,,,,,,,,,,,,,,,,,,,,,,,,,
Q48120,Q11551941,,,,,,,,,,,,,,,,,,,,,,,,,,,,,,,,,,,,,,,,,,,,,
Q48128,Q59779630,,,,,,,,,,,,,,,,,,,,,,,,,,,,,,,,,,,,,,,,,,,,,
Q48132,Q6529386,,,,,,,,,,,,,,,,,,,,,,,,,,,,,,,,,,,,,,,,,,,,,
Q48136,Q111141000,,,,,,,,,,,,,,,,,,,,,,,,,,,,,,,,,,,,,,,,,,,,,
Q48140,Q6529156,,,,,,,,,,,,,,,,,,,,,,,,,,,,,,,,,,,,,,,,,,,,,
Q48144,Q108907575,,,,,,,,,,,,,,,,,,,,,,,,,,,,,,,,,,,,,,,,,,,,,
Q48148,Q11380800,,,,,,,,,,,,,,,,,,,,,,,,,,,,,,,,,,,,,,,,,,,,,
Q48152,Q111127025,,,,,,,,,,,,,,,,,,,,,,,,,,,,,,,,,,,,,,,,,,,,,
Q48156,Q11661616,,,,,,,,,,,,,,,,,,,,,,,,,,,,,,,,,,,,,,,,,,,,,
Q48160,Q11380871,,,,,,,,,,,,,,,,,,,,,,,,,,,,,,,,,,,,,,,,,,,,,
Q48161,Q110884463,,,,,,,,,,,,,,,,,,,,,,,,,,,,,,,,,,,,,,,,,,,,,
Q48168,Q11420562,,,,,,,,,,,,,,,,,,,,,,,,,,,,,,,,,,,,,,,,,,,,,
Q48172,Q11420554,,,,,,,,,,,,,,,,,,,,,,,,,,,,,,,,,,,,,,,,,,,,,
Q48176,Q11380786,,,,,,,,,,,,,,,,,,,,,,,,,,,,,,,,,,,,,,,,,,,,,
Q48180,Q11380802,,,,,,,,,,,,,,,,,,,,,,,,,,,,,,,,,,,,,,,,,,,,,
Q48184,Q11605980,,,,,,,,,,,,,,,,,,,,,,,,,,,,,,,,,,,,,,,,,,,,,
Q48188,Q108485547,,,,,,,,,,,,,,,,,,,,,,,,,,,,,,,,,,,,,,,,,,,,,
Q48192,Q11605983,,,,,,,,,,,,,,,,,,,,,,,,,,,,,,,,,,,,,,,,,,,,,
Q48196,Q11529145,,,,,,,,,,,,,,,,,,,,,,,,,,,,,,,,,,,,,,,,,,,,,
Q48200,Q11397517,,,,,,,,,,,,,,,,,,,,,,,,,,,,,,,,,,,,,,,,,,,,,
Q48204,Q111974834,,,,,,,,,,,,,,,,,,,,,,,,,,,,,,,,,,,,,,,,,,,,,
Q48208,Q11523024,,,,,,,,,,,,,,,,,,,,,,,,,,,,,,,,,,,,,,,,,,,,,
Q48212,Q11374481,,,,,,,,,,,,,,,,,,,,,,,,,,,,,,,,,,,,,,,,,,,,,
Q48216,Q11374480,,,,,,,,,,,,,,,,,,,,,,,,,,,,,,,,,,,,,,,,,,,,,
Q48220,Q11374474,,,,,,,,,,,,,,,,,,,,,,,,,,,,,,,,,,,,,,,,,,,,,
Q48224,Q109817708,,,,,,,,,,,,,,,,,,,,,,,,,,,,,,,,,,,,,,,,,,,,,
Q48228,Q109817452,,,,,,,,,,,,,,,,,,,,,,,,,,,,,,,,,,,,,,,,,,,,,
Q48232,Q110164785,,,,,,,,,,,,,,,,,,,,,,,,,,,,,,,,,,,,,,,,,,,,,
Q48236,Q110165700,,,,,,,,,,,,,,,,,,,,,,,,,,,,,,,,,,,,,,,,,,,,,
Q48240,Q110165760,,,,,,,,,,,,,,,,,,,,,,,,,,,,,,,,,,,,,,,,,,,,,
Q48244,Q110165864,,,,,,,,,,,,,,,,,,,,,,,,,,,,,,,,,,,,,,,,,,,,,
Q48248,Q110165872,,,,,,,,,,,,,,,,,,,,,,,,,,,,,,,,,,,,,,,,,,,,,
Q48252,Q11608261,,,,,,,,,,,,,,,,,,,,,,,,,,,,,,,,,,,,,,,,,,,,織田-69,
Q48260,Q11510645,,,,,,,,,,,,,,,,,,,,,,,,,,,,,,,,,,,,,,,,,,,,,
Q48268,Q11397448,,,,,,,,,,,,,,,,,,,,,,,,,,,,,,,,,,,,,,,,,,,,前田-18,
Q48272,Q110876587,,,,,,,,,,,,,,,,,,,,,,,,,,,,,,,,,,,,,,,,,,,,,
Q48276,Q134567533,,,,,,,,,,,,,,,,,,,,,,,,,,,,,,,,,,,,,,,,,,,,,
Q48280,Q10514737,,,,,,,,,,,,,,,,,,,,,,,,,,,,,,,,,,,,,,,,,,,,,
Q48284,Q11364068,,,,,,,,,,,,,,,,,,,,,,,,,,,,,,,,,,,,,,,,,,,,,
Q48288,Q11583370,,,,,,,,,,,,,,,,,,,,,,,,,,,,,,,,,,,,,,,,,,,,,
Q48292,Q3335053,,,,,,,,,,,,,,,,,,,,,,,,,,,,,,,,,,,,,,,,,,,,,
Q48296,Q8513913,,,,,,,,,,,,,,,,,,,,,,,,,,,,,,,,,,,,,,,,,,,,,
Q48300,Q11104216,,,,,,,,,,,,,,,,,,,,,,,,,,,,,,,,,,,,,,,,,,,,松倉-3,
Q48304,Q330123,,,,,,,,,,,,,,,,,,,,,,,,,,,,,,,,,,,,,,,,,,,,松倉-2,
Q48308,Q109862314,,,,,,,,,,,,,,,,,,,,,,,,,,,,,,,,,,,,,,,,,,,,,
Q48312,Q108855898,,,,,,,,,,,,,,,,,,,,,,,,,,,,,,,,,,,,,,,,,,,,,
Q48316,Q108799179,,,,,,,,,,,,,,,,,,,,,,,,,,,,,,,,,,,,,,,,,,,,,
Q48320,Q110909054,,,,,,,,,,,,,,,,,,,,,,,,,,,,,,,,,,,,,,,,,,,,,
Q48324,Q111296897,,,,,,,,,,,,,,,,,,,,,,,,,,,,,,,,,,,,,,,,,,,,,
Q48328,Q11413057,,,,,,,,,,,,,,,,,,,,,,,,,,,,,,,,,,,,,,,,,,,,,
Q48332,Q123480539,,,,,,,,,,,,,,,,,,,,,,,,,,,,,,,,,,,,,,,,,,,,,
Q48336,Q11413072,,,,,,,,,,,,,,,,,,,,,,,,,,,,,,,,,,,,,,,,,,,,,
Q48340,Q11412929,,,,,,,,,,,,,,,,,,,,,,,,,,,,,,,,,,,,,,,,,,,,,
Q48344,Q11480163,,,,,,,,,,,,,,,,,,,,,,,,,,,,,,,,,,,,,,,,,,,,,
Q48348,Q124483511,,,,,,,,,,,,,,,,,,,,,,,,,,,,,,,,,,,,,,,,,,,,,
Q48352,Q5365538,,,,,,,,,,,,,,,,,,,,,,,,,,,,,,,,,,,,,,,,,,,,,
Q48356,Q108096916,,,,,,,,,,,,,,,,,,,,,,,,,,,,,,,,,,,,,,,,,,,,,
Q48360,Q109248602,,,,,,,,,,,,,,,,,,,,,,,,,,,,,,,,,,,,,,,,,,,,,
Q48364,Q109249802,,,,,,,,,,,,,,,,,,,,,,,,,,,,,,,,,,,,,,,,,,,,,
Q48368,Q110265753,,,,,,,,,,,,,,,,,,,,,,,,,,,,,,,,,,,,,,,,,,,,,
Q48372,Q108692651,,,,,,,,,,,,,,,,,,,,,,,,,,,,,,,,,,,,,,,,,,,,,
Q48376,Q11417968,,,,,,,,,,,,,,,,,,,,,,,,,,,,,,,,,,,,,,,,,,,,,
Q48380,Q108689275,,,,,,,,,,,,,,,,,,,,,,,,,,,,,,,,,,,,,,,,,,,,,
Q48384,Q11565130,,,,,,,,,,,,,,,,,,,,,,,,,,,,,,,,,,,,,,,,,,,,,
Q48389,Q110955429,,,,,,,,,,,,,,,,,,,,,,,,,,,,,,,,,,,,,,,,,,,,,
Q48393,Q111027719,,,,,,,,,,,,,,,,,,,,,,,,,,,,,,,,,,,,,,,,,,,,,
Q48397,Q111081298,,,,,,,,,,,,,,,,,,,,,,,,,,,,,,,,,,,,,,,,,,,,,
Q48401,Q11551931,,,,,,,,,,,,,,,,,,,,,,,,,,,,,,,,,,,,,,,,,,,,,
Q48405,Q111044014,,,,,,,,,,,,,,,,,,,,,,,,,,,,,,,,,,,,,,,,,,,,,
Q48409,Q111080483,,,,,,,,,,,,,,,,,,,,,,,,,,,,,,,,,,,,,,,,,,,,,
Q48413,Q54292097,,,,,,,,,,,,,,,,,,,,,,,,,,,,,,,,,,,,,,,,,,,,,
Q48417,Q111152901,,,,,,,,,,,,,,,,,,,,,,,,,,,,,,,,,,,,,,,,,,,,,
Q48425,Q11551920,,,,,,,,,,,,,,,,,,,,,,,,,,,,,,,,,,,,,,,,,,,,,
Q48426,Q10944286,,,,,,,,,,,,,,,,,,,,,,,,,,,,,,,,,,,,,,,,,,,,,
Q48429,Q111018238,,,,,,,,,,,,,,,,,,,,,,,,,,,,,,,,,,,,,,,,,,,,,
Q48430,Q22812699,,,,,,,,,,,,,,,,,,,,,,,,,,,,,,,,,,,,,,,,,,,,,
Q48433,Q11427712,,,,,,,,,,,,,,,,,,,,,,,,,,,,,,,,,,,,,,,,,,,,,
Q48434,Q28418238,,,,,,,,,,,,,,,,,,,,,,,,,,,,,,,,,,,,,,,,,,,,,
Q48437,Q111026050,,,,,,,,,,,,,,,,,,,,,,,,,,,,,,,,,,,,,,,,,,,,,
Q48438,Q28418390,,,,,,,,,,,,,,,,,,,,,,,,,,,,,,,,,,,,,,,,,,,,,
Q48441,Q111196304,,,,,,,,,,,,,,,,,,,,,,,,,,,,,,,,,,,,,,,,,,,,,
Q48442,Q61720074,,,,,,,,,,,,,,,,,,,,,,,,,,,,,,,,,,,,,,,,,,,,,
Q48446,Q61721620,,,,,,,,,,,,,,,,,,,,,,,,,,,,,,,,,,,,,,,,,,,,,
Q48449,Q11541702,,,,,,,,,,,,,,,,,,,,,,,,,,,,,,,,,,,,,,,,,,,,,
Q48450,Q133277805,,,,,,,,,,,,,,,,,,,,,,,,,,,,,,,,,,,,,,,,,,,,,
Q48453,Q111187581,,,,,,,,,,,,,,,,,,,,,,,,,,,,,,,,,,,,,,,,,,,,,
Q48454,Q45605906,,,,,,,,,,,,,,,,,,,,,,,,,,,,,,,,,,,,,,,,,,,,,
Q48457,Q11530560,,,,,,,,,,,,,,,,,,,,,,,,,,,,,,,,,,,,,,,,,,,,,
Q48458,Q18653294,,,,,,,,,,,,,,,,,,,,,,,,,,,,,,,,,,,,,,,,,,,,,
Q48461,Q11068075,,,,,,,,,,,,,,,,,,,,,,,,,,,,,,,,,,,,,,,,,,,,,
Q48462,Q134266600,,,,,,,,,,,,,,,,,,,,,,,,,,,,,,,,,,,,,,,,,,,,,
Q48465,Q1631219,,,,,,,,,,,,,,,,,,,,,,,,,,,,,,,,,,,,,,,,,,,,,
Q48467,Q45590873,,,,,,,,,,,,,,,,,,,,,,,,,,,,,,,,,,,,,,,,,,,,,
Q48469,Q30252558,,,,,,,,,,,,,,,,,,,,,,,,,,,,,,,,,,,,,,,,,,,,,
Q48471,Q10945500,,,,,,,,,,,,,,,,,,,,,,,,,,,,,,,,,,,,,,,,,,,,,
Q48473,Q11596533,,,,,,,,,,,,,,,,,,,,,,,,,,,,,,,,,,,,,,,,,,,,,
Q48475,Q45647597,,,,,,,,,,,,,,,,,,,,,,,,,,,,,,,,,,,,,,,,,,,,,
Q48477,Q10525390,,,,,,,,,,,,,,,,,,,,,,,,,,,,,,,,,,,,,,,,,,,,,
Q48479,Q133288791,,,,,,,,,,,,,,,,,,,,,,,,,,,,,,,,,,,,,,,,,,,,,
Q48480,Q11265509,,,,,,,,,,,,,,,,,,,,,,,,,,,,,,,,,,,,,,,,,,,,,
Q48483,Q11109115,,,,,,,,,,,,,,,,,,,,,,,,,,,,,,,,,,,,,,,,,,,,,
Q48484,Q10514845,,,,,,,,,,,,,,,,,,,,,,,,,,,,,,,,,,,,,,,,,,,,,
Q48487,Q11109164,,,,,,,,,,,,,,,,,,,,,,,,,,,,,,,,,,,,,,,,,,,,,
Q48488,Q10514726,,,,,,,,,,,,,,,,,,,,,,,,,,,,,,,,,,,,,,,,,,,,,
Q48491,Q112966729,,,,,,,,,,,,,,,,,,,,,,,,,,,,,,,,,,,,,,,,,,,,,
Q48492,Q110955441,,,,,,,,,,,,,,,,,,,,,,,,,,,,,,,,,,,,,,,,,,,,,
Q48495,Q10919602,,,,,,,,,,,,,,,,,,,,,,,,,,,,,,,,,,,,,,,,,,,,,
Q48496,Q110955450,,,,,,,,,,,,,,,,,,,,,,,,,,,,,,,,,,,,,,,,,,,,,
Q48499,Q210329,,alvin-person:61294,,,,,,,,,,,,,,,,,,,,,,,,,,,,,,,,,,,,,,,,,,袁-2,
Q48500,Q113285656,,,,,,,,,,,,,,,,,,,,,,,,,,,,,,,,,,,,,,,,,,,,,
Q48503,Q45542327,,,,,,,,,,,,,,,,,,,,,,,,,,,,,,,,,,,,,,,,,,,,,
Q48504,Q6605877,,,,,,,,,,,,,,,,,,,,,,,,,,,,,,,,,,,,,,,,,,,,,
Q48507,Q6130429,,,,,,,,,,,,,,,,,,,,,,,,,,,,,,,,,,,,,,,,,,,,,
Q48508,Q6605899,,,,,,,,,,,,,,,,,,,,,,,,,,,,,,,,,,,,,,,,,,,,,
Q48511,Q11398321,,,,,,,,,,,,,,,,,,,,,,,,,,,,,,,,,,,,,,,,,,,,,
Q48512,Q11530366,,,,,,,,,,,,,,,,,,,,,,,,,,,,,,,,,,,,,,,,,,,,,
Q48515,Q133805204,,,,,,,,,,,,,,,,,,,,,,,,,,,,,,,,,,,,,,,,,,,,,
Q48516,Q6832273,,,,,,,,,,,,,,,,,,,,,,,,,,,,,,,,,,,,,,,,,,,,松平-205,
Q48519,Q133858104,,,,,,,,,,,,,,,,,,,,,,,,,,,,,,,,,,,,,,,,,,,,,
Q48520,Q112045901,,,,,,,,,,,,,,,,,,,,,,,,,,,,,,,,,,,,,,,,,,,,,
Q48523,Q11658288,,,,,,,,,,,,,,,,,,,,,,,,,,,,,,,,,,,,,,,,,,,,陳-24,
Q48524,Q108807726,,,,,,,,,,,,,,,,,,,,,,,,,,,,,,,,,,,,,,,,,,,,,
Q48527,Q45416378,,,,,,,,G6V7-ZDV,,,,,,,,,,,,,,,,,,,,,,,,,,,,,,,,,,,,,
Q48528,Q11540563,,,,,,,,,,,,,,,,,,,,,,,,,,,,,,,,,,,,,,,,,,,,,
Q48531,Q45416384,,,,,,,,,,,,,,,,,,,,,,,,,,,,,,,,,,,,,,,,,,,,,
Q48532,Q11540566,,,,,,,,,,,,,,,,,,,,,,,,,,,,,,,,,,,,,,,,,,,,,
Q48535,Q45416395,,,,,,,,,,,,,,,,,,,,,,,,,,,,,,,,,,,,,,,,,,,,,
Q48536,Q111143479,,,,,,,,,,,,,,,,,,,,,,,,,,,,,,,,,,,,,,,,,,,,,
Q48539,Q45424449,,,,,,,,,,,,,,,,,,,,,,,,,,,,,,,,,,,,,,,,,,,,,
Q48540,Q11528912,,,,,,,,,,,,,,,,,,,,,,,,,,,,,,,,,,,,,,,,,,,,,
Q48543,Q11113724,,,,,,,,,,,,,,,,,,,,,,,,,,,,,,,,,,,,,,,,,,,,,
Q48544,Q11399259,,,,,,,,,,,,,,,,,,,,,,,,,,,,,,,,,,,,,,,,,,,,,
Q48547,Q45404301,,,,,,,,,,,,,,,,,,,,,,,,,,,,,,,,,,,,,,,,,,,,,
Q48548,Q10514755,,,,,,,,,,,,,,,,,,,,,,,,,,,,,,,,,,,,,,,,,,,,,
Q48551,Q45416496,,,,,,,,,,,,,,,,,,,,,,,,,,,,,,,,,,,,,,,,,,,,,
Q48552,Q3825090,,,,,,,,,,,,,,,,,,,,,,,,,,,805508,,,,,,,,,,,,,,,,,,
Q48555,Q45416511,,,,,,,,,,,,,,,,,,,,,,,,,,,,,,,,,,,,,,,,,,,,,
Q48559,Q45416589,,,,,,,,,,,,,,,,,,,,,,,,,,,,,,,,,,,,,,,,,,,,,
Q48563,Q65814551,,,,,,,,,,,,,,,,,,,,,,,,,,,,,,,,,,,,,,,,,,,,,
Q48564,Q11531790,,,,,,,,,,,,,,,,,,,,,,,,,,,,,,,,,,,,,,,,,,,,,
Q48567,Q65814274,,,,,,,,,,,,,,,,,,,,,,,,,,,,,,,,,,,,,,,,,,,,,
Q48568,Q10204112,,,,,,,,,,,,,,,,,,,,,,,,,,,,,,,,,,,,,,,,,,,,,
Q48571,Q65814278,,,,,,,,,,,,,,,,,,,,,,,,,,,,,,,,,,,,,,,,,,,,,
Q48572,Q11500695,,,,,,,,,,,,,,,,,,,,,,,,,,,,,,,,,,,,,,,,,,,,,
Q48575,Q65814567,,,,,,,,,,,,,,,,,,,,,,,,,,,,,,,,,,,,,,,,,,,,,
Q48576,Q110903188,,,,,,,,,,,,,,,,,,,,,,,,,,,,,,,,,,,,,,,,,,,,,
Q48579,Q65814591,,,,,,,,,,,,,,,,,,,,,,,,,,,,,,,,,,,,,,,,,,,,,
Q48580,Q11598184,,,,,,,,,,,,,,,,,,,,,,,,,,,,,,,,,,,,,,,,,,,,立花-37,
Q48583,Q65814352,,,,,,,,,,,,,,,,,,,,,,,,,,,,,,,,,,,,,,,,,,,,,
Q48584,Q11633108,,,,,,,,,,,,,,,,,,,,,,,,,,,,,,,,,,,,,,,,,,,,,
Q48587,Q65814448,,,,,,,,,,,,,,,,,,,,,,,,,,,,,,,,,,,,,,,,,,,,,
Q48588,Q11522243,,,,,,,,,,,,,,,,,,,,,,,,,,,,,,,,,,,,,,,,,,,,,
Q48591,Q65820165,,,,,,,,,,,,,,,,,,,,,,,,,,,,,,,,,,,,,,,,,,,,,
Q48592,Q11644100,,,,,,,,,,,,,,,,,,,,,,,,,,,,,,,,,,,,,,,,,,,,酒井-20,
Q48595,Q65814497,,,,,,,,,,,,,,,,,,,,,,,,,,,,,,,,,,,,,,,,,,,,,
Q48596,Q11644131,,,,,,,,,,,,,,,,,,,,,,,,,,,,,,,,,,,,,,,,,,,,,
Q48599,Q65816743,,,,,,,,,,,,,,,,,,,,,,,,,,,,,,,,,,,,,,,,,,,,,
Q48600,Q11644147,,,,,,,,,,,,,,,,,,,,,,,,,,,,,,,,,,,,,,,,,,,,酒井-9,
Q48603,Q65816938,,,,,,,,,,,,,,,,,,,,,,,,,,,,,,,,,,,,,,,,,,,,,
Q48604,Q111050032,,,,,,,,,,,,,,,,,,,,,,,,,,,,,,,,,,,,,,,,,,,,,
Q48607,Q65814540,,,,,,,,,,,,,,,,,,,,,,,,,,,,,,,,,,,,,,,,,,,,,
Q48608,Q11644098,,,,,,,,,,,,,,,,,,,,,,,,,,,,,,,,,,,,,,,,,,,,,
Q48611,Q65816686,,,,,,,,,,,,,,,,,,,,,,,,,,,,,,,,,,,,,,,,,,,,,
Q48612,Q110726377,,,,,,,,,,,,,,,,,,,,,,,,,,,,,,,,,,,,,,,,,,,,,
Q48615,Q65814514,,,,,,,,,,,,,,,,,,,,,,,,,,,,,,,,,,,,,,,,,,,,,
Q48616,Q11516842,,,,,,,,,,,,,,,,,,,,,,,,,,,,,,,,,,,,,,,,,,,,,
Q48619,Q65816690,,,,,,,,,,,,,,,,,,,,,,,,,,,,,,,,,,,,,,,,,,,,,
Q48620,Q11486857,,,,,,,,,,,,,,,,,,,,,,,,,,,,,,,,,,,,,,,,,,,,,
Q48623,Q65816934,,,,,,,,,,,,,,,,,,,,,,,,,,,,,,,,,,,,,,,,,,,,,
Q48624,Q11370503,,,,,,,,,,,,,,,,,,,,,,,,,,,,,,,,,,,,,,,,,,,,,
Q48627,Q45695179,,,,,,,,,,,,,,,,,,,,,,,,,,,,,,,,,,,,,,,,,,,,,
Q48628,Q6527222,,,,,,,,,,,,,,,,,,,,,,,,,,,,,,,,,,,,,,,,,,,,,
Q48631,Q45695639,,,,,,,,,,,,,,,,,,,,,,,,,,,,,,,,,,,,,,,,,,,,,
Q48632,Q10565578,,,,,,,,,,,,,,,,,,,,,,,,,,,,,,,,,,,,,,,,,,,,,
Q48635,Q45695665,,,,,,,,,,,,,,,,,,,,,,,,,,,,,,,,,,,,,,,,,,,,,
Q48636,Q108884546,,,,,,,,,,,,,,,,,,,,,,,,,,,,,,,,,,,,,,,,,,,,,
Q48639,Q133823632,,,,,,,,,,,,,,,,,,,,,,,,,,,,,,,,,,,,,,,,,,,,,
Q48640,Q8515214,,,,,,,,,,,,,,,,,,,,,,,,,,,,,,,,,,,,,,,,,,,,酒井-41,
Q48643,Q134176947,,,,,,,,,,,,,,,,,,,,,,,,,,,,,,,,,,,,,,,,,,,,,
Q48644,Q22124765,,,,,,,,,,,,,,,,,,,,,,,,,,,,,,,,,,,,,,,,,,,,,
Q48647,Q45417091,,,,,,,,,,,,,,,,,,,,,,,,,,,,,,,,,,,,,,,,,,,,,
Q48648,Q11423269,,,,,,,,,,,,,,,,,,,,,,,,,,,,,,,,,,,,,,,,,,,,,
Q48651,Q45417093,,,,,,,,,,,,,,,,,,,,,,,,,,,,,,,,,,,,,,,,,,,,,
Q48652,Q128865460,,,,,,,,,,,,,,,,,,,,,,,,,,,,,,,,,,,,,,,,,,,,,
Q48655,Q45417099,,,,,,,,,,,,,,,,,,,,,,,,,,,,,,,,,,,,,,,,,,,,,
Q48656,Q11488465,,,,,,,,,,,,,,,,,,,,,,,,,,,,,,,,,,,,,,,,,,,,,
Q48659,Q45417101,,,,,,,,,,,,,,,,,,,,,,,,,,,,,,,,,,,,,,,,,,,,,
Q48660,Q134298876,,,,,,,,,,,,,,,,,,,,,,,,,,,,,,,,,,,,,,,,,,,,,
Q48663,Q45417114,,,,,,,,,,,,,,,,,,,,,,,,,,,,,,,,,,,,,,,,,,,,,
Q48664,Q11650696,,,,,,,,,,,,,,,,,,,,,,,,,,,,,,,,,,,,,,,,,,,,,
Q48667,Q45417146,,,,,,,,,,,,,,,,,,,,,,,,,,,,,,,,,,,,,,,,,,,,,
Q48671,Q45417148,,,,,,,,,,,,,,,,,,,,,,,,,,,,,,,,,,,,,,,,,,,,,
Q48672,Q134349792,,,,,,,,,,,,,,,,,,,,,,,,,,,,,,,,,,,,,,,,,,,,,
Q48675,Q45417151,,,,,,,,,,,,,,,,,,,,,,,,,,,,,,,,,,,,,,,,,,,,,
Q48676,Q134300249,,,,,,,,,,,,,,,,,,,,,,,,,,,,,,,,,,,,,,,,,,,,,
Q48679,Q45417132,,,,,,,,,,,,,,,,,,,,,,,,,,,,,,,,,,,,,,,,,,,,,
Q48680,Q134281382,,,,,,,,,,,,,,,,,,,,,,,,,,,,,,,,,,,,,,,,,,,,,
Q48683,Q45417136,,,,,,,,,,,,,,,,,,,,,,,,,,,,,,,,,,,,,,,,,,,,,
Q48684,Q11679391,,,,,,,,,,,,,,,,,,,,,,,,,,,,,,,,,,,,,,,,,,,,,
Q48687,Q45417140,,,,,,,,,,,,,,,,,,,,,,,,,,,,,,,,,,,,,,,,,,,,,
Q48688,Q65095702,,,,,,,,,,,,,,,,,,,,,,,,,,,,,,,,,,,,,,,,,,,,,
Q48691,Q45417142,,,,,,,,,,,,,,,,,,,,,,,,,,,,,,,,,,,,,,,,,,,,,
Q48692,Q59551787,,,,,,,,,,,,,,,,,,,,,,,,,,,,,,,,,,,,,,,,,,,,,
Q48695,Q45417145,,,,,,,,,,,,,,,,,,,,,,,,,,,,,,,,,,,,,,,,,,,,,
Q48696,Q41698965,,,,,,,,,,,,,,,,,,,,,,,,,,,,,,,,,,,,,,,,,,,,,
Q48699,Q45417129,,,,,,,,,,,,,,,,,,,,,,,,,,,,,,,,,,,,,,,,,,,,,
Q48700,Q5357237,,,,,,,,,,,,,,,,,,,,,,,,,,,,,,,,,,,,,,,,,,,,島津-42,
Q48703,Q45424821,,,,,,,,,,,,,,,,,,,,,,,,,,,,,,,,,,,,,,,,,,,,,
Q48704,Q11399369,,,,,,,,,,,,,,,,,,,,,,,,,,,,,,,,,,,,,,,,,,,,,
Q48707,Q13655673,,,,,,,,,,,,,,,,,,,,,,,,,,,,,,,,,,,,,,,,,,,,,
Q48708,Q11399372,,,,,,,,,,,,,,,,,,,,,,,,,,,,,,,,,,,,,,,,,,,,,
Q48711,Q45416970,,,,,,,,,,,,,,,,,,,,,,,,,,,,,,,,,,,,,,,,,,,,,
Q48712,Q111272321,,,,,,,,,,,,,,,,,,,,,,,,,,,,,,,,,,,,,,,,,,,,,
Q48715,Q45416973,,,,,,,,,,,,,,,,,,,,,,,,,,,,,,,,,,,,,,,,,,,,,
Q48716,Q11399350,,,,,,,,,,,,,,,,,,,,,,,,,,,,,,,,,,,,,,,,,,,,,
Q48719,Q45416987,,,,,,,,,,,,,,,,,,,,,,,,,,,,,,,,,,,,,,,,,,,,,
Q48720,Q11399364,,,,,,,,,,,,,,,,,,,,,,,,,,,,,,,,,,,,,,,,,,,,,
Q48723,Q45417006,,,,,,,,,,,,,,,,,,,,,,,,,,,,,,,,,,,,,,,,,,,,,
Q48724,Q11605988,,,,,,,,,,,,,,,,,,,,,,,,,,,,,,,,,,,,,,,,,,,,姉小路-1,
Q48727,Q45417024,,,,,,,,,,,,,,,,,,,,,,,,,,,,,,,,,,,,,,,,,,,,,
Q48728,Q110135936,,,,,,,,,,,,,,,,,,,,,,,,,,,,,,,,,,,,,,,,,,,,,
Q48731,Q45471524,,,,,,,,,,,,,,,,,,,,,,,,,,,,,,,,,,,,,,,,,,,,,
Q48732,Q110135962,,,,,,,,,,,,,,,,,,,,,,,,,,,,,,,,,,,,,,,,,,,,,
Q48735,Q45471715,,,,,,,,,,,,,,,,,,,,,,,,,,,,,,,,,,,,,,,,,,,,,
Q48736,Q11534394,,,,,,,,,,,,,,,,,,,,,,,,,,,,,,,,,,,,,,,,,,,,,
Q48739,Q45486964,,,,,,,,,,,,,,,,,,,,,,,,,,,,,,,,,,,,,,,,,,,,,
Q48740,Q11515386,,,,,,,,,,,,,,,,,,,,,,,,,,,,,,,,,,,,,,,,,,,,,
Q48743,Q45487091,,,,,,,,,,,,,,,,,,,,,,,,,,,,,,,,,,,,,,,,,,,,,
Q48744,Q11534415,,,,,,,,,,,,,,,,,,,,,,,,,,,,,,,,,,,,,,,,,,,,,
Q48747,Q1706223,,,,,,,,,,,,,,,,,,,,,,,,,,,,,,,,,,,,,,,,,,,,,
Q48748,Q11534404,,,,,,,,,,,,,,,,,,,,,,,,,,,,,,,,,,,,,,,,,,,,,
Q48751,Q15894013,,,,,,,,,,,,,,,,,,,,,,,,,,,,,,,,,,,,,,,,,,,,,
Q48752,Q8054937,,,,,,,,,,,,,,,,,,,,,,,,,,,,,,,,,,,,,,,,,,,,,
Q48755,Q45425223,,,,,,,,,,,,,,,,,,,,,,,,,,,,,,,,,,,,,,,,,,,,,
Q48756,Q11534369,,,,,,,,,,,,,,,,,,,,,,,,,,,,,,,,,,,,,,,,,,,,,
Q48759,Q22812632,,,,,,,,,,,,,,,,,,,,,,,,,,,,,,,,,,,,,,,,,,,,,
Q48760,Q110728019,,,,,,,,,,,,,,,,,,,,,,,,,,,,,,,,,,,,,,,,,,,,,
Q48763,Q12583141,,,,,,,,,,,,,,,,,,,,,,,,,,,,,,,,,,,,,,,,,,,,,
Q48764,Q110885113,,,,,,,,,,,,,,,,,,,,,,,,,,,,,,,,,,,,,,,,,,,,,
Q48772,Q110875000,,,,,,,,,,,,,,,,,,,,,,,,,,,,,,,,,,,,,,,,,,,,,
Q48776,Q6640035,,,,,,,,,,,,,,,,,,,,,,,,,,,,,,,,,,,,,,,,,,,,,
Q48780,Q110875203,,,,,,,,,,,,,,,,,,,,,,,,,,,,,,,,,,,,,,,,,,,,,
Q48784,Q8516001,,,,,,,,,,,,,,,,,,,,,,,,,,,,,,,,,,,,,,,,,,,,,
Q48788,Q110876592,,,,,,,,,,,,,,,,,,,,,,,,,,,,,,,,,,,,,,,,,,,,,
Q48792,Q110877111,,,,,,,,,,,,,,,,,,,,,,,,,,,,,,,,,,,,,,,,,,,,,
Q48796,Q110878611,,,,,,,,,,,,,,,,,,,,,,,,,,,,,,,,,,,,,,,,,,,,,
Q48800,Q134458639,,,,,,,,,,,,,,,,,,,,,,,,,,,,,,,,,,,,,,,,,,,,,
Q48803,Q114585237,,,,,,,,,,,,,,,,,,,,,,,,,,,,,,,,,,,,,,,,,,,,,
Q48804,Q134458699,,,,,,,,,,,,,,,,,,,,,,,,,,,,,,,,,,,,,,,,,,,,,
Q48807,Q113662216,,,,,,,,,,,,,,,,,,,,,,,,,,,,,,,,,,,,,,,,,,,,,
Q48808,Q134458706,,,,,,,,,,,,,,,,,,,,,,,,,,,,,,,,,,,,,,,,,,,,,
Q48811,Q65063155,,,,,,,,,,,,,,,,,,,,,,,,,,,1427104,,,,,,,,,,,,,,,,,,
Q48813,Q11616264,,,,,,,,,,,,,,,,,,,,,,,,,,,,,,,,,,,,,,,,,,,,,
Q48815,Q38963222,,,,,,,,,,,,,,,,,,,,,,,,,,,,,,,,,,,,,,,,,,,,,
Q48817,Q11642301,,,,,,,,,,,,,,,,,,,,,,,,,,,,,,,,,,,,,,,,,,,,,
Q48819,Q38962866,,,,,,,,,,,,,,,,,,,,,,,,,,,,,,,,,,,,,,,,,,,,,
Q48821,Q113244728,,,,,,,,,,,,,,,,,,,,,,,,,,,,,,,,,,,,,,,,,,,,,
Q48823,Q7448,,,,,,,,,,,,,,,,,,,,,,,,,,,,,,,,,,,,,,,,,,,,,
Q48825,Q8513874,,,,,,,,,,,,,,,,,,,,,,,,,,,,,,,,,,,,,,,,,,,,,
Q48827,Q8258477,,,,,,,,,,,,,,,,,,,,,,,,,,,,,,,,,,,,,,,,,,,,,
Q48829,Q110733511,,,,,,,,,,,,,,,,,,,,,,,,,,,,,,,,,,,,,,,,,,,,,
Q48831,Q10955145,,,,,,,,,,,,,,,,,,,,,,,,,,,,,,,,,,,,,,,,,,,,,
Q48833,Q10514783,,,,,,,,,,,,,,,,,,,,,,,,,,,,,,,,,,,,,,,,,,,,,
Q48835,Q11627759,,,,,,,,,,,,,,,,,,,,,,,,,,,,,,,,,,,,,,,,,,,,,
Q48836,Q8258522,,,,,,,,,,,,,,,,,,,,,,,,,,,,,,,,,,,,,,,,,,,,,
Q48839,Q8258488,,,,,,,,,,,,,,,,,,,,,,,,,,,,,,,,,,,,,,,,,,,,,
Q48840,Q541040,,,,,,,,,,,,,,,,,,,,,,,,,,,,,,,,,,,,,,,,,,,,,
Q48843,Q8253300,,,,,,,,,,,,,,,,,,,,,,,,,,,,,,,,,,,,,,,,,,,,,
Q48845,Q134570017,,,,,,,,,,,,,,,,,,,,,,,,,,,,,,,,,,,,,,,,,,,,,
Q48847,Q8258508,,,,,,,,,,,,,,,,,,,,,,,,,,,,,,,,,,,,,,,,,,,,,
Q48849,Q10729496,,,,,,,,,,,,,,,,,,,,,,,,,,,,,,,,,,,,,,,,,,,,,
Q48851,Q8258515,,,,,,,,,,,,,,,,,,,,,,,,,,,,,,,,,,,,,,,,,,,,,
Q48853,Q10729461,,,,,,,,,,,,,,,,,,,,,,,,,,,,,,,,,,,,,,,,,,,,,
Q48855,Q7454,,,,,,,,,,,,,,,,,,,,,,,,,,,,,,,,,,,,,,,,,,,,,
Q48857,Q134570926,,,,,,,,,,,,,,,,,,,,,,,,,,,,,,,,,,,,,,,,,,,,,
Q48859,Q5060,,,,,,,,,,,,,,,,,,,,,,,,,,,,,,,,,,,,,,,,,,,,,
Q48861,Q134576575,,,,,,,,,,,,,,,,,,,,,,,,,,,,,,,,,,,,,,,,,,,,,
Q48863,Q8258643,,,,,,,,,,,,,,,,,,,,,,,,,,,,,,,,,,,,,,,,,,,,,
Q48865,Q11551121,,,,,,,,,,,,,,,,,,,,,,,,,,,,,,,,,,,,,,,,,,,,,
Q48867,Q16603382,,,,,,,,,,,,,,,,,,,,,,,,,,,,,,,,,,,,,,,,,,,,,
Q48869,Q11497479,,,,,,,,,,,,,,,,,,,,,,,,,,,,,,,,,,,,,,,,,,,,,
Q48871,Q15952928,,,,,,,,,,,,,,,,,,,,,,,,,,,,,,,,,,,,,,,,,,,,,
Q48873,Q108799192,,,,,,,,,,,,,,,,,,,,,,,,,,,,,,,,,,,,,,,,,,,,,
Q48875,Q2582969,,,,,,,,,,,,,,,,,,,,,,,,,,,,,,,,,,,,,,,,,,,,,
Q48877,Q10521581,,,,,,,,,,,,,,,,,,,,,,,,,,,,,,,,,,,,,,,,,,,,,
Q48879,Q10947921,,,,,,,,,,,,,,,,,,,,,,,,,,,,,,,,,,,,,,,,,,,,,
Q48881,Q10521793,,,,,,,,,,,,,,,,,,,,,,,,,,,,,,,,,,,,,,,,,,,,,
Q48883,Q10947923,,,,,,,,,,,,,,,,,,,,,,,,,,,,,,,,,,,,,,,,,,,,,
Q48885,Q10521342,,,,,,,,,,,,,,,,,,,,,,,,,,,,,,,,,,,,,,,,,,,,,
Q48887,Q10947925,,,,,,,,,,,,,,,,,,,,,,,,,,,,,,,,,,,,,,,,,,,,,
Q48889,Q110969188,,,,,,,,,,,,,,,,,,,,,,,,,,,,,,,,,,,,,,,,,,,,,
Q48891,Q10947929,,,,,,,,,,,,,,,,,,,,,,,,,,,,,,,,,,,,,,,,,,,,,
Q48893,Q11402151,,,,,,,,,,,,,,,,,,,,,,,,,,,,,,,,,,,,,,,,,,,,,
Q48895,Q15938710,,,,,,,,,,,,,,,,,,,,,,,,,,,,,,,,,,,,,,,,,,,,,
Q48897,Q109678678,,,,,,,,,,,,,,,,,,,,,,,,,,,,,,,,,,,,,,,,,,,,,
Q48899,Q15956106,,,,,,,,,,,,,,,,,,,,,,,,,,,,,,,,,,,,,,,,,,,,,
Q48901,Q108701254,,,,,,,,,,,,,,,,,,,,,,,,,,,,,,,,,,,,,,,,,,,,,
Q48903,Q16260511,,,,,,,,,,,,,,,,,,,,,,,,,,,,,,,,,,,,,,,,,,,,,
Q48905,Q108701834,,,,,,,,,,,,,,,,,,,,,,,,,,,,,,,,,,,,,,,,,,,,,
Q48907,Q16260828,,,,,,,,,,,,,,,,,,,,,,,,,,,,,,,,,,,,,,,,,,,,,
Q48909,Q109597849,,,,,,,,,,,,,,,,,,,,,,,,,,,,,,,,,,,,,,,,,,,,,
Q48911,Q16260900,,,,,,,,,,,,,,,,,,,,,,,,,,,,,,,,,,,,,,,,,,,,,
Q48913,Q109597454,,,,,,,,,,,,,,,,,,,,,,,,,,,,,,,,,,,,,,,,,,,,,
Q48915,Q17010027,,,,,,,,,,,,,,,,,,,,,,,,,,,,,,,,,,,,,,,,,,,,,
Q48917,Q108701507,,,,,,,,,,,,,,,,,,,,,,,,,,,,,,,,,,,,,,,,,,,,,
Q48919,Q613587,,,,,,,,,,,,,,,,,,,,,,,,,,,,,,,,,,,,,,,,,,,,,
Q48921,Q11425734,,,,,,,,,,,,,,,,,,,,,,,,,,,,,,,,,,,,,,,,,,,,,
Q48923,Q8007620,,,,,,,,,,,,,,,,,,,,,,,,,,,,,,,,,,,,,,,,,,,,,
Q48925,Q10729501,,,,,,,,,,,,,,,,,,,,,,,,,,,,,,,,,,,,,,,,,,,,,
Q48927,Q836741,,,,,,,,,,,,,,,,,,,,,,,,,,,,,,,,,,,,,,,,,,,,,
Q48929,Q10856558,,,,,,,,,,,,,,,,,,,,,,,,,,,,,,,,,,,,,,,,,,,,小笠原-110,
Q48931,Q8258683,,,,,,,,,,,,,,,,,,,,,,,,,,,,,,,,,,,,,,,,,,,,,
Q48933,Q108803101,,,,,,,,,,,,,,,,,,,,,,,,,,,,,,,,,,,,,,,,,,,,,
Q48935,Q28415836,,,,,,,,,,,,,,,,,,,,,,,,,,,,,,,,,,,,,,,,,,,,,
Q48937,Q110050839,,,,,,,,,,,,,,,,,,,,,,,,,,,,,,,,,,,,,,,,,,,,,
Q48939,Q24833735,,,,,,,,,,,,,,,,,,,,,,,,,,,,,,,,,,,,,,,,,,,,,
Q48941,Q8515501,,,,,,,,,,,,,,,,,,,,,,,,,,,,,,,,,,,,,,,,,,,,,
Q48943,Q24840937,,,,,,,,,,,,,,,,,,,,,,,,,,,,,,,,,,,,,,,,,,,,,
Q48945,Q8513845,,,,,,,,,,,,,,,,,,,,,,,,,,,,,,,,,,,,,,,,,,,,,
Q48947,Q8258567,,,,,,,,,,,,,,,,,,,,,,,,,,,,,,,,,,,,,,,,,,,,,
Q48949,Q10565548,,,,,,,,,,,,,,,,,,,,,,,,,,,,,,,,,,,,,,,,,,,,,
Q48951,Q8253396,,,,,,,,,,,,,,,,,,,,,,,,,,,,,,,,,,,,,,,,,,,,,
Q48953,Q11405203,,,,,,,,,,,,,,,,,,,,,,,,,,,,,,,,,,,,,,,,,,,,有馬-5,
Q48955,Q5081,,,,,,,,,,,,,,,,,,,,,,,,,,,,,,,,,,,,,,,,,,,,,
Q48957,Q3776344,,,,,,,,,,,,,,,,,,,,,,,,,,,,,,,,,,,,,,,,,,,,,
Q48959,Q10947919,,,,,,,,,,,,,,,,,,,,,,,,,,,,,,,,,,,,,,,,,,,,,
Q48961,Q18235833,,,,,,,,,,,,,,,,,,,,,,,,,,,,,,,,,,,,,,,,,,,,,
Q48963,Q10947920,,,,,,,,,,,,,,,,,,,,,,,,,,,,,,,,,,,,,,,,,,,,,
Q48965,Q11034669,,,,,,,,,,,,,,,,,,,,,,,,,,,,,,,,,,,,,,,,,,,,,
Q48967,Q16075399,,,,,,,,,,,,,,,,,,,,,,,,,,,,,,,,,,,,,,,,,,,,,
Q48969,Q942553,,,,,,,,,,,,,,,,,,,,,,,,,,,,,,,,,,,,,,,,,,,,,
Q48972,Q8258685,,,,,,,,,,,,,,,,,,,,,,,,,,,,,,,,,,,,,,,,,,,,,
Q48973,Q11608442,,,,,,,,,,,,,,,,,,,,,,,,,,,,,,,,,,,,,,,,,,,,織田-45,
Q48976,Q15934445,,,,,,,,,,,,,,,,,,,,,,,,,,,,,,,,,,,,,,,,,,,,,
Q48977,Q11608275,,,,,,,,,,,,,,,,,,,,,,,,,,,,,,,,,,,,,,,,,,,,織田-25,
Q48980,Q10200628,,,,,,,,,,,,,,,,,,,,,,,,,,,,,,,,,,,,,,,,,,,,,
Q48981,Q11608274,,,,,,,,,,,,,,,,,,,,,,,,,,,,,,,,,,,,,,,,,,,,織田-23,
Q48984,Q15944297,,,,,,,,,,,,,,,,,,,,,,,,,,,,,,,,,,,,,,,,,,,,,
Q48985,Q11459513,,,,,,,,,,,,,,,,,,,,,,,,,,,,,,,,,,,,,,,,,,,,織田-19,
Q48988,Q16075429,,,,,,,,,,,,,,,,,,,,,,,,,,,,,,,,,,,,,,,,,,,,,
Q48989,Q11423535,,,,,,,,,,,,,,,,,,,,,,,,,,,,,,,,,,,,,,,,,,,,,
Q48992,Q15954591,,,,,,,,,,,,,,,,,,,,,,,,,,,,,,,,,,,,,,,,,,,,,
Q48996,Q16260145,,,,,,,,,,,,,,,,,,,,,,,,,,,,,,,,,,,,,,,,,,,,,
Q48997,Q11608440,,,,,,,,,,,,,,,,,,,,,,,,,,,,,,,,,,,,,,,,,,,,織田-32,
Q49000,Q45628438,,,,,,,,,,,,,,,,,,,,,,,,,,,,,,,,,,,,,,,,,,,,,
Q49004,Q4231919,,,,,,,,,,,,,,,,,,,,,,,,,,,279508,,p=agathe;n=de coumanie,,,dw.6246,,,,,,,,,,,,,
Q49008,Q4449843,,,,,,,,,,,,,,,,,,,,,,,,,,,643301,,,,,,,,,,,,,,,,,,
Q49012,Q1333759,,,,,,,,,,,,,,,,,,,,,,,,,,,273968,,,,,,,,,,,,,,,,,,
Q49016,Q735288,,,,,,,,,,,,,,,,,,,,,,,,,,,249674,,,,,,,,,,,,,,,,,,
Q49020,Q3820837,,,,,,,,,,,,,,,,,,,,,,,,,,,,,,,,,,,,,,,,,,,,,
Q49024,Q102858259,,,,,,,,,,,,,,,,,,,,,,,,,,,,,,,,,,,,,,,,,,,,,I00298639
Q49033,Q102858239,,,,,,,,,,,,,,,,,,,,,,,,,,,,,p=ne;n=n;oc=698,,,,,,,,,,,,,,,,I00108711
Q49037,Q108803302,,,,,,,,,,,,,,,,,,,,,,,,,,,240827,,p=marija;n=rurikides;oc=7,,,,,,,,,,,,,,,,I00298636
Q49041,Q108802203,,,,,,,,,,,,,,,,,,,,,,,,,,,489665,,p=ne;n=rurikides;oc=58,,,,,,,,,,,,,,,,
Q49045,Q122167652,,,,,,,,,,,,,,,,,,,,,,,,,,,316167,,p=ne;n=rurikides;oc=57,,,,,,,,,,,,,,,,I00301383
Q49049,Q4104425,,,,,,,,,,,,,,,,,,,,,,,,,,,182071,,p=vassili;n=rurikides;oc=47,,,,,,,,,,,,,Vasily_of_Yaroslavl_(1),,,I00549468
Q49053,Q61754415,,,,,,,,,,,,,,,,,,,,,,,,,,,182035,,p=mikhail;n=rurikides;oc=4,,,,,,,,,,,,,,,,I00548784
Q49057,Q3818324,,,,,,,,,,,,,,,,,,,,,,,,,,,445111,,,,,,,,,,,,,,,,,,
Q49065,Q25394173,,,,,,,,,,,,,,,,,,,,,,,,,,,180597,,p=maria;n=rurikides;oc=3,,,dw.1669,,,,,,,,,,Maria_of_Tchernigov_(1),,Mikhailovna-1,I00174659
Q49069,Q4093740,,,,,,,,,,,,,,,,,,,,,,,,,,,114304,,p=boris;n=rurikides;oc=5,,,dw.6100,,,,,,,,,,,,,I00125090
Q49073,Q4397033,,,,,,,,,,,,,,,,,,,,,,,,,,,62785,,p=roman;n=rurikides;oc=19,,,,,,,,,,,,,,,,I00081450
Q49077,Q4493872,,,,,,,,,,,,,,,,,,,,,,,,,,,413229,,p=feodor;n=rurikides;oc=24,,,,,,,,,,,,,,,,
Q49081,Q38964206,,,,,,,,,,,,,,,,,,,,,,,,,,,448768,,,,,,,,,,,,,,,,,,
Q49085,Q135217980,,,,,,,,,,,,,,,,,,,,,,,,,,,,,,,,,,,,,,,,,,,,,
Q49089,Q135217952,,,,,,,,,,,,,,,,,,,,,,,,,,,,,,,,,,,,,,,,,,,,,
Q49093,Q135218003,,,,,,,,,,,,,,,,,,,,,,,,,,,,,,,,,,,,,,,,,,,,,
Q49097,Q135218182,,,,,,,,,,,,,,,,,,,,,,,,,,,,,,,,,,,,,,,,,,,,,
Q49101,Q1067190,,,,,,,,,,,,,,,,,,,,,,,,,,,447190,,,,,,,,,,,,,,,,,,
Q49105,Q135218234,,,,,,,,,,,,,,,,,,,,,,,,,,,,,,,,,,,,,,,,,,,,,
Q49109,Q2748141,,,,,,,,,,,,,,,,,,,,,,,,,,,,,,,,,,,,,,,,,,,,,
Q49113,Q1150746,,,,,,,,,,,,,,,,,,,,,,,,,,,,,,,,,,,,,,,,,,,,,I00361818
Q49117,Q2396,,,,,,,,,,,,,,,,,,,,,,,,,,,,,,,,,,,,,,,,,,,,,
Q49118,Q11471090,,,,,,,,,,,,,,,,,,,,,,,,,,,,,,,,,,,,,,,,,,,,,
Q49121,Q2992177,,,,,,,,,,,,,,,,,,,,,,,,,,,,,,,,,,,,,,,,,,,,,
Q49122,Q11408512,,,,,,,,,,,,,,,,,,,,,,,,,,,1377684,,,,,,,,,,,,,,,,,,
Q49125,Q685545,,,,,,,,,,,,,,,,,,,,,,,,,,,,,,,,,,,,,,,,,,,,,
Q49126,Q8513986,,,,,,,,,,,,,,,,,,,,,,,,,,,,,,,,,,,,,,,,,,,,南部-48,
Q49129,Q2637592,,,,,,,,,,,,,,,,,,,,,,,,,,,,,,,,,,,,,,,,,,,,,
Q49133,Q128693960,,,,,,,,,,,,,,,,,,,,,,,,,,,,,,,,,,,,,,,,,,,,,
Q49137,Q1330091,,,,,,,,,,,,,,,,,,,,,,,,,,,,,,,,,,,,,,,,,,,,,
Q49141,Q6713105,,,,,,,,,,,,,,,,,,,,,,,,,,,,,,,,,,,,,,,,,,,,,
Q49145,Q8005268,,,,,,,,,,,,,,,,,,,,,,,,,,,,,,,,,,,,,,,,,,,,,
Q49149,Q6121424,,,,,,,,,,,,,,,,,,,,,,,,,,,,,,,,,,,,,,,,,,,,,
Q49153,Q5374497,,,,,,,,,,,,,,,,,,,,,,,,,,,,,,,,,,,,,,,,,,,,,
Q49157,Q10593949,,,,,,,,,,,,,,,,,,,,,,,,,,,,,,,,,,,,,,,,,,,,,
Q49161,Q5956233,,,,,,,,,,,,,,,,,,,,,,,,,,,,,,,,,,,,,,,,,,,,,
Q49165,Q10658829,,,,,,,,,,,,,,,,,,,,,,,,,,,,,,,,,,,,,,,,,,,,,
Q49169,Q11610775,,,,,,,,,,,,,,,,,,,,,,,,,,,,,,,,,,,,,,,,,,,,,
Q49173,Q11610815,,,,,,,,,,,,,,,,,,,,,,,,,,,,,,,,,,,,,,,,,,,,,
Q49177,Q47269866,,,,,,,,,,,,,,,,,,,,,,,,,,,,,,,,,,,,,,,,,,,,,
Q49181,Q65798497,,,,,,,,,,,,,,,,,,,,,,,,,,,,,,,,,,,,,,,,,,,,,
Q49185,Q17500139,,,,,,,,,,,,,,,,,,,,,,,,,,,,,,,,,,,,,,,,,,,,,
Q49189,Q47268397,,,,,,,,,,,,,,,,,,,,,,,,,,,,,,,,,,,,,,,,,,,,,
Q49193,Q11622136,,,,,,,,,,,,,,,,,,,,,,,,,,,,,,,,,,,,,,,,,,,,,
Q49200,Q47261104,,,,,,,,,,,,,,,,,,,,,,,,,,,,,,,,,,,,,,,,,,,,,
Q49204,Q8254163,,,,,,,,,,,,,,,,,,,,,,,,,,,,,,,,,,,,,,,,,,,,,
Q49209,Q45429081,,,,,,,,,,,,,,,,,,,,,,,,,,,,,,,,,,,,,,,,,,,,,
Q49213,Q16260410,,,,,,,,,,,,,,,,,,,,,,,,,,,,,,,,,,,,,,,,,,,,,
Q49217,Q16078411,,,,,,,,,,,,,,,,,,,,,,,,,,,,,,,,,,,,,,,,,,,,,
Q49221,Q4993,,,,,,,,,,,,,,,,,,,,,,,,,,,,,,,,,,,,,,,,,,,,,
Q49225,Q10484679,,,,,,,,,,,,,,,,,,,,,,,,,,,,,,,,,,,,,,,,,,,,,
Q49229,Q16075275,,,,,,,,,,,,,,,,,,,,,,,,,,,,,,,,,,,,,,,,,,,,,
Q49232,Q110253231,,,,,,,,,,,,,,,,,,,,,,,,,,,,,,,,,,,,,,,,,,,,,
Q49233,Q16075277,,,,,,,,,,,,,,,,,,,,,,,,,,,,,,,,,,,,,,,,,,,,,
Q49236,Q16075425,,,,,,,,,,,,,,,,,,,,,,,,,,,,,,,,,,,,,,,,,,,,,
Q49240,Q8254281,,,,,,,,,,,,,,,,,,,,,,,,,,,,,,,,,,,,,,,,,,,,,
Q49244,Q10966739,,,,,,,,,,,,,,,,,,,,,,,,,,,,,,,,,,,,,,,,,,,,,
Q49249,Q45435021,,,,,,,,,,,,,,,,,,,,,,,,,,,,,,,,,,,,,,,,,,,,,
Q49253,Q45433793,,,,,,,,,,,,,,,,,,,,,,,,,,,,,,,,,,,,,,,,,,,,,
Q49257,Q45434111,,,,,,,,,,,,,,,,,,,,,,,,,,,,,,,,,,,,,,,,,,,,,
Q49262,Q11048986,,,,,,,,,,,,,,,,,,,,,,,,,,,,,,,,,,,,,,,,,,,,,
Q49266,Q777372,,,,,,,,,,,,,,,,,,,,,,,,,,,,,,,,,,,,,,,,,,,,,
Q49270,Q65798674,,,,,,,,,,,,,,,,,,,,,,,,,,,,,,,,,,,,,,,,,,,,,
Q49274,Q5000,,,,,,,,,,,,,,,,,,,,,,,,,,,,,,,,,,,,,,,,,,,,,
Q49278,Q11180206,,,,,,,,,,,,,,,,,,,,,,,,,,,,,,,,,,,,,,,,,,,,,
Q49282,Q16078430,,,,,,,,,,,,,,,,,,,,,,,,,,,,,,,,,,,,,,,,,,,,,
Q49286,Q16603290,,,,,,,,,,,,,,,,,,,,,,,,,,,,,,,,,,,,,,,,,,,,,
Q49289,Q11445776,,,,,,,,,,,,,,,,,,,,,,,,,,,,,,,,,,,,,,,,,,,,奧平-1,
Q49290,Q16260672,,,,,,,,,,,,,,,,,,,,,,,,,,,,,,,,,,,,,,,,,,,,,
Q49293,Q6529850,,,,,,,,,,,,,,,,,,,,,,,,,,,,,,,,,,,,,,,,,,,,生駒-7,
Q49294,Q15910888,,,,,,,,,,,,,,,,,,,,,,,,,,,,,,,,,,,,,,,,,,,,,
Q49297,Q118697549,,,,,,,,,,,,,,,,,,,,,,,,,,,,,,,,,,,,,,,,,,,,,
Q49298,Q15951247,,,,,,,,,,,,,,,,,,,,,,,,,,,,,,,,,,,,,,,,,,,,,
Q49301,Q106847115,,,,,,,,,,,,,,,,,,,,,,,,,,,,,,,,,,,,,,,,,,,,,
Q49302,Q15953310,,,,,,,,,,,,,,,,,,,,,,,,,,,,,,,,,,,,,,,,,,,,,
Q49305,Q79017558,,,,,,,,,,,,,,,,,,,,,,,,,,,,,,,,,,,,,,,,,,,,,
Q49306,Q16075288,,,,,,,,,,,,,,,,,,,,,,,,,,,,,,,,,,,,,,,,,,,,,
Q49309,Q11530599,,,,,,,,,,,,,,,,,,,,,,,,,,,,,,,,,,,,,,,,,,,,松平-79,
Q49310,Q45512011,,,,,,,,,,,,,,,,,,,,,,,,,,,,,,,,,,,,,,,,,,,,,
Q49313,Q8514835,,,,,,,,,,,,,,,,,,,,,,,,,,,,,,,,,,,,,,,,,,,,岩城-2,
Q49314,Q45512072,,,,,,,,,,,,,,,,,,,,,,,,,,,,,,,,,,,,,,,,,,,,,
Q49318,Q45512203,,,,,,,,,,,,,,,,,,,,,,,,,,,,,,,,,,,,,,,,,,,,,
Q49321,Q1158894,,,,,,,,,,,,,,,,,,,,,,,,,,,,,,,,,,,,,,,,,,,,小野-40,
Q49322,Q45415661,,,,,,,,,,,,,,,,,,,,,,,,,,,,,,,,,,,,,,,,,,,,,
Q49325,Q109747682,,,,,,,,,,,,,,,,,,,,,,,,,,,,,,,,,,,,,,,,,,,,,
Q49326,Q45426614,,,,,,,,,,,,,,,,,,,,,,,,,,,,,,,,,,,,,,,,,,,,,
Q49329,Q109965855,,,,,,,,,,,,,,,,,,,,,,,,,,,,,,,,,,,,,,,,,,,,,
Q49330,Q45488444,,,,,,,,,,,,,,,,,,,,,,,,,,,,,,,,,,,,,,,,,,,,,
Q49333,Q109983698,,,,,,,,,,,,,,,,,,,,,,,,,,,,,,,,,,,,,,,,,,,,,
Q49334,Q3856737,,,,,,,,,,,,,,,,,,,,,,,,,,,,,,,,,,,,,,,,,,,,,I00293037
Q49337,Q110307503,,,,,,,,,,,,,,,,,,,,,,,,,,,,,,,,,,,,,,,,,,,,,
Q49341,Q110307539,,,,,,,,,,,,,,,,,,,,,,,,,,,,,,,,,,,,,,,,,,,,,
Q49345,Q11489571,,,,,,,,,,,,,,,,,,,,,,,,,,,,,,,,,,,,,,,,,,,,,
Q49349,Q109830888,,,,,,,,,,,,,,,,,,,,,,,,,,,,,,,,,,,,,,,,,,,,,
Q49350,Q113115305,,,,,,,,,,,,,,,,,,,,,,,,,,,,,,,,,,,,,,,,,,,,,
Q49353,Q109831013,,,,,,,,,,,,,,,,,,,,,,,,,,,,,,,,,,,,,,,,,,,,,
Q49354,Q129093878,,,,,,,,,,,,,,,,,,,,,,,,,,,,,,,,,,,,,,,,,,,,,I00341769
Q49357,Q11379125,,,,,,,,,,,,,,,,,,,,,,,,,,,,,,,,,,,,,,,,,,,,,
Q49358,Q104855406,,,,,,,,,,,,,,,,,,,,,,,,,,,,,,,,,,,,,,,,,,,,,I00139080
Q49361,Q110285181,,,,,,,,,,,,,,,,,,,,,,,,,,,,,,,,,,,,,,,,,,,,,
Q49362,Q110715290,,,,,,,,,,,,,,,,,,,,,,,,,,,,,,,,,,,,,,,,,,,,,I00636447
Q49365,Q11642334,,,,,,,,,,,,,,,,,,,,,,,,,,,,,,,,,,,,,,,,,,,,,
Q49369,Q11642329,,,,,,,,,,,,,,,,,,,,,,,,,,,,,,,,,,,,,,,,,,,,,
Q49370,Q272620,,,,,,,,,,,,,,,,,,,,,,,,,,,13018,,,,,,,,,,,,,,p22004.htm#i220038,Euphrosyne_Kamaterina_(11),,Kamatera-1,I00049871
Q49373,Q11642335,,,,,,,,,,,,,,,,,,,,,,,,,,,,,,,,,,,,,,,,,,,,,
Q49374,Q1234340,,,,,,,,,,,,,,,,,,,,,,,,,,,418196,,,,,sg.136352,,,,,,,,,,Anna_Komnena_Angelina_(1),,Angelos-11,I00049869
Q49377,Q11352866,,,,,,,,,,,,,,,,,,,,,,,,,,,,,,,,,,,,,,,,,,,,,
Q49378,Q349358,,,,,,,,,,,,,,,,,,,,,,,,,,,,,,,,,,,,,,,,,,John_Synadenos_(1),,,
Q49382,Q7782061,,,,,,,,,,,,,,,,,,,,,,,,,,,,,,,,,,,,,,,,,,,,,
Q49386,Q862406,,,,,,,,,,,,,,,,,,,,,,,,,,,,,,,,,,,,,,,,,,,,,
Q49389,Q10860075,,,,,,,,,,,,,,,,,,,,,,,,,,,,,,,,,,,,,,,,,,,,,
Q49390,Q61014731,,,,,,,,,,,,,,,,,,,,,,,,,,,,,,,,,,,,,,,,,,,,,
Q49393,Q10859988,,,,,,,,,,,,,,,,,,,,,,,,,,,,,,,,,,,,,,,,,,,,,
Q49394,Q61014434,,,,,,,,,,,,,,,,,,,,,,,,,,,,,,,,,,,,,,,,,,,,,
Q49397,Q108156128,,,,,,,,,,,,,,,,,,,,,,,,,,,,,,,,,,,,,,,,,,,,,
Q49398,Q61313120,,,,,,,,,,,,,,,,,,,,,,,,,,,,,,,,,,,,,,,,,,,,,
Q49401,Q17223947,,,,,,,,,,,,,,,,,,,,,,,,,,,,,,,,,,,,,,,,,,,,,
Q49402,Q430736,,,,,,,,,,,,,,,,,,,,,,,,,,,418078,,,,,,,,,,,,,,p14555.htm#i145544,Smilets_of_Bulgaria_(1),,,I00622110
Q49405,Q128843760,,,,,,,,,,,,,,,,,,,,,,,,,,,,,,,,,,,,,,,,,,,,,
Q49406,Q3623189,,,,,,,,,,,,,,,,,,,,,,,,,,,,,,,,,,,,,,,,,p22002.htm#i220015,Theodora_Smilets_of_Bulgaria_(1),,Bulgaria-15,
Q49409,Q11354918,,,,,,,,,,,,,,,,,,,,,,,,,,,,,,,,,,,,,,,,,,,,,
Q49410,Q6763915,,,,,,,,,,,,,,,,,,,,,,,,,,,,,,,,,,,,,,,,,p22002.htm#i220020,Marina_Smilets_of_Bulgaria_(1),,,
Q49413,Q110163963,,,,,,,,,,,,,,,,,,,,,,,,,,,,,,,,,,,,,,,,,,,,,
Q49414,Q504797,,,,,,,,,,,,,,,,,,,,,,,,,,,,,,,,,,,,,,,,,p22002.htm#i220018,Ivan_II_of_Bulgaria_(1),,,
Q49417,Q109952639,,,,,,,,,,,,,,,,,,,,,,,,,,,,,,,,,,,,,,,,,,,,,
Q49418,Q2834632,,,,,,,,,,,,,,,,,,,,,,,,,,,,,,,,,,,,,,,,,,,,,
Q49421,Q108799153,,,,,,,,,,,,,,,,,,,,,,,,,,,,,,,,,,,,,,,,,,,,,
Q49422,Q462917,,,,,,,,,,,,,,,,,,,,,,,,,,,,,,,,,,,,,,,,,p14554.htm#i145536,,,,I00622108
Q49425,Q108896744,,,,,,,,,,,,,,,,,,,,,,,,,,,,,,,,,,,,,,,,,,,,,
Q49426,Q590479,,,,,,,,,,,,,,,,,,,,,,,,,,,,,,,,,,,,,,,,,p14554.htm#i145539,,,,
Q49429,Q108896757,,,,,,,,,,,,,,,,,,,,,,,,,,,,,,,,,,,,,,,,,,,,,
Q49430,Q2640853,,,,,,,,,,,,,,,,,,,,,,,,,,,,,,,,,,,,,,,,,,,,,I00764446
Q49433,Q108896717,,,,,,,,,,,,,,,,,,,,,,,,,,,,,,,,,,,,,,,,,,,,,
Q49434,Q2568187,,,,,,,,,,,,,,,,,,,,,,,,,,,,,,,,,,,,,,,,,,,,,
Q49437,Q18460114,,,,,,,,,,,,,,,,,,,,,,,,,,,,,,,,,,,,,,,,,,,,,
Q49438,Q433301,,,,,,,,,,,,,,,,,,,,,,,,,,,712714,,p=thamar;n=komnena doukaina,,,,,,,,,,,,p4204.htm#i42034|p12006.htm#i120057,Thamar_Angelina_Komnene_(1),,,I00008720
Q49441,Q18460112,,,,,,,,,,,,,,,,,,,,,,,,,,,,,,,,,,,,,,,,,,,,,
Q49442,Q878381,,,,,,,,,,,,,,,,,,,,,,,,,,,,,,,,,,,,,,,,,,,,,
Q49445,Q20040903,,,,,,,,,,,,,,,,,,,,,,,,,,,,,,,,,,,,,,,,,,,,,
Q49446,Q50916943,,,,,,,,,,,,,,,,,,,,,,,,,,,,,,,,,,,,,,,,,,,,,I00571555
Q49449,Q11380821,,,,,,,,,,,,,,,,,,,,,,,,,,,,,,,,,,,,,,,,,,,,,
Q49450,Q10371997,,,,,,,,,,,,,,,,,,,,,,,,,,,580957,,,,,,,,,,,,,,,,,,
Q49453,Q11359232,,,,,,,,,,,,,,,,,,,,,,,,,,,,,,,,,,,,,,,,,,,,,
Q49454,Q631290,,,,,,,,,,,,,,,,,,,,,,,,,,,,,,,,,,,,,,,,,,,,,
Q49457,Q108887637,,,,,,,,,,,,,,,,,,,,,,,,,,,,,,,,,,,,,,,,,,,,,
Q49458,Q1304368,,,,,,,,,,,,,,,,,,,,,,,,,,,580955,,p=theodora;n=syrgiannaina,,,,,,,,,,,,,,,,I00727643
Q49461,Q108887703,,,,,,,,,,,,,,,,,,,,,,,,,,,,,,,,,,,,,,,,,,,,,
Q49462,Q21003755,,,,,,,,,,,,,,,,,,,,,,,,,,,,,,,,,,,,,,,,,,,,,
Q49465,Q11380822,,,,,,,,,,,,,,,,,,,,,,,,,,,,,,,,,,,,,,,,,,,,,
Q49466,Q61123600,,,,,,,,,,,,,,,,,,,,,,,,,,,,,,,,,,,,,,,,,,,,,
Q49469,Q111012654,,,,,,,,,,,,,,,,,,,,,,,,,,,,,,,,,,,,,,,,,,,,,
Q49470,Q15062525,,,,,,,,,,,,,,,,,,,,,,,,,,,,,,,,,,,,,,,,,,,,,
Q49473,Q110973960,,,,,,,,,,,,,,,,,,,,,,,,,,,,,,,,,,,,,,,,,,,,,
Q49474,Q2410459,,,,,,,,,,,,,,,,,,,,,,,,,,,,,,,,,,,,,,,,,,,,,
Q49477,Q10729431,,,,,,,,,,,,,,,,,,,,,,,,,,,,,,,,,,,,,,,,,,,,,
Q49478,Q14514388,,,,,,,,,,,,,,,,,,,,,,,,,,,,,,,,,,,,,,,,,,,,,
Q49481,Q111143048,,,,,,,,,,,,,,,,,,,,,,,,,,,,,,,,,,,,,,,,,,,,,
Q49482,Q125749163,,,,,,,,,,,,,,,,,,,,,,,,,,,,,,,,,,,,,,,,,,,,,
Q49485,Q3125468,,,,,,,,,,,,,,,,,,,,,,,,,,,,,,,,,,,,,,,,,,,,,
Q49486,Q112116177,,,,,,,,,,,,,,,,,,,,,,,,,,,,,,,,,,,,,,,,,,,,,
Q49489,Q8514642,,,,,,,,,,,,,,,,,,,,,,,,,,,,,,,,,,,,,,,,,,,,,
Q49490,Q112116252,,,,,,,,,,,,,,,,,,,,,,,,,,,,,,,,,,,,,,,,,,,,,
Q49493,Q11582475,,,,,,,,,,,,,,,,,,,,,,,,,,,,,,,,,,,,,,,,,,,,,
Q49494,Q22342984,,,,,,,,,,,,,,,,,,,,,,,,,,,,,,,,,,,,,,,,,,,,,I00293019
Q49497,Q11582506,,,,,,,,,,,,,,,,,,,,,,,,,,,,,,,,,,,,,,,,,,,,,
Q49498,Q110715292,,,,,,,,,,,,,,,,,,,,,,,,,,,,,,,,,,,,,,,,,,,,,I00293020
Q49501,Q11530555,,,,,,,,,,,,,,,,,,,,,,,,,,,,,,,,,,,,,,,,,,,,,
Q49502,Q111785347,,,,,,,,,,,,,,,,,,,,,,,,,,,,,,,,,,,,,,,,,,,,,
Q49505,Q108684241,,,,,,,,,,,,,,,,,,,,,,,,,,,,,,,,,,,,,,,,,,,,,
Q49507,Q61973403,,,,,,,,,,,,,,,,,,,,,,,,,,,,,,,,,,,,,,,,,,,,,I00293021
Q49511,Q110715299,,,,,,,,,,,,,,,,,,,,,,,,,,,,,,,,,,,,,,,,,,,,,I00293022
Q49513,Q11530457,,,,,,,,,,,,,,,,,,,,,,,,,,,,,,,,,,,,,,,,,,,,,
Q49515,Q152370,,,,,,,,LD39-RTT,,,,,,,,,,,,,,,,,,,153371,,,,,dw.1228,,,,,,,,,p11413.htm#i114127,Béla_IV_of_Hungary_(1),,Arpadhazi-2,I00020687
Q49517,Q108821775,,,,,,,,,,,,,,,,,,,,,,,,,,,,,,,,,,,,,,,,,,,,,
Q49519,Q237076,,,,,,,,,,,,,,,,,,,,,,,,,,,418195,,,,,dw.1229,,,,,,,,,p11414.htm#i114138,Maria_Laskarina_(1),,Lascaris-3,I00020688
Q49521,Q108821776,,,,,,,,,,,,,,,,,,,,,,,,,,,,,,,,,,,,,,,,,,,,,
Q49523,Q854240,,,,,,,,,,,,,,,,,,,,,,,,,,,711285,,p=bela;n=arpad,,,dw.1235,,,,,,,,,p11414.htm#i114140,Béla_of_Hungary_(1),,Arpadhazi-45,I00020724
Q49525,Q108821783,,,,,,,,,,,,,,,,,,,,,,,,,,,,,,,,,,,,,,,,,,,,,
Q49527,Q53107,,,,,,,,,,,,,,,,,,,,,,,,,,,280712,,p=anne;n=arpad,,,dw.1231,,,,,,,,,p11416.htm#i114151,Anna_of_Hungary_(2),,Arpadhazi-56,I00020722
Q49530,Q96273680,,,,,,,,,,,,,,,,,,,,,,,,,,,,,,,,,,,,,,,,,,,,,
Q49531,Q232031,,,,,,,,,,6761963,,,,,,,,,,,,,,,,,711284,,p=marguerite;n=arpad;oc=1,,,dw.1234,,,,,,,,,,Saint_Margaret_of_Hungary_(1),,Arpadhazi-37,I00020768
Q49534,Q7849974,,,,,,,,,,,,,,,,,,,,,,,,,,,,,,,,,,,,,,,,,,,,,
Q49535,Q233012,,,,,,,,,,94219584,,,,,,,,,,,,,,,,,280731,,p=cunegonde;n=arpad,,,dw.1230,,,,,,,,,p11416.htm#i114153,Kinga_of_Poland_(1),,Arpadhazi-39,I00020746
Q49538,Q111215241,,,,,,,,,,,,,,,,,,,,,,,,,,,,,,,,,,,,,,,,,,,,,
Q49539,Q671707,,,,,,,,,,,,,,,,,,,,,,,,,,,866145,,p=elisabeth;n=arpad;oc=1,,,dw.1232,,,,,,,,,p11415.htm#i114145,Elizabeth_of_Hungary_(1),,Arpadhazi-42,I00020729
Q49542,Q124483515,,,,,,,,,,,,,,,,,,,,,,,,,,,,,,,,,,,,,,,,,,,,,
Q49543,Q737328,,,,,,,,,,,,,,,,,,,,,,,,,,,180578,,p=constance;n=arpad;oc=1,,,dw.1236,,,,,,,,,,"Constance,_Daughter_of_Béla_IV_(1)",,Arpadhazi-41,I00020745
Q49546,Q124483516,,,,,,,,,,,,,,,,,,,,,,,,,,,,,,,,,,,,,,,,,,,,,
Q49547,Q833920,,,,,,,,,,,,,,,,,,,,,,,,,,,590590,,p=jolenta;n=arpad;oc=2,,,dw.1099,,,,,,,,,p11462.htm#i114619,Jolenta_of_Poland_(1),,Arpadhazi-43,I00020742
Q49550,Q30934526,,,,,,,,,,,,,,,,,,,,,,,,,,,,,,,,,,,,,,,,,,,,,
Q49551,Q9154177,,,,,,,,,,,,,,,,,,,,,,,,,,,,,,,,dw.1288,,,,,,,,,p11417.htm#i114163,,,,I00020766
Q49554,Q30933964,,,,,,,,,,,,,,,,,,,,,,,,,,,,,,,,,,,,,,,,,,,,,
Q49555,Q2995122,,,,,,,,G4FX-YRJ,,,,,,,,,,,,,,,,,,,258159,,,,,,,,,,,,,,p11415.htm#i114144,Köten_(1),,Kumania-2,I00020691
Q49558,Q10514902,,,,,,,,,,,,,,,,,,,,,,,,,,,,,,,,,,,,,,,,,,,,,
Q49559,Q130638378,,,,,,,,,,,,,,,,,,,,,,,,,,,,,p=galicie mstislavich;n=rurikides,,,,,,,,,,,,,,,Galicia-18,
Q49562,Q51166663,,,,,,,,,,,,,,,,,,,,,,,,,,,,,,,,,,,,,,,,,,,,,
Q49563,Q447337,,,,,,,,,,,,,,,,,,,,,,,,,,,343350,,p=isabelle;n=d anjou;oc=1,,,dw.9392,,,,,,,,,p11417.htm#i114162,"Elisabeth_of_Sicily,_Queen_of_Hungary_(1)",,Sicily-7,I00027069
Q49565,Q17193089,,,,,,,,,,,,,,,,,,,,,,,,,,,,,,,,,,,,,,,,,,,,,
Q49567,Q314331,,,,,,,,KN6Z-1FV,,66470249,,,,,,,,I3033,,,,,,,,,139282,,p=charles;n=d anjou;oc=2,,,dw.1922,,,,,,,,,p11416.htm#i114158,Charles_II_of_Naples_(1),,Capet-577,I00004075
Q49569,Q29425193,,,,,,,,,,,,,,,,,,,,,,,,,,,,,,,,,,,,,,,,,,,,,
Q49571,Q359237,,,,,,,,,,59117125,,,,,,,,I3179,,,,,,,,,153374,,p=charles;n=d anjou;oc=21,,,dw.1901,,,,,,,,,p11383.htm#i113829,Charles_Martel_of_Anjou_(1),,Anjou-286,I00027064
Q49573,Q11489578,,,,,,,,,,,,,,,,,,,,,,,,,,,,,,,,,,,,,,,,,,,,,
Q49575,Q196157,,,,,,,,,,45643260,,,,,,,,,,,,,,,,,712626,,p=louis;n=d anjou;oc=1,,,,,,,,,,,,p11452.htm#i114511,Louis_of_Toulouse_(1),,Anjou-287,I00028510
Q49579,Q290720,,,,,,,,,,,,,,,,,,,,,,,,person/6af157b3-f249-4e44-87b8-6fa52d30a7da,,,712530,,p=robert;n=d anjou,,,,,,,,,,,,p11336.htm#i113354,Robert_of_Naples_(1),,D'Anjou-117,I00028511
Q49581,Q11423419,,,,,,,,,,,,,,,,,,,,,,,,,,,,,,,,,,,,,,,,,,,,土岐-20,
Q49583,Q712759,,alvin-person:62333,,,,,,,,,,,,,,,,,,,,,,,,,712544,,p=philippe;n=d anjou;oc=1,,,sw.980580,,,,,,,,,p11452.htm#i114513|p12006.htm#i120056,"Philip_I,_Prince_of_Taranto_(1)",,D'Anjou-143,I00007884
Q49585,Q10859990,,,,,,,,,,,,,,,,,,,,,,,,,,,,,,,,,,,,,,,,,,,,,
Q49587,Q441421,,,,,,,,,,,,,,,,,,,,,,,,,,,894355,,p=raimond berenger;n=d anjou,,,sw.980675,,,,,,,,,p11452.htm#i114519,Raymond_Berengar_of_Andria_(1),,Capet-685,I00028512
Q49589,Q11541699,,,,,,,,,,,,,,,,,,,,,,,,,,,,,,,,,,,,,,,,,,,,,
Q49591,Q2094509,,,,,,,,,,,,,,,,,,,,,,,,,,,894362,,p=pierre;n=d anjou,,,sw.980674,,,,,,,,,p4204.htm#i42039,Peter_Tempesta_(1),,Anjou-175,I00028517
Q49593,Q11596534,,,,,,,,,,,,,,,,,,,,,,,,,,,,,,,,,,,,,,,,,,,,,
Q49595,Q576665,,,,,,,,,,,,,,,,,,,,,,,,,,,705009,,p=jean;n=d anjou,,,sw.980654,,,,,,,,,p4204.htm#i42040,"John,_Duke_of_Durazzo_(1)",,Anjou-285,I00028514
Q49597,Q11574315,,,,,,,,,,,,,,,,,,,,,,,,,,,,,,,,,,,,,,,,,,,,萬里小路-3,
Q49600,Q241350,,,,,,,,,,,,,,,,,,I3036,,,,,,,,,139277,,p=marguerite;n=d anjou;oc=1,,,sg.134338,,,,,,,,,p10522.htm#i105215,Marguerite_of_Anjou_and_Maine_(1),,Napoli-17,I00002980
Q49601,Q110166094,,,,,,,,,,,,,,,,,,,,,,,,,,,,,,,,,,,,,,,,,,,,,
Q49604,Q167180,,,,,,,,,,47443403,,,,,,,,I3032,,,,,,,,,141058,,p=blanche;n=d anjou;oc=1,,,sg.134342,,,,,,,,,p11337.htm#i113365,Blanche_of_Anjou_(1),,Anjou-246,I00013510
Q49608,Q126521,,,,,,,,,,,,,,,,,,I3035,,,,,,,,,141055,,p=eleonore;n=d anjou,,,sg.133873,,,,,,,,,p11336.htm#i113358,Eleanor_of_Anjou_(1),,Capet-582,I00013518
Q49612,Q750636,,,,,,,,,,,,,,,,,,,,,,,,,,,712944,,p=marie;n=d anjou;oc=5,,,sw.980673,,,,,,,,,p4205.htm#i42043,Maria_Sicily-Naples_(1),,Anjou-284,I00028513
Q49616,Q19918174,,,,,,,,,,,,,,,,,,,,,,,,,,,894365,,p=beatrice;n=d anjou;oc=3,,,sw.980677,,,,,,,,,p4205.htm#i42045,Beatrice_of_Sicily_(3),,Anjou-176,I00027067
Q49620,Q75290839,,,,,,,,,,,,,,,,,,,,,,,,,,,894356,,p=jean;n=d anjou;oc=5,,,,,,,,,,,,p4204.htm#i42037,,,Napoli-7,I00028515
Q49624,Q75290841,,,,,,,,,,,,,,,,,,,,,,,,,,,894358,,p=tristan;n=d anjou,,,,,,,,,,,,p4204.htm#i42038,,,Anjou-174,I00028516
Q49625,Q10522967,,,,,,,,,,,,,,,,,,,,,,,,,,,,,,,,,,,,,,,,,,,,本多-178,
Q49628,Q167769,,,,,,,,,,,,,,,,,,,,,,,,,,,,,p=zavisch;n=von falkenstein,,,dw.1454,,,,,,,,,p11396.htm#i113958,"Zavish,_Lord_of_Falkenstejn_(1)",,,I00152828
Q49629,Q10518172,,,,,,,,,,,,,,,,,,,,,,,,,,,,,,,,,,,,,,,,,,,,本多-171,
Q49632,Q1281457,,,,,,,,,,,,,,,,,,,,,,,,,,,,,,,,,,,,,,,,,,,,,
Q49633,Q11520035,,,,,,,,,,,,,,,,,,,,,,,,,,,,,,,,,,,,,,,,,,,,本多-130,
Q49636,Q23622001,,,,,,,,,,,,,,,,,,,,,,,,,,,,,,,,,,,,,,,,,,,,,
Q49640,Q3496896,,,,,,,,,,,,,,,,,,,,,,,,,,,,,,,,,,,,,,,,,p14556.htm#i145552,Anna_Neda_of_Serbia_(1),,,
Q49644,Q290786,,,,,,,,,,9428290,,,,,,,,,,,,,,,,,418151,,,,,dw.9389,,,,,,,,,p11416.htm#i114156,Stephen_Dragutin_of_Serbia_(1),,,I00165014
Q49645,Q110724010,,,,,,,,,,,,,,,,,,,,,,,,,,,,,,,,,,,,,,,,,,,,,
Q49648,Q3917684,,,,,,,,,,,,,,,,,,,,,,,,,,,418152,,p=jelisaveta;n=nemanja;oc=1,,,,,,,,,,,,,Elizabeth_of_Serbia_(1),,,I00165013
Q49652,Q661663,,,,,,,,,,,,,,,,,,,,,,,,,,,,,,,,,,,,,,,,,,Stephen_Vladislav_II_of_Syrmia_(1),,,I00764765
Q49660,Q23010035,,,,,,,,,,,,,,,,,,I2712,,,,,,,,,149367,,p=marguerite;n=de savoie;oc=5,,,,,,,,,,,,p782.htm#i7814,Margherita_De_Savoie_(1),,Savoie-390,I00049932
Q49664,Q20498563,,,,,,,,,,,,,,,,,,,,,,,,,,,579488,,p=alessina;n=di monferrato,,,sw.107034,,,,,,,,,p536.htm#i5356,Alessina_Montferrat_(1),,Monferrato-2,I00015338
Q49672,Q47595,,alvin-person:35171,,,,,,93MZ-1FQ,,8087629,,,,,,,,I3238,,,,,,,,,47090,,,,,dw.8032,,,,,,,,,p10240.htm#i102391,Alfonso_X_of_Castile_(1),,Castilla-113,I00005041
Q49676,Q241179,,,,,,,,,,,,,,,,,,I3237,,,,,,,,,53335,,,,,dw.1729,,,,,,,,,p11334.htm#i113340,Violant_of_Aragon_(1),,Aragón-119,I00005042
Q49680,Q236970,,,,,,,,L3XJ-JQB,,8087699,,,,,,,,,,,,,,,,,52983|728453,,p=beatriz;n=de castilla,,,sw.980620,,,,,,,,,p11431.htm#i114308,Beatrice_of_Castile_(3),,Castilla-77,I00020565
Q49684,Q2015941,,,,,,,,,,,,,,,,,,,,,,,,,,,,,,,,,,,,,,,,,p4189.htm#i41888,Violant_of_Castile_(1),,,
Q49688,Q3638489,,,,,,,,,,,,,,,,,,,,,,,,,,,,,,,,,,,,,,,,,p4209.htm#i42081,Nun_Berenguela_(1),,UNKNOWN-78354,
Q49692,Q312110,,,,,,,,LD7M-FNW,,95281415,,,,,,,,,,,,,,,,,47089,,,,,sw.214858,,,,,,,,,p10240.htm#i102393,Sancho_IV_of_Castile_(1),,Castilla-112,I00005043
Q49696,Q3904375,,,,,,,,,,,,,,,,,,,,,,,,,,,,,,,,,,,,,,,,,p11343.htm#i113430,Pedro_De_Ledesma_(1),,,I00392493
Q49697,Q110738148,,,,,,,,,,,,,,,,,,,,,,,,,,,,,,,,,,,,,,,,,,,,,
Q49700,Q706068,,,,,,,,,,,,,,,,,,,,,,,,,,,157181,,p=fernando;n=de la cerda,,,sw.980617,,,,,,,,,p11343.htm#i113429,Ferdinand_de_la_Cerda_(1),,Bourgogne-262,I00004810
Q49701,Q11530497,,,,,,,,,,,,,,,,,,,,,,,,,,,,,,,,,,,,,,,,,,,,,
Q49704,Q926544,,,,,,,,,,,,,,,,,,,,,,,,,,,1203600|579492,,p=juan;n=de castilla;oc=1,,,,,,,,,,,,p11344.htm#i113432,"John_of_Castile,_Lord_of_Valencia_de_Campos_(1)",,,I00330600
Q49708,Q954274,,,,,,,,,,,,,,,,,,,,,,,,,,,,,,,,,,,,,,,,,p4187.htm#i41861,Jaime_De_Los_Cameros_(1),,,
Q49709,Q110738160,,,,,,,,,,,,,,,,,,,,,,,,,,,,,,,,,,,,,,,,,,,,,
Q49712,Q5784538,,,,,,,,,,,,,,,,,,,,,,,,,,,,,,,,,,,,,,,,,p4209.htm#i42082,Constanza_de_Castilla_(1),,,
Q49713,Q11583364,,,,,,,,,,,,,,,,,,,,,,,,,,,,,,,,,,,,,,,,,,,,,
Q49716,Q5973389,,,,,,,,,,,,,,,,,,,,,,,,,,,,,,,,,,,,,,,,,p4190.htm#i41891,Leonor_de_Castilla_(1),,,
Q49717,Q10729409,,,,,,,,,,,,,,,,,,,,,,,,,,,,,,,,,,,,,,,,,,,,,
Q49720,Q5667370,,,,,,,,,,,,,,,,,,,,,,,,,,,,,,,,,,,,,,,,,,,,,I00535226
Q49721,Q6529494,,,,,,,,,,,,,,,,,,,,,,,,,,,,,,,,,,,,,,,,,,,,,
Q49724,Q3290809,,,,,,,,,,,,,,,,,,,,,,,,,,,1114950,,p=marguerite;n=de savoie;oc=11,,,,,,,,,,,,,Margaret_of_Savoy_(1),,De_Savoie-57,I00539863
Q49725,Q112057963,,,,,,,,,,,,,,,,,,,,,,,,,,,,,,,,,,,,,,,,,,,,,
Q49728,Q133168,,,,,,,,,,,,,,,,,,,,,,,,,,,648387|252470,,,,,dw.10077,,,,,,,,,,,,,I00398043
Q49729,Q11516757,,,,,,,,,,,,,,,,,,,,,,,,,,,,,,,,,,,,,,,,,,,,,
Q49732,Q118780103,,,,,,,,,,,,,,,,,,,,,,,,,,,,,,,,,,,,,,,,,,,,,
Q49733,Q11451806,,,,,,,,,,,,,,,,,,,,,,,,,,,,,,,,,,,,,,,,,,,,,
Q49736,Q118780058,,,,,,,,,,,,,,,,,,,,,,,,,,,,,,,,,,,,,,,,,,,,,
Q49737,Q109092890,,,,,,,,,,,,,,,,,,,,,,,,,,,,,,,,,,,,,,,,,,,,,
Q49740,Q743783,,,,,,,,,,,,,,,,,,,,,,,,,,,236596,,,,,,,,,,,,,,,"Leo_II,_King_of_Armenia_(1)",,Hetoumid-2,I00293050
Q49741,Q11382590,,,,,,,,,,,,,,,,,,,,,,,,,,,,,,,,,,,,,,,,,,,,,
Q49744,Q3814737,,,,,,,,,,,,,,,,,,,,,,,,,,,967341,,p=kyranna;n=de lampron,,,,,,,,,,,,,"Keran,_Queen_of_Armenia_(1)",,,I00293051
Q49745,Q108914979,,,,,,,,,,,,,,,,,,,,,,,,,,,,,,,,,,,,,,,,,,,,,
Q49748,Q447330,,,,,,,,,,,,,,,,,,,,,,,,,,,580947,,p=zabel;n=hetoumide,,,,,,,,,,,,,"Isabella_of_Armenia,_Princess_of_Tyre_(1)",,Hetoumid-1,I00293052
Q49749,Q108915086,,,,,,,,,,,,,,,,,,,,,,,,,,,,,,,,,,,,,,,,,,,,,
Q49752,Q628509,,,,,,,,,,,,,,,,,,,,,,,,,,,712728,,p=oshin;n=hetoumide,,,,,,,,,,,,,"Oshin,_King_of_Armenia_(1)",,,
Q49753,Q108915115,,,,,,,,,,,,,,,,,,,,,,,,,,,,,,,,,,,,,,,,,,,,,
Q49756,Q887899,,alvin-person:59926,,,,,,,,,,,,,,,,,,,,,,,,,,,p=hethoum;n=hetoumide,,,,,,,,,,,,,"Hethum_II,_King_of_Armenia_(1)",,,I00522951
Q49757,Q108915121,,,,,,,,,,,,,,,,,,,,,,,,,,,,,,,,,,,,,,,,,,,,,
Q49760,Q888130,,,,,,,,,,,,,,,,,,,,,,,,,,,,,,,,,,,,,,,,,,"Constantine_I,_King_of_Armenia_(1)",,,
Q49761,Q109847064,,,,,,,,,,,,,,,,,,,,,,,,,,,,,,,,,,,,,,,,,,,,,
Q49764,Q888135,,,,,,,,,,,,,,,,,,,,,,,,,,,,,,,,,,,,,,,,,,"Sempad,_King_of_Armenia_(1)",,,
Q49765,Q109937586,,,,,,,,,,,,,,,,,,,,,,,,,,,,,,,,,,,,,,,,,,,,,
Q49768,Q888141,,,,,,,,,,,,,,,,,,,,,,,,,,,,,p=thoros;n=hetoumide,,,,,,,,,,,,,"Thoros_III,_King_of_Armenia_(1)",,,I00293048
Q49770,Q109937604,,,,,,,,,,,,,,,,,,,,,,,,,,,,,,,,,,,,,,,,,,,,,
Q49772,Q38010360,,,,,,,,,,,,,,,,,,,,,,,,,,,,,,,,,,,,,,,,,,,,,
Q49773,Q109937632,,,,,,,,,,,,,,,,,,,,,,,,,,,,,,,,,,,,,,,,,,,,,
Q49776,Q54858328,,,,,,,,,,,,,,,,,,,,,,,,,,,,,,,,,,,,,,,,,,,,,
Q49778,Q109942098,,,,,,,,,,,,,,,,,,,,,,,,,,,,,,,,,,,,,,,,,,,,,
Q49780,Q703842,,,,,,,,,,,,,,,,,,,,,,,,,,,622104,,,,,,,,,,,,,,p14555.htm#i145545,Theodore_Svetoslav_of_Bulgaria_(1),,Bulgaria-1,I00725936
Q49782,Q109339880,,,,,,,,,,,,,,,,,,,,,,,,,,,,,,,,,,,,,,,,,,,,,
Q49784,Q453491,,,,,,,,,,,,,,,,,,,,,,,,,,,,,,,,,,,,,,,,,p14556.htm#i145553,Michael_Shishman_of_Bulgaria_(1),,,I00623865
Q49786,Q109341831,,,,,,,,,,,,,,,,,,,,,,,,,,,,,,,,,,,,,,,,,,,,,
Q49788,Q554636,,,,,,,,,,,,,,,,,,,,,,,,,,,622108,,,,,,,,,,,,,,p14556.htm#i145551,George_II_of_Bulgaria_(1),,,
Q49790,Q110646583,,,,,,,,,,,,,,,,,,,,,,,,,,,,,,,,,,,,,,,,,,,,,
Q49792,Q3622649,,,,,,,,,,,,,,,,,,,,,,,,,,,914037,,p=adelheid;n=von braunschweig grubenhagen;oc=1,,,,,,,,,,,,p784.htm#i7837,Irene_of_Brunswick_(1),,,I00171947
Q49794,Q110646761,,,,,,,,,,,,,,,,,,,,,,,,,,,,,,,,,,,,,,,,,,,,,
Q49796,Q240407,,,,,,,,,,,,,,,,,,,,,,,,,,,251858,,,,,,,,,,,,,,,Anna_of_Savoy_(1),,Di_Savoia-17,I00012420
Q49798,Q110739032,,,,,,,,,,,,,,,,,,,,,,,,,,,,,,,,,,,,,,,,,,,,,
Q49800,Q37070,,,,,,,,,,,,,,,,,,,,,,,,,,,251857,,,,,,,,,,,,,,p15019.htm#i150190,John_V_Palaiologos_(1),,Palaiologos-14,I00171948
Q49802,Q110647176,,,,,,,,,,,,,,,,,,,,,,,,,,,,,,,,,,,,,,,,,,,,,
Q49804,Q16931840,,,,,,,,,,,,,,,,,,,,,,,,,,,,,,,,,,,,,,,,,,,,,I00576183
Q49806,Q110739275,,,,,,,,,,,,,,,,,,,,,,,,,,,,,,,,,,,,,,,,,,,,,
Q49808,Q19645509,,,,,,,,,,,,,,,,,,,,,,,,,,,,,,,,,,,,,,,,,,,,,
Q49810,Q110739395,,,,,,,,,,,,,,,,,,,,,,,,,,,,,,,,,,,,,,,,,,,,,
Q49812,Q259213,,,,,,,,,,,,,,,,,,,,,,,,,,,,,,,,,,,,,,,,,p21913.htm#i219121,Irene_Palaiologina_of_Trebizond_(1),,,I00302832
Q49814,Q11551958,,,,,,,,,,,,,,,,,,,,,,,,,,,,,,,,,,,,,,,,,,,,,
Q49816,Q59678728,,,,,,,,,,,,,,,,,,,,,,,,,,,,,,,,,,,,,,,,,,,,,I00376916
Q49818,Q11067929,,,,,,,,,,,,,,,,,,,,,,,,,,,,,,,,,,,,,,,,,,,,,
Q49820,Q576971,,,,,,,,,,,,,,,,,,,,,,,,,,,,,,,,,,,,,,,,,,,,,
Q49825,Q7098128,,,,,,,,,,,,,,,,,,,,,,,,,,,,,p=opizzino;n=spinola,,,,,,,,,,,,,Opicino_Spinola_(1),,Di_Corrado_Spinola-1,I00324126
Q49826,Q11551750,,,,,,,,,,,,,,,,,,,,,,,,,,,,,,,,,,,,,,,,,,,,,
Q49829,Q16621921,,,,,,,,,,,,,,,,,,,,,,,,,,,,,p=violante;n=di saluzzo,,,,,,,,,,,,,Violante_di_Saluzzo_(1),,Saluzzo-14,I00324127
Q49830,Q110079740,,,,,,,,,,,,,,,,,,,,,,,,,,,,,,,,,,,,,,,,,,,,,
Q49833,Q547610,,,,,,,,G4LK-N29,,,,,,,,,,,,,,,,,,,145293,,,,,sw.129691,,,,,,,,,p11335.htm#i113350,"Aimone,_Count_of_Savoy_(1)",,Savoie-719,I00004988
Q49834,Q110251096,,,,,,,,,,,,,,,,,,,,,,,,,,,,,,,,,,,,,,,,,,,,,
Q49837,Q451995,,,,,,,,,,,,,,,,,,,,,,,,,,,145296,,p=amedee;n=de savoie;oc=6,,,sw.129693,,,,,,,,,p17009.htm#i170085,"Amadeus_VI,_Count_of_Savoy_(1)",,Savoie-425,I00004990
Q49838,Q111103091,,,,,,,,,,,,,,,,,,,,,,,,,,,,,,,,,,,,,,,,,,,,,
Q49841,Q2738923,,,,,,,,,,,,,,,,,,,,,,,,,,,579795,,,,,sw.214768,,,,,,,,,p10728.htm#i107273,Bianca_of_Savoy_(1),,De_Savoie-3,I00028061
Q49842,Q111132777,,,,,,,,,,,,,,,,,,,,,,,,,,,,,,,,,,,,,,,,,,,,,
Q49845,Q15845843,,,,,,,,,,,,,,,,,,,,,,,,,,,,,p=cecile;n=de comminges;oc=1,,,,,,,,,,,,,Cecile de Comminges (2),,Comminges-31,I00012472
Q49846,Q111132700,,,,,,,,,,,,,,,,,,,,,,,,,,,,,,,,,,,,,,,,,,,,,
Q49849,Q2467970,,,,,,,,,,,,,,,,,,,,,,,,,,,466237,,,,,,,,,,,,,,p61495.htm#i614945,Isabella_of_Majorca_(1),,D'Aragó-1,I00012473
Q49850,Q110717434,,,,,,,,,,,,,,,,,,,,,,,,,,,,,,,,,,,,,,,,,,,,,
Q49853,Q1070862,,,,,,,,,,,,,,,,,,,,,,,,,,,,,,,,,,,,,,,,,p10728.htm#i107275,Secondotto_Unknown_(1),,,I00012477
Q49854,Q11452040,,,,,,,,,,,,,,,,,,,,,,,,,,,,,,,,,,,,,,,,,,,,,
Q49857,Q515241,,,,,,,,,,,,,,,,,,,,,,,,,,,,,,,,,,,,,,,,,,Giovanni_Unknown_(2),,,I00012476
Q49858,Q108823242,,,,,,,,,,,,,,,,,,,,,,,,,,,,,,,,,,,,,,,,,,,,,
Q49861,Q719178,,,,,,,,,,,,,,,,,,,,,,,,,,,406023,,p=teodoro;n=di monferrato;oc=2,,,,,,,,,,,,p71265.htm#i712650,"Theodore_II,_Marquess_of_Montferrat_(1)",,Palaiologos-2,I00012464
Q49862,Q3349765,,,,,,,,,,,,,,,,,,,,,,,,,,,,,,,,,,,,,,,,,,,,小笠原-42,
Q49865,Q3846980,,,,,,,,,,,,,,,,,,,,,,,,,,,,,,,,,,,,,,,,,,Margherita_di_Monferrato_(1),,,I00012479
Q49866,Q11402154,,,,,,,,,,,,,,,,,,,,,,,,,,,,,,,,,,,,,,,,,,,,,
Q49869,Q56255,,,,,,,,,,,,,,,,,,,,,,,,,,,,,,,,,,,,,,,,,,,,,
Q49870,Q108486120,,,,,,,,,,,,,,,,,,,,,,,,,,,,,,,,,,,,,,,,,,,,,
Q49873,Q267773,,,,,,,,,,,,,,,,,,,,,,,,,,,280652,,,,,,,,,,,,,,,Helen_of_Anjou_(1),,Unknown-255283,I00165016
Q49874,Q17223824,,,,,,,,,,,,,,,,,,,,,,,,,,,,,,,,,,,,,,,,,,,,,
Q49877,Q85999528,,,,,,,,,,,,,,,,,,,,,,,,,,,,,,,,,,,,,,,,,,,,,
Q49881,Q23583009,,,,,,,,,,,,,,,,,,,,,,,,,,,,,,,,,,,,,,,,,,,,,
Q49885,Q21074425,,,,,,,,,,,,,,,,,,,,,,,,,,,,,,,,,,,,,,,,,,,,,
Q49889,Q314346,,,,,,,,,,,,,,,,,,,,,,,,,,,252216,,,,,,,,,,,,,,p22002.htm#i220019,Stephen_Uroš_III_Dečanski_of_Serbia_(1),,Nemanja-3,I00292999
Q49890,Q11069521,,,,,,,,,,,,,,,,,,,,,,,,,,,,,,,,,,,,,,,,,,,,,
Q49893,Q2538817,,,,,,,,,,,,,,,,,,,,,,,,,,,,,,,,,,,,,,,,,,,,,
Q49894,Q11069457,,,,,,,,,,,,,,,,,,,,,,,,,,,,,,,,,,,,,,,,,,,,,
Q49897,Q16199868,,,,,,,,,,,,,,,,,,,,,,,,,,,,,,,,,,,,,,,,,,,,,
Q49898,Q108917258,,,,,,,,,,,,,,,,,,,,,,,,,,,,,,,,,,,,,,,,,,,,,
Q49901,Q329708,,,,,,,,,,,,,,,,,,,,,,,,,,,468285,,,,,,,,,,,,,,p15020.htm#i150192,Matthew_Kantakouzenos_(1),,,I00341767
Q49902,Q11655813,,,,,,,,,,,,,,,,,,,,,,,,,,,,,,,,,,,,,,,,,,,,,
Q49905,Q887170,,,,,,,,,,,,,,,,,,,,,,,,,,,,,,,,,,,,,,,,,,,,,
Q49906,Q108887721,,,,,,,,,,,,,,,,,,,,,,,,,,,,,,,,,,,,,,,,,,,,,
Q49909,Q16851600,,,,,,,,,,,,,,,,,,,,,,,,,,,,,,,,,,,,,,,,,,,,,
Q49910,Q108890154,,,,,,,,,,,,,,,,,,,,,,,,,,,,,,,,,,,,,,,,,,,,,
Q49913,Q122241486,,,,,,,,,,,,,,,,,,,,,,,,,,,,,,,,,,,,,,,,,,,,,
Q49914,Q108890272,,,,,,,,,,,,,,,,,,,,,,,,,,,,,,,,,,,,,,,,,,,,,
Q49917,Q15139243,,,,,,,,,,,,,,,,,,,,,,,,,,,,,,,,,,,,,,,,,,,,,
Q49918,Q11591845,,,,,,,,,,,,,,,,,,,,,,,,,,,,,,,,,,,,,,,,,,,,毛利-24,
Q49921,Q122241548,,,,,,,,,,,,,,,,,,,,,,,,,,,,,,,,,,,,,,,,,,,,,
Q49922,Q11547561,,,,,,,,,,,,,,,,,,,,,,,,,,,,,,,,,,,,,,,,,,,,,
Q49925,Q3526466,,,,,,,,,,,,,,,,,,,,,,,,,,,,,,,,,,,,,,,,,,,,,
Q49926,Q108890328,,,,,,,,,,,,,,,,,,,,,,,,,,,,,,,,,,,,,,,,,,,,,
Q49929,Q60923335,,,,,,,,,,,,,,,,,,,,,,,,,,,,,,,,,,,,,,,,,,,,,
Q49930,Q8515291,,,,,,,,,,,,,,,,,,,,,,,,,,,,,,,,,,,,,,,,,,,,,
Q49933,Q60924009,,,,,,,,,,,,,,,,,,,,,,,,,,,,,,,,,,,,,,,,,,,,,
Q49934,Q11547542,,,,,,,,,,,,,,,,,,,,,,,,,,,,,,,,,,,,,,,,,,,,毛利-6,
Q49937,Q5255256,,,,,,,,,,,,,,,,,,,,,,,,,,,,,,,,,,,,,,,,,,,,,
Q49938,Q108915300,,,,,,,,,,,,,,,,,,,,,,,,,,,,,,,,,,,,,,,,,,,,,
Q49941,Q574715,,,,,,,,,,,,,,,,,,,,,,,,,,,,,,,,,,,,,,,,,,Constantine_Doukas_(7),,,
Q49942,Q11591874,,,,,,,,,,,,,,,,,,,,,,,,,,,,,,,,,,,,,,,,,,,,,
Q49945,Q129093915,,,,,,,,,,,,,,,,,,,,,,,,,,,,,,,,,,,,,,,,,,,,,I00400258
Q49946,Q11451774,,,,,,,,,,,,,,,,,,,,,,,,,,,,,,,,,,,,,,,,,,,,,
Q49949,Q129093544,,,,,,,,,,,,,,,,,,,,,,,,,,,,,,,,,,,,,,,,,,,,,I00621763
Q49950,Q11394316,,,,,,,,,,,,,,,,,,,,,,,,,,,,,,,,,,,,,,,,,,,,,
Q49953,Q313427,,,,,,,,,,,,,,,,,,,,,,,,,,,46857,,,,,dw.1722,,,,,,,,,p11414.htm#i114137,Ivan_Asen_II_of_Bulgaria_(1),,Asen-6,I00049864
Q49954,Q11483744,,,,,,,,,,,,,,,,,,,,,,,,,,,,,,,,,,,,,,,,,,,,,
Q49957,Q435970,,,,,,,,,,,,,,,,,,,,,,,,,,,109612|910555,,,,,,,,,,,,,,p22004.htm#i220036,Irene_Komnene_Doukaina_(1),,,I00027088
Q49958,Q11394314,,,,,,,,,,,,,,,,,,,,,,,,,,,,,,,,,,,,,,,,,,,,,
Q49961,Q9029939,,,,,,,,,,,,,,,,,,,,,,,,,,,,,,,,,,,,,,,,,,,,,
Q49965,Q3656623,,,,,,,,,,,,,,,,,,,,,,,,,,,,,,,,,,,,,,,,,,Beloslava_of_Bulgaria_(1),,,
Q49969,Q12295991,,,,,,,,,,,,,,,,,,,,,,,,,,,,,,,,,,,,,,,,,,,,,
Q49973,Q458367,,,,,,,,,,,,,,,,,,,,,,,,,,,,,,,,,,,,,,,,,,Elena_Asenina_of_Bulgaria_(1),,Asen-5,I00049849
Q49977,Q459489,,,,,,,,,,,,,,,,,,,,,,,,,,,,,,,,sw.980621,,,,,,,,,p14554.htm#i145533,Kaliman_I_of_Bulgaria_(1),,,
Q49981,Q518598,,,,,,,,,,,,,,,,,,,,,,,,,,,280700,,p=michael;n=asen;oc=1,,,,,,,,,,,,p14554.htm#i145534,Michael_Asen_I_of_Bulgaria_(1),,,I00072289
Q49985,Q3658033,,,,,,,,,,,,,,,,,,,,,,,,,,,,,,,,,,,,,,,,,,Anna-Theodora_Asenina_of_Bulgaria_(1),,,
Q49989,Q715297,,,,,,,,,,,,,,,,,,,,,,,,,,,622103,,,,,,,,,,,,,,p14555.htm#i145543,George_I_of_Bulgaria_(1),,,I00610281
Q49993,Q107338048,,,,,,,,,,,,,,,,,,,,,,,,,,,,,,,,,,,,,,,,,,,,,
Q49997,Q22342942,,,,,,,,,,,,,,,,,,,,,,,,,,,,,,,,,,,,,,,,,,,,,
Q49998,Q11541708,,,,,,,,,,,,,,,,,,,,,,,,,,,,,,,,,,,,,,,,,,,,,
Q50001,Q131139526,,,,,,,,,,,,,,,,,,,,,,,,,,,,,,,,,,,,,,,,,,,,,
Q50002,Q11520016,,,,,,,,,,,,,,,,,,,,,,,,,,,,,,,,,,,,,,,,,,,,,
Q50005,Q129093900,,,,,,,,,,,,,,,,,,,,,,,,,,,,,,,,,,,,,,,,,,,,,I00478257
Q50006,Q10519089,,,,,,,,,,,,,,,,,,,,,,,,,,,,,,,,,,,,,,,,,,,,,
Q50009,Q4388,,,,,,,,,,,,,,,,,,,,,,,,taxon/8F54CA3B-2500-4EB0-8E1D-1C6F5C0523C3|term/e1580ef2-64dc-4048-99ed-5c36fee48990,,,,,,,,,,,,,,,,,,,,,
Q50010,Q10521864,,,,,,,,,,,,,,,,,,,,,,,,,,,,,,,,,,,,,,,,,,,,,
Q50013,Q518569,,,,,,,,,,,,,,,,,,,,,,,,,,,,,p=manuel;n=kantakuzenos,,,,,,,,,,,,,Manuel_Kantakouzenos_(1),,,I00726286
Q50014,Q10517514,,,,,,,,,,,,,,,,,,,,,,,,,,,,,,,,,,,,,,,,,,,,,
Q50017,Q125450864,,,,,,,,,,,,,,,,,,,,,,,,,,,,,,,,,,,,,,,,,,,,,
Q50018,Q11520030,,,,,,,,,,,,,,,,,,,,,,,,,,,,,,,,,,,,,,,,,,,,,
Q50021,Q125457197,,,,,,,,,,,,,,,,,,,,,,,,,,,,,,,,,,,,,,,,,,,,,
Q50022,Q110967792,,,,,,,,,,,,,,,,,,,,,,,,,,,,,,,,,,,,,,,,,,,,,
Q50025,Q12812195,,,,,,,,,,,,,,,,,,,,,,,,,,,,,,,,,,,,,,,,,,,,,
Q50026,Q10521736,,,,,,,,,,,,,,,,,,,,,,,,,,,,,,,,,,,,,,,,,,,,,
Q50029,Q2658379,,,,,,,,,,,,,,,,,,,,,,,,,,,,,,,,,,,,,,,,,p71466.htm#i714651,Helena_Kantakouzene_(1),,,I00171949
Q50030,Q110973337,,,,,,,,,,,,,,,,,,,,,,,,,,,,,,,,,,,,,,,,,,,,,
Q50033,Q314442,,,,,,,,,,,,,,,,,,,,,,,,,,,280442,,,,,,,,,,,,,,p21911.htm#i219101,Alexios_I_of_Trebizond_(1),,,I00302859
Q50034,Q110973591,,,,,,,,,,,,,,,,,,,,,,,,,,,,,,,,,,,,,,,,,,,,,
Q50037,Q110957145,,,,,,,,,,,,,,,,,,,,,,,,,,,,,,,,,,,,,,,,,,,,,
Q50038,Q7781645,,,,,,,,,,,,,,,,,,,,,,,,,,,,,,,,,,,,,,,,,p21914.htm#i219132,Theodora_Axuchina_(1),,,I00302860
Q50041,Q11605851,,,,,,,,,,,,,,,,,,,,,,,,,,,,,,,,,,,,,,,,,,,,細川-75,
Q50042,Q303302,,,,,,,,,,,,,,,,,,,,,,,,,,,,,,,,,,,,,,,,,p21911.htm#i219106,John_I_of_Trebizond_(1),,,I00764356
Q50045,Q110969416,,,,,,,,,,,,,,,,,,,,,,,,,,,,,,,,,,,,,,,,,,,,,
Q50046,Q6428438,,,,,,,,,,,,,,,,,,,,,,,,,,,,,,,,,,,,,,,,,p21911.htm#i219104,"Komnene,_daughter_of_Alexios_I_of_Trebizond_(1)",,,I00764354
Q50049,Q6535549,,,,,,,,,,,,,,,,,,,,,,,,,,,,,,,,,,,,,,,,,,,,,
Q50050,Q4767629,,,,,,,,,,,,,,,,,,,,,,,,,,,,,,,,,,,,,,,,,p21914.htm#i219137,Anna_Xylaloe_(1),,,
Q50053,Q6529566,,,,,,,,,,,,,,,,,,,,,,,,,,,,,,,,,,,,,,,,,,,,,
Q50054,Q7382683,,,,,,,,,,,,,,,,,,,,,,,,,,,350254,,,,,,,,,,,,,,p21914.htm#i219138,"Rusudan_of_Georgia,_Empress_of_Trebizond_(1)",,,I00764368
Q50057,Q11471095,,,,,,,,,,,,,,,,,,,,,,,,,,,,,,,,,,,,,,,,,,,,,
Q50059,Q75571138,,,,,,,,,,,,,,,,,,,,,,,,,,,,,,,,,,,,,,,,,p21915.htm#i219144,,,,
Q50061,Q11584866,,,,,,,,,,,,,,,,,,,,,,,,,,,,,,,,,,,,,,,,,,,,石井-20,
Q50063,Q3695456,,alvin-person:55631,,,,,,,,,,,,,,,,,,,,,,,,,1215708,,,,,,,,,,,,,,p21917.htm#i219161,,,,
Q50065,Q108911693,,,,,,,,,,,,,,,,,,,,,,,,,,,,,,,,,,,,,,,,,,,,,
Q50067,Q75571172,,,,,,,,,,,,,,,,,,,,,,,,,,,,,,,,,,,,,,,,,p21917.htm#i219162,,,,
Q50069,Q11650705,,,,,,,,,,,,,,,,,,,,,,,,,,,,,,,,,,,,,,,,,,,,,
Q50071,Q131444300,,,,,,,,,,,,,,,,,,,,,,,,,,,,,,,,,,,,,,,,,,,,,
Q50073,Q285805,,,,,,,,,,,,,,,,,,,,,,,,,,,,,,,,,,,,,,,,,,,,鍋島-85,
Q50075,Q4881573,,,,,,,,,,,,,,,,,,,,,,,,,,,585733,,,,,,,,,,,,,,p21915.htm#i219148,,,,I00763499
Q50079,Q12840651,,,,,,,,,,,,,,,,,,,,,,,,,,,1116689,,,,,,,,,,,,,,,,,,I00763501
Q50083,Q3045795,,,,,,,,,,,,,,,,,,,,,,,,,,,1215734,,,,,,,,,,,,,,p21916.htm#i219154,Irene_of_Trebizond_(1),,,I00492907
Q50087,Q537742,,,,,,,,,,,,,,,,,,,,,,,,person/49838766-8520-4637-a0d7-cb1bb07acbcd,,,280452,,,,,,,,,,,,,,p21913.htm#i219126,Alexios_of_Trebizond_(1),,,I00302833
Q50091,Q9030224,,,,,,,,,,,,,,,,,,,,,,,,,,,,,,,,,,,,,,,,,p21916.htm#i219156,,,,I00763742
Q50093,Q115586802,,,,,,,,,,,,,,,,,,,,,,,,,,,,,,,,,,,,,,,,,,,,,
Q50095,Q6141740,,,,,,,,,,,,,,,,,,,,,,,,,,,,,,,,,,,,,,,,,p21916.htm#i219158,,,,
Q50098,Q11427399,,,,,,,,,,,,,,,,,,,,,,,,,,,,,,,,,,,,,,,,,,,,,
Q50099,Q75571148,,,,,,,,,,,,,,,,,,,,,,,,,,,,,,,,,,,,,,,,,p21916.htm#i219155,,,,
Q50102,Q3140540,,,,,,,,,,,,,,,,,,,,,,,,,,,,,,,,,,,,,,,,,,,,,
Q50103,Q433712,,,,,,,,,,,,,,,,,,,,,,,,,,,,,,,,,,,,,,,,,p21912.htm#i219119,,,,I00764361
Q50106,Q11427402,,,,,,,,,,,,,,,,,,,,,,,,,,,,,,,,,,,,,,,,,,,,,
Q50107,Q11769200,,,,,,,,,,,,,,,,,,,,,,,,,,,622105,,,,,,,,,,,,,,p22003.htm#i220025,,,,
Q50110,Q11586309,,,,,,,,,,,,,,,,,,,,,,,,,,,,,,,,,,,,,,,,,,,,,
Q50111,Q441429,,,,,,,,,,,,,,,,,,,,,,,,,,,,,,,,,,,,,,,,,,Michael_I_Komnenos_Doukas_(1),,,I00106571
Q50114,Q11586331,,,,,,,,,,,,,,,,,,,,,,,,,,,,,,,,,,,,,,,,,,,,,
Q50115,Q129094105,,,,,,,,,,,,,,,,,,,,,,,,,,,,,,,,,,,,,,,,,,,,,I00106572
Q50118,Q11432006,,,,,,,,,,,,,,,,,,,,,,,,,,,,,,,,,,,,,,,,,,,,,
Q50119,Q6252686,,,,,,,,,,,,,,,,,,,,,,,,,,,,,,,,,,,,,,,,,,,,,I00106569
Q50122,Q11432004,,,,,,,,,,,,,,,,,,,,,,,,,,,,,,,,,,,,,,,,,,,,,
Q50123,Q129094129,,,,,,,,,,,,,,,,,,,,,,,,,,,,,,,,,,,,,,,,,,,,,I00106570
Q50126,Q11618472,,,,,,,,,,,,,,,,,,,,,,,,,,,,,,,,,,,,,,,,,,,,,
Q50127,Q6861922,,,,,,,,,,,,,,,,,,,,,,,,,,,,,,,,,,,,,,,,,,Nicholas_II_of_Saint_Omer_(1),,,I00106566
Q50130,Q111097128,,,,,,,,,,,,,,,,,,,,,,,,,,,,,,,,,,,,,,,,,,,,,
Q50131,Q451156,,,,,,,,,,,,,,,,,,,,,,,,,,,692698,,p=guillaume;n=de villehardouin;oc=2,,,,,,,,,,,,p11451.htm#i114510,William_II_of_Villehardouin_(1),,,I00106564
Q50134,Q109330349,,,,,,,,,,,,,,,,,,,,,,,,,,,,,,,,,,,,,,,,,,,,,
Q50135,Q2379659,,,,,,,,,,,,,,,,,,,,,,,,,,,,,p=marguerite;n=de villehardouin;oc=6,,,,,,,,,,,,,,,,I00197436
Q50138,Q11438262,,,,,,,,,,,,,,,,,,,,,,,,,,,,,,,,,,,,,,,,,,,,,
Q50139,Q261720,,,,,,,,,,,,,,,,,,,,,,,,,,,692686,,p=isabelle;n=de villehardouin,,,,,,,,,,,,p11451.htm#i114509,Isabella_of_Villehardouin_(1),,Villehardouin-1,I00106557
Q50142,Q11438260,,,,,,,,,,,,,,,,,,,,,,,,,,,,,,,,,,,,,,,,,,,,,
Q50146,Q11458465,,,,,,,,,,,,,,,,,,,,,,,,,,,,,,,,,,,,,,,,,,,,,
Q50147,Q3637286,,,,,,,,,,,,,,,,,,,,,,,,,,,573895,,p=beatrix;n=von hohenstaufen;oc=3,,,dw.8057,,,,,,,,,,Beatrice_of_Sicily_(1),,,I00292980
Q50150,Q11667638,,,,,,,,,,,,,,,,,,,,,,,,,,,,,,,,,,,,,,,,,,,,,
Q50151,Q21003749,,,,,,,,,,,,,,,,,,,,,,,,,,,,,,,,,,,,,,,,,,Theodore_Angelos_(1),,,
Q50154,Q11438264,,,,,,,,,,,,,,,,,,,,,,,,,,,,,,,,,,,,,,,,,,,,,
Q50155,Q12876875,,,,,,,,,,,,,,,,,,,,,,,,,,,894897,,p=helena;n=angelina;oc=1,,,,,,,,,,,,p12005.htm#i120045,Helena_Komnene_(2),,,I00093478
Q50158,Q11438144,,,,,,,,,,,,,,,,,,,,,,,,,,,,,,,,,,,,,,,,,,,,,
Q50159,Q108759810,,,,,,,,,,,,,,,,,,,,,,,,,,,,,,,,,,,,,,,,,,,,,
Q50162,Q11438153,,,,,,,,,,,,,,,,,,,,,,,,,,,,,,,,,,,,,,,,,,,,,
Q50163,Q129093988,,,,,,,,,,,,,,,,,,,,,,,,,,,,,,,,,,,,,,,,,,,,,I00292986
Q50166,Q11438176,,,,,,,,,,,,,,,,,,,,,,,,,,,,,,,,,,,,,,,,,,,,,
Q50167,Q552601,,,,,,,,,,,,,,,,,,,,,,,,,,,,,,,,,,,,,,,,,,John_II_Orsini_(1),,,I00571556
Q50170,Q11438183,,,,,,,,,,,,,,,,,,,,,,,,,,,,,,,,,,,,,,,,,,,,,
Q50171,Q3622728,,,,,,,,,,,,,,,,,,,,,,,,,,,418087,,,,,,,,,,,,,,,John_Komnenos_Asen_(1),,,
Q50174,Q11509545,,,,,,,,,,,,,,,,,,,,,,,,,,,,,,,,,,,,,,,,,,,,,
Q50175,Q7786767,,,,,,,,,,,,,,,,,,,,,,,,,,,,,,,,,,,,,,,,,,,,,I00485791
Q50178,Q56253529,,,,,,,,,,,,,,,,,,,,,,,,,,,,,,,,,,,,,,,,,,,,,
Q50179,Q2347022,,,,,,,,,,,,,,,,,,,,,,,,,,,,,,,,,,,,,,,,,,Nikephoros_II_Orsini_(1),,,
Q50182,Q1194978,,,,,,,,,,,,,,,,,,,,,,,,,,,,,,,,,,,,,,,,,,,,,
Q50183,Q27835142,,,,,,,,,,,,,,,,,,,,,,,,,,,,,,,,,,,,,,,,,,,,,
Q50186,Q6528837,,,,,,,,,,,,,,,,,,,,,,,,,,,,,,,,,,,,,,,,,,,,,
Q50187,Q478657,,,,,,,,,,,,,,,,,,,,,,,,,,,,,,,,,,,,,,,,,,,,,
Q50190,Q6529316,,,,,,,,,,,,,,,,,,,,,,,,,,,,,,,,,,,,,,,,,,,,,
Q50191,Q23907512,,,,,,,,,,,,,,,,,,,,,,,,,,,,,,,,,,,,,,,,,,,,,
Q50194,Q6529424,,,,,,,,,,,,,,,,,,,,,,,,,,,,,,,,,,,,,,,,,,,,,
Q50195,Q471132,,,,,,,,,,,,,,,,,,,,,,,,,,,,,,,,,,,,,,,,,,,,,
Q50198,Q6528871,,,,,,,,,,,,,,,,,,,,,,,,,,,,,,,,,,,,,,,,,,,,,
Q50199,Q221657,,,,,,,,,,,,,,,,,,,,,,,,,,,,,,,,,,,,,,,,,,,,,I00293017
Q50202,Q6529547,,,,,,,,,,,,,,,,,,,,,,,,,,,,,,,,,,,,,,,,,,,,,
Q50203,Q887156,,,,,,,,,,,,,,,,,,,,,,,,,,,,,,,,,,,,,,,,,,,,,
Q50206,Q11396148,,,,,,,,,,,,,,,,,,,,,,,,,,,,,,,,,,,,,,,,,,,,,
Q50207,Q3656360,,,,,,,,,,,,,,,,,,,,,,,,,,,,,,,,,,,,,,,,,,,,,I00292996
Q50210,Q11369496,,,,,,,,,,,,,,,,,,,,,,,,,,,,,,,,,,,,,,,,,,,,,
Q50211,Q561940,,,,,,,,,,,,,,,,,,,,,,,,,,,252222,,,,,,,,,,,,,,,,,,I00485790
Q50214,Q11547703,,,,,,,,,,,,,,,,,,,,,,,,,,,,,,,,,,,,,,,,,,,,,
Q50215,Q6176652,,,,,,,,,,,,,,,,,,,,,,,,,,,,,,,,,,,,,,,,,,Jelena_Šubić_(Nemanjić)_(1),,,
Q50218,Q11547704,,,,,,,,,,,,,,,,,,,,,,,,,,,,,,,,,,,,,,,,,,,,,
Q50219,Q69674318,,,,,,,,,,,,,,,,,,,,,,,,,,,,,,,,,,,,,,,,,,,,,
Q50222,Q11369505,,,,,,,,,,,,,,,,,,,,,,,,,,,,,,,,,,,,,,,,,,,,,
Q50223,Q5255100,,,,,,,,,,,,,,,,,,,,,,,,,,,,,,,,,,,,,,,,,,,,,
Q50226,Q10514730,,,,,,,,,,,,,,,,,,,,,,,,,,,,,,,,,,,,,,,,,,,,,
Q50227,Q108302939,,,,,,,,,,,,,,,,,,,,,,,,,,,,,,,,,,,,,,,,,,,,,
Q50230,Q134450429,,,,,,,,,,,,,,,,,,,,,,,,,,,,,,,,,,,,,,,,,,,,,
Q50231,Q1194003,,,,,,,,,,,,,,,,,,,,,,,,,,,,,,,,,,,,,,,,,,,,,
Q50234,Q134458870,,,,,,,,,,,,,,,,,,,,,,,,,,,,,,,,,,,,,,,,,,,,,
Q50235,Q1144809,,,,,,,,,,,,,,,,,,,,,,,,,,,,,,,,,,,,,,,,,,,,,
Q50238,Q11653191,,,,,,,,,,,,,,,,,,,,,,,,,,,,,,,,,,,,,,,,,,,,,
Q50239,Q3111412,,,,,,,,,,,,,,,,,,,,,,,,,,,,,,,,,,,,,,,,,,,,,
Q50242,Q4888462,,,,,,,,,,,,,,,,,,,,,,,,,,,,,,,,,,,,,,,,,,,,,
Q50243,Q11552179,,,,,,,,,,,,,,,,,,,,,,,,,,,,,,,,,,,,,,,,,,,,,
Q50246,Q12850204,,,,,,,,,,,,,,,,,,,,,,,,,,,,,,,,,,,,,,,,,,,,,
Q50247,Q11552192,,,,,,,,,,,,,,,,,,,,,,,,,,,,,,,,,,,,,,,,,,,,,
Q50250,Q4888452,,,,,,,,,,,,,,,,,,,,,,,,,,,,,,,,,,,,,,,,,,,,,
Q50251,Q111261065,,,,,,,,,,,,,,,,,,,,,,,,,,,,,,,,,,,,,,,,,,,,,
Q50254,Q714595,,,,,,,,,,,,,,,,,,,,,,,,,,,,,,,,,,,,,,,,,,George_IV_of_Georgia_(1),,,I00559141
Q50255,Q11552194,,,,,,,,,,,,,,,,,,,,,,,,,,,,,,,,,,,,,,,,,,,,,
Q50258,Q110737899,,,,,,,,,,,,,,,,,,,,,,,,,,,,,,,,,,,,,,,,,,,,,I00763659
Q50259,Q111183019,,,,,,,,,,,,,,,,,,,,,,,,,,,,,,,,,,,,,,,,,,,,,
Q50262,Q6192292,,,,,,,,,,,,,,,,,,,,,,,,,,,,,,,,,,,,,,,,,,Jigda-Khatun_Unknown_(1),,,I00765288
Q50263,Q11379420,,,,,,,,,,,,,,,,,,,,,,,,,,,,,,,,,,,,,,,,,,,,,
Q50266,Q11569889,,,,,,,,,,,,,,,,,,,,,,,,,,,,,,,,,,,,,,,,,,,,,
Q50267,Q16835758,,,,,,,,,,,,,,,,,,,,,,,,,,,,,,,,,,,,,,,,,,Esukan_Unknown_(1),,,
Q50270,Q123406221,,,,,,,,,,,,,,,,,,,,,,,,,,,,,,,,,,,,,,,,,,,,,
Q50271,Q3102235,,,,,,,,,,,,,,,,,,,,,,,,,,,,,,,,,,,,,,,,,,,,,
Q50274,Q749873,,,,,,,,,,,,,,,,,,,,,,,,,,,,,,,,,,,,,,,,,,,,高山-1,
Q50275,Q110737900,,,,,,,,,,,,,,,,,,,,,,,,,,,,,,,,,,,,,,,,,,,,,I00763635
Q50278,Q11382689,,,,,,,,,,,,,,,,,,,,,,,,,,,,,,,,,,,,,,,,,,,,,
Q50279,Q12861375,,,,,,,,,,,,,,,,,,,,,,,,,,,1269528,,,,,,,,,,,,,,,,,,I00765292
Q50282,Q11537528,,,,,,,,,,,,,,,,,,,,,,,,,,,,,,,,,,,,,,,,,,,,,
Q50283,Q110737848,,,,,,,,,,,,,,,,,,,,,,,,,,,,,,,,,,,,,,,,,,,,,I00765421
Q50286,Q111143834,,,,,,,,,,,,,,,,,,,,,,,,,,,,,,,,,,,,,,,,,,,,,
Q50287,Q75394182,,,,,,,,,,,,,,,,,,,,,,,,,,,,,,,,,,,,,,,,,p11408.htm#i114080,,,,I00763465
Q50290,Q11551754,,,,,,,,,,,,,,,,,,,,,,,,,,,,,,,,,,,,,,,,,,,,,
Q50291,Q2691017,,,,,,,,,,,,,,,,,,,,,,,,,,,350236,,,,,,,,,,,,,,p21917.htm#i219166,Bagrat_V_of_Georgia_(1),,,I00763377
Q50294,Q110863785,,,,,,,,,,,,,,,,,,,,,,,,,,,,,,,,,,,,,,,,,,,,,
Q50295,Q3647947,,,,,,,,,,,,,,,,,,,,,,,,,,,585745,,,,,,,,,,,,,,p21918.htm#i219175,Gulkhan-Eudokia_of_Georgia_(1),,,I00302838
Q50298,Q11069924,,,,,,,,,,,,,,,,,,,,,,,,,,,,,,,,,,,,,,,,,,,,,
Q50299,Q125217105,,,,,,,,,,,,,,,,,,,,,,,,,,,,,,,,,,,,,,,,,,,,,
Q50302,Q125217097,,,,,,,,,,,,,,,,,,,,,,,,,,,,,,,,,,,,,,,,,,,,,
Q50305,Q11370505,,,,,,,,,,,,,,,,,,,,,,,,,,,,,,,,,,,,,,,,,,,,,
Q50306,Q1362993,,,,,,,,,,,,,,,,,,,,,,,,,,,352910,,,,,,,,,,,,,,,David_Soslan_(1),,,I00763495
Q50309,Q110156186,,,,,,,,,,,,,,,,,,,,,,,,,,,,,,,,,,,,,,,,,,,,,
Q50313,Q10917146,,,,,,,,,,,,,,,,,,,,,,,,,,,,,,,,,,,,,,,,,,,,,
Q50314,Q467001,,,,,,,,,,,,,,,,,,,,,,,,,,,897106|1299216,,,,,,,,,,,,,,,Kaykhusraw_II_(1),,,
Q50317,Q109298849,,,,,,,,,,,,,,,,,,,,,,,,,,,,,,,,,,,,,,,,,,,,,
Q50318,Q2072756,,,,,,,,,,,,,,,,,,,,,,,,,,,,,,,,,,,,,,,,,,Pervâne_(1),,,
Q50321,Q17230507,,,,,,,,,,,,,,,,,,,,,,,,,,,,,,,,,,,,,,,,,,,,,
Q50322,Q1378313,,,,,,,,,,,,,,,,,,,,,,,,,,,,,,,,,,,,,,,,,,Kayqubad_II_(1),,,
Q50325,Q109298920,,,,,,,,,,,,,,,,,,,,,,,,,,,,,,,,,,,,,,,,,,,,,
Q50326,Q110738108,,,,,,,,,,,,,,,,,,,,,,,,,,,,,,,,,,,,,,,,,,,,,I00332916
Q50329,Q109299068,,,,,,,,,,,,,,,,,,,,,,,,,,,,,,,,,,,,,,,,,,,,,
Q50330,Q110737867,,,,,,,,,,,,,,,,,,,,,,,,,,,,,,,,,,,,,,,,,,,,,I00763503
Q50333,Q109298793,,,,,,,,,,,,,,,,,,,,,,,,,,,,,,,,,,,,,,,,,,,,,
Q50334,Q2255845,,,,,,,,,,,,,,,,,,,,,,,,,,,1302510,,,,,,,,,,,,,,,,,,I00763371
Q50337,Q3273091,,,,,,,,,,,,,,,,,,,,,,,,,,,,,,,,,,,,,,,,,,,,,
Q50338,Q3023534,,,,,,,,,,,,,,,,,,,,,,,,,,,1307572,,,,,,,,,,,,,,,,,,
Q50341,Q10514860,,,,,,,,,,,,,,,,,,,,,,,,,,,,,,,,,,,,,,,,,,,,,
Q50342,Q2994986,,,,,,,,,,,,,,,,,,,,,,,,,,,1302542,,,,,,,,,,,,,,,,,,
Q50345,Q11549755,,,,,,,,,,,,,,,,,,,,,,,,,,,,,,,,,,,,,,,,,,,,,
Q50346,Q244852,,,,,,,,,,,,,,,,,,,,,,,,,,,116523|701541,,p=gedymine;n=de lithuanie,,,11.218.2,,,,,,,,,p11468.htm#i114674,Gediminas_(1),,Lietuvos-2,I00081643
Q50349,Q11549797,,,,,,,,,,,,,,,,,,,,,,,,,,,,,,,,,,,,,,,,,,,,,
Q50350,Q3919003,,,,,,,,,,,,,,,,,,,,,,,,,,,212998|391603,,p=jewna;n=n,,,dw.1926,,,,,,,,,,Jewna_(1),,,I00081646
Q50353,Q252763,,,,,,,,,,8093552,,,,,,,,,,,,,,,,,344706,,p=aldona anna;n=de lithuanie,,,dw.1637,,,,,,,,,p11468.htm#i114673,Aldona_of_Lithuania_(1),,Gediminas-1,I00064906
Q50354,Q113282692,,,,,,,,,,,,,,,,,,,,,,,,,,,,,,,,,,,,,,,,,,,,,
Q50357,Q389931,,,,,,,,,,,,,,,,,,,,,,,,,,,181849,,p=augusta;n=de lithuanie,,,dw.1937,,,,,,,,,,Aigusta_of_Lithuania_(1),,Gediminaitis-4,
Q50358,Q11623721,,,,,,,,,,,,,,,,,,,,,,,,,,,,,,,,,,,,,,,,,,,,,
Q50361,Q355869,,,,,,,,,,,,,,,,,,,,,,,,,,,116570,,p=kiejstut;n=de lithuanie,,,dw.1933,,,,,,,,,p22135.htm#i221350,Kęstutis_(1),,Gediminaitis-1,I00174623
Q50362,Q11539716,,,,,,,,,,,,,,,,,,,,,,,,,,,,,,,,,,,,,,,,,,,,,
Q50365,Q2080596,,,,,,,,,,,,,,,,,,,,,,,,,,,258123,,,,,11.218.1,,,,,,,,,,Karijotas_(1),,Gediminaitis-2,
Q50366,Q11539914,,,,,,,,,,,,,,,,,,,,,,,,,,,,,,,,,,,,,,,,,,,,,
Q50369,Q2310836,,,,,,,,,,,,,,,,,,,,,,,,,,,212921,,p=lubart;n=de lithuanie,,,dw.1935,,,,,,,,,,Liubartas_(1),,Gediminaitis-3,
Q50370,Q11545669,,,,,,,,,,,,,,,,,,,,,,,,,,,,,,,,,,,,,,,,,,,,,
Q50373,Q336754,,,,,,,,,,,,,,,,,,,,,,,,,,,116522,,p=olgierd;n=de lituanie,,,14.i4.2,,,,,,,,,p11470.htm#i114692,Algirdas_(1),,Gediminaitis-8,I00081641
Q50374,Q11545663,,,,,,,,,,,,,,,,,,,,,,,,,,,,,,,,,,,,,,,,,,,,,
Q50377,Q557916,,,,,,,,,,,,,,,,,,,,,,,,,,,116573,,p=jewnut iwan;n=de lithuanie,,,dw.1927,,,,,,,,,p22135.htm#i221345,Jaunutis_(1),,Gediminaitis-10,
Q50378,Q10859959,,,,,,,,,,,,,,,,,,,,,,,,,,,,,,,,,,,,,,,,,,,,小笠原-15,
Q50381,Q609862,,,,,,,,,,,,,,,,,,,,,,,,,,,213035,,,,,dw.1930,,,,,,,,,,Manvydas_(1),,Gediminaitis-6,
Q50382,Q10856538,,,,,,,,,,,,,,,,,,,,,,,,,,,,,,,,,,,,,,,,,,,,小笠原-97,
Q50385,Q3917331,,,,,,,,,,,,,,,,,,,,,,,,,,,885753|258098,,,,,sw.244098,,,,,,,,,,,,,
Q50386,Q109186280,,,,,,,,,,,,,,,,,,,,,,,,,,,,,,,,,,,,,,,,,,,,,
Q50389,Q3919008,,,,,,,,,,,,,,,,,,,,,,,,,,,258099,,,,,,,,,,,,,,,,,,
Q50390,Q10860150,,,,,,,,,,,,,,,,,,,,,,,,,,,,,,,,,,,,,,,,,,,,,
Q50393,Q5764267,,,,,,,,,,,,,,,,,,,,,,,,,,,673713,,p=iouri;n=narimantaitis;oc=1,,,dw.1981,,,,,,,,,,,,,I00298642
Q50394,Q110909151,,,,,,,,,,,,,,,,,,,,,,,,,,,,,,,,,,,,,,,,,,,,,
Q50397,Q66555044,,,,,,,,,,,,,,,,,,,,,,,,,,,,,p=wasil;n=pinski,,,dw.4937,,,,,,,,,,,,,I00298644
Q50398,Q10860091,,,,,,,,,,,,,,,,,,,,,,,,,,,,,,,,,,,,,,,,,,,,,
Q50401,Q4060938,,,,,,,,,,,,,,,,,,,,,,,,,,,161034,,p=aleksander;n=de lithuanie;oc=1,,,dw.1980,,,,,,,,,,,,,I00298645
Q50403,Q10860179,,,,,,,,,,,,,,,,,,,,,,,,,,,,,,,,,,,,,,,,,,,,,
Q50405,Q120668957,,,,,,,,,,,,,,,,,,,,,,,,,,,673715,,p=szymon;n=de lithuanie,,,dw.1983,,,,,,,,,,,,,I00298641
Q50407,Q10860104,,,,,,,,,,,,,,,,,,,,,,,,,,,,,,,,,,,,,,,,,,,,,
Q50409,Q96241088,,,,,,,,,,,,,,,,,,,,,,,,,,,,,p=jelena;n=n;oc=1,,,,,,,,,,,,,,,,I00152141
Q50411,Q110063980,,,,,,,,,,,,,,,,,,,,,,,,,,,,,,,,,,,,,,,,,,,,,
Q50413,Q4534882,,,,,,,,,,,,,,,,,,,,,,,,,,,161040,,p=iouri;n=patrikievitch,,,dw.4940,,,,,,,,,,,,,I00152142
Q50415,Q110305540,,,,,,,,,,,,,,,,,,,,,,,,,,,,,,,,,,,,,,,,,,,,,
Q50417,Q4060947,,,,,,,,,,,,,,,,,,,,,,,,,,,162804,,p=aleksandr patrikievitch;n=starodoubski,,,11.211.1,,,,,,,,,p11483.htm#i114827,,,,I00298647
Q50419,Q110305722,,,,,,,,,,,,,,,,,,,,,,,,,,,,,,,,,,,,,,,,,,,,,
Q50421,Q4493881,,,,,,,,,,,,,,,,,,,,,,,,,,,162802,,p=fiodor;n=patrikievitch,,,dw.4941,,,,,,,,,,,,,I00298646
Q50423,Q110309276,,,,,,,,,,,,,,,,,,,,,,,,,,,,,,,,,,,,,,,,,,,,,
Q50425,Q45491890,,,,,,,,,,,,,,,,,,,,,,,,,,,,,,,,,,,,,,,,,,,,,
Q50427,Q110309351,,,,,,,,,,,,,,,,,,,,,,,,,,,,,,,,,,,,,,,,,,,,,
Q50429,Q45470515,,,,,,,,,,,,,,,,,,,,,,,,,,,,,,,,,,,,,,,,,,,,,
Q50431,Q110646277,,,,,,,,,,,,,,,,,,,,,,,,,,,,,,,,,,,,,,,,,,,,,
Q50433,Q45480536,,,,,,,,,,,,,,,,,,,,,,,,,,,,,,,,,,,,,,,,,,,,,
Q50435,Q10565415,,,,,,,,,,,,,,,,,,,,,,,,,,,,,,,,,,,,,,,,,,,,,
Q50437,Q13649752,,,,,,,,,,,,,,,,,,,,,,,,,,,845508,,,,,,,,,,,,,,,,,,
Q50439,Q11069916,,,,,,,,,,,,,,,,,,,,,,,,,,,,,,,,,,,,,,,,,,,,,
Q50441,Q11180128,,,,,,,,,,,,,,,,,,,,,,,,,,,,,,,,,,,,,,,,,,,,,
Q50443,Q108144348,,,,,,,,,,,,,,,,,,,,,,,,,,,,,,,,,,,,,,,,,,,,,
Q50445,Q8251854,,,,,,,,,,,,,,,,,,,,,,,,,,,,,,,,,,,,,,,,,,,,,
Q50447,Q108908952,,,,,,,,,,,,,,,,,,,,,,,,,,,,,,,,,,,,,,,,,,,,,
Q50449,Q8251837,,,,,,,,,,,,,,,,,,,,,,,,,,,,,,,,,,,,,,,,,,,,,
Q50451,Q108908953,,,,,,,,,,,,,,,,,,,,,,,,,,,,,,,,,,,,,,,,,,,,,
Q50453,Q18228003,,,,,,,,,,,,,,,,,,,,,,,,,,,,,,,,,,,,,,,,,,,,,
Q50455,Q108909347,,,,,,,,,,,,,,,,,,,,,,,,,,,,,,,,,,,,,,,,,,,,,
Q50457,Q45434959,,,,,,,,,,,,,,,,,,,,,,,,,,,,,,,,,,,,,,,,,,,,,
Q50459,Q109873278,,,,,,,,,,,,,,,,,,,,,,,,,,,,,,,,,,,,,,,,,,,,,
Q50461,Q45597696,,,,,,,,,,,,,,,,,,,,,,,,,,,,,,,,,,,,,,,,,,,,,
Q50463,Q109873491,,,,,,,,,,,,,,,,,,,,,,,,,,,,,,,,,,,,,,,,,,,,,
Q50465,Q45434835,,,,,,,,,,,,,,,,,,,,,,,,,,,,,,,,,,,,,,,,,,,,,
Q50467,Q10860038,,,,,,,,,,,,,,,,,,,,,,,,,,,,,,,,,,,,,,,,,,,,小笠原-54,
Q50469,Q7157566,,,,,,,,,,,,,,,,,,,,,,,,,,,,,,,,,,,,,,,,,,,,,
Q50471,Q1017056,,,,,,,,,,,,,,,,,,,,,,,,,,,,,,,,,,,,,,,,,,,,,
Q50473,Q45671012,,,,,,,,,,,,,,,,,,,,,,,,,,,,,,,,,,,,,,,,,,,,,
Q50475,Q11642008,,,,,,,,,,,,,,,,,,,,,,,,,,,,,,,,,,,,,,,,,,,,,
Q50477,Q68477360,,,,,,,,,,,,,,,,,,,,,,,,,,,,,,,,,,,,,,,,,,,,,
Q50479,Q11642012,,,,,,,,,,,,,,,,,,,,,,,,,,,,,,,,,,,,,,,,,,,,,
Q50481,Q68477415,,,,,,,,,,,,,,,,,,,,,,,,,,,,,,,,,,,,,,,,,,,,,
Q50483,Q110947596,,,,,,,,,,,,,,,,,,,,,,,,,,,,,,,,,,,,,,,,,,,,,
Q50485,Q16219772,,,,,,,,,,,,,,,,,,,,,,,,,,,,,,,,,,,,,,,,,,,,,
Q50487,Q110223244,,,,,,,,,,,,,,,,,,,,,,,,,,,,,,,,,,,,,,,,,,,,,
Q50489,Q9218,,,,,,,,,,,,,,,,,,,,,,,,,,,1173937,,,,,,,,,,,,,,,,,,
Q50491,Q109299776,,,,,,,,,,,,,,,,,,,,,,,,,,,,,,,,,,,,,,,,,,,,,
Q50493,Q9226,,,,,,,,,,,,,,,,,,,,,,,,,,,1173945,,,,,,,,,,,,,,,,,,
Q50495,Q11365648,,,,,,,,,,,,,,,,,,,,,,,,,,,,,,,,,,,,,,,,,,,,,
Q50497,Q7166519,,,,,,,,,,,,,,,,,,,,,,,,,,,,,,,,,,,,,,,,,,,,,I00374634
Q50499,Q20039839,,,,,,,,,,,,,,,,,,,,,,,,,,,,,,,,,,,,,,,,,,,,,
Q50501,Q7413071,,,,,,,,,,,,,,,,,,,,,,,,,,,1167230,,,,,,,,,,,,,,,,,,
Q50503,Q11365616,,,,,,,,,,,,,,,,,,,,,,,,,,,,,,,,,,,,,,,,,,,,,
Q50506,Q1353722,,,,,,,,,,,,,,,,,,,,,,,,,,,,,,,,,,,,,,,,,,,,,
Q50507,Q108812104,,,,,,,,,,,,,,,,,,,,,,,,,,,,,,,,,,,,,,,,,,,,,
Q50510,Q1351417,,,,,,,,,,,,,,,,,,,,,,,,,,,,,,,,,,,,,,,,,,,,,
Q50511,Q108865686,,,,,,,,,,,,,,,,,,,,,,,,,,,,,,,,,,,,,,,,,,,,,
Q50514,Q662562,,,,,,,,,,,,,,,,,,,,,,,,,,,,,,,,,,,,,,,,,,,,,
Q50515,Q108866698,,,,,,,,,,,,,,,,,,,,,,,,,,,,,,,,,,,,,,,,,,,,,
Q50518,Q106804193,,,,,,,,,,,,,,,,,,,,,,,,,,,,,,,,,,,,,,,,,,,,,
Q50519,Q20039951,,,,,,,,,,,,,,,,,,,,,,,,,,,,,,,,,,,,,,,,,,,,,
Q50522,Q716787,,,,,,,,,,,,,,,,,,,,,,,,,,,,,,,,,,,,,,,,,,,,,
Q50523,Q11667227,,,,,,,,,,,,,,,,,,,,,,,,,,,,,,,,,,,,,,,,,,,,,
Q50526,Q10786295,,,,,,,,,,,,,,,,,,,,,,,,,,,,,,,,,,,,,,,,,,,,,
Q50527,Q108866120,,,,,,,,,,,,,,,,,,,,,,,,,,,,,,,,,,,,,,,,,,,,,
Q50530,Q28413631,,,,,,,,,,,,,,,,,,,,,,,,,,,,,,,,,,,,,,,,,,,,,
Q50531,Q20040673,,,,,,,,,,,,,,,,,,,,,,,,,,,,,,,,,,,,,,,,,,,,,
Q50534,Q124336288,,,,,,,,,,,,,,,,,,,,,,,,,,,,,,,,,,,,,,,,,,,,,
Q50535,Q20039701,,,,,,,,,,,,,,,,,,,,,,,,,,,,,,,,,,,,,,,,,,,,,
Q50538,Q704432,,,,,,,,,,,,,,,,,,,,,,,,,,,,,,,,,,,,,,,,,,,,,
Q50539,Q108866692,,,,,,,,,,,,,,,,,,,,,,,,,,,,,,,,,,,,,,,,,,,,,
Q50542,Q10788100,,,,,,,,,,,,,,,,,,,,,,,,,,,,,,,,,,,,,,,,,,,,,
Q50543,Q60404,,,,,,,,,,,,,,,,,,,,,,,,,,,,,,,,,,,,,,,,,,,,,
Q50546,Q16905436,,,,,,,,,,,,,,,,,,,,,,,,,,,,,,,,,,,,,,,,,,,,,
Q50547,Q73285,,,,,,,,,,,,,,,,,,,,,,,,,,,,,,,,,,,,,,,,,,,,,
Q50550,Q10829349,,,,,,,,,,,,,,,,,,,,,,,,,,,,,,,,,,,,,,,,,,,,,
Q50551,Q11555523,,,,,,,,,,,,,,,,,,,,,,,,,,,,,,,,,,,,,,,,,,,,,
Q50554,Q6027030,,,,,,,,,,,,,,,,,,,,,,,,,,,,,,,,,,,,,,,,,,,,,
Q50555,Q11603641,,,,,,,,,,,,,,,,,,,,,,,,,,,,,,,,,,,,,,,,,,,,,
Q50558,Q5088756,,,,,,,,,,,,,,,,,,,,,,,,,,,,,,,,,,,,,,,,,,,,,
Q50559,Q11603559,,,,,,,,,,,,,,,,,,,,,,,,,,,,,,,,,,,,,,,,,,,,,
Q50562,Q5088771,,,,,,,,,,,,,,,,,,,,,,,,,,,,,,,,,,,,,,,,,,,,,
Q50563,Q10460070,,,,,,,,,,,,,,,,,,,,,,,,,,,,,,,,,,,,,,,,,,,,,
Q50566,Q10767603,,,,,,,,,,,,,,,,,,,,,,,,,,,,,,,,,,,,,,,,,,,,,
Q50567,Q11603640,,,,,,,,,,,,,,,,,,,,,,,,,,,,,,,,,,,,,,,,,,,,,
Q50570,Q716809,,,,,,,,,,,,,,,,,,,,,,,,,,,,,,,,,,,,,,,,,,,,,
Q50571,Q6605959,,,,,,,,,,,,,,,,,,,,,,,,,,,,,,,,,,,,,,,,,,,,,
Q50574,Q716497,,,,,,,,,,,,,,,,,,,,,,,,,,,,,,,,,,,,,,,,,,,,,
Q50575,Q108871762,,,,,,,,,,,,,,,,,,,,,,,,,,,,,,,,,,,,,,,,,,,,,
Q50578,Q711858,,,,,,,,,,,,,,,,,,,,,,,,,,,,,,,,,,,,,,,,,,,,,
Q50579,Q108871765,,,,,,,,,,,,,,,,,,,,,,,,,,,,,,,,,,,,,,,,,,,,,
Q50582,Q118697786,,,,,,,,,,,,,,,,,,,,,,,,,,,,,,,,,,,,,,,,,,,,,
Q50583,Q711635,,,,,,,,,,,,,,,,,,,,,,,,,,,,,,,,,,,,,,,,,,,,,
Q50586,Q118697782,,,,,,,,,,,,,,,,,,,,,,,,,,,,,,,,,,,,,,,,,,,,,
Q50587,Q10825135,,,,,,,,,,,,,,,,,,,,,,,,,,,,,,,,,,,,,,,,,,,,,
Q50590,Q118697772,,,,,,,,,,,,,,,,,,,,,,,,,,,,,,,,,,,,,,,,,,,,,
Q50591,Q65049736,,,,,,,,,,,,,,,,,,,,,,,,,,,,,,,,,,,,,,,,,,,,,
Q50594,Q11564451,,,,,,,,,,,,,,,,,,,,,,,,,,,,,,,,,,,,,,,,,,,,溝口-12,
Q50595,Q16903225,,,,,,,,,,,,,,,,,,,,,,,,,,,,,,,,,,,,,,,,,,,,,
Q50598,Q109983669,,,,,,,,,,,,,,,,,,,,,,,,,,,,,,,,,,,,,,,,,,,,,
Q50599,Q109438192,,,,,,,,,,,,,,,,,,,,,,,,,,,,,,,,,,,,,,,,,,,,,
Q50602,Q17191911,,,,,,,,,,,,,,,,,,,,,,,,,,,,,,,,,,,,,,,,,,,,,
Q50603,Q45417724,,,,,,,,,,,,,,,,,,,,,,,,,,,,,,,,,,,,,,,,,,,,,
Q50606,Q11671238,,,,,,,,,,,,,,,,,,,,,,,,,,,,,,,,,,,,,,,,,,,,,
Q50607,Q67881519,,,,,,,,,,,,,,,,,,,,,,,,,,,,,,,,,,,,,,,,,,,,,
Q50610,Q11460842,,,,,,,,,,,,,,,,,,,,,,,,,,,,,,,,,,,,,,,,,,,,,
Q50614,Q108780949,,,,,,,,,,,,,,,,,,,,,,,,,,,,,,,,,,,,,,,,,,,,,
Q50618,Q11394730,,,,,,,,,,,,,,,,,,,,,,,,,,,,,,,,,,,,,,,,,,,,,
Q50622,Q110692224,,,,,,,,,,,,,,,,,,,,,,,,,,,,,,,,,,,,,,,,,,,,,
Q50626,Q118697804,,,,,,,,,,,,,,,,,,,,,,,,,,,,,,,,,,,,,,,,,,,,,
Q50630,Q17226619,,,,,,,,,,,,,,,,,,,,,,,,,,,,,,,,,,,,,,,,,,,,島津-41,
Q50634,Q1133872,,,,,,,,,,,,,,,,,,,,,,,,,,,,,,,,,,,,,,,,,,,,,
Q50638,Q11162679,,,,,,,,,,,,,,,,,,,,,,,,,,,,,,,,,,,,,,,,,,,,,
Q50642,Q11611479,,,,,,,,,,,,,,,,,,,,,,,,,,,,,,,,,,,,,,,,,,,,,
Q50646,Q11611470,,,,,,,,,,,,,,,,,,,,,,,,,,,,,,,,,,,,,,,,,,,,,
Q50650,Q11245076,,,,,,,,,,,,,,,,,,,,,,,,,,,,,,,,,,,,,,,,,,,,,
Q50654,Q11162204,,,,,,,,,,,,,,,,,,,,,,,,,,,,,,,,,,,,,,,,,,,,,
Q50658,Q11162963,,,,,,,,,,,,,,,,,,,,,,,,,,,,,,,,,,,,,,,,,,,,,
Q50662,Q15830872,,,,,,,,,,,,,,,,,,,,,,,,,,,,,,,,,,,,,,,,,,,,,
Q50666,Q15830877,,,,,,,,,,,,,,,,,,,,,,,,,,,,,,,,,,,,,,,,,,,,,
Q50670,Q11611478,,,,,,,,,,,,,,,,,,,,,,,,,,,,,,,,,,,,,,,,,,,,,
Q50674,Q20040473,,,,,,,,,,,,,,,,,,,,,,,,,,,,,,,,,,,,,,,,,,,,,
Q50678,Q20040564,,,,,,,,,,,,,,,,,,,,,,,,,,,,,,,,,,,,,,,,,,,,,
Q50682,Q20040565,,,,,,,,,,,,,,,,,,,,,,,,,,,,,,,,,,,,,,,,,,,,,
Q50686,Q11425975,,,,,,,,,,,,,,,,,,,,,,,,,,,,,,,,,,,,,,,,,,,,,
Q50690,Q108781559,,,,,,,,,,,,,,,,,,,,,,,,,,,,,,,,,,,,,,,,,,,,,
Q50694,Q109287945,,,,,,,,,,,,,,,,,,,,,,,,,,,,,,,,,,,,,,,,,,,,,
Q50698,Q6605379,,,,,,,,,,,,,,,,,,,,,,,,,,,,,,,,,,,,,,,,,,,,,
Q50702,Q108964092,,,,,,,,,,,,,,,,,,,,,,,,,,,,,,,,,,,,,,,,,,,,,
Q50706,Q108964406,,,,,,,,,,,,,,,,,,,,,,,,,,,,,,,,,,,,,,,,,,,,,
Q50710,Q655390,,,,,,,,,,7470660,,,,,,,,,,,,,,,,,,,,,,,,,,,,,,,,,,,
Q50714,Q128852086,,,,,,,,,,,,,,,,,,,,,,,,,,,,,,,,,,,,,,,,,,,,,
Q50718,Q128843802,,,,,,,,,,,,,,,,,,,,,,,,,,,,,,,,,,,,,,,,,,,,,
Q50722,Q11605918,,,,,,,,,,,,,,,,,,,,,,,,,,,,,,,,,,,,,,,,,,,,,
Q50726,Q118747464,,,,,,,,,,,,,,,,,,,,,,,,,,,,,,,,,,,,,,,,,,,,,
Q50729,Q108530286,,,,,,,,,,,,,,,,,,,,,,,,,,,,,,,,,,,,,,,,,,,,,
Q50733,Q11352873,,,,,,,,,,,,,,,,,,,,,,,,,,,,,,,,,,,,,,,,,,,,,
Q50737,Q109796661,,,,,,,,,,,,,,,,,,,,,,,,,,,,,,,,,,,,,,,,,,,,,
Q50741,Q16162742,,,,,,,,,,,,,,,,,,,,,,,,,,,,,,,,,,,,,,,,,,,,,
Q50745,Q115587368,,,,,,,,,,,,,,,,,,,,,,,,,,,,,,,,,,,,,,,,,,,,,
Q50749,Q110008493,,,,,,,,,,,,,,,,,,,,,,,,,,,,,,,,,,,,,,,,,,,,,
Q50753,Q110008224,,,,,,,,,,,,,,,,,,,,,,,,,,,,,,,,,,,,,,,,,,,,,
Q50757,Q10514713,,,,,,,,,,,,,,,,,,,,,,,,,,,,,,,,,,,,,,,,,,,,,
Q50762,Q6959822,,,,,,,,,,,,,,,,,,,,,,,,,,,,,,,,,,,,,,,,,,,,,
Q50764,Q11405441,,,,,,,,,,,,,,,,,,,,,,,,,,,,,,,,,,,,,,,,,,,,,
Q50767,Q132552093,,,,,,,,,,,,,,,,,,,,,,,,,,,,,,,,,,,,,,,,,,,,,
Q50771,Q132546144,,,,,,,,,,,,,,,,,,,,,,,,,,,,,,,,,,,,,,,,,,,,,
Q50775,Q7451164,,,,,,,,,,,,,,,,,,,,,,,,,,,,,,,,,,,,,,,,,,,,,
Q50780,Q108780994,,,,,,,,,,,,,,,,,,,,,,,,,,,,,,,,,,,,,,,,,,,,,
Q50785,Q102246540,,,,,,,,,,,,,,,,,,,,,,,,,,,,,,,,,,,,,,,,,,,,,
Q50790,Q109780944,,,,,,,,,,,,,,,,,,,,,,,,,,,,,,,,,,,,,,,,,,,,,
Q50795,Q109781116,,,,,,,,,,,,,,,,,,,,,,,,,,,,,,,,,,,,,,,,,,,,,
Q50800,Q11414287,,,,,,,,,,,,,,,,,,,,,,,,,,,,,,,,,,,,,,,,,,,,,
Q50805,Q119380334,,,,,,,,,,,,,,,,,,,,,,,,,,,,,,,,,,,,,,,,,,,,,
Q50810,Q109817663,,,,,,,,,,,,,,,,,,,,,,,,,,,,,,,,,,,,,,,,,,,,,
Q50815,Q110165068,,,,,,,,,,,,,,,,,,,,,,,,,,,,,,,,,,,,,,,,,,,,,
Q50820,Q109782710,,,,,,,,,,,,,,,,,,,,,,,,,,,,,,,,,,,,,,,,,,,,,
Q50825,Q109782670,,,,,,,,,,,,,,,,,,,,,,,,,,,,,,,,,,,,,,,,,,,,,
Q50830,Q113207839,,,,,,,,,,,,,,,,,,,,,,,,,,,,,,,,,,,,,,,,,,,,,
Q50835,Q113207957,,,,,,,,,,,,,,,,,,,,,,,,,,,,,,,,,,,,,,,,,,,,,
Q50871,Q109665913,,,,,,,,,,,,,,,,,,,,,,,,,,,,,,,,,,,,,,,,,,,,,
Q50876,Q105711490,,,,,,,,,,,,,,,,,,,,,,,,,,,,,,,,,,,,,,,,,,,,,
Q50881,Q6448555,,,,,,,,,,,,,,,,,,,,,,,,,,,,,,,,,,,,,,,,,,,,,
Q50886,Q6448558,,,,,,,,,,,,,,,,,,,,,,,,,,,,,,,,,,,,,,,,,,,,,
Q50891,Q11371912,,,,,,,,,,,,,,,,,,,,,,,,,,,,,,,,,,,,,,,,,,,,,
Q50896,Q110189724,,,,,,,,,,,,,,,,,,,,,,,,,,,,,,,,,,,,,,,,,,,,,
Q50901,Q113164213,,,,,,,,,,,,,,,,,,,,,,,,,,,,,,,,,,,,,,,,,,,,,
Q50906,Q110166157,,,,,,,,,,,,,,,,,,,,,,,,,,,,,,,,,,,,,,,,,,,,,
Q50911,Q11366303,,,,,,,,,,,,,,,,,,,,,,,,,,,,,,,,,,,,,,,,,,,,,
Q50916,Q11366640,,,,,,,,,,,,,,,,,,,,,,,,,,,,,,,,,,,,,,,,,,,,,
Q50921,Q11366205,,,,,,,,,,,,,,,,,,,,,,,,,,,,,,,,,,,,,,,,,,,,,
Q50926,Q108844731,,,,,,,,,,,,,,,,,,,,,,,,,,,,,,,,,,,,,,,,,,,,,
Q50931,Q110955578,,,,,,,,,,,,,,,,,,,,,,,,,,,,,,,,,,,,,,,,,,,,,
Q50936,Q110955575,,,,,,,,,,,,,,,,,,,,,,,,,,,,,,,,,,,,,,,,,,,,,
Q50941,Q110955588,,,,,,,,,,,,,,,,,,,,,,,,,,,,,,,,,,,,,,,,,,,,,
Q50946,Q11395363,,,,,,,,,,,,,,,,,,,,,,,,,,,,,,,,,,,,,,,,,,,,,
Q50947,Q555465,,,,,,,,,,,,,,,,,,,,,,,,,,,,,,,,,,,,,,,,,,,,,I00719907
Q50951,Q109321561,,,,,,,,,,,,,,,,,,,,,,,,,,,,,,,,,,,,,,,,,,,,,
Q50957,Q11355823,,,,,,,,,,,,,,,,,,,,,,,,,,,,,,,,,,,,,,,,,,,,,I00719906
Q50962,Q108119565,,,,,,,,,,,,,,,,,,,,,,,,,,,,,,,,,,,,,,,,,,,,,
Q50967,Q110892255,,,,,,,,,,,,,,,,,,,,,,,,,,,,,,,,,,,,,,,,,,,,,
Q50977,Q110067829,,,,,,,,,,,,,,,,,,,,,,,,,,,,,,,,,,,,,,,,,,,,,
Q51007,Q110884849,,,,,,,,,,,,,,,,,,,,,,,,,,,,,,,,,,,,,,,,,,,,,
Q51012,Q110137045,,,,,,,,,,,,,,,,,,,,,,,,,,,,,,,,,,,,,,,,,,,,,
Q51017,Q110602490,,,,,,,,,,,,,,,,,,,,,,,,,,,,,,,,,,,,,,,,,,,,,
Q51022,Q7141648,,,,,,,,,,,,,,,,,,,,,,,,,,,806316,,,,,,,,,,,,,,,,,二条-2,I00525082
Q51046,Q110307312,,,,,,,,,,,,,,,,,,,,,,,,,,,,,,,,,,,,,,,,,,,,,
Q51051,Q7223358,,,,,,,,,,,,,,,,,,,,,,,,,,,,,,,,,,,,,,,,,,,,,
Q51061,Q11369358,,,,,,,,,,,,,,,,,,,,,,,,,,,,,,,,,,,,,,,,,,,,廣幡-1,
Q51076,Q110050530,,,,,,,,,,,,,,,,,,,,,,,,,,,,,,,,,,,,,,,,,,,,,
Q51086,Q110646510,,,,,,,,,,,,,,,,,,,,,,,,,,,,,,,,,,,,,,,,,,,,,
Q51328,Q135399432,,,,,,,,,,,,,,,,,,,,,,,,,,,,,,,,,,,,,,,,,,,,,
Q51333,Q135400858,,,,,,,,,,,,,,,,,,,,,,,,,,,,,,,,,,,,,,,,,,,,,
Q51373,Q85882455,,,,,,,,,,,,,,,,,,,,,,,,,,,,,,,,,,,,,,,,,,,,,
Q51478,Q5499281,,,,,,,,,,,,,,,,,,,,,,,,,,,,,,,,,,,,,,,,,,,,姉小路-8,
Q51482,Q11495569,,,,,,,,,,,,,,,,,,,,,,,,,,,,,,,,,,,,,,,,,,,,,
Q51486,Q134610728,,,,,,,,,,,,,,,,,,,,,,,,,,,,,,,,,,,,,,,,,,,,,
Q51490,Q134610965,,,,,,,,,,,,,,,,,,,,,,,,,,,,,,,,,,,,,,,,,,,,,
Q51494,Q134611008,,,,,,,,,,,,,,,,,,,,,,,,,,,,,,,,,,,,,,,,,,,,,
Q51498,Q108857489,,,,,,,,,,,,,,,,,,,,,,,,,,,,,,,,,,,,,,,,,,,,,
Q51502,Q108857502,,,,,,,,,,,,,,,,,,,,,,,,,,,,,,,,,,,,,,,,,,,,,
Q51634,Q11466467,,,,,,,,,,,,,,,,,,,,,,,,,,,,,,,,,,,,,,,,,,,,,
Q51644,Q7004583,,,,,,,,,,,,,,,,,,,,,,,,,,,,,,,,,,,,,,,,,,,,徳川-86,
Q51673,Q11516763,,,,,,,,,,,,,,,,,,,,,,,,,,,,,,,,,,,,,,,,,,,,,
Q51741,Q8514791,,,,,,,,,,,,,,,,,,,,,,,,,,,,,,,,,,,,,,,,,,,,,
Q51745,Q11599412,,,,,,,,,,,,,,,,,,,,,,,,,,,,,,,,,,,,,,,,,,,,,
Q51749,Q57887779,,,,,,,,,,,,,,,,,,,,,,,,,,,,,,,,,,,,,,,,,,,,,
Q51753,Q4778829,,,,,,,,,,,,,,,,,,,,,,,,,,,,,,,,,,,,,,,,,,,,,
Q51757,Q115587019,,,,,,,,,,,,,,,,,,,,,,,,,,,,,,,,,,,,,,,,,,,,,
Q51761,Q110974538,,,,,,,,,,,,,,,,,,,,,,,,,,,,,,,,,,,,,,,,,,,,,
Q51765,Q110602841,,,,,,,,,,,,,,,,,,,,,,,,,,,,,,,,,,,,,,,,,,,,,
Q51793,Q8081579,,,,,,,,,,,,,,,,,,,,,,,,,,,,,,,,,,,,,,,,,,,,,
Q51840,Q110884999,,,,,,,,,,,,,,,,,,,,,,,,,,,,,,,,,,,,,,,,,,,,,
Q51844,Q10863176,,,,,,,,,,,,,,,,,,,,,,,,,,,,,,,,,,,,,,,,,,,,,
Q51848,Q11369766,,,,,,,,,,,,,,,,,,,,,,,,,,,,,,,,,,,,,,,,,,,,,
Q51852,Q11540420,,,,,,,,,,,,,,,,,,,,,,,,,,,,,,,,,,,,,,,,,,,,,
Q51856,Q18011583,,,,,,,,,,,,,,,,,,,,,,,,,,,,,,,,,,,,,,,,,,,,,
Q51860,Q115751827,,,,,,,,,,,,,,,,,,,,,,,,,,,,,,,,,,,,,,,,,,,,高辻-10,
Q51864,Q59551815,,,,,,,,,,,,,,,,,,,,,,,,,,,,,,,,,,,,,,,,,,,,,
Q51876,Q497285,,,,,,,,,,,,,,,,,,,,,,,,,,,,,,,,,,,,,,,,,,,,,
Q51880,Q16179582,,,,,,,,,,,,,,,,,,,,,,,,,,,,,,,,,,,,,,,,,,,,,
Q51884,Q497579,,,,,,,,,,,,,,,,,,,,,,,,,,,,,,,,,,,,,,,,,,,,,
Q51888,Q12599780,,,,,,,,,,,,,,,,,,,,,,,,,,,,,,,,,,,,,,,,,,,,,
Q51892,Q28776563,,,,,,,,,,,,,,,,,,,,,,,,,,,,,,,,,,,,,,,,,,,,,
Q51924,Q496836,,,,,,,,,,,,,,,,,,,,,,,,,,,,,,,,,,,,,,,,,,,,,
Q51928,Q496574,,,,,,,,,,,,,,,,,,,,,,,,,,,,,,,,,,,,,,,,,,,,,
Q51932,Q27826305,,,,,,,,,,,,,,,,,,,,,,,,,,,,,,,,,,,,,,,,,,,,,
Q51936,Q718238,,,,,,,,,,,,,,,,,,,,,,,,,,,,,,,,,,,,,,,,,,,,,
Q51940,Q45692262,,,,,,,,,,,,,,,,,,,,,,,,,,,,,,,,,,,,,,,,,,,,,
Q51944,Q45692289,,,,,,,,,,,,,,,,,,,,,,,,,,,,,,,,,,,,,,,,,,,,,
Q51948,Q45691838,,,,,,,,,,,,,,,,,,,,,,,,,,,,,,,,,,,,,,,,,,,,,
Q51952,Q45692061,,,,,,,,,,,,,,,,,,,,,,,,,,,,,,,,,,,,,,,,,,,,,
Q51956,Q45462273,,,,,,,,,,,,,,,,,,,,,,,,,,,,,,,,,,,,,,,,,,,,,
Q51960,Q45534692,,,,,,,,,,,,,,,,,,,,,,,,,,,,,,,,,,,,,,,,,,,,,
Q51964,Q45692573,,,,,,,,,,,,,,,,,,,,,,,,,,,,,,,,,,,,,,,,,,,,,
Q51968,Q45505726,,,,,,,,,,,,,,,,,,,,,,,,,,,,,,,,,,,,,,,,,,,,,
Q51972,Q45699613,,,,,,,,,,,,,,,,,,,,,,,,,,,,,,,,,,,,,,,,,,,,,
Q51976,Q45699365,,,,,,,,,,,,,,,,,,,,,,,,,,,,,,,,,,,,,,,,,,,,,
Q51980,Q45699415,,,,,,,,,,,,,,,,,,,,,,,,,,,,,,,,,,,,,,,,,,,,,
Q51984,Q45699562,,,,,,,,,,,,,,,,,,,,,,,,,,,,,,,,,,,,,,,,,,,,,
Q51988,Q45658322,,,,,,,,,,,,,,,,,,,,,,,,,,,,,,,,,,,,,,,,,,,,,
Q51992,Q45700483,,,,,,,,,,,,,,,,,,,,,,,,,,,,,,,,,,,,,,,,,,,,,
Q51996,Q320122,,,,,,,,,,,,,,,,,,,,,,,,,,,548189,,,,,,,,,,,,,,,,,,
Q52000,Q45700708,,,,,,,,,,,,,,,,,,,,,,,,,,,,,,,,,,,,,,,,,,,,,
Q52004,Q45700732,,,,,,,,,,,,,,,,,,,,,,,,,,,,,,,,,,,,,,,,,,,,,
Q52008,Q45699816,,,,,,,,,,,,,,,,,,,,,,,,,,,,,,,,,,,,,,,,,,,,,
Q52012,Q45700149,,,,,,,,,,,,,,,,,,,,,,,,,,,,,,,,,,,,,,,,,,,,,
Q52016,Q6938841,,,,,,,,,,,,,,,,,,,,,,,,,,,,,,,,,,,,,,,,,,,,,
Q52020,Q24836012,,,,,,,,,,,,,,,,,,,,,,,,,,,,,,,,,,,,,,,,,,,,,
Q52024,Q65058958,,,,,,,,,,,,,,,,,,,,,,,,,,,,,,,,,,,,,,,,,,,,,
Q52028,Q16903713,,,,,,,,,,,,,,,,,,,,,,,,,,,,,,,,,,,,,,,,,,,,,
Q52032,Q45438910,,,,,,,,,,,,,,,,,,,,,,,,,,,,,,,,,,,,,,,,,,,,,
Q52036,Q45700960,,,,,,,,,,,,,,,,,,,,,,,,,,,,,,,,,,,,,,,,,,,,,
Q52040,Q45701084,,,,,,,,,,,,,,,,,,,,,,,,,,,,,,,,,,,,,,,,,,,,,
Q52044,Q45701641,,,,,,,,,,,,,,,,,,,,,,,,,,,,,,,,,,,,,,,,,,,,,
Q52048,Q45701710,,,,,,,,,,,,,,,,,,,,,,,,,,,,,,,,,,,,,,,,,,,,,
Q52052,Q45436447,,,,,,,,,,,,,,,,,,,,,,,,,,,,,,,,,,,,,,,,,,,,,
Q52056,Q45437584,,,,,,,,,,,,,,,,,,,,,,,,,,,,,,,,,,,,,,,,,,,,,
Q52060,Q698174,,,,,,,,,,,,,,,,,,,,,,,,,,,,,,,,,,,,,,,,,,,,,
Q52064,Q45437646,,,,,,,,,,,,,,,,,,,,,,,,,,,,,,,,,,,,,,,,,,,,,
Q52068,Q45437710,,,,,,,,,,,,,,,,,,,,,,,,,,,,,,,,,,,,,,,,,,,,,
Q52072,Q713000,,,,,,,,,,,,,,,,,,,,,,,,,,,,,,,,,,,,,,,,,,,,,
Q52076,Q45692881,,,,,,,,,,,,,,,,,,,,,,,,,,,,,,,,,,,,,,,,,,,,,
Q52080,Q65803028,,,,,,,,,,,,,,,,,,,,,,,,,,,,,,,,,,,,,,,,,,,,,
Q52084,Q45696069,,,,,,,,,,,,,,,,,,,,,,,,,,,,,,,,,,,,,,,,,,,,,
Q52088,Q45601369,,,,,,,,,,,,,,,,,,,,,,,,,,,,,,,,,,,,,,,,,,,,,
Q52092,Q45524491,,,,,,,,,,,,,,,,,,,,,,,,,,,,,,,,,,,,,,,,,,,,,
Q52096,Q45693102,,,,,,,,,,,,,,,,,,,,,,,,,,,,,,,,,,,,,,,,,,,,,
Q52100,Q45696171,,,,,,,,,,,,,,,,,,,,,,,,,,,,,,,,,,,,,,,,,,,,,
Q52104,Q45692742,,,,,,,,,,,,,,,,,,,,,,,,,,,,,,,,,,,,,,,,,,,,,
Q52108,Q45697251,,,,,,,,,,,,,,,,,,,,,,,,,,,,,,,,,,,,,,,,,,,,,
Q52112,Q45697351,,,,,,,,,,,,,,,,,,,,,,,,,,,,,,,,,,,,,,,,,,,,,
Q52116,Q45698977,,,,,,,,,,,,,,,,,,,,,,,,,,,,,,,,,,,,,,,,,,,,,
Q52120,Q45699052,,,,,,,,,,,,,,,,,,,,,,,,,,,,,,,,,,,,,,,,,,,,,
Q52124,Q45699104,,,,,,,,,,,,,,,,,,,,,,,,,,,,,,,,,,,,,,,,,,,,,
Q52128,Q45699235,,,,,,,,,,,,,,,,,,,,,,,,,,,,,,,,,,,,,,,,,,,,,
Q52132,Q22813512,,,,,,,,,,,,,,,,,,,,,,,,,,,,,,,,,,,,,,,,,,,,,
Q52136,Q45447579,,,,,,,,,,,,,,,,,,,,,,,,,,,,,,,,,,,,,,,,,,,,,
Q52140,Q45443989,,,,,,,,,,,,,,,,,,,,,,,,,,,,,,,,,,,,,,,,,,,,,
Q52144,Q45444179,,,,,,,,,,,,,,,,,,,,,,,,,,,,,,,,,,,,,,,,,,,,,
Q52148,Q45688445,,,,,,,,,,,,,,,,,,,,,,,,,,,,,,,,,,,,,,,,,,,,,
Q52152,Q45446637,,,,,,,,,,,,,,,,,,,,,,,,,,,,,,,,,,,,,,,,,,,,,
Q52155,Q45421094,,,,,,,,,,,,,,,,,,,,,,,,,,,,,,,,,,,,,,,,,,,,,
Q52158,Q28415253,,,,,,,,,,,,,,,,,,,,,,,,,,,,,,,,,,,,,,,,,,,,,
Q52161,Q45475336,,,,,,,,,,,,,,,,,,,,,,,,,,,,,,,,,,,,,,,,,,,,,
Q52164,Q45441281,,,,,,,,,,,,,,,,,,,,,,,,,,,,,,,,,,,,,,,,,,,,,
Q52167,Q45442741,,,,,,,,,,,,,,,,,,,,,,,,,,,,,,,,,,,,,,,,,,,,,
Q52171,Q45443122,,,,,,,,,,,,,,,,,,,,,,,,,,,,,,,,,,,,,,,,,,,,,
Q52175,Q45443946,,,,,,,,,,,,,,,,,,,,,,,,,,,,,,,,,,,,,,,,,,,,,
Q52179,Q45442423,,,,,,,,,,,,,,,,,,,,,,,,,,,,,,,,,,,,,,,,,,,,,
Q52183,Q16260404,,,,,,,,,,,,,,,,,,,,,,,,,,,,,,,,,,,,,,,,,,,,,
Q52187,Q83875262,,,,,,,,,,,,,,,,,,,,,,,,,,,,,,,,,,,,,,,,,,,,,
Q52191,Q67936918,,,,,,,,,,,,,,,,,,,,,,,,,,,,,,,,,,,,,,,,,,,,,
Q52195,Q18906173,,,,,,,,,,,,,,,,,,,,,,,,,,,,,,,,,,,,,,,,,,,,,
Q52199,Q45420380,,,,,,,,,,,,,,,,,,,,,,,,,,,,,,,,,,,,,,,,,,,,,
Q52203,Q108683780,,,,,,,,,,,,,,,,,,,,,,,,,,,,,,,,,,,,,,,,,,,,,
Q52207,Q5374593,,,,,,,,,,,,,,,,,,,,,,,,,,,,,,,,,,,,,,,,,,,,,
Q52211,Q11109696,,,,,,,,,,,,,,,,,,,,,,,,,,,,,,,,,,,,,,,,,,,,,
Q52215,Q11534325,,,,,,,,,,,,,,,,,,,,,,,,,,,,,,,,,,,,,,,,,,,,,
Q52219,Q11534599,,,,,,,,,,,,,,,,,,,,,,,,,,,,,,,,,,,,,,,,,,,,,
Q52223,Q45639834,,,,,,,,,,,,,,,,,,,,,,,,,,,,,,,,,,,,,,,,,,,,,
Q52227,Q45508224,,,,,,,,,,,,,,,,,,,,,,,,,,,,,,,,,,,,,,,,,,,,,
Q52231,Q45508288,,,,,,,,,,,,,,,,,,,,,,,,,,,,,,,,,,,,,,,,,,,,,
Q52235,Q11449430,,,,,,,,,,,,,,,,,,,,,,,,,,,,,,,,,,,,,,,,,,,,,
Q52239,Q11449427,,,,,,,,,,,,,,,,,,,,,,,,,,,,,,,,,,,,,,,,,,,,,
Q52243,Q45456360,,,,,,,,,,,,,,,,,,,,,,,,,,,,,,,,,,,,,,,,,,,,,
Q52247,Q45659154,,,,,,,,,,,,,,,,,,,,,,,,,,,,,,,,,,,,,,,,,,,,,
Q52251,Q45598378,,,,,,,,,,,,,,,,,,,,,,,,,,,,,,,,,,,,,,,,,,,,,
Q52255,Q65803090,,,,,,,,,,,,,,,,,,,,,,,,,,,,,,,,,,,,,,,,,,,,,
Q52259,Q45452605,,,,,,,,,,,,,,,,,,,,,,,,,,,,,,,,,,,,,,,,,,,,,
Q52263,Q45452796,,,,,,,,,,,,,,,,,,,,,,,,,,,,,,,,,,,,,,,,,,,,,
Q52267,Q45452988,,,,,,,,,,,,,,,,,,,,,,,,,,,,,,,,,,,,,,,,,,,,,
Q52271,Q45453556,,,,,,,,,,,,,,,,,,,,,,,,,,,,,,,,,,,,,,,,,,,,,
Q52275,Q18906098,,,,,,,,,,,,,,,,,,,,,,,,,,,,,,,,,,,,,,,,,,,,,
Q52279,Q45454003,,,,,,,,,,,,,,,,,,,,,,,,,,,,,,,,,,,,,,,,,,,,,
Q52283,Q45454908,,,,,,,,,,,,,,,,,,,,,,,,,,,,,,,,,,,,,,,,,,,,,
Q52287,Q45455099,,,,,,,,,,,,,,,,,,,,,,,,,,,,,,,,,,,,,,,,,,,,,
Q52291,Q45455163,,,,,,,,,,,,,,,,,,,,,,,,,,,,,,,,,,,,,,,,,,,,,
Q52295,Q45455226,,,,,,,,,,,,,,,,,,,,,,,,,,,,,,,,,,,,,,,,,,,,,
Q52299,Q45455547,,,,,,,,,,,,,,,,,,,,,,,,,,,,,,,,,,,,,,,,,,,,,
Q52303,Q45456749,,,,,,,,,,,,,,,,,,,,,,,,,,,,,,,,,,,,,,,,,,,,,
Q52307,Q45458147,,,,,,,,,,,,,,,,,,,,,,,,,,,,,,,,,,,,,,,,,,,,,
Q52311,Q45458210,,,,,,,,,,,,,,,,,,,,,,,,,,,,,,,,,,,,,,,,,,,,,
Q52315,Q45458335,,,,,,,,,,,,,,,,,,,,,,,,,,,,,,,,,,,,,,,,,,,,,
Q52319,Q45458398,,,,,,,,,,,,,,,,,,,,,,,,,,,,,,,,,,,,,,,,,,,,,
Q52323,Q45458589,,,,,,,,,,,,,,,,,,,,,,,,,,,,,,,,,,,,,,,,,,,,,
Q52327,Q45458715,,,,,,,,,,,,,,,,,,,,,,,,,,,,,,,,,,,,,,,,,,,,,
Q52331,Q45458776,,,,,,,,,,,,,,,,,,,,,,,,,,,,,,,,,,,,,,,,,,,,,
Q52335,Q45458840,,,,,,,,,,,,,,,,,,,,,,,,,,,,,,,,,,,,,,,,,,,,,
Q52339,Q45459157,,,,,,,,,,,,,,,,,,,,,,,,,,,,,,,,,,,,,,,,,,,,,
Q52343,Q45459284,,,,,,,,,,,,,,,,,,,,,,,,,,,,,,,,,,,,,,,,,,,,,
Q52347,Q45459348,,,,,,,,,,,,,,,,,,,,,,,,,,,,,,,,,,,,,,,,,,,,,
Q52351,Q45459411,,,,,,,,,,,,,,,,,,,,,,,,,,,,,,,,,,,,,,,,,,,,,
Q52355,Q45459541,,,,,,,,,,,,,,,,,,,,,,,,,,,,,,,,,,,,,,,,,,,,,
Q52359,Q45459856,,,,,,,,,,,,,,,,,,,,,,,,,,,,,,,,,,,,,,,,,,,,,
Q52363,Q45460738,,,,,,,,,,,,,,,,,,,,,,,,,,,,,,,,,,,,,,,,,,,,,
Q52367,Q45460800,,,,,,,,,,,,,,,,,,,,,,,,,,,,,,,,,,,,,,,,,,,,,
Q52371,Q45460991,,,,,,,,,,,,,,,,,,,,,,,,,,,,,,,,,,,,,,,,,,,,,
Q52375,Q45461052,,,,,,,,,,,,,,,,,,,,,,,,,,,,,,,,,,,,,,,,,,,,,
Q52379,Q45461997,,,,,,,,,,,,,,,,,,,,,,,,,,,,,,,,,,,,,,,,,,,,,
Q52383,Q45462061,,,,,,,,,,,,,,,,,,,,,,,,,,,,,,,,,,,,,,,,,,,,,
Q52387,Q45462123,,,,,,,,,,,,,,,,,,,,,,,,,,,,,,,,,,,,,,,,,,,,,
Q52391,Q45462250,,,,,,,,,,,,,,,,,,,,,,,,,,,,,,,,,,,,,,,,,,,,,
Q52395,Q45462314,,,,,,,,,,,,,,,,,,,,,,,,,,,,,,,,,,,,,,,,,,,,,
Q52399,Q45462441,,,,,,,,,,,,,,,,,,,,,,,,,,,,,,,,,,,,,,,,,,,,,
Q52403,Q45462502,,,,,,,,,,,,,,,,,,,,,,,,,,,,,,,,,,,,,,,,,,,,,
Q52407,Q45462567,,,,,,,,,,,,,,,,,,,,,,,,,,,,,,,,,,,,,,,,,,,,,
Q52411,Q45462707,,,,,,,,,,,,,,,,,,,,,,,,,,,,,,,,,,,,,,,,,,,,,
Q52415,Q45463210,,,,,,,,,,,,,,,,,,,,,,,,,,,,,,,,,,,,,,,,,,,,,
Q52419,Q45463396,,,,,,,,,,,,,,,,,,,,,,,,,,,,,,,,,,,,,,,,,,,,,
Q52423,Q45466696,,,,,,,,,,,,,,,,,,,,,,,,,,,,,,,,,,,,,,,,,,,,,
Q52427,Q45467070,,,,,,,,,,,,,,,,,,,,,,,,,,,,,,,,,,,,,,,,,,,,,
Q52431,Q45463457,,,,,,,,,,,,,,,,,,,,,,,,,,,,,,,,,,,,,,,,,,,,,
Q52435,Q45464840,,,,,,,,,,,,,,,,,,,,,,,,,,,,,,,,,,,,,,,,,,,,,
Q52439,Q45464903,,,,,,,,,,,,,,,,,,,,,,,,,,,,,,,,,,,,,,,,,,,,,
Q52443,Q45465477,,,,,,,,,,,,,,,,,,,,,,,,,,,,,,,,,,,,,,,,,,,,,
Q52447,Q45466189,,,,,,,,,,,,,,,,,,,,,,,,,,,,,,,,,,,,,,,,,,,,,
Q52451,Q45622116,,,,,,,,,,,,,,,,,,,,,,,,,,,,,,,,,,,,,,,,,,,,,
Q52455,Q45603254,,,,,,,,,,,,,,,,,,,,,,,,,,,,,,,,,,,,,,,,,,,,,
Q52459,Q45469121,,,,,,,,,,,,,,,,,,,,,,,,,,,,,,,,,,,,,,,,,,,,,
Q52463,Q45469186,,,,,,,,,,,,,,,,,,,,,,,,,,,,,,,,,,,,,,,,,,,,,
Q52467,Q45469249,,,,,,,,,,,,,,,,,,,,,,,,,,,,,,,,,,,,,,,,,,,,,
Q52471,Q45467646,,,,,,,,,,,,,,,,,,,,,,,,,,,,,,,,,,,,,,,,,,,,,
Q52475,Q45467709,,,,,,,,,,,,,,,,,,,,,,,,,,,,,,,,,,,,,,,,,,,,,
Q52479,Q45467837,,,,,,,,,,,,,,,,,,,,,,,,,,,,,,,,,,,,,,,,,,,,,
Q52483,Q45467899,,,,,,,,,,,,,,,,,,,,,,,,,,,,,,,,,,,,,,,,,,,,,
Q52487,Q45468027,,,,,,,,,,,,,,,,,,,,,,,,,,,,,,,,,,,,,,,,,,,,,
Q52491,Q45468091,,,,,,,,,,,,,,,,,,,,,,,,,,,,,,,,,,,,,,,,,,,,,
Q52495,Q45468158,,,,,,,,,,,,,,,,,,,,,,,,,,,,,,,,,,,,,,,,,,,,,
Q52499,Q45468222,,,,,,,,,,,,,,,,,,,,,,,,,,,,,,,,,,,,,,,,,,,,,
Q52503,Q45468349,,,,,,,,,,,,,,,,,,,,,,,,,,,,,,,,,,,,,,,,,,,,,
Q52507,Q45468864,,,,,,,,,,,,,,,,,,,,,,,,,,,,,,,,,,,,,,,,,,,,,
Q52511,Q65808659,,,,,,,,,,,,,,,,,,,,,,,,,,,,,,,,,,,,,,,,,,,,,
Q52515,Q45468414,,,,,,,,,,,,,,,,,,,,,,,,,,,,,,,,,,,,,,,,,,,,,
Q52519,Q45468606,,,,,,,,,,,,,,,,,,,,,,,,,,,,,,,,,,,,,,,,,,,,,
Q52523,Q45496087,,,,,,,,,,,,,,,,,,,,,,,,,,,,,,,,,,,,,,,,,,,,,
Q52527,Q45469697,,,,,,,,,,,,,,,,,,,,,,,,,,,,,,,,,,,,,,,,,,,,,
Q52531,Q45469761,,,,,,,,,,,,,,,,,,,,,,,,,,,,,,,,,,,,,,,,,,,,,
Q52535,Q45699893,,,,,,,,,,,,,,,,,,,,,,,,,,,,,,,,,,,,,,,,,,,,,
Q52539,Q45699946,,,,,,,,,,,,,,,,,,,,,,,,,,,,,,,,,,,,,,,,,,,,,
Q52543,Q56600494,,,,,,,,,,,,,,,,,,,,,,,,,,,,,,,,,,,,,,,,,,,,,
Q52547,Q45480075,,,,,,,,,,,,,,,,,,,,,,,,,,,,,,,,,,,,,,,,,,,,,
Q52551,Q45480329,,,,,,,,,,,,,,,,,,,,,,,,,,,,,,,,,,,,,,,,,,,,,
Q52555,Q45480839,,,,,,,,,,,,,,,,,,,,,,,,,,,,,,,,,,,,,,,,,,,,,
Q52559,Q45481030,,,,,,,,,,,,,,,,,,,,,,,,,,,,,,,,,,,,,,,,,,,,,
Q52563,Q45468340,,,,,,,,,,,,,,,,,,,,,,,,,,,,,,,,,,,,,,,,,,,,,
Q52567,Q45470314,,,,,,,,,,,,,,,,,,,,,,,,,,,,,,,,,,,,,,,,,,,,,
Q52571,Q45470888,,,,,,,,,,,,,,,,,,,,,,,,,,,,,,,,,,,,,,,,,,,,,
Q52575,Q45470951,,,,,,,,,,,,,,,,,,,,,,,,,,,,,,,,,,,,,,,,,,,,,
Q52579,Q45471585,,,,,,,,,,,,,,,,,,,,,,,,,,,,,,,,,,,,,,,,,,,,,
Q52583,Q45472220,,,,,,,,,,,,,,,,,,,,,,,,,,,,,,,,,,,,,,,,,,,,,
Q52587,Q45472991,,,,,,,,,,,,,,,,,,,,,,,,,,,,,,,,,,,,,,,,,,,,,
Q52591,Q10144064,,,,,,,,,,,,,,,,,,,,,,,,,,,,,,,,,,,,,,,,,,,,,
Q52595,Q10946225,,,,,,,,,,,,,,,,,,,,,,,,,,,,,,,,,,,,,,,,,,,,,
Q52599,Q55716150,,,,,,,,,,,,,,,,,,,,,,,,,,,,,,,,,,,,,,,,,,,,,
Q52603,Q11572924,,,,,,,,,,,,,,,,,,,,,,,,,,,,,,,,,,,,,,,,,,,,,
Q52607,Q30942826,,,,,,,,,,,,,,,,,,,,,,,,,,,,,,,,,,,,,,,,,,,,,
Q52611,Q16603432,,,,,,,,,,,,,,,,,,,,,,,,,,,,,,,,,,,,,,,,,,,,,
Q52615,Q10946171,,,,,,,,,,,,,,,,,,,,,,,,,,,,,,,,,,,,,,,,,,,,,
Q52619,Q18109456,,,,,,,,,,,,,,,,,,,,,,,,,,,,,,,,,,,,,,,,,,,,,
Q52623,Q1327614,,,,,,,,,,,,,,,,,,,,,,,,,,,,,,,,,,,,,,,,,,,,Xiaowen-1,
Q52627,Q8253650,,,,,,,,,,,,,,,,,,,,,,,,,,,,,,,,,,,,,,,,,,,,,
Q52631,Q10889686,,,,,,,,,,,,,,,,,,,,,,,,,,,,,,,,,,,,,,,,,,,,,
Q52635,Q10889689,,,,,,,,,,,,,,,,,,,,,,,,,,,,,,,,,,,,,,,,,,,,,
Q52639,Q1194968,,,,,,,,,,,,,,,,,,,,,,,,,,,,,,,,,,,,,,,,,,,,,
Q52643,Q3275335,,,,,,,,,,,,,,,,,,,,,,,,,,,,,,,,,,,,,,,,,,,,,
Q52647,Q10889684,,,,,,,,,,,,,,,,,,,,,,,,,,,,,,,,,,,,,,,,,,,,,
Q52651,Q10889772,,,,,,,,,,,,,,,,,,,,,,,,,,,,,,,,,,,,,,,,,,,,,
Q52655,Q16603336,,,,,,,,,,,,,,,,,,,,,,,,,,,,,,,,,,,,,,,,,,,,,
Q52659,Q16603365,,,,,,,,,,,,,,,,,,,,,,,,,,,,,,,,,,,,,,,,,,,,,
Q52663,Q16603484,,,,,,,,,,,,,,,,,,,,,,,,,,,,,,,,,,,,,,,,,,,,,
Q52667,Q16603504,,,,,,,,,,,,,,,,,,,,,,,,,,,,,,,,,,,,,,,,,,,,,
Q52671,Q15935905,,,,,,,,,,,,,,,,,,,,,,,,,,,,,,,,,,,,,,,,,,,,,
Q52675,Q16603628,,,,,,,,,,,,,,,,,,,,,,,,,,,,,,,,,,,,,,,,,,,,,
Q52679,Q16603732,,,,,,,,,,,,,,,,,,,,,,,,,,,,,,,,,,,,,,,,,,,,,
Q52683,Q8257889,,,,,,,,,,,,,,,,,,,,,,,,,,,,,,,,,,,,,,,,,,,,,
Q52687,Q15941608,,,,,,,,,,,,,,,,,,,,,,,,,,,,,,,,,,,,,,,,,,,,,
Q52691,Q8257057,,,,,,,,,,,,,,,,,,,,,,,,,,,,,,,,,,,,,,,,,,,,,
Q52695,Q8253740,,,,,,,,,,,,,,,,,,,,,,,,,,,,,,,,,,,,,,,,,,,,,
Q52699,Q9398082,,,,,,,,,,,,,,,,,,,,,,,,,,,,,,,,,,,,,,,,,,,,,
Q52703,Q16603529,,,,,,,,,,,,,,,,,,,,,,,,,,,,,,,,,,,,,,,,,,,,,
Q52707,Q5374522,,,,,,,,,,,,,,,,,,,,,,,,,,,,,,,,,,,,,,,,,,,,,
Q52711,Q15936235,,,,,,,,,,,,,,,,,,,,,,,,,,,,,,,,,,,,,,,,,,,,,
Q52715,Q10889807,,,,,,,,,,,,,,,,,,,,,,,,,,,,,,,,,,,,,,,,,,,,,
Q52719,Q16904625,,,,,,,,,,,,,,,,,,,,,,,,,,,,,,,,,,,,,,,,,,,,,
Q52723,Q11668631,,,,,,,,,,,,,,,,,,,,,,,,,,,,,,,,,,,,,,,,,,,,,
Q52727,Q15902901,,,,,,,,,,,,,,,,,,,,,,,,,,,,,,,,,,,,,,,,,,,,,
Q52731,Q22101155,,,,,,,,,,,,,,,,,,,,,,,,,,,,,,,,,,,,,,,,,,,,,
Q52735,Q45419768,,,,,,,,,,,,,,,,,,,,,,,,,,,,,,,,,,,,,,,,,,,,,
Q52739,Q11371938,,,,,,,,,,,,,,,,,,,,,,,,,,,,,,,,,,,,,,,,,,,,,
Q52743,Q11371944,,,,,,,,,,,,,,,,,,,,,,,,,,,,,,,,,,,,,,,,,,,,,
Q52747,Q43206974,,,,,,,,,,,,,,,,,,,,,,,,,,,,,,,,,,,,,,,,,,,,,
Q52751,Q45419781,,,,,,,,,,,,,,,,,,,,,,,,,,,,,,,,,,,,,,,,,,,,,
Q52755,Q45419784,,,,,,,,,,,,,,,,,,,,,,,,,,,,,,,,,,,,,,,,,,,,,
Q52759,Q45419785,,,,,,,,,,,,,,,,,,,,,,,,,,,,,,,,,,,,,,,,,,,,,
Q52763,Q45419787,,,,,,,,,,,,,,,,,,,,,,,,,,,,,,,,,,,,,,,,,,,,,
Q52767,Q45419788,,,,,,,,,,,,,,,,,,,,,,,,,,,,,,,,,,,,,,,,,,,,,
Q52771,Q45505528,,,,,,,,,,,,,,,,,,,,,,,,,,,,,,,,,,,,,,,,,,,,,
Q52775,Q45505593,,,,,,,,,,,,,,,,,,,,,,,,,,,,,,,,,,,,,,,,,,,,,
Q52779,Q45484773,,,,,,,,,,,,,,,,,,,,,,,,,,,,,,,,,,,,,,,,,,,,,
Q52783,Q45484837,,,,,,,,,,,,,,,,,,,,,,,,,,,,,,,,,,,,,,,,,,,,,
Q52787,Q45422735,,,,,,,,,,,,,,,,,,,,,,,,,,,,,,,,,,,,,,,,,,,,,
Q52791,Q45485226,,,,,,,,,,,,,,,,,,,,,,,,,,,,,,,,,,,,,,,,,,,,,
Q52795,Q45503977,,,,,,,,,,,,,,,,,,,,,,,,,,,,,,,,,,,,,,,,,,,,,
Q52799,Q45485033,,,,,,,,,,,,,,,,,,,,,,,,,,,,,,,,,,,,,,,,,,,,,
Q52803,Q67955240,,,,,,,,,,,,,,,,,,,,,,,,,,,,,,,,,,,,,,,,,,,,,
Q52807,Q18940605,,,,,,,,,,,,,,,,,,,,,,,,,,,,,,,,,,,,,,,,,,,,,
Q52811,Q24837708,,,,,,,,,,,,,,,,,,,,,,,,,,,,,,,,,,,,,,,,,,,,,
Q52815,Q29001,,,,,,,,,,,,,,,,,,,,,,,,,,,,,,,,,,,,,,,,,,,,,
Q52819,Q130570264,,,,,,,,,,,,,,,,,,,,,,,,,,,,,,,,,,,,,,,,,,,,,
Q52823,Q154894,,,,,,,,,,,,,,,,,,,,,,,,,,,,,,,,,,,,,,,,,,,,,
Q52827,Q718243,,,,,,,,,,,,,,,,,,,,,,,,,,,,,,,,,,,,,,,,,,,,,
Q52831,Q1049189,,,,,,,,,,,,,,,,,,,,,,,,,,,,,,,,,,,,,,,,,,,,,
Q52835,Q16603451,,,,,,,,,,,,,,,,,,,,,,,,,,,,,,,,,,,,,,,,,,,,,
Q52839,Q16603467,,,,,,,,,,,,,,,,,,,,,,,,,,,,,,,,,,,,,,,,,,,,,
Q52843,Q5521651,,,,,,,,,,,,,,,,,,,,,,,,,,,,,,,,,,,,,,,,,,,,,
Q52847,Q10566674,,,,,,,,,,,,,,,,,,,,,,,,,,,,,,,,,,,,,,,,,,,,,
Q52851,Q10566676,,,,,,,,,,,,,,,,,,,,,,,,,,,,,,,,,,,,,,,,,,,,,
Q52855,Q10566677,,,,,,,,,,,,,,,,,,,,,,,,,,,,,,,,,,,,,,,,,,,,,
Q52859,Q10566679,,,,,,,,,,,,,,,,,,,,,,,,,,,,,,,,,,,,,,,,,,,,,
Q52863,Q10566681,,,,,,,,,,,,,,,,,,,,,,,,,,,,,,,,,,,,,,,,,,,,,
Q52867,Q10566682,,,,,,,,,,,,,,,,,,,,,,,,,,,,,,,,,,,,,,,,,,,,,
Q52871,Q10566685,,,,,,,,,,,,,,,,,,,,,,,,,,,,,,,,,,,,,,,,,,,,,
Q52875,Q10566687,,,,,,,,,,,,,,,,,,,,,,,,,,,,,,,,,,,,,,,,,,,,,
Q52879,Q10566765,,,,,,,,,,,,,,,,,,,,,,,,,,,,,,,,,,,,,,,,,,,,,
Q52883,Q11672723,,,,,,,,,,,,,,,,,,,,,,,,,,,,,,,,,,,,,,,,,,,,,
Q52887,Q10566831,,,,,,,,,,,,,,,,,,,,,,,,,,,,,,,,,,,,,,,,,,,,,
Q52891,Q1015918,,,,,,,,,,,,,,,,,,,,,,,,,,,,,,,,,,,,,,,,,,,,,
Q52895,Q1049137,,,,,,,,,,,,,,,,,,,,,,,,,,,,,,,,,,,,,,,,,,,,,
Q52898,Q1015834,,,,,,,,,,,,,,,,,,,,,,,,,,,,,,,,,,,,,,,,,,,,,
Q52913,Q288135,,,,,,,,,,,,,,,,,,,,,,,,,,,,,,,,,,,,,,,,,,,,,
Q52917,Q10566773,,,,,,,,,,,,,,,,,,,,,,,,,,,,,,,,,,,,,,,,,,,,,
Q52919,Q6529594,,,,,,,,,,,,,,,,,,,,,,,,,,,,,,,,,,,,,,,,,,,,,
Q52921,Q10566717,,,,,,,,,,,,,,,,,,,,,,,,,,,,,,,,,,,,,,,,,,,,,
Q52925,Q10566671,,,,,,,,,,,,,,,,,,,,,,,,,,,,,,,,,,,,,,,,,,,,,
Q52929,Q10566832,,,,,,,,,,,,,,,,,,,,,,,,,,,,,,,,,,,,,,,,,,,,,
Q52933,Q45419163,,,,,,,,,,,,,,,,,,,,,,,,,,,,,,,,,,,,,,,,,,,,,
Q52937,Q8253764,,,,,,,,,,,,,,,,,,,,,,,,,,,,,,,,,,,,,,,,,,,,Yuan-3,
Q52941,Q8257488,,,,,,,,,,,,,,,,,,,,,,,,,,,,,,,,,,,,,,,,,,,,,
Q52945,Q10880569,,,,,,,,,,,,,,,,,,,,,,,,,,,,,,,,,,,,,,,,,,,,,
Q52949,Q3268609,,,,,,,,,,,,,,,,,,,,,,,,,,,,,,,,,,,,,,,,,,,,,
Q52953,Q154928,,,,,,,,,,,,,,,,,,,,,,,,,,,,,,,,,,,,,,,,,,,,,
Q52957,Q11063523,,,,,,,,,,,,,,,,,,,,,,,,,,,,,,,,,,,,,,,,,,,,,
Q52961,Q15942133,,,,,,,,,,,,,,,,,,,,,,,,,,,,,,,,,,,,,,,,,,,,,
Q52965,Q11663950,,,,,,,,,,,,,,,,,,,,,,,,,,,,,,,,,,,,,,,,,,,,,
Q52969,Q15934434,,,,,,,,,,,,,,,,,,,,,,,,,,,,,,,,,,,,,,,,,,,,,
Q52973,Q11663944,,,,,,,,,,,,,,,,,,,,,,,,,,,,,,,,,,,,,,,,,,,,,
Q52977,Q11663945,,,,,,,,,,,,,,,,,,,,,,,,,,,,,,,,,,,,,,,,,,,,,
Q52981,Q45658389,,,,,,,,,,,,,,,,,,,,,,,,,,,,,,,,,,,,,,,,,,,,,
Q52985,Q18907296,,,,,,,,,,,,,,,,,,,,,,,,,,,,,,,,,,,,,,,,,,,,,
Q52989,Q45424573,,,,,,,,,,,,,,,,,,,,,,,,,,,,,,,,,,,,,,,,,,,,,
Q52993,Q45576807,,,,,,,,,,,,,,,,,,,,,,,,,,,,,,,,,,,,,,,,,,,,,
Q52997,Q11616318,,,,,,,,,,,,,,,,,,,,,,,,,,,,,,,,,,,,,,,,,,,,,
Q53001,Q48890048,,,,,,,,,,,,,,,,,,,,,,,,,,,,,,,,,,,,,,,,,,,,,
Q53005,Q45464595,,,,,,,,,,,,,,,,,,,,,,,,,,,,,,,,,,,,,,,,,,,,,
Q53009,Q45460775,,,,,,,,,,,,,,,,,,,,,,,,,,,,,,,,,,,,,,,,,,,,,
Q53013,Q45461156,,,,,,,,,,,,,,,,,,,,,,,,,,,,,,,,,,,,,,,,,,,,,
Q53017,Q45461440,,,,,,,,,,,,,,,,,,,,,,,,,,,,,,,,,,,,,,,,,,,,,
Q53021,Q45462320,,,,,,,,,,,,,,,,,,,,,,,,,,,,,,,,,,,,,,,,,,,,,
Q53025,Q45463221,,,,,,,,,,,,,,,,,,,,,,,,,,,,,,,,,,,,,,,,,,,,,
Q53029,Q45463284,,,,,,,,,,,,,,,,,,,,,,,,,,,,,,,,,,,,,,,,,,,,,
Q53033,Q45463659,,,,,,,,,,,,,,,,,,,,,,,,,,,,,,,,,,,,,,,,,,,,,
Q53037,Q45463848,,,,,,,,,,,,,,,,,,,,,,,,,,,,,,,,,,,,,,,,,,,,,
Q53041,Q45463913,,,,,,,,,,,,,,,,,,,,,,,,,,,,,,,,,,,,,,,,,,,,,
Q53045,Q45464225,,,,,,,,,,,,,,,,,,,,,,,,,,,,,,,,,,,,,,,,,,,,,
Q53049,Q45464349,,,,,,,,,,,,,,,,,,,,,,,,,,,,,,,,,,,,,,,,,,,,,
Q53053,Q45464411,,,,,,,,,,,,,,,,,,,,,,,,,,,,,,,,,,,,,,,,,,,,,
Q53057,Q45464473,,,,,,,,,,,,,,,,,,,,,,,,,,,,,,,,,,,,,,,,,,,,,
Q53061,Q45454822,,,,,,,,,,,,,,,,,,,,,,,,,,,,,,,,,,,,,,,,,,,,,
Q53063,Q10944210,,,,,,,,,,,,,,,,,,,,,,,,,,,,,,,,,,,,,,,,,,,,,
Q53065,Q45455015,,,,,,,,,,,,,,,,,,,,,,,,,,,,,,,,,,,,,,,,,,,,,
Q53067,Q22078665,,,,,,,,,,,,,,,,,,,,,,,,,,,,,,,,,,,,,,,,,,,,,
Q53069,Q45455142,,,,,,,,,,,,,,,,,,,,,,,,,,,,,,,,,,,,,,,,,,,,,
Q53071,Q22812716,,,,,,,,,,,,,,,,,,,,,,,,,,,,,,,,,,,,,,,,,,,,,
Q53073,Q45455587,,,,,,,,,,,,,,,,,,,,,,,,,,,,,,,,,,,,,,,,,,,,,
Q53075,Q45381385,,,,,,,,,,,,,,,,,,,,,,,,,,,,,,,,,,,,,,,,,,,,,
Q53077,Q45456089,,,,,,,,,,,,,,,,,,,,,,,,,,,,,,,,,,,,,,,,,,,,,
Q53079,Q45381388,,,,,,,,,,,,,,,,,,,,,,,,,,,,,,,,,,,,,,,,,,,,,
Q53081,Q45452589,,,,,,,,,,,,,,,,,,,,,,,,,,,,,,,,,,,,,,,,,,,,,
Q53083,Q45381390,,,,,,,,,,,,,,,,,,,,,,,,,,,,,,,,,,,,,,,,,,,,,
Q53085,Q45452714,,,,,,,,,,,,,,,,,,,,,,,,,,,,,,,,,,,,,,,,,,,,,
Q53087,Q22812651,,,,,,,,,,,,,,,,,,,,,,,,,,,,,,,,,,,,,,,,,,,,,
Q53089,Q45452780,,,,,,,,,,,,,,,,,,,,,,,,,,,,,,,,,,,,,,,,,,,,,
Q53091,Q28418239,,,,,,,,,,,,,,,,,,,,,,,,,,,,,,,,,,,,,,,,,,,,,
Q53093,Q45453540,,,,,,,,,,,,,,,,,,,,,,,,,,,,,,,,,,,,,,,,,,,,,
Q53095,Q28418391,,,,,,,,,,,,,,,,,,,,,,,,,,,,,,,,,,,,,,,,,,,,,
Q53098,Q45454568,,,,,,,,,,,,,,,,,,,,,,,,,,,,,,,,,,,,,,,,,,,,,
Q53099,Q28418399,,,,,,,,,,,,,,,,,,,,,,,,,,,,,,,,,,,,,,,,,,,,,
Q53102,Q45454696,,,,,,,,,,,,,,,,,,,,,,,,,,,,,,,,,,,,,,,,,,,,,
Q53103,Q61719994,,,,,,,,,,,,,,,,,,,,,,,,,,,,,,,,,,,,,,,,,,,,,
Q53106,Q45452402,,,,,,,,,,,,,,,,,,,,,,,,,,,,,,,,,,,,,,,,,,,,,
Q53107,Q61721630,,,,,,,,,,,,,,,,,,,,,,,,,,,,,,,,,,,,,,,,,,,,,
Q53110,Q45456341,,,,,,,,,,,,,,,,,,,,,,,,,,,,,,,,,,,,,,,,,,,,,
Q53111,Q11069713,,,,,,,,,,,,,,,,,,,,,,,,,,,,,,,,,,,,,,,,,,,,,
Q53114,Q45456406,,,,,,,,,,,,,,,,,,,,,,,,,,,,,,,,,,,,,,,,,,,,,
Q53115,Q133289745,,,,,,,,,,,,,,,,,,,,,,,,,,,,,,,,,,,,,,,,,,,,,
Q53118,Q45456468,,,,,,,,,,,,,,,,,,,,,,,,,,,,,,,,,,,,,,,,,,,,,
Q53119,Q45630239,,,,,,,,,,,,,,,,,,,,,,,,,,,,,,,,,,,,,,,,,,,,,
Q53122,Q45456533,,,,,,,,,,,,,,,,,,,,,,,,,,,,,,,,,,,,,,,,,,,,,
Q53123,Q45676088,,,,,,,,,,,,,,,,,,,,,,,,,,,,,,,,,,,,,,,,,,,,,
Q53126,Q45456722,,,,,,,,,,,,,,,,,,,,,,,,,,,,,,,,,,,,,,,,,,,,,
Q53127,Q45592961,,,,,,,,,,,,,,,,,,,,,,,,,,,,,,,,,,,,,,,,,,,,,
Q53130,Q45456784,,,,,,,,,,,,,,,,,,,,,,,,,,,,,,,,,,,,,,,,,,,,,
Q53131,Q11069886,,,,,,,,,,,,,,,,,,,,,,,,,,,,,,,,,,,,,,,,,,,,,
Q53134,Q45456911,,,,,,,,,,,,,,,,,,,,,,,,,,,,,,,,,,,,,,,,,,,,,
Q53135,Q134265288,,,,,,,,,,,,,,,,,,,,,,,,,,,,,,,,,,,,,,,,,,,,,
Q53138,Q45457038,,,,,,,,,,,,,,,,,,,,,,,,,,,,,,,,,,,,,,,,,,,,,
Q53139,Q134265139,,,,,,,,,,,,,,,,,,,,,,,,,,,,,,,,,,,,,,,,,,,,,
Q53142,Q45457164,,,,,,,,,,,,,,,,,,,,,,,,,,,,,,,,,,,,,,,,,,,,,
Q53143,Q134079989,,,,,,,,,,,,,,,,,,,,,,,,,,,,,,,,,,,,,,,,,,,,,
Q53146,Q45458434,,,,,,,,,,,,,,,,,,,,,,,,,,,,,,,,,,,,,,,,,,,,,
Q53147,Q134734302,,,,,,,,,,,,,,,,,,,,,,,,,,,,,,,,,,,,,,,,,,,,,
Q53150,Q45459069,,,,,,,,,,,,,,,,,,,,,,,,,,,,,,,,,,,,,,,,,,,,,
Q53151,Q45513792,,,,,,,,,,,,,,,,,,,,,,,,,,,,,,,,,,,,,,,,,,,,,
Q53154,Q45460148,,,,,,,,,,,,,,,,,,,,,,,,,,,,,,,,,,,,,,,,,,,,,
Q53155,Q97980183,,,,,,,,,,,,,,,,,,,,,,,,,,,,,,,,,,,,,,,,,,,,,
Q53158,Q45460463,,,,,,,,,,,,,,,,,,,,,,,,,,,,,,,,,,,,,,,,,,,,,
Q53159,Q11109129,,,,,,,,,,,,,,,,,,,,,,,,,,,,,,,,,,,,,,,,,,,,,
Q53162,Q45464784,,,,,,,,,,,,,,,,,,,,,,,,,,,,,,,,,,,,,,,,,,,,,
Q53163,Q45552376,,,,,,,,,,,,,,,,,,,,,,,,,,,,,,,,,,,,,,,,,,,,,
Q53166,Q45464848,,,,,,,,,,,,,,,,,,,,,,,,,,,,,,,,,,,,,,,,,,,,,
Q53167,Q10919212,,,,,,,,,,,,,,,,,,,,,,,,,,,,,,,,,,,,,,,,,,,,,
Q53170,Q45464908,,,,,,,,,,,,,,,,,,,,,,,,,,,,,,,,,,,,,,,,,,,,,
Q53171,Q133288848,,,,,,,,,,,,,,,,,,,,,,,,,,,,,,,,,,,,,,,,,,,,,
Q53174,Q45465100,,,,,,,,,,,,,,,,,,,,,,,,,,,,,,,,,,,,,,,,,,,,,
Q53175,Q16260383,,,,,,,,,,,,,,,,,,,,,,,,,,,,,,,,,,,,,,,,,,,,,
Q53178,Q45465547,,,,,,,,,,,,,,,,,,,,,,,,,,,,,,,,,,,,,,,,,,,,,
Q53179,Q8060028,,,,,,,,,,,,,,,,,,,,,,,,,,,,,,,,,,,,,,,,,,,,,
Q53182,Q45466175,,,,,,,,,,,,,,,,,,,,,,,,,,,,,,,,,,,,,,,,,,,,,
Q53183,Q14481223,,,,,,,,,,,,,,,,,,,,,,,,,,,,,,,,,,,,,,,,,,,,袁-10,
Q53186,Q45466302,,,,,,,,,,,,,,,,,,,,,,,,,,,,,,,,,,,,,,,,,,,,,
Q53187,Q61305172,,,,,,,,,,,,,,,,,,,,,,,,,,,,,,,,,,,,,,,,,,,,,
Q53190,Q45466555,,,,,,,,,,,,,,,,,,,,,,,,,,,,,,,,,,,,,,,,,,,,,
Q53191,Q97976951,,,,,,,,,,,,,,,,,,,,,,,,,,,,,,,,,,,,,,,,,,,,,
Q53194,Q45466617,,,,,,,,,,,,,,,,,,,,,,,,,,,,,,,,,,,,,,,,,,,,,
Q53195,Q99769708,,,,,,,,,,,,,,,,,,,,,,,,,,,,,,,,,,,,,,,,,,,,,
Q53198,Q45466680,,,,,,,,,,,,,,,,,,,,,,,,,,,,,,,,,,,,,,,,,,,,,
Q53199,Q11096686,,,,,,,,,,,,,,,,,,,,,,,,,,,,,,,,,,,,,,,,,,,,,
Q53202,Q45466868,,,,,,,,,,,,,,,,,,,,,,,,,,,,,,,,,,,,,,,,,,,,,
Q53203,Q378517,,,,,,,,,,,,,,,,,,,,,,,,,,,,,,,,,,,,,,,,,,,,,
Q53206,Q45466993,,,,,,,,,,,,,,,,,,,,,,,,,,,,,,,,,,,,,,,,,,,,,
Q53207,Q20859162,,,,,,,,,,,,,,,,,,,,,,,,,,,,,,,,,,,,,,,,,,,,,
Q53210,Q45467249,,,,,,,,,,,,,,,,,,,,,,,,,,,,,,,,,,,,,,,,,,,,,
Q53211,Q11097344,,,,,,,,,,,,,,,,,,,,,,,,,,,,,,,,,,,,,,,,,,,,,
Q53214,Q45467827,,,,,,,,,,,,,,,,,,,,,,,,,,,,,,,,,,,,,,,,,,,,,
Q53215,Q45558723,,,,,,,,,,,,,,,,,,,,,,,,,,,,,,,,,,,,,,,,,,,,,
Q53218,Q45468018,,,,,,,,,,,,,,,,,,,,,,,,,,,,,,,,,,,,,,,,,,,,,
Q53219,Q133281447,,,,,,,,,,,,,,,,,,,,,,,,,,,,,,,,,,,,,,,,,,,,,
Q53222,Q26209005,,,,,,,,,,,,,,,,,,,,,,,,,,,,,,,,,,,,,,,,,,,,,
Q53223,Q45508362,,,,,,,,,,,,,,,,,,,,,,,,,,,,,,,,,,,,,,,,,,,,,
Q53226,Q45402598,,,,,,,,,,,,,,,,,,,,,,,,,,,,,,,,,,,,,,,,,,,,,
Q53227,Q98061103,,,,,,,,,,,,,,,,,,,,,,,,,,,,,,,,,,,,,,,,,,,,,
Q53230,Q11541049,,,,,,,,,,,,,,,,,,,,,,,,,,,,,,,,,,,,,,,,,,,,,
Q53231,Q98061107,,,,,,,,,,,,,,,,,,,,,,,,,,,,,,,,,,,,,,,,,,,,,
Q53234,Q45402733,,,,,,,,,,,,,,,,,,,,,,,,,,,,,,,,,,,,,,,,,,,,,
Q53235,Q98061077,,,,,,,,,,,,,,,,,,,,,,,,,,,,,,,,,,,,,,,,,,,,,
Q53238,Q45402705,,,,,,,,,,,,,,,,,,,,,,,,,,,,,,,,,,,,,,,,,,,,,
Q53239,Q271117,,,,,,,,,,,,,,,,,,,,,,,,,,,,,,,,,,,,,,,,,,,,,
Q53242,Q45502836,,,,,,,,,,,,,,,,,,,,,,,,,,,,,,,,,,,,,,,,,,,,,
Q53243,Q6768303,,,,,,,,,,,,,,,,,,,,,,,,,,,,,,,,,,,,,,,,,,,,,
Q53246,Q10341916,,,,,,,,,,,,,,,,,,,,,,,,,,,,,,,,,,,,,,,,,,,,,
Q53247,Q133858105,,,,,,,,,,,,,,,,,,,,,,,,,,,,,,,,,,,,,,,,,,,,,
Q53250,Q15907871,,,,,,,,,,,,,,,,,,,,,,,,,,,,,,,,,,,,,,,,,,,,,
Q53251,Q125473917,,,,,,,,,,,,,,,,,,,,,,,,,,,,,,,,,,,,,,,,,,,,,
Q53254,Q15908834,,,,,,,,,,,,,,,,,,,,,,,,,,,,,,,,,,,,,,,,,,,,,
Q53255,Q131690795,,,,,,,,,,,,,,,,,,,,,,,,,,,,,,,,,,,,,,,,,,,,,
Q53258,Q736726,,,,,,,,,,,,,,,,,,,,,,,,,,,,,,,,,,,,,,,,,,,,,
Q53259,Q45416377,,,,,,,,G6V7-XW8,,,,,,,,,,,,,,,,,,,,,,,,,,,,,,,,,,,,,
Q53262,Q16603282,,,,,,,,,,,,,,,,,,,,,,,,,,,,,,,,,,,,,,,,,,,,,
Q53263,Q45424501,,,,,,,,,,,,,,,,,,,,,,,,,,,,,,,,,,,,,,,,,,,,,
Q53266,Q16603303,,,,,,,,,,,,,,,,,,,,,,,,,,,,,,,,,,,,,,,,,,,,,
Q53267,Q45404299,,,,,,,,,,,,,,,,,,,,,,,,,,,,,,,,,,,,,,,,,,,,,
Q53270,Q16603465,,,,,,,,,,,,,,,,,,,,,,,,,,,,,,,,,,,,,,,,,,,,,
Q53271,Q45404303,,,,,,,,,,,,,,,,,,,,,,,,,,,,,,,,,,,,,,,,,,,,,
Q53273,Q16603600,,,,,,,,,,,,,,,,,,,,,,,,,,,,,,,,,,,,,,,,,,,,,
Q53275,Q45416499,,,,,,,,,,,,,,,,,,,,,,,,,,,,,,,,,,,,,,,,,,,,,
Q53277,Q16603611,,,,,,,,,,,,,,,,,,,,,,,,,,,,,,,,,,,,,,,,,,,,,
Q53279,Q11136798,,,,,,,,,,,,,,,,,,,,,,,,,,,,,,,,,,,,,,,,,,,,,
Q53281,Q16603612,,,,,,,,,,,,,,,,,,,,,,,,,,,,,,,,,,,,,,,,,,,,,
Q53283,Q110406395,,,,,,,,,,,,,,,,,,,,,,,,,,,,,,,,,,,,,,,,,,,,,
Q53285,Q16603613,,,,,,,,,,,,,,,,,,,,,,,,,,,,,,,,,,,,,,,,,,,,,
Q53287,Q45417089,,,,,,,,,,,,,,,,,,,,,,,,,,,,,,,,,,,,,,,,,,,,,
Q53289,Q16906805,,,,,,,,,,,,,,,,,,,,,,,,,,,,,,,,,,,,,,,,,,,,,
Q53291,Q45417098,,,,,,,,,,,,,,,,,,,,,,,,,,,,,,,,,,,,,,,,,,,,,
Q53293,Q1140994,,,,,,,,,,,,,,,,,,,,,,,,,,,,,,,,,,,,,,,,,,,,,
Q53295,Q45417110,,,,,,,,,,,,,,,,,,,,,,,,,,,,,,,,,,,,,,,,,,,,,
Q53297,Q1149114,,,,,,,,,,,,,,,,,,,,,,,,,,,,,,,,,,,,,,,,,,,,,
Q53299,Q45417131,,,,,,,,,,,,,,,,,,,,,,,,,,,,,,,,,,,,,,,,,,,,,
Q53301,Q1039198,,,,,,,,,,,,,,,,,,,,,,,,,,,,,,,,,,,,,,,,,,,,,
Q53303,Q13655696,,,,,,,,,,,,,,,,,,,,,,,,,,,,,,,,,,,,,,,,,,,,,
Q53305,Q10862285,,,,,,,,,,,,,,,,,,,,,,,,,,,,,,,,,,,,,,,,,,,,,
Q53307,Q45416965,,,,,,,,,,,,,,,,,,,,,,,,,,,,,,,,,,,,,,,,,,,,,
Q53309,Q11622111,,,,,,,,,,,,,,,,,,,,,,,,,,,,,,,,,,,,,,,,,,,,,
Q53311,Q45416983,,,,,,,,,,,,,,,,,,,,,,,,,,,,,,,,,,,,,,,,,,,,,
Q53313,Q11622113,,,,,,,,,,,,,,,,,,,,,,,,,,,,,,,,,,,,,,,,,,,,,
Q53315,Q45416989,,,,,,,,,,,,,,,,,,,,,,,,,,,,,,,,,,,,,,,,,,,,,
Q53317,Q11622109,,,,,,,,,,,,,,,,,,,,,,,,,,,,,,,,,,,,,,,,,,,,,
Q53319,Q45417027,,,,,,,,,,,,,,,,,,,,,,,,,,,,,,,,,,,,,,,,,,,,,
Q53321,Q95115357,,,,,,,,,,,,,,,,,,,,,,,,,,,,,,,,,,,,,,,,,,,,,
Q53323,Q45471402,,,,,,,,,,,,,,,,,,,,,,,,,,,,,,,,,,,,,,,,,,,,,
Q53325,Q95139853,,,,,,,,,,,,,,,,,,,,,,,,,,,,,,,,,,,,,,,,,,,,,
Q53327,Q45471146,,,,,,,,,,,,,,,,,,,,,,,,,,,,,,,,,,,,,,,,,,,,,
Q53329,Q95139861,,,,,,,,,,,,,,,,,,,,,,,,,,,,,,,,,,,,,,,,,,,,,
Q53331,Q45487028,,,,,,,,,,,,,,,,,,,,,,,,,,,,,,,,,,,,,,,,,,,,,
Q53333,Q16904381,,,,,,,,,,,,,,,,,,,,,,,,,,,,,,,,,,,,,,,,,,,,,
Q53335,Q45487154,,,,,,,,,,,,,,,,,,,,,,,,,,,,,,,,,,,,,,,,,,,,,
Q53337,Q56953036,,,,,,,,,,,,,,,,,,,,,,,,,,,,,,,,,,,,,,,,,,,,,
Q53339,Q1652764,,,,,,,,,,,,,,,,,,,,,,,,,,,,,,,,,,,,,,,,,,,,,
Q53341,Q45501552,,,,,,,,,,,,,,,,,,,,,,,,,,,,,,,,,,,,,,,,,,,,,
Q53343,Q11074231,,,,,,,,,,,,,,,,,,,,,,,,,,,,,,,,,,,,,,,,,,,,,
Q53345,Q6130920,,,,,,,,,,,,,,,,,,,,,,,,,,,,,,,,,,,,,,,,,,,,,
Q53347,Q45425263,,,,,,,,,,,,,,,,,,,,,,,,,,,,,,,,,,,,,,,,,,,,,
Q53349,Q15938554,,,,,,,,,,,,,,,,,,,,,,,,,,,,,,,,,,,,,,,,,,,,,
Q53351,Q22812633,,,,,,,,,,,,,,,,,,,,,,,,,,,,,,,,,,,,,,,,,,,,,
Q53353,Q22814272,,,,,,,,,,,,,,,,,,,,,,,,,,,,,,,,,,,,,,,,,,,,,
Q53355,Q16262308,,,,,,,,,,,,,,,,,,,,,,,,,,,,,,,,,,,,,,,,,,,,,
Q53357,Q45652397,,,,,,,,,,,,,,,,,,,,,,,,,,,,,,,,,,,,,,,,,,,,,
Q53359,Q119342300,,,,,,,,,,,,,,,,,,,,,,,,,,,,,,,,,,,,,,,,,,,,,
Q53361,Q45652456,,,,,,,,,,,,,,,,,,,,,,,,,,,,,,,,,,,,,,,,,,,,,
Q53365,Q45652515,,,,,,,,,,,,,,,,,,,,,,,,,,,,,,,,,,,,,,,,,,,,,
Q53369,Q5374475,,,,,,,,,,,,,,,,,,,,,,,,,,,,,,,,,,,,,,,,,,,,,
Q53373,Q16259833,,,,,,,,,,,,,,,,,,,,,,,,,,,,,,,,,,,,,,,,,,,,,
Q53377,Q15936682,,,,,,,,,,,,,,,,,,,,,,,,,,,,,,,,,,,,,,,,,,,,,
Q53381,Q16075444,,,,,,,,,,,,,,,,,,,,,,,,,,,,,,,,,,,,,,,,,,,,,
Q53385,Q16075380,,,,,,,,,,,,,,,,,,,,,,,,,,,,,,,,,,,,,,,,,,,,,
Q53389,Q5374611,,,,,,,,,,,,,,,,,,,,,,,,,,,,,,,,,,,,,,,,,,,,,
Q53393,Q16260931,,,,,,,,,,,,,,,,,,,,,,,,,,,,,,,,,,,,,,,,,,,,,
Q53397,Q45588429,,,,,,,,,,,,,,,,,,,,,,,,,,,,,,,,,,,,,,,,,,,,,
Q53399,Q1049910,,,,,,,,,,,,,,,,,,,,,,,,,,,95028,,,,,,,,,,,,,,,,,,I00473493
Q53401,Q16603599,,,,,,,,,,,,,,,,,,,,,,,,,,,,,,,,,,,,,,,,,,,,,
Q53403,Q113662142,,,,,,,,,,,,,,,,,,,,,,,,,,,723786,,,,,,,,,,,,,,,,,,I00473498
Q53405,Q45486664,,,,,,,,,,,,,,,,,,,,,,,,,,,,,,,,,,,,,,,,,,,,,
Q53407,Q30948660,,,,,,,,,,,,,,,,,,,,,,,,,,,,,,,,,,,,,,,,,,,,,
Q53409,Q45486859,,,,,,,,,,,,,,,,,,,,,,,,,,,,,,,,,,,,,,,,,,,,,
Q53411,Q30947904,,,,,,,,,,,,,,,,,,,,,,,,,,,,,,,,,,,,,,,,,,,,,
Q53413,Q45507315,,,,,,,,,,,,,,,,,,,,,,,,,,,,,,,,,,,,,,,,,,,,,
Q53415,Q7443,,,,,,,,,,,,,,,,,,,,,,,,,,,,,,,,,,,,,,,,,,,,,
Q53417,Q45451462,,,,,,,,,,,,,,,,,,,,,,,,,,,,,,,,,,,,,,,,,,,,,
Q53419,Q8258483,,,,,,,,,,,,,,,,,,,,,,,,,,,,,,,,,,,,,,,,,,,,,
Q53421,Q45451586,,,,,,,,,,,,,,,,,,,,,,,,,,,,,,,,,,,,,,,,,,,,,
Q53423,Q11113665,,,,,,,,,,,,,,,,,,,,,,,,,,,,,,,,,,,,,,,,,,,,,
Q53425,Q45448629,,,,,,,,,,,,,,,,,,,,,,,,,,,,,,,,,,,,,,,,,,,,,
Q53427,Q11113667,,,,,,,,,,,,,,,,,,,,,,,,,,,,,,,,,,,,,,,,,,,,,
Q53429,Q10294699,,,,,,,,,,,,,,,,,,,,,,,,,,,,,,,,,,,,,,,,,,,,,
Q53431,Q7968204,,,,,,,,,,,,,,,,,,,,,,,,,,,,,,,,,,,,,,,,,,,,,
Q53433,Q6804626,,,,,,,,,,,,,,,,,,,,,,,,,,,,,,,,,,,,,,,,,,,,,
Q53435,Q8258694,,,,,,,,,,,,,,,,,,,,,,,,,,,,,,,,,,,,,,,,,,,,,
Q53437,Q10295740,,,,,,,,,,,,,,,,,,,,,,,,,,,,,,,,,,,,,,,,,,,,,
Q53439,Q10878480,,,,,,,,,,,,,,,,,,,,,,,,,,,,,,,,,,,,,,,,,,,,,
Q53441,Q45448880,,,,,,,,,,,,,,,,,,,,,,,,,,,,,,,,,,,,,,,,,,,,,
Q53443,Q16260830,,,,,,,,,,,,,,,,,,,,,,,,,,,,,,,,,,,,,,,,,,,,,
Q53445,Q10511544,,,,,,,,,,,,,,,,,,,,,,,,,,,,,,,,,,,,,,,,,,,,,
Q53447,Q10878489,,,,,,,,,,,,,,,,,,,,,,,,,,,,,,,,,,,,,,,,,,,,,
Q53449,Q22813973,,,,,,,,,,,,,,,,,,,,,,,,,,,,,,,,,,,,,,,,,,,,,
Q53451,Q10947935,,,,,,,,,,,,,,,,,,,,,,,,,,,,,,,,,,,,,,,,,,,,,
Q53453,Q26197838,,,,,,,,,,,,,,,,,,,,,,,,,,,,,,,,,,,,,,,,,,,,,
Q53455,Q10947939,,,,,,,,,,,,,,,,,,,,,,,,,,,,,,,,,,,,,,,,,,,,,
Q53457,Q38975293,,,,,,,,,,,,,,,,,,,,,,,,,,,,,,,,,,,,,,,,,,,,,
Q53459,Q15955998,,,,,,,,,,,,,,,,,,,,,,,,,,,,,,,,,,,,,,,,,,,,,
Q53461,Q10379544,,,,,,,,,,,,,,,,,,,,,,,,,,,,,,,,,,,,,,,,,,,,,
Q53463,Q10947958,,,,,,,,,,,,,,,,,,,,,,,,,,,,,,,,,,,,,,,,,,,,,
Q53465,Q14921935,,,,,,,,,,,,,,,,,,,,,,,,,,,,,,,,,,,,,,,,,,,,,
Q53467,Q1041784,,,,,,,,,,,,,,,,,,,,,,,,,,,,,,,,,,,,,,,,,,,,,
Q53469,Q14921951,,,,,,,,,,,,,,,,,,,,,,,,,,,,,,,,,,,,,,,,,,,,,
Q53472,Q5070,,,,,,,,,,,,,,,,,,,,,,,,,,,,,,,,,,,,,,,,,,,,,
Q53473,Q8257669,,,,,,,,,,,,,,,,,,,,,,,,,,,,,,,,,,,,,,,,,,,,,
Q53476,Q16077182,,,,,,,,,,,,,,,,,,,,,,,,,,,,,,,,,,,,,,,,,,,,,
Q53477,Q11658294,,,,,,,,,,,,,,,,,,,,,,,,,,,,,,,,,,,,,,,,,,,,,
Q53480,Q8258556,,,,,,,,,,,,,,,,,,,,,,,,,,,,,,,,,,,,,,,,,,,,,
Q53481,Q718217,,,,,,,,,,,,,,,,,,,,,,,,,,,,,,,,,,,,,,,,,,,,,
Q53484,Q8258706,,,,,,,,,,,,,,,,,,,,,,,,,,,,,,,,,,,,,,,,,,,,,
Q53485,Q702902,,,,,,,,,,,,,,,,,,,,,,,,,,,,,,,,,,,,,,,,,,,,,
Q53488,Q8258612,,,,,,,,,,,,,,,,,,,,,,,,,,,,,,,,,,,,,,,,,,,,,
Q53489,Q11664057,,,,,,,,,,,,,,,,,,,,,,,,,,,,,,,,,,,,,,,,,,,,,
Q53492,Q134097223,,,,,,,,,,,,,,,,,,,,,,,,,,,,,,,,,,,,,,,,,,,,,
Q53493,Q718222,,,,,,,,,,,,,,,,,,,,,,,,,,,,,,,,,,,,,,,,,,,,,
Q53496,Q8258616,,,,,,,,,,,,,,,,,,,,,,,,,,,,,,,,,,,,,,,,,,,,,
Q53497,Q11658303,,,,,,,,,,,,,,,,,,,,,,,,,,,,,,,,,,,,,,,,,,,,,
Q53500,Q8258674,,,,,,,,,,,,,,,,,,,,,,,,,,,,,,,,,,,,,,,,,,,,,
Q53501,Q11658296,,,,,,,,,,,,,,,,,,,,,,,,,,,,,,,,,,,,,,,,,,,,,
Q53504,Q5072,,alvin-person:61330,,,,,,,,,,,,,,,,,,,,,,,,,,,,,,,,,,,,,,,,,,,
Q53505,Q11658302,,,,,,,,,,,,,,,,,,,,,,,,,,,,,,,,,,,,,,,,,,,,,
Q53508,Q10947915,,,,,,,,,,,,,,,,,,,,,,,,,,,,,,,,,,,,,,,,,,,,,
Q53509,Q11658301,,,,,,,,,,,,,,,,,,,,,,,,,,,,,,,,,,,,,,,,,,,,,
Q53512,Q10947917,,,,,,,,,,,,,,,,,,,,,,,,,,,,,,,,,,,,,,,,,,,,,
Q53513,Q11658304,,,,,,,,,,,,,,,,,,,,,,,,,,,,,,,,,,,,,,,,,,,,,
Q53516,Q16077238,,,,,,,,,,,,,,,,,,,,,,,,,,,,,,,,,,,,,,,,,,,,,
Q53517,Q11658298,,,,,,,,,,,,,,,,,,,,,,,,,,,,,,,,,,,,,,,,,,,,,
Q53520,Q10947952,,,,,,,,,,,,,,,,,,,,,,,,,,,,,,,,,,,,,,,,,,,,,
Q53521,Q11658297,,,,,,,,,,,,,,,,,,,,,,,,,,,,,,,,,,,,,,,,,,,,,
Q53524,Q10947918,,,,,,,,,,,,,,,,,,,,,,,,,,,,,,,,,,,,,,,,,,,,,
Q53525,Q11658299,,,,,,,,,,,,,,,,,,,,,,,,,,,,,,,,,,,,,,,,,,,,,
Q53528,Q8253473,,,,,,,,,,,,,,,,,,,,,,,,,,,,,,,,,,,,,,,,,,,,,
Q53529,Q11658300,,,,,,,,,,,,,,,,,,,,,,,,,,,,,,,,,,,,,,,,,,,,,
Q53532,Q30950485,,,,,,,,,,,,,,,,,,,,,,,,,,,,,,,,,,,,,,,,,,,,,
Q53533,Q11658305,,,,,,,,,,,,,,,,,,,,,,,,,,,,,,,,,,,,,,,,,,,,,
Q53536,Q30950482,,,,,,,,,,,,,,,,,,,,,,,,,,,,,,,,,,,,,,,,,,,,,
Q53537,Q16603636,,,,,,,,,,,,,,,,,,,,,,,,,,,,,,,,,,,,,,,,,,,,,
Q53540,Q8258713,,,,,,,,,,,,,,,,,,,,,,,,,,,,,,,,,,,,,,,,,,,,,
Q53541,Q16603391,,,,,,,,,,,,,,,,,,,,,,,,,,,,,,,,,,,,,,,,,,,,,
Q53544,Q5071,,,,,,,,,,,,,,,,,,,,,,,,,,,,,,,,,,,,,,,,,,,,,
Q53545,Q38958019,,,,,,,,,,,,,,,,,,,,,,,,,,,,,,,,,,,,,,,,,,,,,
Q53548,Q10947914,,,,,,,,,,,,,,,,,,,,,,,,,,,,,,,,,,,,,,,,,,,,,
Q53549,Q11488685,,,,,,,,,,,,,,,,,,,,,,,,,,,,,,,,,,,,,,,,,,,,,
Q53552,Q10200351,,,,,,,,,,,,,,,,,,,,,,,,,,,,,,,,,,,,,,,,,,,,,
Q53553,Q45607779,,,,,,,,,,,,,,,,,,,,,,,,,,,,,,,,,,,,,,,,,,,,,
Q53556,Q30950497,,,,,,,,,,,,,,,,,,,,,,,,,,,,,,,,,,,,,,,,,,,,,
Q53557,Q45484740,,,,,,,,,,,,,,,,,,,,,,,,,,,,,,,,,,,,,,,,,,,,,
Q53560,Q30950503,,,,,,,,,,,,,,,,,,,,,,,,,,,,,,,,,,,,,,,,,,,,,
Q53561,Q65808091,,,,,,,,,,,,,,,,,,,,,,,,,,,,,,,,,,,,,,,,,,,,,
Q53564,Q28413437,,,,,,,,,,,,,,,,,,,,,,,,,,,,,,,,,,,,,,,,,,,,,
Q53565,Q45565418,,,,,,,,,,,,,,,,,,,,,,,,,,,,,,,,,,,,,,,,,,,,,
Q53568,Q8258571,,,,,,,,,,,,,,,,,,,,,,,,,,,,,,,,,,,,,,,,,,,,,
Q53569,Q45484288,,,,,,,,,,,,,,,,,,,,,,,,,,,,,,,,,,,,,,,,,,,,,
Q53572,Q10947957,,,,,,,,,,,,,,,,,,,,,,,,,,,,,,,,,,,,,,,,,,,,,
Q53573,Q45484547,,,,,,,,,,,,,,,,,,,,,,,,,,,,,,,,,,,,,,,,,,,,,
Q53576,Q30950406,,,,,,,,,,,,,,,,,,,,,,,,,,,,,,,,,,,,,,,,,,,,,
Q53577,Q45486717,,,,,,,,,,,,,,,,,,,,,,,,,,,,,,,,,,,,,,,,,,,,,
Q53580,Q8253486,,,,,,,,,,,,,,,,,,,,,,,,,,,,,,,,,,,,,,,,,,,,,
Q53581,Q45609450,,,,,,,,,,,,,,,,,,,,,,,,,,,,,,,,,,,,,,,,,,,,,
Q53584,Q45659081,,,,,,,,,,,,,,,,,,,,,,,,,,,,,,,,,,,,,,,,,,,,,
Q53585,Q45491635,,,,,,,,,,,,,,,,,,,,,,,,,,,,,,,,,,,,,,,,,,,,,
Q53588,Q297295,,,,,,,,,,,,,,,,,,,,,,,,person/74EF25AD-65E6-4B05-B289-4107B3290EE4,,,51652,,p=iouri danilovitch;n=rurikides;oc=5,,,dw.6170,,,,,,,,,p22080.htm#i220800,Yury_of_Moscow_(1),,,I00792285
Q53589,Q45486525,,,,,,,,,,,,,,,,,,,,,,,,,,,,,,,,,,,,,,,,,,,,,
Q53592,Q2450470,,,,,,,,,,,,,,,,,,,,,,,,,,,279523,,,,,,,,,,,,,,,,,,
Q53593,Q45486909,,,,,,,,,,,,,,,,,,,,,,,,,,,,,,,,,,,,,,,,,,,,,
Q53596,Q1367194,,,,,,,,,,,,,,,,,,,,,,,,,,,249673,,,,,,,,,,,,,,,,,,
Q53597,Q45484932,,,,,,,,,,,,,,,,,,,,,,,,,,,,,,,,,,,,,,,,,,,,,
Q53600,Q2570880,,,,,,,,,,,,,,,,,,,,,,,,,,,279512,,,,,,,,,,,,,,,,,,
Q53601,Q45486271,,,,,,,,,,,,,,,,,,,,,,,,,,,,,,,,,,,,,,,,,,,,,
Q53604,Q4220584,,,,,,,,,,,,,,,,,,,,,,,,,,,,,,,,,,,,,,,,,,,,,
Q53605,Q45422187,,,,,,,,,,,,,,,,,,,,,,,,,,,,,,,,,,,,,,,,,,,,,
Q53608,Q4098712,,,,,,,,,,,,,,,,,,,,,,,,,,,,,,,,,,,,,,,,,,,,,
Q53609,Q45485189,,,,,,,,,,,,,,,,,,,,,,,,,,,,,,,,,,,,,,,,,,,,,
Q53613,Q45485252,,,,,,,,,,,,,,,,,,,,,,,,,,,,,,,,,,,,,,,,,,,,,
Q53617,Q45485382,,,,,,,,,,,,,,,,,,,,,,,,,,,,,,,,,,,,,,,,,,,,,
Q53620,Q4139575,,,,,,,,,,,,,,,,,,,,,,,,,,,91678|839012,,p=gleb;n=rurikides;oc=2,,,dw.6211,,,,,,,,,,,,,I00108677
Q53621,Q56600443,,,,,,,,,,,,,,,,,,,,,,,,,,,,,,,,,,,,,,,,,,,,,
Q53624,Q4297193,,,,,,,,,,,,,,,,,,,,,,,,,,,,,p=mikhail;n=rurikides;oc=2,,,,,,,,,,,,,,,,
Q53625,Q45437452,,,,,,,,,,,,,,,,,,,,,,,,,,,,,,,,,,,,,,,,,,,,,
Q53628,Q4231322,,,,,,,,,,,,,,,,,,,,,,,,,,,308895,,p=constantin;n=rurikides;oc=6,,,,,,,,,,,,,,,,
Q53629,Q45562565,,,,,,,,,,,,,,,,,,,,,,,,,,,,,,,,,,,,,,,,,,,,,
Q53632,Q4104421,,,,,,,,,,,,,,,,,,,,,,,,,,,240813,,p=vassili;n=rurikides;oc=38,,,,,,,,,,,,,,,,
Q53633,Q45443881,,,,,,,,,,,,,,,,,,,,,,,,,,,,,,,,,,,,,,,,,,,,,
Q53636,Q16641320,,,,,,,,,,,,,,,,,,,,,,,,,,,313202,,p=david;n=rurikides;oc=8,,,,,,,,,,,,,,,,I00301382
Q53637,Q65801219,,,,,,,,,,,,,,,,,,,,,,,,,,,,,,,,,,,,,,,,,,,,,
Q53640,Q21636381,,,,,,,,,,,,,,,,,,,,,,,,,,,,,p=boris;n=rurikides;oc=17,,,,,,,,,,,,,,,,
Q53641,Q45527792,,,,,,,,,,,,,,,,,,,,,,,,,,,,,,,,,,,,,,,,,,,,,
Q53644,Q105954107,,,,,,,,,,,,,,,,,,,,,,,,,,,313204,,p=feodor;n=rurikides;oc=18,,,,,,,,,,,,,,,,I00301384
Q53645,Q45528484,,,,,,,,,,,,,,,,,,,,,,,,,,,,,,,,,,,,,,,,,,,,,
Q53648,Q102858264,,,,,,,,,,,,,,,,,,,,,,,,,,,,,,,,,,,,,,,,,,,,,I00299950
Q53649,Q25917133,,,,,,,,,,,,,,,,,,,,,,,,,,,,,,,,,,,,,,,,,,,,,
Q53652,Q9255738,,,,,,,,,,,,,,,,,,,,,,,,,,,309079,,p=evdokia ivanovna;n=rurikides;oc=3,,,,,,,,,,,,,Eudoxia_of_Moscow_(2),,,I00549469
Q53653,Q25917132,,,,,,,,,,,,,,,,,,,,,,,,,,,,,,,,,,,,,,,,,,,,,
Q53656,Q4104417,,,,,,,,,,,,,,,,,,,,,,,,,,,182072,,p=vassili;n=rurikides;oc=48,,,sg.138630,,,,,,,,,,,,,I00549470
Q53657,Q11622253,,,,,,,,,,,,,,,,,,,,,,,,,,,,,,,,,,,,,,,,,,,,,
Q53660,Q106919335,,,,,,,,,,,,,,,,,,,,,,,,,,,307227,,p=roman;n=rurikides;oc=17,,,,,,,,,,,,,,,,I00721847
Q53661,Q11622236,,,,,,,,,,,,,,,,,,,,,,,,,,,,,,,,,,,,,,,,,,,,,
Q53664,Q124257388,,,,,,,,,,,,,,,,,,,,,,,,,,,282729,,p=gleb vassilievitch;n=rurikides;oc=23,,,,,,,,,,,,,Gleb_of_Yaroslavl_(1),,,I00567038
Q53665,Q45422624,,,,,,,,,,,,,,,,,,,,,,,,,,,,,,,,,,,,,,,,,,,,,
Q53668,Q61754409,,,,,,,,,,,,,,,,,,,,,,,,,,,182036,,p=feodor;n=rurikides;oc=1,,,,,,,,,,,,,,,,I00548785
Q53669,Q45637534,,,,,,,,,,,,,,,,,,,,,,,,,,,,,,,,,,,,,,,,,,,,,
Q53672,Q3817813,,,,,,,,,,,,,,,,,,,,,,,,,,,445124,,,,,,,,,,,,,,,,,,
Q53673,Q45638583,,,,,,,,,,,,,,,,,,,,,,,,,,,,,,,,,,,,,,,,,,,,,
Q53676,Q3820811,,,,,,,,,,,,,,,,,,,,,,,,,,,480022,,,,,,,,,,,,,,,,,,
Q53677,Q45640340,,,,,,,,,,,,,,,,,,,,,,,,,,,,,,,,,,,,,,,,,,,,,
Q53681,Q45641333,,,,,,,,,,,,,,,,,,,,,,,,,,,,,,,,,,,,,,,,,,,,,
Q53685,Q45626310,,,,,,,,,,,,,,,,,,,,,,,,,,,,,,,,,,,,,,,,,,,,,
Q53689,Q45626436,,,,,,,,,,,,,,,,,,,,,,,,,,,,,,,,,,,,,,,,,,,,,
Q53693,Q45626748,,,,,,,,,,,,,,,,,,,,,,,,,,,,,,,,,,,,,,,,,,,,,
Q53697,Q45627126,,,,,,,,,,,,,,,,,,,,,,,,,,,,,,,,,,,,,,,,,,,,,
Q53701,Q45627315,,,,,,,,,,,,,,,,,,,,,,,,,,,,,,,,,,,,,,,,,,,,,
Q53704,Q102858471,,,,,,,,,,,,,,,,,,,,,,,,,,,180603,,p=maria;n=rurikides;oc=10,,,,,,,,,,,,,,,,I00125091
Q53705,Q45627379,,,,,,,,,,,,,,,,,,,,,,,,,,,,,,,,,,,,,,,,,,,,,
Q53708,Q4162885,,,,,,,,,,,,,,,,,,,,,,,,,,,180605,,p=dimitri;n=rurikides,,,dw.5006,,,,,,,,,p11477.htm#i114770|p11480.htm#i114797,,,,I00125088
Q53709,Q45627444,,,,,,,,,,,,,,,,,,,,,,,,,,,,,,,,,,,,,,,,,,,,,
Q53712,Q4231301,,,,,,,,,,,,,,,,,,,,,,,,,,,114305,,p=constantin;n=rurikides;oc=4,,,,,,,,,,,,,,,,I00218922
Q53713,Q45627569,,,,,,,,,,,,,,,,,,,,,,,,,,,,,,,,,,,,,,,,,,,,,
Q53716,Q106967126,,,,,,,,,,,,,,,,,,,,,,,,,,,,,p=vassili;n=rurikides;oc=35,,,,,,,,,,,,,,,,
Q53717,Q45627633,,,,,,,,,,,,,,,,,,,,,,,,,,,,,,,,,,,,,,,,,,,,,
Q53720,Q4493882,,,,,,,,,,,,,,,,,,,,,,,,,,,264255,,p=feodor;n=rurikides;oc=26,,,,,,,,,,,,,,,,
Q53721,Q45628448,,,,,,,,,,,,,,,,,,,,,,,,,,,,,,,,,,,,,,,,,,,,,
Q53724,Q102659190,,,,,,,,,,,,,,,,,,,,,,,,,,,62786,,p=vassili romanovitch;n=belozerski;oc=41,,,,,,,,,,,,,,,,I00081451
Q53725,Q45628510,,,,,,,,,,,,,,,,,,,,,,,,,,,,,,,,,,,,,,,,,,,,,
Q53728,Q4383551,,,,,,,,,,,,,,,,,,,,,,,,,,,473002,,,,,,,,,,,,,,,,,,
Q53729,Q45419908,,,,,,,,,,,,,,,,,,,,,,,,,,,,,,,,,,,,,,,,,,,,,
Q53732,Q38963750,,,,,,,,,,,,,,,,,,,,,,,,,,,448767,,,,,,,,,,,,,,,,,,
Q53733,Q45635921,,,,,,,,,,,,,,,,,,,,,,,,,,,,,,,,,,,,,,,,,,,,,
Q53736,Q1194934,,,,,,,,,,,,,,,,,,,,,,,,,,,,,,,,,,,,,,,,,,,,,I00361819
Q53737,Q45632722,,,,,,,,,,,,,,,,,,,,,,,,,,,,,,,,,,,,,,,,,,,,,
Q53740,Q45532714,,,,,,,,,,,,,,,,,,,,,,,,,,,,,,,,,,,,,,,,,,,,,
Q53741,Q45634172,,,,,,,,,,,,,,,,,,,,,,,,,,,,,,,,,,,,,,,,,,,,,
Q53744,Q2511372,,,,,,,,,,,,,,,,,,,,,,,,,,,,,,,,,,,,,,,,,,,,,
Q53745,Q45634426,,,,,,,,,,,,,,,,,,,,,,,,,,,,,,,,,,,,,,,,,,,,,
Q53748,Q1037547,,,,,,,,,,,,,,,,,,,,,,,,,,,,,,,,,,,,,,,,,,,,,
Q53749,Q45634931,,,,,,,,,,,,,,,,,,,,,,,,,,,,,,,,,,,,,,,,,,,,,
Q53752,Q8254207,,,,,,,,,,,,,,,,,,,,,,,,,,,,,,,,,,,,,,,,,,,,,
Q53753,Q45632411,,,,,,,,,,,,,,,,,,,,,,,,,,,,,,,,,,,,,,,,,,,,,
Q53756,Q11610758,,,,,,,,,,,,,,,,,,,,,,,,,,,,,,,,,,,,,,,,,,,,,
Q53757,Q45632472,,,,,,,,,,,,,,,,,,,,,,,,,,,,,,,,,,,,,,,,,,,,,
Q53760,Q8254367,,,,,,,,,,,,,,,,,,,,,,,,,,,,,,,,,,,,,,,,,,,,,
Q53761,Q45632597,,,,,,,,,,,,,,,,,,,,,,,,,,,,,,,,,,,,,,,,,,,,,
Q53764,Q10925381,,,,,,,,,,,,,,,,,,,,,,,,,,,,,,,,,,,,,,,,,,,,,
Q53765,Q45637348,,,,,,,,,,,,,,,,,,,,,,,,,,,,,,,,,,,,,,,,,,,,,
Q53768,Q45430890,,,,,,,,,,,,,,,,,,,,,,,,,,,,,,,,,,,,,,,,,,,,,
Q53769,Q45637410,,,,,,,,,,,,,,,,,,,,,,,,,,,,,,,,,,,,,,,,,,,,,
Q53772,Q45432652,,,,,,,,,,,,,,,,,,,,,,,,,,,,,,,,,,,,,,,,,,,,,
Q53773,Q18906705,,,,,,,,,,,,,,,,,,,,,,,,,,,,,,,,,,,,,,,,,,,,,
Q53776,Q11610782,,,,,,,,,,,,,,,,,,,,,,,,,,,,,,,,,,,,,,,,,,,,,
Q53777,Q45421508,,,,,,,,,,,,,,,,,,,,,,,,,,,,,,,,,,,,,,,,,,,,,
Q53780,Q25417923,,,,,,,,,,,,,,,,,,,,,,,,,,,,,,,,,,,,,,,,,,,,,
Q53781,Q45629139,,,,,,,,,,,,,,,,,,,,,,,,,,,,,,,,,,,,,,,,,,,,,
Q53784,Q30948629,,,,,,,,,,,,,,,,,,,,,,,,,,,,,,,,,,,,,,,,,,,,,
Q53785,Q45422243,,,,,,,,,,,,,,,,,,,,,,,,,,,,,,,,,,,,,,,,,,,,,
Q53788,Q48886508,,,,,,,,,,,,,,,,,,,,,,,,,,,,,,,,,,,,,,,,,,,,,
Q53789,Q45627757,,,,,,,,,,,,,,,,,,,,,,,,,,,,,,,,,,,,,,,,,,,,,
Q53792,Q45506164,,,,,,,,,,,,,,,,,,,,,,,,,,,,,,,,,,,,,,,,,,,,,
Q53794,Q45628006,,,,,,,,,,,,,,,,,,,,,,,,,,,,,,,,,,,,,,,,,,,,,
Q53796,Q16904267,,,,,,,,,,,,,,,,,,,,,,,,,,,,,,,,,,,,,,,,,,,,,
Q53798,Q45628070,,,,,,,,,,,,,,,,,,,,,,,,,,,,,,,,,,,,,,,,,,,,,
Q53800,Q11622071,,,,,,,,,,,,,,,,,,,,,,,,,,,,,,,,,,,,,,,,,,,,,
Q53802,Q45628132,,,,,,,,,,,,,,,,,,,,,,,,,,,,,,,,,,,,,,,,,,,,,
Q53804,Q99646929,,,,,,,,,,,,,,,,,,,,,,,,,,,,,,,,,,,,,,,,,,,,,
Q53806,Q45628258,,,,,,,,,,,,,,,,,,,,,,,,,,,,,,,,,,,,,,,,,,,,,
Q53808,Q99650326,,,,,,,,,,,,,,,,,,,,,,,,,,,,,,,,,,,,,,,,,,,,,
Q53810,Q45628321,,,,,,,,,,,,,,,,,,,,,,,,,,,,,,,,,,,,,,,,,,,,,
Q53812,Q11622098,,,,,,,,,,,,,,,,,,,,,,,,,,,,,,,,,,,,,,,,,,,,,
Q53814,Q38958023,,,,,,,,,,,,,,,,,,,,,,,,,,,,,,,,,,,,,,,,,,,,,
Q53816,Q8254173,,,,,,,,,,,,,,,,,,,,,,,,,,,,,,,,,,,,,,,,,,,,,
Q53818,Q14640463,,,,,,,,,,,,,,,,,,,,,,,,,,,,,,,,,,,,,,,,,,,,,
Q53820,Q45431766,,,,,,,,,,,,,,,,,,,,,,,,,,,,,,,,,,,,,,,,,,,,,
Q53822,Q66233159,,,,,,,,,,,,,,,,,,,,,,,,,,,,,,,,,,,,,,,,,,,,,
Q53824,Q45435944,,,,,,,,,,,,,,,,,,,,,,,,,,,,,,,,,,,,,,,,,,,,,
Q53826,Q45419037,,,,,,,,,,,,,,,,,,,,,,,,,,,,,,,,,,,,,,,,,,,,,
Q53828,Q45435889,,,,,,,,,,,,,,,,,,,,,,,,,,,,,,,,,,,,,,,,,,,,,
Q53830,Q65802912,,,,,,,,,,,,,,,,,,,,,,,,,,,,,,,,,,,,,,,,,,,,,
Q53832,Q8253358,,,,,,,,,,,,,,,,,,,,,,,,,,,,,,,,,,,,,,,,,,,,,
Q53834,Q45530520,,,,,,,,,,,,,,,,,,,,,,,,,,,,,,,,,,,,,,,,,,,,,
Q53836,Q8254182,,,,,,,,,,,,,,,,,,,,,,,,,,,,,,,,,,,,,,,,,,,,,
Q53838,Q11672838,,,,,,,,,,,,,,,,,,,,,,,,,,,,,,,,,,,,,,,,,,,,,
Q53840,Q8254267,,,,,,,,,,,,,,,,,,,,,,,,,,,,,,,,,,,,,,,,,,,,,
Q53842,Q11670858,,,,,,,,,,,,,,,,,,,,,,,,,,,,,,,,,,,,,,,,,,,,,
Q53844,Q65798501,,,,,,,,,,,,,,,,,,,,,,,,,,,,,,,,,,,,,,,,,,,,,
Q53846,Q45514085,,,,,,,,,,,,,,,,,,,,,,,,,,,,,,,,,,,,,,,,,,,,,
Q53848,Q65798502,,,,,,,,,,,,,,,,,,,,,,,,,,,,,,,,,,,,,,,,,,,,,
Q53850,Q45498960,,,,,,,,,,,,,,,,,,,,,,,,,,,,,,,,,,,,,,,,,,,,,
Q53852,Q65798668,,,,,,,,,,,,,,,,,,,,,,,,,,,,,,,,,,,,,,,,,,,,,
Q53854,Q45673508,,,,,,,,,,,,,,,,,,,,,,,,,,,,,,,,,,,,,,,,,,,,,
Q53856,Q65798679,,,,,,,,,,,,,,,,,,,,,,,,,,,,,,,,,,,,,,,,,,,,,
Q53858,Q26208784,,,,,,,,,,,,,,,,,,,,,,,,,,,,,,,,,,,,,,,,,,,,,
Q53860,Q65798683,,,,,,,,,,,,,,,,,,,,,,,,,,,,,,,,,,,,,,,,,,,,,
Q53862,Q45418915,,,,,,,,,,,,,,,,,,,,,,,,,,,,,,,,,,,,,,,,,,,,,
Q53864,Q65798684,,,,,,,,,,,,,,,,,,,,,,,,,,,,,,,,,,,,,,,,,,,,,
Q53866,Q45442056,,,,,,,,,,,,,,,,,,,,,,,,,,,,,,,,,,,,,,,,,,,,,
Q53868,Q65798685,,,,,,,,,,,,,,,,,,,,,,,,,,,,,,,,,,,,,,,,,,,,,
Q53870,Q26208802,,,,,,,,,,,,,,,,,,,,,,,,,,,,,,,,,,,,,,,,,,,,,
Q53872,Q65798686,,,,,,,,,,,,,,,,,,,,,,,,,,,,,,,,,,,,,,,,,,,,,
Q53874,Q45481902,,,,,,,,,,,,,,,,,,,,,,,,,,,,,,,,,,,,,,,,,,,,,
Q53876,Q65798688,,,,,,,,,,,,,,,,,,,,,,,,,,,,,,,,,,,,,,,,,,,,,
Q53878,Q45659705,,,,,,,,,,,,,,,,,,,,,,,,,,,,,,,,,,,,,,,,,,,,,
Q53880,Q65798690,,,,,,,,,,,,,,,,,,,,,,,,,,,,,,,,,,,,,,,,,,,,,
Q53882,Q45418965,,,,,,,,,,,,,,,,,,,,,,,,,,,,,,,,,,,,,,,,,,,,,
Q53884,Q5005,,,,,,,,,,,,,,,,,,,,,,,,,,,,,,,,,,,,,,,,,,,,,
Q53886,Q45420644,,,,,,,,,,,,,,,,,,,,,,,,,,,,,,,,,,,,,,,,,,,,,
Q53888,Q16260261,,,,,,,,,,,,,,,,,,,,,,,,,,,,,,,,,,,,,,,,,,,,,
Q53890,Q15984029,,,,,,,,,,,,,,,,,,,,,,,,,,,,,,,,,,,,,,,,,,,,,
Q53892,Q30941684,,,,,,,,,,,,,,,,,,,,,,,,,,,,,,,,,,,,,,,,,,,,,
Q53894,Q83875277,,,,,,,,,,,,,,,,,,,,,,,,,,,,,,,,,,,,,,,,,,,,,
Q53896,Q16260921,,,,,,,,,,,,,,,,,,,,,,,,,,,,,,,,,,,,,,,,,,,,,
Q53898,Q45666747,,,,,,,,,,,,,,,,,,,,,,,,,,,,,,,,,,,,,,,,,,,,,
Q53900,Q16260669,,,,,,,,,,,,,,,,,,,,,,,,,,,,,,,,,,,,,,,,,,,,,
Q53902,Q45666908,,,,,,,,,,,,,,,,,,,,,,,,,,,,,,,,,,,,,,,,,,,,,
Q53904,Q16078417,,,,,,,,,,,,,,,,,,,,,,,,,,,,,,,,,,,,,,,,,,,,,
Q53906,Q45607215,,,,,,,,,,,,,,,,,,,,,,,,,,,,,,,,,,,,,,,,,,,,,
Q53908,Q16603288,,,,,,,,,,,,,,,,,,,,,,,,,,,,,,,,,,,,,,,,,,,,,
Q53910,Q7979733,,,,,,,,,,,,,,,,,,,,,,,,,,,,,,,,,,,,,,,,,,,,,
Q53912,Q16260565,,,,,,,,,,,,,,,,,,,,,,,,,,,,,,,,,,,,,,,,,,,,,
Q53914,Q18907206,,,,,,,,,,,,,,,,,,,,,,,,,,,,,,,,,,,,,,,,,,,,,
Q53916,Q16603291,,,,,,,,,,,,,,,,,,,,,,,,,,,,,,,,,,,,,,,,,,,,,
Q53918,Q45587941,,,,,,,,,,,,,,,,,,,,,,,,,,,,,,,,,,,,,,,,,,,,,
Q53920,Q16260790,,,,,,,,,,,,,,,,,,,,,,,,,,,,,,,,,,,,,,,,,,,,,
Q53922,Q45590458,,,,,,,,,,,,,,,,,,,,,,,,,,,,,,,,,,,,,,,,,,,,,
Q53924,Q15936169,,,,,,,,,,,,,,,,,,,,,,,,,,,,,,,,,,,,,,,,,,,,,
Q53926,Q45508011,,,,,,,,,,,,,,,,,,,,,,,,,,,,,,,,,,,,,,,,,,,,,
Q53928,Q16260673,,,,,,,,,,,,,,,,,,,,,,,,,,,,,,,,,,,,,,,,,,,,,
Q53930,Q45418996,,,,,,,,,,,,,,,,,,,,,,,,,,,,,,,,,,,,,,,,,,,,,
Q53932,Q16078795,,,,,,,,,,,,,,,,,,,,,,,,,,,,,,,,,,,,,,,,,,,,,
Q53934,Q18907259,,,,,,,,,,,,,,,,,,,,,,,,,,,,,,,,,,,,,,,,,,,,,
Q53936,Q16078439,,,,,,,,,,,,,,,,,,,,,,,,,,,,,,,,,,,,,,,,,,,,,
Q53938,Q45582095,,,,,,,,,,,,,,,,,,,,,,,,,,,,,,,,,,,,,,,,,,,,,
Q53940,Q16260792,,,,,,,,,,,,,,,,,,,,,,,,,,,,,,,,,,,,,,,,,,,,,
Q53942,Q45669668,,,,,,,,,,,,,,,,,,,,,,,,,,,,,,,,,,,,,,,,,,,,,
Q53944,Q11610823,,,,,,,,,,,,,,,,,,,,,,,,,,,,,,,,,,,,,,,,,,,,,
Q53946,Q45594296,,,,,,,,,,,,,,,,,,,,,,,,,,,,,,,,,,,,,,,,,,,,,
Q53948,Q15941062,,,,,,,,,,,,,,,,,,,,,,,,,,,,,,,,,,,,,,,,,,,,,
Q53950,Q45667171,,,,,,,,,,,,,,,,,,,,,,,,,,,,,,,,,,,,,,,,,,,,,
Q53952,Q16075338,,,,,,,,,,,,,,,,,,,,,,,,,,,,,,,,,,,,,,,,,,,,,
Q53954,Q45667277,,,,,,,,,,,,,,,,,,,,,,,,,,,,,,,,,,,,,,,,,,,,,
Q53956,Q16075445,,,,,,,,,,,,,,,,,,,,,,,,,,,,,,,,,,,,,,,,,,,,,
Q53958,Q45667535,,,,,,,,,,,,,,,,,,,,,,,,,,,,,,,,,,,,,,,,,,,,,
Q53960,Q16078641,,,,,,,,,,,,,,,,,,,,,,,,,,,,,,,,,,,,,,,,,,,,,
Q53962,Q45667739,,,,,,,,,,,,,,,,,,,,,,,,,,,,,,,,,,,,,,,,,,,,,
Q53964,Q16904264,,,,,,,,,,,,,,,,,,,,,,,,,,,,,,,,,,,,,,,,,,,,,
Q53966,Q45665557,,,,,,,,,,,,,,,,,,,,,,,,,,,,,,,,,,,,,,,,,,,,,
Q53968,Q11622110,,,,,,,,,,,,,,,,,,,,,,,,,,,,,,,,,,,,,,,,,,,,,
Q53970,Q45665949,,,,,,,,,,,,,,,,,,,,,,,,,,,,,,,,,,,,,,,,,,,,,
Q53972,Q30950689,,,,,,,,,,,,,,,,,,,,,,,,,,,,,,,,,,,,,,,,,,,,,
Q53974,Q45670847,,,,,,,,,,,,,,,,,,,,,,,,,,,,,,,,,,,,,,,,,,,,,
Q53976,Q5958591,,,,,,,,,,,,,,,,,,,,,,,,,,,,,,,,,,,,,,,,,,,,,
Q53978,Q45506413,,,,,,,,,,,,,,,,,,,,,,,,,,,,,,,,,,,,,,,,,,,,,
Q53980,Q5958379,,,,,,,,,,,,,,,,,,,,,,,,,,,,,,,,,,,,,,,,,,,,,
Q53982,Q45419209,,,,,,,,,,,,,,,,,,,,,,,,,,,,,,,,,,,,,,,,,,,,,
Q53984,Q45512458,,,,,,,,,,,,,,,,,,,,,,,,,,,,,,,,,,,,,,,,,,,,,
Q53986,Q45419699,,,,,,,,,,,,,,,,,,,,,,,,,,,,,,,,,,,,,,,,,,,,,
Q53988,Q45512716,,,,,,,,,,,,,,,,,,,,,,,,,,,,,,,,,,,,,,,,,,,,,
Q53990,Q45497943,,,,,,,,,,,,,,,,,,,,,,,,,,,,,,,,,,,,,,,,,,,,,
Q53992,Q10925345,,,,,,,,,,,,,,,,,,,,,,,,,,,,,,,,,,,,,,,,,,,,,
Q53994,Q45498007,,,,,,,,,,,,,,,,,,,,,,,,,,,,,,,,,,,,,,,,,,,,,
Q53996,Q45428982,,,,,,,,,,,,,,,,,,,,,,,,,,,,,,,,,,,,,,,,,,,,,
Q53998,Q45498202,,,,,,,,,,,,,,,,,,,,,,,,,,,,,,,,,,,,,,,,,,,,,
Q54000,Q30946607,,,,,,,,,,,,,,,,,,,,,,,,,,,,,,,,,,,,,,,,,,,,,
Q54002,Q45498263,,,,,,,,,,,,,,,,,,,,,,,,,,,,,,,,,,,,,,,,,,,,,
Q54004,Q45432371,,,,,,,,,,,,,,,,,,,,,,,,,,,,,,,,,,,,,,,,,,,,,
Q54006,Q45508354,,,,,,,,,,,,,,,,,,,,,,,,,,,,,,,,,,,,,,,,,,,,,
Q54008,Q45432493,,,,,,,,,,,,,,,,,,,,,,,,,,,,,,,,,,,,,,,,,,,,,
Q54010,Q8048535,,,,,,,,,,,,,,,,,,,,,,,,,,,,,,,,,,,,,,,,,,,,,
Q54012,Q45433648,,,,,,,,,,,,,,,,,,,,,,,,,,,,,,,,,,,,,,,,,,,,,
Q54014,Q45419285,,,,,,,,,,,,,,,,,,,,,,,,,,,,,,,,,,,,,,,,,,,,,
Q54016,Q30947001,,,,,,,,,,,,,,,,,,,,,,,,,,,,,,,,,,,,,,,,,,,,,
Q54018,Q45422258,,,,,,,,,,,,,,,,,,,,,,,,,,,,,,,,,,,,,,,,,,,,,
Q54020,Q10925369,,,,,,,,,,,,,,,,,,,,,,,,,,,,,,,,,,,,,,,,,,,,,
Q54022,Q45627984,,,,,,,,,,,,,,,,,,,,,,,,,,,,,,,,,,,,,,,,,,,,,
Q54024,Q45415662,,,,,,,,,,,,,,,,,,,,,,,,,,,,,,,,,,,,,,,,,,,,,
Q54026,Q45495498,,,,,,,,,,,,,,,,,,,,,,,,,,,,,,,,,,,,,,,,,,,,,
Q54028,Q45426655,,,,,,,,,,,,,,,,,,,,,,,,,,,,,,,,,,,,,,,,,,,,,
Q54030,Q18906951,,,,,,,,,,,,,,,,,,,,,,,,,,,,,,,,,,,,,,,,,,,,,
Q54032,Q110738125,,,,,,,,,,,,,,,,,,,,,,,,,,,,,,,,,,,,,,,,,,,,,I00293039
Q54034,Q45620545,,,,,,,,,,,,,,,,,,,,,,,,,,,,,,,,,,,,,,,,,,,,,
Q54036,Q110738123,,,,,,,,,,,,,,,,,,,,,,,,,,,,,,,,,,,,,,,,,,,,,I00765018
Q54038,Q45492614,,,,,,,,,,,,,,,,,,,,,,,,,,,,,,,,,,,,,,,,,,,,,
Q54040,Q3845118,,,,,,,,,,,,,,,,,,,,,,,,,,,,,,,,,,,,,,,,,,,,,
Q54042,Q25926964,,,,,,,,,,,,,,,,,,,,,,,,,,,,,,,,,,,,,,,,,,,,,
Q54046,Q25926993,,,,,,,,,,,,,,,,,,,,,,,,,,,,,,,,,,,,,,,,,,,,,
Q54050,Q45421109,,,,,,,,,,,,,,,,,,,,,,,,,,,,,,,,,,,,,,,,,,,,,
Q54054,Q45571246,,,,,,,,,,,,,,,,,,,,,,,,,,,,,,,,,,,,,,,,,,,,,
Q54058,Q45498275,,,,,,,,,,,,,,,,,,,,,,,,,,,,,,,,,,,,,,,,,,,,,
Q54062,Q45498341,,,,,,,,,,,,,,,,,,,,,,,,,,,,,,,,,,,,,,,,,,,,,
Q54066,Q45496735,,,,,,,,,,,,,,,,,,,,,,,,,,,,,,,,,,,,,,,,,,,,,
Q54070,Q45658393,,,,,,,,,,,,,,,,,,,,,,,,,,,,,,,,,,,,,,,,,,,,,
Q54072,Q24953900,,,,,,,,,,,,,,,,,,,,,,,,,,,,,,,,,,,,,,,,,,,,,I00293045
Q54074,Q45497057,,,,,,,,,,,,,,,,,,,,,,,,,,,,,,,,,,,,,,,,,,,,,
Q54076,Q113366684,,,,,,,,,,,,,,,,,,,,,,,,,,,,,,,,,,,,,,,,,,,,,I00139084
Q54078,Q45624648,,,,,,,,,,,,,,,,,,,,,,,,,,,,,,,,,,,,,,,,,,,,,
Q54080,Q113374101,,,,,,,,,,,,,,,,,,,,,,,,,,,,,,,,,,,,,,,,,,,,,I00139085
Q54082,Q45496799,,,,,,,,,,,,,,,,,,,,,,,,,,,,,,,,,,,,,,,,,,,,,
Q54084,Q113367259,,,,,,,,,,,,,,,,,,,,,,,,,,,,,,,,,,,,,,,,,,,,,
Q54086,Q45492090,,,,,,,,,,,,,,,,,,,,,,,,,,,,,,,,,,,,,,,,,,,,,
Q54090,Q45492154,,,,,,,,,,,,,,,,,,,,,,,,,,,,,,,,,,,,,,,,,,,,,
Q54094,Q45685461,,,,,,,,,,,,,,,,,,,,,,,,,,,,,,,,,,,,,,,,,,,,,
Q54098,Q45556520,,,,,,,,,,,,,,,,,,,,,,,,,,,,,,,,,,,,,,,,,,,,,
Q54099,Q1234282,,,,,,,,,,,,,,,,,,,,,,,,,,,,,,,,,,,,,,,,,p22004.htm#i220037,Eudokia_Angelina_(1),,Angelina-17,I00303833
Q54102,Q45617812,,,,,,,,,,,,,,,,,,,,,,,,,,,,,,,,,,,,,,,,,,,,,
Q54103,Q513793,,,,,,,,,,,,,,,,,,,,,,,,,,,1265845,,,,,,,,,,,,,,,,,Kamateros-2,I00049872
Q54106,Q45620511,,,,,,,,,,,,,,,,,,,,,,,,,,,,,,,,,,,,,,,,,,,,,
Q54107,Q61268586,,,,,,,,,,,,,,,,,,,,,,,,,,,,,,,,,,,,,,,,,,,,,I00744381
Q54110,Q45625938,,,,,,,,,,,,,,,,,,,,,,,,,,,,,,,,,,,,,,,,,,,,,
Q54111,Q37086,,,,,,,,,,,,,,,,,,,,,,,,person/ac1b6606-8da2-4436-83b5-1ec25605fa11,,,574303,,p=theodoros;n=lascaris;oc=1,,,dw.1261,,,,,,,,,p11414.htm#i114139,Theodore_I_Laskaris_(1),,Lascaris-4,I00049868
Q54114,Q45509340,,,,,,,,,,,,,,,,,,,,,,,,,,,,,,,,,,,,,,,,,,,,,
Q54115,Q22343021,,,,,,,,,,,,,,,,,,,,,,,,,,,,,,,,,,,,,,,,,,,,,I00425485
Q54118,Q45616192,,,,,,,,,,,,,,,,,,,,,,,,,,,,,,,,,,,,,,,,,,,,,
Q54119,Q441564,,,,,,,,,,,,,,,,,,,,,,,,,,,722559,,p=eudokia;n=lascaris,,,dw.1263,,,,,,,,,p11404.htm#i114036,,,,
Q54122,Q45616385,,,,,,,,,,,,,,,,,,,,,,,,,,,,,,,,,,,,,,,,,,,,,
Q54123,Q269955,,,,,,,,,,,,,,,,,,,,,,,,,,,574305,,,,,,,,,,,,,,,Irene_Lascarina_(1),,Lascaris-9,I00049862
Q54126,Q45615814,,,,,,,,,,,,,,,,,,,,,,,,,,,,,,,,,,,,,,,,,,,,,
Q54130,Q45509863,,,,,,,,,,,,,,,,,,,,,,,,,,,,,,,,,,,,,,,,,,,,,
Q54131,Q22343002,,,,,,,,,,,,,,,,,,,,,,,,,,,,,,,,,,,,,,,,,,,,,
Q54134,Q45509927,,,,,,,,,,,,,,,,,,,,,,,,,,,,,,,,,,,,,,,,,,,,,
Q54135,Q114070556,,,,,,,,,,,,,,,,,,,,,,,,,,,,,,,,,,,,,,,,,,,,,
Q54138,Q45509989,,,,,,,,,,,,,,,,,,,,,,,,,,,,,,,,,,,,,,,,,,,,,
Q54139,Q114087507,,,,,,,,,,,,,,,,,,,,,,,,,,,,,,,,,,,,,,,,,,,,,
Q54142,Q45510052,,,,,,,,,,,,,,,,,,,,,,,,,,,,,,,,,,,,,,,,,,,,,
Q54143,Q12292012,,,,,,,,,,,,,,,,,,,,,,,,,,,,,,,,,,,,,,,,,,,,,
Q54146,Q45510114,,,,,,,,,,,,,,,,,,,,,,,,,,,,,,,,,,,,,,,,,,,,,
Q54147,Q11705169,,,,,,,,,,,,,,,,,,,,,,,,,,,,,,,,,,,,,,,,,,,,,
Q54150,Q45512731,,,,,,,,,,,,,,,,,,,,,,,,,,,,,,,,,,,,,,,,,,,,,
Q54151,Q207303,,,,,,,,,,8363757,,,,,,,,,,,,,,,,,252225,,,,,,,,,,,,,,p22164.htm#i221633,Stephen_Uroš_IV_Dušan_of_Serbia_(1),,Nemanja-2,
Q54154,Q45512793,,,,,,,,,,,,,,,,,,,,,,,,,,,,,,,,,,,,,,,,,,,,,
Q54155,Q65198714,,,,,,,,,,,,,,,,,,,,,,,,,,,,,,,,,,,,,,,,,,,,,
Q54158,Q45512471,,,,,,,,,,,,,,,,,,,,,,,,,,,,,,,,,,,,,,,,,,,,,
Q54159,Q3656984,,,,,,,,,,,,,,,,,,,,,,,,,,,,,,,,,,,,,,,,,p22003.htm#i220021,Aldimir_of_Bulgaria_(1),,,
Q54162,Q45512535,,,,,,,,,,,,,,,,,,,,,,,,,,,,,,,,,,,,,,,,,,,,,
Q54163,Q12280895,,,,,,,,,,,,,,,,,,,,,,,,,,,,,,,,,,,,,,,,,,,,,
Q54166,Q45512597,,,,,,,,,,,,,,,,,,,,,,,,,,,,,,,,,,,,,,,,,,,,,
Q54167,Q15720837,,,,,,,,,,,,,,,,,,,,,,,,,,,,,,,,,,,,,,,,,,,,,
Q54170,Q45513176,,,,,,,,,,,,,,,,,,,,,,,,,,,,,,,,,,,,,,,,,,,,,
Q54171,Q3622795,,,,,,,,,,,,,,,,,,,,,,,,,,,,,,,,,,,,,,,,,p14554.htm#i145537,,,,
Q54174,Q45513556,,,,,,,,,,,,,,,,,,,,,,,,,,,,,,,,,,,,,,,,,,,,,
Q54175,Q5858060,,,,,,,,,,,,,,,,,,,,,,,,,,,712721,,p=philippe;n=d anjou;oc=5,,,,,,,,,,,,,Philip_of_Anjou_(1),,Di_Tarento-1,I00008722
Q54178,Q25926180,,,,,,,,,,,,,,,,,,,,,,,,,,,,,,,,,,,,,,,,,,,,,
Q54179,Q671582,,,,,,,,,,,,,,,,,,,,,,,,,,,712730,,p=jeanne;n=d anjou;oc=4,,,,,,,,,,,,,Joan_of_Taranto_(1),,,
Q54182,Q45515017,,,,,,,,,,,,,,,,,,,,,,,,,,,,,,,,,,,,,,,,,,,,,
Q54183,Q3659977,,,,,,,,,,,,,,,,,,,,,,,,,,,712715,,p=charles;n=d anjou;oc=12,,,,,,,,,,,,,,,,I00008723
Q54186,Q45515079,,,,,,,,,,,,,,,,,,,,,,,,,,,,,,,,,,,,,,,,,,,,,
Q54187,Q103356010,,,,,,,,,,,,,,,,,,,,,,,,,,,,,,,,,,,,,,,,,,,,,
Q54190,Q45444435,,,,,,,,,,,,,,,,,,,,,,,,,,,,,,,,,,,,,,,,,,,,,
Q54191,Q106848177,,,,,,,,,,,,,,,,,,,,,,,,,,,712735,,p=blanca;n=d anjou;oc=2,,,,,,,,,,,,,,,,I00400235
Q54194,Q45511453,,,,,,,,,,,,,,,,,,,,,,,,,,,,,,,,,,,,,,,,,,,,,
Q54195,Q75403036,,,,,,,,,,,,,,,,,,,,,,,,,,,712733,,p=marguerite;n=d anjou;oc=7,,,,,,,,,,,,p12006.htm#i120055,,,,I00109475
Q54198,Q45511642,,,,,,,,,,,,,,,,,,,,,,,,,,,,,,,,,,,,,,,,,,,,,
Q54199,Q3556477,,,,,,,,,,,,,,,,,,,,,,,,,,,,,,,,,,,,,,,,,,,,,I00571554
Q54202,Q45511705,,,,,,,,,,,,,,,,,,,,,,,,,,,,,,,,,,,,,,,,,,,,,
Q54203,Q50917052,,,,,,,,,,,,,,,,,,,,,,,,,,,,,,,,,,,,,,,,,,,,,
Q54206,Q45511769,,,,,,,,,,,,,,,,,,,,,,,,,,,,,,,,,,,,,,,,,,,,,
Q54207,Q50917474,,,,,,,,,,,,,,,,,,,,,,,,,,,,,,,,,,,,,,,,,,,,,I00334853
Q54210,Q45511897,,,,,,,,,,,,,,,,,,,,,,,,,,,,,,,,,,,,,,,,,,,,,
Q54211,Q110254213,,,,,,,,,,,,,,,,,,,,,,,,,,,,,,,,,,,,,,,,,,,,,
Q54214,Q45511959,,,,,,,,,,,,,,,,,,,,,,,,,,,,,,,,,,,,,,,,,,,,,
Q54215,Q735233,,,,,,,,,,,,,,,,,,,,,,,,,,,473615,,p=guy;n=de lusignan;oc=2,,,,,,,,,,,,,,,Lusignan-135,I00726288
Q54218,Q45498028,,,,,,,,,,,,,,,,,,,,,,,,,,,,,,,,,,,,,,,,,,,,,
Q54219,Q19680276,,,,,,,,,,,,,,,,,,,,,,,,,,,580952,,p=isabelle;n=de lusignan;oc=4,,,,,,,,,,,,,,,,I00726287
Q54221,Q45516603,,,,,,,,,,,,,,,,,,,,,,,,,,,,,,,,,,,,,,,,,,,,,
Q54223,Q16331189,,,,,,,,,,,,,,,,,,,,,,,,,,,,,,,,,,,,,,,,,,,,,
Q54225,Q45516886,,,,,,,,,,,,,,,,,,,,,,,,,,,,,,,,,,,,,,,,,,,,,
Q54227,Q42675365,,,,,,,,,,,,,,,,,,,,,,,,,,,,,,,,,,,,,,,,,,,,,
Q54229,Q45516950,,,,,,,,,,,,,,,,,,,,,,,,,,,,,,,,,,,,,,,,,,,,,
Q54231,Q6120249,,,,,,,,,,,,,,,,,,,,,,,,,,,,,,,,,,,,,,,,,,,,,
Q54233,Q45517014,,,,,,,,,,,,,,,,,,,,,,,,,,,,,,,,,,,,,,,,,,,,,
Q54235,Q4865522,,,,,,,,,,,,,,,,,,,,,,,,,,,,,,,,,,,,,,,,,,,,,
Q54237,Q45515776,,,,,,,,,,,,,,,,,,,,,,,,,,,,,,,,,,,,,,,,,,,,,
Q54239,Q5063089,,,,,,,,,,,,,,,,,,,,,,,,,,,,,,,,,,,,,,,,,,,,,
Q54241,Q45515839,,,,,,,,,,,,,,,,,,,,,,,,,,,,,,,,,,,,,,,,,,,,,
Q54243,Q3930324,,,,,,,,,,,,,,,,,,,,,,,,,,,,,,,,,,,,,,,,,p22156.htm#i221555,,,Vatatzes-2,I00049858
Q54245,Q45516096,,,,,,,,,,,,,,,,,,,,,,,,,,,,,,,,,,,,,,,,,,,,,
Q54247,Q101499975,,,,,,,,,,,,,,,,,,,,,,,,,,,,,,,,,,,,,,,,,,,,,I00049859
Q54249,Q45516221,,,,,,,,,,,,,,,,,,,,,,,,,,,,,,,,,,,,,,,,,,,,,
Q54251,Q37072,,,,,,,,,,,,,,,,,,,,,,,,person/6d8f0066-1149-4b90-9d8a-ca39799bd3a7,,,574309,,p=ioannes;n=doukas vatatzes,,,dw.8059,,,,,,,,,p15019.htm#i150185|p70431.htm#i704307,Ioannis_Batatzes_(1)|John_III_Doukas_Vatatzes_(1),,Vatatzes-1,I00049861
Q54253,Q45516349,,,,,,,,,,,,,,,,,,,,,,,,,,,,,,,,,,,,,,,,,,,,,
Q54255,Q111784549,,,,,,,,,,,,,,,,,,,,,,,,,,,,,,,,,,,,,,,,,,,,,
Q54257,Q45516474,,,,,,,,,,,,,,,,,,,,,,,,,,,,,,,,,,,,,,,,,,,,,
Q54259,Q110715296,,,,,,,,,,,,,,,,,,,,,,,,,,,,,,,,,,,,,,,,,,,,,I00293023
Q54261,Q45517204,,,,,,,,,,,,,,,,,,,,,,,,,,,,,,,,,,,,,,,,,,,,,
Q54263,Q110715298,,,,,,,,,,,,,,,,,,,,,,,,,,,,,,,,,,,,,,,,,,,,,I00293024
Q54265,Q45517462,,,,,,,,,,,,,,,,,,,,,,,,,,,,,,,,,,,,,,,,,,,,,
Q54269,Q45517718,,,,,,,,,,,,,,,,,,,,,,,,,,,,,,,,,,,,,,,,,,,,,
Q54273,Q45517782,,,,,,,,,,,,,,,,,,,,,,,,,,,,,,,,,,,,,,,,,,,,,
Q54275,Q44045,,,,,,,,,,,,,,,,,,,,,,,,,,,,,,,,,,,,,,,,,,,,,
Q54277,Q45517848,,,,,,,,,,,,,,,,,,,,,,,,,,,,,,,,,,,,,,,,,,,,,
Q54279,Q747809,,,,,,,,,,,,,,,,,,,,,,,,,,,109612,,,,,dw.1253,,,,,,,,,p11414.htm#i114136,Anna_Maria_of_Hungary_(1),,Arpadhazi-46,I00020753
Q54281,Q45517912,,,,,,,,,,,,,,,,,,,,,,,,,,,,,,,,,,,,,,,,,,,,,
Q54283,Q159862,,,,,,,,,,8954468,,,,,,,,,,,,,,term/848c7bec-8e8f-4227-a159-e72156557b26,,,11811,,p=elisabeth;n=arpad;oc=3,,,dw.1254,,,,,,,,,p11413.htm#i114128,Elisabeth_of_Hungary_(2),,Arpadhazi-48,I00014229
Q54285,Q45518039,,,,,,,,,,,,,,,,,,,,,,,,,,,,,,,,,,,,,,,,,,,,,
Q54287,Q241424,,,,,,,,,,,,,,,,,,I3047,,,,,,,,,,,,,,dw.1260,,,,,,,,,p11412.htm#i114118,Stephen_the_Posthumous_(1),,Áprádházi-1,I00020718
Q54289,Q45518167,,,,,,,,,,,,,,,,,,,,,,,,,,,,,,,,,,,,,,,,,,,,,
Q54291,Q317236,,,,,,,,,,,,,,,,,,,,,,,,,,,711388,,p=coloman;n=arpad;oc=2,,,dw.1255,,,,,,,,,p11413.htm#i114130,Colomon_of_Galicia-Lodomeria_(1),,Arpadhazi-47,I00020744
Q54293,Q45518232,,,,,,,,,,,,,,,,,,,,,,,,,,,,,,,,,,,,,,,,,,,,,
Q54295,Q376190,,,,,,,,,,,,,,,,,,,,,,,,,,,711074,,p=andras;n=arpad,,,,,,,,,,,,p11414.htm#i114133,Andrew_of_Hungary_(1),,,I00020717
Q54297,Q45518360,,,,,,,,,,,,,,,,,,,,,,,,,,,,,,,,,,,,,,,,,,,,,
Q54299,Q1121941,,,,,,,,,,,,,,,,,,,,,,,,,,,716651,,p=kunigunde;n=von brandenburg,,,dw.1289,,,,,,,,,p11415.htm#i114141,Kunigunde_of_Brandenburg_(1)|Kunigunde_of_Brandenburg_(2),,Brandenburg-14,I00020774
Q54301,Q45518425,,,,,,,,,,,,,,,,,,,,,,,,,,,,,,,,,,,,,,,,,,,,,
Q54303,Q1060521,,,,,,,,,,,,,,,,,,,,,,,,,,,1645,,p=rostislav;n=rurikides;oc=1,,,dw.1264,,,,,,,,,p11416.htm#i114152|p11466.htm#i114659,Rostislav_Mikhailovich_(1),,Mikhailovich-2,I00027046
Q54305,Q45518488,,,,,,,,,,,,,,,,,,,,,,,,,,,,,,,,,,,,,,,,,,,,,
Q54307,Q174504,,,,,,,,,,,,,,,,,,I2666,,,,,,,,,122084,,p=koungouta;n=rurikides,,,dw.1270,,,,,,,,,p11396.htm#i113957,Kunigunda_of_Slavonia_(1),,Rurikovich-1,I00020293
Q54309,Q45518615,,,,,,,,,,,,,,,,,,,,,,,,,,,,,,,,,,,,,,,,,,,,,
Q54311,Q2984484,,,,,,,,,,,,,,,,,,,,,,,,,,,280718,,p=agrippina;n=rurikides,,,dw.1265,,,,,,,,,p11466.htm#i114658,Agrippina_of_Slavonia_(1),,Rostislavna-3,I00569987
Q54313,Q45518678,,,,,,,,,,,,,,,,,,,,,,,,,,,,,,,,,,,,,,,,,,,,,
Q54315,Q854234,,,,,,,,,,,,,,,,,,,,,,,,,,,280714,,p=bela;n=rurikides,,,dw.1268,,,,,,,,,,Béla_of_Mačva_(1),,Rostislavich-2,
Q54317,Q45518742,,,,,,,,,,,,,,,,,,,,,,,,,,,,,,,,,,,,,,,,,,,,,
Q54319,Q6835559,,,,,,,,,,,,,,,,,,,,,,,,,,,280715,,p=mikhail;n=rurikides;oc=17,,,dw.1267,,,,,,,,,,Michael_of_Bosnia_(1),,,
Q54321,Q45518998,,,,,,,,,,,,,,,,,,,,,,,,,,,,,,,,,,,,,,,,,,,,,
Q54323,Q12073288,,,,,,,,,,,,,,,,,,,,,,,,,,,280704,,p=elisabeth;n=rurikides;oc=1,,,,,,,,,,,,,"Anna,_daughter_of_Rostislav_Mikhailovich_(1)",,Van_Halics-1,I00072288
Q54326,Q45519060,,,,,,,,,,,,,,,,,,,,,,,,,,,,,,,,,,,,,,,,,,,,,
Q54330,Q61154,,,,,,,,,,,,,,,,,,,,,,,,,,,10904,,p=heinrich;n=von wittelsbach;oc=1,,,dw.1271,,,,,,,,,p11415.htm#i114146,"Henry_XIII,_Duke_of_Bavaria_(1)",,Beieren-3,I00020776
Q54331,Q45519123,,,,,,,,,,,,,,,,,,,,,,,,,,,,,,,,,,,,,,,,,,,,,
Q54334,Q57323,,,,,,,,,,,,,,,,,,,,,,,,,,,888366,,p=otton;n=von wittelsbach;oc=13,,,dw.1276,,,,,,,,,p11415.htm#i114147,"Otto_Hungary_(1)|Otto_III,_Duke_of_Bavaria_(1)",,Wittelsbach-164,I00348878
Q54335,Q45519251,,,,,,,,,,,,,,,,,,,,,,,,,,,,,,,,,,,,,,,,,,,,,
Q54338,Q43524,,,,,,,,,,,,,,,,,,,,,,,,,,,,,,,,,,,,,,,,,,,,,
Q54339,Q45519316,,,,,,,,,,,,,,,,,,,,,,,,,,,,,,,,,,,,,,,,,,,,,
Q54342,Q40378,,,,,,,,,,,,,,,,,,,,,,,,,,,,,,,,,,,,,,,,,,,,,
Q54343,Q45519440,,,,,,,,,,,,,,,,,,,,,,,,,,,,,,,,,,,,,,,,,,,,,
Q54346,Q75290515,,,,,,,,,,,,,,,,,,,,,,,,,,,,,,,,,,,,,,,,,p4182.htm#i41816,,,,
Q54347,Q45519502,,,,,,,,,,,,,,,,,,,,,,,,,,,,,,,,,,,,,,,,,,,,,
Q54350,Q75290518,,,,,,,,,,,,,,,,,,,,,,,,,,,,,,,,,,,,,,,,,p4182.htm#i41817,,,,
Q54351,Q45519943,,,,,,,,,,,,,,,,,,,,,,,,,,,,,,,,,,,,,,,,,,,,,
Q54354,Q20499225,,,,,,,,,,,,,,,,,,,,,,,,,,,,,,,,,,,,,,,,,p4182.htm#i41819,,,,
Q54355,Q45520185,,,,,,,,,,,,,,,,,,,,,,,,,,,,,,,,,,,,,,,,,,,,,
Q54358,Q75290523,,,,,,,,,,,,,,,,,,,,,,,,,,,,,,,,,,,,,,,,,p4182.htm#i41820,,,,
Q54359,Q45520377,,,,,,,,,,,,,,,,,,,,,,,,,,,,,,,,,,,,,,,,,,,,,
Q54362,Q75245888,,,,,,,,,,,,,,,,,,,,,,,,,,,,,,,,,,,,,,,,,p744.htm#i7438,,,,I00162062
Q54363,Q45520439,,,,,,,,,,,,,,,,,,,,,,,,,,,,,,,,,,,,,,,,,,,,,
Q54366,Q156357,,,,,,,,,,232740527,,,,,,,,,,,,,,,,,30571,,p=lev;n=rurikides,,,dw.1291,,,,,,,,,p11467.htm#i114666,Lev_I_of_Galicia_(1),,Рюрикович-20,I00118610
Q54367,Q45520503,,,,,,,,,,,,,,,,,,,,,,,,,,,,,,,,,,,,,,,,,,,,,
Q54370,Q2715343,,,,,,,,,,,,,,,,,,,,,,,,,,,180577,,p=iouri;n=rurikides,,,dw.1292,,,,,,,,,p53086.htm#i530852,Yuri_I_of_Galicia_(1),,Рюрикович-19,I00118611
Q54371,Q45520822,,,,,,,,,,,,,,,,,,,,,,,,,,,,,,,,,,,,,,,,,,,,,
Q54374,Q21088317,,,,,,,,,,,,,,,,,,,,,,,,,,,,,p=anastasia;n=rurikides;oc=6,,,dw.1294,,,,,,,,,p11467.htm#i114665,Anastasia_of_Galicia_(2),,,
Q54375,Q45521010,,,,,,,,,,,,,,,,,,,,,,,,,,,,,,,,,,,,,,,,,,,,,
Q54378,Q12086698,,,,,,,,,,,,,,,,,,,,,,,,,,,553919,,p=maria;n=n;oc=21,,,,,,,,,,,,,Maria_of_Belozersk_(1),,,I00218931
Q54379,Q45521139,,,,,,,,,,,,,,,,,,,,,,,,,,,,,,,,,,,,,,,,,,,,,
Q54382,Q2452949,,,,,,,,,,178255905,,,,,,,,,,,,,,,,,161370,,p=boleslaw;n=piast;oc=10,,,dw.417,,,,,,,,,p11462.htm#i114620,Boleslaw_the_Pious_(1),,Piast-8,I00064089
Q54383,Q45521203,,,,,,,,,,,,,,,,,,,,,,,,,,,,,,,,,,,,,,,,,,,,,
Q54386,Q433699,,,,,,,,,,,,,,,,,,,,,,,,,,,161369,,p=jadwiga;n=piast,,,dw.1101,,,,,,,,,p11463.htm#i114629,Jadwiga_of_Greater_Poland_(1),,Piast-27,I00020797
Q54387,Q45521329,,,,,,,,,,,,,,,,,,,,,,,,,,,,,,,,,,,,,,,,,,,,,
Q54390,Q5361596,,,,,,,,,,,,,,,,,,,,,,,,,,,590589,,p=elzbieta;n=piast;oc=3,,,dw.1100,,,,,,,,,p11463.htm#i114627,Elisabeth_of_Greater_Poland_(1),,Piast-1,I00064088
Q54391,Q45521391,,,,,,,,,,,,,,,,,,,,,,,,,,,,,,,,,,,,,,,,,,,,,
Q54394,Q11686220,,,,,,,,,,,,,,,,,,,,,,,,,,,,,p=anna;n=piast;oc=3,,,dw.1102,,,,,,,,,,,,Piast-28,
Q54395,Q45521458,,,,,,,,,,,,,,,,,,,,,,,,,,,,,,,,,,,,,,,,,,,,,
Q54398,Q116005831,,,,,,,,,,,,,,,,,,,,,,,,,,,,,,,,,,,,,,,,,,,,Kumania-1,I00118620
Q54399,Q45521968,,,,,,,,,,,,,,,,,,,,,,,,,,,,,,,,,,,,,,,,,,,,,
Q54402,Q28962878,,,,,,,,,,,,,,,,,,,,,,,,,,,,,,,,,,,,,,,,,,,,,
Q54403,Q45522218,,,,,,,,,,,,,,,,,,,,,,,,,,,,,,,,,,,,,,,,,,,,,
Q54407,Q45522597,,,,,,,,,,,,,,,,,,,,,,,,,,,,,,,,,,,,,,,,,,,,,
Q54410,Q115584285,,,,,,,,,,,,,,,,,,,,,,,,,,,,,,,,,,,,,,,,,,Unknown_of_the_Cumans_(1),,,I00208130
Q54411,Q45522917,,,,,,,,,,,,,,,,,,,,,,,,,,,,,,,,,,,,,,,,,,,,,
Q54414,Q203829,,,,,,,,LWF2-V9P,,21056|14087288,,,,,,,,I2648,,,,,,,,,13061,,p=charles;n=d anjou;oc=11,,,dw.9393,,,,,,,,,p10313.htm#i103124,Charles_I_of_Naples_(1),,Capet-402,I00004073
Q54415,Q45523043,,,,,,,,,,,,,,,,,,,,,,,,,,,,,,,,,,,,,,,,,,,,,
Q54419,Q45490472,,,,,,,,,,,,,,,,,,,,,,,,,,,,,,,,,,,,,,,,,,,,,
Q54422,Q3500560,,,,,,,,,,,,,,,,,,,,,,,,,,,694441,,p=beatrice;n=d anjou,,,sw.980676,,,,,,,,,p11451.htm#i114506,Beatrice_of_Sicily_(2),,Sicilia-20,I00013814
Q54423,Q11124129,,,,,,,,,,,,,,,,,,,,,,,,,,,,,,,,,,,,,,,,,,,,,
Q54426,Q3458673,,,,,,,,,,,,,,,,,,I3146,,,,,,,,,12967,,p=blanche;n=d anjou,,,,,,,,,,,,p11451.htm#i114505,Blanche_of_Anjou_(2),,Altavilla-18,I00013789
Q54427,Q8255120,,,,,,,,,,,,,,,,,,,,,,,,,,,,,,,,,,,,,,,,,,,,,
Q54430,Q2057918,,,,,,,,,,,,,,,,,,,,,,,,,,,692726,,p=philippe;n=d anjou,,,,,,,,,,,,p11451.htm#i114508,Philip_of_Sicily_(1),,Sicilia-21,I00028507
Q54431,Q45680845,,,,,,,,,,,,,,,,,,,,,,,,,,,,,,,,,,,,,,,,,,,,,
Q54434,Q771859,,,,,,,,,,59117145,,,,,,,,I3180,,,,,,,,,153381,,p=clementia;n=von habsburg;oc=1,,,dw.1463,,,,,,,,,p11383.htm#i113828,Klementia_of_Habsburg_(1),,Habsburg-19,I00027065
Q54435,Q45406557,,,,,,,,,,,,,,,,,,,,,,,,,,,,,,,,,,,,,,,,,,,,,
Q54438,Q213061,,,,,,,,,,96343349,,,,,,,,,,,,,,,,,161265,,p=carobert;n=d anjou,,,dw.1621,,,,,,,,,p11417.htm#i114166,Charles_I_of_Hungary_(1),,D'Anjou-119,I00020805
Q54439,Q109350274,,,,,,,,,,,,,,,,,,,,,,,,,,,,,,,,,,,,,,,,,,,,,
Q54442,Q230081,,,,,,,,,,21063,,,,,,,,I3177,,,,,,,,,153382,,p=clemence;n=d anjou,,,dw.1903,,,,,,,,,p10313.htm#i103127,Clementia_of_Hungary_(1),,Anjou-343,I00014177
Q54443,Q45681163,,,,,,,,,,,,,,,,,,,,,,,,,,,,,,,,,,,,,,,,,,,,,
Q54446,Q4877224,,,,,,,,,,,,,,,,,,,,,,,,,,,712583,,p=beatrice;n=d anjou;oc=1,,,dw.1902,,,,,,,,,p11417.htm#i114164,Beatrice_of_Hungary_(1),,,I00027066
Q54447,Q45406571,,,,,,,,,,,,,,,,,,,,,,,,,,,,,,,,,,,,,,,,,,,,,
Q54450,Q525653,,,,,,,,,,,,,,,,,,,,,,,,,,,712634,,p=violanta;n=de aragon,,,,,,,,,,,,p11336.htm#i113353,Yolanda_of_Aragon_(1),,,I00013514
Q54451,Q45406577,,,,,,,,,,,,,,,,,,,,,,,,,,,,,,,,,,,,,,,,,,,,,
Q54454,Q774919,,,,,,,,,,,,,,,,,,,,,,,,,,,712713,,p=sancia;n=de aragon,,,,,,,,,,,,p11452.htm#i114515,Sancha_of_Majorca_(1),,,I00126943
Q54455,Q67523828,,,,,,,,,,,,,,,,,,,,,,,,,,,,,,,,,,,,,,,,,,,,,
Q54458,Q201737,,,,,,,,,,,,,,,,,,,,,,,,,,,712531,,p=charles;n=d anjou,,,dw.9395,,,,,,,,,p11418.htm#i114175,"Charles,_Duke_of_Calabria_(1)",,Anjou_de_Calabria-1,I00007886
Q54459,Q45682618,,,,,,,,,,,,,,,,,,,,,,,,,,,,,,,,,,,,,,,,,,,,,
Q54462,Q42376712,,,,,,,,,,,,,,,,,,,,,,,,,,,,,p=carlo;n=d artus,,,,,,,,,,,,,,,,
Q54463,Q98141322,,,,,,,,,,,,,,,,,,,,,,,,,,,,,,,,,,,,,,,,,,,,,
Q54464,Q45497877,,,,,,,,,,,,,,,,,,,,,,,,,,,,,,,,,,,,,,,,,,,,,
Q54467,Q260269,,,,,,,,,,,,,,,,,,,,,,,,,,,712742,,p=catherine;n=de valois,,,,,,,,,,,,p11452.htm#i114512,Catherine_of_Valois_(2),,Valois-89,I00005240
Q54468,Q45422131,,,,,,,,,,,,,,,,,,,,,,,,,,,,,,,,,,,,,,,,,,,,,
Q54471,Q738040,,,,,,,,,,,,,,,,,,,,,,,,,,,28609|712690,,p=louis;n=d anjou;oc=3,,,dw.1915,,,,,,,,,p11452.htm#i114514,"Louis,_Prince_of_Taranto_(1)",,Anjou-336,I00033553
Q54472,Q45497852,,,,,,,,,,,,,,,,,,,,,,,,,,,,,,,,,,,,,,,,,,,,,
Q54475,Q878347,,,,,,,,,,,,,,,,,,,,,,,,,,,703518,,p=robert;n=d anjou;oc=1,,,,,,,,,,,,,"Robert,_Prince_of_Taranto_(1)",,D'Anjou-Sicile-1,I00330578
Q54476,Q45603929,,,,,,,,,,,,,,,,,,,,,,,,,,,,,,,,,,,,,,,,,,,,,
Q54479,Q658100,,,,,,,,,,,,,,,,,,,,,,,,,,,712545,,p=philippe;n=d anjou;oc=2,,,dw.9143,,,,,,,,,p11454.htm#i114532,"Philip_II,_Prince_of_Taranto_(1)",,,I00033556
Q54480,Q45604183,,,,,,,,,,,,,,,,,,,,,,,,,,,,,,,,,,,,,,,,,,,,,
Q54483,Q770469,,,,,,,,,,,,,,,,,,,,,,,,,,,712758,,p=marguerite;n=d anjou;oc=3,,,,,,,,,,,,,Margaret_of_Taranto_(1),,,I00079812
Q54484,Q45556565,,,,,,,,,,,,,,,,,,,,,,,,,,,,,,,,,,,,,,,,,,,,,
Q54487,Q75290785,,,,,,,,,,,,,,,,,,,,,,,,,,,10584,,p=marguerite;n=de clermont;oc=1,,,,,,,,,,,,p4200.htm#i41996,Margaret_of_Clermont_(1),,Clermont-79,I00330640
Q54488,Q65803579,,,,,,,,,,,,,,,,,,,,,,,,,,,,,,,,,,,,,,,,,,,,,
Q54491,Q45602572,,,,,,,,,,,,,,,,,,,,,,,,,,,,,,,,,,,,,,,,,,,,,
Q54492,Q287015,,,,,,,,,,,,,,,,,,,,,,,,,,,705012,,p=mathilde;n=d avesnes,,,,,,,,,,,,p4205.htm#i42041|p11379.htm#i113785,Matilda_of_Hainaut_(1),,Avesnes-98,I00106563
Q54495,Q45602635,,,,,,,,,,,,,,,,,,,,,,,,,,,,,,,,,,,,,,,,,,,,,
Q54496,Q43476870,,,,,,,,,,,,,,,,,,,,,,,,,,,712786,,p=agnes;n=de talleyrand perigord;oc=1,,,,,,,,,,,,p11453.htm#i114522,Agnes_de_Périgord_(1),,,I00161633
Q54499,Q45602700,,,,,,,,,,,,,,,,,,,,,,,,,,,,,,,,,,,,,,,,,,,,,
Q54500,Q3436732,,,,,,,,,,,,,,,,,,,,,,,,,,,712906,,p=robert;n=d anjou;oc=2,,,,,,,,,,,,p11453.htm#i114524,Robert_of_Durazzo_(1),,,I00161634
Q54503,Q65806597,,,,,,,,,,,,,,,,,,,,,,,,,,,,,,,,,,,,,,,,,,,,,
Q54504,Q581918,,,,,,,,,,,,,,,,,,,,,,,,,,,712701,,p=charles;n=d anjou;oc=3,,,,,,,,,,,,p11453.htm#i114529,"Charles,_Duke_of_Durazzo_(1)",,,I00033549
Q54507,Q65806596,,,,,,,,,,,,,,,,,,,,,,,,,,,,,,,,,,,,,,,,,,,,,
Q54508,Q631524,,,,,,,,,,,,,,,,,,,,,,,,,,,712865,,p=louis;n=d anjou;oc=4,,,,,,,,,,,,p11453.htm#i114525,Louis_of_Durazzo_(1),,,I00109468
Q54511,Q45437531,,,,,,,,,,,,,,,,,,,,,,,,,,,,,,,,,,,,,,,,,,,,,
Q54512,Q7610929,,,,,,,,,,,,,,,,,,,,,,,,,,,,,p=etienne;n=d anjou;oc=1,,,,,,,,,,,,,Stephen_of_Durazzo_(1),,,
Q54515,Q45437593,,,,,,,,,,,,,,,,,,,,,,,,,,,,,,,,,,,,,,,,,,,,,
Q54516,Q270438,,,,,,,,,,21057,,,,,,,,I3037,,,,,,,,,28990,,p=charles;n=de valois,,,dw.2110,,,,,,,,,p11368.htm#i113673,Charles_of_Valois_(1),,Capet-25,I00000227
Q54519,Q45437655,,,,,,,,,,,,,,,,,,,,,,,,,,,,,,,,,,,,,,,,,,,,,
Q54520,Q170586,,,,,,,,,,21104,,,,,,,,I3150,,,,,,,,,28832,,p=philippe;n=de valois;oc=6,,,sg.138150,,,,,,,,,p10314.htm#i103134,Philip_VI_of_France_(1),,Valois-119,I00000226
Q54523,Q45479767,,,,,,,,,,,,,,,,,,,,,,,,,,,,,,,,,,,,,,,,,,,,,
Q54524,Q916305,,,,,,,,,,,,,,,,,,,,,,,,,,,137903,,p=jeanne;n=de valois,,,sg.134281,,,,,,,,,p10725.htm#i107242,Joan_of_Valois_(3),,Valois-6,I00005237
Q54527,Q45603088,,,,,,,,,,,,,,,,,,,,,,,,,,,,,,,,,,,,,,,,,,,,,
Q54528,Q1034017,,,,,,,,,,,,,,,,,,,,,,,,,,,433252,,p=marguerite;n=de valois,,,,,,,,,,,,p149.htm#i1487,Marguerite_of_Valois_(1),,Valois-15,I00005236
Q54531,Q45603155,,,,,,,,,,,,,,,,,,,,,,,,,,,,,,,,,,,,,,,,,,,,,
Q54532,Q1384129,,,,,,,,,,21053,,,,,,,,,,,,,,,,,505119,,p=charles;n=de valois;oc=2,,,sw.181744,,,,,,,,,p11362.htm#i113619,Charles_II_of_Alençon_(1),,Valois-16,I00007607
Q54535,Q45603348,,,,,,,,,,,,,,,,,,,,,,,,,,,,,,,,,,,,,,,,,,,,,
Q54536,Q772606,,,,,,,,,,,,,,,,,,,,,,,,,,,409497,,p=isabelle;n=de valois,,,,,,,,,,,,p4169.htm#i41690,Isabel_Valois_(1),,Valois-14,I00005238
Q54539,Q45603414,,,,,,,,,,,,,,,,,,,,,,,,,,,,,,,,,,,,,,,,,,,,,
Q54540,Q312735,,,,,,,,,,,,,,,,,,I2658,,,,,,,,,141057,,p=jaime;n=de aragon;oc=2,,,dw.8206,,,,,,,,,p11337.htm#i113364,James_II_of_Aragon_(1),,Aragón-129,I00013509
Q54543,Q45603478,,,,,,,,,,,,,,,,,,,,,,,,,,,,,,,,,,,,,,,,,,,,,
Q54544,Q380088,,,,,,,,,,,,,,,,,,I5324,,,,,,,,,135277,,p=alfonso;n=de aragon;oc=4,,,sg.138345,,,,,,,,,p11337.htm#i113370,Alfonso_IV_of_Aragon_(1),,Aragón-128,I00013511
Q54547,Q65803884,,,,,,,,,,,,,,,,,,,,,,,,,,,,,,,,,,,,,,,,,,,,,
Q54548,Q2635585,,,,,,,,,,,,,,,,,,,,,,,,,,,,,,,,,,,,,,,,,p11344.htm#i113440,"Maria_of_Aragon,_Lady_of_Cameros_(1)",,,I00372469
Q54551,Q1799031,,,,,,,,,,,,,,,,,,,,,,,,,,,,,,,,,,,,,,,,,,,,,
Q54552,Q441662,,,,,,,,,,,,,,,,,,I3345,,,,,,,,,820540,,p=isabel;n=de aragon;oc=1,,,dw.1541,,,,,,,,,p11385.htm#i113844,Isabella_of_Aragon_(2),,,I00341467
Q54555,Q2666817,,,,,,,,,,,,,,,,,,,,,,,,,,,644446,,,,,,,,,,,,,,,,,,
Q54556,Q3903970,,,,,,,,,,,,,,,,,,,,,,,,,,,821709,,p=pedro;n=de aragon,,,,,,,,,,,,,Infante_don_Pedro_de_Aragón_(1),,Aragon-238,I00093509
Q54559,Q464086,,,,,,,,,,,,,,,,,,,,,,,,,,,,,,,,,,,,,,,,,,,,,
Q54560,Q774846,,,,,,,,,,,,,,,,,,,,,,,,,,,712720,,p=violante;n=de aragon;oc=3,,,,,,,,,,,,,Violante_d'Aragona_(1),,,I00485378
Q54563,Q2420583,,,,,,,,,,,,,,,,,,,,,,,,,,,1206269,,,,,,,,,,,,,,,,,,
Q54564,Q19998081,,,,,,,,,,,,,,,,,,,,,,,,,,,,,,,,,,,,,,,,,,,,,
Q54567,Q1021860,,,,,,,,,,,,,,,,,,,,,,,,,,,,,,,,,,,,,,,,,,,,,
Q54568,Q3687650,,,,,,,,,,,,,,,,,,,,,,,,,,,895803,,,,,,,,,,,,,,p4209.htm#i42088,Constanza_de_Aragón_(2),,,I00275688
Q54571,Q1910177,,,,,,,,,,,,,,,,,,,,,,,,,,,644451,,,,,,,,,,,,,,,,,,
Q54572,Q2466099,,,,,,,,,,,,,,,,,,,,,,,,,,,895383,,,,,,,,,,,,,,,James_of_Aragon_(1),,,I00485375
Q54575,Q45462421,,,,,,,,,,,,,,,,,,,,,,,,,,,,,,,,,,,,,,,,,,,,,
Q54576,Q2010109,,,,,,,,,,,,,,,,,,,,,,,,,,,,,,,,,,,,,,,,,,,,,
Q54579,Q26209530,,,,,,,,,,,,,,,,,,,,,,,,,,,,,,,,,,,,,,,,,,,,,
Q54580,Q3929569,,,,,,,,,,,,,,,,,,,,,,,,,,,,,p=ramon berenguer;n=de aragon;oc=1,,,,,,,,,,,,,Raimondo_Berengario_d'Aragona_(1),,,I00400234
Q54583,Q26209539,,,,,,,,,,,,,,,,,,,,,,,,,,,,,,,,,,,,,,,,,,,,,
Q54585,Q367226,,,,,,,,,,92878352,,,,,,,,I2659,,,,,,,,,137916,,p=fadrique;n=de aragon;oc=2,,,dw.8151,,,,,,,,,p360.htm#i3600,Frederick_III_of_Sicily_(1),,Sicilia-23,I00013517
Q54587,Q7979772,,,,,,,,,,,,,,,,,,,,,,,,,,,,,,,,,,,,,,,,,,,,,
Q54589,Q378250,,,,,,,,,,,,,,,,,,,,,,,,,,,,,p=constance;n=de aragon,,,,,,,,,,,,,Constance_of_Sicily_(2),,,I00013530
Q54591,Q65804872,,,,,,,,,,,,,,,,,,,,,,,,,,,,,,,,,,,,,,,,,,,,,
Q54593,Q381273,,,,,,,,,,,,,,,,,,I5331,,,,,,,,,137915,,p=pedro;n=de aragon;oc=12,,,dw.8218,,,,,,,,,p11337.htm#i113361,Peter_II_of_Sicily_(1),,Sicilia-16,I00013525
Q54595,Q45487966,,,,,,,,,,,,,,,,,,,,,,,,,,,,,,,,,,,,,,,,,,,,,
Q54597,Q1388172,,,,,,,,,,,,,,,,,,,,,,,,,,,,,,,,sw.980655,,,,,,,,,p11336.htm#i113359,Manfredo_Sicily_(1),,Sicilia-61,I00013533
Q54599,Q45420615,,,,,,,,,,,,,,,,,,,,,,,,,,,,,,,,,,,,,,,,,,,,,
Q54601,Q2010317,,,,,,,,,,,,,,,,,,,,,,,,,,,11401,,p=isabel;n=de aragon;oc=5,,,dw.2308,,,,,,,,,p361.htm#i3601,Elisabeth_of_Sicily_(1),,Sicilia-15,I00013532
Q54603,Q45581440,,,,,,,,,,,,,,,,,,,,,,,,,,,,,,,,,,,,,,,,,,,,,
Q54605,Q1060357,,,,,,,,,,160727933,,,,,,,,,,,,,,,,,,,,,,sw.980656,,,,,,,,,p11336.htm#i113360,Guglielmo_Sicily_(1),,Sicilia-27,
Q54607,Q45581503,,,,,,,,,,,,,,,,,,,,,,,,,,,,,,,,,,,,,,,,,,,,,
Q54609,Q557092,,,,,,,,,,,,,,,,,,,,,,,,,,,,,,,,,,,,,,,,,,Giovanni_Sicily_(1),,Sicilia-30,
Q54611,Q45581567,,,,,,,,,,,,,,,,,,,,,,,,,,,,,,,,,,,,,,,,,,,,,
Q54613,Q1788074,,,,,,,,,,,,,,,,,,I3271,,,,,,,,,,,p=margarita;n=de aragon,,,dw.2115,,,,,,,,,,Margarete_of_Sicily_(1),,,I00013534
Q54615,Q45558309,,,,,,,,,,,,,,,,,,,,,,,,,,,,,,,,,,,,,,,,,,,,,
Q54617,Q878340,,,,,,,,,,,,,,,,,,,,,,,,,,,712943,,p=sancho;n=de aragon;oc=4,,,,,,,,,,,,p4205.htm#i42044,Sancho_de_Mallorca_(1),,,I00126945
Q54619,Q45499345,,,,,,,,,,,,,,,,,,,,,,,,,,,,,,,,,,,,,,,,,,,,,
Q54621,Q20003360,,,,,,,,,,,,,,,,,,,,,,,,,,,,,p=jaime;n=de ejerica,,,,,,,,,,,,,Jaime_Ejerica_(1),,,I00399276
Q54623,Q10271786,,,,,,,,,,,,,,,,,,,,,,,,,,,,,,,,,,,,,,,,,,,,,
Q54625,Q16626846,,,,,,,,,,,,,,,,,,,,,,,,,,,1421227,,p=bertrand;n=des baux;oc=4,,,,,,,,,,,,p352.htm#i3511,Bertrand_De_Baux_(1),,Baux-17,I00079808
Q54627,Q9755,,,,,,,,,,,,,,,,,,,,,,,,,,,,,,,,,,,,,,,,,,,,,
Q54629,Q2124082,,,,,,,,,,,,,,,,,,,,,,,,,,,,,p=azzo;n=d este;oc=8,,,,,,,,,,,,p4205.htm#i42046,Azzo_d'Este_(1),,Este-65,I00114039
Q54631,Q65805518,,,,,,,,,,,,,,,,,,,,,,,,,,,,,,,,,,,,,,,,,,,,,
Q54633,Q16674336,,,,,,,,,,,,,,,,,,,,,,,,,,,,,p=marie;n=de berre,,,,,,,,,,,,p55201.htm#i552001,Marie_des_Baux_(1),,,I00496075
Q54635,Q65805517,,,,,,,,,,,,,,,,,,,,,,,,,,,,,,,,,,,,,,,,,,,,,
Q54637,Q17453190,,,,,,,,,,,,,,,,,,,,,,,,,,,,,p=fresco;n=d este,,,,,,,,,,,,p16403.htm#i164027,,,,
Q54639,Q45525736,,,,,,,,,,,,,,,,,,,,,,,,,,,,,,,,,,,,,,,,,,,,,
Q54641,Q1001451,,,,,,,,,,,,,,,,,,,,,,,,,,,,,,,,,,,,,,,,,,,,,
Q54643,Q45652300,,,,,,,,,,,,,,,,,,,,,,,,,,,,,,,,,,,,,,,,,,,,,
Q54645,Q116948393,,,,,,,,,,,,,,,,,,,,,,,,,,,,,,,,,,,,,,,,,,,,,
Q54647,Q24834458,,,,,,,,,,,,,,,,,,,,,,,,,,,,,,,,,,,,,,,,,,,,,
Q54649,Q2586529,,,,,,,,,,,,,,,,,,,,,,,,,,,,,,,,,,,,,,,,,,,,,
Q54651,Q65806874,,,,,,,,,,,,,,,,,,,,,,,,,,,,,,,,,,,,,,,,,,,,,
Q54653,Q2588333,,,,,,,,,,,,,,,,,,,,,,,,,,,,,,,,,,,,,,,,,,,,,
Q54655,Q45420389,,,,,,,,,,,,,,,,,,,,,,,,,,,,,,,,,,,,,,,,,,,,,
Q54657,Q11719581,,,,,,,,,,,,,,,,,,,,,,,,,,,,,,,,sw.980623,,,,,,,,,,,,,
Q54659,Q45474627,,,,,,,,,,,,,,,,,,,,,,,,,,,,,,,,,,,,,,,,,,,,,
Q54661,Q85123987,,,,,,,,,,,,,,,,,,,,,,,,,,,,,,,,,,,,,,,,,,,,,
Q54663,Q45475015,,,,,,,,,,,,,,,,,,,,,,,,,,,,,,,,,,,,,,,,,,,,,
Q54665,Q18639857,,,,,,,,,,,,,,,,,,,,,,,,,,,,,,,,,,,,,,,,,,,,,
Q54667,Q45475331,,,,,,,,,,,,,,,,,,,,,,,,,,,,,,,,,,,,,,,,,,,,,
Q54669,Q120350,,,,,,,,,,,,,,,,,,,,,,,,,,,354134,,,,,,,,,,,,,,p14556.htm#i145557,Ivan_Stephen_of_Bulgaria_(1),,,
Q54671,Q45475394,,,,,,,,,,,,,,,,,,,,,,,,,,,,,,,,,,,,,,,,,,,,,
Q54673,Q7499093,,,,,,,,,,,,,,,,,,,,,,,,,,,,,,,,,,,,,,,,,,,,,
Q54675,Q45475844,,,,,,,,,,,,,,,,,,,,,,,,,,,,,,,,,,,,,,,,,,,,,
Q54677,Q7901091,,,,,,,,,,,,,,,,,,,,,,,,,,,,,,,,,,,,,,,,,,,,,
Q54679,Q45475907,,,,,,,,,,,,,,,,,,,,,,,,,,,,,,,,,,,,,,,,,,,,,
Q54681,Q1289015,,,,,,,,,,,,,,,,,,,,,,,,,,,418211,,p=stjepan;n=kotromanic,,,,,,,,,,,,,"Stephen_I,_Ban_of_Bosnia_(1)",,,I00165012
Q54683,Q45420387,,,,,,,,,,,,,,,,,,,,,,,,,,,,,,,,,,,,,,,,,,,,,
Q54685,Q965795,,,,,,,,,,,,,,,,,,,,,,,,,,,418214,,p=stjepan;n=kotromanic;oc=1,,,dw.1847,,,,,,,,,p11418.htm#i114177,"Stephen_II,_Ban_of_Bosnia_(1)",,,I00352403
Q54687,Q45476350,,,,,,,,,,,,,,,,,,,,,,,,,,,,,,,,,,,,,,,,,,,,,
Q54689,Q2750878,,,,,,,,,,,,,,,,,,,,,,,,,,,418145,,p=vladislav;n=kotromanic,,,,,,,,,,,,,Vladislaus_of_Bosnia_(1),,,I00107906
Q54691,Q45476478,,,,,,,,,,,,,,,,,,,,,,,,,,,,,,,,,,,,,,,,,,,,,
Q54693,Q16109272,,,,,,,,,,,,,,,,,,,,,,,,,,,865361,,p=ninoslav;n=kotromanic,,,,,,,,,,,,,,,,I00165008
Q54695,Q45476605,,,,,,,,,,,,,,,,,,,,,,,,,,,,,,,,,,,,,,,,,,,,,
Q54696,Q17998203,,,,,,,,,,,,,,,,,,,,,,,,,,,,,,,,,,,,,,,,,,,,,
Q54699,Q45476159,,,,,,,,,,,,,,,,,,,,,,,,,,,,,,,,,,,,,,,,,,,,,
Q54700,Q23015724,,,,,,,,,,,,,,,,,,,,,,,,,,,,,,,,,,,,,,,,,,,,,I00764764
Q54703,Q45505212,,,,,,,,,,,,,,,,,,,,,,,,,,,,,,,,,,,,,,,,,,,,,
Q54707,Q45476032,,,,,,,,,,,,,,,,,,,,,,,,,,,,,,,,,,,,,,,,,,,,,
Q54711,Q45476096,,,,,,,,,,,,,,,,,,,,,,,,,,,,,,,,,,,,,,,,,,,,,
Q54715,Q45503665,,,,,,,,,,,,,,,,,,,,,,,,,,,,,,,,,,,,,,,,,,,,,
Q54719,Q45504492,,,,,,,,,,,,,,,,,,,,,,,,,,,,,,,,,,,,,,,,,,,,,
Q54721,Q451949,,,,,,,,,,,,,,,,,,I3027,,,,,,,,,11718,,p=amedee;n=de savoie;oc=4,,,dw.8079,,,,,,,,,p782.htm#i7815,"Amadeus_IV,_Count_of_Savoy_(1)",,Savoie-1252,I00049930
Q54723,Q16904984,,,,,,,,,,,,,,,,,,,,,,,,,,,,,,,,,,,,,,,,,,,,,
Q54727,Q45496919,,,,,,,,,,,,,,,,,,,,,,,,,,,,,,,,,,,,,,,,,,,,,
Q54729,Q2929521,,,,,,,,,,,,,,,,,,I3026,,,,,,,,,136353,,p=beatrice;n=de savoie;oc=1,,,dw.8052,,,,,,,,,p49159.htm#i491585,Beatrice_De_Savoy_(3),,Savoie-271,I00013537
Q54731,Q45681440,,,,,,,,,,,,,,,,,,,,,,,,,,,,,,,,,,,,,,,,,,,,,
Q54733,Q30887770,,,,,,,,,,,,,,,,,,,,,,,,,,,578359,,p=aymar;n=de poitiers;oc=3,,,,,,,,,,,,p11649.htm#i116488,Aymar_de_Poitiers_(2),,Poitiers-92,I00026441
Q54735,Q45681471,,,,,,,,,,,,,,,,,,,,,,,,,,,,,,,,,,,,,,,,,,,,,
Q54737,Q62647,,,,,,,,,,,,,,,,,,,,,,,,,,,627295,,p=albrecht;n=von braunschweig luneburg,,,dw.2902,,,,,,,,,p536.htm#i5355,"Albert_I,_Duke_of_Brunswick-Lüneburg_(1)",,Braunschweig-Lüneburg-19,I00012346
Q54739,Q45498978,,,,,,,,,,,,,,,,,,,,,,,,,,,,,,,,,,,,,,,,,,,,,
Q54741,Q566500,,,,,,,,,,,,,,,,,,,,,,,,,,,327673,,p=gerhard;n=von holstein schauenburg,,,dw.5396,,,,,,,,,p11292.htm#i112911,"Gerhard_I,_Count_of_Holstein-Itzehoe_(1)",,Holstein-31,I00023818
Q54743,Q45499109,,,,,,,,,,,,,,,,,,,,,,,,,,,,,,,,,,,,,,,,,,,,,
Q54745,Q70828,,,,,,,,,,,,,,,,,,,,,,,,,,,615883,,p=heinrich;n=von braunschweig grubenhagen,,,dw.2871,,,,,,,,,p11399.htm#i113986,"Henry_I,_Duke_of_Brunswick-Grubenhagen_(1)",,UNKNOWN-77933,I00015341
Q54747,Q65809823,,,,,,,,,,,,,,,,,,,,,,,,,,,,,,,,,,,,,,,,,,,,,
Q54749,Q553131,,,,,,,,,,,,,,,,,,,,,,,,,,,917702,,p=wilhelm;n=von braunschweig wolfenbuttel,,,sw.980636,,,,,,,,,p781.htm#i7807,"William_I,_Duke_of_Brunswick-Lüneburg_(1)",,Welf-79,I00008786
Q54751,Q11053517,,,,,,,,,,,,,,,,,,,,,,,,,,,,,,,,,,,,,,,,,,,,,
Q54753,Q75877,,,,,,,,,,120377027,,,,,,,,,,,,,,,,,627296,,p=albrecht;n=von braunschweig gottingen,,,dw.5423,,,,,,,,,p535.htm#i5342,"Albert_II,_Duke_of_Brunswick-Lüneburg_(1)",,Welf-17,I00015339
Q54755,Q45678375,,,,,,,,,,,,,,,,,,,,,,,,,,,,,,,,,,,,,,,,,,,,,
Q54757,Q677345,,,,,,,,,,120372910,,,,,,,,,,,,,,,,,911712,,,,,,,,,,,,,,p781.htm#i7809,Luther_von_Braunschweig_(1),,Braunschweig-18,I00434096
Q54759,Q16077224,,,,,,,,,,,,,,,,,,,,,,,,,,,,,,,,,,,,,,,,,,,,,
Q54761,Q5561260,,,,,,,,,,,,,,,,,,,,,,,,,,,782715,,p=mathilde;n=von braunschweig luneburg,,,dw.1320,,,,,,,,,p782.htm#i7812,Matilda_of_Brunswick-Lüneburg_(1),,Welf-69,I00015343
Q54763,Q45657194,,,,,,,,,,,,,,,,,,,,,,,,,,,,,,,,,,,,,,,,,,,,,
Q54765,Q75246277,,,,,,,,,,,,,,,,,,,,,,,,,,,914001,,,,,,,,,,,,,,p781.htm#i7810,Konrad_Brunswick_Grubenhagen_(1),,UNKNOWN-78722,I00434095
Q54767,Q45647432,,,,,,,,,,,,,,,,,,,,,,,,,,,,,,,,,,,,,,,,,,,,,
Q54769,Q75246278,,,,,,,,,,,,,,,,,,,,,,,,,,,914002,,,,,,,,,,,,,,p782.htm#i7811,Otto_Brunswick_Grubenhagen_(1),,Braunschweig-36,I00434094
Q54771,Q5163358,,,,,,,,,,,,,,,,,,,,,,,,,,,,,,,,,,,,,,,,,,,,,
Q54775,Q8251297,,,,,,,,,,,,,,,,,,,,,,,,,,,,,,,,,,,,,,,,,,,,,
Q54779,Q16075417,,,,,,,,,,,,,,,,,,,,,,,,,,,,,,,,,,,,,,,,,,,,,
Q54783,Q65803155,,,,,,,,,,,,,,,,,,,,,,,,,,,,,,,,,,,,,,,,,,,,,
Q54787,Q10877827,,,,,,,,,,,,,,,,,,,,,,,,,,,,,,,,,,,,,,,,,,,,,
Q54791,Q10878348,,,,,,,,,,,,,,,,,,,,,,,,,,,,,,,,,,,,,,,,,,,,,
Q54795,Q10905971,,,,,,,,,,,,,,,,,,,,,,,,,,,,,,,,,,,,,,,,,,,,,
Q54799,Q10923930,,,,,,,,,,,,,,,,,,,,,,,,,,,,,,,,,,,,,,,,,,,,,
Q54801,Q1357700,,,,,,,,,,,,,,,,,,,,,,,,,,,161977,,,,,,,,,,,,,,p11343.htm#i113423,Infante_Enrique_of_Castile_(1),,Castilla-104,I00319388
Q54803,Q10941115,,,,,,,,,,,,,,,,,,,,,,,,,,,,,,,,,,,,,,,,,,,,,
Q54805,Q2012699,,,,,,,,,,,,,,,,,,,,,,,,,,,706792,,p=felipe;n=de castilla,,,,,,,,,,,,p11305.htm#i113043,Felipe_Fernandez_(1),,Castilla-136,
Q54807,Q11087518,,,,,,,,,,,,,,,,,,,,,,,,,,,,,,,,,,,,,,,,,,,,,
Q54809,Q2423033,,,,,,,,,,,,,,,,,,,,,,,,,,,464173,,p=fernando;n=de castilla;oc=5,,,,,,,,,,,,p11343.htm#i113426,Fernando_de_Castilla_(1),,Castilla-93,I00046804
Q54811,Q11089406,,,,,,,,,,,,,,,,,,,,,,,,,,,,,,,,,,,,,,,,,,,,,
Q54813,Q2468400,,,,,,,,,,,,,,,,,,,,,,,,,,,288561,,,,,,,,,,,,,,p11432.htm#i114314,Manuel_of_Castile_(1),,Castilla-96,I00139148
Q54815,Q11089661,,,,,,,,,,,,,,,,,,,,,,,,,,,,,,,,,,,,,,,,,,,,,
Q54817,Q3741963,,,,,,,,,,,,,,,,,,,,,,,,,,,706774,,,,,,,,,,,,,,p11343.htm#i113422,Infante_Fadrique_of_Castile_(1),,Castilla-92,
Q54819,Q11131001,,,,,,,,,,,,,,,,,,,,,,,,,,,,,,,,,,,,,,,,,,,,,
Q54821,Q3948085,,,,,,,,,,,,,,,,,,,,,,,,,,,,,,,,,,,,,,,,,p4192.htm#i41916,Sancho_Fernandez_(1),,Castilla-135,I00551076
Q54823,Q11132428,,,,,,,,,,,,,,,,,,,,,,,,,,,,,,,,,,,,,,,,,,,,,
Q54827,Q16603394,,,,,,,,,,,,,,,,,,,,,,,,,,,,,,,,,,,,,,,,,,,,,
Q54829,Q3742711,,,,,,,,,,,,,,,,,,,,,,,,,,,706775,,,,,,,,,,,,,,p4192.htm#i41912,Fernando_Fernandez_(1),,Bourgogne-253,
Q54831,Q16603436,,,,,,,,,,,,,,,,,,,,,,,,,,,,,,,,,,,,,,,,,,,,,
Q54833,Q3840289,,,,,,,,,,,,,,,,,,,,,,,,,,,,,,,,,,,,,,,,,p4193.htm#i41922,Louis_Castile_(6),,Bourgogne-258,
Q54835,Q16603507,,,,,,,,,,,,,,,,,,,,,,,,,,,,,,,,,,,,,,,,,,,,,
Q54837,Q5726308,,,,,,,,,,,,,,,,,,,,,,,,,,,,,,,,,,,,,,,,,p4193.htm#i41925,Berenguela_Fernandez_(1),,,
Q54839,Q16603514,,,,,,,,,,,,,,,,,,,,,,,,,,,,,,,,,,,,,,,,,,,,,
Q54841,Q6004786,,,,,,,,,,,,,,,,,,,,,,,,,,,706853,,,,,,,,,,,,,,p4193.htm#i41926,Maria_Fernandez_(1),,Castilla_y_León-1,
Q54843,Q16603515,,,,,,,,,,,,,,,,,,,,,,,,,,,,,,,,,,,,,,,,,,,,,
Q54845,Q4722030,,,,,,,,,,,,,,,,,,,,,,,,,,,,,,,,,,,,,,,,,p4209.htm#i42083,Alfonso_Fernández_de_Castilla_(1),,,
Q54847,Q16603542,,,,,,,,,,,,,,,,,,,,,,,,,,,,,,,,,,,,,,,,,,,,,
Q54849,Q75290895,,,,,,,,,,,,,,,,,,,,,,,,,,,,,,,,,,,,,,,,,p4208.htm#i42078,,,,
Q54851,Q16603556,,,,,,,,,,,,,,,,,,,,,,,,,,,,,,,,,,,,,,,,,,,,,
Q54853,Q75290897,,,,,,,,,,,,,,,,,,,,,,,,,,,,,,,,,,,,,,,,,p4208.htm#i42079,,,,I00392485
Q54855,Q16603625,,,,,,,,,,,,,,,,,,,,,,,,,,,,,,,,,,,,,,,,,,,,,
Q54857,Q75290633,,,,,,,,,,,,,,,,,,,,,,,,,,,,,,,,,,,,,,,,,p4189.htm#i41890,,,,
Q54859,Q16603647,,,,,,,,,,,,,,,,,,,,,,,,,,,,,,,,,,,,,,,,,,,,,
Q54863,Q16603699,,,,,,,,,,,,,,,,,,,,,,,,,,,,,,,,,,,,,,,,,,,,,
Q54865,Q2006303,,,,,,,,,,,,,,,,,,,,,,,,,,,895379,,,,,,,,,,,,,,p11343.htm#i113425,Constança_of_Aragon_(3),,Aragón-243,
Q54867,Q11096908,,,,,,,,,,,,,,,,,,,,,,,,,,,,,,,,,,,,,,,,,,,,,
Q54869,Q229419,,,,,,,,,,21080,,,,,,,,I2636,,,,,,,,,61022,,p=isabel;n=de aragon,,,sw.97016,,,,,,,,,p10326.htm#i103257,Isabella_of_Aragon_(1),,Aragón-102,I00004022
Q54871,Q11098084,,,,,,,,,,,,,,,,,,,,,,,,,,,,,,,,,,,,,,,,,,,,,
Q54873,Q528401,,,,,,,,,,,,,,,,,,,,,,,,,,,712712,,p=jaime;n=de mallorca;oc=5,,,sw.980619,,,,,,,,,p11335.htm#i113347,James_II_of_Majorca_(1),,Aragón-244,I00126940
Q54875,Q11098098,,,,,,,,,,,,,,,,,,,,,,,,,,,,,,,,,,,,,,,,,,,,,
Q54877,Q312311,,,,,,,,,,,,,,,,,,I2642,,,,,,,,,110265,,p=pedro;n=de aragon;oc=3,,,dw.8081,,,,,,,,,p11335.htm#i113341,Peter_III_of_Aragon_(1),,Aragón-120,I00013506
Q54879,Q11098106,,,,,,,,,,,,,,,,,,,,,,,,,,,,,,,,,,,,,,,,,,,,,
Q54883,Q10338937,,,,,,,,,,,,,,,,,,,,,,,,,,,,,,,,,,,,,,,,,,,,,
Q54887,Q10338963,,,,,,,,,,,,,,,,,,,,,,,,,,,,,,,,,,,,,,,,,,,,,
Q54889,Q4755558,,,,,,,,,,,,,,,,,,,,,,,,,,,,,p=branca;n=de portugal,,,,,,,,,,,,p4197.htm#i41968,"Infanta_Branca,_Viscountess_of_Huelgas_(1)",,UNKNOWN-77766,I00107278
Q54891,Q11098117,,,,,,,,,,,,,,,,,,,,,,,,,,,,,,,,,,,,,,,,,,,,,
Q54893,Q212890,,,,,,,,,,10698812,,,,,,,,,,,,,,,,,50026,,p=dinis;n=de portugal,,,sw.214855,,,,,,,,,p11336.htm#i113356,Denis_of_Portugal_(1),,Portugal-75,I00013515
Q54895,Q11098121,,,,,,,,,,,,,,,,,,,,,,,,,,,,,,,,,,,,,,,,,,,,,
Q54897,Q2840038,,,,,,,,,,,,,,,,,,,,,,,,,,,1212887,,p=afonso;n=de portugal;oc=4,,,,,,,,,,,,p11431.htm#i114309,"Infante_Afonso,_Lord_of_Portalegre_(1)",,UNKNOWN-77701,I00515118
Q54899,Q11098125,,,,,,,,,,,,,,,,,,,,,,,,,,,,,,,,,,,,,,,,,,,,,
Q54901,Q4460880,,,,,,,,,,,,,,,,,,,,,,,,,,,,,p=sancha afonso;n=de portugal,,,,,,,,,,,,p4197.htm#i41969,Infanta_Sancha_of_Portugal_(1),,UNKNOWN-78000,I00107280
Q54903,Q11098126,,,,,,,,,,,,,,,,,,,,,,,,,,,,,,,,,,,,,,,,,,,,,
Q54905,Q3306659,,,,,,,,,,,,,,,,,,,,,,,,,,,,,p=maria afonso;n=de portugal;oc=3,,,,,,,,,,,,,Infanta_Maria_of_Portugal_(nun)_(1),,UNKNOWN-78624,
Q54907,Q11098128,,,,,,,,,,,,,,,,,,,,,,,,,,,,,,,,,,,,,,,,,,,,,
Q54909,Q2994829,,,,,,,,,,,,,,,,,,,,,,,,,,,,,p=constanca;n=de portugal;oc=2,,,,,,,,,,,,p4197.htm#i41970,Costanca_Portugal_(1),,UNKNOWN-78509,
Q54911,Q11098130,,,,,,,,,,,,,,,,,,,,,,,,,,,,,,,,,,,,,,,,,,,,,
Q54913,Q75290642,,,,,,,,,,,,,,,,,,,,,,,,,,,,,p=fernando;n=de portugal,,,,,,,,,,,,p4190.htm#i41897,Fernando_Portugal_(1),,UNKNOWN-78294,I00107279
Q54915,Q11098132,,,,,,,,,,,,,,,,,,,,,,,,,,,,,,,,,,,,,,,,,,,,,
Q54917,Q75290746,,,,,,,,,,,,,,,,,,,,,,,,,,,,,p=vicente afonso;n=de portugal;oc=1,,,,,,,,,,,,p4197.htm#i41967,Vicente_Portugal_(2),,Portugal-107,
Q54919,Q10338997,,,,,,,,,,,,,,,,,,,,,,,,,,,,,,,,,,,,,,,,,,,,,
Q54921,Q2706087,,,,,,,,,,,,,,,,,,,,,,,,,,,,,,,,,,,,,,,,,,Diego_López_V_de_Haro_(1),,,I00392489
Q54923,Q11098144,,,,,,,,,,,,,,,,,,,,,,,,,,,,,,,,,,,,,,,,,,,,,
Q54925,Q3836730,,,,,,,,,,,,,,,,,,,,,,,,,,,,,,,,,,,,,,,,,,Lope_Díaz_de_Haro_(2),,,
Q54927,Q10339186,,,,,,,,,,,,,,,,,,,,,,,,,,,,,,,,,,,,,,,,,,,,,
Q54929,Q8961294,,,,,,,,,,,,,,,,,,,,,,,,,,,,,p=fernando diaz;n=de haro,,,,,,,,,,,,p4210.htm#i42099,Fernando_Díaz_de_Haro_(1),,,I00502214
Q54931,Q10339208,,,,,,,,,,,,,,,,,,,,,,,,,,,,,,,,,,,,,,,,,,,,,
Q54933,Q266025,,,,,,,,,,,,,,,,,,,,,,,,,,,50031,,,,,sw.214859,,,,,,,,,p11344.htm#i113435,Maria_de_Molina_(1),,Molina-51,I00005044
Q54935,Q11098154,,,,,,,,,,,,,,,,,,,,,,,,,,,,,,,,,,,,,,,,,,,,,
Q54937,Q167173,,,,,,,,,,,,,,,,,,,,,,,,,,,110468,,p=isabel;n=de castilla;oc=2,,,,,,,,,,,,p11344.htm#i113438,Isabella_of_Castile_(2),,UNKNOWN-78167,I00013420
Q54939,Q10339141,,,,,,,,,,,,,,,,,,,,,,,,,,,,,,,,,,,,,,,,,,,,,
Q54941,Q316859,,,,,,,,,,3973,,,,,,,,,,,,,,,,,47088,,p=fernando;n=de castilla;oc=4,,,,,,,,,,,,p11338.htm#i113373,Ferdinand_of_Castile_(1),,Castilla-116,I00005045
Q54943,Q65809742,,,,,,,,,,,,,,,,,,,,,,,,,,,,,,,,,,,,,,,,,,,,,
Q54945,Q236981,,,,,,,,,,,,,,,,,,,,,,,,,,,110473,,p=beatriz;n=de castilla;oc=1,,,sw.214857,,,,,,,,,p11345.htm#i113442,Beatrice_of_Castile_(2),,Castilla-31,I00020567
Q54947,Q65809760,,,,,,,,,,,,,,,,,,,,,,,,,,,,,,,,,,,,,,,,,,,,,
Q54949,Q732899,,,,,,,,,,157436268,,,,,,,,,,,,,,,,,,,,,,,,,,,,,,,p11345.htm#i113441,,,UNKNOWN-78800,I00330558
Q54951,Q65803098,,,,,,,,,,,,,,,,,,,,,,,,,,,,,,,,,,,,,,,,,,,,,
Q54953,Q2469933,,,,,,,,,,,,,,,,,,,,,,,,,,,,,,,,,,,,,,,,,p11344.htm#i113439,Peter_of_Castile_(2),,UNKNOWN-78160,I00372468
Q54955,Q45544968,,,,,,,,,,,,,,,,,,,,,,,,,,,,,,,,,,,,,,,,,,,,,
Q54957,Q4722123,,,,,,,,,,,,,,,,,,,,,,,,,,,,,,,,,,,,,,,,,p4193.htm#i41928,,,,I00372466
Q54959,Q45544520,,,,,,,,,,,,,,,,,,,,,,,,,,,,,,,,,,,,,,,,,,,,,
Q54961,Q6163235,,,,,,,,,,,,,,,,,,,,,,,,,,,,,,,,,,,,,,,,,,Senhora_Sanchez_(1),,Castilla-157,I00314773
Q54963,Q45544584,,,,,,,,,,,,,,,,,,,,,,,,,,,,,,,,,,,,,,,,,,,,,
Q54965,Q5833955,,,,,,,,,,,,,,,,,,,,,,,,,,,110470,,,,,,,,,,,,,,p4193.htm#i41929,,,Castilla-151,I00372467
Q54967,Q45544649,,,,,,,,,,,,,,,,,,,,,,,,,,,,,,,,,,,,,,,,,,,,,
Q54969,Q110302439,,,,,,,,,,,,,,,,,,,,,,,,,,,,,,,,,,,,,,,,,,,,,I00261982
Q54971,Q45545295,,,,,,,,,,,,,,,,,,,,,,,,,,,,,,,,,,,,,,,,,,,,,
Q54973,Q57231616,,,,,,,,,,,,,,,,,,,,,,,,,,,,,,,,,,,,,,,,,p11344.htm#i113431,Marguerite De Narbonne (1),,,I00392494
Q54975,Q45544841,,,,,,,,,,,,,,,,,,,,,,,,,,,,,,,,,,,,,,,,,,,,,
Q54977,Q6119858,,,,,,,,,,,,,,,,,,,,,,,,,,,,,,,,,,,,,,,,,,,,,I00392495
Q54979,Q10334181,,,,,,,,,,,,,,,,,,,,,,,,,,,,,,,,,,,,,,,,,,,,,
Q54980,Q17478265,,,,,,,,,,,,,,,,,,,,,,,,,,,,,,,,,,,,,,,,,,,,,
Q54983,Q45545166,,,,,,,,,,,,,,,,,,,,,,,,,,,,,,,,,,,,,,,,,,,,,
Q54984,Q456900,,,,,,,,,,21047|85004471,,,,,,,,,,,,,,,,,157183,,p=blanche;n=capetiens;oc=1,,,,,,,,,,,,p10521.htm#i105205,Blanche_of_France_(2),,Capet-147,I00003750
Q54987,Q45570482,,,,,,,,,,,,,,,,,,,,,,,,,,,,,,,,,,,,,,,,,,,,,
Q54988,Q2156930,,,,,,,,,,,,,,,,,,,,,,,,,,,565957,,p=alfonso;n=de la cerda,,,,,,,,,,,,,Alfonso_de-la-Cerda_(1),,De_la_Cerda-66,I00027974
Q54991,Q45421709,,,,,,,,,,,,,,,,,,,,,,,,,,,,,,,,,,,,,,,,,,,,,
Q54992,Q351139,,,,,,,,,,,,,,,,,,,,,,,,,,,157184,,,,,,,,,,,,,,p11363.htm#i113622,"Ferdinand_de_la_Cerda,_Lord_of_Lara_(1)",,Bourgogne-264,I00004811
Q54995,Q28416053,,,,,,,,,,,,,,,,,,,,,,,,,,,,,,,,,,,,,,,,,,,,,
Q54996,Q3015902,,,,,,,,,,,,,,,,,,,,,,,,,,,1203598,,,,,,,,,,,,,,p4189.htm#i41885,María_II_Díaz_de_Haro_(1),,,
Q54999,Q45662032,,,,,,,,,,,,,,,,,,,,,,,,,,,,,,,,,,,,,,,,,,,,,
Q55000,Q3025511,,,,,,,,,,,,,,,,,,,,,,,,,,,1203603,,p=juan;n=de castilla;oc=6,,,,,,,,,,,,,Juan_de_Castilla_(1),,De_Haro-8,I00330603
Q55003,Q45613592,,,,,,,,,,,,,,,,,,,,,,,,,,,,,,,,,,,,,,,,,,,,,
Q55004,Q6142596,,,,,,,,,,,,,,,,,,,,,,,,,,,,,,,,,,,,,,,,,,,,,
Q55007,Q45518758,,,,,,,,,,,,,,,,,,,,,,,,,,,,,,,,,,,,,,,,,,,,,
Q55008,Q5934598,,,,,,,,,,,,,,,,,,,,,,,,,,,,,,,,,,,,,,,,,,Juana_de_Castro_(2),,,I00461731
Q55011,Q45639395,,,,,,,,,,,,,,,,,,,,,,,,,,,,,,,,,,,,,,,,,,,,,
Q55012,Q5859148,,,,,,,,,,,,,,,,,,,,,,,,,,,,,p=fernando;n=de valencia,,,,,,,,,,,,,,,,I00264711
Q55015,Q45450665,,,,,,,,,,,,,,,,,,,,,,,,,,,,,,,,,,,,,,,,,,,,,
Q55016,Q5644617,,,,,,,,,,,,,,,,,,,,,,,,,,,,,,,,,,,,,,,,,,,,,
Q55019,Q45518821,,,,,,,,,,,,,,,,,,,,,,,,,,,,,,,,,,,,,,,,,,,,,
Q55020,Q451989,,,,,,,,GQ17-JV2,,,,,,,,,,,,,,,,,,,12835,,p=amedee;n=de savoie;oc=5,,,dw.2898,,,,,,,,,p17009.htm#i170083,"Amadeus_V,_Count_of_Savoy_(1)",,Savoie-720,I00012417
Q55023,Q45520162,,,,,,,,,,,,,,,,,,,,,,,,,,,,,,,,,,,,,,,,,,,,,
Q55024,Q980949,,,,,,,,,,,,,,,,,,,,,,,,,,,145294,,p=sibylle;n=de+bauge;,,,sw.129690,,,,,,,,,p61964.htm#i619632,Sybille_of_Bâgé_(1),,Baugé-2,I00012418
Q55027,Q45420675,,,,,,,,,,,,,,,,,,,,,,,,,,,,,,,,,,,,,,,,,,,,,
Q55028,Q739378,,,,,,,,,,,,,,,,,,,,,,,,,,,911294,,p=edouard;n=de savoie;oc=1,,,,,,,,,,,,p17009.htm#i170084,"Edward,_Count_of_Savoy_(1)",,Savoie-426,I00012448
Q55031,Q45422805,,,,,,,,,,,,,,,,,,,,,,,,,,,,,,,,,,,,,,,,,,,,,
Q55032,Q2827034,,,,,,,,,,,,,,,,,,,,,,,,,,,,,,,,,,,,,,,,,,,,De_Savoie-59,I00012452
Q55035,Q16603281,,,,,,,,,,,,,,,,,,,,,,,,,,,,,,,,,,,,,,,,,,,,,
Q55036,Q3642006,,,,,,,,,,,,,,,,,,,,,,,,,,,,,p=bonne;n=de savoie;oc=5,,,,,,,,,,,,,Bonne_of_Savoy_(1),,De_Savoie-55,I00012447
Q55039,Q34581131,,,,,,,,,,,,,,,,,,,,,,,,,,,,,,,,,,,,,,,,,,,,,
Q55040,Q4877220,,,,,,,,,,,,,,,,,,,,,,,,,,,,,,,,,,,,,,,,,,,,,I00012446
Q55043,Q45609943,,,,,,,,,,,,,,,,,,,,,,,,,,,,,,,,,,,,,,,,,,,,,
Q55044,Q634058,,,,,,,,,,,,,,,,,,,,,,,,,,,722279,,p=catherine;n=de savoie,,,dw.1545,,,,,,,,,p11385.htm#i113849,Catherine_of_Savoy_(1),,De_Savoie-75,I00012422
Q55047,Q45531904,,,,,,,,,,,,,,,,,,,,,,,,,,,,,,,,,,,,,,,,,,,,,
Q55048,Q86997,,,,,,,,,,,,,,,,,,,,,,,,,,,,,p=beatrice;n=de savoie;oc=4,,,,,,,,,,,,p11399.htm#i113987,Beatrice_of_Savoy_(1310-1331)_(1),,De_Savoie-77,I00012443
Q55051,Q45518887,,,,,,,,,,,,,,,,,,,,,,,,,,,,,,,,,,,,,,,,,,,,,
Q55052,Q3721841,,,,,,,,,,,,,,,,,,,,,,,,,,,336486,,p=eleonore;n=de+savoie;,,,,,,,,,,,,p61964.htm#i619633,Eleonor_of_Savoy_(1),,Savoie-1263,I00012539
Q55055,Q65805423,,,,,,,,,,,,,,,,,,,,,,,,,,,,,,,,,,,,,,,,,,,,,
Q55056,Q83100,,,,,,,,,,,,,,,,,,,,,,,,,,,252471,,,,,dw.10075,,,,,,,,,,,,Gazi-3,I00398042
Q55059,Q45663447,,,,,,,,,,,,,,,,,,,,,,,,,,,,,,,,,,,,,,,,,,,,,
Q55060,Q1057754,,,,,,,,,,,,,,,,,,,,,,,,,,,,,,,,,,,,,,,,,,,,,
Q55063,Q45541215,,,,,,,,,,,,,,,,,,,,,,,,,,,,,,,,,,,,,,,,,,,,,
Q55064,Q720989,,,,,,,,,,,,,,,,,,,,,,,,,,,,,,,,,,,,,,,,,,,,,
Q55067,Q45597768,,,,,,,,,,,,,,,,,,,,,,,,,,,,,,,,,,,,,,,,,,,,,
Q55068,Q25531071,,,,,,,,,,,,,,,,,,,,,,,,,,,,,,,,,,,,,,,,,,,,,
Q55071,Q45541722,,,,,,,,,,,,,,,,,,,,,,,,,,,,,,,,,,,,,,,,,,,,,
Q55072,Q468123,,,,,,,,,,,,,,,,,,,,,,,,,,,390846,,,,,,,,,,,,,,,,,,
Q55075,Q45545832,,,,,,,,,,,,,,,,,,,,,,,,,,,,,,,,,,,,,,,,,,,,,
Q55076,Q18206360,,,,,,,,,,,,,,,,,,,,,,,,,,,,,,,,,,,,,,,,,,,,,
Q55078,Q65809078,,,,,,,,,,,,,,,,,,,,,,,,,,,,,,,,,,,,,,,,,,,,,
Q55080,Q84575,,,,,,,,,,,,,,,,,,,,,,,,,,,,,,,,,,,,,,,,,,,,,
Q55082,Q45544393,,,,,,,,,,,,,,,,,,,,,,,,,,,,,,,,,,,,,,,,,,,,,
Q55084,Q3087653,,,,,,,,,,,,,,,,,,,,,,,,,,,,,,,,,,,,,,,,,,,,,
Q55086,Q45420390,,,,,,,,,,,,,,,,,,,,,,,,,,,,,,,,,,,,,,,,,,,,,
Q55088,Q6404816,,,,,,,,,,,,,,,,,,,,,,,,,,,,,,,,,,,,,,,,,,,,,
Q55090,Q45454797,,,,,,,,,,,,,,,,,,,,,,,,,,,,,,,,,,,,,,,,,,,,,
Q55092,Q733854,,,,,,,,,,,,,,,,,,,,,,,,,,,236565,,,,,,,,,,,,,,,"Hethum_I,_King_of_Armenia_(1)",,Hetoumid-3,I00139815
Q55094,Q8044230,,,,,,,,,,,,,,,,,,,,,,,,,,,,,,,,,,,,,,,,,,,,,
Q55096,Q4924,,alvin-person:62337,,,,,,,,,,,,,,,,,,,,,,,,,236589,,p=zabel;n=of armenia,,,,,,,,,,,,,"Isabella,_Queen_of_Armenia_(1)",,,I00139816
Q55098,Q8044214,,,,,,,,,,,,,,,,,,,,,,,,,,,,,,,,,,,,,,,,,,,,,
Q55100,Q16707046,,,,,,,,,,,,,,,,,,,,,,,,,,,,,,,,,,,,,,,,,,,,,
Q55102,Q8044210,,,,,,,,,,,,,,,,,,,,,,,,,,,,,,,,,,,,,,,,,,,,,
Q55104,Q1643432,,,,,,,,,,,,,,,,,,,,,,,,,,,237360,,p=sybille;n=hetoumide,,,,,,,,,,,,,Sibylla_of_Armenia_(1),,Barbaron-2,I00093373
Q55106,Q45450708,,,,,,,,,,,,,,,,,,,,,,,,,,,,,,,,,,,,,,,,,,,,,
Q55108,Q16647757,,,,,,,,,,,,,,,,,,,,,,,,,,,,,,,,,,,,,,,,,,,,,I00139814
Q55110,Q18906829,,,,,,,,,,,,,,,,,,,,,,,,,,,,,,,,,,,,,,,,,,,,,
Q55112,Q16674326,,,,,,,,,,,,,,,,,,,,,,,,,,,,,,,,,,,,,,,,,,,,,
Q55114,Q45683363,,,,,,,,,,,,,,,,,,,,,,,,,,,,,,,,,,,,,,,,,,,,,
Q55116,Q16692155,,,,,,,,,,,,,,,,,,,,,,,,,,,,,,,,,,,,,,,,,,,,,
Q55118,Q45371991,,,,,,,,,,,,,,,,,,,,,,,,,,,,,,,,,,,,,,,,,,,,,
Q55120,Q16655133,,,,,,,,,,,,,,,,,,,,,,,,,,,,,,,,,,,,,,,,,,,,,
Q55122,Q8060030,,,,,,,,,,,,,,,,,,,,,,,,,,,,,,,,,,,,,,,,,,,,,
Q55124,Q107585739,,,,,,,,,,,,,,,,,,,,,,,,,,,579636,,,,,,,,,,,,,,,,,,I00140301
Q55126,Q45422430,,,,,,,,,,,,,,,,,,,,,,,,,,,,,,,,,,,,,,,,,,,,,
Q55128,Q453370,,,,,,,,,,,,,,,,,,,,,,,,,,,473616,,p=amaury;n=de lusignan,,,,,,,,,,,,p22036.htm#i220353,"Amalric,_Prince_of_Tyre_(1)",,Lusignan-115,I00064479
Q55130,Q45518631,,,,,,,,,,,,,,,,,,,,,,,,,,,,,,,,,,,,,,,,,,,,,
Q55132,Q536093,,,,,,,,,,,,,,,,,,,,,,,,,,,,,p=jean;n=de lusignan;oc=3,,,,,,,,,,,,,,,,
Q55134,Q18906977,,,,,,,,,,,,,,,,,,,,,,,,,,,,,,,,,,,,,,,,,,,,,
Q55136,Q1159948,,,,,,,,,,,,,,,,,,,,,,,,,,,,,p=boemond;n=de lusignan;oc=1,,,,,,,,,,,,,,,Lusignan-138,
Q55138,Q701545,,,,,,,,,,,,,,,,,,,,,,,,,,,,,,,,,,,,,,,,,,,,,
Q55140,Q1159955,,,,,,,,,,,,,,,,,,,,,,,,,,,,,p=marie;n=de lusignan;oc=5,,,,,,,,,,,,,Agnes_of_Lusignan_(1),,Lusignan-136,I00293047
Q55142,Q18909029,,,,,,,,,,,,,,,,,,,,,,,,,,,,,,,,,,,,,,,,,,,,,
Q55144,Q1118988,,,,,,,,,,,,,,,,,,,,,,,,,,,,,,,,,,,,,,,,,,,,,
Q55146,Q45686129,,,,,,,,,,,,,,,,,,,,,,,,,,,,,,,,,,,,,,,,,,,,,
Q55148,Q777333,,,,,,,,,,,,,,,,,,,,,,,,,,,,,,,,,,,,,,,,,,"Leo_IV,_King_of_Armenia_(1)",,,
Q55150,Q45686160,,,,,,,,,,,,,,,,,,,,,,,,,,,,,,,,,,,,,,,,,,,,,
Q55152,Q6760071,,,,,,,,,,,,,,,,,,,,,,,,,,,,,p=marguerite;n=de lusignan;oc=1,,,,,,,,,,,,,Margaret_of_Lusignan_(1),,Lusignan-117,I00293049
Q55154,Q45664705,,,,,,,,,,,,,,,,,,,,,,,,,,,,,,,,,,,,,,,,,,,,,
Q55156,Q888092,,alvin-person:59923,,,,,,,,,,,,,,,,,,,,,,,,,,,p=leon;n=hetoumide;oc=1,,,,,,,,,,,,,"Leo_III,_King_of_Armenia_(1)",,,I00293046
Q55158,Q45421246,,,,,,,,,,,,,,,,,,,,,,,,,,,,,,,,,,,,,,,,,,,,,
Q55160,Q3622801,,,,,,,,,,,,,,,,,,,,,,,,,,,,,,,,,,,,,,,,,p22003.htm#i220026,,,,
Q55162,Q45497952,,,,,,,,,,,,,,,,,,,,,,,,,,,,,,,,,,,,,,,,,,,,,
Q55164,Q3543962,,,,,,,,,,,,,,,,,,,,,,,,,,,,,,,,,,,,,,,,,p14556.htm#i145558,,,,
Q55166,Q45544724,,,,,,,,,,,,,,,,,,,,,,,,,,,,,,,,,,,,,,,,,,,,,
Q55168,Q131142450,,,,,,,,,,,,,,,,,,,,,,,,,,,,,,,,,,,,,,,,,,,,,
Q55170,Q45544789,,,,,,,,,,,,,,,,,,,,,,,,,,,,,,,,,,,,,,,,,,,,,
Q55172,Q617560,,,,,,,,,,,,,,,,,,,,,,,,,,,,,,,,,,,,,,,,,,,,,
Q55174,Q1069299,,,,,,,,,,,,,,,,,,,,,,,,,,,,,,,,,,,,,,,,,,,,,
Q55178,Q66310096,,,,,,,,,,,,,,,,,,,,,,,,,,,,,,,,,,,,,,,,,,,,,
Q55180,Q354770,,,,,,,,,,,,,,,,,,,,,,,,,,,914011,,p=adelheid;n=von braunschweig grubenhagen,,,,,,,,,,,,p11399.htm#i113985,Adelaide_of_Brunswick_(1),,,I00371298
Q55182,Q10943582,,,,,,,,,,,,,,,,,,,,,,,,,,,,,,,,,,,,,,,,,,,,,
Q55184,Q1417492,,,,,,,,,,,,,,,,,,,,,,,,,,,914157,,,,,,,,,,,,,,p783.htm#i7830,"John_I,_Duke_of_Brunswick-Grubenhagen_(1)",,,I00591702
Q55186,Q45420670,,,,,,,,,,,,,,,,,,,,,,,,,,,,,,,,,,,,,,,,,,,,,
Q55188,Q519144,,,,,,,,,,,,,,,,,,,,,,,,,,,914154,,p=wilhelm;n=von braunschweig grubenhagen,,,sw.980635,,,,,,,,,p784.htm#i7833,"William,_Duke_of_Brunswick-Grubenhagen_(1)",,,I00591705
Q55190,Q45420681,,,,,,,,,,,,,,,,,,,,,,,,,,,,,,,,,,,,,,,,,,,,,
Q55192,Q553100,,,,,,,,,,,,,,,,,,,,,,,,,,,615882,,p=ernst;n=von braunschweig osterode,,,dw.2255,,,,,,,,,p784.htm#i7832,"Ernest_I,_Duke_of_Brunswick-Grubenhagen_(1)",,,I00015346
Q55194,Q65803892,,,,,,,,,,,,,,,,,,,,,,,,,,,,,,,,,,,,,,,,,,,,,
Q55196,Q553112,,,,,,,,,,,,,,,,,,,,,,,,,,,712698,,p=heinrich;n=von braunschweig grubenhagen;oc=1,,,dw.5544,,,,,,,,,p743.htm#i7423,"Henry_II,_Duke_of_Brunswick-Grubenhagen_(1)",,Braunschweig-34,I00015359
Q55198,Q10336159,,,,,,,,,,,,,,,,,,,,,,,,,,,,,,,,,,,,,,,,,,,,,
Q55200,Q32408,,,,,,,,,,,,,,,,,,,,,,,,,,,11667,,p=marie;n=de brabant;oc=1,,,sw.129688,,,,,,,,,p61964.htm#i619637,Maria_of_Brabant_(2),,Brabant-360,I00012419
Q55203,Q45534911,,,,,,,,,,,,,,,,,,,,,,,,,,,,,,,,,,,,,,,,,,,,,
Q55204,Q37097,,alvin-person:52498,,,,,,,,,,,,,,,,,,,,,,person/a863d21d-990d-4f62-9622-180b9f80e31a,,,251859,,,,,,,,,,,,,,p15020.htm#i150195,Manuel_II_Palaiologos_(1),,Palaiologos-13,I00171950
Q55207,Q45534974,,,,,,,,,,,,,,,,,,,,,,,,,,,,,,,,,,,,,,,,,,,,,
Q55208,Q660578,,,,,,,,,,,,,,,,,,,,,,,,,,,,,,,,,,,,,,,,,,"Theodore_I_Palaiologos,_Lord_of_Morea_(1)",,,I00573186
Q55211,Q45535099,,,,,,,,,,,,,,,,,,,,,,,,,,,,,,,,,,,,,,,,,,,,,
Q55212,Q11342476,,,,,,,,,,,,,,,,,,,,,,,,,,,,,,,,,,,,,,,,,,,,,
Q55215,Q45531721,,,,,,,,,,,,,,,,,,,,,,,,,,,,,,,,,,,,,,,,,,,,,
Q55216,Q59772187,,,,,,,,,,,,,,,,,,,,,,,,,,,,,,,,,,,,,,,,,,,,,
Q55219,Q45531909,,,,,,,,,,,,,,,,,,,,,,,,,,,,,,,,,,,,,,,,,,,,,
Q55220,Q37078,,,,,,,,,,,,,,,,,,,,,,,,,,,418136,,,,,,,,,,,,,,p15020.htm#i150193,Andronikos_IV_Palaiologos_(1),,Palaiologos-18,I00570280
Q55223,Q45532099,,,,,,,,,,,,,,,,,,,,,,,,,,,,,,,,,,,,,,,,,,,,,
Q55224,Q3292310,,,,,,,,,,,,,,,,,,,,,,,,,,,,,,,,,,,,,,,,,,Michael_Asen_IV_of_Bulgaria_(1),,,
Q55227,Q45533691,,,,,,,,,,,,,,,,,,,,,,,,,,,,,,,,,,,,,,,,,,,,,
Q55228,Q337741,,,,,,,,,,,,,,,,,,,,,,,,,,,,,,,,,,,,,,,,,,Francesco_I_Gattilusio_(1),,,I00376915
Q55231,Q45533757,,,,,,,,,,,,,,,,,,,,,,,,,,,,,,,,,,,,,,,,,,,,,
Q55232,Q1441077,,,,,,,,,,,,,,,,,,,,,,,,,,,,,,,,,,,,,,,,,,Francesco_II_of_Lesbos_(1),,,I00376920
Q55235,Q18909405,,,,,,,,,,,,,,,,,,,,,,,,,,,,,,,,,,,,,,,,,,,,,
Q55236,Q922316,,,,,,,,,,,,,,,,,,,,,,,,,,,573885,,p=tommaso;n=di saluzzo,,,,,,,,,,,,p358.htm#i3576,Thomas_I_of_Saluzzo_(1),,Saluzzo-22,I00027225
Q55239,Q65803703,,,,,,,,,,,,,,,,,,,,,,,,,,,,,,,,,,,,,,,,,,,,,
Q55243,Q45534397,,,,,,,,,,,,,,,,,,,,,,,,,,,,,,,,,,,,,,,,,,,,,
Q55244,Q195825,,,,,,,,,,,,,,,,,,,,,,,,,,,,,p=luchino;n=visconti,,,,,,,,,,,,p348.htm#i3478,,,Visconti-31,I00417842
Q55247,Q1567136,,,,,,,,,,,,,,,,,,,,,,,,,,,,,,,,,,,,,,,,,,,,,
Q55248,Q7080037,,,,,,,,,,,,,,,,,,,,,,,,,,,,,,,,,,,,,,,,,,,,,
Q55251,Q45421751,,,,,,,,,,,,,,,,,,,,,,,,,,,,,,,,,,,,,,,,,,,,,
Q55252,Q5939920,,,,,,,,,,,,,,,,,,,,,,,,,,,,,,,,,,,,,,,,,,,,,
Q55255,Q45535419,,,,,,,,,,,,,,,,,,,,,,,,,,,,,,,,,,,,,,,,,,,,,
Q55256,Q110380877,,,,,,,,,,,,,,,,,,,,,,,,,,,,,,,,,,,,,,,,,,,,,I00432935
Q55259,Q45535544,,,,,,,,,,,,,,,,,,,,,,,,,,,,,,,,,,,,,,,,,,,,,
Q55260,Q2626231,,,,,,,,,,,,,,,,,,,,,,,,,,,145297,,p=bonne;n=de bourbon,,,sw.129694,,,,,,,,,p56824.htm#i568232,Bonne_of_Bourbon_(1),,Bourbon-168,I00003706
Q55263,Q45536184,,,,,,,,,,,,,,,,,,,,,,,,,,,,,,,,,,,,,,,,,,,,,
Q55264,Q451998,,,,,,,,,,,,,,,,,,,,,,,,,,,148598,,p=amedee;n=de savoie;oc=7,,,sw.129695,,,,,,,,,p17009.htm#i170086,"Amadeus_VII,_Count_of_Savoy_(1)",,Savoie-12,I00004991
Q55267,Q45536376,,,,,,,,,,,,,,,,,,,,,,,,,,,,,,,,,,,,,,,,,,,,,
Q55268,Q453300,,,,,,,,,,,,,,,,,,,,,,,,,,,12101,,,,,sw.214767,,,,,,,,,p10271.htm#i102702,Galeazzo_II_Visconti_(1),,Visconti-12,I00028060
Q55270,Q45602585,,,,,,,,,,,,,,,,,,,,,,,,,,,,,,,,,,,,,,,,,,,,,
Q55272,Q357539,,,,,,,,,,114952267,,,,,,,,,,,,,,,,,60885,,p=giangaleazzo;n=visconti;oc=1,,,sw.214690,,,,,,,,,p16405.htm#i164044,Gian_Galeazzo_Visconti_(1),,Visconti-10,I00004112
Q55274,Q28408814,,,,,,,,,,,,,,,,,,,,,,,,,,,,,,,,,,,,,,,,,,,,,
Q55276,Q1980610,,,,,,,,,,,,,,,,,,,,,,,,,,,,,p=violanta;n=visconti,,,,,,,,,,,,p10199.htm#i101989,Violante_Visconti_(1),,Visconti-18,I00007116
Q55278,Q45447856,,,,,,,,,,,,,,,,,,,,,,,,,,,,,,,,,,,,,,,,,,,,,
Q55280,Q5726944,,,,,,,,,,,,,,,,,,,,,,,,,,,464380,,p=bernard;n=de comminges;oc=2,,,,,,,,,,,,,Bernard de Comminges (3),,Comminges-30,I00236501
Q55282,Q45677446,,,,,,,,,,,,,,,,,,,,,,,,,,,,,,,,,,,,,,,,,,,,,
Q55284,Q48174759,,,,,,,,,,,,,,,,,,,,,,,,,,,464376,,p=laure;n=de montfort;oc=1,,,,,,,,,,,,,Laure de Montfort (1),,,I00236502
Q55286,Q45677479,,,,,,,,,,,,,,,,,,,,,,,,,,,,,,,,,,,,,,,,,,,,,
Q55288,Q2430391,,,,,,,,,,,,,,,,,,,,,,,,,,,1239168,,p=pierre raymond;n=de comminges;oc=1,,,,,,,,,,,,,Pierre-Raymond_de_Comminges_(1),,,I00515188
Q55290,Q45677511,,,,,,,,,,,,,,,,,,,,,,,,,,,,,,,,,,,,,,,,,,,,,
Q55292,Q2495979,,,,,,,,,,,,,,,,,,,,,,,,,,,464423,,p=bernard;n=de comminges;oc=1,,,,,,,,,,,,,Bernard de Comminges (4),,Comminges-33,I00236503
Q55294,Q45677545,,,,,,,,,,,,,,,,,,,,,,,,,,,,,,,,,,,,,,,,,,,,,
Q55296,Q661784,,,,,,,,,,,,,,,,,,,,,,,,,,,,,p=jean;n=de comminges;oc=1,,,,,,,,,,,,,Jean_de_Comminges_(1),,,
Q55298,Q45677577,,,,,,,,,,,,,,,,,,,,,,,,,,,,,,,,,,,,,,,,,,,,,
Q55300,Q112863094,,,,,,,,,,,,,,,,,,,,,,,,,,,,,p=guy;n=de comminges,,,,,,,,,,,,,Guy_de_Comminges_(1),,Comminges-32,
Q55302,Q6539330,,,,,,,,,,,,,,,,,,,,,,,,,,,,,,,,,,,,,,,,,,,,,
Q55304,Q67219542,,,,,,,,,,,,,,,,,,,,,,,,,,,,,,,,,,,,,,,,,,,,,
Q55306,Q65805630,,,,,,,,,,,,,,,,,,,,,,,,,,,,,,,,,,,,,,,,,,,,,
Q55308,Q5561415,,,,,,,,,,,,,,,,,,,,,,,,,,,1272405,,p=eleonore;n=de comminges,,,,,,,,,,,,,Eleonore_de_Comminges_(3),,De_Comminges-17,I00105996
Q55310,Q45677126,,,,,,,,,,,,,,,,,,,,,,,,,,,,,,,,,,,,,,,,,,,,,
Q55312,Q128034488,,,,,,,,,,,,,,,,,,,,,,,,,,,,,,,,,,,,,,,,,,,,,
Q55314,Q65803802,,,,,,,,,,,,,,,,,,,,,,,,,,,,,,,,,,,,,,,,,,,,,
Q55316,Q28664644,,,,,,,,,,,,,,,,,,,,,,,,,,,,,p=amanieu;n=d astarac,,,,,,,,,,,,,Amanieu d'Astarac (1),,Astarac-14,
Q55318,Q45682995,,,,,,,,,,,,,,,,,,,,,,,,,,,,,,,,,,,,,,,,,,,,,
Q55320,Q28665685,,,,,,,,,,,,,,,,,,,,,,,,,,,,,p=centulle;n=d astarac;oc=4,,,,,,,,,,,,,Centule Unknown (1),,Astarac-13,
Q55322,Q1367928,,,,,,,,,,,,,,,,,,,,,,,,,,,,,,,,,,,,,,,,,,,,,
Q55324,Q727402,,,,,,,,,,,,,,,,,,,,,,,,,,,466239,,,,,,,,,,,,,,p11339.htm#i113383,James_III_of_Majorca_(1),,,I00161641
Q55326,Q45642876,,,,,,,,,,,,,,,,,,,,,,,,,,,,,,,,,,,,,,,,,,,,,
Q55328,Q774870,,,,,,,,,,,,,,,,,,,,,,,,,,,466238,,,,,,,,,,,,,,p11339.htm#i113382,"Constance_of_Aragon,_Queen_of_Majorca_(1)",,,I00161642
Q55330,Q45643059,,,,,,,,,,,,,,,,,,,,,,,,,,,,,,,,,,,,,,,,,,,,,
Q55332,Q878998,,,,,,,,,,,,,,,,,,,,,,,,,,,712697,,p=jaime;n=de aragon;oc=7,,,dw.1916,,,,,,,,,p11455.htm#i114543,James_IV_of_Majorca_(1),,,I00161643
Q55334,Q45643367,,,,,,,,,,,,,,,,,,,,,,,,,,,,,,,,,,,,,,,,,,,,,
Q55335,Q105961825,,,,,,,,,,,,,,,,,,,,,,,,,,,,,,,,,,,,,,,,,,,,,
Q55338,Q45555873,,,,,,,,,,,,,,,,,,,,,,,,,,,,,,,,,,,,,,,,,,,,,
Q55339,Q51806754,,,,,,,,,,,,,,,,,,,,,,,,,,,,,,,,,,,,,,,,,,,,,I00012474
Q55342,Q45681100,,,,,,,,,,,,,,,,,,,,,,,,,,,,,,,,,,,,,,,,,,,,,
Q55343,Q52128552,,,,,,,,,,,,,,,,,,,,,,,,,,,,,,,,,,,,,,,,,,,,,
Q55346,Q45681132,,,,,,,,,,,,,,,,,,,,,,,,,,,,,,,,,,,,,,,,,,,,,
Q55347,Q289905,,,,,,,,,,,,,demarguerit0,,,,,,,,,,,,,,,,,,,,,,,,,,,,p52030.htm#i520294,Blessed_Margaret_of_Savoy_(1),,,I00012465
Q55350,Q45681226,,,,,,,,,,,,,,,,,,,,,,,,,,,,,,,,,,,,,,,,,,,,,
Q55351,Q22674723,,,,,,,,,,,,,,,,,,,,,,,,,,,907383,,p=jeanne;n=de bar;oc=1,,,,,,,,,,,,p71266.htm#i712651,Joanna_of_Bar_(1),,Bar-137,I00012467
Q55354,Q45681256,,,,,,,,,,,,,,,,,,,,,,,,,,,,,,,,,,,,,,,,,,,,,
Q55355,Q116796242,,,,,,,,,,,,,,,,,,,,,,,,,,,,,,,,,,,,,,,,,,,,,
Q55358,Q45681286,,,,,,,,,,,,,,,,,,,,,,,,,,,,,,,,,,,,,,,,,,,,,
Q55359,Q589230,,,,,,,,,,,,,,,,,,,,,,,,,,,406030,,,,,sw.214724,,,,,,,,,p71266.htm#i712653,Giangiacomo_di_Monferrato_(1),,Of_Montferrat-13,I00012469
Q55362,Q45488337,,,,,,,,,,,,,,,,,,,,,,,,,,,,,,,,,,,,,,,,,,,,,
Q55363,Q928607,,,,,,,,,,,,,,,,,,,,,,,,,,,,,,,,,,,,,,,,,p71266.htm#i712652,Sophia_of_Montferrat_(1),,Of_Montferrat-16,I00012468
Q55366,Q15938644,,,,,,,,,,,,,,,,,,,,,,,,,,,,,,,,,,,,,,,,,,,,,
Q55367,Q2439723,,,,,,,,,,,,,,,,,,,,,,,,,,,135271,,,,,,,,,,,,,,,"Peter_II,_Count_of_Urgell_(1)",,Aragón-326,I00012478
Q55370,Q45484433,,,,,,,,,,,,,,,,,,,,,,,,,,,,,,,,,,,,,,,,,,,,,
Q55371,Q925944,,,,,,,,,,,,,,,,,,,,,,,,,,,135262,,,,,,,,,,,,,,p10729.htm#i107288,"James_II,_Count_of_Urgell_(1)",,Urgell-1,I00012481
Q55374,Q45609962,,,,,,,,,,,,,,,,,,,,,,,,,,,,,,,,,,,,,,,,,,,,,
Q55375,Q54233073,,,,,,,,,,,,,,,,,,,,,,,,,,,,,,,,,,,,,,,,,,,,,I00298708
Q55378,Q45422167,,,,,,,,,,,,,,,,,,,,,,,,,,,,,,,,,,,,,,,,,,,,,
Q55379,Q16188302,,,,,,,,,,,,,,,,,,,,,,,,,,,,,,,,,,,,,,,,,,,,,I00012480
Q55382,Q45493345,,,,,,,,,,,,,,,,,,,,,,,,,,,,,,,,,,,,,,,,,,,,,
Q55383,Q24445,,,,,,,,,,,,,,,,,,,,,,,,,,,280653,,,,,,,,,,,,,,p22159.htm#i221587,Stefan_Nemanjić_(1),,Nemanja-5,I00165017
Q55386,Q45493409,,,,,,,,,,,,,,,,,,,,,,,,,,,,,,,,,,,,,,,,,,,,,
Q55387,Q468663,,,,,,,,,,,,,,,,,,,,,,,,,,,972636,,,,,,,,,,,,,,,,,Dandolo-2,I00165018
Q55390,Q45493471,,,,,,,,,,,,,,,,,,,,,,,,,,,,,,,,,,,,,,,,,,,,,
Q55391,Q6428436,,,,,,,,,,,,,,,,,,,,,,,,,,,,,,,,,,,,,,,,,,,,,
Q55394,Q45493537,,,,,,,,,,,,,,,,,,,,,,,,,,,,,,,,,,,,,,,,,,,,,
Q55395,Q346960,,,,,,,,,,,,,,,,,,,,,,,,,,,850129,,,,,,,,,,,,,,p22160.htm#i221595,Stephen_Vladislav_I_of_Serbia_(1),,,
Q55398,Q45493667,,,,,,,,,,,,,,,,,,,,,,,,,,,,,,,,,,,,,,,,,,,,,
Q55399,Q169584,,,,,,,,,,,,,,,,,,,,,,,,,,,850130,,,,,,,,,,,,,,,Saint_Sava_II_(1),,,
Q55402,Q45493857,,,,,,,,,,,,,,,,,,,,,,,,,,,,,,,,,,,,,,,,,,,,,
Q55403,Q355911,,,,,,,,,,,,,,,,,,,,,,,,,,,850127,,,,,,,,,,,,,,p22004.htm#i220035,Stephen_Radoslav_of_Serbia_(1),,,
Q55406,Q45493921,,,,,,,,,,,,,,,,,,,,,,,,,,,,,,,,,,,,,,,,,,,,,
Q55410,Q45493984,,,,,,,,,,,,,,,,,,,,,,,,,,,,,,,,,,,,,,,,,,,,,
Q55411,Q12286308,,,,,,,,,,,,,,,,,,,,,,,,,,,1267479,,p=mathilde;n=von vianden,,,,,,,,,,,,,Mathilde_de_Courtenay_(2),,,I00551132
Q55414,Q45494049,,,,,,,,,,,,,,,,,,,,,,,,,,,,,,,,,,,,,,,,,,,,,
Q55415,Q14946987,,,,,,,,,,,,,,,,,,,,,,,,,,,,,,,,,,,,,,,,,,,,,
Q55418,Q45494113,,,,,,,,,,,,,,,,,,,,,,,,,,,,,,,,,,,,,,,,,,,,,
Q55419,Q16146696,,,,,,,,,,,,,,,,,,,,,,,,,,,,,,,,,,,,,,,,,,,,,
Q55422,Q45618254,,,,,,,,,,,,,,,,,,,,,,,,,,,,,,,,,,,,,,,,,,,,,
Q55423,Q16200213,,,,,,,,,,,,,,,,,,,,,,,,,,,,,,,,,,,,,,,,,,,,,
Q55426,Q65805391,,,,,,,,,,,,,,,,,,,,,,,,,,,,,,,,,,,,,,,,,,,,,
Q55427,Q4126528,,,,,,,,,,,,,,,,,,,,,,,,,,,,,,,,,,,,,,,,,,"Helena_Kantakouzene,_Empress_of_Trebizond_(1)",,,
Q55430,Q45618379,,,,,,,,,,,,,,,,,,,,,,,,,,,,,,,,,,,,,,,,,,,,,
Q55431,Q6687138,,,,,,,,,,,,,,,,,,,,,,,,,,,,,,,,,,,,,,,,,,,,,
Q55434,Q45618441,,,,,,,,,,,,,,,,,,,,,,,,,,,,,,,,,,,,,,,,,,,,,
Q55435,Q11935440,,,,,,,,,,,,,,,,,,,,,,,,,,,,,,,,,,,,,,,,,,,,,
Q55438,Q45492642,,,,,,,,,,,,,,,,,,,,,,,,,,,,,,,,,,,,,,,,,,,,,
Q55439,Q16645507,,,,,,,,,,,,,,,,,,,,,,,,,,,,,,,,,,,,,,,,,,,,,
Q55442,Q45492708,,,,,,,,,,,,,,,,,,,,,,,,,,,,,,,,,,,,,,,,,,,,,
Q55443,Q4721388,,,,,,,,,,,,,,,,,,,,,,,,,,,,,,,,,,,,,,,,,,,,,
Q55446,Q45491048,,,,,,,,,,,,,,,,,,,,,,,,,,,,,,,,,,,,,,,,,,,,,
Q55447,Q81321494,,,,,,,,,,,,,,,,,,,,,,,,,,,,,,,,,,,,,,,,,,,,,
Q55450,Q45491112,,,,,,,,,,,,,,,,,,,,,,,,,,,,,,,,,,,,,,,,,,,,,
Q55451,Q2866748,,,,,,,,,,,,,,,,,,,,,,,,,,,,,,,,,,,,,,,,,,,,,
Q55454,Q45491174,,,,,,,,,,,,,,,,,,,,,,,,,,,,,,,,,,,,,,,,,,,,,
Q55455,Q64759518,,,,,,,,,,,,,,,,,,,,,,,,,,,,,,,,,,,,,,,,,p21918.htm#i219179,,,,I00111014
Q55458,Q45491239,,,,,,,,,,,,,,,,,,,,,,,,,,,,,,,,,,,,,,,,,,,,,
Q55459,Q748091,,,,,,,,,,,,,,,,,,,,,,,,,,,46855,,,,,,,,,,,,,,p14551.htm#i145503,Ivan_Asen_I_of_Bulgaria_(1),,Asen-7,I00049863
Q55462,Q45491302,,,,,,,,,,,,,,,,,,,,,,,,,,,,,,,,,,,,,,,,,,,,,
Q55463,Q3657881,,,,,,,,,,,,,,,,,,,,,,,,,,,,,,,,,,,,,,,,,p14553.htm#i145526,Elena-Evgenia_of_Bulgaria_(1),,Of_Bulgaria-20,I00569364
Q55466,Q45491622,,,,,,,,,,,,,,,,,,,,,,,,,,,,,,,,,,,,,,,,,,,,,
Q55467,Q12271409,,,,,,,,,,,,,,,,,,,,,,,,,,,280701,,,,,,,,,,,,,,p14553.htm#i145529,,,,
Q55470,Q45491750,,,,,,,,,,,,,,,,,,,,,,,,,,,,,,,,,,,,,,,,,,,,,
Q55471,Q3657696,,,,,,,,,,,,,,,,,,,,,,,,,,,,,,,,,,,,,,,,,,,,,
Q55474,Q45491814,,,,,,,,,,,,,,,,,,,,,,,,,,,,,,,,,,,,,,,,,,,,,
Q55475,Q371668,,,,,,,,,,,,,,,,,,,,,,,,,,,910556,,,,,,,,,,,,,,p15005.htm#i150045,Theodore_Komnenos_Doukas_(1),,,I00571902
Q55478,Q45494496,,,,,,,,,,,,,,,,,,,,,,,,,,,,,,,,,,,,,,,,,,,,,
Q55479,Q9030130,,,,,,,,,,,,,,,,,,,,,,,,,,,,,,,,,,,,,,,,,p22004.htm#i220033,Maria_Petraliphaina_(1),,,I00571903
Q55482,Q45494561,,,,,,,,,,,,,,,,,,,,,,,,,,,,,,,,,,,,,,,,,,,,,
Q55483,Q2335724,,,,,,,,,,,,,,,,,,,,,,,,,,,,,,,,,,,,,,,,,p15025.htm#i150249,Demetrios_Angelos_Doukas_(1),,,
Q55486,Q45494753,,,,,,,,,,,,,,,,,,,,,,,,,,,,,,,,,,,,,,,,,,,,,
Q55487,Q2614074,,,,,,,,,,,,,,,,,,,,,,,,,,,,,,,,,,,,,,,,,p15024.htm#i150233,John_Komnenos_Doukas_(1),,,
Q55490,Q45494947,,,,,,,,,,,,,,,,,,,,,,,,,,,,,,,,,,,,,,,,,,,,,
Q55491,Q18619121,,,,,,,,,,,,,,,,,,,,,,,,,,,,,,,,,,,,,,,,,p22004.htm#i220034,,,,
Q55494,Q45495140,,,,,,,,,,,,,,,,,,,,,,,,,,,,,,,,,,,,,,,,,,,,,
Q55495,Q1225297,,,,,,,,,,,,,,,,,,,,,,,,,,,,,,,,,,,,,,,,,p15025.htm#i150248,Manuel_Komnenos_Doukas_(1),,,I00545411
Q55498,Q45495267,,,,,,,,,,,,,,,,,,,,,,,,,,,,,,,,,,,,,,,,,,,,,
Q55499,Q37082,,,,,,,,,,,,,,,,,,,,,,,,,,,,,,,,,,,,,,,,,p15019.htm#i150186,Theodore_II_Laskaris_(1),,Lascaris-10,I00049848
Q55502,Q45495329,,,,,,,,,,,,,,,,,,,,,,,,,,,,,,,,,,,,,,,,,,,,,
Q55503,Q37088,,,,,,,,,,,,,,,,,,,,,,,,,,,,,,,,,,,,,,,,,p15019.htm#i150187,,,,I00049850
Q55506,Q45495393,,,,,,,,,,,,,,,,,,,,,,,,,,,,,,,,,,,,,,,,,,,,,
Q55507,Q933529,,,,,,,,,,,,,,,,,,,,,,,,,,,574293,,p=eudokia;n=lascaris;oc=1,,,,,,,,,,,,,,,Lascaris-12,I00049847
Q55510,Q45495778,,,,,,,,,,,,,,,,,,,,,,,,,,,,,,,,,,,,,,,,,,,,,
Q55511,Q12290346,,,,,,,,,,,,,,,,,,,,,,,,,,,,,,,,,,,,,,,,,,,,,
Q55514,Q45495906,,,,,,,,,,,,,,,,,,,,,,,,,,,,,,,,,,,,,,,,,,,,,
Q55515,Q75572707,,,,,,,,,,,,,,,,,,,,,,,,,,,,,,,,,,,,,,,,,p22003.htm#i220022,,,,
Q55518,Q45496035,,,,,,,,,,,,,,,,,,,,,,,,,,,,,,,,,,,,,,,,,,,,,
Q55519,Q930358,,,,,,,,,,,,,,,,,,,,,,,,,,,,,,,,,,,,,,,,,,,,,
Q55522,Q45496294,,,,,,,,,,,,,,,,,,,,,,,,,,,,,,,,,,,,,,,,,,,,,
Q55523,Q81313537,,,,,,,,,,,,,,,,,,,,,,,,,,,,,,,,,,,,,,,,,,,,,
Q55526,Q45496489,,,,,,,,,,,,,,,,,,,,,,,,,,,,,,,,,,,,,,,,,,,,,
Q55527,Q16147485,,,,,,,,,,,,,,,,,,,,,,,,,,,,,,,,,,,,,,,,,,,,,
Q55530,Q45496882,,,,,,,,,,,,,,,,,,,,,,,,,,,,,,,,,,,,,,,,,,,,,
Q55531,Q19664185,,,,,,,,,,,,,,,,,,,,,,,,,,,,,,,,,,,,,,,,,,,,,
Q55534,Q45496945,,,,,,,,,,,,,,,,,,,,,,,,,,,,,,,,,,,,,,,,,,,,,
Q55535,Q1151596,,,,,,,,,,,,,,,,,,,,,,,,,,,,,,,,,,,,,,,,,,,,,I00478255
Q55538,Q45497010,,,,,,,,,,,,,,,,,,,,,,,,,,,,,,,,,,,,,,,,,,,,,
Q55539,Q129093904,,,,,,,,,,,,,,,,,,,,,,,,,,,,,,,,,,,,,,,,,,,,,I00478256
Q55542,Q45497141,,,,,,,,,,,,,,,,,,,,,,,,,,,,,,,,,,,,,,,,,,,,,
Q55543,Q1928136,,,,,,,,,,,,,,,,,,,,,,,,,,,,,,,,,,,,,,,,,,Michael_Kantakouzenos_(1),,,I00293044
Q55546,Q45497399,,,,,,,,,,,,,,,,,,,,,,,,,,,,,,,,,,,,,,,,,,,,,
Q55547,Q1226596,,,,,,,,,,,,,,,,,,,,,,,,,,,1265856|280438,,,,,,,,,,,,,,p21911.htm#i219102,Manuel_Komnenos_(born_1145)_(1),,,I00302857
Q55550,Q45497461,,,,,,,,,,,,,,,,,,,,,,,,,,,,,,,,,,,,,,,,,,,,,
Q55551,Q2915861,,,,,,,,,,,,,,,,,,,,,,,,,,,350252,,,,,,,,,,,,,,,"Rusudan,_daughter_of_Giorgi_III_of_Georgia_(1)",,,
Q55554,Q45497526,,,,,,,,,,,,,,,,,,,,,,,,,,,,,,,,,,,,,,,,,,,,,
Q55555,Q447439,,,,,,,,,,,,,,,,,,,,,,,,,,,280443,,,,,,,,,,,,,,p21914.htm#i219131,David_Komnenos_(1),,,
Q55558,Q45497715,,,,,,,,,,,,,,,,,,,,,,,,,,,,,,,,,,,,,,,,,,,,,
Q55562,Q45497779,,,,,,,,,,,,,,,,,,,,,,,,,,,,,,,,,,,,,,,,,,,,,
Q55566,Q45498484,,,,,,,,,,,,,,,,,,,,,,,,,,,,,,,,,,,,,,,,,,,,,
Q55567,Q22342997,,,,,,,,,,,,,,,,,,,,,,,,,,,,,,,,,,,,,,,,,,,,,
Q55570,Q45498547,,,,,,,,,,,,,,,,,,,,,,,,,,,,,,,,,,,,,,,,,,,,,
Q55571,Q250140,,,,,,,,,,,,,,,,,,,,,,,,,,,280449,,,,,,,,,,,,,,p21911.htm#i219105,Andronikos_I_of_Trebizond_(1),,,I00764355
Q55574,Q45499591,,,,,,,,,,,,,,,,,,,,,,,,,,,,,,,,,,,,,,,,,,,,,
Q55575,Q37918,,,,,,,,,,,,,,,,,,,,,,,,,,,,,,,,,,,,,,,,,,,,,
Q55578,Q11626868,,,,,,,,,,,,,,,,,,,,,,,,,,,,,,,,,,,,,,,,,,,,,
Q55579,Q131444996,,,,,,,,,,,,,,,,,,,,,,,,,,,,,,,,,,,,,,,,,,,,,
Q55582,Q45620512,,,,,,,,,,,,,,,,,,,,,,,,,,,,,,,,,,,,,,,,,,,,,
Q55583,Q131445116,,,,,,,,,,,,,,,,,,,,,,,,,,,,,,,,,,,,,,,,,,,,,
Q55586,Q45598699,,,,,,,,,,,,,,,,,,,,,,,,,,,,,,,,,,,,,,,,,,,,,
Q55587,Q218917,,,,,,,,,,,,,,,,,,,,,,,,,,,,,,,,,,,,,,,,,,,,,
Q55590,Q45585346,,,,,,,,,,,,,,,,,,,,,,,,,,,,,,,,,,,,,,,,,,,,,
Q55591,Q7423947,,,,,,,,,,,,,,,,,,,,,,,,,,,1118356,,,,,,,,,,,,,,,,,,I00763498
Q55594,Q45535802,,,,,,,,,,,,,,,,,,,,,,,,,,,,,,,,,,,,,,,,,,,,,
Q55595,Q12840673,,,,,,,,,,,,,,,,,,,,,,,,,,,1118366,,,,,,,,,,,,,,p11409.htm#i114081,,,,I00763502
Q55598,Q45487383,,,,,,,,,,,,,,,,,,,,,,,,,,,,,,,,,,,,,,,,,,,,,
Q55599,Q3656996,,,,,,,,,,,,,,,,,,,,,,,,,,,350266,,,,,,,,,,,,,,p21917.htm#i219163,Theodora_Kantakouzene_(1),,,I00302834
Q55602,Q45452431,,,,,,,,,,,,,,,,,,,,,,,,,,,,,,,,,,,,,,,,,,,,,
Q55604,Q4767660,,,,,,,,,,,,,,,,,,,,,,,,,,,350241,,,,,,,,,,,,,,p21917.htm#i219165,Anna_of_Trebizond_(1),,,I00763493
Q55606,Q45452179,,,,,,,,,,,,,,,,,,,,,,,,,,,,,,,,,,,,,,,,,,,,,
Q55608,Q682194,,alvin-person:52570,,,,,,,,,,,,,,,,,,,,,,,,,280451,,,,,,,,,,,,,,p21913.htm#i219127,Manuel_III_of_Trebizond_(1),,,I00302835
Q55610,Q45452241,,,,,,,,,,,,,,,,,,,,,,,,,,,,,,,,,,,,,,,,,,,,,
Q55612,Q5406576,,,,,,,,,,,,,,,,,,,,,,,,,,,,,,,,,,,,,,,,,p21917.htm#i219170,,,,
Q55614,Q45452304,,,,,,,,,,,,,,,,,,,,,,,,,,,,,,,,,,,,,,,,,,,,,
Q55616,Q22342926,,,,,,,,,,,,,,,,,,,,,,,,,,,,,,,,,,,,,,,,,p21917.htm#i219168,,,,
Q55618,Q45452369,,,,,,,,,,,,,,,,,,,,,,,,,,,,,,,,,,,,,,,,,,,,,
Q55620,Q22342924,,,,,,,,,,,,,,,,,,,,,,,,,,,,,,,,,,,,,,,,,p21918.htm#i219173,,,,
Q55622,Q65805931,,,,,,,,,,,,,,,,,,,,,,,,,,,,,,,,,,,,,,,,,,,,,
Q55624,Q132369728,,,,,,,,,,,,,,,,,,,,,,,,,,,,,,,,,,,,,,,,,,,,,
Q55626,Q45627772,,,,,,,,,,,,,,,,,,,,,,,,,,,,,,,,,,,,,,,,,,,,,
Q55628,Q16368022,,,,,,,,,,,,,,,,,,,,,,,,,,,,,,,,,,,,,,,,,,,,,I00763741
Q55630,Q45513562,,,,,,,,,,,,,,,,,,,,,,,,,,,,,,,,,,,,,,,,,,,,,
Q55632,Q75571163,,,,,,,,,,,,,,,,,,,,,,,,,,,,,,,,,,,,,,,,,p21916.htm#i219157,,,,
Q55634,Q45538919,,,,,,,,,,,,,,,,,,,,,,,,,,,,,,,,,,,,,,,,,,,,,
Q55636,Q23684633,,,,,,,,,,,,,,,,,,,,,,,,,,,,,,,,,,,,,,,,,,,,,I00763790
Q55638,Q45501503,,,,,,,,,,,,,,,,,,,,,,,,,,,,,,,,,,,,,,,,,,,,,
Q55639,Q600829,,,,,,,,,,,,,,,,,,,,,,,,,,,,,,,,,,,,,,,,,,,,,I00302849
Q55642,Q45501566,,,,,,,,,,,,,,,,,,,,,,,,,,,,,,,,,,,,,,,,,,,,,
Q55643,Q75571167,,,,,,,,,,,,,,,,,,,,,,,,,,,,,,,,,,,,,,,,,p21916.htm#i219159,,,,
Q55646,Q45501631,,,,,,,,,,,,,,,,,,,,,,,,,,,,,,,,,,,,,,,,,,,,,
Q55647,Q523717,,,,,,,,,,,,,,,,,,,,,,,,,,,,,,,,,,,,,,,,,,,,,
Q55650,Q45501696,,,,,,,,,,,,,,,,,,,,,,,,,,,,,,,,,,,,,,,,,,,,,
Q55654,Q45513942,,,,,,,,,,,,,,,,,,,,,,,,,,,,,,,,,,,,,,,,,,,,,
Q55655,Q129094103,,,,,,,,,,,,,,,,,,,,,,,,,,,,,,,,,,,,,,,,,,,,,I00106574
Q55658,Q45547384,,,,,,,,,,,,,,,,,,,,,,,,,,,,,,,,,,,,,,,,,,,,,
Q55659,Q17401782,,,,,,,,,,,,,,,,,,,,,,,,,,,,,,,,,,,,,,,,,,,,,
Q55662,Q45513689,,,,,,,,,,,,,,,,,,,,,,,,,,,,,,,,,,,,,,,,,,,,,
Q55663,Q129094127,,,,,,,,,,,,,,,,,,,,,,,,,,,,,,,,,,,,,,,,,,,,,I00610303
Q55666,Q45513752,,,,,,,,,,,,,,,,,,,,,,,,,,,,,,,,,,,,,,,,,,,,,
Q55670,Q45513815,,,,,,,,,,,,,,,,,,,,,,,,,,,,,,,,,,,,,,,,,,,,,
Q55671,Q47669746,,,,,,,,,,,,,,,,,,,,,,,,,,,,,p=bonne;n=de la roche sur l ognon,,,,,,,,,,,,,,,,I00571421
Q55674,Q45513878,,,,,,,,,,,,,,,,,,,,,,,,,,,,,,,,,,,,,,,,,,,,,
Q55675,Q16863332,,,,,,,,,,,,,,,,,,,,,,,,,,,,,,,,,,,,,,,,,,,,,
Q55678,Q45502267,,,,,,,,,,,,,,,,,,,,,,,,,,,,,,,,,,,,,,,,,,,,,
Q55679,Q20205275,,,,,,,,,,,,,,,,,,,,,,,,,,,,,,,,,,,,,,,,,,Marie_of_Antioch_(1),,,I00571426
Q55682,Q45422769,,,,,,,,,,,,,,,,,,,,,,,,,,,,,,,,,,,,,,,,,,,,,
Q55683,Q279147,,,,,,,,,,,,,,,,,,,,,,,,,,,692706,,p=geoffroy;n=de villehardouin,,,,,,,,,,,,,Geoffrey_I_of_Villehardouin_(1),,,I00122028
Q55686,Q45573203,,,,,,,,,,,,,,,,,,,,,,,,,,,,,,,,,,,,,,,,,,,,,
Q55687,Q113774083,,,,,,,,,,,,,,,,,,,,,,,,,,,,,p=elisabeth;n=de chappes;oc=1,,,,,,,,,,,,,,,,I00122029
Q55690,Q45422599,,,,,,,,,,,,,,,,,,,,,,,,,,,,,,,,,,,,,,,,,,,,,
Q55691,Q718267,,,,,,,,,,,,,,,,,,,,,,,,,,,,,p=geoffroy;n=de villehardouin;oc=2,,,,,,,,,,,,p24826.htm#i248254,Geoffrey_of_Villehardouin_(1),,,I00013803
Q55694,Q45455198,,,,,,,,,,,,,,,,,,,,,,,,,,,,,,,,,,,,,,,,,,,,,
Q55695,Q16329979,,,,,,,,,,,,,,,,,,,,,,,,,,,,,p=carintana;n=delle carcieri,,,,,,,,,,,,,,,,
Q55698,Q45677842,,,,,,,,,,,,,,,,,,,,,,,,,,,,,,,,,,,,,,,,,,,,,
Q55699,Q113775010,,,,,,,,,,,,,,,,,,,,,,,,,,,,,p=agnes;n=de toucy;oc=1,,,,,,,,,,,,,Unknown_de_Toucy_(1),,,I00208131
Q55702,Q45677411,,,,,,,,,,,,,,,,,,,,,,,,,,,,,,,,,,,,,,,,,,,,,
Q55703,Q25424242,,,,,,,,,,,,,,,,,,,,,,,,,,,,,p=isnard;n=de sabran;oc=6,,,,,,,,,,,,,,,,I00197434
Q55706,Q45422611,,,,,,,,,,,,,,,,,,,,,,,,,,,,,,,,,,,,,,,,,,,,,
Q55707,Q1400153,,,,,,,,,,,,,,,,,,,,,,,,,,,,,p=riccardo;n=orsini,,,,,,,,,,,,,,,,I00197435
Q55710,Q45677711,,,,,,,,,,,,,,,,,,,,,,,,,,,,,,,,,,,,,,,,,,,,,
Q55711,Q2289061,,,,,,,,,,,,,,,,,,,,,,,,,,,821701,,p=isabella;n=de sabran,,,,,,,,,,,,,,,,I00161640
Q55714,Q45564049,,,,,,,,,,,,,,,,,,,,,,,,,,,,,,,,,,,,,,,,,,,,,
Q55715,Q597299,,,,,,,,,,,,,,,,,,,,,,,,,,,704951,,p=florent;n=d avesnes,,,,,,,,,,,,p11379.htm#i113786,Floris_d'Avesnes_(1),,Avesnes-19,I00012276
Q55718,Q45394609,,,,,,,,,,,,,,,,,,,,,,,,,,,,,,,,,,,,,,,,,,,,,
Q55719,Q1365386,,,,,,,,,,,,,,,,,,,,,,,,,,,472952,,p=philippe;n=de savoie;oc=2,,,,,,,,,,,,p61965.htm#i619641,Philip_I_of_Piedmont_(1),,,I00106556
Q55722,Q45531351,,,,,,,,,,,,,,,,,,,,,,,,,,,,,,,,,,,,,,,,,,,,,
Q55726,Q45531981,,,,,,,,,,,,,,,,,,,,,,,,,,,,,,,,,,,,,,,,,,,,,
Q55730,Q45532043,,,,,,,,,,,,,,,,,,,,,,,,,,,,,,,,,,,,,,,,,,,,,
Q55734,Q45531063,,,,,,,,,,,,,,,,,,,,,,,,,,,,,,,,,,,,,,,,,,,,,
Q55738,Q45516875,,,,,,,,,,,,,,,,,,,,,,,,,,,,,,,,,,,,,,,,,,,,,
Q55742,Q26183714,,,,,,,,,,,,,,,,,,,,,,,,,,,,,,,,,,,,,,,,,,,,,
Q55746,Q45515995,,,,,,,,,,,,,,,,,,,,,,,,,,,,,,,,,,,,,,,,,,,,,
Q55750,Q45516059,,,,,,,,,,,,,,,,,,,,,,,,,,,,,,,,,,,,,,,,,,,,,
Q55754,Q45491380,,,,,,,,,,,,,,,,,,,,,,,,,,,,,,,,,,,,,,,,,,,,,
Q55757,Q45514849,,,,,,,,,,,,,,,,,,,,,,,,,,,,,,,,,,,,,,,,,,,,,
Q55759,Q286537,,,,,,,,,,8062250,,,,,,,,I2643,,,,,,,,,110541,,p=constanza;n=von hohenstaufen;oc=2,,,dw.8053,,,,,,,,,p11335.htm#i113342,Constantia_of_Sicily_(1),,Staufer-74,I00013507
Q55761,Q45514913,,,,,,,,,,,,,,,,,,,,,,,,,,,,,,,,,,,,,,,,,,,,,
Q55763,Q282038,,,,,,,,,,,,,,,,,,,,,,,,,,,573883,,p=manfredo;n=di saluzzo;oc=1,,,dw.8084,,,,,,,,,,Manfred_IV_of_Saluzzo_(1),,,I00292979
Q55765,Q45514977,,,,,,,,,,,,,,,,,,,,,,,,,,,,,,,,,,,,,,,,,,,,,
Q55767,Q3741779,,,,,,,,,,,,,,,,,,,,,,,,,,,573873,,p=federico;n=di saluzzo,,,,,,,,,,,,,Frederick_I_of_Saluzzo_(1),,,I00293532
Q55769,Q45437389,,,,,,,,,,,,,,,,,,,,,,,,,,,,,,,,,,,,,,,,,,,,,
Q55771,Q1635924,,,,,,,,,,,,,,,,,,,,,,,,,,,181368,,p=hugues;n=de brienne,,,,,,,,,,,,p12004.htm#i120039,Hugh_of_Brienne_(1),,Brienne-28,I00064485
Q55773,Q45438902,,,,,,,,,,,,,,,,,,,,,,,,,,,,,,,,,,,,,,,,,,,,,
Q55775,Q264233,,,,,,,,,,,,,,,,,,,,,,,,,,,704966,,p=guillaume;n=de la roche sur l ognon,,,,,,,,,,,,p12005.htm#i120048,William_I_de_la_Roche_(1),,,I00596664
Q55777,Q45641952,,,,,,,,,,,,,,,,,,,,,,,,,,,,,,,,,,,,,,,,,,,,,
Q55779,Q717726,,,,,,,,,,,,,,,,,,,,,,,,person/d3f5b5fd-c0af-4547-adfa-3e43a941f839,,,704971,,p=guillaume;n=de la roche sur l ognon;oc=2,,,,,,,,,,,,,Guy_II_de_la_Roche_(1),,,I00596665
Q55781,Q45642078,,,,,,,,,,,,,,,,,,,,,,,,,,,,,,,,,,,,,,,,,,,,,
Q55783,Q75403025,,,,,,,,,,,,,,,,,,,,,,,,,,,894896,,,,,,,,,,,,,,p12005.htm#i120049,,,,
Q55785,Q45643487,,,,,,,,,,,,,,,,,,,,,,,,,,,,,,,,,,,,,,,,,,,,,
Q55787,Q129093993,,,,,,,,,,,,,,,,,,,,,,,,,,,,,,,,,,,,,,,,,,,,,I00292987
Q55790,Q45643926,,,,,,,,,,,,,,,,,,,,,,,,,,,,,,,,,,,,,,,,,,,,,
Q55791,Q9079498,,,,,,,,,,,,,,,,,,,,,,,,,,,,,,,,,,,,,,,,,,,,,
Q55794,Q45642507,,,,,,,,,,,,,,,,,,,,,,,,,,,,,,,,,,,,,,,,,,,,,
Q55795,Q6393667,,,,,,,,,,,,,,,,,,,,,,,,,,,,,,,,,,,,,,,,,p14556.htm#i145559,Keratsa_Petritsa_(1),,,
Q55798,Q1567152,,,,,,,,,,,,,,,,,,,,,,,,,,,,,,,,,,,,,,,,,,,,,
Q55799,Q2655693,,,,,,,,,,,,,,,,,,,,,,,,,,,,,,,,,,,,,,,,,,Helena_of_Bulgaria_(1),,,
Q55802,Q45385211,,,,,,,,,,,,,,,,,,,,,,,,,,,,,,,,,,,,,,,,,,,,,
Q55803,Q110958,,,,,,,,,,,,,,,,,,,,,,,,,,,,,,,,,,,,,,,,,,,,,
Q55806,Q45638518,,,,,,,,,,,,,,,,,,,,,,,,,,,,,,,,,,,,,,,,,,,,,
Q55807,Q108698398,,,,,,,,,,,,,,,,,,,,,,,,,,,,,,,,,,,,,,,,,,,,,
Q55810,Q65808243,,,,,,,,,,,,,,,,,,,,,,,,,,,,,,,,,,,,,,,,,,,,,
Q55811,Q12271500,,,,,,,,,,,,,,,,,,,,,,,,,,,418088,,,,,,,,,,,,,,,,,,
Q55814,Q45614611,,,,,,,,,,,,,,,,,,,,,,,,,,,,,,,,,,,,,,,,,,,,,
Q55815,Q12284243,,,,,,,,,,,,,,,,,,,,,,,,,,,418090,,,,,,,,,,,,,,,,,,
Q55818,Q45614673,,,,,,,,,,,,,,,,,,,,,,,,,,,,,,,,,,,,,,,,,,,,,
Q55819,Q888583,,,,,,,,,,,,,,,,,,,,,,,,,,,,,,,,,,,,,,,,,,,,,I00571561
Q55822,Q45517579,,,,,,,,,,,,,,,,,,,,,,,,,,,,,,,,,,,,,,,,,,,,,
Q55823,Q2984872,,,,,,,,,,,,,,,,,,,,,,,,,,,,,,,,,,,,,,,,,,,,,I00571560
Q55826,Q45518543,,,,,,,,,,,,,,,,,,,,,,,,,,,,,,,,,,,,,,,,,,,,,
Q55827,Q65202612,,,,,,,,,,,,,,,,,,,,,,,,,,,,,,,,,,,,,,,,,,,,,
Q55830,Q45518671,,,,,,,,,,,,,,,,,,,,,,,,,,,,,,,,,,,,,,,,,,,,,
Q55831,Q559049,,,,,,,,,,,,,,,,,,,,,,,,,,,418092,,,,,,,,,,,,,,,,,,
Q55834,Q45481350,,,,,,,,,,,,,,,,,,,,,,,,,,,,,,,,,,,,,,,,,,,,,
Q55835,Q3298406,,,,,,,,,,,,,,,,,,,,,,,,,,,,,,,,,,,,,,,,,,,,,
Q55838,Q65807013,,,,,,,,,,,,,,,,,,,,,,,,,,,,,,,,,,,,,,,,,,,,,
Q55839,Q131350750,,,,,,,,,,,,,,,,,,,,,,,,,,,,,,,,,,,,,,,,,,,,,
Q55842,Q18235152,,,,,,,,,,,,,,,,,,,,,,,,,,,,,,,,,,,,,,,,,,,,,
Q55843,Q131350830,,,,,,,,,,,,,,,,,,,,,,,,,,,,,,,,,,,,,,,,,,,,,
Q55846,Q76011247,,,,,,,,,,,,,,,,,,,,,,,,,,,,,,,,,,,,,,,,,,,,,
Q55847,Q131350865,,,,,,,,,,,,,,,,,,,,,,,,,,,,,,,,,,,,,,,,,,,,,
Q55850,Q17498837,,,,,,,,,,,,,,,,,,,,,,,,,,,,,,,,,,,,,,,,,,,,,
Q55851,Q3622810,,,,,,,,,,,,,,,,,,,,,,,,,,,418099,,,,,,,,,,,,,,,Dejan_Dragaš_(1),,,I00292994
Q55854,Q18233962,,,,,,,,,,,,,,,,,,,,,,,,,,,,,,,,,,,,,,,,,,,,,
Q55855,Q3544432,,,,,,,,,,,,,,,,,,,,,,,,,,,418101,,,,,,,,,,,,,,,,,,
Q55858,Q17991585,,,,,,,,,,,,,,,,,,,,,,,,,,,,,,,,,,,,,,,,,,,,,
Q55859,Q887149,,,,,,,,,,,,,,,,,,,,,,,,,,,251862,,,,,,,,,,,,,,p21918.htm#i219172,Constantine_Dragaš_(1),,,I00292992
Q55862,Q45476559,,,,,,,,,,,,,,,,,,,,,,,,,,,,,,,,,,,,,,,,,,,,,
Q55863,Q12286026,,,,,,,,,,,,,,,,,,,,,,,,,,,418097,,,,,,,,,,,,,,,,,,
Q55866,Q45492755,,,,,,,,,,,,,,,,,,,,,,,,,,,,,,,,,,,,,,,,,,,,,
Q55867,Q3317421,,,,,,,,,,,,,,,,,,,,,,,,,,,,,,,,,,,,,,,,,,Mladen_III_Šubić_of_Bribir_(1),,,
Q55870,Q45498469,,,,,,,,,,,,,,,,,,,,,,,,,,,,,,,,,,,,,,,,,,,,,
Q55871,Q6376151,,,,,,,,,,,,,,,,,,,,,,,,,,,,,p=katharina;n=subic,,,dw.1481,,,,,,,,,,Katarina_Croatia_(1)|Katharina_Šubić_of_Croatia_(1),,UNKNOWN-78249,I00030748
Q55874,Q18236201,,,,,,,,,,,,,,,,,,,,,,,,,,,,,,,,,,,,,,,,,,,,,
Q55875,Q4715645,,,,,,,,,,,,,,,,,,,,,,,,,,,,,,,,,,,,,,,,,,,,,
Q55878,Q45484301,,,,,,,,,,,,,,,,,,,,,,,,,,,,,,,,,,,,,,,,,,,,,
Q55879,Q844591,,,,,,,,,,,,,,,,,,,,,,,,,,,,,,,,,,,,,,,,,,,,,
Q55882,Q45496280,,,,,,,,,,,,,,,,,,,,,,,,,,,,,,,,,,,,,,,,,,,,,
Q55883,Q1070476,,,,,,,,,,,,,,,,,,,,,,,,,,,,,,,,,,,,,,,,,,,,,
Q55886,Q45544503,,,,,,,,,,,,,,,,,,,,,,,,,,,,,,,,,,,,,,,,,,,,,
Q55887,Q3111415,,,,,,,,,,,,,,,,,,,,,,,,,,,,,,,,,,,,,,,,,,,,,
Q55889,Q45495761,,,,,,,,,,,,,,,,,,,,,,,,,,,,,,,,,,,,,,,,,,,,,
Q55891,Q3653129,,,,,,,,,,,,,,,,,,,,,,,,,,,,,,,,,,,,,,,,,,,,,
Q55893,Q45518513,,,,,,,,,,,,,,,,,,,,,,,,,,,,,,,,,,,,,,,,,,,,,
Q55895,Q13052921,,,,,,,,,,,,,,,,,,,,,,,,,,,,,,,,,,,,,,,,,,,,,
Q55897,Q45613340,,,,,,,,,,,,,,,,,,,,,,,,,,,,,,,,,,,,,,,,,,,,,
Q55899,Q5703662,,,,,,,,,,,,,,,,,,,,,,,,,,,,,,,,,,,,,,,,,,,,,I00763568
Q55901,Q45446507,,,,,,,,,,,,,,,,,,,,,,,,,,,,,,,,,,,,,,,,,,,,,
Q55903,Q2756704,,,,,,,,,,,,,,,,,,,,,,,,,,,585761,,,,,,,,,,,,,,,,,,I00763569
Q55905,Q45494032,,,,,,,,,,,,,,,,,,,,,,,,,,,,,,,,,,,,,,,,,,,,,
Q55907,Q431850,,,,,,,,,,,,,,,,,,,,,,,,,,,350233,,,,,,,,,,,,,,p69348.htm#i693475,Constantine_I_of_Georgia_(1),,,I00763376
Q55909,Q45474076,,,,,,,,,,,,,,,,,,,,,,,,,,,,,,,,,,,,,,,,,,,,,
Q55911,Q20561082,,,,,,,,,,,,,,,,,,,,,,,,,,,585758,,,,,,,,,,,,,,,,,,I00766414
Q55913,Q45640514,,,,,,,,,,,,,,,,,,,,,,,,,,,,,,,,,,,,,,,,,,,,,
Q55915,Q75571180,,,,,,,,,,,,,,,,,,,,,,,,,,,,,,,,,,,,,,,,,p21917.htm#i219167,,,,I00764761
Q55917,Q45422441,,,,,,,,,,,,,,,,,,,,,,,,,,,,,,,,,,,,,,,,,,,,,
Q55919,Q709495,,alvin-person:52571,,,,,,,,,,,,,,,,,,,,,,,,,,,,,,,,,,,,,,,p21913.htm#i219128,Alexios_IV_of_Trebizond_(1),,,I00302839
Q55921,Q45422477,,,,,,,,,,,,,,,,,,,,,,,,,,,,,,,,,,,,,,,,,,,,,
Q55923,Q58982,,,,,,,,,,,,,,,,,,,,,,,,,,,897102|1269000,,,,,,,,,,,,,,,Kilij_Arslan_II_(1),,,
Q55925,Q8246409,,,,,,,,,,,,,,,,,,,,,,,,,,,,,,,,,,,,,,,,,,,,,
Q55927,Q3032724,,,,,,,,,,,,,,,,,,,,,,,,,,,372162,,,,,,,,,,,,,,,,,,I00764296
Q55929,Q45421271,,,,,,,,,,,,,,,,,,,,,,,,,,,,,,,,,,,,,,,,,,,,,
Q55933,Q5192679,,,,,,,,,,,,,,,,,,,,,,,,,,,,,,,,,,,,,,,,,,,,,
Q55935,Q3651713,,,,,,,,,,,,,,,,,,,,,,,,,,,585721,,,,,,,,,,,,,,,,,,I00627890
Q55937,Q45421276,,,,,,,,,,,,,,,,,,,,,,,,,,,,,,,,,,,,,,,,,,,,,
Q55941,Q45421278,,,,,,,,,,,,,,,,,,,,,,,,,,,,,,,,,,,,,,,,,,,,,
Q55943,Q40374,,,,,,,,,,,,,,,,,,,,,,,,,,,,,,,,,,,,,,,,,,,,,
Q55945,Q45421279,,,,,,,,,,,,,,,,,,,,,,,,,,,,,,,,,,,,,,,,,,,,,
Q55947,Q770205,,,,,,,,,,,,,,,,,,,,,,,,,,,,,,,,,,,,,,,,,,,,,
Q55949,Q45421285,,,,,,,,,,,,,,,,,,,,,,,,,,,,,,,,,,,,,,,,,,,,,
Q55951,Q1385575,,,,,,,,,,,,,,,,,,,,,,,,,,,,,,,,,,,,,,,,,,,,,
Q55953,Q45571200,,,,,,,,,,,,,,,,,,,,,,,,,,,,,,,,,,,,,,,,,,,,,
Q55955,Q110738111,,,,,,,,,,,,,,,,,,,,,,,,,,,,,,,,,,,,,,,,,,,,,I00332918
Q55957,Q45571240,,,,,,,,,,,,,,,,,,,,,,,,,,,,,,,,,,,,,,,,,,,,,
Q55959,Q20716427,,,,,,,,,,,,,,,,,,,,,,,,,,,670395,,,,,,,,,,,,,,,,,Orbeliani-4,I00763457|I00763576
Q55961,Q45571270,,,,,,,,,,,,,,,,,,,,,,,,,,,,,,,,,,,,,,,,,,,,,
Q55963,Q3519482,,,,,,,,,,,,,,,,,,,,,,,,,,,585769,,,,,,,,,,,,,,,,,,I00763484
Q55965,Q45571337,,,,,,,,,,,,,,,,,,,,,,,,,,,,,,,,,,,,,,,,,,,,,
Q55967,Q3044501,,,,,,,,,,,,,,,,,,,,,,,,,,,1302512,,,,,,,,,,,,,,,,,,I00763372
Q55969,Q45571397,,,,,,,,,,,,,,,,,,,,,,,,,,,,,,,,,,,,,,,,,,,,,
Q55971,Q638646,,,,,,,,,,,,,,,,,,,,,,,,,,,250845,,p=butvydas;n=.,,,dw.1970,,,,,,,,,p22135.htm#i221347,,,Lithuania-1,I00332572
Q55973,Q22813892,,,,,,,,,,,,,,,,,,,,,,,,,,,,,,,,,,,,,,,,,,,,,
Q55975,Q3271351,,,,,,,,,,,,,,,,,,,,,,,,,,,,,,,,,,,,,,,,,,,,,I00333332
Q55977,Q11633162,,,,,,,,,,,,,,,,,,,,,,,,,,,,,,,,,,,,,,,,,,,,,
Q55979,Q557859,,,,,,,,,,,,,,,,,,,,,,,,,,,166118|250846,,,,,dw.1972,,,,,,,,,p22135.htm#i221349,,,,I00333330
Q55981,Q45576175,,,,,,,,,,,,,,,,,,,,,,,,,,,,,,,,,,,,,,,,,,,,,
Q55983,Q2659844,,,,,,,,,,,,,,,,,,,,,,,,,,,,,,,,dw.1973,,,,,,,,,,,,,I00333333
Q55985,Q17991565,,,,,,,,,,,,,,,,,,,,,,,,,,,,,,,,,,,,,,,,,,,,,
Q55987,Q88163872,,,,,,,,,,,,,,,,,,,,,,,,,,,166171,,,,,,,,,,,,,,p364.htm#i3634,,,Vsevolodna-1,I00081645
Q55989,Q20063234,,,,,,,,,,,,,,,,,,,,,,,,,,,,,,,,,,,,,,,,,,,,,
Q55991,Q16543490,,,,,,,,,,,,,,,,,,,,,,,,,,,,,p=elzbieta;n=de lithuanie,,,dw.1929,,,,,,,,,,Elzbieta_Lithuania_(1),,Gediminas-3,I00146524
Q55993,Q45509812,,,,,,,,,,,,,,,,,,,,,,,,,,,,,,,,,,,,,,,,,,,,,
Q55995,Q9375653,,,,,,,,,,,,,,,,,,,,,,,,,,,,,,,,,,,,,,,,,,,,,
Q55997,Q45502835,,,,,,,,,,,,,,,,,,,,,,,,,,,,,,,,,,,,,,,,,,,,,
Q55999,Q49587869,,,,,,,,,,,,,,,,,,,,,,,,,,,220528,,p=eufemia;n=de lithuanie,,,dw.1928,,,,,,,,,,Eufemija_Lithuania_(1),,Gediminas-4,
Q56001,Q45460718,,,,,,,,,,,,,,,,,,,,,,,,,,,,,,,,,,,,,,,,,,,,,
Q56003,Q113752973,,,,,,,,,,,,,,,,,,,,,,,,,,,180720,,p=marie;n=de lithuanie;oc=1,,,,,,,,,,,,,Marija_Lithuania_(1),,Gediminaitė-1,
Q56005,Q45518768,,,,,,,,,,,,,,,,,,,,,,,,,,,,,,,,,,,,,,,,,,,,,
Q56007,Q695345,,,,,,,,,,,,,,,,,,,,,,,,,,,,,,,,,,,,,,,,,,,,,
Q56009,Q45503348,,,,,,,,,,,,,,,,,,,,,,,,,,,,,,,,,,,,,,,,,,,,,
Q56011,Q53457,,,,,,,,,,,,,,,,,,,,,,,,person/2DE16218-B056-4295-A8A7-D5783D82C6E7,,,161368,,p=kazimierz;n=piast;oc=6,,,dw.1249,,,,,,,,,p364.htm#i3631,Casimir_III_the_Great_(1),,Piast-111,I00014226
Q56013,Q718118,,,,,,,,,,,,,,,,,,,,,,,,,,,,,,,,,,,,,,,,,,,,,
Q56015,Q1995330,,,,,,,,,,,,,,,,,,,,,,,,,,,161367,,p=elzbieta;n=piast;oc=5,,,dw.1638,,,,,,,,,p11468.htm#i114679,Elisabeth_of_Poland_(1),,Piast-86,I00020801
Q56017,Q45401090,,,,,,,,,,,,,,,,,,,,,,,,,,,,,,,,,,,,,,,,,,,,,
Q56019,Q2251185,,,,,,,,,,,,,,,,,,,,,,,,,,,344721,,p=kunegunda;n=piast;oc=2,,,dw.1639,,,,,,,,,p11469.htm#i114681,Cunigunde_of_Poland_(1),,Polen-2,I00020803
Q56021,Q45466332,,,,,,,,,,,,,,,,,,,,,,,,,,,,,,,,,,,,,,,,,,,,,
Q56023,Q297102,,,,,,,,,,,,,,,,,,,,,,,,person/83078167-68FA-4F09-A2B6-9FF545110913,,,104403,,p=simeon;n=rurikides;oc=1,,,dw.2033,,,,,,,,,p22088.htm#i220876,Simeon_of_Moscow_(1),,,
Q56025,Q45664257,,,,,,,,,,,,,,,,,,,,,,,,,,,,,,,,,,,,,,,,,,,,,
Q56027,Q17664566,,,,,,,,,,,,,,,,,,,,,,,,,,,181850,,p=vassilissa;n=rurikides;oc=1,,,dw.2034,,,,,,,,,,,,,
Q56029,Q45473131,,,,,,,,,,,,,,,,,,,,,,,,,,,,,,,,,,,,,,,,,,,,,
Q56031,Q2371160,,,,,,,,,,,,,,,,,,,,,,,,,,,258134,,p=bierute;n=n,,,dw.2012,,,,,,,,,,Birutė_(1),,,I00174625
Q56033,Q45473258,,,,,,,,,,,,,,,,,,,,,,,,,,,,,,,,,,,,,,,,,,,,,
Q56035,Q218186,,,,,,,,,,,,,,,,,,,,,,,,,,,116571,,p=vytautas;n=de lithuanie,,,7.753.20,,,,,,,,,p22136.htm#i221351,Vytautas_the_Great_(1),,,I00218911
Q56037,Q45472814,,,,,,,,,,,,,,,,,,,,,,,,,,,,,,,,,,,,,,,,,,,,,
Q56039,Q2669823,,,,,,,,,,,,,,,,,,,,,,,,,,,,,p=towtiwil;n=de lithuanie,,,dw.2015,,,,,,,,,,Tautvilas_Kęstutaitis_(1),,,
Q56041,Q45472942,,,,,,,,,,,,,,,,,,,,,,,,,,,,,,,,,,,,,,,,,,,,,
Q56043,Q2083692,,,,,,,,,,,,,,,,,,,,,,,,,,,885761,,p=danuta anna;n=de lithuanie,,,dw.2014,,,,,,,,,,Danutė_of_Lithuania_(1),,,I00174618
Q56045,Q45472556,,,,,,,,,,,,,,,,,,,,,,,,,,,,,,,,,,,,,,,,,,,,,
Q56047,Q5754835,,,,,,,,,,,,,,,,,,,,,,,,,,,590556,,p=ryngalla;n=de lithuanie,,,7.i16.6,,,,,,,,,,Rymgajla_(1),,,I00526701
Q56049,Q45567971,,,,,,,,,,,,,,,,,,,,,,,,,,,,,,,,,,,,,,,,,,,,,
Q56051,Q4380881,,,,,,,,,,,,,,,,,,,,,,,,,,,,,p=butaw henryk;n=de lithuanie,,,dw.2008,,,,,,,,,,Butautas_Unknown_(1),,,
Q56053,Q45640384,,,,,,,,,,,,,,,,,,,,,,,,,,,,,,,,,,,,,,,,,,,,,
Q56055,Q11781132,,,,,,,,,,,,,,,,,,,,,,,,,,,181962,,p=marie;n=de lithuanie;oc=2|p=miklowsa;n=de lithuanie,,,dw.2018,,,,,,,,,,Miklausė_Marija_(1),,,
Q56057,Q45568286,,,,,,,,,,,,,,,,,,,,,,,,,,,,,,,,,,,,,,,,,,,,,
Q56059,Q3544341,,,,,,,,,,,,,,,,,,,,,,,,,,,,,p=wojdat;n=de lithuanie,,,dw.2011,,,,,,,,,,Vaidotas_Unknown_(1),,,
Q56061,Q45568348,,,,,,,,,,,,,,,,,,,,,,,,,,,,,,,,,,,,,,,,,,,,,
Q56063,Q1091376,,,,,,,,,,,,,,,,,,,,,,,,,,,650639,,p=zygmunt;n=de lithuanie,,,dw.2016,,,,,,,,,p22136.htm#i221353,Sigismund_Kęstutaitis_(1),,,
Q56065,Q45478222,,,,,,,,,,,,,,,,,,,,,,,,,,,,,,,,,,,,,,,,,,,,,
Q56067,Q7908917,,,,,,,,,,,,,,,,,,,,,,,,,,,,,p=wojszwil;n=de lithuanie,,,dw.2010,,,,,,,,,,,,,
Q56069,Q45470953,,,,,,,,,,,,,,,,,,,,,,,,,,,,,,,,,,,,,,,,,,,,,
Q56071,Q4228577,,,,,,,,,,,,,,,,,,,,,,,,,,,258126,,p=patirg;n=de lithuanie,,,dw.2009,,,,,,,,,,Patsirg_Keystutovich_(1),,,
Q56073,Q45471018,,,,,,,,,,,,,,,,,,,,,,,,,,,,,,,,,,,,,,,,,,,,,
Q56075,Q2587652,,,,,,,,,,,,,,,,,,,,,,,,,,,258131|299313,,p=constantin;n=de lithuanie,,,3.662.1,,,,,,,,,,,,Гедзімінавіч-1,I00601610
Q56077,Q65806054,,,,,,,,,,,,,,,,,,,,,,,,,,,,,,,,,,,,,,,,,,,,,
Q56079,Q2991423,,,,,,,,,,,,,,,,,,,,,,,,,,,258132,,,,,11.218.7,,,,,,,,,,,,,
Q56081,Q45539699,,,,,,,,,,,,,,,,,,,,,,,,,,,,,,,,,,,,,,,,,,,,,
Q56083,Q4391165,,,,,,,,,,,,,,,,,,,,,,,,,,,258129,,,,,11.218.4,,,,,,,,,,,,,
Q56085,Q45442406,,,,,,,,,,,,,,,,,,,,,,,,,,,,,,,,,,,,,,,,,,,,,
Q56087,Q2349206,,,,,,,,,,,,,,,,,,,,,,,,,,,258130,,,,,11.218.5,,,,,,,,,,,,,
Q56089,Q45442533,,,,,,,,,,,,,,,,,,,,,,,,,,,,,,,,,,,,,,,,,,,,,
Q56091,Q7569679,,,,,,,,,,,,,,,,,,,,,,,,,,,258139,,p=dimitri;n=de lithuanie;oc=1,,,11.218.22,,,,,,,,,,,,,
Q56093,Q45442596,,,,,,,,,,,,,,,,,,,,,,,,,,,,,,,,,,,,,,,,,,,,,
Q56095,Q126058242,,,,,,,,,,,,,,,,,,,,,,,,,,,270976,,,,,psb.1935.1,,,,,,,,,,,,,
Q56097,Q45442659,,,,,,,,,,,,,,,,,,,,,,,,,,,,,,,,,,,,,,,,,,,,,
Q56099,Q44059398,,,,,,,,,,,,,,,,,,,,,,,,,,,,,,,,3.662.1,,,,,,,,,,,,,
Q56101,Q45650958,,,,,,,,,,,,,,,,,,,,,,,,,,,,,,,,,,,,,,,,,,,,,
Q56103,Q130389646,,,,,,,,,,,,,,,,,,,,,,,,,,,258146,,,,,11.218.20,,,,,,,,,,,,,
Q56105,Q45443235,,,,,,,,,,,,,,,,,,,,,,,,,,,,,,,,,,,,,,,,,,,,,
Q56107,Q130389802,,,,,,,,,,,,,,,,,,,,,,,,,,,270986,,,,,11.218.21,,,,,,,,,,,,,
Q56109,Q45566144,,,,,,,,,,,,,,,,,,,,,,,,,,,,,,,,,,,,,,,,,,,,,
Q56111,Q18226113,,,,,,,,,,,,,,,,,,,,,,,,,,,,,,,,psb.12644.1|psb.5510.3,,,,,,,,,,,,,
Q56113,Q65805782,,,,,,,,,,,,,,,,,,,,,,,,,,,,,,,,,,,,,,,,,,,,,
Q56115,Q4056769,,,,,,,,,,,,,,,,,,,,,,,,,,,220531,,p=agathe;n=rurikides,,,dw.2029,,,,,,,,,,,,,
Q56117,Q45555955,,,,,,,,,,,,,,,,,,,,,,,,,,,,,,,,,,,,,,,,,,,,,
Q56119,Q129404479,,,,,,,,,,,,,,,,,,,,,,,,,,,220529,,p=euphemie;n=rurikides,,,dw.2028,,,,,,,,,,,,,
Q56121,Q45556017,,,,,,,,,,,,,,,,,,,,,,,,,,,,,,,,,,,,,,,,,,,,,
Q56123,Q4493877,,,,,,,,,,,,,,,,,,,,,,,,,,,220530,,,,,dw.2031,,,,,,,,,,Theodore_of_Volhynia_(1),,,
Q56125,Q45556081,,,,,,,,,,,,,,,,,,,,,,,,,,,,,,,,,,,,,,,,,,,,,
Q56127,Q130529662,,,,,,,,,,,,,,,,,,,,,,,,,,,220532,,,,,psb.15604.7,,,,,,,,,,,,,
Q56129,Q45556143,,,,,,,,,,,,,,,,,,,,,,,,,,,,,,,,,,,,,,,,,,,,,
Q56131,Q130529663,,,,,,,,,,,,,,,,,,,,,,,,,,,220533,,,,,psb.15604.8,,,,,,,,,,,,,
Q56133,Q45479241,,,,,,,,,,,,,,,,,,,,,,,,,,,,,,,,,,,,,,,,,,,,,
Q56135,Q128399,,,,,,,,,,,,,,,,,,,,,,,,,,,166173,,p=juliana;n=rurikides,,,dw.1993,,,,,,,,,p11470.htm#i114695,Uliana_of_Tver_(1),,Aleksandrovna_of_Tver-1,I00081642
Q56137,Q45479748,,,,,,,,,,,,,,,,,,,,,,,,,,,,,,,,,,,,,,,,,,,,,
Q56139,Q2084307,,,,,,,,,,,,,,,,,,,,,,,,,,,166172,,p=marie;n=de vitebsk,,,dw.1984,,,,,,,,,p11470.htm#i114693,Maria_of_Vitebsk_(1),,,I00302782
Q56141,Q45479810,,,,,,,,,,,,,,,,,,,,,,,,,,,,,,,,,,,,,,,,,,,,,
Q56143,Q54049,,,,,,,,,,10790929,,,,,,,,,,,,,,person/8523BBEA-0D30-4D97-8140-49365C4A824C,,,115972|342896,,p=wladyslaw;n=jagiello;oc=2,,,7.753.32,,,,,,,,,p11418.htm#i114178,Jogaila_(1),,Gediminaitis-11,I00020782
Q56145,Q45481216,,,,,,,,,,,,,,,,,,,,,,,,,,,,,,,,,,,,,,,,,,,,,
Q56147,Q992978,,,,,,,,,,,,,,,,,,,,,,,,,,,181943,,,,,dw.1996,,,,,,,,,,Skirgaila_(1),,,I00306322
Q56149,Q45481470,,,,,,,,,,,,,,,,,,,,,,,,,,,,,,,,,,,,,,,,,,,,,
Q56151,Q2464977,,,,,,,,,,,,,,,,,,,,,,,,,,,223499,,p=korybout;n=de lithuanie,,,11.285.1,,,,,,,,,,Kaributas_(1),,Gediminaitis-12,I00304596
Q56153,Q45481664,,,,,,,,,,,,,,,,,,,,,,,,,,,,,,,,,,,,,,,,,,,,,
Q56155,Q1050358,,,,,,,,,,,,,,,,,,,,,,,,,,,276581,,p=languini;n=de lithuanie,,,14.i4.1,,,,,,,,,,Lengvenis_(1),,,I00305104
Q56157,Q45482243,,,,,,,,,,,,,,,,,,,,,,,,,,,,,,,,,,,,,,,,,,,,,
Q56159,Q2992106,,,,,,,,,,,,,,,,,,,,,,,,,,,,,,,,dw.1997,,,,,,,,,,Karigaila_(1),,,I00306304
Q56161,Q45482875,,,,,,,,,,,,,,,,,,,,,,,,,,,,,,,,,,,,,,,,,,,,,
Q56163,Q4110531,,,,,,,,,,,,,,,,,,,,,,,,,,,,,,,,dw.1998,,,,,,,,,,Vygantas_(1),,,I00305108
Q56165,Q45483573,,,,,,,,,,,,,,,,,,,,,,,,,,,,,,,,,,,,,,,,,,,,,
Q56167,Q392792,,,,,,,,,,,,,,,,,,,,,,,,,,,223504,,p=svidrigaila;n=de lithuanie,,,dw.2003,,,,,,,,,p22136.htm#i221352,Švitrigaila_Unknown_(1),,,
Q56169,Q45484464,,,,,,,,,,,,,,,,,,,,,,,,,,,,,,,,,,,,,,,,,,,,,
Q56171,Q4057085,,,,,,,,,,,,,,,,,,,,,,,,,,,293079,,p=marie;n=de lithuanie,,,dw.1992,,,,,,,,,p11479.htm#i114784,Agrypina_(1),,,
Q56173,Q45484595,,,,,,,,,,,,,,,,,,,,,,,,,,,,,,,,,,,,,,,,,,,,,
Q56176,Q45484981,,,,,,,,,,,,,,,,,,,,,,,,,,,,,,,,,,,,,,,,,,,,,
Q56179,Q45485814,,,,,,,,,,,,,,,,,,,,,,,,,,,,,,,,,,,,,,,,,,,,,
Q56182,Q45486961,,,,,,,,,,,,,,,,,,,,,,,,,,,,,,,,,,,,,,,,,,,,,
Q56185,Q45487026,,,,,,,,,,,,,,,,,,,,,,,,,,,,,,,,,,,,,,,,,,,,,
Q56188,Q45487089,,,,,,,,,,,,,,,,,,,,,,,,,,,,,,,,,,,,,,,,,,,,,
Q56191,Q45487214,,,,,,,,,,,,,,,,,,,,,,,,,,,,,,,,,,,,,,,,,,,,,
Q56194,Q45487280,,,,,,,,,,,,,,,,,,,,,,,,,,,,,,,,,,,,,,,,,,,,,
Q56197,Q45487665,,,,,,,,,,,,,,,,,,,,,,,,,,,,,,,,,,,,,,,,,,,,,
Q56200,Q45488050,,,,,,,,,,,,,,,,,,,,,,,,,,,,,,,,,,,,,,,,,,,,,
Q56203,Q45418715,,,,,,,,,,,,,,,,,,,,,,,,,,,,,,,,,,,,,,,,,,,,,
Q56206,Q45681834,,,,,,,,,,,,,,,,,,,,,,,,,,,,,,,,,,,,,,,,,,,,,
Q56209,Q45682180,,,,,,,,,,,,,,,,,,,,,,,,,,,,,,,,,,,,,,,,,,,,,
Q56212,Q45681927,,,,,,,,,,,,,,,,,,,,,,,,,,,,,,,,,,,,,,,,,,,,,
Q56215,Q45682117,,,,,,,,,,,,,,,,,,,,,,,,,,,,,,,,,,,,,,,,,,,,,
Q56218,Q45682148,,,,,,,,,,,,,,,,,,,,,,,,,,,,,,,,,,,,,,,,,,,,,
Q56221,Q45418729,,,,,,,,,,,,,,,,,,,,,,,,,,,,,,,,,,,,,,,,,,,,,
Q56224,Q45438307,,,,,,,,,,,,,,,,,,,,,,,,,,,,,,,,,,,,,,,,,,,,,
Q56227,Q65804806,,,,,,,,,,,,,,,,,,,,,,,,,,,,,,,,,,,,,,,,,,,,,
Q56230,Q45422318,,,,,,,,,,,,,,,,,,,,,,,,,,,,,,,,,,,,,,,,,,,,,
Q56233,Q45501425,,,,,,,,,,,,,,,,,,,,,,,,,,,,,,,,,,,,,,,,,,,,,
Q56236,Q45420196,,,,,,,,,,,,,,,,,,,,,,,,,,,,,,,,,,,,,,,,,,,,,
Q56239,Q45673622,,,,,,,,,,,,,,,,,,,,,,,,,,,,,,,,,,,,,,,,,,,,,
Q56242,Q45420205,,,,,,,,,,,,,,,,,,,,,,,,,,,,,,,,,,,,,,,,,,,,,
Q56245,Q65800063,,,,,,,,,,,,,,,,,,,,,,,,,,,,,,,,,,,,,,,,,,,,,
Q56248,Q65800064,,,,,,,,,,,,,,,,,,,,,,,,,,,,,,,,,,,,,,,,,,,,,
Q56251,Q45420506,,,,,,,,,,,,,,,,,,,,,,,,,,,,,,,,,,,,,,,,,,,,,
Q56254,Q45637553,,,,,,,,,,,,,,,,,,,,,,,,,,,,,,,,,,,,,,,,,,,,,
Q56257,Q45637614,,,,,,,,,,,,,,,,,,,,,,,,,,,,,,,,,,,,,,,,,,,,,
Q56260,Q123415143,,,,,,,,,,,,,,,,,,,,,,,,,,,,,,,,,,,,,,,,,,,,,
Q56263,Q123415134,,,,,,,,,,,,,,,,,,,,,,,,,,,,,,,,,,,,,,,,,,,,,
Q56266,Q11242378,,,,,,,,,,,,,,,,,,,,,,,,,,,,,,,,,,,,,,,,,,,,,
Q56269,Q5370666,,,,,,,,,,,,,,,,,,,,,,,,,,,,,,,,,,,,,,,,,,,,,
Q56272,Q11551683,,,,,,,,,,,,,,,,,,,,,,,,,,,,,,,,,,,,,,,,,,,,,
Q56275,Q111016138,,,,,,,,,,,,,,,,,,,,,,,,,,,,,,,,,,,,,,,,,,,,,
Q56278,Q11068736,,,,,,,,,,,,,,,,,,,,,,,,,,,,,,,,,,,,,,,,,,,,,
Q56281,Q2575281,,,,,,,,,,,,,,,,,,,,,,,,,,,,,,,,,,,,,,,,,,,,,
Q56284,Q108302254,,,,,,,,,,,,,,,,,,,,,,,,,,,,,,,,,,,,,,,,,,,,,
Q56287,Q11383448,,,,,,,,,,,,,,,,,,,,,,,,,,,,,,,,,,,,,,,,,,,,,
Q56290,Q11500880,,,,,,,,,,,,,,,,,,,,,,,,,,,,,,,,,,,,,,,,,,,,,
Q56293,Q109741925,,,,,,,,,,,,,,,,,,,,,,,,,,,,,,,,,,,,,,,,,,,,,
Q56296,Q11640323,,,,,,,,,,,,,,,,,,,,,,,,,,,,,,,,,,,,,,,,,,,,,
Q56299,Q110825063,,,,,,,,,,,,,,,,,,,,,,,,,,,,,,,,,,,,,,,,,,,,,
Q56302,Q110825174,,,,,,,,,,,,,,,,,,,,,,,,,,,,,,,,,,,,,,,,,,,,,
Q56305,Q11239097,,,,,,,,,,,,,,,,,,,,,,,,,,,,,,,,,,,,,,,,,,,,松平-83,
Q56308,Q11657646,,,,,,,,,,,,,,,,,,,,,,,,,,,,,,,,,,,,,,,,,,,,,
Q56311,Q134519609,,,,,,,,,,,,,,,,,,,,,,,,,,,,,,,,,,,,,,,,,,,,,
Q56314,Q11466839,,,,,,,,,,,,,,,,,,,,,,,,,,,,,,,,,,,,,,,,,,,,,
Q56317,Q29410917,,,,,,,,,,,,,,,,,,,,,,,,,,,,,,,,,,,,,,,,,,,,,
Q56320,Q106651735,,,,,,,,,,,,,,,,,,,,,,,,,,,,,,,,,,,,,,,,,,,,,
Q56323,Q105711154,,,,,,,,,,,,,,,,,,,,,,,,,,,,,,,,,,,,,,,,,,,,,
Q56326,Q60986478,,,,,,,,,,,,,,,,,,,,,,,,,,,,,,,,,,,,,,,,,,,,,
Q56328,Q11495574,,,,,,,,,,,,,,,,,,,,,,,,,,,,,,,,,,,,,,,,,,,,,
Q56331,Q11495533,,,,,,,,,,,,,,,,,,,,,,,,,,,,,,,,,,,,,,,,,,,,,
Q56334,Q11427631,,,,,,,,,,,,,,,,,,,,,,,,,,,,,,,,,,,,,,,,,,,,,
Q56337,Q11427638,,,,,,,,,,,,,,,,,,,,,,,,,,,,,,,,,,,,,,,,,,,,,
Q56340,Q111103822,,,,,,,,,,,,,,,,,,,,,,,,,,,,,,,,,,,,,,,,,,,,,
Q56343,Q11427641,,,,,,,,,,,,,,,,,,,,,,,,,,,,,,,,,,,,,,,,,,,,,
Q56346,Q97636167,,,,,,,,,,,,,,,,,,,,,,,,,,,,,,,,,,,,,,,,,,,,,
Q56349,Q110280928,,,,,,,,,,,,,,,,,,,,,,,,,,,,,,,,,,,,,,,,,,,,,
Q56352,Q11642230,,,,,,,,,,,,,,,,,,,,,,,,,,,,,,,,,,,,,,,,,,,,,
Q56355,Q10514870,,,,,,,,,,,,,,,,,,,,,,,,,,,,,,,,,,,,,,,,,,,,,
Q56358,Q10514864,,,,,,,,,,,,,,,,,,,,,,,,,,,,,,,,,,,,,,,,,,,,,
Q56361,Q10514885,,,,,,,,,,,,,,,,,,,,,,,,,,,,,,,,,,,,,,,,,,,,,
Q56364,Q113263748,,,,,,,,,,,,,,,,,,,,,,,,,,,,,,,,,,,,,,,,,,,,,
Q56367,Q11539644,,,,,,,,,,,,,,,,,,,,,,,,,,,,,,,,,,,,,,,,,,,,,
Q56370,Q11539649,,,,,,,,,,,,,,,,,,,,,,,,,,,,,,,,,,,,,,,,,,,,,
Q56373,Q11539646,,,,,,,,,,,,,,,,,,,,,,,,,,,,,,,,,,,,,,,,,,,,,
Q56376,Q113164094,,,,,,,,,,,,,,,,,,,,,,,,,,,,,,,,,,,,,,,,,,,,,
Q56379,Q11615409,,,,,,,,,,,,,,,,,,,,,,,,,,,,,,,,,,,,,,,,,,,,,
Q56382,Q11510644,,,,,,,,,,,,,,,,,,,,,,,,,,,,,,,,,,,,,,,,,,,,,
Q56385,Q11595124,,,,,,,,,,,,,,,,,,,,,,,,,,,,,,,,,,,,,,,,,,,,,
Q56388,Q11595110,,,,,,,,,,,,,,,,,,,,,,,,,,,,,,,,,,,,,,,,,,,,,
Q56391,Q11555490,,,,,,,,,,,,,,,,,,,,,,,,,,,,,,,,,,,,,,,,,,,,,
Q56394,Q108121372,,,,,,,,,,,,,,,,,,,,,,,,,,,,,,,,,,,,,,,,,,,,,
Q56397,Q110603004,,,,,,,,,,,,,,,,,,,,,,,,,,,,,,,,,,,,,,,,,,,,,
Q56400,Q110643858,,,,,,,,,,,,,,,,,,,,,,,,,,,,,,,,,,,,,,,,,,,,,
Q56403,Q110643759,,,,,,,,,,,,,,,,,,,,,,,,,,,,,,,,,,,,,,,,,,,,,
Q56406,Q15839246,,,,,,,,,,,,,,,,,,,,,,,,,,,,,,,,,,,,,,,,,,,,,
Q56409,Q107159595,,,,,,,,,,,,,,,,,,,,,,,,,,,,,,,,,,,,,,,,,,,,,
Q56412,Q5368164,,,,,,,,,,,,,,,,,,,,,,,,,,,,,,,,,,,,,,,,,,,,,
Q56415,Q11679395,,,,,,,,,,,,,,,,,,,,,,,,,,,,,,,,,,,,,,,,,,,,,
Q56418,Q11679387,,,,,,,,,,,,,,,,,,,,,,,,,,,,,,,,,,,,,,,,,,,,,
Q56421,Q29410711,,,,,,,,,,,,,,,,,,,,,,,,,,,,,,,,,,,,,,,,,,,,,
Q56424,Q11584956,,,,,,,,,,,,,,,,,,,,,,,,,,,,,,,,,,,,,,,,,,,,,
Q56427,Q11584888,,,,,,,,,,,,,,,,,,,,,,,,,,,,,,,,,,,,,,,,,,,,,
Q56430,Q11584948,,,,,,,,,,,,,,,,,,,,,,,,,,,,,,,,,,,,,,,,,,,,,
Q56433,Q11463416,,,,,,,,,,,,,,,,,,,,,,,,,,,,,,,,,,,,,,,,,,,,,
Q56436,Q118747079,,,,,,,,,,,,,,,,,,,,,,,,,,,,,,,,,,,,,,,,,,,,,
Q56439,Q115596093,,,,,,,,,,,,,,,,,,,,,,,,,,,,,,,,,,,,,,,,,,,,,
Q56442,Q11520751,,,,,,,,,,,,,,,,,,,,,,,,,,,,,,,,,,,,,,,,,,,,,
Q56445,Q11174117,,,,,,,,,,,,,,,,,,,,,,,,,,,,,,,,,,,,,,,,,,,,,
Q56448,Q110157644,,,,,,,,,,,,,,,,,,,,,,,,,,,,,,,,,,,,,,,,,,,,,
Q56451,Q110159916,,,,,,,,,,,,,,,,,,,,,,,,,,,,,,,,,,,,,,,,,,,,,
Q56454,Q110159932,,,,,,,,,,,,,,,,,,,,,,,,,,,,,,,,,,,,,,,,,,,,,
Q56457,Q11439029,,,,,,,,,,,,,,,,,,,,,,,,,,,,,,,,,,,,,,,,,,,,,
Q56460,Q118727154,,,,,,,,,,,,,,,,,,,,,,,,,,,,,,,,,,,,,,,,,,,,,
Q56463,Q843226,,,,,,,,,,,,,,,,,,,,,,,,,,,,,,,,,,,,,,,,,,,,,
Q56466,Q108057287,,,,,,,,,,,,,,,,,,,,,,,,,,,,,,,,,,,,,,,,,,,,,
Q56469,Q11483739,,,,,,,,,,,,,,,,,,,,,,,,,,,,,,,,,,,,,,,,,,,,,
Q56472,Q115596090,,,,,,,,,,,,,,,,,,,,,,,,,,,,,,,,,,,,,,,,,,,,,
Q56475,Q111050684,,,,,,,,,,,,,,,,,,,,,,,,,,,,,,,,,,,,,,,,,,,,,
Q56478,Q11069149,,,,,,,,,,,,,,,,,,,,,,,,,,,,,,,,,,,,,,,,,,,,,
Q56481,Q111032306,,,,,,,,,,,,,,,,,,,,,,,,,,,,,,,,,,,,,,,,,,,,,
Q56484,Q11520008,,,,,,,,,,,,,,,,,,,,,,,,,,,,,,,,,,,,,,,,,,,,,
Q56487,Q110726554,,,,,,,,,,,,,,,,,,,,,,,,,,,,,,,,,,,,,,,,,,,,,
Q56490,Q11642252,,,,,,,,,,,,,,,,,,,,,,,,,,,,,,,,,,,,,,,,,,,,,
Q56493,Q110280909,,,,,,,,,,,,,,,,,,,,,,,,,,,,,,,,,,,,,,,,,,,,,
Q56496,Q11519757,,,,,,,,,,,,,,,,,,,,,,,,,,,,,,,,,,,,,,,,,,,,,
Q56499,Q11556273,,,,,,,,,,,,,,,,,,,,,,,,,,,,,,,,,,,,,,,,,,,,,
Q56502,Q11539363,,,,,,,,,,,,,,,,,,,,,,,,,,,,,,,,,,,,,,,,,,,,,
Q56505,Q11509542,,,,,,,,,,,,,,,,,,,,,,,,,,,,,,,,,,,,,,,,,,,,,
Q56508,Q10932887,,,,,,,,,,,,,,,,,,,,,,,,,,,,,,,,,,,,,,,,,,,,,
Q56511,Q110973579,,,,,,,,,,,,,,,,,,,,,,,,,,,,,,,,,,,,,,,,,,,,,
Q56514,Q134547318,,,,,,,,,,,,,,,,,,,,,,,,,,,,,,,,,,,,,,,,,,,,,
Q56517,Q134560964,,,,,,,,,,,,,,,,,,,,,,,,,,,,,,,,,,,,,,,,,,,,,
Q56520,Q134561351,,,,,,,,,,,,,,,,,,,,,,,,,,,,,,,,,,,,,,,,,,,,,
Q56523,Q22128392,,,,,,,,,,,,,,,,,,,,,,,,,,,,,,,,,,,,,,,,,,,,,
Q56526,Q110821707,,,,,,,,,,,,,,,,,,,,,,,,,,,,,,,,,,,,,,,,,,,,,
Q56529,Q110821735,,,,,,,,,,,,,,,,,,,,,,,,,,,,,,,,,,,,,,,,,,,,,
Q56532,Q111218884,,,,,,,,,,,,,,,,,,,,,,,,,,,,,,,,,,,,,,,,,,,,,
Q56535,Q108685843,,,,,,,,,,,,,,,,,,,,,,,,,,,,,,,,,,,,,,,,,,,,,
Q56538,Q111152234,,,,,,,,,,,,,,,,,,,,,,,,,,,,,,,,,,,,,,,,,,,,,
Q56541,Q111219807,,,,,,,,,,,,,,,,,,,,,,,,,,,,,,,,,,,,,,,,,,,,,
Q56544,Q111219795,,,,,,,,,,,,,,,,,,,,,,,,,,,,,,,,,,,,,,,,,,,,,
Q56547,Q115587146,,,,,,,,,,,,,,,,,,,,,,,,,,,,,,,,,,,,,,,,,,,,,
Q56550,Q118747553,,,,,,,,,,,,,,,,,,,,,,,,,,,,,,,,,,,,,,,,,,,,,
Q56553,Q11374472,,,,,,,,,,,,,,,,,,,,,,,,,,,,,,,,,,,,,,,,,,,,,
Q56556,Q108845414,,,,,,,,,,,,,,,,,,,,,,,,,,,,,,,,,,,,,,,,,,,,,
Q56562,Q11530352,,,,,,,,,,,,,,,,,,,,,,,,,,,,,,,,,,,,,,,,,,,,松平-155,
Q56565,Q108845811,,,,,,,,,,,,,,,,,,,,,,,,,,,,,,,,,,,,,,,,,,,,,
Q56568,Q11530478,,,,,,,,,,,,,,,,,,,,,,,,,,,,,,,,,,,,,,,,,,,,松平-157,
Q56571,Q11520307,,,,,,,,,,,,,,,,,,,,,,,,,,,,,,,,,,,,,,,,,,,,,
Q56574,Q10862091,,,,,,,,,,,,,,,,,,,,,,,,,,,,,,,,,,,,,,,,,,,,,
Q56577,Q10522808,,,,,,,,,,,,,,,,,,,,,,,,,,,,,,,,,,,,,,,,,,,,,
Q56580,Q11564473,,,,,,,,,,,,,,,,,,,,,,,,,,,,,,,,,,,,,,,,,,,,溝口-8,
Q56583,Q11564474,,,,,,,,,,,,,,,,,,,,,,,,,,,,,,,,,,,,,,,,,,,,,
Q56586,Q108097219,,,,,,,,,,,,,,,,,,,,,,,,,,,,,,,,,,,,,,,,,,,,,
Q56589,Q11551940,,,,,,,,,,,,,,,,,,,,,,,,,,,,,,,,,,,,,,,,,,,,,
Q56592,Q6529124,,,,,,,,,,,,,,,,,,,,,,,,,,,,,,,,,,,,,,,,,,,,,
Q56598,Q108847122,,,,,,,,,,,,,,,,,,,,,,,,,,,,,,,,,,,,,,,,,,,,,
Q56601,Q11439878,,,,,,,,,,,,,,,,,,,,,,,,,,,,,,,,,,,,,,,,,,,,,
Q56604,Q11380794,,,,,,,,,,,,,,,,,,,,,,,,,,,,,,,,,,,,,,,,,,,,,
Q56607,Q8514831,,,,,,,,,,,,,,,,,,,,,,,,,,,,,,,,,,,,,,,,,,,,,
Q56610,Q111123315,,,,,,,,,,,,,,,,,,,,,,,,,,,,,,,,,,,,,,,,,,,,,
Q56613,Q11380874,,,,,,,,,,,,,,,,,,,,,,,,,,,,,,,,,,,,,,,,,,,,,
Q56616,Q8514085,,,,,,,,,,,,,,,,,,,,,,,,,,,,,,,,,,,,,,,,,,,,,
Q56619,Q11231760,,,,,,,,,,,,,,,,,,,,,,,,,,,,,,,,,,,,,,,,,,,,,
Q56622,Q11380792,,,,,,,,,,,,,,,,,,,,,,,,,,,,,,,,,,,,,,,,,,,,,
Q56625,Q11380812,,,,,,,,,,,,,,,,,,,,,,,,,,,,,,,,,,,,,,,,,,,,,
Q56628,Q11380799,,,,,,,,,,,,,,,,,,,,,,,,,,,,,,,,,,,,,,,,,,,,,
Q56631,Q110309843,,,,,,,,,,,,,,,,,,,,,,,,,,,,,,,,,,,,,,,,,,,,,
Q56634,Q11529075,,,,,,,,,,,,,,,,,,,,,,,,,,,,,,,,,,,,,,,,,,,,,
Q56637,Q110309995,,,,,,,,,,,,,,,,,,,,,,,,,,,,,,,,,,,,,,,,,,,,,
Q56640,Q111976030,,,,,,,,,,,,,,,,,,,,,,,,,,,,,,,,,,,,,,,,,,,,,
Q56643,Q110643892,,,,,,,,,,,,,,,,,,,,,,,,,,,,,,,,,,,,,,,,,,,,,
Q56646,Q110961643,,,,,,,,,,,,,,,,,,,,,,,,,,,,,,,,,,,,,,,,,,,,,
Q56649,Q113207921,,,,,,,,,,,,,,,,,,,,,,,,,,,,,,,,,,,,,,,,,,,,,
Q56652,Q111170943,,,,,,,,,,,,,,,,,,,,,,,,,,,,,,,,,,,,,,,,,,,,,
Q56655,Q11608309,,,,,,,,,,,,,,,,,,,,,,,,,,,,,,,,,,,,,,,,,,,,織田-68,
Q56658,Q11608306,,,,,,,,,,,,,,,,,,,,,,,,,,,,,,,,,,,,,,,,,,,,,
Q56671,Q111171978,,,,,,,,,,,,,,,,,,,,,,,,,,,,,,,,,,,,,,,,,,,,,
Q56674,Q111172041,,,,,,,,,,,,,,,,,,,,,,,,,,,,,,,,,,,,,,,,,,,,,
Q56677,Q11364067,,,,,,,,,,,,,,,,,,,,,,,,,,,,,,,,,,,,,,,,,,,,,
Q56680,Q111023740,,,,,,,,,,,,,,,,,,,,,,,,,,,,,,,,,,,,,,,,,,,,,
Q56683,Q113281334,,,,,,,,,,,,,,,,,,,,,,,,,,,,,,,,,,,,,,,,,,,,,
Q56686,Q11549748,,,,,,,,,,,,,,,,,,,,,,,,,,,,,,,,,,,,,,,,,,,,,
Q56689,Q11549820,,,,,,,,,,,,,,,,,,,,,,,,,,,,,,,,,,,,,,,,,,,,,
Q56692,Q113282972,,,,,,,,,,,,,,,,,,,,,,,,,,,,,,,,,,,,,,,,,,,,,
Q56695,Q10517393,,,,,,,,,,,,,,,,,,,,,,,,,,,,,,,,,,,,,,,,,,,,,
Q56698,Q8513934,,,,,,,,,,,,,,,,,,,,,,,,,,,,,,,,,,,,,,,,,,,,,
Q56701,Q8513895,,,,,,,,,,,,,,,,,,,,,,,,,,,,,,,,,,,,,,,,,,,,,
Q56704,Q109862294,,,,,,,,,,,,,,,,,,,,,,,,,,,,,,,,,,,,,,,,,,,,,
Q56707,Q108855963,,,,,,,,,,,,,,,,,,,,,,,,,,,,,,,,,,,,,,,,,,,,,
Q56710,Q11520000,,,,,,,,,,,,,,,,,,,,,,,,,,,,,,,,,,,,,,,,,,,,,
Q56713,Q11530621,,,,,,,,,,,,,,,,,,,,,,,,,,,,,,,,,,,,,,,,,,,,,
Q56716,Q11412972,,,,,,,,,,,,,,,,,,,,,,,,,,,,,,,,,,,,,,,,,,,,,
Q56719,Q128843813,,,,,,,,,,,,,,,,,,,,,,,,,,,,,,,,,,,,,,,,,,,,,
Q56722,Q128843818,,,,,,,,,,,,,,,,,,,,,,,,,,,,,,,,,,,,,,,,,,,,,
Q56725,Q11413056,,,,,,,,,,,,,,,,,,,,,,,,,,,,,,,,,,,,,,,,,,,,,
Q56728,Q6527758,,,,,,,,,,,,,,,,,,,,,,,,,,,,,,,,,,,,,,,,,,,,,
Q56731,Q6527782,,,,,,,,,,,,,,,,,,,,,,,,,,,,,,,,,,,,,,,,,,,,,
Q56734,Q8514679,,,,,,,,,,,,,,,,,,,,,,,,,,,,,,,,,,,,,,,,,,,,,
Q56737,Q8514668,,,,,,,,,,,,,,,,,,,,,,,,,,,,,,,,,,,,,,,,,,,,,
Q56739,Q11530545,,,,,,,,,,,,,,,,,,,,,,,,,,,,,,,,,,,,,,,,,,,,松平-95,
Q56742,Q11551929,,,,,,,,,,,,,,,,,,,,,,,,,,,,,,,,,,,,,,,,,,,,,
Q56745,Q11552197,,,,,,,,,,,,,,,,,,,,,,,,,,,,,,,,,,,,,,,,,,,,,
Q56748,Q11551918,,,,,,,,,,,,,,,,,,,,,,,,,,,,,,,,,,,,,,,,,,,,,
Q56751,Q11551947,,,,,,,,,,,,,,,,,,,,,,,,,,,,,,,,,,,,,,,,,,,,,
Q56754,Q11551907,,,,,,,,,,,,,,,,,,,,,,,,,,,,,,,,,,,,,,,,,,,,,
Q56756,Q54292105,,,,,,,,,,,,,,,,,,,,,,,,,,,,,,,,,,,,,,,,,,,,,
Q56759,Q134527313,,,,,,,,,,,,,,,,,,,,,,,,,,,,,,,,,,,,,,,,,,,,,
Q56765,Q110664254,,,,,,,,,,,,,,,,,,,,,,,,,,,,,,,,,,,,,,,,,,,,,
Q56768,Q11582403,,,,,,,,,,,,,,,,,,,,,,,,,,,,,,,,,,,,,,,,,,,,,
Q56771,Q11631960,,,,,,,,,,,,,,,,,,,,,,,,,,,,,,,,,,,,,,,,,,,,,
Q56774,Q11631968,,,,,,,,,,,,,,,,,,,,,,,,,,,,,,,,,,,,,,,,,,,,,
Q56777,Q20040904,,,,,,,,,,,,,,,,,,,,,,,,,,,,,,,,,,,,,,,,,,,,,
Q56780,Q11596527,,,,,,,,,,,,,,,,,,,,,,,,,,,,,,,,,,,,,,,,,,,,,
Q56783,Q10514808,,,,,,,,,,,,,,,,,,,,,,,,,,,,,,,,,,,,,,,,,,,,,
Q56786,Q112045908,,,,,,,,,,,,,,,,,,,,,,,,,,,,,,,,,,,,,,,,,,,,,
Q56789,Q15829898,,,,,,,,,,,,,,,,,,,,,,,,,,,,,,,,,,,,,,,,,,,,,
Q56792,Q11540565,,,,,,,,,,,,,,,,,,,,,,,,,,,,,,,,,,,,,,,,,,,,,
Q56795,Q1052241,,,,,,,,,,,,,,,,,,,,,,,,,,,,,,,,,,,,,,,,,,,,,
Q56798,Q18235470,,,,,,,,,,,,,,,,,,,,,,,,,,,,,,,,,,,,,,,,,,,,,
Q56801,Q11488493,,,,,,,,,,,,,,,,,,,,,,,,,,,,,,,,,,,,,,,,,,,,,
Q56807,Q11531852,,,,,,,,,,,,,,,,,,,,,,,,,,,,,,,,,,,,,,,,,,,,,
Q56810,Q11451864,,,,,,,,,,,,,,,,,,,,,,,,,,,,,,,,,,,,,,,,,,,,,
Q56813,Q11451850,,,,,,,,,,,,,,,,,,,,,,,,,,,,,,,,,,,,,,,,,,,,,
Q56816,Q11598185,,,,,,,,,,,,,,,,,,,,,,,,,,,,,,,,,,,,,,,,,,,,,
Q56819,Q8514111,,,,,,,,,,,,,,,,,,,,,,,,,,,,,,,,,,,,,,,,,,,,立花-36,
Q56822,Q11633109,,,,,,,,,,,,,,,,,,,,,,,,,,,,,,,,,,,,,,,,,,,,,
Q56825,Q110713840,,,,,,,,,,,,,,,,,,,,,,,,,,,,,,,,,,,,,,,,,,,,,
Q56828,Q110726422,,,,,,,,,,,,,,,,,,,,,,,,,,,,,,,,,,,,,,,,,,,,,
Q56831,Q110726437,,,,,,,,,,,,,,,,,,,,,,,,,,,,,,,,,,,,,,,,,,,,,
Q56834,Q11516786,,,,,,,,,,,,,,,,,,,,,,,,,,,,,,,,,,,,,,,,,,,,,
Q56837,Q11516841,,,,,,,,,,,,,,,,,,,,,,,,,,,,,,,,,,,,,,,,,,,,,
Q56840,Q11516847,,,,,,,,,,,,,,,,,,,,,,,,,,,,,,,,,,,,,,,,,,,,,
Q56843,Q110050430,,,,,,,,,,,,,,,,,,,,,,,,,,,,,,,,,,,,,,,,,,,,,
Q56846,Q11370517,,,,,,,,,,,,,,,,,,,,,,,,,,,,,,,,,,,,,,,,,,,,,
Q56849,Q11370511,,,,,,,,,,,,,,,,,,,,,,,,,,,,,,,,,,,,,,,,,,,,,
Q56852,Q11370519,,,,,,,,,,,,,,,,,,,,,,,,,,,,,,,,,,,,,,,,,,,,,
Q56855,Q11370514,,,,,,,,,,,,,,,,,,,,,,,,,,,,,,,,,,,,,,,,,,,,,
Q56858,Q11439892,,,,,,,,,,,,,,,,,,,,,,,,,,,,,,,,,,,,,,,,,,,,,
Q56861,Q11540570,,,,,,,,,,,,,,,,,,,,,,,,,,,,,,,,,,,,,,,,,,,,,
Q56864,Q10521505,,,,,,,,,,,,,,,,,,,,,,,,,,,,,,,,,,,,,,,,,,,,,
Q56867,Q11646302,,,,,,,,,,,,,,,,,,,,,,,,,,,,,,,,,,,,,,,,,,,,,
Q56870,Q2295119,,,,,,,,,,,,,,,,,,,,,,,,,,,,,,,,,,,,,,,,,,,,,
Q56873,Q17228153,,,,,,,,,,,,,,,,,,,,,,,,,,,,,,,,,,,,,,,,,,,,,
Q56876,Q11595052,,,,,,,,,,,,,,,,,,,,,,,,,,,,,,,,,,,,,,,,,,,,,
Q56879,Q17225659,,,,,,,,,,,,,,,,,,,,,,,,,,,,,,,,,,,,,,,,,,,,,
Q56882,Q128865457,,,,,,,,,,,,,,,,,,,,,,,,,,,,,,,,,,,,,,,,,,,,,
Q56885,Q128865419,,,,,,,,,,,,,,,,,,,,,,,,,,,,,,,,,,,,,,,,,,,,,
Q56888,Q128865467,,,,,,,,,,,,,,,,,,,,,,,,,,,,,,,,,,,,,,,,,,,,,
Q56891,Q1076150,,,,,,,,,,,,,,,,,,,,,,,,,,,,,,,,,,,,,,,,,,,,,
Q56894,Q117833344,,,,,,,,,,,,,,,,,,,,,,,,,,,,,,,,,,,,,,,,,,,,,
Q56897,Q11488615,,,,,,,,,,,,,,,,,,,,,,,,,,,,,,,,,,,,,,,,,,,,,
Q56900,Q134299845,,,,,,,,,,,,,,,,,,,,,,,,,,,,,,,,,,,,,,,,,,,,,
Q56903,Q11650702,,,,,,,,,,,,,,,,,,,,,,,,,,,,,,,,,,,,,,,,,,,,,
Q56906,Q11679403,,,,,,,,,,,,,,,,,,,,,,,,,,,,,,,,,,,,,,,,,,,,,
Q56909,Q134305508,,,,,,,,,,,,,,,,,,,,,,,,,,,,,,,,,,,,,,,,,,,,,
Q56912,Q11679402,,,,,,,,,,,,,,,,,,,,,,,,,,,,,,,,,,,,,,,,,,,,,
Q56915,Q65095703,,,,,,,,,,,,,,,,,,,,,,,,,,,,,,,,,,,,,,,,,,,,,
Q56918,Q65095707,,,,,,,,,,,,,,,,,,,,,,,,,,,,,,,,,,,,,,,,,,,,,
Q56921,Q11399371,,,,,,,,,,,,,,,,,,,,,,,,,,,,,,,,,,,,,,,,,,,,,
Q56924,Q11399370,,,,,,,,,,,,,,,,,,,,,,,,,,,,,,,,,,,,,,,,,,,,,
Q56927,Q11399354,,,,,,,,,,,,,,,,,,,,,,,,,,,,,,,,,,,,,,,,,,,,,
Q56930,Q11419253,,,,,,,,,,,,,,,,,,,,,,,,,,,,,,,,,,,,,,,,,,,,,
Q56933,Q11439883,,,,,,,,,,,,,,,,,,,,,,,,,,,,,,,,,,,,,,,,,,,,,
Q56936,Q11399362,,,,,,,,,,,,,,,,,,,,,,,,,,,,,,,,,,,,,,,,,,,,,
Q56939,Q11605987,,,,,,,,,,,,,,,,,,,,,,,,,,,,,,,,,,,,,,,,,,,,細川-53,
Q56942,Q11534372,,,,,,,,,,,,,,,,,,,,,,,,,,,,,,,,,,,,,,,,,,,,,
Q56945,Q110729001,,,,,,,,,,,,,,,,,,,,,,,,,,,,,,,,,,,,,,,,,,,,,
Q56948,Q11534379,,,,,,,,,,,,,,,,,,,,,,,,,,,,,,,,,,,,,,,,,,,,,
Q56951,Q110885145,,,,,,,,,,,,,,,,,,,,,,,,,,,,,,,,,,,,,,,,,,,,,
Q56954,Q11534368,,,,,,,,,,,,,,,,,,,,,,,,,,,,,,,,,,,,,,,,,,,,柳澤-15,
Q56957,Q11364748,,,,,,,,,,,,,,,,,,,,,,,,,,,,,,,,,,,,,,,,,,,,,
Q56960,Q11534367,,,,,,,,,,,,,,,,,,,,,,,,,,,,,,,,,,,,,,,,,,,,,
Q56963,Q134451421,,,,,,,,,,,,,,,,,,,,,,,,,,,,,,,,,,,,,,,,,,,,,
Q56969,Q134452189,,,,,,,,,,,,,,,,,,,,,,,,,,,,,,,,,,,,,,,,,,,,,
Q56972,Q11534515,,,,,,,,,,,,,,,,,,,,,,,,,,,,,,,,,,,,,,,,,,,,,
Q56975,Q11546092,,,,,,,,,,,,,,,,,,,,,,,,,,,,,,,,,,,,,,,,,,,,柳澤-13,
Q56978,Q11534424,,,,,,,,,,,,,,,,,,,,,,,,,,,,,,,,,,,,,,,,,,,,柳澤-33,
Q56981,Q134452451,,,,,,,,,,,,,,,,,,,,,,,,,,,,,,,,,,,,,,,,,,,,,
Q56984,Q134452897,,,,,,,,,,,,,,,,,,,,,,,,,,,,,,,,,,,,,,,,,,,,,
Q56987,Q110885298,,,,,,,,,,,,,,,,,,,,,,,,,,,,,,,,,,,,,,,,,,,,,
Q56990,Q110885665,,,,,,,,,,,,,,,,,,,,,,,,,,,,,,,,,,,,,,,,,,,,,
Q56993,Q11534376,,,,,,,,,,,,,,,,,,,,,,,,,,,,,,,,,,,,,,,,,,,,,
Q56996,Q110874195,,,,,,,,,,,,,,,,,,,,,,,,,,,,,,,,,,,,,,,,,,,,,
Q56999,Q110273525,,,,,,,,,,,,,,,,,,,,,,,,,,,,,,,,,,,,,,,,,,,,,
Q57002,Q8514914,,,,,,,,,,,,,,,,,,,,,,,,,,,,,,,,,,,,,,,,,,,,,
Q57005,Q10514786,,,,,,,,,,,,,,,,,,,,,,,,,,,,,,,,,,,,,,,,,,,,,
Q57008,Q10514779,,,,,,,,,,,,,,,,,,,,,,,,,,,,,,,,,,,,,,,,,,,,,
Q57011,Q111018923,,,,,,,,,,,,,,,,,,,,,,,,,,,,,,,,,,,,,,,,,,,,,
Q57014,Q17211860,,,,,,,,,,,,,,,,,,,,,,,,,,,,,,,,,,,,,,,,,,,,,
Q57019,Q11459510,,,,,,,,,,,,,,,,,,,,,,,,,,,,,,,,,,,,,,,,,,,,,
Q57021,Q111019386,,,,,,,,,,,,,,,,,,,,,,,,,,,,,,,,,,,,,,,,,,,,,
Q57023,Q11521634,,,,,,,,,,,,,,,,,,,,,,,,,,,,,,,,,,,,,,,,,,,,,
Q57026,Q111103656,,,,,,,,,,,,,,,,,,,,,,,,,,,,,,,,,,,,,,,,,,,,,
Q57029,Q108803096,,,,,,,,,,,,,,,,,,,,,,,,,,,,,,,,,,,,,,,,,,,,,
Q57032,Q109678916,,,,,,,,,,,,,,,,,,,,,,,,,,,,,,,,,,,,,,,,,,,,,
Q57035,Q108701282,,,,,,,,,,,,,,,,,,,,,,,,,,,,,,,,,,,,,,,,,,,,,
Q57038,Q1059898,,,,,,,,,,,,,,,,,,,,,,,,,,,,,,,,,,,,,,,,,,,,,
Q57041,Q115586989,,,,,,,,,,,,,,,,,,,,,,,,,,,,,,,,,,,,,,,,,,,,,
Q57044,Q108703373,,,,,,,,,,,,,,,,,,,,,,,,,,,,,,,,,,,,,,,,,,,,,
Q57047,Q10856561,,,,,,,,,,,,,,,,,,,,,,,,,,,,,,,,,,,,,,,,,,,,,
Q57050,Q10856566,,,,,,,,,,,,,,,,,,,,,,,,,,,,,,,,,,,,,,,,,,,,,
Q57053,Q10856533,,,,,,,,,,,,,,,,,,,,,,,,,,,,,,,,,,,,,,,,,,,,,
Q57056,Q108803099,,,,,,,,,,,,,,,,,,,,,,,,,,,,,,,,,,,,,,,,,,,,,
Q57059,Q108780886,,,,,,,,,,,,,,,,,,,,,,,,,,,,,,,,,,,,,,,,,,,,,
Q57062,Q8515486,,,,,,,,,,,,,,,,,,,,,,,,,,,,,,,,,,,,,,,,,,,,,
Q57065,Q13476270,,,,,,,,,,,,,,,,,,,,,,,,,,,,,,,,,,,,,,,,,,,,千々石-1,
Q57068,Q108075798,,,,,,,,,,,,,,,,,,,,,,,,,,,,,,,,,,,,,,,,,,,,,
Q57071,Q11608447,,,,,,,,,,,,,,,,,,,,,,,,,,,,,,,,,,,,,,,,,,,,織田-43,
Q57074,Q11561895,,,,,,,,,,,,,,,,,,,,,,,,,,,,,,,,,,,,,,,,,,,,織田-42,
Q57077,Q11608333,,,,,,,,,,,,,,,,,,,,,,,,,,,,,,,,,,,,,,,,,,,,織田-24,
Q57080,Q11608295,,,,,,,,,,,,,,,,,,,,,,,,,,,,,,,,,,,,,,,,,,,,織田-22,
Q57083,Q11423538,,,,,,,,,,,,,,,,,,,,,,,,,,,,,,,,,,,,,,,,,,,,,
Q57086,Q11423545,,,,,,,,,,,,,,,,,,,,,,,,,,,,,,,,,,,,,,,,,,,,,
Q57089,Q11423549,,,,,,,,,,,,,,,,,,,,,,,,,,,,,,,,,,,,,,,,,,,,,
Q57095,Q11608463,,,,,,,,,,,,,,,,,,,,,,,,,,,,,,,,,,,,,,,,,,,,織田-31,
Q57131,Q134451239,,,,,,,,,,,,,,,,,,,,,,,,,,,,,,,,,,,,,,,,,,,,,
Q57152,Q11432008,,,,,,,,,,,,,,,,,,,,,,,,,,,,,,,,,,,,,,,,,,,,,
Q57155,Q8514118,,,,,,,,,,,,,,,,,,,,,,,,,,,,,,,,,,,,,,,,,,,,立花-15,
Q57164,Q11638327,,,,,,,,,,,,,,,,,,,,,,,,,,,,,,,,,,,,,,,,,,,,,
Q57167,Q11529321,,,,,,,,,,,,,,,,,,,,,,,,,,,,,,,,,,,,,,,,,,,,松前-13,
Q57266,Q110255295,,,,,,,,,,,,,,,,,,,,,,,,,,,,,,,,,,,,,,,,,,,,,
Q57269,Q6638199,,,,,,,,,,,,,,,,,,,,,,,,,,,,,,,,,,,,,,,,,,,,松平-215,
Q57272,Q11399365,,,,,,,,,,,,,,,,,,,,,,,,,,,,,,,,,,,,,,,,,,,,加藤-156,
Q57275,Q11549749,,,,,,,,,,,,,,,,,,,,,,,,,,,,,,,,,,,,,,,,,,,,永井-68,
Q57278,Q8515175,,,,,,,,,,,,,,,,,,,,,,,,,,,,,,,,,,,,,,,,,,,,酒井-53,
Q57281,Q11495560,,,,,,,,,,,,,,,,,,,,,,,,,,,,,,,,,,,,,,,,,,,,成瀨-11,
Q57284,Q11596928,,,,,,,,,,,,,,,,,,,,,,,,,,,,,,,,,,,,,,,,,,,,,
Q57287,Q11162831,,,,,,,,,,,,,,,,,,,,,,,,,,,,,,,,,,,,,,,,,,,,島津-188,
Q57293,Q10517340,,,,,,,,,,,,,,,,,,,,,,,,,,,,,,,,,,,,,,,,,,,,,
Q57299,Q11427649,,,,,,,,,,,,,,,,,,,,,,,,,,,,,,,,,,,,,,,,,,,,本多-172,
Q57302,Q11530455,,,,,,,,,,,,,,,,,,,,,,,,,,,,,,,,,,,,,,,,,,,,松平-535,
Q57305,Q111018398,,,,,,,,,,,,,,,,,,,,,,,,,,,,,,,,,,,,,,,,,,,,,
Q57308,Q111018543,,,,,,,,,,,,,,,,,,,,,,,,,,,,,,,,,,,,,,,,,,,,,
Q57311,Q11530483,,,,,,,,,,,,,,,,,,,,,,,,,,,,,,,,,,,,,,,,,,,,松平-20,
Q57314,Q8514841,,,,,,,,,,,,,,,,,,,,,,,,,,,,,,,,,,,,,,,,,,,,岩城-3,
Q57317,Q11474334,,,,,,,,,,,,,,,,,,,,,,,,,,,,,,,,,,,,,,,,,,,,岩城-1,
Q57320,Q10729349,,,,,,,,,,,,,,,,,,,,,,,,,,,,,,,,,,,,,,,,,,,,,
Q57323,Q109330357,,,,,,,,,,,,,,,,,,,,,,,,,,,,,,,,,,,,,,,,,,,,,
Q57326,Q10862060,,,,,,,,,,,,,,,,,,,,,,,,,,,,,,,,,,,,,,,,,,,,,
Q57329,Q10860170,,,,,,,,,,,,,,,,,,,,,,,,,,,,,,,,,,,,,,,,,,,,,
Q57332,Q6739697,,,,,,,,,,,,,,,,,,,,,,,,,,,,,,,,,,,,,,,,,,,,,
Q57335,Q10860084,,,,,,,,,,,,,,,,,,,,,,,,,,,,,,,,,,,,,,,,,,,,,
Q57338,Q108485536,,,,,,,,,,,,,,,,,,,,,,,,,,,,,,,,,,,,,,,,,,,,,
Q57341,Q106671006,,,,,,,,,,,,,,,,,,,,,,,,,,,,,,,,,,,,,,,,,,,,,
Q57344,Q106672033,,,,,,,,,,,,,,,,,,,,,,,,,,,,,,,,,,,,,,,,,,,,,
Q57347,Q11354924,,,,,,,,,,,,,,,,,,,,,,,,,,,,,,,,,,,,,,,,,,,,,
Q57350,Q128851636,,,,,,,,,,,,,,,,,,,,,,,,,,,,,,,,,,,,,,,,,,,,,
Q57353,Q110305524,,,,,,,,,,,,,,,,,,,,,,,,,,,,,,,,,,,,,,,,,,,,,
Q57356,Q11380826,,,,,,,,,,,,,,,,,,,,,,,,,,,,,,,,,,,,,,,,,,,,,
Q57359,Q11380818,,,,,,,,,,,,,,,,,,,,,,,,,,,,,,,,,,,,,,,,,,,,,
Q57362,Q108887714,,,,,,,,,,,,,,,,,,,,,,,,,,,,,,,,,,,,,,,,,,,,,
Q57365,Q11539911,,,,,,,,,,,,,,,,,,,,,,,,,,,,,,,,,,,,,,,,,,,,,
Q57368,Q10729368,,,,,,,,,,,,,,,,,,,,,,,,,,,,,,,,,,,,,,,,,,,,,
Q57371,Q8514617,,,,,,,,,,,,,,,,,,,,,,,,,,,,,,,,,,,,,,,,,,,,,
Q57374,Q8514605,,,,,,,,,,,,,,,,,,,,,,,,,,,,,,,,,,,,,,,,,,,,,
Q57377,Q11678714,,,,,,,,,,,,,,,,,,,,,,,,,,,,,,,,,,,,,,,,,,,,黑田-126,
Q57383,Q11372335,,,,,,,,,,,,,,,,,,,,,,,,,,,,,,,,,,,,,,,,,,,,五島-5,
Q57386,Q11530549,,,,,,,,,,,,,,,,,,,,,,,,,,,,,,,,,,,,,,,,,,,,,
Q57389,Q11530465,,,,,,,,,,,,,,,,,,,,,,,,,,,,,,,,,,,,,,,,,,,,松平-98,
Q57392,Q11581279,,,,,,,,,,,,,,,,,,,,,,,,,,,,,,,,,,,,,,,,,,,,,
Q57395,Q30934551,,,,,,,,,,,,,,,,,,,,,,,,,,,,,,,,,,,,,,,,,,,,,
Q57398,Q30934063,,,,,,,,,,,,,,,,,,,,,,,,,,,,,,,,,,,,,,,,,,,,,
Q57401,Q30928643,,,,,,,,,,,,,,,,,,,,,,,,,,,,,,,,,,,,,,,,,,,,,
Q57407,Q48764673,,,,,,,,,,,,,,,,,,,,,,,,,,,,,,,,,,,,,,,,,,,,,
Q57410,Q22120349,,,,,,,,,,,,,,,,,,,,,,,,,,,,,,,,,,,,,,,,,,,,,
Q57413,Q11678711,,,,,,,,,,,,,,,,,,,,,,,,,,,,,,,,,,,,,,,,,,,,,
Q57419,Q22119321,,,,,,,,,,,,,,,,,,,,,,,,,,,,,,,,,,,,,,,,,,,,本多-129,
Q57422,Q21701923,,,,,,,,,,,,,,,,,,,,,,,,,,,,,,,,,,,,,,,,,,,,本多-132,
Q57425,Q11437715,,,,,,,,,,,,,,,,,,,,,,,,,,,,,,,,,,,,,,,,,,,,,
Q57428,Q8514444,,,,,,,,,,,,,,,,,,,,,,,,,,,,,,,,,,,,,,,,,,,,溝口-3,
Q57431,Q111035376,,,,,,,,,,,,,,,,,,,,,,,,,,,,,,,,,,,,,,,,,,,,,
Q57434,Q11670088,,,,,,,,,,,,,,,,,,,,,,,,,,,,,,,,,,,,,,,,,,,,,
Q57437,Q111034415,,,,,,,,,,,,,,,,,,,,,,,,,,,,,,,,,,,,,,,,,,,,,
Q57440,Q7849983,,,,,,,,,,,,,,,,,,,,,,,,,,,,,,,,,,,,,,,,,,,,津輕-5,
Q57443,Q11551698,,,,,,,,,,,,,,,,,,,,,,,,,,,,,,,,,,,,,,,,,,,,池田-131,
Q57446,Q111097762,,,,,,,,,,,,,,,,,,,,,,,,,,,,,,,,,,,,,,,,,,,,,
Q57452,Q111120036,,,,,,,,,,,,,,,,,,,,,,,,,,,,,,,,,,,,,,,,,,,,,
Q57480,Q10517711,,,,,,,,,,,,,,,,,,,,,,,,,,,,,,,,,,,,,,,,,,,,,
Q57483,Q10862095,,,,,,,,,,,,,,,,,,,,,,,,,,,,,,,,,,,,,,,,,,,,戸田-110,
Q57486,Q6832401,,,,,,,,,,,,,,,,,,,,,,,,,,,,,,,,,,,,,,,,,,,,,
Q57489,Q10729475,,,,,,,,,,,,,,,,,,,,,,,,,,,,,,,,,,,,,,,,,,,,,
Q57492,Q11583361,,,,,,,,,,,,,,,,,,,,,,,,,,,,,,,,,,,,,,,,,,,,,
Q57495,Q11534510,,,,,,,,,,,,,,,,,,,,,,,,,,,,,,,,,,,,,,,,,,,,,
Q57498,Q10520199,,,,,,,,,,,,,,,,,,,,,,,,,,,,,,,,,,,,,,,,,,,,,
Q57501,Q6529174,,,,,,,,,,,,,,,,,,,,,,,,,,,,,,,,,,,,,,,,,,,,,
Q57504,Q10729358,,,,,,,,,,,,,,,,,,,,,,,,,,,,,,,,,,,,,,,,,,,,,
Q57507,Q111033784,,,,,,,,,,,,,,,,,,,,,,,,,,,,,,,,,,,,,,,,,,,,,
Q57510,Q11516832,,,,,,,,,,,,,,,,,,,,,,,,,,,,,,,,,,,,,,,,,,,,,
Q57513,Q38279367,,,,,,,,,,,,,,,,,,,,,,,,,,,,,,,,,,,,,,,,,,,,,
Q57516,Q11382588,,,,,,,,,,,,,,,,,,,,,,,,,,,,,,,,,,,,,,,,,,,,,
Q57519,Q108915003,,,,,,,,,,,,,,,,,,,,,,,,,,,,,,,,,,,,,,,,,,,,,
Q57523,Q108915004,,,,,,,,,,,,,,,,,,,,,,,,,,,,,,,,,,,,,,,,,,,,,
Q57526,Q41699192,,,,,,,,,,,,,,,,,,,,,,,,,,,,,,,,,,,,,,,,,,,,,
Q57529,Q64784101,,,,,,,,,,,,,,,,,,,,,,,,,,,,,,,,,,,,,,,,,,,,,
Q57532,Q18011483,,,,,,,,,,,,,,,,,,,,,,,,,,,,,,,,,,,,,,,,,,,,,
Q57535,Q109341884,,,,,,,,,,,,,,,,,,,,,,,,,,,,,,,,,,,,,,,,,,,,,
Q57538,Q109341931,,,,,,,,,,,,,,,,,,,,,,,,,,,,,,,,,,,,,,,,,,,,,
Q57541,Q108780834,,,,,,,,,,,,,,,,,,,,,,,,,,,,,,,,,,,,,,,,,,,,,
Q57544,Q11551752,,,,,,,,,,,,,,,,,,,,,,,,,,,,,,,,,,,,,,,,,,,,,
Q57547,Q11551753,,,,,,,,,,,,,,,,,,,,,,,,,,,,,,,,,,,,,,,,,,,,,
Q57550,Q111182781,,,,,,,,,,,,,,,,,,,,,,,,,,,,,,,,,,,,,,,,,,,,,
Q57553,Q111182686,,,,,,,,,,,,,,,,,,,,,,,,,,,,,,,,,,,,,,,,,,,,,
Q57556,Q110251534,,,,,,,,,,,,,,,,,,,,,,,,,,,,,,,,,,,,,,,,,,,,,
Q57562,Q7040697,,,,,,,,,,,,,,,,,,,,,,,,,,,,,,,,,,,,,,,,,,,,,
Q57565,Q8515086,,,,,,,,,,,,,,,,,,,,,,,,,,,,,,,,,,,,,,,,,,,,松平-589,
Q57568,Q111132372,,,,,,,,,,,,,,,,,,,,,,,,,,,,,,,,,,,,,,,,,,,,,
Q57571,Q11161550,,,,,,,,,,,,,,,,,,,,,,,,,,,,,,,,,,,,,,,,,,,,,
Q57574,Q108683607,,,,,,,,,,,,,,,,,,,,,,,,,,,,,,,,,,,,,,,,,,,,,
Q57577,Q11452037,,,,,,,,,,,,,,,,,,,,,,,,,,,,,,,,,,,,,,,,,,,,,
Q57580,Q7667561,,,,,,,,,,,,,,,,,,,,,,,,,,,,,,,,,,,,,,,,,,,,宗-5,
Q57583,Q1150447,,,,,,,,,,,,,,,,,,,,,,,,,,,,,,,,,,,,,,,,,,,,小笠原-43,
Q57586,Q11463409,,,,,,,,,,,,,,,,,,,,,,,,,,,,,,,,,,,,,,,,,,,,,
Q57598,Q11069442,,,,,,,,,,,,,,,,,,,,,,,,,,,,,,,,,,,,,,,,,,,,,
Q57601,Q108799187,,,,,,,,,,,,,,,,,,,,,,,,,,,,,,,,,,,,,,,,,,,,,
Q57604,Q11069496,,,,,,,,,,,,,,,,,,,,,,,,,,,,,,,,,,,,,,,,,,,,,
Q57607,Q11419263,,,,,,,,,,,,,,,,,,,,,,,,,,,,,,,,,,,,,,,,,,,,,
Q57610,Q11656471,,,,,,,,,,,,,,,,,,,,,,,,,,,,,,,,,,,,,,,,,,,,,
Q57613,Q11655815,,,,,,,,,,,,,,,,,,,,,,,,,,,,,,,,,,,,,,,,,,,,,
Q57617,Q8515285,,,,,,,,,,,,,,,,,,,,,,,,,,,,,,,,,,,,,,,,,,,,,
Q57620,Q10521627,,,,,,,,,,,,,,,,,,,,,,,,,,,,,,,,,,,,,,,,,,,,,
Q57623,Q108915327,,,,,,,,,,,,,,,,,,,,,,,,,,,,,,,,,,,,,,,,,,,,,
Q57626,Q11547559,,,,,,,,,,,,,,,,,,,,,,,,,,,,,,,,,,,,,,,,,,,,,
Q57629,Q5214554,,,,,,,,,,,,,,,,,,,,,,,,,,,,,,,,,,,,,,,,,,,,毛利-5,
Q57632,Q11547547,,,,,,,,,,,,,,,,,,,,,,,,,,,,,,,,,,,,,,,,,,,,毛利-31,
Q57635,Q108890657,,,,,,,,,,,,,,,,,,,,,,,,,,,,,,,,,,,,,,,,,,,,,
Q57638,Q51167116,,,,,,,,,,,,,,,,,,,,,,,,,,,,,,,,,,,,,,,,,,,,毛利-75,
Q57641,Q11374487,,,,,,,,,,,,,,,,,,,,,,,,,,,,,,,,,,,,,,,,,,,,,
Q57644,Q11591884,,,,,,,,,,,,,,,,,,,,,,,,,,,,,,,,,,,,,,,,,,,,,
Q57647,Q11451800,,,,,,,,,,,,,,,,,,,,,,,,,,,,,,,,,,,,,,,,,,,,,
Q57650,Q108915368,,,,,,,,,,,,,,,,,,,,,,,,,,,,,,,,,,,,,,,,,,,,,
Q57653,Q11394304,,,,,,,,,,,,,,,,,,,,,,,,,,,,,,,,,,,,,,,,,,,,,
Q57656,Q11541678,,,,,,,,,,,,,,,,,,,,,,,,,,,,,,,,,,,,,,,,,,,,,
Q57659,Q11541706,,,,,,,,,,,,,,,,,,,,,,,,,,,,,,,,,,,,,,,,,,,,,
Q57662,Q11520039,,,,,,,,,,,,,,,,,,,,,,,,,,,,,,,,,,,,,,,,,,,,,
Q57665,Q11605861,,,,,,,,,,,,,,,,,,,,,,,,,,,,,,,,,,,,,,,,,,,,細川-76,
Q57668,Q134617346,,,,,,,,,,,,,,,,,,,,,,,,,,,,,,,,,,,,,,,,,,,,,
Q57671,Q11445778,,,,,,,,,,,,,,,,,,,,,,,,,,,,,,,,,,,,,,,,,,,,,
Q57674,Q134619976,,,,,,,,,,,,,,,,,,,,,,,,,,,,,,,,,,,,,,,,,,,,,
Q57677,Q134624382,,,,,,,,,,,,,,,,,,,,,,,,,,,,,,,,,,,,,,,,,,,,,
Q57680,Q11584955,,,,,,,,,,,,,,,,,,,,,,,,,,,,,,,,,,,,,,,,,,,,,
Q57683,Q11584949,,,,,,,,,,,,,,,,,,,,,,,,,,,,,,,,,,,,,,,,,,,,,
Q57695,Q115586728,,,,,,,,,,,,,,,,,,,,,,,,,,,,,,,,,,,,,,,,,,,,,
Q57698,Q5903277,,,,,,,,,,,,,,,,,,,,,,,,,,,,,,,,,,,,,,,,,,,,,
Q57701,Q11432009,,,,,,,,,,,,,,,,,,,,,,,,,,,,,,,,,,,,,,,,,,,,,
Q57704,Q11618461,,,,,,,,,,,,,,,,,,,,,,,,,,,,,,,,,,,,,,,,,,,,,
Q57707,Q11438256,,,,,,,,,,,,,,,,,,,,,,,,,,,,,,,,,,,,,,,,,,,,,
Q57710,Q11438263,,,,,,,,,,,,,,,,,,,,,,,,,,,,,,,,,,,,,,,,,,,,,
Q57713,Q11586590,,,,,,,,,,,,,,,,,,,,,,,,,,,,,,,,,,,,,,,,,,,,,
Q57716,Q11557390,,,,,,,,,,,,,,,,,,,,,,,,,,,,,,,,,,,,,,,,,,,,,
Q57719,Q24892307,,,,,,,,,,,,,,,,,,,,,,,,,,,,,,,,,,,,,,,,,,,,,
Q57722,Q11612103,,,,,,,,,,,,,,,,,,,,,,,,,,,,,,,,,,,,,,,,,,,,,
Q57725,Q11612115,,,,,,,,,,,,,,,,,,,,,,,,,,,,,,,,,,,,,,,,,,,,,
Q57728,Q11551922,,,,,,,,,,,,,,,,,,,,,,,,,,,,,,,,,,,,,,,,,,,,,
Q57731,Q6529013,,,,,,,,,,,,,,,,,,,,,,,,,,,,,,,,,,,,,,,,,,,,,
Q57734,Q6528759,,,,,,,,,,,,,,,,,,,,,,,,,,,,,,,,,,,,,,,,,,,,,
Q57737,Q111153687,,,,,,,,,,,,,,,,,,,,,,,,,,,,,,,,,,,,,,,,,,,,,
Q57740,Q11396152,,,,,,,,,,,,,,,,,,,,,,,,,,,,,,,,,,,,,,,,,,,,,
Q57743,Q11547716,,,,,,,,,,,,,,,,,,,,,,,,,,,,,,,,,,,,,,,,,,,,,
Q57746,Q11547712,,,,,,,,,,,,,,,,,,,,,,,,,,,,,,,,,,,,,,,,,,,,,
Q57749,Q118697762,,,,,,,,,,,,,,,,,,,,,,,,,,,,,,,,,,,,,,,,,,,,,
Q57752,Q17192833,,,,,,,,,,,,,,,,,,,,,,,,,,,,,,,,,,,,,,,,,,,,,
Q57755,Q111261011,,,,,,,,,,,,,,,,,,,,,,,,,,,,,,,,,,,,,,,,,,,,,
Q57758,Q11569883,,,,,,,,,,,,,,,,,,,,,,,,,,,,,,,,,,,,,,,,,,,,,
Q57761,Q11569882,,,,,,,,,,,,,,,,,,,,,,,,,,,,,,,,,,,,,,,,,,,,,
Q57764,Q11353148,,,,,,,,,,,,,,,,,,,,,,,,,,,,,,,,,,,,,,,,,,,,,
Q57767,Q11669306,,,,,,,,,,,,,,,,,,,,,,,,,,,,,,,,,,,,,,,,,,,,,
Q57770,Q108690297,,,,,,,,,,,,,,,,,,,,,,,,,,,,,,,,,,,,,,,,,,,,,
Q57773,Q17224534,,,,,,,,,,,,,,,,,,,,,,,,,,,,,,,,,,,,,,,,,,,,,
Q57776,Q11537530,,,,,,,,,,,,,,,,,,,,,,,,,,,,,,,,,,,,,,,,,,,,,
Q57779,Q11537527,,,,,,,,,,,,,,,,,,,,,,,,,,,,,,,,,,,,,,,,,,,,,
Q57782,Q111173504,,,,,,,,,,,,,,,,,,,,,,,,,,,,,,,,,,,,,,,,,,,,,
Q57785,Q111173721,,,,,,,,,,,,,,,,,,,,,,,,,,,,,,,,,,,,,,,,,,,,,
Q57788,Q111173872,,,,,,,,,,,,,,,,,,,,,,,,,,,,,,,,,,,,,,,,,,,,,
Q57791,Q11510240,,,,,,,,,,,,,,,,,,,,,,,,,,,,,,,,,,,,,,,,,,,,,
Q57794,Q11379412,,,,,,,,,,,,,,,,,,,,,,,,,,,,,,,,,,,,,,,,,,,,,
Q57797,Q111182490,,,,,,,,,,,,,,,,,,,,,,,,,,,,,,,,,,,,,,,,,,,,,
Q57800,Q113164226,,,,,,,,,,,,,,,,,,,,,,,,,,,,,,,,,,,,,,,,,,,,,
Q57806,Q11370506,,,,,,,,,,,,,,,,,,,,,,,,,,,,,,,,,,,,,,,,,,,,,
Q57809,Q64783636,,,,,,,,,,,,,,,,,,,,,,,,,,,,,,,,,,,,,,,,,,,,,
Q57812,Q11496418,,,,,,,,,,,,,,,,,,,,,,,,,,,,,,,,,,,,,,,,,,,,,
Q57815,Q109298778,,,,,,,,,,,,,,,,,,,,,,,,,,,,,,,,,,,,,,,,,,,,,
Q57818,Q6379490,,,,,,,,,,,,,,,,,,,,,,,,,,,,,,,,,,,,,,,,,,,,,
Q57821,Q113280287,,,,,,,,,,,,,,,,,,,,,,,,,,,,,,,,,,,,,,,,,,,,,
Q57824,Q113280515,,,,,,,,,,,,,,,,,,,,,,,,,,,,,,,,,,,,,,,,,,,,,
Q57827,Q11549819,,,,,,,,,,,,,,,,,,,,,,,,,,,,,,,,,,,,,,,,,,,,,
Q57830,Q11549793,,,,,,,,,,,,,,,,,,,,,,,,,,,,,,,,,,,,,,,,,,,,,
Q57833,Q11549805,,,,,,,,,,,,,,,,,,,,,,,,,,,,,,,,,,,,,,,,,,,,,
Q57836,Q109862280,,,,,,,,,,,,,,,,,,,,,,,,,,,,,,,,,,,,,,,,,,,,,
Q57839,Q111009581,,,,,,,,,,,,,,,,,,,,,,,,,,,,,,,,,,,,,,,,,,,,,
Q57842,Q11545666,,,,,,,,,,,,,,,,,,,,,,,,,,,,,,,,,,,,,,,,,,,,,
Q57845,Q64782627,,,,,,,,,,,,,,,,,,,,,,,,,,,,,,,,,,,,,,,,,,,,,
Q57848,Q10856537,,,,,,,,,,,,,,,,,,,,,,,,,,,,,,,,,,,,,,,,,,,,小笠原-16,
Q57851,Q108094056,,,,,,,,,,,,,,,,,,,,,,,,,,,,,,,,,,,,,,,,,,,,,
Q57854,Q11427637,,,,,,,,,,,,,,,,,,,,,,,,,,,,,,,,,,,,,,,,,,,,,
Q57857,Q11069505,,,,,,,,,,,,,,,,,,,,,,,,,,,,,,,,,,,,,,,,,,,,,
Q57860,Q6739705,,,,,,,,,,,,,,,,,,,,,,,,,,,,,,,,,,,,,,,,,,,,,
Q57863,Q10860093,,,,,,,,,,,,,,,,,,,,,,,,,,,,,,,,,,,,,,,,,,,,,
Q57866,Q10860154,,,,,,,,,,,,,,,,,,,,,,,,,,,,,,,,,,,,,,,,,,,,,
Q57869,Q10860089,,,,,,,,,,,,,,,,,,,,,,,,,,,,,,,,,,,,,,,,,,,,,
Q57872,Q6739707,,,,,,,,,,,,,,,,,,,,,,,,,,,,,,,,,,,,,,,,,,,,,
Q57875,Q110969362,,,,,,,,,,,,,,,,,,,,,,,,,,,,,,,,,,,,,,,,,,,,,
Q57878,Q110969376,,,,,,,,,,,,,,,,,,,,,,,,,,,,,,,,,,,,,,,,,,,,,
Q57881,Q110969686,,,,,,,,,,,,,,,,,,,,,,,,,,,,,,,,,,,,,,,,,,,,,
Q57884,Q110969707,,,,,,,,,,,,,,,,,,,,,,,,,,,,,,,,,,,,,,,,,,,,,
Q57887,Q11519978,,,,,,,,,,,,,,,,,,,,,,,,,,,,,,,,,,,,,,,,,,,,,
Q57890,Q10860106,,,,,,,,,,,,,,,,,,,,,,,,,,,,,,,,,,,,,,,,,,,,,
Q57893,Q10860177,,,,,,,,,,,,,,,,,,,,,,,,,,,,,,,,,,,,,,,,,,,,,
Q57896,Q11465366,,,,,,,,,,,,,,,,,,,,,,,,,,,,,,,,,,,,,,,,,,,,,
Q57899,Q11239147,,,,,,,,,,,,,,,,,,,,,,,,,,,,,,,,,,,,,,,,,,,,,
Q57902,Q110646292,,,,,,,,,,,,,,,,,,,,,,,,,,,,,,,,,,,,,,,,,,,,,
Q57905,Q10565467,,,,,,,,,,,,,,,,,,,,,,,,,,,,,,,,,,,,,,,,,,,,,
Q57908,Q10565423,,,,,,,,,,,,,,,,,,,,,,,,,,,,,,,,,,,,,,,,,,,,,
Q57911,Q134617065,,,,,,,,,,,,,,,,,,,,,,,,,,,,,,,,,,,,,,,,,,,,,
Q57914,Q134617341,,,,,,,,,,,,,,,,,,,,,,,,,,,,,,,,,,,,,,,,,,,,,
Q57917,Q11069882,,,,,,,,,,,,,,,,,,,,,,,,,,,,,,,,,,,,,,,,,,,,,
Q57920,Q134564303,,,,,,,,,,,,,,,,,,,,,,,,,,,,,,,,,,,,,,,,,,,,,
Q57923,Q109873036,,,,,,,,,,,,,,,,,,,,,,,,,,,,,,,,,,,,,,,,,,,,,
Q57926,Q109897245,,,,,,,,,,,,,,,,,,,,,,,,,,,,,,,,,,,,,,,,,,,,,
Q57929,Q109898719,,,,,,,,,,,,,,,,,,,,,,,,,,,,,,,,,,,,,,,,,,,,,
Q57932,Q108903083,,,,,,,,,,,,,,,,,,,,,,,,,,,,,,,,,,,,,,,,,,,,,
Q57935,Q109895629,,,,,,,,,,,,,,,,,,,,,,,,,,,,,,,,,,,,,,,,,,,,,
Q57938,Q11523013,,,,,,,,,,,,,,,,,,,,,,,,,,,,,,,,,,,,,,,,,,,,,
Q57941,Q11522987,,,,,,,,,,,,,,,,,,,,,,,,,,,,,,,,,,,,,,,,,,,,,
Q57944,Q110086787,,,,,,,,,,,,,,,,,,,,,,,,,,,,,,,,,,,,,,,,,,,,,
Q57947,Q11642057,,,,,,,,,,,,,,,,,,,,,,,,,,,,,,,,,,,,,,,,,,,,,
Q57950,Q11576230,,,,,,,,,,,,,,,,,,,,,,,,,,,,,,,,,,,,,,,,,,,,,
Q57953,Q11576228,,,,,,,,,,,,,,,,,,,,,,,,,,,,,,,,,,,,,,,,,,,,,
Q57956,Q11576227,,,,,,,,,,,,,,,,,,,,,,,,,,,,,,,,,,,,,,,,,,,,,
Q57959,Q11613294,,,,,,,,,,,,,,,,,,,,,,,,,,,,,,,,,,,,,,,,,,,,,
Q57962,Q11365554,,,,,,,,,,,,,,,,,,,,,,,,,,,,,,,,,,,,,,,,,,,,,
Q57965,Q11413700,,,,,,,,,,,,,,,,,,,,,,,,,,,,,,,,,,,,,,,,,,,,,
Q57968,Q11365429,,,,,,,,,,,,,,,,,,,,,,,,,,,,,,,,,,,,,,,,,,,,,
Q57971,Q11365446,,,,,,,,,,,,,,,,,,,,,,,,,,,,,,,,,,,,,,,,,,,,,
Q57974,Q11520203,,,,,,,,,,,,,,,,,,,,,,,,,,,,,,,,,,,,,,,,,,,,,
Q57977,Q108811039,,,,,,,,,,,,,,,,,,,,,,,,,,,,,,,,,,,,,,,,,,,,,
Q57980,Q11648176,,,,,,,,,,,,,,,,,,,,,,,,,,,,,,,,,,,,,,,,,,,,,
Q57983,Q108871766,,,,,,,,,,,,,,,,,,,,,,,,,,,,,,,,,,,,,,,,,,,,,
Q57986,Q11671570,,,,,,,,,,,,,,,,,,,,,,,,,,,,,,,,,,,,,,,,,,,,,
Q57989,Q22129472,,,,,,,,,,,,,,,,,,,,,,,,,,,,,,,,,,,,,,,,,,,,,
Q57992,Q17224314,,,,,,,,,,,,,,,,,,,,,,,,,,,,,,,,,,,,,,,,,,,,,
Q57995,Q11611468,,,,,,,,,,,,,,,,,,,,,,,,,,,,,,,,,,,,,,,,,,,,,
Q57998,Q11611474,,,,,,,,,,,,,,,,,,,,,,,,,,,,,,,,,,,,,,,,,,,,,
Q58001,Q20040566,,,,,,,,,,,,,,,,,,,,,,,,,,,,,,,,,,,,,,,,,,,,,
Q58004,Q115586942,,,,,,,,,,,,,,,,,,,,,,,,,,,,,,,,,,,,,,,,,,,,,
Q58007,Q11425979,,,,,,,,,,,,,,,,,,,,,,,,,,,,,,,,,,,,,,,,,,,,,
Q58010,Q109288152,,,,,,,,,,,,,,,,,,,,,,,,,,,,,,,,,,,,,,,,,,,,,
Q58013,Q109288153,,,,,,,,,,,,,,,,,,,,,,,,,,,,,,,,,,,,,,,,,,,,,
Q58016,Q6606211,,,,,,,,,,,,,,,,,,,,,,,,,,,,,,,,,,,,,,,,,,,,,
Q58019,Q108963908,,,,,,,,,,,,,,,,,,,,,,,,,,,,,,,,,,,,,,,,,,,,,
Q58022,Q24226656,,,,,,,,,,,,,,,,,,,,,,,,,,,,,,,,,,,,,,,,,,,,,
Q58025,Q128852089,,,,,,,,,,,,,,,,,,,,,,,,,,,,,,,,,,,,,,,,,,,,,
Q58028,Q128843805,,,,,,,,,,,,,,,,,,,,,,,,,,,,,,,,,,,,,,,,,,,,,
Q58031,Q11352872,,,,,,,,,,,,,,,,,,,,,,,,,,,,,,,,,,,,,,,,,,,,,
Q58034,Q108780953,,,,,,,,,,,,,,,,,,,,,,,,,,,,,,,,,,,,,,,,,,,,,
Q58037,Q12594628,,,,,,,,,,,,,,,,,,,,,,,,,,,,,,,,,,,,,,,,,,,,,
Q58040,Q115587223,,,,,,,,,,,,,,,,,,,,,,,,,,,,,,,,,,,,,,,,,,,,,
Q58043,Q30932220,,,,,,,,,,,,,,,,,,,,,,,,,,,,,,,,,,,,,,,,,,,,,
Q58046,Q113207646,,,,,,,,,,,,,,,,,,,,,,,,,,,,,,,,,,,,,,,,,,,,,
Q58049,Q111225670,,,,,,,,,,,,,,,,,,,,,,,,,,,,,,,,,,,,,,,,,,,,,
Q58073,Q108857026,,,,,,,,,,,,,,,,,,,,,,,,,,,,,,,,,,,,,,,,,,,,,
Q58076,Q11615302,,,,,,,,,,,,,,,,,,,,,,,,,,,,,,,,,,,,,,,,,,,,,
Q58079,Q108857020,,,,,,,,,,,,,,,,,,,,,,,,,,,,,,,,,,,,,,,,,,,,,
Q58082,Q22124005,,,,,,,,,,,,,,,,,,,,,,,,,,,,,,,,,,,,,,,,,,,,,
Q58085,Q11521627,,,,,,,,,,,,,,,,,,,,,,,,,,,,,,,,,,,,,,,,,,,,,
Q58088,Q11521626,,,,,,,,,,,,,,,,,,,,,,,,,,,,,,,,,,,,,,,,,,,,,
Q58091,Q11521636,,,,,,,,,,,,,,,,,,,,,,,,,,,,,,,,,,,,,,,,,,,,,
Q58094,Q11361182,,,,,,,,,,,,,,,,,,,,,,,,,,,,,,,,,,,,,,,,,,,,,
Q58097,Q11367441,,,,,,,,,,,,,,,,,,,,,,,,,,,,,,,,,,,,,,,,,,,,,
Q58100,Q11367505,,,,,,,,,,,,,,,,,,,,,,,,,,,,,,,,,,,,,,,,,,,,,
Q58103,Q11366174,,,,,,,,,,,,,,,,,,,,,,,,,,,,,,,,,,,,,,,,,,,,,
Q58106,Q110957901,,,,,,,,,,,,,,,,,,,,,,,,,,,,,,,,,,,,,,,,,,,,,
Q58109,Q110955595,,,,,,,,,,,,,,,,,,,,,,,,,,,,,,,,,,,,,,,,,,,,,
Q58112,Q110958730,,,,,,,,,,,,,,,,,,,,,,,,,,,,,,,,,,,,,,,,,,,,,
Q58115,Q110961903,,,,,,,,,,,,,,,,,,,,,,,,,,,,,,,,,,,,,,,,,,,,,
Q58118,Q110961886,,,,,,,,,,,,,,,,,,,,,,,,,,,,,,,,,,,,,,,,,,,,,
Q58121,Q110961917,,,,,,,,,,,,,,,,,,,,,,,,,,,,,,,,,,,,,,,,,,,,,
Q58124,Q110961924,,,,,,,,,,,,,,,,,,,,,,,,,,,,,,,,,,,,,,,,,,,,,
Q58127,Q109321566,,,,,,,,,,,,,,,,,,,,,,,,,,,,,,,,,,,,,,,,,,,,,
Q58194,Q110955656,,,,,,,,,,,,,,,,,,,,,,,,,,,,,,,,,,,,,,,,,,,,,
Q58349,Q77808278,,,,,,,,,,,,,,,,,,,,,,,,,,,,,,,,,,,,,,,,,,,,安田-7,
Q58352,Q11450968,,,,,,,,,,,,,,,,,,,,,,,,,,,,,,,,,,,,,,,,,,,,安田-8,
Q58355,Q134384486,,,,,,,,,,,,,,,,,,,,,,,,,,,,,,,,,,,,,,,,,,,,,
Q58361,Q11255681,,,,,,,,,,,,,,,,,,,,,,,,,,,,,,,,,,,,,,,,,,,,,
Q58364,Q11596959,,,,,,,,,,,,,,,,,,,,,,,,,,,,,,,,,,,,,,,,,,,,,
Q58367,Q11480571,,,,,,,,,,,,,,,,,,,,,,,,,,,,,,,,,,,,,,,,,,,,,
Q58370,Q10729347,,,,,,,,,,,,,,,,,,,,,,,,,,,,,,,,,,,,,,,,,,,,,
Q58376,Q22123741,,,,,,,,,,,,,,,,,,,,,,,,,,,,,,,,,,,,,,,,,,,,姉小路-9,
Q58379,Q11565855,,,,,,,,,,,,,,,,,,,,,,,,,,,,,,,,,,,,,,,,,,,,澤-2,
Q58382,Q110645807,,,,,,,,,,,,,,,,,,,,,,,,,,,,,,,,,,,,,,,,,,,,,
Q58385,Q11495571,,,,,,,,,,,,,,,,,,,,,,,,,,,,,,,,,,,,,,,,,,,,,
Q58388,Q108857510,,,,,,,,,,,,,,,,,,,,,,,,,,,,,,,,,,,,,,,,,,,,,
Q58502,Q108890397,,,,,,,,,,,,,,,,,,,,,,,,,,,,,,,,,,,,,,,,,,,,,
Q58505,Q11427653,,,,,,,,,,,,,,,,,,,,,,,,,,,,,,,,,,,,,,,,,,,,,
Q58508,Q111104427,,,,,,,,,,,,,,,,,,,,,,,,,,,,,,,,,,,,,,,,,,,,,
Q58511,Q11612110,,,,,,,,,,,,,,,,,,,,,,,,,,,,,,,,,,,,,,,,,,,,,
Q58514,Q11612118,,,,,,,,,,,,,,,,,,,,,,,,,,,,,,,,,,,,,,,,,,,,,
Q58517,Q11392532,,,,,,,,,,,,,,,,,,,,,,,,,,,,,,,,,,,,,,,,,,,,,
Q58520,Q111103687,,,,,,,,,,,,,,,,,,,,,,,,,,,,,,,,,,,,,,,,,,,,,
Q58535,Q57887781,,,,,,,,,,,,,,,,,,,,,,,,,,,,,,,,,,,,,,,,,,,,,
Q58538,Q57887784,,,,,,,,,,,,,,,,,,,,,,,,,,,,,,,,,,,,,,,,,,,,,
Q58541,Q4778835,,,,,,,,,,,,,,,,,,,,,,,,,,,,,,,,,,,,,,,,,,,,,
Q58544,Q4778837,,,,,,,,,,,,,,,,,,,,,,,,,,,,,,,,,,,,,,,,,,,,,
Q58547,Q11069228,,,,,,,,,,,,,,,,,,,,,,,,,,,,,,,,,,,,,,,,,,,,,
Q58550,Q110974563,,,,,,,,,,,,,,,,,,,,,,,,,,,,,,,,,,,,,,,,,,,,,
Q58553,Q110975936,,,,,,,,,,,,,,,,,,,,,,,,,,,,,,,,,,,,,,,,,,,,,
Q58556,Q110251538,,,,,,,,,,,,,,,,,,,,,,,,,,,,,,,,,,,,,,,,,,,,,
Q58572,Q52320152,,,,,,,,,,,,,,,,,,,,,,,,,,,,,,,,,,,,,,,,,,,,石野-7,
Q58575,Q11431987,,,,,,,,,,,,,,,,,,,,,,,,,,,,,,,,,,,,,,,,,,,,,
Q58608,Q134524245,,,,,,,,,,,,,,,,,,,,,,,,,,,,,,,,,,,,,,,,,,,,,
Q58611,Q10863139,,,,,,,,,,,,,,,,,,,,,,,,,,,,,,,,,,,,,,,,,,,,,
Q58614,Q11540412,,,,,,,,,,,,,,,,,,,,,,,,,,,,,,,,,,,,,,,,,,,,,
Q58617,Q11656472,,,,,,,,,,,,,,,,,,,,,,,,,,,,,,,,,,,,,,,,,,,,森-96,
Q58620,Q110660378,,,,,,,,,,,,,,,,,,,,,,,,,,,,,,,,,,,,,,,,,,,,,
Q58623,Q22128852,,,,,,,,,,,,,,,,,,,,,,,,,,,,,,,,,,,,,,,,,,,,,
Q58626,Q110662994,,,,,,,,,,,,,,,,,,,,,,,,,,,,,,,,,,,,,,,,,,,,,
Q58629,Q378502,,,,,,,,,,,,,,,,,,,,,,,,,,,,,,,,,,,,,,,,,,,,,
Q58632,Q715707,,,,,,,,,,,,,,,,,,,,,,,,,,,,,,,,,,,,,,,,,,,,,
Q58635,Q498412,,,,,,,,,,,,,,,,,,,,,,,,,,,,,,,,,,,,,,,,,,,,,
Q58638,Q1062720,,,,,,,,,,,,,,,,,,,,,,,,,,,,,,,,,,,,,,,,,,,,,
Q58641,Q28776565,,,,,,,,,,,,,,,,,,,,,,,,,,,,,,,,,,,,,,,,,,,,,
Q58662,Q493856,,,,,,,,,,,,,,,,,,,,,,,,,,,,,,,,,,,,,,,,,,,,,
Q58665,Q16177570,,,,,,,,,,,,,,,,,,,,,,,,,,,,,,,,,,,,,,,,,,,,,
Q58668,Q16262429,,,,,,,,,,,,,,,,,,,,,,,,,,,,,,,,,,,,,,,,,,,,,
Q58671,Q12612819,,,,,,,,,,,,,,,,,,,,,,,,,,,,,,,,,,,,,,,,,,,,,
Q58674,Q712325,,,,,,,,,,,,,,,,,,,,,,,,,,,,,,,,,,,,,,,,,,,,,
Q58677,Q7244601,,,,,,,,,,,,,,,,,,,,,,,,,,,,,,,,,,,,,,,,,,,,,
Q58680,Q6646368,,,,,,,,,,,,,,,,,,,,,,,,,,,,,,,,,,,,,,,,,,,,,
Q58683,Q708337,,,,,,,,,,,,,,,,,,,,,,,,,,,,,,,,,,,,,,,,,,,,,
Q58686,Q16905421,,,,,,,,,,,,,,,,,,,,,,,,,,,,,,,,,,,,,,,,,,,,,
Q58689,Q17025953,,,,,,,,,,,,,,,,,,,,,,,,,,,,,,,,,,,,,,,,,,,,,
Q58692,Q17025850,,,,,,,,,,,,,,,,,,,,,,,,,,,,,,,,,,,,,,,,,,,,,
Q58695,Q15916852,,,,,,,,,,,,,,,,,,,,,,,,,,,,,,,,,,,,,,,,,,,,,
Q58698,Q15941897,,,,,,,,,,,,,,,,,,,,,,,,,,,,,,,,,,,,,,,,,,,,,
Q58701,Q15945102,,,,,,,,,,,,,,,,,,,,,,,,,,,,,,,,,,,,,,,,,,,,,
Q58704,Q15946901,,,,,,,,,,,,,,,,,,,,,,,,,,,,,,,,,,,,,,,,,,,,,
Q58707,Q15952443,,,,,,,,,,,,,,,,,,,,,,,,,,,,,,,,,,,,,,,,,,,,,
Q58710,Q45692318,,,,,,,,,,,,,,,,,,,,,,,,,,,,,,,,,,,,,,,,,,,,,
Q58713,Q45691867,,,,,,,,,,,,,,,,,,,,,,,,,,,,,,,,,,,,,,,,,,,,,
Q58716,Q45692090,,,,,,,,,,,,,,,,,,,,,,,,,,,,,,,,,,,,,,,,,,,,,
Q58719,Q45691978,,,,,,,,,,,,,,,,,,,,,,,,,,,,,,,,,,,,,,,,,,,,,
Q58722,Q45580413,,,,,,,,,,,,,,,,,,,,,,,,,,,,,,,,,,,,,,,,,,,,,
Q58725,Q45462334,,,,,,,,,,,,,,,,,,,,,,,,,,,,,,,,,,,,,,,,,,,,,
Q58728,Q45592907,,,,,,,,,,,,,,,,,,,,,,,,,,,,,,,,,,,,,,,,,,,,,
Q58731,Q45692601,,,,,,,,,,,,,,,,,,,,,,,,,,,,,,,,,,,,,,,,,,,,,
Q58734,Q45692627,,,,,,,,,,,,,,,,,,,,,,,,,,,,,,,,,,,,,,,,,,,,,
Q58737,Q45615422,,,,,,,,,,,,,,,,,,,,,,,,,,,,,,,,,,,,,,,,,,,,,
Q58740,Q65805382,,,,,,,,,,,,,,,,,,,,,,,,,,,,,,,,,,,,,,,,,,,,,
Q58743,Q45699639,,,,,,,,,,,,,,,,,,,,,,,,,,,,,,,,,,,,,,,,,,,,,
Q58746,Q45699513,,,,,,,,,,,,,,,,,,,,,,,,,,,,,,,,,,,,,,,,,,,,,
Q58749,Q45699537,,,,,,,,,,,,,,,,,,,,,,,,,,,,,,,,,,,,,,,,,,,,,
Q58752,Q45658381,,,,,,,,,,,,,,,,,,,,,,,,,,,,,,,,,,,,,,,,,,,,,
Q58755,Q45517347,,,,,,,,,,,,,,,,,,,,,,,,,,,,,,,,,,,,,,,,,,,,,
Q58758,Q45700509,,,,,,,,,,,,,,,,,,,,,,,,,,,,,,,,,,,,,,,,,,,,,
Q58761,Q2258522,,,,,,,,,,,,,,,,,,,,,,,,,,,548187,,,,,,,,,,,,,,,,,,
Q58764,Q107412076,,,,,,,,,,,,,,,,,,,,,,,,,,,,,,,,,,,,,,,,,,,,,
Q58767,Q855075,,,,,,,,,,,,,,,,,,,,,,,,,,,625788,,,,,,,,,,,,,,,,,,
Q58770,Q673423,,,,,,,,,,,,,,,,,,,,,,,,,,,548193,,,,,,,,,,,,,,,,,,
Q58773,Q45699842,,,,,,,,,,,,,,,,,,,,,,,,,,,,,,,,,,,,,,,,,,,,,
Q58776,Q45700176,,,,,,,,,,,,,,,,,,,,,,,,,,,,,,,,,,,,,,,,,,,,,
Q58779,Q8479149,,,,,,,,,,,,,,,,,,,,,,,,,,,,,,,,,,,,,,,,,,,,,
Q58782,Q81745998,,,,,,,,,,,,,,,,,,,,,,,,,,,,,,,,,,,,,,,,,,,,,
Q58785,Q45606898,,,,,,,,,,,,,,,,,,,,,,,,,,,,,,,,,,,,,,,,,,,,,
Q58788,Q17164415,,,,,,,,,,,,,,,,,,,,,,,,,,,,,,,,,,,,,,,,,,,,,
Q58791,Q24835820,,,,,,,,,,,,,,,,,,,,,,,,,,,,,,,,,,,,,,,,,,,,,
Q58794,Q24835823,,,,,,,,,,,,,,,,,,,,,,,,,,,,,,,,,,,,,,,,,,,,,
Q58797,Q10296822,,,,,,,,,,,,,,,,,,,,,,,,,,,,,,,,,,,,,,,,,,,,,
Q58800,Q45438973,,,,,,,,,,,,,,,,,,,,,,,,,,,,,,,,,,,,,,,,,,,,,
Q58803,Q45439037,,,,,,,,,,,,,,,,,,,,,,,,,,,,,,,,,,,,,,,,,,,,,
Q58806,Q45700985,,,,,,,,,,,,,,,,,,,,,,,,,,,,,,,,,,,,,,,,,,,,,
Q58809,Q45701009,,,,,,,,,,,,,,,,,,,,,,,,,,,,,,,,,,,,,,,,,,,,,
Q58812,Q45701035,,,,,,,,,,,,,,,,,,,,,,,,,,,,,,,,,,,,,,,,,,,,,
Q58815,Q45701108,,,,,,,,,,,,,,,,,,,,,,,,,,,,,,,,,,,,,,,,,,,,,
Q58818,Q45701523,,,,,,,,,,,,,,,,,,,,,,,,,,,,,,,,,,,,,,,,,,,,,
Q58821,Q45701546,,,,,,,,,,,,,,,,,,,,,,,,,,,,,,,,,,,,,,,,,,,,,
Q58824,Q45701571,,,,,,,,,,,,,,,,,,,,,,,,,,,,,,,,,,,,,,,,,,,,,
Q58827,Q45701595,,,,,,,,,,,,,,,,,,,,,,,,,,,,,,,,,,,,,,,,,,,,,
Q58830,Q45701619,,,,,,,,,,,,,,,,,,,,,,,,,,,,,,,,,,,,,,,,,,,,,
Q58833,Q45701664,,,,,,,,,,,,,,,,,,,,,,,,,,,,,,,,,,,,,,,,,,,,,
Q58836,Q45701687,,,,,,,,,,,,,,,,,,,,,,,,,,,,,,,,,,,,,,,,,,,,,
Q58839,Q45701735,,,,,,,,,,,,,,,,,,,,,,,,,,,,,,,,,,,,,,,,,,,,,
Q58842,Q45436322,,,,,,,,,,,,,,,,,,,,,,,,,,,,,,,,,,,,,,,,,,,,,
Q58845,Q45436510,,,,,,,,,,,,,,,,,,,,,,,,,,,,,,,,,,,,,,,,,,,,,
Q58848,Q45437835,,,,,,,,,,,,,,,,,,,,,,,,,,,,,,,,,,,,,,,,,,,,,
Q58851,Q45437898,,,,,,,,,,,,,,,,,,,,,,,,,,,,,,,,,,,,,,,,,,,,,
Q58854,Q45437962,,,,,,,,,,,,,,,,,,,,,,,,,,,,,,,,,,,,,,,,,,,,,
Q58857,Q45438027,,,,,,,,,,,,,,,,,,,,,,,,,,,,,,,,,,,,,,,,,,,,,
Q58860,Q45438090,,,,,,,,,,,,,,,,,,,,,,,,,,,,,,,,,,,,,,,,,,,,,
Q58863,Q45692909,,,,,,,,,,,,,,,,,,,,,,,,,,,,,,,,,,,,,,,,,,,,,
Q58866,Q45598952,,,,,,,,,,,,,,,,,,,,,,,,,,,,,,,,,,,,,,,,,,,,,
Q58869,Q45500495,,,,,,,,,,,,,,,,,,,,,,,,,,,,,,,,,,,,,,,,,,,,,
Q58872,Q45500556,,,,,,,,,,,,,,,,,,,,,,,,,,,,,,,,,,,,,,,,,,,,,
Q58875,Q45500621,,,,,,,,,,,,,,,,,,,,,,,,,,,,,,,,,,,,,,,,,,,,,
Q58878,Q45599267,,,,,,,,,,,,,,,,,,,,,,,,,,,,,,,,,,,,,,,,,,,,,
Q58881,Q65808204,,,,,,,,,,,,,,,,,,,,,,,,,,,,,,,,,,,,,,,,,,,,,
Q58884,Q45599635,,,,,,,,,,,,,,,,,,,,,,,,,,,,,,,,,,,,,,,,,,,,,
Q58887,Q45599698,,,,,,,,,,,,,,,,,,,,,,,,,,,,,,,,,,,,,,,,,,,,,
Q58890,Q45599760,,,,,,,,,,,,,,,,,,,,,,,,,,,,,,,,,,,,,,,,,,,,,
Q58893,Q45682965,,,,,,,,,,,,,,,,,,,,,,,,,,,,,,,,,,,,,,,,,,,,,
Q58896,Q45695493,,,,,,,,,,,,,,,,,,,,,,,,,,,,,,,,,,,,,,,,,,,,,
Q58899,Q45524556,,,,,,,,,,,,,,,,,,,,,,,,,,,,,,,,,,,,,,,,,,,,,
Q58902,Q45693130,,,,,,,,,,,,,,,,,,,,,,,,,,,,,,,,,,,,,,,,,,,,,
Q58905,Q45693215,,,,,,,,,,,,,,,,,,,,,,,,,,,,,,,,,,,,,,,,,,,,,
Q58908,Q45693270,,,,,,,,,,,,,,,,,,,,,,,,,,,,,,,,,,,,,,,,,,,,,
Q58911,Q45693326,,,,,,,,,,,,,,,,,,,,,,,,,,,,,,,,,,,,,,,,,,,,,
Q58914,Q45695171,,,,,,,,,,,,,,,,,,,,,,,,,,,,,,,,,,,,,,,,,,,,,
Q58917,Q45695196,,,,,,,,,,,,,,,,,,,,,,,,,,,,,,,,,,,,,,,,,,,,,
Q58920,Q45696198,,,,,,,,,,,,,,,,,,,,,,,,,,,,,,,,,,,,,,,,,,,,,
Q58923,Q45697276,,,,,,,,,,,,,,,,,,,,,,,,,,,,,,,,,,,,,,,,,,,,,
Q58926,Q45697303,,,,,,,,,,,,,,,,,,,,,,,,,,,,,,,,,,,,,,,,,,,,,
Q58929,Q45697376,,,,,,,,,,,,,,,,,,,,,,,,,,,,,,,,,,,,,,,,,,,,,
Q58932,Q45698792,,,,,,,,,,,,,,,,,,,,,,,,,,,,,,,,,,,,,,,,,,,,,
Q58935,Q45699001,,,,,,,,,,,,,,,,,,,,,,,,,,,,,,,,,,,,,,,,,,,,,
Q58938,Q45699079,,,,,,,,,,,,,,,,,,,,,,,,,,,,,,,,,,,,,,,,,,,,,
Q58941,Q45490536,,,,,,,,,,,,,,,,,,,,,,,,,,,,,,,,,,,,,,,,,,,,,
Q58944,Q45699129,,,,,,,,,,,,,,,,,,,,,,,,,,,,,,,,,,,,,,,,,,,,,
Q58946,Q22813513,,,,,,,,,,,,,,,,,,,,,,,,,,,,,,,,,,,,,,,,,,,,,
Q58949,Q45468346,,,,,,,,,,,,,,,,,,,,,,,,,,,,,,,,,,,,,,,,,,,,,
Q58952,Q45462060,,,,,,,,,,,,,,,,,,,,,,,,,,,,,,,,,,,,,,,,,,,,,
Q58955,Q45447643,,,,,,,,,,,,,,,,,,,,,,,,,,,,,,,,,,,,,,,,,,,,,
Q58958,Q45447894,,,,,,,,,,,,,,,,,,,,,,,,,,,,,,,,,,,,,,,,,,,,,
Q58961,Q45448648,,,,,,,,,,,,,,,,,,,,,,,,,,,,,,,,,,,,,,,,,,,,,
Q58964,Q45448712,,,,,,,,,,,,,,,,,,,,,,,,,,,,,,,,,,,,,,,,,,,,,
Q58967,Q45448775,,,,,,,,,,,,,,,,,,,,,,,,,,,,,,,,,,,,,,,,,,,,,
Q58970,Q45448837,,,,,,,,,,,,,,,,,,,,,,,,,,,,,,,,,,,,,,,,,,,,,
Q58973,Q45573801,,,,,,,,,,,,,,,,,,,,,,,,,,,,,,,,,,,,,,,,,,,,,
Q58976,Q45444241,,,,,,,,,,,,,,,,,,,,,,,,,,,,,,,,,,,,,,,,,,,,,
Q58979,Q45463205,,,,,,,,,,,,,,,,,,,,,,,,,,,,,,,,,,,,,,,,,,,,,
Q58982,Q45446700,,,,,,,,,,,,,,,,,,,,,,,,,,,,,,,,,,,,,,,,,,,,,
Q58985,Q45440938,,,,,,,,,,,,,,,,,,,,,,,,,,,,,,,,,,,,,,,,,,,,,
Q58988,Q45421102,,,,,,,,,,,,,,,,,,,,,,,,,,,,,,,,,,,,,,,,,,,,,
Q58991,Q45487301,,,,,,,,,,,,,,,,,,,,,,,,,,,,,,,,,,,,,,,,,,,,,
Q58994,Q45440376,,,,,,,,,,,,,,,,,,,,,,,,,,,,,,,,,,,,,,,,,,,,,
Q58997,Q56600447,,,,,,,,,,,,,,,,,,,,,,,,,,,,,,,,,,,,,,,,,,,,,
Q59000,Q17991573,,,,,,,,,,,,,,,,,,,,,,,,,,,,,,,,,,,,,,,,,,,,,
Q59003,Q45444132,,,,,,,,,,,,,,,,,,,,,,,,,,,,,,,,,,,,,,,,,,,,,
Q59006,Q45442806,,,,,,,,,,,,,,,,,,,,,,,,,,,,,,,,,,,,,,,,,,,,,
Q59009,Q45443184,,,,,,,,,,,,,,,,,,,,,,,,,,,,,,,,,,,,,,,,,,,,,
Q59012,Q45676446,,,,,,,,,,,,,,,,,,,,,,,,,,,,,,,,,,,,,,,,,,,,,
Q59015,Q45442487,,,,,,,,,,,,,,,,,,,,,,,,,,,,,,,,,,,,,,,,,,,,,
Q59018,Q45418837,,,,,,,,,,,,,,,,,,,,,,,,,,,,,,,,,,,,,,,,,,,,,
Q59021,Q83875264,,,,,,,,,,,,,,,,,,,,,,,,,,,,,,,,,,,,,,,,,,,,,
Q59024,Q10454327,,,,,,,,,,,,,,,,,,,,,,,,,,,,,,,,,,,,,,,,,,,,,
Q59027,Q45420381,,,,,,,,,,,,,,,,,,,,,,,,,,,,,,,,,,,,,,,,,,,,,
Q59030,Q9598167,,,,,,,,,,,,,,,,,,,,,,,,,,,,,,,,,,,,,,,,,,,,,
Q59033,Q24835861,,,,,,,,,,,,,,,,,,,,,,,,,,,,,,,,,,,,,,,,,,,,,
Q59036,Q11534053,,,,,,,,,,,,,,,,,,,,,,,,,,,,,,,,,,,,,,,,,,,,,
Q59039,Q24886798,,,,,,,,,,,,,,,,,,,,,,,,,,,,,,,,,,,,,,,,,,,,,
Q59042,Q45420321,,,,,,,,,,,,,,,,,,,,,,,,,,,,,,,,,,,,,,,,,,,,,
Q59045,Q11109368,,,,,,,,,,,,,,,,,,,,,,,,,,,,,,,,,,,,,,,,,,,,,
Q59048,Q28481660,,,,,,,,,,,,,,,,,,,,,,,,,,,,,,,,,,,,,,,,,,,,,
Q59051,Q28481672,,,,,,,,,,,,,,,,,,,,,,,,,,,,,,,,,,,,,,,,,,,,,
Q59054,Q45420324,,,,,,,,,,,,,,,,,,,,,,,,,,,,,,,,,,,,,,,,,,,,,
Q59057,Q45420327,,,,,,,,,,,,,,,,,,,,,,,,,,,,,,,,,,,,,,,,,,,,,
Q59060,Q74553277,,,,,,,,,,,,,,,,,,,,,,,,,,,,,,,,,,,,,,,,,,,,,
Q59063,Q45510571,,,,,,,,,,,,,,,,,,,,,,,,,,,,,,,,,,,,,,,,,,,,,
Q59066,Q45446256,,,,,,,,,,,,,,,,,,,,,,,,,,,,,,,,,,,,,,,,,,,,,
Q59069,Q45507718,,,,,,,,,,,,,,,,,,,,,,,,,,,,,,,,,,,,,,,,,,,,,
Q59072,Q45508161,,,,,,,,,,,,,,,,,,,,,,,,,,,,,,,,,,,,,,,,,,,,,
Q59075,Q45635696,,,,,,,,,,,,,,,,,,,,,,,,,,,,,,,,,,,,,,,,,,,,,
Q59078,Q45635759,,,,,,,,,,,,,,,,,,,,,,,,,,,,,,,,,,,,,,,,,,,,,
Q59081,Q65805539,,,,,,,,,,,,,,,,,,,,,,,,,,,,,,,,,,,,,,,,,,,,,
Q59084,Q45452668,,,,,,,,,,,,,,,,,,,,,,,,,,,,,,,,,,,,,,,,,,,,,
Q59087,Q45452861,,,,,,,,,,,,,,,,,,,,,,,,,,,,,,,,,,,,,,,,,,,,,
Q59090,Q45452928,,,,,,,,,,,,,,,,,,,,,,,,,,,,,,,,,,,,,,,,,,,,,
Q59093,Q45453052,,,,,,,,,,,,,,,,,,,,,,,,,,,,,,,,,,,,,,,,,,,,,
Q59096,Q45453364,,,,,,,,,,,,,,,,,,,,,,,,,,,,,,,,,,,,,,,,,,,,,
Q59099,Q45453429,,,,,,,,,,,,,,,,,,,,,,,,,,,,,,,,,,,,,,,,,,,,,
Q59102,Q45453492,,,,,,,,,,,,,,,,,,,,,,,,,,,,,,,,,,,,,,,,,,,,,
Q59105,Q45453619,,,,,,,,,,,,,,,,,,,,,,,,,,,,,,,,,,,,,,,,,,,,,
Q59108,Q45453683,,,,,,,,,,,,,,,,,,,,,,,,,,,,,,,,,,,,,,,,,,,,,
Q59111,Q45453811,,,,,,,,,,,,,,,,,,,,,,,,,,,,,,,,,,,,,,,,,,,,,
Q59114,Q45453875,,,,,,,,,,,,,,,,,,,,,,,,,,,,,,,,,,,,,,,,,,,,,
Q59117,Q45454070,,,,,,,,,,,,,,,,,,,,,,,,,,,,,,,,,,,,,,,,,,,,,
Q59120,Q45454136,,,,,,,,,,,,,,,,,,,,,,,,,,,,,,,,,,,,,,,,,,,,,
Q59123,Q45454972,,,,,,,,,,,,,,,,,,,,,,,,,,,,,,,,,,,,,,,,,,,,,
Q59126,Q45455036,,,,,,,,,,,,,,,,,,,,,,,,,,,,,,,,,,,,,,,,,,,,,
Q59129,Q45455291,,,,,,,,,,,,,,,,,,,,,,,,,,,,,,,,,,,,,,,,,,,,,
Q59132,Q45455355,,,,,,,,,,,,,,,,,,,,,,,,,,,,,,,,,,,,,,,,,,,,,
Q59135,Q45455418,,,,,,,,,,,,,,,,,,,,,,,,,,,,,,,,,,,,,,,,,,,,,
Q59138,Q45455608,,,,,,,,,,,,,,,,,,,,,,,,,,,,,,,,,,,,,,,,,,,,,
Q59141,Q45455671,,,,,,,,,,,,,,,,,,,,,,,,,,,,,,,,,,,,,,,,,,,,,
Q59144,Q45455734,,,,,,,,,,,,,,,,,,,,,,,,,,,,,,,,,,,,,,,,,,,,,
Q59147,Q45455862,,,,,,,,,,,,,,,,,,,,,,,,,,,,,,,,,,,,,,,,,,,,,
Q59150,Q45456304,,,,,,,,,,,,,,,,,,,,,,,,,,,,,,,,,,,,,,,,,,,,,
Q59153,Q45456368,,,,,,,,,,,,,,,,,,,,,,,,,,,,,,,,,,,,,,,,,,,,,
Q59156,Q45456433,,,,,,,,,,,,,,,,,,,,,,,,,,,,,,,,,,,,,,,,,,,,,
Q59159,Q45456497,,,,,,,,,,,,,,,,,,,,,,,,,,,,,,,,,,,,,,,,,,,,,
Q59162,Q45456560,,,,,,,,,,,,,,,,,,,,,,,,,,,,,,,,,,,,,,,,,,,,,
Q59165,Q45456624,,,,,,,,,,,,,,,,,,,,,,,,,,,,,,,,,,,,,,,,,,,,,
Q59168,Q45456687,,,,,,,,,,,,,,,,,,,,,,,,,,,,,,,,,,,,,,,,,,,,,
Q59170,Q45456814,,,,,,,,,,,,,,,,,,,,,,,,,,,,,,,,,,,,,,,,,,,,,
Q59173,Q45457513,,,,,,,,,,,,,,,,,,,,,,,,,,,,,,,,,,,,,,,,,,,,,
Q59176,Q45457576,,,,,,,,,,,,,,,,,,,,,,,,,,,,,,,,,,,,,,,,,,,,,
Q59179,Q45457639,,,,,,,,,,,,,,,,,,,,,,,,,,,,,,,,,,,,,,,,,,,,,
Q59182,Q45457704,,,,,,,,,,,,,,,,,,,,,,,,,,,,,,,,,,,,,,,,,,,,,
Q59185,Q45457767,,,,,,,,,,,,,,,,,,,,,,,,,,,,,,,,,,,,,,,,,,,,,
Q59188,Q45457829,,,,,,,,,,,,,,,,,,,,,,,,,,,,,,,,,,,,,,,,,,,,,
Q59191,Q45457894,,,,,,,,,,,,,,,,,,,,,,,,,,,,,,,,,,,,,,,,,,,,,
Q59194,Q45457957,,,,,,,,,,,,,,,,,,,,,,,,,,,,,,,,,,,,,,,,,,,,,
Q59197,Q45458021,,,,,,,,,,,,,,,,,,,,,,,,,,,,,,,,,,,,,,,,,,,,,
Q59200,Q45458083,,,,,,,,,,,,,,,,,,,,,,,,,,,,,,,,,,,,,,,,,,,,,
Q59203,Q45458652,,,,,,,,,,,,,,,,,,,,,,,,,,,,,,,,,,,,,,,,,,,,,
Q59206,Q45458903,,,,,,,,,,,,,,,,,,,,,,,,,,,,,,,,,,,,,,,,,,,,,
Q59209,Q45459094,,,,,,,,,,,,,,,,,,,,,,,,,,,,,,,,,,,,,,,,,,,,,
Q59212,Q45459605,,,,,,,,,,,,,,,,,,,,,,,,,,,,,,,,,,,,,,,,,,,,,
Q59215,Q45459917,,,,,,,,,,,,,,,,,,,,,,,,,,,,,,,,,,,,,,,,,,,,,
Q59218,Q45460296,,,,,,,,,,,,,,,,,,,,,,,,,,,,,,,,,,,,,,,,,,,,,
Q59221,Q45460358,,,,,,,,,,,,,,,,,,,,,,,,,,,,,,,,,,,,,,,,,,,,,
Q59224,Q45460421,,,,,,,,,,,,,,,,,,,,,,,,,,,,,,,,,,,,,,,,,,,,,
Q59227,Q45460484,,,,,,,,,,,,,,,,,,,,,,,,,,,,,,,,,,,,,,,,,,,,,
Q59230,Q45460547,,,,,,,,,,,,,,,,,,,,,,,,,,,,,,,,,,,,,,,,,,,,,
Q59233,Q45460866,,,,,,,,,,,,,,,,,,,,,,,,,,,,,,,,,,,,,,,,,,,,,
Q59236,Q45461117,,,,,,,,,,,,,,,,,,,,,,,,,,,,,,,,,,,,,,,,,,,,,
Q59239,Q45461370,,,,,,,,,,,,,,,,,,,,,,,,,,,,,,,,,,,,,,,,,,,,,
Q59242,Q45461809,,,,,,,,,,,,,,,,,,,,,,,,,,,,,,,,,,,,,,,,,,,,,
Q59245,Q45462187,,,,,,,,,,,,,,,,,,,,,,,,,,,,,,,,,,,,,,,,,,,,,
Q59248,Q45466758,,,,,,,,,,,,,,,,,,,,,,,,,,,,,,,,,,,,,,,,,,,,,
Q59251,Q45466820,,,,,,,,,,,,,,,,,,,,,,,,,,,,,,,,,,,,,,,,,,,,,
Q59254,Q45466883,,,,,,,,,,,,,,,,,,,,,,,,,,,,,,,,,,,,,,,,,,,,,
Q59257,Q45466946,,,,,,,,,,,,,,,,,,,,,,,,,,,,,,,,,,,,,,,,,,,,,
Q59260,Q45467006,,,,,,,,,,,,,,,,,,,,,,,,,,,,,,,,,,,,,,,,,,,,,
Q59263,Q45467132,,,,,,,,,,,,,,,,,,,,,,,,,,,,,,,,,,,,,,,,,,,,,
Q59266,Q45467198,,,,,,,,,,,,,,,,,,,,,,,,,,,,,,,,,,,,,,,,,,,,,
Q59269,Q45467262,,,,,,,,,,,,,,,,,,,,,,,,,,,,,,,,,,,,,,,,,,,,,
Q59272,Q45463521,,,,,,,,,,,,,,,,,,,,,,,,,,,,,,,,,,,,,,,,,,,,,
Q59275,Q45464092,,,,,,,,,,,,,,,,,,,,,,,,,,,,,,,,,,,,,,,,,,,,,
Q59278,Q45464157,,,,,,,,,,,,,,,,,,,,,,,,,,,,,,,,,,,,,,,,,,,,,
Q59281,Q45464219,,,,,,,,,,,,,,,,,,,,,,,,,,,,,,,,,,,,,,,,,,,,,
Q59284,Q45464530,,,,,,,,,,,,,,,,,,,,,,,,,,,,,,,,,,,,,,,,,,,,,
Q59287,Q45464967,,,,,,,,,,,,,,,,,,,,,,,,,,,,,,,,,,,,,,,,,,,,,
Q59290,Q45465539,,,,,,,,,,,,,,,,,,,,,,,,,,,,,,,,,,,,,,,,,,,,,
Q59293,Q45465602,,,,,,,,,,,,,,,,,,,,,,,,,,,,,,,,,,,,,,,,,,,,,
Q59296,Q45466255,,,,,,,,,,,,,,,,,,,,,,,,,,,,,,,,,,,,,,,,,,,,,
Q59299,Q45466444,,,,,,,,,,,,,,,,,,,,,,,,,,,,,,,,,,,,,,,,,,,,,
Q59302,Q45466507,,,,,,,,,,,,,,,,,,,,,,,,,,,,,,,,,,,,,,,,,,,,,
Q59305,Q45466572,,,,,,,,,,,,,,,,,,,,,,,,,,,,,,,,,,,,,,,,,,,,,
Q59308,Q45549179,,,,,,,,,,,,,,,,,,,,,,,,,,,,,,,,,,,,,,,,,,,,,
Q59311,Q45468670,,,,,,,,,,,,,,,,,,,,,,,,,,,,,,,,,,,,,,,,,,,,,
Q59314,Q65808660,,,,,,,,,,,,,,,,,,,,,,,,,,,,,,,,,,,,,,,,,,,,,
Q59317,Q45468478,,,,,,,,,,,,,,,,,,,,,,,,,,,,,,,,,,,,,,,,,,,,,
Q59320,Q45468541,,,,,,,,,,,,,,,,,,,,,,,,,,,,,,,,,,,,,,,,,,,,,
Q59323,Q65803615,,,,,,,,,,,,,,,,,,,,,,,,,,,,,,,,,,,,,,,,,,,,,
Q59326,Q45699868,,,,,,,,,,,,,,,,,,,,,,,,,,,,,,,,,,,,,,,,,,,,,
Q59329,Q45699971,,,,,,,,,,,,,,,,,,,,,,,,,,,,,,,,,,,,,,,,,,,,,
Q59332,Q56600493,,,,,,,,,,,,,,,,,,,,,,,,,,,,,,,,,,,,,,,,,,,,,
Q59335,Q45480138,,,,,,,,,,,,,,,,,,,,,,,,,,,,,,,,,,,,,,,,,,,,,
Q59338,Q45480201,,,,,,,,,,,,,,,,,,,,,,,,,,,,,,,,,,,,,,,,,,,,,
Q59341,Q45480393,,,,,,,,,,,,,,,,,,,,,,,,,,,,,,,,,,,,,,,,,,,,,
Q59344,Q45480901,,,,,,,,,,,,,,,,,,,,,,,,,,,,,,,,,,,,,,,,,,,,,
Q59347,Q45481094,,,,,,,,,,,,,,,,,,,,,,,,,,,,,,,,,,,,,,,,,,,,,
Q59350,Q45468406,,,,,,,,,,,,,,,,,,,,,,,,,,,,,,,,,,,,,,,,,,,,,
Q59353,Q45468788,,,,,,,,,,,,,,,,,,,,,,,,,,,,,,,,,,,,,,,,,,,,,
Q59356,Q45468850,,,,,,,,,,,,,,,,,,,,,,,,,,,,,,,,,,,,,,,,,,,,,
Q59359,Q45468980,,,,,,,,,,,,,,,,,,,,,,,,,,,,,,,,,,,,,,,,,,,,,
Q59363,Q45469301,,,,,,,,,,,,,,,,,,,,,,,,,,,,,,,,,,,,,,,,,,,,,
Q59366,Q45469362,,,,,,,,,,,,,,,,,,,,,,,,,,,,,,,,,,,,,,,,,,,,,
Q59369,Q45469683,,,,,,,,,,,,,,,,,,,,,,,,,,,,,,,,,,,,,,,,,,,,,
Q59372,Q45469746,,,,,,,,,,,,,,,,,,,,,,,,,,,,,,,,,,,,,,,,,,,,,
Q59375,Q45469811,,,,,,,,,,,,,,,,,,,,,,,,,,,,,,,,,,,,,,,,,,,,,
Q59378,Q45470252,,,,,,,,,,,,,,,,,,,,,,,,,,,,,,,,,,,,,,,,,,,,,
Q59380,Q45470378,,,,,,,,,,,,,,,,,,,,,,,,,,,,,,,,,,,,,,,,,,,,,
Q59384,Q45470442,,,,,,,,,,,,,,,,,,,,,,,,,,,,,,,,,,,,,,,,,,,,,
Q59387,Q45470823,,,,,,,,,,,,,,,,,,,,,,,,,,,,,,,,,,,,,,,,,,,,,
Q59390,Q45471014,,,,,,,,,,,,,,,,,,,,,,,,,,,,,,,,,,,,,,,,,,,,,
Q59394,Q45471142,,,,,,,,,,,,,,,,,,,,,,,,,,,,,,,,,,,,,,,,,,,,,
Q59397,Q45471522,,,,,,,,,,,,,,,,,,,,,,,,,,,,,,,,,,,,,,,,,,,,,
Q59400,Q45471651,,,,,,,,,,,,,,,,,,,,,,,,,,,,,,,,,,,,,,,,,,,,,
Q59403,Q45471775,,,,,,,,,,,,,,,,,,,,,,,,,,,,,,,,,,,,,,,,,,,,,
Q59406,Q45471838,,,,,,,,,,,,,,,,,,,,,,,,,,,,,,,,,,,,,,,,,,,,,
Q59409,Q45472093,,,,,,,,,,,,,,,,,,,,,,,,,,,,,,,,,,,,,,,,,,,,,
Q59412,Q45472285,,,,,,,,,,,,,,,,,,,,,,,,,,,,,,,,,,,,,,,,,,,,,
Q59415,Q45472544,,,,,,,,,,,,,,,,,,,,,,,,,,,,,,,,,,,,,,,,,,,,,
Q59418,Q45472671,,,,,,,,,,,,,,,,,,,,,,,,,,,,,,,,,,,,,,,,,,,,,
Q59421,Q45472801,,,,,,,,,,,,,,,,,,,,,,,,,,,,,,,,,,,,,,,,,,,,,
Q59424,Q45473054,,,,,,,,,,,,,,,,,,,,,,,,,,,,,,,,,,,,,,,,,,,,,
Q59427,Q45473657,,,,,,,,,,,,,,,,,,,,,,,,,,,,,,,,,,,,,,,,,,,,,
Q59430,Q10145297,,,,,,,,,,,,,,,,,,,,,,,,,,,,,,,,,,,,,,,,,,,,,
Q59433,Q10946172,,,,,,,,,,,,,,,,,,,,,,,,,,,,,,,,,,,,,,,,,,,,,
Q59436,Q48889956,,,,,,,,,,,,,,,,,,,,,,,,,,,,,,,,,,,,,,,,,,,,,
Q59439,Q1079606,,,,,,,,,,,,,,,,,,,,,,,,,,,,,,,,,,,,,,,,,,,,,
Q59442,Q10514148,,,,,,,,,,,,,,,,,,,,,,,,,,,,,,,,,,,,,,,,,,,,,
Q59445,Q1071582,,,,,,,,,,,,,,,,,,,,,,,,,,,,,,,,,,,,,,,,,,,,Xianwen-1,
Q59448,Q8253731,,,,,,,,,,,,,,,,,,,,,,,,,,,,,,,,,,,,,,,,,,,,,
Q59451,Q3276928,,,,,,,,,,,,,,,,,,,,,,,,,,,,,,,,,,,,,,,,,,,,,
Q59454,Q16603310,,,,,,,,,,,,,,,,,,,,,,,,,,,,,,,,,,,,,,,,,,,,,
Q59457,Q16603401,,,,,,,,,,,,,,,,,,,,,,,,,,,,,,,,,,,,,,,,,,,,,
Q59460,Q16603456,,,,,,,,,,,,,,,,,,,,,,,,,,,,,,,,,,,,,,,,,,,,,
Q59463,Q11069724,,,,,,,,,,,,,,,,,,,,,,,,,,,,,,,,,,,,,,,,,,,,,
Q59466,Q16075470,,,,,,,,,,,,,,,,,,,,,,,,,,,,,,,,,,,,,,,,,,,,,
Q59469,Q3275351,,,,,,,,,,,,,,,,,,,,,,,,,,,,,,,,,,,,,,,,,,,,,
Q59472,Q10889803,,,,,,,,,,,,,,,,,,,,,,,,,,,,,,,,,,,,,,,,,,,,,
Q59475,Q10889672,,,,,,,,,,,,,,,,,,,,,,,,,,,,,,,,,,,,,,,,,,,,,
Q59478,Q10889788,,,,,,,,,,,,,,,,,,,,,,,,,,,,,,,,,,,,,,,,,,,,,
Q59481,Q1271854,,,,,,,,,,,,,,,,,,,,,,,,,,,,,,,,,,,,,,,,,,,,,
Q59484,Q5374517,,,,,,,,,,,,,,,,,,,,,,,,,,,,,,,,,,,,,,,,,,,,,
Q59487,Q5374518,,,,,,,,,,,,,,,,,,,,,,,,,,,,,,,,,,,,,,,,,,,,,
Q59490,Q8253682,,,,,,,,,,,,,,,,,,,,,,,,,,,,,,,,,,,,,,,,,,,,,
Q59493,Q8253665,,,,,,,,,,,,,,,,,,,,,,,,,,,,,,,,,,,,,,,,,,,,,
Q59496,Q8253773,,,,,,,,,,,,,,,,,,,,,,,,,,,,,,,,,,,,,,,,,,,,,
Q59499,Q8253790,,,,,,,,,,,,,,,,,,,,,,,,,,,,,,,,,,,,,,,,,,,,,
Q59502,Q133223014,,,,,,,,,,,,,,,,,,,,,,,,,,,,,,,,,,,,,,,,,,,,,
Q59505,Q17218200,,,,,,,,,,,,,,,,,,,,,,,,,,,,,,,,,,,,,,,,,,,,,
Q59508,Q5521666,,,,,,,,,,,,,,,,,,,,,,,,,,,,,,,,,,,,,,,,,,,,,
Q59511,Q26197560,,,,,,,,,,,,,,,,,,,,,,,,,,,,,,,,,,,,,,,,,,,,,
Q59514,Q28481406,,,,,,,,,,,,,,,,,,,,,,,,,,,,,,,,,,,,,,,,,,,,,
Q59517,Q16076657,,,,,,,,,,,,,,,,,,,,,,,,,,,,,,,,,,,,,,,,,,,,,
Q59520,Q10889539,,,,,,,,,,,,,,,,,,,,,,,,,,,,,,,,,,,,,,,,,,,,,
Q59523,Q19817355,,,,,,,,,,,,,,,,,,,,,,,,,,,,,,,,,,,,,,,,,,,,,
Q59526,Q16603319,,,,,,,,,,,,,,,,,,,,,,,,,,,,,,,,,,,,,,,,,,,,,
Q59529,Q16603318,,,,,,,,,,,,,,,,,,,,,,,,,,,,,,,,,,,,,,,,,,,,,
Q59532,Q16603321,,,,,,,,,,,,,,,,,,,,,,,,,,,,,,,,,,,,,,,,,,,,,
Q59535,Q16603326,,,,,,,,,,,,,,,,,,,,,,,,,,,,,,,,,,,,,,,,,,,,,
Q59538,Q1018019,,,,,,,,,,,,,,,,,,,,,,,,,,,,,,,,,,,,,,,,,,,,,
Q59541,Q712362,,,,,,,,,,,,,,,,,,,,,,,,,,,,,,,,,,,,,,,,,,,,,
Q59544,Q1059956,,,,,,,,,,,,,,,,,,,,,,,,,,,,,,,,,,,,,,,,,,,,,
Q59547,Q8253701,,,,,,,,,,,,,,,,,,,,,,,,,,,,,,,,,,,,,,,,,,,,,
Q59550,Q8253706,,,,,,,,,,,,,,,,,,,,,,,,,,,,,,,,,,,,,,,,,,,,,
Q59553,Q1071618,,,,,,,,,,,,,,,,,,,,,,,,,,,,,,,,,,,,,,,,,,,,,
Q59556,Q10889694,,,,,,,,,,,,,,,,,,,,,,,,,,,,,,,,,,,,,,,,,,,,,
Q59559,Q16603413,,,,,,,,,,,,,,,,,,,,,,,,,,,,,,,,,,,,,,,,,,,,,
Q59562,Q16603362,,,,,,,,,,,,,,,,,,,,,,,,,,,,,,,,,,,,,,,,,,,,,
Q59565,Q16603705,,,,,,,,,,,,,,,,,,,,,,,,,,,,,,,,,,,,,,,,,,,,,
Q59568,Q28481386,,,,,,,,,,,,,,,,,,,,,,,,,,,,,,,,,,,,,,,,,,,,,
Q59571,Q61314843,,,,,,,,,,,,,,,,,,,,,,,,,,,,,,,,,,,,,,,,,,,,,
Q59574,Q55708085,,,,,,,,,,,,,,,,,,,,,,,,,,,,,,,,,,,,,,,,,,,,,
Q59577,Q18236406,,,,,,,,,,,,,,,,,,,,,,,,,,,,,,,,,,,,,,,,,,,,,
Q59580,Q19855475,,,,,,,,,,,,,,,,,,,,,,,,,,,,,,,,,,,,,,,,,,,,,
Q59583,Q835025,,,,,,,,,,,,,,,,,,,,,,,,,,,,,,,,,,,,,,,,,,,,,
Q59586,Q17500451,,,,,,,,,,,,,,,,,,,,,,,,,,,,,,,,,,,,,,,,,,,,,
Q59589,Q718249,,,,,,,,,,,,,,,,,,,,,,,,,,,,,,,,,,,,,,,,,,,,,
Q59592,Q1079575,,,,,,,,,,,,,,,,,,,,,,,,,,,,,,,,,,,,,,,,,,,,,
Q59595,Q5374520,,,,,,,,,,,,,,,,,,,,,,,,,,,,,,,,,,,,,,,,,,,,,
Q59598,Q16603299,,,,,,,,,,,,,,,,,,,,,,,,,,,,,,,,,,,,,,,,,,,,,
Q59601,Q16603478,,,,,,,,,,,,,,,,,,,,,,,,,,,,,,,,,,,,,,,,,,,,,
Q59604,Q16603733,,,,,,,,,,,,,,,,,,,,,,,,,,,,,,,,,,,,,,,,,,,,,
Q59607,Q17035258,,,,,,,,,,,,,,,,,,,,,,,,,,,,,,,,,,,,,,,,,,,,,
Q59610,Q708325,,,,,,,,,,,,,,,,,,,,,,,,,,,,,,,,,,,,,,,,,,,,,
Q59613,Q712338,,,,,,,,,,,,,,,,,,,,,,,,,,,,,,,,,,,,,,,,,,,,,
Q59616,Q712573,,,,,,,,,,,,,,,,,,,,,,,,,,,,,,,,,,,,,,,,,,,,,
Q59619,Q11668624,,,,,,,,,,,,,,,,,,,,,,,,,,,,,,,,,,,,,,,,,,,,,
Q59622,Q11668627,,,,,,,,,,,,,,,,,,,,,,,,,,,,,,,,,,,,,,,,,,,,,
Q59625,Q11668630,,,,,,,,,,,,,,,,,,,,,,,,,,,,,,,,,,,,,,,,,,,,,
Q59628,Q11668859,,,,,,,,,,,,,,,,,,,,,,,,,,,,,,,,,,,,,,,,,,,,,
Q59631,Q11671823,,,,,,,,,,,,,,,,,,,,,,,,,,,,,,,,,,,,,,,,,,,,,
Q59634,Q11671856,,,,,,,,,,,,,,,,,,,,,,,,,,,,,,,,,,,,,,,,,,,,,
Q59637,Q11671860,,,,,,,,,,,,,,,,,,,,,,,,,,,,,,,,,,,,,,,,,,,,,
Q59640,Q11671892,,,,,,,,,,,,,,,,,,,,,,,,,,,,,,,,,,,,,,,,,,,,,
Q59643,Q15903368,,,,,,,,,,,,,,,,,,,,,,,,,,,,,,,,,,,,,,,,,,,,,
Q59646,Q15909954,,,,,,,,,,,,,,,,,,,,,,,,,,,,,,,,,,,,,,,,,,,,,
Q59649,Q16075327,,,,,,,,,,,,,,,,,,,,,,,,,,,,,,,,,,,,,,,,,,,,,
Q59652,Q10889842,,,,,,,,,,,,,,,,,,,,,,,,,,,,,,,,,,,,,,,,,,,,,
Q59655,Q16603312,,,,,,,,,,,,,,,,,,,,,,,,,,,,,,,,,,,,,,,,,,,,,
Q59658,Q17025044,,,,,,,,,,,,,,,,,,,,,,,,,,,,,,,,,,,,,,,,,,,,,
Q59661,Q15926712,,,,,,,,,,,,,,,,,,,,,,,,,,,,,,,,,,,,,,,,,,,,,
Q59664,Q16603744,,,,,,,,,,,,,,,,,,,,,,,,,,,,,,,,,,,,,,,,,,,,,
Q59667,Q45513513,,,,,,,,,,,,,,,,,,,,,,,,,,,,,,,,,,,,,,,,,,,,,
Q59670,Q26197551,,,,,,,,,,,,,,,,,,,,,,,,,,,,,,,,,,,,,,,,,,,,,
Q59673,Q45419767,,,,,,,,,,,,,,,,,,,,,,,,,,,,,,,,,,,,,,,,,,,,,
Q59676,Q11371934,,,,,,,,,,,,,,,,,,,,,,,,,,,,,,,,,,,,,,,,,,,,,
Q59679,Q6855791,,,,,,,,,,,,,,,,,,,,,,,,,,,,,,,,,,,,,,,,,,,,,
Q59682,Q45480934,,,,,,,,,,,,,,,,,,,,,,,,,,,,,,,,,,,,,,,,,,,,,
Q59685,Q45481124,,,,,,,,,,,,,,,,,,,,,,,,,,,,,,,,,,,,,,,,,,,,,
Q59688,Q11371937,,,,,,,,,,,,,,,,,,,,,,,,,,,,,,,,,,,,,,,,,,,,,
Q59691,Q45419779,,,,,,,,,,,,,,,,,,,,,,,,,,,,,,,,,,,,,,,,,,,,,
Q59694,Q45484902,,,,,,,,,,,,,,,,,,,,,,,,,,,,,,,,,,,,,,,,,,,,,
Q59697,Q45485354,,,,,,,,,,,,,,,,,,,,,,,,,,,,,,,,,,,,,,,,,,,,,
Q59700,Q11371946,,,,,,,,,,,,,,,,,,,,,,,,,,,,,,,,,,,,,,,,,,,,,
Q59703,Q45485292,,,,,,,,,,,,,,,,,,,,,,,,,,,,,,,,,,,,,,,,,,,,,
Q59706,Q45491766,,,,,,,,,,,,,,,,,,,,,,,,,,,,,,,,,,,,,,,,,,,,,
Q59709,Q45485098,,,,,,,,,,,,,,,,,,,,,,,,,,,,,,,,,,,,,,,,,,,,,
Q59712,Q17164510,,,,,,,,,,,,,,,,,,,,,,,,,,,,,,,,,,,,,,,,,,,,,
Q59715,Q67936466,,,,,,,,,,,,,,,,,,,,,,,,,,,,,,,,,,,,,,,,,,,,,
Q59718,Q67936467,,,,,,,,,,,,,,,,,,,,,,,,,,,,,,,,,,,,,,,,,,,,,
Q59721,Q67955317,,,,,,,,,,,,,,,,,,,,,,,,,,,,,,,,,,,,,,,,,,,,,
Q59724,Q55706712,,,,,,,,,,,,,,,,,,,,,,,,,,,,,,,,,,,,,,,,,,,,,
Q59727,Q632026,,,,,,,,,,,,,,,,,,,,,,,,,,,,,,,,,,,,,,,,,,,,,
Q59730,Q45481579,,,,,,,,,,,,,,,,,,,,,,,,,,,,,,,,,,,,,,,,,,,,,
Q59733,Q131930063,,,,,,,,,,,,,,,,,,,,,,,,,,,,,,,,,,,,,,,,,,,,,
Q59736,Q10915991,,,,,,,,,,,,,,,,,,,,,,,,,,,,,,,,,,,,,,,,,,,,,
Q59739,Q8250179,,,,,,,,,,,,,,,,,,,,,,,,,,,,,,,,,,,,,,,,,,,,,
Q59742,Q24833527,,,,,,,,,,,,,,,,,,,,,,,,,,,,,,,,,,,,,,,,,,,,,
Q59745,Q133467845,,,,,,,,,,,,,,,,,,,,,,,,,,,,,,,,,,,,,,,,,,,,,
Q59748,Q10490218,,,,,,,,,,,,,,,,,,,,,,,,,,,,,,,,,,,,,,,,,,,,,
Q59751,Q8257283,,,,,,,,,,,,,,,,,,,,,,,,,,,,,,,,,,,,,,,,,,,,,
Q59754,Q3275318,,,,,,,,,,,,,,,,,,,,,,,,,,,,,,,,,,,,,,,,,,,,,
Q59757,Q154868,,,,,,,,,,,,,,,,,,,,,,,,,,,,,,,,,,,,,,,,,,,,,
Q59760,Q855885,,,,,,,,,,,,,,,,,,,,,,,,,,,,,,,,,,,,,,,,,,,,,
Q59763,Q45661079,,,,,,,,,,,,,,,,,,,,,,,,,,,,,,,,,,,,,,,,,,,,,
Q59766,Q45419664,,,,,,,,,,,,,,,,,,,,,,,,,,,,,,,,,,,,,,,,,,,,,
Q59769,Q45661917,,,,,,,,,,,,,,,,,,,,,,,,,,,,,,,,,,,,,,,,,,,,,
Q59772,Q45662683,,,,,,,,,,,,,,,,,,,,,,,,,,,,,,,,,,,,,,,,,,,,,
Q59775,Q45659887,,,,,,,,,,,,,,,,,,,,,,,,,,,,,,,,,,,,,,,,,,,,,
Q59778,Q45526164,,,,,,,,,,,,,,,,,,,,,,,,,,,,,,,,,,,,,,,,,,,,,
Q59781,Q18669248,,,,,,,,,,,,,,,,,,,,,,,,,,,,,,,,,,,,,,,,,,,,,
Q59784,Q15944659,,,,,,,,,,,,,,,,,,,,,,,,,,,,,,,,,,,,,,,,,,,,,
Q59787,Q45664367,,,,,,,,,,,,,,,,,,,,,,,,,,,,,,,,,,,,,,,,,,,,,
Q59790,Q45658449,,,,,,,,,,,,,,,,,,,,,,,,,,,,,,,,,,,,,,,,,,,,,
Q59793,Q45494065,,,,,,,,,,,,,,,,,,,,,,,,,,,,,,,,,,,,,,,,,,,,,
Q59796,Q45657616,,,,,,,,,,,,,,,,,,,,,,,,,,,,,,,,,,,,,,,,,,,,,
Q59799,Q45576870,,,,,,,,,,,,,,,,,,,,,,,,,,,,,,,,,,,,,,,,,,,,,
Q59802,Q45460840,,,,,,,,,,,,,,,,,,,,,,,,,,,,,,,,,,,,,,,,,,,,,
Q59805,Q45461218,,,,,,,,,,,,,,,,,,,,,,,,,,,,,,,,,,,,,,,,,,,,,
Q59808,Q45461281,,,,,,,,,,,,,,,,,,,,,,,,,,,,,,,,,,,,,,,,,,,,,
Q59811,Q45461314,,,,,,,,,,,,,,,,,,,,,,,,,,,,,,,,,,,,,,,,,,,,,
Q59814,Q45461377,,,,,,,,,,,,,,,,,,,,,,,,,,,,,,,,,,,,,,,,,,,,,
Q59817,Q45461503,,,,,,,,,,,,,,,,,,,,,,,,,,,,,,,,,,,,,,,,,,,,,
Q59820,Q45461752,,,,,,,,,,,,,,,,,,,,,,,,,,,,,,,,,,,,,,,,,,,,,
Q59823,Q45462384,,,,,,,,,,,,,,,,,,,,,,,,,,,,,,,,,,,,,,,,,,,,,
Q59826,Q45462446,,,,,,,,,,,,,,,,,,,,,,,,,,,,,,,,,,,,,,,,,,,,,
Q59829,Q45462575,,,,,,,,,,,,,,,,,,,,,,,,,,,,,,,,,,,,,,,,,,,,,
Q59832,Q45462657,,,,,,,,,,,,,,,,,,,,,,,,,,,,,,,,,,,,,,,,,,,,,
Q59835,Q45463096,,,,,,,,,,,,,,,,,,,,,,,,,,,,,,,,,,,,,,,,,,,,,
Q59838,Q45463346,,,,,,,,,,,,,,,,,,,,,,,,,,,,,,,,,,,,,,,,,,,,,
Q59841,Q45463408,,,,,,,,,,,,,,,,,,,,,,,,,,,,,,,,,,,,,,,,,,,,,
Q59844,Q45463534,,,,,,,,,,,,,,,,,,,,,,,,,,,,,,,,,,,,,,,,,,,,,
Q59847,Q45463723,,,,,,,,,,,,,,,,,,,,,,,,,,,,,,,,,,,,,,,,,,,,,
Q59850,Q45463974,,,,,,,,,,,,,,,,,,,,,,,,,,,,,,,,,,,,,,,,,,,,,
Q59853,Q45627180,,,,,,,,,,,,,,,,,,,,,,,,,,,,,,,,,,,,,,,,,,,,,
Q59856,Q65803506,,,,,,,,,,,,,,,,,,,,,,,,,,,,,,,,,,,,,,,,,,,,,
Q59859,Q45454887,,,,,,,,,,,,,,,,,,,,,,,,,,,,,,,,,,,,,,,,,,,,,
Q59862,Q45454952,,,,,,,,,,,,,,,,,,,,,,,,,,,,,,,,,,,,,,,,,,,,,
Q59865,Q45455079,,,,,,,,,,,,,,,,,,,,,,,,,,,,,,,,,,,,,,,,,,,,,
Q59868,Q45455206,,,,,,,,,,,,,,,,,,,,,,,,,,,,,,,,,,,,,,,,,,,,,
Q59871,Q45455269,,,,,,,,,,,,,,,,,,,,,,,,,,,,,,,,,,,,,,,,,,,,,
Q59874,Q45455333,,,,,,,,,,,,,,,,,,,,,,,,,,,,,,,,,,,,,,,,,,,,,
Q59877,Q45455395,,,,,,,,,,,,,,,,,,,,,,,,,,,,,,,,,,,,,,,,,,,,,
Q59880,Q45455461,,,,,,,,,,,,,,,,,,,,,,,,,,,,,,,,,,,,,,,,,,,,,
Q59883,Q45455523,,,,,,,,,,,,,,,,,,,,,,,,,,,,,,,,,,,,,,,,,,,,,
Q59886,Q45455648,,,,,,,,,,,,,,,,,,,,,,,,,,,,,,,,,,,,,,,,,,,,,
Q59889,Q45456027,,,,,,,,,,,,,,,,,,,,,,,,,,,,,,,,,,,,,,,,,,,,,
Q59892,Q45456151,,,,,,,,,,,,,,,,,,,,,,,,,,,,,,,,,,,,,,,,,,,,,
Q59895,Q45452652,,,,,,,,,,,,,,,,,,,,,,,,,,,,,,,,,,,,,,,,,,,,,
Q59898,Q45452845,,,,,,,,,,,,,,,,,,,,,,,,,,,,,,,,,,,,,,,,,,,,,
Q59901,Q45453098,,,,,,,,,,,,,,,,,,,,,,,,,,,,,,,,,,,,,,,,,,,,,
Q59904,Q45453161,,,,,,,,,,,,,,,,,,,,,,,,,,,,,,,,,,,,,,,,,,,,,
Q59907,Q45453349,,,,,,,,,,,,,,,,,,,,,,,,,,,,,,,,,,,,,,,,,,,,,
Q59910,Q45453603,,,,,,,,,,,,,,,,,,,,,,,,,,,,,,,,,,,,,,,,,,,,,
Q59913,Q45454437,,,,,,,,,,,,,,,,,,,,,,,,,,,,,,,,,,,,,,,,,,,,,
Q59916,Q45454505,,,,,,,,,,,,,,,,,,,,,,,,,,,,,,,,,,,,,,,,,,,,,
Q59919,Q45454634,,,,,,,,,,,,,,,,,,,,,,,,,,,,,,,,,,,,,,,,,,,,,
Q59922,Q45456594,,,,,,,,,,,,,,,,,,,,,,,,,,,,,,,,,,,,,,,,,,,,,
Q59925,Q45451775,,,,,,,,,,,,,,,,,,,,,,,,,,,,,,,,,,,,,,,,,,,,,
Q59928,Q45456974,,,,,,,,,,,,,,,,,,,,,,,,,,,,,,,,,,,,,,,,,,,,,
Q59931,Q45457230,,,,,,,,,,,,,,,,,,,,,,,,,,,,,,,,,,,,,,,,,,,,,
Q59934,Q45457802,,,,,,,,,,,,,,,,,,,,,,,,,,,,,,,,,,,,,,,,,,,,,
Q59937,Q45458497,,,,,,,,,,,,,,,,,,,,,,,,,,,,,,,,,,,,,,,,,,,,,
Q59940,Q45458751,,,,,,,,,,,,,,,,,,,,,,,,,,,,,,,,,,,,,,,,,,,,,
Q59943,Q45459132,,,,,,,,,,,,,,,,,,,,,,,,,,,,,,,,,,,,,,,,,,,,,
Q59946,Q45459449,,,,,,,,,,,,,,,,,,,,,,,,,,,,,,,,,,,,,,,,,,,,,
Q59949,Q45459709,,,,,,,,,,,,,,,,,,,,,,,,,,,,,,,,,,,,,,,,,,,,,
Q59952,Q45459894,,,,,,,,,,,,,,,,,,,,,,,,,,,,,,,,,,,,,,,,,,,,,
Q59955,Q45460210,,,,,,,,,,,,,,,,,,,,,,,,,,,,,,,,,,,,,,,,,,,,,
Q59958,Q45460336,,,,,,,,,,,,,,,,,,,,,,,,,,,,,,,,,,,,,,,,,,,,,
Q59961,Q45460399,,,,,,,,,,,,,,,,,,,,,,,,,,,,,,,,,,,,,,,,,,,,,
Q59964,Q45460524,,,,,,,,,,,,,,,,,,,,,,,,,,,,,,,,,,,,,,,,,,,,,
Q59967,Q45460587,,,,,,,,,,,,,,,,,,,,,,,,,,,,,,,,,,,,,,,,,,,,,
Q59970,Q45465161,,,,,,,,,,,,,,,,,,,,,,,,,,,,,,,,,,,,,,,,,,,,,
Q59973,Q45465225,,,,,,,,,,,,,,,,,,,,,,,,,,,,,,,,,,,,,,,,,,,,,
Q59976,Q45465286,,,,,,,,,,,,,,,,,,,,,,,,,,,,,,,,,,,,,,,,,,,,,
Q59980,Q45465610,,,,,,,,,,,,,,,,,,,,,,,,,,,,,,,,,,,,,,,,,,,,,
Q59983,Q45465800,,,,,,,,,,,,,,,,,,,,,,,,,,,,,,,,,,,,,,,,,,,,,
Q59986,Q45465923,,,,,,,,,,,,,,,,,,,,,,,,,,,,,,,,,,,,,,,,,,,,,
Q59989,Q45466239,,,,,,,,,,,,,,,,,,,,,,,,,,,,,,,,,,,,,,,,,,,,,
Q59992,Q45466365,,,,,,,,,,,,,,,,,,,,,,,,,,,,,,,,,,,,,,,,,,,,,
Q59995,Q45466740,,,,,,,,,,,,,,,,,,,,,,,,,,,,,,,,,,,,,,,,,,,,,
Q59998,Q45466803,,,,,,,,,,,,,,,,,,,,,,,,,,,,,,,,,,,,,,,,,,,,,
Q60001,Q45467059,,,,,,,,,,,,,,,,,,,,,,,,,,,,,,,,,,,,,,,,,,,,,
Q60004,Q45467315,,,,,,,,,,,,,,,,,,,,,,,,,,,,,,,,,,,,,,,,,,,,,
Q60007,Q45467891,,,,,,,,,,,,,,,,,,,,,,,,,,,,,,,,,,,,,,,,,,,,,
Q60010,Q26209004,,,,,,,,,,,,,,,,,,,,,,,,,,,,,,,,,,,,,,,,,,,,,
Q60013,Q45503737,,,,,,,,,,,,,,,,,,,,,,,,,,,,,,,,,,,,,,,,,,,,,
Q60016,Q45507482,,,,,,,,,,,,,,,,,,,,,,,,,,,,,,,,,,,,,,,,,,,,,
Q60019,Q45497705,,,,,,,,,,,,,,,,,,,,,,,,,,,,,,,,,,,,,,,,,,,,,
Q60022,Q45422210,,,,,,,,,,,,,,,,,,,,,,,,,,,,,,,,,,,,,,,,,,,,,
Q60025,Q45441548,,,,,,,,,,,,,,,,,,,,,,,,,,,,,,,,,,,,,,,,,,,,,
Q60028,Q45502705,,,,,,,,,,,,,,,,,,,,,,,,,,,,,,,,,,,,,,,,,,,,,
Q60031,Q45502900,,,,,,,,,,,,,,,,,,,,,,,,,,,,,,,,,,,,,,,,,,,,,
Q60034,Q45503414,,,,,,,,,,,,,,,,,,,,,,,,,,,,,,,,,,,,,,,,,,,,,
Q60037,Q24841346,,,,,,,,,,,,,,,,,,,,,,,,,,,,,,,,,,,,,,,,,,,,,
Q60040,Q45509574,,,,,,,,,,,,,,,,,,,,,,,,,,,,,,,,,,,,,,,,,,,,,
Q60043,Q45509702,,,,,,,,,,,,,,,,,,,,,,,,,,,,,,,,,,,,,,,,,,,,,
Q60046,Q45511224,,,,,,,,,,,,,,,,,,,,,,,,,,,,,,,,,,,,,,,,,,,,,
Q60049,Q15914389,,,,,,,,,,,,,,,,,,,,,,,,,,,,,,,,,,,,,,,,,,,,,
Q60052,Q8257685,,,,,,,,,,,,,,,,,,,,,,,,,,,,,,,,,,,,,,,,,,,,,
Q60055,Q16603434,,,,,,,,,,,,,,,,,,,,,,,,,,,,,,,,,,,,,,,,,,,,,
Q60058,Q16603608,,,,,,,,,,,,,,,,,,,,,,,,,,,,,,,,,,,,,,,,,,,,,
Q60061,Q10827258,,,,,,,,,,,,,,,,,,,,,,,,,,,,,,,,,,,,,,,,,,,,,
Q60064,Q11622054,,,,,,,,,,,,,,,,,,,,,,,,,,,,,,,,,,,,,,,,,,,,,
Q60067,Q11622019,,,,,,,,,,,,,,,,,,,,,,,,,,,,,,,,,,,,,,,,,,,,,
Q60070,Q11622072,,,,,,,,,,,,,,,,,,,,,,,,,,,,,,,,,,,,,,,,,,,,,
Q60073,Q15905298,,,,,,,,,,,,,,,,,,,,,,,,,,,,,,,,,,,,,,,,,,,,,
Q60076,Q8044231,,,,,,,,,,,,,,,,,,,,,,,,,,,,,,,,,,,,,,,,,,,,,
Q60079,Q15934500,,,,,,,,,,,,,,,,,,,,,,,,,,,,,,,,,,,,,,,,,,,,,
Q60082,Q11622083,,,,,,,,,,,,,,,,,,,,,,,,,,,,,,,,,,,,,,,,,,,,,
Q60085,Q10513902,,,,,,,,,,,,,,,,,,,,,,,,,,,,,,,,,,,,,,,,,,,,,
Q60088,Q8257768,,,,,,,,,,,,,,,,,,,,,,,,,,,,,,,,,,,,,,,,,,,,,
Q60091,Q8253918,,,,,,,,,,,,,,,,,,,,,,,,,,,,,,,,,,,,,,,,,,,,,
Q60094,Q8253942,,,,,,,,,,,,,,,,,,,,,,,,,,,,,,,,,,,,,,,,,,,,,
Q60097,Q8253938,,,,,,,,,,,,,,,,,,,,,,,,,,,,,,,,,,,,,,,,,,,,,
Q60100,Q11547106,,,,,,,,,,,,,,,,,,,,,,,,,,,,,,,,,,,,,,,,,,,,,
Q60103,Q8257718,,,,,,,,,,,,,,,,,,,,,,,,,,,,,,,,,,,,,,,,,,,,,
Q60106,Q16075435,,,,,,,,,,,,,,,,,,,,,,,,,,,,,,,,,,,,,,,,,,,,,
Q60109,Q11622031,,,,,,,,,,,,,,,,,,,,,,,,,,,,,,,,,,,,,,,,,,,,,
Q60112,Q19359945,,,,,,,,,,,,,,,,,,,,,,,,,,,,,,,,,,,,,,,,,,,,,
Q60115,Q11622030,,,,,,,,,,,,,,,,,,,,,,,,,,,,,,,,,,,,,,,,,,,,,
Q60118,Q16075278,,,,,,,,,,,,,,,,,,,,,,,,,,,,,,,,,,,,,,,,,,,,,
Q60121,Q15938525,,,,,,,,,,,,,,,,,,,,,,,,,,,,,,,,,,,,,,,,,,,,,
Q60124,Q15942497,,,,,,,,,,,,,,,,,,,,,,,,,,,,,,,,,,,,,,,,,,,,,
Q60127,Q19359947,,,,,,,,,,,,,,,,,,,,,,,,,,,,,,,,,,,,,,,,,,,,,
Q60130,Q19359950,,,,,,,,,,,,,,,,,,,,,,,,,,,,,,,,,,,,,,,,,,,,,
Q60133,Q16075453,,,,,,,,,,,,,,,,,,,,,,,,,,,,,,,,,,,,,,,,,,,,,
Q60136,Q15950795,,,,,,,,,,,,,,,,,,,,,,,,,,,,,,,,,,,,,,,,,,,,,
Q60139,Q19359941,,,,,,,,,,,,,,,,,,,,,,,,,,,,,,,,,,,,,,,,,,,,,
Q60142,Q19359949,,,,,,,,,,,,,,,,,,,,,,,,,,,,,,,,,,,,,,,,,,,,,
Q60145,Q15936940,,,,,,,,,,,,,,,,,,,,,,,,,,,,,,,,,,,,,,,,,,,,,
Q60148,Q19359942,,,,,,,,,,,,,,,,,,,,,,,,,,,,,,,,,,,,,,,,,,,,,
Q60151,Q16075398,,,,,,,,,,,,,,,,,,,,,,,,,,,,,,,,,,,,,,,,,,,,,
Q60154,Q1080118,,,,,,,,,,,,,,,,,,,,,,,,,,,,,,,,,,,,,,,,,,,,,
Q60157,Q16603340,,,,,,,,,,,,,,,,,,,,,,,,,,,,,,,,,,,,,,,,,,,,,
Q60160,Q16603610,,,,,,,,,,,,,,,,,,,,,,,,,,,,,,,,,,,,,,,,,,,,,
Q60163,Q16603493,,,,,,,,,,,,,,,,,,,,,,,,,,,,,,,,,,,,,,,,,,,,,
Q60166,Q16603734,,,,,,,,,,,,,,,,,,,,,,,,,,,,,,,,,,,,,,,,,,,,,
Q60169,Q16603479,,,,,,,,,,,,,,,,,,,,,,,,,,,,,,,,,,,,,,,,,,,,,
Q60172,Q16603380,,,,,,,,,,,,,,,,,,,,,,,,,,,,,,,,,,,,,,,,,,,,,
Q60175,Q5374494,,,,,,,,,,,,,,,,,,,,,,,,,,,,,,,,,,,,,,,,,,,,,
Q60178,Q843595,,,,,,,,,,,,,,,,,,,,,,,,,,,,,,,,,,,,,,,,,,,,,
Q60181,Q45463179,,,,,,,,,,,,,,,,,,,,,,,,,,,,,,,,,,,,,,,,,,,,,
Q60184,Q1059979,,,,,,,,,,,,,,,,,,,,,,,,,,,,,,,,,,,,,,,,,,,,,
Q60187,Q15924467,,,,,,,,,,,,,,,,,,,,,,,,,,,,,,,,,,,,,,,,,,,,,
Q60190,Q16075279,,,,,,,,,,,,,,,,,,,,,,,,,,,,,,,,,,,,,,,,,,,,,
Q60193,Q11622086,,,,,,,,,,,,,,,,,,,,,,,,,,,,,,,,,,,,,,,,,,,,,
Q60196,Q16075339,,,,,,,,,,,,,,,,,,,,,,,,,,,,,,,,,,,,,,,,,,,,,
Q60199,Q16603609,,,,,,,,,,,,,,,,,,,,,,,,,,,,,,,,,,,,,,,,,,,,,
Q60202,Q8257738,,,,,,,,,,,,,,,,,,,,,,,,,,,,,,,,,,,,,,,,,,,,,
Q60205,Q16603324,,,,,,,,,,,,,,,,,,,,,,,,,,,,,,,,,,,,,,,,,,,,,
Q60208,Q95114843,,,,,,,,,,,,,,,,,,,,,,,,,,,,,,,,,,,,,,,,,,,,,
Q60211,Q95115262,,,,,,,,,,,,,,,,,,,,,,,,,,,,,,,,,,,,,,,,,,,,,
Q60214,Q16076960,,,,,,,,,,,,,,,,,,,,,,,,,,,,,,,,,,,,,,,,,,,,,
Q60217,Q15931307,,,,,,,,,,,,,,,,,,,,,,,,,,,,,,,,,,,,,,,,,,,,,
Q60220,Q16260798,,,,,,,,,,,,,,,,,,,,,,,,,,,,,,,,,,,,,,,,,,,,,
Q60223,Q15933988,,,,,,,,,,,,,,,,,,,,,,,,,,,,,,,,,,,,,,,,,,,,,
Q60226,Q16603376,,,,,,,,,,,,,,,,,,,,,,,,,,,,,,,,,,,,,,,,,,,,,
Q60229,Q65061361,,,,,,,,,,,,,,,,,,,,,,,,,,,,,,,,,,,,,,,,,,,,,
Q60232,Q11643903,,,,,,,,,,,,,,,,,,,,,,,,,,,,,,,,,,,,,,,,,,,,,
Q60235,Q20689146,,,,,,,,,,,,,,,,,,,,,,,,,,,,,,,,,,,,,,,,,,,,,
Q60238,Q45454042,,,,,,,,,,,,,,,,,,,,,,,,,,,,,,,,,,,,,,,,,,,,,
Q60241,Q45422283,,,,,,,,,,,,,,,,,,,,,,,,,,,,,,,,,,,,,,,,,,,,,
Q60244,Q45541822,,,,,,,,,,,,,,,,,,,,,,,,,,,,,,,,,,,,,,,,,,,,,
Q60247,Q45651451,,,,,,,,,,,,,,,,,,,,,,,,,,,,,,,,,,,,,,,,,,,,,
Q60250,Q11522548,,,,,,,,,,,,,,,,,,,,,,,,,,,,,,,,,,,,,,,,,,,,,
Q60253,Q45652815,,,,,,,,,,,,,,,,,,,,,,,,,,,,,,,,,,,,,,,,,,,,,
Q60256,Q16905365,,,,,,,,,,,,,,,,,,,,,,,,,,,,,,,,,,,,,,,,,,,,,
Q60259,Q22814273,,,,,,,,,,,,,,,,,,,,,,,,,,,,,,,,,,,,,,,,,,,,,
Q60262,Q45650974,,,,,,,,,,,,,,,,,,,,,,,,,,,,,,,,,,,,,,,,,,,,,
Q60265,Q45652574,,,,,,,,,,,,,,,,,,,,,,,,,,,,,,,,,,,,,,,,,,,,,
Q60268,Q5374491,,,,,,,,,,,,,,,,,,,,,,,,,,,,,,,,,,,,,,,,,,,,,
Q60271,Q1059882,,,,,,,,,,,,,,,,,,,,,,,,,,,,,,,,,,,,,,,,,,,,,
Q60274,Q45448005,,,,,,,,,,,,,,,,,,,,,,,,,,,,,,,,,,,,,,,,,,,,,
Q60277,Q837577,,,,,,,,,,,,,,,,,,,,,,,,,,,,,,,,,,,,,,,,,,,,,
Q60280,Q65804598,,,,,,,,,,,,,,,,,,,,,,,,,,,,,,,,,,,,,,,,,,,,,
Q60283,Q45630134,,,,,,,,,,,,,,,,,,,,,,,,,,,,,,,,,,,,,,,,,,,,,
Q60286,Q45565347,,,,,,,,,,,,,,,,,,,,,,,,,,,,,,,,,,,,,,,,,,,,,
Q60289,Q45486600,,,,,,,,,,,,,,,,,,,,,,,,,,,,,,,,,,,,,,,,,,,,,
Q60292,Q45486729,,,,,,,,,,,,,,,,,,,,,,,,,,,,,,,,,,,,,,,,,,,,,
Q60295,Q45492341,,,,,,,,,,,,,,,,,,,,,,,,,,,,,,,,,,,,,,,,,,,,,
Q60298,Q45555654,,,,,,,,,,,,,,,,,,,,,,,,,,,,,,,,,,,,,,,,,,,,,
Q60301,Q45490723,,,,,,,,,,,,,,,,,,,,,,,,,,,,,,,,,,,,,,,,,,,,,
Q60304,Q45492974,,,,,,,,,,,,,,,,,,,,,,,,,,,,,,,,,,,,,,,,,,,,,
Q60307,Q45451524,,,,,,,,,,,,,,,,,,,,,,,,,,,,,,,,,,,,,,,,,,,,,
Q60310,Q45451652,,,,,,,,,,,,,,,,,,,,,,,,,,,,,,,,,,,,,,,,,,,,,
Q60313,Q45448692,,,,,,,,,,,,,,,,,,,,,,,,,,,,,,,,,,,,,,,,,,,,,
Q60316,Q45448755,,,,,,,,,,,,,,,,,,,,,,,,,,,,,,,,,,,,,,,,,,,,,
Q60319,Q26197743,,,,,,,,,,,,,,,,,,,,,,,,,,,,,,,,,,,,,,,,,,,,,
Q60322,Q45685570,,,,,,,,,,,,,,,,,,,,,,,,,,,,,,,,,,,,,,,,,,,,,
Q60325,Q48889555,,,,,,,,,,,,,,,,,,,,,,,,,,,,,,,,,,,,,,,,,,,,,
Q60328,Q45448943,,,,,,,,,,,,,,,,,,,,,,,,,,,,,,,,,,,,,,,,,,,,,
Q60331,Q45449130,,,,,,,,,,,,,,,,,,,,,,,,,,,,,,,,,,,,,,,,,,,,,
Q60334,Q45449256,,,,,,,,,,,,,,,,,,,,,,,,,,,,,,,,,,,,,,,,,,,,,
Q60337,Q10350431,,,,,,,,,,,,,,,,,,,,,,,,,,,,,,,,,,,,,,,,,,,,,
Q60340,Q706569,,,,,,,,,,,,,,,,,,,,,,,,,,,,,,,,,,,,,,,,,,,,,
Q60343,Q14921949,,,,,,,,,,,,,,,,,,,,,,,,,,,,,,,,,,,,,,,,,,,,,
Q60346,Q22813426,,,,,,,,,,,,,,,,,,,,,,,,,,,,,,,,,,,,,,,,,,,,,
Q60349,Q712190,,,,,,,,,,,,,,,,,,,,,,,,,,,,,,,,,,,,,,,,,,,,,
Q60352,Q8257697,,,,,,,,,,,,,,,,,,,,,,,,,,,,,,,,,,,,,,,,,,,,,
Q60355,Q703142,,,,,,,,,,,,,,,,,,,,,,,,,,,,,,,,,,,,,,,,,,,,,
Q60358,Q10565375,,,,,,,,,,,,,,,,,,,,,,,,,,,,,,,,,,,,,,,,,,,,,
Q60361,Q45449140,,,,,,,,,,,,,,,,,,,,,,,,,,,,,,,,,,,,,,,,,,,,,
Q60364,Q45483715,,,,,,,,,,,,,,,,,,,,,,,,,,,,,,,,,,,,,,,,,,,,,
Q60367,Q45483780,,,,,,,,,,,,,,,,,,,,,,,,,,,,,,,,,,,,,,,,,,,,,
Q60370,Q45483459,,,,,,,,,,,,,,,,,,,,,,,,,,,,,,,,,,,,,,,,,,,,,
Q60373,Q45483523,,,,,,,,,,,,,,,,,,,,,,,,,,,,,,,,,,,,,,,,,,,,,
Q60376,Q45654077,,,,,,,,,,,,,,,,,,,,,,,,,,,,,,,,,,,,,,,,,,,,,
Q60379,Q45397959,,,,,,,,,,,,,,,,,,,,,,,,,,,,,,,,,,,,,,,,,,,,,
Q60382,Q45483331,,,,,,,,,,,,,,,,,,,,,,,,,,,,,,,,,,,,,,,,,,,,,
Q60385,Q30943130,,,,,,,,,,,,,,,,,,,,,,,,,,,,,,,,,,,,,,,,,,,,,
Q60388,Q45483015,,,,,,,,,,,,,,,,,,,,,,,,,,,,,,,,,,,,,,,,,,,,,
Q60391,Q45483078,,,,,,,,,,,,,,,,,,,,,,,,,,,,,,,,,,,,,,,,,,,,,
Q60394,Q28414507,,,,,,,,,,,,,,,,,,,,,,,,,,,,,,,,,,,,,,,,,,,,,
Q60397,Q11396952,,,,,,,,,,,,,,,,,,,,,,,,,,,,,,,,,,,,,,,,,,,,,
Q60400,Q45603272,,,,,,,,,,,,,,,,,,,,,,,,,,,,,,,,,,,,,,,,,,,,,
Q60403,Q45484354,,,,,,,,,,,,,,,,,,,,,,,,,,,,,,,,,,,,,,,,,,,,,
Q60406,Q45609513,,,,,,,,,,,,,,,,,,,,,,,,,,,,,,,,,,,,,,,,,,,,,
Q60409,Q45486588,,,,,,,,,,,,,,,,,,,,,,,,,,,,,,,,,,,,,,,,,,,,,
Q60412,Q45486973,,,,,,,,,,,,,,,,,,,,,,,,,,,,,,,,,,,,,,,,,,,,,
Q60415,Q45484995,,,,,,,,,,,,,,,,,,,,,,,,,,,,,,,,,,,,,,,,,,,,,
Q60418,Q45486336,,,,,,,,,,,,,,,,,,,,,,,,,,,,,,,,,,,,,,,,,,,,,
Q60421,Q45422189,,,,,,,,,,,,,,,,,,,,,,,,,,,,,,,,,,,,,,,,,,,,,
Q60424,Q45437515,,,,,,,,,,,,,,,,,,,,,,,,,,,,,,,,,,,,,,,,,,,,,
Q60427,Q45443311,,,,,,,,,,,,,,,,,,,,,,,,,,,,,,,,,,,,,,,,,,,,,
Q60430,Q45562626,,,,,,,,,,,,,,,,,,,,,,,,,,,,,,,,,,,,,,,,,,,,,
Q60433,Q45443689,,,,,,,,,,,,,,,,,,,,,,,,,,,,,,,,,,,,,,,,,,,,,
Q60436,Q16904385,,,,,,,,,,,,,,,,,,,,,,,,,,,,,,,,,,,,,,,,,,,,,
Q60439,Q45527855,,,,,,,,,,,,,,,,,,,,,,,,,,,,,,,,,,,,,,,,,,,,,
Q60442,Q45528546,,,,,,,,,,,,,,,,,,,,,,,,,,,,,,,,,,,,,,,,,,,,,
Q60445,Q45528608,,,,,,,,,,,,,,,,,,,,,,,,,,,,,,,,,,,,,,,,,,,,,
Q60448,Q11622243,,,,,,,,,,,,,,,,,,,,,,,,,,,,,,,,,,,,,,,,,,,,,
Q60451,Q45422634,,,,,,,,,,,,,,,,,,,,,,,,,,,,,,,,,,,,,,,,,,,,,
Q60454,Q45651496,,,,,,,,,,,,,,,,,,,,,,,,,,,,,,,,,,,,,,,,,,,,,
Q60457,Q133503468,,,,,,,,,,,,,,,,,,,,,,,,,,,,,,,,,,,,,,,,,,,,,
Q60460,Q45422673,,,,,,,,,,,,,,,,,,,,,,,,,,,,,,,,,,,,,,,,,,,,,
Q60463,Q11622254,,,,,,,,,,,,,,,,,,,,,,,,,,,,,,,,,,,,,,,,,,,,,
Q60466,Q45422627,,,,,,,,,,,,,,,,,,,,,,,,,,,,,,,,,,,,,,,,,,,,,
Q60469,Q45637593,,,,,,,,,,,,,,,,,,,,,,,,,,,,,,,,,,,,,,,,,,,,,
Q60472,Q45638646,,,,,,,,,,,,,,,,,,,,,,,,,,,,,,,,,,,,,,,,,,,,,
Q60475,Q45639879,,,,,,,,,,,,,,,,,,,,,,,,,,,,,,,,,,,,,,,,,,,,,
Q60478,Q45640064,,,,,,,,,,,,,,,,,,,,,,,,,,,,,,,,,,,,,,,,,,,,,
Q60481,Q45640402,,,,,,,,,,,,,,,,,,,,,,,,,,,,,,,,,,,,,,,,,,,,,
Q60484,Q45641395,,,,,,,,,,,,,,,,,,,,,,,,,,,,,,,,,,,,,,,,,,,,,
Q60487,Q45626373,,,,,,,,,,,,,,,,,,,,,,,,,,,,,,,,,,,,,,,,,,,,,
Q60490,Q45626498,,,,,,,,,,,,,,,,,,,,,,,,,,,,,,,,,,,,,,,,,,,,,
Q60493,Q45627190,,,,,,,,,,,,,,,,,,,,,,,,,,,,,,,,,,,,,,,,,,,,,
Q60496,Q45627252,,,,,,,,,,,,,,,,,,,,,,,,,,,,,,,,,,,,,,,,,,,,,
Q60499,Q45406238,,,,,,,,,,,,,,,,,,,,,,,,,,,,,,,,,,,,,,,,,,,,,
Q60502,Q45635984,,,,,,,,,,,,,,,,,,,,,,,,,,,,,,,,,,,,,,,,,,,,,
Q60505,Q45632785,,,,,,,,,,,,,,,,,,,,,,,,,,,,,,,,,,,,,,,,,,,,,
Q60508,Q45632972,,,,,,,,,,,,,,,,,,,,,,,,,,,,,,,,,,,,,,,,,,,,,
Q60511,Q45633159,,,,,,,,,,,,,,,,,,,,,,,,,,,,,,,,,,,,,,,,,,,,,
Q60514,Q45633285,,,,,,,,,,,,,,,,,,,,,,,,,,,,,,,,,,,,,,,,,,,,,
Q60517,Q45633476,,,,,,,,,,,,,,,,,,,,,,,,,,,,,,,,,,,,,,,,,,,,,
Q60520,Q45634237,,,,,,,,,,,,,,,,,,,,,,,,,,,,,,,,,,,,,,,,,,,,,
Q60523,Q45634492,,,,,,,,,,,,,,,,,,,,,,,,,,,,,,,,,,,,,,,,,,,,,
Q60526,Q45632534,,,,,,,,,,,,,,,,,,,,,,,,,,,,,,,,,,,,,,,,,,,,,
Q60529,Q45630280,,,,,,,,,,,,,,,,,,,,,,,,,,,,,,,,,,,,,,,,,,,,,
Q60532,Q45630781,,,,,,,,,,,,,,,,,,,,,,,,,,,,,,,,,,,,,,,,,,,,,
Q60535,Q45631032,,,,,,,,,,,,,,,,,,,,,,,,,,,,,,,,,,,,,,,,,,,,,
Q60538,Q45631846,,,,,,,,,,,,,,,,,,,,,,,,,,,,,,,,,,,,,,,,,,,,,
Q60541,Q45630344,,,,,,,,,,,,,,,,,,,,,,,,,,,,,,,,,,,,,,,,,,,,,
Q60544,Q45630406,,,,,,,,,,,,,,,,,,,,,,,,,,,,,,,,,,,,,,,,,,,,,
Q60547,Q45629202,,,,,,,,,,,,,,,,,,,,,,,,,,,,,,,,,,,,,,,,,,,,,
Q60550,Q45629267,,,,,,,,,,,,,,,,,,,,,,,,,,,,,,,,,,,,,,,,,,,,,
Q60553,Q45629391,,,,,,,,,,,,,,,,,,,,,,,,,,,,,,,,,,,,,,,,,,,,,
Q60556,Q45629455,,,,,,,,,,,,,,,,,,,,,,,,,,,,,,,,,,,,,,,,,,,,,
Q60559,Q45629645,,,,,,,,,,,,,,,,,,,,,,,,,,,,,,,,,,,,,,,,,,,,,
Q60562,Q45422247,,,,,,,,,,,,,,,,,,,,,,,,,,,,,,,,,,,,,,,,,,,,,
Q60565,Q45422250,,,,,,,,,,,,,,,,,,,,,,,,,,,,,,,,,,,,,,,,,,,,,
Q60568,Q45422253,,,,,,,,,,,,,,,,,,,,,,,,,,,,,,,,,,,,,,,,,,,,,
Q60571,Q22814048,,,,,,,,,,,,,,,,,,,,,,,,,,,,,,,,,,,,,,,,,,,,,
Q60574,Q48890488,,,,,,,,,,,,,,,,,,,,,,,,,,,,,,,,,,,,,,,,,,,,,
Q60577,Q45528924,,,,,,,,,,,,,,,,,,,,,,,,,,,,,,,,,,,,,,,,,,,,,
Q60580,Q45419036,,,,,,,,,,,,,,,,,,,,,,,,,,,,,,,,,,,,,,,,,,,,,
Q60583,Q45419038,,,,,,,,,,,,,,,,,,,,,,,,,,,,,,,,,,,,,,,,,,,,,
Q60586,Q45528990,,,,,,,,,,,,,,,,,,,,,,,,,,,,,,,,,,,,,,,,,,,,,
Q60589,Q45529053,,,,,,,,,,,,,,,,,,,,,,,,,,,,,,,,,,,,,,,,,,,,,
Q60592,Q45529498,,,,,,,,,,,,,,,,,,,,,,,,,,,,,,,,,,,,,,,,,,,,,
Q60595,Q45530583,,,,,,,,,,,,,,,,,,,,,,,,,,,,,,,,,,,,,,,,,,,,,
Q60598,Q11671865,,,,,,,,,,,,,,,,,,,,,,,,,,,,,,,,,,,,,,,,,,,,,
Q60601,Q26184280,,,,,,,,,,,,,,,,,,,,,,,,,,,,,,,,,,,,,,,,,,,,,
Q60604,Q61723639,,,,,,,,,,,,,,,,,,,,,,,,,,,,,,,,,,,,,,,,,,,,,
Q60607,Q61723627,,,,,,,,,,,,,,,,,,,,,,,,,,,,,,,,,,,,,,,,,,,,,
Q60610,Q8257295,,,,,,,,,,,,,,,,,,,,,,,,,,,,,,,,,,,,,,,,,,,,,
Q60613,Q30945064,,,,,,,,,,,,,,,,,,,,,,,,,,,,,,,,,,,,,,,,,,,,,
Q60616,Q45514150,,,,,,,,,,,,,,,,,,,,,,,,,,,,,,,,,,,,,,,,,,,,,
Q60619,Q30948295,,,,,,,,,,,,,,,,,,,,,,,,,,,,,,,,,,,,,,,,,,,,,
Q60622,Q65803935,,,,,,,,,,,,,,,,,,,,,,,,,,,,,,,,,,,,,,,,,,,,,
Q60625,Q61725240,,,,,,,,,,,,,,,,,,,,,,,,,,,,,,,,,,,,,,,,,,,,,
Q60628,Q45418912,,,,,,,,,,,,,,,,,,,,,,,,,,,,,,,,,,,,,,,,,,,,,
Q60631,Q26208800,,,,,,,,,,,,,,,,,,,,,,,,,,,,,,,,,,,,,,,,,,,,,
Q60634,Q45481967,,,,,,,,,,,,,,,,,,,,,,,,,,,,,,,,,,,,,,,,,,,,,
Q60637,Q45659766,,,,,,,,,,,,,,,,,,,,,,,,,,,,,,,,,,,,,,,,,,,,,
Q60640,Q45664531,,,,,,,,,,,,,,,,,,,,,,,,,,,,,,,,,,,,,,,,,,,,,
Q60643,Q45664641,,,,,,,,,,,,,,,,,,,,,,,,,,,,,,,,,,,,,,,,,,,,,
Q60646,Q11118369,,,,,,,,,,,,,,,,,,,,,,,,,,,,,,,,,,,,,,,,,,,,,
Q60649,Q76011085,,,,,,,,,,,,,,,,,,,,,,,,,,,,,,,,,,,,,,,,,,,,,
Q60652,Q28415536,,,,,,,,,,,,,,,,,,,,,,,,,,,,,,,,,,,,,,,,,,,,,
Q60655,Q45666801,,,,,,,,,,,,,,,,,,,,,,,,,,,,,,,,,,,,,,,,,,,,,
Q60658,Q45666962,,,,,,,,,,,,,,,,,,,,,,,,,,,,,,,,,,,,,,,,,,,,,
Q60661,Q45498246,,,,,,,,,,,,,,,,,,,,,,,,,,,,,,,,,,,,,,,,,,,,,
Q60664,Q45667120,,,,,,,,,,,,,,,,,,,,,,,,,,,,,,,,,,,,,,,,,,,,,
Q60667,Q15955494,,,,,,,,,,,,,,,,,,,,,,,,,,,,,,,,,,,,,,,,,,,,,
Q60670,Q45418993,,,,,,,,,,,,,,,,,,,,,,,,,,,,,,,,,,,,,,,,,,,,,
Q60673,Q45418994,,,,,,,,,,,,,,,,,,,,,,,,,,,,,,,,,,,,,,,,,,,,,
Q60676,Q18908909,,,,,,,,,,,,,,,,,,,,,,,,,,,,,,,,,,,,,,,,,,,,,
Q60679,Q45518712,,,,,,,,,,,,,,,,,,,,,,,,,,,,,,,,,,,,,,,,,,,,,
Q60682,Q45637508,,,,,,,,,,,,,,,,,,,,,,,,,,,,,,,,,,,,,,,,,,,,,
Q60685,Q45668145,,,,,,,,,,,,,,,,,,,,,,,,,,,,,,,,,,,,,,,,,,,,,
Q60688,Q45668197,,,,,,,,,,,,,,,,,,,,,,,,,,,,,,,,,,,,,,,,,,,,,
Q60691,Q45668296,,,,,,,,,,,,,,,,,,,,,,,,,,,,,,,,,,,,,,,,,,,,,
Q60694,Q45668397,,,,,,,,,,,,,,,,,,,,,,,,,,,,,,,,,,,,,,,,,,,,,
Q60697,Q45668497,,,,,,,,,,,,,,,,,,,,,,,,,,,,,,,,,,,,,,,,,,,,,
Q60700,Q45508075,,,,,,,,,,,,,,,,,,,,,,,,,,,,,,,,,,,,,,,,,,,,,
Q60703,Q18908858,,,,,,,,,,,,,,,,,,,,,,,,,,,,,,,,,,,,,,,,,,,,,
Q60706,Q45419000,,,,,,,,,,,,,,,,,,,,,,,,,,,,,,,,,,,,,,,,,,,,,
Q60709,Q45667825,,,,,,,,,,,,,,,,,,,,,,,,,,,,,,,,,,,,,,,,,,,,,
Q60712,Q45670557,,,,,,,,,,,,,,,,,,,,,,,,,,,,,,,,,,,,,,,,,,,,,
Q60715,Q45670628,,,,,,,,,,,,,,,,,,,,,,,,,,,,,,,,,,,,,,,,,,,,,
Q60718,Q45582030,,,,,,,,,,,,,,,,,,,,,,,,,,,,,,,,,,,,,,,,,,,,,
Q60721,Q45669715,,,,,,,,,,,,,,,,,,,,,,,,,,,,,,,,,,,,,,,,,,,,,
Q60724,Q45539533,,,,,,,,,,,,,,,,,,,,,,,,,,,,,,,,,,,,,,,,,,,,,
Q60727,Q45539598,,,,,,,,,,,,,,,,,,,,,,,,,,,,,,,,,,,,,,,,,,,,,
Q60730,Q45539663,,,,,,,,,,,,,,,,,,,,,,,,,,,,,,,,,,,,,,,,,,,,,
Q60733,Q45539728,,,,,,,,,,,,,,,,,,,,,,,,,,,,,,,,,,,,,,,,,,,,,
Q60736,Q45667224,,,,,,,,,,,,,,,,,,,,,,,,,,,,,,,,,,,,,,,,,,,,,
Q60739,Q45472061,,,,,,,,,,,,,,,,,,,,,,,,,,,,,,,,,,,,,,,,,,,,,
Q60742,Q45667331,,,,,,,,,,,,,,,,,,,,,,,,,,,,,,,,,,,,,,,,,,,,,
Q60745,Q45667383,,,,,,,,,,,,,,,,,,,,,,,,,,,,,,,,,,,,,,,,,,,,,
Q60748,Q45667433,,,,,,,,,,,,,,,,,,,,,,,,,,,,,,,,,,,,,,,,,,,,,
Q60751,Q45667484,,,,,,,,,,,,,,,,,,,,,,,,,,,,,,,,,,,,,,,,,,,,,
Q60754,Q45667586,,,,,,,,,,,,,,,,,,,,,,,,,,,,,,,,,,,,,,,,,,,,,
Q60757,Q45667790,,,,,,,,,,,,,,,,,,,,,,,,,,,,,,,,,,,,,,,,,,,,,
Q60760,Q45666002,,,,,,,,,,,,,,,,,,,,,,,,,,,,,,,,,,,,,,,,,,,,,
Q60763,Q45670894,,,,,,,,,,,,,,,,,,,,,,,,,,,,,,,,,,,,,,,,,,,,,
Q60766,Q45419208,,,,,,,,,,,,,,,,,,,,,,,,,,,,,,,,,,,,,,,,,,,,,
Q60769,Q19825346,,,,,,,,,,,,,,,,,,,,,,,,,,,,,,,,,,,,,,,,,,,,,
Q60772,Q45496140,,,,,,,,,,,,,,,,,,,,,,,,,,,,,,,,,,,,,,,,,,,,,
Q60775,Q45498072,,,,,,,,,,,,,,,,,,,,,,,,,,,,,,,,,,,,,,,,,,,,,
Q60778,Q45498136,,,,,,,,,,,,,,,,,,,,,,,,,,,,,,,,,,,,,,,,,,,,,
Q60781,Q45419287,,,,,,,,,,,,,,,,,,,,,,,,,,,,,,,,,,,,,,,,,,,,,
Q60784,Q65805102,,,,,,,,,,,,,,,,,,,,,,,,,,,,,,,,,,,,,,,,,,,,,
Q60787,Q45523955,,,,,,,,,,,,,,,,,,,,,,,,,,,,,,,,,,,,,,,,,,,,,
Q60790,Q45524018,,,,,,,,,,,,,,,,,,,,,,,,,,,,,,,,,,,,,,,,,,,,,
Q60793,Q45524078,,,,,,,,,,,,,,,,,,,,,,,,,,,,,,,,,,,,,,,,,,,,,
Q60796,Q45524141,,,,,,,,,,,,,,,,,,,,,,,,,,,,,,,,,,,,,,,,,,,,,
Q60799,Q45524202,,,,,,,,,,,,,,,,,,,,,,,,,,,,,,,,,,,,,,,,,,,,,
Q60802,Q45495689,,,,,,,,,,,,,,,,,,,,,,,,,,,,,,,,,,,,,,,,,,,,,
Q60805,Q45422261,,,,,,,,,,,,,,,,,,,,,,,,,,,,,,,,,,,,,,,,,,,,,
Q60808,Q45495562,,,,,,,,,,,,,,,,,,,,,,,,,,,,,,,,,,,,,,,,,,,,,
Q60811,Q65803048,,,,,,,,,,,,,,,,,,,,,,,,,,,,,,,,,,,,,,,,,,,,,
Q60814,Q45620609,,,,,,,,,,,,,,,,,,,,,,,,,,,,,,,,,,,,,,,,,,,,,
Q60817,Q45421112,,,,,,,,,,,,,,,,,,,,,,,,,,,,,,,,,,,,,,,,,,,,,
Q60820,Q45571275,,,,,,,,,,,,,,,,,,,,,,,,,,,,,,,,,,,,,,,,,,,,,
Q60823,Q45498403,,,,,,,,,,,,,,,,,,,,,,,,,,,,,,,,,,,,,,,,,,,,,
Q60826,Q45602522,,,,,,,,,,,,,,,,,,,,,,,,,,,,,,,,,,,,,,,,,,,,,
Q60829,Q45658453,,,,,,,,,,,,,,,,,,,,,,,,,,,,,,,,,,,,,,,,,,,,,
Q60832,Q45497121,,,,,,,,,,,,,,,,,,,,,,,,,,,,,,,,,,,,,,,,,,,,,
Q60835,Q45497184,,,,,,,,,,,,,,,,,,,,,,,,,,,,,,,,,,,,,,,,,,,,,
Q60838,Q45497249,,,,,,,,,,,,,,,,,,,,,,,,,,,,,,,,,,,,,,,,,,,,,
Q60841,Q45624711,,,,,,,,,,,,,,,,,,,,,,,,,,,,,,,,,,,,,,,,,,,,,
Q60844,Q45496862,,,,,,,,,,,,,,,,,,,,,,,,,,,,,,,,,,,,,,,,,,,,,
Q60847,Q45492217,,,,,,,,,,,,,,,,,,,,,,,,,,,,,,,,,,,,,,,,,,,,,
Q60850,Q45556708,,,,,,,,,,,,,,,,,,,,,,,,,,,,,,,,,,,,,,,,,,,,,
Q60853,Q65803764,,,,,,,,,,,,,,,,,,,,,,,,,,,,,,,,,,,,,,,,,,,,,
Q60856,Q65803863,,,,,,,,,,,,,,,,,,,,,,,,,,,,,,,,,,,,,,,,,,,,,
Q60859,Q65803897,,,,,,,,,,,,,,,,,,,,,,,,,,,,,,,,,,,,,,,,,,,,,
Q60862,Q65803556,,,,,,,,,,,,,,,,,,,,,,,,,,,,,,,,,,,,,,,,,,,,,
Q60865,Q65808451,,,,,,,,,,,,,,,,,,,,,,,,,,,,,,,,,,,,,,,,,,,,,
Q60868,Q65808508,,,,,,,,,,,,,,,,,,,,,,,,,,,,,,,,,,,,,,,,,,,,,
Q60871,Q45463603,,,,,,,,,,,,,,,,,,,,,,,,,,,,,,,,,,,,,,,,,,,,,
Q60874,Q45497575,,,,,,,,,,,,,,,,,,,,,,,,,,,,,,,,,,,,,,,,,,,,,
Q60877,Q45497831,,,,,,,,,,,,,,,,,,,,,,,,,,,,,,,,,,,,,,,,,,,,,
Q60880,Q45497896,,,,,,,,,,,,,,,,,,,,,,,,,,,,,,,,,,,,,,,,,,,,,
Q60883,Q45615880,,,,,,,,,,,,,,,,,,,,,,,,,,,,,,,,,,,,,,,,,,,,,
Q60886,Q45615943,,,,,,,,,,,,,,,,,,,,,,,,,,,,,,,,,,,,,,,,,,,,,
Q60889,Q45616006,,,,,,,,,,,,,,,,,,,,,,,,,,,,,,,,,,,,,,,,,,,,,
Q60892,Q45616069,,,,,,,,,,,,,,,,,,,,,,,,,,,,,,,,,,,,,,,,,,,,,
Q60895,Q45513242,,,,,,,,,,,,,,,,,,,,,,,,,,,,,,,,,,,,,,,,,,,,,
Q60898,Q45513305,,,,,,,,,,,,,,,,,,,,,,,,,,,,,,,,,,,,,,,,,,,,,
Q60901,Q45513368,,,,,,,,,,,,,,,,,,,,,,,,,,,,,,,,,,,,,,,,,,,,,
Q60903,Q45513430,,,,,,,,,,,,,,,,,,,,,,,,,,,,,,,,,,,,,,,,,,,,,
Q60906,Q45513493,,,,,,,,,,,,,,,,,,,,,,,,,,,,,,,,,,,,,,,,,,,,,
Q60909,Q45513620,,,,,,,,,,,,,,,,,,,,,,,,,,,,,,,,,,,,,,,,,,,,,
Q60912,Q45513684,,,,,,,,,,,,,,,,,,,,,,,,,,,,,,,,,,,,,,,,,,,,,
Q60915,Q45513747,,,,,,,,,,,,,,,,,,,,,,,,,,,,,,,,,,,,,,,,,,,,,
Q60918,Q45647492,,,,,,,,,,,,,,,,,,,,,,,,,,,,,,,,,,,,,,,,,,,,,
Q60921,Q45451877,,,,,,,,,,,,,,,,,,,,,,,,,,,,,,,,,,,,,,,,,,,,,
Q60924,Q45451940,,,,,,,,,,,,,,,,,,,,,,,,,,,,,,,,,,,,,,,,,,,,,
Q60927,Q45452002,,,,,,,,,,,,,,,,,,,,,,,,,,,,,,,,,,,,,,,,,,,,,
Q60930,Q45452066,,,,,,,,,,,,,,,,,,,,,,,,,,,,,,,,,,,,,,,,,,,,,
Q60933,Q45452129,,,,,,,,,,,,,,,,,,,,,,,,,,,,,,,,,,,,,,,,,,,,,
Q60936,Q45511515,,,,,,,,,,,,,,,,,,,,,,,,,,,,,,,,,,,,,,,,,,,,,
Q60939,Q45516639,,,,,,,,,,,,,,,,,,,,,,,,,,,,,,,,,,,,,,,,,,,,,
Q60942,Q45516700,,,,,,,,,,,,,,,,,,,,,,,,,,,,,,,,,,,,,,,,,,,,,
Q60945,Q45516763,,,,,,,,,,,,,,,,,,,,,,,,,,,,,,,,,,,,,,,,,,,,,
Q60948,Q45516826,,,,,,,,,,,,,,,,,,,,,,,,,,,,,,,,,,,,,,,,,,,,,
Q60951,Q45515902,,,,,,,,,,,,,,,,,,,,,,,,,,,,,,,,,,,,,,,,,,,,,
Q60954,Q45515965,,,,,,,,,,,,,,,,,,,,,,,,,,,,,,,,,,,,,,,,,,,,,
Q60957,Q45516030,,,,,,,,,,,,,,,,,,,,,,,,,,,,,,,,,,,,,,,,,,,,,
Q60960,Q45516160,,,,,,,,,,,,,,,,,,,,,,,,,,,,,,,,,,,,,,,,,,,,,
Q60963,Q45516286,,,,,,,,,,,,,,,,,,,,,,,,,,,,,,,,,,,,,,,,,,,,,
Q60966,Q18909438,,,,,,,,,,,,,,,,,,,,,,,,,,,,,,,,,,,,,,,,,,,,,
Q60969,Q45516539,,,,,,,,,,,,,,,,,,,,,,,,,,,,,,,,,,,,,,,,,,,,,
Q60972,Q45517268,,,,,,,,,,,,,,,,,,,,,,,,,,,,,,,,,,,,,,,,,,,,,
Q60975,Q45517333,,,,,,,,,,,,,,,,,,,,,,,,,,,,,,,,,,,,,,,,,,,,,
Q60978,Q45519996,,,,,,,,,,,,,,,,,,,,,,,,,,,,,,,,,,,,,,,,,,,,,
Q60981,Q45520060,,,,,,,,,,,,,,,,,,,,,,,,,,,,,,,,,,,,,,,,,,,,,
Q60984,Q45520122,,,,,,,,,,,,,,,,,,,,,,,,,,,,,,,,,,,,,,,,,,,,,
Q60987,Q45520248,,,,,,,,,,,,,,,,,,,,,,,,,,,,,,,,,,,,,,,,,,,,,
Q60990,Q45520312,,,,,,,,,,,,,,,,,,,,,,,,,,,,,,,,,,,,,,,,,,,,,
Q60993,Q45520886,,,,,,,,,,,,,,,,,,,,,,,,,,,,,,,,,,,,,,,,,,,,,
Q60996,Q45520947,,,,,,,,,,,,,,,,,,,,,,,,,,,,,,,,,,,,,,,,,,,,,
Q60999,Q45522031,,,,,,,,,,,,,,,,,,,,,,,,,,,,,,,,,,,,,,,,,,,,,
Q61002,Q45522095,,,,,,,,,,,,,,,,,,,,,,,,,,,,,,,,,,,,,,,,,,,,,
Q61005,Q45522282,,,,,,,,,,,,,,,,,,,,,,,,,,,,,,,,,,,,,,,,,,,,,
Q61007,Q45522345,,,,,,,,,,,,,,,,,,,,,,,,,,,,,,,,,,,,,,,,,,,,,
Q61010,Q45522408,,,,,,,,,,,,,,,,,,,,,,,,,,,,,,,,,,,,,,,,,,,,,
Q61013,Q45522470,,,,,,,,,,,,,,,,,,,,,,,,,,,,,,,,,,,,,,,,,,,,,
Q61016,Q45522662,,,,,,,,,,,,,,,,,,,,,,,,,,,,,,,,,,,,,,,,,,,,,
Q61019,Q45522725,,,,,,,,,,,,,,,,,,,,,,,,,,,,,,,,,,,,,,,,,,,,,
Q61022,Q45522790,,,,,,,,,,,,,,,,,,,,,,,,,,,,,,,,,,,,,,,,,,,,,
Q61025,Q45522852,,,,,,,,,,,,,,,,,,,,,,,,,,,,,,,,,,,,,,,,,,,,,
Q61028,Q45523107,,,,,,,,,,,,,,,,,,,,,,,,,,,,,,,,,,,,,,,,,,,,,
Q61031,Q45523172,,,,,,,,,,,,,,,,,,,,,,,,,,,,,,,,,,,,,,,,,,,,,
Q61034,Q11123850,,,,,,,,,,,,,,,,,,,,,,,,,,,,,,,,,,,,,,,,,,,,,
Q61037,Q8255101,,,,,,,,,,,,,,,,,,,,,,,,,,,,,,,,,,,,,,,,,,,,,
Q61040,Q45680878,,,,,,,,,,,,,,,,,,,,,,,,,,,,,,,,,,,,,,,,,,,,,
Q61043,Q45680912,,,,,,,,,,,,,,,,,,,,,,,,,,,,,,,,,,,,,,,,,,,,,
Q61046,Q45406558,,,,,,,,,,,,,,,,,,,,,,,,,,,,,,,,,,,,,,,,,,,,,
Q61049,Q45681316,,,,,,,,,,,,,,,,,,,,,,,,,,,,,,,,,,,,,,,,,,,,,
Q61052,Q45681503,,,,,,,,,,,,,,,,,,,,,,,,,,,,,,,,,,,,,,,,,,,,,
Q61055,Q11124278,,,,,,,,,,,,,,,,,,,,,,,,,,,,,,,,,,,,,,,,,,,,,
Q61058,Q45406578,,,,,,,,,,,,,,,,,,,,,,,,,,,,,,,,,,,,,,,,,,,,,
Q61061,Q22773567,,,,,,,,,,,,,,,,,,,,,,,,,,,,,,,,,,,,,,,,,,,,,
Q61064,Q45682649,,,,,,,,,,,,,,,,,,,,,,,,,,,,,,,,,,,,,,,,,,,,,
Q61067,Q45682680,,,,,,,,,,,,,,,,,,,,,,,,,,,,,,,,,,,,,,,,,,,,,
Q61070,Q45497942,,,,,,,,,,,,,,,,,,,,,,,,,,,,,,,,,,,,,,,,,,,,,
Q61073,Q45422127,,,,,,,,,,,,,,,,,,,,,,,,,,,,,,,,,,,,,,,,,,,,,
Q61076,Q45599611,,,,,,,,,,,,,,,,,,,,,,,,,,,,,,,,,,,,,,,,,,,,,
Q61079,Q45474814,,,,,,,,,,,,,,,,,,,,,,,,,,,,,,,,,,,,,,,,,,,,,
Q61082,Q45600115,,,,,,,,,,,,,,,,,,,,,,,,,,,,,,,,,,,,,,,,,,,,,
Q61085,Q45605259,,,,,,,,,,,,,,,,,,,,,,,,,,,,,,,,,,,,,,,,,,,,,
Q61088,Q45605387,,,,,,,,,,,,,,,,,,,,,,,,,,,,,,,,,,,,,,,,,,,,,
Q61091,Q45605513,,,,,,,,,,,,,,,,,,,,,,,,,,,,,,,,,,,,,,,,,,,,,
Q61094,Q45603993,,,,,,,,,,,,,,,,,,,,,,,,,,,,,,,,,,,,,,,,,,,,,
Q61097,Q45604057,,,,,,,,,,,,,,,,,,,,,,,,,,,,,,,,,,,,,,,,,,,,,
Q61100,Q45604119,,,,,,,,,,,,,,,,,,,,,,,,,,,,,,,,,,,,,,,,,,,,,
Q61103,Q45604246,,,,,,,,,,,,,,,,,,,,,,,,,,,,,,,,,,,,,,,,,,,,,
Q61106,Q45604752,,,,,,,,,,,,,,,,,,,,,,,,,,,,,,,,,,,,,,,,,,,,,
Q61109,Q45604941,,,,,,,,,,,,,,,,,,,,,,,,,,,,,,,,,,,,,,,,,,,,,
Q61112,Q45605070,,,,,,,,,,,,,,,,,,,,,,,,,,,,,,,,,,,,,,,,,,,,,
Q61115,Q65806645,,,,,,,,,,,,,,,,,,,,,,,,,,,,,,,,,,,,,,,,,,,,,
Q61118,Q45451080,,,,,,,,,,,,,,,,,,,,,,,,,,,,,,,,,,,,,,,,,,,,,
Q61121,Q45451143,,,,,,,,,,,,,,,,,,,,,,,,,,,,,,,,,,,,,,,,,,,,,
Q61124,Q45451204,,,,,,,,,,,,,,,,,,,,,,,,,,,,,,,,,,,,,,,,,,,,,
Q61127,Q45451267,,,,,,,,,,,,,,,,,,,,,,,,,,,,,,,,,,,,,,,,,,,,,
Q61130,Q45543753,,,,,,,,,,,,,,,,,,,,,,,,,,,,,,,,,,,,,,,,,,,,,
Q61133,Q45463292,,,,,,,,,,,,,,,,,,,,,,,,,,,,,,,,,,,,,,,,,,,,,
Q61136,Q45603219,,,,,,,,,,,,,,,,,,,,,,,,,,,,,,,,,,,,,,,,,,,,,
Q61139,Q45603543,,,,,,,,,,,,,,,,,,,,,,,,,,,,,,,,,,,,,,,,,,,,,
Q61142,Q45603605,,,,,,,,,,,,,,,,,,,,,,,,,,,,,,,,,,,,,,,,,,,,,
Q61145,Q45556206,,,,,,,,,,,,,,,,,,,,,,,,,,,,,,,,,,,,,,,,,,,,,
Q61148,Q68221,,,,,,,,,,,,,,,,,,,,,,,,,,,,,,,,,,,,,,,,,,,,,
Q61151,Q48758,,,,,,,,,,,,,,,,,,,,,,,,,,,,,,,,,,,,,,,,,,,,,
Q61154,Q11620830,,,,,,,,,,,,,,,,,,,,,,,,,,,,,,,,,,,,,,,,,,,,,
Q61157,Q2535686,,,,,,,,,,,,,,,,,,,,,,,,,,,548195,,,,,,,,,,,,,,,,,,
Q61160,Q6402723,,,,,,,,,,,,,,,,,,,,,,,,,,,,,,,,,,,,,,,,,,,,,
Q61163,Q107420565,,,,,,,,,,,,,,,,,,,,,,,,,,,,,,,,,,,,,,,,,,,,,
Q61166,Q2353150,,,,,,,,,,,,,,,,,,,,,,,,,,,644453,,,,,,,,,,,,,,,,,,
Q61169,Q558271,,,,,,,,,,,,,,,,,,,,,,,,,,,644452,,,,,,,,,,,,,,,,,,
Q61172,Q17036123,,,,,,,,,,,,,,,,,,,,,,,,,,,,,,,,,,,,,,,,,,,,,
Q61175,Q45644790,,,,,,,,,,,,,,,,,,,,,,,,,,,,,,,,,,,,,,,,,,,,,
Q61179,Q45419247,,,,,,,,,,,,,,,,,,,,,,,,,,,,,,,,,,,,,,,,,,,,,
Q61182,Q45487901,,,,,,,,,,,,,,,,,,,,,,,,,,,,,,,,,,,,,,,,,,,,,
Q61185,Q45488028,,,,,,,,,,,,,,,,,,,,,,,,,,,,,,,,,,,,,,,,,,,,,
Q61188,Q45420619,,,,,,,,,,,,,,,,,,,,,,,,,,,,,,,,,,,,,,,,,,,,,
Q61191,Q45581375,,,,,,,,,,,,,,,,,,,,,,,,,,,,,,,,,,,,,,,,,,,,,
Q61194,Q45581631,,,,,,,,,,,,,,,,,,,,,,,,,,,,,,,,,,,,,,,,,,,,,
Q61197,Q45581694,,,,,,,,,,,,,,,,,,,,,,,,,,,,,,,,,,,,,,,,,,,,,
Q61200,Q45581755,,,,,,,,,,,,,,,,,,,,,,,,,,,,,,,,,,,,,,,,,,,,,
Q61203,Q45558371,,,,,,,,,,,,,,,,,,,,,,,,,,,,,,,,,,,,,,,,,,,,,
Q61206,Q45564746,,,,,,,,,,,,,,,,,,,,,,,,,,,,,,,,,,,,,,,,,,,,,
Q61209,Q45633475,,,,,,,,,,,,,,,,,,,,,,,,,,,,,,,,,,,,,,,,,,,,,
Q61212,Q45474124,,,,,,,,,,,,,,,,,,,,,,,,,,,,,,,,,,,,,,,,,,,,,
Q61215,Q45625213,,,,,,,,,,,,,,,,,,,,,,,,,,,,,,,,,,,,,,,,,,,,,
Q61218,Q45476708,,,,,,,,,,,,,,,,,,,,,,,,,,,,,,,,,,,,,,,,,,,,,
Q61221,Q45486683,,,,,,,,,,,,,,,,,,,,,,,,,,,,,,,,,,,,,,,,,,,,,
Q61224,Q45486881,,,,,,,,,,,,,,,,,,,,,,,,,,,,,,,,,,,,,,,,,,,,,
Q61227,Q45487326,,,,,,,,,,,,,,,,,,,,,,,,,,,,,,,,,,,,,,,,,,,,,
Q61230,Q45487454,,,,,,,,,,,,,,,,,,,,,,,,,,,,,,,,,,,,,,,,,,,,,
Q61233,Q45487647,,,,,,,,,,,,,,,,,,,,,,,,,,,,,,,,,,,,,,,,,,,,,
Q61236,Q5374608,,,,,,,,,,,,,,,,,,,,,,,,,,,,,,,,,,,,,,,,,,,,,
Q61239,Q10338578,,,,,,,,,,,,,,,,,,,,,,,,,,,,,,,,,,,,,,,,,,,,,
Q61242,Q10338604,,,,,,,,,,,,,,,,,,,,,,,,,,,,,,,,,,,,,,,,,,,,,
Q61245,Q10338646,,,,,,,,,,,,,,,,,,,,,,,,,,,,,,,,,,,,,,,,,,,,,
Q61248,Q10338668,,,,,,,,,,,,,,,,,,,,,,,,,,,,,,,,,,,,,,,,,,,,,
Q61251,Q11098005,,,,,,,,,,,,,,,,,,,,,,,,,,,,,,,,,,,,,,,,,,,,,
Q61254,Q11098007,,,,,,,,,,,,,,,,,,,,,,,,,,,,,,,,,,,,,,,,,,,,,
Q61257,Q10338690,,,,,,,,,,,,,,,,,,,,,,,,,,,,,,,,,,,,,,,,,,,,,
Q61260,Q16903391,,,,,,,,,,,,,,,,,,,,,,,,,,,,,,,,,,,,,,,,,,,,,
Q61263,Q10877223,,,,,,,,,,,,,,,,,,,,,,,,,,,,,,,,,,,,,,,,,,,,,
Q61266,Q10921765,,,,,,,,,,,,,,,,,,,,,,,,,,,,,,,,,,,,,,,,,,,,,
Q61269,Q10922666,,,,,,,,,,,,,,,,,,,,,,,,,,,,,,,,,,,,,,,,,,,,,
Q61272,Q10949197,,,,,,,,,,,,,,,,,,,,,,,,,,,,,,,,,,,,,,,,,,,,,
Q61275,Q11079702,,,,,,,,,,,,,,,,,,,,,,,,,,,,,,,,,,,,,,,,,,,,,
Q61278,Q11089278,,,,,,,,,,,,,,,,,,,,,,,,,,,,,,,,,,,,,,,,,,,,,
Q61281,Q11089662,,,,,,,,,,,,,,,,,,,,,,,,,,,,,,,,,,,,,,,,,,,,,
Q61284,Q11132817,,,,,,,,,,,,,,,,,,,,,,,,,,,,,,,,,,,,,,,,,,,,,
Q61287,Q16603568,,,,,,,,,,,,,,,,,,,,,,,,,,,,,,,,,,,,,,,,,,,,,
Q61290,Q15954431,,,,,,,,,,,,,,,,,,,,,,,,,,,,,,,,,,,,,,,,,,,,,
Q61293,Q9760,,,,,,,,,,,,,,,,,,,,,,,,,,,,,,,,,,,,,,,,,,,,,
Q61296,Q16603663,,,,,,,,,,,,,,,,,,,,,,,,,,,,,,,,,,,,,,,,,,,,,
Q61299,Q65809721,,,,,,,,,,,,,,,,,,,,,,,,,,,,,,,,,,,,,,,,,,,,,
Q61302,Q65805730,,,,,,,,,,,,,,,,,,,,,,,,,,,,,,,,,,,,,,,,,,,,,
Q61305,Q45461454,,,,,,,,,,,,,,,,,,,,,,,,,,,,,,,,,,,,,,,,,,,,,
Q61308,Q45461517,,,,,,,,,,,,,,,,,,,,,,,,,,,,,,,,,,,,,,,,,,,,,
Q61311,Q45474691,,,,,,,,,,,,,,,,,,,,,,,,,,,,,,,,,,,,,,,,,,,,,
Q61314,Q45474881,,,,,,,,,,,,,,,,,,,,,,,,,,,,,,,,,,,,,,,,,,,,,
Q61317,Q45474951,,,,,,,,,,,,,,,,,,,,,,,,,,,,,,,,,,,,,,,,,,,,,
Q61320,Q45475078,,,,,,,,,,,,,,,,,,,,,,,,,,,,,,,,,,,,,,,,,,,,,
Q61323,Q45475459,,,,,,,,,,,,,,,,,,,,,,,,,,,,,,,,,,,,,,,,,,,,,
Q61326,Q45475970,,,,,,,,,,,,,,,,,,,,,,,,,,,,,,,,,,,,,,,,,,,,,
Q61329,Q45420388,,,,,,,,,,,,,,,,,,,,,,,,,,,,,,,,,,,,,,,,,,,,,
Q61332,Q45476221,,,,,,,,,,,,,,,,,,,,,,,,,,,,,,,,,,,,,,,,,,,,,
Q61335,Q45613276,,,,,,,,,,,,,,,,,,,,,,,,,,,,,,,,,,,,,,,,,,,,,
Q61338,Q45605293,,,,,,,,,,,,,,,,,,,,,,,,,,,,,,,,,,,,,,,,,,,,,
Q61341,Q65805357,,,,,,,,,,,,,,,,,,,,,,,,,,,,,,,,,,,,,,,,,,,,,
Q61344,Q65809839,,,,,,,,,,,,,,,,,,,,,,,,,,,,,,,,,,,,,,,,,,,,,
Q61347,Q45605545,,,,,,,,,,,,,,,,,,,,,,,,,,,,,,,,,,,,,,,,,,,,,
Q61350,Q45605610,,,,,,,,,,,,,,,,,,,,,,,,,,,,,,,,,,,,,,,,,,,,,
Q61353,Q45605675,,,,,,,,,,,,,,,,,,,,,,,,,,,,,,,,,,,,,,,,,,,,,
Q61356,Q45572435,,,,,,,,,,,,,,,,,,,,,,,,,,,,,,,,,,,,,,,,,,,,,
Q61359,Q45609881,,,,,,,,,,,,,,,,,,,,,,,,,,,,,,,,,,,,,,,,,,,,,
Q61362,Q45610008,,,,,,,,,,,,,,,,,,,,,,,,,,,,,,,,,,,,,,,,,,,,,
Q61365,Q45610078,,,,,,,,,,,,,,,,,,,,,,,,,,,,,,,,,,,,,,,,,,,,,
Q61368,Q45610143,,,,,,,,,,,,,,,,,,,,,,,,,,,,,,,,,,,,,,,,,,,,,
Q61371,Q45610206,,,,,,,,,,,,,,,,,,,,,,,,,,,,,,,,,,,,,,,,,,,,,
Q61374,Q45687374,,,,,,,,,,,,,,,,,,,,,,,,,,,,,,,,,,,,,,,,,,,,,
Q61377,Q45496984,,,,,,,,,,,,,,,,,,,,,,,,,,,,,,,,,,,,,,,,,,,,,
Q61380,Q45498648,,,,,,,,,,,,,,,,,,,,,,,,,,,,,,,,,,,,,,,,,,,,,
Q61383,Q45499173,,,,,,,,,,,,,,,,,,,,,,,,,,,,,,,,,,,,,,,,,,,,,
Q61386,Q45678043,,,,,,,,,,,,,,,,,,,,,,,,,,,,,,,,,,,,,,,,,,,,,
Q61389,Q45657014,,,,,,,,,,,,,,,,,,,,,,,,,,,,,,,,,,,,,,,,,,,,,
Q61392,Q11663937,,,,,,,,,,,,,,,,,,,,,,,,,,,,,,,,,,,,,,,,,,,,,
Q61395,Q45657434,,,,,,,,,,,,,,,,,,,,,,,,,,,,,,,,,,,,,,,,,,,,,
Q61398,Q45657493,,,,,,,,,,,,,,,,,,,,,,,,,,,,,,,,,,,,,,,,,,,,,
Q61401,Q45657556,,,,,,,,,,,,,,,,,,,,,,,,,,,,,,,,,,,,,,,,,,,,,
Q61404,Q45552606,,,,,,,,,,,,,,,,,,,,,,,,,,,,,,,,,,,,,,,,,,,,,
Q61407,Q45647610,,,,,,,,,,,,,,,,,,,,,,,,,,,,,,,,,,,,,,,,,,,,,
Q61410,Q45519205,,,,,,,,,,,,,,,,,,,,,,,,,,,,,,,,,,,,,,,,,,,,,
Q61413,Q22813331,,,,,,,,,,,,,,,,,,,,,,,,,,,,,,,,,,,,,,,,,,,,,
Q61416,Q45476971,,,,,,,,,,,,,,,,,,,,,,,,,,,,,,,,,,,,,,,,,,,,,
Q61419,Q45523208,,,,,,,,,,,,,,,,,,,,,,,,,,,,,,,,,,,,,,,,,,,,,
Q61422,Q65805794,,,,,,,,,,,,,,,,,,,,,,,,,,,,,,,,,,,,,,,,,,,,,
Q61425,Q45518569,,,,,,,,,,,,,,,,,,,,,,,,,,,,,,,,,,,,,,,,,,,,,
Q61428,Q15901919,,,,,,,,,,,,,,,,,,,,,,,,,,,,,,,,,,,,,,,,,,,,,
Q61431,Q5374477,,,,,,,,,,,,,,,,,,,,,,,,,,,,,,,,,,,,,,,,,,,,,
Q61434,Q28414285,,,,,,,,,,,,,,,,,,,,,,,,,,,,,,,,,,,,,,,,,,,,,
Q61437,Q45480719,,,,,,,,,,,,,,,,,,,,,,,,,,,,,,,,,,,,,,,,,,,,,
Q61440,Q45391676,,,,,,,,,,,,,,,,,,,,,,,,,,,,,,,,,,,,,,,,,,,,,
Q61443,Q7800144,,,,,,,,,,,,,,,,,,,,,,,,,,,,,,,,,,,,,,,,,,,,,
Q61446,Q45421388,,,,,,,,,,,,,,,,,,,,,,,,,,,,,,,,,,,,,,,,,,,,,
Q61449,Q45546722,,,,,,,,,,,,,,,,,,,,,,,,,,,,,,,,,,,,,,,,,,,,,
Q61452,Q45546280,,,,,,,,,,,,,,,,,,,,,,,,,,,,,,,,,,,,,,,,,,,,,
Q61455,Q45545842,,,,,,,,,,,,,,,,,,,,,,,,,,,,,,,,,,,,,,,,,,,,,
Q61458,Q45545905,,,,,,,,,,,,,,,,,,,,,,,,,,,,,,,,,,,,,,,,,,,,,
Q61461,Q45546595,,,,,,,,,,,,,,,,,,,,,,,,,,,,,,,,,,,,,,,,,,,,,
Q61464,Q45546151,,,,,,,,,,,,,,,,,,,,,,,,,,,,,,,,,,,,,,,,,,,,,
Q61467,Q45546031,,,,,,,,,,,,,,,,,,,,,,,,,,,,,,,,,,,,,,,,,,,,,
Q61470,Q45546976,,,,,,,,,,,,,,,,,,,,,,,,,,,,,,,,,,,,,,,,,,,,,
Q61473,Q45546849,,,,,,,,,,,,,,,,,,,,,,,,,,,,,,,,,,,,,,,,,,,,,
Q61476,Q45652062,,,,,,,,,,,,,,,,,,,,,,,,,,,,,,,,,,,,,,,,,,,,,
Q61479,Q45547101,,,,,,,,,,,,,,,,,,,,,,,,,,,,,,,,,,,,,,,,,,,,,
Q61482,Q65809966,,,,,,,,,,,,,,,,,,,,,,,,,,,,,,,,,,,,,,,,,,,,,
Q61485,Q11098003,,,,,,,,,,,,,,,,,,,,,,,,,,,,,,,,,,,,,,,,,,,,,
Q61488,Q45545518,,,,,,,,,,,,,,,,,,,,,,,,,,,,,,,,,,,,,,,,,,,,,
Q61491,Q45545711,,,,,,,,,,,,,,,,,,,,,,,,,,,,,,,,,,,,,,,,,,,,,
Q61494,Q45604432,,,,,,,,,,,,,,,,,,,,,,,,,,,,,,,,,,,,,,,,,,,,,
Q61497,Q45570419,,,,,,,,,,,,,,,,,,,,,,,,,,,,,,,,,,,,,,,,,,,,,
Q61500,Q45421707,,,,,,,,,,,,,,,,,,,,,,,,,,,,,,,,,,,,,,,,,,,,,
Q61503,Q45662149,,,,,,,,,,,,,,,,,,,,,,,,,,,,,,,,,,,,,,,,,,,,,
Q61506,Q45486121,,,,,,,,,,,,,,,,,,,,,,,,,,,,,,,,,,,,,,,,,,,,,
Q61509,Q45486190,,,,,,,,,,,,,,,,,,,,,,,,,,,,,,,,,,,,,,,,,,,,,
Q61512,Q45662092,,,,,,,,,,,,,,,,,,,,,,,,,,,,,,,,,,,,,,,,,,,,,
Q61515,Q45648752,,,,,,,,,,,,,,,,,,,,,,,,,,,,,,,,,,,,,,,,,,,,,
Q61518,Q11113738,,,,,,,,,,,,,,,,,,,,,,,,,,,,,,,,,,,,,,,,,,,,,
Q61521,Q45420673,,,,,,,,,,,,,,,,,,,,,,,,,,,,,,,,,,,,,,,,,,,,,
Q61524,Q45450456,,,,,,,,,,,,,,,,,,,,,,,,,,,,,,,,,,,,,,,,,,,,,
Q61527,Q45450519,,,,,,,,,,,,,,,,,,,,,,,,,,,,,,,,,,,,,,,,,,,,,
Q61530,Q45450580,,,,,,,,,,,,,,,,,,,,,,,,,,,,,,,,,,,,,,,,,,,,,
Q61533,Q45450644,,,,,,,,,,,,,,,,,,,,,,,,,,,,,,,,,,,,,,,,,,,,,
Q61536,Q45632119,,,,,,,,,,,,,,,,,,,,,,,,,,,,,,,,,,,,,,,,,,,,,
Q61539,Q45501681,,,,,,,,,,,,,,,,,,,,,,,,,,,,,,,,,,,,,,,,,,,,,
Q61542,Q45501745,,,,,,,,,,,,,,,,,,,,,,,,,,,,,,,,,,,,,,,,,,,,,
Q61545,Q18905391,,,,,,,,,,,,,,,,,,,,,,,,,,,,,,,,,,,,,,,,,,,,,
Q61548,Q45501873,,,,,,,,,,,,,,,,,,,,,,,,,,,,,,,,,,,,,,,,,,,,,
Q61551,Q45501939,,,,,,,,,,,,,,,,,,,,,,,,,,,,,,,,,,,,,,,,,,,,,
Q61554,Q45502001,,,,,,,,,,,,,,,,,,,,,,,,,,,,,,,,,,,,,,,,,,,,,
Q61557,Q45502066,,,,,,,,,,,,,,,,,,,,,,,,,,,,,,,,,,,,,,,,,,,,,
Q61560,Q45502129,,,,,,,,,,,,,,,,,,,,,,,,,,,,,,,,,,,,,,,,,,,,,
Q61563,Q45597831,,,,,,,,,,,,,,,,,,,,,,,,,,,,,,,,,,,,,,,,,,,,,
Q61566,Q45600927,,,,,,,,,,,,,,,,,,,,,,,,,,,,,,,,,,,,,,,,,,,,,
Q61569,Q45600991,,,,,,,,,,,,,,,,,,,,,,,,,,,,,,,,,,,,,,,,,,,,,
Q61572,Q45601055,,,,,,,,,,,,,,,,,,,,,,,,,,,,,,,,,,,,,,,,,,,,,
Q61575,Q45601120,,,,,,,,,,,,,,,,,,,,,,,,,,,,,,,,,,,,,,,,,,,,,
Q61578,Q45601185,,,,,,,,,,,,,,,,,,,,,,,,,,,,,,,,,,,,,,,,,,,,,
Q61581,Q45667649,,,,,,,,,,,,,,,,,,,,,,,,,,,,,,,,,,,,,,,,,,,,,
Q61584,Q45633893,,,,,,,,,,,,,,,,,,,,,,,,,,,,,,,,,,,,,,,,,,,,,
Q61587,Q45454861,,,,,,,,,,,,,,,,,,,,,,,,,,,,,,,,,,,,,,,,,,,,,
Q61590,Q45454927,,,,,,,,,,,,,,,,,,,,,,,,,,,,,,,,,,,,,,,,,,,,,
Q61593,Q22813977,,,,,,,,,,,,,,,,,,,,,,,,,,,,,,,,,,,,,,,,,,,,,
Q61596,Q22813981,,,,,,,,,,,,,,,,,,,,,,,,,,,,,,,,,,,,,,,,,,,,,
Q61599,Q45373977,,,,,,,,,,,,,,,,,,,,,,,,,,,,,,,,,,,,,,,,,,,,,
Q61602,Q45373981,,,,,,,,,,,,,,,,,,,,,,,,,,,,,,,,,,,,,,,,,,,,,
Q61605,Q7630335,,,,,,,,,,,,,,,,,,,,,,,,,,,,,,,,,,,,,,,,,,,,,
Q61608,Q45684235,,,,,,,,,,,,,,,,,,,,,,,,,,,,,,,,,,,,,,,,,,,,,
Q61611,Q45683331,,,,,,,,,,,,,,,,,,,,,,,,,,,,,,,,,,,,,,,,,,,,,
Q61614,Q18907250,,,,,,,,,,,,,,,,,,,,,,,,,,,,,,,,,,,,,,,,,,,,,
Q61617,Q45596849,,,,,,,,,,,,,,,,,,,,,,,,,,,,,,,,,,,,,,,,,,,,,
Q61620,Q45647910,,,,,,,,,,,,,,,,,,,,,,,,,,,,,,,,,,,,,,,,,,,,,
Q61623,Q45664595,,,,,,,,,,,,,,,,,,,,,,,,,,,,,,,,,,,,,,,,,,,,,
Q61626,Q45419630,,,,,,,,,,,,,,,,,,,,,,,,,,,,,,,,,,,,,,,,,,,,,
Q61629,Q45419659,,,,,,,,,,,,,,,,,,,,,,,,,,,,,,,,,,,,,,,,,,,,,
Q61632,Q45536810,,,,,,,,,,,,,,,,,,,,,,,,,,,,,,,,,,,,,,,,,,,,,
Q61635,Q45685974,,,,,,,,,,,,,,,,,,,,,,,,,,,,,,,,,,,,,,,,,,,,,
Q61638,Q45686004,,,,,,,,,,,,,,,,,,,,,,,,,,,,,,,,,,,,,,,,,,,,,
Q61641,Q45686037,,,,,,,,,,,,,,,,,,,,,,,,,,,,,,,,,,,,,,,,,,,,,
Q61644,Q45686067,,,,,,,,,,,,,,,,,,,,,,,,,,,,,,,,,,,,,,,,,,,,,
Q61647,Q45664813,,,,,,,,,,,,,,,,,,,,,,,,,,,,,,,,,,,,,,,,,,,,,
Q61650,Q45664867,,,,,,,,,,,,,,,,,,,,,,,,,,,,,,,,,,,,,,,,,,,,,
Q61653,Q45421243,,,,,,,,,,,,,,,,,,,,,,,,,,,,,,,,,,,,,,,,,,,,,
Q61656,Q5192727,,,,,,,,,,,,,,,,,,,,,,,,,,,,,,,,,,,,,,,,,,,,,
Q61659,Q45497888,,,,,,,,,,,,,,,,,,,,,,,,,,,,,,,,,,,,,,,,,,,,,
Q61662,Q65806075,,,,,,,,,,,,,,,,,,,,,,,,,,,,,,,,,,,,,,,,,,,,,
Q61665,Q65809628,,,,,,,,,,,,,,,,,,,,,,,,,,,,,,,,,,,,,,,,,,,,,
Q61668,Q45538411,,,,,,,,,,,,,,,,,,,,,,,,,,,,,,,,,,,,,,,,,,,,,
Q61671,Q45544533,,,,,,,,,,,,,,,,,,,,,,,,,,,,,,,,,,,,,,,,,,,,,
Q61674,Q45419317,,,,,,,,,,,,,,,,,,,,,,,,,,,,,,,,,,,,,,,,,,,,,
Q61677,Q110231072,,,,,,,,,,,,,,,,,,,,,,,,,,,,,,,,,,,,,,,,,,,,,
Q61680,Q45498715,,,,,,,,,,,,,,,,,,,,,,,,,,,,,,,,,,,,,,,,,,,,,
Q61683,Q45498781,,,,,,,,,,,,,,,,,,,,,,,,,,,,,,,,,,,,,,,,,,,,,
Q61686,Q45498912,,,,,,,,,,,,,,,,,,,,,,,,,,,,,,,,,,,,,,,,,,,,,
Q61689,Q66310095,,,,,,,,,,,,,,,,,,,,,,,,,,,,,,,,,,,,,,,,,,,,,
Q61692,Q10943605,,,,,,,,,,,,,,,,,,,,,,,,,,,,,,,,,,,,,,,,,,,,,
Q61695,Q45420667,,,,,,,,,,,,,,,,,,,,,,,,,,,,,,,,,,,,,,,,,,,,,
Q61698,Q45420671,,,,,,,,,,,,,,,,,,,,,,,,,,,,,,,,,,,,,,,,,,,,,
Q61701,Q45488656,,,,,,,,,,,,,,,,,,,,,,,,,,,,,,,,,,,,,,,,,,,,,
Q61704,Q45436648,,,,,,,,,,,,,,,,,,,,,,,,,,,,,,,,,,,,,,,,,,,,,
Q61707,Q45534779,,,,,,,,,,,,,,,,,,,,,,,,,,,,,,,,,,,,,,,,,,,,,
Q61710,Q45534845,,,,,,,,,,,,,,,,,,,,,,,,,,,,,,,,,,,,,,,,,,,,,
Q61713,Q45535035,,,,,,,,,,,,,,,,,,,,,,,,,,,,,,,,,,,,,,,,,,,,,
Q61716,Q45531782,,,,,,,,,,,,,,,,,,,,,,,,,,,,,,,,,,,,,,,,,,,,,
Q61719,Q45531846,,,,,,,,,,,,,,,,,,,,,,,,,,,,,,,,,,,,,,,,,,,,,
Q61722,Q45531972,,,,,,,,,,,,,,,,,,,,,,,,,,,,,,,,,,,,,,,,,,,,,
Q61725,Q45532035,,,,,,,,,,,,,,,,,,,,,,,,,,,,,,,,,,,,,,,,,,,,,
Q61728,Q45532163,,,,,,,,,,,,,,,,,,,,,,,,,,,,,,,,,,,,,,,,,,,,,
Q61731,Q45532225,,,,,,,,,,,,,,,,,,,,,,,,,,,,,,,,,,,,,,,,,,,,,
Q61734,Q45533373,,,,,,,,,,,,,,,,,,,,,,,,,,,,,,,,,,,,,,,,,,,,,
Q61737,Q45533821,,,,,,,,,,,,,,,,,,,,,,,,,,,,,,,,,,,,,,,,,,,,,
Q61740,Q45534266,,,,,,,,,,,,,,,,,,,,,,,,,,,,,,,,,,,,,,,,,,,,,
Q61743,Q45534332,,,,,,,,,,,,,,,,,,,,,,,,,,,,,,,,,,,,,,,,,,,,,
Q61746,Q45663900,,,,,,,,,,,,,,,,,,,,,,,,,,,,,,,,,,,,,,,,,,,,,
Q61749,Q45663954,,,,,,,,,,,,,,,,,,,,,,,,,,,,,,,,,,,,,,,,,,,,,
Q61752,Q45456488,,,,,,,,,,,,,,,,,,,,,,,,,,,,,,,,,,,,,,,,,,,,,
Q61755,Q45508670,,,,,,,,,,,,,,,,,,,,,,,,,,,,,,,,,,,,,,,,,,,,,
Q61758,Q45535608,,,,,,,,,,,,,,,,,,,,,,,,,,,,,,,,,,,,,,,,,,,,,
Q61761,Q45535672,,,,,,,,,,,,,,,,,,,,,,,,,,,,,,,,,,,,,,,,,,,,,
Q61764,Q45535734,,,,,,,,,,,,,,,,,,,,,,,,,,,,,,,,,,,,,,,,,,,,,
Q61767,Q45535865,,,,,,,,,,,,,,,,,,,,,,,,,,,,,,,,,,,,,,,,,,,,,
Q61770,Q45536057,,,,,,,,,,,,,,,,,,,,,,,,,,,,,,,,,,,,,,,,,,,,,
Q61773,Q45536248,,,,,,,,,,,,,,,,,,,,,,,,,,,,,,,,,,,,,,,,,,,,,
Q61776,Q45536441,,,,,,,,,,,,,,,,,,,,,,,,,,,,,,,,,,,,,,,,,,,,,
Q61779,Q45651489,,,,,,,,,,,,,,,,,,,,,,,,,,,,,,,,,,,,,,,,,,,,,
Q61782,Q45682935,,,,,,,,,,,,,,,,,,,,,,,,,,,,,,,,,,,,,,,,,,,,,
Q61785,Q45683026,,,,,,,,,,,,,,,,,,,,,,,,,,,,,,,,,,,,,,,,,,,,,
Q61788,Q45683056,,,,,,,,,,,,,,,,,,,,,,,,,,,,,,,,,,,,,,,,,,,,,
Q61791,Q45642936,,,,,,,,,,,,,,,,,,,,,,,,,,,,,,,,,,,,,,,,,,,,,
Q61794,Q45643120,,,,,,,,,,,,,,,,,,,,,,,,,,,,,,,,,,,,,,,,,,,,,
Q61797,Q45643181,,,,,,,,,,,,,,,,,,,,,,,,,,,,,,,,,,,,,,,,,,,,,
Q61800,Q19825323,,,,,,,,,,,,,,,,,,,,,,,,,,,,,,,,,,,,,,,,,,,,,
Q61803,Q10271660,,,,,,,,,,,,,,,,,,,,,,,,,,,,,,,,,,,,,,,,,,,,,
Q61806,Q45609832,,,,,,,,,,,,,,,,,,,,,,,,,,,,,,,,,,,,,,,,,,,,,
Q61809,Q45609897,,,,,,,,,,,,,,,,,,,,,,,,,,,,,,,,,,,,,,,,,,,,,
Q61812,Q45453011,,,,,,,,,,,,,,,,,,,,,,,,,,,,,,,,,,,,,,,,,,,,,
Q61815,Q45453074,,,,,,,,,,,,,,,,,,,,,,,,,,,,,,,,,,,,,,,,,,,,,
Q61818,Q45615605,,,,,,,,,,,,,,,,,,,,,,,,,,,,,,,,,,,,,,,,,,,,,
Q61821,Q45422159,,,,,,,,,,,,,,,,,,,,,,,,,,,,,,,,,,,,,,,,,,,,,
Q61824,Q45493730,,,,,,,,,,,,,,,,,,,,,,,,,,,,,,,,,,,,,,,,,,,,,
Q61827,Q45493794,,,,,,,,,,,,,,,,,,,,,,,,,,,,,,,,,,,,,,,,,,,,,
Q61830,Q45618190,,,,,,,,,,,,,,,,,,,,,,,,,,,,,,,,,,,,,,,,,,,,,
Q61833,Q45491685,,,,,,,,,,,,,,,,,,,,,,,,,,,,,,,,,,,,,,,,,,,,,
Q61836,Q45494625,,,,,,,,,,,,,,,,,,,,,,,,,,,,,,,,,,,,,,,,,,,,,
Q61839,Q45494690,,,,,,,,,,,,,,,,,,,,,,,,,,,,,,,,,,,,,,,,,,,,,
Q61842,Q45494817,,,,,,,,,,,,,,,,,,,,,,,,,,,,,,,,,,,,,,,,,,,,,
Q61845,Q45495011,,,,,,,,,,,,,,,,,,,,,,,,,,,,,,,,,,,,,,,,,,,,,
Q61848,Q45495457,,,,,,,,,,,,,,,,,,,,,,,,,,,,,,,,,,,,,,,,,,,,,
Q61851,Q45495841,,,,,,,,,,,,,,,,,,,,,,,,,,,,,,,,,,,,,,,,,,,,,
Q61854,Q45495970,,,,,,,,,,,,,,,,,,,,,,,,,,,,,,,,,,,,,,,,,,,,,
Q61857,Q45496100,,,,,,,,,,,,,,,,,,,,,,,,,,,,,,,,,,,,,,,,,,,,,
Q61860,Q45496359,,,,,,,,,,,,,,,,,,,,,,,,,,,,,,,,,,,,,,,,,,,,,
Q61863,Q45496425,,,,,,,,,,,,,,,,,,,,,,,,,,,,,,,,,,,,,,,,,,,,,
Q61866,Q45496553,,,,,,,,,,,,,,,,,,,,,,,,,,,,,,,,,,,,,,,,,,,,,
Q61869,Q45496620,,,,,,,,,,,,,,,,,,,,,,,,,,,,,,,,,,,,,,,,,,,,,
Q61872,Q45496685,,,,,,,,,,,,,,,,,,,,,,,,,,,,,,,,,,,,,,,,,,,,,
Q61875,Q45497204,,,,,,,,,,,,,,,,,,,,,,,,,,,,,,,,,,,,,,,,,,,,,
Q61878,Q45499656,,,,,,,,,,,,,,,,,,,,,,,,,,,,,,,,,,,,,,,,,,,,,
Q61881,Q11626861,,,,,,,,,,,,,,,,,,,,,,,,,,,,,,,,,,,,,,,,,,,,,
Q61884,Q45645969,,,,,,,,,,,,,,,,,,,,,,,,,,,,,,,,,,,,,,,,,,,,,
Q61887,Q45598763,,,,,,,,,,,,,,,,,,,,,,,,,,,,,,,,,,,,,,,,,,,,,
Q61890,Q65806020,,,,,,,,,,,,,,,,,,,,,,,,,,,,,,,,,,,,,,,,,,,,,
Q61893,Q45530781,,,,,,,,,,,,,,,,,,,,,,,,,,,,,,,,,,,,,,,,,,,,,
Q61896,Q65803173,,,,,,,,,,,,,,,,,,,,,,,,,,,,,,,,,,,,,,,,,,,,,
Q61899,Q45452118,,,,,,,,,,,,,,,,,,,,,,,,,,,,,,,,,,,,,,,,,,,,,
Q61902,Q65806090,,,,,,,,,,,,,,,,,,,,,,,,,,,,,,,,,,,,,,,,,,,,,
Q61905,Q45547444,,,,,,,,,,,,,,,,,,,,,,,,,,,,,,,,,,,,,,,,,,,,,
Q61908,Q45547504,,,,,,,,,,,,,,,,,,,,,,,,,,,,,,,,,,,,,,,,,,,,,
Q61911,Q45547568,,,,,,,,,,,,,,,,,,,,,,,,,,,,,,,,,,,,,,,,,,,,,
Q61914,Q45502331,,,,,,,,,,,,,,,,,,,,,,,,,,,,,,,,,,,,,,,,,,,,,
Q61917,Q45472574,,,,,,,,,,,,,,,,,,,,,,,,,,,,,,,,,,,,,,,,,,,,,
Q61920,Q45507596,,,,,,,,,,,,,,,,,,,,,,,,,,,,,,,,,,,,,,,,,,,,,
Q61923,Q45422598,,,,,,,,,,,,,,,,,,,,,,,,,,,,,,,,,,,,,,,,,,,,,
Q61926,Q45677975,,,,,,,,,,,,,,,,,,,,,,,,,,,,,,,,,,,,,,,,,,,,,
Q61929,Q45677875,,,,,,,,,,,,,,,,,,,,,,,,,,,,,,,,,,,,,,,,,,,,,
Q61932,Q45528242,,,,,,,,,,,,,,,,,,,,,,,,,,,,,,,,,,,,,,,,,,,,,
Q61935,Q45564112,,,,,,,,,,,,,,,,,,,,,,,,,,,,,,,,,,,,,,,,,,,,,
Q61938,Q45394611,,,,,,,,,,,,,,,,,,,,,,,,,,,,,,,,,,,,,,,,,,,,,
Q61941,Q45531413,,,,,,,,,,,,,,,,,,,,,,,,,,,,,,,,,,,,,,,,,,,,,
Q61944,Q26183734,,,,,,,,,,,,,,,,,,,,,,,,,,,,,,,,,,,,,,,,,,,,,
Q61947,Q45515356,,,,,,,,,,,,,,,,,,,,,,,,,,,,,,,,,,,,,,,,,,,,,
Q61950,Q45677097,,,,,,,,,,,,,,,,,,,,,,,,,,,,,,,,,,,,,,,,,,,,,
Q61953,Q45516125,,,,,,,,,,,,,,,,,,,,,,,,,,,,,,,,,,,,,,,,,,,,,
Q61956,Q45503658,,,,,,,,,,,,,,,,,,,,,,,,,,,,,,,,,,,,,,,,,,,,,
Q61959,Q45503786,,,,,,,,,,,,,,,,,,,,,,,,,,,,,,,,,,,,,,,,,,,,,
Q61962,Q45437451,,,,,,,,,,,,,,,,,,,,,,,,,,,,,,,,,,,,,,,,,,,,,
Q61965,Q45679918,,,,,,,,,,,,,,,,,,,,,,,,,,,,,,,,,,,,,,,,,,,,,
Q61968,Q45642140,,,,,,,,,,,,,,,,,,,,,,,,,,,,,,,,,,,,,,,,,,,,,
Q61971,Q45643548,,,,,,,,,,,,,,,,,,,,,,,,,,,,,,,,,,,,,,,,,,,,,
Q61974,Q45643987,,,,,,,,,,,,,,,,,,,,,,,,,,,,,,,,,,,,,,,,,,,,,
Q61977,Q45644048,,,,,,,,,,,,,,,,,,,,,,,,,,,,,,,,,,,,,,,,,,,,,
Q61980,Q45418669,,,,,,,,,,,,,,,,,,,,,,,,,,,,,,,,,,,,,,,,,,,,,
Q61983,Q45385209,,,,,,,,,,,,,,,,,,,,,,,,,,,,,,,,,,,,,,,,,,,,,
Q61986,Q45523365,,,,,,,,,,,,,,,,,,,,,,,,,,,,,,,,,,,,,,,,,,,,,
Q61989,Q45517644,,,,,,,,,,,,,,,,,,,,,,,,,,,,,,,,,,,,,,,,,,,,,
Q61992,Q45518608,,,,,,,,,,,,,,,,,,,,,,,,,,,,,,,,,,,,,,,,,,,,,
Q61995,Q45518732,,,,,,,,,,,,,,,,,,,,,,,,,,,,,,,,,,,,,,,,,,,,,
Q61998,Q45481415,,,,,,,,,,,,,,,,,,,,,,,,,,,,,,,,,,,,,,,,,,,,,
Q62001,Q26197287,,,,,,,,,,,,,,,,,,,,,,,,,,,,,,,,,,,,,,,,,,,,,
Q62004,Q76011097,,,,,,,,,,,,,,,,,,,,,,,,,,,,,,,,,,,,,,,,,,,,,
Q62007,Q76011403,,,,,,,,,,,,,,,,,,,,,,,,,,,,,,,,,,,,,,,,,,,,,
Q62010,Q24839027,,,,,,,,,,,,,,,,,,,,,,,,,,,,,,,,,,,,,,,,,,,,,
Q62013,Q26159687,,,,,,,,,,,,,,,,,,,,,,,,,,,,,,,,,,,,,,,,,,,,,
Q62016,Q17498697,,,,,,,,,,,,,,,,,,,,,,,,,,,,,,,,,,,,,,,,,,,,,
Q62019,Q56598162,,,,,,,,,,,,,,,,,,,,,,,,,,,,,,,,,,,,,,,,,,,,,
Q62022,Q22099010,,,,,,,,,,,,,,,,,,,,,,,,,,,,,,,,,,,,,,,,,,,,,
Q62025,Q17991559,,,,,,,,,,,,,,,,,,,,,,,,,,,,,,,,,,,,,,,,,,,,,
Q62028,Q24833752,,,,,,,,,,,,,,,,,,,,,,,,,,,,,,,,,,,,,,,,,,,,,
Q62030,Q11522524,,,,,,,,,,,,,,,,,,,,,,,,,,,,,,,,,,,,,,,,,,,,,
Q62033,Q45492818,,,,,,,,,,,,,,,,,,,,,,,,,,,,,,,,,,,,,,,,,,,,,
Q62036,Q45492945,,,,,,,,,,,,,,,,,,,,,,,,,,,,,,,,,,,,,,,,,,,,,
Q62039,Q45498532,,,,,,,,,,,,,,,,,,,,,,,,,,,,,,,,,,,,,,,,,,,,,
Q62042,Q15204851,,,,,,,,,,,,,,,,,,,,,,,,,,,,,,,,,,,,,,,,,,,,,
Q62045,Q133472591,,,,,,,,,,,,,,,,,,,,,,,,,,,,,,,,,,,,,,,,,,,,,
Q62048,Q15921405,,,,,,,,,,,,,,,,,,,,,,,,,,,,,,,,,,,,,,,,,,,,,
Q62051,Q15090608,,,,,,,,,,,,,,,,,,,,,,,,,,,,,,,,,,,,,,,,,,,,,
Q62054,Q15914807,,,,,,,,,,,,,,,,,,,,,,,,,,,,,,,,,,,,,,,,,,,,,
Q62057,Q18236187,,,,,,,,,,,,,,,,,,,,,,,,,,,,,,,,,,,,,,,,,,,,,
Q62060,Q17500605,,,,,,,,,,,,,,,,,,,,,,,,,,,,,,,,,,,,,,,,,,,,,
Q62063,Q19852797,,,,,,,,,,,,,,,,,,,,,,,,,,,,,,,,,,,,,,,,,,,,,
Q62066,Q45528680,,,,,,,,,,,,,,,,,,,,,,,,,,,,,,,,,,,,,,,,,,,,,
Q62069,Q45496345,,,,,,,,,,,,,,,,,,,,,,,,,,,,,,,,,,,,,,,,,,,,,
Q62072,Q45482544,,,,,,,,,,,,,,,,,,,,,,,,,,,,,,,,,,,,,,,,,,,,,
Q62075,Q45495825,,,,,,,,,,,,,,,,,,,,,,,,,,,,,,,,,,,,,,,,,,,,,
Q62078,Q45422565,,,,,,,,,,,,,,,,,,,,,,,,,,,,,,,,,,,,,,,,,,,,,
Q62081,Q45613404,,,,,,,,,,,,,,,,,,,,,,,,,,,,,,,,,,,,,,,,,,,,,
Q62084,Q45493678,,,,,,,,,,,,,,,,,,,,,,,,,,,,,,,,,,,,,,,,,,,,,
Q62087,Q45528327,,,,,,,,,,,,,,,,,,,,,,,,,,,,,,,,,,,,,,,,,,,,,
Q62090,Q45494095,,,,,,,,,,,,,,,,,,,,,,,,,,,,,,,,,,,,,,,,,,,,,
Q62093,Q45474136,,,,,,,,,,,,,,,,,,,,,,,,,,,,,,,,,,,,,,,,,,,,,
Q62096,Q65803068,,,,,,,,,,,,,,,,,,,,,,,,,,,,,,,,,,,,,,,,,,,,,
Q62099,Q45422435,,,,,,,,,,,,,,,,,,,,,,,,,,,,,,,,,,,,,,,,,,,,,
Q62102,Q18871131,,,,,,,,,,,,,,,,,,,,,,,,,,,,,,,,,,,,,,,,,,,,,
Q62105,Q18908584,,,,,,,,,,,,,,,,,,,,,,,,,,,,,,,,,,,,,,,,,,,,,
Q62108,Q45421281,,,,,,,,,,,,,,,,,,,,,,,,,,,,,,,,,,,,,,,,,,,,,
Q62111,Q45421282,,,,,,,,,,,,,,,,,,,,,,,,,,,,,,,,,,,,,,,,,,,,,
Q62114,Q45421286,,,,,,,,,,,,,,,,,,,,,,,,,,,,,,,,,,,,,,,,,,,,,
Q62117,Q22813901,,,,,,,,,,,,,,,,,,,,,,,,,,,,,,,,,,,,,,,,,,,,,
Q62120,Q11633161,,,,,,,,,,,,,,,,,,,,,,,,,,,,,,,,,,,,,,,,,,,,,
Q62122,Q18226570,,,,,,,,,,,,,,,,,,,,,,,,,,,,,,,,,,,,,,,,,,,,,
Q62125,Q30942969,,,,,,,,,,,,,,,,,,,,,,,,,,,,,,,,,,,,,,,,,,,,,
Q62128,Q17991567,,,,,,,,,,,,,,,,,,,,,,,,,,,,,,,,,,,,,,,,,,,,,
Q62131,Q17991570,,,,,,,,,,,,,,,,,,,,,,,,,,,,,,,,,,,,,,,,,,,,,
Q62134,Q76010391,,,,,,,,,,,,,,,,,,,,,,,,,,,,,,,,,,,,,,,,,,,,,
Q62137,Q45460780,,,,,,,,,,,,,,,,,,,,,,,,,,,,,,,,,,,,,,,,,,,,,
Q62140,Q45518831,,,,,,,,,,,,,,,,,,,,,,,,,,,,,,,,,,,,,,,,,,,,,
Q62143,Q45421831,,,,,,,,,,,,,,,,,,,,,,,,,,,,,,,,,,,,,,,,,,,,,
Q62146,Q45421837,,,,,,,,,,,,,,,,,,,,,,,,,,,,,,,,,,,,,,,,,,,,,
Q62149,Q45421851,,,,,,,,,,,,,,,,,,,,,,,,,,,,,,,,,,,,,,,,,,,,,
Q62152,Q45401092,,,,,,,,,,,,,,,,,,,,,,,,,,,,,,,,,,,,,,,,,,,,,
Q62155,Q45580476,,,,,,,,,,,,,,,,,,,,,,,,,,,,,,,,,,,,,,,,,,,,,
Q62158,Q45664203,,,,,,,,,,,,,,,,,,,,,,,,,,,,,,,,,,,,,,,,,,,,,
Q62161,Q45664312,,,,,,,,,,,,,,,,,,,,,,,,,,,,,,,,,,,,,,,,,,,,,
Q62164,Q45472875,,,,,,,,,,,,,,,,,,,,,,,,,,,,,,,,,,,,,,,,,,,,,
Q62167,Q45473004,,,,,,,,,,,,,,,,,,,,,,,,,,,,,,,,,,,,,,,,,,,,,
Q62170,Q45567200,,,,,,,,,,,,,,,,,,,,,,,,,,,,,,,,,,,,,,,,,,,,,
Q62173,Q45640323,,,,,,,,,,,,,,,,,,,,,,,,,,,,,,,,,,,,,,,,,,,,,
Q62176,Q45640442,,,,,,,,,,,,,,,,,,,,,,,,,,,,,,,,,,,,,,,,,,,,,
Q62179,Q45640505,,,,,,,,,,,,,,,,,,,,,,,,,,,,,,,,,,,,,,,,,,,,,
Q62182,Q45640566,,,,,,,,,,,,,,,,,,,,,,,,,,,,,,,,,,,,,,,,,,,,,
Q62185,Q45561802,,,,,,,,,,,,,,,,,,,,,,,,,,,,,,,,,,,,,,,,,,,,,
Q62188,Q45561864,,,,,,,,,,,,,,,,,,,,,,,,,,,,,,,,,,,,,,,,,,,,,
Q62191,Q45561928,,,,,,,,,,,,,,,,,,,,,,,,,,,,,,,,,,,,,,,,,,,,,
Q62194,Q45470890,,,,,,,,,,,,,,,,,,,,,,,,,,,,,,,,,,,,,,,,,,,,,
Q62197,Q45650898,,,,,,,,,,,,,,,,,,,,,,,,,,,,,,,,,,,,,,,,,,,,,
Q62200,Q45631810,,,,,,,,,,,,,,,,,,,,,,,,,,,,,,,,,,,,,,,,,,,,,
Q62203,Q45651016,,,,,,,,,,,,,,,,,,,,,,,,,,,,,,,,,,,,,,,,,,,,,
Q62206,Q45651197,,,,,,,,,,,,,,,,,,,,,,,,,,,,,,,,,,,,,,,,,,,,,
Q62209,Q45651257,,,,,,,,,,,,,,,,,,,,,,,,,,,,,,,,,,,,,,,,,,,,,
Q62212,Q45479304,,,,,,,,,,,,,,,,,,,,,,,,,,,,,,,,,,,,,,,,,,,,,
Q62215,Q45479876,,,,,,,,,,,,,,,,,,,,,,,,,,,,,,,,,,,,,,,,,,,,,
Q62218,Q45480706,,,,,,,,,,,,,,,,,,,,,,,,,,,,,,,,,,,,,,,,,,,,,
Q62221,Q45480767,,,,,,,,,,,,,,,,,,,,,,,,,,,,,,,,,,,,,,,,,,,,,
Q62224,Q45481279,,,,,,,,,,,,,,,,,,,,,,,,,,,,,,,,,,,,,,,,,,,,,
Q62227,Q45481727,,,,,,,,,,,,,,,,,,,,,,,,,,,,,,,,,,,,,,,,,,,,,
Q62230,Q45481793,,,,,,,,,,,,,,,,,,,,,,,,,,,,,,,,,,,,,,,,,,,,,
Q62233,Q45481858,,,,,,,,,,,,,,,,,,,,,,,,,,,,,,,,,,,,,,,,,,,,,
Q62236,Q45481924,,,,,,,,,,,,,,,,,,,,,,,,,,,,,,,,,,,,,,,,,,,,,
Q62239,Q45481987,,,,,,,,,,,,,,,,,,,,,,,,,,,,,,,,,,,,,,,,,,,,,
Q62242,Q45482306,,,,,,,,,,,,,,,,,,,,,,,,,,,,,,,,,,,,,,,,,,,,,
Q62245,Q45482558,,,,,,,,,,,,,,,,,,,,,,,,,,,,,,,,,,,,,,,,,,,,,
Q62248,Q45482937,,,,,,,,,,,,,,,,,,,,,,,,,,,,,,,,,,,,,,,,,,,,,
Q62251,Q45483319,,,,,,,,,,,,,,,,,,,,,,,,,,,,,,,,,,,,,,,,,,,,,
Q62254,Q45483637,,,,,,,,,,,,,,,,,,,,,,,,,,,,,,,,,,,,,,,,,,,,,
Q62257,Q45484658,,,,,,,,,,,,,,,,,,,,,,,,,,,,,,,,,,,,,,,,,,,,,
Q62260,Q45485046,,,,,,,,,,,,,,,,,,,,,,,,,,,,,,,,,,,,,,,,,,,,,
Q62263,Q45485111,,,,,,,,,,,,,,,,,,,,,,,,,,,,,,,,,,,,,,,,,,,,,
Q62266,Q45485369,,,,,,,,,,,,,,,,,,,,,,,,,,,,,,,,,,,,,,,,,,,,,
Q62269,Q45485878,,,,,,,,,,,,,,,,,,,,,,,,,,,,,,,,,,,,,,,,,,,,,
Q62272,Q45486133,,,,,,,,,,,,,,,,,,,,,,,,,,,,,,,,,,,,,,,,,,,,,
Q62275,Q45486196,,,,,,,,,,,,,,,,,,,,,,,,,,,,,,,,,,,,,,,,,,,,,
Q62278,Q45487728,,,,,,,,,,,,,,,,,,,,,,,,,,,,,,,,,,,,,,,,,,,,,
Q62281,Q45681959,,,,,,,,,,,,,,,,,,,,,,,,,,,,,,,,,,,,,,,,,,,,,
Q62284,Q18906302,,,,,,,,,,,,,,,,,,,,,,,,,,,,,,,,,,,,,,,,,,,,,
Q62287,Q45420194,,,,,,,,,,,,,,,,,,,,,,,,,,,,,,,,,,,,,,,,,,,,,
Q62290,Q45420198,,,,,,,,,,,,,,,,,,,,,,,,,,,,,,,,,,,,,,,,,,,,,
Q62293,Q45673665,,,,,,,,,,,,,,,,,,,,,,,,,,,,,,,,,,,,,,,,,,,,,
Q62296,Q45420206,,,,,,,,,,,,,,,,,,,,,,,,,,,,,,,,,,,,,,,,,,,,,
Q62299,Q45460052,,,,,,,,,,,,,,,,,,,,,,,,,,,,,,,,,,,,,,,,,,,,,
Q62302,Q45420504,,,,,,,,,,,,,,,,,,,,,,,,,,,,,,,,,,,,,,,,,,,,,
Q62305,Q45637491,,,,,,,,,,,,,,,,,,,,,,,,,,,,,,,,,,,,,,,,,,,,,
Q62308,Q45422586,,,,,,,,,,,,,,,,,,,,,,,,,,,,,,,,,,,,,,,,,,,,,
Q62311,Q108781132,,,,,,,,,,,,,,,,,,,,,,,,,,,,,,,,,,,,,,,,,,,,,
Q62314,Q11068774,,,,,,,,,,,,,,,,,,,,,,,,,,,,,,,,,,,,,,,,,,,,,
Q62317,Q11239134,,,,,,,,,,,,,,,,,,,,,,,,,,,,,,,,,,,,,,,,,,,,松平-84,
Q62320,Q11657647,,,,,,,,,,,,,,,,,,,,,,,,,,,,,,,,,,,,,,,,,,,,,
Q62323,Q134519330,,,,,,,,,,,,,,,,,,,,,,,,,,,,,,,,,,,,,,,,,,,,,
Q62326,Q11467510,,,,,,,,,,,,,,,,,,,,,,,,,,,,,,,,,,,,,,,,,,,,,
Q62329,Q11467509,,,,,,,,,,,,,,,,,,,,,,,,,,,,,,,,,,,,,,,,,,,,,
Q62332,Q29410928,,,,,,,,,,,,,,,,,,,,,,,,,,,,,,,,,,,,,,,,,,,,,
Q62335,Q106651920,,,,,,,,,,,,,,,,,,,,,,,,,,,,,,,,,,,,,,,,,,,,,
Q62338,Q1631220,,,,,,,,,,,,,,,,,,,,,,,,,,,,,,,,,,,,,,,,,,,,,
Q62341,Q111104099,,,,,,,,,,,,,,,,,,,,,,,,,,,,,,,,,,,,,,,,,,,,,
Q62344,Q10943128,,,,,,,,,,,,,,,,,,,,,,,,,,,,,,,,,,,,,,,,,,,,,
Q62347,Q11642232,,,,,,,,,,,,,,,,,,,,,,,,,,,,,,,,,,,,,,,,,,,,,
Q62350,Q10565608,,,,,,,,,,,,,,,,,,,,,,,,,,,,,,,,,,,,,,,,,,,,,
Q62353,Q3335267,,,,,,,,,,,,,,,,,,,,,,,,,,,,,,,,,,,,,,,,,,,,,
Q62356,Q134515416,,,,,,,,,,,,,,,,,,,,,,,,,,,,,,,,,,,,,,,,,,,,,
Q62359,Q109983645,,,,,,,,,,,,,,,,,,,,,,,,,,,,,,,,,,,,,,,,,,,,,
Q62362,Q113164109,,,,,,,,,,,,,,,,,,,,,,,,,,,,,,,,,,,,,,,,,,,,,
Q62365,Q5646819,,,,,,,,,,,,,,,,,,,,,,,,,,,,,,,,,,,,,,,,,,,,,
Q62368,Q11284087,,,,,,,,,,,,,,,,,,,,,,,,,,,,,,,,,,,,,,,,,,,,,
Q62371,Q109288023,,,,,,,,,,,,,,,,,,,,,,,,,,,,,,,,,,,,,,,,,,,,,
Q62374,Q110087081,,,,,,,,,,,,,,,,,,,,,,,,,,,,,,,,,,,,,,,,,,,,,
Q62377,Q110087134,,,,,,,,,,,,,,,,,,,,,,,,,,,,,,,,,,,,,,,,,,,,,
Q62380,Q128865398,,,,,,,,,,,,,,,,,,,,,,,,,,,,,,,,,,,,,,,,,,,,,
Q62383,Q128843815,,,,,,,,,,,,,,,,,,,,,,,,,,,,,,,,,,,,,,,,,,,,,
Q62386,Q110044751,,,,,,,,,,,,,,,,,,,,,,,,,,,,,,,,,,,,,,,,,,,,,
Q62389,Q11667752,,,,,,,,,,,,,,,,,,,,,,,,,,,,,,,,,,,,,,,,,,,,,
Q62392,Q11534339,,,,,,,,,,,,,,,,,,,,,,,,,,,,,,,,,,,,,,,,,,,,,
Q62395,Q110602964,,,,,,,,,,,,,,,,,,,,,,,,,,,,,,,,,,,,,,,,,,,,,
Q62398,Q110643899,,,,,,,,,,,,,,,,,,,,,,,,,,,,,,,,,,,,,,,,,,,,,
Q62401,Q110644043,,,,,,,,,,,,,,,,,,,,,,,,,,,,,,,,,,,,,,,,,,,,,
Q62404,Q11464739,,,,,,,,,,,,,,,,,,,,,,,,,,,,,,,,,,,,,,,,,,,,,
Q62407,Q11464738,,,,,,,,,,,,,,,,,,,,,,,,,,,,,,,,,,,,,,,,,,,,,
Q62410,Q107159593,,,,,,,,,,,,,,,,,,,,,,,,,,,,,,,,,,,,,,,,,,,,,
Q62413,Q107159573,,,,,,,,,,,,,,,,,,,,,,,,,,,,,,,,,,,,,,,,,,,,,
Q62416,Q11679396,,,,,,,,,,,,,,,,,,,,,,,,,,,,,,,,,,,,,,,,,,,,,
Q62419,Q11679390,,,,,,,,,,,,,,,,,,,,,,,,,,,,,,,,,,,,,,,,,,,,,
Q62422,Q11495102,,,,,,,,,,,,,,,,,,,,,,,,,,,,,,,,,,,,,,,,,,,,,
Q62425,Q11679386,,,,,,,,,,,,,,,,,,,,,,,,,,,,,,,,,,,,,,,,,,,,,
Q62428,Q11584950,,,,,,,,,,,,,,,,,,,,,,,,,,,,,,,,,,,,,,,,,,,,,
Q62431,Q107159690,,,,,,,,,,,,,,,,,,,,,,,,,,,,,,,,,,,,,,,,,,,,,
Q62434,Q10860035,,,,,,,,,,,,,,,,,,,,,,,,,,,,,,,,,,,,,,,,,,,,,
Q62437,Q10860032,,,,,,,,,,,,,,,,,,,,,,,,,,,,,,,,,,,,,,,,,,,,,
Q62440,Q7079827,,,,,,,,,,,,,,,,,,,,,,,,,,,,,,,,,,,,,,,,,,,,,
Q62443,Q108057264,,,,,,,,,,,,,,,,,,,,,,,,,,,,,,,,,,,,,,,,,,,,,
Q62446,Q11399258,,,,,,,,,,,,,,,,,,,,,,,,,,,,,,,,,,,,,,,,,,,,,
Q62449,Q11642337,,,,,,,,,,,,,,,,,,,,,,,,,,,,,,,,,,,,,,,,,,,,,
Q62452,Q11556291,,,,,,,,,,,,,,,,,,,,,,,,,,,,,,,,,,,,,,,,,,,,,
Q62455,Q11539360,,,,,,,,,,,,,,,,,,,,,,,,,,,,,,,,,,,,,,,,,,,,,
Q62458,Q128851671,,,,,,,,,,,,,,,,,,,,,,,,,,,,,,,,,,,,,,,,,,,,,
Q62461,Q58139846,,,,,,,,,,,,,,,,,,,,,,,,,,,,,,,,,,,,,,,,,,,,,
Q62464,Q58139844,,,,,,,,,,,,,,,,,,,,,,,,,,,,,,,,,,,,,,,,,,,,,
Q62467,Q11532487,,,,,,,,,,,,,,,,,,,,,,,,,,,,,,,,,,,,,,,,,,,,,
Q62470,Q111219394,,,,,,,,,,,,,,,,,,,,,,,,,,,,,,,,,,,,,,,,,,,,,
Q62473,Q111219399,,,,,,,,,,,,,,,,,,,,,,,,,,,,,,,,,,,,,,,,,,,,,
Q62476,Q6606080,,,,,,,,,,,,,,,,,,,,,,,,,,,,,,,,,,,,,,,,,,,,,
Q62479,Q11361418,,,,,,,,,,,,,,,,,,,,,,,,,,,,,,,,,,,,,,,,,,,,,
Q62482,Q111152277,,,,,,,,,,,,,,,,,,,,,,,,,,,,,,,,,,,,,,,,,,,,,
Q62485,Q111219925,,,,,,,,,,,,,,,,,,,,,,,,,,,,,,,,,,,,,,,,,,,,,
Q62487,Q11374486,,,,,,,,,,,,,,,,,,,,,,,,,,,,,,,,,,,,,,,,,,,,,
Q62490,Q11530346,,,,,,,,,,,,,,,,,,,,,,,,,,,,,,,,,,,,,,,,,,,,松平-145,
Q62493,Q11522244,,,,,,,,,,,,,,,,,,,,,,,,,,,,,,,,,,,,,,,,,,,,,
Q62496,Q110175692,,,,,,,,,,,,,,,,,,,,,,,,,,,,,,,,,,,,,,,,,,,,,
Q62499,Q110176775,,,,,,,,,,,,,,,,,,,,,,,,,,,,,,,,,,,,,,,,,,,,,
Q62502,Q11530496,,,,,,,,,,,,,,,,,,,,,,,,,,,,,,,,,,,,,,,,,,,,松平-158,
Q62505,Q10862086,,,,,,,,,,,,,,,,,,,,,,,,,,,,,,,,,,,,,,,,,,,,,
Q62508,Q3299343,,,,,,,,,,,,,,,,,,,,,,,,,,,,,,,,,,,,,,,,,,,,,
Q62511,Q11520066,,,,,,,,,,,,,,,,,,,,,,,,,,,,,,,,,,,,,,,,,,,,,
Q62514,Q108097096,,,,,,,,,,,,,,,,,,,,,,,,,,,,,,,,,,,,,,,,,,,,,
Q62517,Q11551914,,,,,,,,,,,,,,,,,,,,,,,,,,,,,,,,,,,,,,,,,,,,,
Q62520,Q111153143,,,,,,,,,,,,,,,,,,,,,,,,,,,,,,,,,,,,,,,,,,,,,
Q62524,Q108843958,,,,,,,,,,,,,,,,,,,,,,,,,,,,,,,,,,,,,,,,,,,,,
Q62527,Q11439884,,,,,,,,,,,,,,,,,,,,,,,,,,,,,,,,,,,,,,,,,,,,,
Q62530,Q11380795,,,,,,,,,,,,,,,,,,,,,,,,,,,,,,,,,,,,,,,,,,,,,
Q62533,Q8514807,,,,,,,,,,,,,,,,,,,,,,,,,,,,,,,,,,,,,,,,,,,,,
Q62536,Q8514539,,,,,,,,,,,,,,,,,,,,,,,,,,,,,,,,,,,,,,,,,,,,,
Q62539,Q11427639,,,,,,,,,,,,,,,,,,,,,,,,,,,,,,,,,,,,,,,,,,,,,
Q62542,Q11380806,,,,,,,,,,,,,,,,,,,,,,,,,,,,,,,,,,,,,,,,,,,,,
Q62545,Q11380807,,,,,,,,,,,,,,,,,,,,,,,,,,,,,,,,,,,,,,,,,,,,,
Q62548,Q110309823,,,,,,,,,,,,,,,,,,,,,,,,,,,,,,,,,,,,,,,,,,,,,
Q62551,Q11104200,,,,,,,,,,,,,,,,,,,,,,,,,,,,,,,,,,,,,,,,,,,,,
Q62554,Q11529123,,,,,,,,,,,,,,,,,,,,,,,,,,,,,,,,,,,,,,,,,,,,,
Q62556,Q11606009,,,,,,,,,,,,,,,,,,,,,,,,,,,,,,,,,,,,,,,,,,,,,
Q62559,Q115586220,,,,,,,,,,,,,,,,,,,,,,,,,,,,,,,,,,,,,,,,,,,,,
Q62562,Q115585984,,,,,,,,,,,,,,,,,,,,,,,,,,,,,,,,,,,,,,,,,,,,,
Q62565,Q11510233,,,,,,,,,,,,,,,,,,,,,,,,,,,,,,,,,,,,,,,,,,,,,
Q62568,Q110961624,,,,,,,,,,,,,,,,,,,,,,,,,,,,,,,,,,,,,,,,,,,,,
Q62571,Q110961671,,,,,,,,,,,,,,,,,,,,,,,,,,,,,,,,,,,,,,,,,,,,,
Q62589,Q11405812,,,,,,,,,,,,,,,,,,,,,,,,,,,,,,,,,,,,,,,,,,,,,
Q62592,Q11549746,,,,,,,,,,,,,,,,,,,,,,,,,,,,,,,,,,,,,,,,,,,,,
Q62595,Q110909300,,,,,,,,,,,,,,,,,,,,,,,,,,,,,,,,,,,,,,,,,,,,,
Q62598,Q11530614,,,,,,,,,,,,,,,,,,,,,,,,,,,,,,,,,,,,,,,,,,,,,
Q62601,Q11413071,,,,,,,,,,,,,,,,,,,,,,,,,,,,,,,,,,,,,,,,,,,,,
Q62604,Q110952607,,,,,,,,,,,,,,,,,,,,,,,,,,,,,,,,,,,,,,,,,,,,,
Q62607,Q4701235,,,,,,,,,,,,,,,,,,,,,,,,,,,,,,,,,,,,,,,,,,,,,
Q62610,Q11530528,,,,,,,,,,,,,,,,,,,,,,,,,,,,,,,,,,,,,,,,,,,,松平-94,
Q62613,Q11530539,,,,,,,,,,,,,,,,,,,,,,,,,,,,,,,,,,,,,,,,,,,,松平-96,
Q62616,Q11552184,,,,,,,,,,,,,,,,,,,,,,,,,,,,,,,,,,,,,,,,,,,,池田-125,
Q62619,Q11551921,,,,,,,,,,,,,,,,,,,,,,,,,,,,,,,,,,,,,,,,,,,,池田-146,
Q62622,Q11510231,,,,,,,,,,,,,,,,,,,,,,,,,,,,,,,,,,,,,,,,,,,,,
Q62625,Q134527330,,,,,,,,,,,,,,,,,,,,,,,,,,,,,,,,,,,,,,,,,,,,,
Q62637,Q11631904,,,,,,,,,,,,,,,,,,,,,,,,,,,,,,,,,,,,,,,,,,,,,
Q62640,Q11631965,,,,,,,,,,,,,,,,,,,,,,,,,,,,,,,,,,,,,,,,,,,,,
Q62643,Q108896854,,,,,,,,,,,,,,,,,,,,,,,,,,,,,,,,,,,,,,,,,,,,,
Q62646,Q10514812,,,,,,,,,,,,,,,,,,,,,,,,,,,,,,,,,,,,,,,,,,,,,
Q62649,Q10862140,,,,,,,,,,,,,,,,,,,,,,,,,,,,,,,,,,,,,,,,,,,,戸田-36,
Q62652,Q15838917,,,,,,,,,,,,,,,,,,,,,,,,,,,,,,,,,,,,,,,,,,,,,
Q62655,Q11531864,,,,,,,,,,,,,,,,,,,,,,,,,,,,,,,,,,,,,,,,,,,,,
Q62658,Q18235468,,,,,,,,,,,,,,,,,,,,,,,,,,,,,,,,,,,,,,,,,,,,,
Q62661,Q11486859,,,,,,,,,,,,,,,,,,,,,,,,,,,,,,,,,,,,,,,,,,,,,
Q62664,Q11619617,,,,,,,,,,,,,,,,,,,,,,,,,,,,,,,,,,,,,,,,,,,,,
Q62667,Q11451881,,,,,,,,,,,,,,,,,,,,,,,,,,,,,,,,,,,,,,,,,,,,,
Q62670,Q8514124,,,,,,,,,,,,,,,,,,,,,,,,,,,,,,,,,,,,,,,,,,,,立花-35,
Q62673,Q11633102,,,,,,,,,,,,,,,,,,,,,,,,,,,,,,,,,,,,,,,,,,,,,
Q62676,Q606867,,,,,,,,,,,,,,,,,,,,,,,,,,,,,,,,,,,,,,,,,,,,,
Q62679,Q11621654,,,,,,,,,,,,,,,,,,,,,,,,,,,,,,,,,,,,,,,,,,,,,
Q62682,Q11516846,,,,,,,,,,,,,,,,,,,,,,,,,,,,,,,,,,,,,,,,,,,,,
Q62685,Q11370520,,,,,,,,,,,,,,,,,,,,,,,,,,,,,,,,,,,,,,,,,,,,,
Q62688,Q11519998,,,,,,,,,,,,,,,,,,,,,,,,,,,,,,,,,,,,,,,,,,,,,
Q62691,Q60985491,,,,,,,,,,,,,,,,,,,,,,,,,,,,,,,,,,,,,,,,,,,,,
Q62694,Q128865451,,,,,,,,,,,,,,,,,,,,,,,,,,,,,,,,,,,,,,,,,,,,,
Q62697,Q128865416,,,,,,,,,,,,,,,,,,,,,,,,,,,,,,,,,,,,,,,,,,,,,
Q62700,Q8514268,,,,,,,,,,,,,,,,,,,,,,,,,,,,,,,,,,,,,,,,,,,,,
Q62703,Q11259190,,,,,,,,,,,,,,,,,,,,,,,,,,,,,,,,,,,,,,,,,,,,,
Q62706,Q11679401,,,,,,,,,,,,,,,,,,,,,,,,,,,,,,,,,,,,,,,,,,,,,
Q62709,Q11436052,,,,,,,,,,,,,,,,,,,,,,,,,,,,,,,,,,,,,,,,,,,,,
Q62712,Q11488585,,,,,,,,,,,,,,,,,,,,,,,,,,,,,,,,,,,,,,,,,,,,,
Q62715,Q11650700,,,,,,,,,,,,,,,,,,,,,,,,,,,,,,,,,,,,,,,,,,,,,
Q62718,Q11650699,,,,,,,,,,,,,,,,,,,,,,,,,,,,,,,,,,,,,,,,,,,,,
Q62721,Q11430599,,,,,,,,,,,,,,,,,,,,,,,,,,,,,,,,,,,,,,,,,,,,,
Q62724,Q11463126,,,,,,,,,,,,,,,,,,,,,,,,,,,,,,,,,,,,,,,,,,,,,
Q62727,Q11399363,,,,,,,,,,,,,,,,,,,,,,,,,,,,,,,,,,,,,,,,,,,,,
Q62730,Q11419252,,,,,,,,,,,,,,,,,,,,,,,,,,,,,,,,,,,,,,,,,,,,,
Q62733,Q11605982,,,,,,,,,,,,,,,,,,,,,,,,,,,,,,,,,,,,,,,,,,,,細川-52,
Q62736,Q11534393,,,,,,,,,,,,,,,,,,,,,,,,,,,,,,,,,,,,,,,,,,,,,
Q62739,Q11530605,,,,,,,,,,,,,,,,,,,,,,,,,,,,,,,,,,,,,,,,,,,,,
Q62742,Q11534371,,,,,,,,,,,,,,,,,,,,,,,,,,,,,,,,,,,,,,,,,,,,柳澤-16,
Q62745,Q11463414,,,,,,,,,,,,,,,,,,,,,,,,,,,,,,,,,,,,,,,,,,,,,
Q62748,Q11534384,,,,,,,,,,,,,,,,,,,,,,,,,,,,,,,,,,,,,,,,,,,,柳澤-17,
Q62751,Q110141191,,,,,,,,,,,,,,,,,,,,,,,,,,,,,,,,,,,,,,,,,,,,,
Q62754,Q11534386,,,,,,,,,,,,,,,,,,,,,,,,,,,,,,,,,,,,,,,,,,,,,
Q62757,Q10862068,,,,,,,,,,,,,,,,,,,,,,,,,,,,,,,,,,,,,,,,,,,,,
Q62760,Q3208802,,,,,,,,,,,,,,,,,,,,,,,,,,,,,,,,,,,,,,,,,,,,,
Q62763,Q134451309,,,,,,,,,,,,,,,,,,,,,,,,,,,,,,,,,,,,,,,,,,,,,
Q62766,Q110885688,,,,,,,,,,,,,,,,,,,,,,,,,,,,,,,,,,,,,,,,,,,,,
Q62769,Q134453017,,,,,,,,,,,,,,,,,,,,,,,,,,,,,,,,,,,,,,,,,,,,,
Q62772,Q110885264,,,,,,,,,,,,,,,,,,,,,,,,,,,,,,,,,,,,,,,,,,,,,
Q62775,Q11526821,,,,,,,,,,,,,,,,,,,,,,,,,,,,,,,,,,,,,,,,,,,,,
Q62778,Q8514902,,,,,,,,,,,,,,,,,,,,,,,,,,,,,,,,,,,,,,,,,,,,,
Q62781,Q10514790,,,,,,,,,,,,,,,,,,,,,,,,,,,,,,,,,,,,,,,,,,,,,
Q62784,Q10514758,,,,,,,,,,,,,,,,,,,,,,,,,,,,,,,,,,,,,,,,,,,,,
Q62787,Q11521632,,,,,,,,,,,,,,,,,,,,,,,,,,,,,,,,,,,,,,,,,,,,,
Q62790,Q11521633,,,,,,,,,,,,,,,,,,,,,,,,,,,,,,,,,,,,,,,,,,,,,
Q62793,Q134570476,,,,,,,,,,,,,,,,,,,,,,,,,,,,,,,,,,,,,,,,,,,,,
Q62796,Q134570582,,,,,,,,,,,,,,,,,,,,,,,,,,,,,,,,,,,,,,,,,,,,,
Q62799,Q108803091,,,,,,,,,,,,,,,,,,,,,,,,,,,,,,,,,,,,,,,,,,,,,
Q62802,Q109678928,,,,,,,,,,,,,,,,,,,,,,,,,,,,,,,,,,,,,,,,,,,,,
Q62805,Q114429307,,,,,,,,,,,,,,,,,,,,,,,,,,,,,,,,,,,,,,,,,,,,,
Q62808,Q108803103,,,,,,,,,,,,,,,,,,,,,,,,,,,,,,,,,,,,,,,,,,,,,
Q62811,Q109656355,,,,,,,,,,,,,,,,,,,,,,,,,,,,,,,,,,,,,,,,,,,,,
Q62814,Q108780773,,,,,,,,,,,,,,,,,,,,,,,,,,,,,,,,,,,,,,,,,,,,,
Q62817,Q30929621,,,,,,,,,,,,,,,,,,,,,,,,,,,,,,,,,,,,,,,,,,,,,
Q62820,Q11608292,,,,,,,,,,,,,,,,,,,,,,,,,,,,,,,,,,,,,,,,,,,,,
Q62823,Q11608323,,,,,,,,,,,,,,,,,,,,,,,,,,,,,,,,,,,,,,,,,,,,織田-30,
Q62844,Q3330158,,,,,,,,,,,,,,,,,,,,,,,,,,,,,,,,,,,,,,,,,,,,靑山-33,
Q62847,Q11530334,,,,,,,,,,,,,,,,,,,,,,,,,,,,,,,,,,,,,,,,,,,,松平-147,
Q62850,Q11432010,,,,,,,,,,,,,,,,,,,,,,,,,,,,,,,,,,,,,,,,,,,,,
Q62853,Q2743525,,,,,,,,,,,,,,,,,,,,,,,,,,,,,,,,,,,,,,,,,,,,麻生-15,
Q62955,Q6638375,,,,,,,,,,,,,,,,,,,,,,,,,,,,,,,,,,,,,,,,,,,,松平-216,
Q62958,Q6638429,,,,,,,,,,,,,,,,,,,,,,,,,,,,,,,,,,,,,,,,,,,,松平-214,
Q62961,Q11399353,,,,,,,,,,,,,,,,,,,,,,,,,,,,,,,,,,,,,,,,,,,,,
Q62964,Q11399352,,,,,,,,,,,,,,,,,,,,,,,,,,,,,,,,,,,,,,,,,,,,加藤-157,
Q62967,Q11070352,,,,,,,,,,,,,,,,,,,,,,,,,,,,,,,,,,,,,,,,,,,,,
Q62970,Q11549800,,,,,,,,,,,,,,,,,,,,,,,,,,,,,,,,,,,,,,,,,,,,,
Q62973,Q8515157,,,,,,,,,,,,,,,,,,,,,,,,,,,,,,,,,,,,,,,,,,,,酒井-54,
Q62976,Q8515231,,,,,,,,,,,,,,,,,,,,,,,,,,,,,,,,,,,,,,,,,,,,酒井-52,
Q62979,Q11495567,,,,,,,,,,,,,,,,,,,,,,,,,,,,,,,,,,,,,,,,,,,,,
Q62982,Q109270154,,,,,,,,,,,,,,,,,,,,,,,,,,,,,,,,,,,,,,,,,,,,,
Q62985,Q11596994,,,,,,,,,,,,,,,,,,,,,,,,,,,,,,,,,,,,,,,,,,,,,
Q62988,Q11162411,,,,,,,,,,,,,,,,,,,,,,,,,,,,,,,,,,,,,,,,,,,,島津-190,
Q62991,Q11162240,,,,,,,,,,,,,,,,,,,,,,,,,,,,,,,,,,,,,,,,,,,,島津-184,
Q62994,Q11162379,,,,,,,,,,,,,,,,,,,,,,,,,,,,,,,,,,,,,,,,,,,,,
Q63000,Q10517283,,,,,,,,,,,,,,,,,,,,,,,,,,,,,,,,,,,,,,,,,,,,,
Q63003,Q113257692,,,,,,,,,,,,,,,,,,,,,,,,,,,,,,,,,,,,,,,,,,,,,
Q63006,Q111018478,,,,,,,,,,,,,,,,,,,,,,,,,,,,,,,,,,,,,,,,,,,,,
Q63009,Q111018545,,,,,,,,,,,,,,,,,,,,,,,,,,,,,,,,,,,,,,,,,,,,,
Q63012,Q11530479,,,,,,,,,,,,,,,,,,,,,,,,,,,,,,,,,,,,,,,,,,,,松平-19,
Q63015,Q8514803,,,,,,,,,,,,,,,,,,,,,,,,,,,,,,,,,,,,,,,,,,,,,
Q63018,Q8515920,,,,,,,,,,,,,,,,,,,,,,,,,,,,,,,,,,,,,,,,,,,,,
Q63021,Q8514816,,,,,,,,,,,,,,,,,,,,,,,,,,,,,,,,,,,,,,,,,,,,,
Q63024,Q11583388,,,,,,,,,,,,,,,,,,,,,,,,,,,,,,,,,,,,,,,,,,,,眞田-15,
Q63027,Q105711173,,,,,,,,,,,,,,,,,,,,,,,,,,,,,,,,,,,,,,,,,,,,,
Q63030,Q10862074,,,,,,,,,,,,,,,,,,,,,,,,,,,,,,,,,,,,,,,,,,,,,
Q63033,Q11462601,,,,,,,,,,,,,,,,,,,,,,,,,,,,,,,,,,,,,,,,,,,,,
Q63036,Q106672018,,,,,,,,,,,,,,,,,,,,,,,,,,,,,,,,,,,,,,,,,,,,,
Q63039,Q17226024,,,,,,,,,,,,,,,,,,,,,,,,,,,,,,,,,,,,,,,,,,,,,
Q63042,Q11582534,,,,,,,,,,,,,,,,,,,,,,,,,,,,,,,,,,,,,,,,,,,,,
Q63045,Q109182485,,,,,,,,,,,,,,,,,,,,,,,,,,,,,,,,,,,,,,,,,,,,,
Q63048,Q109182906,,,,,,,,,,,,,,,,,,,,,,,,,,,,,,,,,,,,,,,,,,,,,
Q63051,Q8514549,,,,,,,,,,,,,,,,,,,,,,,,,,,,,,,,,,,,,,,,,,,,相馬-24,
Q63054,Q8514623,,,,,,,,,,,,,,,,,,,,,,,,,,,,,,,,,,,,,,,,,,,,相馬-35,
Q63057,Q17226031,,,,,,,,,,,,,,,,,,,,,,,,,,,,,,,,,,,,,,,,,,,,,
Q63060,Q8514491,,,,,,,,,,,,,,,,,,,,,,,,,,,,,,,,,,,,,,,,,,,,相馬-55,
Q63063,Q109186348,,,,,,,,,,,,,,,,,,,,,,,,,,,,,,,,,,,,,,,,,,,,,
Q63066,Q109186503,,,,,,,,,,,,,,,,,,,,,,,,,,,,,,,,,,,,,,,,,,,,,
Q63069,Q109186711,,,,,,,,,,,,,,,,,,,,,,,,,,,,,,,,,,,,,,,,,,,,,
Q63072,Q108684308,,,,,,,,,,,,,,,,,,,,,,,,,,,,,,,,,,,,,,,,,,,,,
Q63078,Q11530385,,,,,,,,,,,,,,,,,,,,,,,,,,,,,,,,,,,,,,,,,,,,松平-572,
Q63081,Q11581251,,,,,,,,,,,,,,,,,,,,,,,,,,,,,,,,,,,,,,,,,,,,,
Q63084,Q111214220,,,,,,,,,,,,,,,,,,,,,,,,,,,,,,,,,,,,,,,,,,,,,
Q63087,Q30936883,,,,,,,,,,,,,,,,,,,,,,,,,,,,,,,,,,,,,,,,,,,,,
Q63090,Q30934552,,,,,,,,,,,,,,,,,,,,,,,,,,,,,,,,,,,,,,,,,,,,,
Q63093,Q16336051,,,,,,,,,,,,,,,,,,,,,,,,,,,,,,,,,,,,,,,,,,,,,
Q63096,Q20042142,,,,,,,,,,,,,,,,,,,,,,,,,,,,,,,,,,,,,,,,,,,,,
Q63099,Q11678712,,,,,,,,,,,,,,,,,,,,,,,,,,,,,,,,,,,,,,,,,,,,,
Q63102,Q110166083,,,,,,,,,,,,,,,,,,,,,,,,,,,,,,,,,,,,,,,,,,,,,
Q63105,Q110166106,,,,,,,,,,,,,,,,,,,,,,,,,,,,,,,,,,,,,,,,,,,,,
Q63108,Q110166150,,,,,,,,,,,,,,,,,,,,,,,,,,,,,,,,,,,,,,,,,,,,,
Q63111,Q3538594,,,,,,,,,,,,,,,,,,,,,,,,,,,,,,,,,,,,,,,,,,,,松平-132,
Q63114,Q8515128,,,,,,,,,,,,,,,,,,,,,,,,,,,,,,,,,,,,,,,,,,,,松平-702,
Q63117,Q8515122,,,,,,,,,,,,,,,,,,,,,,,,,,,,,,,,,,,,,,,,,,,,,
Q63120,Q108092868,,,,,,,,,,,,,,,,,,,,,,,,,,,,,,,,,,,,,,,,,,,,,
Q63123,Q8514897,,,,,,,,,,,,,,,,,,,,,,,,,,,,,,,,,,,,,,,,,,,,大炊御門-2,
Q63126,Q110724055,,,,,,,,,,,,,,,,,,,,,,,,,,,,,,,,,,,,,,,,,,,,,
Q63129,Q11564477,,,,,,,,,,,,,,,,,,,,,,,,,,,,,,,,,,,,,,,,,,,,溝口-6,
Q63132,Q11530522,,,,,,,,,,,,,,,,,,,,,,,,,,,,,,,,,,,,,,,,,,,,松平-97,
Q63135,Q11530445,,,,,,,,,,,,,,,,,,,,,,,,,,,,,,,,,,,,,,,,,,,,松平-179,
Q63138,Q7040695,,,,,,,,,,,,,,,,,,,,,,,,,,,,,,,,,,,,,,,,,,,,,
Q63141,Q11556442,,,,,,,,,,,,,,,,,,,,,,,,,,,,,,,,,,,,,,,,,,,,津輕-9,
Q63144,Q111098419,,,,,,,,,,,,,,,,,,,,,,,,,,,,,,,,,,,,,,,,,,,,,
Q63147,Q108683990,,,,,,,,,,,,,,,,,,,,,,,,,,,,,,,,,,,,,,,,,,,,,
Q63150,Q11551697,,,,,,,,,,,,,,,,,,,,,,,,,,,,,,,,,,,,,,,,,,,,,
Q63153,Q111097744,,,,,,,,,,,,,,,,,,,,,,,,,,,,,,,,,,,,,,,,,,,,,
Q63156,Q111097754,,,,,,,,,,,,,,,,,,,,,,,,,,,,,,,,,,,,,,,,,,,,,
Q63159,Q48759608,,,,,,,,,,,,,,,,,,,,,,,,,,,,,,,,,,,,,,,,,,,,戸田-88,
Q63179,Q110296907,,,,,,,,,,,,,,,,,,,,,,,,,,,,,,,,,,,,,,,,,,,,,
Q63182,Q11642174,,,,,,,,,,,,,,,,,,,,,,,,,,,,,,,,,,,,,,,,,,,,,
Q63185,Q11642330,,,,,,,,,,,,,,,,,,,,,,,,,,,,,,,,,,,,,,,,,,,,遠藤-56,
Q63188,Q110738185,,,,,,,,,,,,,,,,,,,,,,,,,,,,,,,,,,,,,,,,,,,,,
Q63191,Q11583386,,,,,,,,,,,,,,,,,,,,,,,,,,,,,,,,,,,,,,,,,,,,,
Q63194,Q6529205,,,,,,,,,,,,,,,,,,,,,,,,,,,,,,,,,,,,,,,,,,,,,
Q63197,Q108915012,,,,,,,,,,,,,,,,,,,,,,,,,,,,,,,,,,,,,,,,,,,,,
Q63200,Q108915016,,,,,,,,,,,,,,,,,,,,,,,,,,,,,,,,,,,,,,,,,,,,,
Q63203,Q108915132,,,,,,,,,,,,,,,,,,,,,,,,,,,,,,,,,,,,,,,,,,,,,
Q63206,Q41699188,,,,,,,,,,,,,,,,,,,,,,,,,,,,,,,,,,,,,,,,,,,,,
Q63209,Q41699196,,,,,,,,,,,,,,,,,,,,,,,,,,,,,,,,,,,,,,,,,,,,,
Q63212,Q30932275,,,,,,,,,,,,,,,,,,,,,,,,,,,,,,,,,,,,,,,,,,,,,
Q63215,Q55177747,,,,,,,,,,,,,,,,,,,,,,,,,,,,,,,,,,,,,,,,,,,,,
Q63217,Q11581265,,,,,,,,,,,,,,,,,,,,,,,,,,,,,,,,,,,,,,,,,,,,,
Q63220,Q108915079,,,,,,,,,,,,,,,,,,,,,,,,,,,,,,,,,,,,,,,,,,,,,
Q63223,Q109341977,,,,,,,,,,,,,,,,,,,,,,,,,,,,,,,,,,,,,,,,,,,,,
Q63226,Q110687696,,,,,,,,,,,,,,,,,,,,,,,,,,,,,,,,,,,,,,,,,,,,,
Q63229,Q110647138,,,,,,,,,,,,,,,,,,,,,,,,,,,,,,,,,,,,,,,,,,,,,
Q63232,Q115586107,,,,,,,,,,,,,,,,,,,,,,,,,,,,,,,,,,,,,,,,,,,,,
Q63235,Q11423083,,,,,,,,,,,,,,,,,,,,,,,,,,,,,,,,,,,,,,,,,,,,,
Q63238,Q11551751,,,,,,,,,,,,,,,,,,,,,,,,,,,,,,,,,,,,,,,,,,,,池田-124,
Q63241,Q110961759,,,,,,,,,,,,,,,,,,,,,,,,,,,,,,,,,,,,,,,,,,,,,
Q63244,Q110961953,,,,,,,,,,,,,,,,,,,,,,,,,,,,,,,,,,,,,,,,,,,,,
Q63247,Q110961981,,,,,,,,,,,,,,,,,,,,,,,,,,,,,,,,,,,,,,,,,,,,,
Q63250,Q7040690,,,,,,,,,,,,,,,,,,,,,,,,,,,,,,,,,,,,,,,,,,,,,
Q63253,Q111132763,,,,,,,,,,,,,,,,,,,,,,,,,,,,,,,,,,,,,,,,,,,,,
Q63256,Q8515054,,,,,,,,,,,,,,,,,,,,,,,,,,,,,,,,,,,,,,,,,,,,,
Q63259,Q11530344,,,,,,,,,,,,,,,,,,,,,,,,,,,,,,,,,,,,,,,,,,,,,
Q63262,Q8515016,,,,,,,,,,,,,,,,,,,,,,,,,,,,,,,,,,,,,,,,,,,,松平-494,
Q63265,Q11530363,,,,,,,,,,,,,,,,,,,,,,,,,,,,,,,,,,,,,,,,,,,,,
Q63268,Q11397459,,,,,,,,,,,,,,,,,,,,,,,,,,,560119,,,,,,,,,,,,,,,,,前田-37,
Q63271,Q11452042,,,,,,,,,,,,,,,,,,,,,,,,,,,,,,,,,,,,,,,,,,,,宗-4,
Q63277,Q108487677,,,,,,,,,,,,,,,,,,,,,,,,,,,,,,,,,,,,,,,,,,,,松平-61,
Q63280,Q108486513,,,,,,,,,,,,,,,,,,,,,,,,,,,,,,,,,,,,,,,,,,,,,
Q63283,Q10860036,,,,,,,,,,,,,,,,,,,,,,,,,,,,,,,,,,,,,,,,,,,,小笠原-46,
Q63286,Q10856555,,,,,,,,,,,,,,,,,,,,,,,,,,,,,,,,,,,,,,,,,,,,小笠原-44,
Q63289,Q108487876,,,,,,,,,,,,,,,,,,,,,,,,,,,,,,,,,,,,,,,,,,,,,
Q63292,Q108487966,,,,,,,,,,,,,,,,,,,,,,,,,,,,,,,,,,,,,,,,,,,,,
Q63295,Q108488044,,,,,,,,,,,,,,,,,,,,,,,,,,,,,,,,,,,,,,,,,,,,,
Q63298,Q11463415,,,,,,,,,,,,,,,,,,,,,,,,,,,,,,,,,,,,,,,,,,,,小笠原-45,
Q63301,Q10524284,,,,,,,,,,,,,,,,,,,,,,,,,,,,,,,,,,,,,,,,,,,,,
Q63304,Q109656356,,,,,,,,,,,,,,,,,,,,,,,,,,,,,,,,,,,,,,,,,,,,,
Q63307,Q11605968,,,,,,,,,,,,,,,,,,,,,,,,,,,,,,,,,,,,,,,,,,,,細川-73,
Q63310,Q11608304,,,,,,,,,,,,,,,,,,,,,,,,,,,,,,,,,,,,,,,,,,,,細川-70,
Q63313,Q11605999,,,,,,,,,,,,,,,,,,,,,,,,,,,,,,,,,,,,,,,,,,,,細川-71,
Q63316,Q51915038,,,,,,,,,,,,,,,,,,,,,,,,,,,,,,,,,,,,,,,,,,,,細川-291,
Q63319,Q11419257,,,,,,,,,,,,,,,,,,,,,,,,,,,,,,,,,,,,,,,,,,,,,
Q63322,Q11656470,,,,,,,,,,,,,,,,,,,,,,,,,,,,,,,,,,,,,,,,,,,,,
Q63325,Q11594833,,,,,,,,,,,,,,,,,,,,,,,,,,,,,,,,,,,,,,,,,,,,,
Q63328,Q11594859,,,,,,,,,,,,,,,,,,,,,,,,,,,,,,,,,,,,,,,,,,,,,
Q63331,Q8515297,,,,,,,,,,,,,,,,,,,,,,,,,,,,,,,,,,,,,,,,,,,,,
Q63334,Q108889457,,,,,,,,,,,,,,,,,,,,,,,,,,,,,,,,,,,,,,,,,,,,,
Q63337,Q108915334,,,,,,,,,,,,,,,,,,,,,,,,,,,,,,,,,,,,,,,,,,,,,
Q63340,Q134434647,,,,,,,,,,,,,,,,,,,,,,,,,,,,,,,,,,,,,,,,,,,,西園寺-4,
Q63343,Q7223104,,,,,,,,,,,,,,,,,,,,,,,,,,,,,,,,,,,,,,,,,,,,西園寺-7,
Q63346,Q108890579,,,,,,,,,,,,,,,,,,,,,,,,,,,,,,,,,,,,,,,,,,,,,
Q63349,Q11547565,,,,,,,,,,,,,,,,,,,,,,,,,,,,,,,,,,,,,,,,,,,,毛利-22,
Q63352,Q27917808,,,,,,,,,,,,,,,,,,,,,,,,,,,,,,,,,,,,,,,,,,,,毛利-35,
Q63355,Q11644178,,,,,,,,,,,,,,,,,,,,,,,,,,,,,,,,,,,,,,,,,,,,酒井-62,
Q63361,Q115586641,,,,,,,,,,,,,,,,,,,,,,,,,,,,,,,,,,,,,,,,,,,,,
Q63364,Q11431999,,,,,,,,,,,,,,,,,,,,,,,,,,,,,,,,,,,,,,,,,,,,,
Q63367,Q11618467,,,,,,,,,,,,,,,,,,,,,,,,,,,,,,,,,,,,,,,,,,,,,
Q63370,Q11438255,,,,,,,,,,,,,,,,,,,,,,,,,,,,,,,,,,,,,,,,,,,,,
Q63373,Q11438162,,,,,,,,,,,,,,,,,,,,,,,,,,,,,,,,,,,,,,,,,,,,大石-5,
Q63376,Q11586591,,,,,,,,,,,,,,,,,,,,,,,,,,,,,,,,,,,,,,,,,,,,,
Q63380,Q6528988,,,,,,,,,,,,,,,,,,,,,,,,,,,,,,,,,,,,,,,,,,,,,
Q63383,Q7222491,,,,,,,,,,,,,,,,,,,,,,,,,,,,,,,,,,,,,,,,,,,,,
Q63386,Q11396157,,,,,,,,,,,,,,,,,,,,,,,,,,,,,,,,,,,,,,,,,,,,,
Q63389,Q118697742,,,,,,,,,,,,,,,,,,,,,,,,,,,,,,,,,,,,,,,,,,,,,
Q63392,Q11379415,,,,,,,,,,,,,,,,,,,,,,,,,,,,,,,,,,,,,,,,,,,,,
Q63395,Q111260991,,,,,,,,,,,,,,,,,,,,,,,,,,,,,,,,,,,,,,,,,,,,,
Q63398,Q11353146,,,,,,,,,,,,,,,,,,,,,,,,,,,,,,,,,,,,,,,,,,,,,
Q63401,Q11542555,,,,,,,,,,,,,,,,,,,,,,,,,,,,,,,,,,,,,,,,,,,,,
Q63404,Q11427693,,,,,,,,,,,,,,,,,,,,,,,,,,,,,,,,,,,,,,,,,,,,,
Q63407,Q11551928,,,,,,,,,,,,,,,,,,,,,,,,,,,,,,,,,,,,,,,,,,,,池田-98,
Q63410,Q115587023,,,,,,,,,,,,,,,,,,,,,,,,,,,,,,,,,,,,,,,,,,,,,
Q63413,Q109298727,,,,,,,,,,,,,,,,,,,,,,,,,,,,,,,,,,,,,,,,,,,,,
Q63417,Q11496420,,,,,,,,,,,,,,,,,,,,,,,,,,,,,,,,,,,,,,,,,,,,,
Q63420,Q45830103,,,,,,,,,,,,,,,,,,,,,,,,,,,,,,,,,,,,,,,,,,,,,
Q63423,Q11462599,,,,,,,,,,,,,,,,,,,,,,,,,,,,,,,,,,,,,,,,,,,,,
Q63426,Q11549814,,,,,,,,,,,,,,,,,,,,,,,,,,,,,,,,,,,,,,,,,,,,,
Q63429,Q11549809,,,,,,,,,,,,,,,,,,,,,,,,,,,,,,,,,,,,,,,,,,,,,
Q63432,Q11067978,,,,,,,,,,,,,,,,,,,,,,,,,,,,,,,,,,,,,,,,,,,,,
Q63435,Q110973311,,,,,,,,,,,,,,,,,,,,,,,,,,,,,,,,,,,,,,,,,,,,,
Q63438,Q111009578,,,,,,,,,,,,,,,,,,,,,,,,,,,,,,,,,,,,,,,,,,,,,
Q63444,Q10856559,,,,,,,,,,,,,,,,,,,,,,,,,,,,,,,,,,,,,,,,,,,,小笠原-17,
Q63447,Q108497482,,,,,,,,,,,,,,,,,,,,,,,,,,,,,,,,,,,,,,,,,,,,,
Q63450,Q8514189,,,,,,,,,,,,,,,,,,,,,,,,,,,,,,,,,,,,,,,,,,,,戸澤-6,
Q63453,Q109186303,,,,,,,,,,,,,,,,,,,,,,,,,,,,,,,,,,,,,,,,,,,,,
Q63456,Q11570616,,,,,,,,,,,,,,,,,,,,,,,,,,,,,,,,,,,,,,,,,,,,,
Q63459,Q11520019,,,,,,,,,,,,,,,,,,,,,,,,,,,,,,,,,,,,,,,,,,,,,
Q63462,Q11520002,,,,,,,,,,,,,,,,,,,,,,,,,,,,,,,,,,,,,,,,,,,,,
Q63465,Q11627893,,,,,,,,,,,,,,,,,,,,,,,,,,,,,,,,,,,,,,,,,,,,,
Q63468,Q11530364,,,,,,,,,,,,,,,,,,,,,,,,,,,,,,,,,,,,,,,,,,,,,
Q63471,Q11239084,,,,,,,,,,,,,,,,,,,,,,,,,,,,,,,,,,,,,,,,,,,,松平-322,
Q63474,Q11069899,,,,,,,,,,,,,,,,,,,,,,,,,,,,,,,,,,,,,,,,,,,,,
Q63477,Q11069816,,,,,,,,,,,,,,,,,,,,,,,,,,,,,,,,,,,,,,,,,,,,,
Q63480,Q10862129,,,,,,,,,,,,,,,,,,,,,,,,,,,,,,,,,,,,,,,,,,,,,
Q63483,Q87867357,,,,,,,,,,,,,,,,,,,,,,,,,,,,,,,,,,,,,,,,,,,,,
Q63486,Q1186700,,,,,,,,,,,,,,,,,,,,,,,,,,,974030,,,,,,,,,,,,,,,,,佐々-2,
Q63488,Q11642018,,,,,,,,,,,,,,,,,,,,,,,,,,,,,,,,,,,,,,,,,,,,,
Q63491,Q11613293,,,,,,,,,,,,,,,,,,,,,,,,,,,,,,,,,,,,,,,,,,,,,
Q63494,Q11613295,,,,,,,,,,,,,,,,,,,,,,,,,,,,,,,,,,,,,,,,,,,,,
Q63497,Q11613291,,,,,,,,,,,,,,,,,,,,,,,,,,,,,,,,,,,,,,,,,,,,,
Q63500,Q110909344,,,,,,,,,,,,,,,,,,,,,,,,,,,,,,,,,,,,,,,,,,,,,
Q63503,Q64784540,,,,,,,,,,,,,,,,,,,,,,,,,,,,,,,,,,,,,,,,,,,,,
Q63506,Q11365489,,,,,,,,,,,,,,,,,,,,,,,,,,,,,,,,,,,,,,,,,,,,,
Q63509,Q22126226,,,,,,,,,,,,,,,,,,,,,,,,,,,,,,,,,,,,,,,,,,,,,
Q63512,Q17211134,,,,,,,,,,,,,,,,,,,,,,,,,,,,,,,,,,,,,,,,,,,,,
Q63515,Q11611472,,,,,,,,,,,,,,,,,,,,,,,,,,,,,,,,,,,,,,,,,,,,,
Q63518,Q115586850,,,,,,,,,,,,,,,,,,,,,,,,,,,,,,,,,,,,,,,,,,,,,
Q63521,Q11425978,,,,,,,,,,,,,,,,,,,,,,,,,,,,,,,,,,,,,,,,,,,,,
Q63524,Q109288155,,,,,,,,,,,,,,,,,,,,,,,,,,,,,,,,,,,,,,,,,,,,,
Q63527,Q109288154,,,,,,,,,,,,,,,,,,,,,,,,,,,,,,,,,,,,,,,,,,,,,
Q63530,Q108963898,,,,,,,,,,,,,,,,,,,,,,,,,,,,,,,,,,,,,,,,,,,,,
Q63533,Q6535070,,,,,,,,,,,,,,,,,,,,,,,,,,,,,,,,,,,,,,,,,,,,,
Q63536,Q128843807,,,,,,,,,,,,,,,,,,,,,,,,,,,,,,,,,,,,,,,,,,,,,
Q63539,Q108780919,,,,,,,,,,,,,,,,,,,,,,,,,,,,,,,,,,,,,,,,,,,,,
Q63542,Q6829283,,,,,,,,,,,,,,,,,,,,,,,,,,,,,,,,,,,,,,,,,,,,,
Q63545,Q113208000,,,,,,,,,,,,,,,,,,,,,,,,,,,,,,,,,,,,,,,,,,,,,
Q63548,Q110959439,,,,,,,,,,,,,,,,,,,,,,,,,,,,,,,,,,,,,,,,,,,,,
Q63551,Q108780845,,,,,,,,,,,,,,,,,,,,,,,,,,,,,,,,,,,,,,,,,,,,,
Q63554,Q108780826,,,,,,,,,,,,,,,,,,,,,,,,,,,,,,,,,,,,,,,,,,,,,
Q63557,Q110960783,,,,,,,,,,,,,,,,,,,,,,,,,,,,,,,,,,,,,,,,,,,,,
Q63560,Q108781711,,,,,,,,,,,,,,,,,,,,,,,,,,,,,,,,,,,,,,,,,,,,,
Q63563,Q115596558,,,,,,,,,,,,,,,,,,,,,,,,,,,,,,,,,,,,,,,,,,,,,
Q63566,Q11374495,,,,,,,,,,,,,,,,,,,,,,,,,,,,,,,,,,,,,,,,,,,,,
Q63569,Q11366495,,,,,,,,,,,,,,,,,,,,,,,,,,,,,,,,,,,,,,,,,,,,,
Q63572,Q11366104,,,,,,,,,,,,,,,,,,,,,,,,,,,,,,,,,,,,,,,,,,,,,
Q63575,Q108844255,,,,,,,,,,,,,,,,,,,,,,,,,,,,,,,,,,,,,,,,,,,,,
Q63578,Q110958157,,,,,,,,,,,,,,,,,,,,,,,,,,,,,,,,,,,,,,,,,,,,,
Q63581,Q110975863,,,,,,,,,,,,,,,,,,,,,,,,,,,,,,,,,,,,,,,,,,,,,
Q63584,Q113206786,,,,,,,,,,,,,,,,,,,,,,,,,,,,,,,,,,,,,,,,,,,,,
Q63587,Q113207496,,,,,,,,,,,,,,,,,,,,,,,,,,,,,,,,,,,,,,,,,,,,,
Q63590,Q4663343,,,,,,,,,,,,,,,,,,,,,,,,,,,,,,,,,,,,,,,,,,,,尚-1,
Q63593,Q118629683,,,,,,,,,,,,,,,,,,,,,,,,,,,,,,,,,,,,,,,,,,,,,
Q63596,Q6788046,,,,,,,,,,,,,,,,,,,,,,,,,,,,,,,,,,,,,,,,,,,,松平-188,
Q63662,Q43425471,,,,,,,,,,,,,,,,,,,,,,,,,,,,,,,,,,,,,,,,,,,,久我-35,
Q63665,Q2698639,,,,,,,,,,,,,,,,,,,,,,,,,,,,,,,,,,,,,,,,,,,,久我-6,
Q63857,Q3571972,,,,,,,,,,7785793,,,,,,,,,,,,,,,,,579702,,,,,,,,,,,,,,,,,安田-9,
Q63860,Q95578621,,,,,,,,,,,,,,,,,,,,,,,,,,,,,,,,,,,,,,,,,,,,大久保-5,
Q63863,Q11451045,,,,,,,,,,,,,,,,,,,,,,,,,,,,,,,,,,,,,,,,,,,,安田-11,
Q63866,Q118697701,,,,,,,,,,,,,,,,,,,,,,,,,,,,,,,,,,,,,,,,,,,,,
Q63875,Q11596929,,,,,,,,,,,,,,,,,,,,,,,,,,,,,,,,,,,,,,,,,,,,稻葉-14,
Q63878,Q11427682,,,,,,,,,,,,,,,,,,,,,,,,,,,,,,,,,,,,,,,,,,,,,
Q63944,Q11623752,,,,,,,,,,,,,,,,,,,,,,,,,,,,,,,,,,,,,,,,,,,,,
Q63947,Q11623745,,,,,,,,,,,,,,,,,,,,,,,,,,,,,,,,,,,,,,,,,,,,,
Q63950,Q11466477,,,,,,,,,,,,,,,,,,,,,,,,,,,,,,,,,,,,,,,,,,,,山内-122,
Q63953,Q11466496,,,,,,,,,,,,,,,,,,,,,,,,,,,,,,,,,,,,,,,,,,,,山内-123,
Q63956,Q11466468,,,,,,,,,,,,,,,,,,,,,,,,,,,,,,,,,,,,,,,,,,,,山内-28,
Q63962,Q11427652,,,,,,,,,,,,,,,,,,,,,,,,,,,,,,,,,,,,,,,,,,,,,
Q63965,Q3330132,,,,,,,,,,,,,,,,,,,,,,,,,,,,,,,,,,,,,,,,,,,,脇坂-1,
Q63968,Q107395,,,,,,,,,,,,,,,,,,,,,,,,,,,,,,,,,,,,,,,,,,,,板倉-11,
Q63971,Q58139834,,,,,,,,,,,,,,,,,,,,,,,,,,,,,,,,,,,,,,,,,,,,,
Q63974,Q11069279,,,,,,,,,,,,,,,,,,,,,,,,,,,,,,,,,,,,,,,,,,,,,
Q63977,Q11437714,,,,,,,,,,,,,,,,,,,,,,,,,,,,,,,,,,,,,,,,,,,,大炊御門-4,
Q63980,Q24845599,,,,,,,,,,,,,,,,,,,,,,,,,,,,,,,,,,,,,,,,,,,,壬生-4,
Q63983,Q6381590,,,,,,,,,,,,,,,,,,,,,,,,,,,805662,,,,,,,,,,,,,,,,,壬生-17,
Q64027,Q4352170,,,,,,,,,,,,,,,,,,,,,,,,,,,,,,,,,,,,,,,,,,,,伊達-82,
Q64030,Q108683856,,,,,,,,,,,,,,,,,,,,,,,,,,,,,,,,,,,,,,,,,,,,,
Q64033,Q108683883,,,,,,,,,,,,,,,,,,,,,,,,,,,,,,,,,,,,,,,,,,,,,
Q64036,Q11380724,,,,,,,,,,,,,,,,,,,,,,,,,,,,,,,,,,,,,,,,,,,,山口-156,
Q64039,Q115586826,,,,,,,,,,,,,,,,,,,,,,,,,,,,,,,,,,,,,,,,,,,,,
Q64043,Q10863167,,,,,,,,,,,,,,,,,,,,,,,,,,,,,,,,,,,,,,,,,,,,,
Q64046,Q22128817,,,,,,,,,,,,,,,,,,,,,,,,,,,,,,,,,,,,,,,,,,,,愛宕-6,
Q64049,Q714631,,,,,,,,,,,,,,,,,,,,,,,,,,,,,,,,,,,,,,,,,,,,,
Q64052,Q717467,,,,,,,,,,,,,,,,,,,,,,,,,,,,,,,,,,,,,,,,,,,,,
Q64055,Q16726571,,,,,,,,,,,,,,,,,,,,,,,,,,,,,,,,,,,,,,,,,,,,,
Q64058,Q19359962,,,,,,,,,,,,,,,,,,,,,,,,,,,,,,,,,,,,,,,,,,,,,
Q64061,Q12608995,,,,,,,,,,,,,,,,,,,,,,,,,,,,,,,,,,,,,,,,,,,,,
Q64064,Q498345,,,,,,,,,,,,,,,,,,,,,,,,,,,,,,,,,,,,,,,,,,,,,
Q64067,Q498441,,,,,,,,,,,,,,,,,,,,,,,,,,,,,,,,,,,,,,,,,,,,,
Q64070,Q6853227,,,,,,,,,,,,,,,,,,,,,,,,,,,,,,,,,,,,,,,,,,,,,
Q64073,Q18683919,,,,,,,,,,,,,,,,,,,,,,,,,,,,,,,,,,,,,,,,,,,,,
Q64076,Q12624595,,,,,,,,,,,,,,,,,,,,,,,,,,,,,,,,,,,,,,,,,,,,,
Q64079,Q28776566,,,,,,,,,,,,,,,,,,,,,,,,,,,,,,,,,,,,,,,,,,,,,
Q64099,Q19760221,,,,,,,,,,,,,,,,,,,,,,,,,,,,,,,,,,,,,,,,,,,,,
Q64102,Q15900471,,,,,,,,,,,,,,,,,,,,,,,,,,,,,,,,,,,,,,,,,,,,,
Q64105,Q1132566,,,,,,,,,,,,,,,,,,,,,,,,,,,,,,,,,,,,,,,,,,,,,
Q64108,Q108682465,,,,,,,,,,,,,,,,,,,,,,,,,,,,,,,,,,,,,,,,,,,,,
Q64111,Q18381242,,,,,,,,,,,,,,,,,,,,,,,,,,,,,,,,,,,,,,,,,,,,,
Q64114,Q11522432,,,,,,,,,,,,,,,,,,,,,,,,,,,,,,,,,,,,,,,,,,,,,
Q64117,Q26158668,,,,,,,,,,,,,,,,,,,,,,,,,,,,,,,,,,,,,,,,,,,,,
Q64120,Q45541222,,,,,,,,,,,,,,,,,,,,,,,,,,,,,,,,,,,,,,,,,,,,,
Q64123,Q45692345,,,,,,,,,,,,,,,,,,,,,,,,,,,,,,,,,,,,,,,,,,,,,
Q64126,Q45691897,,,,,,,,,,,,,,,,,,,,,,,,,,,,,,,,,,,,,,,,,,,,,
Q64129,Q45692118,,,,,,,,,,,,,,,,,,,,,,,,,,,,,,,,,,,,,,,,,,,,,
Q64132,Q45692145,,,,,,,,,,,,,,,,,,,,,,,,,,,,,,,,,,,,,,,,,,,,,
Q64135,Q45692991,,,,,,,,,,,,,,,,,,,,,,,,,,,,,,,,,,,,,,,,,,,,,
Q64138,Q45692007,,,,,,,,,,,,,,,,,,,,,,,,,,,,,,,,,,,,,,,,,,,,,
Q64141,Q45462397,,,,,,,,,,,,,,,,,,,,,,,,,,,,,,,,,,,,,,,,,,,,,
Q64144,Q45534435,,,,,,,,,,,,,,,,,,,,,,,,,,,,,,,,,,,,,,,,,,,,,
Q64147,Q45534757,,,,,,,,,,,,,,,,,,,,,,,,,,,,,,,,,,,,,,,,,,,,,
Q64150,Q45699665,,,,,,,,,,,,,,,,,,,,,,,,,,,,,,,,,,,,,,,,,,,,,
Q64153,Q45699439,,,,,,,,,,,,,,,,,,,,,,,,,,,,,,,,,,,,,,,,,,,,,
Q64156,Q45699465,,,,,,,,,,,,,,,,,,,,,,,,,,,,,,,,,,,,,,,,,,,,,
Q64159,Q45699489,,,,,,,,,,,,,,,,,,,,,,,,,,,,,,,,,,,,,,,,,,,,,
Q64162,Q65803093,,,,,,,,,,,,,,,,,,,,,,,,,,,,,,,,,,,,,,,,,,,,,
Q64165,Q45517411,,,,,,,,,,,,,,,,,,,,,,,,,,,,,,,,,,,,,,,,,,,,,
Q64168,Q45658442,,,,,,,,,,,,,,,,,,,,,,,,,,,,,,,,,,,,,,,,,,,,,
Q64171,Q45658500,,,,,,,,,,,,,,,,,,,,,,,,,,,,,,,,,,,,,,,,,,,,,
Q64174,Q45658559,,,,,,,,,,,,,,,,,,,,,,,,,,,,,,,,,,,,,,,,,,,,,
Q64177,Q45658619,,,,,,,,,,,,,,,,,,,,,,,,,,,,,,,,,,,,,,,,,,,,,
Q64180,Q45700534,,,,,,,,,,,,,,,,,,,,,,,,,,,,,,,,,,,,,,,,,,,,,
Q64183,Q45700584,,,,,,,,,,,,,,,,,,,,,,,,,,,,,,,,,,,,,,,,,,,,,
Q64186,Q1040047,,,,,,,,,,,,,,,,,,,,,,,,,,,1205717,,,,,,,,,,,,,,,,,,
Q64189,Q3983459,,,,,,,,,,,,,,,,,,,,,,,,,,,529821,,,,,,,,,,,,,,,,,,
Q64192,Q107424714,,,,,,,,,,,,,,,,,,,,,,,,,,,,,,,,,,,,,,,,,,,,,
Q64195,Q45700204,,,,,,,,,,,,,,,,,,,,,,,,,,,,,,,,,,,,,,,,,,,,,
Q64198,Q6938836,,,,,,,,,,,,,,,,,,,,,,,,,,,,,,,,,,,,,,,,,,,,,
Q64201,Q16260651,,,,,,,,,,,,,,,,,,,,,,,,,,,,,,,,,,,,,,,,,,,,,
Q64204,Q24835957,,,,,,,,,,,,,,,,,,,,,,,,,,,,,,,,,,,,,,,,,,,,,
Q64207,Q65050131,,,,,,,,,,,,,,,,,,,,,,,,,,,,,,,,,,,,,,,,,,,,,
Q64210,Q16903715,,,,,,,,,,,,,,,,,,,,,,,,,,,,,,,,,,,,,,,,,,,,,
Q64213,Q24835799,,,,,,,,,,,,,,,,,,,,,,,,,,,,,,,,,,,,,,,,,,,,,
Q64216,Q45701133,,,,,,,,,,,,,,,,,,,,,,,,,,,,,,,,,,,,,,,,,,,,,
Q64219,Q45701758,,,,,,,,,,,,,,,,,,,,,,,,,,,,,,,,,,,,,,,,,,,,,
Q64222,Q45436385,,,,,,,,,,,,,,,,,,,,,,,,,,,,,,,,,,,,,,,,,,,,,
Q64225,Q45436572,,,,,,,,,,,,,,,,,,,,,,,,,,,,,,,,,,,,,,,,,,,,,
Q64228,Q45634105,,,,,,,,,,,,,,,,,,,,,,,,,,,,,,,,,,,,,,,,,,,,,
Q64231,Q45438152,,,,,,,,,,,,,,,,,,,,,,,,,,,,,,,,,,,,,,,,,,,,,
Q64234,Q45692937,,,,,,,,,,,,,,,,,,,,,,,,,,,,,,,,,,,,,,,,,,,,,
Q64237,Q45475450,,,,,,,,,,,,,,,,,,,,,,,,,,,,,,,,,,,,,,,,,,,,,
Q64240,Q45682996,,,,,,,,,,,,,,,,,,,,,,,,,,,,,,,,,,,,,,,,,,,,,
Q64243,Q45683028,,,,,,,,,,,,,,,,,,,,,,,,,,,,,,,,,,,,,,,,,,,,,
Q64246,Q45682715,,,,,,,,,,,,,,,,,,,,,,,,,,,,,,,,,,,,,,,,,,,,,
Q64249,Q45682745,,,,,,,,,,,,,,,,,,,,,,,,,,,,,,,,,,,,,,,,,,,,,
Q64252,Q45682874,,,,,,,,,,,,,,,,,,,,,,,,,,,,,,,,,,,,,,,,,,,,,
Q64255,Q45682904,,,,,,,,,,,,,,,,,,,,,,,,,,,,,,,,,,,,,,,,,,,,,
Q64258,Q45682934,,,,,,,,,,,,,,,,,,,,,,,,,,,,,,,,,,,,,,,,,,,,,
Q64261,Q45695519,,,,,,,,,,,,,,,,,,,,,,,,,,,,,,,,,,,,,,,,,,,,,
Q64264,Q45695546,,,,,,,,,,,,,,,,,,,,,,,,,,,,,,,,,,,,,,,,,,,,,
Q64267,Q45695573,,,,,,,,,,,,,,,,,,,,,,,,,,,,,,,,,,,,,,,,,,,,,
Q64270,Q45695383,,,,,,,,,,,,,,,,,,,,,,,,,,,,,,,,,,,,,,,,,,,,,
Q64273,Q45695410,,,,,,,,,,,,,,,,,,,,,,,,,,,,,,,,,,,,,,,,,,,,,
Q64276,Q45695436,,,,,,,,,,,,,,,,,,,,,,,,,,,,,,,,,,,,,,,,,,,,,
Q64279,Q45695465,,,,,,,,,,,,,,,,,,,,,,,,,,,,,,,,,,,,,,,,,,,,,
Q64282,Q45524619,,,,,,,,,,,,,,,,,,,,,,,,,,,,,,,,,,,,,,,,,,,,,
Q64285,Q45693157,,,,,,,,,,,,,,,,,,,,,,,,,,,,,,,,,,,,,,,,,,,,,
Q64288,Q45693186,,,,,,,,,,,,,,,,,,,,,,,,,,,,,,,,,,,,,,,,,,,,,
Q64291,Q45693242,,,,,,,,,,,,,,,,,,,,,,,,,,,,,,,,,,,,,,,,,,,,,
Q64294,Q45693299,,,,,,,,,,,,,,,,,,,,,,,,,,,,,,,,,,,,,,,,,,,,,
Q64297,Q45693353,,,,,,,,,,,,,,,,,,,,,,,,,,,,,,,,,,,,,,,,,,,,,
Q64300,Q45693495,,,,,,,,,,,,,,,,,,,,,,,,,,,,,,,,,,,,,,,,,,,,,
Q64303,Q45693606,,,,,,,,,,,,,,,,,,,,,,,,,,,,,,,,,,,,,,,,,,,,,
Q64306,Q45693662,,,,,,,,,,,,,,,,,,,,,,,,,,,,,,,,,,,,,,,,,,,,,
Q64309,Q45694190,,,,,,,,,,,,,,,,,,,,,,,,,,,,,,,,,,,,,,,,,,,,,
Q64312,Q45694242,,,,,,,,,,,,,,,,,,,,,,,,,,,,,,,,,,,,,,,,,,,,,
Q64315,Q45695223,,,,,,,,,,,,,,,,,,,,,,,,,,,,,,,,,,,,,,,,,,,,,
Q64318,Q45695251,,,,,,,,,,,,,,,,,,,,,,,,,,,,,,,,,,,,,,,,,,,,,
Q64321,Q45695278,,,,,,,,,,,,,,,,,,,,,,,,,,,,,,,,,,,,,,,,,,,,,
Q64324,Q45695301,,,,,,,,,,,,,,,,,,,,,,,,,,,,,,,,,,,,,,,,,,,,,
Q64327,Q45696223,,,,,,,,,,,,,,,,,,,,,,,,,,,,,,,,,,,,,,,,,,,,,
Q64330,Q45697328,,,,,,,,,,,,,,,,,,,,,,,,,,,,,,,,,,,,,,,,,,,,,
Q64333,Q45502571,,,,,,,,,,,,,,,,,,,,,,,,,,,,,,,,,,,,,,,,,,,,,
Q64336,Q45697402,,,,,,,,,,,,,,,,,,,,,,,,,,,,,,,,,,,,,,,,,,,,,
Q64339,Q45698818,,,,,,,,,,,,,,,,,,,,,,,,,,,,,,,,,,,,,,,,,,,,,
Q64342,Q45490603,,,,,,,,,,,,,,,,,,,,,,,,,,,,,,,,,,,,,,,,,,,,,
Q64345,Q861852,,,,,,,,,,,,,,,,,,,,,,,,,,,,,,,,,,,,,,,,,,,,,
Q64348,Q45450348,,,,,,,,,,,,,,,,,,,,,,,,,,,,,,,,,,,,,,,,,,,,,
Q64351,Q45687836,,,,,,,,,,,,,,,,,,,,,,,,,,,,,,,,,,,,,,,,,,,,,
Q64354,Q20062547,,,,,,,,,,,,,,,,,,,,,,,,,,,,,,,,,,,,,,,,,,,,,
Q64357,Q45468412,,,,,,,,,,,,,,,,,,,,,,,,,,,,,,,,,,,,,,,,,,,,,
Q64360,Q65803870,,,,,,,,,,,,,,,,,,,,,,,,,,,,,,,,,,,,,,,,,,,,,
Q64363,Q45686422,,,,,,,,,,,,,,,,,,,,,,,,,,,,,,,,,,,,,,,,,,,,,
Q64366,Q45686452,,,,,,,,,,,,,,,,,,,,,,,,,,,,,,,,,,,,,,,,,,,,,
Q64369,Q45686483,,,,,,,,,,,,,,,,,,,,,,,,,,,,,,,,,,,,,,,,,,,,,
Q64372,Q45686514,,,,,,,,,,,,,,,,,,,,,,,,,,,,,,,,,,,,,,,,,,,,,
Q64375,Q45590578,,,,,,,,,,,,,,,,,,,,,,,,,,,,,,,,,,,,,,,,,,,,,
Q64378,Q45447705,,,,,,,,,,,,,,,,,,,,,,,,,,,,,,,,,,,,,,,,,,,,,
Q64381,Q3615969,,,,,,,,,,,,,,,,,,,,,,,,,,,,,,,,,,,,,,,,,,,,,
Q64384,Q45448901,,,,,,,,,,,,,,,,,,,,,,,,,,,,,,,,,,,,,,,,,,,,,
Q64387,Q45573483,,,,,,,,,,,,,,,,,,,,,,,,,,,,,,,,,,,,,,,,,,,,,
Q64390,Q45444304,,,,,,,,,,,,,,,,,,,,,,,,,,,,,,,,,,,,,,,,,,,,,
Q64393,Q45444429,,,,,,,,,,,,,,,,,,,,,,,,,,,,,,,,,,,,,,,,,,,,,
Q64396,Q45444491,,,,,,,,,,,,,,,,,,,,,,,,,,,,,,,,,,,,,,,,,,,,,
Q64399,Q45446450,,,,,,,,,,,,,,,,,,,,,,,,,,,,,,,,,,,,,,,,,,,,,
Q64402,Q65809570,,,,,,,,,,,,,,,,,,,,,,,,,,,,,,,,,,,,,,,,,,,,,
Q64405,Q45688391,,,,,,,,,,,,,,,,,,,,,,,,,,,,,,,,,,,,,,,,,,,,,
Q64408,Q45688418,,,,,,,,,,,,,,,,,,,,,,,,,,,,,,,,,,,,,,,,,,,,,
Q64411,Q45446763,,,,,,,,,,,,,,,,,,,,,,,,,,,,,,,,,,,,,,,,,,,,,
Q64414,Q45447327,,,,,,,,,,,,,,,,,,,,,,,,,,,,,,,,,,,,,,,,,,,,,
Q64417,Q6539009,,,,,,,,,,,,,,,,,,,,,,,,,,,,,,,,,,,,,,,,,,,,,
Q64420,Q45440186,,,,,,,,,,,,,,,,,,,,,,,,,,,,,,,,,,,,,,,,,,,,,
Q64423,Q45440250,,,,,,,,,,,,,,,,,,,,,,,,,,,,,,,,,,,,,,,,,,,,,
Q64427,Q45440312,,,,,,,,,,,,,,,,,,,,,,,,,,,,,,,,,,,,,,,,,,,,,
Q64431,Q45440438,,,,,,,,,,,,,,,,,,,,,,,,,,,,,,,,,,,,,,,,,,,,,
Q64434,Q65803998,,,,,,,,,,,,,,,,,,,,,,,,,,,,,,,,,,,,,,,,,,,,,
Q64437,Q56600448,,,,,,,,,,,,,,,,,,,,,,,,,,,,,,,,,,,,,,,,,,,,,
Q64440,Q45441405,,,,,,,,,,,,,,,,,,,,,,,,,,,,,,,,,,,,,,,,,,,,,
Q64443,Q45441783,,,,,,,,,,,,,,,,,,,,,,,,,,,,,,,,,,,,,,,,,,,,,
Q64446,Q45444196,,,,,,,,,,,,,,,,,,,,,,,,,,,,,,,,,,,,,,,,,,,,,
Q64449,Q45442871,,,,,,,,,,,,,,,,,,,,,,,,,,,,,,,,,,,,,,,,,,,,,
Q64452,Q45519571,,,,,,,,,,,,,,,,,,,,,,,,,,,,,,,,,,,,,,,,,,,,,
Q64455,Q45566929,,,,,,,,,,,,,,,,,,,,,,,,,,,,,,,,,,,,,,,,,,,,,
Q64458,Q45508963,,,,,,,,,,,,,,,,,,,,,,,,,,,,,,,,,,,,,,,,,,,,,
Q64461,Q45442550,,,,,,,,,,,,,,,,,,,,,,,,,,,,,,,,,,,,,,,,,,,,,
Q64464,Q45418836,,,,,,,,,,,,,,,,,,,,,,,,,,,,,,,,,,,,,,,,,,,,,
Q64467,Q45491058,,,,,,,,,,,,,,,,,,,,,,,,,,,,,,,,,,,,,,,,,,,,,
Q64470,Q11541080,,,,,,,,,,,,,,,,,,,,,,,,,,,,,,,,,,,,,,,,,,,,,
Q64473,Q45474433,,,,,,,,,,,,,,,,,,,,,,,,,,,,,,,,,,,,,,,,,,,,,
Q64476,Q45477698,,,,,,,,,,,,,,,,,,,,,,,,,,,,,,,,,,,,,,,,,,,,,
Q64479,Q10916605,,,,,,,,,,,,,,,,,,,,,,,,,,,,,,,,,,,,,,,,,,,,,
Q64482,Q110255968,,,,,,,,,,,,,,,,,,,,,,,,,,,,,,,,,,,,,,,,,,,,,
Q64485,Q45420286,,,,,,,,,,,,,,,,,,,,,,,,,,,,,,,,,,,,,,,,,,,,,
Q64488,Q45528696,,,,,,,,,,,,,,,,,,,,,,,,,,,,,,,,,,,,,,,,,,,,,
Q64491,Q45420290,,,,,,,,,,,,,,,,,,,,,,,,,,,,,,,,,,,,,,,,,,,,,
Q64494,Q45420293,,,,,,,,,,,,,,,,,,,,,,,,,,,,,,,,,,,,,,,,,,,,,
Q64497,Q45528760,,,,,,,,,,,,,,,,,,,,,,,,,,,,,,,,,,,,,,,,,,,,,
Q64500,Q45510696,,,,,,,,,,,,,,,,,,,,,,,,,,,,,,,,,,,,,,,,,,,,,
Q64503,Q45511017,,,,,,,,,,,,,,,,,,,,,,,,,,,,,,,,,,,,,,,,,,,,,
Q64506,Q45512159,,,,,,,,,,,,,,,,,,,,,,,,,,,,,,,,,,,,,,,,,,,,,
Q64509,Q45512852,,,,,,,,,,,,,,,,,,,,,,,,,,,,,,,,,,,,,,,,,,,,,
Q64512,Q11534623,,,,,,,,,,,,,,,,,,,,,,,,,,,,,,,,,,,,,,,,,,,,,
Q64515,Q45420298,,,,,,,,,,,,,,,,,,,,,,,,,,,,,,,,,,,,,,,,,,,,,
Q64518,Q45420338,,,,,,,,,,,,,,,,,,,,,,,,,,,,,,,,,,,,,,,,,,,,,
Q64521,Q45510318,,,,,,,,,,,,,,,,,,,,,,,,,,,,,,,,,,,,,,,,,,,,,
Q64524,Q28481676,,,,,,,,,,,,,,,,,,,,,,,,,,,,,,,,,,,,,,,,,,,,,
Q64527,Q45508352,,,,,,,,,,,,,,,,,,,,,,,,,,,,,,,,,,,,,,,,,,,,,
Q64530,Q45508415,,,,,,,,,,,,,,,,,,,,,,,,,,,,,,,,,,,,,,,,,,,,,
Q64533,Q65804633,,,,,,,,,,,,,,,,,,,,,,,,,,,,,,,,,,,,,,,,,,,,,
Q64536,Q45618322,,,,,,,,,,,,,,,,,,,,,,,,,,,,,,,,,,,,,,,,,,,,,
Q64539,Q45639895,,,,,,,,,,,,,,,,,,,,,,,,,,,,,,,,,,,,,,,,,,,,,
Q64542,Q45507781,,,,,,,,,,,,,,,,,,,,,,,,,,,,,,,,,,,,,,,,,,,,,
Q64545,Q45453114,,,,,,,,,,,,,,,,,,,,,,,,,,,,,,,,,,,,,,,,,,,,,
Q64548,Q45453176,,,,,,,,,,,,,,,,,,,,,,,,,,,,,,,,,,,,,,,,,,,,,
Q64551,Q45453238,,,,,,,,,,,,,,,,,,,,,,,,,,,,,,,,,,,,,,,,,,,,,
Q64554,Q45453304,,,,,,,,,,,,,,,,,,,,,,,,,,,,,,,,,,,,,,,,,,,,,
Q64557,Q45454199,,,,,,,,,,,,,,,,,,,,,,,,,,,,,,,,,,,,,,,,,,,,,
Q64560,Q45454266,,,,,,,,,,,,,,,,,,,,,,,,,,,,,,,,,,,,,,,,,,,,,
Q64563,Q45455799,,,,,,,,,,,,,,,,,,,,,,,,,,,,,,,,,,,,,,,,,,,,,
Q64566,Q45455926,,,,,,,,,,,,,,,,,,,,,,,,,,,,,,,,,,,,,,,,,,,,,
Q64569,Q45456876,,,,,,,,,,,,,,,,,,,,,,,,,,,,,,,,,,,,,,,,,,,,,
Q64572,Q45457003,,,,,,,,,,,,,,,,,,,,,,,,,,,,,,,,,,,,,,,,,,,,,
Q64575,Q45457259,,,,,,,,,,,,,,,,,,,,,,,,,,,,,,,,,,,,,,,,,,,,,
Q64578,Q45458968,,,,,,,,,,,,,,,,,,,,,,,,,,,,,,,,,,,,,,,,,,,,,
Q64581,Q45459030,,,,,,,,,,,,,,,,,,,,,,,,,,,,,,,,,,,,,,,,,,,,,
Q64584,Q45459670,,,,,,,,,,,,,,,,,,,,,,,,,,,,,,,,,,,,,,,,,,,,,
Q64587,Q45459980,,,,,,,,,,,,,,,,,,,,,,,,,,,,,,,,,,,,,,,,,,,,,
Q64590,Q45460106,,,,,,,,,,,,,,,,,,,,,,,,,,,,,,,,,,,,,,,,,,,,,
Q64593,Q45460170,,,,,,,,,,,,,,,,,,,,,,,,,,,,,,,,,,,,,,,,,,,,,
Q64596,Q45460231,,,,,,,,,,,,,,,,,,,,,,,,,,,,,,,,,,,,,,,,,,,,,
Q64599,Q45484049,,,,,,,,,,,,,,,,,,,,,,,,,,,,,,,,,,,,,,,,,,,,,
Q64602,Q45461180,,,,,,,,,,,,,,,,,,,,,,,,,,,,,,,,,,,,,,,,,,,,,
Q64605,Q45461244,,,,,,,,,,,,,,,,,,,,,,,,,,,,,,,,,,,,,,,,,,,,,
Q64608,Q45461308,,,,,,,,,,,,,,,,,,,,,,,,,,,,,,,,,,,,,,,,,,,,,
Q64611,Q45461433,,,,,,,,,,,,,,,,,,,,,,,,,,,,,,,,,,,,,,,,,,,,,
Q64614,Q45461559,,,,,,,,,,,,,,,,,,,,,,,,,,,,,,,,,,,,,,,,,,,,,
Q64617,Q45461873,,,,,,,,,,,,,,,,,,,,,,,,,,,,,,,,,,,,,,,,,,,,,
Q64620,Q45463586,,,,,,,,,,,,,,,,,,,,,,,,,,,,,,,,,,,,,,,,,,,,,
Q64623,Q45463776,,,,,,,,,,,,,,,,,,,,,,,,,,,,,,,,,,,,,,,,,,,,,
Q64626,Q45463838,,,,,,,,,,,,,,,,,,,,,,,,,,,,,,,,,,,,,,,,,,,,,
Q64629,Q45464280,,,,,,,,,,,,,,,,,,,,,,,,,,,,,,,,,,,,,,,,,,,,,
Q64632,Q45464344,,,,,,,,,,,,,,,,,,,,,,,,,,,,,,,,,,,,,,,,,,,,,
Q64635,Q45464406,,,,,,,,,,,,,,,,,,,,,,,,,,,,,,,,,,,,,,,,,,,,,
Q64638,Q45464592,,,,,,,,,,,,,,,,,,,,,,,,,,,,,,,,,,,,,,,,,,,,,
Q64641,Q45464654,,,,,,,,,,,,,,,,,,,,,,,,,,,,,,,,,,,,,,,,,,,,,
Q64644,Q45464779,,,,,,,,,,,,,,,,,,,,,,,,,,,,,,,,,,,,,,,,,,,,,
Q64647,Q45465029,,,,,,,,,,,,,,,,,,,,,,,,,,,,,,,,,,,,,,,,,,,,,
Q64650,Q45465093,,,,,,,,,,,,,,,,,,,,,,,,,,,,,,,,,,,,,,,,,,,,,
Q64653,Q45465667,,,,,,,,,,,,,,,,,,,,,,,,,,,,,,,,,,,,,,,,,,,,,
Q64656,Q45465877,,,,,,,,,,,,,,,,,,,,,,,,,,,,,,,,,,,,,,,,,,,,,
Q64659,Q45465939,,,,,,,,,,,,,,,,,,,,,,,,,,,,,,,,,,,,,,,,,,,,,
Q64662,Q45466002,,,,,,,,,,,,,,,,,,,,,,,,,,,,,,,,,,,,,,,,,,,,,
Q64665,Q45466064,,,,,,,,,,,,,,,,,,,,,,,,,,,,,,,,,,,,,,,,,,,,,
Q64668,Q45466126,,,,,,,,,,,,,,,,,,,,,,,,,,,,,,,,,,,,,,,,,,,,,
Q64671,Q45466316,,,,,,,,,,,,,,,,,,,,,,,,,,,,,,,,,,,,,,,,,,,,,
Q64674,Q45466379,,,,,,,,,,,,,,,,,,,,,,,,,,,,,,,,,,,,,,,,,,,,,
Q64677,Q45550001,,,,,,,,,,,,,,,,,,,,,,,,,,,,,,,,,,,,,,,,,,,,,
Q64680,Q65806350,,,,,,,,,,,,,,,,,,,,,,,,,,,,,,,,,,,,,,,,,,,,,
Q64683,Q45541716,,,,,,,,,,,,,,,,,,,,,,,,,,,,,,,,,,,,,,,,,,,,,
Q64686,Q45603124,,,,,,,,,,,,,,,,,,,,,,,,,,,,,,,,,,,,,,,,,,,,,
Q64689,Q45603057,,,,,,,,,,,,,,,,,,,,,,,,,,,,,,,,,,,,,,,,,,,,,
Q64692,Q45468736,,,,,,,,,,,,,,,,,,,,,,,,,,,,,,,,,,,,,,,,,,,,,
Q64695,Q65808661,,,,,,,,,,,,,,,,,,,,,,,,,,,,,,,,,,,,,,,,,,,,,
Q64698,Q45627386,,,,,,,,,,,,,,,,,,,,,,,,,,,,,,,,,,,,,,,,,,,,,
Q64701,Q45496347,,,,,,,,,,,,,,,,,,,,,,,,,,,,,,,,,,,,,,,,,,,,,
Q64704,Q45496412,,,,,,,,,,,,,,,,,,,,,,,,,,,,,,,,,,,,,,,,,,,,,
Q64707,Q56600492,,,,,,,,,,,,,,,,,,,,,,,,,,,,,,,,,,,,,,,,,,,,,
Q64710,Q45480456,,,,,,,,,,,,,,,,,,,,,,,,,,,,,,,,,,,,,,,,,,,,,
Q64713,Q45480521,,,,,,,,,,,,,,,,,,,,,,,,,,,,,,,,,,,,,,,,,,,,,
Q64716,Q45481158,,,,,,,,,,,,,,,,,,,,,,,,,,,,,,,,,,,,,,,,,,,,,
Q64719,Q45468468,,,,,,,,,,,,,,,,,,,,,,,,,,,,,,,,,,,,,,,,,,,,,
Q64722,Q45468915,,,,,,,,,,,,,,,,,,,,,,,,,,,,,,,,,,,,,,,,,,,,,
Q64725,Q45469045,,,,,,,,,,,,,,,,,,,,,,,,,,,,,,,,,,,,,,,,,,,,,
Q64728,Q45469108,,,,,,,,,,,,,,,,,,,,,,,,,,,,,,,,,,,,,,,,,,,,,
Q64731,Q45469173,,,,,,,,,,,,,,,,,,,,,,,,,,,,,,,,,,,,,,,,,,,,,
Q64734,Q45469236,,,,,,,,,,,,,,,,,,,,,,,,,,,,,,,,,,,,,,,,,,,,,
Q64737,Q45469426,,,,,,,,,,,,,,,,,,,,,,,,,,,,,,,,,,,,,,,,,,,,,
Q64740,Q45469489,,,,,,,,,,,,,,,,,,,,,,,,,,,,,,,,,,,,,,,,,,,,,
Q64743,Q45469619,,,,,,,,,,,,,,,,,,,,,,,,,,,,,,,,,,,,,,,,,,,,,
Q64746,Q45469874,,,,,,,,,,,,,,,,,,,,,,,,,,,,,,,,,,,,,,,,,,,,,
Q64749,Q45469939,,,,,,,,,,,,,,,,,,,,,,,,,,,,,,,,,,,,,,,,,,,,,
Q64752,Q45470001,,,,,,,,,,,,,,,,,,,,,,,,,,,,,,,,,,,,,,,,,,,,,
Q64755,Q45470065,,,,,,,,,,,,,,,,,,,,,,,,,,,,,,,,,,,,,,,,,,,,,
Q64758,Q45470129,,,,,,,,,,,,,,,,,,,,,,,,,,,,,,,,,,,,,,,,,,,,,
Q64761,Q45470192,,,,,,,,,,,,,,,,,,,,,,,,,,,,,,,,,,,,,,,,,,,,,
Q64764,Q45470504,,,,,,,,,,,,,,,,,,,,,,,,,,,,,,,,,,,,,,,,,,,,,
Q64767,Q45470567,,,,,,,,,,,,,,,,,,,,,,,,,,,,,,,,,,,,,,,,,,,,,
Q64770,Q45471076,,,,,,,,,,,,,,,,,,,,,,,,,,,,,,,,,,,,,,,,,,,,,
Q64773,Q45471206,,,,,,,,,,,,,,,,,,,,,,,,,,,,,,,,,,,,,,,,,,,,,
Q64776,Q45471270,,,,,,,,,,,,,,,,,,,,,,,,,,,,,,,,,,,,,,,,,,,,,
Q64779,Q45471334,,,,,,,,,,,,,,,,,,,,,,,,,,,,,,,,,,,,,,,,,,,,,
Q64782,Q45471713,,,,,,,,,,,,,,,,,,,,,,,,,,,,,,,,,,,,,,,,,,,,,
Q64785,Q45471903,,,,,,,,,,,,,,,,,,,,,,,,,,,,,,,,,,,,,,,,,,,,,
Q64788,Q45471966,,,,,,,,,,,,,,,,,,,,,,,,,,,,,,,,,,,,,,,,,,,,,
Q64791,Q45472030,,,,,,,,,,,,,,,,,,,,,,,,,,,,,,,,,,,,,,,,,,,,,
Q64794,Q45472157,,,,,,,,,,,,,,,,,,,,,,,,,,,,,,,,,,,,,,,,,,,,,
Q64797,Q45472350,,,,,,,,,,,,,,,,,,,,,,,,,,,,,,,,,,,,,,,,,,,,,
Q64800,Q45472607,,,,,,,,,,,,,,,,,,,,,,,,,,,,,,,,,,,,,,,,,,,,,
Q64803,Q45472737,,,,,,,,,,,,,,,,,,,,,,,,,,,,,,,,,,,,,,,,,,,,,
Q64806,Q45473117,,,,,,,,,,,,,,,,,,,,,,,,,,,,,,,,,,,,,,,,,,,,,
Q64809,Q45473179,,,,,,,,,,,,,,,,,,,,,,,,,,,,,,,,,,,,,,,,,,,,,
Q64812,Q45473243,,,,,,,,,,,,,,,,,,,,,,,,,,,,,,,,,,,,,,,,,,,,,
Q64815,Q45473497,,,,,,,,,,,,,,,,,,,,,,,,,,,,,,,,,,,,,,,,,,,,,
Q64818,Q45473532,,,,,,,,,,,,,,,,,,,,,,,,,,,,,,,,,,,,,,,,,,,,,
Q64821,Q45473593,,,,,,,,,,,,,,,,,,,,,,,,,,,,,,,,,,,,,,,,,,,,,
Q64824,Q45473722,,,,,,,,,,,,,,,,,,,,,,,,,,,,,,,,,,,,,,,,,,,,,
Q64827,Q45473785,,,,,,,,,,,,,,,,,,,,,,,,,,,,,,,,,,,,,,,,,,,,,
Q64830,Q45473911,,,,,,,,,,,,,,,,,,,,,,,,,,,,,,,,,,,,,,,,,,,,,
Q64833,Q45474095,,,,,,,,,,,,,,,,,,,,,,,,,,,,,,,,,,,,,,,,,,,,,
Q64836,Q6123887,,,,,,,,,,,,,,,,,,,,,,,,,,,,,,,,,,,,,,,,,,,,,
Q64839,Q10946180,,,,,,,,,,,,,,,,,,,,,,,,,,,,,,,,,,,,,,,,,,,,,
Q64842,Q10514216,,,,,,,,,,,,,,,,,,,,,,,,,,,,,,,,,,,,,,,,,,,,,
Q64845,Q45421495,,,,,,,,,,,,,,,,,,,,,,,,,,,,,,,,,,,,,,,,,,,,,
Q64848,Q11625174,,,,,,,,,,,,,,,,,,,,,,,,,,,,,,,,,,,,,,,,,,,,,
Q64851,Q26211941,,,,,,,,,,,,,,,,,,,,,,,,,,,,,,,,,,,,,,,,,,,,,
Q64854,Q45371968,,,,,,,,,,,,,,,,,,,,,,,,,,,,,,,,,,,,,,,,,,,,,
Q64857,Q1074798,,,,,,,,,,,,,,,,,,,,,,,,,,,,,,,,,,,,,,,,,,,,,
Q64860,Q8253728,,,,,,,,,,,,,,,,,,,,,,,,,,,,,,,,,,,,,,,,,,,,,
Q64863,Q16603404,,,,,,,,,,,,,,,,,,,,,,,,,,,,,,,,,,,,,,,,,,,,,
Q64866,Q16603414,,,,,,,,,,,,,,,,,,,,,,,,,,,,,,,,,,,,,,,,,,,,,
Q64869,Q16603464,,,,,,,,,,,,,,,,,,,,,,,,,,,,,,,,,,,,,,,,,,,,,
Q64872,Q16603728,,,,,,,,,,,,,,,,,,,,,,,,,,,,,,,,,,,,,,,,,,,,,
Q64875,Q11077218,,,,,,,,,,,,,,,,,,,,,,,,,,,,,,,,,,,,,,,,,,,,,
Q64878,Q11077193,,,,,,,,,,,,,,,,,,,,,,,,,,,,,,,,,,,,,,,,,,,,,
Q64881,Q11077214,,,,,,,,,,,,,,,,,,,,,,,,,,,,,,,,,,,,,,,,,,,,,
Q64884,Q11077215,,,,,,,,,,,,,,,,,,,,,,,,,,,,,,,,,,,,,,,,,,,,,
Q64887,Q11077226,,,,,,,,,,,,,,,,,,,,,,,,,,,,,,,,,,,,,,,,,,,,,
Q64889,Q11077246,,,,,,,,,,,,,,,,,,,,,,,,,,,,,,,,,,,,,,,,,,,,,
Q64892,Q8253747,,,,,,,,,,,,,,,,,,,,,,,,,,,,,,,,,,,,,,,,,,,,,
Q64895,Q8262918,,,,,,,,,,,,,,,,,,,,,,,,,,,,,,,,,,,,,,,,,,,,,
Q64898,Q16603745,,,,,,,,,,,,,,,,,,,,,,,,,,,,,,,,,,,,,,,,,,,,,
Q64901,Q18236183,,,,,,,,,,,,,,,,,,,,,,,,,,,,,,,,,,,,,,,,,,,,,
Q64904,Q17063368,,,,,,,,,,,,,,,,,,,,,,,,,,,,,,,,,,,,,,,,,,,,,
Q64907,Q18234834,,,,,,,,,,,,,,,,,,,,,,,,,,,,,,,,,,,,,,,,,,,,,
Q64910,Q18234838,,,,,,,,,,,,,,,,,,,,,,,,,,,,,,,,,,,,,,,,,,,,,
Q64913,Q28410496,,,,,,,,,,,,,,,,,,,,,,,,,,,,,,,,,,,,,,,,,,,,,
Q64916,Q48889550,,,,,,,,,,,,,,,,,,,,,,,,,,,,,,,,,,,,,,,,,,,,,
Q64919,Q18236244,,,,,,,,,,,,,,,,,,,,,,,,,,,,,,,,,,,,,,,,,,,,,
Q64923,Q17500458,,,,,,,,,,,,,,,,,,,,,,,,,,,,,,,,,,,,,,,,,,,,,
Q64926,Q1017949,,,,,,,,,,,,,,,,,,,,,,,,,,,,,,,,,,,,,,,,,,,,,
Q64929,Q8257093,,,,,,,,,,,,,,,,,,,,,,,,,,,,,,,,,,,,,,,,,,,,,
Q64932,Q10889559,,,,,,,,,,,,,,,,,,,,,,,,,,,,,,,,,,,,,,,,,,,,,
Q64935,Q1074789,,,,,,,,,,,,,,,,,,,,,,,,,,,,,,,,,,,,,,,,,,,,,
Q64938,Q16603322,,,,,,,,,,,,,,,,,,,,,,,,,,,,,,,,,,,,,,,,,,,,,
Q64941,Q16603320,,,,,,,,,,,,,,,,,,,,,,,,,,,,,,,,,,,,,,,,,,,,,
Q64944,Q10889626,,,,,,,,,,,,,,,,,,,,,,,,,,,,,,,,,,,,,,,,,,,,,
Q64947,Q16603370,,,,,,,,,,,,,,,,,,,,,,,,,,,,,,,,,,,,,,,,,,,,,
Q64950,Q16603621,,,,,,,,,,,,,,,,,,,,,,,,,,,,,,,,,,,,,,,,,,,,,
Q64953,Q17500557,,,,,,,,,,,,,,,,,,,,,,,,,,,,,,,,,,,,,,,,,,,,,
Q64956,Q16603666,,,,,,,,,,,,,,,,,,,,,,,,,,,,,,,,,,,,,,,,,,,,,
Q64959,Q10889739,,,,,,,,,,,,,,,,,,,,,,,,,,,,,,,,,,,,,,,,,,,,,
Q64962,Q1074737,,,,,,,,,,,,,,,,,,,,,,,,,,,,,,,,,,,,,,,,,,,,,
Q64965,Q56260506,,,,,,,,,,,,,,,,,,,,,,,,,,,,,,,,,,,,,,,,,,,,,
Q64968,Q30942753,,,,,,,,,,,,,,,,,,,,,,,,,,,,,,,,,,,,,,,,,,,,,
Q64971,Q11388060,,,,,,,,,,,,,,,,,,,,,,,,,,,,,,,,,,,,,,,,,,,,,
Q64974,Q17990830,,,,,,,,,,,,,,,,,,,,,,,,,,,,,,,,,,,,,,,,,,,,,
Q64977,Q11388063,,,,,,,,,,,,,,,,,,,,,,,,,,,,,,,,,,,,,,,,,,,,,
Q64980,Q16603296,,,,,,,,,,,,,,,,,,,,,,,,,,,,,,,,,,,,,,,,,,,,,
Q64983,Q47184417,,,,,,,,,,,,,,,,,,,,,,,,,,,,,,,,,,,,,,,,,,,,,
Q64986,Q47184421,,,,,,,,,,,,,,,,,,,,,,,,,,,,,,,,,,,,,,,,,,,,,
Q64989,Q22078874,,,,,,,,,,,,,,,,,,,,,,,,,,,,,,,,,,,,,,,,,,,,,
Q64992,Q133503402,,,,,,,,,,,,,,,,,,,,,,,,,,,,,,,,,,,,,,,,,,,,,
Q64995,Q11387912,,,,,,,,,,,,,,,,,,,,,,,,,,,,,,,,,,,,,,,,,,,,,
Q64998,Q133503405,,,,,,,,,,,,,,,,,,,,,,,,,,,,,,,,,,,,,,,,,,,,,
Q65001,Q11387809,,,,,,,,,,,,,,,,,,,,,,,,,,,,,,,,,,,,,,,,,,,,,
Q65004,Q48928112,,,,,,,,,,,,,,,,,,,,,,,,,,,,,,,,,,,,,,,,,,,,,
Q65007,Q11077223,,,,,,,,,,,,,,,,,,,,,,,,,,,,,,,,,,,,,,,,,,,,,
Q65010,Q11388023,,,,,,,,,,,,,,,,,,,,,,,,,,,,,,,,,,,,,,,,,,,,,
Q65013,Q11387952,,,,,,,,,,,,,,,,,,,,,,,,,,,,,,,,,,,,,,,,,,,,,
Q65016,Q11388057,,,,,,,,,,,,,,,,,,,,,,,,,,,,,,,,,,,,,,,,,,,,,
Q65019,Q133521372,,,,,,,,,,,,,,,,,,,,,,,,,,,,,,,,,,,,,,,,,,,,,
Q65022,Q22814282,,,,,,,,,,,,,,,,,,,,,,,,,,,,,,,,,,,,,,,,,,,,,
Q65026,Q16904647,,,,,,,,,,,,,,,,,,,,,,,,,,,,,,,,,,,,,,,,,,,,,
Q65029,Q17993072,,,,,,,,,,,,,,,,,,,,,,,,,,,,,,,,,,,,,,,,,,,,,
Q65032,Q28410611,,,,,,,,,,,,,,,,,,,,,,,,,,,,,,,,,,,,,,,,,,,,,
Q65035,Q28410613,,,,,,,,,,,,,,,,,,,,,,,,,,,,,,,,,,,,,,,,,,,,,
Q65038,Q28410651,,,,,,,,,,,,,,,,,,,,,,,,,,,,,,,,,,,,,,,,,,,,,
Q65041,Q28410654,,,,,,,,,,,,,,,,,,,,,,,,,,,,,,,,,,,,,,,,,,,,,
Q65044,Q55695861,,,,,,,,,,,,,,,,,,,,,,,,,,,,,,,,,,,,,,,,,,,,,
Q65047,Q55707976,,,,,,,,,,,,,,,,,,,,,,,,,,,,,,,,,,,,,,,,,,,,,
Q65050,Q28481409,,,,,,,,,,,,,,,,,,,,,,,,,,,,,,,,,,,,,,,,,,,,,
Q65053,Q16603579,,,,,,,,,,,,,,,,,,,,,,,,,,,,,,,,,,,,,,,,,,,,,
Q65056,Q1149239,,,,,,,,,,,,,,,,,,,,,,,,,,,,,,,,,,,,,,,,,,,,,
Q65059,Q16603473,,,,,,,,,,,,,,,,,,,,,,,,,,,,,,,,,,,,,,,,,,,,,
Q65062,Q5970020,,,,,,,,,,,,,,,,,,,,,,,,,,,,,,,,,,,,,,,,,,,,,
Q65065,Q15898348,,,,,,,,,,,,,,,,,,,,,,,,,,,,,,,,,,,,,,,,,,,,,
Q65068,Q18236203,,,,,,,,,,,,,,,,,,,,,,,,,,,,,,,,,,,,,,,,,,,,,
Q65071,Q17193845,,,,,,,,,,,,,,,,,,,,,,,,,,,,,,,,,,,,,,,,,,,,,
Q65074,Q9384882,,,,,,,,,,,,,,,,,,,,,,,,,,,,,,,,,,,,,,,,,,,,,
Q65077,Q16906650,,,,,,,,,,,,,,,,,,,,,,,,,,,,,,,,,,,,,,,,,,,,,
Q65080,Q28415544,,,,,,,,,,,,,,,,,,,,,,,,,,,,,,,,,,,,,,,,,,,,,
Q65083,Q17992773,,,,,,,,,,,,,,,,,,,,,,,,,,,,,,,,,,,,,,,,,,,,,
Q65086,Q61723543,,,,,,,,,,,,,,,,,,,,,,,,,,,,,,,,,,,,,,,,,,,,,
Q65089,Q11412290,,,,,,,,,,,,,,,,,,,,,,,,,,,,,,,,,,,,,,,,,,,,,
Q65092,Q4273020,,,,,,,,,,,,,,,,,,,,,,,,,,,,,,,,,,,,,,,,,,,,,
Q65095,Q5374536,,,,,,,,,,,,,,,,,,,,,,,,,,,,,,,,,,,,,,,,,,,,,
Q65098,Q8253693,,,,,,,,,,,,,,,,,,,,,,,,,,,,,,,,,,,,,,,,,,,,,
Q65101,Q1017992,,,,,,,,,,,,,,,,,,,,,,,,,,,,,,,,,,,,,,,,,,,,,
Q65104,Q8253660,,,,,,,,,,,,,,,,,,,,,,,,,,,,,,,,,,,,,,,,,,,,,
Q65107,Q8253645,,,,,,,,,,,,,,,,,,,,,,,,,,,,,,,,,,,,,,,,,,,,,
Q65110,Q8253756,,,,,,,,,,,,,,,,,,,,,,,,,,,,,,,,,,,,,,,,,,,,,
Q65113,Q8262908,,,,,,,,,,,,,,,,,,,,,,,,,,,,,,,,,,,,,,,,,,,,,
Q65116,Q10889741,,,,,,,,,,,,,,,,,,,,,,,,,,,,,,,,,,,,,,,,,,,,,
Q65119,Q18236390,,,,,,,,,,,,,,,,,,,,,,,,,,,,,,,,,,,,,,,,,,,,,
Q65122,Q76011027,,,,,,,,,,,,,,,,,,,,,,,,,,,,,,,,,,,,,,,,,,,,,
Q65125,Q18110983,,,,,,,,,,,,,,,,,,,,,,,,,,,,,,,,,,,,,,,,,,,,,
Q65128,Q18110985,,,,,,,,,,,,,,,,,,,,,,,,,,,,,,,,,,,,,,,,,,,,,
Q65131,Q19855480,,,,,,,,,,,,,,,,,,,,,,,,,,,,,,,,,,,,,,,,,,,,,
Q65134,Q19855478,,,,,,,,,,,,,,,,,,,,,,,,,,,,,,,,,,,,,,,,,,,,,
Q65137,Q17500457,,,,,,,,,,,,,,,,,,,,,,,,,,,,,,,,,,,,,,,,,,,,,
Q65140,Q19855479,,,,,,,,,,,,,,,,,,,,,,,,,,,,,,,,,,,,,,,,,,,,,
Q65143,Q17500453,,,,,,,,,,,,,,,,,,,,,,,,,,,,,,,,,,,,,,,,,,,,,
Q65146,Q24833325,,,,,,,,,,,,,,,,,,,,,,,,,,,,,,,,,,,,,,,,,,,,,
Q65149,Q1149132,,,,,,,,,,,,,,,,,,,,,,,,,,,,,,,,,,,,,,,,,,,,,
Q65152,Q8257623,,,,,,,,,,,,,,,,,,,,,,,,,,,,,,,,,,,,,,,,,,,,,
Q65155,Q16603683,,,,,,,,,,,,,,,,,,,,,,,,,,,,,,,,,,,,,,,,,,,,,
Q65158,Q16603398,,,,,,,,,,,,,,,,,,,,,,,,,,,,,,,,,,,,,,,,,,,,,
Q65161,Q1336575,,,,,,,,,,,,,,,,,,,,,,,,,,,,,,,,,,,,,,,,,,,,,
Q65164,Q1190420,,,,,,,,,,,,,,,,,,,,,,,,,,,,,,,,,,,,,,,,,,,,,
Q65167,Q11622055,,,,,,,,,,,,,,,,,,,,,,,,,,,,,,,,,,,,,,,,,,,,,
Q65170,Q11622056,,,,,,,,,,,,,,,,,,,,,,,,,,,,,,,,,,,,,,,,,,,,,
Q65173,Q11622057,,,,,,,,,,,,,,,,,,,,,,,,,,,,,,,,,,,,,,,,,,,,,
Q65175,Q11622058,,,,,,,,,,,,,,,,,,,,,,,,,,,,,,,,,,,,,,,,,,,,,
Q65178,Q11622059,,,,,,,,,,,,,,,,,,,,,,,,,,,,,,,,,,,,,,,,,,,,,
Q65181,Q11622060,,,,,,,,,,,,,,,,,,,,,,,,,,,,,,,,,,,,,,,,,,,,,
Q65184,Q18236401,,,,,,,,,,,,,,,,,,,,,,,,,,,,,,,,,,,,,,,,,,,,,
Q65187,Q26186433,,,,,,,,,,,,,,,,,,,,,,,,,,,,,,,,,,,,,,,,,,,,,
Q65190,Q26186449,,,,,,,,,,,,,,,,,,,,,,,,,,,,,,,,,,,,,,,,,,,,,
Q65193,Q17990897,,,,,,,,,,,,,,,,,,,,,,,,,,,,,,,,,,,,,,,,,,,,,
Q65196,Q5374513,,,,,,,,,,,,,,,,,,,,,,,,,,,,,,,,,,,,,,,,,,,,,
Q65199,Q8250192,,,,,,,,,,,,,,,,,,,,,,,,,,,,,,,,,,,,,,,,,,,,,
Q65202,Q15896232,,,,,,,,,,,,,,,,,,,,,,,,,,,,,,,,,,,,,,,,,,,,,
Q65205,Q8250208,,,,,,,,,,,,,,,,,,,,,,,,,,,,,,,,,,,,,,,,,,,,,
Q65208,Q45513063,,,,,,,,,,,,,,,,,,,,,,,,,,,,,,,,,,,,,,,,,,,,,
Q65211,Q24833660,,,,,,,,,,,,,,,,,,,,,,,,,,,,,,,,,,,,,,,,,,,,,
Q65214,Q56600360,,,,,,,,,,,,,,,,,,,,,,,,,,,,,,,,,,,,,,,,,,,,,
Q65217,Q56600361,,,,,,,,,,,,,,,,,,,,,,,,,,,,,,,,,,,,,,,,,,,,,
Q65220,Q21094093,,,,,,,,,,,,,,,,,,,,,,,,,,,,,,,,,,,,,,,,,,,,,
Q65223,Q1022107,,,,,,,,,,,,,,,,,,,,,,,,,,,,,,,,,,,,,,,,,,,,,
Q65226,Q10889835,,,,,,,,,,,,,,,,,,,,,,,,,,,,,,,,,,,,,,,,,,,,,
Q65229,Q1015893,,,,,,,,,,,,,,,,,,,,,,,,,,,,,,,,,,,,,,,,,,,,,
Q65232,Q8250202,,,,,,,,,,,,,,,,,,,,,,,,,,,,,,,,,,,,,,,,,,,,,
Q65235,Q706574,,,,,,,,,,,,,,,,,,,,,,,,,,,,,,,,,,,,,,,,,,,,,
Q65238,Q10566766,,,,,,,,,,,,,,,,,,,,,,,,,,,,,,,,,,,,,,,,,,,,,
Q65241,Q10566767,,,,,,,,,,,,,,,,,,,,,,,,,,,,,,,,,,,,,,,,,,,,,
Q65244,Q10566769,,,,,,,,,,,,,,,,,,,,,,,,,,,,,,,,,,,,,,,,,,,,,
Q65247,Q10566772,,,,,,,,,,,,,,,,,,,,,,,,,,,,,,,,,,,,,,,,,,,,,
Q65250,Q11668741,,,,,,,,,,,,,,,,,,,,,,,,,,,,,,,,,,,,,,,,,,,,,
Q65253,Q16075325,,,,,,,,,,,,,,,,,,,,,,,,,,,,,,,,,,,,,,,,,,,,,
Q65256,Q17500618,,,,,,,,,,,,,,,,,,,,,,,,,,,,,,,,,,,,,,,,,,,,,
Q65259,Q699737,,,,,,,,,,,,,,,,,,,,,,,,,,,,,,,,,,,,,,,,,,,,,
Q65262,Q8250206,,,,,,,,,,,,,,,,,,,,,,,,,,,,,,,,,,,,,,,,,,,,,
Q65265,Q8250187,,,,,,,,,,,,,,,,,,,,,,,,,,,,,,,,,,,,,,,,,,,,,
Q65268,Q15932032,,,,,,,,,,,,,,,,,,,,,,,,,,,,,,,,,,,,,,,,,,,,,
Q65271,Q8250146,,,,,,,,,,,,,,,,,,,,,,,,,,,,,,,,,,,,,,,,,,,,,
Q65274,Q708368,,,,,,,,,,,,,,,,,,,,,,,,,,,,,,,,,,,,,,,,,,,,,
Q65277,Q5521632,,,,,,,,,,,,,,,,,,,,,,,,,,,,,,,,,,,,,,,,,,,,,
Q65280,Q11672719,,,,,,,,,,,,,,,,,,,,,,,,,,,,,,,,,,,,,,,,,,,,,
Q65283,Q15955585,,,,,,,,,,,,,,,,,,,,,,,,,,,,,,,,,,,,,,,,,,,,,
Q65286,Q11672720,,,,,,,,,,,,,,,,,,,,,,,,,,,,,,,,,,,,,,,,,,,,,
Q65289,Q16603302,,,,,,,,,,,,,,,,,,,,,,,,,,,,,,,,,,,,,,,,,,,,,
Q65292,Q16603306,,,,,,,,,,,,,,,,,,,,,,,,,,,,,,,,,,,,,,,,,,,,,
Q65295,Q16603323,,,,,,,,,,,,,,,,,,,,,,,,,,,,,,,,,,,,,,,,,,,,,
Q65298,Q16905369,,,,,,,,,,,,,,,,,,,,,,,,,,,,,,,,,,,,,,,,,,,,,
Q65301,Q8250198,,,,,,,,,,,,,,,,,,,,,,,,,,,,,,,,,,,,,,,,,,,,,
Q65304,Q8250141,,,,,,,,,,,,,,,,,,,,,,,,,,,,,,,,,,,,,,,,,,,,,
Q65307,Q703350,,,,,,,,,,,,,,,,,,,,,,,,,,,,,,,,,,,,,,,,,,,,,
Q65310,Q11669126,,,,,,,,,,,,,,,,,,,,,,,,,,,,,,,,,,,,,,,,,,,,,
Q65313,Q11669127,,,,,,,,,,,,,,,,,,,,,,,,,,,,,,,,,,,,,,,,,,,,,
Q65316,Q11669125,,,,,,,,,,,,,,,,,,,,,,,,,,,,,,,,,,,,,,,,,,,,,
Q65319,Q710336,,,,,,,,,,,,,,,,,,,,,,,,,,,,,,,,,,,,,,,,,,,,,
Q65322,Q10566810,,,,,,,,,,,,,,,,,,,,,,,,,,,,,,,,,,,,,,,,,,,,,
Q65325,Q16603311,,,,,,,,,,,,,,,,,,,,,,,,,,,,,,,,,,,,,,,,,,,,,
Q65328,Q15900355,,,,,,,,,,,,,,,,,,,,,,,,,,,,,,,,,,,,,,,,,,,,,
Q65331,Q48902607,,,,,,,,,,,,,,,,,,,,,,,,,,,,,,,,,,,,,,,,,,,,,
Q65334,Q10259880,,,,,,,,,,,,,,,,,,,,,,,,,,,,,,,,,,,,,,,,,,,,,
Q65337,Q10259882,,,,,,,,,,,,,,,,,,,,,,,,,,,,,,,,,,,,,,,,,,,,,
Q65340,Q45513576,,,,,,,,,,,,,,,,,,,,,,,,,,,,,,,,,,,,,,,,,,,,,
Q65343,Q22101150,,,,,,,,,,,,,,,,,,,,,,,,,,,,,,,,,,,,,,,,,,,,,
Q65346,Q45419766,,,,,,,,,,,,,,,,,,,,,,,,,,,,,,,,,,,,,,,,,,,,,
Q65349,Q45480489,,,,,,,,,,,,,,,,,,,,,,,,,,,,,,,,,,,,,,,,,,,,,
Q65352,Q45480617,,,,,,,,,,,,,,,,,,,,,,,,,,,,,,,,,,,,,,,,,,,,,
Q65355,Q45419796,,,,,,,,,,,,,,,,,,,,,,,,,,,,,,,,,,,,,,,,,,,,,
Q65358,Q45480998,,,,,,,,,,,,,,,,,,,,,,,,,,,,,,,,,,,,,,,,,,,,,
Q65361,Q45507692,,,,,,,,,,,,,,,,,,,,,,,,,,,,,,,,,,,,,,,,,,,,,
Q65364,Q45481189,,,,,,,,,,,,,,,,,,,,,,,,,,,,,,,,,,,,,,,,,,,,,
Q65367,Q45481316,,,,,,,,,,,,,,,,,,,,,,,,,,,,,,,,,,,,,,,,,,,,,
Q65370,Q45484389,,,,,,,,,,,,,,,,,,,,,,,,,,,,,,,,,,,,,,,,,,,,,
Q65373,Q45484582,,,,,,,,,,,,,,,,,,,,,,,,,,,,,,,,,,,,,,,,,,,,,
Q65376,Q1017968,,,,,,,,,,,,,,,,,,,,,,,,,,,,,,,,,,,,,,,,,,,,,
Q65379,Q45525339,,,,,,,,,,,,,,,,,,,,,,,,,,,,,,,,,,,,,,,,,,,,,
Q65382,Q45560913,,,,,,,,,,,,,,,,,,,,,,,,,,,,,,,,,,,,,,,,,,,,,
Q65385,Q45709617,,,,,,,,,,,,,,,,,,,,,,,,,,,,,,,,,,,,,,,,,,,,,
Q65388,Q45485607,,,,,,,,,,,,,,,,,,,,,,,,,,,,,,,,,,,,,,,,,,,,,
Q65391,Q45504042,,,,,,,,,,,,,,,,,,,,,,,,,,,,,,,,,,,,,,,,,,,,,
Q65394,Q45504105,,,,,,,,,,,,,,,,,,,,,,,,,,,,,,,,,,,,,,,,,,,,,
Q65397,Q45504169,,,,,,,,,,,,,,,,,,,,,,,,,,,,,,,,,,,,,,,,,,,,,
Q65400,Q45485163,,,,,,,,,,,,,,,,,,,,,,,,,,,,,,,,,,,,,,,,,,,,,
Q65403,Q67936296,,,,,,,,,,,,,,,,,,,,,,,,,,,,,,,,,,,,,,,,,,,,,
Q65406,Q154891,,,,,,,,,,,,,,,,,,,,,,,,,,,,,,,,,,,,,,,,,,,,,
Q65409,Q45481643,,,,,,,,,,,,,,,,,,,,,,,,,,,,,,,,,,,,,,,,,,,,,
Q65412,Q131930066,,,,,,,,,,,,,,,,,,,,,,,,,,,,,,,,,,,,,,,,,,,,,
Q65415,Q133467855,,,,,,,,,,,,,,,,,,,,,,,,,,,,,,,,,,,,,,,,,,,,,
Q65418,Q26159083,,,,,,,,,,,,,,,,,,,,,,,,,,,,,,,,,,,,,,,,,,,,,
Q65421,Q6130978,,,,,,,,,,,,,,,,,,,,,,,,,,,,,,,,,,,,,,,,,,,,,
Q65424,Q15909719,,,,,,,,,,,,,,,,,,,,,,,,,,,,,,,,,,,,,,,,,,,,,
Q65427,Q15942645,,,,,,,,,,,,,,,,,,,,,,,,,,,,,,,,,,,,,,,,,,,,,
Q65430,Q65801224,,,,,,,,,,,,,,,,,,,,,,,,,,,,,,,,,,,,,,,,,,,,,
Q65433,Q154905,,,,,,,,,,,,,,,,,,,,,,,,,,,,,,,,,,,,,,,,,,,,,
Q65436,Q336094,,,,,,,,,,,,,,,,,,,,,,,,,,,,,,,,,,,,,,,,,,,,,
Q65439,Q24835127,,,,,,,,,,,,,,,,,,,,,,,,,,,,,,,,,,,,,,,,,,,,,
Q65442,Q24835131,,,,,,,,,,,,,,,,,,,,,,,,,,,,,,,,,,,,,,,,,,,,,
Q65445,Q24835123,,,,,,,,,,,,,,,,,,,,,,,,,,,,,,,,,,,,,,,,,,,,,
Q65448,Q45661140,,,,,,,,,,,,,,,,,,,,,,,,,,,,,,,,,,,,,,,,,,,,,
Q65451,Q45661262,,,,,,,,,,,,,,,,,,,,,,,,,,,,,,,,,,,,,,,,,,,,,
Q65454,Q45419666,,,,,,,,,,,,,,,,,,,,,,,,,,,,,,,,,,,,,,,,,,,,,
Q65457,Q45419670,,,,,,,,,,,,,,,,,,,,,,,,,,,,,,,,,,,,,,,,,,,,,
Q65460,Q45661976,,,,,,,,,,,,,,,,,,,,,,,,,,,,,,,,,,,,,,,,,,,,,
Q65463,Q45662741,,,,,,,,,,,,,,,,,,,,,,,,,,,,,,,,,,,,,,,,,,,,,
Q65466,Q45659945,,,,,,,,,,,,,,,,,,,,,,,,,,,,,,,,,,,,,,,,,,,,,
Q65469,Q45660180,,,,,,,,,,,,,,,,,,,,,,,,,,,,,,,,,,,,,,,,,,,,,
Q65472,Q45660662,,,,,,,,,,,,,,,,,,,,,,,,,,,,,,,,,,,,,,,,,,,,,
Q65475,Q45494001,,,,,,,,,,,,,,,,,,,,,,,,,,,,,,,,,,,,,,,,,,,,,
Q65478,Q45640207,,,,,,,,,,,,,,,,,,,,,,,,,,,,,,,,,,,,,,,,,,,,,
Q65481,Q45659166,,,,,,,,,,,,,,,,,,,,,,,,,,,,,,,,,,,,,,,,,,,,,
Q65484,Q45659227,,,,,,,,,,,,,,,,,,,,,,,,,,,,,,,,,,,,,,,,,,,,,
Q65487,Q60994440,,,,,,,,,,,,,,,,,,,,,,,,,,,,,,,,,,,,,,,,,,,,,
Q65490,Q7979747,,,,,,,,,,,,,,,,,,,,,,,,,,,,,,,,,,,,,,,,,,,,,
Q65493,Q45513309,,,,,,,,,,,,,,,,,,,,,,,,,,,,,,,,,,,,,,,,,,,,,
Q65496,Q45664424,,,,,,,,,,,,,,,,,,,,,,,,,,,,,,,,,,,,,,,,,,,,,
Q65499,Q45658508,,,,,,,,,,,,,,,,,,,,,,,,,,,,,,,,,,,,,,,,,,,,,
Q65502,Q45658987,,,,,,,,,,,,,,,,,,,,,,,,,,,,,,,,,,,,,,,,,,,,,
Q65505,Q45493938,,,,,,,,,,,,,,,,,,,,,,,,,,,,,,,,,,,,,,,,,,,,,
Q65508,Q45657676,,,,,,,,,,,,,,,,,,,,,,,,,,,,,,,,,,,,,,,,,,,,,
Q65511,Q45599210,,,,,,,,,,,,,,,,,,,,,,,,,,,,,,,,,,,,,,,,,,,,,
Q65514,Q45460904,,,,,,,,,,,,,,,,,,,,,,,,,,,,,,,,,,,,,,,,,,,,,
Q65517,Q45460966,,,,,,,,,,,,,,,,,,,,,,,,,,,,,,,,,,,,,,,,,,,,,
Q65520,Q45461029,,,,,,,,,,,,,,,,,,,,,,,,,,,,,,,,,,,,,,,,,,,,,
Q65523,Q45461090,,,,,,,,,,,,,,,,,,,,,,,,,,,,,,,,,,,,,,,,,,,,,
Q65526,Q45461566,,,,,,,,,,,,,,,,,,,,,,,,,,,,,,,,,,,,,,,,,,,,,
Q65529,Q45461629,,,,,,,,,,,,,,,,,,,,,,,,,,,,,,,,,,,,,,,,,,,,,
Q65532,Q45461691,,,,,,,,,,,,,,,,,,,,,,,,,,,,,,,,,,,,,,,,,,,,,
Q65535,Q45461815,,,,,,,,,,,,,,,,,,,,,,,,,,,,,,,,,,,,,,,,,,,,,
Q65538,Q45461879,,,,,,,,,,,,,,,,,,,,,,,,,,,,,,,,,,,,,,,,,,,,,
Q65541,Q45461942,,,,,,,,,,,,,,,,,,,,,,,,,,,,,,,,,,,,,,,,,,,,,
Q65544,Q45462004,,,,,,,,,,,,,,,,,,,,,,,,,,,,,,,,,,,,,,,,,,,,,
Q65547,Q45462067,,,,,,,,,,,,,,,,,,,,,,,,,,,,,,,,,,,,,,,,,,,,,
Q65550,Q45462131,,,,,,,,,,,,,,,,,,,,,,,,,,,,,,,,,,,,,,,,,,,,,
Q65553,Q45462195,,,,,,,,,,,,,,,,,,,,,,,,,,,,,,,,,,,,,,,,,,,,,
Q65556,Q45462258,,,,,,,,,,,,,,,,,,,,,,,,,,,,,,,,,,,,,,,,,,,,,
Q65559,Q45462511,,,,,,,,,,,,,,,,,,,,,,,,,,,,,,,,,,,,,,,,,,,,,
Q65562,Q45462721,,,,,,,,,,,,,,,,,,,,,,,,,,,,,,,,,,,,,,,,,,,,,
Q65565,Q45462782,,,,,,,,,,,,,,,,,,,,,,,,,,,,,,,,,,,,,,,,,,,,,
Q65568,Q45462847,,,,,,,,,,,,,,,,,,,,,,,,,,,,,,,,,,,,,,,,,,,,,
Q65571,Q45462971,,,,,,,,,,,,,,,,,,,,,,,,,,,,,,,,,,,,,,,,,,,,,
Q65574,Q45463033,,,,,,,,,,,,,,,,,,,,,,,,,,,,,,,,,,,,,,,,,,,,,
Q65577,Q45463470,,,,,,,,,,,,,,,,,,,,,,,,,,,,,,,,,,,,,,,,,,,,,
Q65580,Q45463596,,,,,,,,,,,,,,,,,,,,,,,,,,,,,,,,,,,,,,,,,,,,,
Q65583,Q45464037,,,,,,,,,,,,,,,,,,,,,,,,,,,,,,,,,,,,,,,,,,,,,
Q65586,Q45627115,,,,,,,,,,,,,,,,,,,,,,,,,,,,,,,,,,,,,,,,,,,,,
Q65589,Q45455712,,,,,,,,,,,,,,,,,,,,,,,,,,,,,,,,,,,,,,,,,,,,,
Q65592,Q45455774,,,,,,,,,,,,,,,,,,,,,,,,,,,,,,,,,,,,,,,,,,,,,
Q65595,Q45455838,,,,,,,,,,,,,,,,,,,,,,,,,,,,,,,,,,,,,,,,,,,,,
Q65598,Q45455902,,,,,,,,,,,,,,,,,,,,,,,,,,,,,,,,,,,,,,,,,,,,,
Q65601,Q45455964,,,,,,,,,,,,,,,,,,,,,,,,,,,,,,,,,,,,,,,,,,,,,
Q65604,Q45452910,,,,,,,,,,,,,,,,,,,,,,,,,,,,,,,,,,,,,,,,,,,,,
Q65607,Q45453035,,,,,,,,,,,,,,,,,,,,,,,,,,,,,,,,,,,,,,,,,,,,,
Q65610,Q45453222,,,,,,,,,,,,,,,,,,,,,,,,,,,,,,,,,,,,,,,,,,,,,
Q65613,Q45453286,,,,,,,,,,,,,,,,,,,,,,,,,,,,,,,,,,,,,,,,,,,,,
Q65616,Q45453414,,,,,,,,,,,,,,,,,,,,,,,,,,,,,,,,,,,,,,,,,,,,,
Q65619,Q45453477,,,,,,,,,,,,,,,,,,,,,,,,,,,,,,,,,,,,,,,,,,,,,
Q65622,Q45453666,,,,,,,,,,,,,,,,,,,,,,,,,,,,,,,,,,,,,,,,,,,,,
Q65625,Q45453731,,,,,,,,,,,,,,,,,,,,,,,,,,,,,,,,,,,,,,,,,,,,,
Q65628,Q45453859,,,,,,,,,,,,,,,,,,,,,,,,,,,,,,,,,,,,,,,,,,,,,
Q65631,Q45453988,,,,,,,,,,,,,,,,,,,,,,,,,,,,,,,,,,,,,,,,,,,,,
Q65634,Q45454181,,,,,,,,,,,,,,,,,,,,,,,,,,,,,,,,,,,,,,,,,,,,,
Q65637,Q45454246,,,,,,,,,,,,,,,,,,,,,,,,,,,,,,,,,,,,,,,,,,,,,
Q65640,Q45454311,,,,,,,,,,,,,,,,,,,,,,,,,,,,,,,,,,,,,,,,,,,,,
Q65643,Q45454373,,,,,,,,,,,,,,,,,,,,,,,,,,,,,,,,,,,,,,,,,,,,,
Q65646,Q45456660,,,,,,,,,,,,,,,,,,,,,,,,,,,,,,,,,,,,,,,,,,,,,
Q65649,Q45451839,,,,,,,,,,,,,,,,,,,,,,,,,,,,,,,,,,,,,,,,,,,,,
Q65652,Q45457293,,,,,,,,,,,,,,,,,,,,,,,,,,,,,,,,,,,,,,,,,,,,,
Q65655,Q45457612,,,,,,,,,,,,,,,,,,,,,,,,,,,,,,,,,,,,,,,,,,,,,
Q65658,Q45457740,,,,,,,,,,,,,,,,,,,,,,,,,,,,,,,,,,,,,,,,,,,,,
Q65661,Q45457867,,,,,,,,,,,,,,,,,,,,,,,,,,,,,,,,,,,,,,,,,,,,,
Q65664,Q45457930,,,,,,,,,,,,,,,,,,,,,,,,,,,,,,,,,,,,,,,,,,,,,
Q65667,Q45458562,,,,,,,,,,,,,,,,,,,,,,,,,,,,,,,,,,,,,,,,,,,,,
Q65670,Q45458625,,,,,,,,,,,,,,,,,,,,,,,,,,,,,,,,,,,,,,,,,,,,,
Q65673,Q45458689,,,,,,,,,,,,,,,,,,,,,,,,,,,,,,,,,,,,,,,,,,,,,
Q65676,Q45458817,,,,,,,,,,,,,,,,,,,,,,,,,,,,,,,,,,,,,,,,,,,,,
Q65679,Q45458879,,,,,,,,,,,,,,,,,,,,,,,,,,,,,,,,,,,,,,,,,,,,,
Q65682,Q45458943,,,,,,,,,,,,,,,,,,,,,,,,,,,,,,,,,,,,,,,,,,,,,
Q65685,Q45459006,,,,,,,,,,,,,,,,,,,,,,,,,,,,,,,,,,,,,,,,,,,,,
Q65688,Q45491316,,,,,,,,,,,,,,,,,,,,,,,,,,,,,,,,,,,,,,,,,,,,,
Q65691,Q45459197,,,,,,,,,,,,,,,,,,,,,,,,,,,,,,,,,,,,,,,,,,,,,
Q65694,Q45459259,,,,,,,,,,,,,,,,,,,,,,,,,,,,,,,,,,,,,,,,,,,,,
Q65697,Q45459321,,,,,,,,,,,,,,,,,,,,,,,,,,,,,,,,,,,,,,,,,,,,,
Q65700,Q45459385,,,,,,,,,,,,,,,,,,,,,,,,,,,,,,,,,,,,,,,,,,,,,
Q65701,Q45459513,,,,,,,,,,,,,,,,,,,,,,,,,,,,,,,,,,,,,,,,,,,,,
Q65704,Q45459771,,,,,,,,,,,,,,,,,,,,,,,,,,,,,,,,,,,,,,,,,,,,,
Q65705,Q9458,,,,,,,,,Muhammad_(c570-632),8215419,,,banuhachimm,,,,,,,,,,,,,,28188|80040,,p=muhammed+ibn+abd+allah+al+mustafa;n=hachemites,,,,,,,,,,,,,Muhammad_ibn_ʿAbd_Allāh_(1),,بن_عبدالله-3,I00303254
Q65707,Q45459957,,,,,,,,,,,,,,,,,,,,,,,,,,,,,,,,,,,,,,,,,,,,,
Q65710,Q45460275,,,,,,,,,,,,,,,,,,,,,,,,,,,,,,,,,,,,,,,,,,,,,
Q65713,Q45465674,,,,,,,,,,,,,,,,,,,,,,,,,,,,,,,,,,,,,,,,,,,,,
Q65716,Q45465861,,,,,,,,,,,,,,,,,,,,,,,,,,,,,,,,,,,,,,,,,,,,,
Q65719,Q45465985,,,,,,,,,,,,,,,,,,,,,,,,,,,,,,,,,,,,,,,,,,,,,
Q65722,Q45466111,,,,,,,,,,,,,,,,,,,,,,,,,,,,,,,,,,,,,,,,,,,,,
Q65725,Q45466428,,,,,,,,,,,,,,,,,,,,,,,,,,,,,,,,,,,,,,,,,,,,,
Q65728,Q45466491,,,,,,,,,,,,,,,,,,,,,,,,,,,,,,,,,,,,,,,,,,,,,
Q65731,Q45467378,,,,,,,,,,,,,,,,,,,,,,,,,,,,,,,,,,,,,,,,,,,,,
Q65734,Q26209003,,,,,,,,,,,,,,,,,,,,,,,,,,,,,,,,,,,,,,,,,,,,,
Q65737,Q45497515,,,,,,,,,,,,,,,,,,,,,,,,,,,,,,,,,,,,,,,,,,,,,
Q65740,Q45507227,,,,,,,,,,,,,,,,,,,,,,,,,,,,,,,,,,,,,,,,,,,,,
Q65743,Q45422211,,,,,,,,,,,,,,,,,,,,,,,,,,,,,,,,,,,,,,,,,,,,,
Q65746,Q45441610,,,,,,,,,,,,,,,,,,,,,,,,,,,,,,,,,,,,,,,,,,,,,
Q65749,Q45508622,,,,,,,,,,,,,,,,,,,,,,,,,,,,,,,,,,,,,,,,,,,,,
Q65752,Q45508878,,,,,,,,,,,,,,,,,,,,,,,,,,,,,,,,,,,,,,,,,,,,,
Q65755,Q45509135,,,,,,,,,,,,,,,,,,,,,,,,,,,,,,,,,,,,,,,,,,,,,
Q65758,Q45509325,,,,,,,,,,,,,,,,,,,,,,,,,,,,,,,,,,,,,,,,,,,,,
Q65761,Q45502769,,,,,,,,,,,,,,,,,,,,,,,,,,,,,,,,,,,,,,,,,,,,,
Q65764,Q45502963,,,,,,,,,,,,,,,,,,,,,,,,,,,,,,,,,,,,,,,,,,,,,
Q65767,Q45503350,,,,,,,,,,,,,,,,,,,,,,,,,,,,,,,,,,,,,,,,,,,,,
Q65770,Q45503478,,,,,,,,,,,,,,,,,,,,,,,,,,,,,,,,,,,,,,,,,,,,,
Q65773,Q45509637,,,,,,,,,,,,,,,,,,,,,,,,,,,,,,,,,,,,,,,,,,,,,
Q65776,Q45509765,,,,,,,,,,,,,,,,,,,,,,,,,,,,,,,,,,,,,,,,,,,,,
Q65779,Q45511158,,,,,,,,,,,,,,,,,,,,,,,,,,,,,,,,,,,,,,,,,,,,,
Q65782,Q45511287,,,,,,,,,,,,,,,,,,,,,,,,,,,,,,,,,,,,,,,,,,,,,
Q65785,Q10511808,,,,,,,,,,,,,,,,,,,,,,,,,,,,,,,,,,,,,,,,,,,,,
Q65788,Q45420819,,,,,,,,,,,,,,,,,,,,,,,,,,,,,,,,,,,,,,,,,,,,,
Q65791,Q16259919,,,,,,,,,,,,,,,,,,,,,,,,,,,,,,,,,,,,,,,,,,,,,
Q65795,Q10513896,,,,,,,,,,,,,,,,,,,,,,,,,,,,,,,,,,,,,,,,,,,,,
Q65798,Q45421018,,,,,,,,,,,,,,,,,,,,,,,,,,,,,,,,,,,,,,,,,,,,,
Q65801,Q45506741,,,,,,,,,,,,,,,,,,,,,,,,,,,,,,,,,,,,,,,,,,,,,
Q65804,Q45506804,,,,,,,,,,,,,,,,,,,,,,,,,,,,,,,,,,,,,,,,,,,,,
Q65807,Q45506868,,,,,,,,,,,,,,,,,,,,,,,,,,,,,,,,,,,,,,,,,,,,,
Q65810,Q45506932,,,,,,,,,,,,,,,,,,,,,,,,,,,,,,,,,,,,,,,,,,,,,
Q65813,Q45506998,,,,,,,,,,,,,,,,,,,,,,,,,,,,,,,,,,,,,,,,,,,,,
Q65816,Q45507062,,,,,,,,,,,,,,,,,,,,,,,,,,,,,,,,,,,,,,,,,,,,,
Q65819,Q45507126,,,,,,,,,,,,,,,,,,,,,,,,,,,,,,,,,,,,,,,,,,,,,
Q65822,Q26197742,,,,,,,,,,,,,,,,,,,,,,,,,,,,,,,,,,,,,,,,,,,,,
Q65826,Q16906201,,,,,,,,,,,,,,,,,,,,,,,,,,,,,,,,,,,,,,,,,,,,,
Q65829,Q11573148,,,,,,,,,,,,,,,,,,,,,,,,,,,,,,,,,,,,,,,,,,,,,
Q65832,Q22814773,,,,,,,,,,,,,,,,,,,,,,,,,,,,,,,,,,,,,,,,,,,,,
Q65835,Q11573215,,,,,,,,,,,,,,,,,,,,,,,,,,,,,,,,,,,,,,,,,,,,,
Q65838,Q11572944,,,,,,,,,,,,,,,,,,,,,,,,,,,,,,,,,,,,,,,,,,,,,
Q65841,Q11572892,,,,,,,,,,,,,,,,,,,,,,,,,,,,,,,,,,,,,,,,,,,,,
Q65844,Q1059874,,,,,,,,,,,,,,,,,,,,,,,,,,,,,,,,,,,,,,,,,,,,,
Q65847,Q118784,,,,,,,,,,,,,,,,,,,,,,,,,,,,,,,,,,,,,,,,,,,,,
Q65850,Q10511702,,,,,,,,,,,,,,,,,,,,,,,,,,,,,,,,,,,,,,,,,,,,,
Q65853,Q130431,,,,,,,,,,,,,,,,,,,,,,,,,,,,,,,,,,,,,,,,,,,,,
Q65856,Q45521705,,,,,,,,,,,,,,,,,,,,,,,,,,,,,,,,,,,,,,,,,,,,,
Q65859,Q45521769,,,,,,,,,,,,,,,,,,,,,,,,,,,,,,,,,,,,,,,,,,,,,
Q65862,Q45521832,,,,,,,,,,,,,,,,,,,,,,,,,,,,,,,,,,,,,,,,,,,,,
Q65865,Q30943179,,,,,,,,,,,,,,,,,,,,,,,,,,,,,,,,,,,,,,,,,,,,,
Q65868,Q837915,,,,,,,,,,,,,,,,,,,,,,,,,,,,,,,,,,,,,,,,,,,,,
Q65871,Q19653806,,,,,,,,,,,,,,,,,,,,,,,,,,,,,,,,,,,,,,,,,,,,,
Q65874,Q17993310,,,,,,,,,,,,,,,,,,,,,,,,,,,,,,,,,,,,,,,,,,,,,
Q65877,Q16603694,,,,,,,,,,,,,,,,,,,,,,,,,,,,,,,,,,,,,,,,,,,,,
Q65880,Q95141339,,,,,,,,,,,,,,,,,,,,,,,,,,,,,,,,,,,,,,,,,,,,,
Q65883,Q95141591,,,,,,,,,,,,,,,,,,,,,,,,,,,,,,,,,,,,,,,,,,,,,
Q65886,Q16904137,,,,,,,,,,,,,,,,,,,,,,,,,,,,,,,,,,,,,,,,,,,,,
Q65889,Q10513906,,,,,,,,,,,,,,,,,,,,,,,,,,,,,,,,,,,,,,,,,,,,,
Q65892,Q95020924,,,,,,,,,,,,,,,,,,,,,,,,,,,,,,,,,,,,,,,,,,,,,
Q65895,Q63771,,,,,,,,,,,,,,,,,,,,,,,,,,,,,,,,,,,,,,,,,,,,,
Q65898,Q10513910,,,,,,,,,,,,,,,,,,,,,,,,,,,,,,,,,,,,,,,,,,,,,
Q65901,Q22813934,,,,,,,,,,,,,,,,,,,,,,,,,,,,,,,,,,,,,,,,,,,,,
Q65904,Q27920991,,,,,,,,,,,,,,,,,,,,,,,,,,,,,,,,,,,,,,,,,,,,,
Q65907,Q56600365,,,,,,,,,,,,,,,,,,,,,,,,,,,,,,,,,,,,,,,,,,,,,
Q65910,Q45650420,,,,,,,,,,,,,,,,,,,,,,,,,,,,,,,,,,,,,,,,,,,,,
Q65913,Q45507189,,,,,,,,,,,,,,,,,,,,,,,,,,,,,,,,,,,,,,,,,,,,,
Q65916,Q95025641,,,,,,,,,,,,,,,,,,,,,,,,,,,,,,,,,,,,,,,,,,,,,
Q65919,Q95025763,,,,,,,,,,,,,,,,,,,,,,,,,,,,,,,,,,,,,,,,,,,,,
Q65922,Q95025874,,,,,,,,,,,,,,,,,,,,,,,,,,,,,,,,,,,,,,,,,,,,,
Q65925,Q30943175,,,,,,,,,,,,,,,,,,,,,,,,,,,,,,,,,,,,,,,,,,,,,
Q65928,Q15917996,,,,,,,,,,,,,,,,,,,,,,,,,,,,,,,,,,,,,,,,,,,,,
Q65931,Q95022177,,,,,,,,,,,,,,,,,,,,,,,,,,,,,,,,,,,,,,,,,,,,,
Q65934,Q95022393,,,,,,,,,,,,,,,,,,,,,,,,,,,,,,,,,,,,,,,,,,,,,
Q65937,Q95022684,,,,,,,,,,,,,,,,,,,,,,,,,,,,,,,,,,,,,,,,,,,,,
Q65940,Q81420,,,,,,,,,,,,,,,,,,,,,,,,,,,,,,,,,,,,,,,,,,,,,
Q65943,Q27920910,,,,,,,,,,,,,,,,,,,,,,,,,,,,,,,,,,,,,,,,,,,,,
Q65946,Q95145502,,,,,,,,,,,,,,,,,,,,,,,,,,,,,,,,,,,,,,,,,,,,,
Q65949,Q44431,,,,,,,,,,,,,,,,,,,,,,,,,,,,,,,,,,,,,,,,,,,,,
Q65952,Q103860,,,,,,,,,,,,,,,,,,,,,,,,person/317CC3DB-A396-4ABE-B130-D881A9C0E3E0,,,141116,,,,,,,,,,,,,,,,,,
Q65955,Q56600333,,,,,,,,,,,,,,,,,,,,,,,,,,,,,,,,,,,,,,,,,,,,,
Q65958,Q10621354,,,,,,,,,,,,,,,,,,,,,,,,,,,,,,,,,,,,,,,,,,,,,
Q65961,Q11573249,,,,,,,,,,,,,,,,,,,,,,,,,,,,,,,,,,,,,,,,,,,,,
Q65964,Q10416918,,,,,,,,,,,,,,,,,,,,,,,,,,,,,,,,,,,,,,,,,,,,,
Q65967,Q45506421,,,,,,,,,,,,,,,,,,,,,,,,,,,,,,,,,,,,,,,,,,,,,
Q65970,Q30943149,,,,,,,,,,,,,,,,,,,,,,,,,,,,,,,,,,,,,,,,,,,,,
Q65973,Q30943136,,,,,,,,,,,,,,,,,,,,,,,,,,,,,,,,,,,,,,,,,,,,,
Q65976,Q30943134,,,,,,,,,,,,,,,,,,,,,,,,,,,,,,,,,,,,,,,,,,,,,
Q65979,Q11626501,,,,,,,,,,,,,,,,,,,,,,,,,,,,,,,,,,,,,,,,,,,,,
Q65982,Q30943129,,,,,,,,,,,,,,,,,,,,,,,,,,,,,,,,,,,,,,,,,,,,,
Q65985,Q890338,,,,,,,,,,,,,,,,,,,,,,,,,,,,,,,,,,,,,,,,,,,,,
Q65988,Q26198059,,,,,,,,,,,,,,,,,,,,,,,,,,,,,,,,,,,,,,,,,,,,,
Q65991,Q5374609,,,,,,,,,,,,,,,,,,,,,,,,,,,,,,,,,,,,,,,,,,,,,
Q65994,Q837905,,,,,,,,,,,,,,,,,,,,,,,,,,,,,,,,,,,,,,,,,,,,,
Q65997,Q30943082,,,,,,,,,,,,,,,,,,,,,,,,,,,,,,,,,,,,,,,,,,,,,
Q66000,Q27920823,,,,,,,,,,,,,,,,,,,,,,,,,,,,,,,,,,,,,,,,,,,,,
Q66003,Q95141951,,,,,,,,,,,,,,,,,,,,,,,,,,,,,,,,,,,,,,,,,,,,,
Q66006,Q26197428,,,,,,,,,,,,,,,,,,,,,,,,,,,,,,,,,,,,,,,,,,,,,
Q66009,Q45402587,,,,,,,,,,,,,,,,,,,,,,,,,,,,,,,,,,,,,,,,,,,,,
Q66012,Q45422281,,,,,,,,,,,,,,,,,,,,,,,,,,,,,,,,,,,,,,,,,,,,,
Q66015,Q45541887,,,,,,,,,,,,,,,,,,,,,,,,,,,,,,,,,,,,,,,,,,,,,
Q66018,Q45652875,,,,,,,,,,,,,,,,,,,,,,,,,,,,,,,,,,,,,,,,,,,,,
Q66021,Q45651571,,,,,,,,,,,,,,,,,,,,,,,,,,,,,,,,,,,,,,,,,,,,,
Q66024,Q45651633,,,,,,,,,,,,,,,,,,,,,,,,,,,,,,,,,,,,,,,,,,,,,
Q66027,Q45652049,,,,,,,,,,,,,,,,,,,,,,,,,,,,,,,,,,,,,,,,,,,,,
Q66030,Q45652107,,,,,,,,,,,,,,,,,,,,,,,,,,,,,,,,,,,,,,,,,,,,,
Q66033,Q45652169,,,,,,,,,,,,,,,,,,,,,,,,,,,,,,,,,,,,,,,,,,,,,
Q66036,Q45652286,,,,,,,,,,,,,,,,,,,,,,,,,,,,,,,,,,,,,,,,,,,,,
Q66039,Q711364,,,,,,,,,,,,,,,,,,,,,,,,,,,,,,,,,,,,,,,,,,,,,
Q66042,Q45651032,,,,,,,,,,,,,,,,,,,,,,,,,,,,,,,,,,,,,,,,,,,,,
Q66045,Q45652634,,,,,,,,,,,,,,,,,,,,,,,,,,,,,,,,,,,,,,,,,,,,,
Q66048,Q5374658,,,,,,,,,,,,,,,,,,,,,,,,,,,,,,,,,,,,,,,,,,,,,
Q66051,Q45448067,,,,,,,,,,,,,,,,,,,,,,,,,,,,,,,,,,,,,,,,,,,,,
Q66054,Q45611616,,,,,,,,,,,,,,,,,,,,,,,,,,,,,,,,,,,,,,,,,,,,,
Q66057,Q65808012,,,,,,,,,,,,,,,,,,,,,,,,,,,,,,,,,,,,,,,,,,,,,
Q66060,Q65808013,,,,,,,,,,,,,,,,,,,,,,,,,,,,,,,,,,,,,,,,,,,,,
Q66063,Q45458515,,,,,,,,,,,,,,,,,,,,,,,,,,,,,,,,,,,,,,,,,,,,,
Q66066,Q45458579,,,,,,,,,,,,,,,,,,,,,,,,,,,,,,,,,,,,,,,,,,,,,
Q66069,Q45485929,,,,,,,,,,,,,,,,,,,,,,,,,,,,,,,,,,,,,,,,,,,,,
Q66072,Q45546414,,,,,,,,,,,,,,,,,,,,,,,,,,,,,,,,,,,,,,,,,,,,,
Q66075,Q45485357,,,,,,,,,,,,,,,,,,,,,,,,,,,,,,,,,,,,,,,,,,,,,
Q66078,Q45577483,,,,,,,,,,,,,,,,,,,,,,,,,,,,,,,,,,,,,,,,,,,,,
Q66081,Q45451713,,,,,,,,,,,,,,,,,,,,,,,,,,,,,,,,,,,,,,,,,,,,,
Q66084,Q26197739,,,,,,,,,,,,,,,,,,,,,,,,,,,,,,,,,,,,,,,,,,,,,
Q66087,Q45550212,,,,,,,,,,,,,,,,,,,,,,,,,,,,,,,,,,,,,,,,,,,,,
Q66090,Q45449005,,,,,,,,,,,,,,,,,,,,,,,,,,,,,,,,,,,,,,,,,,,,,
Q66093,Q45449193,,,,,,,,,,,,,,,,,,,,,,,,,,,,,,,,,,,,,,,,,,,,,
Q66096,Q45449320,,,,,,,,,,,,,,,,,,,,,,,,,,,,,,,,,,,,,,,,,,,,,
Q66099,Q45449382,,,,,,,,,,,,,,,,,,,,,,,,,,,,,,,,,,,,,,,,,,,,,
Q66102,Q45449447,,,,,,,,,,,,,,,,,,,,,,,,,,,,,,,,,,,,,,,,,,,,,
Q66105,Q11109359,,,,,,,,,,,,,,,,,,,,,,,,,,,,,,,,,,,,,,,,,,,,,
Q66108,Q11534057,,,,,,,,,,,,,,,,,,,,,,,,,,,,,,,,,,,,,,,,,,,,,
Q66111,Q22813424,,,,,,,,,,,,,,,,,,,,,,,,,,,,,,,,,,,,,,,,,,,,,
Q66114,Q14553451,,,,,,,,,,,,,,,,,,,,,,,,,,,,,,,,,,,,,,,,,,,,,
Q66117,Q15893164,,,,,,,,,,,,,,,,,,,,,,,,,,,,,,,,,,,,,,,,,,,,,
Q66120,Q65804715,,,,,,,,,,,,,,,,,,,,,,,,,,,,,,,,,,,,,,,,,,,,,
Q66123,Q45483587,,,,,,,,,,,,,,,,,,,,,,,,,,,,,,,,,,,,,,,,,,,,,
Q66126,Q45483652,,,,,,,,,,,,,,,,,,,,,,,,,,,,,,,,,,,,,,,,,,,,,
Q66129,Q45654135,,,,,,,,,,,,,,,,,,,,,,,,,,,,,,,,,,,,,,,,,,,,,
Q66132,Q45483845,,,,,,,,,,,,,,,,,,,,,,,,,,,,,,,,,,,,,,,,,,,,,
Q66135,Q45397962,,,,,,,,,,,,,,,,,,,,,,,,,,,,,,,,,,,,,,,,,,,,,
Q66138,Q45483141,,,,,,,,,,,,,,,,,,,,,,,,,,,,,,,,,,,,,,,,,,,,,
Q66141,Q10898467,,,,,,,,,,,,,,,,,,,,,,,,,,,,,,,,,,,,,,,,,,,,,
Q66144,Q65808224,,,,,,,,,,,,,,,,,,,,,,,,,,,,,,,,,,,,,,,,,,,,,
Q66147,Q45607841,,,,,,,,,,,,,,,,,,,,,,,,,,,,,,,,,,,,,,,,,,,,,
Q66150,Q45508706,,,,,,,,,,,,,,,,,,,,,,,,,,,,,,,,,,,,,,,,,,,,,
Q66153,Q45484421,,,,,,,,,,,,,,,,,,,,,,,,,,,,,,,,,,,,,,,,,,,,,
Q66156,Q45603466,,,,,,,,,,,,,,,,,,,,,,,,,,,,,,,,,,,,,,,,,,,,,
Q66159,Q45486652,,,,,,,,,,,,,,,,,,,,,,,,,,,,,,,,,,,,,,,,,,,,,
Q66162,Q45487036,,,,,,,,,,,,,,,,,,,,,,,,,,,,,,,,,,,,,,,,,,,,,
Q66165,Q45485059,,,,,,,,,,,,,,,,,,,,,,,,,,,,,,,,,,,,,,,,,,,,,
Q66168,Q45486398,,,,,,,,,,,,,,,,,,,,,,,,,,,,,,,,,,,,,,,,,,,,,
Q66171,Q30018064,,,,,,,,,,,,,,,,,,,,,,,,,,,,,,,,,,,,,,,,,,,,,
Q66174,Q45422191,,,,,,,,,,,,,,,,,,,,,,,,,,,,,,,,,,,,,,,,,,,,,
Q66177,Q45422194,,,,,,,,,,,,,,,,,,,,,,,,,,,,,,,,,,,,,,,,,,,,,
Q66180,Q45459978,,,,,,,,,,,,,,,,,,,,,,,,,,,,,,,,,,,,,,,,,,,,,
Q66183,Q45531957,,,,,,,,,,,,,,,,,,,,,,,,,,,,,,,,,,,,,,,,,,,,,
Q66186,Q45443375,,,,,,,,,,,,,,,,,,,,,,,,,,,,,,,,,,,,,,,,,,,,,
Q66189,Q45443436,,,,,,,,,,,,,,,,,,,,,,,,,,,,,,,,,,,,,,,,,,,,,
Q66192,Q45562691,,,,,,,,,,,,,,,,,,,,,,,,,,,,,,,,,,,,,,,,,,,,,
Q66195,Q45563074,,,,,,,,,,,,,,,,,,,,,,,,,,,,,,,,,,,,,,,,,,,,,
Q66198,Q45443754,,,,,,,,,,,,,,,,,,,,,,,,,,,,,,,,,,,,,,,,,,,,,
Q66201,Q45565509,,,,,,,,,,,,,,,,,,,,,,,,,,,,,,,,,,,,,,,,,,,,,
Q66204,Q45591627,,,,,,,,,,,,,,,,,,,,,,,,,,,,,,,,,,,,,,,,,,,,,
Q66207,Q45527919,,,,,,,,,,,,,,,,,,,,,,,,,,,,,,,,,,,,,,,,,,,,,
Q66210,Q45527980,,,,,,,,,,,,,,,,,,,,,,,,,,,,,,,,,,,,,,,,,,,,,
Q66213,Q45528673,,,,,,,,,,,,,,,,,,,,,,,,,,,,,,,,,,,,,,,,,,,,,
Q66216,Q22079174,,,,,,,,,,,,,,,,,,,,,,,,,,,,,,,,,,,,,,,,,,,,,
Q66219,Q45422637,,,,,,,,,,,,,,,,,,,,,,,,,,,,,,,,,,,,,,,,,,,,,
Q66222,Q45651556,,,,,,,,,,,,,,,,,,,,,,,,,,,,,,,,,,,,,,,,,,,,,
Q66225,Q45420461,,,,,,,,,,,,,,,,,,,,,,,,,,,,,,,,,,,,,,,,,,,,,
Q66228,Q45623416,,,,,,,,,,,,,,,,,,,,,,,,,,,,,,,,,,,,,,,,,,,,,
Q66231,Q45422676,,,,,,,,,,,,,,,,,,,,,,,,,,,,,,,,,,,,,,,,,,,,,
Q66234,Q45422628,,,,,,,,,,,,,,,,,,,,,,,,,,,,,,,,,,,,,,,,,,,,,
Q66237,Q45637659,,,,,,,,,,,,,,,,,,,,,,,,,,,,,,,,,,,,,,,,,,,,,
Q66240,Q45638707,,,,,,,,,,,,,,,,,,,,,,,,,,,,,,,,,,,,,,,,,,,,,
Q66243,Q45639019,,,,,,,,,,,,,,,,,,,,,,,,,,,,,,,,,,,,,,,,,,,,,
Q66246,Q45639757,,,,,,,,,,,,,,,,,,,,,,,,,,,,,,,,,,,,,,,,,,,,,
Q66249,Q45639939,,,,,,,,,,,,,,,,,,,,,,,,,,,,,,,,,,,,,,,,,,,,,
Q66252,Q45640158,,,,,,,,,,,,,,,,,,,,,,,,,,,,,,,,,,,,,,,,,,,,,
Q66255,Q16925792,,,,,,,,,,,,,,,,,,,,,,,,,,,,,,,,,,,,,,,,,,,,,
Q66258,Q45641458,,,,,,,,,,,,,,,,,,,,,,,,,,,,,,,,,,,,,,,,,,,,,
Q66261,Q45390421,,,,,,,,,,,,,,,,,,,,,,,,,,,,,,,,,,,,,,,,,,,,,
Q66264,Q45636046,,,,,,,,,,,,,,,,,,,,,,,,,,,,,,,,,,,,,,,,,,,,,
Q66267,Q45636108,,,,,,,,,,,,,,,,,,,,,,,,,,,,,,,,,,,,,,,,,,,,,
Q66270,Q45636293,,,,,,,,,,,,,,,,,,,,,,,,,,,,,,,,,,,,,,,,,,,,,
Q66273,Q45636416,,,,,,,,,,,,,,,,,,,,,,,,,,,,,,,,,,,,,,,,,,,,,
Q66276,Q45636477,,,,,,,,,,,,,,,,,,,,,,,,,,,,,,,,,,,,,,,,,,,,,
Q66279,Q45636733,,,,,,,,,,,,,,,,,,,,,,,,,,,,,,,,,,,,,,,,,,,,,
Q66282,Q45637038,,,,,,,,,,,,,,,,,,,,,,,,,,,,,,,,,,,,,,,,,,,,,
Q66285,Q45637100,,,,,,,,,,,,,,,,,,,,,,,,,,,,,,,,,,,,,,,,,,,,,
Q66288,Q45632847,,,,,,,,,,,,,,,,,,,,,,,,,,,,,,,,,,,,,,,,,,,,,
Q66291,Q45632908,,,,,,,,,,,,,,,,,,,,,,,,,,,,,,,,,,,,,,,,,,,,,
Q66294,Q45633034,,,,,,,,,,,,,,,,,,,,,,,,,,,,,,,,,,,,,,,,,,,,,
Q66297,Q45633097,,,,,,,,,,,,,,,,,,,,,,,,,,,,,,,,,,,,,,,,,,,,,
Q66300,Q45633221,,,,,,,,,,,,,,,,,,,,,,,,,,,,,,,,,,,,,,,,,,,,,
Q66303,Q45633348,,,,,,,,,,,,,,,,,,,,,,,,,,,,,,,,,,,,,,,,,,,,,
Q66306,Q45633539,,,,,,,,,,,,,,,,,,,,,,,,,,,,,,,,,,,,,,,,,,,,,
Q66309,Q45633665,,,,,,,,,,,,,,,,,,,,,,,,,,,,,,,,,,,,,,,,,,,,,
Q66312,Q45633728,,,,,,,,,,,,,,,,,,,,,,,,,,,,,,,,,,,,,,,,,,,,,
Q66315,Q45633790,,,,,,,,,,,,,,,,,,,,,,,,,,,,,,,,,,,,,,,,,,,,,
Q66318,Q45633853,,,,,,,,,,,,,,,,,,,,,,,,,,,,,,,,,,,,,,,,,,,,,
Q66321,Q45634108,,,,,,,,,,,,,,,,,,,,,,,,,,,,,,,,,,,,,,,,,,,,,
Q66324,Q45634301,,,,,,,,,,,,,,,,,,,,,,,,,,,,,,,,,,,,,,,,,,,,,
Q66327,Q45634364,,,,,,,,,,,,,,,,,,,,,,,,,,,,,,,,,,,,,,,,,,,,,
Q66330,Q45634554,,,,,,,,,,,,,,,,,,,,,,,,,,,,,,,,,,,,,,,,,,,,,
Q66333,Q45634618,,,,,,,,,,,,,,,,,,,,,,,,,,,,,,,,,,,,,,,,,,,,,
Q66336,Q45634679,,,,,,,,,,,,,,,,,,,,,,,,,,,,,,,,,,,,,,,,,,,,,
Q66339,Q45634806,,,,,,,,,,,,,,,,,,,,,,,,,,,,,,,,,,,,,,,,,,,,,
Q66342,Q45630844,,,,,,,,,,,,,,,,,,,,,,,,,,,,,,,,,,,,,,,,,,,,,
Q66345,Q45631094,,,,,,,,,,,,,,,,,,,,,,,,,,,,,,,,,,,,,,,,,,,,,
Q66348,Q45631219,,,,,,,,,,,,,,,,,,,,,,,,,,,,,,,,,,,,,,,,,,,,,
Q66352,Q45631344,,,,,,,,,,,,,,,,,,,,,,,,,,,,,,,,,,,,,,,,,,,,,
Q66355,Q45631595,,,,,,,,,,,,,,,,,,,,,,,,,,,,,,,,,,,,,,,,,,,,,
Q66358,Q45631783,,,,,,,,,,,,,,,,,,,,,,,,,,,,,,,,,,,,,,,,,,,,,
Q66361,Q45631909,,,,,,,,,,,,,,,,,,,,,,,,,,,,,,,,,,,,,,,,,,,,,
Q66364,Q45632097,,,,,,,,,,,,,,,,,,,,,,,,,,,,,,,,,,,,,,,,,,,,,
Q66367,Q45632159,,,,,,,,,,,,,,,,,,,,,,,,,,,,,,,,,,,,,,,,,,,,,
Q66369,Q45630717,,,,,,,,,,,,,,,,,,,,,,,,,,,,,,,,,,,,,,,,,,,,,
Q66372,Q45630468,,,,,,,,,,,,,,,,,,,,,,,,,,,,,,,,,,,,,,,,,,,,,
Q66375,Q45444500,,,,,,,,,,,,,,,,,,,,,,,,,,,,,,,,,,,,,,,,,,,,,
Q66378,Q45629328,,,,,,,,,,,,,,,,,,,,,,,,,,,,,,,,,,,,,,,,,,,,,
Q66381,Q45629520,,,,,,,,,,,,,,,,,,,,,,,,,,,,,,,,,,,,,,,,,,,,,
Q66384,Q45629583,,,,,,,,,,,,,,,,,,,,,,,,,,,,,,,,,,,,,,,,,,,,,
Q66387,Q45629709,,,,,,,,,,,,,,,,,,,,,,,,,,,,,,,,,,,,,,,,,,,,,
Q66390,Q45630093,,,,,,,,,,,,,,,,,,,,,,,,,,,,,,,,,,,,,,,,,,,,,
Q66393,Q18908945,,,,,,,,,,,,,,,,,,,,,,,,,,,,,,,,,,,,,,,,,,,,,
Q66396,Q45424690,,,,,,,,,,,,,,,,,,,,,,,,,,,,,,,,,,,,,,,,,,,,,
Q66399,Q14640436,,,,,,,,,,,,,,,,,,,,,,,,,,,,,,,,,,,,,,,,,,,,,
Q66402,Q45419041,,,,,,,,,,,,,,,,,,,,,,,,,,,,,,,,,,,,,,,,,,,,,
Q66405,Q45529117,,,,,,,,,,,,,,,,,,,,,,,,,,,,,,,,,,,,,,,,,,,,,
Q66408,Q45529563,,,,,,,,,,,,,,,,,,,,,,,,,,,,,,,,,,,,,,,,,,,,,
Q66411,Q64783334,,,,,,,,,,,,,,,,,,,,,,,,,,,,,,,,,,,,,,,,,,,,,
Q66414,Q61723656,,,,,,,,,,,,,,,,,,,,,,,,,,,,,,,,,,,,,,,,,,,,,
Q66417,Q26184298,,,,,,,,,,,,,,,,,,,,,,,,,,,,,,,,,,,,,,,,,,,,,
Q66420,Q28416724,,,,,,,,,,,,,,,,,,,,,,,,,,,,,,,,,,,,,,,,,,,,,
Q66423,Q61723643,,,,,,,,,,,,,,,,,,,,,,,,,,,,,,,,,,,,,,,,,,,,,
Q66426,Q11669916,,,,,,,,,,,,,,,,,,,,,,,,,,,,,,,,,,,,,,,,,,,,,
Q66429,Q61723628,,,,,,,,,,,,,,,,,,,,,,,,,,,,,,,,,,,,,,,,,,,,,
Q66432,Q45514213,,,,,,,,,,,,,,,,,,,,,,,,,,,,,,,,,,,,,,,,,,,,,
Q66435,Q1290765,,,,,,,,,,,,,,,,,,,,,,,,,,,,,,,,,,,,,,,,,,,,,
Q66438,Q45421395,,,,,,,,,,,,,,,,,,,,,,,,,,,,,,,,,,,,,,,,,,,,,
Q66441,Q45644543,,,,,,,,,,,,,,,,,,,,,,,,,,,,,,,,,,,,,,,,,,,,,
Q66444,Q45678086,,,,,,,,,,,,,,,,,,,,,,,,,,,,,,,,,,,,,,,,,,,,,
Q66447,Q45678118,,,,,,,,,,,,,,,,,,,,,,,,,,,,,,,,,,,,,,,,,,,,,
Q66450,Q45678151,,,,,,,,,,,,,,,,,,,,,,,,,,,,,,,,,,,,,,,,,,,,,
Q66453,Q45678184,,,,,,,,,,,,,,,,,,,,,,,,,,,,,,,,,,,,,,,,,,,,,
Q66456,Q45678217,,,,,,,,,,,,,,,,,,,,,,,,,,,,,,,,,,,,,,,,,,,,,
Q66459,Q45678251,,,,,,,,,,,,,,,,,,,,,,,,,,,,,,,,,,,,,,,,,,,,,
Q66462,Q45673593,,,,,,,,,,,,,,,,,,,,,,,,,,,,,,,,,,,,,,,,,,,,,
Q66465,Q45564494,,,,,,,,,,,,,,,,,,,,,,,,,,,,,,,,,,,,,,,,,,,,,
Q66468,Q45564557,,,,,,,,,,,,,,,,,,,,,,,,,,,,,,,,,,,,,,,,,,,,,
Q66471,Q45564621,,,,,,,,,,,,,,,,,,,,,,,,,,,,,,,,,,,,,,,,,,,,,
Q66474,Q21094192,,,,,,,,,,,,,,,,,,,,,,,,,,,,,,,,,,,,,,,,,,,,,
Q66477,Q45418909,,,,,,,,,,,,,,,,,,,,,,,,,,,,,,,,,,,,,,,,,,,,,
Q66480,Q26208799,,,,,,,,,,,,,,,,,,,,,,,,,,,,,,,,,,,,,,,,,,,,,
Q66483,Q45659825,,,,,,,,,,,,,,,,,,,,,,,,,,,,,,,,,,,,,,,,,,,,,
Q66486,Q45664586,,,,,,,,,,,,,,,,,,,,,,,,,,,,,,,,,,,,,,,,,,,,,
Q66489,Q45664697,,,,,,,,,,,,,,,,,,,,,,,,,,,,,,,,,,,,,,,,,,,,,
Q66492,Q10360383,,,,,,,,,,,,,,,,,,,,,,,,,,,,,,,,,,,,,,,,,,,,,
Q66495,Q11101640,,,,,,,,,,,,,,,,,,,,,,,,,,,,,,,,,,,,,,,,,,,,,
Q66498,Q18235990,,,,,,,,,,,,,,,,,,,,,,,,,,,,,,,,,,,,,,,,,,,,,
Q66501,Q15915127,,,,,,,,,,,,,,,,,,,,,,,,,,,,,,,,,,,,,,,,,,,,,
Q66504,Q76011073,,,,,,,,,,,,,,,,,,,,,,,,,,,,,,,,,,,,,,,,,,,,,
Q66507,Q45667015,,,,,,,,,,,,,,,,,,,,,,,,,,,,,,,,,,,,,,,,,,,,,
Q66510,Q45667068,,,,,,,,,,,,,,,,,,,,,,,,,,,,,,,,,,,,,,,,,,,,,
Q66513,Q45498502,,,,,,,,,,,,,,,,,,,,,,,,,,,,,,,,,,,,,,,,,,,,,
Q66516,Q45536415,,,,,,,,,,,,,,,,,,,,,,,,,,,,,,,,,,,,,,,,,,,,,
Q66519,Q45536479,,,,,,,,,,,,,,,,,,,,,,,,,,,,,,,,,,,,,,,,,,,,,
Q66522,Q45607280,,,,,,,,,,,,,,,,,,,,,,,,,,,,,,,,,,,,,,,,,,,,,
Q66525,Q45668647,,,,,,,,,,,,,,,,,,,,,,,,,,,,,,,,,,,,,,,,,,,,,
Q66528,Q45668695,,,,,,,,,,,,,,,,,,,,,,,,,,,,,,,,,,,,,,,,,,,,,
Q66531,Q45668948,,,,,,,,,,,,,,,,,,,,,,,,,,,,,,,,,,,,,,,,,,,,,
Q66534,Q45669146,,,,,,,,,,,,,,,,,,,,,,,,,,,,,,,,,,,,,,,,,,,,,
Q66537,Q45669194,,,,,,,,,,,,,,,,,,,,,,,,,,,,,,,,,,,,,,,,,,,,,
Q66540,Q45669241,,,,,,,,,,,,,,,,,,,,,,,,,,,,,,,,,,,,,,,,,,,,,
Q66543,Q45669287,,,,,,,,,,,,,,,,,,,,,,,,,,,,,,,,,,,,,,,,,,,,,
Q66546,Q45669334,,,,,,,,,,,,,,,,,,,,,,,,,,,,,,,,,,,,,,,,,,,,,
Q66549,Q45669380,,,,,,,,,,,,,,,,,,,,,,,,,,,,,,,,,,,,,,,,,,,,,
Q66552,Q45475851,,,,,,,,,,,,,,,,,,,,,,,,,,,,,,,,,,,,,,,,,,,,,
Q66555,Q45500665,,,,,,,,,,,,,,,,,,,,,,,,,,,,,,,,,,,,,,,,,,,,,
Q66558,Q65808181,,,,,,,,,,,,,,,,,,,,,,,,,,,,,,,,,,,,,,,,,,,,,
Q66561,Q45590523,,,,,,,,,,,,,,,,,,,,,,,,,,,,,,,,,,,,,,,,,,,,,
Q66564,Q45590586,,,,,,,,,,,,,,,,,,,,,,,,,,,,,,,,,,,,,,,,,,,,,
Q66567,Q45668247,,,,,,,,,,,,,,,,,,,,,,,,,,,,,,,,,,,,,,,,,,,,,
Q66570,Q45668348,,,,,,,,,,,,,,,,,,,,,,,,,,,,,,,,,,,,,,,,,,,,,
Q66573,Q45668448,,,,,,,,,,,,,,,,,,,,,,,,,,,,,,,,,,,,,,,,,,,,,
Q66576,Q45668547,,,,,,,,,,,,,,,,,,,,,,,,,,,,,,,,,,,,,,,,,,,,,
Q66579,Q45668595,,,,,,,,,,,,,,,,,,,,,,,,,,,,,,,,,,,,,,,,,,,,,
Q66582,Q60994933,,,,,,,,,,,,,,,,,,,,,,,,,,,,,,,,,,,,,,,,,,,,,
Q66585,Q45513054,,,,,,,,,,,,,,,,,,,,,,,,,,,,,,,,,,,,,,,,,,,,,
Q66588,Q45669477,,,,,,,,,,,,,,,,,,,,,,,,,,,,,,,,,,,,,,,,,,,,,
Q66591,Q45669524,,,,,,,,,,,,,,,,,,,,,,,,,,,,,,,,,,,,,,,,,,,,,
Q66594,Q45667773,,,,,,,,,,,,,,,,,,,,,,,,,,,,,,,,,,,,,,,,,,,,,
Q66597,Q45667873,,,,,,,,,,,,,,,,,,,,,,,,,,,,,,,,,,,,,,,,,,,,,
Q66600,Q65808150,,,,,,,,,,,,,,,,,,,,,,,,,,,,,,,,,,,,,,,,,,,,,
Q66603,Q45635564,,,,,,,,,,,,,,,,,,,,,,,,,,,,,,,,,,,,,,,,,,,,,
Q66606,Q45669762,,,,,,,,,,,,,,,,,,,,,,,,,,,,,,,,,,,,,,,,,,,,,
Q66609,Q45670001,,,,,,,,,,,,,,,,,,,,,,,,,,,,,,,,,,,,,,,,,,,,,
Q66612,Q45472125,,,,,,,,,,,,,,,,,,,,,,,,,,,,,,,,,,,,,,,,,,,,,
Q66615,Q45667638,,,,,,,,,,,,,,,,,,,,,,,,,,,,,,,,,,,,,,,,,,,,,
Q66618,Q45667688,,,,,,,,,,,,,,,,,,,,,,,,,,,,,,,,,,,,,,,,,,,,,
Q66621,Q45667840,,,,,,,,,,,,,,,,,,,,,,,,,,,,,,,,,,,,,,,,,,,,,
Q66624,Q45666055,,,,,,,,,,,,,,,,,,,,,,,,,,,,,,,,,,,,,,,,,,,,,
Q66627,Q45666109,,,,,,,,,,,,,,,,,,,,,,,,,,,,,,,,,,,,,,,,,,,,,
Q66630,Q45666320,,,,,,,,,,,,,,,,,,,,,,,,,,,,,,,,,,,,,,,,,,,,,
Q66633,Q45666426,,,,,,,,,,,,,,,,,,,,,,,,,,,,,,,,,,,,,,,,,,,,,
Q66636,Q45473641,,,,,,,,,,,,,,,,,,,,,,,,,,,,,,,,,,,,,,,,,,,,,
Q66639,Q45625735,,,,,,,,,,,,,,,,,,,,,,,,,,,,,,,,,,,,,,,,,,,,,
Q66642,Q45419698,,,,,,,,,,,,,,,,,,,,,,,,,,,,,,,,,,,,,,,,,,,,,
Q66645,Q45496204,,,,,,,,,,,,,,,,,,,,,,,,,,,,,,,,,,,,,,,,,,,,,
Q66648,Q45488400,,,,,,,,,,,,,,,,,,,,,,,,,,,,,,,,,,,,,,,,,,,,,
Q66651,Q45495625,,,,,,,,,,,,,,,,,,,,,,,,,,,,,,,,,,,,,,,,,,,,,
Q66654,Q65805421,,,,,,,,,,,,,,,,,,,,,,,,,,,,,,,,,,,,,,,,,,,,,
Q66657,Q45628045,,,,,,,,,,,,,,,,,,,,,,,,,,,,,,,,,,,,,,,,,,,,,
Q66660,Q45420178,,,,,,,,,,,,,,,,,,,,,,,,,,,,,,,,,,,,,,,,,,,,,
Q66663,Q45421235,,,,,,,,,,,,,,,,,,,,,,,,,,,,,,,,,,,,,,,,,,,,,
Q66666,Q45518571,,,,,,,,,,,,,,,,,,,,,,,,,,,,,,,,,,,,,,,,,,,,,
Q66669,Q45497569,,,,,,,,,,,,,,,,,,,,,,,,,,,,,,,,,,,,,,,,,,,,,
Q66672,Q45497824,,,,,,,,,,,,,,,,,,,,,,,,,,,,,,,,,,,,,,,,,,,,,
Q66675,Q45498016,,,,,,,,,,,,,,,,,,,,,,,,,,,,,,,,,,,,,,,,,,,,,
Q66678,Q45571335,,,,,,,,,,,,,,,,,,,,,,,,,,,,,,,,,,,,,,,,,,,,,
Q66681,Q45658512,,,,,,,,,,,,,,,,,,,,,,,,,,,,,,,,,,,,,,,,,,,,,
Q66684,Q45508209,,,,,,,,,,,,,,,,,,,,,,,,,,,,,,,,,,,,,,,,,,,,,
Q66687,Q45496927,,,,,,,,,,,,,,,,,,,,,,,,,,,,,,,,,,,,,,,,,,,,,
Q66690,Q45556458,,,,,,,,,,,,,,,,,,,,,,,,,,,,,,,,,,,,,,,,,,,,,
Q66693,Q45483211,,,,,,,,,,,,,,,,,,,,,,,,,,,,,,,,,,,,,,,,,,,,,
Q66696,Q45672263,,,,,,,,,,,,,,,,,,,,,,,,,,,,,,,,,,,,,,,,,,,,,
Q66699,Q45627345,,,,,,,,,,,,,,,,,,,,,,,,,,,,,,,,,,,,,,,,,,,,,
Q66702,Q45672308,,,,,,,,,,,,,,,,,,,,,,,,,,,,,,,,,,,,,,,,,,,,,
Q66705,Q45647671,,,,,,,,,,,,,,,,,,,,,,,,,,,,,,,,,,,,,,,,,,,,,
Q66708,Q45647729,,,,,,,,,,,,,,,,,,,,,,,,,,,,,,,,,,,,,,,,,,,,,
Q66711,Q45647790,,,,,,,,,,,,,,,,,,,,,,,,,,,,,,,,,,,,,,,,,,,,,
Q66714,Q45515930,,,,,,,,,,,,,,,,,,,,,,,,,,,,,,,,,,,,,,,,,,,,,
Q66717,Q45681006,,,,,,,,,,,,,,,,,,,,,,,,,,,,,,,,,,,,,,,,,,,,,
Q66720,Q45681349,,,,,,,,,,,,,,,,,,,,,,,,,,,,,,,,,,,,,,,,,,,,,
Q66723,Q45681535,,,,,,,,,,,,,,,,,,,,,,,,,,,,,,,,,,,,,,,,,,,,,
Q66726,Q45681597,,,,,,,,,,,,,,,,,,,,,,,,,,,,,,,,,,,,,,,,,,,,,
Q66729,Q45406580,,,,,,,,,,,,,,,,,,,,,,,,,,,,,,,,,,,,,,,,,,,,,
Q66732,Q45681627,,,,,,,,,,,,,,,,,,,,,,,,,,,,,,,,,,,,,,,,,,,,,
Q66735,Q45553299,,,,,,,,,,,,,,,,,,,,,,,,,,,,,,,,,,,,,,,,,,,,,
Q66738,Q45420065,,,,,,,,,,,,,,,,,,,,,,,,,,,,,,,,,,,,,,,,,,,,,
Q66741,Q15938477,,,,,,,,,,,,,,,,,,,,,,,,,,,,,,,,,,,,,,,,,,,,,
Q66744,Q45682063,,,,,,,,,,,,,,,,,,,,,,,,,,,,,,,,,,,,,,,,,,,,,
Q66747,Q45422126,,,,,,,,,,,,,,,,,,,,,,,,,,,,,,,,,,,,,,,,,,,,,
Q66750,Q45599674,,,,,,,,,,,,,,,,,,,,,,,,,,,,,,,,,,,,,,,,,,,,,
Q66753,Q45599990,,,,,,,,,,,,,,,,,,,,,,,,,,,,,,,,,,,,,,,,,,,,,
Q66756,Q45497789,,,,,,,,,,,,,,,,,,,,,,,,,,,,,,,,,,,,,,,,,,,,,
Q66759,Q45489716,,,,,,,,,,,,,,,,,,,,,,,,,,,,,,,,,,,,,,,,,,,,,
Q66762,Q45497916,,,,,,,,,,,,,,,,,,,,,,,,,,,,,,,,,,,,,,,,,,,,,
Q66765,Q45600176,,,,,,,,,,,,,,,,,,,,,,,,,,,,,,,,,,,,,,,,,,,,,
Q66768,Q45600361,,,,,,,,,,,,,,,,,,,,,,,,,,,,,,,,,,,,,,,,,,,,,
Q66771,Q45600546,,,,,,,,,,,,,,,,,,,,,,,,,,,,,,,,,,,,,,,,,,,,,
Q66774,Q45602258,,,,,,,,,,,,,,,,,,,,,,,,,,,,,,,,,,,,,,,,,,,,,
Q66777,Q45602384,,,,,,,,,,,,,,,,,,,,,,,,,,,,,,,,,,,,,,,,,,,,,
Q66780,Q45602447,,,,,,,,,,,,,,,,,,,,,,,,,,,,,,,,,,,,,,,,,,,,,
Q66783,Q45605325,,,,,,,,,,,,,,,,,,,,,,,,,,,,,,,,,,,,,,,,,,,,,
Q66786,Q45605450,,,,,,,,,,,,,,,,,,,,,,,,,,,,,,,,,,,,,,,,,,,,,
Q66789,Q45604311,,,,,,,,,,,,,,,,,,,,,,,,,,,,,,,,,,,,,,,,,,,,,
Q66792,Q45604374,,,,,,,,,,,,,,,,,,,,,,,,,,,,,,,,,,,,,,,,,,,,,
Q66795,Q45604814,,,,,,,,,,,,,,,,,,,,,,,,,,,,,,,,,,,,,,,,,,,,,
Q66798,Q45604877,,,,,,,,,,,,,,,,,,,,,,,,,,,,,,,,,,,,,,,,,,,,,
Q66801,Q45605005,,,,,,,,,,,,,,,,,,,,,,,,,,,,,,,,,,,,,,,,,,,,,
Q66804,Q45605133,,,,,,,,,,,,,,,,,,,,,,,,,,,,,,,,,,,,,,,,,,,,,
Q66807,Q45605196,,,,,,,,,,,,,,,,,,,,,,,,,,,,,,,,,,,,,,,,,,,,,
Q66810,Q45637581,,,,,,,,,,,,,,,,,,,,,,,,,,,,,,,,,,,,,,,,,,,,,
Q66813,Q45535738,,,,,,,,,,,,,,,,,,,,,,,,,,,,,,,,,,,,,,,,,,,,,
Q66816,Q65806165,,,,,,,,,,,,,,,,,,,,,,,,,,,,,,,,,,,,,,,,,,,,,
Q66819,Q65803204,,,,,,,,,,,,,,,,,,,,,,,,,,,,,,,,,,,,,,,,,,,,,
Q66822,Q65806164,,,,,,,,,,,,,,,,,,,,,,,,,,,,,,,,,,,,,,,,,,,,,
Q66825,Q45530462,,,,,,,,,,,,,,,,,,,,,,,,,,,,,,,,,,,,,,,,,,,,,
Q66828,Q45565066,,,,,,,,,,,,,,,,,,,,,,,,,,,,,,,,,,,,,,,,,,,,,
Q66831,Q45463584,,,,,,,,,,,,,,,,,,,,,,,,,,,,,,,,,,,,,,,,,,,,,
Q66834,Q104814161,,,,,,,,,,,,,,,,,,,,,,,,,,,,,,,,,,,,,,,,,,,,,
Q66837,Q10880716,,,,,,,,,,,,,,,,,,,,,,,,,,,644454,,,,,,,,,,,,,,,,,,
Q66840,Q10887423,,,,,,,,,,,,,,,,,,,,,,,,,,,644455,,,,,,,,,,,,,,,,,,
Q66843,Q45670648,,,,,,,,,,,,,,,,,,,,,,,,,,,,,,,,,,,,,,,,,,,,,
Q66846,Q45670785,,,,,,,,,,,,,,,,,,,,,,,,,,,,,,,,,,,,,,,,,,,,,
Q66849,Q45670832,,,,,,,,,,,,,,,,,,,,,,,,,,,,,,,,,,,,,,,,,,,,,
Q66852,Q45670879,,,,,,,,,,,,,,,,,,,,,,,,,,,,,,,,,,,,,,,,,,,,,
Q66855,Q45670925,,,,,,,,,,,,,,,,,,,,,,,,,,,,,,,,,,,,,,,,,,,,,
Q66858,Q45419244,,,,,,,,,,,,,,,,,,,,,,,,,,,,,,,,,,,,,,,,,,,,,
Q66861,Q45473941,,,,,,,,,,,,,,,,,,,,,,,,,,,,,,,,,,,,,,,,,,,,,
Q66864,Q45488092,,,,,,,,,,,,,,,,,,,,,,,,,,,,,,,,,,,,,,,,,,,,,
Q66867,Q45581312,,,,,,,,,,,,,,,,,,,,,,,,,,,,,,,,,,,,,,,,,,,,,
Q66870,Q45581821,,,,,,,,,,,,,,,,,,,,,,,,,,,,,,,,,,,,,,,,,,,,,
Q66873,Q45474064,,,,,,,,,,,,,,,,,,,,,,,,,,,,,,,,,,,,,,,,,,,,,
Q66876,Q45474187,,,,,,,,,,,,,,,,,,,,,,,,,,,,,,,,,,,,,,,,,,,,,
Q66879,Q45476519,,,,,,,,,,,,,,,,,,,,,,,,,,,,,,,,,,,,,,,,,,,,,
Q66882,Q45487710,,,,,,,,,,,,,,,,,,,,,,,,,,,,,,,,,,,,,,,,,,,,,
Q66885,Q45625275,,,,,,,,,,,,,,,,,,,,,,,,,,,,,,,,,,,,,,,,,,,,,
Q66888,Q45486557,,,,,,,,,,,,,,,,,,,,,,,,,,,,,,,,,,,,,,,,,,,,,
Q66891,Q45486239,,,,,,,,,,,,,,,,,,,,,,,,,,,,,,,,,,,,,,,,,,,,,
Q66894,Q45486303,,,,,,,,,,,,,,,,,,,,,,,,,,,,,,,,,,,,,,,,,,,,,
Q66897,Q45486366,,,,,,,,,,,,,,,,,,,,,,,,,,,,,,,,,,,,,,,,,,,,,
Q66900,Q45486746,,,,,,,,,,,,,,,,,,,,,,,,,,,,,,,,,,,,,,,,,,,,,
Q66903,Q45486944,,,,,,,,,,,,,,,,,,,,,,,,,,,,,,,,,,,,,,,,,,,,,
Q66906,Q45487390,,,,,,,,,,,,,,,,,,,,,,,,,,,,,,,,,,,,,,,,,,,,,
Q66909,Q45487517,,,,,,,,,,,,,,,,,,,,,,,,,,,,,,,,,,,,,,,,,,,,,
Q66912,Q45520481,,,,,,,,,,,,,,,,,,,,,,,,,,,,,,,,,,,,,,,,,,,,,
Q66915,Q45566244,,,,,,,,,,,,,,,,,,,,,,,,,,,,,,,,,,,,,,,,,,,,,
Q66918,Q7967758,,,,,,,,,,,,,,,,,,,,,,,,,,,,,,,,,,,,,,,,,,,,,
Q66921,Q45518506,,,,,,,,,,,,,,,,,,,,,,,,,,,,,,,,,,,,,,,,,,,,,
Q66924,Q5374490,,,,,,,,,,,,,,,,,,,,,,,,,,,,,,,,,,,,,,,,,,,,,
Q66927,Q5163354,,,,,,,,,,,,,,,,,,,,,,,,,,,,,,,,,,,,,,,,,,,,,
Q66930,Q9761,,,,,,,,,,,,,,,,,,,,,,,,,,,,,,,,,,,,,,,,,,,,,
Q66933,Q11098008,,,,,,,,,,,,,,,,,,,,,,,,,,,,,,,,,,,,,,,,,,,,,
Q66936,Q10871075,,,,,,,,,,,,,,,,,,,,,,,,,,,,,,,,,,,,,,,,,,,,,
Q66939,Q10877084,,,,,,,,,,,,,,,,,,,,,,,,,,,,,,,,,,,,,,,,,,,,,
Q66942,Q10881168,,,,,,,,,,,,,,,,,,,,,,,,,,,,,,,,,,,,,,,,,,,,,
Q66945,Q11060973,,,,,,,,,,,,,,,,,,,,,,,,,,,,,,,,,,,,,,,,,,,,,
Q66948,Q11079703,,,,,,,,,,,,,,,,,,,,,,,,,,,,,,,,,,,,,,,,,,,,,
Q66951,Q11097489,,,,,,,,,,,,,,,,,,,,,,,,,,,,,,,,,,,,,,,,,,,,,
Q66954,Q11148447,,,,,,,,,,,,,,,,,,,,,,,,,,,,,,,,,,,,,,,,,,,,,
Q66957,Q16603506,,,,,,,,,,,,,,,,,,,,,,,,,,,,,,,,,,,,,,,,,,,,,
Q66960,Q16603617,,,,,,,,,,,,,,,,,,,,,,,,,,,,,,,,,,,,,,,,,,,,,
Q66963,Q16603623,,,,,,,,,,,,,,,,,,,,,,,,,,,,,,,,,,,,,,,,,,,,,
Q66966,Q16603629,,,,,,,,,,,,,,,,,,,,,,,,,,,,,,,,,,,,,,,,,,,,,
Q66969,Q16603661,,,,,,,,,,,,,,,,,,,,,,,,,,,,,,,,,,,,,,,,,,,,,
Q66972,Q10337964,,,,,,,,,,,,,,,,,,,,,,,,,,,,,,,,,,,,,,,,,,,,,
Q66975,Q10338085,,,,,,,,,,,,,,,,,,,,,,,,,,,,,,,,,,,,,,,,,,,,,
Q66978,Q11097672,,,,,,,,,,,,,,,,,,,,,,,,,,,,,,,,,,,,,,,,,,,,,
Q66981,Q11097677,,,,,,,,,,,,,,,,,,,,,,,,,,,,,,,,,,,,,,,,,,,,,
Q66984,Q11097694,,,,,,,,,,,,,,,,,,,,,,,,,,,,,,,,,,,,,,,,,,,,,
Q66987,Q11097695,,,,,,,,,,,,,,,,,,,,,,,,,,,,,,,,,,,,,,,,,,,,,
Q66990,Q11097696,,,,,,,,,,,,,,,,,,,,,,,,,,,,,,,,,,,,,,,,,,,,,
Q66993,Q11097704,,,,,,,,,,,,,,,,,,,,,,,,,,,,,,,,,,,,,,,,,,,,,
Q66996,Q11097705,,,,,,,,,,,,,,,,,,,,,,,,,,,,,,,,,,,,,,,,,,,,,
Q66999,Q11097721,,,,,,,,,,,,,,,,,,,,,,,,,,,,,,,,,,,,,,,,,,,,,
Q67002,Q11097726,,,,,,,,,,,,,,,,,,,,,,,,,,,,,,,,,,,,,,,,,,,,,
Q67005,Q11097728,,,,,,,,,,,,,,,,,,,,,,,,,,,,,,,,,,,,,,,,,,,,,
Q67008,Q11097743,,,,,,,,,,,,,,,,,,,,,,,,,,,,,,,,,,,,,,,,,,,,,
Q67011,Q11097749,,,,,,,,,,,,,,,,,,,,,,,,,,,,,,,,,,,,,,,,,,,,,
Q67014,Q11097762,,,,,,,,,,,,,,,,,,,,,,,,,,,,,,,,,,,,,,,,,,,,,
Q67017,Q11097787,,,,,,,,,,,,,,,,,,,,,,,,,,,,,,,,,,,,,,,,,,,,,
Q67020,Q11097788,,,,,,,,,,,,,,,,,,,,,,,,,,,,,,,,,,,,,,,,,,,,,
Q67023,Q11097789,,,,,,,,,,,,,,,,,,,,,,,,,,,,,,,,,,,,,,,,,,,,,
Q67026,Q11097798,,,,,,,,,,,,,,,,,,,,,,,,,,,,,,,,,,,,,,,,,,,,,
Q67028,Q11097799,,,,,,,,,,,,,,,,,,,,,,,,,,,,,,,,,,,,,,,,,,,,,
Q67032,Q11097800,,,,,,,,,,,,,,,,,,,,,,,,,,,,,,,,,,,,,,,,,,,,,
Q67036,Q11097772,,,,,,,,,,,,,,,,,,,,,,,,,,,,,,,,,,,,,,,,,,,,,
Q67039,Q45549240,,,,,,,,,,,,,,,,,,,,,,,,,,,,,,,,,,,,,,,,,,,,,
Q67042,Q45360794,,,,,,,,,,,,,,,,,,,,,,,,,,,,,,,,,,,,,,,,,,,,,
Q67045,Q45520099,,,,,,,,,,,,,,,,,,,,,,,,,,,,,,,,,,,,,,,,,,,,,
Q67048,Q45474756,,,,,,,,,,,,,,,,,,,,,,,,,,,,,,,,,,,,,,,,,,,,,
Q67051,Q45474819,,,,,,,,,,,,,,,,,,,,,,,,,,,,,,,,,,,,,,,,,,,,,
Q67054,Q45475140,,,,,,,,,,,,,,,,,,,,,,,,,,,,,,,,,,,,,,,,,,,,,
Q67057,Q45475523,,,,,,,,,,,,,,,,,,,,,,,,,,,,,,,,,,,,,,,,,,,,,
Q67060,Q45687190,,,,,,,,,,,,,,,,,,,,,,,,,,,,,,,,,,,,,,,,,,,,,
Q67063,Q45605357,,,,,,,,,,,,,,,,,,,,,,,,,,,,,,,,,,,,,,,,,,,,,
Q67066,Q45605422,,,,,,,,,,,,,,,,,,,,,,,,,,,,,,,,,,,,,,,,,,,,,
Q67069,Q45687343,,,,,,,,,,,,,,,,,,,,,,,,,,,,,,,,,,,,,,,,,,,,,
Q67072,Q45456747,,,,,,,,,,,,,,,,,,,,,,,,,,,,,,,,,,,,,,,,,,,,,
Q67075,Q65803957,,,,,,,,,,,,,,,,,,,,,,,,,,,,,,,,,,,,,,,,,,,,,
Q67078,Q45543086,,,,,,,,,,,,,,,,,,,,,,,,,,,,,,,,,,,,,,,,,,,,,
Q67081,Q45419312,,,,,,,,,,,,,,,,,,,,,,,,,,,,,,,,,,,,,,,,,,,,,
Q67083,Q45419314,,,,,,,,,,,,,,,,,,,,,,,,,,,,,,,,,,,,,,,,,,,,,
Q67086,Q45499302,,,,,,,,,,,,,,,,,,,,,,,,,,,,,,,,,,,,,,,,,,,,,
Q67089,Q45499239,,,,,,,,,,,,,,,,,,,,,,,,,,,,,,,,,,,,,,,,,,,,,
Q67092,Q45678009,,,,,,,,,,,,,,,,,,,,,,,,,,,,,,,,,,,,,,,,,,,,,
Q67095,Q45678076,,,,,,,,,,,,,,,,,,,,,,,,,,,,,,,,,,,,,,,,,,,,,
Q67098,Q45656954,,,,,,,,,,,,,,,,,,,,,,,,,,,,,,,,,,,,,,,,,,,,,
Q67101,Q45657075,,,,,,,,,,,,,,,,,,,,,,,,,,,,,,,,,,,,,,,,,,,,,
Q67104,Q45657314,,,,,,,,,,,,,,,,,,,,,,,,,,,,,,,,,,,,,,,,,,,,,
Q67107,Q45657376,,,,,,,,,,,,,,,,,,,,,,,,,,,,,,,,,,,,,,,,,,,,,
Q67110,Q45688361,,,,,,,,,,,,,,,,,,,,,,,,,,,,,,,,,,,,,,,,,,,,,
Q67113,Q45648030,,,,,,,,,,,,,,,,,,,,,,,,,,,,,,,,,,,,,,,,,,,,,
Q67116,Q45552668,,,,,,,,,,,,,,,,,,,,,,,,,,,,,,,,,,,,,,,,,,,,,
Q67119,Q45647372,,,,,,,,,,,,,,,,,,,,,,,,,,,,,,,,,,,,,,,,,,,,,
Q67122,Q45648090,,,,,,,,,,,,,,,,,,,,,,,,,,,,,,,,,,,,,,,,,,,,,
Q67125,Q45647971,,,,,,,,,,,,,,,,,,,,,,,,,,,,,,,,,,,,,,,,,,,,,
Q67128,Q45519077,,,,,,,,,,,,,,,,,,,,,,,,,,,,,,,,,,,,,,,,,,,,,
Q67131,Q45519331,,,,,,,,,,,,,,,,,,,,,,,,,,,,,,,,,,,,,,,,,,,,,
Q67134,Q45519395,,,,,,,,,,,,,,,,,,,,,,,,,,,,,,,,,,,,,,,,,,,,,
Q67137,Q22813330,,,,,,,,,,,,,,,,,,,,,,,,,,,,,,,,,,,,,,,,,,,,,
Q67140,Q65805795,,,,,,,,,,,,,,,,,,,,,,,,,,,,,,,,,,,,,,,,,,,,,
Q67143,Q45609689,,,,,,,,,,,,,,,,,,,,,,,,,,,,,,,,,,,,,,,,,,,,,
Q67146,Q45609755,,,,,,,,,,,,,,,,,,,,,,,,,,,,,,,,,,,,,,,,,,,,,
Q67149,Q45609818,,,,,,,,,,,,,,,,,,,,,,,,,,,,,,,,,,,,,,,,,,,,,
Q67152,Q45609883,,,,,,,,,,,,,,,,,,,,,,,,,,,,,,,,,,,,,,,,,,,,,
Q67155,Q45609945,,,,,,,,,,,,,,,,,,,,,,,,,,,,,,,,,,,,,,,,,,,,,
Q67158,Q45610010,,,,,,,,,,,,,,,,,,,,,,,,,,,,,,,,,,,,,,,,,,,,,
Q67161,Q45609558,,,,,,,,,,,,,,,,,,,,,,,,,,,,,,,,,,,,,,,,,,,,,
Q67164,Q45444568,,,,,,,,,,,,,,,,,,,,,,,,,,,,,,,,,,,,,,,,,,,,,
Q67167,Q65805672,,,,,,,,,,,,,,,,,,,,,,,,,,,,,,,,,,,,,,,,,,,,,
Q67170,Q9763,,,,,,,,,,,,,,,,,,,,,,,,,,,,,,,,,,,,,,,,,,,,,
Q67173,Q15923998,,,,,,,,,,,,,,,,,,,,,,,,,,,,,,,,,,,,,,,,,,,,,
Q67176,Q45391679,,,,,,,,,,,,,,,,,,,,,,,,,,,,,,,,,,,,,,,,,,,,,
Q67179,Q45421382,,,,,,,,,,,,,,,,,,,,,,,,,,,,,,,,,,,,,,,,,,,,,
Q67182,Q45678879,,,,,,,,,,,,,,,,,,,,,,,,,,,,,,,,,,,,,,,,,,,,,
Q67185,Q4260397,,,,,,,,,,,,,,,,,,,,,,,,,,,,,,,,,,,,,,,,,,,,,
Q67188,Q7800126,,,,,,,,,,,,,,,,,,,,,,,,,,,,,,,,,,,,,,,,,,,,,
Q67191,Q45604684,,,,,,,,,,,,,,,,,,,,,,,,,,,,,,,,,,,,,,,,,,,,,
Q67194,Q45605008,,,,,,,,,,,,,,,,,,,,,,,,,,,,,,,,,,,,,,,,,,,,,
Q67197,Q45545583,,,,,,,,,,,,,,,,,,,,,,,,,,,,,,,,,,,,,,,,,,,,,
Q67200,Q45545647,,,,,,,,,,,,,,,,,,,,,,,,,,,,,,,,,,,,,,,,,,,,,
Q67203,Q6539276,,,,,,,,,,,,,,,,,,,,,,,,,,,,,,,,,,,,,,,,,,,,,
Q67206,Q45532777,,,,,,,,,,,,,,,,,,,,,,,,,,,,,,,,,,,,,,,,,,,,,
Q67209,Q45421712,,,,,,,,,,,,,,,,,,,,,,,,,,,,,,,,,,,,,,,,,,,,,
Q67212,Q65803604,,,,,,,,,,,,,,,,,,,,,,,,,,,,,,,,,,,,,,,,,,,,,
Q67215,Q45648812,,,,,,,,,,,,,,,,,,,,,,,,,,,,,,,,,,,,,,,,,,,,,
Q67218,Q65803985,,,,,,,,,,,,,,,,,,,,,,,,,,,,,,,,,,,,,,,,,,,,,
Q67221,Q45597956,,,,,,,,,,,,,,,,,,,,,,,,,,,,,,,,,,,,,,,,,,,,,
Q67224,Q45597894,,,,,,,,,,,,,,,,,,,,,,,,,,,,,,,,,,,,,,,,,,,,,
Q67227,Q65809925,,,,,,,,,,,,,,,,,,,,,,,,,,,,,,,,,,,,,,,,,,,,,
Q67230,Q45519521,,,,,,,,,,,,,,,,,,,,,,,,,,,,,,,,,,,,,,,,,,,,,
Q67233,Q45556500,,,,,,,,,,,,,,,,,,,,,,,,,,,,,,,,,,,,,,,,,,,,,
Q67236,Q45633957,,,,,,,,,,,,,,,,,,,,,,,,,,,,,,,,,,,,,,,,,,,,,
Q67239,Q8044221,,,,,,,,,,,,,,,,,,,,,,,,,,,,,,,,,,,,,,,,,,,,,
Q67242,Q45422797,,,,,,,,,,,,,,,,,,,,,,,,,,,,,,,,,,,,,,,,,,,,,
Q67245,Q18906535,,,,,,,,,,,,,,,,,,,,,,,,,,,,,,,,,,,,,,,,,,,,,
Q67248,Q8044211,,,,,,,,,,,,,,,,,,,,,,,,,,,,,,,,,,,,,,,,,,,,,
Q67251,Q45450203,,,,,,,,,,,,,,,,,,,,,,,,,,,,,,,,,,,,,,,,,,,,,
Q67254,Q8044240,,,,,,,,,,,,,,,,,,,,,,,,,,,,,,,,,,,,,,,,,,,,,
Q67257,Q5956587,,,,,,,,,,,,,,,,,,,,,,,,,,,,,,,,,,,,,,,,,,,,,
Q67260,Q45684170,,,,,,,,,,,,,,,,,,,,,,,,,,,,,,,,,,,,,,,,,,,,,
Q67263,Q45684296,,,,,,,,,,,,,,,,,,,,,,,,,,,,,,,,,,,,,,,,,,,,,
Q67266,Q45684387,,,,,,,,,,,,,,,,,,,,,,,,,,,,,,,,,,,,,,,,,,,,,
Q67269,Q45684482,,,,,,,,,,,,,,,,,,,,,,,,,,,,,,,,,,,,,,,,,,,,,
Q67272,Q45684266,,,,,,,,,,,,,,,,,,,,,,,,,,,,,,,,,,,,,,,,,,,,,
Q67275,Q7630346,,,,,,,,,,,,,,,,,,,,,,,,,,,,,,,,,,,,,,,,,,,,,
Q67278,Q45683395,,,,,,,,,,,,,,,,,,,,,,,,,,,,,,,,,,,,,,,,,,,,,
Q67281,Q11564064,,,,,,,,,,,,,,,,,,,,,,,,,,,,,,,,,,,,,,,,,,,,,
Q67284,Q45596784,,,,,,,,,,,,,,,,,,,,,,,,,,,,,,,,,,,,,,,,,,,,,
Q67287,Q45420689,,,,,,,,,,,,,,,,,,,,,,,,,,,,,,,,,,,,,,,,,,,,,
Q67290,Q45422592,,,,,,,,,,,,,,,,,,,,,,,,,,,,,,,,,,,,,,,,,,,,,
Q67293,Q45665135,,,,,,,,,,,,,,,,,,,,,,,,,,,,,,,,,,,,,,,,,,,,,
Q67296,Q45665189,,,,,,,,,,,,,,,,,,,,,,,,,,,,,,,,,,,,,,,,,,,,,
Q67299,Q45665244,,,,,,,,,,,,,,,,,,,,,,,,,,,,,,,,,,,,,,,,,,,,,
Q67302,Q45419628,,,,,,,,,,,,,,,,,,,,,,,,,,,,,,,,,,,,,,,,,,,,,
Q67305,Q45419631,,,,,,,,,,,,,,,,,,,,,,,,,,,,,,,,,,,,,,,,,,,,,
Q67308,Q5192716,,,,,,,,,,,,,,,,,,,,,,,,,,,,,,,,,,,,,,,,,,,,,
Q67311,Q45441382,,,,,,,,,,,,,,,,,,,,,,,,,,,,,,,,,,,,,,,,,,,,,
Q67314,Q45500012,,,,,,,,,,,,,,,,,,,,,,,,,,,,,,,,,,,,,,,,,,,,,
Q67317,Q45448234,,,,,,,,,,,,,,,,,,,,,,,,,,,,,,,,,,,,,,,,,,,,,
Q67320,Q65806074,,,,,,,,,,,,,,,,,,,,,,,,,,,,,,,,,,,,,,,,,,,,,
Q67323,Q45544597,,,,,,,,,,,,,,,,,,,,,,,,,,,,,,,,,,,,,,,,,,,,,
Q67326,Q45448298,,,,,,,,,,,,,,,,,,,,,,,,,,,,,,,,,,,,,,,,,,,,,
Q67329,Q65806076,,,,,,,,,,,,,,,,,,,,,,,,,,,,,,,,,,,,,,,,,,,,,
Q67332,Q45419327,,,,,,,,,,,,,,,,,,,,,,,,,,,,,,,,,,,,,,,,,,,,,
Q67335,Q66310094,,,,,,,,,,,,,,,,,,,,,,,,,,,,,,,,,,,,,,,,,,,,,
Q67338,Q15908400,,,,,,,,,,,,,,,,,,,,,,,,,,,,,,,,,,,,,,,,,,,,,
Q67341,Q45419755,,,,,,,,,,,,,,,,,,,,,,,,,,,,,,,,,,,,,,,,,,,,,
Q67344,Q45420659,,,,,,,,,,,,,,,,,,,,,,,,,,,,,,,,,,,,,,,,,,,,,
Q67347,Q45488720,,,,,,,,,,,,,,,,,,,,,,,,,,,,,,,,,,,,,,,,,,,,,
Q67350,Q45652915,,,,,,,,,,,,,,,,,,,,,,,,,,,,,,,,,,,,,,,,,,,,,
Q67353,Q45532290,,,,,,,,,,,,,,,,,,,,,,,,,,,,,,,,,,,,,,,,,,,,,
Q67356,Q45532352,,,,,,,,,,,,,,,,,,,,,,,,,,,,,,,,,,,,,,,,,,,,,
Q67359,Q45532415,,,,,,,,,,,,,,,,,,,,,,,,,,,,,,,,,,,,,,,,,,,,,
Q67362,Q45532479,,,,,,,,,,,,,,,,,,,,,,,,,,,,,,,,,,,,,,,,,,,,,
Q67365,Q45533885,,,,,,,,,,,,,,,,,,,,,,,,,,,,,,,,,,,,,,,,,,,,,
Q67368,Q45461980,,,,,,,,,,,,,,,,,,,,,,,,,,,,,,,,,,,,,,,,,,,,,
Q67371,Q45438219,,,,,,,,,,,,,,,,,,,,,,,,,,,,,,,,,,,,,,,,,,,,,
Q67374,Q45535799,,,,,,,,,,,,,,,,,,,,,,,,,,,,,,,,,,,,,,,,,,,,,
Q67377,Q45535930,,,,,,,,,,,,,,,,,,,,,,,,,,,,,,,,,,,,,,,,,,,,,
Q67380,Q45535993,,,,,,,,,,,,,,,,,,,,,,,,,,,,,,,,,,,,,,,,,,,,,
Q67383,Q45536312,,,,,,,,,,,,,,,,,,,,,,,,,,,,,,,,,,,,,,,,,,,,,
Q67386,Q45663629,,,,,,,,,,,,,,,,,,,,,,,,,,,,,,,,,,,,,,,,,,,,,
Q67389,Q45682905,,,,,,,,,,,,,,,,,,,,,,,,,,,,,,,,,,,,,,,,,,,,,
Q67392,Q45682966,,,,,,,,,,,,,,,,,,,,,,,,,,,,,,,,,,,,,,,,,,,,,
Q67395,Q45683179,,,,,,,,,,,,,,,,,,,,,,,,,,,,,,,,,,,,,,,,,,,,,
Q67398,Q45683211,,,,,,,,,,,,,,,,,,,,,,,,,,,,,,,,,,,,,,,,,,,,,
Q67401,Q45683242,,,,,,,,,,,,,,,,,,,,,,,,,,,,,,,,,,,,,,,,,,,,,
Q67404,Q45683303,,,,,,,,,,,,,,,,,,,,,,,,,,,,,,,,,,,,,,,,,,,,,
Q67407,Q45683334,,,,,,,,,,,,,,,,,,,,,,,,,,,,,,,,,,,,,,,,,,,,,
Q67410,Q45642998,,,,,,,,,,,,,,,,,,,,,,,,,,,,,,,,,,,,,,,,,,,,,
Q67413,Q45643242,,,,,,,,,,,,,,,,,,,,,,,,,,,,,,,,,,,,,,,,,,,,,
Q67416,Q45643303,,,,,,,,,,,,,,,,,,,,,,,,,,,,,,,,,,,,,,,,,,,,,
Q67419,Q45452688,,,,,,,,,,,,,,,,,,,,,,,,,,,,,,,,,,,,,,,,,,,,,
Q67422,Q5192699,,,,,,,,,,,,,,,,,,,,,,,,,,,,,,,,,,,,,,,,,,,,,
Q67425,Q45453198,,,,,,,,,,,,,,,,,,,,,,,,,,,,,,,,,,,,,,,,,,,,,
Q67428,Q45452819,,,,,,,,,,,,,,,,,,,,,,,,,,,,,,,,,,,,,,,,,,,,,
Q67431,Q45452884,,,,,,,,,,,,,,,,,,,,,,,,,,,,,,,,,,,,,,,,,,,,,
Q67434,Q45452948,,,,,,,,,,,,,,,,,,,,,,,,,,,,,,,,,,,,,,,,,,,,,
Q67437,Q45453136,,,,,,,,,,,,,,,,,,,,,,,,,,,,,,,,,,,,,,,,,,,,,
Q67440,Q45615483,,,,,,,,,,,,,,,,,,,,,,,,,,,,,,,,,,,,,,,,,,,,,
Q67443,Q45505792,,,,,,,,,,,,,,,,,,,,,,,,,,,,,,,,,,,,,,,,,,,,,
Q67446,Q45422157,,,,,,,,,,,,,,,,,,,,,,,,,,,,,,,,,,,,,,,,,,,,,
Q67449,Q45422166,,,,,,,,,,,,,,,,,,,,,,,,,,,,,,,,,,,,,,,,,,,,,
Q67452,Q45618127,,,,,,,,,,,,,,,,,,,,,,,,,,,,,,,,,,,,,,,,,,,,,
Q67455,Q45496166,,,,,,,,,,,,,,,,,,,,,,,,,,,,,,,,,,,,,,,,,,,,,
Q67458,Q45496228,,,,,,,,,,,,,,,,,,,,,,,,,,,,,,,,,,,,,,,,,,,,,
Q67461,Q45499719,,,,,,,,,,,,,,,,,,,,,,,,,,,,,,,,,,,,,,,,,,,,,
Q67464,Q45499786,,,,,,,,,,,,,,,,,,,,,,,,,,,,,,,,,,,,,,,,,,,,,
Q67467,Q11626855,,,,,,,,,,,,,,,,,,,,,,,,,,,,,,,,,,,,,,,,,,,,,
Q67470,Q65803027,,,,,,,,,,,,,,,,,,,,,,,,,,,,,,,,,,,,,,,,,,,,,
Q67472,Q45487638,,,,,,,,,,,,,,,,,,,,,,,,,,,,,,,,,,,,,,,,,,,,,
Q67475,Q45487701,,,,,,,,,,,,,,,,,,,,,,,,,,,,,,,,,,,,,,,,,,,,,
Q67478,Q45502396,,,,,,,,,,,,,,,,,,,,,,,,,,,,,,,,,,,,,,,,,,,,,
Q67481,Q45504130,,,,,,,,,,,,,,,,,,,,,,,,,,,,,,,,,,,,,,,,,,,,,
Q67484,Q45506536,,,,,,,,,,,,,,,,,,,,,,,,,,,,,,,,,,,,,,,,,,,,,
Q67487,Q45524813,,,,,,,,,,,,,,,,,,,,,,,,,,,,,,,,,,,,,,,,,,,,,
Q67490,Q45525679,,,,,,,,,,,,,,,,,,,,,,,,,,,,,,,,,,,,,,,,,,,,,
Q67493,Q45525743,,,,,,,,,,,,,,,,,,,,,,,,,,,,,,,,,,,,,,,,,,,,,
Q67496,Q45642878,,,,,,,,,,,,,,,,,,,,,,,,,,,,,,,,,,,,,,,,,,,,,
Q67499,Q45422597,,,,,,,,,,,,,,,,,,,,,,,,,,,,,,,,,,,,,,,,,,,,,
Q67502,Q45677909,,,,,,,,,,,,,,,,,,,,,,,,,,,,,,,,,,,,,,,,,,,,,
Q67505,Q45535358,,,,,,,,,,,,,,,,,,,,,,,,,,,,,,,,,,,,,,,,,,,,,
Q67508,Q6653472,,,,,,,,,,,,,,,,,,,,,,,,,,,,,,,,,,,,,,,,,,,,,
Q67511,Q45394618,,,,,,,,,,,,,,,,,,,,,,,,,,,,,,,,,,,,,,,,,,,,,
Q67514,Q45482325,,,,,,,,,,,,,,,,,,,,,,,,,,,,,,,,,,,,,,,,,,,,,
Q67517,Q45482389,,,,,,,,,,,,,,,,,,,,,,,,,,,,,,,,,,,,,,,,,,,,,
Q67520,Q45459985,,,,,,,,,,,,,,,,,,,,,,,,,,,,,,,,,,,,,,,,,,,,,
Q67523,Q45446808,,,,,,,,,,,,,,,,,,,,,,,,,,,,,,,,,,,,,,,,,,,,,
Q67526,Q45446870,,,,,,,,,,,,,,,,,,,,,,,,,,,,,,,,,,,,,,,,,,,,,
Q67529,Q45446995,,,,,,,,,,,,,,,,,,,,,,,,,,,,,,,,,,,,,,,,,,,,,
Q67532,Q45447058,,,,,,,,,,,,,,,,,,,,,,,,,,,,,,,,,,,,,,,,,,,,,
Q67535,Q45531478,,,,,,,,,,,,,,,,,,,,,,,,,,,,,,,,,,,,,,,,,,,,,
Q67538,Q45531792,,,,,,,,,,,,,,,,,,,,,,,,,,,,,,,,,,,,,,,,,,,,,
Q67541,Q16903295,,,,,,,,,,,,,,,,,,,,,,,,,,,,,,,,,,,,,,,,,,,,,
Q67544,Q45515483,,,,,,,,,,,,,,,,,,,,,,,,,,,,,,,,,,,,,,,,,,,,,
Q67547,Q45515549,,,,,,,,,,,,,,,,,,,,,,,,,,,,,,,,,,,,,,,,,,,,,
Q67550,Q45515614,,,,,,,,,,,,,,,,,,,,,,,,,,,,,,,,,,,,,,,,,,,,,
Q67553,Q45641454,,,,,,,,,,,,,,,,,,,,,,,,,,,,,,,,,,,,,,,,,,,,,
Q67556,Q45677131,,,,,,,,,,,,,,,,,,,,,,,,,,,,,,,,,,,,,,,,,,,,,
Q67559,Q45677165,,,,,,,,,,,,,,,,,,,,,,,,,,,,,,,,,,,,,,,,,,,,,
Q67562,Q45516188,,,,,,,,,,,,,,,,,,,,,,,,,,,,,,,,,,,,,,,,,,,,,
Q67565,Q45516249,,,,,,,,,,,,,,,,,,,,,,,,,,,,,,,,,,,,,,,,,,,,,
Q67568,Q45516312,,,,,,,,,,,,,,,,,,,,,,,,,,,,,,,,,,,,,,,,,,,,,
Q67571,Q45516377,,,,,,,,,,,,,,,,,,,,,,,,,,,,,,,,,,,,,,,,,,,,,
Q67574,Q45516441,,,,,,,,,,,,,,,,,,,,,,,,,,,,,,,,,,,,,,,,,,,,,
Q67577,Q45437514,,,,,,,,,,,,,,,,,,,,,,,,,,,,,,,,,,,,,,,,,,,,,
Q67580,Q45438141,,,,,,,,,,,,,,,,,,,,,,,,,,,,,,,,,,,,,,,,,,,,,
Q67583,Q45679886,,,,,,,,,,,,,,,,,,,,,,,,,,,,,,,,,,,,,,,,,,,,,
Q67586,Q45643609,,,,,,,,,,,,,,,,,,,,,,,,,,,,,,,,,,,,,,,,,,,,,
Q67589,Q45644108,,,,,,,,,,,,,,,,,,,,,,,,,,,,,,,,,,,,,,,,,,,,,
Q67592,Q45644290,,,,,,,,,,,,,,,,,,,,,,,,,,,,,,,,,,,,,,,,,,,,,
Q67595,Q45418668,,,,,,,,,,,,,,,,,,,,,,,,,,,,,,,,,,,,,,,,,,,,,
Q67598,Q45385206,,,,,,,,,,,,,,,,,,,,,,,,,,,,,,,,,,,,,,,,,,,,,
Q67601,Q45517708,,,,,,,,,,,,,,,,,,,,,,,,,,,,,,,,,,,,,,,,,,,,,
Q67604,Q18905661,,,,,,,,,,,,,,,,,,,,,,,,,,,,,,,,,,,,,,,,,,,,,
Q67607,Q45518859,,,,,,,,,,,,,,,,,,,,,,,,,,,,,,,,,,,,,,,,,,,,,
Q67610,Q45481479,,,,,,,,,,,,,,,,,,,,,,,,,,,,,,,,,,,,,,,,,,,,,
Q67613,Q26197266,,,,,,,,,,,,,,,,,,,,,,,,,,,,,,,,,,,,,,,,,,,,,
Q67616,Q45419396,,,,,,,,,,,,,,,,,,,,,,,,,,,,,,,,,,,,,,,,,,,,,
Q67619,Q3883246,,,,,,,,,,,,,,,,,,,,,,,,,,,,,,,,,,,,,,,,,,,,,
Q67622,Q10555127,,,,,,,,,,,,,,,,,,,,,,,,,,,,,,,,,,,,,,,,,,,,,
Q67625,Q26186532,,,,,,,,,,,,,,,,,,,,,,,,,,,,,,,,,,,,,,,,,,,,,
Q67628,Q17500450,,,,,,,,,,,,,,,,,,,,,,,,,,,,,,,,,,,,,,,,,,,,,
Q67631,Q24833825,,,,,,,,,,,,,,,,,,,,,,,,,,,,,,,,,,,,,,,,,,,,,
Q67634,Q11096027,,,,,,,,,,,,,,,,,,,,,,,,,,,,,,,,,,,,,,,,,,,,,
Q67637,Q76011249,,,,,,,,,,,,,,,,,,,,,,,,,,,,,,,,,,,,,,,,,,,,,
Q67640,Q18236194,,,,,,,,,,,,,,,,,,,,,,,,,,,,,,,,,,,,,,,,,,,,,
Q67643,Q76011773,,,,,,,,,,,,,,,,,,,,,,,,,,,,,,,,,,,,,,,,,,,,,
Q67646,Q22774078,,,,,,,,,,,,,,,,,,,,,,,,,,,,,,,,,,,,,,,,,,,,,
Q67649,Q45495409,,,,,,,,,,,,,,,,,,,,,,,,,,,,,,,,,,,,,,,,,,,,,
Q67652,Q45587233,,,,,,,,,,,,,,,,,,,,,,,,,,,,,,,,,,,,,,,,,,,,,
Q67655,Q11581525,,,,,,,,,,,,,,,,,,,,,,,,,,,,,,,,,,,,,,,,,,,,,
Q67658,Q22774169,,,,,,,,,,,,,,,,,,,,,,,,,,,,,,,,,,,,,,,,,,,,,
Q67661,Q20063181,,,,,,,,,,,,,,,,,,,,,,,,,,,,,,,,,,,,,,,,,,,,,
Q67664,Q133468018,,,,,,,,,,,,,,,,,,,,,,,,,,,,,,,,,,,,,,,,,,,,,
Q67667,Q76012999,,,,,,,,,,,,,,,,,,,,,,,,,,,,,,,,,,,,,,,,,,,,,
Q67670,Q28417806,,,,,,,,,,,,,,,,,,,,,,,,,,,,,,,,,,,,,,,,,,,,,
Q67673,Q24832547,,,,,,,,,,,,,,,,,,,,,,,,,,,,,,,,,,,,,,,,,,,,,
Q67676,Q26159039,,,,,,,,,,,,,,,,,,,,,,,,,,,,,,,,,,,,,,,,,,,,,
Q67679,Q11522523,,,,,,,,,,,,,,,,,,,,,,,,,,,,,,,,,,,,,,,,,,,,,
Q67682,Q45592916,,,,,,,,,,,,,,,,,,,,,,,,,,,,,,,,,,,,,,,,,,,,,
Q67685,Q45593676,,,,,,,,,,,,,,,,,,,,,,,,,,,,,,,,,,,,,,,,,,,,,
Q67688,Q45590688,,,,,,,,,,,,,,,,,,,,,,,,,,,,,,,,,,,,,,,,,,,,,
Q67691,Q45492882,,,,,,,,,,,,,,,,,,,,,,,,,,,,,,,,,,,,,,,,,,,,,
Q67694,Q45493010,,,,,,,,,,,,,,,,,,,,,,,,,,,,,,,,,,,,,,,,,,,,,
Q67697,Q45498599,,,,,,,,,,,,,,,,,,,,,,,,,,,,,,,,,,,,,,,,,,,,,
Q67700,Q30924021,,,,,,,,,,,,,,,,,,,,,,,,,,,,,,,,,,,,,,,,,,,,,
Q67703,Q15910924,,,,,,,,,,,,,,,,,,,,,,,,,,,,,,,,,,,,,,,,,,,,,
Q67706,Q15627585,,,,,,,,,,,,,,,,,,,,,,,,,,,,,,,,,,,,,,,,,,,,,
Q67709,Q11095551,,,,,,,,,,,,,,,,,,,,,,,,,,,,,,,,,,,,,,,,,,,,,
Q67712,Q14994487,,,,,,,,,,,,,,,,,,,,,,,,,,,,,,,,,,,,,,,,,,,,,
Q67715,Q15914323,,,,,,,,,,,,,,,,,,,,,,,,,,,,,,,,,,,,,,,,,,,,,
Q67718,Q18233850,,,,,,,,,,,,,,,,,,,,,,,,,,,,,,,,,,,,,,,,,,,,,
Q67721,Q15921480,,,,,,,,,,,,,,,,,,,,,,,,,,,,,,,,,,,,,,,,,,,,,
Q67724,Q26158228,,,,,,,,,,,,,,,,,,,,,,,,,,,,,,,,,,,,,,,,,,,,,
Q67727,Q26158263,,,,,,,,,,,,,,,,,,,,,,,,,,,,,,,,,,,,,,,,,,,,,
Q67730,Q45554080,,,,,,,,,,,,,,,,,,,,,,,,,,,,,,,,,,,,,,,,,,,,,
Q67733,Q15931698,,,,,,,,,,,,,,,,,,,,,,,,,,,,,,,,,,,,,,,,,,,,,
Q67736,Q15922540,,,,,,,,,,,,,,,,,,,,,,,,,,,,,,,,,,,,,,,,,,,,,
Q67739,Q45558470,,,,,,,,,,,,,,,,,,,,,,,,,,,,,,,,,,,,,,,,,,,,,
Q67742,Q17500594,,,,,,,,,,,,,,,,,,,,,,,,,,,,,,,,,,,,,,,,,,,,,
Q67745,Q45552267,,,,,,,,,,,,,,,,,,,,,,,,,,,,,,,,,,,,,,,,,,,,,
Q67748,Q45552762,,,,,,,,,,,,,,,,,,,,,,,,,,,,,,,,,,,,,,,,,,,,,
Q67751,Q84085754,,,,,,,,,,,,,,,,,,,,,,,,,,,,,,,,,,,,,,,,,,,,,
Q67754,Q17500625,,,,,,,,,,,,,,,,,,,,,,,,,,,,,,,,,,,,,,,,,,,,,
Q67757,Q16905290,,,,,,,,,,,,,,,,,,,,,,,,,,,,,,,,,,,,,,,,,,,,,
Q67760,Q11095208,,,,,,,,,,,,,,,,,,,,,,,,,,,,,,,,,,,,,,,,,,,,,
Q67763,Q26158164,,,,,,,,,,,,,,,,,,,,,,,,,,,,,,,,,,,,,,,,,,,,,
Q67766,Q45542622,,,,,,,,,,,,,,,,,,,,,,,,,,,,,,,,,,,,,,,,,,,,,
Q67769,Q76011089,,,,,,,,,,,,,,,,,,,,,,,,,,,,,,,,,,,,,,,,,,,,,
Q67772,Q15913459,,,,,,,,,,,,,,,,,,,,,,,,,,,,,,,,,,,,,,,,,,,,,
Q67775,Q15952005,,,,,,,,,,,,,,,,,,,,,,,,,,,,,,,,,,,,,,,,,,,,,
Q67778,Q16905342,,,,,,,,,,,,,,,,,,,,,,,,,,,,,,,,,,,,,,,,,,,,,
Q67781,Q16905418,,,,,,,,,,,,,,,,,,,,,,,,,,,,,,,,,,,,,,,,,,,,,
Q67784,Q16905309,,,,,,,,,,,,,,,,,,,,,,,,,,,,,,,,,,,,,,,,,,,,,
Q67787,Q16905296,,,,,,,,,,,,,,,,,,,,,,,,,,,,,,,,,,,,,,,,,,,,,
Q67790,Q45551454,,,,,,,,,,,,,,,,,,,,,,,,,,,,,,,,,,,,,,,,,,,,,
Q67793,Q45496410,,,,,,,,,,,,,,,,,,,,,,,,,,,,,,,,,,,,,,,,,,,,,
Q67796,Q65805163,,,,,,,,,,,,,,,,,,,,,,,,,,,,,,,,,,,,,,,,,,,,,
Q67799,Q45495890,,,,,,,,,,,,,,,,,,,,,,,,,,,,,,,,,,,,,,,,,,,,,
Q67802,Q45496019,,,,,,,,,,,,,,,,,,,,,,,,,,,,,,,,,,,,,,,,,,,,,
Q67805,Q45422559,,,,,,,,,,,,,,,,,,,,,,,,,,,,,,,,,,,,,,,,,,,,,
Q67808,Q45518702,,,,,,,,,,,,,,,,,,,,,,,,,,,,,,,,,,,,,,,,,,,,,
Q67811,Q65803037,,,,,,,,,,,,,,,,,,,,,,,,,,,,,,,,,,,,,,,,,,,,,
Q67814,Q45488863,,,,,,,,,,,,,,,,,,,,,,,,,,,,,,,,,,,,,,,,,,,,,
Q67817,Q45494157,,,,,,,,,,,,,,,,,,,,,,,,,,,,,,,,,,,,,,,,,,,,,
Q67820,Q45494221,,,,,,,,,,,,,,,,,,,,,,,,,,,,,,,,,,,,,,,,,,,,,
Q67823,Q45474196,,,,,,,,,,,,,,,,,,,,,,,,,,,,,,,,,,,,,,,,,,,,,
Q67826,Q65805459,,,,,,,,,,,,,,,,,,,,,,,,,,,,,,,,,,,,,,,,,,,,,
Q67829,Q45640576,,,,,,,,,,,,,,,,,,,,,,,,,,,,,,,,,,,,,,,,,,,,,
Q67832,Q45422431,,,,,,,,,,,,,,,,,,,,,,,,,,,,,,,,,,,,,,,,,,,,,
Q67835,Q45422449,,,,,,,,,,,,,,,,,,,,,,,,,,,,,,,,,,,,,,,,,,,,,
Q67838,Q45422423,,,,,,,,,,,,,,,,,,,,,,,,,,,,,,,,,,,,,,,,,,,,,
Q67841,Q45494799,,,,,,,,,,,,,,,,,,,,,,,,,,,,,,,,,,,,,,,,,,,,,
Q67844,Q45494865,,,,,,,,,,,,,,,,,,,,,,,,,,,,,,,,,,,,,,,,,,,,,
Q67847,Q45494930,,,,,,,,,,,,,,,,,,,,,,,,,,,,,,,,,,,,,,,,,,,,,
Q67850,Q5192718,,,,,,,,,,,,,,,,,,,,,,,,,,,,,,,,,,,,,,,,,,,,,
Q67853,Q22813899,,,,,,,,,,,,,,,,,,,,,,,,,,,,,,,,,,,,,,,,,,,,,
Q67856,Q45418850,,,,,,,,,,,,,,,,,,,,,,,,,,,,,,,,,,,,,,,,,,,,,
Q67859,Q11633163,,,,,,,,,,,,,,,,,,,,,,,,,,,,,,,,,,,,,,,,,,,,,
Q67862,Q17993752,,,,,,,,,,,,,,,,,,,,,,,,,,,,,,,,,,,,,,,,,,,,,
Q67865,Q76010412,,,,,,,,,,,,,,,,,,,,,,,,,,,,,,,,,,,,,,,,,,,,,
Q67868,Q17991582,,,,,,,,,,,,,,,,,,,,,,,,,,,,,,,,,,,,,,,,,,,,,
Q67871,Q11477174,,,,,,,,,,,,,,,,,,,,,,,,,,,,,,,,,,,,,,,,,,,,,
Q67874,Q20063237,,,,,,,,,,,,,,,,,,,,,,,,,,,,,,,,,,,,,,,,,,,,,
Q67877,Q45501618,,,,,,,,,,,,,,,,,,,,,,,,,,,,,,,,,,,,,,,,,,,,,
Q67880,Q45502448,,,,,,,,,,,,,,,,,,,,,,,,,,,,,,,,,,,,,,,,,,,,,
Q67883,Q45502513,,,,,,,,,,,,,,,,,,,,,,,,,,,,,,,,,,,,,,,,,,,,,
Q67886,Q45502577,,,,,,,,,,,,,,,,,,,,,,,,,,,,,,,,,,,,,,,,,,,,,
Q67889,Q45502640,,,,,,,,,,,,,,,,,,,,,,,,,,,,,,,,,,,,,,,,,,,,,
Q67892,Q45502704,,,,,,,,,,,,,,,,,,,,,,,,,,,,,,,,,,,,,,,,,,,,,
Q67895,Q45419399,,,,,,,,,,,,,,,,,,,,,,,,,,,,,,,,,,,,,,,,,,,,,
Q67898,Q2638471,,,,,,,,,,,,,,,,,,,,,,,,,,,,,,,,,,,,,,,,,,,,,
Q67901,Q76010059,,,,,,,,,,,,,,,,,,,,,,,,,,,,,,,,,,,,,,,,,,,,,
Q67904,Q45460846,,,,,,,,,,,,,,,,,,,,,,,,,,,,,,,,,,,,,,,,,,,,,
Q67907,Q45502899,,,,,,,,,,,,,,,,,,,,,,,,,,,,,,,,,,,,,,,,,,,,,
Q67910,Q45488579,,,,,,,,,,,,,,,,,,,,,,,,,,,,,,,,,,,,,,,,,,,,,
Q67913,Q45440479,,,,,,,,,,,,,,,,,,,,,,,,,,,,,,,,,,,,,,,,,,,,,
Q67916,Q45629515,,,,,,,,,,,,,,,,,,,,,,,,,,,,,,,,,,,,,,,,,,,,,
Q67919,Q45421845,,,,,,,,,,,,,,,,,,,,,,,,,,,,,,,,,,,,,,,,,,,,,
Q67922,Q45401094,,,,,,,,,,,,,,,,,,,,,,,,,,,,,,,,,,,,,,,,,,,,,
Q67925,Q45664148,,,,,,,,,,,,,,,,,,,,,,,,,,,,,,,,,,,,,,,,,,,,,
Q67928,Q45567138,,,,,,,,,,,,,,,,,,,,,,,,,,,,,,,,,,,,,,,,,,,,,
Q67931,Q1564697,,,,,,,,,,,,,,,,,,,,,,,,,,,,,,,,,,,,,,,,,,,,,
Q67934,Q45568410,,,,,,,,,,,,,,,,,,,,,,,,,,,,,,,,,,,,,,,,,,,,,
Q67937,Q45640261,,,,,,,,,,,,,,,,,,,,,,,,,,,,,,,,,,,,,,,,,,,,,
Q67940,Q45640628,,,,,,,,,,,,,,,,,,,,,,,,,,,,,,,,,,,,,,,,,,,,,
Q67943,Q45640750,,,,,,,,,,,,,,,,,,,,,,,,,,,,,,,,,,,,,,,,,,,,,
Q67946,Q45641243,,,,,,,,,,,,,,,,,,,,,,,,,,,,,,,,,,,,,,,,,,,,,
Q67949,Q45470825,,,,,,,,,,,,,,,,,,,,,,,,,,,,,,,,,,,,,,,,,,,,,
Q67952,Q45651077,,,,,,,,,,,,,,,,,,,,,,,,,,,,,,,,,,,,,,,,,,,,,
Q67955,Q45651137,,,,,,,,,,,,,,,,,,,,,,,,,,,,,,,,,,,,,,,,,,,,,
Q67958,Q45651316,,,,,,,,,,,,,,,,,,,,,,,,,,,,,,,,,,,,,,,,,,,,,
Q67961,Q45479369,,,,,,,,,,,,,,,,,,,,,,,,,,,,,,,,,,,,,,,,,,,,,
Q67964,Q45479686,,,,,,,,,,,,,,,,,,,,,,,,,,,,,,,,,,,,,,,,,,,,,
Q67967,Q45479939,,,,,,,,,,,,,,,,,,,,,,,,,,,,,,,,,,,,,,,,,,,,,
Q67970,Q45480831,,,,,,,,,,,,,,,,,,,,,,,,,,,,,,,,,,,,,,,,,,,,,
Q67973,Q45481342,,,,,,,,,,,,,,,,,,,,,,,,,,,,,,,,,,,,,,,,,,,,,
Q67976,Q45482051,,,,,,,,,,,,,,,,,,,,,,,,,,,,,,,,,,,,,,,,,,,,,
Q67979,Q45482368,,,,,,,,,,,,,,,,,,,,,,,,,,,,,,,,,,,,,,,,,,,,,
Q67982,Q45482623,,,,,,,,,,,,,,,,,,,,,,,,,,,,,,,,,,,,,,,,,,,,,
Q67985,Q45483003,,,,,,,,,,,,,,,,,,,,,,,,,,,,,,,,,,,,,,,,,,,,,
Q67988,Q45483383,,,,,,,,,,,,,,,,,,,,,,,,,,,,,,,,,,,,,,,,,,,,,
Q67991,Q45483701,,,,,,,,,,,,,,,,,,,,,,,,,,,,,,,,,,,,,,,,,,,,,
Q67994,Q45484142,,,,,,,,,,,,,,,,,,,,,,,,,,,,,,,,,,,,,,,,,,,,,
Q67997,Q45484723,,,,,,,,,,,,,,,,,,,,,,,,,,,,,,,,,,,,,,,,,,,,,
Q68000,Q45484787,,,,,,,,,,,,,,,,,,,,,,,,,,,,,,,,,,,,,,,,,,,,,
Q68002,Q45485175,,,,,,,,,,,,,,,,,,,,,,,,,,,,,,,,,,,,,,,,,,,,,
Q68005,Q45485431,,,,,,,,,,,,,,,,,,,,,,,,,,,,,,,,,,,,,,,,,,,,,
Q68008,Q45485622,,,,,,,,,,,,,,,,,,,,,,,,,,,,,,,,,,,,,,,,,,,,,
Q68011,Q45485943,,,,,,,,,,,,,,,,,,,,,,,,,,,,,,,,,,,,,,,,,,,,,
Q68014,Q45486258,,,,,,,,,,,,,,,,,,,,,,,,,,,,,,,,,,,,,,,,,,,,,
Q68017,Q45486766,,,,,,,,,,,,,,,,,,,,,,,,,,,,,,,,,,,,,,,,,,,,,
Q68020,Q45486834,,,,,,,,,,,,,,,,,,,,,,,,,,,,,,,,,,,,,,,,,,,,,
Q68023,Q45487793,,,,,,,,,,,,,,,,,,,,,,,,,,,,,,,,,,,,,,,,,,,,,
Q68026,Q7979763,,,,,,,,,,,,,,,,,,,,,,,,,,,,,,,,,,,,,,,,,,,,,
Q68029,Q45422324,,,,,,,,,,,,,,,,,,,,,,,,,,,,,,,,,,,,,,,,,,,,,
Q68032,Q66776870,,,,,,,,,,,,,,,,,,,,,,,,,,,,,,,,,,,,,,,,,,,,,
Q68035,Q45673705,,,,,,,,,,,,,,,,,,,,,,,,,,,,,,,,,,,,,,,,,,,,,
Q68038,Q45420208,,,,,,,,,,,,,,,,,,,,,,,,,,,,,,,,,,,,,,,,,,,,,
Q68041,Q11398270,,,,,,,,,,,,,,,,,,,,,,,,,,,,,,,,,,,,,,,,,,,,,
Q68044,Q45420501,,,,,,,,,,,,,,,,,,,,,,,,,,,,,,,,,,,,,,,,,,,,,
Q68047,Q45637430,,,,,,,,,,,,,,,,,,,,,,,,,,,,,,,,,,,,,,,,,,,,,
Q68050,Q45422588,,,,,,,,,,,,,,,,,,,,,,,,,,,,,,,,,,,,,,,,,,,,,
Q68053,Q108780935,,,,,,,,,,,,,,,,,,,,,,,,,,,,,,,,,,,,,,,,,,,,,
Q68056,Q11068431,,,,,,,,,,,,,,,,,,,,,,,,,,,,,,,,,,,,,,,,,,,,,
Q68059,Q11530319,,,,,,,,,,,,,,,,,,,,,,,,,,,,,,,,,,,,,,,,,,,,松平-85,
Q68062,Q11466835,,,,,,,,,,,,,,,,,,,,,,,,,,,,,,,,,,,,,,,,,,,,,
Q68065,Q55528290,,,,,,,,,,,,,,,,,,,,,,,,,,,,,,,,,,,,,,,,,,,,,
Q68068,Q10943127,,,,,,,,,,,,,,,,,,,,,,,,,,,,,,,,,,,,,,,,,,,,,
Q68071,Q11355719,,,,,,,,,,,,,,,,,,,,,,,,,,,,,,,,,,,,,,,,,,,,,
Q68074,Q11447244,,,,,,,,,,,,,,,,,,,,,,,,,,,,,,,,,,,,,,,,,,,,,
Q68077,Q11447252,,,,,,,,,,,,,,,,,,,,,,,,,,,,,,,,,,,,,,,,,,,,,
Q68080,Q11355701,,,,,,,,,,,,,,,,,,,,,,,,,,,,,,,,,,,,,,,,,,,,,
Q68083,Q98734275,,,,,,,,,,,,,,,,,,,,,,,,,,,,,,,,,,,,,,,,,,,,,
Q68086,Q11642231,,,,,,,,,,,,,,,,,,,,,,,,,,,,,,,,,,,,,,,,,,,,,
Q68089,Q10565550,,,,,,,,,,,,,,,,,,,,,,,,,,,,,,,,,,,,,,,,,,,,,
Q68092,Q10517209,,,,,,,,,,,,,,,,,,,,,,,,,,,,,,,,,,,,,,,,,,,,,
Q68095,Q113164124,,,,,,,,,,,,,,,,,,,,,,,,,,,,,,,,,,,,,,,,,,,,,
Q68098,Q110603076,,,,,,,,,,,,,,,,,,,,,,,,,,,,,,,,,,,,,,,,,,,,,
Q68101,Q11464741,,,,,,,,,,,,,,,,,,,,,,,,,,,,,,,,,,,,,,,,,,,,,
Q68104,Q11464748,,,,,,,,,,,,,,,,,,,,,,,,,,,,,,,,,,,,,,,,,,,,,
Q68107,Q118726732,,,,,,,,,,,,,,,,,,,,,,,,,,,,,,,,,,,,,,,,,,,,,
Q68110,Q11464744,,,,,,,,,,,,,,,,,,,,,,,,,,,,,,,,,,,,,,,,,,,,,
Q68113,Q11679393,,,,,,,,,,,,,,,,,,,,,,,,,,,,,,,,,,,,,,,,,,,,,
Q68116,Q11679399,,,,,,,,,,,,,,,,,,,,,,,,,,,,,,,,,,,,,,,,,,,,,
Q68119,Q11679400,,,,,,,,,,,,,,,,,,,,,,,,,,,,,,,,,,,,,,,,,,,,,
Q68122,Q11679398,,,,,,,,,,,,,,,,,,,,,,,,,,,,,,,,,,,,,,,,,,,,,
Q68125,Q11679385,,,,,,,,,,,,,,,,,,,,,,,,,,,,,,,,,,,,,,,,,,,,,
Q68128,Q7079835,,,,,,,,,,,,,,,,,,,,,,,,,,,,,,,,,,,,,,,,,,,,,
Q68131,Q106671950,,,,,,,,,,,,,,,,,,,,,,,,,,,,,,,,,,,,,,,,,,,,,
Q68134,Q10860029,,,,,,,,,,,,,,,,,,,,,,,,,,,,,,,,,,,,,,,,,,,,,
Q68137,Q10860022,,,,,,,,,,,,,,,,,,,,,,,,,,,,,,,,,,,,,,,,,,,,,
Q68140,Q11560491,,,,,,,,,,,,,,,,,,,,,,,,,,,,,,,,,,,,,,,,,,,,,
Q68143,Q110726547,,,,,,,,,,,,,,,,,,,,,,,,,,,,,,,,,,,,,,,,,,,,,
Q68146,Q11399265,,,,,,,,,,,,,,,,,,,,,,,,,,,,,,,,,,,,,,,,,,,,,
Q68149,Q11556306,,,,,,,,,,,,,,,,,,,,,,,,,,,,,,,,,,,,,,,,,,,,,
Q68152,Q11556277,,,,,,,,,,,,,,,,,,,,,,,,,,,,,,,,,,,,,,,,,,,,,
Q68155,Q11540380,,,,,,,,,,,,,,,,,,,,,,,,,,,,,,,,,,,,,,,,,,,,,
Q68158,Q134546514,,,,,,,,,,,,,,,,,,,,,,,,,,,,,,,,,,,,,,,,,,,,,
Q68161,Q6606120,,,,,,,,,,,,,,,,,,,,,,,,,,,,,,,,,,,,,,,,,,,,,
Q68164,Q3299350,,,,,,,,,,,,,,,,,,,,,,,,,,,,,,,,,,,,,,,,,,,,松平-146,
Q68167,Q11520316,,,,,,,,,,,,,,,,,,,,,,,,,,,,,,,,,,,,,,,,,,,,,
Q68170,Q7849987,,,,,,,,,,,,,,,,,,,,,,,,,,,,,,,,,,,,,,,,,,,,,
Q68173,Q11559872,,,,,,,,,,,,,,,,,,,,,,,,,,,,,,,,,,,,,,,,,,,,,
Q68176,Q11530450,,,,,,,,,,,,,,,,,,,,,,,,,,,,,,,,,,,,,,,,,,,,松平-154,
Q68179,Q8514703,,,,,,,,,,,,,,,,,,,,,,,,,,,,,,,,,,,,,,,,,,,,,
Q68182,Q7222414,,,,,,,,,,,,,,,,,,,,,,,,,,,,,,,,,,,,,,,,,,,,,
Q68185,Q109185569,,,,,,,,,,,,,,,,,,,,,,,,,,,,,,,,,,,,,,,,,,,,,
Q68188,Q11496360,,,,,,,,,,,,,,,,,,,,,,,,,,,,,,,,,,,,,,,,,,,,,
Q68191,Q109186239,,,,,,,,,,,,,,,,,,,,,,,,,,,,,,,,,,,,,,,,,,,,,
Q68194,Q109186337,,,,,,,,,,,,,,,,,,,,,,,,,,,,,,,,,,,,,,,,,,,,,
Q68197,Q11520309,,,,,,,,,,,,,,,,,,,,,,,,,,,,,,,,,,,,,,,,,,,,,
Q68200,Q11530339,,,,,,,,,,,,,,,,,,,,,,,,,,,,,,,,,,,,,,,,,,,,,
Q68203,Q11439879,,,,,,,,,,,,,,,,,,,,,,,,,,,,,,,,,,,,,,,,,,,,,
Q68206,Q11380751,,,,,,,,,,,,,,,,,,,,,,,,,,,,,,,,,,,,,,,,,,,,,
Q68209,Q109183432,,,,,,,,,,,,,,,,,,,,,,,,,,,,,,,,,,,,,,,,,,,,,
Q68212,Q11427648,,,,,,,,,,,,,,,,,,,,,,,,,,,,,,,,,,,,,,,,,,,,堀田-24,
Q68215,Q11380744,,,,,,,,,,,,,,,,,,,,,,,,,,,,,,,,,,,,,,,,,,,,,
Q68218,Q11380813,,,,,,,,,,,,,,,,,,,,,,,,,,,,,,,,,,,,,,,,,,,,,
Q68221,Q110309784,,,,,,,,,,,,,,,,,,,,,,,,,,,,,,,,,,,,,,,,,,,,,
Q68224,Q119920475,,,,,,,,,,,,,,,,,,,,,,,,,,,,,,,,,,,,,,,,,,,,,
Q68227,Q110961538,,,,,,,,,,,,,,,,,,,,,,,,,,,,,,,,,,,,,,,,,,,,,
Q68230,Q110961571,,,,,,,,,,,,,,,,,,,,,,,,,,,,,,,,,,,,,,,,,,,,,
Q68245,Q27920680,,,,,,,,,,,,,,,,,,,,,,,,,,,,,,,,,,,,,,,,,,,,吉田-85,
Q68248,Q113283834,,,,,,,,,,,,,,,,,,,,,,,,,,,,,,,,,,,,,,,,,,,,,
Q68251,Q10959734,,,,,,,,,,,,,,,,,,,,,,,,,,,,,,,,,,,,,,,,,,,,,
Q68254,Q11413055,,,,,,,,,,,,,,,,,,,,,,,,,,,,,,,,,,,,,,,,,,,,,
Q68257,Q11413074,,,,,,,,,,,,,,,,,,,,,,,,,,,,,,,,,,,,,,,,,,,,,
Q68260,Q11413051,,,,,,,,,,,,,,,,,,,,,,,,,,,,,,,,,,,,,,,,,,,,,
Q68263,Q10947188,,,,,,,,,,,,,,,,,,,,,,,,,,,,,,,,,,,,,,,,,,,,,
Q68266,Q11530516,,,,,,,,,,,,,,,,,,,,,,,,,,,,,,,,,,,,,,,,,,,,,
Q68269,Q11530535,,,,,,,,,,,,,,,,,,,,,,,,,,,,,,,,,,,,,,,,,,,,,
Q68272,Q11366141,,,,,,,,,,,,,,,,,,,,,,,,,,,,,,,,,,,,,,,,,,,,,
Q68275,Q11530533,,,,,,,,,,,,,,,,,,,,,,,,,,,,,,,,,,,,,,,,,,,,,
Q68278,Q11552193,,,,,,,,,,,,,,,,,,,,,,,,,,,,,,,,,,,,,,,,,,,,池田-87,
Q68281,Q11551911,,,,,,,,,,,,,,,,,,,,,,,,,,,,,,,,,,,,,,,,,,,,池田-144,
Q68284,Q111048462,,,,,,,,,,,,,,,,,,,,,,,,,,,,,,,,,,,,,,,,,,,,,
Q68286,Q647760,,,,,,,,,,,,,,,,,,,,,,,,,,,,,,,,,,,,,,,,,,,,,
Q68289,Q11370764,,,,,,,,,,,,,,,,,,,,,,,,,,,,,,,,,,,,,,,,,,,,,
Q68295,Q10517088,,,,,,,,,,,,,,,,,,,,,,,,,,,,,,,,,,,,,,,,,,,,,
Q68298,Q10517037,,,,,,,,,,,,,,,,,,,,,,,,,,,,,,,,,,,,,,,,,,,,,
Q68301,Q112058058,,,,,,,,,,,,,,,,,,,,,,,,,,,,,,,,,,,,,,,,,,,,,
Q68304,Q112058065,,,,,,,,,,,,,,,,,,,,,,,,,,,,,,,,,,,,,,,,,,,,,
Q68307,Q6832332,,,,,,,,,,,,,,,,,,,,,,,,,,,,,,,,,,,,,,,,,,,,松平-564,
Q68310,Q18226767,,,,,,,,,,,,,,,,,,,,,,,,,,,,,,,,,,,,,,,,,,,,,
Q68313,Q11516764,,,,,,,,,,,,,,,,,,,,,,,,,,,,,,,,,,,,,,,,,,,,,
Q68316,Q11530416,,,,,,,,,,,,,,,,,,,,,,,,,,,,,,,,,,,,,,,,,,,,,
Q68319,Q11370507,,,,,,,,,,,,,,,,,,,,,,,,,,,,,,,,,,,,,,,,,,,,,
Q68322,Q11370521,,,,,,,,,,,,,,,,,,,,,,,,,,,,,,,,,,,,,,,,,,,,九鬼-4,
Q68325,Q62085355,,,,,,,,,,,,,,,,,,,,,,,,,,,,,,,,,,,,,,,,,,,,,
Q68328,Q11679404,,,,,,,,,,,,,,,,,,,,,,,,,,,,,,,,,,,,,,,,,,,,龍造寺-1,
Q68331,Q11679392,,,,,,,,,,,,,,,,,,,,,,,,,,,,,,,,,,,,,,,,,,,,,
Q68334,Q134300210,,,,,,,,,,,,,,,,,,,,,,,,,,,,,,,,,,,,,,,,,,,,,
Q68337,Q11650697,,,,,,,,,,,,,,,,,,,,,,,,,,,,,,,,,,,,,,,,,,,,,
Q68340,Q11605978,,,,,,,,,,,,,,,,,,,,,,,,,,,,,,,,,,,,,,,,,,,,細川-51,
Q68343,Q11530603,,,,,,,,,,,,,,,,,,,,,,,,,,,,,,,,,,,,,,,,,,,,,
Q68346,Q11530602,,,,,,,,,,,,,,,,,,,,,,,,,,,,,,,,,,,,,,,,,,,,,
Q68349,Q11530594,,,,,,,,,,,,,,,,,,,,,,,,,,,,,,,,,,,,,,,,,,,,,
Q68352,Q11530595,,,,,,,,,,,,,,,,,,,,,,,,,,,,,,,,,,,,,,,,,,,,,
Q68355,Q134451393,,,,,,,,,,,,,,,,,,,,,,,,,,,,,,,,,,,,,,,,,,,,,
Q68358,Q134453121,,,,,,,,,,,,,,,,,,,,,,,,,,,,,,,,,,,,,,,,,,,,,
Q68361,Q22131434,,,,,,,,,,,,,,,,,,,,,,,,,,,,,,,,,,,,,,,,,,,,,
Q68364,Q110888866,,,,,,,,,,,,,,,,,,,,,,,,,,,,,,,,,,,,,,,,,,,,,
Q68367,Q110886408,,,,,,,,,,,,,,,,,,,,,,,,,,,,,,,,,,,,,,,,,,,,,
Q68370,Q110273381,,,,,,,,,,,,,,,,,,,,,,,,,,,,,,,,,,,,,,,,,,,,,
Q68373,Q110273410,,,,,,,,,,,,,,,,,,,,,,,,,,,,,,,,,,,,,,,,,,,,,
Q68376,Q10517019,,,,,,,,,,,,,,,,,,,,,,,,,,,,,,,,,,,,,,,,,,,,,
Q68379,Q108803095,,,,,,,,,,,,,,,,,,,,,,,,,,,,,,,,,,,,,,,,,,,,,
Q68382,Q115586803,,,,,,,,,,,,,,,,,,,,,,,,,,,,,,,,,,,,,,,,,,,,,
Q68385,Q108803104,,,,,,,,,,,,,,,,,,,,,,,,,,,,,,,,,,,,,,,,,,,,,
Q68388,Q109357699,,,,,,,,,,,,,,,,,,,,,,,,,,,,,,,,,,,,,,,,,,,,,
Q68391,Q113229910,,,,,,,,,,,,,,,,,,,,,,,,,,,,,,,,,,,,,,,,,,,,,
Q68394,Q11608247,,,,,,,,,,,,,,,,,,,,,,,,,,,,,,,,,,,,,,,,,,,,織田-20,
Q68409,Q11069201,,,,,,,,,,,,,,,,,,,,,,,,,,,,,,,,,,,,,,,,,,,,,
Q68412,Q11069175,,,,,,,,,,,,,,,,,,,,,,,,,,,,,,,,,,,,,,,,,,,,靑山-6,
Q68415,Q11069020,,,,,,,,,,,,,,,,,,,,,,,,,,,,,,,,,,,,,,,,,,,,靑山-34,
Q68419,Q11069028,,,,,,,,,,,,,,,,,,,,,,,,,,,,,,,,,,,,,,,,,,,,靑山-18,
Q68422,Q11069010,,,,,,,,,,,,,,,,,,,,,,,,,,,,,,,,,,,,,,,,,,,,,
Q68425,Q11069209,,,,,,,,,,,,,,,,,,,,,,,,,,,,,,,,,,,,,,,,,,,,靑山-16,
Q68428,Q108094531,,,,,,,,,,,,,,,,,,,,,,,,,,,,,,,,,,,,,,,,,,,,,
Q68431,Q108094919,,,,,,,,,,,,,,,,,,,,,,,,,,,,,,,,,,,,,,,,,,,,,
Q68434,Q108095424,,,,,,,,,,,,,,,,,,,,,,,,,,,,,,,,,,,,,,,,,,,,,
Q68437,Q109187126,,,,,,,,,,,,,,,,,,,,,,,,,,,,,,,,,,,,,,,,,,,,,
Q68439,Q109187291,,,,,,,,,,,,,,,,,,,,,,,,,,,,,,,,,,,,,,,,,,,,,
Q68442,Q109187445,,,,,,,,,,,,,,,,,,,,,,,,,,,,,,,,,,,,,,,,,,,,,
Q68445,Q108095958,,,,,,,,,,,,,,,,,,,,,,,,,,,,,,,,,,,,,,,,,,,,,
Q68539,Q6638278,,,,,,,,,,,,,,,,,,,,,,,,,,,,,,,,,,,,,,,,,,,,松平-212,
Q68542,Q109270378,,,,,,,,,,,,,,,,,,,,,,,,,,,,,,,,,,,,,,,,,,,,,
Q68545,Q109270513,,,,,,,,,,,,,,,,,,,,,,,,,,,,,,,,,,,,,,,,,,,,,
Q68547,Q11596922,,,,,,,,,,,,,,,,,,,,,,,,,,,,,,,,,,,,,,,,,,,,,
Q68550,Q111134897,,,,,,,,,,,,,,,,,,,,,,,,,,,,,,,,,,,,,,,,,,,,,
Q68553,Q10517159,,,,,,,,,,,,,,,,,,,,,,,,,,,,,,,,,,,,,,,,,,,,,
Q68556,Q10517413,,,,,,,,,,,,,,,,,,,,,,,,,,,,,,,,,,,,,,,,,,,,内藤-43,
Q68559,Q3387904,,,,,,,,,,,,,,,,,,,,,,,,,,,,,,,,,,,,,,,,,,,,,
Q68562,Q11436057,,,,,,,,,,,,,,,,,,,,,,,,,,,,,,,,,,,,,,,,,,,,大村-56,
Q68565,Q22123824,,,,,,,,,,,,,,,,,,,,,,,,,,,,,,,,,,,,,,,,,,,,,
Q68568,Q11556201,,,,,,,,,,,,,,,,,,,,,,,,,,,,,,,,,,,,,,,,,,,,津村-4,
Q68571,Q11383424,,,,,,,,,,,,,,,,,,,,,,,,,,,,,,,,,,,,,,,,,,,,佐竹-36,
Q68574,Q109189064,,,,,,,,,,,,,,,,,,,,,,,,,,,,,,,,,,,,,,,,,,,,,
Q68577,Q11239157,,,,,,,,,,,,,,,,,,,,,,,,,,,,,,,,,,,,,,,,,,,,,
Q68580,Q108486591,,,,,,,,,,,,,,,,,,,,,,,,,,,,,,,,,,,,,,,,,,,,,
Q68583,Q108486628,,,,,,,,,,,,,,,,,,,,,,,,,,,,,,,,,,,,,,,,,,,,,
Q68586,Q11383455,,,,,,,,,,,,,,,,,,,,,,,,,,,,,,,,,,,,,,,,,,,,佐竹-9,
Q68589,Q109187617,,,,,,,,,,,,,,,,,,,,,,,,,,,,,,,,,,,,,,,,,,,,,
Q68592,Q109187693,,,,,,,,,,,,,,,,,,,,,,,,,,,,,,,,,,,,,,,,,,,,,
Q68595,Q11383466,,,,,,,,,,,,,,,,,,,,,,,,,,,,,,,,,,,,,,,,,,,,熊川-1,
Q68598,Q11069138,,,,,,,,,,,,,,,,,,,,,,,,,,,,,,,,,,,,,,,,,,,,,
Q68601,Q8514709,,,,,,,,,,,,,,,,,,,,,,,,,,,,,,,,,,,,,,,,,,,,織田-14,
Q68604,Q6788127,,,,,,,,,,,,,,,,,,,,,,,,,,,,,,,,,,,,,,,,,,,,松前-3,
Q68607,Q30934562,,,,,,,,,,,,,,,,,,,,,,,,,,,,,,,,,,,,,,,,,,,,,
Q68610,Q11595125,,,,,,,,,,,,,,,,,,,,,,,,,,,,,,,,,,,,,,,,,,,,,
Q68613,Q11418579,,,,,,,,,,,,,,,,,,,,,,,,,,,,,,,,,,,,,,,,,,,,,
Q68616,Q128865475,,,,,,,,,,,,,,,,,,,,,,,,,,,,,,,,,,,,,,,,,,,,,
Q68619,Q113245141,,,,,,,,,,,,,,,,,,,,,,,,,,,,,,,,,,,,,,,,,,,,,
Q68622,Q11486215,,,,,,,,,,,,,,,,,,,,,,,,,,,,,,,,,,,,,,,,,,,,庭田-21,
Q68625,Q11564475,,,,,,,,,,,,,,,,,,,,,,,,,,,,,,,,,,,,,,,,,,,,溝口-5,
Q68628,Q10519287,,,,,,,,,,,,,,,,,,,,,,,,,,,,,,,,,,,,,,,,,,,,,
Q68631,Q8515092,,,,,,,,,,,,,,,,,,,,,,,,,,,,,,,,,,,,,,,,,,,,松平-180,
Q68634,Q11530436,,,,,,,,,,,,,,,,,,,,,,,,,,,,,,,,,,,,,,,,,,,,松平-178,
Q68637,Q11530429,,,,,,,,,,,,,,,,,,,,,,,,,,,,,,,,,,,,,,,,,,,,,
Q68640,Q11543332,,,,,,,,,,,,,,,,,,,,,,,,,,,,,,,,,,,,,,,,,,,,,
Q68643,Q7040688,,,,,,,,,,,,,,,,,,,,,,,,,,,,,,,,,,,,,,,,,,,,,
Q68645,Q11627750,,,,,,,,,,,,,,,,,,,,,,,,,,,,,,,,,,,,,,,,,,,,,
Q68648,Q111034349,,,,,,,,,,,,,,,,,,,,,,,,,,,,,,,,,,,,,,,,,,,,,
Q68651,Q11556414,,,,,,,,,,,,,,,,,,,,,,,,,,,,,,,,,,,,,,,,,,,,,
Q68654,Q11530532,,,,,,,,,,,,,,,,,,,,,,,,,,,,,,,,,,,,,,,,,,,,前田-34,
Q68657,Q53764985,,,,,,,,,,,,,,,,,,,,,,,,,,,,,,,,,,,,,,,,,,,,關-59,
Q68660,Q10862109,,,,,,,,,,,,,,,,,,,,,,,,,,,,,,,,,,,,,,,,,,,,戸田-85,
Q68678,Q11631879,,,,,,,,,,,,,,,,,,,,,,,,,,,,,,,,,,,,,,,,,,,,,
Q68681,Q108915134,,,,,,,,,,,,,,,,,,,,,,,,,,,,,,,,,,,,,,,,,,,,,
Q68684,Q108915142,,,,,,,,,,,,,,,,,,,,,,,,,,,,,,,,,,,,,,,,,,,,,
Q68687,Q20038790,,,,,,,,,,,,,,,,,,,,,,,,,,,,,,,,,,,,,,,,,,,,,
Q68690,Q111182643,,,,,,,,,,,,,,,,,,,,,,,,,,,,,,,,,,,,,,,,,,,,,
Q68693,Q113208475,,,,,,,,,,,,,,,,,,,,,,,,,,,,,,,,,,,,,,,,,,,,,
Q68696,Q11530461,,,,,,,,,,,,,,,,,,,,,,,,,,,,,,,,,,,,,,,,,,,,,
Q68699,Q11397454,,,,,,,,,,,,,,,,,,,,,,,,,,,,,,,,,,,,,,,,,,,,前田-38,
Q68702,Q108683590,,,,,,,,,,,,,,,,,,,,,,,,,,,,,,,,,,,,,,,,,,,,,
Q68705,Q6729121,,,,,,,,,,,,,,,,,,,,,,,,,,,560127,,,,,,,,,,,,,,,,,前田-36,
Q68708,Q48764181,,,,,,,,,,,,,,,,,,,,,,,,,,,,,,,,,,,,,,,,,,,,宗-3,
Q68711,Q108486802,,,,,,,,,,,,,,,,,,,,,,,,,,,,,,,,,,,,,,,,,,,,,
Q68714,Q56346131,,,,,,,,,,,,,,,,,,,,,,,,,,,,,,,,,,,,,,,,,,,,,
Q68717,Q108487868,,,,,,,,,,,,,,,,,,,,,,,,,,,,,,,,,,,,,,,,,,,,,
Q68720,Q108487941,,,,,,,,,,,,,,,,,,,,,,,,,,,,,,,,,,,,,,,,,,,,,
Q68723,Q108488019,,,,,,,,,,,,,,,,,,,,,,,,,,,,,,,,,,,,,,,,,,,,,
Q68726,Q11529108,,,,,,,,,,,,,,,,,,,,,,,,,,,,,,,,,,,,,,,,,,,,,
Q68729,Q108139592,,,,,,,,,,,,,,,,,,,,,,,,,,,,,,,,,,,,,,,,,,,,,
Q68732,Q11655796,,,,,,,,,,,,,,,,,,,,,,,,,,,,,,,,,,,,,,,,,,,,,
Q68735,Q10518429,,,,,,,,,,,,,,,,,,,,,,,,,,,,,,,,,,,,,,,,,,,,,
Q68738,Q108669786,,,,,,,,,,,,,,,,,,,,,,,,,,,,,,,,,,,,,,,,,,,,,
Q68741,Q108890571,,,,,,,,,,,,,,,,,,,,,,,,,,,,,,,,,,,,,,,,,,,,,
Q68744,Q108891056,,,,,,,,,,,,,,,,,,,,,,,,,,,,,,,,,,,,,,,,,,,,小早川-1,
Q68747,Q11650695,,,,,,,,,,,,,,,,,,,,,,,,,,,,,,,,,,,,,,,,,,,,,
Q68750,Q115586240,,,,,,,,,,,,,,,,,,,,,,,,,,,,,,,,,,,,,,,,,,,,,
Q68753,Q11438257,,,,,,,,,,,,,,,,,,,,,,,,,,,,,,,,,,,,,,,,,,,,,
Q68756,Q11438232,,,,,,,,,,,,,,,,,,,,,,,,,,,,,,,,,,,,,,,,,,,,大石-4,
Q68759,Q11438164,,,,,,,,,,,,,,,,,,,,,,,,,,,,,,,,,,,,,,,,,,,,,
Q68762,Q6528851,,,,,,,,,,,,,,,,,,,,,,,,,,,,,,,,,,,,,,,,,,,,,
Q68765,Q5995763,,,,,,,,,,,,,,,,,,,,,,,,,,,,,,,,,,,,,,,,,,,,,
Q68768,Q7222644,,,,,,,,,,,,,,,,,,,,,,,,,,,,,,,,,,,,,,,,,,,,,
Q68771,Q11396153,,,,,,,,,,,,,,,,,,,,,,,,,,,,,,,,,,,,,,,,,,,,,
Q68774,Q11396158,,,,,,,,,,,,,,,,,,,,,,,,,,,,,,,,,,,,,,,,,,,,,
Q68777,Q111153374,,,,,,,,,,,,,,,,,,,,,,,,,,,,,,,,,,,,,,,,,,,,,
Q68780,Q6529043,,,,,,,,,,,,,,,,,,,,,,,,,,,,,,,,,,,,,,,,,,,,,
Q68783,Q11379413,,,,,,,,,,,,,,,,,,,,,,,,,,,,,,,,,,,,,,,,,,,,,
Q68786,Q11542653,,,,,,,,,,,,,,,,,,,,,,,,,,,,,,,,,,,,,,,,,,,,,
Q68789,Q11542559,,,,,,,,,,,,,,,,,,,,,,,,,,,,,,,,,,,,,,,,,,,,,
Q68792,Q11427716,,,,,,,,,,,,,,,,,,,,,,,,,,,,,,,,,,,,,,,,,,,,,
Q68798,Q10856582,,,,,,,,,,,,,,,,,,,,,,,,,,,,,,,,,,,,,,,,,,,,,
Q68801,Q11069532,,,,,,,,,,,,,,,,,,,,,,,,,,,,,,,,,,,,,,,,,,,,松平-717,
Q68804,Q108095548,,,,,,,,,,,,,,,,,,,,,,,,,,,,,,,,,,,,,,,,,,,,,
Q68807,Q108094008,,,,,,,,,,,,,,,,,,,,,,,,,,,,,,,,,,,,,,,,,,,,,
Q68813,Q10860147,,,,,,,,,,,,,,,,,,,,,,,,,,,,,,,,,,,,,,,,,,,,,
Q68816,Q11520037,,,,,,,,,,,,,,,,,,,,,,,,,,,,,,,,,,,,,,,,,,,,,
Q68819,Q11642013,,,,,,,,,,,,,,,,,,,,,,,,,,,,,,,,,,,,,,,,,,,,,
Q68822,Q11365600,,,,,,,,,,,,,,,,,,,,,,,,,,,,,,,,,,,,,,,,,,,,,
Q68825,Q11163136,,,,,,,,,,,,,,,,,,,,,,,,,,,,,,,,,,,,,,,,,,,,,
Q68828,Q11611467,,,,,,,,,,,,,,,,,,,,,,,,,,,,,,,,,,,,,,,,,,,,,
Q68831,Q115586817,,,,,,,,,,,,,,,,,,,,,,,,,,,,,,,,,,,,,,,,,,,,,
Q68834,Q11425973,,,,,,,,,,,,,,,,,,,,,,,,,,,,,,,,,,,,,,,,,,,,,
Q68837,Q118697785,,,,,,,,,,,,,,,,,,,,,,,,,,,,,,,,,,,,,,,,,,,,,
Q68840,Q6829219,,,,,,,,,,,,,,,,,,,,,,,,,,,,,,,,,,,,,,,,,,,,,
Q68843,Q113208042,,,,,,,,,,,,,,,,,,,,,,,,,,,,,,,,,,,,,,,,,,,,,
Q68846,Q108780902,,,,,,,,,,,,,,,,,,,,,,,,,,,,,,,,,,,,,,,,,,,,,
Q68849,Q11122978,,,,,,,,,,,,,,,,,,,,,,,,,,,,,,,,,,,,,,,,,,,,,
Q68852,Q106480936,,,,,,,,,,,,,,,,,,,,,,,,,,,,,,,,,,,,,,,,,,,,藤波-4,
Q68855,Q11374449,,,,,,,,,,,,,,,,,,,,,,,,,,,,,,,,,,,,,,,,,,,,,
Q68858,Q11366415,,,,,,,,,,,,,,,,,,,,,,,,,,,,,,,,,,,,,,,,,,,,,
Q68861,Q11367600,,,,,,,,,,,,,,,,,,,,,,,,,,,,,,,,,,,,,,,,,,,,,
Q68864,Q711907,,,,,,,,,,,,,,,,,,,,,,,,,,,,,,,,,,,,,,,,,,,,尚-8,
Q68867,Q123237688,,,,,,,,,,,,,,,,,,,,,,,,,,,,,,,,,,,,,,,,,,,,,
Q68870,Q842696,,,,,,,,,,,,,,,,,,,,,,,,,,,,,,,,,,,,,,,,,,,,尚-3,
Q68873,Q11161094,,,,,,,,,,,,,,,,,,,,,,,,,,,,,,,,,,,,,,,,,,,,,
Q68876,Q11530411,,,,,,,,,,,,,,,,,,,,,,,,,,,,,,,,,,,,,,,,,,,,松平-189,
Q68879,Q11530542,,,,,,,,,,,,,,,,,,,,,,,,,,,,,,,,,,,,,,,,,,,,,
Q68882,Q11530452,,,,,,,,,,,,,,,,,,,,,,,,,,,,,,,,,,,,,,,,,,,,,
Q68894,Q11162988,,,,,,,,,,,,,,,,,,,,,,,,,,,,,,,,,,,,,,,,,,,,島津-136,
Q68903,Q6216250,,,,,,,,,,,,,,,,,,,,,,,,,,,,,,,,,,,,,,,,,,,,Paetsch-1,
Q68906,Q128908366,,,,,,,,,,,,,,,,,,,,,,,,,,,,,,,,,,,,,,,,,,,,,
Q68909,Q418046,,,,,,,,,,,,,,,,,,,,,,,,,,,,,,,,,,,,,,,,,,,,小野田-1,
Q69005,Q95575134,,,,,,,,,,,,,,,,,,,,,,,,,,,,,,,,,,,,,,,,,,,,安田-25,
Q69008,Q95422063,,,,,,,,,,,,,,,,,,,,,,,,,,,,,,,,,,,,,,,,,,,,安田-6,I00593559
Q69011,Q79017521,,,,,,,,,,,,,,,,,,,,,,,,,,,,,,,,,,,,,,,,,,,,,
Q69014,Q77810952,,,,,,,,,,,,,,,,,,,,,,,,,,,,,,,,,,,,,,,,,,,,安田-31,
Q69017,Q95580683,,,,,,,,,,,,,,,,,,,,,,,,,,,,,,,,,,,,,,,,,,,,安田-79,
Q69020,Q15700447,,,,,,,,,,,,,,,,,,,,,,,,,,,,,,,,,,,,,,,,,,,,伊臣-2,I00593558
Q69023,Q95578691,,,,,,,,,,,,,,,,,,,,,,,,,,,,,,,,,,,,,,,,,,,,大久保-6,
Q69026,Q95578807,,,,,,,,,,,,,,,,,,,,,,,,,,,,,,,,,,,,,,,,,,,,高橋-4,
Q69029,Q11596906,,,,,,,,,,,,,,,,,,,,,,,,,,,,,,,,,,,,,,,,,,,,,
Q69031,Q11427721,,,,,,,,,,,,,,,,,,,,,,,,,,,,,,,,,,,,,,,,,,,,,
Q69034,Q11427713,,,,,,,,,,,,,,,,,,,,,,,,,,,,,,,,,,,,,,,,,,,,,
Q69037,Q11427717,,,,,,,,,,,,,,,,,,,,,,,,,,,,,,,,,,,,,,,,,,,,,
Q69040,Q110967199,,,,,,,,,,,,,,,,,,,,,,,,,,,,,,,,,,,,,,,,,,,,,
Q69043,Q52083726,,,,,,,,,,,,,,,,,,,,,,,,,,,,,,,,,,,,,,,,,,,,小倉-20,
Q69046,Q7223046,,,,,,,,,,,,,,,,,,,,,,,,,,,,,,,,,,,,,,,,,,,,德大寺-9,
Q69049,Q11381756,,,,,,,,,,,,,,,,,,,,,,,,,,,,,,,,,,,,,,,,,,,,德大寺-7,
Q69052,Q124519059,,,,,,,,,,,,,,,,,,,,,,,,,,,,,,,,,,,,,,,,,,,,三井-68,
Q69055,Q108683705,,,,,,,,,,,,,,,,,,,,,,,,,,,,,,,,,,,,,,,,,,,,,
Q69058,Q96741835,,,,,,,,,,,,,,,,,,,,,,,,,,,,,,,,,,,,,,,,,,,,三井-106,
Q69061,Q109246434,,,,,,,,,,,,,,,,,,,,,,,,,,,,,,,,,,,,,,,,,,,,,
Q69067,Q851776,,,,,,,,,,,,,,,,,,,,,,,,,,,,,,,,,,,,,,,,,,,,上杉-23,
Q69070,Q134822297,,,,,,,,,,,,,,,,,,,,,,,,,,,,,,,,,,,,,,,,,,,,,
Q69073,Q6582186,,,,,,,,,,,,,,,,,,,,,,,,,,,,,,,,,,,,,,,,,,,,大谷-43,
Q69076,Q77895,,,,,,,,,,,,,,,,,,,,,,,,,,,839539,,,,,,,,,,,,,,,,,愛新覺羅-3,
Q69079,Q699199,,,,,,,,,,,,,,,,,,,,,,,,,,,,,,,,,,,,,,,,,,,,愛新覺羅-4,
Q69082,Q9191782,,,,,,,,,,,,,,,,,,,,,,,,,,,,,,,,,,,,,,,,,,,,愛新覺羅-200,
Q69084,Q121354657,,,,,,,,,,,,,,,,,,,,,,,,,,,,,,,,,,,,,,,,,,,,,
Q69087,Q115586729,,,,,,,,,,,,,,,,,,,,,,,,,,,,,,,,,,,,,,,,,,,,,
Q69090,Q11623746,,,,,,,,,,,,,,,,,,,,,,,,,,,,,,,,,,,,,,,,,,,,,
Q69093,Q10968601,,,,,,,,,,,,,,,,,,,,,,,,,,,,,,,,,,,,,,,,,,,,山内-40,
Q69096,Q8515399,,,,,,,,,,,,,,,,,,,,,,,,,,,,,,,,,,,,,,,,,,,,,
Q69099,Q58139835,,,,,,,,,,,,,,,,,,,,,,,,,,,,,,,,,,,,,,,,,,,,,
Q69102,Q110184510,,,,,,,,,,,,,,,,,,,,,,,,,,,,,,,,,,,,,,,,,,,,,
Q69105,Q47470312,,,,,,,,,,,,,,,,,,,,,,,,,,,,,,,,,,,,,,,,,,,,,
Q69135,Q134602399,,,,,,,,,,,,,,,,,,,,,,,,,,,,,,,,,,,,,,,,,,,,,
Q69138,Q21699409,,,,,,,,,,,,,,,,,,,,,,,,,,,,,,,,,,,,,,,,,,,,奧平-7,
Q69141,Q109454017,,,,,,,,,,,,,,,,,,,,,,,,,,,,,,,,,,,,,,,,,,,,,
Q69144,Q110064609,,,,,,,,,,,,,,,,,,,,,,,,,,,,,,,,,,,,,,,,,,,,,
Q69147,Q11531510,,,,,,,,,,,,,,,,,,,,,,,,,,,,,,,,,,,,,,,,,,,,,
Q69150,Q6375041,,,,,,,,,,,,,,,,,,,,,,,,,,,,,,,,,,,,,,,,,,,,,
Q69153,Q11669778,,,,,,,,,,,,,,,,,,,,,,,,,,,,,,,,,,,,,,,,,,,,高崎-8,
Q69156,Q11380711,,,,,,,,,,,,,,,,,,,,,,,,,,,,,,,,,,,,,,,,,,,,伊達-55,
Q69159,Q108890521,,,,,,,,,,,,,,,,,,,,,,,,,,,,,,,,,,,,,,,,,,,,,
Q69162,Q10521939,,,,,,,,,,,,,,,,,,,,,,,,,,,,,,,,,,,,,,,,,,,,,
Q69165,Q16174959,,,,,,,,,,,,,,,,,,,,,,,,,,,,,,,,,,,,,,,,,,,,,
Q69168,Q498458,,,,,,,,,,,,,,,,,,,,,,,,,,,,,,,,,,,,,,,,,,,,,
Q69171,Q16178153,,,,,,,,,,,,,,,,,,,,,,,,,,,,,,,,,,,,,,,,,,,,,
Q69174,Q110115163,,,,,,,,,,,,,,,,,,,,,,,,,,,,,,,,,,,,,,,,,,,,,
Q69177,Q498481,,,,,,,,,,,,,,,,,,,,,,,,,,,,,,,,,,,,,,,,,,,,,
Q69180,Q498506,,,,,,,,,,,,,,,,,,,,,,,,,,,,,,,,,,,,,,,,,,,,,
Q69183,Q498530,,,,,,,,,,,,,,,,,,,,,,,,,,,,,,,,,,,,,,,,,,,,,
Q69186,Q28776568,,,,,,,,,,,,,,,,,,,,,,,,,,,,,,,,,,,,,,,,,,,,,
Q69231,Q10334945,,,,,,,,,,,,,,,,,,,,,,,,,,,,,,,,,,,,,,,,,,,,,
Q69234,Q1069797,,,,,,,,,,,,,,,,,,,,,,,,,,,,,,,,,,,,,,,,,,,,,
Q69237,Q8253718,,,,,,,,,,,,,,,,,,,,,,,,,,,,,,,,,,,,,,,,,,,,,
Q69240,Q3267252,,,,,,,,,,,,,,,,,,,,,,,,,,,,,,,,,,,,,,,,,,,,,
Q69243,Q3267290,,,,,,,,,,,,,,,,,,,,,,,,,,,,,,,,,,,,,,,,,,,,,
Q69246,Q16076421,,,,,,,,,,,,,,,,,,,,,,,,,,,,,,,,,,,,,,,,,,,,,
Q69249,Q16076386,,,,,,,,,,,,,,,,,,,,,,,,,,,,,,,,,,,,,,,,,,,,,
Q69252,Q16076383,,,,,,,,,,,,,,,,,,,,,,,,,,,,,,,,,,,,,,,,,,,,,
Q69255,Q16510384,,,,,,,,,,,,,,,,,,,,,,,,,,,,,,,,,,,,,,,,,,,,,
Q69258,Q16076400,,,,,,,,,,,,,,,,,,,,,,,,,,,,,,,,,,,,,,,,,,,,,
Q69261,Q16076143,,,,,,,,,,,,,,,,,,,,,,,,,,,,,,,,,,,,,,,,,,,,,
Q69264,Q16076210,,,,,,,,,,,,,,,,,,,,,,,,,,,,,,,,,,,,,,,,,,,,,
Q69267,Q7244863,,,,,,,,,,,,,,,,,,,,,,,,,,,,,,,,,,,,,,,,,,,,,
Q69270,Q16510383,,,,,,,,,,,,,,,,,,,,,,,,,,,,,,,,,,,,,,,,,,,,,
Q69273,Q11124006,,,,,,,,,,,,,,,,,,,,,,,,,,,,,,,,,,,,,,,,,,,,,
Q69276,Q108734356,,,,,,,,,,,,,,,,,,,,,,,,,,,,,,,,,,,,,,,,,,,,,
Q69279,Q108734737,,,,,,,,,,,,,,,,,,,,,,,,,,,,,,,,,,,,,,,,,,,,,
Q69282,Q45419076,,,,,,,,,,,,,,,,,,,,,,,,,,,,,,,,,,,,,,,,,,,,,
Q69285,Q17992815,,,,,,,,,,,,,,,,,,,,,,,,,,,,,,,,,,,,,,,,,,,,,
Q69288,Q11522382,,,,,,,,,,,,,,,,,,,,,,,,,,,,,,,,,,,,,,,,,,,,,
Q69291,Q45692374,,,,,,,,,,,,,,,,,,,,,,,,,,,,,,,,,,,,,,,,,,,,,
Q69294,Q45691924,,,,,,,,,,,,,,,,,,,,,,,,,,,,,,,,,,,,,,,,,,,,,
Q69297,Q45692174,,,,,,,,,,,,,,,,,,,,,,,,,,,,,,,,,,,,,,,,,,,,,
Q69300,Q45692964,,,,,,,,,,,,,,,,,,,,,,,,,,,,,,,,,,,,,,,,,,,,,
Q69303,Q45693019,,,,,,,,,,,,,,,,,,,,,,,,,,,,,,,,,,,,,,,,,,,,,
Q69306,Q17025857,,,,,,,,,,,,,,,,,,,,,,,,,,,,,,,,,,,,,,,,,,,,,
Q69309,Q45525923,,,,,,,,,,,,,,,,,,,,,,,,,,,,,,,,,,,,,,,,,,,,,
Q69312,Q45699690,,,,,,,,,,,,,,,,,,,,,,,,,,,,,,,,,,,,,,,,,,,,,
Q69315,Q65805550,,,,,,,,,,,,,,,,,,,,,,,,,,,,,,,,,,,,,,,,,,,,,
Q69318,Q45700559,,,,,,,,,,,,,,,,,,,,,,,,,,,,,,,,,,,,,,,,,,,,,
Q69321,Q4824234,,,,,,,,,,,,,,,,,,,,,,,,,,,1205718,,,,,,,,,,,,,,,,,,
Q69324,Q662696,,,,,,,,,,,,,,,,,,,,,,,,,,,,,,,,,,,,,,,,,,,,,
Q69327,Q45469083,,,,,,,,,,,,,,,,,,,,,,,,,,,,,,,,,,,,,,,,,,,,,
Q69330,Q10942057,,,,,,,,,,,,,,,,,,,,,,,,,,,,,,,,,,,,,,,,,,,,,
Q69333,Q24836097,,,,,,,,,,,,,,,,,,,,,,,,,,,,,,,,,,,,,,,,,,,,,
Q69336,Q24836101,,,,,,,,,,,,,,,,,,,,,,,,,,,,,,,,,,,,,,,,,,,,,
Q69339,Q10869019,,,,,,,,,,,,,,,,,,,,,,,,,,,,,,,,,,,,,,,,,,,,,
Q69342,Q65808287,,,,,,,,,,,,,,,,,,,,,,,,,,,,,,,,,,,,,,,,,,,,,
Q69345,Q45631141,,,,,,,,,,,,,,,,,,,,,,,,,,,,,,,,,,,,,,,,,,,,,
Q69348,Q45631204,,,,,,,,,,,,,,,,,,,,,,,,,,,,,,,,,,,,,,,,,,,,,
Q69351,Q45631267,,,,,,,,,,,,,,,,,,,,,,,,,,,,,,,,,,,,,,,,,,,,,
Q69354,Q45631330,,,,,,,,,,,,,,,,,,,,,,,,,,,,,,,,,,,,,,,,,,,,,
Q69357,Q45631392,,,,,,,,,,,,,,,,,,,,,,,,,,,,,,,,,,,,,,,,,,,,,
Q69360,Q45631453,,,,,,,,,,,,,,,,,,,,,,,,,,,,,,,,,,,,,,,,,,,,,
Q69363,Q45631514,,,,,,,,,,,,,,,,,,,,,,,,,,,,,,,,,,,,,,,,,,,,,
Q69366,Q45631579,,,,,,,,,,,,,,,,,,,,,,,,,,,,,,,,,,,,,,,,,,,,,
Q69369,Q24835813,,,,,,,,,,,,,,,,,,,,,,,,,,,,,,,,,,,,,,,,,,,,,
Q69372,Q45701158,,,,,,,,,,,,,,,,,,,,,,,,,,,,,,,,,,,,,,,,,,,,,
Q69375,Q6538842,,,,,,,,,,,,,,,,,,,,,,,,,,,,,,,,,,,,,,,,,,,,,
Q69378,Q45541528,,,,,,,,,,,,,,,,,,,,,,,,,,,,,,,,,,,,,,,,,,,,,
Q69381,Q45436634,,,,,,,,,,,,,,,,,,,,,,,,,,,,,,,,,,,,,,,,,,,,,
Q69384,Q45437455,,,,,,,,,,,,,,,,,,,,,,,,,,,,,,,,,,,,,,,,,,,,,
Q69387,Q45437519,,,,,,,,,,,,,,,,,,,,,,,,,,,,,,,,,,,,,,,,,,,,,
Q69390,Q11097053,,,,,,,,,,,,,,,,,,,,,,,,,,,,,,,,,,,,,,,,,,,,,
Q69393,Q45621359,,,,,,,,,,,,,,,,,,,,,,,,,,,,,,,,,,,,,,,,,,,,,
Q69396,Q45621422,,,,,,,,,,,,,,,,,,,,,,,,,,,,,,,,,,,,,,,,,,,,,
Q69399,Q65803294,,,,,,,,,,,,,,,,,,,,,,,,,,,,,,,,,,,,,,,,,,,,,
Q69402,Q45438216,,,,,,,,,,,,,,,,,,,,,,,,,,,,,,,,,,,,,,,,,,,,,
Q69405,Q45438279,,,,,,,,,,,,,,,,,,,,,,,,,,,,,,,,,,,,,,,,,,,,,
Q69408,Q45438341,,,,,,,,,,,,,,,,,,,,,,,,,,,,,,,,,,,,,,,,,,,,,
Q69411,Q45438407,,,,,,,,,,,,,,,,,,,,,,,,,,,,,,,,,,,,,,,,,,,,,
Q69414,Q45500431,,,,,,,,,,,,,,,,,,,,,,,,,,,,,,,,,,,,,,,,,,,,,
Q69417,Q45500684,,,,,,,,,,,,,,,,,,,,,,,,,,,,,,,,,,,,,,,,,,,,,
Q69420,Q45682783,,,,,,,,,,,,,,,,,,,,,,,,,,,,,,,,,,,,,,,,,,,,,
Q69423,Q45682813,,,,,,,,,,,,,,,,,,,,,,,,,,,,,,,,,,,,,,,,,,,,,
Q69426,Q45682844,,,,,,,,,,,,,,,,,,,,,,,,,,,,,,,,,,,,,,,,,,,,,
Q69429,Q45682622,,,,,,,,,,,,,,,,,,,,,,,,,,,,,,,,,,,,,,,,,,,,,
Q69432,Q45682653,,,,,,,,,,,,,,,,,,,,,,,,,,,,,,,,,,,,,,,,,,,,,
Q69435,Q45682685,,,,,,,,,,,,,,,,,,,,,,,,,,,,,,,,,,,,,,,,,,,,,
Q69438,Q45534784,,,,,,,,,,,,,,,,,,,,,,,,,,,,,,,,,,,,,,,,,,,,,
Q69441,Q45693382,,,,,,,,,,,,,,,,,,,,,,,,,,,,,,,,,,,,,,,,,,,,,
Q69444,Q45693411,,,,,,,,,,,,,,,,,,,,,,,,,,,,,,,,,,,,,,,,,,,,,
Q69447,Q45693437,,,,,,,,,,,,,,,,,,,,,,,,,,,,,,,,,,,,,,,,,,,,,
Q69450,Q45693466,,,,,,,,,,,,,,,,,,,,,,,,,,,,,,,,,,,,,,,,,,,,,
Q69453,Q45693522,,,,,,,,,,,,,,,,,,,,,,,,,,,,,,,,,,,,,,,,,,,,,
Q69456,Q45693552,,,,,,,,,,,,,,,,,,,,,,,,,,,,,,,,,,,,,,,,,,,,,
Q69459,Q45693580,,,,,,,,,,,,,,,,,,,,,,,,,,,,,,,,,,,,,,,,,,,,,
Q69462,Q45693634,,,,,,,,,,,,,,,,,,,,,,,,,,,,,,,,,,,,,,,,,,,,,
Q69465,Q45693691,,,,,,,,,,,,,,,,,,,,,,,,,,,,,,,,,,,,,,,,,,,,,
Q69468,Q45694135,,,,,,,,,,,,,,,,,,,,,,,,,,,,,,,,,,,,,,,,,,,,,
Q69471,Q45694164,,,,,,,,,,,,,,,,,,,,,,,,,,,,,,,,,,,,,,,,,,,,,
Q69474,Q45694216,,,,,,,,,,,,,,,,,,,,,,,,,,,,,,,,,,,,,,,,,,,,,
Q69477,Q45694269,,,,,,,,,,,,,,,,,,,,,,,,,,,,,,,,,,,,,,,,,,,,,
Q69480,Q45696251,,,,,,,,,,,,,,,,,,,,,,,,,,,,,,,,,,,,,,,,,,,,,
Q69483,Q45698402,,,,,,,,,,,,,,,,,,,,,,,,,,,,,,,,,,,,,,,,,,,,,
Q69486,Q45698428,,,,,,,,,,,,,,,,,,,,,,,,,,,,,,,,,,,,,,,,,,,,,
Q69489,Q45698453,,,,,,,,,,,,,,,,,,,,,,,,,,,,,,,,,,,,,,,,,,,,,
Q69492,Q45698481,,,,,,,,,,,,,,,,,,,,,,,,,,,,,,,,,,,,,,,,,,,,,
Q69495,Q45698507,,,,,,,,,,,,,,,,,,,,,,,,,,,,,,,,,,,,,,,,,,,,,
Q69498,Q45698532,,,,,,,,,,,,,,,,,,,,,,,,,,,,,,,,,,,,,,,,,,,,,
Q69501,Q45698558,,,,,,,,,,,,,,,,,,,,,,,,,,,,,,,,,,,,,,,,,,,,,
Q69504,Q45698740,,,,,,,,,,,,,,,,,,,,,,,,,,,,,,,,,,,,,,,,,,,,,
Q69507,Q45698767,,,,,,,,,,,,,,,,,,,,,,,,,,,,,,,,,,,,,,,,,,,,,
Q69510,Q45615437,,,,,,,,,,,,,,,,,,,,,,,,,,,,,,,,,,,,,,,,,,,,,
Q69513,Q45697429,,,,,,,,,,,,,,,,,,,,,,,,,,,,,,,,,,,,,,,,,,,,,
Q69516,Q45698038,,,,,,,,,,,,,,,,,,,,,,,,,,,,,,,,,,,,,,,,,,,,,
Q69519,Q45698143,,,,,,,,,,,,,,,,,,,,,,,,,,,,,,,,,,,,,,,,,,,,,
Q69522,Q45698842,,,,,,,,,,,,,,,,,,,,,,,,,,,,,,,,,,,,,,,,,,,,,
Q69525,Q45449595,,,,,,,,,,,,,,,,,,,,,,,,,,,,,,,,,,,,,,,,,,,,,
Q69528,Q45449658,,,,,,,,,,,,,,,,,,,,,,,,,,,,,,,,,,,,,,,,,,,,,
Q69531,Q45450412,,,,,,,,,,,,,,,,,,,,,,,,,,,,,,,,,,,,,,,,,,,,,
Q69534,Q45450475,,,,,,,,,,,,,,,,,,,,,,,,,,,,,,,,,,,,,,,,,,,,,
Q69537,Q45502186,,,,,,,,,,,,,,,,,,,,,,,,,,,,,,,,,,,,,,,,,,,,,
Q69540,Q45449845,,,,,,,,,,,,,,,,,,,,,,,,,,,,,,,,,,,,,,,,,,,,,
Q69543,Q45449907,,,,,,,,,,,,,,,,,,,,,,,,,,,,,,,,,,,,,,,,,,,,,
Q69546,Q45449972,,,,,,,,,,,,,,,,,,,,,,,,,,,,,,,,,,,,,,,,,,,,,
Q69549,Q45450097,,,,,,,,,,,,,,,,,,,,,,,,,,,,,,,,,,,,,,,,,,,,,
Q69552,Q45450160,,,,,,,,,,,,,,,,,,,,,,,,,,,,,,,,,,,,,,,,,,,,,
Q69555,Q45619851,,,,,,,,,,,,,,,,,,,,,,,,,,,,,,,,,,,,,,,,,,,,,
Q69558,Q65803231,,,,,,,,,,,,,,,,,,,,,,,,,,,,,,,,,,,,,,,,,,,,,
Q69561,Q65803831,,,,,,,,,,,,,,,,,,,,,,,,,,,,,,,,,,,,,,,,,,,,,
Q69564,Q45686545,,,,,,,,,,,,,,,,,,,,,,,,,,,,,,,,,,,,,,,,,,,,,
Q69567,Q45655848,,,,,,,,,,,,,,,,,,,,,,,,,,,,,,,,,,,,,,,,,,,,,
Q69570,Q45655908,,,,,,,,,,,,,,,,,,,,,,,,,,,,,,,,,,,,,,,,,,,,,
Q69573,Q45645221,,,,,,,,,,,,,,,,,,,,,,,,,,,,,,,,,,,,,,,,,,,,,
Q69576,Q45448521,,,,,,,,,,,,,,,,,,,,,,,,,,,,,,,,,,,,,,,,,,,,,
Q69579,Q45448585,,,,,,,,,,,,,,,,,,,,,,,,,,,,,,,,,,,,,,,,,,,,,
Q69582,Q45447768,,,,,,,,,,,,,,,,,,,,,,,,,,,,,,,,,,,,,,,,,,,,,
Q69585,Q45573610,,,,,,,,,,,,,,,,,,,,,,,,,,,,,,,,,,,,,,,,,,,,,
Q69588,Q65806415,,,,,,,,,,,,,,,,,,,,,,,,,,,,,,,,,,,,,,,,,,,,,
Q69591,Q22099052,,,,,,,,,,,,,,,,,,,,,,,,,,,,,,,,,,,,,,,,,,,,,
Q69594,Q45616649,,,,,,,,,,,,,,,,,,,,,,,,,,,,,,,,,,,,,,,,,,,,,
Q69597,Q45573547,,,,,,,,,,,,,,,,,,,,,,,,,,,,,,,,,,,,,,,,,,,,,
Q69600,Q45484955,,,,,,,,,,,,,,,,,,,,,,,,,,,,,,,,,,,,,,,,,,,,,
Q69603,Q65803262,,,,,,,,,,,,,,,,,,,,,,,,,,,,,,,,,,,,,,,,,,,,,
Q69606,Q45444367,,,,,,,,,,,,,,,,,,,,,,,,,,,,,,,,,,,,,,,,,,,,,
Q69609,Q45444556,,,,,,,,,,,,,,,,,,,,,,,,,,,,,,,,,,,,,,,,,,,,,
Q69612,Q45444618,,,,,,,,,,,,,,,,,,,,,,,,,,,,,,,,,,,,,,,,,,,,,
Q69615,Q45444682,,,,,,,,,,,,,,,,,,,,,,,,,,,,,,,,,,,,,,,,,,,,,
Q69618,Q45444810,,,,,,,,,,,,,,,,,,,,,,,,,,,,,,,,,,,,,,,,,,,,,
Q69621,Q45445254,,,,,,,,,,,,,,,,,,,,,,,,,,,,,,,,,,,,,,,,,,,,,
Q69624,Q45446134,,,,,,,,,,,,,,,,,,,,,,,,,,,,,,,,,,,,,,,,,,,,,
Q69627,Q45446198,,,,,,,,,,,,,,,,,,,,,,,,,,,,,,,,,,,,,,,,,,,,,
Q69630,Q45446261,,,,,,,,,,,,,,,,,,,,,,,,,,,,,,,,,,,,,,,,,,,,,
Q69633,Q45446324,,,,,,,,,,,,,,,,,,,,,,,,,,,,,,,,,,,,,,,,,,,,,
Q69636,Q45446386,,,,,,,,,,,,,,,,,,,,,,,,,,,,,,,,,,,,,,,,,,,,,
Q69639,Q45446826,,,,,,,,,,,,,,,,,,,,,,,,,,,,,,,,,,,,,,,,,,,,,
Q69642,Q45446888,,,,,,,,,,,,,,,,,,,,,,,,,,,,,,,,,,,,,,,,,,,,,
Q69645,Q45446952,,,,,,,,,,,,,,,,,,,,,,,,,,,,,,,,,,,,,,,,,,,,,
Q69648,Q7225539,,,,,,,,,,,,,,,,,,,,,,,,,,,,,,,,,,,,,,,,,,,,,
Q69651,Q45440124,,,,,,,,,,,,,,,,,,,,,,,,,,,,,,,,,,,,,,,,,,,,,
Q69654,Q45580600,,,,,,,,,,,,,,,,,,,,,,,,,,,,,,,,,,,,,,,,,,,,,
Q69657,Q45670222,,,,,,,,,,,,,,,,,,,,,,,,,,,,,,,,,,,,,,,,,,,,,
Q69660,Q45419845,,,,,,,,,,,,,,,,,,,,,,,,,,,,,,,,,,,,,,,,,,,,,
Q69663,Q45419847,,,,,,,,,,,,,,,,,,,,,,,,,,,,,,,,,,,,,,,,,,,,,
Q69666,Q45441470,,,,,,,,,,,,,,,,,,,,,,,,,,,,,,,,,,,,,,,,,,,,,
Q69669,Q45441532,,,,,,,,,,,,,,,,,,,,,,,,,,,,,,,,,,,,,,,,,,,,,
Q69672,Q45441848,,,,,,,,,,,,,,,,,,,,,,,,,,,,,,,,,,,,,,,,,,,,,
Q69675,Q45444259,,,,,,,,,,,,,,,,,,,,,,,,,,,,,,,,,,,,,,,,,,,,,
Q69678,Q45442934,,,,,,,,,,,,,,,,,,,,,,,,,,,,,,,,,,,,,,,,,,,,,
Q69681,Q45443059,,,,,,,,,,,,,,,,,,,,,,,,,,,,,,,,,,,,,,,,,,,,,
Q69684,Q45519633,,,,,,,,,,,,,,,,,,,,,,,,,,,,,,,,,,,,,,,,,,,,,
Q69687,Q45457110,,,,,,,,,,,,,,,,,,,,,,,,,,,,,,,,,,,,,,,,,,,,,
Q69690,Q45676865,,,,,,,,,,,,,,,,,,,,,,,,,,,,,,,,,,,,,,,,,,,,,
Q69693,Q45509027,,,,,,,,,,,,,,,,,,,,,,,,,,,,,,,,,,,,,,,,,,,,,
Q69696,Q45442612,,,,,,,,,,,,,,,,,,,,,,,,,,,,,,,,,,,,,,,,,,,,,
Q69699,Q45491123,,,,,,,,,,,,,,,,,,,,,,,,,,,,,,,,,,,,,,,,,,,,,
Q69702,Q10341728,,,,,,,,,,,,,,,,,,,,,,,,,,,,,,,,,,,,,,,,,,,,,
Q69705,Q66087624,,,,,,,,,,,,,,,,,,,,,,,,,,,,,,,,,,,,,,,,,,,,,
Q69708,Q66087627,,,,,,,,,,,,,,,,,,,,,,,,,,,,,,,,,,,,,,,,,,,,,
Q69711,Q11534311,,,,,,,,,,,,,,,,,,,,,,,,,,,,,,,,,,,,,,,,,,,,,
Q69714,Q45510761,,,,,,,,,,,,,,,,,,,,,,,,,,,,,,,,,,,,,,,,,,,,,
Q69717,Q45511080,,,,,,,,,,,,,,,,,,,,,,,,,,,,,,,,,,,,,,,,,,,,,
Q69720,Q45511714,,,,,,,,,,,,,,,,,,,,,,,,,,,,,,,,,,,,,,,,,,,,,
Q69723,Q45511841,,,,,,,,,,,,,,,,,,,,,,,,,,,,,,,,,,,,,,,,,,,,,
Q69726,Q45512094,,,,,,,,,,,,,,,,,,,,,,,,,,,,,,,,,,,,,,,,,,,,,
Q69729,Q45512221,,,,,,,,,,,,,,,,,,,,,,,,,,,,,,,,,,,,,,,,,,,,,
Q69732,Q45512915,,,,,,,,,,,,,,,,,,,,,,,,,,,,,,,,,,,,,,,,,,,,,
Q69735,Q133467929,,,,,,,,,,,,,,,,,,,,,,,,,,,,,,,,,,,,,,,,,,,,,
Q69738,Q45513425,,,,,,,,,,,,,,,,,,,,,,,,,,,,,,,,,,,,,,,,,,,,,
Q69741,Q45420339,,,,,,,,,,,,,,,,,,,,,,,,,,,,,,,,,,,,,,,,,,,,,
Q69744,Q45510382,,,,,,,,,,,,,,,,,,,,,,,,,,,,,,,,,,,,,,,,,,,,,
Q69747,Q28481678,,,,,,,,,,,,,,,,,,,,,,,,,,,,,,,,,,,,,,,,,,,,,
Q69750,Q45507845,,,,,,,,,,,,,,,,,,,,,,,,,,,,,,,,,,,,,,,,,,,,,
Q69753,Q45508035,,,,,,,,,,,,,,,,,,,,,,,,,,,,,,,,,,,,,,,,,,,,,
Q69756,Q45508100,,,,,,,,,,,,,,,,,,,,,,,,,,,,,,,,,,,,,,,,,,,,,
Q69759,Q45454330,,,,,,,,,,,,,,,,,,,,,,,,,,,,,,,,,,,,,,,,,,,,,
Q69762,Q45454393,,,,,,,,,,,,,,,,,,,,,,,,,,,,,,,,,,,,,,,,,,,,,
Q69765,Q45454458,,,,,,,,,,,,,,,,,,,,,,,,,,,,,,,,,,,,,,,,,,,,,
Q69768,Q45454525,,,,,,,,,,,,,,,,,,,,,,,,,,,,,,,,,,,,,,,,,,,,,
Q69771,Q45454589,,,,,,,,,,,,,,,,,,,,,,,,,,,,,,,,,,,,,,,,,,,,,
Q69774,Q45454655,,,,,,,,,,,,,,,,,,,,,,,,,,,,,,,,,,,,,,,,,,,,,
Q69777,Q45454717,,,,,,,,,,,,,,,,,,,,,,,,,,,,,,,,,,,,,,,,,,,,,
Q69780,Q45455990,,,,,,,,,,,,,,,,,,,,,,,,,,,,,,,,,,,,,,,,,,,,,
Q69783,Q45456051,,,,,,,,,,,,,,,,,,,,,,,,,,,,,,,,,,,,,,,,,,,,,
Q69786,Q45456114,,,,,,,,,,,,,,,,,,,,,,,,,,,,,,,,,,,,,,,,,,,,,
Q69789,Q45456177,,,,,,,,,,,,,,,,,,,,,,,,,,,,,,,,,,,,,,,,,,,,,
Q69792,Q45456240,,,,,,,,,,,,,,,,,,,,,,,,,,,,,,,,,,,,,,,,,,,,,
Q69795,Q45456940,,,,,,,,,,,,,,,,,,,,,,,,,,,,,,,,,,,,,,,,,,,,,
Q69798,Q45457067,,,,,,,,,,,,,,,,,,,,,,,,,,,,,,,,,,,,,,,,,,,,,
Q69801,Q45457131,,,,,,,,,,,,,,,,,,,,,,,,,,,,,,,,,,,,,,,,,,,,,
Q69804,Q45457195,,,,,,,,,,,,,,,,,,,,,,,,,,,,,,,,,,,,,,,,,,,,,
Q69807,Q45457324,,,,,,,,,,,,,,,,,,,,,,,,,,,,,,,,,,,,,,,,,,,,,
Q69810,Q45457387,,,,,,,,,,,,,,,,,,,,,,,,,,,,,,,,,,,,,,,,,,,,,
Q69813,Q45457451,,,,,,,,,,,,,,,,,,,,,,,,,,,,,,,,,,,,,,,,,,,,,
Q69816,Q45460043,,,,,,,,,,,,,,,,,,,,,,,,,,,,,,,,,,,,,,,,,,,,,
Q69819,Q45460927,,,,,,,,,,,,,,,,,,,,,,,,,,,,,,,,,,,,,,,,,,,,,
Q69822,Q45461496,,,,,,,,,,,,,,,,,,,,,,,,,,,,,,,,,,,,,,,,,,,,,
Q69825,Q45461622,,,,,,,,,,,,,,,,,,,,,,,,,,,,,,,,,,,,,,,,,,,,,
Q69828,Q45463649,,,,,,,,,,,,,,,,,,,,,,,,,,,,,,,,,,,,,,,,,,,,,
Q69831,Q45463713,,,,,,,,,,,,,,,,,,,,,,,,,,,,,,,,,,,,,,,,,,,,,
Q69834,Q45463903,,,,,,,,,,,,,,,,,,,,,,,,,,,,,,,,,,,,,,,,,,,,,
Q69837,Q45463967,,,,,,,,,,,,,,,,,,,,,,,,,,,,,,,,,,,,,,,,,,,,,
Q69840,Q45464029,,,,,,,,,,,,,,,,,,,,,,,,,,,,,,,,,,,,,,,,,,,,,
Q69843,Q45464469,,,,,,,,,,,,,,,,,,,,,,,,,,,,,,,,,,,,,,,,,,,,,
Q69846,Q45464717,,,,,,,,,,,,,,,,,,,,,,,,,,,,,,,,,,,,,,,,,,,,,
Q69849,Q45465729,,,,,,,,,,,,,,,,,,,,,,,,,,,,,,,,,,,,,,,,,,,,,
Q69852,Q45465791,,,,,,,,,,,,,,,,,,,,,,,,,,,,,,,,,,,,,,,,,,,,,
Q69855,Q45609250,,,,,,,,,,,,,,,,,,,,,,,,,,,,,,,,,,,,,,,,,,,,,
Q69858,Q65806378,,,,,,,,,,,,,,,,,,,,,,,,,,,,,,,,,,,,,,,,,,,,,
Q69861,Q45609438,,,,,,,,,,,,,,,,,,,,,,,,,,,,,,,,,,,,,,,,,,,,,
Q69864,Q45622178,,,,,,,,,,,,,,,,,,,,,,,,,,,,,,,,,,,,,,,,,,,,,
Q69867,Q45622240,,,,,,,,,,,,,,,,,,,,,,,,,,,,,,,,,,,,,,,,,,,,,
Q69870,Q45507484,,,,,,,,,,,,,,,,,,,,,,,,,,,,,,,,,,,,,,,,,,,,,
Q69873,Q65808723,,,,,,,,,,,,,,,,,,,,,,,,,,,,,,,,,,,,,,,,,,,,,
Q69876,Q65808724,,,,,,,,,,,,,,,,,,,,,,,,,,,,,,,,,,,,,,,,,,,,,
Q69879,Q45631103,,,,,,,,,,,,,,,,,,,,,,,,,,,,,,,,,,,,,,,,,,,,,
Q69882,Q45507610,,,,,,,,,,,,,,,,,,,,,,,,,,,,,,,,,,,,,,,,,,,,,
Q69885,Q56600491,,,,,,,,,,,,,,,,,,,,,,,,,,,,,,,,,,,,,,,,,,,,,
Q69888,Q45480584,,,,,,,,,,,,,,,,,,,,,,,,,,,,,,,,,,,,,,,,,,,,,
Q69891,Q45468531,,,,,,,,,,,,,,,,,,,,,,,,,,,,,,,,,,,,,,,,,,,,,
Q69894,Q45469554,,,,,,,,,,,,,,,,,,,,,,,,,,,,,,,,,,,,,,,,,,,,,
Q69897,Q45470632,,,,,,,,,,,,,,,,,,,,,,,,,,,,,,,,,,,,,,,,,,,,,
Q69900,Q45470695,,,,,,,,,,,,,,,,,,,,,,,,,,,,,,,,,,,,,,,,,,,,,
Q69903,Q45470760,,,,,,,,,,,,,,,,,,,,,,,,,,,,,,,,,,,,,,,,,,,,,
Q69906,Q45471397,,,,,,,,,,,,,,,,,,,,,,,,,,,,,,,,,,,,,,,,,,,,,
Q69909,Q45471462,,,,,,,,,,,,,,,,,,,,,,,,,,,,,,,,,,,,,,,,,,,,,
Q69912,Q45472414,,,,,,,,,,,,,,,,,,,,,,,,,,,,,,,,,,,,,,,,,,,,,
Q69915,Q45473307,,,,,,,,,,,,,,,,,,,,,,,,,,,,,,,,,,,,,,,,,,,,,
Q69918,Q45473371,,,,,,,,,,,,,,,,,,,,,,,,,,,,,,,,,,,,,,,,,,,,,
Q69921,Q45473434,,,,,,,,,,,,,,,,,,,,,,,,,,,,,,,,,,,,,,,,,,,,,
Q69924,Q45473850,,,,,,,,,,,,,,,,,,,,,,,,,,,,,,,,,,,,,,,,,,,,,
Q69927,Q45473971,,,,,,,,,,,,,,,,,,,,,,,,,,,,,,,,,,,,,,,,,,,,,
Q69930,Q45474034,,,,,,,,,,,,,,,,,,,,,,,,,,,,,,,,,,,,,,,,,,,,,
Q69933,Q10946222,,,,,,,,,,,,,,,,,,,,,,,,,,,,,,,,,,,,,,,,,,,,,
Q69936,Q6124836,,,,,,,,,,,,,,,,,,,,,,,,,,,,,,,,,,,,,,,,,,,,,
Q69939,Q10946196,,,,,,,,,,,,,,,,,,,,,,,,,,,,,,,,,,,,,,,,,,,,,
Q69942,Q45371938,,,,,,,,,,,,,,,,,,,,,,,,,,,,,,,,,,,,,,,,,,,,,
Q69945,Q45421496,,,,,,,,,,,,,,,,,,,,,,,,,,,,,,,,,,,,,,,,,,,,,
Q69948,Q45684543,,,,,,,,,,,,,,,,,,,,,,,,,,,,,,,,,,,,,,,,,,,,,
Q69951,Q45371969,,,,,,,,,,,,,,,,,,,,,,,,,,,,,,,,,,,,,,,,,,,,,
Q69955,Q45683644,,,,,,,,,,,,,,,,,,,,,,,,,,,,,,,,,,,,,,,,,,,,,
Q69958,Q45683737,,,,,,,,,,,,,,,,,,,,,,,,,,,,,,,,,,,,,,,,,,,,,
Q69961,Q1018030,,,,,,,,,,,,,,,,,,,,,,,,,,,,,,,,,,,,,,,,,,,,,
Q69964,Q5163364,,,,,,,,,,,,,,,,,,,,,,,,,,,,,,,,,,,,,,,,,,,,,
Q69967,Q16603343,,,,,,,,,,,,,,,,,,,,,,,,,,,,,,,,,,,,,,,,,,,,,
Q69970,Q16603372,,,,,,,,,,,,,,,,,,,,,,,,,,,,,,,,,,,,,,,,,,,,,
Q69973,Q16603693,,,,,,,,,,,,,,,,,,,,,,,,,,,,,,,,,,,,,,,,,,,,,
Q69976,Q11077190,,,,,,,,,,,,,,,,,,,,,,,,,,,,,,,,,,,,,,,,,,,,,
Q69979,Q11077204,,,,,,,,,,,,,,,,,,,,,,,,,,,,,,,,,,,,,,,,,,,,,
Q69982,Q11077189,,,,,,,,,,,,,,,,,,,,,,,,,,,,,,,,,,,,,,,,,,,,,
Q69985,Q11077202,,,,,,,,,,,,,,,,,,,,,,,,,,,,,,,,,,,,,,,,,,,,,
Q69988,Q11077183,,,,,,,,,,,,,,,,,,,,,,,,,,,,,,,,,,,,,,,,,,,,,
Q69991,Q11077191,,,,,,,,,,,,,,,,,,,,,,,,,,,,,,,,,,,,,,,,,,,,,
Q69994,Q11077209,,,,,,,,,,,,,,,,,,,,,,,,,,,,,,,,,,,,,,,,,,,,,
Q69997,Q11077210,,,,,,,,,,,,,,,,,,,,,,,,,,,,,,,,,,,,,,,,,,,,,
Q70000,Q11077224,,,,,,,,,,,,,,,,,,,,,,,,,,,,,,,,,,,,,,,,,,,,,
Q70003,Q11077227,,,,,,,,,,,,,,,,,,,,,,,,,,,,,,,,,,,,,,,,,,,,,
Q70006,Q11077245,,,,,,,,,,,,,,,,,,,,,,,,,,,,,,,,,,,,,,,,,,,,,
Q70009,Q11077247,,,,,,,,,,,,,,,,,,,,,,,,,,,,,,,,,,,,,,,,,,,,,
Q70012,Q11077195,,,,,,,,,,,,,,,,,,,,,,,,,,,,,,,,,,,,,,,,,,,,,
Q70015,Q108734331,,,,,,,,,,,,,,,,,,,,,,,,,,,,,,,,,,,,,,,,,,,,,
Q70018,Q18415768,,,,,,,,,,,,,,,,,,,,,,,,,,,,,,,,,,,,,,,,,,,,,
Q70021,Q26197370,,,,,,,,,,,,,,,,,,,,,,,,,,,,,,,,,,,,,,,,,,,,,
Q70024,Q26197372,,,,,,,,,,,,,,,,,,,,,,,,,,,,,,,,,,,,,,,,,,,,,
Q70027,Q56599741,,,,,,,,,,,,,,,,,,,,,,,,,,,,,,,,,,,,,,,,,,,,,
Q70030,Q15915257,,,,,,,,,,,,,,,,,,,,,,,,,,,,,,,,,,,,,,,,,,,,,
Q70033,Q65375,,,,,,,,,,,,,,,,,,,,,,,,,,,,,,,,,,,,,,,,,,,,,
Q70036,Q15927700,,,,,,,,,,,,,,,,,,,,,,,,,,,,,,,,,,,,,,,,,,,,,
Q70039,Q10889771,,,,,,,,,,,,,,,,,,,,,,,,,,,,,,,,,,,,,,,,,,,,,
Q70042,Q10889674,,,,,,,,,,,,,,,,,,,,,,,,,,,,,,,,,,,,,,,,,,,,,
Q70045,Q11497788,,,,,,,,,,,,,,,,,,,,,,,,,,,,,,,,,,,,,,,,,,,,,
Q70048,Q16603438,,,,,,,,,,,,,,,,,,,,,,,,,,,,,,,,,,,,,,,,,,,,,
Q70051,Q11077233,,,,,,,,,,,,,,,,,,,,,,,,,,,,,,,,,,,,,,,,,,,,,
Q70054,Q18236177,,,,,,,,,,,,,,,,,,,,,,,,,,,,,,,,,,,,,,,,,,,,,
Q70057,Q1149169,,,,,,,,,,,,,,,,,,,,,,,,,,,,,,,,,,,,,,,,,,,,,
Q70060,Q16260834,,,,,,,,,,,,,,,,,,,,,,,,,,,,,,,,,,,,,,,,,,,,,
Q70063,Q8253783,,,,,,,,,,,,,,,,,,,,,,,,,,,,,,,,,,,,,,,,,,,,,
Q70066,Q17032865,,,,,,,,,,,,,,,,,,,,,,,,,,,,,,,,,,,,,,,,,,,,,
Q70069,Q10566558,,,,,,,,,,,,,,,,,,,,,,,,,,,,,,,,,,,,,,,,,,,,,
Q70072,Q16903270,,,,,,,,,,,,,,,,,,,,,,,,,,,,,,,,,,,,,,,,,,,,,
Q70075,Q28481353,,,,,,,,,,,,,,,,,,,,,,,,,,,,,,,,,,,,,,,,,,,,,
Q70078,Q17500038,,,,,,,,,,,,,,,,,,,,,,,,,,,,,,,,,,,,,,,,,,,,,
Q70081,Q19801838,,,,,,,,,,,,,,,,,,,,,,,,,,,,,,,,,,,,,,,,,,,,,
Q70084,Q15912291,,,,,,,,,,,,,,,,,,,,,,,,,,,,,,,,,,,,,,,,,,,,,
Q70087,Q16905298,,,,,,,,,,,,,,,,,,,,,,,,,,,,,,,,,,,,,,,,,,,,,
Q70090,Q15920746,,,,,,,,,,,,,,,,,,,,,,,,,,,,,,,,,,,,,,,,,,,,,
Q70093,Q17594372,,,,,,,,,,,,,,,,,,,,,,,,,,,,,,,,,,,,,,,,,,,,,
Q70096,Q8257172,,,,,,,,,,,,,,,,,,,,,,,,,,,,,,,,,,,,,,,,,,,,,
Q70099,Q18118155,,,,,,,,,,,,,,,,,,,,,,,,,,,,,,,,,,,,,,,,,,,,,
Q70102,Q15938968,,,,,,,,,,,,,,,,,,,,,,,,,,,,,,,,,,,,,,,,,,,,,
Q70105,Q18653820,,,,,,,,,,,,,,,,,,,,,,,,,,,,,,,,,,,,,,,,,,,,,
Q70108,Q16905292,,,,,,,,,,,,,,,,,,,,,,,,,,,,,,,,,,,,,,,,,,,,,
Q70111,Q11522522,,,,,,,,,,,,,,,,,,,,,,,,,,,,,,,,,,,,,,,,,,,,,
Q70114,Q10889934,,,,,,,,,,,,,,,,,,,,,,,,,,,,,,,,,,,,,,,,,,,,,
Q70117,Q5374512,,,,,,,,,,,,,,,,,,,,,,,,,,,,,,,,,,,,,,,,,,,,,
Q70120,Q17164577,,,,,,,,,,,,,,,,,,,,,,,,,,,,,,,,,,,,,,,,,,,,,
Q70123,Q28410682,,,,,,,,,,,,,,,,,,,,,,,,,,,,,,,,,,,,,,,,,,,,,
Q70126,Q11387915,,,,,,,,,,,,,,,,,,,,,,,,,,,,,,,,,,,,,,,,,,,,,
Q70129,Q18236247,,,,,,,,,,,,,,,,,,,,,,,,,,,,,,,,,,,,,,,,,,,,,
Q70132,Q11658493,,,,,,,,,,,,,,,,,,,,,,,,,,,,,,,,,,,,,,,,,,,,,
Q70135,Q28417755,,,,,,,,,,,,,,,,,,,,,,,,,,,,,,,,,,,,,,,,,,,,,
Q70138,Q11387873,,,,,,,,,,,,,,,,,,,,,,,,,,,,,,,,,,,,,,,,,,,,,
Q70141,Q16603325,,,,,,,,,,,,,,,,,,,,,,,,,,,,,,,,,,,,,,,,,,,,,
Q70144,Q11477151,,,,,,,,,,,,,,,,,,,,,,,,,,,,,,,,,,,,,,,,,,,,,
Q70147,Q22814283,,,,,,,,,,,,,,,,,,,,,,,,,,,,,,,,,,,,,,,,,,,,,
Q70150,Q17990827,,,,,,,,,,,,,,,,,,,,,,,,,,,,,,,,,,,,,,,,,,,,,
Q70153,Q11387859,,,,,,,,,,,,,,,,,,,,,,,,,,,,,,,,,,,,,,,,,,,,,
Q70156,Q24836481,,,,,,,,,,,,,,,,,,,,,,,,,,,,,,,,,,,,,,,,,,,,,
Q70159,Q10488953,,,,,,,,,,,,,,,,,,,,,,,,,,,,,,,,,,,,,,,,,,,,,
Q70162,Q16906690,,,,,,,,,,,,,,,,,,,,,,,,,,,,,,,,,,,,,,,,,,,,,
Q70165,Q15931286,,,,,,,,,,,,,,,,,,,,,,,,,,,,,,,,,,,,,,,,,,,,,
Q70168,Q15932695,,,,,,,,,,,,,,,,,,,,,,,,,,,,,,,,,,,,,,,,,,,,,
Q70171,Q15906584,,,,,,,,,,,,,,,,,,,,,,,,,,,,,,,,,,,,,,,,,,,,,
Q70174,Q20688015,,,,,,,,,,,,,,,,,,,,,,,,,,,,,,,,,,,,,,,,,,,,,
Q70177,Q20688013,,,,,,,,,,,,,,,,,,,,,,,,,,,,,,,,,,,,,,,,,,,,,
Q70180,Q20687938,,,,,,,,,,,,,,,,,,,,,,,,,,,,,,,,,,,,,,,,,,,,,
Q70183,Q67433267,,,,,,,,,,,,,,,,,,,,,,,,,,,,,,,,,,,,,,,,,,,,,
Q70186,Q67433320,,,,,,,,,,,,,,,,,,,,,,,,,,,,,,,,,,,,,,,,,,,,,
Q70189,Q1055224,,,,,,,,,,,,,,,,,,,,,,,,,,,,,,,,,,,,,,,,,,,,,
Q70192,Q28414486,,,,,,,,,,,,,,,,,,,,,,,,,,,,,,,,,,,,,,,,,,,,,
Q70195,Q17992776,,,,,,,,,,,,,,,,,,,,,,,,,,,,,,,,,,,,,,,,,,,,,
Q70198,Q17500994,,,,,,,,,,,,,,,,,,,,,,,,,,,,,,,,,,,,,,,,,,,,,
Q70201,Q61723553,,,,,,,,,,,,,,,,,,,,,,,,,,,,,,,,,,,,,,,,,,,,,
Q70204,Q61723550,,,,,,,,,,,,,,,,,,,,,,,,,,,,,,,,,,,,,,,,,,,,,
Q70207,Q22814768,,,,,,,,,,,,,,,,,,,,,,,,,,,,,,,,,,,,,,,,,,,,,
Q70210,Q16906208,,,,,,,,,,,,,,,,,,,,,,,,,,,,,,,,,,,,,,,,,,,,,
Q70213,Q22814923,,,,,,,,,,,,,,,,,,,,,,,,,,,,,,,,,,,,,,,,,,,,,
Q70216,Q121097508,,,,,,,,,,,,,,,,,,,,,,,,,,,,,,,,,,,,,,,,,,,,,
Q70219,Q133468037,,,,,,,,,,,,,,,,,,,,,,,,,,,,,,,,,,,,,,,,,,,,,
Q70222,Q16906682,,,,,,,,,,,,,,,,,,,,,,,,,,,,,,,,,,,,,,,,,,,,,
Q70225,Q1074744,,,,,,,,,,,,,,,,,,,,,,,,,,,,,,,,,,,,,,,,,,,,,
Q70228,Q16603335,,,,,,,,,,,,,,,,,,,,,,,,,,,,,,,,,,,,,,,,,,,,,
Q70231,Q11037327,,,,,,,,,,,,,,,,,,,,,,,,,,,,,,,,,,,,,,,,,,,,,
Q70234,Q11569494,,,,,,,,,,,,,,,,,,,,,,,,,,,,,,,,,,,,,,,,,,,,,
Q70237,Q18236398,,,,,,,,,,,,,,,,,,,,,,,,,,,,,,,,,,,,,,,,,,,,,
Q70240,Q76011039,,,,,,,,,,,,,,,,,,,,,,,,,,,,,,,,,,,,,,,,,,,,,
Q70243,Q15941515,,,,,,,,,,,,,,,,,,,,,,,,,,,,,,,,,,,,,,,,,,,,,
Q70246,Q15935581,,,,,,,,,,,,,,,,,,,,,,,,,,,,,,,,,,,,,,,,,,,,,
Q70249,Q76011059,,,,,,,,,,,,,,,,,,,,,,,,,,,,,,,,,,,,,,,,,,,,,
Q70252,Q133472473,,,,,,,,,,,,,,,,,,,,,,,,,,,,,,,,,,,,,,,,,,,,,
Q70255,Q28416194,,,,,,,,,,,,,,,,,,,,,,,,,,,,,,,,,,,,,,,,,,,,,
Q70258,Q133467857,,,,,,,,,,,,,,,,,,,,,,,,,,,,,,,,,,,,,,,,,,,,,
Q70261,Q5966016,,,,,,,,,,,,,,,,,,,,,,,,,,,,,,,,,,,,,,,,,,,,,
Q70264,Q45548189,,,,,,,,,,,,,,,,,,,,,,,,,,,,,,,,,,,,,,,,,,,,,
Q70267,Q26186029,,,,,,,,,,,,,,,,,,,,,,,,,,,,,,,,,,,,,,,,,,,,,
Q70270,Q8253673,,,,,,,,,,,,,,,,,,,,,,,,,,,,,,,,,,,,,,,,,,,,,
Q70273,Q26185768,,,,,,,,,,,,,,,,,,,,,,,,,,,,,,,,,,,,,,,,,,,,,
Q70276,Q20062979,,,,,,,,,,,,,,,,,,,,,,,,,,,,,,,,,,,,,,,,,,,,,
Q70279,Q45539817,,,,,,,,,,,,,,,,,,,,,,,,,,,,,,,,,,,,,,,,,,,,,
Q70282,Q45422617,,,,,,,,,,,,,,,,,,,,,,,,,,,,,,,,,,,,,,,,,,,,,
Q70285,Q45637570,,,,,,,,,,,,,,,,,,,,,,,,,,,,,,,,,,,,,,,,,,,,,
Q70288,Q11622123,,,,,,,,,,,,,,,,,,,,,,,,,,,,,,,,,,,,,,,,,,,,,
Q70291,Q8257597,,,,,,,,,,,,,,,,,,,,,,,,,,,,,,,,,,,,,,,,,,,,,
Q70294,Q11622112,,,,,,,,,,,,,,,,,,,,,,,,,,,,,,,,,,,,,,,,,,,,,
Q70297,Q10511499,,,,,,,,,,,,,,,,,,,,,,,,,,,,,,,,,,,,,,,,,,,,,
Q70300,Q1022901,,,,,,,,,,,,,,,,,,,,,,,,,,,,,,,,,,,,,,,,,,,,,
Q70303,Q5163357,,,,,,,,,,,,,,,,,,,,,,,,,,,,,,,,,,,,,,,,,,,,,
Q70306,Q8253926,,,,,,,,,,,,,,,,,,,,,,,,,,,,,,,,,,,,,,,,,,,,,
Q70309,Q16904146,,,,,,,,,,,,,,,,,,,,,,,,,,,,,,,,,,,,,,,,,,,,,
Q70312,Q4392608,,,,,,,,,,,,,,,,,,,,,,,,,,,,,,,,,,,,,,,,,,,,,
Q70315,Q30942823,,,,,,,,,,,,,,,,,,,,,,,,,,,,,,,,,,,,,,,,,,,,,
Q70318,Q48928526,,,,,,,,,,,,,,,,,,,,,,,,,,,,,,,,,,,,,,,,,,,,,
Q70321,Q26186436,,,,,,,,,,,,,,,,,,,,,,,,,,,,,,,,,,,,,,,,,,,,,
Q70324,Q45420057,,,,,,,,,,,,,,,,,,,,,,,,,,,,,,,,,,,,,,,,,,,,,
Q70327,Q855807,,,,,,,,,,,,,,,,,,,,,,,,,,,,,,,,,,,,,,,,,,,,,
Q70330,Q3276215,,,,,,,,,,,,,,,,,,,,,,,,,,,,,,,,,,,,,,,,,,,,,
Q70333,Q10557194,,,,,,,,,,,,,,,,,,,,,,,,,,,,,,,,,,,,,,,,,,,,,
Q70336,Q11643893,,,,,,,,,,,,,,,,,,,,,,,,,,,,,,,,,,,,,,,,,,,,,
Q70339,Q45513128,,,,,,,,,,,,,,,,,,,,,,,,,,,,,,,,,,,,,,,,,,,,,
Q70342,Q20041361,,,,,,,,,,,,,,,,,,,,,,,,,,,,,,,,,,,,,,,,,,,,,
Q70345,Q11447690,,,,,,,,,,,,,,,,,,,,,,,,,,,,,,,,,,,,,,,,,,,,,
Q70348,Q19653854,,,,,,,,,,,,,,,,,,,,,,,,,,,,,,,,,,,,,,,,,,,,,
Q70351,Q45499506,,,,,,,,,,,,,,,,,,,,,,,,,,,,,,,,,,,,,,,,,,,,,
Q70354,Q16078564,,,,,,,,,,,,,,,,,,,,,,,,,,,,,,,,,,,,,,,,,,,,,
Q70357,Q11547074,,,,,,,,,,,,,,,,,,,,,,,,,,,,,,,,,,,,,,,,,,,,,
Q70360,Q20041359,,,,,,,,,,,,,,,,,,,,,,,,,,,,,,,,,,,,,,,,,,,,,
Q70363,Q11098274,,,,,,,,,,,,,,,,,,,,,,,,,,,,,,,,,,,,,,,,,,,,,
Q70366,Q10957110,,,,,,,,,,,,,,,,,,,,,,,,,,,,,,,,,,,,,,,,,,,,,
Q70369,Q26159846,,,,,,,,,,,,,,,,,,,,,,,,,,,,,,,,,,,,,,,,,,,,,
Q70372,Q10566775,,,,,,,,,,,,,,,,,,,,,,,,,,,,,,,,,,,,,,,,,,,,,
Q70375,Q15919760,,,,,,,,,,,,,,,,,,,,,,,,,,,,,,,,,,,,,,,,,,,,,
Q70378,Q11097127,,,,,,,,,,,,,,,,,,,,,,,,,,,,,,,,,,,,,,,,,,,,,
Q70381,Q26186626,,,,,,,,,,,,,,,,,,,,,,,,,,,,,,,,,,,,,,,,,,,,,
Q70384,Q10259875,,,,,,,,,,,,,,,,,,,,,,,,,,,,,,,,,,,,,,,,,,,,,
Q70387,Q45513640,,,,,,,,,,,,,,,,,,,,,,,,,,,,,,,,,,,,,,,,,,,,,
Q70390,Q11369857,,,,,,,,,,,,,,,,,,,,,,,,,,,,,,,,,,,,,,,,,,,,,
Q70393,Q45480552,,,,,,,,,,,,,,,,,,,,,,,,,,,,,,,,,,,,,,,,,,,,,
Q70396,Q45419797,,,,,,,,,,,,,,,,,,,,,,,,,,,,,,,,,,,,,,,,,,,,,
Q70399,Q45419799,,,,,,,,,,,,,,,,,,,,,,,,,,,,,,,,,,,,,,,,,,,,,
Q70402,Q45480680,,,,,,,,,,,,,,,,,,,,,,,,,,,,,,,,,,,,,,,,,,,,,
Q70405,Q45480808,,,,,,,,,,,,,,,,,,,,,,,,,,,,,,,,,,,,,,,,,,,,,
Q70408,Q45481062,,,,,,,,,,,,,,,,,,,,,,,,,,,,,,,,,,,,,,,,,,,,,
Q70411,Q45507755,,,,,,,,,,,,,,,,,,,,,,,,,,,,,,,,,,,,,,,,,,,,,
Q70414,Q45481252,,,,,,,,,,,,,,,,,,,,,,,,,,,,,,,,,,,,,,,,,,,,,
Q70417,Q45507817,,,,,,,,,,,,,,,,,,,,,,,,,,,,,,,,,,,,,,,,,,,,,
Q70420,Q45484260,,,,,,,,,,,,,,,,,,,,,,,,,,,,,,,,,,,,,,,,,,,,,
Q70423,Q45484454,,,,,,,,,,,,,,,,,,,,,,,,,,,,,,,,,,,,,,,,,,,,,
Q70426,Q45484516,,,,,,,,,,,,,,,,,,,,,,,,,,,,,,,,,,,,,,,,,,,,,
Q70429,Q45419793,,,,,,,,,,,,,,,,,,,,,,,,,,,,,,,,,,,,,,,,,,,,,
Q70432,Q45419808,,,,,,,,,,,,,,,,,,,,,,,,,,,,,,,,,,,,,,,,,,,,,
Q70435,Q45523251,,,,,,,,,,,,,,,,,,,,,,,,,,,,,,,,,,,,,,,,,,,,,
Q70438,Q45567821,,,,,,,,,,,,,,,,,,,,,,,,,,,,,,,,,,,,,,,,,,,,,
Q70441,Q45525404,,,,,,,,,,,,,,,,,,,,,,,,,,,,,,,,,,,,,,,,,,,,,
Q70444,Q45595182,,,,,,,,,,,,,,,,,,,,,,,,,,,,,,,,,,,,,,,,,,,,,
Q70447,Q45506444,,,,,,,,,,,,,,,,,,,,,,,,,,,,,,,,,,,,,,,,,,,,,
Q70450,Q45709798,,,,,,,,,,,,,,,,,,,,,,,,,,,,,,,,,,,,,,,,,,,,,
Q70453,Q45485672,,,,,,,,,,,,,,,,,,,,,,,,,,,,,,,,,,,,,,,,,,,,,
Q70456,Q45485735,,,,,,,,,,,,,,,,,,,,,,,,,,,,,,,,,,,,,,,,,,,,,
Q70459,Q154889,,,,,,,,,,,,,,,,,,,,,,,,,,,,,,,,,,,,,,,,,,,,,
Q70462,Q192256,,,,,,,,,,,,,,,,,,,,,,,,,,,,,,,,,,,,,,,,,,,,,
Q70465,Q1005372,,,,,,,,,,,,,,,,,,,,,,,,,,,,,,,,,,,,,,,,,,,,,
Q70468,Q11643938,,,,,,,,,,,,,,,,,,,,,,,,,,,,,,,,,,,,,,,,,,,,,
Q70471,Q133467864,,,,,,,,,,,,,,,,,,,,,,,,,,,,,,,,,,,,,,,,,,,,,
Q70474,Q45594754,,,,,,,,,,,,,,,,,,,,,,,,,,,,,,,,,,,,,,,,,,,,,
Q70477,Q45595841,,,,,,,,,,,,,,,,,,,,,,,,,,,,,,,,,,,,,,,,,,,,,
Q70480,Q45596407,,,,,,,,,,,,,,,,,,,,,,,,,,,,,,,,,,,,,,,,,,,,,
Q70483,Q45508602,,,,,,,,,,,,,,,,,,,,,,,,,,,,,,,,,,,,,,,,,,,,,
Q70486,Q120698895,,,,,,,,,,,,,,,,,,,,,,,,,,,,,,,,,,,,,,,,,,,,,
Q70489,Q11500772,,,,,,,,,,,,,,,,,,,,,,,,,,,,,,,,,,,,,,,,,,,,,
Q70492,Q45467146,,,,,,,,,,,,,,,,,,,,,,,,,,,,,,,,,,,,,,,,,,,,,
Q70495,Q154910,,,,,,,,,,,,,,,,,,,,,,,,,,,,,,,,,,,,,,,,,,,,,
Q70498,Q154921,,,,,,,,,,,,,,,,,,,,,,,,,,,,,,,,,,,,,,,,,,,,,
Q70501,Q45661201,,,,,,,,,,,,,,,,,,,,,,,,,,,,,,,,,,,,,,,,,,,,,
Q70504,Q45661322,,,,,,,,,,,,,,,,,,,,,,,,,,,,,,,,,,,,,,,,,,,,,
Q70507,Q45661738,,,,,,,,,,,,,,,,,,,,,,,,,,,,,,,,,,,,,,,,,,,,,
Q70510,Q45419669,,,,,,,,,,,,,,,,,,,,,,,,,,,,,,,,,,,,,,,,,,,,,
Q70513,Q45420852,,,,,,,,,,,,,,,,,,,,,,,,,,,,,,,,,,,,,,,,,,,,,
Q70516,Q45662800,,,,,,,,,,,,,,,,,,,,,,,,,,,,,,,,,,,,,,,,,,,,,
Q70519,Q45662856,,,,,,,,,,,,,,,,,,,,,,,,,,,,,,,,,,,,,,,,,,,,,
Q70522,Q45660005,,,,,,,,,,,,,,,,,,,,,,,,,,,,,,,,,,,,,,,,,,,,,
Q70525,Q45660241,,,,,,,,,,,,,,,,,,,,,,,,,,,,,,,,,,,,,,,,,,,,,
Q70528,Q45660603,,,,,,,,,,,,,,,,,,,,,,,,,,,,,,,,,,,,,,,,,,,,,
Q70531,Q45660721,,,,,,,,,,,,,,,,,,,,,,,,,,,,,,,,,,,,,,,,,,,,,
Q70534,Q45517346,,,,,,,,,,,,,,,,,,,,,,,,,,,,,,,,,,,,,,,,,,,,,
Q70537,Q45590425,,,,,,,,,,,,,,,,,,,,,,,,,,,,,,,,,,,,,,,,,,,,,
Q70540,Q45569126,,,,,,,,,,,,,,,,,,,,,,,,,,,,,,,,,,,,,,,,,,,,,
Q70543,Q45659288,,,,,,,,,,,,,,,,,,,,,,,,,,,,,,,,,,,,,,,,,,,,,
Q70546,Q45422241,,,,,,,,,,,,,,,,,,,,,,,,,,,,,,,,,,,,,,,,,,,,,
Q70549,Q45663651,,,,,,,,,,,,,,,,,,,,,,,,,,,,,,,,,,,,,,,,,,,,,
Q70552,Q45663931,,,,,,,,,,,,,,,,,,,,,,,,,,,,,,,,,,,,,,,,,,,,,
Q70555,Q45513372,,,,,,,,,,,,,,,,,,,,,,,,,,,,,,,,,,,,,,,,,,,,,
Q70558,Q45658568,,,,,,,,,,,,,,,,,,,,,,,,,,,,,,,,,,,,,,,,,,,,,
Q70561,Q45424395,,,,,,,,,,,,,,,,,,,,,,,,,,,,,,,,,,,,,,,,,,,,,
Q70564,Q45576683,,,,,,,,,,,,,,,,,,,,,,,,,,,,,,,,,,,,,,,,,,,,,
Q70567,Q45576935,,,,,,,,,,,,,,,,,,,,,,,,,,,,,,,,,,,,,,,,,,,,,
Q70570,Q45576998,,,,,,,,,,,,,,,,,,,,,,,,,,,,,,,,,,,,,,,,,,,,,
Q70573,Q45462909,,,,,,,,,,,,,,,,,,,,,,,,,,,,,,,,,,,,,,,,,,,,,
Q70576,Q45464100,,,,,,,,,,,,,,,,,,,,,,,,,,,,,,,,,,,,,,,,,,,,,
Q70579,Q45464164,,,,,,,,,,,,,,,,,,,,,,,,,,,,,,,,,,,,,,,,,,,,,
Q70582,Q45452971,,,,,,,,,,,,,,,,,,,,,,,,,,,,,,,,,,,,,,,,,,,,,
Q70585,Q45453795,,,,,,,,,,,,,,,,,,,,,,,,,,,,,,,,,,,,,,,,,,,,,
Q70588,Q45453923,,,,,,,,,,,,,,,,,,,,,,,,,,,,,,,,,,,,,,,,,,,,,
Q70591,Q45454052,,,,,,,,,,,,,,,,,,,,,,,,,,,,,,,,,,,,,,,,,,,,,
Q70594,Q45454117,,,,,,,,,,,,,,,,,,,,,,,,,,,,,,,,,,,,,,,,,,,,,
Q70597,Q45451901,,,,,,,,,,,,,,,,,,,,,,,,,,,,,,,,,,,,,,,,,,,,,
Q70600,Q45457359,,,,,,,,,,,,,,,,,,,,,,,,,,,,,,,,,,,,,,,,,,,,,
Q70603,Q45457484,,,,,,,,,,,,,,,,,,,,,,,,,,,,,,,,,,,,,,,,,,,,,
Q70606,Q45457548,,,,,,,,,,,,,,,,,,,,,,,,,,,,,,,,,,,,,,,,,,,,,
Q70609,Q45457676,,,,,,,,,,,,,,,,,,,,,,,,,,,,,,,,,,,,,,,,,,,,,
Q70612,Q45457994,,,,,,,,,,,,,,,,,,,,,,,,,,,,,,,,,,,,,,,,,,,,,
Q70615,Q45503592,,,,,,,,,,,,,,,,,,,,,,,,,,,,,,,,,,,,,,,,,,,,,
Q70618,Q45459578,,,,,,,,,,,,,,,,,,,,,,,,,,,,,,,,,,,,,,,,,,,,,
Q70621,Q45459644,,,,,,,,,,,,,,,,,,,,,,,,,,,,,,,,,,,,,,,,,,,,,
Q70624,Q45459831,,,,,,,,,,,,,,,,,,,,,,,,,,,,,,,,,,,,,,,,,,,,,
Q70627,Q45460019,,,,,,,,,,,,,,,,,,,,,,,,,,,,,,,,,,,,,,,,,,,,,
Q70630,Q45460083,,,,,,,,,,,,,,,,,,,,,,,,,,,,,,,,,,,,,,,,,,,,,
Q70633,Q45465736,,,,,,,,,,,,,,,,,,,,,,,,,,,,,,,,,,,,,,,,,,,,,
Q70636,Q45466046,,,,,,,,,,,,,,,,,,,,,,,,,,,,,,,,,,,,,,,,,,,,,
Q70639,Q45467444,,,,,,,,,,,,,,,,,,,,,,,,,,,,,,,,,,,,,,,,,,,,,
Q70642,Q45467505,,,,,,,,,,,,,,,,,,,,,,,,,,,,,,,,,,,,,,,,,,,,,
Q70645,Q45467573,,,,,,,,,,,,,,,,,,,,,,,,,,,,,,,,,,,,,,,,,,,,,
Q70648,Q26209002,,,,,,,,,,,,,,,,,,,,,,,,,,,,,,,,,,,,,,,,,,,,,
Q70651,Q26209007,,,,,,,,,,,,,,,,,,,,,,,,,,,,,,,,,,,,,,,,,,,,,
Q70654,Q45497577,,,,,,,,,,,,,,,,,,,,,,,,,,,,,,,,,,,,,,,,,,,,,
Q70657,Q45507291,,,,,,,,,,,,,,,,,,,,,,,,,,,,,,,,,,,,,,,,,,,,,
Q70660,Q45422213,,,,,,,,,,,,,,,,,,,,,,,,,,,,,,,,,,,,,,,,,,,,,
Q70663,Q45607343,,,,,,,,,,,,,,,,,,,,,,,,,,,,,,,,,,,,,,,,,,,,,
Q70666,Q65802906,,,,,,,,,,,,,,,,,,,,,,,,,,,,,,,,,,,,,,,,,,,,,
Q70669,Q45508685,,,,,,,,,,,,,,,,,,,,,,,,,,,,,,,,,,,,,,,,,,,,,
Q70672,Q45508942,,,,,,,,,,,,,,,,,,,,,,,,,,,,,,,,,,,,,,,,,,,,,
Q70675,Q45509198,,,,,,,,,,,,,,,,,,,,,,,,,,,,,,,,,,,,,,,,,,,,,
Q70678,Q45509264,,,,,,,,,,,,,,,,,,,,,,,,,,,,,,,,,,,,,,,,,,,,,
Q70681,Q45509391,,,,,,,,,,,,,,,,,,,,,,,,,,,,,,,,,,,,,,,,,,,,,
Q70684,Q45503026,,,,,,,,,,,,,,,,,,,,,,,,,,,,,,,,,,,,,,,,,,,,,
Q70687,Q45438038,,,,,,,,,,,,,,,,,,,,,,,,,,,,,,,,,,,,,,,,,,,,,
Q70690,Q45503541,,,,,,,,,,,,,,,,,,,,,,,,,,,,,,,,,,,,,,,,,,,,,
Q70693,Q45402521,,,,,,,,,,,,,,,,,,,,,,,,,,,,,,,,,,,,,,,,,,,,,
Q70696,Q45509826,,,,,,,,,,,,,,,,,,,,,,,,,,,,,,,,,,,,,,,,,,,,,
Q70699,Q10511522,,,,,,,,,,,,,,,,,,,,,,,,,,,,,,,,,,,,,,,,,,,,,
Q70702,Q10513912,,,,,,,,,,,,,,,,,,,,,,,,,,,,,,,,,,,,,,,,,,,,,
Q70705,Q27921046,,,,,,,,,,,,,,,,,,,,,,,,,,,,,,,,,,,,,,,,,,,,,
Q70708,Q16905835,,,,,,,,,,,,,,,,,,,,,,,,,,,,,,,,,,,,,,,,,,,,,
Q70711,Q11572895,,,,,,,,,,,,,,,,,,,,,,,,,,,,,,,,,,,,,,,,,,,,,
Q70714,Q11572894,,,,,,,,,,,,,,,,,,,,,,,,,,,,,,,,,,,,,,,,,,,,,
Q70717,Q10417364,,,,,,,,,,,,,,,,,,,,,,,,,,,,,,,,,,,,,,,,,,,,,
Q70720,Q22814776,,,,,,,,,,,,,,,,,,,,,,,,,,,,,,,,,,,,,,,,,,,,,
Q70723,Q38975748,,,,,,,,,,,,,,,,,,,,,,,,,,,,,,,,,,,,,,,,,,,,,
Q70726,Q95142043,,,,,,,,,,,,,,,,,,,,,,,,,,,,,,,,,,,,,,,,,,,,,
Q70729,Q18658406,,,,,,,,,,,,,,,,,,,,,,,,,,,,,,,,,,,,,,,,,,,,,
Q70732,Q95021459,,,,,,,,,,,,,,,,,,,,,,,,,,,,,,,,,,,,,,,,,,,,,
Q70735,Q65049542,,,,,,,,,,,,,,,,,,,,,,,,,,,,,,,,,,,,,,,,,,,,,
Q70738,Q95024653,,,,,,,,,,,,,,,,,,,,,,,,,,,,,,,,,,,,,,,,,,,,,
Q70741,Q18658343,,,,,,,,,,,,,,,,,,,,,,,,,,,,,,,,,,,,,,,,,,,,,
Q70744,Q16076399,,,,,,,,,,,,,,,,,,,,,,,,,,,,,,,,,,,,,,,,,,,,,
Q70747,Q10513900,,,,,,,,,,,,,,,,,,,,,,,,,,,,,,,,,,,,,,,,,,,,,
Q70750,Q95021185,,,,,,,,,,,,,,,,,,,,,,,,,,,,,,,,,,,,,,,,,,,,,
Q70753,Q95017381,,,,,,,,,,,,,,,,,,,,,,,,,,,,,,,,,,,,,,,,,,,,,
Q70756,Q22813937,,,,,,,,,,,,,,,,,,,,,,,,,,,,,,,,,,,,,,,,,,,,,
Q70759,Q45468322,,,,,,,,,,,,,,,,,,,,,,,,,,,,,,,,,,,,,,,,,,,,,
Q70762,Q95021632,,,,,,,,,,,,,,,,,,,,,,,,,,,,,,,,,,,,,,,,,,,,,
Q70765,Q48890138,,,,,,,,,,,,,,,,,,,,,,,,,,,,,,,,,,,,,,,,,,,,,
Q70768,Q45574567,,,,,,,,,,,,,,,,,,,,,,,,,,,,,,,,,,,,,,,,,,,,,
Q70771,Q95022810,,,,,,,,,,,,,,,,,,,,,,,,,,,,,,,,,,,,,,,,,,,,,
Q70774,Q55696592,,,,,,,,,,,,,,,,,,,,,,,,,,,,,,,,,,,,,,,,,,,,,
Q70777,Q95145440,,,,,,,,,,,,,,,,,,,,,,,,,,,,,,,,,,,,,,,,,,,,,
Q70780,Q95145900,,,,,,,,,,,,,,,,,,,,,,,,,,,,,,,,,,,,,,,,,,,,,
Q70783,Q95145352,,,,,,,,,,,,,,,,,,,,,,,,,,,,,,,,,,,,,,,,,,,,,
Q70786,Q48889278,,,,,,,,,,,,,,,,,,,,,,,,,,,,,,,,,,,,,,,,,,,,,
Q70789,Q49702,,,,,,,,,,,,,,,,,,,,,,,,,,,,,,,,,,,,,,,,,,,,,
Q70792,Q16603332,,,,,,,,,,,,,,,,,,,,,,,,,,,,,,,,,,,,,,,,,,,,,
Q70795,Q16603333,,,,,,,,,,,,,,,,,,,,,,,,,,,,,,,,,,,,,,,,,,,,,
Q70798,Q16603342,,,,,,,,,,,,,,,,,,,,,,,,,,,,,,,,,,,,,,,,,,,,,
Q70801,Q16603341,,,,,,,,,,,,,,,,,,,,,,,,,,,,,,,,,,,,,,,,,,,,,
Q70804,Q16603407,,,,,,,,,,,,,,,,,,,,,,,,,,,,,,,,,,,,,,,,,,,,,
Q70807,Q16603480,,,,,,,,,,,,,,,,,,,,,,,,,,,,,,,,,,,,,,,,,,,,,
Q70810,Q16603486,,,,,,,,,,,,,,,,,,,,,,,,,,,,,,,,,,,,,,,,,,,,,
Q70813,Q16603530,,,,,,,,,,,,,,,,,,,,,,,,,,,,,,,,,,,,,,,,,,,,,
Q70816,Q16603686,,,,,,,,,,,,,,,,,,,,,,,,,,,,,,,,,,,,,,,,,,,,,
Q70819,Q8253847,,,,,,,,,,,,,,,,,,,,,,,,,,,,,,,,,,,,,,,,,,,,,
Q70822,Q16603305,,,,,,,,,,,,,,,,,,,,,,,,,,,,,,,,,,,,,,,,,,,,,
Q70825,Q10620235,,,,,,,,,,,,,,,,,,,,,,,,,,,,,,,,,,,,,,,,,,,,,
Q70828,Q10620588,,,,,,,,,,,,,,,,,,,,,,,,,,,,,,,,,,,,,,,,,,,,,
Q70831,Q10620630,,,,,,,,,,,,,,,,,,,,,,,,,,,,,,,,,,,,,,,,,,,,,
Q70834,Q10620695,,,,,,,,,,,,,,,,,,,,,,,,,,,,,,,,,,,,,,,,,,,,,
Q70837,Q10620944,,,,,,,,,,,,,,,,,,,,,,,,,,,,,,,,,,,,,,,,,,,,,
Q70840,Q10620991,,,,,,,,,,,,,,,,,,,,,,,,,,,,,,,,,,,,,,,,,,,,,
Q70843,Q10621064,,,,,,,,,,,,,,,,,,,,,,,,,,,,,,,,,,,,,,,,,,,,,
Q70846,Q10621173,,,,,,,,,,,,,,,,,,,,,,,,,,,,,,,,,,,,,,,,,,,,,
Q70849,Q115516,,,,,,,,,,,,,,,,,,,,,,,,,,,,,,,,,,,,,,,,,,,,,
Q70852,Q3088098,,,,,,,,,,,,,,,,,,,,,,,,,,,,,,,,,,,,,,,,,,,,,
Q70855,Q5516074,,,,,,,,,,,,,,,,,,,,,,,,,,,,,,,,,,,,,,,,,,,,,
Q70858,Q6646346,,,,,,,,,,,,,,,,,,,,,,,,,,,,,,,,,,,,,,,,,,,,,
Q70861,Q717895,,,,,,,,,,,,,,,,,,,,,,,,,,,,,,,,,,,,,,,,,,,,,
Q70864,Q718195,,,,,,,,,,,,,,,,,,,,,,,,,,,,,,,,,,,,,,,,,,,,,
Q70867,Q718246,,,,,,,,,,,,,,,,,,,,,,,,,,,,,,,,,,,,,,,,,,,,,
Q70870,Q8745680,,,,,,,,,,,,,,,,,,,,,,,,,,,,,,,,,,,,,,,,,,,,,
Q70873,Q8791416,,,,,,,,,,,,,,,,,,,,,,,,,,,,,,,,,,,,,,,,,,,,,
Q70876,Q93888,,,,,,,,,,,,,,,,,,,,,,,,,,,,,,,,,,,,,,,,,,,,,
Q70879,Q7967476,,,,,,,,,,,,,,,,,,,,,,,,,,,,,,,,,,,,,,,,,,,,,
Q70882,Q11572875,,,,,,,,,,,,,,,,,,,,,,,,,,,,,,,,,,,,,,,,,,,,,
Q70885,Q10416850,,,,,,,,,,,,,,,,,,,,,,,,,,,,,,,,,,,,,,,,,,,,,
Q70888,Q45686231,,,,,,,,,,,,,,,,,,,,,,,,,,,,,,,,,,,,,,,,,,,,,
Q70891,Q26197685,,,,,,,,,,,,,,,,,,,,,,,,,,,,,,,,,,,,,,,,,,,,,
Q70894,Q11626508,,,,,,,,,,,,,,,,,,,,,,,,,,,,,,,,,,,,,,,,,,,,,
Q70897,Q45688088,,,,,,,,,,,,,,,,,,,,,,,,,,,,,,,,,,,,,,,,,,,,,
Q70900,Q45688116,,,,,,,,,,,,,,,,,,,,,,,,,,,,,,,,,,,,,,,,,,,,,
Q70903,Q10887329,,,,,,,,,,,,,,,,,,,,,,,,,,,,,,,,,,,,,,,,,,,,,
Q70906,Q11070461,,,,,,,,,,,,,,,,,,,,,,,,,,,,,,,,,,,,,,,,,,,,,
Q70909,Q45584491,,,,,,,,,,,,,,,,,,,,,,,,,,,,,,,,,,,,,,,,,,,,,
Q70912,Q45587099,,,,,,,,,,,,,,,,,,,,,,,,,,,,,,,,,,,,,,,,,,,,,
Q70915,Q56598182,,,,,,,,,,,,,,,,,,,,,,,,,,,,,,,,,,,,,,,,,,,,,
Q70918,Q712358,,,,,,,,,,,,,,,,,,,,,,,,,,,,,,,,,,,,,,,,,,,,,
Q70921,Q21040476,,,,,,,,,,,,,,,,,,,,,,,,,,,,,,,,,,,,,,,,,,,,,
Q70924,Q11621829,,,,,,,,,,,,,,,,,,,,,,,,,,,,,,,,,,,,,,,,,,,,,
Q70927,Q56600315,,,,,,,,,,,,,,,,,,,,,,,,,,,,,,,,,,,,,,,,,,,,,
Q70930,Q26197423,,,,,,,,,,,,,,,,,,,,,,,,,,,,,,,,,,,,,,,,,,,,,
Q70933,Q18233843,,,,,,,,,,,,,,,,,,,,,,,,,,,,,,,,,,,,,,,,,,,,,
Q70935,Q22099523,,,,,,,,,,,,,,,,,,,,,,,,,,,,,,,,,,,,,,,,,,,,,
Q70938,Q1525066,,,,,,,,,,,,,,,,,,,,,,,,,,,,,,,,,,,,,,,,,,,,,
Q70941,Q45402592,,,,,,,,,,,,,,,,,,,,,,,,,,,,,,,,,,,,,,,,,,,,,
Q70944,Q45422278,,,,,,,,,,,,,,,,,,,,,,,,,,,,,,,,,,,,,,,,,,,,,
Q70947,Q45541952,,,,,,,,,,,,,,,,,,,,,,,,,,,,,,,,,,,,,,,,,,,,,
Q70950,Q45652935,,,,,,,,,,,,,,,,,,,,,,,,,,,,,,,,,,,,,,,,,,,,,
Q70953,Q45651691,,,,,,,,,,,,,,,,,,,,,,,,,,,,,,,,,,,,,,,,,,,,,
Q70956,Q45652227,,,,,,,,,,,,,,,,,,,,,,,,,,,,,,,,,,,,,,,,,,,,,
Q70959,Q45651093,,,,,,,,,,,,,,,,,,,,,,,,,,,,,,,,,,,,,,,,,,,,,
Q70962,Q45652695,,,,,,,,,,,,,,,,,,,,,,,,,,,,,,,,,,,,,,,,,,,,,
Q70965,Q45652754,,,,,,,,,,,,,,,,,,,,,,,,,,,,,,,,,,,,,,,,,,,,,
Q70968,Q45448127,,,,,,,,,,,,,,,,,,,,,,,,,,,,,,,,,,,,,,,,,,,,,
Q70971,Q45565283,,,,,,,,,,,,,,,,,,,,,,,,,,,,,,,,,,,,,,,,,,,,,
Q70974,Q45565093,,,,,,,,,,,,,,,,,,,,,,,,,,,,,,,,,,,,,,,,,,,,,
Q70977,Q65804777,,,,,,,,,,,,,,,,,,,,,,,,,,,,,,,,,,,,,,,,,,,,,
Q70980,Q65804778,,,,,,,,,,,,,,,,,,,,,,,,,,,,,,,,,,,,,,,,,,,,,
Q70983,Q45679082,,,,,,,,,,,,,,,,,,,,,,,,,,,,,,,,,,,,,,,,,,,,,
Q70986,Q65805201,,,,,,,,,,,,,,,,,,,,,,,,,,,,,,,,,,,,,,,,,,,,,
Q70989,Q45557725,,,,,,,,,,,,,,,,,,,,,,,,,,,,,,,,,,,,,,,,,,,,,
Q70993,Q45557789,,,,,,,,,,,,,,,,,,,,,,,,,,,,,,,,,,,,,,,,,,,,,
Q70995,Q45557850,,,,,,,,,,,,,,,,,,,,,,,,,,,,,,,,,,,,,,,,,,,,,
Q70998,Q45482923,,,,,,,,,,,,,,,,,,,,,,,,,,,,,,,,,,,,,,,,,,,,,
Q71001,Q65805191,,,,,,,,,,,,,,,,,,,,,,,,,,,,,,,,,,,,,,,,,,,,,
Q71004,Q45555716,,,,,,,,,,,,,,,,,,,,,,,,,,,,,,,,,,,,,,,,,,,,,
Q71007,Q45555779,,,,,,,,,,,,,,,,,,,,,,,,,,,,,,,,,,,,,,,,,,,,,
Q71010,Q45447638,,,,,,,,,,,,,,,,,,,,,,,,,,,,,,,,,,,,,,,,,,,,,
Q71013,Q45449510,,,,,,,,,,,,,,,,,,,,,,,,,,,,,,,,,,,,,,,,,,,,,
Q71016,Q45449574,,,,,,,,,,,,,,,,,,,,,,,,,,,,,,,,,,,,,,,,,,,,,
Q71019,Q45449761,,,,,,,,,,,,,,,,,,,,,,,,,,,,,,,,,,,,,,,,,,,,,
Q71022,Q26197825,,,,,,,,,,,,,,,,,,,,,,,,,,,,,,,,,,,,,,,,,,,,,
Q71025,Q26197858,,,,,,,,,,,,,,,,,,,,,,,,,,,,,,,,,,,,,,,,,,,,,
Q71028,Q45564843,,,,,,,,,,,,,,,,,,,,,,,,,,,,,,,,,,,,,,,,,,,,,
Q71031,Q45516683,,,,,,,,,,,,,,,,,,,,,,,,,,,,,,,,,,,,,,,,,,,,,
Q71034,Q22813423,,,,,,,,,,,,,,,,,,,,,,,,,,,,,,,,,,,,,,,,,,,,,
Q71037,Q45446821,,,,,,,,,,,,,,,,,,,,,,,,,,,,,,,,,,,,,,,,,,,,,
Q71040,Q45504804,,,,,,,,,,,,,,,,,,,,,,,,,,,,,,,,,,,,,,,,,,,,,
Q71043,Q9456626,,,,,,,,,,,,,,,,,,,,,,,,,,,,,,,,,,,,,,,,,,,,,
Q71046,Q45607966,,,,,,,,,,,,,,,,,,,,,,,,,,,,,,,,,,,,,,,,,,,,,
Q71049,Q45608030,,,,,,,,,,,,,,,,,,,,,,,,,,,,,,,,,,,,,,,,,,,,,
Q71052,Q45609576,,,,,,,,,,,,,,,,,,,,,,,,,,,,,,,,,,,,,,,,,,,,,
Q71055,Q45485509,,,,,,,,,,,,,,,,,,,,,,,,,,,,,,,,,,,,,,,,,,,,,
Q71058,Q45422195,,,,,,,,,,,,,,,,,,,,,,,,,,,,,,,,,,,,,,,,,,,,,
Q71060,Q45437580,,,,,,,,,,,,,,,,,,,,,,,,,,,,,,,,,,,,,,,,,,,,,
Q71063,Q45480787,,,,,,,,,,,,,,,,,,,,,,,,,,,,,,,,,,,,,,,,,,,,,
Q71066,Q45443625,,,,,,,,,,,,,,,,,,,,,,,,,,,,,,,,,,,,,,,,,,,,,
Q71069,Q45490080,,,,,,,,,,,,,,,,,,,,,,,,,,,,,,,,,,,,,,,,,,,,,
Q71072,Q45473106,,,,,,,,,,,,,,,,,,,,,,,,,,,,,,,,,,,,,,,,,,,,,
Q71075,Q45492946,,,,,,,,,,,,,,,,,,,,,,,,,,,,,,,,,,,,,,,,,,,,,
Q71078,Q45598271,,,,,,,,,,,,,,,,,,,,,,,,,,,,,,,,,,,,,,,,,,,,,
Q71081,Q45554863,,,,,,,,,,,,,,,,,,,,,,,,,,,,,,,,,,,,,,,,,,,,,
Q71084,Q45443820,,,,,,,,,,,,,,,,,,,,,,,,,,,,,,,,,,,,,,,,,,,,,
Q71087,Q45591564,,,,,,,,,,,,,,,,,,,,,,,,,,,,,,,,,,,,,,,,,,,,,
Q71090,Q45528737,,,,,,,,,,,,,,,,,,,,,,,,,,,,,,,,,,,,,,,,,,,,,
Q71093,Q45390384,,,,,,,,,,,,,,,,,,,,,,,,,,,,,,,,,,,,,,,,,,,,,
Q71096,Q45422638,,,,,,,,,,,,,,,,,,,,,,,,,,,,,,,,,,,,,,,,,,,,,
Q71099,Q45651618,,,,,,,,,,,,,,,,,,,,,,,,,,,,,,,,,,,,,,,,,,,,,
Q71102,Q45420446,,,,,,,,,,,,,,,,,,,,,,,,,,,,,,,,,,,,,,,,,,,,,
Q71105,Q45420459,,,,,,,,,,,,,,,,,,,,,,,,,,,,,,,,,,,,,,,,,,,,,
Q71108,Q45420462,,,,,,,,,,,,,,,,,,,,,,,,,,,,,,,,,,,,,,,,,,,,,
Q71111,Q45420518,,,,,,,,,,,,,,,,,,,,,,,,,,,,,,,,,,,,,,,,,,,,,
Q71114,Q45656799,,,,,,,,,,,,,,,,,,,,,,,,,,,,,,,,,,,,,,,,,,,,,
Q71117,Q45623480,,,,,,,,,,,,,,,,,,,,,,,,,,,,,,,,,,,,,,,,,,,,,
Q71120,Q45422677,,,,,,,,,,,,,,,,,,,,,,,,,,,,,,,,,,,,,,,,,,,,,
Q71123,Q45422631,,,,,,,,,,,,,,,,,,,,,,,,,,,,,,,,,,,,,,,,,,,,,
Q71126,Q45637720,,,,,,,,,,,,,,,,,,,,,,,,,,,,,,,,,,,,,,,,,,,,,
Q71129,Q45638768,,,,,,,,,,,,,,,,,,,,,,,,,,,,,,,,,,,,,,,,,,,,,
Q71132,Q45639080,,,,,,,,,,,,,,,,,,,,,,,,,,,,,,,,,,,,,,,,,,,,,
Q71135,Q45639142,,,,,,,,,,,,,,,,,,,,,,,,,,,,,,,,,,,,,,,,,,,,,
Q71138,Q45639818,,,,,,,,,,,,,,,,,,,,,,,,,,,,,,,,,,,,,,,,,,,,,
Q71141,Q45640001,,,,,,,,,,,,,,,,,,,,,,,,,,,,,,,,,,,,,,,,,,,,,
Q71144,Q45640217,,,,,,,,,,,,,,,,,,,,,,,,,,,,,,,,,,,,,,,,,,,,,
Q71147,Q45640469,,,,,,,,,,,,,,,,,,,,,,,,,,,,,,,,,,,,,,,,,,,,,
Q71150,Q45641519,,,,,,,,,,,,,,,,,,,,,,,,,,,,,,,,,,,,,,,,,,,,,
Q71153,Q45390425,,,,,,,,,,,,,,,,,,,,,,,,,,,,,,,,,,,,,,,,,,,,,
Q71156,Q45635432,,,,,,,,,,,,,,,,,,,,,,,,,,,,,,,,,,,,,,,,,,,,,
Q71159,Q45635616,,,,,,,,,,,,,,,,,,,,,,,,,,,,,,,,,,,,,,,,,,,,,
Q71162,Q45635866,,,,,,,,,,,,,,,,,,,,,,,,,,,,,,,,,,,,,,,,,,,,,
Q71165,Q45636170,,,,,,,,,,,,,,,,,,,,,,,,,,,,,,,,,,,,,,,,,,,,,
Q71168,Q45636233,,,,,,,,,,,,,,,,,,,,,,,,,,,,,,,,,,,,,,,,,,,,,
Q71171,Q45636355,,,,,,,,,,,,,,,,,,,,,,,,,,,,,,,,,,,,,,,,,,,,,
Q71174,Q45636546,,,,,,,,,,,,,,,,,,,,,,,,,,,,,,,,,,,,,,,,,,,,,
Q71177,Q45636608,,,,,,,,,,,,,,,,,,,,,,,,,,,,,,,,,,,,,,,,,,,,,
Q71180,Q45636671,,,,,,,,,,,,,,,,,,,,,,,,,,,,,,,,,,,,,,,,,,,,,
Q71183,Q45636795,,,,,,,,,,,,,,,,,,,,,,,,,,,,,,,,,,,,,,,,,,,,,
Q71186,Q45636916,,,,,,,,,,,,,,,,,,,,,,,,,,,,,,,,,,,,,,,,,,,,,
Q71189,Q45636978,,,,,,,,,,,,,,,,,,,,,,,,,,,,,,,,,,,,,,,,,,,,,
Q71192,Q45637161,,,,,,,,,,,,,,,,,,,,,,,,,,,,,,,,,,,,,,,,,,,,,
Q71195,Q45637223,,,,,,,,,,,,,,,,,,,,,,,,,,,,,,,,,,,,,,,,,,,,,
Q71198,Q45633413,,,,,,,,,,,,,,,,,,,,,,,,,,,,,,,,,,,,,,,,,,,,,
Q71201,Q45633601,,,,,,,,,,,,,,,,,,,,,,,,,,,,,,,,,,,,,,,,,,,,,
Q71204,Q45633916,,,,,,,,,,,,,,,,,,,,,,,,,,,,,,,,,,,,,,,,,,,,,
Q71207,Q45634043,,,,,,,,,,,,,,,,,,,,,,,,,,,,,,,,,,,,,,,,,,,,,
Q71210,Q45634743,,,,,,,,,,,,,,,,,,,,,,,,,,,,,,,,,,,,,,,,,,,,,
Q71213,Q45634868,,,,,,,,,,,,,,,,,,,,,,,,,,,,,,,,,,,,,,,,,,,,,
Q71216,Q45630906,,,,,,,,,,,,,,,,,,,,,,,,,,,,,,,,,,,,,,,,,,,,,
Q71219,Q45630968,,,,,,,,,,,,,,,,,,,,,,,,,,,,,,,,,,,,,,,,,,,,,
Q71222,Q45631156,,,,,,,,,,,,,,,,,,,,,,,,,,,,,,,,,,,,,,,,,,,,,
Q71225,Q45631282,,,,,,,,,,,,,,,,,,,,,,,,,,,,,,,,,,,,,,,,,,,,,
Q71228,Q45631406,,,,,,,,,,,,,,,,,,,,,,,,,,,,,,,,,,,,,,,,,,,,,
Q71231,Q45631470,,,,,,,,,,,,,,,,,,,,,,,,,,,,,,,,,,,,,,,,,,,,,
Q71234,Q45631530,,,,,,,,,,,,,,,,,,,,,,,,,,,,,,,,,,,,,,,,,,,,,
Q71237,Q45631657,,,,,,,,,,,,,,,,,,,,,,,,,,,,,,,,,,,,,,,,,,,,,
Q71240,Q45631972,,,,,,,,,,,,,,,,,,,,,,,,,,,,,,,,,,,,,,,,,,,,,
Q71243,Q45632036,,,,,,,,,,,,,,,,,,,,,,,,,,,,,,,,,,,,,,,,,,,,,
Q71246,Q45630592,,,,,,,,,,,,,,,,,,,,,,,,,,,,,,,,,,,,,,,,,,,,,
Q71249,Q45630531,,,,,,,,,,,,,,,,,,,,,,,,,,,,,,,,,,,,,,,,,,,,,
Q71252,Q45629773,,,,,,,,,,,,,,,,,,,,,,,,,,,,,,,,,,,,,,,,,,,,,
Q71255,Q45629903,,,,,,,,,,,,,,,,,,,,,,,,,,,,,,,,,,,,,,,,,,,,,
Q71258,Q45630154,,,,,,,,,,,,,,,,,,,,,,,,,,,,,,,,,,,,,,,,,,,,,
Q71261,Q45420989,,,,,,,,,,,,,,,,,,,,,,,,,,,,,,,,,,,,,,,,,,,,,
Q71264,Q65803956,,,,,,,,,,,,,,,,,,,,,,,,,,,,,,,,,,,,,,,,,,,,,
Q71267,Q45671321,,,,,,,,,,,,,,,,,,,,,,,,,,,,,,,,,,,,,,,,,,,,,
Q71270,Q45497479,,,,,,,,,,,,,,,,,,,,,,,,,,,,,,,,,,,,,,,,,,,,,
Q71273,Q45424574,,,,,,,,,,,,,,,,,,,,,,,,,,,,,,,,,,,,,,,,,,,,,
Q71276,Q45625866,,,,,,,,,,,,,,,,,,,,,,,,,,,,,,,,,,,,,,,,,,,,,
Q71279,Q11651667,,,,,,,,,,,,,,,,,,,,,,,,,,,,,,,,,,,,,,,,,,,,,
Q71282,Q45529180,,,,,,,,,,,,,,,,,,,,,,,,,,,,,,,,,,,,,,,,,,,,,
Q71285,Q45529372,,,,,,,,,,,,,,,,,,,,,,,,,,,,,,,,,,,,,,,,,,,,,
Q71288,Q45529625,,,,,,,,,,,,,,,,,,,,,,,,,,,,,,,,,,,,,,,,,,,,,
Q71291,Q1562443,,,,,,,,,,,,,,,,,,,,,,,,,,,,,,,,,,,,,,,,,,,,,
Q71294,Q22079250,,,,,,,,,,,,,,,,,,,,,,,,,,,,,,,,,,,,,,,,,,,,,
Q71297,Q11673280,,,,,,,,,,,,,,,,,,,,,,,,,,,,,,,,,,,,,,,,,,,,,
Q71300,Q61723642,,,,,,,,,,,,,,,,,,,,,,,,,,,,,,,,,,,,,,,,,,,,,
Q71303,Q11669875,,,,,,,,,,,,,,,,,,,,,,,,,,,,,,,,,,,,,,,,,,,,,
Q71306,Q61723641,,,,,,,,,,,,,,,,,,,,,,,,,,,,,,,,,,,,,,,,,,,,,
Q71309,Q61723631,,,,,,,,,,,,,,,,,,,,,,,,,,,,,,,,,,,,,,,,,,,,,
Q71312,Q45391604,,,,,,,,,,,,,,,,,,,,,,,,,,,,,,,,,,,,,,,,,,,,,
Q71315,Q45421336,,,,,,,,,,,,,,,,,,,,,,,,,,,,,,,,,,,,,,,,,,,,,
Q71318,Q45421391,,,,,,,,,,,,,,,,,,,,,,,,,,,,,,,,,,,,,,,,,,,,,
Q71321,Q45421393,,,,,,,,,,,,,,,,,,,,,,,,,,,,,,,,,,,,,,,,,,,,,
Q71324,Q45421401,,,,,,,,,,,,,,,,,,,,,,,,,,,,,,,,,,,,,,,,,,,,,
Q71327,Q30948298,,,,,,,,,,,,,,,,,,,,,,,,,,,,,,,,,,,,,,,,,,,,,
Q71330,Q45678285,,,,,,,,,,,,,,,,,,,,,,,,,,,,,,,,,,,,,,,,,,,,,
Q71333,Q45678912,,,,,,,,,,,,,,,,,,,,,,,,,,,,,,,,,,,,,,,,,,,,,
Q71336,Q45678944,,,,,,,,,,,,,,,,,,,,,,,,,,,,,,,,,,,,,,,,,,,,,
Q71339,Q45421400,,,,,,,,,,,,,,,,,,,,,,,,,,,,,,,,,,,,,,,,,,,,,
Q71342,Q45421405,,,,,,,,,,,,,,,,,,,,,,,,,,,,,,,,,,,,,,,,,,,,,
Q71345,Q45421398,,,,,,,,,,,,,,,,,,,,,,,,,,,,,,,,,,,,,,,,,,,,,
Q71348,Q45668838,,,,,,,,,,,,,,,,,,,,,,,,,,,,,,,,,,,,,,,,,,,,,
Q71351,Q45673637,,,,,,,,,,,,,,,,,,,,,,,,,,,,,,,,,,,,,,,,,,,,,
Q71354,Q45673680,,,,,,,,,,,,,,,,,,,,,,,,,,,,,,,,,,,,,,,,,,,,,
Q71357,Q45673722,,,,,,,,,,,,,,,,,,,,,,,,,,,,,,,,,,,,,,,,,,,,,
Q71360,Q45418920,,,,,,,,,,,,,,,,,,,,,,,,,,,,,,,,,,,,,,,,,,,,,
Q71363,Q45418917,,,,,,,,,,,,,,,,,,,,,,,,,,,,,,,,,,,,,,,,,,,,,
Q71366,Q26208797,,,,,,,,,,,,,,,,,,,,,,,,,,,,,,,,,,,,,,,,,,,,,
Q71369,Q45664752,,,,,,,,,,,,,,,,,,,,,,,,,,,,,,,,,,,,,,,,,,,,,
Q71372,Q26209008,,,,,,,,,,,,,,,,,,,,,,,,,,,,,,,,,,,,,,,,,,,,,
Q71375,Q45419309,,,,,,,,,,,,,,,,,,,,,,,,,,,,,,,,,,,,,,,,,,,,,
Q71378,Q45421323,,,,,,,,,,,,,,,,,,,,,,,,,,,,,,,,,,,,,,,,,,,,,
Q71381,Q18235983,,,,,,,,,,,,,,,,,,,,,,,,,,,,,,,,,,,,,,,,,,,,,
Q71384,Q45499699,,,,,,,,,,,,,,,,,,,,,,,,,,,,,,,,,,,,,,,,,,,,,
Q71387,Q45499766,,,,,,,,,,,,,,,,,,,,,,,,,,,,,,,,,,,,,,,,,,,,,
Q71390,Q18235997,,,,,,,,,,,,,,,,,,,,,,,,,,,,,,,,,,,,,,,,,,,,,
Q71393,Q18235985,,,,,,,,,,,,,,,,,,,,,,,,,,,,,,,,,,,,,,,,,,,,,
Q71396,Q11398310,,,,,,,,,,,,,,,,,,,,,,,,,,,,,,,,,,,,,,,,,,,,,
Q71399,Q45503408,,,,,,,,,,,,,,,,,,,,,,,,,,,,,,,,,,,,,,,,,,,,,
Q71402,Q45668746,,,,,,,,,,,,,,,,,,,,,,,,,,,,,,,,,,,,,,,,,,,,,
Q71405,Q45668795,,,,,,,,,,,,,,,,,,,,,,,,,,,,,,,,,,,,,,,,,,,,,
Q71408,Q45668996,,,,,,,,,,,,,,,,,,,,,,,,,,,,,,,,,,,,,,,,,,,,,
Q71411,Q45669044,,,,,,,,,,,,,,,,,,,,,,,,,,,,,,,,,,,,,,,,,,,,,
Q71414,Q45669096,,,,,,,,,,,,,,,,,,,,,,,,,,,,,,,,,,,,,,,,,,,,,
Q71417,Q65803188,,,,,,,,,,,,,,,,,,,,,,,,,,,,,,,,,,,,,,,,,,,,,
Q71420,Q45500793,,,,,,,,,,,,,,,,,,,,,,,,,,,,,,,,,,,,,,,,,,,,,
Q71423,Q45585019,,,,,,,,,,,,,,,,,,,,,,,,,,,,,,,,,,,,,,,,,,,,,
Q71426,Q45585082,,,,,,,,,,,,,,,,,,,,,,,,,,,,,,,,,,,,,,,,,,,,,
Q71429,Q65805916,,,,,,,,,,,,,,,,,,,,,,,,,,,,,,,,,,,,,,,,,,,,,
Q71432,Q45676748,,,,,,,,,,,,,,,,,,,,,,,,,,,,,,,,,,,,,,,,,,,,,
Q71435,Q45676823,,,,,,,,,,,,,,,,,,,,,,,,,,,,,,,,,,,,,,,,,,,,,
Q71438,Q45508138,,,,,,,,,,,,,,,,,,,,,,,,,,,,,,,,,,,,,,,,,,,,,
Q71440,Q45508202,,,,,,,,,,,,,,,,,,,,,,,,,,,,,,,,,,,,,,,,,,,,,
Q71444,Q45508263,,,,,,,,,,,,,,,,,,,,,,,,,,,,,,,,,,,,,,,,,,,,,
Q71447,Q45614730,,,,,,,,,,,,,,,,,,,,,,,,,,,,,,,,,,,,,,,,,,,,,
Q71450,Q45632819,,,,,,,,,,,,,,,,,,,,,,,,,,,,,,,,,,,,,,,,,,,,,
Q71453,Q45669811,,,,,,,,,,,,,,,,,,,,,,,,,,,,,,,,,,,,,,,,,,,,,
Q71456,Q133582702,,,,,,,,,,,,,,,,,,,,,,,,,,,,,,,,,,,,,,,,,,,,,
Q71459,Q10566044,,,,,,,,,,,,,,,,,,,,,,,,,,,,,,,,,,,,,,,,,,,,,
Q71462,Q45666162,,,,,,,,,,,,,,,,,,,,,,,,,,,,,,,,,,,,,,,,,,,,,
Q71465,Q45666373,,,,,,,,,,,,,,,,,,,,,,,,,,,,,,,,,,,,,,,,,,,,,
Q71468,Q45666480,,,,,,,,,,,,,,,,,,,,,,,,,,,,,,,,,,,,,,,,,,,,,
Q71471,Q45666533,,,,,,,,,,,,,,,,,,,,,,,,,,,,,,,,,,,,,,,,,,,,,
Q71474,Q45666588,,,,,,,,,,,,,,,,,,,,,,,,,,,,,,,,,,,,,,,,,,,,,
Q71477,Q45666216,,,,,,,,,,,,,,,,,,,,,,,,,,,,,,,,,,,,,,,,,,,,,
Q71480,Q45666268,,,,,,,,,,,,,,,,,,,,,,,,,,,,,,,,,,,,,,,,,,,,,
Q71483,Q45473706,,,,,,,,,,,,,,,,,,,,,,,,,,,,,,,,,,,,,,,,,,,,,
Q71486,Q65803151,,,,,,,,,,,,,,,,,,,,,,,,,,,,,,,,,,,,,,,,,,,,,
Q71489,Q45625796,,,,,,,,,,,,,,,,,,,,,,,,,,,,,,,,,,,,,,,,,,,,,
Q71492,Q45625860,,,,,,,,,,,,,,,,,,,,,,,,,,,,,,,,,,,,,,,,,,,,,
Q71495,Q45677235,,,,,,,,,,,,,,,,,,,,,,,,,,,,,,,,,,,,,,,,,,,,,
Q71498,Q45496529,,,,,,,,,,,,,,,,,,,,,,,,,,,,,,,,,,,,,,,,,,,,,
Q71501,Q45496726,,,,,,,,,,,,,,,,,,,,,,,,,,,,,,,,,,,,,,,,,,,,,
Q71504,Q45496787,,,,,,,,,,,,,,,,,,,,,,,,,,,,,,,,,,,,,,,,,,,,,
Q71507,Q45496270,,,,,,,,,,,,,,,,,,,,,,,,,,,,,,,,,,,,,,,,,,,,,
Q71510,Q45466204,,,,,,,,,,,,,,,,,,,,,,,,,,,,,,,,,,,,,,,,,,,,,
Q71513,Q11053886,,,,,,,,,,,,,,,,,,,,,,,,,,,,,,,,,,,,,,,,,,,,,
Q71516,Q45421237,,,,,,,,,,,,,,,,,,,,,,,,,,,,,,,,,,,,,,,,,,,,,
Q71519,Q45518634,,,,,,,,,,,,,,,,,,,,,,,,,,,,,,,,,,,,,,,,,,,,,
Q71522,Q65805560,,,,,,,,,,,,,,,,,,,,,,,,,,,,,,,,,,,,,,,,,,,,,
Q71525,Q45570516,,,,,,,,,,,,,,,,,,,,,,,,,,,,,,,,,,,,,,,,,,,,,
Q71528,Q45497634,,,,,,,,,,,,,,,,,,,,,,,,,,,,,,,,,,,,,,,,,,,,,
Q71531,Q45498082,,,,,,,,,,,,,,,,,,,,,,,,,,,,,,,,,,,,,,,,,,,,,
Q71534,Q65803011,,,,,,,,,,,,,,,,,,,,,,,,,,,,,,,,,,,,,,,,,,,,,
Q71537,Q45612966,,,,,,,,,,,,,,,,,,,,,,,,,,,,,,,,,,,,,,,,,,,,,
Q71540,Q45624778,,,,,,,,,,,,,,,,,,,,,,,,,,,,,,,,,,,,,,,,,,,,,
Q71543,Q45496992,,,,,,,,,,,,,,,,,,,,,,,,,,,,,,,,,,,,,,,,,,,,,
Q71546,Q45679618,,,,,,,,,,,,,,,,,,,,,,,,,,,,,,,,,,,,,,,,,,,,,
Q71549,Q45679717,,,,,,,,,,,,,,,,,,,,,,,,,,,,,,,,,,,,,,,,,,,,,
Q71552,Q45679751,,,,,,,,,,,,,,,,,,,,,,,,,,,,,,,,,,,,,,,,,,,,,
Q71555,Q45663586,,,,,,,,,,,,,,,,,,,,,,,,,,,,,,,,,,,,,,,,,,,,,
Q71558,Q45614416,,,,,,,,,,,,,,,,,,,,,,,,,,,,,,,,,,,,,,,,,,,,,
Q71561,Q45681379,,,,,,,,,,,,,,,,,,,,,,,,,,,,,,,,,,,,,,,,,,,,,
Q71564,Q45681566,,,,,,,,,,,,,,,,,,,,,,,,,,,,,,,,,,,,,,,,,,,,,
Q71567,Q45406583,,,,,,,,,,,,,,,,,,,,,,,,,,,,,,,,,,,,,,,,,,,,,
Q71570,Q45406584,,,,,,,,,,,,,,,,,,,,,,,,,,,,,,,,,,,,,,,,,,,,,
Q71573,Q45681874,,,,,,,,,,,,,,,,,,,,,,,,,,,,,,,,,,,,,,,,,,,,,
Q71576,Q45681905,,,,,,,,,,,,,,,,,,,,,,,,,,,,,,,,,,,,,,,,,,,,,
Q71579,Q45608809,,,,,,,,,,,,,,,,,,,,,,,,,,,,,,,,,,,,,,,,,,,,,
Q71582,Q45599397,,,,,,,,,,,,,,,,,,,,,,,,,,,,,,,,,,,,,,,,,,,,,
Q71585,Q45599459,,,,,,,,,,,,,,,,,,,,,,,,,,,,,,,,,,,,,,,,,,,,,
Q71588,Q45605578,,,,,,,,,,,,,,,,,,,,,,,,,,,,,,,,,,,,,,,,,,,,,
Q71591,Q45605641,,,,,,,,,,,,,,,,,,,,,,,,,,,,,,,,,,,,,,,,,,,,,
Q71594,Q45599737,,,,,,,,,,,,,,,,,,,,,,,,,,,,,,,,,,,,,,,,,,,,,
Q71597,Q45599863,,,,,,,,,,,,,,,,,,,,,,,,,,,,,,,,,,,,,,,,,,,,,
Q71600,Q45600052,,,,,,,,,,,,,,,,,,,,,,,,,,,,,,,,,,,,,,,,,,,,,
Q71603,Q45489651,,,,,,,,,,,,,,,,,,,,,,,,,,,,,,,,,,,,,,,,,,,,,
Q71606,Q45489781,,,,,,,,,,,,,,,,,,,,,,,,,,,,,,,,,,,,,,,,,,,,,
Q71609,Q45600239,,,,,,,,,,,,,,,,,,,,,,,,,,,,,,,,,,,,,,,,,,,,,
Q71612,Q45600301,,,,,,,,,,,,,,,,,,,,,,,,,,,,,,,,,,,,,,,,,,,,,
Q71615,Q45600423,,,,,,,,,,,,,,,,,,,,,,,,,,,,,,,,,,,,,,,,,,,,,
Q71618,Q45600484,,,,,,,,,,,,,,,,,,,,,,,,,,,,,,,,,,,,,,,,,,,,,
Q71621,Q45600609,,,,,,,,,,,,,,,,,,,,,,,,,,,,,,,,,,,,,,,,,,,,,
Q71624,Q45600675,,,,,,,,,,,,,,,,,,,,,,,,,,,,,,,,,,,,,,,,,,,,,
Q71627,Q45601317,,,,,,,,,,,,,,,,,,,,,,,,,,,,,,,,,,,,,,,,,,,,,
Q71630,Q45601629,,,,,,,,,,,,,,,,,,,,,,,,,,,,,,,,,,,,,,,,,,,,,
Q71633,Q45601757,,,,,,,,,,,,,,,,,,,,,,,,,,,,,,,,,,,,,,,,,,,,,
Q71636,Q45602132,,,,,,,,,,,,,,,,,,,,,,,,,,,,,,,,,,,,,,,,,,,,,
Q71639,Q45602321,,,,,,,,,,,,,,,,,,,,,,,,,,,,,,,,,,,,,,,,,,,,,
Q71642,Q45604438,,,,,,,,,,,,,,,,,,,,,,,,,,,,,,,,,,,,,,,,,,,,,
Q71645,Q45604502,,,,,,,,,,,,,,,,,,,,,,,,,,,,,,,,,,,,,,,,,,,,,
Q71648,Q45604563,,,,,,,,,,,,,,,,,,,,,,,,,,,,,,,,,,,,,,,,,,,,,
Q71651,Q45604626,,,,,,,,,,,,,,,,,,,,,,,,,,,,,,,,,,,,,,,,,,,,,
Q71653,Q45604688,,,,,,,,,,,,,,,,,,,,,,,,,,,,,,,,,,,,,,,,,,,,,
Q71656,Q45530881,,,,,,,,,,,,,,,,,,,,,,,,,,,,,,,,,,,,,,,,,,,,,
Q71659,Q65803317,,,,,,,,,,,,,,,,,,,,,,,,,,,,,,,,,,,,,,,,,,,,,
Q71662,Q45637957,,,,,,,,,,,,,,,,,,,,,,,,,,,,,,,,,,,,,,,,,,,,,
Q71665,Q45549902,,,,,,,,,,,,,,,,,,,,,,,,,,,,,,,,,,,,,,,,,,,,,
Q71668,Q45523675,,,,,,,,,,,,,,,,,,,,,,,,,,,,,,,,,,,,,,,,,,,,,
Q71671,Q45523737,,,,,,,,,,,,,,,,,,,,,,,,,,,,,,,,,,,,,,,,,,,,,
Q71674,Q45523800,,,,,,,,,,,,,,,,,,,,,,,,,,,,,,,,,,,,,,,,,,,,,
Q71678,Q45523864,,,,,,,,,,,,,,,,,,,,,,,,,,,,,,,,,,,,,,,,,,,,,
Q71681,Q45550771,,,,,,,,,,,,,,,,,,,,,,,,,,,,,,,,,,,,,,,,,,,,,
Q71684,Q45550832,,,,,,,,,,,,,,,,,,,,,,,,,,,,,,,,,,,,,,,,,,,,,
Q71687,Q45550894,,,,,,,,,,,,,,,,,,,,,,,,,,,,,,,,,,,,,,,,,,,,,
Q71690,Q45484495,,,,,,,,,,,,,,,,,,,,,,,,,,,,,,,,,,,,,,,,,,,,,
Q71693,Q65803832,,,,,,,,,,,,,,,,,,,,,,,,,,,,,,,,,,,,,,,,,,,,,
Q71696,Q45421319,,,,,,,,,,,,,,,,,,,,,,,,,,,,,,,,,,,,,,,,,,,,,
Q71699,Q45421322,,,,,,,,,,,,,,,,,,,,,,,,,,,,,,,,,,,,,,,,,,,,,
Q71702,Q45449399,,,,,,,,,,,,,,,,,,,,,,,,,,,,,,,,,,,,,,,,,,,,,
Q71705,Q45462501,,,,,,,,,,,,,,,,,,,,,,,,,,,,,,,,,,,,,,,,,,,,,
Q71708,Q45684058,,,,,,,,,,,,,,,,,,,,,,,,,,,,,,,,,,,,,,,,,,,,,
Q71711,Q45684088,,,,,,,,,,,,,,,,,,,,,,,,,,,,,,,,,,,,,,,,,,,,,
Q71714,Q45684179,,,,,,,,,,,,,,,,,,,,,,,,,,,,,,,,,,,,,,,,,,,,,
Q71716,Q45684210,,,,,,,,,,,,,,,,,,,,,,,,,,,,,,,,,,,,,,,,,,,,,
Q71719,Q45556771,,,,,,,,,,,,,,,,,,,,,,,,,,,,,,,,,,,,,,,,,,,,,
Q71722,Q45639882,,,,,,,,,,,,,,,,,,,,,,,,,,,,,,,,,,,,,,,,,,,,,
Q71725,Q45461916,,,,,,,,,,,,,,,,,,,,,,,,,,,,,,,,,,,,,,,,,,,,,
Q71728,Q6506279,,,,,,,,,,,,,,,,,,,,,,,,,,,,,,,,,,,,,,,,,,,,,
Q71731,Q45670695,,,,,,,,,,,,,,,,,,,,,,,,,,,,,,,,,,,,,,,,,,,,,
Q71734,Q45672743,,,,,,,,,,,,,,,,,,,,,,,,,,,,,,,,,,,,,,,,,,,,,
Q71737,Q45673241,,,,,,,,,,,,,,,,,,,,,,,,,,,,,,,,,,,,,,,,,,,,,
Q71740,Q45420608,,,,,,,,,,,,,,,,,,,,,,,,,,,,,,,,,,,,,,,,,,,,,
Q71743,Q20042194,,,,,,,,,,,,,,,,,,,,,,,,,,,,,,,,,,,,,,,,,,,,,
Q71746,Q45488601,,,,,,,,,,,,,,,,,,,,,,,,,,,,,,,,,,,,,,,,,,,,,
Q71749,Q45488156,,,,,,,,,,,,,,,,,,,,,,,,,,,,,,,,,,,,,,,,,,,,,
Q71752,Q45488346,,,,,,,,,,,,,,,,,,,,,,,,,,,,,,,,,,,,,,,,,,,,,
Q71755,Q45488410,,,,,,,,,,,,,,,,,,,,,,,,,,,,,,,,,,,,,,,,,,,,,
Q71758,Q5192709,,,,,,,,,,,,,,,,,,,,,,,,,,,,,,,,,,,,,,,,,,,,,
Q71761,Q45625706,,,,,,,,,,,,,,,,,,,,,,,,,,,,,,,,,,,,,,,,,,,,,
Q71764,Q45475500,,,,,,,,,,,,,,,,,,,,,,,,,,,,,,,,,,,,,,,,,,,,,
Q71767,Q45476580,,,,,,,,,,,,,,,,,,,,,,,,,,,,,,,,,,,,,,,,,,,,,
Q71770,Q45487775,,,,,,,,,,,,,,,,,,,,,,,,,,,,,,,,,,,,,,,,,,,,,
Q71773,Q45487838,,,,,,,,,,,,,,,,,,,,,,,,,,,,,,,,,,,,,,,,,,,,,
Q71776,Q65803045,,,,,,,,,,,,,,,,,,,,,,,,,,,,,,,,,,,,,,,,,,,,,
Q71779,Q45486620,,,,,,,,,,,,,,,,,,,,,,,,,,,,,,,,,,,,,,,,,,,,,
Q71782,Q45486429,,,,,,,,,,,,,,,,,,,,,,,,,,,,,,,,,,,,,,,,,,,,,
Q71785,Q22078967,,,,,,,,,,,,,,,,,,,,,,,,,,,,,,,,,,,,,,,,,,,,,
Q71788,Q45487008,,,,,,,,,,,,,,,,,,,,,,,,,,,,,,,,,,,,,,,,,,,,,
Q71791,Q45487580,,,,,,,,,,,,,,,,,,,,,,,,,,,,,,,,,,,,,,,,,,,,,
Q71794,Q45520543,,,,,,,,,,,,,,,,,,,,,,,,,,,,,,,,,,,,,,,,,,,,,
Q71797,Q45566180,,,,,,,,,,,,,,,,,,,,,,,,,,,,,,,,,,,,,,,,,,,,,
Q71800,Q45566307,,,,,,,,,,,,,,,,,,,,,,,,,,,,,,,,,,,,,,,,,,,,,
Q71803,Q7967676,,,,,,,,,,,,,,,,,,,,,,,,,,,,,,,,,,,,,,,,,,,,,
Q71806,Q45613974,,,,,,,,,,,,,,,,,,,,,,,,,,,,,,,,,,,,,,,,,,,,,
Q71809,Q5374499,,,,,,,,,,,,,,,,,,,,,,,,,,,,,,,,,,,,,,,,,,,,,
Q71812,Q8251320,,,,,,,,,,,,,,,,,,,,,,,,,,,,,,,,,,,,,,,,,,,,,
Q71815,Q65809786,,,,,,,,,,,,,,,,,,,,,,,,,,,,,,,,,,,,,,,,,,,,,
Q71818,Q9825,,,,,,,,,,,,,,,,,,,,,,,,,,,,,,,,,,,,,,,,,,,,,
Q71821,Q5168029,,,,,,,,,,,,,,,,,,,,,,,,,,,,,,,,,,,,,,,,,,,,,
Q71824,Q11131594,,,,,,,,,,,,,,,,,,,,,,,,,,,,,,,,,,,,,,,,,,,,,
Q71827,Q11096524,,,,,,,,,,,,,,,,,,,,,,,,,,,,,,,,,,,,,,,,,,,,,
Q71830,Q11073402,,,,,,,,,,,,,,,,,,,,,,,,,,,,,,,,,,,,,,,,,,,,,
Q71833,Q10332085,,,,,,,,,,,,,,,,,,,,,,,,,,,,,,,,,,,,,,,,,,,,,
Q71836,Q11095195,,,,,,,,,,,,,,,,,,,,,,,,,,,,,,,,,,,,,,,,,,,,,
Q71839,Q11096495,,,,,,,,,,,,,,,,,,,,,,,,,,,,,,,,,,,,,,,,,,,,,
Q71842,Q10335214,,,,,,,,,,,,,,,,,,,,,,,,,,,,,,,,,,,,,,,,,,,,,
Q71845,Q11096512,,,,,,,,,,,,,,,,,,,,,,,,,,,,,,,,,,,,,,,,,,,,,
Q71848,Q10335322,,,,,,,,,,,,,,,,,,,,,,,,,,,,,,,,,,,,,,,,,,,,,
Q71851,Q11096531,,,,,,,,,,,,,,,,,,,,,,,,,,,,,,,,,,,,,,,,,,,,,
Q71854,Q11096534,,,,,,,,,,,,,,,,,,,,,,,,,,,,,,,,,,,,,,,,,,,,,
Q71857,Q11096553,,,,,,,,,,,,,,,,,,,,,,,,,,,,,,,,,,,,,,,,,,,,,
Q71860,Q11096555,,,,,,,,,,,,,,,,,,,,,,,,,,,,,,,,,,,,,,,,,,,,,
Q71863,Q10335390,,,,,,,,,,,,,,,,,,,,,,,,,,,,,,,,,,,,,,,,,,,,,
Q71866,Q11096583,,,,,,,,,,,,,,,,,,,,,,,,,,,,,,,,,,,,,,,,,,,,,
Q71869,Q10335476,,,,,,,,,,,,,,,,,,,,,,,,,,,,,,,,,,,,,,,,,,,,,
Q71872,Q11096586,,,,,,,,,,,,,,,,,,,,,,,,,,,,,,,,,,,,,,,,,,,,,
Q71875,Q10335499,,,,,,,,,,,,,,,,,,,,,,,,,,,,,,,,,,,,,,,,,,,,,
Q71878,Q10877222,,,,,,,,,,,,,,,,,,,,,,,,,,,,,,,,,,,,,,,,,,,,,
Q71881,Q10877789,,,,,,,,,,,,,,,,,,,,,,,,,,,,,,,,,,,,,,,,,,,,,
Q71884,Q10941116,,,,,,,,,,,,,,,,,,,,,,,,,,,,,,,,,,,,,,,,,,,,,
Q71887,Q10946661,,,,,,,,,,,,,,,,,,,,,,,,,,,,,,,,,,,,,,,,,,,,,
Q71890,Q10949884,,,,,,,,,,,,,,,,,,,,,,,,,,,,,,,,,,,,,,,,,,,,,
Q71893,Q11089712,,,,,,,,,,,,,,,,,,,,,,,,,,,,,,,,,,,,,,,,,,,,,
Q71896,Q11113742,,,,,,,,,,,,,,,,,,,,,,,,,,,,,,,,,,,,,,,,,,,,,
Q71899,Q11131379,,,,,,,,,,,,,,,,,,,,,,,,,,,,,,,,,,,,,,,,,,,,,
Q71902,Q11132870,,,,,,,,,,,,,,,,,,,,,,,,,,,,,,,,,,,,,,,,,,,,,
Q71905,Q16603339,,,,,,,,,,,,,,,,,,,,,,,,,,,,,,,,,,,,,,,,,,,,,
Q71908,Q16603539,,,,,,,,,,,,,,,,,,,,,,,,,,,,,,,,,,,,,,,,,,,,,
Q71911,Q16603545,,,,,,,,,,,,,,,,,,,,,,,,,,,,,,,,,,,,,,,,,,,,,
Q71914,Q16603619,,,,,,,,,,,,,,,,,,,,,,,,,,,,,,,,,,,,,,,,,,,,,
Q71917,Q16603643,,,,,,,,,,,,,,,,,,,,,,,,,,,,,,,,,,,,,,,,,,,,,
Q71920,Q16603665,,,,,,,,,,,,,,,,,,,,,,,,,,,,,,,,,,,,,,,,,,,,,
Q71923,Q16603711,,,,,,,,,,,,,,,,,,,,,,,,,,,,,,,,,,,,,,,,,,,,,
Q71926,Q45517670,,,,,,,,,,,,,,,,,,,,,,,,,,,,,,,,,,,,,,,,,,,,,
Q71929,Q18908569,,,,,,,,,,,,,,,,,,,,,,,,,,,,,,,,,,,,,,,,,,,,,
Q71932,Q45569776,,,,,,,,,,,,,,,,,,,,,,,,,,,,,,,,,,,,,,,,,,,,,
Q71935,Q65808472,,,,,,,,,,,,,,,,,,,,,,,,,,,,,,,,,,,,,,,,,,,,,
Q71938,Q45518441,,,,,,,,,,,,,,,,,,,,,,,,,,,,,,,,,,,,,,,,,,,,,
Q71941,Q45632431,,,,,,,,,,,,,,,,,,,,,,,,,,,,,,,,,,,,,,,,,,,,,
Q71944,Q45519582,,,,,,,,,,,,,,,,,,,,,,,,,,,,,,,,,,,,,,,,,,,,,
Q71947,Q45501922,,,,,,,,,,,,,,,,,,,,,,,,,,,,,,,,,,,,,,,,,,,,,
Q71950,Q45548053,,,,,,,,,,,,,,,,,,,,,,,,,,,,,,,,,,,,,,,,,,,,,
Q71953,Q45548925,,,,,,,,,,,,,,,,,,,,,,,,,,,,,,,,,,,,,,,,,,,,,
Q71956,Q65808511,,,,,,,,,,,,,,,,,,,,,,,,,,,,,,,,,,,,,,,,,,,,,
Q71959,Q45547742,,,,,,,,,,,,,,,,,,,,,,,,,,,,,,,,,,,,,,,,,,,,,
Q71962,Q28413564,,,,,,,,,,,,,,,,,,,,,,,,,,,,,,,,,,,,,,,,,,,,,
Q71965,Q45547929,,,,,,,,,,,,,,,,,,,,,,,,,,,,,,,,,,,,,,,,,,,,,
Q71968,Q45549114,,,,,,,,,,,,,,,,,,,,,,,,,,,,,,,,,,,,,,,,,,,,,
Q71971,Q45548736,,,,,,,,,,,,,,,,,,,,,,,,,,,,,,,,,,,,,,,,,,,,,
Q71974,Q28413561,,,,,,,,,,,,,,,,,,,,,,,,,,,,,,,,,,,,,,,,,,,,,
Q71977,Q45549302,,,,,,,,,,,,,,,,,,,,,,,,,,,,,,,,,,,,,,,,,,,,,
Q71980,Q1567169,,,,,,,,,,,,,,,,,,,,,,,,,,,,,,,,,,,,,,,,,,,,,
Q71983,Q45475204,,,,,,,,,,,,,,,,,,,,,,,,,,,,,,,,,,,,,,,,,,,,,
Q71986,Q45475268,,,,,,,,,,,,,,,,,,,,,,,,,,,,,,,,,,,,,,,,,,,,,
Q71989,Q45475587,,,,,,,,,,,,,,,,,,,,,,,,,,,,,,,,,,,,,,,,,,,,,
Q71992,Q45475651,,,,,,,,,,,,,,,,,,,,,,,,,,,,,,,,,,,,,,,,,,,,,
Q71995,Q5299529,,,,,,,,,,,,,,,,,,,,,,,,,,,,,,,,,,,,,,,,,,,,,
Q71998,Q45605230,,,,,,,,,,,,,,,,,,,,,,,,,,,,,,,,,,,,,,,,,,,,,
Q72001,Q45619144,,,,,,,,,,,,,,,,,,,,,,,,,,,,,,,,,,,,,,,,,,,,,
Q72004,Q45536096,,,,,,,,,,,,,,,,,,,,,,,,,,,,,,,,,,,,,,,,,,,,,
Q72007,Q45543277,,,,,,,,,,,,,,,,,,,,,,,,,,,,,,,,,,,,,,,,,,,,,
Q72010,Q45419311,,,,,,,,,,,,,,,,,,,,,,,,,,,,,,,,,,,,,,,,,,,,,
Q72013,Q45597852,,,,,,,,,,,,,,,,,,,,,,,,,,,,,,,,,,,,,,,,,,,,,
Q72015,Q45499366,,,,,,,,,,,,,,,,,,,,,,,,,,,,,,,,,,,,,,,,,,,,,
Q72018,Q45542437,,,,,,,,,,,,,,,,,,,,,,,,,,,,,,,,,,,,,,,,,,,,,
Q72021,Q45678108,,,,,,,,,,,,,,,,,,,,,,,,,,,,,,,,,,,,,,,,,,,,,
Q72023,Q45678307,,,,,,,,,,,,,,,,,,,,,,,,,,,,,,,,,,,,,,,,,,,,,
Q72027,Q45678341,,,,,,,,,,,,,,,,,,,,,,,,,,,,,,,,,,,,,,,,,,,,,
Q72030,Q45418956,,,,,,,,,,,,,,,,,,,,,,,,,,,,,,,,,,,,,,,,,,,,,
Q72033,Q45657135,,,,,,,,,,,,,,,,,,,,,,,,,,,,,,,,,,,,,,,,,,,,,
Q72036,Q45553040,,,,,,,,,,,,,,,,,,,,,,,,,,,,,,,,,,,,,,,,,,,,,
Q72039,Q45552791,,,,,,,,,,,,,,,,,,,,,,,,,,,,,,,,,,,,,,,,,,,,,
Q72042,Q45591660,,,,,,,,,,,,,,,,,,,,,,,,,,,,,,,,,,,,,,,,,,,,,
Q72045,Q45519014,,,,,,,,,,,,,,,,,,,,,,,,,,,,,,,,,,,,,,,,,,,,,
Q72048,Q45519519,,,,,,,,,,,,,,,,,,,,,,,,,,,,,,,,,,,,,,,,,,,,,
Q72051,Q45519457,,,,,,,,,,,,,,,,,,,,,,,,,,,,,,,,,,,,,,,,,,,,,
Q72054,Q22813328,,,,,,,,,,,,,,,,,,,,,,,,,,,,,,,,,,,,,,,,,,,,,
Q72057,Q45609429,,,,,,,,,,,,,,,,,,,,,,,,,,,,,,,,,,,,,,,,,,,,,
Q72060,Q45609494,,,,,,,,,,,,,,,,,,,,,,,,,,,,,,,,,,,,,,,,,,,,,
Q72063,Q45610083,,,,,,,,,,,,,,,,,,,,,,,,,,,,,,,,,,,,,,,,,,,,,
Q72066,Q45609623,,,,,,,,,,,,,,,,,,,,,,,,,,,,,,,,,,,,,,,,,,,,,
Q72069,Q432000,,,,,,,,,,,,,,,,,,,,,,,,,,,,,,,,,,,,,,,,,,,,,
Q72072,Q5374488,,,,,,,,,,,,,,,,,,,,,,,,,,,,,,,,,,,,,,,,,,,,,
Q72075,Q5374495,,,,,,,,,,,,,,,,,,,,,,,,,,,,,,,,,,,,,,,,,,,,,
Q72078,Q8251397,,,,,,,,,,,,,,,,,,,,,,,,,,,,,,,,,,,,,,,,,,,,,
Q72081,Q17028204,,,,,,,,,,,,,,,,,,,,,,,,,,,,,,,,,,,,,,,,,,,,,
Q72084,Q9776,,,,,,,,,,,,,,,,,,,,,,,,,,,,,,,,,,,,,,,,,,,,,
Q72087,Q9790,,,,,,,,,,,,,,,,,,,,,,,,,,,,,,,,,,,,,,,,,,,,,
Q72090,Q9801,,,,,,,,,,,,,,,,,,,,,,,,,,,,,,,,,,,,,,,,,,,,,
Q72093,Q6538716,,,,,,,,,,,,,,,,,,,,,,,,,,,,,,,,,,,,,,,,,,,,,
Q72096,Q6539037,,,,,,,,,,,,,,,,,,,,,,,,,,,,,,,,,,,,,,,,,,,,,
Q72099,Q10877719,,,,,,,,,,,,,,,,,,,,,,,,,,,,,,,,,,,,,,,,,,,,,
Q72102,Q10877813,,,,,,,,,,,,,,,,,,,,,,,,,,,,,,,,,,,,,,,,,,,,,
Q72105,Q10946722,,,,,,,,,,,,,,,,,,,,,,,,,,,,,,,,,,,,,,,,,,,,,
Q72108,Q11064948,,,,,,,,,,,,,,,,,,,,,,,,,,,,,,,,,,,,,,,,,,,,,
Q72111,Q16603485,,,,,,,,,,,,,,,,,,,,,,,,,,,,,,,,,,,,,,,,,,,,,
Q72114,Q16603491,,,,,,,,,,,,,,,,,,,,,,,,,,,,,,,,,,,,,,,,,,,,,
Q72117,Q16603680,,,,,,,,,,,,,,,,,,,,,,,,,,,,,,,,,,,,,,,,,,,,,
Q72120,Q16603738,,,,,,,,,,,,,,,,,,,,,,,,,,,,,,,,,,,,,,,,,,,,,
Q72123,Q45604240,,,,,,,,,,,,,,,,,,,,,,,,,,,,,,,,,,,,,,,,,,,,,
Q72126,Q45604303,,,,,,,,,,,,,,,,,,,,,,,,,,,,,,,,,,,,,,,,,,,,,
Q72129,Q45604367,,,,,,,,,,,,,,,,,,,,,,,,,,,,,,,,,,,,,,,,,,,,,
Q72132,Q45604496,,,,,,,,,,,,,,,,,,,,,,,,,,,,,,,,,,,,,,,,,,,,,
Q72135,Q45604559,,,,,,,,,,,,,,,,,,,,,,,,,,,,,,,,,,,,,,,,,,,,,
Q72138,Q45604621,,,,,,,,,,,,,,,,,,,,,,,,,,,,,,,,,,,,,,,,,,,,,
Q72141,Q45605073,,,,,,,,,,,,,,,,,,,,,,,,,,,,,,,,,,,,,,,,,,,,,
Q72144,Q45605136,,,,,,,,,,,,,,,,,,,,,,,,,,,,,,,,,,,,,,,,,,,,,
Q72147,Q45605199,,,,,,,,,,,,,,,,,,,,,,,,,,,,,,,,,,,,,,,,,,,,,
Q72150,Q45605261,,,,,,,,,,,,,,,,,,,,,,,,,,,,,,,,,,,,,,,,,,,,,
Q72153,Q45485150,,,,,,,,,,,,,,,,,,,,,,,,,,,,,,,,,,,,,,,,,,,,,
Q72156,Q7800125,,,,,,,,,,,,,,,,,,,,,,,,,,,,,,,,,,,,,,,,,,,,,
Q72159,Q45604817,,,,,,,,,,,,,,,,,,,,,,,,,,,,,,,,,,,,,,,,,,,,,
Q72162,Q45604882,,,,,,,,,,,,,,,,,,,,,,,,,,,,,,,,,,,,,,,,,,,,,
Q72165,Q45604945,,,,,,,,,,,,,,,,,,,,,,,,,,,,,,,,,,,,,,,,,,,,,
Q72168,Q45421705,,,,,,,,,,,,,,,,,,,,,,,,,,,,,,,,,,,,,,,,,,,,,
Q72171,Q45635493,,,,,,,,,,,,,,,,,,,,,,,,,,,,,,,,,,,,,,,,,,,,,
Q72174,Q65808609,,,,,,,,,,,,,,,,,,,,,,,,,,,,,,,,,,,,,,,,,,,,,
Q72177,Q45652678,,,,,,,,,,,,,,,,,,,,,,,,,,,,,,,,,,,,,,,,,,,,,
Q72180,Q45486251,,,,,,,,,,,,,,,,,,,,,,,,,,,,,,,,,,,,,,,,,,,,,
Q72183,Q45486315,,,,,,,,,,,,,,,,,,,,,,,,,,,,,,,,,,,,,,,,,,,,,
Q72186,Q48894901,,,,,,,,,,,,,,,,,,,,,,,,,,,,,,,,,,,,,,,,,,,,,
Q72189,Q45598391,,,,,,,,,,,,,,,,,,,,,,,,,,,,,,,,,,,,,,,,,,,,,
Q72192,Q45598019,,,,,,,,,,,,,,,,,,,,,,,,,,,,,,,,,,,,,,,,,,,,,
Q72195,Q45455874,,,,,,,,,,,,,,,,,,,,,,,,,,,,,,,,,,,,,,,,,,,,,
Q72198,Q45609050,,,,,,,,,,,,,,,,,,,,,,,,,,,,,,,,,,,,,,,,,,,,,
Q72201,Q45460751,,,,,,,,,,,,,,,,,,,,,,,,,,,,,,,,,,,,,,,,,,,,,
Q72204,Q45454153,,,,,,,,,,,,,,,,,,,,,,,,,,,,,,,,,,,,,,,,,,,,,
Q72207,Q45454217,,,,,,,,,,,,,,,,,,,,,,,,,,,,,,,,,,,,,,,,,,,,,
Q72210,Q45454671,,,,,,,,,,,,,,,,,,,,,,,,,,,,,,,,,,,,,,,,,,,,,
Q72213,Q45454735,,,,,,,,,,,,,,,,,,,,,,,,,,,,,,,,,,,,,,,,,,,,,
Q72216,Q65803057,,,,,,,,,,,,,,,,,,,,,,,,,,,,,,,,,,,,,,,,,,,,,
Q72219,Q45450077,,,,,,,,,,,,,,,,,,,,,,,,,,,,,,,,,,,,,,,,,,,,,
Q72222,Q45422801,,,,,,,,,,,,,,,,,,,,,,,,,,,,,,,,,,,,,,,,,,,,,
Q72225,Q95026903,,,,,,,,,,,,,,,,,,,,,,,,,,,,,,,,,,,,,,,,,,,,,
Q72228,Q8044212,,,,,,,,,,,,,,,,,,,,,,,,,,,,,,,,,,,,,,,,,,,,,
Q72231,Q45608010,,,,,,,,,,,,,,,,,,,,,,,,,,,,,,,,,,,,,,,,,,,,,
Q72234,Q45684325,,,,,,,,,,,,,,,,,,,,,,,,,,,,,,,,,,,,,,,,,,,,,
Q72237,Q45684357,,,,,,,,,,,,,,,,,,,,,,,,,,,,,,,,,,,,,,,,,,,,,
Q72240,Q45684418,,,,,,,,,,,,,,,,,,,,,,,,,,,,,,,,,,,,,,,,,,,,,
Q72243,Q45684451,,,,,,,,,,,,,,,,,,,,,,,,,,,,,,,,,,,,,,,,,,,,,
Q72246,Q45684513,,,,,,,,,,,,,,,,,,,,,,,,,,,,,,,,,,,,,,,,,,,,,
Q72249,Q11625169,,,,,,,,,,,,,,,,,,,,,,,,,,,,,,,,,,,,,,,,,,,,,
Q72252,Q45683239,,,,,,,,,,,,,,,,,,,,,,,,,,,,,,,,,,,,,,,,,,,,,
Q72255,Q45683427,,,,,,,,,,,,,,,,,,,,,,,,,,,,,,,,,,,,,,,,,,,,,
Q72258,Q45683488,,,,,,,,,,,,,,,,,,,,,,,,,,,,,,,,,,,,,,,,,,,,,
Q72261,Q11564087,,,,,,,,,,,,,,,,,,,,,,,,,,,,,,,,,,,,,,,,,,,,,
Q72264,Q45420413,,,,,,,,,,,,,,,,,,,,,,,,,,,,,,,,,,,,,,,,,,,,,
Q72267,Q45420419,,,,,,,,,,,,,,,,,,,,,,,,,,,,,,,,,,,,,,,,,,,,,
Q72270,Q45422428,,,,,,,,,,,,,,,,,,,,,,,,,,,,,,,,,,,,,,,,,,,,,
Q72273,Q45420685,,,,,,,,,,,,,,,,,,,,,,,,,,,,,,,,,,,,,,,,,,,,,
Q72276,Q45664539,,,,,,,,,,,,,,,,,,,,,,,,,,,,,,,,,,,,,,,,,,,,,
Q72279,Q45420691,,,,,,,,,,,,,,,,,,,,,,,,,,,,,,,,,,,,,,,,,,,,,
Q72282,Q45665403,,,,,,,,,,,,,,,,,,,,,,,,,,,,,,,,,,,,,,,,,,,,,
Q72285,Q45665457,,,,,,,,,,,,,,,,,,,,,,,,,,,,,,,,,,,,,,,,,,,,,
Q72288,Q45665511,,,,,,,,,,,,,,,,,,,,,,,,,,,,,,,,,,,,,,,,,,,,,
Q72291,Q45665565,,,,,,,,,,,,,,,,,,,,,,,,,,,,,,,,,,,,,,,,,,,,,
Q72294,Q45665620,,,,,,,,,,,,,,,,,,,,,,,,,,,,,,,,,,,,,,,,,,,,,
Q72297,Q45665351,,,,,,,,,,,,,,,,,,,,,,,,,,,,,,,,,,,,,,,,,,,,,
Q72300,Q45665297,,,,,,,,,,,,,,,,,,,,,,,,,,,,,,,,,,,,,,,,,,,,,
Q72303,Q45419627,,,,,,,,,,,,,,,,,,,,,,,,,,,,,,,,,,,,,,,,,,,,,
Q72306,Q45418174,,,,,,,,,,,,,,,,,,,,,,,,,,,,,,,,,,,,,,,,,,,,,
Q72309,Q65803094,,,,,,,,,,,,,,,,,,,,,,,,,,,,,,,,,,,,,,,,,,,,,
Q72312,Q65801417,,,,,,,,,,,,,,,,,,,,,,,,,,,,,,,,,,,,,,,,,,,,,
Q72315,Q45555254,,,,,,,,,,,,,,,,,,,,,,,,,,,,,,,,,,,,,,,,,,,,,
Q72318,Q45500077,,,,,,,,,,,,,,,,,,,,,,,,,,,,,,,,,,,,,,,,,,,,,
Q72321,Q45419324,,,,,,,,,,,,,,,,,,,,,,,,,,,,,,,,,,,,,,,,,,,,,
Q72324,Q45419328,,,,,,,,,,,,,,,,,,,,,,,,,,,,,,,,,,,,,,,,,,,,,
Q72327,Q45419329,,,,,,,,,,,,,,,,,,,,,,,,,,,,,,,,,,,,,,,,,,,,,
Q72330,Q45419332,,,,,,,,,,,,,,,,,,,,,,,,,,,,,,,,,,,,,,,,,,,,,
Q72333,Q8070402,,,,,,,,,,,,,,,,,,,,,,,,,,,,,,,,,,,,,,,,,,,,,
Q72336,Q8070147,,,,,,,,,,,,,,,,,,,,,,,,,,,,,,,,,,,,,,,,,,,,,
Q72339,Q45436770,,,,,,,,,,,,,,,,,,,,,,,,,,,,,,,,,,,,,,,,,,,,,
Q72342,Q66310093,,,,,,,,,,,,,,,,,,,,,,,,,,,,,,,,,,,,,,,,,,,,,
Q72345,Q45419741,,,,,,,,,,,,,,,,,,,,,,,,,,,,,,,,,,,,,,,,,,,,,
Q72348,Q45586583,,,,,,,,,,,,,,,,,,,,,,,,,,,,,,,,,,,,,,,,,,,,,
Q72351,Q45419743,,,,,,,,,,,,,,,,,,,,,,,,,,,,,,,,,,,,,,,,,,,,,
Q72354,Q11626866,,,,,,,,,,,,,,,,,,,,,,,,,,,,,,,,,,,,,,,,,,,,,
Q72357,Q45662286,,,,,,,,,,,,,,,,,,,,,,,,,,,,,,,,,,,,,,,,,,,,,
Q72360,Q45488783,,,,,,,,,,,,,,,,,,,,,,,,,,,,,,,,,,,,,,,,,,,,,
Q72363,Q45532544,,,,,,,,,,,,,,,,,,,,,,,,,,,,,,,,,,,,,,,,,,,,,
Q72366,Q45461915,,,,,,,,,,,,,,,,,,,,,,,,,,,,,,,,,,,,,,,,,,,,,
Q72369,Q45462043,,,,,,,,,,,,,,,,,,,,,,,,,,,,,,,,,,,,,,,,,,,,,
Q72372,Q1562462,,,,,,,,,,,,,,,,,,,,,,,,,,,,,,,,,,,,,,,,,,,,,
Q72375,Q45617065,,,,,,,,,,,,,,,,,,,,,,,,,,,,,,,,,,,,,,,,,,,,,
Q72378,Q45683397,,,,,,,,,,,,,,,,,,,,,,,,,,,,,,,,,,,,,,,,,,,,,
Q72381,Q45683274,,,,,,,,,,,,,,,,,,,,,,,,,,,,,,,,,,,,,,,,,,,,,
Q72384,Q65805383,,,,,,,,,,,,,,,,,,,,,,,,,,,,,,,,,,,,,,,,,,,,,
Q72387,Q45615668,,,,,,,,,,,,,,,,,,,,,,,,,,,,,,,,,,,,,,,,,,,,,
Q72390,Q45422156,,,,,,,,,,,,,,,,,,,,,,,,,,,,,,,,,,,,,,,,,,,,,
Q72393,Q76000612,,,,,,,,,,,,,,,,,,,,,,,,,,,,,,,,,,,,,,,,,,,,,
Q72396,Q45489504,,,,,,,,,,,,,,,,,,,,,,,,,,,,,,,,,,,,,,,,,,,,,
Q72399,Q45530108,,,,,,,,,,,,,,,,,,,,,,,,,,,,,,,,,,,,,,,,,,,,,
Q72402,Q45598889,,,,,,,,,,,,,,,,,,,,,,,,,,,,,,,,,,,,,,,,,,,,,
Q72405,Q45487573,,,,,,,,,,,,,,,,,,,,,,,,,,,,,,,,,,,,,,,,,,,,,
Q72408,Q45445711,,,,,,,,,,,,,,,,,,,,,,,,,,,,,,,,,,,,,,,,,,,,,
Q72411,Q45502463,,,,,,,,,,,,,,,,,,,,,,,,,,,,,,,,,,,,,,,,,,,,,
Q72414,Q45503036,,,,,,,,,,,,,,,,,,,,,,,,,,,,,,,,,,,,,,,,,,,,,
Q72417,Q45504193,,,,,,,,,,,,,,,,,,,,,,,,,,,,,,,,,,,,,,,,,,,,,
Q72420,Q45504826,,,,,,,,,,,,,,,,,,,,,,,,,,,,,,,,,,,,,,,,,,,,,
Q72423,Q45506600,,,,,,,,,,,,,,,,,,,,,,,,,,,,,,,,,,,,,,,,,,,,,
Q72426,Q45524876,,,,,,,,,,,,,,,,,,,,,,,,,,,,,,,,,,,,,,,,,,,,,
Q72429,Q45524939,,,,,,,,,,,,,,,,,,,,,,,,,,,,,,,,,,,,,,,,,,,,,
Q72432,Q45525258,,,,,,,,,,,,,,,,,,,,,,,,,,,,,,,,,,,,,,,,,,,,,
Q72435,Q45525422,,,,,,,,,,,,,,,,,,,,,,,,,,,,,,,,,,,,,,,,,,,,,
Q72438,Q45525806,,,,,,,,,,,,,,,,,,,,,,,,,,,,,,,,,,,,,,,,,,,,,
Q72441,Q45677942,,,,,,,,,,,,,,,,,,,,,,,,,,,,,,,,,,,,,,,,,,,,,
Q72444,Q45532541,,,,,,,,,,,,,,,,,,,,,,,,,,,,,,,,,,,,,,,,,,,,,
Q72447,Q65806010,,,,,,,,,,,,,,,,,,,,,,,,,,,,,,,,,,,,,,,,,,,,,
Q72450,Q45437148,,,,,,,,,,,,,,,,,,,,,,,,,,,,,,,,,,,,,,,,,,,,,
Q72453,Q45528305,,,,,,,,,,,,,,,,,,,,,,,,,,,,,,,,,,,,,,,,,,,,,
Q72456,Q45528366,,,,,,,,,,,,,,,,,,,,,,,,,,,,,,,,,,,,,,,,,,,,,
Q72459,Q45528492,,,,,,,,,,,,,,,,,,,,,,,,,,,,,,,,,,,,,,,,,,,,,
Q72462,Q45528554,,,,,,,,,,,,,,,,,,,,,,,,,,,,,,,,,,,,,,,,,,,,,
Q72465,Q45451064,,,,,,,,,,,,,,,,,,,,,,,,,,,,,,,,,,,,,,,,,,,,,
Q72468,Q45394583,,,,,,,,,,,,,,,,,,,,,,,,,,,,,,,,,,,,,,,,,,,,,
Q72471,Q45446745,,,,,,,,,,,,,,,,,,,,,,,,,,,,,,,,,,,,,,,,,,,,,
Q72474,Q45531540,,,,,,,,,,,,,,,,,,,,,,,,,,,,,,,,,,,,,,,,,,,,,
Q72477,Q45531603,,,,,,,,,,,,,,,,,,,,,,,,,,,,,,,,,,,,,,,,,,,,,
Q72480,Q45531665,,,,,,,,,,,,,,,,,,,,,,,,,,,,,,,,,,,,,,,,,,,,,
Q72483,Q45531729,,,,,,,,,,,,,,,,,,,,,,,,,,,,,,,,,,,,,,,,,,,,,
Q72486,Q45531854,,,,,,,,,,,,,,,,,,,,,,,,,,,,,,,,,,,,,,,,,,,,,
Q72489,Q45531916,,,,,,,,,,,,,,,,,,,,,,,,,,,,,,,,,,,,,,,,,,,,,
Q72492,Q5521625,,,,,,,,,,,,,,,,,,,,,,,,,,,,,,,,,,,,,,,,,,,,,
Q72495,Q45515679,,,,,,,,,,,,,,,,,,,,,,,,,,,,,,,,,,,,,,,,,,,,,
Q72498,Q45515743,,,,,,,,,,,,,,,,,,,,,,,,,,,,,,,,,,,,,,,,,,,,,
Q72501,Q45515806,,,,,,,,,,,,,,,,,,,,,,,,,,,,,,,,,,,,,,,,,,,,,
Q72504,Q45677198,,,,,,,,,,,,,,,,,,,,,,,,,,,,,,,,,,,,,,,,,,,,,
Q72507,Q45677234,,,,,,,,,,,,,,,,,,,,,,,,,,,,,,,,,,,,,,,,,,,,,
Q72510,Q45516504,,,,,,,,,,,,,,,,,,,,,,,,,,,,,,,,,,,,,,,,,,,,,
Q72513,Q45437579,,,,,,,,,,,,,,,,,,,,,,,,,,,,,,,,,,,,,,,,,,,,,
Q72516,Q45438206,,,,,,,,,,,,,,,,,,,,,,,,,,,,,,,,,,,,,,,,,,,,,
Q72521,Q45438965,,,,,,,,,,,,,,,,,,,,,,,,,,,,,,,,,,,,,,,,,,,,,
Q72524,Q45643669,,,,,,,,,,,,,,,,,,,,,,,,,,,,,,,,,,,,,,,,,,,,,
Q72527,Q45644170,,,,,,,,,,,,,,,,,,,,,,,,,,,,,,,,,,,,,,,,,,,,,
Q72530,Q45644351,,,,,,,,,,,,,,,,,,,,,,,,,,,,,,,,,,,,,,,,,,,,,
Q72533,Q45418672,,,,,,,,,,,,,,,,,,,,,,,,,,,,,,,,,,,,,,,,,,,,,
Q72536,Q56260493,,,,,,,,,,,,,,,,,,,,,,,,,,,,,,,,,,,,,,,,,,,,,
Q72539,Q18905665,,,,,,,,,,,,,,,,,,,,,,,,,,,,,,,,,,,,,,,,,,,,,
Q72542,Q26197264,,,,,,,,,,,,,,,,,,,,,,,,,,,,,,,,,,,,,,,,,,,,,
Q72545,Q26197265,,,,,,,,,,,,,,,,,,,,,,,,,,,,,,,,,,,,,,,,,,,,,
Q72548,Q26197267,,,,,,,,,,,,,,,,,,,,,,,,,,,,,,,,,,,,,,,,,,,,,
Q72551,Q26197268,,,,,,,,,,,,,,,,,,,,,,,,,,,,,,,,,,,,,,,,,,,,,
Q72554,Q26197270,,,,,,,,,,,,,,,,,,,,,,,,,,,,,,,,,,,,,,,,,,,,,
Q72557,Q26197271,,,,,,,,,,,,,,,,,,,,,,,,,,,,,,,,,,,,,,,,,,,,,
Q72560,Q26197272,,,,,,,,,,,,,,,,,,,,,,,,,,,,,,,,,,,,,,,,,,,,,
Q72563,Q26197273,,,,,,,,,,,,,,,,,,,,,,,,,,,,,,,,,,,,,,,,,,,,,
Q72566,Q26186527,,,,,,,,,,,,,,,,,,,,,,,,,,,,,,,,,,,,,,,,,,,,,
Q72569,Q26186529,,,,,,,,,,,,,,,,,,,,,,,,,,,,,,,,,,,,,,,,,,,,,
Q72572,Q26186624,,,,,,,,,,,,,,,,,,,,,,,,,,,,,,,,,,,,,,,,,,,,,
Q72575,Q45419924,,,,,,,,,,,,,,,,,,,,,,,,,,,,,,,,,,,,,,,,,,,,,
Q72578,Q26158973,,,,,,,,,,,,,,,,,,,,,,,,,,,,,,,,,,,,,,,,,,,,,
Q72581,Q26159569,,,,,,,,,,,,,,,,,,,,,,,,,,,,,,,,,,,,,,,,,,,,,
Q72584,Q45639319,,,,,,,,,,,,,,,,,,,,,,,,,,,,,,,,,,,,,,,,,,,,,
Q72587,Q26159584,,,,,,,,,,,,,,,,,,,,,,,,,,,,,,,,,,,,,,,,,,,,,
Q72590,Q45578172,,,,,,,,,,,,,,,,,,,,,,,,,,,,,,,,,,,,,,,,,,,,,
Q72593,Q45579257,,,,,,,,,,,,,,,,,,,,,,,,,,,,,,,,,,,,,,,,,,,,,
Q72596,Q26158022,,,,,,,,,,,,,,,,,,,,,,,,,,,,,,,,,,,,,,,,,,,,,
Q72599,Q45587679,,,,,,,,,,,,,,,,,,,,,,,,,,,,,,,,,,,,,,,,,,,,,
Q72602,Q45586018,,,,,,,,,,,,,,,,,,,,,,,,,,,,,,,,,,,,,,,,,,,,,
Q72605,Q45586402,,,,,,,,,,,,,,,,,,,,,,,,,,,,,,,,,,,,,,,,,,,,,
Q72608,Q45586467,,,,,,,,,,,,,,,,,,,,,,,,,,,,,,,,,,,,,,,,,,,,,
Q72611,Q45587296,,,,,,,,,,,,,,,,,,,,,,,,,,,,,,,,,,,,,,,,,,,,,
Q72614,Q11581523,,,,,,,,,,,,,,,,,,,,,,,,,,,,,,,,,,,,,,,,,,,,,
Q72617,Q17995553,,,,,,,,,,,,,,,,,,,,,,,,,,,,,,,,,,,,,,,,,,,,,
Q72620,Q45476371,,,,,,,,,,,,,,,,,,,,,,,,,,,,,,,,,,,,,,,,,,,,,
Q72623,Q45588820,,,,,,,,,,,,,,,,,,,,,,,,,,,,,,,,,,,,,,,,,,,,,
Q72626,Q18233840,,,,,,,,,,,,,,,,,,,,,,,,,,,,,,,,,,,,,,,,,,,,,
Q72629,Q76011050,,,,,,,,,,,,,,,,,,,,,,,,,,,,,,,,,,,,,,,,,,,,,
Q72632,Q24831655,,,,,,,,,,,,,,,,,,,,,,,,,,,,,,,,,,,,,,,,,,,,,
Q72635,Q30942534,,,,,,,,,,,,,,,,,,,,,,,,,,,,,,,,,,,,,,,,,,,,,
Q72638,Q45495663,,,,,,,,,,,,,,,,,,,,,,,,,,,,,,,,,,,,,,,,,,,,,
Q72641,Q45591113,,,,,,,,,,,,,,,,,,,,,,,,,,,,,,,,,,,,,,,,,,,,,
Q72644,Q45588755,,,,,,,,,,,,,,,,,,,,,,,,,,,,,,,,,,,,,,,,,,,,,
Q72647,Q45419933,,,,,,,,,,,,,,,,,,,,,,,,,,,,,,,,,,,,,,,,,,,,,
Q72650,Q45505746,,,,,,,,,,,,,,,,,,,,,,,,,,,,,,,,,,,,,,,,,,,,,
Q72653,Q45592726,,,,,,,,,,,,,,,,,,,,,,,,,,,,,,,,,,,,,,,,,,,,,
Q72656,Q45592979,,,,,,,,,,,,,,,,,,,,,,,,,,,,,,,,,,,,,,,,,,,,,
Q72659,Q45593358,,,,,,,,,,,,,,,,,,,,,,,,,,,,,,,,,,,,,,,,,,,,,
Q72662,Q45593421,,,,,,,,,,,,,,,,,,,,,,,,,,,,,,,,,,,,,,,,,,,,,
Q72665,Q45593738,,,,,,,,,,,,,,,,,,,,,,,,,,,,,,,,,,,,,,,,,,,,,
Q72668,Q18906158,,,,,,,,,,,,,,,,,,,,,,,,,,,,,,,,,,,,,,,,,,,,,
Q72671,Q45590815,,,,,,,,,,,,,,,,,,,,,,,,,,,,,,,,,,,,,,,,,,,,,
Q72674,Q45590879,,,,,,,,,,,,,,,,,,,,,,,,,,,,,,,,,,,,,,,,,,,,,
Q72677,Q45590943,,,,,,,,,,,,,,,,,,,,,,,,,,,,,,,,,,,,,,,,,,,,,
Q72680,Q45493072,,,,,,,,,,,,,,,,,,,,,,,,,,,,,,,,,,,,,,,,,,,,,
Q72683,Q45498662,,,,,,,,,,,,,,,,,,,,,,,,,,,,,,,,,,,,,,,,,,,,,
Q72686,Q15938150,,,,,,,,,,,,,,,,,,,,,,,,,,,,,,,,,,,,,,,,,,,,,
Q72689,Q15936531,,,,,,,,,,,,,,,,,,,,,,,,,,,,,,,,,,,,,,,,,,,,,
Q72692,Q16905435,,,,,,,,,,,,,,,,,,,,,,,,,,,,,,,,,,,,,,,,,,,,,
Q72695,Q15914267,,,,,,,,,,,,,,,,,,,,,,,,,,,,,,,,,,,,,,,,,,,,,
Q72698,Q15927497,,,,,,,,,,,,,,,,,,,,,,,,,,,,,,,,,,,,,,,,,,,,,
Q72701,Q15924586,,,,,,,,,,,,,,,,,,,,,,,,,,,,,,,,,,,,,,,,,,,,,
Q72704,Q15941783,,,,,,,,,,,,,,,,,,,,,,,,,,,,,,,,,,,,,,,,,,,,,
Q72707,Q15933838,,,,,,,,,,,,,,,,,,,,,,,,,,,,,,,,,,,,,,,,,,,,,
Q72710,Q26209272,,,,,,,,,,,,,,,,,,,,,,,,,,,,,,,,,,,,,,,,,,,,,
Q72713,Q83875803,,,,,,,,,,,,,,,,,,,,,,,,,,,,,,,,,,,,,,,,,,,,,
Q72716,Q21094168,,,,,,,,,,,,,,,,,,,,,,,,,,,,,,,,,,,,,,,,,,,,,
Q72719,Q26157944,,,,,,,,,,,,,,,,,,,,,,,,,,,,,,,,,,,,,,,,,,,,,
Q72722,Q19853831,,,,,,,,,,,,,,,,,,,,,,,,,,,,,,,,,,,,,,,,,,,,,
Q72725,Q26158233,,,,,,,,,,,,,,,,,,,,,,,,,,,,,,,,,,,,,,,,,,,,,
Q72728,Q45558405,,,,,,,,,,,,,,,,,,,,,,,,,,,,,,,,,,,,,,,,,,,,,
Q72731,Q16905325,,,,,,,,,,,,,,,,,,,,,,,,,,,,,,,,,,,,,,,,,,,,,
Q72734,Q26158277,,,,,,,,,,,,,,,,,,,,,,,,,,,,,,,,,,,,,,,,,,,,,
Q72737,Q45554140,,,,,,,,,,,,,,,,,,,,,,,,,,,,,,,,,,,,,,,,,,,,,
Q72740,Q15909543,,,,,,,,,,,,,,,,,,,,,,,,,,,,,,,,,,,,,,,,,,,,,
Q72743,Q45558534,,,,,,,,,,,,,,,,,,,,,,,,,,,,,,,,,,,,,,,,,,,,,
Q72746,Q45552328,,,,,,,,,,,,,,,,,,,,,,,,,,,,,,,,,,,,,,,,,,,,,
Q72749,Q45552824,,,,,,,,,,,,,,,,,,,,,,,,,,,,,,,,,,,,,,,,,,,,,
Q72752,Q45553577,,,,,,,,,,,,,,,,,,,,,,,,,,,,,,,,,,,,,,,,,,,,,
Q72755,Q17239387,,,,,,,,,,,,,,,,,,,,,,,,,,,,,,,,,,,,,,,,,,,,,
Q72758,Q11573115,,,,,,,,,,,,,,,,,,,,,,,,,,,,,,,,,,,,,,,,,,,,,
Q72761,Q26158166,,,,,,,,,,,,,,,,,,,,,,,,,,,,,,,,,,,,,,,,,,,,,
Q72764,Q45542687,,,,,,,,,,,,,,,,,,,,,,,,,,,,,,,,,,,,,,,,,,,,,
Q72767,Q11097412,,,,,,,,,,,,,,,,,,,,,,,,,,,,,,,,,,,,,,,,,,,,,
Q72770,Q18118152,,,,,,,,,,,,,,,,,,,,,,,,,,,,,,,,,,,,,,,,,,,,,
Q72773,Q26158202,,,,,,,,,,,,,,,,,,,,,,,,,,,,,,,,,,,,,,,,,,,,,
Q72776,Q45546884,,,,,,,,,,,,,,,,,,,,,,,,,,,,,,,,,,,,,,,,,,,,,
Q72779,Q45549760,,,,,,,,,,,,,,,,,,,,,,,,,,,,,,,,,,,,,,,,,,,,,
Q72782,Q45549821,,,,,,,,,,,,,,,,,,,,,,,,,,,,,,,,,,,,,,,,,,,,,
Q72785,Q45550262,,,,,,,,,,,,,,,,,,,,,,,,,,,,,,,,,,,,,,,,,,,,,
Q72788,Q45550516,,,,,,,,,,,,,,,,,,,,,,,,,,,,,,,,,,,,,,,,,,,,,
Q72791,Q45550577,,,,,,,,,,,,,,,,,,,,,,,,,,,,,,,,,,,,,,,,,,,,,
Q72793,Q45550948,,,,,,,,,,,,,,,,,,,,,,,,,,,,,,,,,,,,,,,,,,,,,
Q72796,Q45551013,,,,,,,,,,,,,,,,,,,,,,,,,,,,,,,,,,,,,,,,,,,,,
Q72799,Q17025705,,,,,,,,,,,,,,,,,,,,,,,,,,,,,,,,,,,,,,,,,,,,,
Q72802,Q15950562,,,,,,,,,,,,,,,,,,,,,,,,,,,,,,,,,,,,,,,,,,,,,
Q72805,Q45551515,,,,,,,,,,,,,,,,,,,,,,,,,,,,,,,,,,,,,,,,,,,,,
Q72808,Q45496474,,,,,,,,,,,,,,,,,,,,,,,,,,,,,,,,,,,,,,,,,,,,,
Q72811,Q45495953,,,,,,,,,,,,,,,,,,,,,,,,,,,,,,,,,,,,,,,,,,,,,
Q72814,Q45533309,,,,,,,,,,,,,,,,,,,,,,,,,,,,,,,,,,,,,,,,,,,,,
Q72817,Q45495695,,,,,,,,,,,,,,,,,,,,,,,,,,,,,,,,,,,,,,,,,,,,,
Q72820,Q65805374,,,,,,,,,,,,,,,,,,,,,,,,,,,,,,,,,,,,,,,,,,,,,
Q72823,Q45613467,,,,,,,,,,,,,,,,,,,,,,,,,,,,,,,,,,,,,,,,,,,,,
Q72826,Q45527827,,,,,,,,,,,,,,,,,,,,,,,,,,,,,,,,,,,,,,,,,,,,,
Q72829,Q45493838,,,,,,,,,,,,,,,,,,,,,,,,,,,,,,,,,,,,,,,,,,,,,
Q72832,Q45422425,,,,,,,,,,,,,,,,,,,,,,,,,,,,,,,,,,,,,,,,,,,,,
Q72835,Q45422450,,,,,,,,,,,,,,,,,,,,,,,,,,,,,,,,,,,,,,,,,,,,,
Q72838,Q45422437,,,,,,,,,,,,,,,,,,,,,,,,,,,,,,,,,,,,,,,,,,,,,
Q72841,Q45422458,,,,,,,,,,,,,,,,,,,,,,,,,,,,,,,,,,,,,,,,,,,,,
Q72844,Q45422460,,,,,,,,,,,,,,,,,,,,,,,,,,,,,,,,,,,,,,,,,,,,,
Q72847,Q16078400,,,,,,,,,,,,,,,,,,,,,,,,,,,,,,,,,,,,,,,,,,,,,
Q72850,Q22813897,,,,,,,,,,,,,,,,,,,,,,,,,,,,,,,,,,,,,,,,,,,,,
Q72853,Q17990302,,,,,,,,,,,,,,,,,,,,,,,,,,,,,,,,,,,,,,,,,,,,,
Q72856,Q11053318,,,,,,,,,,,,,,,,,,,,,,,,,,,,,,,,,,,,,,,,,,,,,
Q72859,Q45501363,,,,,,,,,,,,,,,,,,,,,,,,,,,,,,,,,,,,,,,,,,,,,
Q72862,Q76013948,,,,,,,,,,,,,,,,,,,,,,,,,,,,,,,,,,,,,,,,,,,,,
Q72865,Q45466712,,,,,,,,,,,,,,,,,,,,,,,,,,,,,,,,,,,,,,,,,,,,,
Q72868,Q45419403,,,,,,,,,,,,,,,,,,,,,,,,,,,,,,,,,,,,,,,,,,,,,
Q72871,Q20063239,,,,,,,,,,,,,,,,,,,,,,,,,,,,,,,,,,,,,,,,,,,,,
Q72874,Q15908755,,,,,,,,,,,,,,,,,,,,,,,,,,,,,,,,,,,,,,,,,,,,,
Q72877,Q45466980,,,,,,,,,,,,,,,,,,,,,,,,,,,,,,,,,,,,,,,,,,,,,
Q72880,Q45502962,,,,,,,,,,,,,,,,,,,,,,,,,,,,,,,,,,,,,,,,,,,,,
Q72883,Q45503025,,,,,,,,,,,,,,,,,,,,,,,,,,,,,,,,,,,,,,,,,,,,,
Q72886,Q45533371,,,,,,,,,,,,,,,,,,,,,,,,,,,,,,,,,,,,,,,,,,,,,
Q72889,Q45536634,,,,,,,,,,,,,,,,,,,,,,,,,,,,,,,,,,,,,,,,,,,,,
Q72892,Q45451222,,,,,,,,,,,,,,,,,,,,,,,,,,,,,,,,,,,,,,,,,,,,,
Q72895,Q45585266,,,,,,,,,,,,,,,,,,,,,,,,,,,,,,,,,,,,,,,,,,,,,
Q72898,Q20041586,,,,,,,,,,,,,,,,,,,,,,,,,,,,,,,,,,,,,,,,,,,,,
Q72901,Q45461238,,,,,,,,,,,,,,,,,,,,,,,,,,,,,,,,,,,,,,,,,,,,,
Q72904,Q45421843,,,,,,,,,,,,,,,,,,,,,,,,,,,,,,,,,,,,,,,,,,,,,
Q72907,Q45401095,,,,,,,,,,,,,,,,,,,,,,,,,,,,,,,,,,,,,,,,,,,,,
Q72910,Q45567075,,,,,,,,,,,,,,,,,,,,,,,,,,,,,,,,,,,,,,,,,,,,,
Q72913,Q17025847,,,,,,,,,,,,,,,,,,,,,,,,,,,,,,,,,,,,,,,,,,,,,
Q72916,Q45567328,,,,,,,,,,,,,,,,,,,,,,,,,,,,,,,,,,,,,,,,,,,,,
Q72919,Q45568474,,,,,,,,,,,,,,,,,,,,,,,,,,,,,,,,,,,,,,,,,,,,,
Q72922,Q45640199,,,,,,,,,,,,,,,,,,,,,,,,,,,,,,,,,,,,,,,,,,,,,
Q72925,Q45641429,,,,,,,,,,,,,,,,,,,,,,,,,,,,,,,,,,,,,,,,,,,,,
Q72928,Q45641996,,,,,,,,,,,,,,,,,,,,,,,,,,,,,,,,,,,,,,,,,,,,,
Q72931,Q45642365,,,,,,,,,,,,,,,,,,,,,,,,,,,,,,,,,,,,,,,,,,,,,
Q72934,Q45642549,,,,,,,,,,,,,,,,,,,,,,,,,,,,,,,,,,,,,,,,,,,,,
Q72937,Q45642609,,,,,,,,,,,,,,,,,,,,,,,,,,,,,,,,,,,,,,,,,,,,,
Q72940,Q45640690,,,,,,,,,,,,,,,,,,,,,,,,,,,,,,,,,,,,,,,,,,,,,
Q72943,Q45640812,,,,,,,,,,,,,,,,,,,,,,,,,,,,,,,,,,,,,,,,,,,,,
Q72946,Q45641182,,,,,,,,,,,,,,,,,,,,,,,,,,,,,,,,,,,,,,,,,,,,,
Q72949,Q45641306,,,,,,,,,,,,,,,,,,,,,,,,,,,,,,,,,,,,,,,,,,,,,
Q72952,Q45470762,,,,,,,,,,,,,,,,,,,,,,,,,,,,,,,,,,,,,,,,,,,,,
Q72955,Q45651377,,,,,,,,,,,,,,,,,,,,,,,,,,,,,,,,,,,,,,,,,,,,,
Q72958,Q45479434,,,,,,,,,,,,,,,,,,,,,,,,,,,,,,,,,,,,,,,,,,,,,
Q72961,Q45479497,,,,,,,,,,,,,,,,,,,,,,,,,,,,,,,,,,,,,,,,,,,,,
Q72964,Q45479559,,,,,,,,,,,,,,,,,,,,,,,,,,,,,,,,,,,,,,,,,,,,,
Q72967,Q45479623,,,,,,,,,,,,,,,,,,,,,,,,,,,,,,,,,,,,,,,,,,,,,
Q72970,Q45480004,,,,,,,,,,,,,,,,,,,,,,,,,,,,,,,,,,,,,,,,,,,,,
Q72973,Q45480324,,,,,,,,,,,,,,,,,,,,,,,,,,,,,,,,,,,,,,,,,,,,,
Q72976,Q45480451,,,,,,,,,,,,,,,,,,,,,,,,,,,,,,,,,,,,,,,,,,,,,
Q72979,Q45480579,,,,,,,,,,,,,,,,,,,,,,,,,,,,,,,,,,,,,,,,,,,,,
Q72982,Q45480894,,,,,,,,,,,,,,,,,,,,,,,,,,,,,,,,,,,,,,,,,,,,,
Q72985,Q45482111,,,,,,,,,,,,,,,,,,,,,,,,,,,,,,,,,,,,,,,,,,,,,
Q72988,Q45482431,,,,,,,,,,,,,,,,,,,,,,,,,,,,,,,,,,,,,,,,,,,,,
Q72991,Q45482686,,,,,,,,,,,,,,,,,,,,,,,,,,,,,,,,,,,,,,,,,,,,,
Q72994,Q45483065,,,,,,,,,,,,,,,,,,,,,,,,,,,,,,,,,,,,,,,,,,,,,
Q72997,Q45483193,,,,,,,,,,,,,,,,,,,,,,,,,,,,,,,,,,,,,,,,,,,,,
Q73000,Q45483447,,,,,,,,,,,,,,,,,,,,,,,,,,,,,,,,,,,,,,,,,,,,,
Q73003,Q45483762,,,,,,,,,,,,,,,,,,,,,,,,,,,,,,,,,,,,,,,,,,,,,
Q73006,Q45483951,,,,,,,,,,,,,,,,,,,,,,,,,,,,,,,,,,,,,,,,,,,,,
Q73009,Q45484207,,,,,,,,,,,,,,,,,,,,,,,,,,,,,,,,,,,,,,,,,,,,,
Q73012,Q45484854,,,,,,,,,,,,,,,,,,,,,,,,,,,,,,,,,,,,,,,,,,,,,
Q73015,Q45485238,,,,,,,,,,,,,,,,,,,,,,,,,,,,,,,,,,,,,,,,,,,,,
Q73018,Q45485495,,,,,,,,,,,,,,,,,,,,,,,,,,,,,,,,,,,,,,,,,,,,,
Q73021,Q45485687,,,,,,,,,,,,,,,,,,,,,,,,,,,,,,,,,,,,,,,,,,,,,
Q73024,Q45486006,,,,,,,,,,,,,,,,,,,,,,,,,,,,,,,,,,,,,,,,,,,,,
Q73027,Q45486322,,,,,,,,,,,,,,,,,,,,,,,,,,,,,,,,,,,,,,,,,,,,,
Q73030,Q45486450,,,,,,,,,,,,,,,,,,,,,,,,,,,,,,,,,,,,,,,,,,,,,
Q73033,Q45486578,,,,,,,,,,,,,,,,,,,,,,,,,,,,,,,,,,,,,,,,,,,,,
Q73036,Q45486703,,,,,,,,,,,,,,,,,,,,,,,,,,,,,,,,,,,,,,,,,,,,,
Q73039,Q45487856,,,,,,,,,,,,,,,,,,,,,,,,,,,,,,,,,,,,,,,,,,,,,
Q73042,Q45682025,,,,,,,,,,,,,,,,,,,,,,,,,,,,,,,,,,,,,,,,,,,,,
Q73045,Q45682088,,,,,,,,,,,,,,,,,,,,,,,,,,,,,,,,,,,,,,,,,,,,,
Q73048,Q18905942,,,,,,,,,,,,,,,,,,,,,,,,,,,,,,,,,,,,,,,,,,,,,
Q73051,Q45422328,,,,,,,,,,,,,,,,,,,,,,,,,,,,,,,,,,,,,,,,,,,,,
Q73054,Q9451936,,,,,,,,,,,,,,,,,,,,,,,,,,,,,,,,,,,,,,,,,,,,,
Q73057,Q66776869,,,,,,,,,,,,,,,,,,,,,,,,,,,,,,,,,,,,,,,,,,,,,
Q73060,Q45673746,,,,,,,,,,,,,,,,,,,,,,,,,,,,,,,,,,,,,,,,,,,,,
Q73063,Q45420209,,,,,,,,,,,,,,,,,,,,,,,,,,,,,,,,,,,,,,,,,,,,,
Q73066,Q45673913,,,,,,,,,,,,,,,,,,,,,,,,,,,,,,,,,,,,,,,,,,,,,
Q73069,Q45674363,,,,,,,,,,,,,,,,,,,,,,,,,,,,,,,,,,,,,,,,,,,,,
Q73072,Q45420499,,,,,,,,,,,,,,,,,,,,,,,,,,,,,,,,,,,,,,,,,,,,,
Q73075,Q45637370,,,,,,,,,,,,,,,,,,,,,,,,,,,,,,,,,,,,,,,,,,,,,
Q73078,Q45637739,,,,,,,,,,,,,,,,,,,,,,,,,,,,,,,,,,,,,,,,,,,,,
Q73081,Q45638052,,,,,,,,,,,,,,,,,,,,,,,,,,,,,,,,,,,,,,,,,,,,,
Q73084,Q45422590,,,,,,,,,,,,,,,,,,,,,,,,,,,,,,,,,,,,,,,,,,,,,
Q73087,Q115586765,,,,,,,,,,,,,,,,,,,,,,,,,,,,,,,,,,,,,,,,,,,,,
Q73090,Q109672830,,,,,,,,,,,,,,,,,,,,,,,,,,,,,,,,,,,,,,,,,,,,,
Q73093,Q108844190,,,,,,,,,,,,,,,,,,,,,,,,,,,,,,,,,,,,,,,,,,,,,
Q73096,Q11467477,,,,,,,,,,,,,,,,,,,,,,,,,,,,,,,,,,,,,,,,,,,,,
Q73099,Q11466827,,,,,,,,,,,,,,,,,,,,,,,,,,,,,,,,,,,,,,,,,,,,,
Q73102,Q11466836,,,,,,,,,,,,,,,,,,,,,,,,,,,,,,,,,,,,,,,,,,,,,
Q73105,Q11355682,,,,,,,,,,,,,,,,,,,,,,,,,,,,,,,,,,,,,,,,,,,,,
Q73108,Q11406739,,,,,,,,,,,,,,,,,,,,,,,,,,,,,,,,,,,,,,,,,,,,,
Q73111,Q105711361,,,,,,,,,,,,,,,,,,,,,,,,,,,,,,,,,,,,,,,,,,,,,
Q73114,Q10860033,,,,,,,,,,,,,,,,,,,,,,,,,,,,,,,,,,,,,,,,,,,,,
Q73117,Q10856532,,,,,,,,,,,,,,,,,,,,,,,,,,,,,,,,,,,,,,,,,,,,,
Q73120,Q11399252,,,,,,,,,,,,,,,,,,,,,,,,,,,,,,,,,,,,,,,,,,,,,
Q73123,Q11556288,,,,,,,,,,,,,,,,,,,,,,,,,,,,,,,,,,,,,,,,,,,,,
Q73126,Q8514175,,,,,,,,,,,,,,,,,,,,,,,,,,,,,,,,,,,,,,,,,,,,,
Q73129,Q7497030,,,,,,,,,,,,,,,,,,,,,,,,,,,,,,,,,,,,,,,,,,,,,
Q73132,Q115587312,,,,,,,,,,,,,,,,,,,,,,,,,,,,,,,,,,,,,,,,,,,,,
Q73135,Q108093662,,,,,,,,,,,,,,,,,,,,,,,,,,,,,,,,,,,,,,,,,,,,,
Q73138,Q11520315,,,,,,,,,,,,,,,,,,,,,,,,,,,,,,,,,,,,,,,,,,,,本莊-12,
Q73141,Q8514660,,,,,,,,,,,,,,,,,,,,,,,,,,,,,,,,,,,,,,,,,,,,,
Q73144,Q8514654,,,,,,,,,,,,,,,,,,,,,,,,,,,,,,,,,,,,,,,,,,,,,
Q73147,Q8514666,,,,,,,,,,,,,,,,,,,,,,,,,,,,,,,,,,,,,,,,,,,,,
Q73150,Q11439886,,,,,,,,,,,,,,,,,,,,,,,,,,,,,,,,,,,,,,,,,,,,,
Q73153,Q11380716,,,,,,,,,,,,,,,,,,,,,,,,,,,,,,,,,,,,,,,,,,,,,
Q73156,Q8514503,,,,,,,,,,,,,,,,,,,,,,,,,,,,,,,,,,,,,,,,,,,,佐竹-58,
Q73159,Q11427630,,,,,,,,,,,,,,,,,,,,,,,,,,,,,,,,,,,,,,,,,,,,堀田-26,
Q73162,Q10524619,,,,,,,,,,,,,,,,,,,,,,,,,,,,,,,,,,,,,,,,,,,,堀田-23,
Q73165,Q5965205,,,,,,,,,,,,,,,,,,,,,,,,,,,,,,,,,,,,,,,,,,,,堀田-12,
Q73168,Q110309750,,,,,,,,,,,,,,,,,,,,,,,,,,,,,,,,,,,,,,,,,,,,,
Q73171,Q115585974,,,,,,,,,,,,,,,,,,,,,,,,,,,,,,,,,,,,,,,,,,,,今枝-4,
Q73174,Q113208368,,,,,,,,,,,,,,,,,,,,,,,,,,,,,,,,,,,,,,,,,,,,,
Q73177,Q11395362,,,,,,,,,,,,,,,,,,,,,,,,,,,,,,,,,,,,,,,,,,,,冷泉-7,
Q73189,Q11549747,,,,,,,,,,,,,,,,,,,,,,,,,,,,,,,,,,,,,,,,,,,,,
Q73192,Q11068023,,,,,,,,,,,,,,,,,,,,,,,,,,,,,,,,,,,,,,,,,,,,,
Q73195,Q11366144,,,,,,,,,,,,,,,,,,,,,,,,,,,,,,,,,,,,,,,,,,,,,
Q73198,Q11551903,,,,,,,,,,,,,,,,,,,,,,,,,,,,,,,,,,,,,,,,,,,,池田-145,
Q73201,Q111049872,,,,,,,,,,,,,,,,,,,,,,,,,,,,,,,,,,,,,,,,,,,,,
Q73204,Q11423094,,,,,,,,,,,,,,,,,,,,,,,,,,,,,,,,,,,,,,,,,,,,,
Q73207,Q11370765,,,,,,,,,,,,,,,,,,,,,,,,,,,,,,,,,,,,,,,,,,,,,
Q73210,Q111089907,,,,,,,,,,,,,,,,,,,,,,,,,,,,,,,,,,,,,,,,,,,,,
Q73213,Q111090948,,,,,,,,,,,,,,,,,,,,,,,,,,,,,,,,,,,,,,,,,,,,,
Q73216,Q111091014,,,,,,,,,,,,,,,,,,,,,,,,,,,,,,,,,,,,,,,,,,,,,
Q73219,Q10514823,,,,,,,,,,,,,,,,,,,,,,,,,,,,,,,,,,,,,,,,,,,,,
Q73222,Q6832376,,,,,,,,,,,,,,,,,,,,,,,,,,,,,,,,,,,,,,,,,,,,松平-558,
Q73225,Q6832196,,,,,,,,,,,,,,,,,,,,,,,,,,,,,,,,,,,,,,,,,,,,松平-594,
Q73228,Q6832237,,,,,,,,,,,,,,,,,,,,,,,,,,,,,,,,,,,,,,,,,,,,松平-557,
Q73231,Q10791122,,,,,,,,,,,,,,,,,,,,,,,,,,,,,,,,,,,,,,,,,,,,松平-565,
Q73234,Q18235476,,,,,,,,,,,,,,,,,,,,,,,,,,,,,,,,,,,,,,,,,,,,,
Q73237,Q11352856,,,,,,,,,,,,,,,,,,,,,,,,,,,,,,,,,,,,,,,,,,,,九鬼-3,
Q73240,Q11370502,,,,,,,,,,,,,,,,,,,,,,,,,,,,,,,,,,,,,,,,,,,,九鬼-10,
Q73243,Q11370516,,,,,,,,,,,,,,,,,,,,,,,,,,,,,,,,,,,,,,,,,,,,九鬼-2,
Q73246,Q11437880,,,,,,,,,,,,,,,,,,,,,,,,,,,,,,,,,,,,,,,,,,,,九鬼-31,
Q73249,Q128865426,,,,,,,,,,,,,,,,,,,,,,,,,,,,,,,,,,,,,,,,,,,,,
Q73252,Q11679389,,,,,,,,,,,,,,,,,,,,,,,,,,,,,,,,,,,,,,,,,,,,,
Q73255,Q11488600,,,,,,,,,,,,,,,,,,,,,,,,,,,,,,,,,,,,,,,,,,,,,
Q73258,Q11650706,,,,,,,,,,,,,,,,,,,,,,,,,,,,,,,,,,,,,,,,,,,,,
Q73261,Q113242055,,,,,,,,,,,,,,,,,,,,,,,,,,,,,,,,,,,,,,,,,,,,,
Q73264,Q113242125,,,,,,,,,,,,,,,,,,,,,,,,,,,,,,,,,,,,,,,,,,,,,
Q73267,Q8514195,,,,,,,,,,,,,,,,,,,,,,,,,,,,,,,,,,,,,,,,,,,,,
Q73270,Q134454334,,,,,,,,,,,,,,,,,,,,,,,,,,,,,,,,,,,,,,,,,,,,,
Q73273,Q110886421,,,,,,,,,,,,,,,,,,,,,,,,,,,,,,,,,,,,,,,,,,,,,
Q73276,Q110888922,,,,,,,,,,,,,,,,,,,,,,,,,,,,,,,,,,,,,,,,,,,,,
Q73279,Q110889062,,,,,,,,,,,,,,,,,,,,,,,,,,,,,,,,,,,,,,,,,,,,,
Q73282,Q11526823,,,,,,,,,,,,,,,,,,,,,,,,,,,,,,,,,,,,,,,,,,,,,
Q73285,Q110273457,,,,,,,,,,,,,,,,,,,,,,,,,,,,,,,,,,,,,,,,,,,,,
Q73288,Q113242434,,,,,,,,,,,,,,,,,,,,,,,,,,,,,,,,,,,,,,,,,,,,,
Q73291,Q118358726,,,,,,,,,,,,,,,,,,,,,,,,,,,,,,,,,,,,,,,,,,,,,
Q73294,Q123551822,,,,,,,,,,,,,,,,,,,,,,,,,,,,,,,,,,,,,,,,,,,,,
Q73297,Q108803105,,,,,,,,,,,,,,,,,,,,,,,,,,,,,,,,,,,,,,,,,,,,,
Q73300,Q108803106,,,,,,,,,,,,,,,,,,,,,,,,,,,,,,,,,,,,,,,,,,,,,
Q73315,Q8081726,,,,,,,,,,,,,,,,,,,,,,,,,,,,,,,,,,,,,,,,,,,,太田-99,
Q73318,Q11521630,,,,,,,,,,,,,,,,,,,,,,,,,,,,,,,,,,,,,,,,,,,,朽木-6,
Q73321,Q10524107,,,,,,,,,,,,,,,,,,,,,,,,,,,,,,,,,,,,,,,,,,,,土井-24,
Q73324,Q10565449,,,,,,,,,,,,,,,,,,,,,,,,,,,,,,,,,,,,,,,,,,,,,
Q73327,Q4480286,,,,,,,,,,,,,,,,,,,,,,,,,,,,,,,,,,,,,,,,,,,,竹内-1,
Q73330,Q31460,,,,,,,,,,,,,,,,,,,,,,,,,,,,,,,,,,,,,,,,,,,,竹内-7,
Q73333,Q108780119,,,,,,,,,,,,,,,,,,,,,,,,,,,,,,,,,,,,,,,,,,,,,
Q73336,Q920993,,,,,,,,,,,,,,,,,,,,,,,,,,,,,,,,,,,,,,,,,,,,大久保-8,
Q73339,Q101228963,,,,,,,,,,,,,,,,,,,,,,,,,,,,,,,,,,,,,,,,,,,,三島-4,
Q73342,Q315551,,,,,,,,,,9121882,,,,,,,,,,,,,,,,,,,,,,,,,,,,,,,,,,鈴木-4,I00555096
Q73345,Q106994360,,,,,,,,,,,,,,,,,,,,,,,,,,,,,,,,,,,,,,,,,,,,荻原-1,
Q73348,Q3482658,,,,,,,,,,,,,,,,,,,,,,,,,,,,,,,,,,,,,,,,,,,,鈴木-5,
Q73384,Q955571,,,,,,,,,,,,,,,,,,,,,,,,,,,,,,,,,,,,,,,,,,,,松平-213,
Q73387,Q11364133,,,,,,,,,,,,,,,,,,,,,,,,,,,,,,,,,,,,,,,,,,,,中山-109,
Q73390,Q10517368,,,,,,,,,,,,,,,,,,,,,,,,,,,,,,,,,,,,,,,,,,,,,
Q73393,Q10517237,,,,,,,,,,,,,,,,,,,,,,,,,,,,,,,,,,,,,,,,,,,,,
Q73396,Q113265642,,,,,,,,,,,,,,,,,,,,,,,,,,,,,,,,,,,,,,,,,,,,,
Q73399,Q113265692,,,,,,,,,,,,,,,,,,,,,,,,,,,,,,,,,,,,,,,,,,,,,
Q73402,Q11436061,,,,,,,,,,,,,,,,,,,,,,,,,,,,,,,,,,,,,,,,,,,,,
Q73405,Q11436064,,,,,,,,,,,,,,,,,,,,,,,,,,,,,,,,,,,,,,,,,,,,大村-57,
Q73408,Q8013567,,,,,,,,,,,,,,,,,,,,,,,,,,,,,,,,,,,,,,,,,,,,大村-49,
Q73411,Q113257562,,,,,,,,,,,,,,,,,,,,,,,,,,,,,,,,,,,,,,,,,,,,,
Q73414,Q111018471,,,,,,,,,,,,,,,,,,,,,,,,,,,,,,,,,,,,,,,,,,,,,
Q73417,Q11556203,,,,,,,,,,,,,,,,,,,,,,,,,,,,,,,,,,,,,,,,,,,,津村-3,
Q73420,Q6638259,,,,,,,,,,,,,,,,,,,,,,,,,,,,,,,,,,,,,,,,,,,,,
Q73423,Q11623761,,,,,,,,,,,,,,,,,,,,,,,,,,,,,,,,,,,,,,,,,,,,藤堂-9,
Q73426,Q5370062,,,,,,,,,,,,,,,,,,,,,,,,,,,,,,,,,,,,,,,,,,,,相馬-54,
Q73429,Q11069086,,,,,,,,,,,,,,,,,,,,,,,,,,,,,,,,,,,,,,,,,,,,,
Q73432,Q11595118,,,,,,,,,,,,,,,,,,,,,,,,,,,,,,,,,,,,,,,,,,,,,
Q73435,Q11418582,,,,,,,,,,,,,,,,,,,,,,,,,,,,,,,,,,,,,,,,,,,,,
Q73438,Q128865478,,,,,,,,,,,,,,,,,,,,,,,,,,,,,,,,,,,,,,,,,,,,,
Q73441,Q113252542,,,,,,,,,,,,,,,,,,,,,,,,,,,,,,,,,,,,,,,,,,,,,
Q73444,Q11372688,,,,,,,,,,,,,,,,,,,,,,,,,,,,,,,,,,,,,,,,,,,,庭田-20,
Q73447,Q11486208,,,,,,,,,,,,,,,,,,,,,,,,,,,,,,,,,,,,,,,,,,,,,
Q73450,Q11564471,,,,,,,,,,,,,,,,,,,,,,,,,,,,,,,,,,,,,,,,,,,,溝口-15,
Q73453,Q11429194,,,,,,,,,,,,,,,,,,,,,,,,,,,,,,,,,,,,,,,,,,,,溝口-4,
Q73456,Q108101275,,,,,,,,,,,,,,,,,,,,,,,,,,,,,,,,,,,,,,,,,,,,,
Q73459,Q18818437,,,,,,,,,,,,,,,,,,,,,,,,,,,,,,,,,,,,,,,,,,,,溝口-23,
Q73462,Q108101331,,,,,,,,,,,,,,,,,,,,,,,,,,,,,,,,,,,,,,,,,,,,,
Q73465,Q42597358,,,,,,,,,,,,,,,,,,,,,,,,,,,,,,,,,,,,,,,,,,,,,
Q73468,Q118697713,,,,,,,,,,,,,,,,,,,,,,,,,,,,,,,,,,,,,,,,,,,,,
Q73471,Q8515098,,,,,,,,,,,,,,,,,,,,,,,,,,,,,,,,,,,,,,,,,,,,松平-181,
Q73474,Q11530433,,,,,,,,,,,,,,,,,,,,,,,,,,,,,,,,,,,,,,,,,,,,松平-177,
Q73477,Q11586310,,,,,,,,,,,,,,,,,,,,,,,,,,,,,,,,,,,,,,,,,,,,,
Q73480,Q11397452,,,,,,,,,,,,,,,,,,,,,,,,,,,,,,,,,,,,,,,,,,,,前田-35,
Q73483,Q11656174,,,,,,,,,,,,,,,,,,,,,,,,,,,,,,,,,,,,,,,,,,,,山本-185,
Q73486,Q11631874,,,,,,,,,,,,,,,,,,,,,,,,,,,,,,,,,,,,,,,,,,,,,
Q73489,Q11631873,,,,,,,,,,,,,,,,,,,,,,,,,,,,,,,,,,,,,,,,,,,,,
Q73492,Q11373374,,,,,,,,,,,,,,,,,,,,,,,,,,,,,,,,,,,,,,,,,,,,,
Q73495,Q11530460,,,,,,,,,,,,,,,,,,,,,,,,,,,,,,,,,,,,,,,,,,,,,
Q73498,Q11397427,,,,,,,,,,,,,,,,,,,,,,,,,,,,,,,,,,,,,,,,,,,,前田-16,
Q73501,Q11397418,,,,,,,,,,,,,,,,,,,,,,,,,,,560131,,,,,,,,,,,,,,,,,,
Q73504,Q108486797,,,,,,,,,,,,,,,,,,,,,,,,,,,,,,,,,,,,,,,,,,,,,
Q73507,Q48765508,,,,,,,,,,,,,,,,,,,,,,,,,,,,,,,,,,,,,,,,,,,,松平-496,
Q73510,Q27920786,,,,,,,,,,,,,,,,,,,,,,,,,,,,,,,,,,,,,,,,,,,,,
Q73513,Q65271442,,,,,,,,,,,,,,,,,,,,,,,,,,,,,,,,,,,,,,,,,,,,,
Q73516,Q108670444,,,,,,,,,,,,,,,,,,,,,,,,,,,,,,,,,,,,,,,,,,,,,
Q73519,Q108670479,,,,,,,,,,,,,,,,,,,,,,,,,,,,,,,,,,,,,,,,,,,,井上-49,
Q73522,Q493818,,,,,,,,,,,,,,,,,,,,,,,,,,,,,,,,,,,,,,,,,,,,井上-16,
Q73525,Q108670500,,,,,,,,,,,,,,,,,,,,,,,,,,,,,,,,,,,,,,,,,,,,,
Q73528,Q108891085,,,,,,,,,,,,,,,,,,,,,,,,,,,,,,,,,,,,,,,,,,,,,
Q73531,Q116936051,,,,,,,,,,,,,,,,,,,,,,,,,,,,,,,,,,,,,,,,,,,,,
Q73534,Q115586213,,,,,,,,,,,,,,,,,,,,,,,,,,,,,,,,,,,,,,,,,,,,,
Q73537,Q124497738,,,,,,,,,,,,,,,,,,,,,,,,,,,,,,,,,,,,,,,,,,,,,
Q73540,Q11438165,,,,,,,,,,,,,,,,,,,,,,,,,,,,,,,,,,,,,,,,,,,,,
Q73543,Q11438163,,,,,,,,,,,,,,,,,,,,,,,,,,,,,,,,,,,,,,,,,,,,,
Q73546,Q6529065,,,,,,,,,,,,,,,,,,,,,,,,,,,,,,,,,,,,,,,,,,,,,
Q73549,Q111153480,,,,,,,,,,,,,,,,,,,,,,,,,,,,,,,,,,,,,,,,,,,,,
Q73552,Q7222457,,,,,,,,,,,,,,,,,,,,,,,,,,,,,,,,,,,,,,,,,,,,,
Q73555,Q1054143,,,,,,,,,,11191173,,,,,,,,,,,,,,,,,,,,,,,,,,,,,,,,,,,
Q73558,Q11542655,,,,,,,,,,,,,,,,,,,,,,,,,,,,,,,,,,,,,,,,,,,,,
Q73561,Q11542600,,,,,,,,,,,,,,,,,,,,,,,,,,,,,,,,,,,,,,,,,,,,,
Q73564,Q11542498,,,,,,,,,,,,,,,,,,,,,,,,,,,,,,,,,,,,,,,,,,,,,
Q73567,Q11427706,,,,,,,,,,,,,,,,,,,,,,,,,,,,,,,,,,,,,,,,,,,,,
Q73570,Q108497419,,,,,,,,,,,,,,,,,,,,,,,,,,,,,,,,,,,,,,,,,,,,,
Q73573,Q11069825,,,,,,,,,,,,,,,,,,,,,,,,,,,,,,,,,,,,,,,,,,,,酒井-8,
Q73576,Q11530527,,,,,,,,,,,,,,,,,,,,,,,,,,,,,,,,,,,,,,,,,,,,松平-515,
Q73579,Q10860164,,,,,,,,,,,,,,,,,,,,,,,,,,,,,,,,,,,,,,,,,,,,牧野-81,
Q73582,Q11642015,,,,,,,,,,,,,,,,,,,,,,,,,,,,,,,,,,,,,,,,,,,,,
Q73585,Q11642007,,,,,,,,,,,,,,,,,,,,,,,,,,,,,,,,,,,,,,,,,,,,,
Q73588,Q11365524,,,,,,,,,,,,,,,,,,,,,,,,,,,,,,,,,,,,,,,,,,,,,
Q73591,Q11611475,,,,,,,,,,,,,,,,,,,,,,,,,,,,,,,,,,,,,,,,,,,,,
Q73594,Q115586624,,,,,,,,,,,,,,,,,,,,,,,,,,,,,,,,,,,,,,,,,,,,,
Q73597,Q113208102,,,,,,,,,,,,,,,,,,,,,,,,,,,,,,,,,,,,,,,,,,,,,
Q73600,Q108780920,,,,,,,,,,,,,,,,,,,,,,,,,,,,,,,,,,,,,,,,,,,,,
Q73603,Q11366460,,,,,,,,,,,,,,,,,,,,,,,,,,,,,,,,,,,,,,,,,,,,,
Q73606,Q1372454,,,,,,,,,,,,,,,,,,,,,,,,,,,825665,,,,,,,,,,,,,,,,,尚-10,
Q73609,Q73987355,,,,,,,,,,,,,,,,,,,,,,,,,,,,,,,,,,,,,,,,,,,,,
Q73612,Q4582534,,,,,,,,,,,,,,,,,,,,,,,,,,,,,,,,,,,,,,,,,,,,尚-12,
Q73615,Q711899,,,,,,,,,,,,,,,,,,,,,,,,,,,,,,,,,,,,,,,,,,,,尚-13,
Q73618,Q123247647,,,,,,,,,,,,,,,,,,,,,,,,,,,,,,,,,,,,,,,,,,,,,
Q73621,Q4391392,,,,,,,,,,,,,,,,,,,,,,,,,,,,,,,,,,,,,,,,,,,,,
Q73624,Q73740776,,,,,,,,,,,,,,,,,,,,,,,,,,,,,,,,,,,,,,,,,,,,,
Q73627,Q11530625,,,,,,,,,,,,,,,,,,,,,,,,,,,,,,,,,,,,,,,,,,,,松平-190,
Q73630,Q11530410,,,,,,,,,,,,,,,,,,,,,,,,,,,,,,,,,,,,,,,,,,,,,
Q73633,Q8515055,,,,,,,,,,,,,,,,,,,,,,,,,,,,,,,,,,,,,,,,,,,,,
Q73636,Q11530521,,,,,,,,,,,,,,,,,,,,,,,,,,,,,,,,,,,,,,,,,,,,松平-532,
Q73639,Q18818523,,,,,,,,,,,,,,,,,,,,,,,,,,,,,,,,,,,,,,,,,,,,,
Q73642,Q10950392,,,,,,,,,,,,,,,,,,,,,,,,,,,,,,,,,,,,,,,,,,,,,
Q73645,Q11454366,,,,,,,,,,,,,,,,,,,,,,,,,,,,,,,,,,,,,,,,,,,,,
Q73648,Q11454327,,,,,,,,,,,,,,,,,,,,,,,,,,,,,,,,,,,,,,,,,,,,,
Q73651,Q11397617,,,,,,,,,,,,,,,,,,,,,,,,,,,,,,,,,,,,,,,,,,,,,
Q73654,Q56562594,,,,,,,,,,,,,,,,,,,,,,,,,,,,,,,,,,,,,,,,,,,,米沢-1,
Q73657,Q27058276,,,,,,,,,,,,,,,,,,,,,,,,,,,,,,,,,,,,,,,,,,,,,
Q73660,Q27058632,,,,,,,,,,,,,,,,,,,,,,,,,,,,,,,,,,,,,,,,,,,,Johnson-51889,
Q73663,Q6835617,,,,,,,,,,,,,,,,,,,,,,,,,,,,,,,,,,,,,,,,,,,,,
Q73726,Q10860134,,,,,,,,,,,,,,,,,,,,,,,,,,,,,,,,,,,,,,,,,,,,牧野-77,
Q73729,Q95575347,,,,,,,,,,,,,,,,,,,,,,,,,,,,,,,,,,,,,,,,,,,,安田-68,
Q73732,Q95422058,,,,,,,,,,,,,,,,,,,,,,,,,,,74587,,,,,,,,,,,,,,,,,安田-1,I00593549
Q73735,Q11569673,,,,,,,,,,,,,,,,,,,,,,,,,,,,,,,,,,,,,,,,,,,,安田-24,
Q73738,Q95579163,,,,,,,,,,,,,,,,,,,,,,,,,,,,,,,,,,,,,,,,,,,,安田-2,
Q73741,Q95579463,,,,,,,,,,,,,,,,,,,,,,,,,,,,,,,,,,,,,,,,,,,,安田-5,
Q73744,Q95578187,,,,,,,,,,,,,,,,,,,,,,,,,,,,,,,,,,,,,,,,,,,,,
Q73747,Q79017184,,,,,,,,,,,,,,,,,,,,,,,,,,,,,,,,,,,,,,,,,,,,安田-80,
Q73750,Q95580964,,,,,,,,,,,,,,,,,,,,,,,,,,,,,,,,,,,,,,,,,,,,,
Q73753,Q15700479,,,,,,,,,,,,,,,,,,,,,,,,,,,,,,,,,,,,,,,,,,,,伊臣-1,I00593561
Q73756,Q128577492,,,,,,,,,,,,,,,,,,,,,,,,,,,,,,,,,,,,,,,,,,,,,
Q73760,Q356118,,,,,,,,,,6135003|92557341,,,,,,,,,,,,,,,,,,,,,,,,,,,,,,,,,,大久保-10,
Q73763,Q24877052,,,,,,,,,,,,,,,,,,,,,,,,,,,,,,,,,,,,,,,,,,,,早崎-1,
Q73766,Q315842,,,,,,,,,,6136240,,,,,,,,,,,,,,,,,,,,,,,,,,,,,,,,,,川村-1,
Q73769,Q11650429,,,,,,,,,,,,,,,,,,,,,,,,,,,,,,,,,,,,,,,,,,,,唐橋-6,
Q73771,Q110967262,,,,,,,,,,,,,,,,,,,,,,,,,,,,,,,,,,,,,,,,,,,,,
Q73774,Q21700997,,,,,,,,,,,,,,,,,,,,,,,,,,,,,,,,,,,,,,,,,,,,中御門-2,
Q73778,Q11668071,,,,,,,,,,,,,,,,,,,,,,,,,,,,,,,,,,,,,,,,,,,,馬越-2,
Q73781,Q109246478,,,,,,,,,,,,,,,,,,,,,,,,,,,,,,,,,,,,,,,,,,,,,
Q73787,Q11370775,,,,,,,,,,,,,,,,,,,,,,,,,,,,,,,,,,,,,,,,,,,,龜井-6,
Q73790,Q6604725,,,,,,,,,,,,,,,,,,,,,,,,,,,,,,,,,,,,,,,,,,,,古川-4,
Q73793,Q144348,,,,,,,,,,,,,,,,,,,,,,,,,,,839500,,,,,,,,,,,,,,,,,愛新覺羅-2,I00568700
Q73796,Q701641,,,,,,,,,,,,,,,,,,,,,,,,,,,,,,,,,,,,,,,,,,,,瓜爾佳-1,I00568701
Q73799,Q185152,,alvin-person:61365,,,,,,,,8698818,,,,,,,,,,,,,,,,,839499,,,,,,,,,,,,,,,,,愛新覺羅-195,I00568705
Q73802,Q580249,,,,,,,,,,,,,,,,,,,,,,,,,,,839541,,,,,,,,,,,,,,,,,愛新覺羅-1,
Q73805,Q4990857,,,,,,,,,,,,,,,,,,,,,,,,,,,,,,,,,,,,,,,,,,,,愛新覺羅-164,
Q73808,Q9190958,,,,,,,,,,,,,,,,,,,,,,,,,,,,,,,,,,,,,,,,,,,,,
Q73811,Q109173757,,,,,,,,,,,,,,,,,,,,,,,,,,,,,,,,,,,,,,,,,,,,,
Q73814,Q11623750,,,,,,,,,,,,,,,,,,,,,,,,,,,,,,,,,,,,,,,,,,,,,
Q73817,Q115586557,,,,,,,,,,,,,,,,,,,,,,,,,,,,,,,,,,,,,,,,,,,,,
Q73820,Q119345028,,,,,,,,,,,,,,,,,,,,,,,,,,,,,,,,,,,,,,,,,,,,山内-45,
Q73823,Q10729493,,,,,,,,,,,,,,,,,,,,,,,,,,,,,,,,,,,,,,,,,,,,,
Q73826,Q11570595,,,,,,,,,,,,,,,,,,,,,,,,,,,,,,,,,,,,,,,,,,,,牧野-62,
Q73829,Q52717744,,,,,,,,,,,,,,,,,,,,,,,,,,,,,,,,,,,,,,,,,,,,松平-534,
Q73832,Q95576763,,,,,,,,,,,,,,,,,,,,,,,,,,,,,,,,,,,,,,,,,,,,,
Q73835,Q11369433,,,,,,,,,,,,,,,,,,,,,,,,,,,,,,,,,,,,,,,,,,,,久松-16,
Q73838,Q11463412,,,,,,,,,,,,,,,,,,,,,,,,,,,,,,,,,,,,,,,,,,,,,
Q73841,Q10859985,,,,,,,,,,,,,,,,,,,,,,,,,,,,,,,,,,,,,,,,,,,,,
Q73844,Q5368702,,,,,,,,,,,,,,,,,,,,,,,,,,,,,,,,,,,,,,,,,,,,水野-50,
Q73847,Q11504736,,,,,,,,,,,,,,,,,,,,,,,,,,,,,,,,,,,,,,,,,,,,石田-32,
Q73850,Q11531509,,,,,,,,,,,,,,,,,,,,,,,,,,,,,,,,,,,,,,,,,,,,松根-3,
Q73853,Q116058006,,,,,,,,,,,,,,,,,,,,,,,,,,,,,,,,,,,,,,,,,,,,,
Q73856,Q11669727,,,,,,,,,,,,,,,,,,,,,,,,,,,,,,,,,,,,,,,,,,,,高崎-9,
Q73859,Q58420267,,,,,,,,,,,,,,,,,,,,,,,,,,,,,,,,,,,,,,,,,,,,,
Q73862,Q498549,,,,,,,,,,,,,,,,,,,,,,,,,,,,,,,,,,,,,,,,,,,,,
Q73865,Q498568,,,,,,,,,,,,,,,,,,,,,,,,,,,,,,,,,,,,,,,,,,,,,
Q73868,Q16184210,,,,,,,,,,,,,,,,,,,,,,,,,,,,,,,,,,,,,,,,,,,,,
Q73871,Q16261055,,,,,,,,,,,,,,,,,,,,,,,,,,,,,,,,,,,,,,,,,,,,,
Q73874,Q28776569,,,,,,,,,,,,,,,,,,,,,,,,,,,,,,,,,,,,,,,,,,,,,
Q73993,Q22813558,,,,,,,,,,,,,,,,,,,,,,,,,,,,,,,,,,,,,,,,,,,,,
Q73996,Q16076415,,,,,,,,,,,,,,,,,,,,,,,,,,,,,,,,,,,,,,,,,,,,,
Q73999,Q7244755,,,,,,,,,,,,,,,,,,,,,,,,,,,,,,,,,,,,,,,,,,,,,
Q74002,Q130570303,,,,,,,,,,,,,,,,,,,,,,,,,,,,,,,,,,,,,,,,,,,,,
Q74005,Q1194963,,,,,,,,,,,,,,,,,,,,,,,,,,,,,,,,,,,,,,,,,,,,,
Q74008,Q1071591,,,,,,,,,,,,,,,,,,,,,,,,,,,,,,,,,,,,,,,,,,,,,
Q74011,Q16603338,,,,,,,,,,,,,,,,,,,,,,,,,,,,,,,,,,,,,,,,,,,,,
Q74014,Q16603385,,,,,,,,,,,,,,,,,,,,,,,,,,,,,,,,,,,,,,,,,,,,,
Q74017,Q16603707,,,,,,,,,,,,,,,,,,,,,,,,,,,,,,,,,,,,,,,,,,,,,
Q74020,Q10943156,,,,,,,,,,,,,,,,,,,,,,,,,,,,,,,,,,,,,,,,,,,,,
Q74023,Q11077181,,,,,,,,,,,,,,,,,,,,,,,,,,,,,,,,,,,,,,,,,,,,,
Q74026,Q11077184,,,,,,,,,,,,,,,,,,,,,,,,,,,,,,,,,,,,,,,,,,,,,
Q74029,Q11077186,,,,,,,,,,,,,,,,,,,,,,,,,,,,,,,,,,,,,,,,,,,,,
Q74032,Q11077196,,,,,,,,,,,,,,,,,,,,,,,,,,,,,,,,,,,,,,,,,,,,,
Q74035,Q11077198,,,,,,,,,,,,,,,,,,,,,,,,,,,,,,,,,,,,,,,,,,,,,
Q74038,Q11077217,,,,,,,,,,,,,,,,,,,,,,,,,,,,,,,,,,,,,,,,,,,,,
Q74041,Q17990924,,,,,,,,,,,,,,,,,,,,,,,,,,,,,,,,,,,,,,,,,,,,,
Q74044,Q45387482,,,,,,,,,,,,,,,,,,,,,,,,,,,,,,,,,,,,,,,,,,,,,
Q74047,Q11418521,,,,,,,,,,,,,,,,,,,,,,,,,,,,,,,,,,,,,,,,,,,,,
Q74050,Q45419701,,,,,,,,,,,,,,,,,,,,,,,,,,,,,,,,,,,,,,,,,,,,,
Q74053,Q19653892,,,,,,,,,,,,,,,,,,,,,,,,,,,,,,,,,,,,,,,,,,,,,
Q74056,Q45419133,,,,,,,,,,,,,,,,,,,,,,,,,,,,,,,,,,,,,,,,,,,,,
Q74059,Q45542176,,,,,,,,,,,,,,,,,,,,,,,,,,,,,,,,,,,,,,,,,,,,,
Q74062,Q76014442,,,,,,,,,,,,,,,,,,,,,,,,,,,,,,,,,,,,,,,,,,,,,
Q74065,Q45692402,,,,,,,,,,,,,,,,,,,,,,,,,,,,,,,,,,,,,,,,,,,,,
Q74068,Q45691950,,,,,,,,,,,,,,,,,,,,,,,,,,,,,,,,,,,,,,,,,,,,,
Q74071,Q45692205,,,,,,,,,,,,,,,,,,,,,,,,,,,,,,,,,,,,,,,,,,,,,
Q74074,Q45693047,,,,,,,,,,,,,,,,,,,,,,,,,,,,,,,,,,,,,,,,,,,,,
Q74077,Q65805737,,,,,,,,,,,,,,,,,,,,,,,,,,,,,,,,,,,,,,,,,,,,,
Q74080,Q45462459,,,,,,,,,,,,,,,,,,,,,,,,,,,,,,,,,,,,,,,,,,,,,
Q74083,Q45699715,,,,,,,,,,,,,,,,,,,,,,,,,,,,,,,,,,,,,,,,,,,,,
Q74086,Q2466761,,,,,,,,,,,,,,,,,,,,,,,,,,,,,,,,,,,,,,,,,,,,,
Q74089,Q17027190,,,,,,,,,,,,,,,,,,,,,,,,,,,529823,,,,,,,,,,,,,,,,,,
Q74092,Q3636160,,,,,,,,,,,,,,,,,,,,,,,,,,,529815,,,,,,,,,,,,,,,,,,
Q74095,Q45690995,,,,,,,,,,,,,,,,,,,,,,,,,,,,,,,,,,,,,,,,,,,,,
Q74098,Q45691025,,,,,,,,,,,,,,,,,,,,,,,,,,,,,,,,,,,,,,,,,,,,,
Q74101,Q45691053,,,,,,,,,,,,,,,,,,,,,,,,,,,,,,,,,,,,,,,,,,,,,
Q74104,Q45700230,,,,,,,,,,,,,,,,,,,,,,,,,,,,,,,,,,,,,,,,,,,,,
Q74107,Q45700256,,,,,,,,,,,,,,,,,,,,,,,,,,,,,,,,,,,,,,,,,,,,,
Q74110,Q45700279,,,,,,,,,,,,,,,,,,,,,,,,,,,,,,,,,,,,,,,,,,,,,
Q74113,Q45700331,,,,,,,,,,,,,,,,,,,,,,,,,,,,,,,,,,,,,,,,,,,,,
Q74116,Q10885335,,,,,,,,,,,,,,,,,,,,,,,,,,,,,,,,,,,,,,,,,,,,,
Q74119,Q10921203,,,,,,,,,,,,,,,,,,,,,,,,,,,,,,,,,,,,,,,,,,,,,
Q74122,Q45606961,,,,,,,,,,,,,,,,,,,,,,,,,,,,,,,,,,,,,,,,,,,,,
Q74125,Q45607024,,,,,,,,,,,,,,,,,,,,,,,,,,,,,,,,,,,,,,,,,,,,,
Q74128,Q45607087,,,,,,,,,,,,,,,,,,,,,,,,,,,,,,,,,,,,,,,,,,,,,
Q74131,Q45701182,,,,,,,,,,,,,,,,,,,,,,,,,,,,,,,,,,,,,,,,,,,,,
Q74134,Q45701205,,,,,,,,,,,,,,,,,,,,,,,,,,,,,,,,,,,,,,,,,,,,,
Q74137,Q45701231,,,,,,,,,,,,,,,,,,,,,,,,,,,,,,,,,,,,,,,,,,,,,
Q74140,Q45701304,,,,,,,,,,,,,,,,,,,,,,,,,,,,,,,,,,,,,,,,,,,,,
Q74143,Q45701354,,,,,,,,,,,,,,,,,,,,,,,,,,,,,,,,,,,,,,,,,,,,,
Q74146,Q45701404,,,,,,,,,,,,,,,,,,,,,,,,,,,,,,,,,,,,,,,,,,,,,
Q74149,Q45701428,,,,,,,,,,,,,,,,,,,,,,,,,,,,,,,,,,,,,,,,,,,,,
Q74152,Q45701453,,,,,,,,,,,,,,,,,,,,,,,,,,,,,,,,,,,,,,,,,,,,,
Q74155,Q45701499,,,,,,,,,,,,,,,,,,,,,,,,,,,,,,,,,,,,,,,,,,,,,
Q74158,Q65806431,,,,,,,,,,,,,,,,,,,,,,,,,,,,,,,,,,,,,,,,,,,,,
Q74161,Q45621484,,,,,,,,,,,,,,,,,,,,,,,,,,,,,,,,,,,,,,,,,,,,,
Q74164,Q45621547,,,,,,,,,,,,,,,,,,,,,,,,,,,,,,,,,,,,,,,,,,,,,
Q74167,Q45436702,,,,,,,,,,,,,,,,,,,,,,,,,,,,,,,,,,,,,,,,,,,,,
Q74170,Q45437330,,,,,,,,,,,,,,,,,,,,,,,,,,,,,,,,,,,,,,,,,,,,,
Q74173,Q45437393,,,,,,,,,,,,,,,,,,,,,,,,,,,,,,,,,,,,,,,,,,,,,
Q74176,Q45634169,,,,,,,,,,,,,,,,,,,,,,,,,,,,,,,,,,,,,,,,,,,,,
Q74179,Q45544580,,,,,,,,,,,,,,,,,,,,,,,,,,,,,,,,,,,,,,,,,,,,,
Q74182,Q45598824,,,,,,,,,,,,,,,,,,,,,,,,,,,,,,,,,,,,,,,,,,,,,
Q74185,Q45500368,,,,,,,,,,,,,,,,,,,,,,,,,,,,,,,,,,,,,,,,,,,,,
Q74188,Q65806001,,,,,,,,,,,,,,,,,,,,,,,,,,,,,,,,,,,,,,,,,,,,,
Q74191,Q65806002,,,,,,,,,,,,,,,,,,,,,,,,,,,,,,,,,,,,,,,,,,,,,
Q74194,Q45524810,,,,,,,,,,,,,,,,,,,,,,,,,,,,,,,,,,,,,,,,,,,,,
Q74197,Q45693718,,,,,,,,,,,,,,,,,,,,,,,,,,,,,,,,,,,,,,,,,,,,,
Q74200,Q45693774,,,,,,,,,,,,,,,,,,,,,,,,,,,,,,,,,,,,,,,,,,,,,
Q74203,Q45693801,,,,,,,,,,,,,,,,,,,,,,,,,,,,,,,,,,,,,,,,,,,,,
Q74206,Q45694109,,,,,,,,,,,,,,,,,,,,,,,,,,,,,,,,,,,,,,,,,,,,,
Q74209,Q45694295,,,,,,,,,,,,,,,,,,,,,,,,,,,,,,,,,,,,,,,,,,,,,
Q74212,Q45696276,,,,,,,,,,,,,,,,,,,,,,,,,,,,,,,,,,,,,,,,,,,,,
Q74215,Q45696382,,,,,,,,,,,,,,,,,,,,,,,,,,,,,,,,,,,,,,,,,,,,,
Q74218,Q45697020,,,,,,,,,,,,,,,,,,,,,,,,,,,,,,,,,,,,,,,,,,,,,
Q74221,Q45698583,,,,,,,,,,,,,,,,,,,,,,,,,,,,,,,,,,,,,,,,,,,,,
Q74224,Q45443998,,,,,,,,,,,,,,,,,,,,,,,,,,,,,,,,,,,,,,,,,,,,,
Q74227,Q45697453,,,,,,,,,,,,,,,,,,,,,,,,,,,,,,,,,,,,,,,,,,,,,
Q74230,Q45697987,,,,,,,,,,,,,,,,,,,,,,,,,,,,,,,,,,,,,,,,,,,,,
Q74233,Q45698063,,,,,,,,,,,,,,,,,,,,,,,,,,,,,,,,,,,,,,,,,,,,,
Q74236,Q45698090,,,,,,,,,,,,,,,,,,,,,,,,,,,,,,,,,,,,,,,,,,,,,
Q74239,Q45698167,,,,,,,,,,,,,,,,,,,,,,,,,,,,,,,,,,,,,,,,,,,,,
Q74242,Q45698869,,,,,,,,,,,,,,,,,,,,,,,,,,,,,,,,,,,,,,,,,,,,,
Q74245,Q45450536,,,,,,,,,,,,,,,,,,,,,,,,,,,,,,,,,,,,,,,,,,,,,
Q74248,Q45450034,,,,,,,,,,,,,,,,,,,,,,,,,,,,,,,,,,,,,,,,,,,,,
Q74251,Q45450222,,,,,,,,,,,,,,,,,,,,,,,,,,,,,,,,,,,,,,,,,,,,,
Q74254,Q45449720,,,,,,,,,,,,,,,,,,,,,,,,,,,,,,,,,,,,,,,,,,,,,
Q74257,Q45631165,,,,,,,,,,,,,,,,,,,,,,,,,,,,,,,,,,,,,,,,,,,,,
Q74260,Q65806427,,,,,,,,,,,,,,,,,,,,,,,,,,,,,,,,,,,,,,,,,,,,,
Q74263,Q45686576,,,,,,,,,,,,,,,,,,,,,,,,,,,,,,,,,,,,,,,,,,,,,
Q74266,Q45462312,,,,,,,,,,,,,,,,,,,,,,,,,,,,,,,,,,,,,,,,,,,,,
Q74269,Q45628901,,,,,,,,,,,,,,,,,,,,,,,,,,,,,,,,,,,,,,,,,,,,,
Q74272,Q45447958,,,,,,,,,,,,,,,,,,,,,,,,,,,,,,,,,,,,,,,,,,,,,
Q74275,Q45448020,,,,,,,,,,,,,,,,,,,,,,,,,,,,,,,,,,,,,,,,,,,,,
Q74278,Q45447830,,,,,,,,,,,,,,,,,,,,,,,,,,,,,,,,,,,,,,,,,,,,,
Q74281,Q45503794,,,,,,,,,,,,,,,,,,,,,,,,,,,,,,,,,,,,,,,,,,,,,
Q74285,Q45529860,,,,,,,,,,,,,,,,,,,,,,,,,,,,,,,,,,,,,,,,,,,,,
Q74288,Q65806204,,,,,,,,,,,,,,,,,,,,,,,,,,,,,,,,,,,,,,,,,,,,,
Q74291,Q45573674,,,,,,,,,,,,,,,,,,,,,,,,,,,,,,,,,,,,,,,,,,,,,
Q74294,Q45444746,,,,,,,,,,,,,,,,,,,,,,,,,,,,,,,,,,,,,,,,,,,,,
Q74297,Q45444873,,,,,,,,,,,,,,,,,,,,,,,,,,,,,,,,,,,,,,,,,,,,,
Q74300,Q45444936,,,,,,,,,,,,,,,,,,,,,,,,,,,,,,,,,,,,,,,,,,,,,
Q74303,Q45444999,,,,,,,,,,,,,,,,,,,,,,,,,,,,,,,,,,,,,,,,,,,,,
Q74306,Q45445064,,,,,,,,,,,,,,,,,,,,,,,,,,,,,,,,,,,,,,,,,,,,,
Q74309,Q45445128,,,,,,,,,,,,,,,,,,,,,,,,,,,,,,,,,,,,,,,,,,,,,
Q74312,Q45445191,,,,,,,,,,,,,,,,,,,,,,,,,,,,,,,,,,,,,,,,,,,,,
Q74315,Q45439393,,,,,,,,,,,,,,,,,,,,,,,,,,,,,,,,,,,,,,,,,,,,,
Q74318,Q45445318,,,,,,,,,,,,,,,,,,,,,,,,,,,,,,,,,,,,,,,,,,,,,
Q74321,Q45445383,,,,,,,,,,,,,,,,,,,,,,,,,,,,,,,,,,,,,,,,,,,,,
Q74324,Q45445444,,,,,,,,,,,,,,,,,,,,,,,,,,,,,,,,,,,,,,,,,,,,,
Q74327,Q45447015,,,,,,,,,,,,,,,,,,,,,,,,,,,,,,,,,,,,,,,,,,,,,
Q74330,Q45447265,,,,,,,,,,,,,,,,,,,,,,,,,,,,,,,,,,,,,,,,,,,,,
Q74333,Q65803273,,,,,,,,,,,,,,,,,,,,,,,,,,,,,,,,,,,,,,,,,,,,,
Q74336,Q45607151,,,,,,,,,,,,,,,,,,,,,,,,,,,,,,,,,,,,,,,,,,,,,
Q74339,Q11053934,,,,,,,,,,,,,,,,,,,,,,,,,,,,,,,,,,,,,,,,,,,,,
Q74342,Q45441595,,,,,,,,,,,,,,,,,,,,,,,,,,,,,,,,,,,,,,,,,,,,,
Q74345,Q45441912,,,,,,,,,,,,,,,,,,,,,,,,,,,,,,,,,,,,,,,,,,,,,
Q74348,Q45471960,,,,,,,,,,,,,,,,,,,,,,,,,,,,,,,,,,,,,,,,,,,,,
Q74351,Q45442996,,,,,,,,,,,,,,,,,,,,,,,,,,,,,,,,,,,,,,,,,,,,,
Q74354,Q45519697,,,,,,,,,,,,,,,,,,,,,,,,,,,,,,,,,,,,,,,,,,,,,
Q74357,Q65804762,,,,,,,,,,,,,,,,,,,,,,,,,,,,,,,,,,,,,,,,,,,,,
Q74360,Q45676480,,,,,,,,,,,,,,,,,,,,,,,,,,,,,,,,,,,,,,,,,,,,,
Q74363,Q45676517,,,,,,,,,,,,,,,,,,,,,,,,,,,,,,,,,,,,,,,,,,,,,
Q74366,Q45676553,,,,,,,,,,,,,,,,,,,,,,,,,,,,,,,,,,,,,,,,,,,,,
Q74369,Q45676587,,,,,,,,,,,,,,,,,,,,,,,,,,,,,,,,,,,,,,,,,,,,,
Q74372,Q45676621,,,,,,,,,,,,,,,,,,,,,,,,,,,,,,,,,,,,,,,,,,,,,
Q74375,Q45457176,,,,,,,,,,,,,,,,,,,,,,,,,,,,,,,,,,,,,,,,,,,,,
Q74378,Q45457239,,,,,,,,,,,,,,,,,,,,,,,,,,,,,,,,,,,,,,,,,,,,,
Q74381,Q45493612,,,,,,,,,,,,,,,,,,,,,,,,,,,,,,,,,,,,,,,,,,,,,
Q74384,Q45442677,,,,,,,,,,,,,,,,,,,,,,,,,,,,,,,,,,,,,,,,,,,,,
Q74387,Q45491761,,,,,,,,,,,,,,,,,,,,,,,,,,,,,,,,,,,,,,,,,,,,,
Q74390,Q11541061,,,,,,,,,,,,,,,,,,,,,,,,,,,,,,,,,,,,,,,,,,,,,
Q74393,Q65799912,,,,,,,,,,,,,,,,,,,,,,,,,,,,,,,,,,,,,,,,,,,,,
Q74396,Q48886717,,,,,,,,,,,,,,,,,,,,,,,,,,,,,,,,,,,,,,,,,,,,,
Q74399,Q48889330,,,,,,,,,,,,,,,,,,,,,,,,,,,,,,,,,,,,,,,,,,,,,
Q74402,Q45420297,,,,,,,,,,,,,,,,,,,,,,,,,,,,,,,,,,,,,,,,,,,,,
Q74405,Q45507593,,,,,,,,,,,,,,,,,,,,,,,,,,,,,,,,,,,,,,,,,,,,,
Q74408,Q45510826,,,,,,,,,,,,,,,,,,,,,,,,,,,,,,,,,,,,,,,,,,,,,
Q74411,Q45511142,,,,,,,,,,,,,,,,,,,,,,,,,,,,,,,,,,,,,,,,,,,,,
Q74414,Q45511208,,,,,,,,,,,,,,,,,,,,,,,,,,,,,,,,,,,,,,,,,,,,,
Q74417,Q45511650,,,,,,,,,,,,,,,,,,,,,,,,,,,,,,,,,,,,,,,,,,,,,
Q74420,Q45511777,,,,,,,,,,,,,,,,,,,,,,,,,,,,,,,,,,,,,,,,,,,,,
Q74423,Q45511905,,,,,,,,,,,,,,,,,,,,,,,,,,,,,,,,,,,,,,,,,,,,,
Q74426,Q45512284,,,,,,,,,,,,,,,,,,,,,,,,,,,,,,,,,,,,,,,,,,,,,
Q74429,Q45421603,,,,,,,,,,,,,,,,,,,,,,,,,,,,,,,,,,,,,,,,,,,,,
Q74432,Q45512979,,,,,,,,,,,,,,,,,,,,,,,,,,,,,,,,,,,,,,,,,,,,,
Q74435,Q61744128,,,,,,,,,,,,,,,,,,,,,,,,,,,,,,,,,,,,,,,,,,,,,
Q74438,Q45513489,,,,,,,,,,,,,,,,,,,,,,,,,,,,,,,,,,,,,,,,,,,,,
Q74441,Q18906758,,,,,,,,,,,,,,,,,,,,,,,,,,,,,,,,,,,,,,,,,,,,,
Q74444,Q18906770,,,,,,,,,,,,,,,,,,,,,,,,,,,,,,,,,,,,,,,,,,,,,
Q74447,Q45570334,,,,,,,,,,,,,,,,,,,,,,,,,,,,,,,,,,,,,,,,,,,,,
Q74450,Q45510445,,,,,,,,,,,,,,,,,,,,,,,,,,,,,,,,,,,,,,,,,,,,,
Q74453,Q28481680,,,,,,,,,,,,,,,,,,,,,,,,,,,,,,,,,,,,,,,,,,,,,
Q74456,Q45422177,,,,,,,,,,,,,,,,,,,,,,,,,,,,,,,,,,,,,,,,,,,,,
Q74459,Q45507908,,,,,,,,,,,,,,,,,,,,,,,,,,,,,,,,,,,,,,,,,,,,,
Q74462,Q45461684,,,,,,,,,,,,,,,,,,,,,,,,,,,,,,,,,,,,,,,,,,,,,
Q74465,Q45461746,,,,,,,,,,,,,,,,,,,,,,,,,,,,,,,,,,,,,,,,,,,,,
Q74468,Q45609185,,,,,,,,,,,,,,,,,,,,,,,,,,,,,,,,,,,,,,,,,,,,,
Q74471,Q45609377,,,,,,,,,,,,,,,,,,,,,,,,,,,,,,,,,,,,,,,,,,,,,
Q74474,Q45507420,,,,,,,,,,,,,,,,,,,,,,,,,,,,,,,,,,,,,,,,,,,,,
Q74477,Q56600490,,,,,,,,,,,,,,,,,,,,,,,,,,,,,,,,,,,,,,,,,,,,,
Q74480,Q45480649,,,,,,,,,,,,,,,,,,,,,,,,,,,,,,,,,,,,,,,,,,,,,
Q74483,Q45468595,,,,,,,,,,,,,,,,,,,,,,,,,,,,,,,,,,,,,,,,,,,,,
Q74486,Q45468659,,,,,,,,,,,,,,,,,,,,,,,,,,,,,,,,,,,,,,,,,,,,,
Q74489,Q45468724,,,,,,,,,,,,,,,,,,,,,,,,,,,,,,,,,,,,,,,,,,,,,
Q74492,Q45472478,,,,,,,,,,,,,,,,,,,,,,,,,,,,,,,,,,,,,,,,,,,,,
Q74495,Q8062185,,,,,,,,,,,,,,,,,,,,,,,,,,,,,,,,,,,,,,,,,,,,,
Q74498,Q10946210,,,,,,,,,,,,,,,,,,,,,,,,,,,,,,,,,,,,,,,,,,,,,
Q74501,Q45371932,,,,,,,,,,,,,,,,,,,,,,,,,,,,,,,,,,,,,,,,,,,,,
Q74504,Q20040988,,,,,,,,,,,,,,,,,,,,,,,,,,,,,,,,,,,,,,,,,,,,,
Q74507,Q18906822,,,,,,,,,,,,,,,,,,,,,,,,,,,,,,,,,,,,,,,,,,,,,
Q74510,Q45684575,,,,,,,,,,,,,,,,,,,,,,,,,,,,,,,,,,,,,,,,,,,,,
Q74513,Q45684605,,,,,,,,,,,,,,,,,,,,,,,,,,,,,,,,,,,,,,,,,,,,,
Q74516,Q45683705,,,,,,,,,,,,,,,,,,,,,,,,,,,,,,,,,,,,,,,,,,,,,
Q74519,Q45683674,,,,,,,,,,,,,,,,,,,,,,,,,,,,,,,,,,,,,,,,,,,,,
Q74522,Q8253766,,,,,,,,,,,,,,,,,,,,,,,,,,,,,,,,,,,,,,,,,,,,,
Q74525,Q16603298,,,,,,,,,,,,,,,,,,,,,,,,,,,,,,,,,,,,,,,,,,,,,
Q74528,Q16603358,,,,,,,,,,,,,,,,,,,,,,,,,,,,,,,,,,,,,,,,,,,,,
Q74531,Q3275322,,,,,,,,,,,,,,,,,,,,,,,,,,,,,,,,,,,,,,,,,,,,,
Q74534,Q11077182,,,,,,,,,,,,,,,,,,,,,,,,,,,,,,,,,,,,,,,,,,,,,
Q74537,Q11077220,,,,,,,,,,,,,,,,,,,,,,,,,,,,,,,,,,,,,,,,,,,,,
Q74540,Q11077236,,,,,,,,,,,,,,,,,,,,,,,,,,,,,,,,,,,,,,,,,,,,,
Q74543,Q11077197,,,,,,,,,,,,,,,,,,,,,,,,,,,,,,,,,,,,,,,,,,,,,
Q74546,Q9398042,,,,,,,,,,,,,,,,,,,,,,,,,,,,,,,,,,,,,,,,,,,,,
Q74549,Q10889677,,,,,,,,,,,,,,,,,,,,,,,,,,,,,,,,,,,,,,,,,,,,,
Q74552,Q10798925,,,,,,,,,,,,,,,,,,,,,,,,,,,,,,,,,,,,,,,,,,,,,
Q74555,Q9398067,,,,,,,,,,,,,,,,,,,,,,,,,,,,,,,,,,,,,,,,,,,,,
Q74558,Q15942985,,,,,,,,,,,,,,,,,,,,,,,,,,,,,,,,,,,,,,,,,,,,,
Q74561,Q11387865,,,,,,,,,,,,,,,,,,,,,,,,,,,,,,,,,,,,,,,,,,,,,
Q74564,Q15934517,,,,,,,,,,,,,,,,,,,,,,,,,,,,,,,,,,,,,,,,,,,,,
Q74567,Q15928278,,,,,,,,,,,,,,,,,,,,,,,,,,,,,,,,,,,,,,,,,,,,,
Q74570,Q11126595,,,,,,,,,,,,,,,,,,,,,,,,,,,,,,,,,,,,,,,,,,,,,
Q74573,Q11388050,,,,,,,,,,,,,,,,,,,,,,,,,,,,,,,,,,,,,,,,,,,,,
Q74576,Q17990817,,,,,,,,,,,,,,,,,,,,,,,,,,,,,,,,,,,,,,,,,,,,,
Q74579,Q11388080,,,,,,,,,,,,,,,,,,,,,,,,,,,,,,,,,,,,,,,,,,,,,
Q74582,Q11387963,,,,,,,,,,,,,,,,,,,,,,,,,,,,,,,,,,,,,,,,,,,,,
Q74585,Q11388083,,,,,,,,,,,,,,,,,,,,,,,,,,,,,,,,,,,,,,,,,,,,,
Q74588,Q11388066,,,,,,,,,,,,,,,,,,,,,,,,,,,,,,,,,,,,,,,,,,,,,
Q74591,Q22814841,,,,,,,,,,,,,,,,,,,,,,,,,,,,,,,,,,,,,,,,,,,,,
Q74594,Q11388068,,,,,,,,,,,,,,,,,,,,,,,,,,,,,,,,,,,,,,,,,,,,,
Q74597,Q15925369,,,,,,,,,,,,,,,,,,,,,,,,,,,,,,,,,,,,,,,,,,,,,
Q74600,Q11387820,,,,,,,,,,,,,,,,,,,,,,,,,,,,,,,,,,,,,,,,,,,,,
Q74603,Q22814840,,,,,,,,,,,,,,,,,,,,,,,,,,,,,,,,,,,,,,,,,,,,,
Q74606,Q11388087,,,,,,,,,,,,,,,,,,,,,,,,,,,,,,,,,,,,,,,,,,,,,
Q74610,Q11387851,,,,,,,,,,,,,,,,,,,,,,,,,,,,,,,,,,,,,,,,,,,,,
Q74613,Q11387989,,,,,,,,,,,,,,,,,,,,,,,,,,,,,,,,,,,,,,,,,,,,,
Q74616,Q15953274,,,,,,,,,,,,,,,,,,,,,,,,,,,,,,,,,,,,,,,,,,,,,
Q74619,Q17990812,,,,,,,,,,,,,,,,,,,,,,,,,,,,,,,,,,,,,,,,,,,,,
Q74622,Q11388089,,,,,,,,,,,,,,,,,,,,,,,,,,,,,,,,,,,,,,,,,,,,,
Q74625,Q108734220,,,,,,,,,,,,,,,,,,,,,,,,,,,,,,,,,,,,,,,,,,,,,
Q74628,Q26197371,,,,,,,,,,,,,,,,,,,,,,,,,,,,,,,,,,,,,,,,,,,,,
Q74631,Q11096253,,,,,,,,,,,,,,,,,,,,,,,,,,,,,,,,,,,,,,,,,,,,,
Q74634,Q45609625,,,,,,,,,,,,,,,,,,,,,,,,,,,,,,,,,,,,,,,,,,,,,
Q74637,Q18236210,,,,,,,,,,,,,,,,,,,,,,,,,,,,,,,,,,,,,,,,,,,,,
Q74640,Q30943277,,,,,,,,,,,,,,,,,,,,,,,,,,,,,,,,,,,,,,,,,,,,,
Q74643,Q28481342,,,,,,,,,,,,,,,,,,,,,,,,,,,,,,,,,,,,,,,,,,,,,
Q74646,Q15911925,,,,,,,,,,,,,,,,,,,,,,,,,,,,,,,,,,,,,,,,,,,,,
Q74649,Q45421898,,,,,,,,,,,,,,,,,,,,,,,,,,,,,,,,,,,,,,,,,,,,,
Q74652,Q22774382,,,,,,,,,,,,,,,,,,,,,,,,,,,,,,,,,,,,,,,,,,,,,
Q74655,Q11388076,,,,,,,,,,,,,,,,,,,,,,,,,,,,,,,,,,,,,,,,,,,,,
Q74658,Q10895300,,,,,,,,,,,,,,,,,,,,,,,,,,,,,,,,,,,,,,,,,,,,,
Q74661,Q16076703,,,,,,,,,,,,,,,,,,,,,,,,,,,,,,,,,,,,,,,,,,,,,
Q74664,Q15935577,,,,,,,,,,,,,,,,,,,,,,,,,,,,,,,,,,,,,,,,,,,,,
Q74667,Q1147737,,,,,,,,,,,,,,,,,,,,,,,,,,,,,,,,,,,,,,,,,,,,,
Q74670,Q7244761,,,,,,,,,,,,,,,,,,,,,,,,,,,,,,,,,,,,,,,,,,,,,
Q74673,Q15933921,,,,,,,,,,,,,,,,,,,,,,,,,,,,,,,,,,,,,,,,,,,,,
Q74676,Q4996469,,,,,,,,,,,,,,,,,,,,,,,,,,,,,,,,,,,,,,,,,,,,,
Q74679,Q18236230,,,,,,,,,,,,,,,,,,,,,,,,,,,,,,,,,,,,,,,,,,,,,
Q74682,Q19798646,,,,,,,,,,,,,,,,,,,,,,,,,,,,,,,,,,,,,,,,,,,,,
Q74685,Q11387770,,,,,,,,,,,,,,,,,,,,,,,,,,,,,,,,,,,,,,,,,,,,,
Q74688,Q15943993,,,,,,,,,,,,,,,,,,,,,,,,,,,,,,,,,,,,,,,,,,,,,
Q74691,Q16905352,,,,,,,,,,,,,,,,,,,,,,,,,,,,,,,,,,,,,,,,,,,,,
Q74694,Q16076405,,,,,,,,,,,,,,,,,,,,,,,,,,,,,,,,,,,,,,,,,,,,,
Q74697,Q72912082,,,,,,,,,,,,,,,,,,,,,,,,,,,,,,,,,,,,,,,,,,,,,
Q74700,Q19825577,,,,,,,,,,,,,,,,,,,,,,,,,,,,,,,,,,,,,,,,,,,,,
Q74703,Q45455623,,,,,,,,,,,,,,,,,,,,,,,,,,,,,,,,,,,,,,,,,,,,,
Q74706,Q74553911,,,,,,,,,,,,,,,,,,,,,,,,,,,,,,,,,,,,,,,,,,,,,
Q74709,Q9431558,,,,,,,,,,,,,,,,,,,,,,,,,,,,,,,,,,,,,,,,,,,,,
Q74712,Q65801737,,,,,,,,,,,,,,,,,,,,,,,,,,,,,,,,,,,,,,,,,,,,,
Q74715,Q17990824,,,,,,,,,,,,,,,,,,,,,,,,,,,,,,,,,,,,,,,,,,,,,
Q74718,Q47184402,,,,,,,,,,,,,,,,,,,,,,,,,,,,,,,,,,,,,,,,,,,,,
Q74721,Q15900667,,,,,,,,,,,,,,,,,,,,,,,,,,,,,,,,,,,,,,,,,,,,,
Q74724,Q10490263,,,,,,,,,,,,,,,,,,,,,,,,,,,,,,,,,,,,,,,,,,,,,
Q74727,Q20688014,,,,,,,,,,,,,,,,,,,,,,,,,,,,,,,,,,,,,,,,,,,,,
Q74730,Q19855351,,,,,,,,,,,,,,,,,,,,,,,,,,,,,,,,,,,,,,,,,,,,,
Q74733,Q66777284,,,,,,,,,,,,,,,,,,,,,,,,,,,,,,,,,,,,,,,,,,,,,
Q74736,Q11388035,,,,,,,,,,,,,,,,,,,,,,,,,,,,,,,,,,,,,,,,,,,,,
Q74739,Q11388038,,,,,,,,,,,,,,,,,,,,,,,,,,,,,,,,,,,,,,,,,,,,,
Q74742,Q10831390,,,,,,,,,,,,,,,,,,,,,,,,,,,,,,,,,,,,,,,,,,,,,
Q74745,Q16603470,,,,,,,,,,,,,,,,,,,,,,,,,,,,,,,,,,,,,,,,,,,,,
Q74748,Q17992779,,,,,,,,,,,,,,,,,,,,,,,,,,,,,,,,,,,,,,,,,,,,,
Q74751,Q108734701,,,,,,,,,,,,,,,,,,,,,,,,,,,,,,,,,,,,,,,,,,,,,
Q74754,Q45511351,,,,,,,,,,,,,,,,,,,,,,,,,,,,,,,,,,,,,,,,,,,,,
Q74757,Q17990921,,,,,,,,,,,,,,,,,,,,,,,,,,,,,,,,,,,,,,,,,,,,,
Q74760,Q17990934,,,,,,,,,,,,,,,,,,,,,,,,,,,,,,,,,,,,,,,,,,,,,
Q74763,Q61723554,,,,,,,,,,,,,,,,,,,,,,,,,,,,,,,,,,,,,,,,,,,,,
Q74766,Q61723560,,,,,,,,,,,,,,,,,,,,,,,,,,,,,,,,,,,,,,,,,,,,,
Q74769,Q22814769,,,,,,,,,,,,,,,,,,,,,,,,,,,,,,,,,,,,,,,,,,,,,
Q74772,Q22079109,,,,,,,,,,,,,,,,,,,,,,,,,,,,,,,,,,,,,,,,,,,,,
Q74775,Q48934479,,,,,,,,,,,,,,,,,,,,,,,,,,,,,,,,,,,,,,,,,,,,,
Q74778,Q22079108,,,,,,,,,,,,,,,,,,,,,,,,,,,,,,,,,,,,,,,,,,,,,
Q74781,Q19825794,,,,,,,,,,,,,,,,,,,,,,,,,,,,,,,,,,,,,,,,,,,,,
Q74784,Q11387960,,,,,,,,,,,,,,,,,,,,,,,,,,,,,,,,,,,,,,,,,,,,,
Q74787,Q28417949,,,,,,,,,,,,,,,,,,,,,,,,,,,,,,,,,,,,,,,,,,,,,
Q74790,Q21094113,,,,,,,,,,,,,,,,,,,,,,,,,,,,,,,,,,,,,,,,,,,,,
Q74793,Q14610253,,,,,,,,,,,,,,,,,,,,,,,,,,,,,,,,,,,,,,,,,,,,,
Q74796,Q11477150,,,,,,,,,,,,,,,,,,,,,,,,,,,,,,,,,,,,,,,,,,,,,
Q74799,Q18236394,,,,,,,,,,,,,,,,,,,,,,,,,,,,,,,,,,,,,,,,,,,,,
Q74802,Q45421936,,,,,,,,,,,,,,,,,,,,,,,,,,,,,,,,,,,,,,,,,,,,,
Q74805,Q45566913,,,,,,,,,,,,,,,,,,,,,,,,,,,,,,,,,,,,,,,,,,,,,
Q74808,Q26186470,,,,,,,,,,,,,,,,,,,,,,,,,,,,,,,,,,,,,,,,,,,,,
Q74811,Q26186509,,,,,,,,,,,,,,,,,,,,,,,,,,,,,,,,,,,,,,,,,,,,,
Q74814,Q45574959,,,,,,,,,,,,,,,,,,,,,,,,,,,,,,,,,,,,,,,,,,,,,
Q74817,Q76013932,,,,,,,,,,,,,,,,,,,,,,,,,,,,,,,,,,,,,,,,,,,,,
Q74820,Q76010835,,,,,,,,,,,,,,,,,,,,,,,,,,,,,,,,,,,,,,,,,,,,,
Q74823,Q45639927,,,,,,,,,,,,,,,,,,,,,,,,,,,,,,,,,,,,,,,,,,,,,
Q74826,Q123355203,,,,,,,,,,,,,,,,,,,,,,,,,,,,,,,,,,,,,,,,,,,,,
Q74829,Q133467867,,,,,,,,,,,,,,,,,,,,,,,,,,,,,,,,,,,,,,,,,,,,,
Q74832,Q17500454,,,,,,,,,,,,,,,,,,,,,,,,,,,,,,,,,,,,,,,,,,,,,
Q74835,Q45548253,,,,,,,,,,,,,,,,,,,,,,,,,,,,,,,,,,,,,,,,,,,,,
Q74838,Q26186043,,,,,,,,,,,,,,,,,,,,,,,,,,,,,,,,,,,,,,,,,,,,,
Q74841,Q45421308,,,,,,,,,,,,,,,,,,,,,,,,,,,,,,,,,,,,,,,,,,,,,
Q74844,Q45422612,,,,,,,,,,,,,,,,,,,,,,,,,,,,,,,,,,,,,,,,,,,,,
Q74847,Q45556786,,,,,,,,,,,,,,,,,,,,,,,,,,,,,,,,,,,,,,,,,,,,,
Q74850,Q45556847,,,,,,,,,,,,,,,,,,,,,,,,,,,,,,,,,,,,,,,,,,,,,
Q74853,Q45556911,,,,,,,,,,,,,,,,,,,,,,,,,,,,,,,,,,,,,,,,,,,,,
Q74856,Q19653832,,,,,,,,,,,,,,,,,,,,,,,,,,,,,,,,,,,,,,,,,,,,,
Q74859,Q10910059,,,,,,,,,,,,,,,,,,,,,,,,,,,,,,,,,,,,,,,,,,,,,
Q74862,Q45613595,,,,,,,,,,,,,,,,,,,,,,,,,,,,,,,,,,,,,,,,,,,,,
Q74865,Q45544904,,,,,,,,,,,,,,,,,,,,,,,,,,,,,,,,,,,,,,,,,,,,,
Q74868,Q45543248,,,,,,,,,,,,,,,,,,,,,,,,,,,,,,,,,,,,,,,,,,,,,
Q74871,Q45539882,,,,,,,,,,,,,,,,,,,,,,,,,,,,,,,,,,,,,,,,,,,,,
Q74874,Q45422619,,,,,,,,,,,,,,,,,,,,,,,,,,,,,,,,,,,,,,,,,,,,,
Q74877,Q45637633,,,,,,,,,,,,,,,,,,,,,,,,,,,,,,,,,,,,,,,,,,,,,
Q74880,Q45554711,,,,,,,,,,,,,,,,,,,,,,,,,,,,,,,,,,,,,,,,,,,,,
Q74883,Q45554963,,,,,,,,,,,,,,,,,,,,,,,,,,,,,,,,,,,,,,,,,,,,,
Q74886,Q45555153,,,,,,,,,,,,,,,,,,,,,,,,,,,,,,,,,,,,,,,,,,,,,
Q74889,Q4391801,,,,,,,,,,,,,,,,,,,,,,,,,,,,,,,,,,,,,,,,,,,,,
Q74892,Q8259099,,,,,,,,,,,,,,,,,,,,,,,,,,,,,,,,,,,,,,,,,,,,,
Q74895,Q1194981,,,,,,,,,,,,,,,,,,,,,,,,,,,,,,,,,,,,,,,,,,,,,
Q74898,Q11622122,,,,,,,,,,,,,,,,,,,,,,,,,,,,,,,,,,,,,,,,,,,,,
Q74901,Q67193757,,,,,,,,,,,,,,,,,,,,,,,,,,,,,,,,,,,,,,,,,,,,,
Q74904,Q67193764,,,,,,,,,,,,,,,,,,,,,,,,,,,,,,,,,,,,,,,,,,,,,
Q74907,Q16904129,,,,,,,,,,,,,,,,,,,,,,,,,,,,,,,,,,,,,,,,,,,,,
Q74910,Q16904131,,,,,,,,,,,,,,,,,,,,,,,,,,,,,,,,,,,,,,,,,,,,,
Q74913,Q16904127,,,,,,,,,,,,,,,,,,,,,,,,,,,,,,,,,,,,,,,,,,,,,
Q74916,Q15924270,,,,,,,,,,,,,,,,,,,,,,,,,,,,,,,,,,,,,,,,,,,,,
Q74919,Q11622124,,,,,,,,,,,,,,,,,,,,,,,,,,,,,,,,,,,,,,,,,,,,,
Q74922,Q11622125,,,,,,,,,,,,,,,,,,,,,,,,,,,,,,,,,,,,,,,,,,,,,
Q74925,Q15712390,,,,,,,,,,,,,,,,,,,,,,,,,,,,,,,,,,,,,,,,,,,,,
Q74928,Q26186437,,,,,,,,,,,,,,,,,,,,,,,,,,,,,,,,,,,,,,,,,,,,,
Q74933,Q45420227,,,,,,,,,,,,,,,,,,,,,,,,,,,,,,,,,,,,,,,,,,,,,
Q74936,Q45567486,,,,,,,,,,,,,,,,,,,,,,,,,,,,,,,,,,,,,,,,,,,,,
Q74939,Q45420058,,,,,,,,,,,,,,,,,,,,,,,,,,,,,,,,,,,,,,,,,,,,,
Q74942,Q26186453,,,,,,,,,,,,,,,,,,,,,,,,,,,,,,,,,,,,,,,,,,,,,
Q74945,Q45572635,,,,,,,,,,,,,,,,,,,,,,,,,,,,,,,,,,,,,,,,,,,,,
Q74948,Q45569711,,,,,,,,,,,,,,,,,,,,,,,,,,,,,,,,,,,,,,,,,,,,,
Q74951,Q45571812,,,,,,,,,,,,,,,,,,,,,,,,,,,,,,,,,,,,,,,,,,,,,
Q74954,Q11388030,,,,,,,,,,,,,,,,,,,,,,,,,,,,,,,,,,,,,,,,,,,,,
Q74957,Q26197393,,,,,,,,,,,,,,,,,,,,,,,,,,,,,,,,,,,,,,,,,,,,,
Q74960,Q45513193,,,,,,,,,,,,,,,,,,,,,,,,,,,,,,,,,,,,,,,,,,,,,
Q74963,Q17500320,,,,,,,,,,,,,,,,,,,,,,,,,,,,,,,,,,,,,,,,,,,,,
Q74966,Q30942797,,,,,,,,,,,,,,,,,,,,,,,,,,,,,,,,,,,,,,,,,,,,,
Q74969,Q38955996,,,,,,,,,,,,,,,,,,,,,,,,,,,,,,,,,,,,,,,,,,,,,
Q74972,Q21040220,,,,,,,,,,,,,,,,,,,,,,,,,,,,,,,,,,,,,,,,,,,,,
Q74975,Q45499570,,,,,,,,,,,,,,,,,,,,,,,,,,,,,,,,,,,,,,,,,,,,,
Q74978,Q11458384,,,,,,,,,,,,,,,,,,,,,,,,,,,,,,,,,,,,,,,,,,,,,
Q74981,Q26159843,,,,,,,,,,,,,,,,,,,,,,,,,,,,,,,,,,,,,,,,,,,,,
Q74984,Q45645411,,,,,,,,,,,,,,,,,,,,,,,,,,,,,,,,,,,,,,,,,,,,,
Q74987,Q28412601,,,,,,,,,,,,,,,,,,,,,,,,,,,,,,,,,,,,,,,,,,,,,
Q74990,Q11672733,,,,,,,,,,,,,,,,,,,,,,,,,,,,,,,,,,,,,,,,,,,,,
Q74993,Q10744234,,,,,,,,,,,,,,,,,,,,,,,,,,,,,,,,,,,,,,,,,,,,,
Q74996,Q10744205,,,,,,,,,,,,,,,,,,,,,,,,,,,,,,,,,,,,,,,,,,,,,
Q74999,Q10744249,,,,,,,,,,,,,,,,,,,,,,,,,,,,,,,,,,,,,,,,,,,,,
Q75002,Q45513702,,,,,,,,,,,,,,,,,,,,,,,,,,,,,,,,,,,,,,,,,,,,,
Q75005,Q45419801,,,,,,,,,,,,,,,,,,,,,,,,,,,,,,,,,,,,,,,,,,,,,
Q75008,Q45480743,,,,,,,,,,,,,,,,,,,,,,,,,,,,,,,,,,,,,,,,,,,,,
Q75011,Q45480872,,,,,,,,,,,,,,,,,,,,,,,,,,,,,,,,,,,,,,,,,,,,,
Q75014,Q45493292,,,,,,,,,,,,,,,,,,,,,,,,,,,,,,,,,,,,,,,,,,,,,
Q75017,Q45492594,,,,,,,,,,,,,,,,,,,,,,,,,,,,,,,,,,,,,,,,,,,,,
Q75020,Q45507879,,,,,,,,,,,,,,,,,,,,,,,,,,,,,,,,,,,,,,,,,,,,,
Q75023,Q45484324,,,,,,,,,,,,,,,,,,,,,,,,,,,,,,,,,,,,,,,,,,,,,
Q75026,Q45419828,,,,,,,,,,,,,,,,,,,,,,,,,,,,,,,,,,,,,,,,,,,,,
Q75029,Q45419830,,,,,,,,,,,,,,,,,,,,,,,,,,,,,,,,,,,,,,,,,,,,,
Q75032,Q45419810,,,,,,,,,,,,,,,,,,,,,,,,,,,,,,,,,,,,,,,,,,,,,
Q75035,Q65808019,,,,,,,,,,,,,,,,,,,,,,,,,,,,,,,,,,,,,,,,,,,,,
Q75038,Q45542777,,,,,,,,,,,,,,,,,,,,,,,,,,,,,,,,,,,,,,,,,,,,,
Q75041,Q45488224,,,,,,,,,,,,,,,,,,,,,,,,,,,,,,,,,,,,,,,,,,,,,
Q75044,Q45492531,,,,,,,,,,,,,,,,,,,,,,,,,,,,,,,,,,,,,,,,,,,,,
Q75047,Q65803941,,,,,,,,,,,,,,,,,,,,,,,,,,,,,,,,,,,,,,,,,,,,,
Q75050,Q65808078,,,,,,,,,,,,,,,,,,,,,,,,,,,,,,,,,,,,,,,,,,,,,
Q75053,Q65808079,,,,,,,,,,,,,,,,,,,,,,,,,,,,,,,,,,,,,,,,,,,,,
Q75056,Q45506506,,,,,,,,,,,,,,,,,,,,,,,,,,,,,,,,,,,,,,,,,,,,,
Q75059,Q45485797,,,,,,,,,,,,,,,,,,,,,,,,,,,,,,,,,,,,,,,,,,,,,
Q75062,Q191267,,,,,,,,,,,,,,,,,,,,,,,,,,,,,,,,,,,,,,,,,,,,,
Q75065,Q191289,,,,,,,,,,,,,,,,,,,,,,,,,,,,,,,,,,,,,,,,,,,,,
Q75068,Q16365485,,,,,,,,,,,,,,,,,,,,,,,,,,,,,,,,,,,,,,,,,,,,,
Q75071,Q235856,,,,,,,,,,,,,,,,,,,,,,,,,,,583634,,,,,,,,,,,,,,,,,,
Q75074,Q1013894,,,,,,,,,,,,,,,,,,,,,,,,,,,,,,,,,,,,,,,,,,,,,
Q75077,Q65803379,,,,,,,,,,,,,,,,,,,,,,,,,,,,,,,,,,,,,,,,,,,,,
Q75080,Q10339165,,,,,,,,,,,,,,,,,,,,,,,,,,,,,,,,,,,,,,,,,,,,,
Q75083,Q45594819,,,,,,,,,,,,,,,,,,,,,,,,,,,,,,,,,,,,,,,,,,,,,
Q75086,Q45594881,,,,,,,,,,,,,,,,,,,,,,,,,,,,,,,,,,,,,,,,,,,,,
Q75089,Q45508665,,,,,,,,,,,,,,,,,,,,,,,,,,,,,,,,,,,,,,,,,,,,,
Q75092,Q45596468,,,,,,,,,,,,,,,,,,,,,,,,,,,,,,,,,,,,,,,,,,,,,
Q75095,Q154908,,,,,,,,,,,,,,,,,,,,,,,,,,,,,,,,,,,,,,,,,,,,,
Q75098,Q154913,,,,,,,,,,,,,,,,,,,,,,,,,,,,,,,,,,,,,,,,,,,,,
Q75101,Q45499608,,,,,,,,,,,,,,,,,,,,,,,,,,,,,,,,,,,,,,,,,,,,,
Q75104,Q45568612,,,,,,,,,,,,,,,,,,,,,,,,,,,,,,,,,,,,,,,,,,,,,
Q75107,Q45661797,,,,,,,,,,,,,,,,,,,,,,,,,,,,,,,,,,,,,,,,,,,,,
Q75110,Q45662035,,,,,,,,,,,,,,,,,,,,,,,,,,,,,,,,,,,,,,,,,,,,,
Q75113,Q45662095,,,,,,,,,,,,,,,,,,,,,,,,,,,,,,,,,,,,,,,,,,,,,
Q75116,Q45662152,,,,,,,,,,,,,,,,,,,,,,,,,,,,,,,,,,,,,,,,,,,,,
Q75119,Q45662211,,,,,,,,,,,,,,,,,,,,,,,,,,,,,,,,,,,,,,,,,,,,,
Q75122,Q45420850,,,,,,,,,,,,,,,,,,,,,,,,,,,,,,,,,,,,,,,,,,,,,
Q75125,Q45420853,,,,,,,,,,,,,,,,,,,,,,,,,,,,,,,,,,,,,,,,,,,,,
Q75128,Q16076438,,,,,,,,,,,,,,,,,,,,,,,,,,,,,,,,,,,,,,,,,,,,,
Q75131,Q45592574,,,,,,,,,,,,,,,,,,,,,,,,,,,,,,,,,,,,,,,,,,,,,
Q75134,Q45662914,,,,,,,,,,,,,,,,,,,,,,,,,,,,,,,,,,,,,,,,,,,,,
Q75137,Q45660063,,,,,,,,,,,,,,,,,,,,,,,,,,,,,,,,,,,,,,,,,,,,,
Q75140,Q45660303,,,,,,,,,,,,,,,,,,,,,,,,,,,,,,,,,,,,,,,,,,,,,
Q75143,Q45660780,,,,,,,,,,,,,,,,,,,,,,,,,,,,,,,,,,,,,,,,,,,,,
Q75145,Q45640269,,,,,,,,,,,,,,,,,,,,,,,,,,,,,,,,,,,,,,,,,,,,,
Q75149,Q45526227,,,,,,,,,,,,,,,,,,,,,,,,,,,,,,,,,,,,,,,,,,,,,
Q75152,Q45597193,,,,,,,,,,,,,,,,,,,,,,,,,,,,,,,,,,,,,,,,,,,,,
Q75155,Q18908927,,,,,,,,,,,,,,,,,,,,,,,,,,,,,,,,,,,,,,,,,,,,,
Q75158,Q45422242,,,,,,,,,,,,,,,,,,,,,,,,,,,,,,,,,,,,,,,,,,,,,
Q75161,Q60994306,,,,,,,,,,,,,,,,,,,,,,,,,,,,,,,,,,,,,,,,,,,,,
Q75164,Q45662969,,,,,,,,,,,,,,,,,,,,,,,,,,,,,,,,,,,,,,,,,,,,,
Q75167,Q45663478,,,,,,,,,,,,,,,,,,,,,,,,,,,,,,,,,,,,,,,,,,,,,
Q75170,Q45663423,,,,,,,,,,,,,,,,,,,,,,,,,,,,,,,,,,,,,,,,,,,,,
Q75173,Q45663707,,,,,,,,,,,,,,,,,,,,,,,,,,,,,,,,,,,,,,,,,,,,,
Q75176,Q45663986,,,,,,,,,,,,,,,,,,,,,,,,,,,,,,,,,,,,,,,,,,,,,
Q75179,Q45502828,,,,,,,,,,,,,,,,,,,,,,,,,,,,,,,,,,,,,,,,,,,,,
Q75182,Q45513435,,,,,,,,,,,,,,,,,,,,,,,,,,,,,,,,,,,,,,,,,,,,,
Q75185,Q45658629,,,,,,,,,,,,,,,,,,,,,,,,,,,,,,,,,,,,,,,,,,,,,
Q75188,Q45424415,,,,,,,,,,,,,,,,,,,,,,,,,,,,,,,,,,,,,,,,,,,,,
Q75191,Q45451963,,,,,,,,,,,,,,,,,,,,,,,,,,,,,,,,,,,,,,,,,,,,,
Q75194,Q45457421,,,,,,,,,,,,,,,,,,,,,,,,,,,,,,,,,,,,,,,,,,,,,
Q75197,Q45458055,,,,,,,,,,,,,,,,,,,,,,,,,,,,,,,,,,,,,,,,,,,,,
Q75200,Q45458118,,,,,,,,,,,,,,,,,,,,,,,,,,,,,,,,,,,,,,,,,,,,,
Q75203,Q45458183,,,,,,,,,,,,,,,,,,,,,,,,,,,,,,,,,,,,,,,,,,,,,
Q75206,Q45458246,,,,,,,,,,,,,,,,,,,,,,,,,,,,,,,,,,,,,,,,,,,,,
Q75209,Q45458308,,,,,,,,,,,,,,,,,,,,,,,,,,,,,,,,,,,,,,,,,,,,,
Q75212,Q45467636,,,,,,,,,,,,,,,,,,,,,,,,,,,,,,,,,,,,,,,,,,,,,
Q75215,Q45467700,,,,,,,,,,,,,,,,,,,,,,,,,,,,,,,,,,,,,,,,,,,,,
Q75218,Q45402599,,,,,,,,,,,,,,,,,,,,,,,,,,,,,,,,,,,,,,,,,,,,,
Q75221,Q45507354,,,,,,,,,,,,,,,,,,,,,,,,,,,,,,,,,,,,,,,,,,,,,
Q75224,Q45507418,,,,,,,,,,,,,,,,,,,,,,,,,,,,,,,,,,,,,,,,,,,,,
Q75227,Q45422217,,,,,,,,,,,,,,,,,,,,,,,,,,,,,,,,,,,,,,,,,,,,,
Q75230,Q45502698,,,,,,,,,,,,,,,,,,,,,,,,,,,,,,,,,,,,,,,,,,,,,
Q75233,Q45441484,,,,,,,,,,,,,,,,,,,,,,,,,,,,,,,,,,,,,,,,,,,,,
Q75236,Q45441674,,,,,,,,,,,,,,,,,,,,,,,,,,,,,,,,,,,,,,,,,,,,,
Q75239,Q45508750,,,,,,,,,,,,,,,,,,,,,,,,,,,,,,,,,,,,,,,,,,,,,
Q75242,Q45509006,,,,,,,,,,,,,,,,,,,,,,,,,,,,,,,,,,,,,,,,,,,,,
Q75245,Q45503090,,,,,,,,,,,,,,,,,,,,,,,,,,,,,,,,,,,,,,,,,,,,,
Q75248,Q45522009,,,,,,,,,,,,,,,,,,,,,,,,,,,,,,,,,,,,,,,,,,,,,
Q75251,Q45503606,,,,,,,,,,,,,,,,,,,,,,,,,,,,,,,,,,,,,,,,,,,,,
Q75254,Q45402523,,,,,,,,,,,,,,,,,,,,,,,,,,,,,,,,,,,,,,,,,,,,,
Q75257,Q45509891,,,,,,,,,,,,,,,,,,,,,,,,,,,,,,,,,,,,,,,,,,,,,
Q75260,Q10511648,,,,,,,,,,,,,,,,,,,,,,,,,,,,,,,,,,,,,,,,,,,,,
Q75263,Q10511856,,,,,,,,,,,,,,,,,,,,,,,,,,,,,,,,,,,,,,,,,,,,,
Q75266,Q48928107,,,,,,,,,,,,,,,,,,,,,,,,,,,,,,,,,,,,,,,,,,,,,
Q75269,Q95017888,,,,,,,,,,,,,,,,,,,,,,,,,,,,,,,,,,,,,,,,,,,,,
Q75272,Q95018015,,,,,,,,,,,,,,,,,,,,,,,,,,,,,,,,,,,,,,,,,,,,,
Q75275,Q95018124,,,,,,,,,,,,,,,,,,,,,,,,,,,,,,,,,,,,,,,,,,,,,
Q75278,Q15934611,,,,,,,,,,,,,,,,,,,,,,,,,,,,,,,,,,,,,,,,,,,,,
Q75281,Q16905834,,,,,,,,,,,,,,,,,,,,,,,,,,,,,,,,,,,,,,,,,,,,,
Q75284,Q22813943,,,,,,,,,,,,,,,,,,,,,,,,,,,,,,,,,,,,,,,,,,,,,
Q75287,Q45507252,,,,,,,,,,,,,,,,,,,,,,,,,,,,,,,,,,,,,,,,,,,,,
Q75290,Q45514262,,,,,,,,,,,,,,,,,,,,,,,,,,,,,,,,,,,,,,,,,,,,,
Q75293,Q45647042,,,,,,,,,,,,,,,,,,,,,,,,,,,,,,,,,,,,,,,,,,,,,
Q75296,Q45468387,,,,,,,,,,,,,,,,,,,,,,,,,,,,,,,,,,,,,,,,,,,,,
Q75299,Q45574632,,,,,,,,,,,,,,,,,,,,,,,,,,,,,,,,,,,,,,,,,,,,,
Q75302,Q49699,,,,,,,,,,,,,,,,,,,,,,,,,,,,,,,,,,,,,,,,,,,,,
Q75305,Q8253830,,,,,,,,,,,,,,,,,,,,,,,,,,,,,,,,,,,,,,,,,,,,,
Q75308,Q10897941,,,,,,,,,,,,,,,,,,,,,,,,,,,,,,,,,,,,,,,,,,,,,
Q75311,Q13363412,,,,,,,,,,,,,,,,,,,,,,,,,,,,,,,,,,,,,,,,,,,,,
Q75314,Q13363422,,,,,,,,,,,,,,,,,,,,,,,,,,,,,,,,,,,,,,,,,,,,,
Q75317,Q13363426,,,,,,,,,,,,,,,,,,,,,,,,,,,,,,,,,,,,,,,,,,,,,
Q75320,Q16603351,,,,,,,,,,,,,,,,,,,,,,,,,,,,,,,,,,,,,,,,,,,,,
Q75323,Q16603364,,,,,,,,,,,,,,,,,,,,,,,,,,,,,,,,,,,,,,,,,,,,,
Q75326,Q16603386,,,,,,,,,,,,,,,,,,,,,,,,,,,,,,,,,,,,,,,,,,,,,
Q75329,Q16603389,,,,,,,,,,,,,,,,,,,,,,,,,,,,,,,,,,,,,,,,,,,,,
Q75332,Q16603409,,,,,,,,,,,,,,,,,,,,,,,,,,,,,,,,,,,,,,,,,,,,,
Q75335,Q16603433,,,,,,,,,,,,,,,,,,,,,,,,,,,,,,,,,,,,,,,,,,,,,
Q75338,Q49701,,,,,,,,,,,,,,,,,,,,,,,,,,,,,,,,,,,,,,,,,,,,,
Q75341,Q279707,,,,,,,,,,,,,,,,,,,,,,,,,,,,,,,,,,,,,,,,,,,,,
Q75344,Q3661259,,,,,,,,,,,,,,,,,,,,,,,,,,,,,,,,,,,,,,,,,,,,,
Q75347,Q10619946,,,,,,,,,,,,,,,,,,,,,,,,,,,,,,,,,,,,,,,,,,,,,
Q75350,Q1708482,,,,,,,,,,,,,,,,,,,,,,,,,,,,,,,,,,,,,,,,,,,,,
Q75353,Q3088112,,,,,,,,,,,,,,,,,,,,,,,,,,,,,,,,,,,,,,,,,,,,,
Q75356,Q5374485,,,,,,,,,,,,,,,,,,,,,,,,,,,,,,,,,,,,,,,,,,,,,
Q75359,Q8253871,,,,,,,,,,,,,,,,,,,,,,,,,,,,,,,,,,,,,,,,,,,,,
Q75362,Q103862,,,,,,,,,,,,,,,,,,,,,,,,,,,,,,,,,,,,,,,,,,,,,
Q75365,Q8253857,,,,,,,,,,,,,,,,,,,,,,,,,,,,,,,,,,,,,,,,,,,,,
Q75368,Q8262928,,,,,,,,,,,,,,,,,,,,,,,,,,,,,,,,,,,,,,,,,,,,,
Q75371,Q8253890,,,,,,,,,,,,,,,,,,,,,,,,,,,,,,,,,,,,,,,,,,,,,
Q75374,Q8253841,,,,,,,,,,,,,,,,,,,,,,,,,,,,,,,,,,,,,,,,,,,,,
Q75377,Q5163355,,,,,,,,,,,,,,,,,,,,,,,,,,,,,,,,,,,,,,,,,,,,,
Q75380,Q30943299,,,,,,,,,,,,,,,,,,,,,,,,,,,,,,,,,,,,,,,,,,,,,
Q75383,Q30943293,,,,,,,,,,,,,,,,,,,,,,,,,,,,,,,,,,,,,,,,,,,,,
Q75386,Q30943278,,,,,,,,,,,,,,,,,,,,,,,,,,,,,,,,,,,,,,,,,,,,,
Q75389,Q30943311,,,,,,,,,,,,,,,,,,,,,,,,,,,,,,,,,,,,,,,,,,,,,
Q75392,Q11572911,,,,,,,,,,,,,,,,,,,,,,,,,,,,,,,,,,,,,,,,,,,,,
Q75395,Q22814742,,,,,,,,,,,,,,,,,,,,,,,,,,,,,,,,,,,,,,,,,,,,,
Q75398,Q16906024,,,,,,,,,,,,,,,,,,,,,,,,,,,,,,,,,,,,,,,,,,,,,
Q75401,Q109276235,,,,,,,,,,,,,,,,,,,,,,,,,,,,,,,,,,,,,,,,,,,,,
Q75404,Q5115175,,,,,,,,,,,,,,,,,,,,,,,,,,,,,,,,,,,,,,,,,,,,,
Q75407,Q109275677,,,,,,,,,,,,,,,,,,,,,,,,,,,,,,,,,,,,,,,,,,,,,
Q75410,Q22814329,,,,,,,,,,,,,,,,,,,,,,,,,,,,,,,,,,,,,,,,,,,,,
Q75413,Q11550570,,,,,,,,,,,,,,,,,,,,,,,,,,,,,,,,,,,,,,,,,,,,,
Q75416,Q109276355,,,,,,,,,,,,,,,,,,,,,,,,,,,,,,,,,,,,,,,,,,,,,
Q75419,Q22814461,,,,,,,,,,,,,,,,,,,,,,,,,,,,,,,,,,,,,,,,,,,,,
Q75422,Q6133576,,,,,,,,,,,,,,,,,,,,,,,,,,,,,,,,,,,,,,,,,,,,,
Q75425,Q24836192,,,,,,,,,,,,,,,,,,,,,,,,,,,,,,,,,,,,,,,,,,,,,
Q75428,Q718258,,,,,,,,,,,,,,,,,,,,,,,,,,,,,,,,,,,,,,,,,,,,,
Q75431,Q10899866,,,,,,,,,,,,,,,,,,,,,,,,,,,,,,,,,,,,,,,,,,,,,
Q75434,Q10899869,,,,,,,,,,,,,,,,,,,,,,,,,,,,,,,,,,,,,,,,,,,,,
Q75437,Q4263151,,,,,,,,,,,,,,,,,,,,,,,,,,,,,,,,,,,,,,,,,,,,,
Q75440,Q718210,,,,,,,,,,,,,,,,,,,,,,,,,,,,,,,,,,,,,,,,,,,,,
Q75443,Q10899764,,,,,,,,,,,,,,,,,,,,,,,,,,,,,,,,,,,,,,,,,,,,,
Q75446,Q95143871,,,,,,,,,,,,,,,,,,,,,,,,,,,,,,,,,,,,,,,,,,,,,
Q75449,Q95143890,,,,,,,,,,,,,,,,,,,,,,,,,,,,,,,,,,,,,,,,,,,,,
Q75452,Q95143897,,,,,,,,,,,,,,,,,,,,,,,,,,,,,,,,,,,,,,,,,,,,,
Q75455,Q4133032,,,,,,,,,,,,,,,,,,,,,,,,,,,,,,,,,,,,,,,,,,,,,
Q75458,Q10897100,,,,,,,,,,,,,,,,,,,,,,,,,,,,,,,,,,,,,,,,,,,,,
Q75461,Q10898000,,,,,,,,,,,,,,,,,,,,,,,,,,,,,,,,,,,,,,,,,,,,,
Q75464,Q10897507,,,,,,,,,,,,,,,,,,,,,,,,,,,,,,,,,,,,,,,,,,,,,
Q75467,Q855789,,,,,,,,,,,,,,,,,,,,,,,,,,,,,,,,,,,,,,,,,,,,,
Q75470,Q8253895,,,,,,,,,,,,,,,,,,,,,,,,,,,,,,,,,,,,,,,,,,,,,
Q75473,Q4391445,,,,,,,,,,,,,,,,,,,,,,,,,,,,,,,,,,,,,,,,,,,,,
Q75476,Q4391460,,,,,,,,,,,,,,,,,,,,,,,,,,,,,,,,,,,,,,,,,,,,,
Q75479,Q717946,,,,,,,,,,,,,,,,,,,,,,,,,,,,,,,,,,,,,,,,,,,,,
Q75482,Q16075416,,,,,,,,,,,,,,,,,,,,,,,,,,,,,,,,,,,,,,,,,,,,,
Q75485,Q10899937,,,,,,,,,,,,,,,,,,,,,,,,,,,,,,,,,,,,,,,,,,,,,
Q75488,Q93901,,,,,,,,,,,,,,,,,,,,,,,,,,,,,,,,,,,,,,,,,,,,,
Q75491,Q10899495,,,,,,,,,,,,,,,,,,,,,,,,,,,,,,,,,,,,,,,,,,,,,
Q75494,Q10900436,,,,,,,,,,,,,,,,,,,,,,,,,,,,,,,,,,,,,,,,,,,,,
Q75497,Q7850386,,,,,,,,,,,,,,,,,,,,,,,,,,,,,,,,,,,,,,,,,,,,,
Q75500,Q10900306,,,,,,,,,,,,,,,,,,,,,,,,,,,,,,,,,,,,,,,,,,,,,
Q75503,Q10897435,,,,,,,,,,,,,,,,,,,,,,,,,,,,,,,,,,,,,,,,,,,,,
Q75506,Q10900224,,,,,,,,,,,,,,,,,,,,,,,,,,,,,,,,,,,,,,,,,,,,,
Q75509,Q16603706,,,,,,,,,,,,,,,,,,,,,,,,,,,,,,,,,,,,,,,,,,,,,
Q75512,Q16603330,,,,,,,,,,,,,,,,,,,,,,,,,,,,,,,,,,,,,,,,,,,,,
Q75515,Q16603331,,,,,,,,,,,,,,,,,,,,,,,,,,,,,,,,,,,,,,,,,,,,,
Q75518,Q1059974,,,,,,,,,,,,,,,,,,,,,,,,,,,,,,,,,,,,,,,,,,,,,
Q75521,Q8253911,,,,,,,,,,,,,,,,,,,,,,,,,,,,,,,,,,,,,,,,,,,,,
Q75524,Q8253863,,,,,,,,,,,,,,,,,,,,,,,,,,,,,,,,,,,,,,,,,,,,,
Q75527,Q703283,,,,,,,,,,,,,,,,,,,,,,,,,,,,,,,,,,,,,,,,,,,,,
Q75530,Q7885571,,,,,,,,,,,,,,,,,,,,,,,,,,,,,,,,,,,,,,,,,,,,,
Q75533,Q7481312,,,,,,,,,,,,,,,,,,,,,,,,,,,,,,,,,,,,,,,,,,,,,
Q75536,Q7481292,,,,,,,,,,,,,,,,,,,,,,,,,,,,,,,,,,,,,,,,,,,,,
Q75539,Q7481275,,,,,,,,,,,,,,,,,,,,,,,,,,,,,,,,,,,,,,,,,,,,,
Q75542,Q10899583,,,,,,,,,,,,,,,,,,,,,,,,,,,,,,,,,,,,,,,,,,,,,
Q75545,Q10899585,,,,,,,,,,,,,,,,,,,,,,,,,,,,,,,,,,,,,,,,,,,,,
Q75548,Q10899586,,,,,,,,,,,,,,,,,,,,,,,,,,,,,,,,,,,,,,,,,,,,,
Q75551,Q10899587,,,,,,,,,,,,,,,,,,,,,,,,,,,,,,,,,,,,,,,,,,,,,
Q75554,Q10899589,,,,,,,,,,,,,,,,,,,,,,,,,,,,,,,,,,,,,,,,,,,,,
Q75557,Q10899590,,,,,,,,,,,,,,,,,,,,,,,,,,,,,,,,,,,,,,,,,,,,,
Q75560,Q10899594,,,,,,,,,,,,,,,,,,,,,,,,,,,,,,,,,,,,,,,,,,,,,
Q75563,Q10899595,,,,,,,,,,,,,,,,,,,,,,,,,,,,,,,,,,,,,,,,,,,,,
Q75566,Q10899597,,,,,,,,,,,,,,,,,,,,,,,,,,,,,,,,,,,,,,,,,,,,,
Q75569,Q10899598,,,,,,,,,,,,,,,,,,,,,,,,,,,,,,,,,,,,,,,,,,,,,
Q75572,Q7481334,,,,,,,,,,,,,,,,,,,,,,,,,,,,,,,,,,,,,,,,,,,,,
Q75575,Q10899599,,,,,,,,,,,,,,,,,,,,,,,,,,,,,,,,,,,,,,,,,,,,,
Q75578,Q7481305,,,,,,,,,,,,,,,,,,,,,,,,,,,,,,,,,,,,,,,,,,,,,
Q75581,Q10899603,,,,,,,,,,,,,,,,,,,,,,,,,,,,,,,,,,,,,,,,,,,,,
Q75584,Q10899604,,,,,,,,,,,,,,,,,,,,,,,,,,,,,,,,,,,,,,,,,,,,,
Q75587,Q3088081,,,,,,,,,,,,,,,,,,,,,,,,,,,,,,,,,,,,,,,,,,,,,
Q75590,Q10899606,,,,,,,,,,,,,,,,,,,,,,,,,,,,,,,,,,,,,,,,,,,,,
Q75593,Q7481251,,,,,,,,,,,,,,,,,,,,,,,,,,,,,,,,,,,,,,,,,,,,,
Q75596,Q7700439,,,,,,,,,,,,,,,,,,,,,,,,,,,,,,,,,,,,,,,,,,,,,
Q75599,Q10899607,,,,,,,,,,,,,,,,,,,,,,,,,,,,,,,,,,,,,,,,,,,,,
Q75602,Q7885516,,,,,,,,,,,,,,,,,,,,,,,,,,,,,,,,,,,,,,,,,,,,,
Q75605,Q6645422,,,,,,,,,,,,,,,,,,,,,,,,,,,,,,,,,,,,,,,,,,,,,
Q75608,Q16603377,,,,,,,,,,,,,,,,,,,,,,,,,,,,,,,,,,,,,,,,,,,,,
Q75611,Q16603581,,,,,,,,,,,,,,,,,,,,,,,,,,,,,,,,,,,,,,,,,,,,,
Q75614,Q16603374,,,,,,,,,,,,,,,,,,,,,,,,,,,,,,,,,,,,,,,,,,,,,
Q75617,Q16076650,,,,,,,,,,,,,,,,,,,,,,,,,,,,,,,,,,,,,,,,,,,,,
Q75620,Q16603328,,,,,,,,,,,,,,,,,,,,,,,,,,,,,,,,,,,,,,,,,,,,,
Q75623,Q19753335,,,,,,,,,,,,,,,,,,,,,,,,,,,,,,,,,,,,,,,,,,,,,
Q75626,Q7481232,,,,,,,,,,,,,,,,,,,,,,,,,,,,,,,,,,,,,,,,,,,,,
Q75629,Q16603329,,,,,,,,,,,,,,,,,,,,,,,,,,,,,,,,,,,,,,,,,,,,,
Q75632,Q95143877,,,,,,,,,,,,,,,,,,,,,,,,,,,,,,,,,,,,,,,,,,,,,
Q75635,Q95143885,,,,,,,,,,,,,,,,,,,,,,,,,,,,,,,,,,,,,,,,,,,,,
Q75638,Q18118177,,,,,,,,,,,,,,,,,,,,,,,,,,,,,,,,,,,,,,,,,,,,,
Q75641,Q28691175,,,,,,,,,,,,,,,,,,,,,,,,,,,,,,,,,,,,,,,,,,,,,
Q75644,Q56600341,,,,,,,,,,,,,,,,,,,,,,,,,,,,,,,,,,,,,,,,,,,,,
Q75647,Q45566627,,,,,,,,,,,,,,,,,,,,,,,,,,,,,,,,,,,,,,,,,,,,,
Q75650,Q45489166,,,,,,,,,,,,,,,,,,,,,,,,,,,,,,,,,,,,,,,,,,,,,
Q75653,Q45420826,,,,,,,,,,,,,,,,,,,,,,,,,,,,,,,,,,,,,,,,,,,,,
Q75656,Q45493165,,,,,,,,,,,,,,,,,,,,,,,,,,,,,,,,,,,,,,,,,,,,,
Q75659,Q45686201,,,,,,,,,,,,,,,,,,,,,,,,,,,,,,,,,,,,,,,,,,,,,
Q75662,Q45641824,,,,,,,,,,,,,,,,,,,,,,,,,,,,,,,,,,,,,,,,,,,,,
Q75665,Q18906923,,,,,,,,,,,,,,,,,,,,,,,,,,,,,,,,,,,,,,,,,,,,,
Q75668,Q11626503,,,,,,,,,,,,,,,,,,,,,,,,,,,,,,,,,,,,,,,,,,,,,
Q75671,Q26197703,,,,,,,,,,,,,,,,,,,,,,,,,,,,,,,,,,,,,,,,,,,,,
Q75674,Q45565219,,,,,,,,,,,,,,,,,,,,,,,,,,,,,,,,,,,,,,,,,,,,,
Q75677,Q74559030,,,,,,,,,,,,,,,,,,,,,,,,,,,,,,,,,,,,,,,,,,,,,
Q75680,Q11626506,,,,,,,,,,,,,,,,,,,,,,,,,,,,,,,,,,,,,,,,,,,,,
Q75683,Q55697236,,,,,,,,,,,,,,,,,,,,,,,,,,,,,,,,,,,,,,,,,,,,,
Q75686,Q26198055,,,,,,,,,,,,,,,,,,,,,,,,,,,,,,,,,,,,,,,,,,,,,
Q75689,Q45584556,,,,,,,,,,,,,,,,,,,,,,,,,,,,,,,,,,,,,,,,,,,,,
Q75692,Q45587161,,,,,,,,,,,,,,,,,,,,,,,,,,,,,,,,,,,,,,,,,,,,,
Q75695,Q45590907,,,,,,,,,,,,,,,,,,,,,,,,,,,,,,,,,,,,,,,,,,,,,
Q75698,Q13544596,,,,,,,,,,,,,,,,,,,,,,,,,,,,,,,,,,,,,,,,,,,,,
Q75701,Q27920713,,,,,,,,,,,,,,,,,,,,,,,,,,,,,,,,,,,,,,,,,,,,,
Q75704,Q15923429,,,,,,,,,,,,,,,,,,,,,,,,,,,,,,,,,,,,,,,,,,,,,
Q75707,Q20064145,,,,,,,,,,,,,,,,,,,,,,,,,,,,,,,,,,,,,,,,,,,,,
Q75710,Q45513806,,,,,,,,,,,,,,,,,,,,,,,,,,,,,,,,,,,,,,,,,,,,,
Q75713,Q45495734,,,,,,,,,,,,,,,,,,,,,,,,,,,,,,,,,,,,,,,,,,,,,
Q75716,Q45593596,,,,,,,,,,,,,,,,,,,,,,,,,,,,,,,,,,,,,,,,,,,,,
Q75719,Q45593659,,,,,,,,,,,,,,,,,,,,,,,,,,,,,,,,,,,,,,,,,,,,,
Q75722,Q45501743,,,,,,,,,,,,,,,,,,,,,,,,,,,,,,,,,,,,,,,,,,,,,
Q75725,Q45501871,,,,,,,,,,,,,,,,,,,,,,,,,,,,,,,,,,,,,,,,,,,,,
Q75728,Q45501937,,,,,,,,,,,,,,,,,,,,,,,,,,,,,,,,,,,,,,,,,,,,,
Q75731,Q8048458,,,,,,,,,,,,,,,,,,,,,,,,,,,,,,,,,,,,,,,,,,,,,
Q75734,Q45422277,,,,,,,,,,,,,,,,,,,,,,,,,,,,,,,,,,,,,,,,,,,,,
Q75737,Q45567565,,,,,,,,,,,,,,,,,,,,,,,,,,,,,,,,,,,,,,,,,,,,,
Q75740,Q45652995,,,,,,,,,,,,,,,,,,,,,,,,,,,,,,,,,,,,,,,,,,,,,
Q75743,Q45422286,,,,,,,,,,,,,,,,,,,,,,,,,,,,,,,,,,,,,,,,,,,,,
Q75746,Q45651152,,,,,,,,,,,,,,,,,,,,,,,,,,,,,,,,,,,,,,,,,,,,,
Q75749,Q45448190,,,,,,,,,,,,,,,,,,,,,,,,,,,,,,,,,,,,,,,,,,,,,
Q75752,Q45492276,,,,,,,,,,,,,,,,,,,,,,,,,,,,,,,,,,,,,,,,,,,,,
Q75756,Q65804700,,,,,,,,,,,,,,,,,,,,,,,,,,,,,,,,,,,,,,,,,,,,,
Q75759,Q708460,,,,,,,,,,,,,,,,,,,,,,,,,,,,,,,,,,,,,,,,,,,,,
Q75762,Q45534772,,,,,,,,,,,,,,,,,,,,,,,,,,,,,,,,,,,,,,,,,,,,,
Q75765,Q45447700,,,,,,,,,,,,,,,,,,,,,,,,,,,,,,,,,,,,,,,,,,,,,
Q75768,Q45447763,,,,,,,,,,,,,,,,,,,,,,,,,,,,,,,,,,,,,,,,,,,,,
Q75771,Q45630947,,,,,,,,,,,,,,,,,,,,,,,,,,,,,,,,,,,,,,,,,,,,,
Q75774,Q45449636,,,,,,,,,,,,,,,,,,,,,,,,,,,,,,,,,,,,,,,,,,,,,
Q75777,Q45449700,,,,,,,,,,,,,,,,,,,,,,,,,,,,,,,,,,,,,,,,,,,,,
Q75780,Q45635644,,,,,,,,,,,,,,,,,,,,,,,,,,,,,,,,,,,,,,,,,,,,,
Q75783,Q26197752,,,,,,,,,,,,,,,,,,,,,,,,,,,,,,,,,,,,,,,,,,,,,
Q75786,Q10350243,,,,,,,,,,,,,,,,,,,,,,,,,,,,,,,,,,,,,,,,,,,,,
Q75789,Q26197789,,,,,,,,,,,,,,,,,,,,,,,,,,,,,,,,,,,,,,,,,,,,,
Q75792,Q26197864,,,,,,,,,,,,,,,,,,,,,,,,,,,,,,,,,,,,,,,,,,,,,
Q75795,Q67935892,,,,,,,,,,,,,,,,,,,,,,,,,,,,,,,,,,,,,,,,,,,,,
Q75798,Q11534060,,,,,,,,,,,,,,,,,,,,,,,,,,,,,,,,,,,,,,,,,,,,,
Q75801,Q11534609,,,,,,,,,,,,,,,,,,,,,,,,,,,,,,,,,,,,,,,,,,,,,
Q75804,Q22813421,,,,,,,,,,,,,,,,,,,,,,,,,,,,,,,,,,,,,,,,,,,,,
Q75807,Q45492018,,,,,,,,,,,,,,,,,,,,,,,,,,,,,,,,,,,,,,,,,,,,,
Q75810,Q45485574,,,,,,,,,,,,,,,,,,,,,,,,,,,,,,,,,,,,,,,,,,,,,
Q75813,Q65802949,,,,,,,,,,,,,,,,,,,,,,,,,,,,,,,,,,,,,,,,,,,,,
Q75816,Q45507196,,,,,,,,,,,,,,,,,,,,,,,,,,,,,,,,,,,,,,,,,,,,,
Q75819,Q45443500,,,,,,,,,,,,,,,,,,,,,,,,,,,,,,,,,,,,,,,,,,,,,
Q75822,Q45443562,,,,,,,,,,,,,,,,,,,,,,,,,,,,,,,,,,,,,,,,,,,,,
Q75825,Q65805130,,,,,,,,,,,,,,,,,,,,,,,,,,,,,,,,,,,,,,,,,,,,,
Q75828,Q45532019,,,,,,,,,,,,,,,,,,,,,,,,,,,,,,,,,,,,,,,,,,,,,
Q75831,Q45532082,,,,,,,,,,,,,,,,,,,,,,,,,,,,,,,,,,,,,,,,,,,,,
Q75834,Q65804988,,,,,,,,,,,,,,,,,,,,,,,,,,,,,,,,,,,,,,,,,,,,,
Q75837,Q45509939,,,,,,,,,,,,,,,,,,,,,,,,,,,,,,,,,,,,,,,,,,,,,
Q75840,Q65804989,,,,,,,,,,,,,,,,,,,,,,,,,,,,,,,,,,,,,,,,,,,,,
Q75843,Q65805220,,,,,,,,,,,,,,,,,,,,,,,,,,,,,,,,,,,,,,,,,,,,,
Q75846,Q65805221,,,,,,,,,,,,,,,,,,,,,,,,,,,,,,,,,,,,,,,,,,,,,
Q75849,Q45562818,,,,,,,,,,,,,,,,,,,,,,,,,,,,,,,,,,,,,,,,,,,,,
Q75852,Q45562881,,,,,,,,,,,,,,,,,,,,,,,,,,,,,,,,,,,,,,,,,,,,,
Q75855,Q45562945,,,,,,,,,,,,,,,,,,,,,,,,,,,,,,,,,,,,,,,,,,,,,
Q75858,Q45563009,,,,,,,,,,,,,,,,,,,,,,,,,,,,,,,,,,,,,,,,,,,,,
Q75861,Q65808119,,,,,,,,,,,,,,,,,,,,,,,,,,,,,,,,,,,,,,,,,,,,,
Q75864,Q65808120,,,,,,,,,,,,,,,,,,,,,,,,,,,,,,,,,,,,,,,,,,,,,
Q75867,Q45573754,,,,,,,,,,,,,,,,,,,,,,,,,,,,,,,,,,,,,,,,,,,,,
Q75870,Q45573817,,,,,,,,,,,,,,,,,,,,,,,,,,,,,,,,,,,,,,,,,,,,,
Q75873,Q45573880,,,,,,,,,,,,,,,,,,,,,,,,,,,,,,,,,,,,,,,,,,,,,
Q75876,Q45508897,,,,,,,,,,,,,,,,,,,,,,,,,,,,,,,,,,,,,,,,,,,,,
Q75879,Q45554926,,,,,,,,,,,,,,,,,,,,,,,,,,,,,,,,,,,,,,,,,,,,,
Q75882,Q45591499,,,,,,,,,,,,,,,,,,,,,,,,,,,,,,,,,,,,,,,,,,,,,
Q75885,Q45528800,,,,,,,,,,,,,,,,,,,,,,,,,,,,,,,,,,,,,,,,,,,,,
Q75888,Q45528862,,,,,,,,,,,,,,,,,,,,,,,,,,,,,,,,,,,,,,,,,,,,,
Q75891,Q45390382,,,,,,,,,,,,,,,,,,,,,,,,,,,,,,,,,,,,,,,,,,,,,
Q75894,Q45422640,,,,,,,,,,,,,,,,,,,,,,,,,,,,,,,,,,,,,,,,,,,,,
Q75897,Q45651676,,,,,,,,,,,,,,,,,,,,,,,,,,,,,,,,,,,,,,,,,,,,,
Q75900,Q45420444,,,,,,,,,,,,,,,,,,,,,,,,,,,,,,,,,,,,,,,,,,,,,
Q75903,Q45420463,,,,,,,,,,,,,,,,,,,,,,,,,,,,,,,,,,,,,,,,,,,,,
Q75906,Q45651407,,,,,,,,,,,,,,,,,,,,,,,,,,,,,,,,,,,,,,,,,,,,,
Q75909,Q45652243,,,,,,,,,,,,,,,,,,,,,,,,,,,,,,,,,,,,,,,,,,,,,
Q75912,Q45420519,,,,,,,,,,,,,,,,,,,,,,,,,,,,,,,,,,,,,,,,,,,,,
Q75915,Q45653856,,,,,,,,,,,,,,,,,,,,,,,,,,,,,,,,,,,,,,,,,,,,,
Q75918,Q45656859,,,,,,,,,,,,,,,,,,,,,,,,,,,,,,,,,,,,,,,,,,,,,
Q75921,Q45658295,,,,,,,,,,,,,,,,,,,,,,,,,,,,,,,,,,,,,,,,,,,,,
Q75924,Q45659125,,,,,,,,,,,,,,,,,,,,,,,,,,,,,,,,,,,,,,,,,,,,,
Q75927,Q45623542,,,,,,,,,,,,,,,,,,,,,,,,,,,,,,,,,,,,,,,,,,,,,
Q75930,Q45623858,,,,,,,,,,,,,,,,,,,,,,,,,,,,,,,,,,,,,,,,,,,,,
Q75933,Q45422679,,,,,,,,,,,,,,,,,,,,,,,,,,,,,,,,,,,,,,,,,,,,,
Q75936,Q45625297,,,,,,,,,,,,,,,,,,,,,,,,,,,,,,,,,,,,,,,,,,,,,
Q75939,Q45422632,,,,,,,,,,,,,,,,,,,,,,,,,,,,,,,,,,,,,,,,,,,,,
Q75942,Q45541446,,,,,,,,,,,,,,,,,,,,,,,,,,,,,,,,,,,,,,,,,,,,,
Q75945,Q45638829,,,,,,,,,,,,,,,,,,,,,,,,,,,,,,,,,,,,,,,,,,,,,
Q75948,Q45638956,,,,,,,,,,,,,,,,,,,,,,,,,,,,,,,,,,,,,,,,,,,,,
Q75951,Q45640279,,,,,,,,,,,,,,,,,,,,,,,,,,,,,,,,,,,,,,,,,,,,,
Q75954,Q45640532,,,,,,,,,,,,,,,,,,,,,,,,,,,,,,,,,,,,,,,,,,,,,
Q75957,Q45641580,,,,,,,,,,,,,,,,,,,,,,,,,,,,,,,,,,,,,,,,,,,,,
Q75960,Q45641766,,,,,,,,,,,,,,,,,,,,,,,,,,,,,,,,,,,,,,,,,,,,,
Q75963,Q45641829,,,,,,,,,,,,,,,,,,,,,,,,,,,,,,,,,,,,,,,,,,,,,
Q75966,Q45390429,,,,,,,,,,,,,,,,,,,,,,,,,,,,,,,,,,,,,,,,,,,,,
Q75969,Q45635494,,,,,,,,,,,,,,,,,,,,,,,,,,,,,,,,,,,,,,,,,,,,,
Q75972,Q45635554,,,,,,,,,,,,,,,,,,,,,,,,,,,,,,,,,,,,,,,,,,,,,
Q75975,Q45635679,,,,,,,,,,,,,,,,,,,,,,,,,,,,,,,,,,,,,,,,,,,,,
Q75978,Q45635742,,,,,,,,,,,,,,,,,,,,,,,,,,,,,,,,,,,,,,,,,,,,,
Q75981,Q45635803,,,,,,,,,,,,,,,,,,,,,,,,,,,,,,,,,,,,,,,,,,,,,
Q75984,Q45636855,,,,,,,,,,,,,,,,,,,,,,,,,,,,,,,,,,,,,,,,,,,,,
Q75987,Q45633980,,,,,,,,,,,,,,,,,,,,,,,,,,,,,,,,,,,,,,,,,,,,,
Q75990,Q45631721,,,,,,,,,,,,,,,,,,,,,,,,,,,,,,,,,,,,,,,,,,,,,
Q75993,Q45630655,,,,,,,,,,,,,,,,,,,,,,,,,,,,,,,,,,,,,,,,,,,,,
Q75996,Q45629838,,,,,,,,,,,,,,,,,,,,,,,,,,,,,,,,,,,,,,,,,,,,,
Q75999,Q45629965,,,,,,,,,,,,,,,,,,,,,,,,,,,,,,,,,,,,,,,,,,,,,
Q76002,Q45630028,,,,,,,,,,,,,,,,,,,,,,,,,,,,,,,,,,,,,,,,,,,,,
Q76005,Q45420988,,,,,,,,,,,,,,,,,,,,,,,,,,,,,,,,,,,,,,,,,,,,,
Q76008,Q45420993,,,,,,,,,,,,,,,,,,,,,,,,,,,,,,,,,,,,,,,,,,,,,
Q76011,Q45533986,,,,,,,,,,,,,,,,,,,,,,,,,,,,,,,,,,,,,,,,,,,,,
Q76014,Q45424560,,,,,,,,,,,,,,,,,,,,,,,,,,,,,,,,,,,,,,,,,,,,,
Q76017,Q15912568,,,,,,,,,,,,,,,,,,,,,,,,,,,,,,,,,,,,,,,,,,,,,
Q76020,Q71064009,,,,,,,,,,,,,,,,,,,,,,,,,,,,,,,,,,,,,,,,,,,,,
Q76023,Q45529242,,,,,,,,,,,,,,,,,,,,,,,,,,,,,,,,,,,,,,,,,,,,,
Q76026,Q45529435,,,,,,,,,,,,,,,,,,,,,,,,,,,,,,,,,,,,,,,,,,,,,
Q76029,Q45529690,,,,,,,,,,,,,,,,,,,,,,,,,,,,,,,,,,,,,,,,,,,,,
Q76032,Q11671743,,,,,,,,,,,,,,,,,,,,,,,,,,,,,,,,,,,,,,,,,,,,,
Q76035,Q28416538,,,,,,,,,,,,,,,,,,,,,,,,,,,,,,,,,,,,,,,,,,,,,
Q76038,Q11669955,,,,,,,,,,,,,,,,,,,,,,,,,,,,,,,,,,,,,,,,,,,,,
Q76041,Q11669927,,,,,,,,,,,,,,,,,,,,,,,,,,,,,,,,,,,,,,,,,,,,,
Q76044,Q45391599,,,,,,,,,,,,,,,,,,,,,,,,,,,,,,,,,,,,,,,,,,,,,
Q76047,Q45421407,,,,,,,,,,,,,,,,,,,,,,,,,,,,,,,,,,,,,,,,,,,,,
Q76050,Q45676785,,,,,,,,,,,,,,,,,,,,,,,,,,,,,,,,,,,,,,,,,,,,,
Q76053,Q45679843,,,,,,,,,,,,,,,,,,,,,,,,,,,,,,,,,,,,,,,,,,,,,
Q76056,Q45679876,,,,,,,,,,,,,,,,,,,,,,,,,,,,,,,,,,,,,,,,,,,,,
Q76059,Q45679908,,,,,,,,,,,,,,,,,,,,,,,,,,,,,,,,,,,,,,,,,,,,,
Q76062,Q45679974,,,,,,,,,,,,,,,,,,,,,,,,,,,,,,,,,,,,,,,,,,,,,
Q76065,Q45680004,,,,,,,,,,,,,,,,,,,,,,,,,,,,,,,,,,,,,,,,,,,,,
Q76068,Q45680162,,,,,,,,,,,,,,,,,,,,,,,,,,,,,,,,,,,,,,,,,,,,,
Q76071,Q45680490,,,,,,,,,,,,,,,,,,,,,,,,,,,,,,,,,,,,,,,,,,,,,
Q76074,Q45680586,,,,,,,,,,,,,,,,,,,,,,,,,,,,,,,,,,,,,,,,,,,,,
Q76077,Q45421378,,,,,,,,,,,,,,,,,,,,,,,,,,,,,,,,,,,,,,,,,,,,,
Q76080,Q45676886,,,,,,,,,,,,,,,,,,,,,,,,,,,,,,,,,,,,,,,,,,,,,
Q76083,Q45676920,,,,,,,,,,,,,,,,,,,,,,,,,,,,,,,,,,,,,,,,,,,,,
Q76086,Q45676954,,,,,,,,,,,,,,,,,,,,,,,,,,,,,,,,,,,,,,,,,,,,,
Q76089,Q45676987,,,,,,,,,,,,,,,,,,,,,,,,,,,,,,,,,,,,,,,,,,,,,
Q76092,Q45678319,,,,,,,,,,,,,,,,,,,,,,,,,,,,,,,,,,,,,,,,,,,,,
Q76095,Q45678352,,,,,,,,,,,,,,,,,,,,,,,,,,,,,,,,,,,,,,,,,,,,,
Q76098,Q45678385,,,,,,,,,,,,,,,,,,,,,,,,,,,,,,,,,,,,,,,,,,,,,
Q76101,Q45678418,,,,,,,,,,,,,,,,,,,,,,,,,,,,,,,,,,,,,,,,,,,,,
Q76104,Q45678449,,,,,,,,,,,,,,,,,,,,,,,,,,,,,,,,,,,,,,,,,,,,,
Q76107,Q45678482,,,,,,,,,,,,,,,,,,,,,,,,,,,,,,,,,,,,,,,,,,,,,
Q76110,Q45678515,,,,,,,,,,,,,,,,,,,,,,,,,,,,,,,,,,,,,,,,,,,,,
Q76113,Q45678549,,,,,,,,,,,,,,,,,,,,,,,,,,,,,,,,,,,,,,,,,,,,,
Q76116,Q45678582,,,,,,,,,,,,,,,,,,,,,,,,,,,,,,,,,,,,,,,,,,,,,
Q76119,Q45678616,,,,,,,,,,,,,,,,,,,,,,,,,,,,,,,,,,,,,,,,,,,,,
Q76122,Q45678648,,,,,,,,,,,,,,,,,,,,,,,,,,,,,,,,,,,,,,,,,,,,,
Q76125,Q45678976,,,,,,,,,,,,,,,,,,,,,,,,,,,,,,,,,,,,,,,,,,,,,
Q76128,Q45679009,,,,,,,,,,,,,,,,,,,,,,,,,,,,,,,,,,,,,,,,,,,,,
Q76131,Q45679043,,,,,,,,,,,,,,,,,,,,,,,,,,,,,,,,,,,,,,,,,,,,,
Q76134,Q45679076,,,,,,,,,,,,,,,,,,,,,,,,,,,,,,,,,,,,,,,,,,,,,
Q76137,Q45679108,,,,,,,,,,,,,,,,,,,,,,,,,,,,,,,,,,,,,,,,,,,,,
Q76140,Q45679143,,,,,,,,,,,,,,,,,,,,,,,,,,,,,,,,,,,,,,,,,,,,,
Q76143,Q45668889,,,,,,,,,,,,,,,,,,,,,,,,,,,,,,,,,,,,,,,,,,,,,
Q76146,Q45668938,,,,,,,,,,,,,,,,,,,,,,,,,,,,,,,,,,,,,,,,,,,,,
Q76149,Q45418952,,,,,,,,,,,,,,,,,,,,,,,,,,,,,,,,,,,,,,,,,,,,,
Q76152,Q45602698,,,,,,,,,,,,,,,,,,,,,,,,,,,,,,,,,,,,,,,,,,,,,
Q76155,Q45604874,,,,,,,,,,,,,,,,,,,,,,,,,,,,,,,,,,,,,,,,,,,,,
Q76158,Q45605128,,,,,,,,,,,,,,,,,,,,,,,,,,,,,,,,,,,,,,,,,,,,,
Q76161,Q10566067,,,,,,,,,,,,,,,,,,,,,,,,,,,,,,,,,,,,,,,,,,,,,
Q76164,Q45664805,,,,,,,,,,,,,,,,,,,,,,,,,,,,,,,,,,,,,,,,,,,,,
Q76167,Q45421324,,,,,,,,,,,,,,,,,,,,,,,,,,,,,,,,,,,,,,,,,,,,,
Q76170,Q45421325,,,,,,,,,,,,,,,,,,,,,,,,,,,,,,,,,,,,,,,,,,,,,
Q76173,Q45510228,,,,,,,,,,,,,,,,,,,,,,,,,,,,,,,,,,,,,,,,,,,,,
Q76176,Q45636892,,,,,,,,,,,,,,,,,,,,,,,,,,,,,,,,,,,,,,,,,,,,,
Q76179,Q45489602,,,,,,,,,,,,,,,,,,,,,,,,,,,,,,,,,,,,,,,,,,,,,
Q76182,Q45500730,,,,,,,,,,,,,,,,,,,,,,,,,,,,,,,,,,,,,,,,,,,,,
Q76185,Q65803110,,,,,,,,,,,,,,,,,,,,,,,,,,,,,,,,,,,,,,,,,,,,,
Q76188,Q65803859,,,,,,,,,,,,,,,,,,,,,,,,,,,,,,,,,,,,,,,,,,,,,
Q76191,Q45669859,,,,,,,,,,,,,,,,,,,,,,,,,,,,,,,,,,,,,,,,,,,,,
Q76194,Q45669952,,,,,,,,,,,,,,,,,,,,,,,,,,,,,,,,,,,,,,,,,,,,,
Q76197,Q18909081,,,,,,,,,,,,,,,,,,,,,,,,,,,,,,,,,,,,,,,,,,,,,
Q76200,Q133448022,,,,,,,,,,,,,,,,,,,,,,,,,,,,,,,,,,,,,,,,,,,,,
Q76203,Q15953066,,,,,,,,,,,,,,,,,,,,,,,,,,,,,,,,,,,,,,,,,,,,,
Q76206,Q45556619,,,,,,,,,,,,,,,,,,,,,,,,,,,,,,,,,,,,,,,,,,,,,
Q76209,Q45670048,,,,,,,,,,,,,,,,,,,,,,,,,,,,,,,,,,,,,,,,,,,,,
Q76212,Q45670236,,,,,,,,,,,,,,,,,,,,,,,,,,,,,,,,,,,,,,,,,,,,,
Q76215,Q45522764,,,,,,,,,,,,,,,,,,,,,,,,,,,,,,,,,,,,,,,,,,,,,
Q76218,Q65805778,,,,,,,,,,,,,,,,,,,,,,,,,,,,,,,,,,,,,,,,,,,,,
Q76221,Q65803237,,,,,,,,,,,,,,,,,,,,,,,,,,,,,,,,,,,,,,,,,,,,,
Q76224,Q45482766,,,,,,,,,,,,,,,,,,,,,,,,,,,,,,,,,,,,,,,,,,,,,
Q76227,Q45470637,,,,,,,,,,,,,,,,,,,,,,,,,,,,,,,,,,,,,,,,,,,,,
Q76230,Q45496595,,,,,,,,,,,,,,,,,,,,,,,,,,,,,,,,,,,,,,,,,,,,,
Q76233,Q45496660,,,,,,,,,,,,,,,,,,,,,,,,,,,,,,,,,,,,,,,,,,,,,
Q76236,Q45496332,,,,,,,,,,,,,,,,,,,,,,,,,,,,,,,,,,,,,,,,,,,,,
Q76239,Q45488464,,,,,,,,,,,,,,,,,,,,,,,,,,,,,,,,,,,,,,,,,,,,,
Q76242,Q65805558,,,,,,,,,,,,,,,,,,,,,,,,,,,,,,,,,,,,,,,,,,,,,
Q76245,Q45597650,,,,,,,,,,,,,,,,,,,,,,,,,,,,,,,,,,,,,,,,,,,,,
Q76248,Q65803085,,,,,,,,,,,,,,,,,,,,,,,,,,,,,,,,,,,,,,,,,,,,,
Q76251,Q45421242,,,,,,,,,,,,,,,,,,,,,,,,,,,,,,,,,,,,,,,,,,,,,
Q76254,Q45511470,,,,,,,,,,,,,,,,,,,,,,,,,,,,,,,,,,,,,,,,,,,,,
Q76257,Q45664292,,,,,,,,,,,,,,,,,,,,,,,,,,,,,,,,,,,,,,,,,,,,,
Q76260,Q45664187,,,,,,,,,,,,,,,,,,,,,,,,,,,,,,,,,,,,,,,,,,,,,
Q76263,Q45570580,,,,,,,,,,,,,,,,,,,,,,,,,,,,,,,,,,,,,,,,,,,,,
Q76266,Q45497696,,,,,,,,,,,,,,,,,,,,,,,,,,,,,,,,,,,,,,,,,,,,,
Q76269,Q45670175,,,,,,,,,,,,,,,,,,,,,,,,,,,,,,,,,,,,,,,,,,,,,
Q76272,Q45498145,,,,,,,,,,,,,,,,,,,,,,,,,,,,,,,,,,,,,,,,,,,,,
Q76275,Q45571201,,,,,,,,,,,,,,,,,,,,,,,,,,,,,,,,,,,,,,,,,,,,,
Q76278,Q45571396,,,,,,,,,,,,,,,,,,,,,,,,,,,,,,,,,,,,,,,,,,,,,
Q76281,Q65808362,,,,,,,,,,,,,,,,,,,,,,,,,,,,,,,,,,,,,,,,,,,,,
Q76284,Q45643173,,,,,,,,,,,,,,,,,,,,,,,,,,,,,,,,,,,,,,,,,,,,,
Q76287,Q45679684,,,,,,,,,,,,,,,,,,,,,,,,,,,,,,,,,,,,,,,,,,,,,
Q76290,Q45681407,,,,,,,,,,,,,,,,,,,,,,,,,,,,,,,,,,,,,,,,,,,,,
Q76293,Q45613907,,,,,,,,,,,,,,,,,,,,,,,,,,,,,,,,,,,,,,,,,,,,,
Q76296,Q1017980,,,,,,,,,,,,,,,,,,,,,,,,,,,,,,,,,,,,,,,,,,,,,
Q76299,Q45681934,,,,,,,,,,,,,,,,,,,,,,,,,,,,,,,,,,,,,,,,,,,,,
Q76302,Q10367424,,,,,,,,,,,,,,,,,,,,,,,,,,,,,,,,,,,,,,,,,,,,,
Q76305,Q45608876,,,,,,,,,,,,,,,,,,,,,,,,,,,,,,,,,,,,,,,,,,,,,
Q76308,Q45599547,,,,,,,,,,,,,,,,,,,,,,,,,,,,,,,,,,,,,,,,,,,,,
Q76311,Q45605707,,,,,,,,,,,,,,,,,,,,,,,,,,,,,,,,,,,,,,,,,,,,,
Q76314,Q45599799,,,,,,,,,,,,,,,,,,,,,,,,,,,,,,,,,,,,,,,,,,,,,
Q76317,Q45599925,,,,,,,,,,,,,,,,,,,,,,,,,,,,,,,,,,,,,,,,,,,,,
Q76320,Q45477256,,,,,,,,,,,,,,,,,,,,,,,,,,,,,,,,,,,,,,,,,,,,,
Q76323,Q45469606,,,,,,,,,,,,,,,,,,,,,,,,,,,,,,,,,,,,,,,,,,,,,
Q76326,Q45477384,,,,,,,,,,,,,,,,,,,,,,,,,,,,,,,,,,,,,,,,,,,,,
Q76329,Q45490355,,,,,,,,,,,,,,,,,,,,,,,,,,,,,,,,,,,,,,,,,,,,,
Q76332,Q45490419,,,,,,,,,,,,,,,,,,,,,,,,,,,,,,,,,,,,,,,,,,,,,
Q76335,Q10957098,,,,,,,,,,,,,,,,,,,,,,,,,,,,,,,,,,,,,,,,,,,,,
Q76338,Q45448897,,,,,,,,,,,,,,,,,,,,,,,,,,,,,,,,,,,,,,,,,,,,,
Q76341,Q45590386,,,,,,,,,,,,,,,,,,,,,,,,,,,,,,,,,,,,,,,,,,,,,
Q76344,Q45490163,,,,,,,,,,,,,,,,,,,,,,,,,,,,,,,,,,,,,,,,,,,,,
Q76347,Q45600746,,,,,,,,,,,,,,,,,,,,,,,,,,,,,,,,,,,,,,,,,,,,,
Q76350,Q45600812,,,,,,,,,,,,,,,,,,,,,,,,,,,,,,,,,,,,,,,,,,,,,
Q76353,Q45600878,,,,,,,,,,,,,,,,,,,,,,,,,,,,,,,,,,,,,,,,,,,,,
Q76356,Q45600940,,,,,,,,,,,,,,,,,,,,,,,,,,,,,,,,,,,,,,,,,,,,,
Q76359,Q45601256,,,,,,,,,,,,,,,,,,,,,,,,,,,,,,,,,,,,,,,,,,,,,
Q76362,Q45601379,,,,,,,,,,,,,,,,,,,,,,,,,,,,,,,,,,,,,,,,,,,,,
Q76365,Q45601442,,,,,,,,,,,,,,,,,,,,,,,,,,,,,,,,,,,,,,,,,,,,,
Q76368,Q45601692,,,,,,,,,,,,,,,,,,,,,,,,,,,,,,,,,,,,,,,,,,,,,
Q76371,Q45601818,,,,,,,,,,,,,,,,,,,,,,,,,,,,,,,,,,,,,,,,,,,,,
Q76374,Q45601880,,,,,,,,,,,,,,,,,,,,,,,,,,,,,,,,,,,,,,,,,,,,,
Q76377,Q45601944,,,,,,,,,,,,,,,,,,,,,,,,,,,,,,,,,,,,,,,,,,,,,
Q76380,Q45602007,,,,,,,,,,,,,,,,,,,,,,,,,,,,,,,,,,,,,,,,,,,,,
Q76383,Q45602069,,,,,,,,,,,,,,,,,,,,,,,,,,,,,,,,,,,,,,,,,,,,,
Q76386,Q45602194,,,,,,,,,,,,,,,,,,,,,,,,,,,,,,,,,,,,,,,,,,,,,
Q76389,Q45621470,,,,,,,,,,,,,,,,,,,,,,,,,,,,,,,,,,,,,,,,,,,,,
Q76392,Q65805873,,,,,,,,,,,,,,,,,,,,,,,,,,,,,,,,,,,,,,,,,,,,,
Q76395,Q65805871,,,,,,,,,,,,,,,,,,,,,,,,,,,,,,,,,,,,,,,,,,,,,
Q76398,Q65805872,,,,,,,,,,,,,,,,,,,,,,,,,,,,,,,,,,,,,,,,,,,,,
Q76401,Q45496482,,,,,,,,,,,,,,,,,,,,,,,,,,,,,,,,,,,,,,,,,,,,,
Q76404,Q45496352,,,,,,,,,,,,,,,,,,,,,,,,,,,,,,,,,,,,,,,,,,,,,
Q76407,Q65806491,,,,,,,,,,,,,,,,,,,,,,,,,,,,,,,,,,,,,,,,,,,,,
Q76410,Q65806359,,,,,,,,,,,,,,,,,,,,,,,,,,,,,,,,,,,,,,,,,,,,,
Q76413,Q45637647,,,,,,,,,,,,,,,,,,,,,,,,,,,,,,,,,,,,,,,,,,,,,
Q76416,Q26186417,,,,,,,,,,,,,,,,,,,,,,,,,,,,,,,,,,,,,,,,,,,,,
Q76419,Q45523548,,,,,,,,,,,,,,,,,,,,,,,,,,,,,,,,,,,,,,,,,,,,,
Q76422,Q45550710,,,,,,,,,,,,,,,,,,,,,,,,,,,,,,,,,,,,,,,,,,,,,
Q76425,Q45420901,,,,,,,,,,,,,,,,,,,,,,,,,,,,,,,,,,,,,,,,,,,,,
Q76428,Q65803924,,,,,,,,,,,,,,,,,,,,,,,,,,,,,,,,,,,,,,,,,,,,,
Q76431,Q45684026,,,,,,,,,,,,,,,,,,,,,,,,,,,,,,,,,,,,,,,,,,,,,
Q76434,Q45421239,,,,,,,,,,,,,,,,,,,,,,,,,,,,,,,,,,,,,,,,,,,,,
Q76437,Q45462566,,,,,,,,,,,,,,,,,,,,,,,,,,,,,,,,,,,,,,,,,,,,,
Q76440,Q45670629,,,,,,,,,,,,,,,,,,,,,,,,,,,,,,,,,,,,,,,,,,,,,
Q76443,Q104783529,,,,,,,,,,,,,,,,,,,,,,,,,,,,,,,,,,,,,,,,,,,,,
Q76446,Q45670741,,,,,,,,,,,,,,,,,,,,,,,,,,,,,,,,,,,,,,,,,,,,,
Q76449,Q45672788,,,,,,,,,,,,,,,,,,,,,,,,,,,,,,,,,,,,,,,,,,,,,
Q76452,Q45673287,,,,,,,,,,,,,,,,,,,,,,,,,,,,,,,,,,,,,,,,,,,,,
Q76455,Q28410330,,,,,,,,,,,,,,,,,,,,,,,,,,,,,,,,,,,,,,,,,,,,,
Q76458,Q45420610,,,,,,,,,,,,,,,,,,,,,,,,,,,,,,,,,,,,,,,,,,,,,
Q76461,Q45488664,,,,,,,,,,,,,,,,,,,,,,,,,,,,,,,,,,,,,,,,,,,,,
Q76464,Q45488220,,,,,,,,,,,,,,,,,,,,,,,,,,,,,,,,,,,,,,,,,,,,,
Q76467,Q45642642,,,,,,,,,,,,,,,,,,,,,,,,,,,,,,,,,,,,,,,,,,,,,
Q76470,Q45474738,,,,,,,,,,,,,,,,,,,,,,,,,,,,,,,,,,,,,,,,,,,,,
Q76473,Q45475119,,,,,,,,,,,,,,,,,,,,,,,,,,,,,,,,,,,,,,,,,,,,,
Q76476,Q45475181,,,,,,,,,,,,,,,,,,,,,,,,,,,,,,,,,,,,,,,,,,,,,
Q76479,Q45625642,,,,,,,,,,,,,,,,,,,,,,,,,,,,,,,,,,,,,,,,,,,,,
Q76482,Q45601963,,,,,,,,,,,,,,,,,,,,,,,,,,,,,,,,,,,,,,,,,,,,,
Q76485,Q45487936,,,,,,,,,,,,,,,,,,,,,,,,,,,,,,,,,,,,,,,,,,,,,
Q76488,Q45476644,,,,,,,,,,,,,,,,,,,,,,,,,,,,,,,,,,,,,,,,,,,,,
Q76491,Q65805417,,,,,,,,,,,,,,,,,,,,,,,,,,,,,,,,,,,,,,,,,,,,,
Q76494,Q45625337,,,,,,,,,,,,,,,,,,,,,,,,,,,,,,,,,,,,,,,,,,,,,
Q76497,Q45625401,,,,,,,,,,,,,,,,,,,,,,,,,,,,,,,,,,,,,,,,,,,,,
Q76500,Q45625464,,,,,,,,,,,,,,,,,,,,,,,,,,,,,,,,,,,,,,,,,,,,,
Q76503,Q45486493,,,,,,,,,,,,,,,,,,,,,,,,,,,,,,,,,,,,,,,,,,,,,
Q76506,Q45487071,,,,,,,,,,,,,,,,,,,,,,,,,,,,,,,,,,,,,,,,,,,,,
Q76509,Q45599680,,,,,,,,,,,,,,,,,,,,,,,,,,,,,,,,,,,,,,,,,,,,,
Q76512,Q45599743,,,,,,,,,,,,,,,,,,,,,,,,,,,,,,,,,,,,,,,,,,,,,
Q76515,Q45599806,,,,,,,,,,,,,,,,,,,,,,,,,,,,,,,,,,,,,,,,,,,,,
Q76518,Q45565864,,,,,,,,,,,,,,,,,,,,,,,,,,,,,,,,,,,,,,,,,,,,,
Q76521,Q45641702,,,,,,,,,,,,,,,,,,,,,,,,,,,,,,,,,,,,,,,,,,,,,
Q76524,Q45630024,,,,,,,,,,,,,,,,,,,,,,,,,,,,,,,,,,,,,,,,,,,,,
Q76527,Q20026517,,,,,,,,,,,,,,,,,,,,,,,,,,,,,,,,,,,,,,,,,,,,,
Q76530,Q45614036,,,,,,,,,,,,,,,,,,,,,,,,,,,,,,,,,,,,,,,,,,,,,
Q76533,Q45463900,,,,,,,,,,,,,,,,,,,,,,,,,,,,,,,,,,,,,,,,,,,,,
Q76536,Q9886,,,,,,,,,,,,,,,,,,,,,,,,,,,1420154,,,,,,,,,,,,,,,,,,
Q76539,Q11097287,,,,,,,,,,,,,,,,,,,,,,,,,,,,,,,,,,,,,,,,,,,,,
Q76542,Q10336705,,,,,,,,,,,,,,,,,,,,,,,,,,,,,,,,,,,,,,,,,,,,,
Q76545,Q6539350,,,,,,,,,,,,,,,,,,,,,,,,,,,,,,,,,,,,,,,,,,,,,
Q76548,Q11097195,,,,,,,,,,,,,,,,,,,,,,,,,,,,,,,,,,,,,,,,,,,,,
Q76551,Q10336685,,,,,,,,,,,,,,,,,,,,,,,,,,,,,,,,,,,,,,,,,,,,,
Q76554,Q11097324,,,,,,,,,,,,,,,,,,,,,,,,,,,,,,,,,,,,,,,,,,,,,
Q76557,Q10336794,,,,,,,,,,,,,,,,,,,,,,,,,,,,,,,,,,,,,,,,,,,,,
Q76560,Q11097190,,,,,,,,,,,,,,,,,,,,,,,,,,,,,,,,,,,,,,,,,,,,,
Q76563,Q11097191,,,,,,,,,,,,,,,,,,,,,,,,,,,,,,,,,,,,,,,,,,,,,
Q76566,Q11097331,,,,,,,,,,,,,,,,,,,,,,,,,,,,,,,,,,,,,,,,,,,,,
Q76569,Q11097349,,,,,,,,,,,,,,,,,,,,,,,,,,,,,,,,,,,,,,,,,,,,,
Q76572,Q10864996,,,,,,,,,,,,,,,,,,,,,,,,,,,,,,,,,,,,,,,,,,,,,
Q76575,Q11132579,,,,,,,,,,,,,,,,,,,,,,,,,,,,,,,,,,,,,,,,,,,,,
Q76578,Q11180129,,,,,,,,,,,,,,,,,,,,,,,,,,,,,,,,,,,,,,,,,,,,,
Q76581,Q11064679,,,,,,,,,,,,,,,,,,,,,,,,,,,,,,,,,,,,,,,,,,,,,
Q76584,Q10921649,,,,,,,,,,,,,,,,,,,,,,,,,,,,,,,,,,,,,,,,,,,,,
Q76587,Q13420078,,,,,,,,,,,,,,,,,,,,,,,,,,,,,,,,,,,,,,,,,,,,,
Q76590,Q13420079,,,,,,,,,,,,,,,,,,,,,,,,,,,,,,,,,,,,,,,,,,,,,
Q76593,Q11060737,,,,,,,,,,,,,,,,,,,,,,,,,,,,,,,,,,,,,,,,,,,,,
Q76596,Q10923034,,,,,,,,,,,,,,,,,,,,,,,,,,,,,,,,,,,,,,,,,,,,,
Q76601,Q13420083,,,,,,,,,,,,,,,,,,,,,,,,,,,,,,,,,,,,,,,,,,,,,
Q76604,Q13420084,,,,,,,,,,,,,,,,,,,,,,,,,,,,,,,,,,,,,,,,,,,,,
Q76607,Q10956945,,,,,,,,,,,,,,,,,,,,,,,,,,,,,,,,,,,,,,,,,,,,,
Q76610,Q45550124,,,,,,,,,,,,,,,,,,,,,,,,,,,,,,,,,,,,,,,,,,,,,
Q76613,Q45550185,,,,,,,,,,,,,,,,,,,,,,,,,,,,,,,,,,,,,,,,,,,,,
Q76616,Q65809650,,,,,,,,,,,,,,,,,,,,,,,,,,,,,,,,,,,,,,,,,,,,,
Q76617,Q8256081,,,,,,,,,,,,,,,,,,,,,,,,,,,,,,,,,,,,,,,,,,,,,
Q76620,Q11098058,,,,,,,,,,,,,,,,,,,,,,,,,,,,,,,,,,,,,,,,,,,,,
Q76623,Q45551138,,,,,,,,,,,,,,,,,,,,,,,,,,,,,,,,,,,,,,,,,,,,,
Q76626,Q45551450,,,,,,,,,,,,,,,,,,,,,,,,,,,,,,,,,,,,,,,,,,,,,
Q76630,Q45549997,,,,,,,,,,,,,,,,,,,,,,,,,,,,,,,,,,,,,,,,,,,,,
Q76633,Q45550509,,,,,,,,,,,,,,,,,,,,,,,,,,,,,,,,,,,,,,,,,,,,,
Q76636,Q45550823,,,,,,,,,,,,,,,,,,,,,,,,,,,,,,,,,,,,,,,,,,,,,
Q76639,Q45550885,,,,,,,,,,,,,,,,,,,,,,,,,,,,,,,,,,,,,,,,,,,,,
Q76642,Q45550381,,,,,,,,,,,,,,,,,,,,,,,,,,,,,,,,,,,,,,,,,,,,,
Q76645,Q45549808,,,,,,,,,,,,,,,,,,,,,,,,,,,,,,,,,,,,,,,,,,,,,
Q76648,Q45549871,,,,,,,,,,,,,,,,,,,,,,,,,,,,,,,,,,,,,,,,,,,,,
Q76652,Q45549558,,,,,,,,,,,,,,,,,,,,,,,,,,,,,,,,,,,,,,,,,,,,,
Q76655,Q45549623,,,,,,,,,,,,,,,,,,,,,,,,,,,,,,,,,,,,,,,,,,,,,
Q76658,Q18906311,,,,,,,,,,,,,,,,,,,,,,,,,,,,,,,,,,,,,,,,,,,,,
Q76661,Q45550755,,,,,,,,,,,,,,,,,,,,,,,,,,,,,,,,,,,,,,,,,,,,,
Q76664,Q45550255,,,,,,,,,,,,,,,,,,,,,,,,,,,,,,,,,,,,,,,,,,,,,
Q76667,Q45551012,,,,,,,,,,,,,,,,,,,,,,,,,,,,,,,,,,,,,,,,,,,,,
Q76670,Q45550631,,,,,,,,,,,,,,,,,,,,,,,,,,,,,,,,,,,,,,,,,,,,,
Q76673,Q45567477,,,,,,,,,,,,,,,,,,,,,,,,,,,,,,,,,,,,,,,,,,,,,
Q76676,Q45518185,,,,,,,,,,,,,,,,,,,,,,,,,,,,,,,,,,,,,,,,,,,,,
Q76679,Q45419806,,,,,,,,,,,,,,,,,,,,,,,,,,,,,,,,,,,,,,,,,,,,,
Q76682,Q45518121,,,,,,,,,,,,,,,,,,,,,,,,,,,,,,,,,,,,,,,,,,,,,
Q76685,Q45517994,,,,,,,,,,,,,,,,,,,,,,,,,,,,,,,,,,,,,,,,,,,,,
Q76688,Q45539247,,,,,,,,,,,,,,,,,,,,,,,,,,,,,,,,,,,,,,,,,,,,,
Q76691,Q45517866,,,,,,,,,,,,,,,,,,,,,,,,,,,,,,,,,,,,,,,,,,,,,
Q76694,Q45517929,,,,,,,,,,,,,,,,,,,,,,,,,,,,,,,,,,,,,,,,,,,,,
Q76697,Q45517735,,,,,,,,,,,,,,,,,,,,,,,,,,,,,,,,,,,,,,,,,,,,,
Q76700,Q18909554,,,,,,,,,,,,,,,,,,,,,,,,,,,,,,,,,,,,,,,,,,,,,
Q76703,Q45481483,,,,,,,,,,,,,,,,,,,,,,,,,,,,,,,,,,,,,,,,,,,,,
Q76706,Q11069030,,,,,,,,,,,,,,,,,,,,,,,,,,,,,,,,,,,,,,,,,,,,,
Q76709,Q45501858,,,,,,,,,,,,,,,,,,,,,,,,,,,,,,,,,,,,,,,,,,,,,
Q76712,Q45603075,,,,,,,,,,,,,,,,,,,,,,,,,,,,,,,,,,,,,,,,,,,,,
Q76715,Q45378292,,,,,,,,,,,,,,,,,,,,,,,,,,,,,,,,,,,,,,,,,,,,,
Q76718,Q45360791,,,,,,,,,,,,,,,,,,,,,,,,,,,,,,,,,,,,,,,,,,,,,
Q76721,Q45475779,,,,,,,,,,,,,,,,,,,,,,,,,,,,,,,,,,,,,,,,,,,,,
Q76724,Q45687220,,,,,,,,,,,,,,,,,,,,,,,,,,,,,,,,,,,,,,,,,,,,,
Q76727,Q45609815,,,,,,,,,,,,,,,,,,,,,,,,,,,,,,,,,,,,,,,,,,,,,
Q76730,Q45536158,,,,,,,,,,,,,,,,,,,,,,,,,,,,,,,,,,,,,,,,,,,,,
Q76733,Q45536223,,,,,,,,,,,,,,,,,,,,,,,,,,,,,,,,,,,,,,,,,,,,,
Q76736,Q45631857,,,,,,,,,,,,,,,,,,,,,,,,,,,,,,,,,,,,,,,,,,,,,
Q76739,Q65804160,,,,,,,,,,,,,,,,,,,,,,,,,,,,,,,,,,,,,,,,,,,,,
Q76742,Q45542183,,,,,,,,,,,,,,,,,,,,,,,,,,,,,,,,,,,,,,,,,,,,,
Q76745,Q45678142,,,,,,,,,,,,,,,,,,,,,,,,,,,,,,,,,,,,,,,,,,,,,
Q76748,Q45678176,,,,,,,,,,,,,,,,,,,,,,,,,,,,,,,,,,,,,,,,,,,,,
Q76751,Q45678208,,,,,,,,,,,,,,,,,,,,,,,,,,,,,,,,,,,,,,,,,,,,,
Q76754,Q45678240,,,,,,,,,,,,,,,,,,,,,,,,,,,,,,,,,,,,,,,,,,,,,
Q76757,Q45678274,,,,,,,,,,,,,,,,,,,,,,,,,,,,,,,,,,,,,,,,,,,,,
Q76760,Q45418951,,,,,,,,,,,,,,,,,,,,,,,,,,,,,,,,,,,,,,,,,,,,,
Q76763,Q16904013,,,,,,,,,,,,,,,,,,,,,,,,,,,,,,,,,,,,,,,,,,,,,
Q76766,Q45656350,,,,,,,,,,,,,,,,,,,,,,,,,,,,,,,,,,,,,,,,,,,,,
Q76769,Q45539809,,,,,,,,,,,,,,,,,,,,,,,,,,,,,,,,,,,,,,,,,,,,,
Q76772,Q45443871,,,,,,,,,,,,,,,,,,,,,,,,,,,,,,,,,,,,,,,,,,,,,
Q76775,Q45477131,,,,,,,,,,,,,,,,,,,,,,,,,,,,,,,,,,,,,,,,,,,,,
Q76778,Q45518949,,,,,,,,,,,,,,,,,,,,,,,,,,,,,,,,,,,,,,,,,,,,,
Q76781,Q45519141,,,,,,,,,,,,,,,,,,,,,,,,,,,,,,,,,,,,,,,,,,,,,
Q76784,Q15934399,,,,,,,,,,,,,,,,,,,,,,,,,,,,,,,,,,,,,,,,,,,,,
Q76787,Q45645655,,,,,,,,,,,,,,,,,,,,,,,,,,,,,,,,,,,,,,,,,,,,,
Q76790,Q45573931,,,,,,,,,,,,,,,,,,,,,,,,,,,,,,,,,,,,,,,,,,,,,
Q76793,Q45609369,,,,,,,,,,,,,,,,,,,,,,,,,,,,,,,,,,,,,,,,,,,,,
Q76796,Q45645773,,,,,,,,,,,,,,,,,,,,,,,,,,,,,,,,,,,,,,,,,,,,,
Q76799,Q45610148,,,,,,,,,,,,,,,,,,,,,,,,,,,,,,,,,,,,,,,,,,,,,
Q76802,Q45610211,,,,,,,,,,,,,,,,,,,,,,,,,,,,,,,,,,,,,,,,,,,,,
Q76805,Q45610274,,,,,,,,,,,,,,,,,,,,,,,,,,,,,,,,,,,,,,,,,,,,,
Q76808,Q45610335,,,,,,,,,,,,,,,,,,,,,,,,,,,,,,,,,,,,,,,,,,,,,
Q76811,Q45610399,,,,,,,,,,,,,,,,,,,,,,,,,,,,,,,,,,,,,,,,,,,,,
Q76814,Q45610463,,,,,,,,,,,,,,,,,,,,,,,,,,,,,,,,,,,,,,,,,,,,,
Q76817,Q45610527,,,,,,,,,,,,,,,,,,,,,,,,,,,,,,,,,,,,,,,,,,,,,
Q76820,Q45444505,,,,,,,,,,,,,,,,,,,,,,,,,,,,,,,,,,,,,,,,,,,,,
Q76823,Q65808281,,,,,,,,,,,,,,,,,,,,,,,,,,,,,,,,,,,,,,,,,,,,,
Q76826,Q45520416,,,,,,,,,,,,,,,,,,,,,,,,,,,,,,,,,,,,,,,,,,,,,
Q76829,Q5163346,,,,,,,,,,,,,,,,,,,,,,,,,,,,,,,,,,,,,,,,,,,,,
Q76832,Q1151441,,,,,,,,,,,,,,,,,,,,,,,,,,,,,,,,,,,,,,,,,,,,,
Q76835,Q6538680,,,,,,,,,,,,,,,,,,,,,,,,,,,,,,,,,,,,,,,,,,,,,
Q76838,Q11095311,,,,,,,,,,,,,,,,,,,,,,,,,,,,,,,,,,,,,,,,,,,,,
Q76841,Q11095816,,,,,,,,,,,,,,,,,,,,,,,,,,,,,,,,,,,,,,,,,,,,,
Q76844,Q11097999,,,,,,,,,,,,,,,,,,,,,,,,,,,,,,,,,,,,,,,,,,,,,
Q76847,Q11131149,,,,,,,,,,,,,,,,,,,,,,,,,,,,,,,,,,,,,,,,,,,,,
Q76850,Q10940787,,,,,,,,,,,,,,,,,,,,,,,,,,,,,,,,,,,,,,,,,,,,,
Q76853,Q10945842,,,,,,,,,,,,,,,,,,,,,,,,,,,,,,,,,,,,,,,,,,,,,
Q76856,Q5163362,,,,,,,,,,,,,,,,,,,,,,,,,,,,,,,,,,,,,,,,,,,,,
Q76859,Q8251368,,,,,,,,,,,,,,,,,,,,,,,,,,,,,,,,,,,,,,,,,,,,,
Q76862,Q6539256,,,,,,,,,,,,,,,,,,,,,,,,,,,,,,,,,,,,,,,,,,,,,
Q76865,Q11096044,,,,,,,,,,,,,,,,,,,,,,,,,,,,,,,,,,,,,,,,,,,,,
Q76868,Q10894120,,,,,,,,,,,,,,,,,,,,,,,,,,,,,,,,,,,,,,,,,,,,,
Q76871,Q16603626,,,,,,,,,,,,,,,,,,,,,,,,,,,,,,,,,,,,,,,,,,,,,
Q76874,Q16603662,,,,,,,,,,,,,,,,,,,,,,,,,,,,,,,,,,,,,,,,,,,,,
Q76877,Q10890063,,,,,,,,,,,,,,,,,,,,,,,,,,,,,,,,,,,,,,,,,,,,,
Q76880,Q10334412,,,,,,,,,,,,,,,,,,,,,,,,,,,,,,,,,,,,,,,,,,,,,
Q76883,Q10334500,,,,,,,,,,,,,,,,,,,,,,,,,,,,,,,,,,,,,,,,,,,,,
Q76886,Q10334525,,,,,,,,,,,,,,,,,,,,,,,,,,,,,,,,,,,,,,,,,,,,,
Q76889,Q10334553,,,,,,,,,,,,,,,,,,,,,,,,,,,,,,,,,,,,,,,,,,,,,
Q76892,Q10334646,,,,,,,,,,,,,,,,,,,,,,,,,,,,,,,,,,,,,,,,,,,,,
Q76895,Q10931680,,,,,,,,,,,,,,,,,,,,,,,,,,,,,,,,,,,,,,,,,,,,,
Q76898,Q16603411,,,,,,,,,,,,,,,,,,,,,,,,,,,,,,,,,,,,,,,,,,,,,
Q76901,Q11087611,,,,,,,,,,,,,,,,,,,,,,,,,,,,,,,,,,,,,,,,,,,,,
Q76904,Q11120827,,,,,,,,,,,,,,,,,,,,,,,,,,,,,,,,,,,,,,,,,,,,,
Q76907,Q11131836,,,,,,,,,,,,,,,,,,,,,,,,,,,,,,,,,,,,,,,,,,,,,
Q76910,Q16603688,,,,,,,,,,,,,,,,,,,,,,,,,,,,,,,,,,,,,,,,,,,,,
Q76913,Q16603721,,,,,,,,,,,,,,,,,,,,,,,,,,,,,,,,,,,,,,,,,,,,,
Q76916,Q65808545,,,,,,,,,,,,,,,,,,,,,,,,,,,,,,,,,,,,,,,,,,,,,
Q76919,Q45456960,,,,,,,,,,,,,,,,,,,,,,,,,,,,,,,,,,,,,,,,,,,,,
Q76922,Q45517607,,,,,,,,,,,,,,,,,,,,,,,,,,,,,,,,,,,,,,,,,,,,,
Q76925,Q45520036,,,,,,,,,,,,,,,,,,,,,,,,,,,,,,,,,,,,,,,,,,,,,
Q76928,Q45604177,,,,,,,,,,,,,,,,,,,,,,,,,,,,,,,,,,,,,,,,,,,,,
Q76931,Q45605709,,,,,,,,,,,,,,,,,,,,,,,,,,,,,,,,,,,,,,,,,,,,,
Q76934,Q45605327,,,,,,,,,,,,,,,,,,,,,,,,,,,,,,,,,,,,,,,,,,,,,
Q76937,Q45605389,,,,,,,,,,,,,,,,,,,,,,,,,,,,,,,,,,,,,,,,,,,,,
Q76940,Q45605452,,,,,,,,,,,,,,,,,,,,,,,,,,,,,,,,,,,,,,,,,,,,,
Q76943,Q45605515,,,,,,,,,,,,,,,,,,,,,,,,,,,,,,,,,,,,,,,,,,,,,
Q76946,Q45605580,,,,,,,,,,,,,,,,,,,,,,,,,,,,,,,,,,,,,,,,,,,,,
Q76949,Q45605643,,,,,,,,,,,,,,,,,,,,,,,,,,,,,,,,,,,,,,,,,,,,,
Q76952,Q45545792,,,,,,,,,,,,,,,,,,,,,,,,,,,,,,,,,,,,,,,,,,,,,
Q76955,Q45485214,,,,,,,,,,,,,,,,,,,,,,,,,,,,,,,,,,,,,,,,,,,,,
Q76958,Q11534324,,,,,,,,,,,,,,,,,,,,,,,,,,,,,,,,,,,,,,,,,,,,,
Q76961,Q65807070,,,,,,,,,,,,,,,,,,,,,,,,,,,,,,,,,,,,,,,,,,,,,
Q76964,Q45533030,,,,,,,,,,,,,,,,,,,,,,,,,,,,,,,,,,,,,,,,,,,,,
Q76967,Q45533095,,,,,,,,,,,,,,,,,,,,,,,,,,,,,,,,,,,,,,,,,,,,,
Q76970,Q45533158,,,,,,,,,,,,,,,,,,,,,,,,,,,,,,,,,,,,,,,,,,,,,
Q76973,Q45635553,,,,,,,,,,,,,,,,,,,,,,,,,,,,,,,,,,,,,,,,,,,,,
Q76976,Q45598453,,,,,,,,,,,,,,,,,,,,,,,,,,,,,,,,,,,,,,,,,,,,,
Q76979,Q45598080,,,,,,,,,,,,,,,,,,,,,,,,,,,,,,,,,,,,,,,,,,,,,
Q76982,Q45598143,,,,,,,,,,,,,,,,,,,,,,,,,,,,,,,,,,,,,,,,,,,,,
Q76985,Q45598205,,,,,,,,,,,,,,,,,,,,,,,,,,,,,,,,,,,,,,,,,,,,,
Q76988,Q45455938,,,,,,,,,,,,,,,,,,,,,,,,,,,,,,,,,,,,,,,,,,,,,
Q76991,Q45456697,,,,,,,,,,,,,,,,,,,,,,,,,,,,,,,,,,,,,,,,,,,,,
Q76994,Q45609116,,,,,,,,,,,,,,,,,,,,,,,,,,,,,,,,,,,,,,,,,,,,,
Q76997,Q45595753,,,,,,,,,,,,,,,,,,,,,,,,,,,,,,,,,,,,,,,,,,,,,
Q77000,Q45460815,,,,,,,,,,,,,,,,,,,,,,,,,,,,,,,,,,,,,,,,,,,,,
Q77003,Q45454282,,,,,,,,,,,,,,,,,,,,,,,,,,,,,,,,,,,,,,,,,,,,,
Q77006,Q65805439,,,,,,,,,,,,,,,,,,,,,,,,,,,,,,,,,,,,,,,,,,,,,
Q77009,Q45422803,,,,,,,,,,,,,,,,,,,,,,,,,,,,,,,,,,,,,,,,,,,,,
Q77012,Q30950284,,,,,,,,,,,,,,,,,,,,,,,,,,,,,,,,,,,,,,,,,,,,,
Q77015,Q45683172,,,,,,,,,,,,,,,,,,,,,,,,,,,,,,,,,,,,,,,,,,,,,
Q77018,Q45521368,,,,,,,,,,,,,,,,,,,,,,,,,,,,,,,,,,,,,,,,,,,,,
Q77021,Q45683268,,,,,,,,,,,,,,,,,,,,,,,,,,,,,,,,,,,,,,,,,,,,,
Q77024,Q45683299,,,,,,,,,,,,,,,,,,,,,,,,,,,,,,,,,,,,,,,,,,,,,
Q77027,Q45521305,,,,,,,,,,,,,,,,,,,,,,,,,,,,,,,,,,,,,,,,,,,,,
Q77030,Q45683459,,,,,,,,,,,,,,,,,,,,,,,,,,,,,,,,,,,,,,,,,,,,,
Q77033,Q45683519,,,,,,,,,,,,,,,,,,,,,,,,,,,,,,,,,,,,,,,,,,,,,
Q77036,Q15920460,,,,,,,,,,,,,,,,,,,,,,,,,,,,,,,,,,,,,,,,,,,,,
Q77039,Q45420414,,,,,,,,,,,,,,,,,,,,,,,,,,,,,,,,,,,,,,,,,,,,,
Q77042,Q45558010,,,,,,,,,,,,,,,,,,,,,,,,,,,,,,,,,,,,,,,,,,,,,
Q77045,Q45617560,,,,,,,,,,,,,,,,,,,,,,,,,,,,,,,,,,,,,,,,,,,,,
Q77048,Q45659346,,,,,,,,,,,,,,,,,,,,,,,,,,,,,,,,,,,,,,,,,,,,,
Q77051,Q45456604,,,,,,,,,,,,,,,,,,,,,,,,,,,,,,,,,,,,,,,,,,,,,
Q77054,Q45420683,,,,,,,,,,,,,,,,,,,,,,,,,,,,,,,,,,,,,,,,,,,,,
Q77057,Q45420687,,,,,,,,,,,,,,,,,,,,,,,,,,,,,,,,,,,,,,,,,,,,,
Q77060,Q45420698,,,,,,,,,,,,,,,,,,,,,,,,,,,,,,,,,,,,,,,,,,,,,
Q77063,Q45666234,,,,,,,,,,,,,,,,,,,,,,,,,,,,,,,,,,,,,,,,,,,,,
Q77066,Q45666340,,,,,,,,,,,,,,,,,,,,,,,,,,,,,,,,,,,,,,,,,,,,,
Q77069,Q45419626,,,,,,,,,,,,,,,,,,,,,,,,,,,,,,,,,,,,,,,,,,,,,
Q77072,Q10566566,,,,,,,,,,,,,,,,,,,,,,,,,,,,,,,,,,,,,,,,,,,,,
Q77075,Q45664242,,,,,,,,,,,,,,,,,,,,,,,,,,,,,,,,,,,,,,,,,,,,,
Q77078,Q65805559,,,,,,,,,,,,,,,,,,,,,,,,,,,,,,,,,,,,,,,,,,,,,
Q77081,Q45419321,,,,,,,,,,,,,,,,,,,,,,,,,,,,,,,,,,,,,,,,,,,,,
Q77084,Q45436832,,,,,,,,,,,,,,,,,,,,,,,,,,,,,,,,,,,,,,,,,,,,,
Q77087,Q11643311,,,,,,,,,,,,,,,,,,,,,,,,,,,,,,,,,,,,,,,,,,,,,
Q77090,Q45419739,,,,,,,,,,,,,,,,,,,,,,,,,,,,,,,,,,,,,,,,,,,,,
Q77093,Q65804036,,,,,,,,,,,,,,,,,,,,,,,,,,,,,,,,,,,,,,,,,,,,,
Q77096,Q65804037,,,,,,,,,,,,,,,,,,,,,,,,,,,,,,,,,,,,,,,,,,,,,
Q77099,Q18906592,,,,,,,,,,,,,,,,,,,,,,,,,,,,,,,,,,,,,,,,,,,,,
Q77102,Q45420655,,,,,,,,,,,,,,,,,,,,,,,,,,,,,,,,,,,,,,,,,,,,,
Q77105,Q15904869,,,,,,,,,,,,,,,,,,,,,,,,,,,,,,,,,,,,,,,,,,,,,
Q77108,Q45662345,,,,,,,,,,,,,,,,,,,,,,,,,,,,,,,,,,,,,,,,,,,,,
Q77111,Q45662757,,,,,,,,,,,,,,,,,,,,,,,,,,,,,,,,,,,,,,,,,,,,,
Q77114,Q45488848,,,,,,,,,,,,,,,,,,,,,,,,,,,,,,,,,,,,,,,,,,,,,
Q77117,Q45532606,,,,,,,,,,,,,,,,,,,,,,,,,,,,,,,,,,,,,,,,,,,,,
Q77120,Q45573108,,,,,,,,,,,,,,,,,,,,,,,,,,,,,,,,,,,,,,,,,,,,,
Q77123,Q45684272,,,,,,,,,,,,,,,,,,,,,,,,,,,,,,,,,,,,,,,,,,,,,
Q77126,Q45668586,,,,,,,,,,,,,,,,,,,,,,,,,,,,,,,,,,,,,,,,,,,,,
Q77129,Q45515404,,,,,,,,,,,,,,,,,,,,,,,,,,,,,,,,,,,,,,,,,,,,,
Q77132,Q45515469,,,,,,,,,,,,,,,,,,,,,,,,,,,,,,,,,,,,,,,,,,,,,
Q77135,Q65803578,,,,,,,,,,,,,,,,,,,,,,,,,,,,,,,,,,,,,,,,,,,,,
Q77138,Q45682592,,,,,,,,,,,,,,,,,,,,,,,,,,,,,,,,,,,,,,,,,,,,,
Q77141,Q10396554,,,,,,,,,,,,,,,,,,,,,,,,,,,,,,,,,,,,,,,,,,,,,
Q77144,Q10396531,,,,,,,,,,,,,,,,,,,,,,,,,,,,,,,,,,,,,,,,,,,,,
Q77147,Q45683429,,,,,,,,,,,,,,,,,,,,,,,,,,,,,,,,,,,,,,,,,,,,,
Q77150,Q45632550,,,,,,,,,,,,,,,,,,,,,,,,,,,,,,,,,,,,,,,,,,,,,
Q77153,Q45632612,,,,,,,,,,,,,,,,,,,,,,,,,,,,,,,,,,,,,,,,,,,,,
Q77156,Q45632737,,,,,,,,,,,,,,,,,,,,,,,,,,,,,,,,,,,,,,,,,,,,,
Q77159,Q45632801,,,,,,,,,,,,,,,,,,,,,,,,,,,,,,,,,,,,,,,,,,,,,
Q77162,Q14640411,,,,,,,,,,,,,,,,,,,,,,,,,,,,,,,,,,,,,,,,,,,,,
Q77165,Q76000608,,,,,,,,,,,,,,,,,,,,,,,,,,,,,,,,,,,,,,,,,,,,,
Q77168,Q1706212,,,,,,,,,,,,,,,,,,,,,,,,,,,,,,,,,,,,,,,,,,,,,
Q77171,Q45530171,,,,,,,,,,,,,,,,,,,,,,,,,,,,,,,,,,,,,,,,,,,,,
Q77174,Q45419572,,,,,,,,,,,,,,,,,,,,,,,,,,,,,,,,,,,,,,,,,,,,,
Q77177,Q45445585,,,,,,,,,,,,,,,,,,,,,,,,,,,,,,,,,,,,,,,,,,,,,
Q77180,Q45445775,,,,,,,,,,,,,,,,,,,,,,,,,,,,,,,,,,,,,,,,,,,,,
Q77183,Q45502528,,,,,,,,,,,,,,,,,,,,,,,,,,,,,,,,,,,,,,,,,,,,,
Q77186,Q45503100,,,,,,,,,,,,,,,,,,,,,,,,,,,,,,,,,,,,,,,,,,,,,
Q77189,Q45503747,,,,,,,,,,,,,,,,,,,,,,,,,,,,,,,,,,,,,,,,,,,,,
Q77192,Q45504256,,,,,,,,,,,,,,,,,,,,,,,,,,,,,,,,,,,,,,,,,,,,,
Q77195,Q45504891,,,,,,,,,,,,,,,,,,,,,,,,,,,,,,,,,,,,,,,,,,,,,
Q77198,Q45505447,,,,,,,,,,,,,,,,,,,,,,,,,,,,,,,,,,,,,,,,,,,,,
Q77201,Q45505706,,,,,,,,,,,,,,,,,,,,,,,,,,,,,,,,,,,,,,,,,,,,,
Q77204,Q45506661,,,,,,,,,,,,,,,,,,,,,,,,,,,,,,,,,,,,,,,,,,,,,
Q77207,Q45507048,,,,,,,,,,,,,,,,,,,,,,,,,,,,,,,,,,,,,,,,,,,,,
Q77210,Q45524240,,,,,,,,,,,,,,,,,,,,,,,,,,,,,,,,,,,,,,,,,,,,,
Q77213,Q45524625,,,,,,,,,,,,,,,,,,,,,,,,,,,,,,,,,,,,,,,,,,,,,
Q77216,Q45525002,,,,,,,,,,,,,,,,,,,,,,,,,,,,,,,,,,,,,,,,,,,,,
Q77219,Q45525130,,,,,,,,,,,,,,,,,,,,,,,,,,,,,,,,,,,,,,,,,,,,,
Q77222,Q45525192,,,,,,,,,,,,,,,,,,,,,,,,,,,,,,,,,,,,,,,,,,,,,
Q77225,Q45525356,,,,,,,,,,,,,,,,,,,,,,,,,,,,,,,,,,,,,,,,,,,,,
Q77228,Q45525487,,,,,,,,,,,,,,,,,,,,,,,,,,,,,,,,,,,,,,,,,,,,,
Q77231,Q45525869,,,,,,,,,,,,,,,,,,,,,,,,,,,,,,,,,,,,,,,,,,,,,
Q77234,Q45526250,,,,,,,,,,,,,,,,,,,,,,,,,,,,,,,,,,,,,,,,,,,,,
Q77237,Q45526695,,,,,,,,,,,,,,,,,,,,,,,,,,,,,,,,,,,,,,,,,,,,,
Q77240,Q45526758,,,,,,,,,,,,,,,,,,,,,,,,,,,,,,,,,,,,,,,,,,,,,
Q77243,Q45527330,,,,,,,,,,,,,,,,,,,,,,,,,,,,,,,,,,,,,,,,,,,,,
Q77246,Q45527456,,,,,,,,,,,,,,,,,,,,,,,,,,,,,,,,,,,,,,,,,,,,,
Q77249,Q45515023,,,,,,,,,,,,,,,,,,,,,,,,,,,,,,,,,,,,,,,,,,,,,
Q77252,Q65805936,,,,,,,,,,,,,,,,,,,,,,,,,,,,,,,,,,,,,,,,,,,,,
Q77255,Q45515087,,,,,,,,,,,,,,,,,,,,,,,,,,,,,,,,,,,,,,,,,,,,,
Q77258,Q45515149,,,,,,,,,,,,,,,,,,,,,,,,,,,,,,,,,,,,,,,,,,,,,
Q77261,Q45515213,,,,,,,,,,,,,,,,,,,,,,,,,,,,,,,,,,,,,,,,,,,,,
Q77264,Q45451126,,,,,,,,,,,,,,,,,,,,,,,,,,,,,,,,,,,,,,,,,,,,,
Q77267,Q45451189,,,,,,,,,,,,,,,,,,,,,,,,,,,,,,,,,,,,,,,,,,,,,
Q77270,Q45451253,,,,,,,,,,,,,,,,,,,,,,,,,,,,,,,,,,,,,,,,,,,,,
Q77273,Q10897770,,,,,,,,,,,,,,,,,,,,,,,,,,,,,,,,,,,,,,,,,,,,,
Q77276,Q45515870,,,,,,,,,,,,,,,,,,,,,,,,,,,,,,,,,,,,,,,,,,,,,
Q77279,Q45515931,,,,,,,,,,,,,,,,,,,,,,,,,,,,,,,,,,,,,,,,,,,,,
Q77282,Q45437641,,,,,,,,,,,,,,,,,,,,,,,,,,,,,,,,,,,,,,,,,,,,,
Q77285,Q45439029,,,,,,,,,,,,,,,,,,,,,,,,,,,,,,,,,,,,,,,,,,,,,
Q77288,Q45643747,,,,,,,,,,,,,,,,,,,,,,,,,,,,,,,,,,,,,,,,,,,,,
Q77291,Q45644229,,,,,,,,,,,,,,,,,,,,,,,,,,,,,,,,,,,,,,,,,,,,,
Q77294,Q18906617,,,,,,,,,,,,,,,,,,,,,,,,,,,,,,,,,,,,,,,,,,,,,
Q77297,Q45645158,,,,,,,,,,,,,,,,,,,,,,,,,,,,,,,,,,,,,,,,,,,,,
Q77300,Q45418673,,,,,,,,,,,,,,,,,,,,,,,,,,,,,,,,,,,,,,,,,,,,,
Q77303,Q45534853,,,,,,,,,,,,,,,,,,,,,,,,,,,,,,,,,,,,,,,,,,,,,
Q77306,Q45517837,,,,,,,,,,,,,,,,,,,,,,,,,,,,,,,,,,,,,,,,,,,,,
Q77309,Q26197263,,,,,,,,,,,,,,,,,,,,,,,,,,,,,,,,,,,,,,,,,,,,,
Q77312,Q26197298,,,,,,,,,,,,,,,,,,,,,,,,,,,,,,,,,,,,,,,,,,,,,
Q77315,Q61744462,,,,,,,,,,,,,,,,,,,,,,,,,,,,,,,,,,,,,,,,,,,,,
Q77318,Q17500390,,,,,,,,,,,,,,,,,,,,,,,,,,,,,,,,,,,,,,,,,,,,,
Q77321,Q24897137,,,,,,,,,,,,,,,,,,,,,,,,,,,,,,,,,,,,,,,,,,,,,
Q77324,Q45419922,,,,,,,,,,,,,,,,,,,,,,,,,,,,,,,,,,,,,,,,,,,,,
Q77327,Q26158941,,,,,,,,,,,,,,,,,,,,,,,,,,,,,,,,,,,,,,,,,,,,,
Q77330,Q45527879,,,,,,,,,,,,,,,,,,,,,,,,,,,,,,,,,,,,,,,,,,,,,
Q77333,Q26158981,,,,,,,,,,,,,,,,,,,,,,,,,,,,,,,,,,,,,,,,,,,,,
Q77336,Q45635631,,,,,,,,,,,,,,,,,,,,,,,,,,,,,,,,,,,,,,,,,,,,,
Q77339,Q30950545,,,,,,,,,,,,,,,,,,,,,,,,,,,,,,,,,,,,,,,,,,,,,
Q77342,Q18236212,,,,,,,,,,,,,,,,,,,,,,,,,,,,,,,,,,,,,,,,,,,,,
Q77345,Q45639380,,,,,,,,,,,,,,,,,,,,,,,,,,,,,,,,,,,,,,,,,,,,,
Q77348,Q45578234,,,,,,,,,,,,,,,,,,,,,,,,,,,,,,,,,,,,,,,,,,,,,
Q77351,Q45579320,,,,,,,,,,,,,,,,,,,,,,,,,,,,,,,,,,,,,,,,,,,,,
Q77354,Q45584622,,,,,,,,,,,,,,,,,,,,,,,,,,,,,,,,,,,,,,,,,,,,,
Q77357,Q45585257,,,,,,,,,,,,,,,,,,,,,,,,,,,,,,,,,,,,,,,,,,,,,
Q77360,Q26158767,,,,,,,,,,,,,,,,,,,,,,,,,,,,,,,,,,,,,,,,,,,,,
Q77363,Q45587743,,,,,,,,,,,,,,,,,,,,,,,,,,,,,,,,,,,,,,,,,,,,,
Q77366,Q45588314,,,,,,,,,,,,,,,,,,,,,,,,,,,,,,,,,,,,,,,,,,,,,
Q77369,Q45586081,,,,,,,,,,,,,,,,,,,,,,,,,,,,,,,,,,,,,,,,,,,,,
Q77372,Q45586531,,,,,,,,,,,,,,,,,,,,,,,,,,,,,,,,,,,,,,,,,,,,,
Q77375,Q45586596,,,,,,,,,,,,,,,,,,,,,,,,,,,,,,,,,,,,,,,,,,,,,
Q77378,Q45587359,,,,,,,,,,,,,,,,,,,,,,,,,,,,,,,,,,,,,,,,,,,,,
Q77381,Q45587486,,,,,,,,,,,,,,,,,,,,,,,,,,,,,,,,,,,,,,,,,,,,,
Q77384,Q45587552,,,,,,,,,,,,,,,,,,,,,,,,,,,,,,,,,,,,,,,,,,,,,
Q77387,Q133521792,,,,,,,,,,,,,,,,,,,,,,,,,,,,,,,,,,,,,,,,,,,,,
Q77390,Q61726982,,,,,,,,,,,,,,,,,,,,,,,,,,,,,,,,,,,,,,,,,,,,,
Q77393,Q45511567,,,,,,,,,,,,,,,,,,,,,,,,,,,,,,,,,,,,,,,,,,,,,
Q77396,Q45589973,,,,,,,,,,,,,,,,,,,,,,,,,,,,,,,,,,,,,,,,,,,,,
Q77399,Q133521834,,,,,,,,,,,,,,,,,,,,,,,,,,,,,,,,,,,,,,,,,,,,,
Q77402,Q45419426,,,,,,,,,,,,,,,,,,,,,,,,,,,,,,,,,,,,,,,,,,,,,
Q77405,Q45419428,,,,,,,,,,,,,,,,,,,,,,,,,,,,,,,,,,,,,,,,,,,,,
Q77408,Q133473314,,,,,,,,,,,,,,,,,,,,,,,,,,,,,,,,,,,,,,,,,,,,,
Q77411,Q45476498,,,,,,,,,,,,,,,,,,,,,,,,,,,,,,,,,,,,,,,,,,,,,
Q77414,Q45588944,,,,,,,,,,,,,,,,,,,,,,,,,,,,,,,,,,,,,,,,,,,,,
Q77417,Q45589006,,,,,,,,,,,,,,,,,,,,,,,,,,,,,,,,,,,,,,,,,,,,,
Q77420,Q45589707,,,,,,,,,,,,,,,,,,,,,,,,,,,,,,,,,,,,,,,,,,,,,
Q77423,Q45589769,,,,,,,,,,,,,,,,,,,,,,,,,,,,,,,,,,,,,,,,,,,,,
Q77426,Q45590433,,,,,,,,,,,,,,,,,,,,,,,,,,,,,,,,,,,,,,,,,,,,,
Q77429,Q45590499,,,,,,,,,,,,,,,,,,,,,,,,,,,,,,,,,,,,,,,,,,,,,
Q77432,Q45590563,,,,,,,,,,,,,,,,,,,,,,,,,,,,,,,,,,,,,,,,,,,,,
Q77435,Q45588882,,,,,,,,,,,,,,,,,,,,,,,,,,,,,,,,,,,,,,,,,,,,,
Q77438,Q20688547,,,,,,,,,,,,,,,,,,,,,,,,,,,,,,,,,,,,,,,,,,,,,
Q77441,Q45419937,,,,,,,,,,,,,,,,,,,,,,,,,,,,,,,,,,,,,,,,,,,,,
Q77444,Q45420995,,,,,,,,,,,,,,,,,,,,,,,,,,,,,,,,,,,,,,,,,,,,,
Q77447,Q30942654,,,,,,,,,,,,,,,,,,,,,,,,,,,,,,,,,,,,,,,,,,,,,
Q77450,Q45454950,,,,,,,,,,,,,,,,,,,,,,,,,,,,,,,,,,,,,,,,,,,,,
Q77453,Q45616842,,,,,,,,,,,,,,,,,,,,,,,,,,,,,,,,,,,,,,,,,,,,,
Q77456,Q45591178,,,,,,,,,,,,,,,,,,,,,,,,,,,,,,,,,,,,,,,,,,,,,
Q77459,Q45591242,,,,,,,,,,,,,,,,,,,,,,,,,,,,,,,,,,,,,,,,,,,,,
Q77462,Q45596778,,,,,,,,,,,,,,,,,,,,,,,,,,,,,,,,,,,,,,,,,,,,,
Q77465,Q45596967,,,,,,,,,,,,,,,,,,,,,,,,,,,,,,,,,,,,,,,,,,,,,
Q77468,Q45598829,,,,,,,,,,,,,,,,,,,,,,,,,,,,,,,,,,,,,,,,,,,,,
Q77471,Q45598893,,,,,,,,,,,,,,,,,,,,,,,,,,,,,,,,,,,,,,,,,,,,,
Q77474,Q45599333,,,,,,,,,,,,,,,,,,,,,,,,,,,,,,,,,,,,,,,,,,,,,
Q77477,Q45503814,,,,,,,,,,,,,,,,,,,,,,,,,,,,,,,,,,,,,,,,,,,,,
Q77480,Q45505812,,,,,,,,,,,,,,,,,,,,,,,,,,,,,,,,,,,,,,,,,,,,,
Q77483,Q45592789,,,,,,,,,,,,,,,,,,,,,,,,,,,,,,,,,,,,,,,,,,,,,
Q77486,Q45593043,,,,,,,,,,,,,,,,,,,,,,,,,,,,,,,,,,,,,,,,,,,,,
Q77489,Q45593106,,,,,,,,,,,,,,,,,,,,,,,,,,,,,,,,,,,,,,,,,,,,,
Q77492,Q45593171,,,,,,,,,,,,,,,,,,,,,,,,,,,,,,,,,,,,,,,,,,,,,
Q77495,Q45593233,,,,,,,,,,,,,,,,,,,,,,,,,,,,,,,,,,,,,,,,,,,,,
Q77498,Q45593295,,,,,,,,,,,,,,,,,,,,,,,,,,,,,,,,,,,,,,,,,,,,,
Q77501,Q45593485,,,,,,,,,,,,,,,,,,,,,,,,,,,,,,,,,,,,,,,,,,,,,
Q77504,Q45593801,,,,,,,,,,,,,,,,,,,,,,,,,,,,,,,,,,,,,,,,,,,,,
Q77507,Q45593866,,,,,,,,,,,,,,,,,,,,,,,,,,,,,,,,,,,,,,,,,,,,,
Q77510,Q45591005,,,,,,,,,,,,,,,,,,,,,,,,,,,,,,,,,,,,,,,,,,,,,
Q77513,Q45591516,,,,,,,,,,,,,,,,,,,,,,,,,,,,,,,,,,,,,,,,,,,,,
Q77516,Q45591900,,,,,,,,,,,,,,,,,,,,,,,,,,,,,,,,,,,,,,,,,,,,,
Q77519,Q45493136,,,,,,,,,,,,,,,,,,,,,,,,,,,,,,,,,,,,,,,,,,,,,
Q77522,Q45493324,,,,,,,,,,,,,,,,,,,,,,,,,,,,,,,,,,,,,,,,,,,,,
Q77525,Q45498729,,,,,,,,,,,,,,,,,,,,,,,,,,,,,,,,,,,,,,,,,,,,,
Q77528,Q16905327,,,,,,,,,,,,,,,,,,,,,,,,,,,,,,,,,,,,,,,,,,,,,
Q77531,Q15931108,,,,,,,,,,,,,,,,,,,,,,,,,,,,,,,,,,,,,,,,,,,,,
Q77534,Q16905407,,,,,,,,,,,,,,,,,,,,,,,,,,,,,,,,,,,,,,,,,,,,,
Q77537,Q6752360,,,,,,,,,,,,,,,,,,,,,,,,,,,,,,,,,,,,,,,,,,,,,
Q77540,Q10271411,,,,,,,,,,,,,,,,,,,,,,,,,,,,,,,,,,,,,,,,,,,,,
Q77543,Q83875690,,,,,,,,,,,,,,,,,,,,,,,,,,,,,,,,,,,,,,,,,,,,,
Q77546,Q17239384,,,,,,,,,,,,,,,,,,,,,,,,,,,,,,,,,,,,,,,,,,,,,
Q77549,Q45413415,,,,,,,,,,,,,,,,,,,,,,,,,,,,,,,,,,,,,,,,,,,,,
Q77552,Q17499767,,,,,,,,,,,,,,,,,,,,,,,,,,,,,,,,,,,,,,,,,,,,,
Q77555,Q45421291,,,,,,,,,,,,,,,,,,,,,,,,,,,,,,,,,,,,,,,,,,,,,
Q77558,Q15920424,,,,,,,,,,,,,,,,,,,,,,,,,,,,,,,,,,,,,,,,,,,,,
Q77561,Q1562417,,,,,,,,,,,,,,,,,,,,,,,,,,,,,,,,,,,,,,,,,,,,,
Q77564,Q15944550,,,,,,,,,,,,,,,,,,,,,,,,,,,,,,,,,,,,,,,,,,,,,
Q77567,Q45555394,,,,,,,,,,,,,,,,,,,,,,,,,,,,,,,,,,,,,,,,,,,,,
Q77570,Q45554201,,,,,,,,,,,,,,,,,,,,,,,,,,,,,,,,,,,,,,,,,,,,,
Q77573,Q45558597,,,,,,,,,,,,,,,,,,,,,,,,,,,,,,,,,,,,,,,,,,,,,
Q77576,Q45552390,,,,,,,,,,,,,,,,,,,,,,,,,,,,,,,,,,,,,,,,,,,,,
Q77579,Q45552885,,,,,,,,,,,,,,,,,,,,,,,,,,,,,,,,,,,,,,,,,,,,,
Q77582,Q45553639,,,,,,,,,,,,,,,,,,,,,,,,,,,,,,,,,,,,,,,,,,,,,
Q77585,Q83875316,,,,,,,,,,,,,,,,,,,,,,,,,,,,,,,,,,,,,,,,,,,,,
Q77588,Q24837393,,,,,,,,,,,,,,,,,,,,,,,,,,,,,,,,,,,,,,,,,,,,,
Q77591,Q45672806,,,,,,,,,,,,,,,,,,,,,,,,,,,,,,,,,,,,,,,,,,,,,
Q77594,Q26209281,,,,,,,,,,,,,,,,,,,,,,,,,,,,,,,,,,,,,,,,,,,,,
Q77597,Q45674672,,,,,,,,,,,,,,,,,,,,,,,,,,,,,,,,,,,,,,,,,,,,,
Q77600,Q45675227,,,,,,,,,,,,,,,,,,,,,,,,,,,,,,,,,,,,,,,,,,,,,
Q77603,Q45542750,,,,,,,,,,,,,,,,,,,,,,,,,,,,,,,,,,,,,,,,,,,,,
Q77606,Q45422093,,,,,,,,,,,,,,,,,,,,,,,,,,,,,,,,,,,,,,,,,,,,,
Q77609,Q45546948,,,,,,,,,,,,,,,,,,,,,,,,,,,,,,,,,,,,,,,,,,,,,
Q77612,Q26158209,,,,,,,,,,,,,,,,,,,,,,,,,,,,,,,,,,,,,,,,,,,,,
Q77615,Q45549884,,,,,,,,,,,,,,,,,,,,,,,,,,,,,,,,,,,,,,,,,,,,,
Q77618,Q45550326,,,,,,,,,,,,,,,,,,,,,,,,,,,,,,,,,,,,,,,,,,,,,
Q77621,Q45666283,,,,,,,,,,,,,,,,,,,,,,,,,,,,,,,,,,,,,,,,,,,,,
Q77624,Q45551074,,,,,,,,,,,,,,,,,,,,,,,,,,,,,,,,,,,,,,,,,,,,,
Q77627,Q26186390,,,,,,,,,,,,,,,,,,,,,,,,,,,,,,,,,,,,,,,,,,,,,
Q77630,Q26186393,,,,,,,,,,,,,,,,,,,,,,,,,,,,,,,,,,,,,,,,,,,,,
Q77632,Q45551576,,,,,,,,,,,,,,,,,,,,,,,,,,,,,,,,,,,,,,,,,,,,,
Q77634,Q45551828,,,,,,,,,,,,,,,,,,,,,,,,,,,,,,,,,,,,,,,,,,,,,
Q77637,Q45496538,,,,,,,,,,,,,,,,,,,,,,,,,,,,,,,,,,,,,,,,,,,,,
Q77640,Q45496604,,,,,,,,,,,,,,,,,,,,,,,,,,,,,,,,,,,,,,,,,,,,,
Q77643,Q65805963,,,,,,,,,,,,,,,,,,,,,,,,,,,,,,,,,,,,,,,,,,,,,
Q77646,Q65803298,,,,,,,,,,,,,,,,,,,,,,,,,,,,,,,,,,,,,,,,,,,,,
Q77649,Q65805962,,,,,,,,,,,,,,,,,,,,,,,,,,,,,,,,,,,,,,,,,,,,,
Q77652,Q45518578,,,,,,,,,,,,,,,,,,,,,,,,,,,,,,,,,,,,,,,,,,,,,
Q77655,Q45474255,,,,,,,,,,,,,,,,,,,,,,,,,,,,,,,,,,,,,,,,,,,,,
Q77658,Q45474365,,,,,,,,,,,,,,,,,,,,,,,,,,,,,,,,,,,,,,,,,,,,,
Q77661,Q45422413,,,,,,,,,,,,,,,,,,,,,,,,,,,,,,,,,,,,,,,,,,,,,
Q77664,Q45574581,,,,,,,,,,,,,,,,,,,,,,,,,,,,,,,,,,,,,,,,,,,,,
Q77667,Q45422451,,,,,,,,,,,,,,,,,,,,,,,,,,,,,,,,,,,,,,,,,,,,,
Q77670,Q45509263,,,,,,,,,,,,,,,,,,,,,,,,,,,,,,,,,,,,,,,,,,,,,
Q77673,Q45422439,,,,,,,,,,,,,,,,,,,,,,,,,,,,,,,,,,,,,,,,,,,,,
Q77676,Q45422462,,,,,,,,,,,,,,,,,,,,,,,,,,,,,,,,,,,,,,,,,,,,,
Q77679,Q45422468,,,,,,,,,,,,,,,,,,,,,,,,,,,,,,,,,,,,,,,,,,,,,
Q77682,Q22813894,,,,,,,,,,,,,,,,,,,,,,,,,,,,,,,,,,,,,,,,,,,,,
Q77686,Q11074113,,,,,,,,,,,,,,,,,,,,,,,,,,,,,,,,,,,,,,,,,,,,,
Q77689,Q45655276,,,,,,,,,,,,,,,,,,,,,,,,,,,,,,,,,,,,,,,,,,,,,
Q77692,Q45486096,,,,,,,,,,,,,,,,,,,,,,,,,,,,,,,,,,,,,,,,,,,,,
Q77693,Q45499314,,,,,,,,,,,,,,,,,,,,,,,,,,,,,,,,,,,,,,,,,,,,,
Q77696,Q45500285,,,,,,,,,,,,,,,,,,,,,,,,,,,,,,,,,,,,,,,,,,,,,
Q77699,Q45511060,,,,,,,,,,,,,,,,,,,,,,,,,,,,,,,,,,,,,,,,,,,,,
Q77702,Q45486033,,,,,,,,,,,,,,,,,,,,,,,,,,,,,,,,,,,,,,,,,,,,,
Q77705,Q45501426,,,,,,,,,,,,,,,,,,,,,,,,,,,,,,,,,,,,,,,,,,,,,
Q77708,Q45466774,,,,,,,,,,,,,,,,,,,,,,,,,,,,,,,,,,,,,,,,,,,,,
Q77711,Q45419405,,,,,,,,,,,,,,,,,,,,,,,,,,,,,,,,,,,,,,,,,,,,,
Q77714,Q76014094,,,,,,,,,,,,,,,,,,,,,,,,,,,,,,,,,,,,,,,,,,,,,
Q77717,Q65804881,,,,,,,,,,,,,,,,,,,,,,,,,,,,,,,,,,,,,,,,,,,,,
Q77720,Q45503089,,,,,,,,,,,,,,,,,,,,,,,,,,,,,,,,,,,,,,,,,,,,,
Q77723,Q45503153,,,,,,,,,,,,,,,,,,,,,,,,,,,,,,,,,,,,,,,,,,,,,
Q77726,Q65805964,,,,,,,,,,,,,,,,,,,,,,,,,,,,,,,,,,,,,,,,,,,,,
Q77729,Q45611775,,,,,,,,,,,,,,,,,,,,,,,,,,,,,,,,,,,,,,,,,,,,,
Q77732,Q45518897,,,,,,,,,,,,,,,,,,,,,,,,,,,,,,,,,,,,,,,,,,,,,
Q77735,Q45518959,,,,,,,,,,,,,,,,,,,,,,,,,,,,,,,,,,,,,,,,,,,,,
Q77738,Q45519023,,,,,,,,,,,,,,,,,,,,,,,,,,,,,,,,,,,,,,,,,,,,,
Q77741,Q45519087,,,,,,,,,,,,,,,,,,,,,,,,,,,,,,,,,,,,,,,,,,,,,
Q77744,Q65806033,,,,,,,,,,,,,,,,,,,,,,,,,,,,,,,,,,,,,,,,,,,,,
Q77747,Q45542163,,,,,,,,,,,,,,,,,,,,,,,,,,,,,,,,,,,,,,,,,,,,,
Q77750,Q45534665,,,,,,,,,,,,,,,,,,,,,,,,,,,,,,,,,,,,,,,,,,,,,
Q77753,Q45534728,,,,,,,,,,,,,,,,,,,,,,,,,,,,,,,,,,,,,,,,,,,,,
Q77756,Q45534793,,,,,,,,,,,,,,,,,,,,,,,,,,,,,,,,,,,,,,,,,,,,,
Q77759,Q45534858,,,,,,,,,,,,,,,,,,,,,,,,,,,,,,,,,,,,,,,,,,,,,
Q77762,Q45534923,,,,,,,,,,,,,,,,,,,,,,,,,,,,,,,,,,,,,,,,,,,,,
Q77765,Q45534987,,,,,,,,,,,,,,,,,,,,,,,,,,,,,,,,,,,,,,,,,,,,,
Q77768,Q45535049,,,,,,,,,,,,,,,,,,,,,,,,,,,,,,,,,,,,,,,,,,,,,
Q77771,Q45535112,,,,,,,,,,,,,,,,,,,,,,,,,,,,,,,,,,,,,,,,,,,,,
Q77774,Q45535175,,,,,,,,,,,,,,,,,,,,,,,,,,,,,,,,,,,,,,,,,,,,,
Q77777,Q45535240,,,,,,,,,,,,,,,,,,,,,,,,,,,,,,,,,,,,,,,,,,,,,
Q77780,Q45535304,,,,,,,,,,,,,,,,,,,,,,,,,,,,,,,,,,,,,,,,,,,,,
Q77783,Q45626114,,,,,,,,,,,,,,,,,,,,,,,,,,,,,,,,,,,,,,,,,,,,,
Q77786,Q45503734,,,,,,,,,,,,,,,,,,,,,,,,,,,,,,,,,,,,,,,,,,,,,
Q77789,Q45503797,,,,,,,,,,,,,,,,,,,,,,,,,,,,,,,,,,,,,,,,,,,,,
Q77792,Q45503861,,,,,,,,,,,,,,,,,,,,,,,,,,,,,,,,,,,,,,,,,,,,,
Q77795,Q65803279,,,,,,,,,,,,,,,,,,,,,,,,,,,,,,,,,,,,,,,,,,,,,
Q77798,Q65803774,,,,,,,,,,,,,,,,,,,,,,,,,,,,,,,,,,,,,,,,,,,,,
Q77801,Q78215602,,,,,,,,,,,,,,,,,,,,,,,,,,,,,,,,,,,,,,,,,,,,,
Q77804,Q45567007,,,,,,,,,,,,,,,,,,,,,,,,,,,,,,,,,,,,,,,,,,,,,
Q77808,Q45567390,,,,,,,,,,,,,,,,,,,,,,,,,,,,,,,,,,,,,,,,,,,,,
Q77811,Q45567907,,,,,,,,,,,,,,,,,,,,,,,,,,,,,,,,,,,,,,,,,,,,,
Q77814,Q45568538,,,,,,,,,,,,,,,,,,,,,,,,,,,,,,,,,,,,,,,,,,,,,
Q77817,Q45640139,,,,,,,,,,,,,,,,,,,,,,,,,,,,,,,,,,,,,,,,,,,,,
Q77820,Q45642671,,,,,,,,,,,,,,,,,,,,,,,,,,,,,,,,,,,,,,,,,,,,,
Q77823,Q45642732,,,,,,,,,,,,,,,,,,,,,,,,,,,,,,,,,,,,,,,,,,,,,
Q77826,Q45641495,,,,,,,,,,,,,,,,,,,,,,,,,,,,,,,,,,,,,,,,,,,,,
Q77829,Q45641934,,,,,,,,,,,,,,,,,,,,,,,,,,,,,,,,,,,,,,,,,,,,,
Q77832,Q45642058,,,,,,,,,,,,,,,,,,,,,,,,,,,,,,,,,,,,,,,,,,,,,
Q77835,Q45642119,,,,,,,,,,,,,,,,,,,,,,,,,,,,,,,,,,,,,,,,,,,,,
Q77838,Q45642181,,,,,,,,,,,,,,,,,,,,,,,,,,,,,,,,,,,,,,,,,,,,,
Q77841,Q45642305,,,,,,,,,,,,,,,,,,,,,,,,,,,,,,,,,,,,,,,,,,,,,
Q77844,Q45642427,,,,,,,,,,,,,,,,,,,,,,,,,,,,,,,,,,,,,,,,,,,,,
Q77847,Q45642487,,,,,,,,,,,,,,,,,,,,,,,,,,,,,,,,,,,,,,,,,,,,,
Q77850,Q45640871,,,,,,,,,,,,,,,,,,,,,,,,,,,,,,,,,,,,,,,,,,,,,
Q77853,Q45641367,,,,,,,,,,,,,,,,,,,,,,,,,,,,,,,,,,,,,,,,,,,,,
Q77856,Q45470697,,,,,,,,,,,,,,,,,,,,,,,,,,,,,,,,,,,,,,,,,,,,,
Q77859,Q45471078,,,,,,,,,,,,,,,,,,,,,,,,,,,,,,,,,,,,,,,,,,,,,
Q77862,Q45651435,,,,,,,,,,,,,,,,,,,,,,,,,,,,,,,,,,,,,,,,,,,,,
Q77865,Q45480069,,,,,,,,,,,,,,,,,,,,,,,,,,,,,,,,,,,,,,,,,,,,,
Q77868,Q45480195,,,,,,,,,,,,,,,,,,,,,,,,,,,,,,,,,,,,,,,,,,,,,
Q77871,Q45480260,,,,,,,,,,,,,,,,,,,,,,,,,,,,,,,,,,,,,,,,,,,,,
Q77874,Q45480388,,,,,,,,,,,,,,,,,,,,,,,,,,,,,,,,,,,,,,,,,,,,,
Q77877,Q45480515,,,,,,,,,,,,,,,,,,,,,,,,,,,,,,,,,,,,,,,,,,,,,
Q77880,Q45480643,,,,,,,,,,,,,,,,,,,,,,,,,,,,,,,,,,,,,,,,,,,,,
Q77883,Q45480959,,,,,,,,,,,,,,,,,,,,,,,,,,,,,,,,,,,,,,,,,,,,,
Q77886,Q45481024,,,,,,,,,,,,,,,,,,,,,,,,,,,,,,,,,,,,,,,,,,,,,
Q77889,Q45482175,,,,,,,,,,,,,,,,,,,,,,,,,,,,,,,,,,,,,,,,,,,,,
Q77892,Q45482495,,,,,,,,,,,,,,,,,,,,,,,,,,,,,,,,,,,,,,,,,,,,,
Q77895,Q45482748,,,,,,,,,,,,,,,,,,,,,,,,,,,,,,,,,,,,,,,,,,,,,
Q77898,Q45483129,,,,,,,,,,,,,,,,,,,,,,,,,,,,,,,,,,,,,,,,,,,,,
Q77901,Q45483257,,,,,,,,,,,,,,,,,,,,,,,,,,,,,,,,,,,,,,,,,,,,,
Q77904,Q45483510,,,,,,,,,,,,,,,,,,,,,,,,,,,,,,,,,,,,,,,,,,,,,
Q77907,Q45483827,,,,,,,,,,,,,,,,,,,,,,,,,,,,,,,,,,,,,,,,,,,,,
Q77910,Q45483889,,,,,,,,,,,,,,,,,,,,,,,,,,,,,,,,,,,,,,,,,,,,,
Q77913,Q45484016,,,,,,,,,,,,,,,,,,,,,,,,,,,,,,,,,,,,,,,,,,,,,
Q77916,Q45484079,,,,,,,,,,,,,,,,,,,,,,,,,,,,,,,,,,,,,,,,,,,,,
Q77919,Q45484271,,,,,,,,,,,,,,,,,,,,,,,,,,,,,,,,,,,,,,,,,,,,,
Q77922,Q45484915,,,,,,,,,,,,,,,,,,,,,,,,,,,,,,,,,,,,,,,,,,,,,
Q77925,Q45485304,,,,,,,,,,,,,,,,,,,,,,,,,,,,,,,,,,,,,,,,,,,,,
Q77928,Q45485560,,,,,,,,,,,,,,,,,,,,,,,,,,,,,,,,,,,,,,,,,,,,,
Q77932,Q45485750,,,,,,,,,,,,,,,,,,,,,,,,,,,,,,,,,,,,,,,,,,,,,
Q77935,Q45486071,,,,,,,,,,,,,,,,,,,,,,,,,,,,,,,,,,,,,,,,,,,,,
Q77938,Q45486385,,,,,,,,,,,,,,,,,,,,,,,,,,,,,,,,,,,,,,,,,,,,,
Q77941,Q45486513,,,,,,,,,,,,,,,,,,,,,,,,,,,,,,,,,,,,,,,,,,,,,
Q77944,Q45486642,,,,,,,,,,,,,,,,,,,,,,,,,,,,,,,,,,,,,,,,,,,,,
Q77947,Q45487922,,,,,,,,,,,,,,,,,,,,,,,,,,,,,,,,,,,,,,,,,,,,,
Q77950,Q45682056,,,,,,,,,,,,,,,,,,,,,,,,,,,,,,,,,,,,,,,,,,,,,
Q77953,Q15248585,,,,,,,,,,,,,,,,,,,,,,,,,,,,,,,,,,,,,,,,,,,,,
Q77956,Q45422331,,,,,,,,,,,,,,,,,,,,,,,,,,,,,,,,,,,,,,,,,,,,,
Q77959,Q48936007,,,,,,,,,,,,,,,,,,,,,,,,,,,,,,,,,,,,,,,,,,,,,
Q77962,Q45420210,,,,,,,,,,,,,,,,,,,,,,,,,,,,,,,,,,,,,,,,,,,,,
Q77965,Q9451536,,,,,,,,,,,,,,,,,,,,,,,,,,,,,,,,,,,,,,,,,,,,,
Q77968,Q45420495,,,,,,,,,,,,,,,,,,,,,,,,,,,,,,,,,,,,,,,,,,,,,
Q77971,Q45635141,,,,,,,,,,,,,,,,,,,,,,,,,,,,,,,,,,,,,,,,,,,,,
Q77974,Q45637802,,,,,,,,,,,,,,,,,,,,,,,,,,,,,,,,,,,,,,,,,,,,,
Q77977,Q45638112,,,,,,,,,,,,,,,,,,,,,,,,,,,,,,,,,,,,,,,,,,,,,
Q77980,Q109672810,,,,,,,,,,,,,,,,,,,,,,,,,,,,,,,,,,,,,,,,,,,,,
Q77983,Q108498815,,,,,,,,,,,,,,,,,,,,,,,,,,,,,,,,,,,,,,,,,,,,,
Q77986,Q20039166,,,,,,,,,,,,,,,,,,,,,,,,,,,,,,,,,,,,,,,,,,,,,
Q77989,Q11399264,,,,,,,,,,,,,,,,,,,,,,,,,,,,,,,,,,,,,,,,,,,,加藤-247,
Q77992,Q11556309,,,,,,,,,,,,,,,,,,,,,,,,,,,,,,,,,,,,,,,,,,,,津田-28,
Q77995,Q8514181,,,,,,,,,,,,,,,,,,,,,,,,,,,,,,,,,,,,,,,,,,,,,
Q77998,Q8514159,,,,,,,,,,,,,,,,,,,,,,,,,,,,,,,,,,,,,,,,,,,,,
Q78001,Q134546458,,,,,,,,,,,,,,,,,,,,,,,,,,,,,,,,,,,,,,,,,,,,,
Q78004,Q11361411,,,,,,,,,,,,,,,,,,,,,,,,,,,,,,,,,,,,,,,,,,,,,
Q78007,Q11530353,,,,,,,,,,,,,,,,,,,,,,,,,,,,,,,,,,,,,,,,,,,,松平-148,
Q78010,Q11437030,,,,,,,,,,,,,,,,,,,,,,,,,,,,,,,,,,,,,,,,,,,,間部-15,
Q78013,Q8514674,,,,,,,,,,,,,,,,,,,,,,,,,,,,,,,,,,,,,,,,,,,,秋田-4,
Q78016,Q11427655,,,,,,,,,,,,,,,,,,,,,,,,,,,,,,,,,,,,,,,,,,,,堀田-25,
Q78019,Q11402206,,,,,,,,,,,,,,,,,,,,,,,,,,,,,,,,,,,,,,,,,,,,北條-6,
Q78022,Q110309777,,,,,,,,,,,,,,,,,,,,,,,,,,,,,,,,,,,,,,,,,,,,,
Q78025,Q51166389,,,,,,,,,,,,,,,,,,,,,,,,,,,,,,,,,,,,,,,,,,,,今枝-3,
Q78028,Q113207031,,,,,,,,,,,,,,,,,,,,,,,,,,,,,,,,,,,,,,,,,,,,,
Q78031,Q113207358,,,,,,,,,,,,,,,,,,,,,,,,,,,,,,,,,,,,,,,,,,,,,
Q78034,Q16865306,,,,,,,,,,,,,,,,,,,,,,,,,,,,,,,,,,,,,,,,,,,,坊城-23,
Q78037,Q11068066,,,,,,,,,,,,,,,,,,,,,,,,,,,,,,,,,,,,,,,,,,,,,
Q78040,Q111049228,,,,,,,,,,,,,,,,,,,,,,,,,,,,,,,,,,,,,,,,,,,,,
Q78043,Q17221663,,,,,,,,,,,,,,,,,,,,,,,,,,,,,,,,,,,,,,,,,,,,三浦-97,
Q78046,Q11655468,,,,,,,,,,,,,,,,,,,,,,,,,,,,,,,,,,,,,,,,,,,,間部-21,
Q78049,Q10514820,,,,,,,,,,,,,,,,,,,,,,,,,,,,,,,,,,,,,,,,,,,,,
Q78052,Q10514836,,,,,,,,,,,,,,,,,,,,,,,,,,,,,,,,,,,,,,,,,,,,,
Q78055,Q18234016,,,,,,,,,,,,,,,,,,,,,,,,,,,,,,,,,,,,,,,,,,,,松平-483,
Q78061,Q8514926,,,,,,,,,,,,,,,,,,,,,,,,,,,,,,,,,,,,,,,,,,,,内藤-57,
Q78064,Q108528437,,,,,,,,,,,,,,,,,,,,,,,,,,,,,,,,,,,,,,,,,,,,,
Q78067,Q106769600,,,,,,,,,,,,,,,,,,,,,,,,,,,,,,,,,,,,,,,,,,,,九鬼-8,
Q78070,Q111303567,,,,,,,,,,,,,,,,,,,,,,,,,,,,,,,,,,,,,,,,,,,,九鬼-1,
Q78073,Q11437875,,,,,,,,,,,,,,,,,,,,,,,,,,,,,,,,,,,,,,,,,,,,大田原-1,
Q78076,Q56618808,,,,,,,,,,,,,,,,,,,,,,,,,,,,,,,,,,,,,,,,,,,,,
Q78079,Q11488534,,,,,,,,,,,,,,,,,,,,,,,,,,,,,,,,,,,,,,,,,,,,,
Q78082,Q11650704,,,,,,,,,,,,,,,,,,,,,,,,,,,,,,,,,,,,,,,,,,,,鍋島-155,
Q78085,Q8513940,,,,,,,,,,,,,,,,,,,,,,,,,,,,,,,,,,,,,,,,,,,,,
Q78088,Q8514170,,,,,,,,,,,,,,,,,,,,,,,,,,,,,,,,,,,,,,,,,,,,,
Q78091,Q110892562,,,,,,,,,,,,,,,,,,,,,,,,,,,,,,,,,,,,,,,,,,,,,
Q78094,Q110889093,,,,,,,,,,,,,,,,,,,,,,,,,,,,,,,,,,,,,,,,,,,,,
Q78097,Q110888966,,,,,,,,,,,,,,,,,,,,,,,,,,,,,,,,,,,,,,,,,,,,,
Q78100,Q108914066,,,,,,,,,,,,,,,,,,,,,,,,,,,,,,,,,,,,,,,,,,,,,
Q78103,Q110273360,,,,,,,,,,,,,,,,,,,,,,,,,,,,,,,,,,,,,,,,,,,,,
Q78106,Q11393847,,,,,,,,,,,,,,,,,,,,,,,,,,,,,,,,,,,,,,,,,,,,,
Q78109,Q10882408,,,,,,,,,,,,,,,,,,,,,,,,,,,,,,,,,,,,,,,,,,,,,
Q78112,Q123415679,,,,,,,,,,,,,,,,,,,,,,,,,,,,,,,,,,,,,,,,,,,,,
Q78115,Q123415657,,,,,,,,,,,,,,,,,,,,,,,,,,,,,,,,,,,,,,,,,,,,,
Q78118,Q123415381,,,,,,,,,,,,,,,,,,,,,,,,,,,,,,,,,,,,,,,,,,,,,
Q78121,Q11520006,,,,,,,,,,,,,,,,,,,,,,,,,,,,,,,,,,,,,,,,,,,,,
Q78124,Q108803108,,,,,,,,,,,,,,,,,,,,,,,,,,,,,,,,,,,,,,,,,,,,,
Q78130,Q8081727,,,,,,,,,,,,,,,,,,,,,,,,,,,,,,,,,,,,,,,,,,,,堀田-29,
Q78133,Q10518012,,,,,,,,,,,,,,,,,,,,,,,,,,,,,,,,,,,,,,,,,,,,本多-166,
Q78136,Q108095357,,,,,,,,,,,,,,,,,,,,,,,,,,,,,,,,,,,,,,,,,,,,,
Q78139,Q8013925,,,,,,,,,,,,,,,,,,,,,,,,,,,,,,,,,,,,,,,,,,,,阿部-81,
Q78142,Q24254339,,,,,,,,,,,,,,,,,,,,,,,,,,,,,,,,,,,,,,,,,,,,大久保-68,
Q78145,Q11431924,,,,,,,,,,,,,,,,,,,,,,,,,,,,,,,,,,,,,,,,,,,,大久保-67,
Q78148,Q115530919,,,,,,,,,,,,,,,,,,,,,,,,,,,,,,,,,,,,,,,,,,,,,
Q78151,Q4142982,,,,,,,,,,,,,,,,,,,,,,,,,,,,,,,,,,,,,,,,,,,,三島-5,
Q78181,Q1741164,,,,,,,,,,,,,,,,,,,,,,,,,,,,,,,,,,,,,,,,,,,,加藤-225,
Q78184,Q11373437,,,,,,,,,,,,,,,,,,,,,,,,,,,,,,,,,,,,,,,,,,,,,
Q78187,Q84081285,,,,,,,,,,,,,,,,,,,,,,,,,,,,,,,,,,,,,,,,,,,,畠山-7,
Q78190,Q11372656,,,,,,,,,,,,,,,,,,,,,,,,,,,,,,,,,,,,,,,,,,,,畠山-8,
Q78193,Q97625820,,,,,,,,,,,,,,,,,,,,,,,,,,,,,,,,,,,,,,,,,,,,,
Q78211,Q2308027,,,,,,,,,,,,,,,,,,,,,,,,,,,,,,,,,,,,,,,,,,,,松平-409,
Q78214,Q10517187,,,,,,,,,,,,,,,,,,,,,,,,,,,,,,,,,,,,,,,,,,,,,
Q78217,Q11436051,,,,,,,,,,,,,,,,,,,,,,,,,,,,,,,,,,,,,,,,,,,,,
Q78220,Q111090517,,,,,,,,,,,,,,,,,,,,,,,,,,,,,,,,,,,,,,,,,,,,,
Q78223,Q10729479,,,,,,,,,,,,,,,,,,,,,,,,,,,,,,,,,,,,,,,,,,,,松平-630,
Q78226,Q7426991,,alvin-person:17831,,,,,,,,,,,,,,,,,,,,,,,,,,,,,,,,,,,,,,,,,,佐藤-250,
Q78229,Q11623768,,,,,,,,,,,,,,,,,,,,,,,,,,,,,,,,,,,,,,,,,,,,,
Q78232,Q11623765,,,,,,,,,,,,,,,,,,,,,,,,,,,,,,,,,,,,,,,,,,,,,
Q78235,Q108486784,,,,,,,,,,,,,,,,,,,,,,,,,,,,,,,,,,,,,,,,,,,,,
Q78238,Q128865484,,,,,,,,,,,,,,,,,,,,,,,,,,,,,,,,,,,,,,,,,,,,,
Q78241,Q22124758,,,,,,,,,,,,,,,,,,,,,,,,,,,,,,,,,,,,,,,,,,,,五辻-6,
Q78244,Q48760707,,,,,,,,,,,,,,,,,,,,,,,,,,,,,,,,,,,,,,,,,,,,五辻-5,
Q78247,Q10565429,,,,,,,,,,,,,,,,,,,,,,,,,,,,,,,,,,,,,,,,,,,,阿部-115,
Q78250,Q108101360,,,,,,,,,,,,,,,,,,,,,,,,,,,,,,,,,,,,,,,,,,,,,
Q78253,Q108101385,,,,,,,,,,,,,,,,,,,,,,,,,,,,,,,,,,,,,,,,,,,,,
Q78256,Q11530446,,,,,,,,,,,,,,,,,,,,,,,,,,,,,,,,,,,,,,,,,,,,,
Q78259,Q11530432,,,,,,,,,,,,,,,,,,,,,,,,,,,,,,,,,,,,,,,,,,,,松平-171,
Q78262,Q60990288,,,,,,,,,,,,,,,,,,,,,,,,,,,,,,,,,,,,,,,,,,,,前田-49,
Q78265,Q108683735,,,,,,,,,,,,,,,,,,,,,,,,,,,,,,,,,,,,,,,,,,,,,
Q78268,Q58420269,,,,,,,,,,,,,,,,,,,,,,,,,,,,,,,,,,,,,,,,,,,,,
Q78271,Q27907767,,,,,,,,,,,,,,,,,,,,,,,,,,,,,,,,,,,,,,,,,,,,,
Q78274,Q772410,,,,,,,,,,,,,,,,,,,,,,,,,,,,,,,,,,,,,,,,,,,,井上-58,
Q78277,Q108670512,,,,,,,,,,,,,,,,,,,,,,,,,,,,,,,,,,,,,,,,,,,,,
Q78280,Q40033292,,,,,,,,,,,,,,,,,,,,,,,,,,,,,,,,,,,,,,,,,,,,井上-3,
Q78283,Q115531054,,,,,,,,,,,,,,,,,,,,,,,,,,,,,,,,,,,,,,,,,,,,,
Q78286,Q11581098,,,,,,,,,,,,,,,,,,,,,,,,,,,,,,,,,,,,,,,,,,,,皇-2,
Q78289,Q111119668,,,,,,,,,,,,,,,,,,,,,,,,,,,,,,,,,,,,,,,,,,,,,
Q78292,Q7222476,,,,,,,,,,,,,,,,,,,,,,,,,,,,,,,,,,,,,,,,,,,,,
Q78295,Q108896769,,,,,,,,,,,,,,,,,,,,,,,,,,,,,,,,,,,,,,,,,,,,,
Q78298,Q108896772,,,,,,,,,,,,,,,,,,,,,,,,,,,,,,,,,,,,,,,,,,,,,
Q78301,Q113244841,,,,,,,,,,,,,,,,,,,,,,,,,,,,,,,,,,,,,,,,,,,,,
Q78304,Q11069891,,,,,,,,,,,,,,,,,,,,,,,,,,,,,,,,,,,,,,,,,,,,松平-34,
Q78307,Q11069807,,,,,,,,LC8X-NHH,,,,,,,,,,,,,,,,,,,,,,,,,,,,,,,,,,,,松平-33,
Q78310,Q108095516,,,,,,,,,,,,,,,,,,,,,,,,,,,,,,,,,,,,,,,,,,,,,
Q78313,Q108095660,,,,,,,,,,,,,,,,,,,,,,,,,,,,,,,,,,,,,,,,,,,,,
Q78316,Q10860173,,,,,,,,,,,,,,,,,,,,,,,,,,,,,,,,,,,,,,,,,,,,牧野-68,
Q78319,Q11642010,,,,,,,,,,,,,,,,,,,,,,,,,,,,,,,,,,,,,,,,,,,,,
Q78322,Q11642014,,,,,,,,,,,,,,,,,,,,,,,,,,,,,,,,,,,,,,,,,,,,,
Q78325,Q62601630,,,,,,,,,,,,,,,,,,,,,,,,,,,,,,,,,,,,,,,,,,,,,
Q78328,Q11611484,,,,,,,,,,,,,,,,,,,,,,,,,,,,,,,,,,,,,,,,,,,,,
Q78331,Q115586265,,,,,,,,,,,,,,,,,,,,,,,,,,,,,,,,,,,,,,,,,,,,,
Q78334,Q113208183,,,,,,,,,,,,,,,,,,,,,,,,,,,,,,,,,,,,,,,,,,,,,
Q78337,Q108780921,,,,,,,,,,,,,,,,,,,,,,,,,,,,,,,,,,,,,,,,,,,,,
Q78340,Q11366429,,,,,,,,,,,,,,,,,,,,,,,,,,,,,,,,,,,,,,,,,,,,,
Q78343,Q907309,,,,,,,,,,,,,,,,,,,,,,,,,,,825667,,,,,,,,,,,,,,,,,尚-9,
Q78346,Q10918068,,,,,,,,,,,,,,,,,,,,,,,,,,,,,,,,,,,,,,,,,,,,,
Q78349,Q11039428,,,,,,,,,,,,,,,,,,,,,,,,,,,,,,,,,,,,,,,,,,,,尚-11,
Q78352,Q74179865,,,,,,,,,,,,,,,,,,,,,,,,,,,,,,,,,,,,,,,,,,,,,
Q78355,Q77242119,,,,,,,,,,,,,,,,,,,,,,,,,,,,,,,,,,,,,,,,,,,,,
Q78358,Q53764950,,,,,,,,,,,,,,,,,,,,,,,,,,,,,,,,,,,,,,,,,,,,,
Q78361,Q28356946,,,,,,,,,,,,,,,,,,,,,,,,,,,,,,,,,,,,,,,,,,,,,
Q78364,Q105541187,,,,,,,,,,,,,,,,,,,,,,,,,,,,,,,,,,,,,,,,,,,,,
Q78367,Q11530608,,,,,,,,,,,,,,,,,,,,,,,,,,,,,,,,,,,,,,,,,,,,松平-191,
Q78370,Q11530547,,,,,,,,,,,,,,,,,,,,,,,,,,,,,,,,,,,,,,,,,,,,,
Q78373,Q51574482,,,,,,,,,,,,,,,,,,,,,,,,,,,,,,,,,,,,,,,,,,,,松平-531,
Q78376,Q21655821,,,,,,,,,,,,,,,,,,,,,,,,,,,,,,,,,,,,,,,,,,,,,
Q78379,Q121355479,,,,,,,,,,,,,,,,,,,,,,,,,,,,,,,,,,,,,,,,,,,,,
Q78382,Q110064666,,,,,,,,,,,,,,,,,,,,,,,,,,,,,,,,,,,,,,,,,,,,,
Q78385,Q110064651,,,,,,,,,,,,,,,,,,,,,,,,,,,,,,,,,,,,,,,,,,,,,
Q78388,Q110064671,,,,,,,,,,,,,,,,,,,,,,,,,,,,,,,,,,,,,,,,,,,,,
Q78391,Q11397479,,,,,,,,,,,,,,,,,,,,,,,,,,,,,,,,,,,,,,,,,,,,,
Q78394,Q121355811,,,,,,,,,,,,,,,,,,,,,,,,,,,,,,,,,,,,,,,,,,,,,
Q78397,Q27177951,,,,,,,,,,,,,,,,,,,,,,,,,,,,,,,,,,,,,,,,,,,,Johnson-51890,
Q78400,Q27177944,,,,,,,,,,,,,,,,,,,,,,,,,,,,,,,,,,,,,,,,,,,,,
Q78445,Q95576155,,,,,,,,,,,,,,,,,,,,,,,,,,,,,,,,,,,,,,,,,,,,太田-63,
Q78448,Q79017252,,,,,,,,,,,,,,,,,,,,,,,,,,,,,,,,,,,,,,,,,,,,安田-43,
Q78451,Q95422055,,,,,,,,,,,,,,,,,,,,,,,,,,,,,,,,,,,,,,,,,,,,小野-3,I00593548
Q78454,Q105359,,,,,,,,,,,,,,,,,,,,,,,,,,,,,,,,,,,,,,,,,,,,,
Q78457,Q11569671,,,,,,,,,,,,,,,,,,,,,,,,,,,,,,,,,,,,,,,,,,,,,
Q78460,Q11569729,,,,,,,,,,,,,,,,,,,,,,,,,,,,,,,,,,,,,,,,,,,,,
Q78463,Q11569767,,,,,,,,,,,,,,,,,,,,,,,,,,,,,,,,,,,,,,,,,,,,片岡-10,
Q78466,Q11569672,,,,,,,,,,,,,,,,,,,,,,,,,,,,,,,,,,,,,,,,,,,,,
Q78469,Q11569788,,,,,,,,,,,,,,,,,,,,,,,,,,,,,,,,,,,,,,,,,,,,,
Q78472,Q95579389,,,,,,,,,,,,,,,,,,,,,,,,,,,,,,,,,,,,,,,,,,,,寺島-1,
Q78475,Q95579473,,,,,,,,,,,,,,,,,,,,,,,,,,,,,,,,,,,,,,,,,,,,畑井-2,
Q78478,Q57314501,,,,,,,,,,,,,,,,,,,,,,,,,,,,,,,,,,,,,,,,,,,,安田-3,
Q78481,Q95580125,,,,,,,,,,,,,,,,,,,,,,,,,,,,,,,,,,,,,,,,,,,,,
Q78484,Q17217783,,,,,,,,,,,,,,,,,,,,,,,,,,,,,,,,,,,,,,,,,,,,渡邊-28,
Q78487,Q11431922,,,,,,,,,,,,,,,,,,,,,,,,,,,,,,,,,,,,,,,,,,,,大久保-9,
Q78490,Q108780272,,,,,,,,,,,,,,,,,,,,,,,,,,,,,,,,,,,,,,,,,,,,原田-20,
Q78493,Q21700261,,,,,,,,,,,,,,,,,,,,,,,,,,,,,,,,,,,,,,,,,,,,高橋-1,
Q78496,Q97626317,,,,,,,,,,,,,,,,,,,,,,,,,,,,,,,,,,,,,,,,,,,,,
Q78499,Q110967193,,,,,,,,,,,,,,,,,,,,,,,,,,,,,,,,,,,,,,,,,,,,,
Q78502,Q109246495,,,,,,,,,,,,,,,,,,,,,,,,,,,,,,,,,,,,,,,,,,,,,
Q78505,Q108111587,,,,,,,,,,,,,,,,,,,,,,,,,,,,,,,,,,,,,,,,,,,,岩永-13,
Q78508,Q109246732,,,,,,,,,,,,,,,,,,,,,,,,,,,,,,,,,,,,,,,,,,,,,
Q78511,Q11370773,,,,,,,,,,,,,,,,,,,,,,,,,,,,,,,,,,,,,,,,,,,,龜井-1,
Q78514,Q1620640,,,,,,,,,,,,,,,,,,,,,,,,,,,,,,,,,,,,,,,,,,,,龜井-4,
Q78517,Q2982450,,,,,,,,,,,,,,,,,,,,,,,,,,,839501,,,,,,,,,,,,,,,,,愛新覺羅-162,I00568698
Q78520,Q6470338,,,,,,,,,,,,,,,,,,,,,,,,,,,,,,,,,,,,,,,,,,,,劉-2,I00568699
Q78523,Q299710,,alvin-person:61024,,,,,,,,,,,,,,,,,,,,,,,,,839502,,,,,,,,,,,,,,,,,愛新覺羅-163,I00568716
Q78526,Q8064893,,,,,,,,,,,,,,,,,,,,,,,,,,,843408,,,,,,,,,,,,,,,,,,
Q78529,Q8173654,,,,,,,,,,,,,,,,,,,,,,,,,,,,,,,,,,,,,,,,,,,,,
Q78532,Q131307970,,,,,,,,,,,,,,,,,,,,,,,,,,,,,,,,,,,,,,,,,,,,,
Q78535,Q705554,,,,,,,,,,,,,,,,,,,,,,,,,,,839516,,,,,,,,,,,,,,,,,瓜爾佳-2,I00568702
Q78538,Q96200398,,,,,,,,,,,,,,,,,,,,,,,,,,,,,,,,,,,,,,,,,,,,,I00568703
Q78541,Q464563,,,,,,,,,,,,,,,,,,,,,,,,,,,839550,,,,,,,,,,,,,,,,,郭布羅-1,I00568706
Q78544,Q708839,,,,,,,,,,,,,,,,,,,,,,,,,,,839567,,,,,,,,,,,,,,,,,,I00568708
Q78547,Q434584,,,,,,,,,,,,,,,,,,,,,,,,,,,839565,,,,,,,,,,,,,,,,,,I00568707
Q78550,Q699692,,,,,,,,,,,,,,,,,,,,,,,,,,,,,,,,,,,,,,,,,,,,,I00568709
Q78553,Q698749,,,,,,,,,,,,,,,,,,,,,,,,,,,,,,,,,,,,,,,,,,,,,I00568710
Q78556,Q6201961,,,,,,,,,,,,,,,,,,,,,,,,,,,,,,,,,,,,,,,,,,,,,
Q78559,Q8974039,,,,,,,,,,,,,,,,,,,,,,,,,,,,,,,,,,,,,,,,,,,,,
Q78562,Q8974048,,,,,,,,,,,,,,,,,,,,,,,,,,,,,,,,,,,,,,,,,,,,,
Q78565,Q18207662,,,,,,,,,,,,,,,,,,,,,,,,,,,,,,,,,,,,,,,,,,,,,
Q78568,Q133809532,,,,,,,,,,,,,,,,,,,,,,,,,,,,,,,,,,,,,,,,,,,,,
Q78571,Q115586800,,,,,,,,,,,,,,,,,,,,,,,,,,,,,,,,,,,,,,,,,,,,,
Q78574,Q11623754,,,,,,,,,,,,,,,,,,,,,,,,,,,,,,,,,,,,,,,,,,,,,
Q78577,Q10729464,,,,,,,,,,,,,,,,,,,,,,,,,,,,,,,,,,,,,,,,,,,,,
Q78580,Q10860130,,,,,,,,,,,,,,,,,,,,,,,,,,,,,,,,,,,,,,,,,,,,牧野-63,
Q78583,Q95576593,,,,,,,,,,,,,,,,,,,,,,,,,,,,,,,,,,,,,,,,,,,,鍋島-139,
Q78586,Q2975848,,,,,,,,,,,,,,,,,,,,,,,,,,,,,,,,,,,,,,,,,,,,,
Q78589,Q134600252,,,,,,,,,,,,,,,,,,,,,,,,,,,,,,,,,,,,,,,,,,,,,
Q78592,Q8515146,,,,,,,,,,,,,,,,,,,,,,,,,,,,,,,,,,,,,,,,,,,,水野-49,
Q78595,Q134601027,,,,,,,,,,,,,,,,,,,,,,,,,,,,,,,,,,,,,,,,,,,,,
Q78598,Q134602515,,,,,,,,,,,,,,,,,,,,,,,,,,,,,,,,,,,,,,,,,,,,,
Q78601,Q498590,,,,,,,,,,,,,,,,,,,,,,,,,,,,,,,,,,,,,,,,,,,,,
Q78604,Q28776570,,,,,,,,,,,,,,,,,,,,,,,,,,,,,,,,,,,,,,,,,,,,,
Q78607,Q28776586,,,,,,,,,,,,,,,,,,,,,,,,,,,,,,,,,,,,,,,,,,,,,
Q78610,Q84511508,,,,,,,,,,,,,,,,,,,,,,,,,,,,,,,,,,,,,,,,,,,,,
Q78744,Q22813557,,,,,,,,,,,,,,,,,,,,,,,,,,,,,,,,,,,,,,,,,,,,,
Q78747,Q8253745,,,,,,,,,,,,,,,,,,,,,,,,,,,,,,,,,,,,,,,,,,,,,
Q78750,Q8253775,,,,,,,,,,,,,,,,,,,,,,,,,,,,,,,,,,,,,,,,,,,,,
Q78753,Q1017975,,,,,,,,,,,,,,,,,,,,,,,,,,,,,,,,,,,,,,,,,,,,,
Q78756,Q1149178,,,,,,,,,,,,,,,,,,,,,,,,,,,,,,,,,,,,,,,,,,,,,
Q78759,Q8253724,,,,,,,,,,,,,,,,,,,,,,,,,,,,,,,,,,,,,,,,,,,,,
Q78762,Q16603337,,,,,,,,,,,,,,,,,,,,,,,,,,,,,,,,,,,,,,,,,,,,,
Q78765,Q16603505,,,,,,,,,,,,,,,,,,,,,,,,,,,,,,,,,,,,,,,,,,,,,
Q78768,Q11077213,,,,,,,,,,,,,,,,,,,,,,,,,,,,,,,,,,,,,,,,,,,,,
Q78771,Q11077219,,,,,,,,,,,,,,,,,,,,,,,,,,,,,,,,,,,,,,,,,,,,,
Q78774,Q11077203,,,,,,,,,,,,,,,,,,,,,,,,,,,,,,,,,,,,,,,,,,,,,
Q78777,Q11077225,,,,,,,,,,,,,,,,,,,,,,,,,,,,,,,,,,,,,,,,,,,,,
Q78780,Q11077230,,,,,,,,,,,,,,,,,,,,,,,,,,,,,,,,,,,,,,,,,,,,,
Q78783,Q11077240,,,,,,,,,,,,,,,,,,,,,,,,,,,,,,,,,,,,,,,,,,,,,
Q78786,Q11077248,,,,,,,,,,,,,,,,,,,,,,,,,,,,,,,,,,,,,,,,,,,,,
Q78789,Q1079584,,,,,,,,,,,,,,,,,,,,,,,,,,,,,,,,,,,,,,,,,,,,,
Q78792,Q14554883,,,,,,,,,,,,,,,,,,,,,,,,,,,,,,,,,,,,,,,,,,,,,
Q78795,Q14565685,,,,,,,,,,,,,,,,,,,,,,,,,,,,,,,,,,,,,,,,,,,,,
Q78798,Q17023789,,,,,,,,,,,,,,,,,,,,,,,,,,,,,,,,,,,,,,,,,,,,,
Q78801,Q1149447,,,,,,,,,,,,,,,,,,,,,,,,,,,,,,,,,,,,,,,,,,,,,
Q78804,Q15914775,,,,,,,,,,,,,,,,,,,,,,,,,,,,,,,,,,,,,,,,,,,,,
Q78807,Q133473091,,,,,,,,,,,,,,,,,,,,,,,,,,,,,,,,,,,,,,,,,,,,,
Q78810,Q45387485,,,,,,,,,,,,,,,,,,,,,,,,,,,,,,,,,,,,,,,,,,,,,
Q78813,Q45419078,,,,,,,,,,,,,,,,,,,,,,,,,,,,,,,,,,,,,,,,,,,,,
Q78816,Q45419704,,,,,,,,,,,,,,,,,,,,,,,,,,,,,,,,,,,,,,,,,,,,,
Q78820,Q45455399,,,,,,,,,,,,,,,,,,,,,,,,,,,,,,,,,,,,,,,,,,,,,
Q78823,Q45422082,,,,,,,,,,,,,,,,,,,,,,,,,,,,,,,,,,,,,,,,,,,,,
Q78826,Q15931510,,,,,,,,,,,,,,,,,,,,,,,,,,,,,,,,,,,,,,,,,,,,,
Q78829,Q45419137,,,,,,,,,,,,,,,,,,,,,,,,,,,,,,,,,,,,,,,,,,,,,
Q78832,Q45419141,,,,,,,,,,,,,,,,,,,,,,,,,,,,,,,,,,,,,,,,,,,,,
Q78835,Q45542239,,,,,,,,,,,,,,,,,,,,,,,,,,,,,,,,,,,,,,,,,,,,,
Q78838,Q61743596,,,,,,,,,,,,,,,,,,,,,,,,,,,,,,,,,,,,,,,,,,,,,
Q78841,Q60991677,,,,,,,,,,,,,,,,,,,,,,,,,,,,,,,,,,,,,,,,,,,,,
Q78844,Q45692429,,,,,,,,,,,,,,,,,,,,,,,,,,,,,,,,,,,,,,,,,,,,,
Q78847,Q45692457,,,,,,,,,,,,,,,,,,,,,,,,,,,,,,,,,,,,,,,,,,,,,
Q78850,Q45693074,,,,,,,,,,,,,,,,,,,,,,,,,,,,,,,,,,,,,,,,,,,,,
Q78853,Q887022,,,,,,,,,,,,,,,,,,,,,,,,,,,605286,,,,,,,,,,,,,,,,,,
Q78856,Q3980544,,,,,,,,,,,,,,,,,,,,,,,,,,,529813,,,,,,,,,,,,,,,,,,
Q78859,Q45700357,,,,,,,,,,,,,,,,,,,,,,,,,,,,,,,,,,,,,,,,,,,,,
Q78862,Q45700383,,,,,,,,,,,,,,,,,,,,,,,,,,,,,,,,,,,,,,,,,,,,,
Q78865,Q11063420,,,,,,,,,,,,,,,,,,,,,,,,,,,,,,,,,,,,,,,,,,,,,
Q78868,Q10886831,,,,,,,,,,,,,,,,,,,,,,,,,,,,,,,,,,,,,,,,,,,,,
Q78871,Q45701256,,,,,,,,,,,,,,,,,,,,,,,,,,,,,,,,,,,,,,,,,,,,,
Q78874,Q45701281,,,,,,,,,,,,,,,,,,,,,,,,,,,,,,,,,,,,,,,,,,,,,
Q78877,Q45701330,,,,,,,,,,,,,,,,,,,,,,,,,,,,,,,,,,,,,,,,,,,,,
Q78880,Q45701477,,,,,,,,,,,,,,,,,,,,,,,,,,,,,,,,,,,,,,,,,,,,,
Q78883,Q45436767,,,,,,,,,,,,,,,,,,,,,,,,,,,,,,,,,,,,,,,,,,,,,
Q78886,Q45436829,,,,,,,,,,,,,,,,,,,,,,,,,,,,,,,,,,,,,,,,,,,,,
Q78889,Q45550935,,,,,,,,,,,,,,,,,,,,,,,,,,,,,,,,,,,,,,,,,,,,,
Q78892,Q45634234,,,,,,,,,,,,,,,,,,,,,,,,,,,,,,,,,,,,,,,,,,,,,
Q78895,Q45571780,,,,,,,,,,,,,,,,,,,,,,,,,,,,,,,,,,,,,,,,,,,,,
Q78898,Q65806192,,,,,,,,,,,,,,,,,,,,,,,,,,,,,,,,,,,,,,,,,,,,,
Q78901,Q45571840,,,,,,,,,,,,,,,,,,,,,,,,,,,,,,,,,,,,,,,,,,,,,
Q78904,Q45571898,,,,,,,,,,,,,,,,,,,,,,,,,,,,,,,,,,,,,,,,,,,,,
Q78907,Q45571962,,,,,,,,,,,,,,,,,,,,,,,,,,,,,,,,,,,,,,,,,,,,,
Q78910,Q45572023,,,,,,,,,,,,,,,,,,,,,,,,,,,,,,,,,,,,,,,,,,,,,
Q78913,Q45500304,,,,,,,,,,,,,,,,,,,,,,,,,,,,,,,,,,,,,,,,,,,,,
Q78916,Q45693745,,,,,,,,,,,,,,,,,,,,,,,,,,,,,,,,,,,,,,,,,,,,,
Q78919,Q45693829,,,,,,,,,,,,,,,,,,,,,,,,,,,,,,,,,,,,,,,,,,,,,
Q78922,Q45693887,,,,,,,,,,,,,,,,,,,,,,,,,,,,,,,,,,,,,,,,,,,,,
Q78925,Q45693941,,,,,,,,,,,,,,,,,,,,,,,,,,,,,,,,,,,,,,,,,,,,,
Q78928,Q45693970,,,,,,,,,,,,,,,,,,,,,,,,,,,,,,,,,,,,,,,,,,,,,
Q78931,Q45693998,,,,,,,,,,,,,,,,,,,,,,,,,,,,,,,,,,,,,,,,,,,,,
Q78934,Q45694025,,,,,,,,,,,,,,,,,,,,,,,,,,,,,,,,,,,,,,,,,,,,,
Q78937,Q45694053,,,,,,,,,,,,,,,,,,,,,,,,,,,,,,,,,,,,,,,,,,,,,
Q78940,Q45694082,,,,,,,,,,,,,,,,,,,,,,,,,,,,,,,,,,,,,,,,,,,,,
Q78943,Q45694321,,,,,,,,,,,,,,,,,,,,,,,,,,,,,,,,,,,,,,,,,,,,,
Q78946,Q45694512,,,,,,,,,,,,,,,,,,,,,,,,,,,,,,,,,,,,,,,,,,,,,
Q78949,Q45694624,,,,,,,,,,,,,,,,,,,,,,,,,,,,,,,,,,,,,,,,,,,,,
Q78952,Q45694846,,,,,,,,,,,,,,,,,,,,,,,,,,,,,,,,,,,,,,,,,,,,,
Q78955,Q45695064,,,,,,,,,,,,,,,,,,,,,,,,,,,,,,,,,,,,,,,,,,,,,
Q78958,Q45696301,,,,,,,,,,,,,,,,,,,,,,,,,,,,,,,,,,,,,,,,,,,,,
Q78961,Q45696407,,,,,,,,,,,,,,,,,,,,,,,,,,,,,,,,,,,,,,,,,,,,,
Q78964,Q45697045,,,,,,,,,,,,,,,,,,,,,,,,,,,,,,,,,,,,,,,,,,,,,
Q78967,Q45698610,,,,,,,,,,,,,,,,,,,,,,,,,,,,,,,,,,,,,,,,,,,,,
Q78970,Q45698662,,,,,,,,,,,,,,,,,,,,,,,,,,,,,,,,,,,,,,,,,,,,,
Q78973,Q45698689,,,,,,,,,,,,,,,,,,,,,,,,,,,,,,,,,,,,,,,,,,,,,
Q78976,Q45697476,,,,,,,,,,,,,,,,,,,,,,,,,,,,,,,,,,,,,,,,,,,,,
Q78979,Q45697528,,,,,,,,,,,,,,,,,,,,,,,,,,,,,,,,,,,,,,,,,,,,,
Q78982,Q45697603,,,,,,,,,,,,,,,,,,,,,,,,,,,,,,,,,,,,,,,,,,,,,
Q78985,Q45697628,,,,,,,,,,,,,,,,,,,,,,,,,,,,,,,,,,,,,,,,,,,,,
Q78988,Q45697657,,,,,,,,,,,,,,,,,,,,,,,,,,,,,,,,,,,,,,,,,,,,,
Q78991,Q45697682,,,,,,,,,,,,,,,,,,,,,,,,,,,,,,,,,,,,,,,,,,,,,
Q78994,Q45697708,,,,,,,,,,,,,,,,,,,,,,,,,,,,,,,,,,,,,,,,,,,,,
Q78997,Q45697733,,,,,,,,,,,,,,,,,,,,,,,,,,,,,,,,,,,,,,,,,,,,,
Q79000,Q45697783,,,,,,,,,,,,,,,,,,,,,,,,,,,,,,,,,,,,,,,,,,,,,
Q79003,Q45697809,,,,,,,,,,,,,,,,,,,,,,,,,,,,,,,,,,,,,,,,,,,,,
Q79006,Q45698011,,,,,,,,,,,,,,,,,,,,,,,,,,,,,,,,,,,,,,,,,,,,,
Q79009,Q45698117,,,,,,,,,,,,,,,,,,,,,,,,,,,,,,,,,,,,,,,,,,,,,
Q79012,Q45698194,,,,,,,,,,,,,,,,,,,,,,,,,,,,,,,,,,,,,,,,,,,,,
Q79015,Q45698272,,,,,,,,,,,,,,,,,,,,,,,,,,,,,,,,,,,,,,,,,,,,,
Q79018,Q45698327,,,,,,,,,,,,,,,,,,,,,,,,,,,,,,,,,,,,,,,,,,,,,
Q79021,Q45698351,,,,,,,,,,,,,,,,,,,,,,,,,,,,,,,,,,,,,,,,,,,,,
Q79024,Q45698896,,,,,,,,,,,,,,,,,,,,,,,,,,,,,,,,,,,,,,,,,,,,,
Q79027,Q45450599,,,,,,,,,,,,,,,,,,,,,,,,,,,,,,,,,,,,,,,,,,,,,
Q79030,Q45450284,,,,,,,,,,,,,,,,,,,,,,,,,,,,,,,,,,,,,,,,,,,,,
Q79033,Q45449781,,,,,,,,,,,,,,,,,,,,,,,,,,,,,,,,,,,,,,,,,,,,,
Q79036,Q45548517,,,,,,,,,,,,,,,,,,,,,,,,,,,,,,,,,,,,,,,,,,,,,
Q79039,Q45535636,,,,,,,,,,,,,,,,,,,,,,,,,,,,,,,,,,,,,,,,,,,,,
Q79043,Q65808928,,,,,,,,,,,,,,,,,,,,,,,,,,,,,,,,,,,,,,,,,,,,,
Q79046,Q45554999,,,,,,,,,,,,,,,,,,,,,,,,,,,,,,,,,,,,,,,,,,,,,
Q79049,Q45595055,,,,,,,,,,,,,,,,,,,,,,,,,,,,,,,,,,,,,,,,,,,,,
Q79052,Q45633104,,,,,,,,,,,,,,,,,,,,,,,,,,,,,,,,,,,,,,,,,,,,,
Q79055,Q45645097,,,,,,,,,,,,,,,,,,,,,,,,,,,,,,,,,,,,,,,,,,,,,
Q79058,Q45439942,,,,,,,,,,,,,,,,,,,,,,,,,,,,,,,,,,,,,,,,,,,,,
Q79061,Q45535762,,,,,,,,,,,,,,,,,,,,,,,,,,,,,,,,,,,,,,,,,,,,,
Q79064,Q45535826,,,,,,,,,,,,,,,,,,,,,,,,,,,,,,,,,,,,,,,,,,,,,
Q79067,Q45535891,,,,,,,,,,,,,,,,,,,,,,,,,,,,,,,,,,,,,,,,,,,,,
Q79070,Q45535954,,,,,,,,,,,,,,,,,,,,,,,,,,,,,,,,,,,,,,,,,,,,,
Q79073,Q45686606,,,,,,,,,,,,,,,,,,,,,,,,,,,,,,,,,,,,,,,,,,,,,
Q79076,Q45448081,,,,,,,,,,,,,,,,,,,,,,,,,,,,,,,,,,,,,,,,,,,,,
Q79079,Q45448460,,,,,,,,,,,,,,,,,,,,,,,,,,,,,,,,,,,,,,,,,,,,,
Q79082,Q45489430,,,,,,,,,,,,,,,,,,,,,,,,,,,,,,,,,,,,,,,,,,,,,
Q79085,Q65805844,,,,,,,,,,,,,,,,,,,,,,,,,,,,,,,,,,,,,,,,,,,,,
Q79088,Q45489491,,,,,,,,,,,,,,,,,,,,,,,,,,,,,,,,,,,,,,,,,,,,,
Q79091,Q45489556,,,,,,,,,,,,,,,,,,,,,,,,,,,,,,,,,,,,,,,,,,,,,
Q79094,Q45489619,,,,,,,,,,,,,,,,,,,,,,,,,,,,,,,,,,,,,,,,,,,,,
Q79097,Q45489685,,,,,,,,,,,,,,,,,,,,,,,,,,,,,,,,,,,,,,,,,,,,,
Q79100,Q45489814,,,,,,,,,,,,,,,,,,,,,,,,,,,,,,,,,,,,,,,,,,,,,
Q79103,Q45649939,,,,,,,,,,,,,,,,,,,,,,,,,,,,,,,,,,,,,,,,,,,,,
Q79106,Q45445506,,,,,,,,,,,,,,,,,,,,,,,,,,,,,,,,,,,,,,,,,,,,,
Q79109,Q45445756,,,,,,,,,,,,,,,,,,,,,,,,,,,,,,,,,,,,,,,,,,,,,
Q79112,Q45447078,,,,,,,,,,,,,,,,,,,,,,,,,,,,,,,,,,,,,,,,,,,,,
Q79115,Q45447140,,,,,,,,,,,,,,,,,,,,,,,,,,,,,,,,,,,,,,,,,,,,,
Q79118,Q45447203,,,,,,,,,,,,,,,,,,,,,,,,,,,,,,,,,,,,,,,,,,,,,
Q79121,Q45580471,,,,,,,,,,,,,,,,,,,,,,,,,,,,,,,,,,,,,,,,,,,,,
Q79124,Q711418,,,,,,,,,,,,,,,,,,,,,,,,,,,,,,,,,,,,,,,,,,,,,
Q79127,Q45441657,,,,,,,,,,,,,,,,,,,,,,,,,,,,,,,,,,,,,,,,,,,,,
Q79130,Q45441976,,,,,,,,,,,,,,,,,,,,,,,,,,,,,,,,,,,,,,,,,,,,,
Q79133,Q45472026,,,,,,,,,,,,,,,,,,,,,,,,,,,,,,,,,,,,,,,,,,,,,
Q79136,Q45481327,,,,,,,,,,,,,,,,,,,,,,,,,,,,,,,,,,,,,,,,,,,,,
Q79139,Q45444008,,,,,,,,,,,,,,,,,,,,,,,,,,,,,,,,,,,,,,,,,,,,,
Q79142,Q45676899,,,,,,,,,,,,,,,,,,,,,,,,,,,,,,,,,,,,,,,,,,,,,
Q79145,Q45491252,,,,,,,,,,,,,,,,,,,,,,,,,,,,,,,,,,,,,,,,,,,,,
Q79148,Q45491314,,,,,,,,,,,,,,,,,,,,,,,,,,,,,,,,,,,,,,,,,,,,,
Q79151,Q45491442,,,,,,,,,,,,,,,,,,,,,,,,,,,,,,,,,,,,,,,,,,,,,
Q79154,Q45421817,,,,,,,,,,,,,,,,,,,,,,,,,,,,,,,,,,,,,,,,,,,,,
Q79157,Q45490681,,,,,,,,,,,,,,,,,,,,,,,,,,,,,,,,,,,,,,,,,,,,,
Q79160,Q45510888,,,,,,,,,,,,,,,,,,,,,,,,,,,,,,,,,,,,,,,,,,,,,
Q79163,Q45511272,,,,,,,,,,,,,,,,,,,,,,,,,,,,,,,,,,,,,,,,,,,,,
Q79166,Q45511968,,,,,,,,,,,,,,,,,,,,,,,,,,,,,,,,,,,,,,,,,,,,,
Q79169,Q30942074,,,,,,,,,,,,,,,,,,,,,,,,,,,,,,,,,,,,,,,,,,,,,
Q79172,Q45512348,,,,,,,,,,,,,,,,,,,,,,,,,,,,,,,,,,,,,,,,,,,,,
Q79175,Q10350785,,,,,,,,,,,,,,,,,,,,,,,,,,,,,,,,,,,,,,,,,,,,,
Q79178,Q45422853,,,,,,,,,,,,,,,,,,,,,,,,,,,,,,,,,,,,,,,,,,,,,
Q79181,Q61744120,,,,,,,,,,,,,,,,,,,,,,,,,,,,,,,,,,,,,,,,,,,,,
Q79184,Q28412911,,,,,,,,,,,,,,,,,,,,,,,,,,,,,,,,,,,,,,,,,,,,,
Q79187,Q45513552,,,,,,,,,,,,,,,,,,,,,,,,,,,,,,,,,,,,,,,,,,,,,
Q79190,Q45486987,,,,,,,,,,,,,,,,,,,,,,,,,,,,,,,,,,,,,,,,,,,,,
Q79193,Q65803828,,,,,,,,,,,,,,,,,,,,,,,,,,,,,,,,,,,,,,,,,,,,,
Q79196,Q11110062,,,,,,,,,,,,,,,,,,,,,,,,,,,,,,,,,,,,,,,,,,,,,
Q79199,Q45422231,,,,,,,,,,,,,,,,,,,,,,,,,,,,,,,,,,,,,,,,,,,,,
Q79202,Q45422173,,,,,,,,,,,,,,,,,,,,,,,,,,,,,,,,,,,,,,,,,,,,,
Q79204,Q45507972,,,,,,,,,,,,,,,,,,,,,,,,,,,,,,,,,,,,,,,,,,,,,
Q79207,Q45507357,,,,,,,,,,,,,,,,,,,,,,,,,,,,,,,,,,,,,,,,,,,,,
Q79210,Q30946281,,,,,,,,,,,,,,,,,,,,,,,,,,,,,,,,,,,,,,,,,,,,,
Q79213,Q45480712,,,,,,,,,,,,,,,,,,,,,,,,,,,,,,,,,,,,,,,,,,,,,
Q79216,Q8062186,,,,,,,,,,,,,,,,,,,,,,,,,,,,,,,,,,,,,,,,,,,,,
Q79219,Q10946188,,,,,,,,,,,,,,,,,,,,,,,,,,,,,,,,,,,,,,,,,,,,,
Q79222,Q45371936,,,,,,,,,,,,,,,,,,,,,,,,,,,,,,,,,,,,,,,,,,,,,
Q79225,Q16903918,,,,,,,,,,,,,,,,,,,,,,,,,,,,,,,,,,,,,,,,,,,,,
Q79228,Q16903915,,,,,,,,,,,,,,,,,,,,,,,,,,,,,,,,,,,,,,,,,,,,,
Q79231,Q14574527,,,,,,,,,,,,,,,,,,,,,,,,,,,,,,,,,,,,,,,,,,,,,
Q79234,Q15911544,,,,,,,,,,,,,,,,,,,,,,,,,,,,,,,,,,,,,,,,,,,,,
Q79237,Q19822676,,,,,,,,,,,,,,,,,,,,,,,,,,,,,,,,,,,,,,,,,,,,,
Q79240,Q11077201,,,,,,,,,,,,,,,,,,,,,,,,,,,,,,,,,,,,,,,,,,,,,
Q79243,Q19822677,,,,,,,,,,,,,,,,,,,,,,,,,,,,,,,,,,,,,,,,,,,,,
Q79246,Q15908186,,,,,,,,,,,,,,,,,,,,,,,,,,,,,,,,,,,,,,,,,,,,,
Q79249,Q11388049,,,,,,,,,,,,,,,,,,,,,,,,,,,,,,,,,,,,,,,,,,,,,
Q79252,Q11387785,,,,,,,,,,,,,,,,,,,,,,,,,,,,,,,,,,,,,,,,,,,,,
Q79255,Q16603736,,,,,,,,,,,,,,,,,,,,,,,,,,,,,,,,,,,,,,,,,,,,,
Q79258,Q17990816,,,,,,,,,,,,,,,,,,,,,,,,,,,,,,,,,,,,,,,,,,,,,
Q79261,Q15243421,,,,,,,,,,,,,,,,,,,,,,,,,,,,,,,,,,,,,,,,,,,,,
Q79264,Q17990818,,,,,,,,,,,,,,,,,,,,,,,,,,,,,,,,,,,,,,,,,,,,,
Q79267,Q38977182,,,,,,,,,,,,,,,,,,,,,,,,,,,,,,,,,,,,,,,,,,,,,
Q79270,Q9397883,,,,,,,,,,,,,,,,,,,,,,,,,,,,,,,,,,,,,,,,,,,,,
Q79273,Q22814837,,,,,,,,,,,,,,,,,,,,,,,,,,,,,,,,,,,,,,,,,,,,,
Q79276,Q10889625,,,,,,,,,,,,,,,,,,,,,,,,,,,,,,,,,,,,,,,,,,,,,
Q79279,Q55716100,,,,,,,,,,,,,,,,,,,,,,,,,,,,,,,,,,,,,,,,,,,,,
Q79282,Q109410746,,,,,,,,,,,,,,,,,,,,,,,,,,,,,,,,,,,,,,,,,,,,,
Q79285,Q16904627,,,,,,,,,,,,,,,,,,,,,,,,,,,,,,,,,,,,,,,,,,,,,
Q79288,Q22814843,,,,,,,,,,,,,,,,,,,,,,,,,,,,,,,,,,,,,,,,,,,,,
Q79291,Q21094110,,,,,,,,,,,,,,,,,,,,,,,,,,,,,,,,,,,,,,,,,,,,,
Q79294,Q22814842,,,,,,,,,,,,,,,,,,,,,,,,,,,,,,,,,,,,,,,,,,,,,
Q79297,Q11387773,,,,,,,,,,,,,,,,,,,,,,,,,,,,,,,,,,,,,,,,,,,,,
Q79300,Q11387888,,,,,,,,,,,,,,,,,,,,,,,,,,,,,,,,,,,,,,,,,,,,,
Q79303,Q21094126,,,,,,,,,,,,,,,,,,,,,,,,,,,,,,,,,,,,,,,,,,,,,
Q79306,Q11388082,,,,,,,,,,,,,,,,,,,,,,,,,,,,,,,,,,,,,,,,,,,,,
Q79309,Q11387861,,,,,,,,,,,,,,,,,,,,,,,,,,,,,,,,,,,,,,,,,,,,,
Q79312,Q11387765,,,,,,,,,,,,,,,,,,,,,,,,,,,,,,,,,,,,,,,,,,,,,
Q79315,Q11387858,,,,,,,,,,,,,,,,,,,,,,,,,,,,,,,,,,,,,,,,,,,,,
Q79318,Q19653897,,,,,,,,,,,,,,,,,,,,,,,,,,,,,,,,,,,,,,,,,,,,,
Q79321,Q18236180,,,,,,,,,,,,,,,,,,,,,,,,,,,,,,,,,,,,,,,,,,,,,
Q79324,Q18236198,,,,,,,,,,,,,,,,,,,,,,,,,,,,,,,,,,,,,,,,,,,,,
Q79327,Q61133485,,,,,,,,,,,,,,,,,,,,,,,,,,,,,,,,,,,,,,,,,,,,,
Q79330,Q133503991,,,,,,,,,,,,,,,,,,,,,,,,,,,,,,,,,,,,,,,,,,,,,
Q79333,Q19849455,,,,,,,,,,,,,,,,,,,,,,,,,,,,,,,,,,,,,,,,,,,,,
Q79336,Q11053322,,,,,,,,,,,,,,,,,,,,,,,,,,,,,,,,,,,,,,,,,,,,,
Q79339,Q45421903,,,,,,,,,,,,,,,,,,,,,,,,,,,,,,,,,,,,,,,,,,,,,
Q79342,Q45459560,,,,,,,,,,,,,,,,,,,,,,,,,,,,,,,,,,,,,,,,,,,,,
Q79345,Q10895278,,,,,,,,,,,,,,,,,,,,,,,,,,,,,,,,,,,,,,,,,,,,,
Q79348,Q28478756,,,,,,,,,,,,,,,,,,,,,,,,,,,,,,,,,,,,,,,,,,,,,
Q79351,Q7244602,,,,,,,,,,,,,,,,,,,,,,,,,,,,,,,,,,,,,,,,,,,,,
Q79354,Q7244839,,,,,,,,,,,,,,,,,,,,,,,,,,,,,,,,,,,,,,,,,,,,,
Q79357,Q10895382,,,,,,,,,,,,,,,,,,,,,,,,,,,,,,,,,,,,,,,,,,,,,
Q79360,Q15900211,,,,,,,,,,,,,,,,,,,,,,,,,,,,,,,,,,,,,,,,,,,,,
Q79363,Q16903279,,,,,,,,,,,,,,,,,,,,,,,,,,,,,,,,,,,,,,,,,,,,,
Q79366,Q11120813,,,,,,,,,,,,,,,,,,,,,,,,,,,,,,,,,,,,,,,,,,,,,
Q79369,Q16075870,,,,,,,,,,,,,,,,,,,,,,,,,,,,,,,,,,,,,,,,,,,,,
Q79372,Q28478880,,,,,,,,,,,,,,,,,,,,,,,,,,,,,,,,,,,,,,,,,,,,,
Q79375,Q15263083,,,,,,,,,,,,,,,,,,,,,,,,,,,,,,,,,,,,,,,,,,,,,
Q79378,Q18236238,,,,,,,,,,,,,,,,,,,,,,,,,,,,,,,,,,,,,,,,,,,,,
Q79381,Q45533863,,,,,,,,,,,,,,,,,,,,,,,,,,,,,,,,,,,,,,,,,,,,,
Q79384,Q15930040,,,,,,,,,,,,,,,,,,,,,,,,,,,,,,,,,,,,,,,,,,,,,
Q79387,Q20688078,,,,,,,,,,,,,,,,,,,,,,,,,,,,,,,,,,,,,,,,,,,,,
Q79390,Q18118158,,,,,,,,,,,,,,,,,,,,,,,,,,,,,,,,,,,,,,,,,,,,,
Q79393,Q45453261,,,,,,,,,,,,,,,,,,,,,,,,,,,,,,,,,,,,,,,,,,,,,
Q79396,Q16904938,,,,,,,,,,,,,,,,,,,,,,,,,,,,,,,,,,,,,,,,,,,,,
Q79399,Q45455685,,,,,,,,,,,,,,,,,,,,,,,,,,,,,,,,,,,,,,,,,,,,,
Q79402,Q10539983,,,,,,,,,,,,,,,,,,,,,,,,,,,,,,,,,,,,,,,,,,,,,
Q79405,Q11668138,,,,,,,,,,,,,,,,,,,,,,,,,,,,,,,,,,,,,,,,,,,,,
Q79408,Q28478711,,,,,,,,,,,,,,,,,,,,,,,,,,,,,,,,,,,,,,,,,,,,,
Q79411,Q8060000,,,,,,,,,,,,,,,,,,,,,,,,,,,,,,,,,,,,,,,,,,,,,
Q79414,Q66777289,,,,,,,,,,,,,,,,,,,,,,,,,,,,,,,,,,,,,,,,,,,,,
Q79417,Q11497789,,,,,,,,,,,,,,,,,,,,,,,,,,,,,,,,,,,,,,,,,,,,,
Q79420,Q18651607,,,,,,,,,,,,,,,,,,,,,,,,,,,,,,,,,,,,,,,,,,,,,
Q79423,Q18579022,,,,,,,,,,,,,,,,,,,,,,,,,,,,,,,,,,,,,,,,,,,,,
Q79428,Q11387807,,,,,,,,,,,,,,,,,,,,,,,,,,,,,,,,,,,,,,,,,,,,,
Q79431,Q61723519,,,,,,,,,,,,,,,,,,,,,,,,,,,,,,,,,,,,,,,,,,,,,
Q79434,Q1092518,,,,,,,,,,,,,,,,,,,,,,,,,,,,,,,,,,,,,,,,,,,,,
Q79437,Q17990933,,,,,,,,,,,,,,,,,,,,,,,,,,,,,,,,,,,,,,,,,,,,,
Q79440,Q45511986,,,,,,,,,,,,,,,,,,,,,,,,,,,,,,,,,,,,,,,,,,,,,
Q79443,Q15940751,,,,,,,,,,,,,,,,,,,,,,,,,,,,,,,,,,,,,,,,,,,,,
Q79445,Q61723555,,,,,,,,,,,,,,,,,,,,,,,,,,,,,,,,,,,,,,,,,,,,,
Q79448,Q61723561,,,,,,,,,,,,,,,,,,,,,,,,,,,,,,,,,,,,,,,,,,,,,
Q79451,Q22814767,,,,,,,,,,,,,,,,,,,,,,,,,,,,,,,,,,,,,,,,,,,,,
Q79454,Q22814881,,,,,,,,,,,,,,,,,,,,,,,,,,,,,,,,,,,,,,,,,,,,,
Q79457,Q66776942,,,,,,,,,,,,,,,,,,,,,,,,,,,,,,,,,,,,,,,,,,,,,
Q79460,Q16077209,,,,,,,,,,,,,,,,,,,,,,,,,,,,,,,,,,,,,,,,,,,,,
Q79463,Q17027024,,,,,,,,,,,,,,,,,,,,,,,,,,,,,,,,,,,,,,,,,,,,,
Q79466,Q10527961,,,,,,,,,,,,,,,,,,,,,,,,,,,,,,,,,,,,,,,,,,,,,
Q79469,Q28481322,,,,,,,,,,,,,,,,,,,,,,,,,,,,,,,,,,,,,,,,,,,,,
Q79472,Q22814818,,,,,,,,,,,,,,,,,,,,,,,,,,,,,,,,,,,,,,,,,,,,,
Q79475,Q21094112,,,,,,,,,,,,,,,,,,,,,,,,,,,,,,,,,,,,,,,,,,,,,
Q79478,Q26184546,,,,,,,,,,,,,,,,,,,,,,,,,,,,,,,,,,,,,,,,,,,,,
Q79481,Q18110988,,,,,,,,,,,,,,,,,,,,,,,,,,,,,,,,,,,,,,,,,,,,,
Q79484,Q11477187,,,,,,,,,,,,,,,,,,,,,,,,,,,,,,,,,,,,,,,,,,,,,
Q79487,Q45421892,,,,,,,,,,,,,,,,,,,,,,,,,,,,,,,,,,,,,,,,,,,,,
Q79490,Q67944825,,,,,,,,,,,,,,,,,,,,,,,,,,,,,,,,,,,,,,,,,,,,,
Q79493,Q26186353,,,,,,,,,,,,,,,,,,,,,,,,,,,,,,,,,,,,,,,,,,,,,
Q79496,Q26186343,,,,,,,,,,,,,,,,,,,,,,,,,,,,,,,,,,,,,,,,,,,,,
Q79499,Q45563520,,,,,,,,,,,,,,,,,,,,,,,,,,,,,,,,,,,,,,,,,,,,,
Q79502,Q45421939,,,,,,,,,,,,,,,,,,,,,,,,,,,,,,,,,,,,,,,,,,,,,
Q79505,Q45563711,,,,,,,,,,,,,,,,,,,,,,,,,,,,,,,,,,,,,,,,,,,,,
Q79508,Q45566977,,,,,,,,,,,,,,,,,,,,,,,,,,,,,,,,,,,,,,,,,,,,,
Q79511,Q26186472,,,,,,,,,,,,,,,,,,,,,,,,,,,,,,,,,,,,,,,,,,,,,
Q79514,Q26186511,,,,,,,,,,,,,,,,,,,,,,,,,,,,,,,,,,,,,,,,,,,,,
Q79517,Q11581528,,,,,,,,,,,,,,,,,,,,,,,,,,,,,,,,,,,,,,,,,,,,,
Q79520,Q18233583,,,,,,,,,,,,,,,,,,,,,,,,,,,,,,,,,,,,,,,,,,,,,
Q79523,Q45575023,,,,,,,,,,,,,,,,,,,,,,,,,,,,,,,,,,,,,,,,,,,,,
Q79526,Q45577498,,,,,,,,,,,,,,,,,,,,,,,,,,,,,,,,,,,,,,,,,,,,,
Q79529,Q45578889,,,,,,,,,,,,,,,,,,,,,,,,,,,,,,,,,,,,,,,,,,,,,
Q79532,Q45546352,,,,,,,,,,,,,,,,,,,,,,,,,,,,,,,,,,,,,,,,,,,,,
Q79535,Q45639989,,,,,,,,,,,,,,,,,,,,,,,,,,,,,,,,,,,,,,,,,,,,,
Q79538,Q6694818,,,,,,,,,,,,,,,,,,,,,,,,,,,,,,,,,,,,,,,,,,,,,
Q79541,Q19855074,,,,,,,,,,,,,,,,,,,,,,,,,,,,,,,,,,,,,,,,,,,,,
Q79544,Q19855072,,,,,,,,,,,,,,,,,,,,,,,,,,,,,,,,,,,,,,,,,,,,,
Q79547,Q19855078,,,,,,,,,,,,,,,,,,,,,,,,,,,,,,,,,,,,,,,,,,,,,
Q79550,Q19855076,,,,,,,,,,,,,,,,,,,,,,,,,,,,,,,,,,,,,,,,,,,,,
Q79553,Q45419879,,,,,,,,,,,,,,,,,,,,,,,,,,,,,,,,,,,,,,,,,,,,,
Q79556,Q45549772,,,,,,,,,,,,,,,,,,,,,,,,,,,,,,,,,,,,,,,,,,,,,
Q79559,Q45479834,,,,,,,,,,,,,,,,,,,,,,,,,,,,,,,,,,,,,,,,,,,,,
Q79562,Q45548343,,,,,,,,,,,,,,,,,,,,,,,,,,,,,,,,,,,,,,,,,,,,,
Q79565,Q26186077,,,,,,,,,,,,,,,,,,,,,,,,,,,,,,,,,,,,,,,,,,,,,
Q79568,Q45555594,,,,,,,,,,,,,,,,,,,,,,,,,,,,,,,,,,,,,,,,,,,,,
Q79571,Q45421309,,,,,,,,,,,,,,,,,,,,,,,,,,,,,,,,,,,,,,,,,,,,,
Q79574,Q45556974,,,,,,,,,,,,,,,,,,,,,,,,,,,,,,,,,,,,,,,,,,,,,
Q79577,Q45540198,,,,,,,,,,,,,,,,,,,,,,,,,,,,,,,,,,,,,,,,,,,,,
Q79580,Q45541600,,,,,,,,,,,,,,,,,,,,,,,,,,,,,,,,,,,,,,,,,,,,,
Q79583,Q45542362,,,,,,,,,,,,,,,,,,,,,,,,,,,,,,,,,,,,,,,,,,,,,
Q79586,Q45542556,,,,,,,,,,,,,,,,,,,,,,,,,,,,,,,,,,,,,,,,,,,,,
Q79589,Q45542747,,,,,,,,,,,,,,,,,,,,,,,,,,,,,,,,,,,,,,,,,,,,,
Q79592,Q45613533,,,,,,,,,,,,,,,,,,,,,,,,,,,,,,,,,,,,,,,,,,,,,
Q79595,Q45544967,,,,,,,,,,,,,,,,,,,,,,,,,,,,,,,,,,,,,,,,,,,,,
Q79598,Q45545092,,,,,,,,,,,,,,,,,,,,,,,,,,,,,,,,,,,,,,,,,,,,,
Q79601,Q45545605,,,,,,,,,,,,,,,,,,,,,,,,,,,,,,,,,,,,,,,,,,,,,
Q79604,Q45545731,,,,,,,,,,,,,,,,,,,,,,,,,,,,,,,,,,,,,,,,,,,,,
Q79607,Q45543311,,,,,,,,,,,,,,,,,,,,,,,,,,,,,,,,,,,,,,,,,,,,,
Q79610,Q45539943,,,,,,,,,,,,,,,,,,,,,,,,,,,,,,,,,,,,,,,,,,,,,
Q79613,Q45422620,,,,,,,,,,,,,,,,,,,,,,,,,,,,,,,,,,,,,,,,,,,,,
Q79616,Q45500252,,,,,,,,,,,,,,,,,,,,,,,,,,,,,,,,,,,,,,,,,,,,,
Q79619,Q45552710,,,,,,,,,,,,,,,,,,,,,,,,,,,,,,,,,,,,,,,,,,,,,
Q79622,Q45552210,,,,,,,,,,,,,,,,,,,,,,,,,,,,,,,,,,,,,,,,,,,,,
Q79625,Q45637695,,,,,,,,,,,,,,,,,,,,,,,,,,,,,,,,,,,,,,,,,,,,,
Q79628,Q45554836,,,,,,,,,,,,,,,,,,,,,,,,,,,,,,,,,,,,,,,,,,,,,
Q79631,Q45555026,,,,,,,,,,,,,,,,,,,,,,,,,,,,,,,,,,,,,,,,,,,,,
Q79634,Q45555216,,,,,,,,,,,,,,,,,,,,,,,,,,,,,,,,,,,,,,,,,,,,,
Q79637,Q10511382,,,,,,,,,,,,,,,,,,,,,,,,,,,,,,,,,,,,,,,,,,,,,
Q79640,Q8257789,,,,,,,,,,,,,,,,,,,,,,,,,,,,,,,,,,,,,,,,,,,,,
Q79643,Q8257649,,,,,,,,,,,,,,,,,,,,,,,,,,,,,,,,,,,,,,,,,,,,,
Q79646,Q940037,,,,,,,,,,,,,,,,,,,,,,,,,,,,,,,,,,,,,,,,,,,,,
Q79649,Q11622094,,,,,,,,,,,,,,,,,,,,,,,,,,,,,,,,,,,,,,,,,,,,,
Q79652,Q11622133,,,,,,,,,,,,,,,,,,,,,,,,,,,,,,,,,,,,,,,,,,,,,
Q79655,Q11622131,,,,,,,,,,,,,,,,,,,,,,,,,,,,,,,,,,,,,,,,,,,,,
Q79658,Q11622130,,,,,,,,,,,,,,,,,,,,,,,,,,,,,,,,,,,,,,,,,,,,,
Q79661,Q11622132,,,,,,,,,,,,,,,,,,,,,,,,,,,,,,,,,,,,,,,,,,,,,
Q79664,Q6646425,,,,,,,,,,,,,,,,,,,,,,,,,,,,,,,,,,,,,,,,,,,,,
Q79667,Q11622087,,,,,,,,,,,,,,,,,,,,,,,,,,,,,,,,,,,,,,,,,,,,,
Q79670,Q11622089,,,,,,,,,,,,,,,,,,,,,,,,,,,,,,,,,,,,,,,,,,,,,
Q79673,Q11622093,,,,,,,,,,,,,,,,,,,,,,,,,,,,,,,,,,,,,,,,,,,,,
Q79676,Q11622127,,,,,,,,,,,,,,,,,,,,,,,,,,,,,,,,,,,,,,,,,,,,,
Q79679,Q11622129,,,,,,,,,,,,,,,,,,,,,,,,,,,,,,,,,,,,,,,,,,,,,
Q79682,Q11622015,,,,,,,,,,,,,,,,,,,,,,,,,,,,,,,,,,,,,,,,,,,,,
Q79685,Q11622128,,,,,,,,,,,,,,,,,,,,,,,,,,,,,,,,,,,,,,,,,,,,,
Q79688,Q11622134,,,,,,,,,,,,,,,,,,,,,,,,,,,,,,,,,,,,,,,,,,,,,
Q79692,Q16603571,,,,,,,,,,,,,,,,,,,,,,,,,,,,,,,,,,,,,,,,,,,,,
Q79695,Q16603483,,,,,,,,,,,,,,,,,,,,,,,,,,,,,,,,,,,,,,,,,,,,,
Q79698,Q16603583,,,,,,,,,,,,,,,,,,,,,,,,,,,,,,,,,,,,,,,,,,,,,
Q79701,Q11550572,,,,,,,,,,,,,,,,,,,,,,,,,,,,,,,,,,,,,,,,,,,,,
Q79704,Q55708123,,,,,,,,,,,,,,,,,,,,,,,,,,,,,,,,,,,,,,,,,,,,,
Q79707,Q11318511,,,,,,,,,,,,,,,,,,,,,,,,,,,,,,,,,,,,,,,,,,,,,
Q79710,Q26186440,,,,,,,,,,,,,,,,,,,,,,,,,,,,,,,,,,,,,,,,,,,,,
Q79713,Q45568823,,,,,,,,,,,,,,,,,,,,,,,,,,,,,,,,,,,,,,,,,,,,,
Q79716,Q45567548,,,,,,,,,,,,,,,,,,,,,,,,,,,,,,,,,,,,,,,,,,,,,
Q79719,Q45420059,,,,,,,,,,,,,,,,,,,,,,,,,,,,,,,,,,,,,,,,,,,,,
Q79722,Q26186455,,,,,,,,,,,,,,,,,,,,,,,,,,,,,,,,,,,,,,,,,,,,,
Q79725,Q45572756,,,,,,,,,,,,,,,,,,,,,,,,,,,,,,,,,,,,,,,,,,,,,
Q79726,Q45571873,,,,,,,,,,,,,,,,,,,,,,,,,,,,,,,,,,,,,,,,,,,,,
Q79729,Q26197399,,,,,,,,,,,,,,,,,,,,,,,,,,,,,,,,,,,,,,,,,,,,,
Q79732,Q45513257,,,,,,,,,,,,,,,,,,,,,,,,,,,,,,,,,,,,,,,,,,,,,
Q79735,Q45499634,,,,,,,,,,,,,,,,,,,,,,,,,,,,,,,,,,,,,,,,,,,,,
Q79738,Q16903250,,,,,,,,,,,,,,,,,,,,,,,,,,,,,,,,,,,,,,,,,,,,,
Q79741,Q10259846,,,,,,,,,,,,,,,,,,,,,,,,,,,,,,,,,,,,,,,,,,,,,
Q79744,Q26159838,,,,,,,,,,,,,,,,,,,,,,,,,,,,,,,,,,,,,,,,,,,,,
Q79747,Q45644448,,,,,,,,,,,,,,,,,,,,,,,,,,,,,,,,,,,,,,,,,,,,,
Q79750,Q45645533,,,,,,,,,,,,,,,,,,,,,,,,,,,,,,,,,,,,,,,,,,,,,
Q79753,Q11671893,,,,,,,,,,,,,,,,,,,,,,,,,,,,,,,,,,,,,,,,,,,,,
Q79756,Q45513766,,,,,,,,,,,,,,,,,,,,,,,,,,,,,,,,,,,,,,,,,,,,,
Q79759,Q45419803,,,,,,,,,,,,,,,,,,,,,,,,,,,,,,,,,,,,,,,,,,,,,
Q79762,Q45442161,,,,,,,,,,,,,,,,,,,,,,,,,,,,,,,,,,,,,,,,,,,,,
Q79765,Q45481380,,,,,,,,,,,,,,,,,,,,,,,,,,,,,,,,,,,,,,,,,,,,,
Q79768,Q45481571,,,,,,,,,,,,,,,,,,,,,,,,,,,,,,,,,,,,,,,,,,,,,
Q79771,Q45481635,,,,,,,,,,,,,,,,,,,,,,,,,,,,,,,,,,,,,,,,,,,,,
Q79774,Q45484196,,,,,,,,,,,,,,,,,,,,,,,,,,,,,,,,,,,,,,,,,,,,,
Q79777,Q45493357,,,,,,,,,,,,,,,,,,,,,,,,,,,,,,,,,,,,,,,,,,,,,
Q79780,Q45419832,,,,,,,,,,,,,,,,,,,,,,,,,,,,,,,,,,,,,,,,,,,,,
Q79783,Q45419834,,,,,,,,,,,,,,,,,,,,,,,,,,,,,,,,,,,,,,,,,,,,,
Q79786,Q45419836,,,,,,,,,,,,,,,,,,,,,,,,,,,,,,,,,,,,,,,,,,,,,
Q79789,Q45419811,,,,,,,,,,,,,,,,,,,,,,,,,,,,,,,,,,,,,,,,,,,,,
Q79792,Q65805109,,,,,,,,,,,,,,,,,,,,,,,,,,,,,,,,,,,,,,,,,,,,,
Q79795,Q45525468,,,,,,,,,,,,,,,,,,,,,,,,,,,,,,,,,,,,,,,,,,,,,
Q79798,Q45525533,,,,,,,,,,,,,,,,,,,,,,,,,,,,,,,,,,,,,,,,,,,,,
Q79801,Q45505658,,,,,,,,,,,,,,,,,,,,,,,,,,,,,,,,,,,,,,,,,,,,,
Q79804,Q45516974,,,,,,,,,,,,,,,,,,,,,,,,,,,,,,,,,,,,,,,,,,,,,
Q79807,Q45506570,,,,,,,,,,,,,,,,,,,,,,,,,,,,,,,,,,,,,,,,,,,,,
Q79810,Q192053,,,,,,,,,,,,,,,,,,,,,,,,,,,,,,,,,,,,,,,,,,,,,
Q79813,Q55698729,,,,,,,,,,,,,,,,,,,,,,,,,,,,,,,,,,,,,,,,,,,,,
Q79816,Q235836,,,,,,,,,,,,,,,,,,,,,,,,,,,583633,,,,,,,,,,,,,,,,,,
Q79819,Q192455,,,,,,,,,,,,,,,,,,,,,,,,,,,,,,,,,,,,,,,,,,,,,
Q79822,Q192048,,,,,,,,,,,,,,,,,,,,,,,,,,,,,,,,,,,,,,,,,,,,,
Q79825,Q191610,,,,,,,,,,,,,,,,,,,,,,,,,,,,,,,,,,,,,,,,,,,,,
Q79828,Q45482288,,,,,,,,,,,,,,,,,,,,,,,,,,,,,,,,,,,,,,,,,,,,,
Q79831,Q45594944,,,,,,,,,,,,,,,,,,,,,,,,,,,,,,,,,,,,,,,,,,,,,
Q79834,Q45595266,,,,,,,,,,,,,,,,,,,,,,,,,,,,,,,,,,,,,,,,,,,,,
Q79837,Q45595521,,,,,,,,,,,,,,,,,,,,,,,,,,,,,,,,,,,,,,,,,,,,,
Q79840,Q45595650,,,,,,,,,,,,,,,,,,,,,,,,,,,,,,,,,,,,,,,,,,,,,
Q79843,Q45477809,,,,,,,,,,,,,,,,,,,,,,,,,,,,,,,,,,,,,,,,,,,,,
Q79846,Q45595905,,,,,,,,,,,,,,,,,,,,,,,,,,,,,,,,,,,,,,,,,,,,,
Q79849,Q45596529,,,,,,,,,,,,,,,,,,,,,,,,,,,,,,,,,,,,,,,,,,,,,
Q79852,Q154925,,,,,,,,,,,,,,,,,,,,,,,,,,,,,,,,,,,,,,,,,,,,,
Q79855,Q24834860,,,,,,,,,,,,,,,,,,,,,,,,,,,,,,,,,,,,,,,,,,,,,
Q79858,Q24834846,,,,,,,,,,,,,,,,,,,,,,,,,,,,,,,,,,,,,,,,,,,,,
Q79861,Q45661383,,,,,,,,,,,,,,,,,,,,,,,,,,,,,,,,,,,,,,,,,,,,,
Q79864,Q45661619,,,,,,,,,,,,,,,,,,,,,,,,,,,,,,,,,,,,,,,,,,,,,
Q79867,Q45661679,,,,,,,,,,,,,,,,,,,,,,,,,,,,,,,,,,,,,,,,,,,,,
Q79870,Q45619914,,,,,,,,,,,,,,,,,,,,,,,,,,,,,,,,,,,,,,,,,,,,,
Q79873,Q45568677,,,,,,,,,,,,,,,,,,,,,,,,,,,,,,,,,,,,,,,,,,,,,
Q79876,Q45450380,,,,,,,,,,,,,,,,,,,,,,,,,,,,,,,,,,,,,,,,,,,,,
Q79879,Q45661857,,,,,,,,,,,,,,,,,,,,,,,,,,,,,,,,,,,,,,,,,,,,,
Q79882,Q45662270,,,,,,,,,,,,,,,,,,,,,,,,,,,,,,,,,,,,,,,,,,,,,
Q79885,Q45420848,,,,,,,,,,,,,,,,,,,,,,,,,,,,,,,,,,,,,,,,,,,,,
Q79888,Q45618830,,,,,,,,,,,,,,,,,,,,,,,,,,,,,,,,,,,,,,,,,,,,,
Q79891,Q134039619,,,,,,,,,,,,,,,,,,,,,,,,,,,,,,,,,,,,,,,,,,,,,
Q79894,Q45605572,,,,,,,,,,,,,,,,,,,,,,,,,,,,,,,,,,,,,,,,,,,,,
Q79897,Q16077208,,,,,,,,,,,,,,,,,,,,,,,,,,,,,,,,,,,,,,,,,,,,,
Q79900,Q45420859,,,,,,,,,,,,,,,,,,,,,,,,,,,,,,,,,,,,,,,,,,,,,
Q79903,Q45420860,,,,,,,,,,,,,,,,,,,,,,,,,,,,,,,,,,,,,,,,,,,,,
Q79906,Q45420861,,,,,,,,,,,,,,,,,,,,,,,,,,,,,,,,,,,,,,,,,,,,,
Q79909,Q45420862,,,,,,,,,,,,,,,,,,,,,,,,,,,,,,,,,,,,,,,,,,,,,
Q79912,Q45420863,,,,,,,,,,,,,,,,,,,,,,,,,,,,,,,,,,,,,,,,,,,,,
Q79915,Q45583355,,,,,,,,,,,,,,,,,,,,,,,,,,,,,,,,,,,,,,,,,,,,,
Q79918,Q45592510,,,,,,,,,,,,,,,,,,,,,,,,,,,,,,,,,,,,,,,,,,,,,
Q79921,Q45592955,,,,,,,,,,,,,,,,,,,,,,,,,,,,,,,,,,,,,,,,,,,,,
Q79924,Q45632281,,,,,,,,,,,,,,,,,,,,,,,,,,,,,,,,,,,,,,,,,,,,,
Q79927,Q45590861,,,,,,,,,,,,,,,,,,,,,,,,,,,,,,,,,,,,,,,,,,,,,
Q79930,Q45660124,,,,,,,,,,,,,,,,,,,,,,,,,,,,,,,,,,,,,,,,,,,,,
Q79933,Q45660362,,,,,,,,,,,,,,,,,,,,,,,,,,,,,,,,,,,,,,,,,,,,,
Q79936,Q45660841,,,,,,,,,,,,,,,,,,,,,,,,,,,,,,,,,,,,,,,,,,,,,
Q79939,Q45511413,,,,,,,,,,,,,,,,,,,,,,,,,,,,,,,,,,,,,,,,,,,,,
Q79942,Q65808103,,,,,,,,,,,,,,,,,,,,,,,,,,,,,,,,,,,,,,,,,,,,,
Q79945,Q45659407,,,,,,,,,,,,,,,,,,,,,,,,,,,,,,,,,,,,,,,,,,,,,
Q79948,Q1021828,,,,,,,,,,,,,,,,,,,,,,,,,,,,,,,,,,,,,,,,,,,,,
Q79951,Q60994217,,,,,,,,,,,,,,,,,,,,,,,,,,,,,,,,,,,,,,,,,,,,,
Q79954,Q45663536,,,,,,,,,,,,,,,,,,,,,,,,,,,,,,,,,,,,,,,,,,,,,
Q79957,Q45663761,,,,,,,,,,,,,,,,,,,,,,,,,,,,,,,,,,,,,,,,,,,,,
Q79960,Q45664041,,,,,,,,,,,,,,,,,,,,,,,,,,,,,,,,,,,,,,,,,,,,,
Q79963,Q45664094,,,,,,,,,,,,,,,,,,,,,,,,,,,,,,,,,,,,,,,,,,,,,
Q79966,Q45514008,,,,,,,,,,,,,,,,,,,,,,,,,,,,,,,,,,,,,,,,,,,,,
Q79969,Q45658690,,,,,,,,,,,,,,,,,,,,,,,,,,,,,,,,,,,,,,,,,,,,,
Q79972,Q45424437,,,,,,,,,,,,,,,,,,,,,,,,,,,,,,,,,,,,,,,,,,,,,
Q79975,Q7979751,,,,,,,,,,,,,,,,,,,,,,,,,,,,,,,,,,,,,,,,,,,,,
Q79978,Q45424479,,,,,,,,,,,,,,,,,,,,,,,,,,,,,,,,,,,,,,,,,,,,,
Q79981,Q45452025,,,,,,,,,,,,,,,,,,,,,,,,,,,,,,,,,,,,,,,,,,,,,
Q79984,Q45402602,,,,,,,,,,,,,,,,,,,,,,,,,,,,,,,,,,,,,,,,,,,,,
Q79987,Q45422219,,,,,,,,,,,,,,,,,,,,,,,,,,,,,,,,,,,,,,,,,,,,,
Q79990,Q45508813,,,,,,,,,,,,,,,,,,,,,,,,,,,,,,,,,,,,,,,,,,,,,
Q79993,Q45509069,,,,,,,,,,,,,,,,,,,,,,,,,,,,,,,,,,,,,,,,,,,,,
Q79996,Q45503155,,,,,,,,,,,,,,,,,,,,,,,,,,,,,,,,,,,,,,,,,,,,,
Q79999,Q65805643,,,,,,,,,,,,,,,,,,,,,,,,,,,,,,,,,,,,,,,,,,,,,
Q80002,Q45438102,,,,,,,,,,,,,,,,,,,,,,,,,,,,,,,,,,,,,,,,,,,,,
Q80005,Q45402525,,,,,,,,,,,,,,,,,,,,,,,,,,,,,,,,,,,,,,,,,,,,,
Q80008,Q45509954,,,,,,,,,,,,,,,,,,,,,,,,,,,,,,,,,,,,,,,,,,,,,
Q80011,Q66311268,,,,,,,,,,,,,,,,,,,,,,,,,,,,,,,,,,,,,,,,,,,,,
Q80014,Q557716,,,,,,,,,,,,,,,,,,,,,,,,,,,,,,,,,,,,,,,,,,,,,
Q80017,Q13219054,,,,,,,,,,,,,,,,,,,,,,,,,,,,,,,,,,,,,,,,,,,,,
Q80020,Q22813944,,,,,,,,,,,,,,,,,,,,,,,,,,,,,,,,,,,,,,,,,,,,,
Q80023,Q45492913,,,,,,,,,,,,,,,,,,,,,,,,,,,,,,,,,,,,,,,,,,,,,
Q80026,Q22813946,,,,,,,,,,,,,,,,,,,,,,,,,,,,,,,,,,,,,,,,,,,,,
Q80029,Q45468451,,,,,,,,,,,,,,,,,,,,,,,,,,,,,,,,,,,,,,,,,,,,,
Q80032,Q45574697,,,,,,,,,,,,,,,,,,,,,,,,,,,,,,,,,,,,,,,,,,,,,
Q80035,Q10900304,,,,,,,,,,,,,,,,,,,,,,,,,,,,,,,,,,,,,,,,,,,,,
Q80038,Q8257428,,,,,,,,,,,,,,,,,,,,,,,,,,,,,,,,,,,,,,,,,,,,,
Q80041,Q2501699,,,,,,,,,,,,,,,,,,,,,,,,,,,,,,,,,,,,,,,,,,,,,
Q80044,Q1279508,,,,,,,,,,,,,,,,,,,,,,,,,,,,,,,,,,,,,,,,,,,,,
Q80047,Q8257361,,,,,,,,,,,,,,,,,,,,,,,,,,,,,,,,,,,,,,,,,,,,,
Q80050,Q706552,,,,,,,,,,,,,,,,,,,,,,,,,,,,,,,,,,,,,,,,,,,,,
Q80053,Q13614495,,,,,,,,,,,,,,,,,,,,,,,,,,,,,,,,,,,,,,,,,,,,,
Q80056,Q11572909,,,,,,,,,,,,,,,,,,,,,,,,,,,,,,,,,,,,,,,,,,,,,
Q80059,Q22814746,,,,,,,,,,,,,,,,,,,,,,,,,,,,,,,,,,,,,,,,,,,,,
Q80062,Q134097625,,,,,,,,,,,,,,,,,,,,,,,,,,,,,,,,,,,,,,,,,,,,,
Q80065,Q6801911,,,,,,,,,,,,,,,,,,,,,,,,,,,,,,,,,,,,,,,,,,,,,
Q80068,Q10296403,,,,,,,,,,,,,,,,,,,,,,,,,,,,,,,,,,,,,,,,,,,,,
Q80071,Q11385222,,,,,,,,,,,,,,,,,,,,,,,,,,,,,,,,,,,,,,,,,,,,,
Q80074,Q8257404,,,,,,,,,,,,,,,,,,,,,,,,,,,,,,,,,,,,,,,,,,,,,
Q80077,Q48886682,,,,,,,,,,,,,,,,,,,,,,,,,,,,,,,,,,,,,,,,,,,,,
Q80080,Q855782,,,,,,,,,,,,,,,,,,,,,,,,,,,,,,,,,,,,,,,,,,,,,
Q80083,Q30941637,,,,,,,,,,,,,,,,,,,,,,,,,,,,,,,,,,,,,,,,,,,,,
Q80086,Q55707906,,,,,,,,,,,,,,,,,,,,,,,,,,,,,,,,,,,,,,,,,,,,,
Q80089,Q95143903,,,,,,,,,,,,,,,,,,,,,,,,,,,,,,,,,,,,,,,,,,,,,
Q80092,Q95144788,,,,,,,,,,,,,,,,,,,,,,,,,,,,,,,,,,,,,,,,,,,,,
Q80095,Q95142681,,,,,,,,,,,,,,,,,,,,,,,,,,,,,,,,,,,,,,,,,,,,,
Q80098,Q95146350,,,,,,,,,,,,,,,,,,,,,,,,,,,,,,,,,,,,,,,,,,,,,
Q80101,Q56597970,,,,,,,,,,,,,,,,,,,,,,,,,,,,,,,,,,,,,,,,,,,,,
Q80104,Q30942137,,,,,,,,,,,,,,,,,,,,,,,,,,,,,,,,,,,,,,,,,,,,,
Q80107,Q13441920,,,,,,,,,,,,,,,,,,,,,,,,,,,,,,,,,,,,,,,,,,,,,
Q80110,Q11573106,,,,,,,,,,,,,,,,,,,,,,,,,,,,,,,,,,,,,,,,,,,,,
Q80113,Q15942059,,,,,,,,,,,,,,,,,,,,,,,,,,,,,,,,,,,,,,,,,,,,,
Q80116,Q22814998,,,,,,,,,,,,,,,,,,,,,,,,,,,,,,,,,,,,,,,,,,,,,
Q80119,Q45418788,,,,,,,,,,,,,,,,,,,,,,,,,,,,,,,,,,,,,,,,,,,,,
Q80122,Q45418790,,,,,,,,,,,,,,,,,,,,,,,,,,,,,,,,,,,,,,,,,,,,,
Q80125,Q11636652,,,,,,,,,,,,,,,,,,,,,,,,,,,,,,,,,,,,,,,,,,,,,
Q80128,Q17500069,,,,,,,,,,,,,,,,,,,,,,,,,,,,,,,,,,,,,,,,,,,,,
Q80131,Q11135130,,,,,,,,,,,,,,,,,,,,,,,,,,,,,,,,,,,,,,,,,,,,,
Q80134,Q109276327,,,,,,,,,,,,,,,,,,,,,,,,,,,,,,,,,,,,,,,,,,,,,
Q80137,Q13560628,,,,,,,,,,,,,,,,,,,,,,,,,,,,,,,,,,,,,,,,,,,,,
Q80140,Q47183928,,,,,,,,,,,,,,,,,,,,,,,,,,,,,,,,,,,,,,,,,,,,,
Q80143,Q5374569,,,,,,,,,,,,,,,,,,,,,,,,,,,,,,,,,,,,,,,,,,,,,
Q80146,Q95143657,,,,,,,,,,,,,,,,,,,,,,,,,,,,,,,,,,,,,,,,,,,,,
Q80149,Q4391431,,,,,,,,,,,,,,,,,,,,,,,,,,,,,,,,,,,,,,,,,,,,,
Q80152,Q4390903,,,,,,,,,,,,,,,,,,,,,,,,,,,,,,,,,,,,,,,,,,,,,
Q80155,Q8253877,,,,,,,,,,,,,,,,,,,,,,,,,,,,,,,,,,,,,,,,,,,,,
Q80158,Q30941742,,,,,,,,,,,,,,,,,,,,,,,,,,,,,,,,,,,,,,,,,,,,,
Q80161,Q30943294,,,,,,,,,,,,,,,,,,,,,,,,,,,,,,,,,,,,,,,,,,,,,
Q80164,Q30943361,,,,,,,,,,,,,,,,,,,,,,,,,,,,,,,,,,,,,,,,,,,,,
Q80167,Q30943358,,,,,,,,,,,,,,,,,,,,,,,,,,,,,,,,,,,,,,,,,,,,,
Q80170,Q30943365,,,,,,,,,,,,,,,,,,,,,,,,,,,,,,,,,,,,,,,,,,,,,
Q80173,Q30943351,,,,,,,,,,,,,,,,,,,,,,,,,,,,,,,,,,,,,,,,,,,,,
Q80176,Q9387292,,,,,,,,,,,,,,,,,,,,,,,,,,,,,,,,,,,,,,,,,,,,,
Q80179,Q11573176,,,,,,,,,,,,,,,,,,,,,,,,,,,,,,,,,,,,,,,,,,,,,
Q80182,Q47182743,,,,,,,,,,,,,,,,,,,,,,,,,,,,,,,,,,,,,,,,,,,,,
Q80185,Q45566498,,,,,,,,,,,,,,,,,,,,,,,,,,,,,,,,,,,,,,,,,,,,,
Q80188,Q45623145,,,,,,,,,,,,,,,,,,,,,,,,,,,,,,,,,,,,,,,,,,,,,
Q80191,Q45656974,,,,,,,,,,,,,,,,,,,,,,,,,,,,,,,,,,,,,,,,,,,,,
Q80194,Q65803421,,,,,,,,,,,,,,,,,,,,,,,,,,,,,,,,,,,,,,,,,,,,,
Q80197,Q45489101,,,,,,,,,,,,,,,,,,,,,,,,,,,,,,,,,,,,,,,,,,,,,
Q80200,Q45420825,,,,,,,,,,,,,,,,,,,,,,,,,,,,,,,,,,,,,,,,,,,,,
Q80203,Q45420828,,,,,,,,,,,,,,,,,,,,,,,,,,,,,,,,,,,,,,,,,,,,,
Q80206,Q45492721,,,,,,,,,,,,,,,,,,,,,,,,,,,,,,,,,,,,,,,,,,,,,
Q80209,Q45510443,,,,,,,,,,,,,,,,,,,,,,,,,,,,,,,,,,,,,,,,,,,,,
Q80212,Q45522411,,,,,,,,,,,,,,,,,,,,,,,,,,,,,,,,,,,,,,,,,,,,,
Q80215,Q45522472,,,,,,,,,,,,,,,,,,,,,,,,,,,,,,,,,,,,,,,,,,,,,
Q80218,Q45686170,,,,,,,,,,,,,,,,,,,,,,,,,,,,,,,,,,,,,,,,,,,,,
Q80221,Q45641761,,,,,,,,,,,,,,,,,,,,,,,,,,,,,,,,,,,,,,,,,,,,,
Q80224,Q13560636,,,,,,,,,,,,,,,,,,,,,,,,,,,,,,,,,,,,,,,,,,,,,
Q80227,Q11626509,,,,,,,,,,,,,,,,,,,,,,,,,,,,,,,,,,,,,,,,,,,,,
Q80230,Q45688622,,,,,,,,,,,,,,,,,,,,,,,,,,,,,,,,,,,,,,,,,,,,,
Q80233,Q26197705,,,,,,,,,,,,,,,,,,,,,,,,,,,,,,,,,,,,,,,,,,,,,
Q80236,Q45688534,,,,,,,,,,,,,,,,,,,,,,,,,,,,,,,,,,,,,,,,,,,,,
Q80239,Q45584618,,,,,,,,,,,,,,,,,,,,,,,,,,,,,,,,,,,,,,,,,,,,,
Q80242,Q45587226,,,,,,,,,,,,,,,,,,,,,,,,,,,,,,,,,,,,,,,,,,,,,
Q80245,Q45590337,,,,,,,,,,,,,,,,,,,,,,,,,,,,,,,,,,,,,,,,,,,,,
Q80248,Q45590461,,,,,,,,,,,,,,,,,,,,,,,,,,,,,,,,,,,,,,,,,,,,,
Q80251,Q45590654,,,,,,,,,,,,,,,,,,,,,,,,,,,,,,,,,,,,,,,,,,,,,
Q80254,Q45590970,,,,,,,,,,,,,,,,,,,,,,,,,,,,,,,,,,,,,,,,,,,,,
Q80257,Q45591033,,,,,,,,,,,,,,,,,,,,,,,,,,,,,,,,,,,,,,,,,,,,,
Q80260,Q45591095,,,,,,,,,,,,,,,,,,,,,,,,,,,,,,,,,,,,,,,,,,,,,
Q80263,Q45373224,,,,,,,,,,,,,,,,,,,,,,,,,,,,,,,,,,,,,,,,,,,,,
Q80266,Q20064144,,,,,,,,,,,,,,,,,,,,,,,,,,,,,,,,,,,,,,,,,,,,,
Q80269,Q45654054,,,,,,,,,,,,,,,,,,,,,,,,,,,,,,,,,,,,,,,,,,,,,
Q80272,Q45501809,,,,,,,,,,,,,,,,,,,,,,,,,,,,,,,,,,,,,,,,,,,,,
Q80275,Q11117828,,,,,,,,,,,,,,,,,,,,,,,,,,,,,,,,,,,,,,,,,,,,,
Q80278,Q45443133,,,,,,,,,,,,,,,,,,,,,,,,,,,,,,,,,,,,,,,,,,,,,
Q80281,Q45501272,,,,,,,,,,,,,,,,,,,,,,,,,,,,,,,,,,,,,,,,,,,,,
Q80284,Q6538969,,,,,,,,,,,,,,,,,,,,,,,,,,,,,,,,,,,,,,,,,,,,,
Q80287,Q45651213,,,,,,,,,,,,,,,,,,,,,,,,,,,,,,,,,,,,,,,,,,,,,
Q80290,Q45651330,,,,,,,,,,,,,,,,,,,,,,,,,,,,,,,,,,,,,,,,,,,,,
Q80293,Q45448253,,,,,,,,,,,,,,,,,,,,,,,,,,,,,,,,,,,,,,,,,,,,,
Q80296,Q45439827,,,,,,,,,,,,,,,,,,,,,,,,,,,,,,,,,,,,,,,,,,,,,
Q80299,Q45374456,,,,,,,,,,,,,,,,,,,,,,,,,,,,,,,,,,,,,,,,,,,,,
Q80302,Q45550026,,,,,,,,,,,,,,,,,,,,,,,,,,,,,,,,,,,,,,,,,,,,,
Q80305,Q45685694,,,,,,,,,,,,,,,,,,,,,,,,,,,,,,,,,,,,,,,,,,,,,
Q80308,Q45685725,,,,,,,,,,,,,,,,,,,,,,,,,,,,,,,,,,,,,,,,,,,,,
Q80310,Q45657048,,,,,,,,,,,,,,,,,,,,,,,,,,,,,,,,,,,,,,,,,,,,,
Q80313,Q65804701,,,,,,,,,,,,,,,,,,,,,,,,,,,,,,,,,,,,,,,,,,,,,
Q80317,Q45509227,,,,,,,,,,,,,,,,,,,,,,,,,,,,,,,,,,,,,,,,,,,,,
Q80320,Q45442857,,,,,,,,,,,,,,,,,,,,,,,,,,,,,,,,,,,,,,,,,,,,,
Q80323,Q45420348,,,,,,,,,,,,,,,,,,,,,,,,,,,,,,,,,,,,,,,,,,,,,
Q80326,Q26197887,,,,,,,,,,,,,,,,,,,,,,,,,,,,,,,,,,,,,,,,,,,,,
Q80329,Q19855121,,,,,,,,,,,,,,,,,,,,,,,,,,,,,,,,,,,,,,,,,,,,,
Q80332,Q26197866,,,,,,,,,,,,,,,,,,,,,,,,,,,,,,,,,,,,,,,,,,,,,
Q80335,Q45466463,,,,,,,,,,,,,,,,,,,,,,,,,,,,,,,,,,,,,,,,,,,,,
Q80338,Q45564967,,,,,,,,,,,,,,,,,,,,,,,,,,,,,,,,,,,,,,,,,,,,,
Q80341,Q45516809,,,,,,,,,,,,,,,,,,,,,,,,,,,,,,,,,,,,,,,,,,,,,
Q80344,Q22813419,,,,,,,,,,,,,,,,,,,,,,,,,,,,,,,,,,,,,,,,,,,,,
Q80347,Q45485638,,,,,,,,,,,,,,,,,,,,,,,,,,,,,,,,,,,,,,,,,,,,,
Q80350,Q45485825,,,,,,,,,,,,,,,,,,,,,,,,,,,,,,,,,,,,,,,,,,,,,
Q80353,Q65804954,,,,,,,,,,,,,,,,,,,,,,,,,,,,,,,,,,,,,,,,,,,,,
Q80356,Q45480851,,,,,,,,,,,,,,,,,,,,,,,,,,,,,,,,,,,,,,,,,,,,,
Q80359,Q45480915,,,,,,,,,,,,,,,,,,,,,,,,,,,,,,,,,,,,,,,,,,,,,
Q80362,Q45480977,,,,,,,,,,,,,,,,,,,,,,,,,,,,,,,,,,,,,,,,,,,,,
Q80365,Q65804987,,,,,,,,,,,,,,,,,,,,,,,,,,,,,,,,,,,,,,,,,,,,,
Q80368,Q45477772,,,,,,,,,,,,,,,,,,,,,,,,,,,,,,,,,,,,,,,,,,,,,
Q80371,Q45554990,,,,,,,,,,,,,,,,,,,,,,,,,,,,,,,,,,,,,,,,,,,,,
Q80374,Q65803947,,,,,,,,,,,,,,,,,,,,,,,,,,,,,,,,,,,,,,,,,,,,,
Q80377,Q45390372,,,,,,,,,,,,,,,,,,,,,,,,,,,,,,,,,,,,,,,,,,,,,
Q80380,Q45422641,,,,,,,,,,,,,,,,,,,,,,,,,,,,,,,,,,,,,,,,,,,,,
Q80383,Q45651736,,,,,,,,,,,,,,,,,,,,,,,,,,,,,,,,,,,,,,,,,,,,,
Q80386,Q45420442,,,,,,,,,,,,,,,,,,,,,,,,,,,,,,,,,,,,,,,,,,,,,
Q80389,Q45420467,,,,,,,,,,,,,,,,,,,,,,,,,,,,,,,,,,,,,,,,,,,,,
Q80392,Q10742819,,,,,,,,,,,,,,,,,,,,,,,,,,,,,,,,,,,,,,,,,,,,,
Q80395,Q45420470,,,,,,,,,,,,,,,,,,,,,,,,,,,,,,,,,,,,,,,,,,,,,
Q80398,Q18234478,,,,,,,,,,,,,,,,,,,,,,,,,,,,,,,,,,,,,,,,,,,,,
Q80401,Q45652302,,,,,,,,,,,,,,,,,,,,,,,,,,,,,,,,,,,,,,,,,,,,,
Q80404,Q45420521,,,,,,,,,,,,,,,,,,,,,,,,,,,,,,,,,,,,,,,,,,,,,
Q80407,Q45654940,,,,,,,,,,,,,,,,,,,,,,,,,,,,,,,,,,,,,,,,,,,,,
Q80410,Q28411104,,,,,,,,,,,,,,,,,,,,,,,,,,,,,,,,,,,,,,,,,,,,,
Q80413,Q45656919,,,,,,,,,,,,,,,,,,,,,,,,,,,,,,,,,,,,,,,,,,,,,
Q80416,Q45658355,,,,,,,,,,,,,,,,,,,,,,,,,,,,,,,,,,,,,,,,,,,,,
Q80419,Q45659184,,,,,,,,,,,,,,,,,,,,,,,,,,,,,,,,,,,,,,,,,,,,,
Q80422,Q45623607,,,,,,,,,,,,,,,,,,,,,,,,,,,,,,,,,,,,,,,,,,,,,
Q80425,Q45623921,,,,,,,,,,,,,,,,,,,,,,,,,,,,,,,,,,,,,,,,,,,,,
Q80428,Q45624925,,,,,,,,,,,,,,,,,,,,,,,,,,,,,,,,,,,,,,,,,,,,,
Q80431,Q45422681,,,,,,,,,,,,,,,,,,,,,,,,,,,,,,,,,,,,,,,,,,,,,
Q80434,Q45625359,,,,,,,,,,,,,,,,,,,,,,,,,,,,,,,,,,,,,,,,,,,,,
Q80437,Q45505275,,,,,,,,,,,,,,,,,,,,,,,,,,,,,,,,,,,,,,,,,,,,,
Q80440,Q45422653,,,,,,,,,,,,,,,,,,,,,,,,,,,,,,,,,,,,,,,,,,,,,
Q80443,Q45637781,,,,,,,,,,,,,,,,,,,,,,,,,,,,,,,,,,,,,,,,,,,,,
Q80446,Q45638274,,,,,,,,,,,,,,,,,,,,,,,,,,,,,,,,,,,,,,,,,,,,,
Q80449,Q45638894,,,,,,,,,,,,,,,,,,,,,,,,,,,,,,,,,,,,,,,,,,,,,
Q80452,Q45630421,,,,,,,,,,,,,,,,,,,,,,,,,,,,,,,,,,,,,,,,,,,,,
Q80455,Q45640593,,,,,,,,,,,,,,,,,,,,,,,,,,,,,,,,,,,,,,,,,,,,,
Q80458,Q45641643,,,,,,,,,,,,,,,,,,,,,,,,,,,,,,,,,,,,,,,,,,,,,
Q80461,Q45641892,,,,,,,,,,,,,,,,,,,,,,,,,,,,,,,,,,,,,,,,,,,,,
Q80464,Q45361384,,,,,,,,,,,,,,,,,,,,,,,,,,,,,,,,,,,,,,,,,,,,,
Q80467,Q45420985,,,,,,,,,,,,,,,,,,,,,,,,,,,,,,,,,,,,,,,,,,,,,
Q80470,Q45672775,,,,,,,,,,,,,,,,,,,,,,,,,,,,,,,,,,,,,,,,,,,,,
Q80473,Q45494254,,,,,,,,,,,,,,,,,,,,,,,,,,,,,,,,,,,,,,,,,,,,,
Q80476,Q45671416,,,,,,,,,,,,,,,,,,,,,,,,,,,,,,,,,,,,,,,,,,,,,
Q80479,Q45533602,,,,,,,,,,,,,,,,,,,,,,,,,,,,,,,,,,,,,,,,,,,,,
Q80482,Q65803955,,,,,,,,,,,,,,,,,,,,,,,,,,,,,,,,,,,,,,,,,,,,,
Q80485,Q45671368,,,,,,,,,,,,,,,,,,,,,,,,,,,,,,,,,,,,,,,,,,,,,
Q80488,Q45534050,,,,,,,,,,,,,,,,,,,,,,,,,,,,,,,,,,,,,,,,,,,,,
Q80491,Q45424541,,,,,,,,,,,,,,,,,,,,,,,,,,,,,,,,,,,,,,,,,,,,,
Q80494,Q45419012,,,,,,,,,,,,,,,,,,,,,,,,,,,,,,,,,,,,,,,,,,,,,
Q80497,Q45529307,,,,,,,,,,,,,,,,,,,,,,,,,,,,,,,,,,,,,,,,,,,,,
Q80500,Q20039939,,,,,,,,,,,,,,,,,,,,,,,,,,,,,,,,,,,,,,,,,,,,,
Q80503,Q55715848,,,,,,,,,,,,,,,,,,,,,,,,,,,,,,,,,,,,,,,,,,,,,
Q80506,Q45391596,,,,,,,,,,,,,,,,,,,,,,,,,,,,,,,,,,,,,,,,,,,,,
Q80509,Q45421409,,,,,,,,,,,,,,,,,,,,,,,,,,,,,,,,,,,,,,,,,,,,,
Q80512,Q45676821,,,,,,,,,,,,,,,,,,,,,,,,,,,,,,,,,,,,,,,,,,,,,
Q80515,Q45679940,,,,,,,,,,,,,,,,,,,,,,,,,,,,,,,,,,,,,,,,,,,,,
Q80518,Q45680035,,,,,,,,,,,,,,,,,,,,,,,,,,,,,,,,,,,,,,,,,,,,,
Q80520,Q45680067,,,,,,,,,,,,,,,,,,,,,,,,,,,,,,,,,,,,,,,,,,,,,
Q80523,Q28409007,,,,,,,,,,,,,,,,,,,,,,,,,,,,,,,,,,,,,,,,,,,,,
Q80527,Q45680132,,,,,,,,,,,,,,,,,,,,,,,,,,,,,,,,,,,,,,,,,,,,,
Q80530,Q45680196,,,,,,,,,,,,,,,,,,,,,,,,,,,,,,,,,,,,,,,,,,,,,
Q80533,Q45680227,,,,,,,,,,,,,,,,,,,,,,,,,,,,,,,,,,,,,,,,,,,,,
Q80536,Q45680260,,,,,,,,,,,,,,,,,,,,,,,,,,,,,,,,,,,,,,,,,,,,,
Q80539,Q45680293,,,,,,,,,,,,,,,,,,,,,,,,,,,,,,,,,,,,,,,,,,,,,
Q80542,Q45680327,,,,,,,,,,,,,,,,,,,,,,,,,,,,,,,,,,,,,,,,,,,,,
Q80544,Q45506048,,,,,,,,,,,,,,,,,,,,,,,,,,,,,,,,,,,,,,,,,,,,,
Q80547,Q45680523,,,,,,,,,,,,,,,,,,,,,,,,,,,,,,,,,,,,,,,,,,,,,
Q80550,Q45680556,,,,,,,,,,,,,,,,,,,,,,,,,,,,,,,,,,,,,,,,,,,,,
Q80553,Q45421377,,,,,,,,,,,,,,,,,,,,,,,,,,,,,,,,,,,,,,,,,,,,,
Q80556,Q45677023,,,,,,,,,,,,,,,,,,,,,,,,,,,,,,,,,,,,,,,,,,,,,
Q80558,Q45677226,,,,,,,,,,,,,,,,,,,,,,,,,,,,,,,,,,,,,,,,,,,,,
Q80560,Q45677494,,,,,,,,,,,,,,,,,,,,,,,,,,,,,,,,,,,,,,,,,,,,,
Q80563,Q45677692,,,,,,,,,,,,,,,,,,,,,,,,,,,,,,,,,,,,,,,,,,,,,
Q80568,Q45677724,,,,,,,,,,,,,,,,,,,,,,,,,,,,,,,,,,,,,,,,,,,,,
Q80571,Q45677758,,,,,,,,,,,,,,,,,,,,,,,,,,,,,,,,,,,,,,,,,,,,,
Q80574,Q45679176,,,,,,,,,,,,,,,,,,,,,,,,,,,,,,,,,,,,,,,,,,,,,
Q80577,Q45679209,,,,,,,,,,,,,,,,,,,,,,,,,,,,,,,,,,,,,,,,,,,,,
Q80580,Q45679242,,,,,,,,,,,,,,,,,,,,,,,,,,,,,,,,,,,,,,,,,,,,,
Q80583,Q45679277,,,,,,,,,,,,,,,,,,,,,,,,,,,,,,,,,,,,,,,,,,,,,
Q80586,Q45679311,,,,,,,,,,,,,,,,,,,,,,,,,,,,,,,,,,,,,,,,,,,,,
Q80589,Q45679346,,,,,,,,,,,,,,,,,,,,,,,,,,,,,,,,,,,,,,,,,,,,,
Q80592,Q45679379,,,,,,,,,,,,,,,,,,,,,,,,,,,,,,,,,,,,,,,,,,,,,
Q80595,Q45679812,,,,,,,,,,,,,,,,,,,,,,,,,,,,,,,,,,,,,,,,,,,,,
Q80598,Q11663939,,,,,,,,,,,,,,,,,,,,,,,,,,,,,,,,,,,,,,,,,,,,,
Q80601,Q45602889,,,,,,,,,,,,,,,,,,,,,,,,,,,,,,,,,,,,,,,,,,,,,
Q80604,Q45604937,,,,,,,,,,,,,,,,,,,,,,,,,,,,,,,,,,,,,,,,,,,,,
Q80607,Q45605191,,,,,,,,,,,,,,,,,,,,,,,,,,,,,,,,,,,,,,,,,,,,,
Q80610,Q45418967,,,,,,,,,,,,,,,,,,,,,,,,,,,,,,,,,,,,,,,,,,,,,
Q80613,Q45421327,,,,,,,,,,,,,,,,,,,,,,,,,,,,,,,,,,,,,,,,,,,,,
Q80616,Q45510292,,,,,,,,,,,,,,,,,,,,,,,,,,,,,,,,,,,,,,,,,,,,,
Q80619,Q45482465,,,,,,,,,,,,,,,,,,,,,,,,,,,,,,,,,,,,,,,,,,,,,
Q80622,Q65803064,,,,,,,,,,,,,,,,,,,,,,,,,,,,,,,,,,,,,,,,,,,,,
Q80625,Q65803908,,,,,,,,,,,,,,,,,,,,,,,,,,,,,,,,,,,,,,,,,,,,,
Q80628,Q45668847,,,,,,,,,,,,,,,,,,,,,,,,,,,,,,,,,,,,,,,,,,,,,
Q80631,Q45632906,,,,,,,,,,,,,,,,,,,,,,,,,,,,,,,,,,,,,,,,,,,,,
Q80634,Q45444780,,,,,,,,,,,,,,,,,,,,,,,,,,,,,,,,,,,,,,,,,,,,,
Q80637,Q45444843,,,,,,,,,,,,,,,,,,,,,,,,,,,,,,,,,,,,,,,,,,,,,
Q80640,Q45676643,,,,,,,,,,,,,,,,,,,,,,,,,,,,,,,,,,,,,,,,,,,,,
Q80643,Q45676507,,,,,,,,,,,,,,,,,,,,,,,,,,,,,,,,,,,,,,,,,,,,,
Q80646,Q45676679,,,,,,,,,,,,,,,,,,,,,,,,,,,,,,,,,,,,,,,,,,,,,
Q80649,Q45676714,,,,,,,,,,,,,,,,,,,,,,,,,,,,,,,,,,,,,,,,,,,,,
Q80652,Q45676787,,,,,,,,,,,,,,,,,,,,,,,,,,,,,,,,,,,,,,,,,,,,,
Q80655,Q45669906,,,,,,,,,,,,,,,,,,,,,,,,,,,,,,,,,,,,,,,,,,,,,
Q80658,Q22814233,,,,,,,,,,,,,,,,,,,,,,,,,,,,,,,,,,,,,,,,,,,,,
Q80661,Q133448059,,,,,,,,,,,,,,,,,,,,,,,,,,,,,,,,,,,,,,,,,,,,,
Q80664,Q10566119,,,,,,,,,,,,,,,,,,,,,,,,,,,,,,,,,,,,,,,,,,,,,
Q80667,Q65800032,,,,,,,,,,,,,,,,,,,,,,,,,,,,,,,,,,,,,,,,,,,,,
Q80670,Q758566,,,,,,,,,,,,,,,,,,,,,,,,,,,,,,,,,,,,,,,,,,,,,
Q80673,Q45421610,,,,,,,,,,,,,,,,,,,,,,,,,,,,,,,,,,,,,,,,,,,,,
Q80676,Q45421611,,,,,,,,,,,,,,,,,,,,,,,,,,,,,,,,,,,,,,,,,,,,,
Q80679,Q45675266,,,,,,,,,,,,,,,,,,,,,,,,,,,,,,,,,,,,,,,,,,,,,
Q80682,Q45421609,,,,,,,,,,,,,,,,,,,,,,,,,,,,,,,,,,,,,,,,,,,,,
Q80685,Q45421613,,,,,,,,,,,,,,,,,,,,,,,,,,,,,,,,,,,,,,,,,,,,,
Q80688,Q45421616,,,,,,,,,,,,,,,,,,,,,,,,,,,,,,,,,,,,,,,,,,,,,
Q80692,Q45421617,,,,,,,,,,,,,,,,,,,,,,,,,,,,,,,,,,,,,,,,,,,,,
Q80695,Q45420110,,,,,,,,,,,,,,,,,,,,,,,,,,,,,,,,,,,,,,,,,,,,,
Q80697,Q45670143,,,,,,,,,,,,,,,,,,,,,,,,,,,,,,,,,,,,,,,,,,,,,
Q80701,Q45670189,,,,,,,,,,,,,,,,,,,,,,,,,,,,,,,,,,,,,,,,,,,,,
Q80705,Q45556681,,,,,,,,,,,,,,,,,,,,,,,,,,,,,,,,,,,,,,,,,,,,,
Q80710,Q45556744,,,,,,,,,,,,,,,,,,,,,,,,,,,,,,,,,,,,,,,,,,,,,
Q80713,Q16239984,,,,,,,,,,,,,,,,,,,,,,,,,,,,,,,,,,,,,,,,,,,,,
Q80719,Q45670281,,,,,,,,,,,,,,,,,,,,,,,,,,,,,,,,,,,,,,,,,,,,,
Q80723,Q45670373,,,,,,,,,,,,,,,,,,,,,,,,,,,,,,,,,,,,,,,,,,,,,
Q80728,Q18905773,,,,,,,,,,,,,,,,,,,,,,,,,,,,,,,,,,,,,,,,,,,,,
Q80732,Q65805664,,,,,,,,,,,,,,,,,,,,,,,,,,,,,,,,,,,,,,,,,,,,,
Q80737,Q45540128,,,,,,,,,,,,,,,,,,,,,,,,,,,,,,,,,,,,,,,,,,,,,
Q80740,Q45626049,,,,,,,,,,,,,,,,,,,,,,,,,,,,,,,,,,,,,,,,,,,,,
Q80743,Q45452826,,,,,,,,,,,,,,,,,,,,,,,,,,,,,,,,,,,,,,,,,,,,,
Q80746,Q45470699,,,,,,,,,,,,,,,,,,,,,,,,,,,,,,,,,,,,,,,,,,,,,
Q80749,Q45496397,,,,,,,,,,,,,,,,,,,,,,,,,,,,,,,,,,,,,,,,,,,,,
Q80752,Q45496464,,,,,,,,,,,,,,,,,,,,,,,,,,,,,,,,,,,,,,,,,,,,,
Q80755,Q45510584,,,,,,,,,,,,,,,,,,,,,,,,,,,,,,,,,,,,,,,,,,,,,
Q80758,Q65805525,,,,,,,,,,,,,,,,,,,,,,,,,,,,,,,,,,,,,,,,,,,,,
Q80767,Q45513500,,,,,,,,,,,,,,,,,,,,,,,,,,,,,,,,,,,,,,,,,,,,,
Q80774,Q45513563,,,,,,,,,,,,,,,,,,,,,,,,,,,,,,,,,,,,,,,,,,,,,
Q80775,Q45664131,,,,,,,,,,,,,,,,,,,,,,,,,,,,,,,,,,,,,,,,,,,,,
Q80777,Q45495247,,,,,,,,,,,,,,,,,,,,,,,,,,,,,,,,,,,,,,,,,,,,,
Q80779,Q45516296,,,,,,,,,,,,,,,,,,,,,,,,,,,,,,,,,,,,,,,,,,,,,
Q80784,Q45664626,,,,,,,,,,,,,,,,,,,,,,,,,,,,,,,,,,,,,,,,,,,,,
Q80789,Q45497760,,,,,,,,,,,,,,,,,,,,,,,,,,,,,,,,,,,,,,,,,,,,,
Q80792,Q45507910,,,,,,,,,,,,,,,,,,,,,,,,,,,,,,,,,,,,,,,,,,,,,
Q80794,Q45639505,,,,,,,,,,,,,,,,,,,,,,,,,,,,,,,,,,,,,,,,,,,,,
Q80796,Q45498211,,,,,,,,,,,,,,,,,,,,,,,,,,,,,,,,,,,,,,,,,,,,,
Q80800,Q45643236,,,,,,,,,,,,,,,,,,,,,,,,,,,,,,,,,,,,,,,,,,,,,
Q80808,Q18907249,,,,,,,,,,,,,,,,,,,,,,,,,,,,,,,,,,,,,,,,,,,,,
Q80812,Q45663530,,,,,,,,,,,,,,,,,,,,,,,,,,,,,,,,,,,,,,,,,,,,,
Q80816,Q10368456,,,,,,,,,,,,,,,,,,,,,,,,,,,,,,,,,,,,,,,,,,,,,
Q80821,Q45682001,,,,,,,,,,,,,,,,,,,,,,,,,,,,,,,,,,,,,,,,,,,,,
Q80825,Q45682033,,,,,,,,,,,,,,,,,,,,,,,,,,,,,,,,,,,,,,,,,,,,,
Q80830,Q45605770,,,,,,,,,,,,,,,,,,,,,,,,,,,,,,,,,,,,,,,,,,,,,
Q80834,Q45605832,,,,,,,,,,,,,,,,,,,,,,,,,,,,,,,,,,,,,,,,,,,,,
Q80839,Q45605895,,,,,,,,,,,,,,,,,,,,,,,,,,,,,,,,,,,,,,,,,,,,,
Q80844,Q45606147,,,,,,,,,,,,,,,,,,,,,,,,,,,,,,,,,,,,,,,,,,,,,
Q80848,Q45489587,,,,,,,,,,,,,,,,,,,,,,,,,,,,,,,,,,,,,,,,,,,,,
Q80853,Q45477320,,,,,,,,,,,,,,,,,,,,,,,,,,,,,,,,,,,,,,,,,,,,,
Q80857,Q45490482,,,,,,,,,,,,,,,,,,,,,,,,,,,,,,,,,,,,,,,,,,,,,
Q80862,Q45490676,,,,,,,,,,,,,,,,,,,,,,,,,,,,,,,,,,,,,,,,,,,,,
Q80866,Q45563759,,,,,,,,,,,,,,,,,,,,,,,,,,,,,,,,,,,,,,,,,,,,,
Q80871,Q10957148,,,,,,,,,,,,,,,,,,,,,,,,,,,,,,,,,,,,,,,,,,,,,
Q80876,Q65803730,,,,,,,,,,,,,,,,,,,,,,,,,,,,,,,,,,,,,,,,,,,,,
Q80880,Q45641830,,,,,,,,,,,,,,,,,,,,,,,,,,,,,,,,,,,,,,,,,,,,,
Q80885,Q45628227,,,,,,,,,,,,,,,,,,,,,,,,,,,,,,,,,,,,,,,,,,,,,
Q80890,Q45563895,,,,,,,,,,,,,,,,,,,,,,,,,,,,,,,,,,,,,,,,,,,,,
Q80894,Q45490227,,,,,,,,,,,,,,,,,,,,,,,,,,,,,,,,,,,,,,,,,,,,,
Q80899,Q45601004,,,,,,,,,,,,,,,,,,,,,,,,,,,,,,,,,,,,,,,,,,,,,
Q80903,Q45601505,,,,,,,,,,,,,,,,,,,,,,,,,,,,,,,,,,,,,,,,,,,,,
Q80908,Q45601568,,,,,,,,,,,,,,,,,,,,,,,,,,,,,,,,,,,,,,,,,,,,,
Q80912,Q45507325,,,,,,,,,,,,,,,,,,,,,,,,,,,,,,,,,,,,,,,,,,,,,
Q80917,Q45527548,,,,,,,,,,,,,,,,,,,,,,,,,,,,,,,,,,,,,,,,,,,,,
Q80922,Q45526911,,,,,,,,,,,,,,,,,,,,,,,,,,,,,,,,,,,,,,,,,,,,,
Q80926,Q45447360,,,,,,,,,,,,,,,,,,,,,,,,,,,,,,,,,,,,,,,,,,,,,
Q80932,Q45619200,,,,,,,,,,,,,,,,,,,,,,,,,,,,,,,,,,,,,,,,,,,,,
Q80936,Q45460317,,,,,,,,,,,,,,,,,,,,,,,,,,,,,,,,,,,,,,,,,,,,,
Q80941,Q45496417,,,,,,,,,,,,,,,,,,,,,,,,,,,,,,,,,,,,,,,,,,,,,
Q80946,Q45638019,,,,,,,,,,,,,,,,,,,,,,,,,,,,,,,,,,,,,,,,,,,,,
Q80950,Q65803301,,,,,,,,,,,,,,,,,,,,,,,,,,,,,,,,,,,,,,,,,,,,,
Q80955,Q20062980,,,,,,,,,,,,,,,,,,,,,,,,,,,,,,,,,,,,,,,,,,,,,
Q80959,Q45549776,,,,,,,,,,,,,,,,,,,,,,,,,,,,,,,,,,,,,,,,,,,,,
Q80964,Q45576154,,,,,,,,,,,,,,,,,,,,,,,,,,,,,,,,,,,,,,,,,,,,,
Q80969,Q26186420,,,,,,,,,,,,,,,,,,,,,,,,,,,,,,,,,,,,,,,,,,,,,
Q80973,Q45549838,,,,,,,,,,,,,,,,,,,,,,,,,,,,,,,,,,,,,,,,,,,,,
Q80978,Q45549963,,,,,,,,,,,,,,,,,,,,,,,,,,,,,,,,,,,,,,,,,,,,,
Q80983,Q45523485,,,,,,,,,,,,,,,,,,,,,,,,,,,,,,,,,,,,,,,,,,,,,
Q80987,Q45464376,,,,,,,,,,,,,,,,,,,,,,,,,,,,,,,,,,,,,,,,,,,,,
Q80992,Q45464437,,,,,,,,,,,,,,,,,,,,,,,,,,,,,,,,,,,,,,,,,,,,,
Q80997,Q45464499,,,,,,,,,,,,,,,,,,,,,,,,,,,,,,,,,,,,,,,,,,,,,
Q81001,Q45550647,,,,,,,,,,,,,,,,,,,,,,,,,,,,,,,,,,,,,,,,,,,,,
Q81006,Q45500507,,,,,,,,,,,,,,,,,,,,,,,,,,,,,,,,,,,,,,,,,,,,,
Q81010,Q45420898,,,,,,,,,,,,,,,,,,,,,,,,,,,,,,,,,,,,,,,,,,,,,
Q81015,Q45493483,,,,,,,,,,,,,,,,,,,,,,,,,,,,,,,,,,,,,,,,,,,,,
Q81020,Q45420904,,,,,,,,,,,,,,,,,,,,,,,,,,,,,,,,,,,,,,,,,,,,,
Q81025,Q45484686,,,,,,,,,,,,,,,,,,,,,,,,,,,,,,,,,,,,,,,,,,,,,
Q81028,Q45489691,,,,,,,,,,,,,,,,,,,,,,,,,,,,,,,,,,,,,,,,,,,,,
Q81031,Q45489820,,,,,,,,,,,,,,,,,,,,,,,,,,,,,,,,,,,,,,,,,,,,,
Q81034,Q45491096,,,,,,,,,,,,,,,,,,,,,,,,,,,,,,,,,,,,,,,,,,,,,
Q81037,Q45491159,,,,,,,,,,,,,,,,,,,,,,,,,,,,,,,,,,,,,,,,,,,,,
Q81040,Q45674866,,,,,,,,,,,,,,,,,,,,,,,,,,,,,,,,,,,,,,,,,,,,,
Q81043,Q45664564,,,,,,,,,,,,,,,,,,,,,,,,,,,,,,,,,,,,,,,,,,,,,
Q81046,Q45421318,,,,,,,,,,,,,,,,,,,,,,,,,,,,,,,,,,,,,,,,,,,,,
Q81049,Q45664457,,,,,,,,,,,,,,,,,,,,,,,,,,,,,,,,,,,,,,,,,,,,,
Q81052,Q65803339,,,,,,,,,,,,,,,,,,,,,,,,,,,,,,,,,,,,,,,,,,,,,
Q81055,Q45577591,,,,,,,,,,,,,,,,,,,,,,,,,,,,,,,,,,,,,,,,,,,,,
Q81058,Q16863939,,,,,,,,,,,,,,,,,,,,,,,,,,,,,,,,,,,,,,,,,,,,,
Q81061,Q104797424,,,,,,,,,,,,,,,,,,,,,,,,,,,,,,,,,,,,,,,,,,,,,
Q81064,Q104797755,,,,,,,,,,,,,,,,,,,,,,,,,,,,,,,,,,,,,,,,,,,,,
Q81067,Q45672831,,,,,,,,,,,,,,,,,,,,,,,,,,,,,,,,,,,,,,,,,,,,,
Q81070,Q45673332,,,,,,,,,,,,,,,,,,,,,,,,,,,,,,,,,,,,,,,,,,,,,
Q81073,Q17239943,,,,,,,,,,,,,,,,,,,,,,,,,,,,,,,,,,,,,,,,,,,,,
Q81076,Q45420611,,,,,,,,,,,,,,,,,,,,,,,,,,,,,,,,,,,,,,,,,,,,,
Q81079,Q45488730,,,,,,,,,,,,,,,,,,,,,,,,,,,,,,,,,,,,,,,,,,,,,
Q81082,Q45488282,,,,,,,,,,,,,,,,,,,,,,,,,,,,,,,,,,,,,,,,,,,,,
Q81085,Q1562415,,,,,,,,,,,,,,,,,,,,,,,,,,,,,,,,,,,,,,,,,,,,,
Q81088,Q45474243,,,,,,,,,,,,,,,,,,,,,,,,,,,,,,,,,,,,,,,,,,,,,
Q81091,Q45474673,,,,,,,,,,,,,,,,,,,,,,,,,,,,,,,,,,,,,,,,,,,,,
Q81094,Q45474801,,,,,,,,,,,,,,,,,,,,,,,,,,,,,,,,,,,,,,,,,,,,,
Q81097,Q45474927,,,,,,,,,,,,,,,,,,,,,,,,,,,,,,,,,,,,,,,,,,,,,
Q81100,Q45474992,,,,,,,,,,,,,,,,,,,,,,,,,,,,,,,,,,,,,,,,,,,,,
Q81103,Q45475055,,,,,,,,,,,,,,,,,,,,,,,,,,,,,,,,,,,,,,,,,,,,,
Q81106,Q45475244,,,,,,,,,,,,,,,,,,,,,,,,,,,,,,,,,,,,,,,,,,,,,
Q81109,Q45475308,,,,,,,,,,,,,,,,,,,,,,,,,,,,,,,,,,,,,,,,,,,,,
Q81112,Q45625578,,,,,,,,,,,,,,,,,,,,,,,,,,,,,,,,,,,,,,,,,,,,,
Q81115,Q65802956,,,,,,,,,,,,,,,,,,,,,,,,,,,,,,,,,,,,,,,,,,,,,
Q81118,Q45475563,,,,,,,,,,,,,,,,,,,,,,,,,,,,,,,,,,,,,,,,,,,,,
Q81121,Q45476455,,,,,,,,,,,,,,,,,,,,,,,,,,,,,,,,,,,,,,,,,,,,,
Q81124,Q45599617,,,,,,,,,,,,,,,,,,,,,,,,,,,,,,,,,,,,,,,,,,,,,
Q81127,Q65803664,,,,,,,,,,,,,,,,,,,,,,,,,,,,,,,,,,,,,,,,,,,,,
Q81130,Q45641327,,,,,,,,,,,,,,,,,,,,,,,,,,,,,,,,,,,,,,,,,,,,,
Q81133,Q65803773,,,,,,,,,,,,,,,,,,,,,,,,,,,,,,,,,,,,,,,,,,,,,
Q81136,Q45668336,,,,,,,,,,,,,,,,,,,,,,,,,,,,,,,,,,,,,,,,,,,,,
Q81139,Q45615501,,,,,,,,,,,,,,,,,,,,,,,,,,,,,,,,,,,,,,,,,,,,,
Q81142,Q7967386,,,,,,,,,,,,,,,,,,,,,,,,,,,,,,,,,,,,,,,,,,,,,
Q81145,Q1567159,,,,,,,,,,,,,,,,,,,,,,,,,,,,,,,,,,,,,,,,,,,,,
Q81148,Q45614099,,,,,,,,,,,,,,,,,,,,,,,,,,,,,,,,,,,,,,,,,,,,,
Q81151,Q8251261,,,,,,,,,,,,,,,,,,,,,,,,,,,,,,,,,,,,,,,,,,,,,
Q81154,Q8251337,,,,,,,,,,,,,,,,,,,,,,,,,,,,,,,,,,,,,,,,,,,,,
Q81157,Q8254993,,,,,,,,,,,,,,,,,,,,,,,,,,,,,,,,,,,,,,,,,,,,,
Q81160,Q5163345,,,,,,,,,,,,,,,,,,,,,,,,,,,,,,,,,,,,,,,,,,,,,
Q81163,Q16904245,,,,,,,,,,,,,,,,,,,,,,,,,,,,,,,,,,,,,,,,,,,,,
Q81166,Q16903982,,,,,,,,,,,,,,,,,,,,,,,,,,,,,,,,,,,,,,,,,,,,,
Q81169,Q9889,,,,,,,,,,,,,,,,,,,,,,,,,,,1420152,,,,,,,,,,,,,,,,,,
Q81172,Q9891,,,,,,,,,,,,,,,,,,,,,,,,,,,1420150,,,,,,,,,,,,,,,,,,
Q81175,Q10332436,,,,,,,,,,,,,,,,,,,,,,,,,,,,,,,,,,,,,,,,,,,,,
Q81178,Q11095349,,,,,,,,,,,,,,,,,,,,,,,,,,,,,,,,,,,,,,,,,,,,,
Q81181,Q10332483,,,,,,,,,,,,,,,,,,,,,,,,,,,,,,,,,,,,,,,,,,,,,
Q81184,Q11095359,,,,,,,,,,,,,,,,,,,,,,,,,,,,,,,,,,,,,,,,,,,,,
Q81187,Q10332536,,,,,,,,,,,,,,,,,,,,,,,,,,,,,,,,,,,,,,,,,,,,,
Q81189,Q11095378,,,,,,,,,,,,,,,,,,,,,,,,,,,,,,,,,,,,,,,,,,,,,
Q81192,Q10883787,,,,,,,,,,,,,,,,,,,,,,,,,,,,,,,,,,,,,,,,,,,,,
Q81195,Q10917639,,,,,,,,,,,,,,,,,,,,,,,,,,,,,,,,,,,,,,,,,,,,,
Q81198,Q10946421,,,,,,,,,,,,,,,,,,,,,,,,,,,,,,,,,,,,,,,,,,,,,
Q81201,Q11087543,,,,,,,,,,,,,,,,,,,,,,,,,,,,,,,,,,,,,,,,,,,,,
Q81204,Q11087575,,,,,,,,,,,,,,,,,,,,,,,,,,,,,,,,,,,,,,,,,,,,,
Q81207,Q11089713,,,,,,,,,,,,,,,,,,,,,,,,,,,,,,,,,,,,,,,,,,,,,
Q81210,Q11131874,,,,,,,,,,,,,,,,,,,,,,,,,,,,,,,,,,,,,,,,,,,,,
Q81213,Q16603654,,,,,,,,,,,,,,,,,,,,,,,,,,,,,,,,,,,,,,,,,,,,,
Q81216,Q16603678,,,,,,,,,,,,,,,,,,,,,,,,,,,,,,,,,,,,,,,,,,,,,
Q81220,Q45552962,,,,,,,,,,,,,,,,,,,,,,,,,,,,,,,,,,,,,,,,,,,,,
Q81224,Q45553085,,,,,,,,,,,,,,,,,,,,,,,,,,,,,,,,,,,,,,,,,,,,,
Q81227,Q45686328,,,,,,,,,,,,,,,,,,,,,,,,,,,,,,,,,,,,,,,,,,,,,
Q81230,Q8251329,,,,,,,,,,,,,,,,,,,,,,,,,,,,,,,,,,,,,,,,,,,,,
Q81233,Q65809071,,,,,,,,,,,,,,,,,,,,,,,,,,,,,,,,,,,,,,,,,,,,,
Q81236,Q10563349,,,,,,,,,,,,,,,,,,,,,,,,,,,,,,,,,,,,,,,,,,,,,
Q81239,Q45517541,,,,,,,,,,,,,,,,,,,,,,,,,,,,,,,,,,,,,,,,,,,,,
Q81242,Q8059904,,,,,,,,,,,,,,,,,,,,,,,,,,,,,,,,,,,,,,,,,,,,,
Q81245,Q45507154,,,,,,,,,,,,,,,,,,,,,,,,,,,,,,,,,,,,,,,,,,,,,
Q81248,Q7967743,,,,,,,,,,,,,,,,,,,,,,,,,,,,,,,,,,,,,,,,,,,,,
Q81251,Q7967610,,,,,,,,,,,,,,,,,,,,,,,,,,,,,,,,,,,,,,,,,,,,,
Q81254,Q7967611,,,,,,,,,,,,,,,,,,,,,,,,,,,,,,,,,,,,,,,,,,,,,
Q81257,Q8255886,,,,,,,,,,,,,,,,,,,,,,,,,,,,,,,,,,,,,,,,,,,,,
Q81260,Q11096479,,,,,,,,,,,,,,,,,,,,,,,,,,,,,,,,,,,,,,,,,,,,,
Q81263,Q18906878,,,,,,,,,,,,,,,,,,,,,,,,,,,,,,,,,,,,,,,,,,,,,
Q81266,Q8059908,,,,,,,,,,,,,,,,,,,,,,,,,,,,,,,,,,,,,,,,,,,,,
Q81269,Q45482857,,,,,,,,,,,,,,,,,,,,,,,,,,,,,,,,,,,,,,,,,,,,,
Q81272,Q45483301,,,,,,,,,,,,,,,,,,,,,,,,,,,,,,,,,,,,,,,,,,,,,
Q81275,Q45483744,,,,,,,,,,,,,,,,,,,,,,,,,,,,,,,,,,,,,,,,,,,,,
Q81278,Q45483811,,,,,,,,,,,,,,,,,,,,,,,,,,,,,,,,,,,,,,,,,,,,,
Q81281,Q45483872,,,,,,,,,,,,,,,,,,,,,,,,,,,,,,,,,,,,,,,,,,,,,
Q81284,Q45539184,,,,,,,,,,,,,,,,,,,,,,,,,,,,,,,,,,,,,,,,,,,,,
Q81287,Q45496933,,,,,,,,,,,,,,,,,,,,,,,,,,,,,,,,,,,,,,,,,,,,,
Q81290,Q45500409,,,,,,,,,,,,,,,,,,,,,,,,,,,,,,,,,,,,,,,,,,,,,
Q81293,Q45642748,,,,,,,,,,,,,,,,,,,,,,,,,,,,,,,,,,,,,,,,,,,,,
Q81296,Q45642930,,,,,,,,,,,,,,,,,,,,,,,,,,,,,,,,,,,,,,,,,,,,,
Q81299,Q45642992,,,,,,,,,,,,,,,,,,,,,,,,,,,,,,,,,,,,,,,,,,,,,
Q81302,Q45643051,,,,,,,,,,,,,,,,,,,,,,,,,,,,,,,,,,,,,,,,,,,,,
Q81305,Q45643112,,,,,,,,,,,,,,,,,,,,,,,,,,,,,,,,,,,,,,,,,,,,,
Q81308,Q45635304,,,,,,,,,,,,,,,,,,,,,,,,,,,,,,,,,,,,,,,,,,,,,
Q81311,Q45378296,,,,,,,,,,,,,,,,,,,,,,,,,,,,,,,,,,,,,,,,,,,,,
Q81314,Q45632307,,,,,,,,,,,,,,,,,,,,,,,,,,,,,,,,,,,,,,,,,,,,,
Q81317,Q45632368,,,,,,,,,,,,,,,,,,,,,,,,,,,,,,,,,,,,,,,,,,,,,
Q81320,Q45479958,,,,,,,,,,,,,,,,,,,,,,,,,,,,,,,,,,,,,,,,,,,,,
Q81323,Q45480023,,,,,,,,,,,,,,,,,,,,,,,,,,,,,,,,,,,,,,,,,,,,,
Q81326,Q45480089,,,,,,,,,,,,,,,,,,,,,,,,,,,,,,,,,,,,,,,,,,,,,
Q81329,Q45480152,,,,,,,,,,,,,,,,,,,,,,,,,,,,,,,,,,,,,,,,,,,,,
Q81331,Q45519701,,,,,,,,,,,,,,,,,,,,,,,,,,,,,,,,,,,,,,,,,,,,,
Q81335,Q45602879,,,,,,,,,,,,,,,,,,,,,,,,,,,,,,,,,,,,,,,,,,,,,
Q81338,Q45603009,,,,,,,,,,,,,,,,,,,,,,,,,,,,,,,,,,,,,,,,,,,,,
Q81341,Q45603139,,,,,,,,,,,,,,,,,,,,,,,,,,,,,,,,,,,,,,,,,,,,,
Q81344,Q45603206,,,,,,,,,,,,,,,,,,,,,,,,,,,,,,,,,,,,,,,,,,,,,
Q81347,Q45378289,,,,,,,,,,,,,,,,,,,,,,,,,,,,,,,,,,,,,,,,,,,,,
Q81350,Q45378413,,,,,,,,,,,,,,,,,,,,,,,,,,,,,,,,,,,,,,,,,,,,,
Q81353,Q20063291,,,,,,,,,,,,,,,,,,,,,,,,,,,,,,,,,,,,,,,,,,,,,
Q81356,Q45687251,,,,,,,,,,,,,,,,,,,,,,,,,,,,,,,,,,,,,,,,,,,,,
Q81359,Q45687282,,,,,,,,,,,,,,,,,,,,,,,,,,,,,,,,,,,,,,,,,,,,,
Q81362,Q18909117,,,,,,,,,,,,,,,,,,,,,,,,,,,,,,,,,,,,,,,,,,,,,
Q81365,Q65809037,,,,,,,,,,,,,,,,,,,,,,,,,,,,,,,,,,,,,,,,,,,,,
Q81368,Q45543470,,,,,,,,,,,,,,,,,,,,,,,,,,,,,,,,,,,,,,,,,,,,,
Q81371,Q45543534,,,,,,,,,,,,,,,,,,,,,,,,,,,,,,,,,,,,,,,,,,,,,
Q81374,Q45543597,,,,,,,,,,,,,,,,,,,,,,,,,,,,,,,,,,,,,,,,,,,,,
Q81377,Q45543658,,,,,,,,,,,,,,,,,,,,,,,,,,,,,,,,,,,,,,,,,,,,,
Q81380,Q45543722,,,,,,,,,,,,,,,,,,,,,,,,,,,,,,,,,,,,,,,,,,,,,
Q81383,Q45543787,,,,,,,,,,,,,,,,,,,,,,,,,,,,,,,,,,,,,,,,,,,,,
Q81386,Q45543851,,,,,,,,,,,,,,,,,,,,,,,,,,,,,,,,,,,,,,,,,,,,,
Q81389,Q45543916,,,,,,,,,,,,,,,,,,,,,,,,,,,,,,,,,,,,,,,,,,,,,
Q81392,Q65804159,,,,,,,,,,,,,,,,,,,,,,,,,,,,,,,,,,,,,,,,,,,,,
Q81395,Q45542501,,,,,,,,,,,,,,,,,,,,,,,,,,,,,,,,,,,,,,,,,,,,,
Q81398,Q45418954,,,,,,,,,,,,,,,,,,,,,,,,,,,,,,,,,,,,,,,,,,,,,
Q81401,Q45418962,,,,,,,,,,,,,,,,,,,,,,,,,,,,,,,,,,,,,,,,,,,,,
Q81404,Q45656410,,,,,,,,,,,,,,,,,,,,,,,,,,,,,,,,,,,,,,,,,,,,,
Q81407,Q45656713,,,,,,,,,,,,,,,,,,,,,,,,,,,,,,,,,,,,,,,,,,,,,
Q81410,Q65806111,,,,,,,,,,,,,,,,,,,,,,,,,,,,,,,,,,,,,,,,,,,,,
Q81413,Q45543310,,,,,,,,,,,,,,,,,,,,,,,,,,,,,,,,,,,,,,,,,,,,,
Q81416,Q45552916,,,,,,,,,,,,,,,,,,,,,,,,,,,,,,,,,,,,,,,,,,,,,
Q81419,Q45552979,,,,,,,,,,,,,,,,,,,,,,,,,,,,,,,,,,,,,,,,,,,,,
Q81422,Q45631993,,,,,,,,,,,,,,,,,,,,,,,,,,,,,,,,,,,,,,,,,,,,,
Q81425,Q45632056,,,,,,,,,,,,,,,,,,,,,,,,,,,,,,,,,,,,,,,,,,,,,
Q81428,Q45519645,,,,,,,,,,,,,,,,,,,,,,,,,,,,,,,,,,,,,,,,,,,,,
Q81432,Q11571518,,,,,,,,,,,,,,,,,,,,,,,,,,,,,,,,,,,,,,,,,,,,,
Q81436,Q19653931,,,,,,,,,,,,,,,,,,,,,,,,,,,,,,,,,,,,,,,,,,,,,
Q81439,Q45419691,,,,,,,,,,,,,,,,,,,,,,,,,,,,,,,,,,,,,,,,,,,,,
Q81442,Q45419689,,,,,,,,,,,,,,,,,,,,,,,,,,,,,,,,,,,,,,,,,,,,,
Q81445,Q45610532,,,,,,,,,,,,,,,,,,,,,,,,,,,,,,,,,,,,,,,,,,,,,
Q81448,Q45610591,,,,,,,,,,,,,,,,,,,,,,,,,,,,,,,,,,,,,,,,,,,,,
Q81451,Q45570351,,,,,,,,,,,,,,,,,,,,,,,,,,,,,,,,,,,,,,,,,,,,,
Q81454,Q18907248,,,,,,,,,,,,,,,,,,,,,,,,,,,,,,,,,,,,,,,,,,,,,
Q81457,Q45614561,,,,,,,,,,,,,,,,,,,,,,,,,,,,,,,,,,,,,,,,,,,,,
Q81460,Q45454382,,,,,,,,,,,,,,,,,,,,,,,,,,,,,,,,,,,,,,,,,,,,,
Q81463,Q45544944,,,,,,,,,,,,,,,,,,,,,,,,,,,,,,,,,,,,,,,,,,,,,
Q81466,Q45605771,,,,,,,,,,,,,,,,,,,,,,,,,,,,,,,,,,,,,,,,,,,,,
Q81469,Q45544882,,,,,,,,,,,,,,,,,,,,,,,,,,,,,,,,,,,,,,,,,,,,,
Q81472,Q11534319,,,,,,,,,,,,,,,,,,,,,,,,,,,,,,,,,,,,,,,,,,,,,
Q81475,Q71121137,,,,,,,,,,,,,,,,,,,,,,,,,,,,,,,,,,,,,,,,,,,,,
Q85820,Q189582,,,,,,,,,,34504556,,,,,,,,,,,,,,,,,32379,,,,,,,,,,,,,,,,,,
Q111570,Q333676,,,,,,,,,,8031122,,,,,,,,,,,,,,,,,316435,,p=ordono alfonso;n=de leon;oc=2,,,,,,,,,,,,p15273.htm#i152722,Ordoño_II_of_León_(1),,Asturias-26,I00120392
Q111971,Q333627,,,,,,,,,,,,,,,,,,,,,,,,,,,229636,,p=ordono ramiriz;n=de leon;oc=3,,,,,,,,,,,,p15273.htm#i152726,Ordoño_III_of_León_(1),,León-146,I00106639
Q113335,Q260831,,,,,,,,,,,,,,,,,,,,,,,,,,,77288,,p=munia elvira sanchez;n=de castilla,,,,,,,,,,,,p11331.htm#i113307|p42007.htm#i420069|p11331.htm#i113303,Mayor_of_Castile_(1),,Castilla-47,I00093522
Q113389,Q334861,,,,,,,,,,,,,,,,,,,,,,,,,,,998890,,p=muhammad ibn abi amir;n=.,,,,,,,,,,,,,Al-Mansur_Ibn_Abi_Aamir_(1),,,I00196667
Q113661,Q6,,,,,,,,,,,,,,,,,,,,,,,,,,,,,,,,,,,,,,,,,,,,,
Q113977,Q1847459,,,,,,,,,,,,,,,,,,,,,,,,,,,46962|918069,,p=sancha afonso;n=de leon,,,,,,,,,,,,p11331.htm#i113310,Sancha_of_León_(1),,León-132,I00093525
Q114044,Q10326043,,,,,,,,,,,,,,,,,,,,,,,,,,,220987,,p=maria paes;n=da ribeira,,,,,,,,,,,,,Maria_Paez_(1),,Páez_Riveyra-1,I00299914|I00639165
Q114268,Q3327274,,,,,,,,,,,,,,,,,,,,,,,,,,,839385,,p=pedro froiaz;n=de trava,,,,,,,,,,,,,Conde_Froilaz_(1)|Pedro_De_Trava_(1),,Froilaz_de_Traba-1,I00552049
Q114318,Q62394052,,,,,,,,,,,,,,,,,,,,,,,,,,,839464|229648,,p=elvira diaz;n=de saldana,,,,,,,,,,,,p70084.htm#i700836,Elvira_Diaz-de-Saldana_(1),,Saldaña-22,I00106635
Q115039,Q3044,,alvin-person:32828,,,,,,LZ62-TSV,Charlemagne_(747-814),6623,1181500410,,,,,,,I2491,,,,,,person/A4591A97-50D8-44D7-8AE3-896773303317,,,8601,,p=charles;n=de+herstal,,,dw.7689,,,,,,,,,p10107.htm#i101064,Charlemagne_(1),,Carolingian-77,I00000001
Q118255,Q2745448,,,,,,,,,,8192215,,,,,,,,,,,,,,,,,47084,,p=constance;n=de bourgogne,,,sw.980525,,,,,,,,,p11333.htm#i113321,Constance_of_Burgundy_(1),,Capet-641,I00020897
Q118257,Q128701,,,,,,,,,,,,,,,,,,,,,,,,,,,11730,,p=urraca;n=de castilla,,,sg.137695,,,,,,,,,p11332.htm#i113318,Urraca_of_León_(1),,Castilla-25,I00020531
Q118262,Q4705507,,,,,,,,,,,,,,,,,,,,,,,,,,,918704,,p=sancho alfonsez;n=de castilla,,,,,,,,,,,,,Sancho_Alfonsez_(3),,,I00324364
Q118363,Q521492,,,,,,,,,,,,,,,,,,,,,,,,,,,221010,,p=alfonso telliz;n=de menezes;oc=1,,,,,,,,,,,,,Senhor_Telez_(1),,Meneses-22,I00299916
Q118403,Q234234,,,,,,,,,,,,,,,,,,,,,,,,,,,12865,,p=mahaut;n=di savoia,,,sg.139123,,,,,,,,,p11429.htm#i114285,Maud_of_Savoy_(1),,Savoie-399,I00020557
Q118429,Q2351549,,,,,,,,,,,,,,,,,,,,,,,,,,,644282|28215,,p=henri;n=de bourgogne,,,,,,,,,,,,p11413.htm#i114124,Henri_de_Bourgogne_(2),,Bourgogne-46,I00020161
Q118485,Q10290608,,,,,,,,,,,,,,,,,,,,,,,,,,,,,,,,,,,,,,,,,,Goncalo_Rodrigues-da-Palmeira_(1),,Da_Palmeira-1,I00346830
Q118569,Q3940033,,,,,,,,,,,,,,,,,,,,,,,,,,,,,,,,,,,,,,,,,,,,,
Q118603,Q6751540,,,,,,,,,,,,,,,,,,,,,,,,,,,478144,,p=manrique perez;n=de lara,,,,,,,,,,,,p40139.htm#i401389,Manrique_de_Lara_(1),,Perez_de_Lara-4,I00126919
Q118679,Q561182,,,,,,,,,,,,,,,,,,,,,,,,,,,472089,,p=alphonse;n=de toulouse;oc=1,,,,,,,,,,,,p2025.htm#i20248,Alfonso_Jordan_(1),,Toulouse-128,I00065049
Q118743,Q382339,,,,,,,,,,,,,,,,,,,,,,,,,,,138088|702392,,p=guillaume;n=d aquitaine;oc=5,,,dw.473,,,,,,,,,p388.htm#i3872,Guillaume_V_d'Aquitaine_(1),,Aquitaine-18,I00020504
Q118849,Q5444910,,,,,,,,,,,,,,,,,,,,,,,,,,,,,p=fernando rodriguez;n=de castro,,,,,,,,,,,,,Fernando_Rodríguez_de_Castro_(1),,,I00515017
Q119014,Q1943555,,,,,,,,,,,,,,,,,,,,,,,,,,,,,,,,,,,,,,,,,,,,,
Q119016,Q263791,,,,,,,,,,,,,,,,,,,,,,,,,,,,,,,,,,,,,,,,,,,,Bint_'Umar-1,
Q119018,Q3595927,,,,,,,,,,,,,,,,,,,,,,,,,,,,,,,,,,,,,,,,,,,,Bint_al-Harith-1,
Q119020,Q4730963,,,,,,,,,,,,,,,,,,,,,,,,,,,228917,,,,,,,,,,,,,,,,,Bint_Abi_Bakr-1,
Q119022,Q144396,,,,,,,,,,,,,,,,,,,,,,,,,,,844577,,,,,,,,,,,,,,,,,,
Q119024,Q263829,,,,,,,,,,,,,,,,,,,,,,,,,,,,,,,,,,,,,,,,,,,,Bint_Huyayy-1,
Q119026,Q144394,,,,,,,,,,,,,,,,,,,,,,,,,,,,,,,,,,,,,,,,,,,,Bint_Khuzayma-1,
Q119028,Q42104,,,,,,,,,,,,,,,,,,,,,,,,,,,,,,,,,,,,,,,,,,,,,
Q119030,Q2138599,,,,,,,,,,,,,,,,,,,,,,,,,,,,,,,,,,,,,,,,,,,,,
Q119032,Q465845,,,,,,,,,,,,,,,,,,,,,,,,,,,,,,,,,,,,,,,,,,,,Bint_Zayd-1,
Q119034,Q263779,,,,,,,,,,,,,,,,,,,,,,,,,,,,,,,,,,,,,,,,,,,,Al-Qibtiyya-1,
Q120233,Q3101141,,,,,,,,,,,,,,,,,,,,,,,,,,,,,p=geoffroi grenonat;n=de rennes,,,,,,,,,,,,,Geoffroy_Grenonat_(1),,,
Q120235,Q56085065,,,,,,,,,,,,,,,,,,,,,,,,,,,108149,,p=agnes;n=de cornouailles,,,,,,,,,,,,p4047.htm#i40464,Agnes_De_Cornouailles_(1),,Cornwall-31,I00293975
Q120237,Q2067294,,,,,,,,,,,,,,,,,,,,,,,,,,,147424,,p=alain;n=de penthievre;oc=1,,,,,,,,,,,,,Alan_Rufus_(1),,Rufus-1,I00612628
Q120239,Q2670176,,,,,,,,,,,,,,,,,,,,,,,,,,,108148,,p=etienne;n=de penthievre;oc=1,,,,,,,,,,,,p4047.htm#i40466,Etienne_de_Bretagne_(1)|Etienne_Unknown_(6),,Bretagne-99,I00293976
Q120241,Q2068520,,,,,,,,,,,,,,,,,,,,,,,,,,,147580,,p=geoffroy;n=de penthievre,,,,,,,,,,,,p4049.htm#i40482,Geoffrey_Ribald_(1),,De_Brittany-9,I00612658
Q120245,Q23580640,,,,,,,,,,,,,,,,,,,,,,,,,,,147433,,p=alain;n=de penthievre;oc=2,,,,,,,,,,,,,Alain_de_Bretagne_(1),,De_Penthièvre-8,I00612663
Q120249,Q97570424,,,,,,,,,,,,,,,,,,,,,,,,,,,,,p=bardolf;n=of ravensworth,,,,,,,,,,,,,Bardulf_Unknown_(1),,Penthièvre-10,I00326797
Q120251,Q8128880,,,,,,,,,,,,,,,,,,,,,,,,,,,141786,,p=turchetil;n=de turqueville,,,,,,,,,,,,p39213.htm#i392122,Turchetil_de_Tourville_(1),,Harcourt-22,I00028871
Q120253,Q75903567,,,,,,,,,,,,,,,,,,,,,,,,,,,1006723,,p=anceline;n=de montfort;oc=1,,,,,,,,,,,,p39326.htm#i393259,,,Montfort-22,I00028868
Q120255,Q1820503,,,,,,,,,,,,,,,,,,,,,,,,,,,140676,,p=adelaide;n=de soissons;oc=1,,,,,,,,,,,,p41568.htm#i415675,Adélaïde_Bar-sur-Aube_(1),,De_Soissons-24,I00636363
Q120257,Q2181506,,,,,,,,,,,,,,,,,,,,,,,,,,,,,p=renaud;n=de soissons;oc=2,,,,,,,,,,,,,,,De_Soissons-25,I00636364
Q120259,Q1899350,,,,,,,,,,,,,,,,,,,,,,,,,,,739703,,p=jean;n=de soissons;oc=3,,,,,,,,,,,,,,,Eu-41,I00636365
Q120261,Q28441350,,,,,,,,,,,,,,,,,,,,,,,,,,,,,p=manasses;n=d eu,,,,,,,,,,,,,,,De_Soissons-27,I00636366
Q120263,Q110520578,,,,,,,,,,,,,,,,,,,,,,,,,,,910165,,p=ne;n=de soissons|p=ramentrude;n=de soissons,,,,,,,,,,,,,Ramentrude_d'Eu_(1),,De_Soissons-28,I00120728
Q120265,Q1188440,,,,,,,,,,,,,,,,,,,,,,,,,,,,,p=robert;n=de mortain;oc=3,,,,,,,,,,,,p70419.htm#i704182,,,,I00421118
Q120267,Q1188760,,,,,,,,,,,,,,,,,,,,,,,,,,,1084749,,p=godefroi;n=de conversano,,,,,,,,,,,,p10250.htm#i102494,"Geoffrey,_Count_of_Conversano_(1)",,Conversana-2,I00330706
Q120269,Q48803621,,,,,,,,,,,,,,,,,,,,,,,,,,,,,p=guida;n=di sorrente,,,,,,,,,,,,p70419.htm#i704185,,,Salerno-106,
Q120271,Q110581651,,,,,,,,,,,,,,,,,,,,,,,,,,,,,p=gaitelgrima;n=di salerno,,,,,,,,,,,,,Gaitelgrima_of_Salerno_(1),,Salerno-104,I00028051
Q120273,Q3757385,,,,,,,,,,,,,,,,,,,,,,,,,,,,,,,,,,,,,,,,,p21943.htm#i219425,Altrude_of_Salerno_(1),,Di_Salerno-1,
Q120275,Q1527396,,,,,,,,,,,,,,,,,,,,,,,,,,,584955,,p=richard;n=de hauteville;oc=1,,,,,,,,,,,,p21942.htm#i219412,Richard_of_Hauteville_(1),,Hauteville-32,
Q120277,Q76346703,,,,,,,,,,,,,,,,,,,,,,,,,,,,,,,,,,,,,,,,,p70419.htm#i704190,,,,
Q120279,Q1084542,,,,,,,,,,,,,,,,,,,,,,,,,,,584943,,p=abelard;n=de hauteville,,,,,,,,,,,,,Abelard_of_Hauteville_(1),,,
Q120281,Q1084512,,,,,,,,,,,,,,,,,,,,,,,,,,,584948,,,,,,,,,,,,,,,Herman_of_Hauteville_(1),,,
Q120283,Q1706387,,,,,,,,,,,,,,,,,,,,,,,,,,,1084774,,p=serlon;n=de hauteville;oc=1,,,,,,,,,,,,p70418.htm#i704177,,,,
Q120285,Q21197903,,,,,,,,,,,,,,,,,,,,,,,,,,,1132310,,p=ne;n=n;oc=43779,,,,,,,,,,,,p70421.htm#i704203,Mary_of_Sorrento_(1),,Salerno-81,I00595756
Q120289,Q982684,,,,,,,,,,,,,,,,,,,,,,,,,,,702775,,p=ricardo;n=quarrel drengot,,,,,,,,,,,,p70424.htm#i704233,Richard_I_of_Capua_(1),,Aversa-5,
Q120291,Q1095078,,,,,,,,,,,,,,,,,,,,,,,,,,,,,p=giordano;n=quarrel drengot,,,,,,,,,,,,,Jordan_I_of_Capua_(1),,,
Q120293,Q1094933,,,,,,,,,,,,,,,,,,,,,,,,,,,,,,,,,,,,,,,,,,"Jonathan,_Count_of_Carinola_(1)",,,
Q120295,Q124272308,,,,,,,,,,,,,,,,,,,,,,,,,,,,,,,,,,,,,,,,,,Limpiasa_of_Capua_(1),,,
Q120297,Q2994976,,,,,,,,,,,,,,,,,,,,,,,,,,,,,p=constantinos;n=humbertopoulos,,,,,,,,,,,,,,,,
Q120299,Q76068811,,,,,,,,,,,,,,,,,,,,,,,,,,,,,,,,,,,,,,,,,p50868.htm#i508680,,,,
Q120301,Q632396,,,,,,,,,,,,,,,,,,,,,,,,,,,308550,,p=archambaud;n=de comborn;oc=1,,,,,,,,,,,,,Archambaud_Unknown_(1)|Archambaud_Unknown_(10),,Rouergue-16,I00139562
Q120302,Q110578319,,,,,,,,,,,,,,,,,,,,,,,,,,,308554,,p=sulpicie;n=de turenne,,,,,,,,,,,,,Suplice_De_Turenne_(1),,Turenne-27,I00139563
Q120304,Q115436949,,,,,,,,,,,,,,,,,,,,,,,,,,,1088029,,p=bernard;n=de comborn;oc=1,,,,,,,,,,,,,,,Comborn-2,I00139555
Q120306,Q5331880,,,,,,,,,,,,,,,,,,,,,,,,,,,1088083,,p=ebles;n=de ventadour;oc=1,,,,,,,,,,,,,Eble_I_of_Ventadorn_(1),,,I00196974
Q120308,Q27958565,,,,,,,,,,,,,,,,,,,,,,,,,,,920916,,p=gauthier;n=de saint valery,,,,,,,,,,,,,Gauthier_Unknown_(11),,St_Valéry-17,I00314186
Q120310,Q64682504,,,,,,,,,,,,,,,,,,,,,,,,,,,623315,,,,,,,,,,,,,,,Gilbert_d'Auffray_(1),,Auffay-2,
Q120312,Q101167301,,,,,,,,,,,,,,,,,,,,,,,,,,,623326,,p=ada;n=de hugleville,,,,,,,,,,,,,Ada_Hugleville_(1),,Heugleville-1,I00139677
Q120314,Q61807294,,,,,,,,,,,,,,,,,,,,,,,,,,,,,p=adelise;n=de clermont,,,,,,,,,,,,p15843.htm#i158429,Gunnora_Aunou_(1),,,I00106209
Q120318,Q811187,,,,,,,,9S9P-HNZ,,,,,,,,,,,,,,,,,,,141721,,p=baudouin;n=de brionne,,,,,,,,,,,,,Baldwin_FitzGilbert_(1),,Brionne-22,
Q120320,Q117275377,,,,,,,,,,,,,,,,,,,,,,,,,,,130147,,p=adele;n=de brionne,,,,,,,,,,,,,Adele_De_Eu_(1),,Brionne-23,
Q120324,Q75322562,,,,,,,,,,,,,,,,,,,,,,,,,,,8717,,,,,,,,,,,,,,p6243.htm#i62429,Lludger_Billung_(1),,Sachsen-17,
Q120326,Q65967131,,,,,,,,,,,,,,,,,,,,,,,,,,,,,,,,,,,,,,,,,,,,,
Q120328,Q819720,,,,,,,,,,,,,,,,,,,,,,,,,,,144725,,p=otto;n=de verdun,,,,,,,,,,,,,,,Lorraine-5,I00120951
Q120330,Q122259732,,,,,,,,,,,,,,,,,,,,,,,,,,,127165,,p=gisele;n=de luxembourg,,,,,,,,,,,,,Gisela_Unknown_(35),,Luxembourg-20,I00092004
Q120332,Q471758,,,,,,,,,,,,,,,,,,,,,,,,,,,8730,,p=thierry;n=de hollande;oc=3,,,sw.212963,,,,,,,,,p15049.htm#i150483,"Dirk_III,_Count_of_Holland_(1)",,Holland-1139,I00091843
Q120334,Q122381214,,,,,,,,,,,,,,,,,,,,,,,,,,,8729,,,,,,,,,,,,,,,Siegfried_of_Holland_(1),,Holland-909,I00104700
Q120336,Q76298670,,,,,,,,,,,,,,,,,,,,,,,,,,,790831|143938,,p=hedwige;n=von nordgau,,,,,,,,,,,,p67169.htm#i671682,,,,I00280737
Q120338,Q76240000,,,,,,,,,,,,,,,,,,,,,,,,,,,924221,,p=hermengarde;n=de flandre,,,,,,,,,,,,p62942.htm#i629415,Ermengarde_De_Flanders_(1),,Flandre-8,
Q120340,Q76355972,,,,,,,,,,,,,,,,,,,,,,,,,,,391536,,p=ne;n=de flandre,,,,,,,,,,,,p70902.htm#i709011,,,Von_Flandern-4,
Q120342,Q2014842,,,,,,,,,,,,,,,,,,,,,,,,,,,8724|138998,,p=frederic;n=de verdun,,,sw.213174,,,,,,,,,p47324.htm#i473233,Frédéric_Unknown_(1),,Verdun-56,
Q120344,Q206332,,,,,,,,,,,,,,,,,,,,,,,,,,,8721,,p=hermann;n=de basse lorraine,,,,,,,,,,,,p47324.htm#i473238|p53223.htm#i532228,Hermann_de_Verdun_(1),,Verdun-14,I00121017
Q120350,Q1673040,,,,,,,,,,,,,,,,,,,,,,,,,,,8722,,p=irmgarde;n=de basse lorraine,,,,,,,,,,,,p67319.htm#i673185|p47325.htm#i473245,Ermengarde_de_Verdun_(1),,Verdun-51,I00726528
Q120352,Q2823899,,,,,,,,,,,,,,,,,,,,,,,,,,,,,p=adalberon;n=de basse lorraine;oc=1,,,,,,,,,,,,p41477.htm#i414769,Adalbero_Unknown_(3),,,
Q120354,Q116150060,,,,,,,,,,,,,,,,,,,,,,,,,,,8719,,p=gerberge;n=de basse lorraine;oc=1,,,,,,,,,,,,,Gerberge_de_Verdun_(1),,,I00106519
Q120356,Q33234804,,,,,,,,,,,,,,,,,,,,,,,,,,,8725,,,,,,,,,,,,,,,,,Verdun-81,
Q120358,Q347198,,,,,,,,,,,,,,,,,,,,,,,,,,,,,p=adalberon;n=de laon,,,,,,,,,,,,p47326.htm#i473255,,,,
Q120360,Q3142608,,,,,,,,,,,,,,,,,,,,,,,,,,,158023,,,,,,,,,,,,,,p67253.htm#i672522|p53223.htm#i532225,Hugo_of_Nordgau_(1),,Alsace-118,I00627989
Q120362,Q76299680,,,,,,,,,,,,,,,,,,,,,,,,,,,,,,,,,,,,,,,,,p67239.htm#i672382,Hildegarde_de_Ferrette_(1),,Ferrette-1,I00627990
Q120366,Q24524086,,,,,,,,,,,,,,,,,,,,,,,,,,,,,p=eberhard;n=de nordgau;oc=2,,,,,,,,,,,,,,,,
Q120368,Q76300099,,,,,,,,,,,,,,,,,,,,,,,,,,,,,,,,,,,,,,,,,p67274.htm#i672731,,,,
Q120370,Q76300864,,,,,,,,,,,,,,,,,,,,,,,,,,,,,,,,,,,,,,,,,p67332.htm#i673320,,,,
Q120372,Q457679,,,,,,,,,,,,,,,,,,,,,,,,,,,434599,,p=kanzelin;n=von altenberg,,,,,,,,,,,,p67267.htm#i672670,Lanzelin_Von_Habsburg_(1),,Altenburg-105,I00060845
Q120374,Q76300536,,,,,,,,,,,,,,,,,,,,,,,,,,,488133,,p=luitgard;n=von nellenburg,,,,,,,,,,,,p67309.htm#i673086,Luitgard_Von_Thurgau_(2),,Thurgau-1,I00112682
Q120376,Q328400,,,,,,,,,,,,,,,,,,,,,,,,,,,488142,,p=werner;n=von altenburg;oc=1,,,,,,,,,,,,p67268.htm#i672679,Werner_von_Habsburg_(1),,Altenburg-34,I00371463
Q120378,Q1332128,,,,,,,,,,,,,,,,,,,,,,,,,,,488143,,p=rudolf;n=von altenburg;oc=1,,,,,,,,,,,,p67268.htm#i672678,,,Altenburg-35,I00371464
Q120380,Q110260518,,,,,,,,,,,,,,,,,,,,,,,,,,,,,p=ulrich;n=von lenzburg,,,,,,,,,,,,,,,Lenzburg-5,I00371468
Q120382,Q110260544,,,,,,,,,,,,,,,,,,,,,,,,,,,,,p=rudolf;n=von lenzburg,,,,,,,,,,,,,,,,
Q120384,Q110260467,,,,,,,,,,,,,,,,,,,,,,,,,,,1248445,,p=arnold;n=von lenzburg baden;oc=1,,,,,,,,,,,,,,,Lenzburg-4,
Q120386,Q116005051,,,,,,,,,,,,,,,,,,,,,,,,,,,488221,,p=reginlinde;n=von nellenburg;oc=1,,,,,,,,,,,,,Regulinde_Von_Nellenburg_(1),,Nellenburg-1,I00060851
Q120388,Q1274441,,,,,,,,,,,,,,,,,,,,,,,,,,,488227,,p=albrecht;n=von habsburg;oc=2,,,,,,,,,,,,,,,,I00371470
Q120392,Q116005031,,,,,,,,,,,,,,,,,,,,,,,,,,,,,p=ida;n=von habsburg,,,,,,,,,,,,,,,,I00201879
Q120394,Q116150054,,,,,,,,,,,,,,,,,,,,,,,,,,,,,,,,,,,,,,,,,,,,,I00106514
Q120396,Q116150058,,,,,,,,,,,,,,,,,,,,,,,,,,,,,,,,,,,,,,,,,,,,,I00106515
Q120398,Q116150052,,,,,,,,,,,,,,,,,,,,,,,,,,,8643,,p=folmar;n=de bliesgau;oc=1,,,,,,,,,,,,,Folmar_de_Metz_(1),,,I00106518
Q120400,Q119267542,,,,,,,,,,,,,,,,,,,,,,,,,,,,,p=sophie;n=de mousson;oc=1,,,,,,,,,,,,,Sophie_De_Bar_(3)|Sophie_Montbelliard_(1),,DeMousson-1,I00426926
Q120408,Q197511,,,,,,,,,,,,,,,,,,,,,,,,,,,,,,,,,,,,,,,,,,"Frederick,_Margrave_of_Tuscany_(1)",,,
Q120410,Q76207648,,,,,,,,,,,,,,,,,,,,,,,,,,,134949,,p=judith;n=de luxembourg;oc=11,,,sw.212932,,,,,,,,,p60445.htm#i604442,Jutte_de_Luxembourg_(1),,Niederlothringen-1,I00050320
Q120412,Q111367930,,,,,,,,,,,,,,,,,,,,,,,,,,,,,p=wallon;n=de vergy,,,,,,,,,,,,,,,,
Q120414,Q103563066,,,,,,,,,,,,,,,,,,,,,,,,,,,,,,,,,,,,,,,,,,,,,I00120929
Q120418,Q2468779,,,,,,,,,,,,,,,,,,,,,,,,,,,,,p=roger;n=de hainaut,,,,,,,,,,,,p53224.htm#i532233,,,,I00426908
Q120420,Q76102491,,,,,,,,,,,,,,,,,,,,,,,,,,,,,p=gertrude;n=de hainaut,,,,,,,,,,,,p53224.htm#i532234,,,,I00426909
Q120422,Q1851967,,,,,,,,,,,,,,,,,,,,,,,,,,,323445,,p=renaud;n=de nevers;oc=2,,,,,,,,,,,,p380.htm#i3793,Renaud_II_de_Nevers_(1),,Nevers-8,I00029104
Q120424,Q76010797,,,,,,,,,,,,,,,,,,,,,,,,,,,590092,,p=ermengarde;n=de nevers;oc=1,,,,,,,,,,,,p46546.htm#i465458,Ermengarde_De_Nevers_(1),,Nevers-43,I00139986
Q120426,Q30731305,,,,,,,,,,,,,,,,,,,,,,,,,,,,,p=robert;n=de nevers;oc=1,,,,,,,,,,,,p48322.htm#i483213,,,V.Auxerre-1,
Q120428,Q1417829,,,,,,,,,,,,,,,,,,,,,,,,,,,320216,,p=guillaume;n=de nevers,,,,,,,,,,,,p48322.htm#i483214,Unknown_Guillaume_(9),,De_Tonnerre-8,I00120898
Q120430,Q76034468,,,,,,,,,,,,,,,,,,,,,,,,,,,1084796,,p=helvise;n=de nevers,,,,,,,,,,,,p48331.htm#i483309,,,Nevers-106,
Q120432,Q110578151,,,,,,,,,,,,,,,,,,,,,,,,,,,856837,,p=havoise;n=de sable,,,,,,,,,,,,,Avoise_de_Sablé_(1),,Sablé-12,I00559534
Q120436,Q3435466,,,,,,,,,,,,,,,,,,,,,,,,,,,,,p=robert;n=de sable,,,,,,,,,,,,,Robert_Unknown_(40),,Nevers-52,I00559536
Q120438,Q110603012,,,,,,,,,,,,,,,,,,,,,,,,,,,,,p=geoffroy;n=de semur;oc=2,,,,,,,,,,,,,Geoffroy_de_Semur_(1),,Semur-13,I00197226
Q120440,Q108369,,,,,,,,,,,,,,,,,,,,,,,,,,,,,,,,,,,,,,,,,,,,,
Q120444,Q204351,,,,,,,,MXWH-HJ8,,,,,,,,,,I4783,,,,,,,,,111101,,p=elisabeth;n=capetiens;oc=1,,,sw.213608,,,,,,,,,p10466.htm#i104653,Elizabeth_de_Vermandois_(1),,Vermandois-357,I00015375
Q120446,Q2287996,,,,,,,,,,,,,,,,,,,,,,,,,,,,,,,,,,,,,,,,,,Simon_de_Vermandois_(1),,Vermandois-302,
Q120450,Q107361350,,,,,,,,,,,,,,,,,,,,,,,,,,,,,p=constance;n=de vermandois;oc=4,,,,,,,,,,,,,Constance_De_Vermandois_(1),,Vermandois-253,
Q120452,Q102860000,,,,,,,,,Agnes de Vermandois (1083-aft1125),,,,,,,,,,,,,,,,,,574027,,p=agnes;n=de vermandois,,,,,,,,,,,,,Agnes_de_Vermandois_(1),,Vermandois-139,I00382264
Q120454,Q378226,,,,,,,,,,,,,,,,,,,,,,,,,,,924300,,p=arnoul;n=de flandre;oc=3,,,,,,,,,,,,p4050.htm#i40498,"Arnulf_III,_Count_of_Flanders_(1)|Unknown_Arnulf_(1)",,Flandre-62,I00018670
Q120456,Q75290932,,,,,,,,,,,,,,,,,,,,,,,,,,,924295,,,,,,,,,,,,,,p4211.htm#i42106,,,,I00120773
Q120458,Q16198957,,,,,,,,,,,,,,,,,,,,,,,,,,,146516,,p=gilbert;n=de gand,,,,,,,,,,,,p66330.htm#i663292,Gilbert_Gant_(1),,Gant-296,I00092005
Q120462,Q3104402,,,,,,,,,,,,,,,,,,,,,,,,,,,282149,,p=gertrude;n=de flandre,,,sw.212000,,,,,,,,,p4245.htm#i42443,Gertrude_De_Flandre_(1),,Flandre-13,I00026283
Q120464,Q13636118,,,,,,,,,,,,,,,,,,,,,,,,,,,905168,,,,,,,,,,,,,,p4212.htm#i42112,Philippe_de_Flandres_(1),,Flanders-214,I00105969
Q120466,Q75290956,,,,,,,,,,,,,,,,,,,,,,,,,,,924302,,,,,,,,,,,,,,p4213.htm#i42124,,,Flandre-58,I00105968
Q120468,Q75290938,,,,,,,,,,,,,,,,,,,,,,,,,,,,,,,,,,,,,,,,,p4212.htm#i42113,,,Flandre-59,
Q120472,Q2150924,,,,,,,,,,,,,,,,,,,,,,,,,,,,,p=eudes;n=de dammartin,,,,,,,,,,,,,,,,
Q120474,Q2449360,,,,,,,,,,,,,,,,,,,,,,,,,,,,,p=guillaume;n=de ponthieu;oc=1,,,,,,,,,,,,p1544.htm#i15438,Guillaume_De_Montreuil_(1),,Ponthieu-59,
Q120476,Q76079652,,,,,,,,,,,,,,,,,,,,,,,,,,,,,p=maud;n=de boulogne;oc=1,,,,,,,,,,,,p51598.htm#i515971,,,,
Q120478,Q76239998,,,,,,,,,,,,,,,,,,,,,,,,,,,,,p=hersende;n=de ramerupt,,,,,,,,,,,,p62942.htm#i629414,,,,
Q120484,Q1187399,,,,,,,,,,,,,,,,,,,,,,,,,,,644294,,p=guy;n=de ponthieu;oc=1,,,,,,,,,,,,,Guy_I_of_Ponthieu_(1),,Ponthieu-19,I00177488
Q120490,Q110603013,,,,,,,,,,,,,,,,,,,,,,,,,,,,,p=ne;n=dalmatii,,,,,,,,,,,,,Unknown_de_Brioude_(1),,Briode-1,I00036186
Q120492,Q115596377,,,,,,,,,,,,,,,,,,,,,,,,,,,,,p=renard;n=de semur,,,,,,,,,,,,,Renaund_de_Semur_(1),,,I00198145
Q120494,Q110520567,,,,,,,,,,,,,,,,,,,,,,,,,,,580940,,,,,,,,,,,,,,,,,,I00139705
Q120496,Q66756245,,,,,,,,,,,,,,,,,,,,,,,,,,,580931,,p=herve;n=de donzy;oc=6,,,,,,,,,,,,,Herve_Unknown_(2),,Donzy-7,I00139706
Q120498,Q4181142,,,,,,,,,,,,,,,,,,,,,,,,,,,1370862,,p=geoffroy;n=de donzy;oc=4,,,,,,,,,,,,,,,,
Q120500,Q3285259,,,,,,,,,,,,,,,,,,,,,,,,,,,,,p=manasses;n=de sens,,,,,,,,,,,,,,,Troyes-4,
Q120502,Q3088388,,,,,,,,,,,,,,,,,,,,,,,,,,,323455,,p=fromond;n=de sens;oc=1,,,,,,,,,,,,,Fromond_Unknown_(1),,Sens-42,I00559464
Q120506,Q2943017,,,,,,,,,,,,,,,,,,,,,,,,,,,913415,,p=catuallon;n=de rennes,,,,,,,,,,,,,Unknown_Catuallon_(1),,Bretagne-79,
Q120510,Q100441975,,,,,,,,,,,,,,,,,,,,,,,,,,,129786,,p=volsia;n=n;oc=4091,,,,,,,,,,,,,Unknown_(24548),,Susa-21,I00535013
Q120512,Q3613894,,,,,,,,,,,,,,,,,,,,,,,,,,,1192360,,p=amedeo;n=di ivrea,,,,,,,,,,,,,,,,
Q120514,Q53957,,,,,,,,,,,,,,,,,,,,,,,,,,,,,,,,,,,,,,,,,,,,,
Q120516,Q571179,,,,,,,,,,,,,,,,,,,,,,,,,,,146122,,,,,,,,,,,,,,p15059.htm#i150581,Gothelo_II_of_Lower_Lorraine_(1),,Duke_of_Lower_Lorraine-4,I00164684
Q120518,Q42172,,,,,,,,,,,,,,,,,,,,,,,,,,,,,,,,,,,,,,,,,,,,,
Q120522,Q2288787,,,,,,,,,,,,,,,,,,,,,,,,,,,8751|90478,,p=regelinde;n=lorraine,,,sw.212580,,,,,,,,,p395.htm#i3946,Regelinde_de_Lotharingie_(1),,Lotharingia-38,I00027131
Q120524,Q1372322,,,,,,,,,,,,,,,,,,,,,,,,,,,579136,,p=guglielmo;n=miagro,,,,,,,,,,,,,"William_I,_Marquess_of_Montferrat_(1)",,Montferrat-16,I00634008
Q120526,Q2252942,,,,,,,,,,,,,,,,,,,,,,,,,,,574035,,p=ottone;n=degli aleramici;oc=1,,,,,,,,,,,,,"Otto_I,_Marquess_of_Montferrat_(1)",,Montferrat-12,I00634004
Q120528,Q936188,,,,,,,,,,,,,,,,,,,,,,,,,,,579456,,p=guglielmo;n=degli aleramici,,,,,,,,,,,,,"William_II,_Marquess_of_Montferrat_(1)",,,I00740970
Q120530,Q12272094,,,,,,,,,,,,,,,,,,,,,,,,,,,574039,,p=anselmo;n=degli aleramici;oc=1,,,,,,,,,,,,,Anselm_of_Liguria_(1),,Saluzzo-29,I00740967
Q120532,Q116471984,,,,,,,,,,,,,,,,,,,,,,,,,,,1423781,,p=heraclius;n=de brioude,,,,,,,,,,,,,,,Gévaudan-18,I00571854
Q120534,Q116471985,,,,,,,,,,,,,,,,,,,,,,,,,,,,,p=gode;n=n,,,,,,,,,,,,,,,,I00571855
Q120536,Q85512147,,,,,,,,,,,,,,,,,,,,,,,,,,,1084935,,p=ebles;n=de poitiers,,,,,,,,,,,,,Ebalus_Poitiers_(1),,Aquitaine-190,
Q120542,Q2416251,,,,,,,,,,,,,,,,,,,,,,,,,,,471031,,,,,,,,,,,,,,,,,Sigurdsson-45,
Q120544,Q131623927,,,,,,,,,,,,,,,,,,,,,,,,,,,,,,,,,,,,,,,,,,,,,
Q120552,Q101003192,,,,,,,,,,,,,,,,,,,,,,,,,,,,,,,,,,,,,,,,,,,,,
Q120556,Q16726155,,,,,,,,,,,,,,,,,,,,,,,,,,,142757,,p=grelod;n=of caithness,,,,,,,,,,,,,Grelad_Unknown_(1)|Grelod_De_Caithness_(2),,Duncansdatter-3,
Q120566,Q6130312,,,,,,,,,,,,,,,,,,,,,,,,,,,,,,,,,,,,,,,,,,,,,
Q120568,Q76068807,,,,,,,,,,,,,,,,,,,,,,,,,,,,,,,,,,,,,,,,,p50868.htm#i508677,,,Crispin-3,
Q120576,Q113535405,,,,,,,,,,,,,,,,,,,,,,,,,,,141036,,p=ne;n=de bretagne,,,,,,,,,,,,,Adalind_Bretagne_(1),,Bretagne-2,
Q120578,Q971319,,,,,,,,,,,,,,,,,,,,,,,,,,,,,,,,,,,,,,,,,,"Judicael,_Duke_of_Brittany_(1)",,UNKNOWN-75507,
Q120580,Q115634087,,,,,,,,,,,,,,,,,,,,,,,,,,,738177,,p=nicolas;n=de rumigny;oc=2,,,,,,,,,,,,,Nicolas_Unknown_(5),,Rumigny-10,I00027424
Q120582,Q3039384,,,,,,,,,,,,,,,,,,,,,,,,,,,500099,,p=dreux;n=de boves,,,,,,,,,,,,,Dreux_de_Boves_(1),,Boves-2,I00028256
Q120584,Q113461625,,,,,,,,,,,,,,,,,,,,,,,,,,,140677|1092787,,p=yves;n=de beaumont sur oise;oc=2,,,,,,,,,,,,,Yves_Beaumont_(8),,Bellomontensis-1,
Q120586,Q56682425,,,,,,,,,,,,,,,,,,,,,,,,,,,306157,,p=ermengarde;n=de choisy,,,,,,,,,,,,,Ermengarde_De_Choisy_(1),,Choisy-1,I00027553
Q120588,Q57466251,,,,,,,,,,,,,,,,,,,,,,,,,,,500095,,p=melisende;n=de crecy,,,,,,,,,,,,p450.htm#i4500,Melisende_De_Crecy_(1),,Montlhéry-9,I00028236
Q120590,Q106686447,,,,,,,,,,,,,,,,,,,,,,,,,,,,,p=ide;n=de hainaut,,,,,,,,,,,,,Ida_De_Hainault_(1),,Hainaut-52,I00028239
Q120592,Q1342990,,,,,,,,,,,,,,,,,,,,,,,,,,,472445,,p=enguerrand;n=de coucy;oc=2,,,,,,,,,,,,p450.htm#i4497,Enguerrand_II_de_Coucy_(1),,Coucy-21,I00028227
Q120594,Q2157645,,,,,,,,,,,,,,,,,,,,,,,,,,,982416,,p=robert;n=de coucy,,,,,,,,,,,,,Robert_Boves_(1),,,I00028241|I00482403
Q120596,Q106686364,,,,,,,,,,,,,,,,,,,,,,,,,,,,,p=ide;n=de coucy,,,,,,,,,,,,,,,Coucy-41,I00028245
Q120598,Q111698962,,,,,,,,,,,,,,,,,,,,,,,,,,,,,p=beatrix;n=de coucy,,,,,,,,,,,,,,,,I00028246
Q120600,Q111699019,,,,,,,,,,,,,,,,,,,,,,,,,,,1093023,,p=melisende;n=de coucy,,,,,,,,,,,,,Melisende_De_Coucy_(1),,Coucy-24,I00028248
Q120602,Q958918,,,,,,,,,,,,,,,,,,,,,,,,,,,309946,,p=gui;n=de montlhery;oc=1,,,sw.212871,,,,,,,,,p40567.htm#i405668|p24821.htm#i248201,Guy_I_of_Montlhéry_(1),,Montlhéry-18,I00106272
Q120604,Q3139023,,,,,,,,MWBC-XS5,,,,,,,,,,,,,,,,,,,309947,,p=hodierne;n=de gometz,,,sw.214014,,,,,,,,,p40567.htm#i405669,Hodierne_De_Gometz_(2),,Gometz-2,I00106273
Q120606,Q463887,,,,,,,,,,,,,,,,,,,,,,,,,,,309945,,p=milon;n=de montlhery;oc=1,,,,,,,,,,,,,Milo_I_of_Montlhéry_(1),,Montlhéry-14,I00106096
Q120608,Q1553735,,,,,,,,,,,,,,,,,,,,,,,,,,,1272019,,p=guy;n=de rochefort;oc=1,,,,,,,,,,,,,Gui_I_de_Rochefort_(1)|Guy_De_Rochefort_(1),,Montlhéry-12,I00106268
Q120610,Q2929504,,,,,,,,,,,,,,,,,,,,,,,,,,,323530,,p=ne;n=de rochefort;oc=2,,,,,,,,,,,,,Beatrix_De_Monthlhery_(1),,Montlhéry-11,I00120975
Q120611,Q2746373,,,,,,,,,,,,,,,,,,,,,,,,,,,389192,,,,,,,,,,,,,,,,,,
Q120612,Q15649012,,,,,,,,,,,,,,,,,,,,,,,,,,,323439,,p=elisabeth;n=de montlhery;oc=1,,,,,,,,,,,,p24820.htm#i248200,Isabel_Montlhery_(1),,Montlhéry-23,I00028680
Q120614,Q15649521,,,,,,,,,,,,,,,,,,,,,,,,,,,,,p=alix;n=de montlhery,,,,,,,,,,,,p40567.htm#i405667,Alix_de_Montlhéry_(1),,Montlhéry-16,I00199408
Q120616,Q53116,,,,,,,,,,,,,,,,,,,,,,,,,,,396850,,p=morphia;n=de melitene,,,sw.212734,,,,,,,,,p508.htm#i5071,Morphia_of_Melitene_(1),,Melitene-2,I00076234
Q120618,Q53114,,,,,,,,,,,,,,,,,,,,,,,,,,,,,p=hodierne;n=de rethel;oc=1,,,,,,,,,,,,,Hodierna_of_Tripoli_(1),,Tripoli-3,I00416719
Q120620,Q53101,,,,,,,,,,,,,,,,,,,,,,,,,,,472437,,p=yvette;n=de rethel,,,,,,,,,,,,,Ioveta_of_Bethany_(1),,,I00337621
Q120622,Q76371343,,,,,,,,,,,,,,,,,,,,,,,,,,,499983,,p=elizabeth;n=de rethel,,,,,,,,,,,,p71782.htm#i717817,,,Rethel-2,I00199646
Q120624,Q2240201,,,,,,,,,,,,,,,,,,,,,,,,,,,500131,,p=eudes;n=de vitry,,,,,,,,,,,,,Eudes_de_Vitry_(1),,Vitré-18,I00076231
Q120626,Q1609957,,,,,,,,,,,,,,,,,,,,,,,,,,,918871,,p=heribrand;n=de hierges,,,,,,,,,,,,,Héribrand_II_of_Hierges_(1),,Saussure-2,I00198369
Q120628,Q550310,,,,,,,,,,,,,,,,,,,,,,,,,,,,,p=roger;n=de hauteville;oc=10,,,,,,,,,,,,p70421.htm#i704202,Roger_of_Salerno_(1),,,I00595754
Q120630,Q1398284,,,,,,,,,,,,,,,,,,,,,,,,,,,918870,,p=manasses;n=de hierges,,,,,,,,,,,,,Manasses_of_Hierges_(1),,Saussure-3,I00106164
Q120632,Q561348,,,,,,,,,,,,,,,,,,,,,,,,,,,108212|1371285,,p=alain;n=de vannes;oc=1,,,,,,,,,,,,,"Alan_I,_King_of_Brittany_(1)",,Vannes-17,I00139574
Q120634,Q100327204,,,,,,,,,,,,,,,,,,,,,,,,,,,307904,,p=ohurgen;n=de cornouaille,,,,,,,,,,,,,Orequen_De_Rennes_(12),,Bretagne-38,I00139575
Q120636,Q6677631,,,,,,,,,,,,,,,,,,,,,,,,,,,913401,,p=judith;n=n;oc=3,,,,,,,,,,,,,,,,I00020242
Q120638,Q3187967,,,,,,,,,,,,,,,,,,,,,,,,,,,307900,,p=judicael;n=de nantes,,,,,,,,,,,,,Judicael_De_Nantes_(1),,Nantes-12,I00326843
Q120640,Q4500639,,,,,,,,,,,,,,,,,,,,,,,,,,,913405,,p=hoel;n=bastard de nantes;oc=2,,,,,,,,,,,,,,,,
Q120642,Q20089466,,,,,,,,,,,,,,,,,,,,,,,,,,,913403,,p=aremberge;n=d ancenis,,,,,,,,,,,,,,,,
Q120644,Q2045863,,,,,,,,,,,,,,,,,,,,,,,,,,,913404,,p=alain;n=de nantes,,,,,,,,,,,,p15039.htm#i150388,,,,
Q120646,Q17622265,,,,,,,,,,,,,,,,,,,,,,,,,,,140103,,p=bouchard;n=de montmorency;oc=3,,,,,,,,,,,,p73110.htm#i731092,Bouchard_III_de_Montmorency_(1),,Montmorency-1,I00474785
Q120648,Q758529,,,,,,,,,,,,,,,,,,,,,,,,,,,1206238,,,,,,,,,,,,,,,,,,
Q120650,Q110578326,,,,,,,,,,,,,,,,,,,,,,,,,,,,,,,,,,,,,,,,,,,,,I00076104
Q120652,Q28406849,,,,,,,,,,,,,,,,,,,,,,,,,,,170977,,p=nocher;n=de bar sur aube;oc=2,,,,,,,,,,,,,Nocher_Bar_Sur_Aube_(2),,Bar-sur-Aube-11,I00141443
Q120654,Q106154754,,,,,,,,,,,,,,,,,,,,,,,,,,,304037,,p=nocher;n=de bar sur aube;oc=3,,,,,,,,,,,,,Nocher_Bar_Sur_Aube_(1),,Bar-sur-Aube-7,I00141446
Q120656,Q2449423,,,,,,,,,,,,,,,,,,,,,,,,,,,,,p=guy;n=de soissons;oc=3,,,,,,,,,,,,,,,De_Soissons-23,
Q120658,Q75255649,,,,,,,,,,,,,,,,,,,,,,,,,,,,,,,,,,,,,,,,,p1544.htm#i15437,Mahaut_De_Crequy_(1),,Crequy-3,
Q120662,Q1318373,,,,,,,,,,,,,,,,,,,,,,,,,,,381612,,,,,,,,,,,,,,p59221.htm#i592203,Rutger_of_Cleves_(2),,Von_Kleve-3,I00550725
Q120664,Q2642212,,,,,,,,,,,,,,,,,,,,,,,,,,,486564,,p=gerhard;n=d antoing;oc=1,,,,,,,,,,,,p59221.htm#i592204,Gerard_Von_Wassenberg_(6),,Von_Wassenberg-12,
Q120668,Q220799,,,,,,,,,,,,,,,,,,,,,,,,person/50DD2A83-A5F1-4F7C-A1C7-EA25937E2E87,,,8714,,p=bernhard bilung;n=von sachsen;oc=1,,,dw.164,,,,,,,,,,"Bernard_I,_Duke_of_Saxony_(1)",,Billung-17,I00020358
Q120670,Q13829031,,,,,,,,,,,,,,,,,,,,,,,,,,,486607,,,,,,,,,,,,,,,Meginhard_van_Hamaland_(1),,,
Q120672,Q2608448,,,,,,,,,,,,,,,,,,,,,,,,,,,8664|486615,,,,,,,,,,,,,,,Geva_Van_Friesland_(1),,Van_Hamaland-1,
Q120674,Q804771,,,,,,,,,,,,,,,,,,,,,,,,,,,,,,,,,,,,,,,,,p17524.htm#i175232,,,,I00571866
Q120676,Q2365053,,,,,,,,,,,,,,,,,,,,,,,,,,,169160,,,,,,,,,,,,,,p59091.htm#i590909,Immed_IV_van_Hamaland_(1),,,I00571687
Q120678,Q2567410,,,,,,,,,,,,,,,,,,,,,,,,,,,135893,,,,,,,,,,,,,,p59092.htm#i590912,Diederik_van_Hamaland_(1),,,I00571867
Q120680,Q463997,,,,,,,,,,,,,,,,,,,,,,,,,,,,,,,,,,,,,,,,,,,,,I00571688
Q120682,Q2383921,,,,,,,,,,,,,,,,,,,,,,,,,,,150061|722311,,,,,,,,,,,,,,p62943.htm#i629425,,,,I00571888
Q120684,Q467551,,,,,,,,,,,,,,,,,,,,,,,,,,,,,,,,,,,,,,,,,p62943.htm#i629426,,,Of_Lesum-1,
Q120688,Q122380400,,,,,,,,,,,,,,,,,,,,,,,,,,,8664,,p=geva;n=de hamaland,,,,,,,,,,,,,Geva_Van_Friesland_(1),,Holland-980,I00091838
Q120690,Q75811050,,,,,,,,,,,,,,,,,,,,,,,,,,,,,,,,,,,,,,,,,p34376.htm#i343753,Adalbert_De_Gand_(1),,Gant-298,
Q120692,Q75558716,,,,,,,,,,,,,,,,,,,,,,,,,,,140719,,p=mathilde;n=de boulogne;oc=1,,,,,,,,,,,,p21199.htm#i211988,Mahaud_Boulogne_(1),,Boulogne-27,I00561929
Q120694,Q2650880,,,,,,,,,,,,,,,,,,,,,,,,,,,135070,,p=raoul;n=de guines;oc=1,,,,,,,,,,,,p21199.htm#i211985,Count_Rudolph_(1)|Raoul_Guines_(1),,Guînes-26,I00079575
Q120702,Q61737244,,,,,,,,,,,,,,,,,,,,,,,,,,,304004,,p=pavia;n=n,,,sw.214163,,,,,,,,,,Pavia_Unknown_(4),,Unknown-309651,I00050028
Q120704,Q288034,,,,,,,,KCXK-S69,,,,,,,,,,,,,,,,,,,260771,,p=herbert;n=de vermandois;oc=4,,,sw.213045,,,,,,,,,p11359.htm#i113583,"Herbert_IV,_Count_of_Vermandois_(1)",,Vermandois-4,I00050025
Q120706,Q65127210,,,,,,,,,,,,,,,,,,,,,,,,,,,,,,,,,,,,,,,,,,,,,
Q120708,Q109100402,,,,,,,,,,,,,,,,,,,,,,,,,,,,,p=hugues;n=de broyes;oc=1,,,,,,,,,,,,,,,Broyes-2,I00139471
Q120710,Q347191,,,,,,,,,,,,,,,,,,,,,,,,,,,682457,,p=adalbero;n=von eppenstein,,,,,,,,,,,,,Adalbero_Carinthia_(4),,,
Q120712,Q55713978,,,,,,,,,,,,,,,,,,,,,,,,,,,,,,,,,,,,,,,,,,,,,
Q120714,Q3435462,,,,,,,,,,,,,,,,,,,,,,,,,,,307500,,p=robert;n=d auvergne;oc=8,,,,,,,,,,,,,Robert_de_Clermont_(1),,Auvergne-14,I00122066
Q120716,Q2884086,,,,,,,,,,,,,,,,,,,,,,,,,,,305455,,p=guy;n=d auvergne;oc=1,,,,,,,,,,,,,,,Auvergne-79,I00122064
Q120718,Q3435451,,,,,,,,,,,,,,,,,,,,,,,,,,,,,p=robert;n=d auvergne;oc=13,,,,,,,,,,,,,,,,
Q120720,Q65129731,,,,,,,,,,,,,,,,,,,,,,,,,,,,,p=etienne;n=d auvergne,,,,,,,,,,,,,Etienne_Unknown_(8),,,
Q120722,Q116007139,,,,,,,,,,,,,,,,,,,,,,,,,,,,,,,,,,,,,,,,,,,,,I00177506
Q120724,Q706730,,,,,,,,,,,,,,,,,,,,,,,,,,,131769|291583,,p=alberto azzo;n=d este;oc=2,,,dw.8959,,,,,,,,,p884.htm#i8833,"Albert_Azzo_II,_Margrave_of_Milan_(1)",,Este-18,I00020474
Q120726,Q1385641,,,,,,,,,,,,,,,,,,,,,,,,,,,702766,,p=hugues;n=d este;oc=1,,,sw.212603,,,,,,,,,p70421.htm#i704208,Hugh_V_of_Maine_(1),,Maine-130,I00735334
Q120728,Q530743,,,,,,,,,,,,,,,,,,,,,,,,,,,404365,,p=foulques;n=d este;oc=1,,,dw.8962,,,,,,,,,p70421.htm#i704209,Folco_d'Este_(1),,Este-35,I00020816
Q120730,Q11904159,,,,,,,,,,,,,,,,,,,,,,,,,,,304035,,p=adele;n=de bar sur aube,,,sw.214077,,,,,,,,,p46489.htm#i464883,Adele_Bar-Sur-Aube_(1),,Bar-Sur-Aube-4,I00139713
Q120732,Q75384644,,,,,,,,,,,,,,,,,,,,,,,,,,,,,p=emma;n=de blois;oc=1,,,,,,,,,,,,p10485.htm#i104845,Emma_De_Blois_(26),,Blois-95,I00284741
Q120734,Q2014653,,,,,,,,,,,,,,,,,,,,,,,,,,,,,p=eudes;n=de champlitte;oc=1,,,,,,,,,,,,,,,Blois-217,I00106072
Q120736,Q593670,,,,,,,,,,85845695,,,,,,,,,,,,,,,,,108147,,p=alain;n=de penthievre,,,,,,,,,,,,p4047.htm#i40468,"Alan,_1st_Earl_of_Richmond_(1)",,Penthièvre-7,I00046734
Q120738,Q2071583,,,,,,,,,,,,,,,,,,,,,,,,,,,147581,,p=geoffroy;n=de penthievre;oc=1,,,,,,,,,,,,p4049.htm#i40484,Geoffroy_de_Penthièvre_(1),,Bretagne-67,I00485381
Q120740,Q61963101,,,,,,,,,,,,,,,,,,,,,,,,,,,,,p=mathilde;n=de penthievre,,,,,,,,,,,,,Maude_Of_Brittany_(1),,Bretagne-12,I00333203
Q120742,Q108276374,,,,,,,,,,,,,,,,,,,,,,,,,,,1240825,,p=olive;n=de penthievre;oc=1,,,,,,,,,,,,,Olive_De_Penthieve_(1),,Bretagne-98,I00293979
Q120744,Q114134536,,,,,,,,,,,,,,,,,,,,,,,,,,,1239519,,p=agnorie;n=de penthievre,,,,,,,,,,,,,Agnorie_De_Penthieve_(1),,Penthièvre-5,I00438933
Q120746,Q117038014,,,,,,,,,,,,,,,,,,,,,,,,,,,1239439,,p=tiphaine;n=de penthievre;oc=44168,,,,,,,,,,,,,Tiphaine_de_Penthièvre_(1),,Penthièvre-15,
Q120748,Q110578279,,,,,,,,,,,,,,,,,,,,,,,,,,,1237528,,p=geoffroy;n=de preuilly;oc=10,,,,,,,,,,,,,,,,I00050058
Q120750,Q110578285,,,,,,,,,,,,,,,,,,,,,,,,,,,,,p=ameline;n=n;oc=2,,,,,,,,,,,,,,,,I00050059
Q120752,Q2597109,,,,,,,,,,,,,,,,,,,,,,,,,,,1237435,,p=geoffroy;n=de preuilly;oc=4,,,,,,,,,,,,,Geoffroy_de_Vendôme_(1),,Preuilly-6,I00163383
Q120754,Q54368050,,,,,,,,,,,,,,,,,,,,,,,,,,,1237490,,p=eschivat;n=de preuilly;oc=1,,,,,,,,,,,,,Eschivard_de_Preuilly_(1),,,I00050049
Q120756,Q100326620,,,,,,,,,,,,,,,,,,,,,,,,,,,303754,,p=adenordis;n=n,,,,,,,,,,,,,,,Thouars-11,I00141495
Q120758,Q1826269,,,,,,,,,,,,,,,,,,,,,,,,,,,968974,,p=arbert;n=de thouars;oc=1,,,,,,,,,,,,,Arbert_Unknown_(1),,,
Q120760,Q56285200,,,,,,,,,,,,,,,,,,,,,,,,,,,299085,,p=adénor;n=de thouars,,,sw.212925,,,,,,,,,p387.htm#i3868,Adénor_de_Thouars_(1),,Thouars-27,I00121007
Q120762,Q108399391,,,,,,,,,,,,,,,,,,,,,,,,,,,1288082,,p=petronille;n=d archiac,,,,,,,,,,,,,Petronille_Archaic_(1),,Archiac-3,I00140000
Q120764,Q108526024,,,,,,,,,,,,,,,,,,,,,,,,,,,1288203,,p=ne;n=d angouleme;oc=2,,,,,,,,,,,,,Graule_Taillefer_(1),,Taillefer-39,I00208031
Q120766,Q55998385,,,,,,,,,,,,,,,,,,,,,,,,,,,,,p=guy;n=de limoges,,,,,,,,,,,,,,,,I00473463
Q120768,Q108616798,,,,,,,,,,,,,,,,,,,,,,,,,,,1088026,,p=humberge;n=de limoges;oc=1,,,,,,,,,,,,,,,De_LIMOGES-33,I00139549
Q120770,Q718907,,,,,,,,,,,,,,,,,,,,,,,,,,,,,p=hughes;n=de montgommery,,,,,,,,,,,,p2348.htm#i23479,Hugh_of_Montgomery_(1),,Montgomery-230,
Q120772,Q697750,,,,,,,,,,,,,,,,,,,,,,,,,,,,,p=arnulph;n=de+montgomerie,,,,,,,,,,,,p26680.htm#i266792,Arnulph_of_Montgomery_(1),,Montgomery-132,I00474899
Q120776,Q2061916,,,,,,,,,,,,,,,,,,,,,,,,,,,,,,,,,,,,,,,,,,Adelbert_van_La_Marche_(1),,,
Q120778,Q981650,,,,,,,,,,,,,,,,,,,,,,,,,,,1202715,,p=wulgrin;n=d angouleme;oc=1,,,,,,,,,,,,p377.htm#i3767,"Wulgrin_II,_Count_of_Angoulême_(1)",,Taillefer-4,I00033524
Q120780,Q28664610,,,,,,,,,,,,,,,,,,,,,,,,,,,,,p=bernard aton;n=trencavel;oc=3,,,,,,,,,,,,,,,Albi-9,
Q120782,Q114331,,,,,,,,,,,,,,,,,,,,,,,,,,,,,,,,,,,,,,,,,,,,,
Q120784,Q670150,,,,,,,,,,,,,,,,,,,,,,,,,,,12946,,p=raymond;n=trencavel;oc=1,,,,,,,,,,,,,Raymond_I_Trencavel_(1),,Trencavel-2,I00126911
Q120786,Q511541,,,,,,,,,,,,,,,,,,,,,,,,,,,,,p=bernard aton;n=trencavel,,,,,,,,,,,,,Bernard_Ato_V_(1),,,
Q120788,Q61711307,,,,,,,,,,,,,,,,,,,,,,,,,,,,,p=ermengarde;n=trencavel,,,,,,,,,,,,,Ermengarde_de_Béziers_(1),,,I00438868
Q120790,Q99304128,,,,,,,,,,,,,,,,,,,,,,,,,,,1272834,,p=matheline;n=trencavel,,,,,,,,,,,,,Matheline_de_Béziers_(1),,Trencavel-5,I00629546
Q120792,Q123246688,,,,,,,,,,,,,,,,,,,,,,,,,,,,,p=ermessinde;n=trencavel,,,,,,,,,,,,,Ermesinde_de_Béziers_(1),,,
Q120794,Q10323137,,,,,,,,,,,,,,,,,,,,,,,,,,,43770,,p=maieul;n=de narbonne,,,sw.214026,,,,,,,,,,"Mayeul,_Viscount_of_Narbonne_(1)",,Narbonne-22,I00197724
Q120796,Q112229337,,,,,,,,,,,,,,,,,,,,,,,,,,,112509,,p=raymonde;n=de rouergue,,,,,,,,,,,,,Raymonde_(1),,Aude-5,I00197725
Q120798,Q10288523,,,,,,,,,,,,,,,,,,,,,,,,,,,166752,,p=gauthier;n=de narbonne,,,,,,,,,,,,,,,De_Narbonne-9,
Q120800,Q3143186,,,,,,,,,,,,,,,,,,,,,,,,,,,155538,,p=humbert;n=de salins,,,,,,,,,,,,p11994.htm#i119937,Humbert_de_Macon_(1),,Mâcon-55,I00208277
Q120802,Q22911430,,,,,,,,,,,,,,,,,,,,,,,,,,,,,p=adele;n=de macon,,,,,,,,,,,,,Attala_Unknown_(1),,,
Q120804,Q4389537,,,,,,,,,,,,,,,,,,,,,,,,,,,,,,,,,,,,,,,,,,Ranulf_of_Macon_(1),,Macon-36,
Q120806,Q3120335,,,,,,,,,,,,,,,,,,,,,,,,,,,,,,,,,,,,,,,,,,Guillaume_De_Gometz_(1),,Gometz-5,
Q120808,Q972524,,,,,,,,,,,,,,,,,,,,,,,,,,,140662,,p=raoul;n=de gouy;oc=1,,,,,,,,,,,,p58841.htm#i588409,Raoul_de_Gouy_(1),,Gouy-2,
Q120810,Q76183890,,,,,,,,,,,,,,,,,,,,,,,,,,,315055,,p=ne;n=du maine;oc=2,,,,,,,,,,,,p58841.htm#i588410,,,Amiens-20,
Q120812,Q783986,,,,,,,,,,,,,,,,,,,,,,,,,,,140663,,p=raoul;n=de valois,,,,,,,,,,,,,Raoul_de_Cambrai_(1),,Cambrai-31,
Q120814,Q2521971,,,,,,,,,,,,,,,,,,,,,,,,,,,,,p=hugues;n=de chateaudun;oc=1,,,,,,,,,,,,,Hugues_Unknown_(18),,,
Q120816,Q3443029,,,,,,,,,,,,,,,,,,,,,,,,,,,,,p=rotrou;n=de nogent,,,,,,,,,,,,,Guillaume_d'Aleneon_(1),,Nogent-2,
Q120818,Q100326666,,,,,,,,,,,,,,,,,,,,,,,,,,,,,p=helvide;n=de mortagne,,,,,,,,,,,,,Elensie_Mortagne_(1),,De_Mortagne-4|Mortain-35,I00120940
Q120820,Q2385057,,,,,,,,,,,,,,,,,,,,,,,,,,,,,p=hugo;n=de chateaudun;oc=2,,,,,,,,,,,,,Hugues_Unknown_(52),,,
Q120822,Q345420,,,,,,,,,,,,,,,,,,I2465,,,,,,,,,368028,,p=tostig;n=of wessex,,,dw.7982,,,,,,,,,p10668.htm#i106672,Tostig_Godwinson_(1),,Godwinson-20,I00361689
Q120824,Q550343,,,,,,,,,,,,,,,,,,,,,,,,,,,127318,,p=welf;n=welf;oc=3,,,dw.7980,,,,,,,,,p883.htm#i8822,"Welf_I,_Duke_of_Bavaria_(1)",,Bayern-45,I00020475
Q120826,Q76298662,,,,,,,,,,,,,,,,,,,,,,,,,,,,,,,,,,,,,,,,,p67168.htm#i671677,,,,
Q120828,Q706674,,,,,,,,,,,,,,,,,,,,,,,,,,,629912,,p=welf;n=welf,,,dw.7984,,,,,,,,,p10668.htm#i106674,"Welf_II,_Duke_of_Bavaria_(1)",,Bavaria-77,I00726524
Q120832,Q75247648,,,,,,,,,,,,,,,,,,,,,,,,,,,,,,,,,,,,,,,,,p883.htm#i8828,,,,
Q120836,Q75386657,,,,,,,,,,,,,,,,,,,,,,,,,,,,,,,,,,,,,,,,,p10668.htm#i106676,Ketil_Kongsfostre_(1),,Tostisson-1,
Q120838,Q56598444,,,,,,,,,,,,,,,,,,,,,,,,,,,471216,,p=renoul;n=de briquessard;oc=4,,,,,,,,,,,,p15842.htm#i158417,Ranulf_De_Bayeux_(1),,Bayeux-2,I00027774
Q120840,Q7293583,,,,,,,,,,85989517,,,,,,,,I5096,,,,,,,,,,,,,,,,,,,,,,,p4881.htm#i48804,Ranulph_Meschines_(2),,Meschines-95,I00027776
Q120842,Q4691505,,,,,,,,,,,,,,,,,,,,,,,,,,,821738,,p=agathe;n=de lorraine,,,sw.212490,,,,,,,,,p4255.htm#i42547,Agatha_of_Lorraine_(1),,Lorraine-114,I00120314
Q120846,Q61196696,,,,,,,,,,,,,,,,,,,,,,,,,,,261954,,p=ponce;n=de+traves;,,,,,,,,,,,,,Poncia_Adala_of_Traves_(1),,Traves-4,I00027400
Q120850,Q11920998,,,,,,,,,,,,,,,,,,,,,,,,,,,12839,,p=etienne;n=de bourgogne;oc=2,,,,,,,,,,,,p22869.htm#i228683,Etienne_d'Auxonne_(1),,Bourgogne-201,I00026466
Q120852,Q332820,,,,,,,,,,,,,,,,,,,,,,,,,,,472891,,p=guigues;n=d albon;oc=5,,,,,,,,,,,,p4031.htm#i40309,Guigues_V_of_Albon_(1),,Albon-32,I00048710
Q120854,Q99304107,,,,,,,,,,,,,,,,,,,,,,,,,,,888581,,p=beatrix;n=d albon,,,,,,,,,,,,,,,Albon-169,I00048700
Q120856,Q13738522,,,,,,,,,,,,,,,,,,,,,,,,,,,742974,,p=marquise;n=d albon,,,,,,,,,,,,,,,Albon-41,I00048729
Q120860,Q18338284,,,,,,,,,,,,,,,,,,,,,,,,,,,53187,,p=adelaide;n=de bettau,,,sw.212718,,,,,,,,,p395.htm#i3942,Adela_van_Teisterbant_(1),,Teisterbant-10,I00026482
Q120862,Q967088,,,,,,,,,,,,,,,,,,,,,,,,person/2c05947f-4210-457b-8b2d-0ad94dd1ea35,,,742067,,p=henri;n=de louvain;oc=3,,,sw.212716,,,,,,,,,p53224.htm#i532237,Henry_Leuven_(1),,Leuven-18,I00319752
Q120864,Q708191,,,,,,,,,,,,,,,,,,,,,,,,,,,,,p=adalbert;n=de louvain,,,,,,,,,,,,p53224.htm#i532238,Adalbero_de_Louvain_(1),,Leuven-25,
Q120866,Q1060010,,,,,,,,,,87387216,,,,,,,,I3112,,,,,,,,,11471,,p=godfried;n=van brabant;oc=1,,,sw.212557,,,,,,,,,p4033.htm#i40325,"Godfrey_II,_Count_of_Leuven_(1)",,Lorraine-9,I00020127
Q120868,Q76101966,,,,,,,,,,,,,,,,,,,,,,,,,,,,,p=henri;n=de louvain,,,,,,,,,,,,p53185.htm#i531847,Henri_de_Louvain_(1),,,I00026479
Q120870,Q76189302,,,,,,,,,,,,,,,,,,,,,,,,,,,90264,,p=ide;n=de louvain;oc=1,,,,,,,,,,,,p59196.htm#i591953,Ida_de_Louvain_(1),,Lorraine-67,I00026481
Q120872,Q653110,,,,,,,,,,,,,,,,,,,,,,,,,,,87928,,p=thierry;n=de hollande;oc=5,,,sw.212704,,,,,,,,,p15049.htm#i150481,Dirk_V_van_Holland_(1),,Holland-4676,I00018663
Q120874,Q18172723,,,,,,,,,,,,,,,,,,,,,,,,,,,,,,,,,,,,,,,,,p15827.htm#i158268,Agnes_De_Percy_(1),,Percy-215,I00027714
Q120876,Q18215269,,,,,,,,,,,,,,,,,,,,,,,,,,,,,p=henry;n=de percy;oc=11,,,,,,,,,,,,p15827.htm#i158265,Henry_de_Percy_(4),,Percy-37,I00027715
Q120880,Q116168591,,,,,,,,,,,,,,,,,,,,,,,,,,,,,,,,,,,,,,,,,,,,,I00478626
Q120882,Q12734551,,,,,,,,,,,,,,,,,,,,,,,,,,,,,p=louis;n=de montbeliard,,,,,,,,,,,,,Louis_Mortbell_(1),,Mortbell-2,I00426929
Q120884,Q4491369,,,,,,,,,,,,,,,,,,,,,,,,,,,345087,,p=ne;n=de montfaucon,,,,,,,,,,,,,Agnes_De_Montbeliard_(1)|Sophie_of_Montbéliard_(1),,Montbéliard-20,I00026659
Q120886,Q108333637,,,,,,,,,,,,,,,,,,,,,,,,,,,,,p=etiennette;n=de montbeliard,,,,,,,,,,,,,,,Montbéliard-23,I00026669
Q120888,Q108333747,,,,,,,,,,,,,,,,,,,,,,,,,,,,,p=ermentrude;n=de montbeliard,,,,,,,,,,,,,,,,I00026667
Q120890,Q22337624,,,,,,,,,,,,,,,,,,,,,,,,,,,123890,,p=gisele;n=de vaudemont,,,,,,,,,,,,,Gisele_Vaudemont_(1),,Vaudémont-11,I00026516
Q120892,Q571785,,,,,,,,,,,,,,,,,,,,,,,,,,,12843,,p=renaud;n=de bar;oc=2,,,,,,,,,,,,p50722.htm#i507211,Renaud_de_Bar_(1),,Bar-le-Duc-3,I00026511
Q120894,Q3524323,,,,,,,,,,,,,,,,,,,,,,,,,,,907312,,p=thierry;n=de bar,,,,,,,,,,,,,,,,I00533938
Q120896,Q22674525,,,,,,,,,,,,,,,,,,,,,,,,,,,124074,,p=agnes;n=de bar;oc=1,,,,,,,,,,,,,Agnes_of_Bar_(4),,Bar-430,I00030536
Q120898,Q3502240,,,,,,,,,,,,,,,,,,,,,,,,,,,907311,,p=stephanie;n=de bar,,,,,,,,,,,,,Stephania_of_Bar_(1),,Bar-le-Duc-16,I00030542
Q120900,Q96257925,,,,,,,,,,,,,,,,,,,,,,,,,,,123189|907314,,p=mathilde;n=de bar,,,,,,,,,,,,,Miss_De_Bar_(1),,Bar-428,I00148885
Q120902,Q22337627,,,,,,,,,,,,,,,,,,,,,,,,,,,1161589,,p=stephanie;n=de vaudemont,,,,,,,,,,,,,,,,I00026672
Q120904,Q22677456,,,,,,,,,,,,,,,,,,,,,,,,,,,1161591,,p=ludwig;n=von pfirt;oc=1,,,,,,,,,,,,,,,,I00026673
Q120906,Q25487383,,,,,,,,,,,,,,,,,,,,,,,,,,,381717,,p=heinrich;n=zu salm;oc=3,,,,,,,,,,,,p22150.htm#i221494,,,Salm-Blamont-1,I00107754
Q120908,Q20170931,,,,,,,,,,,,,,,,,,,,,,,,,,,742070,,p=adalbert;n=von morsberg,,,,,,,,,,,,p67267.htm#i672664,Adalbert_Von_Morsberg_(3),,Mörsberg-5,I00021704
Q120910,Q76263847,,,,,,,,,,,,,,,,,,,,,,,,,,,742069,,p=mathilde;n=von morsberg,,,,,,,,,,,,p64710.htm#i647096|p67267.htm#i672665,Mechtilde_Morsberg_(1),,Mörsberg-4,I00021701
Q120912,Q3120338,,,,,,,,,,,,,,,,,,,,,,,,,,,702760,,p=guillaume;n=de grandmesnil,,,,,,,,,,,,p4212.htm#i42116,,,Grandmesnil-20,
Q120914,Q3292900,,,,,,,,,,,,,,,,,,,,,,,,,,,,,p=marie;n=de hauteville;oc=1,,,,,,,,,,,,p21943.htm#i219424,Maria_of_Salerno_(1),,,I00076109
Q120916,Q122943347,,,,,,,,,,,,,,,,,,,,,,,,,,,1369517,,p=humbert;n=de+vergy;,,,,,,,,,,,,,,,,
Q120918,Q16034336,,,,,,,,,,,,,,,,,,,,,,,,,,,,,p=lisiard;n=le riche;oc=2,,,,,,,,,,,,,,,,
Q120920,Q19945084,,,,,,,,,,,,,,,,,,,,,,,,,,,939457,,p=aimon;n=de corbeil,,,,,,,,,,,,,Aymon_Unknown_(6),,Corbeil-438,
Q120922,Q3143527,,,,,,,,,,,,,,,,,,,,,,,,,,,183626,,p=athon;n=de courtenay;oc=1,,,,,,,,,,,,p24819.htm#i248184,Hutton_de_Courtenay_(1),,Courtenay-430,I00028678
Q120924,Q766462,,,,,,,,,,,,,,,,,,,,,,,,,,,183624,,p=miles;n=de courtenay,,,,,,,,,,,,p380.htm#i3791,Milo_De_Courtenay_(1),,Courtenay-419,I00028681
Q120928,Q75617605,,,,,,,,,,,,,,,,,,,,,,,,,,,919877,,,,,,,,,,,,,,p24822.htm#i248212,Geoffrey_Courtenay_(1),,Courtenay-439,
Q120930,Q110520596,,,,,,,,,,,,,,,,,,,,,,,,,,,697431,,p=hodierne;n=de courtenay;oc=2,,,,,,,,,,,,,Vaindemonde_de_Courtenay_(1),,Courtenay-500,I00076105
Q120932,Q75617574,,,,,,,,,,,,,,,,,,,,,,,,,,,,,p=hersende;n=n;oc=4,,,,,,,,,,,,p24819.htm#i248188,,,,
Q120934,Q75617575,,,,,,,,,,,,,,,,,,,,,,,,,,,,,p=adam;n=de chailly,,,,,,,,,,,,p24819.htm#i248189,,,Chailly-2,
Q120936,Q1539253,,,,,,,,,,,,,,,,,,,,,,,,,,,,,p=geoffroy;n=de joinville;oc=2,,,,,,,,,,,,p24820.htm#i248199,Geoffroy_de_Joinville_(1),,Joinville-12,I00028703
Q120938,Q110578292,,,,,,,,,,,,,,,,,,,,,,,,,,,,,,,,,,,,,,,,,,,,,I00050046
Q120940,Q3419289,,,,,,,,,,,,,,,,,,,,,,,,,,,557865,,p=raoul;n=du grand montrevault;oc=6,,,,,,,,,,,,,,,Beaumont-1492,
Q120942,Q347766,,,,,,,,,,,,,,,,,,,,,,,,,,,590625,,p=adalbert;n=askanier;oc=1,,,,,,,,,,,,,Adalbert_von_Ballenstedt_(1),,Askanier-42,I00030588
Q120944,Q117749048,,,,,,,,,,,,,,,,,,,,,,,,,,,590626,,p=hidda;n=n,,,,,,,,,,,,,,,Countess_of_Lusatia-1,I00030589
Q120946,Q446304,,,,,,,,,,,,,,,,,,,,,,,,,,,599780,,p=uta;n=von ballenstedt,,,dw.172,,,,,,,,,,Uta_von_Ballenstedt_(1),,Margravine_of_Meissen-1,
Q120948,Q1592054,,,,,,,,,,,,,,,,,,,,,,,,,,,600013,,,,,,,,,,,,,,,Hazecha_von_Ballenstedt_(1),,Of_Ballenstedt-1,
Q120950,Q354949,,,,,,,,,,,,,,,,,,,,,,,,,,,391521,,p=adelheid;n=von weimar,,,sw.212783,,,,,,,,,,Adelheid_of_Meissen_(1),,Weimar-68,I00030594
Q120952,Q695735,,,,,,,,,,,,,,,,,,,,,,,,,,,391518,,p=otto;n=askanier,,,dw.923,,,,,,,,,p1.htm#i2,"Otto,_Count_of_Ballenstedt_(1)",,Askanier-44,I00030587
Q120954,Q108720,,,,,,,,,,,,,,,,,,,,,,,,,,,,,,,,,,,,,,,,,,,,,
Q120956,Q82876,,,,,,,,,,,,,,,,,,,,,,,,,,,,,,,,,,,,,,,,,,,,,
Q120958,Q55552788,,,,,,,,,,,,,,,,,,,,,,,,,,,90460,,p=heinrich;n=von laufen,,,sw.213988,,,,,,,,,,Heinrich_von_Lauffen_(1),,Laufen-2,I00141013
Q120960,Q354829,,,,,,,,,,,,,,,,,,,,,,,,,,,1171660|90292,,p=adelheid;n=von laufen,,,sw.212801,,,,,,,,,,Adelheid_von_Lauffen_(1),,Laufen-1,I00141008
Q120962,Q475425,,,,,,,,,,,,,,,,,,,,,,,,,,,135899,,p=lothar;n=von walbeck;oc=3,,,dw.8720,,,,,,,,,,Lothar_von_Walbeck_(1),,,I00303373
Q120964,Q328405,,,,,,,,,,,,,,,,,,,,,,,,,,,,,p=werner;n=von walbeck,,,dw.171,,,,,,,,,,,,,
Q120966,Q18245150,,,,,,,,,,,,,,,,,,,,,,,,,,,131545,,p=lothar;n=von walbeck;oc=4,,,,,,,,,,,,,Lothar_IV_von_Walbeck_(1),,,I00303375
Q120968,Q18236532,,,,,,,,,,,,,,,,,,,,,,,,,,,,,p=berthold;n=von walbeck,,,,,,,,,,,,,,,,
Q120970,Q1782103,,,,,,,,,,,,,,,,,,,,,,,,,,,138963,,p=konrad;n=von werl,,,,,,,,,,,,,Konrad_von_Werl-Arnsberg_(1),,Von_Werl-Arnsberg-2,I00444562
Q120972,Q15832577,,,,,,,,,,,,,,,,,,,,,,,,,,,,,,,,,,,,,,,,,,,,,
Q120974,Q1597792,,,,,,,,,,,,,,,,,,,,,,,,,,,,,,,,,,,,,,,,,,,,,
Q120976,Q102393920,,,,,,,,,,,,,,,,,,,,,,,,,,,300132,,p=gepa;n=von werl,,,,,,,,,,,,,Gepa_Von_Werl_(1),,Von_Werl-1,I00120766
Q120978,Q1798955,,,,,,,,,,,,,,,,,,,,,,,,,,,,,p=luitpold;n=von babenberg;oc=2,,,,,,,,,,,,,,,Babenberg-13,
Q120982,Q99197619,,,,,,,,,,,,,,,,,,,,,,,,,,,,,,,,,,,,,,,,,,,,,
Q120984,Q96268,,,,,,,,,,,,,,,,,,,,,,,,,,,493443,,p=ludwig;n=von thuringen,,,,,,,,,,,,,,,Ludowinger-9,I00029936
Q120988,Q96244686,,,,,,,,,,,,,,,,,,,,,,,,,,,926952,,p=hildegard;n=von thuringen,,,,,,,,,,,,,,,Thuringia-26,I00029941
Q120990,Q119948751,,,,,,,,,,,,,,,,,,,,,,,,,,,1369093,,p=uta;n=von thuringen,,,,,,,,,,,,,,,Thuringia-28,I00464316
Q120992,Q131782372,,,,,,,,,,,,,,,,,,,,,,,,,,,1192482,,p=berenger;n=von thuringen,,,,,,,,,,,,,,,Sangerhausen-3,
Q120994,Q116150273,,,,,,,,,,,,,,,,,,,,,,,,,,,,,,,,,,,,,,,,,,,,,I00627994
Q120996,Q114840807,,,,,,,,,,,,,,,,,,,,,,,,,,,,,,,,,,,,,,,,,,,,,
Q120998,Q114840892,,,,,,,,,,,,,,,,,,,,,,,,,,,,,p=adelheid;n=d eguisheim,,,,,,,,,,,,,Countess_Miss_(2),,Etichonen-22,I00627999
Q121000,Q114840932,,,,,,,,,,,,,,,,,,,,,,,,,,,,,,,,,,,,,,,,,,,,,
Q121002,Q22694536,,,,,,,,,,,,,,,,,,,,,,,,,,,132485,,p=richwin;n=de mousson,,,sw.213987,,,,,,,,,,Richwin_Scarpone_(1),,Scarpone-15,I00426923
Q121004,Q16027431,,,,,,,,,,,,,,,,,,,,,,,,,,,,,,,,,,,,,,,,,,Odo_of_Scarpone_(1),,,
Q121006,Q63607,,,,,,,,,,,,,,,,,,,,,,,,,,,135910,,p=otto;n=von schweinfurt;oc=1,,,sw.212906,,,,,,,,,p68187.htm#i681861,"Otto_III,_Duke_of_Swabia_(1)",,Schweinfurt-6,I00080002
Q121008,Q3188016,,,,,,,,,,,,,,,,,,,,,,,,,,,135018,,p=judith;n=von schweinfurt;oc=2,,,sw.212933,,,,,,,,,p68187.htm#i681862,Judith_Unknown_(189),,Schweinfurt-19,I00444550
Q121010,Q80934446,,,,,,,,,,,,,,,,,,,,,,,,,,,131748,,p=gisela;n=von schweinfurt,,,sw.212825,,,,,,,,,,Gisela_Unknown_(33),,Schweinfurt-13,I00033344
Q121011,Q116150266,,,,,,,,,,,,,,,,,,,,,,,,,,,,,p=beatrix;n=von schweinfurt,,,,,,,,,,,,,Beatrix_Unknown_(28),,Schweinfurt-32,I00444565
Q121013,Q119702644,,,,,,,,,,,,,,,,,,,,,,,,,,,,,p=alberada bertha;n=von schweinfurt,,,,,,,,,,,,,Alberada_Unknown_(5),,,I00496754
Q121015,Q71460,,,,,,,,,,,,,,,,,,,,,,,,,,,136304,,p=heinrich;n=von northeim,,,dw.7978,,,,,,,,,p797.htm#i7961,Henry_of_Frisia_(1),,Bayern-35,I00060576
Q121017,Q91550,,,,,,,,,,,,,,,,,,,,,,,,person/0a29c930-ce89-4da3-883c-f1c981d002e9,,,,,,,,,,,,,,,,,,,,,I00080004
Q121019,Q63018,,,,,,,,,,,,,,,,,,,,,,,,,,,,,,,,dw.1031,,,,,,,,,p897.htm#i8968,Henry_of_The_Saxon_Ostmark_(1),,,I00080005
Q121021,Q241859,,,,,,,,,,,,,,,,,,I3243,,,,,,,,,769591,,p=richenza;n=von northeim,,,dw.7530,,,,,,,,,p796.htm#i7959,Richenza_of_Northeim_(1),,Bayern-34,I00060071
Q121023,Q66540,,,,,,,,,,,,,,,,,,,,,,,,,,,,,,,,,,,,,,,,,p897.htm#i8965,"Henry_II,_Margrave_of_Meissen_(1)",,,
Q121025,Q55612587,,,,,,,,,,,,,,,,,,,,,,,,,,,135825,,p=gertrud;n=von northeim,,,sw.213621,,,,,,,,,p59471.htm#i594705,Gertrud_von_Northeim_(1),,Northeim-6,I00104725
Q121027,Q1223841,,,,,,,,,,,,,,,,,,,,,,,,person/d273c40f-0377-4f42-a753-e5651d3b8011,,,,,,,,,,,,,,,,,,,,,I00295863|I00330359
Q121029,Q23985236,,,,,,,,,,,,,,,,,,,,,,,,,,,,,,,,,,,,,,,,,,,,,
Q121031,Q117454367,,,,,,,,,,,,,,,,,,,,,,,,,,,,,,,,,,,,,,,,,,Oda_of_Meissen-Orlamünde_(1),,,I00080007
Q121033,Q61870334,,,,,,,,,,,,,,,,,,,,,,,,,,,1326377,,p=oda;n=von dithmarschen,,,,,,,,,,,,,Countess_Killikiya_(1),,Dithmarschen-1,I00079967|I00571654
Q121035,Q1459877,,,,,,,,,,,,,,,,,,,,,,,,,,,,,p=friedrich;n=von goseck,,,,,,,,,,,,,,,Goseck-4,I00080033
Q121037,Q2262081,,,,,,,,,,,,,,,,,,,,,,,,,,,599,,p=iaroslav;n=rurikides;oc=2,,,dw.254,,,,,,,,,,Yaroslav_of_Murom_(1),,Svyatoslavich-12,I00174660
Q121039,Q4093749,,,,,,,,,,,,,,,,,,,,,,,,,,,669,,p=boris;n=rurikides;oc=4,,,dw.264,,,,,,,,,,,,Vyacheslavich-1,
Q121047,Q2243229,,,,,,,,,,,,,,,,,,,,,,,,,,,141171,,p=bernhard;n=von haldensleben,,,dw.67,,,,,,,,,,Bernhard_II_von_Haldensleben_(1),,Haldensleben-3,I00310311
Q121049,Q7109491,,,,,,,,,,,,,,,,,,,,,,,,,,,,,,,,dw.245,,,,,,,,,,,,,
Q121051,Q559384,,,,,,,,,,,,,,,,,,,,,,,,,,,897519,,,,,dw.243,,,,,,,,,,,,,
Q121053,Q10285832,,,,,,,,,,,,,,,,,,,,,,,,,,,138977,,p=friedrich;n=von formbach,,,dw.7061,,,,,,,,,,Frederic_of_Formbach_(1),,Formbach-1,I00120311
Q121055,Q545657,,,,,,,,,,,,,,,,,,,,,,,,,,,48925,,p=ordulf;n=von sachsen,,,dw.7060,,,,,,,,,p67294.htm#i672935,"Ordulf,_Duke_of_Saxony_(1)",,Billung-84,I00020365
Q121057,Q2098190,,,,,,,,,,,,,,,,,,,,,,,,,,,127404,,p=hedwig;n=von formbach,,,dw.7062,,,,,,,,,p4245.htm#i42446,Hedwig_von_Formbach_(1),,Formbach-3,I00026282
Q121061,Q264134,,,,,,,,,,,,,,,,,,,,,,,,,,,45532,,,,,dw.75,,,,,,,,,,Sarolta_Siebenburgen_(1),,,
Q121063,Q2754268,,,,,,,,,,,,,,,,,,,,,,,,,,,,,,,,,,,,,,,,,,,,,
Q121065,Q1413883,,,,,,,,,,,,,,,,,,,,,,,,,,,45533,,p=ne;n=n;oc=30991,,,dw.23,,,,,,,,,,Judith_of_Hungary_(1),,,I00422405
Q121067,Q14916855,,,,,,,,,,,,,,,,,,,,,,,,,,,57736,,p=gizella;n=arpad,,,dw.77,,,,,,,,,p22135.htm#i221342,Maria-Helena_of_Hungary_(1),,Arpadhazi-18,I00200288
Q121069,Q75574819,,,,,,,,,,,,,,,,,,,,,,,,,,,,,,,,,,,,,,,,,p22135.htm#i221343,,,,
Q121071,Q12285901,,,,,,,,,,,,,,,,,,,,,,,,,,,,,,,,,,,,,,,,,,,,,
Q121075,Q4200020,,,,,,,,,,,,,,,,,,,,,,,,,,,598,,p=elie;n=rurikides,,,,,,,,,,,,,,,,
Q121079,Q455016,,,,,,,,,,,,,,,,,,,,,,,,,,,45534,,p=emmilda;n=des wendes,,,dw.25,,,,,,,,,p67235.htm#i672344,Emnilda_of_Lusatia_(1),,Von_Lustatia-1,I00049957
Q121081,Q282835,,,,,,,,,,,,,,,,,,,,,,,,,,,168236,,p=regelinda;n=piast,,,dw.27,,,,,,,,,,Regelinda_Unknown_(2),,Piast-119,I00422391
Q121083,Q31647,,,,,,,,,,,,,,,,,,,,,,,,,,,168230,,p=bezprym;n=piast,,,dw.24,,,,,,,,,,Bezprym_(1),,,I00422406
Q121087,Q2427569,,,,,,,,,,,,,,,,,,,,,,,,,,,,,,,,,,,,,,,,,,,,,
Q121095,Q382156,,,,,,16058,,LB23-C6T,,,,,,,,,,,,,,,,,,,770631,,p=emund;n=ynglingaatten,,,dw.102,,,,,,,,,p11306.htm#i113055|p15060.htm#i150597,Emund_the_Old_(1),,Olofsson-816,I00049968
Q121097,Q3495067,,,,,,,,,,,,,,,,,,I2396,,,,,,,,,144324,,p=ealdgyth;n=n,,,,,,,,,,,,p10219.htm#i102186,Eldgyth_England_(1),,Unknown-381585,I00020117
Q121099,Q16834715,,,,,,,,,,,,,,,,,,,,,,,,,,,,,,,,,,,,,,,,,p10241.htm#i102406,Edmund_England_(3),,Wessex-352,I00020123
Q121103,Q2757982,,,,,,,,,,,,,,,,,,I2591,,,,,,,,,8766,,p=mary;n=of scotland,,,sw.212800,,,,,,,,,p10216.htm#i102158,Mary_of_Scotland_(1),,Dunkeld-43,I00012364
Q121105,Q729517,,,,,,,,,,,,,,,,,,I4808,,,,,,,,,1163553,,p=edmund;n=of scotland,,,,,,,,,,,,p10474.htm#i104732,Edmund_of_Scotland_(1),,Dunkeld-76,I00002910
Q121107,Q4444623,,,,,,,,,,,,,,,,,,,,,,,,,,,,,p=aethelred;n=of scotland;oc=1,,,,,,,,,,,,p10474.htm#i104733,Ethelred_of_Scotland_(1),,Dunkeld-80,I00002911
Q121111,Q4833,,,,,,,,,,,,,,,,,,,,,,,,,,,,,,,,,,,,,,,,,,,,,
Q121115,Q75384538,,,,,,,,,,,,,,,,,,,,,,,,,,,,,p=edward;n=of scotland,,,,,,,,,,,,p10474.htm#i104731,Edward_Scotland_(1),,Dunkeld-69,I00002909
Q121117,Q2290377,,,,,,,,,,,,,,,,,,,,,,,,,,,154097,,p=olderico manfredi;n=d oriate,,,,,,,,,,,,,Olderico_Manfredi_I_di_Torino_(1),,Torino-7,I00121010
Q121119,Q40880225,,,,,,,,,,,,,,,,,,,,,,,,,,,154098,,p=prangarda;n=di canossa,,,,,,,,,,,,,Prangarda_di_Canossa_(1),,Canossa-1,I00121011
Q121121,Q11794663,,,,,,,,,,,,,,,,,,,,,,,,,,,154099,,p=oberto;n=obertenghi;oc=2,,,,,,,,,,,,p67264.htm#i672639,Oberto_II_dI_Milano_(1),,Obertenghi-2,I00020670
Q121123,Q21470043,,,,,,,,,,,,,,,,,,,,,,,,,,,154100,,p=railenda;n=gandolfingi,,,,,,,,,,,,p67281.htm#i672803,Railende_Di_Como_(1),,Como-10,I00532945
Q121125,Q2423442,,,,,,,,,,,,,,,,,,,,,,,,,,,135982,,p=alberto azzo;n=obertenghi;oc=1,,,,,,,,,,,,,"Albert_Azzo_I,_Margrave_of_Milan_(1)",,Este-17,I00020673
Q121127,Q110578342,,,,,,,,,Oddone_di_Savona_(-c1084),,,,,,,,,,,,,,,,,,574029,,p=teuto;n=di savona,,,,,,,,,,,,,Mangrave_Of_Western_Liguria_(2),,Vasto-9,I00106728
Q121129,Q1770709,,,,,,,,,Boniface_del_Vasto_(1060-c1131),,,,,,,,,,,,,,,,,,467377,,p=bonifacio;n=del vasto;oc=1,,,,,,,,,,,,,Boniface_del_Vasto_(1),,Vasto-11,I00106722
Q121131,Q135482317,,,,,,,,,,,,,,,,,,,,,,,,,,,,,,,,,,,,,,,,,,,,,
Q121135,Q124020731,,,,,,,,,,,,,,,,,,,,,,,,,,,,,p=waza;n=n,,,,,,,,,,,,,Warza_Unknown_(1),,Unknown-138100,I00634003
Q121137,Q1673031,,,,,,,,,,,,,,,,,,I3121,,,,,,,,,90283,,p=irmengard;n=von rott|p=irmgard;n=von rott,,,,,,,,,,,,,Irmgard_Rott_(1),,Rott-6,I00106620
Q121139,Q819017,,,,,,,,,,,,,,,,,,I3114,,,,,,,,,90265,,p=berengar;n=von sulzbach,,,dw.7534,,,,,,,,,p4033.htm#i40327,Berengar_I._von_Sulzbach_(1),,Von_Sulzbach-15,I00106622
Q121141,Q110570730,,,,,,,,,,,,,,,,,,,,,,,,,,,,,,,,,,,,,,,,,,,,,I00200607
Q121143,Q97207413,,,,,,,,,,,,,,,,,,,,,,,,,,,,,p=thierry;n=von formbach,,,,,,,,,,,,,Dietrich_Formbach_(1),,Formbach-8,
Q121145,Q3352994,,,,,,,,,,,,,,,,,,,,,,,,,,,,,,,,dw.110,,,,,,,,,,Tove_Unknown_(1),,Mistivir-1,I00079508
Q121149,Q4806686,,,,,,,,,,,,,,,,,,,,,,,,,,,920140,,p=gunhild haraldsdatter;n=de danemark,,,dw.109,,,,,,,,,p10543.htm#i105423,Gunhilda_Haraldsdatter_(1),,Haraldsdatter-70,I00433953
Q121151,Q9396741,,,,,,,,,,,,,,,,,,,,,,,,,,,117125,,,,,psb.32950.10,,,,,,,,,p10666.htm#i106654,,,Svensdottir-7,
Q121153,Q75385212,,,,,,,,,,,,,,,,,,,,,,,,,,,,,,,,,,,,,,,,,p10542.htm#i105418,,,Svensdottir-8,
Q121155,Q75386627,,,,,,,,,,,,,,,,,,,,,,,,,,,,,,,,,,,,,,,,,p10666.htm#i106655,,,,
Q121157,Q75385213,,,,,,,,,,,,,,,,,,,,,,,,,,,,,,,,,,,,,,,,,p10542.htm#i105419,,,Svendsdatter-36,
Q121161,Q2315967,,,,,,,,,,,,,,,,,,,,,,,,,,,769962,,,,,,,,,,,,,,,Burislaw_of_Wends_(1),,,I00079513
Q121163,Q4272621,,,,,,,,,,,,,,,,,,,,,,,,,,,167084,,,,,,,,,,,,,,,Lambert_Unknown_(29),,,I00422384
Q121165,Q4292467,,,,,,,,,,,,,,,,,,,,,,,,,,,167082,,,,,dw.12,,,,,,,,,,Mieszko_Unknown_(5),,,I00422380
Q121167,Q4411629,,,,,,,,,,,,,,,,,,,,,,,,,,,167083,,,,,dw.13,,,,,,,,,,Šwiętopołk_Unknown_(1),,,I00422383
Q121169,Q3217,,,,,,,,,,,,,,,,,,,,,,,,,,,,,,,,,,,,,,,,,,,,,
Q121179,Q3577162,,,,,,,,,,,,,,,,,,,,,,,,,,,,,p=aelfhelm;n=of york,,,dw.7464,,,,,,,,,p10242.htm#i102417,Ælfhelm_of_York_(1),,Mercia-276,I00312629
Q121181,Q75386642,,,,,,,,,,,,,,,,,,,,,,,,,,,,,p=wulfrun;n=n,,,,,,,,,,,,p10667.htm#i106664,,,Mercia-31,
Q121187,Q1249624,,,,,,,,,,,,,,,,,,I26429,,,,,,,,,108144,,p=leofwine;n=of wessex,,,,,,,,,,,,p10668.htm#i106678,Leofwine_Godwinson_(1),,Godwinson-17,
Q121189,Q1249857,,,,,,,,,,,,,,,,,,I26427,,,,,,,,,,,p=gyrth;n=of wessex,,,,,,,,,,,,p10668.htm#i106677,Gyrth_Godwinson_(1),,Godwinson-19,
Q121191,Q1406700,,,,,,,,,,,,,,,,,,I26428,,,,,,,,,,,p=sven;n=of wessex,,,,,,,,,,,,p10543.htm#i105424,Sweyn_Godwinson_(1),,Godwinson-18,
Q121195,Q321741,,,,,,,,,,,,,,,,,,,,,,,,,,,,,p=wulfnoth;n=of wessex,,,,,,,,,,,,p10668.htm#i106679,Wulfnoth_Godwinson_(1),,Wessex-171,
Q121201,Q354338,,,,,,,,,,,,,,,,,,I2590,,,,,,,,,8781,,p=eustache;n=de boulogne;oc=3,,,sw.212799,,,,,,,,,p10217.htm#i102164,Eustache_III_de_Boulogne_(1),,Boulogne-2,I00012363
Q121203,Q17351352,,,,,,,,,,,,,,,,,,,,,,,,,,,8778,,p=ida;n=de boulogne,,,,,,,,,,,,p62944.htm#i629432,Ida_Van_Boulogne_(1),,Boulogne-97,I00139703
Q121205,Q110586121,,,,,,,,,,,,,,,,,,,,,,,,,,,8779|323434,,p=godefroid;n=de boulogne,,,,,,,,,,,,,Geoffrey_De_Boulogne_(1),,Boulogne-29,I00305429
Q121207,Q58935289,,,,,,,,,,,,,,,,,,,,,,,,,,,184952,,p=adele;n=de vermandois;oc=1,,,,,,,,,,,,p58842.htm#i588415,Adele_De_Senlis_(2),,Senlis-18,I00139719
Q121209,Q3419195,,,,,,,,,,,,,,,,,,,,,,,,,,,184959,,p=raoul;n=de crepy;oc=2,,,,,,,,,,,,,Raoul_III_de_Vexin_(1),,Vexin-7,I00139714
Q121211,Q18606390,,,,,,,,,,,,,,,,,,,,,,,,,,,324580,,p=alix;n=de valois;oc=2,,,,,,,,,,,,,Unknown_de_Valois_(1),,Vexin-21,I00452396
Q121213,Q18214782,,,,,,,,,,,,,,,,,,,,,,,,,,,,,p=foulques;n=d amiens,,,,,,,,,,,,,Foulques_de_Mantes_(1),,,
Q121219,Q110426561,,,,,,,,,,,,,,,,,,,,,,,,,,,,,,,,,,,,,,,,,,,,,I00027354
Q121221,Q22248068,,,,,,,,,,,,,,,,,,,,,,,,,,,,,,,,,,,,,,,,,,,,,
Q121223,Q101420409,,,,,,,,,,,,,,,,,,,,,,,,,,,471224,,p=aimond;n=de savoie,,,,,,,,,,,,,,,,I00432915
Q121225,Q124161297,,,,,,,,,,,,,,,,,,,,,,,,,,,471223,,p=humbert;n=de savoie;oc=5,,,,,,,,,,,,,,,,I00432914
Q121227,Q650148,,,,,,,,,,,,,,,,,,,,,,,,,,,235333,,p=gerold;n=de geneve;oc=2,,,,,,,,,,,,,Gérold_II_de_Genève_(1),,Genève-1,I00027360
Q121229,Q100326691,,,,,,,,,,,,,,,,,,,,,,,,,,,,,,,,,,,,,,,,,,,,,I00027361
Q121231,Q2355684,,,,,,,,,,,,,,,,,,,,,,,,,,,471256,,,,,,,,,,,,,,,Aymon_Ier_de_Genève_(1),,Genève-8,I00030565
Q121233,Q24357457,,,,,,,,,,,,,,,,,,,,,,,,,,,,,,,,,,,,,,,,,,Conon_de_Genève_(1),,,
Q121235,Q113167840,,,,,,,,,,,,,,,,,,,,,,,,,,,1283218,,p=manasses;n=de coligny;oc=1,,,,,,,,,,,,,,,,I00027370
Q121237,Q3143195,,,,,,,,,,,,,,,,,,,,,,,,,,,1283214,,p=humbert;n=de coligny;oc=1,,,,,,,,,,,,,,,,I00065835
Q121239,Q110884439,,,,,,,,,,,,,,,,,,,,,,,,,,,1272022,,p=humbert;n=de beaujeu;oc=2,,,,,,,,,,,,,,,Beaujeu-5,I00106076
Q121241,Q110899123,,,,,,,,,,,,,,,,,,,,,,,,,,,1272018,,p=guichard;n=de beaujeu;oc=3,,,,,,,,,,,,,,,Beaujeu-6,I00048740
Q121249,Q1343016,,,,,,,,,,,,,,,,,,,,,,,,,,,142,,p=iaropolk;n=rurikides;oc=2,,,dw.197,,,,,,,,,,Yaropolk_Iziaslavich_(1),,Рюрикович-39,I00141429
Q121251,Q1981153,,,,,,,,,,,,,,,,,,,,,,,,,,,141,,p=mstislav;n=rurikides;oc=5,,,dw.199,,,,,,,,,,Mstislav_Izyaslavich_(1),,Kiev-115,I00330330
Q121253,Q110384630,,,,,,,,,,,,,,,,,,,,,,,,,,,,,p=ne;n=.;oc=490,,,,,,,,,,,,,,,Van_Wolhynsk-1,I00313565
Q121255,Q2034352,,,,,,,,,,,,,,,,,,,,,,,,,,,670,,p=david;n=rurikides;oc=3,,,dw.297,,,,,,,,,,,,Волынский-1,I00313566
Q121257,Q115556275,,,,,,,,,,,,,,,,,,,,,,,,,,,253649,,p=vsevolod;n=rurikides;oc=6,,,,,,,,,,,,,,,,
Q121259,Q4139584,,,,,,,,,,,,,,,,,,,,,,,,,,,644,,p=gleb;n=rurikides;oc=7,,,dw.251,,,,,,,,,,Gleb_Svyatoslavich_(1),,Svyatoslavich-7,
Q121261,Q1980053,,,,,,,,,,,,,,,,,,,,,,,,,,,592,,p=david;n=rurikides;oc=4,,,dw.253,,,,,,,,,,Davyd_Sviatoslavich_(1),,Svyatoslavich-10,I00330341
Q121263,Q2992005,,,,,,,,,,,,,,,,,,,,,,,,,,,646,,p=oleg;n=rurikides,,,dw.250,,,,,,,,,p22078.htm#i220778,Oleg_I_of_Chernigov_(1),,Рюрикович-11,I00079964
Q121265,Q4397041,,,,,,,,,,,,,,,,,,,,,,,,,,,645,,p=roman;n=rurikides;oc=5,,,,,,,,,,,,,,,Svyatoslavich-9,
Q121271,Q124729168,,,,,,,,,,,,,,,,,,,,,,,,,,,,,,,,,,,,,,,,,,,,,
Q121275,Q4365556,,,,,,,,,,,,,,,,,,,,,,,,,,,67361,,p=gunhild;n=of wessex,,,,,,,,,,,,p10670.htm#i106695,Gunhild_Haraldsdatter_(3),,Haroldsdohtor-1,I00027743
Q121277,Q2616032,,,,,,,,,,,,,,,,,,I4573,,,,,,,,,30197|907650,,p=kristina;n=stenkilska atten,,,dw.593,,,,,,,,,p11305.htm#i113049,Christina_Ingesdotter_of_Sweden_(1),,Ingesdotter-9,I00027051
Q121279,Q9023075,,,,,,,,,,,,,,,,,,I2627,,,,,,,,,30198,,p=ne;n=zawiditsch,,,dw.603,,,,,,,,,p41129.htm#i411284,Lyubava_Dmitriena_(1),,Novgorod-7,I00027052
Q121285,Q2280915,,,,,,,,,,,,,,,,,,,,,,,,,,,842,,p=vsevolod;n=rurikides;oc=12,,,dw.595,,,,,,,,,p11460.htm#i114592,Vsevolod_of_Pskov_(1),,Gavirill-1,I00330339
Q121288,Q269085,,,,,,,,,,,,,,,,,,,,,,,,person/B329ABC5-4CCD-416C-B5E1-99326B994AAE,,,843,,p=iziaslav mstislavitch;n=rurikides;oc=15,,,dw.594,,,,,,,,,p11475.htm#i114742,Iziaslav_II_of_Kiev_(1),,Kiev-41,I00079972
Q121290,Q497904,,,,,,,,,,,,,,,,,,,,,,,,,,,845|839016,,p=rostislav mstislavitch;n=rurikides;oc=19,,,dw.601,,,,,,,,,p11460.htm#i114596,Rostislav_I_of_Kiev_(1),,Kiev-111,I00027054
Q121296,Q15615597,,,,,,,,,,,,,,,,,,,,,,,,,,,844,,p=swiatopolk;n=rurikides;oc=1,,,dw.600,,,,,,,,,,,,UNKNOWN-78465,
Q121298,Q4163672,,,,,,,,,,,,,,,,,,,,,,,,,,,30203,,p=eupraxie;n=rurikides;oc=2,,,,,,,,,,,,,Eupraxia_of_Kiev_(2),,Рюрикович-45,
Q121300,Q13032127,,,,,,,,,,,,,,,,,,,,,,,,,,,30204,,p=marija;n=rurikides;oc=12,,,dw.1682,,,,,,,,,,Maria_Mstislavna_(1),,Рюриковна-1,I00079963
Q121302,Q55656754,,,,,,,,,,,,,,,,,,,,,,,,,,,,,,,,,,,,,,,,,,,,,
Q121304,Q9212996,,,,,,,,,,,,,,,,,,,,,,,,,,,,,,,,dw.6518,,,,,,,,,,,,,
Q121306,Q134822349,,,,,,,,,,,,,,,,,,,,,,,,,,,30218,,p=xenia;n=rurikides,,,,,,,,,,,,,,,UNKNOWN-78407,
Q121308,Q9371511,,,,,,,,,,,,,,,,,,,,,,,,,,,173962,,p=vassilko;n=rurikides;oc=4,,,,,,,,,,,,,,,Рюрикович-23,
Q121310,Q527687,,,,,,,,,,,,,,,,,,,,,,,,,,,498489,,,,,dw.5940,,,,,,,,,p11410.htm#i114097,Boris_Kalamanos_(1),,,I00020726
Q121312,Q101247284,,,,,,,,,,,,,,,,,,,,,,,,,,,253856,,p=ne;n=de coumanie;oc=3,,,,,,,,,,,,,,,,I00174515
Q121314,Q134891859,,,,,,,,,,,,,,,,,,,,,,,,,,,251849,,p=helena;n=komnena,,,,,,,,,,,,,,,,I00645250
Q121316,Q3147366,,,,,,,,,,,,,,,,,,,,,,,,,,,676,,p=rostislav;n=rurikides;oc=5,,,dw.5943,,,,,,,,,p11474.htm#i114733,Rostislav_Yuryevich_(1),,,I00792367
Q121318,Q315191,,,,,,,,,,,,,,,,,,,,,,,,person/4B2185A2-CDA4-4CD0-80B0-EA13C4DCE04B,,,677,,p=andrei;n=rurikides,,,dw.5942,,,,,,,,,p11474.htm#i114737,Andrei_I_Bogolyubsky_(1),,,
Q121320,Q496578,,,,,,,,,,,,,,,,,,,,,,,,,,,675,,p=gleb;n=rurikides;oc=3,,,dw.5947,,,,,,,,,p11474.htm#i114740,Gleb_of_Kiev_(1),,,
Q121322,Q497566,,,,,,,,,,,,,,,,,,,,,,,,,,,679,,p=mikhail;n=rurikides,,,dw.5952,,,,,,,,,p11475.htm#i114745,Mikhail_of_Vladimir_(1),,,
Q121326,Q4195666,,,,,,,,,,,,,,,,,,,,,,,,,,,672,,p=ivan;n=rurikides;oc=1,,,,,,,,,,,,p11474.htm#i114736,,,,
Q121328,Q4093758,,,,,,,,,,,,,,,,,,,,,,,,,,,673,,p=boris;n=rurikides,,,,,,,,,,,,p11475.htm#i114743,,,,
Q121330,Q16594166,,,,,,,,,,,,,,,,,,,,,,,,,,,428853,,p=olga;n=rurikides;oc=1,,,dw.1005,,,,,,,,,,Olga_of_Kiev_(2),,Yurevna-2,I00139745
Q121332,Q4104908,,,,,,,,,,,,,,,,,,,,,,,,,,,674,,,,,,,,,,,,,,,,,,
Q121334,Q4305615,,,,,,,,,,,,,,,,,,,,,,,,,,,678,,p=mstislav;n=rurikides,,,,,,,,,,,,p11475.htm#i114744,,,,
Q121336,Q61881734,,,,,,,,,,,,,,,,,,,,,,,,,,,629772,,p=iaroslav;n=rurikides;oc=12,,,,,,,,,,,,,,,,
Q121338,Q16632131,,,,,,,,,,,,,,,,,,,,,,,,,,,671,,p=vsevolodko;n=rurikides,,,dw.5375,,,,,,,,,,,,Volynsky-1,I00313563
Q121340,Q13028657,,,,,,,,,,,,,,,,,,,,,,,,,,,253700,,,,,,,,,,,,,,,,,,
Q121342,Q13030447,,,,,,,,,,,,,,,,,,,,,,,,,,,253702,,p=gleb;n=rurikides;oc=10,,,,,,,,,,,,,,,,
Q121344,Q18246444,,,,,,,,,,,,,,,,,,,,,,,,,,,253703,,p=mstislav;n=rurikides;oc=14,,,,,,,,,,,,,,,,
Q121346,Q113720022,,,,,,,,,,,,,,,,,,,,,,,,,,,253704,,p=ne;n=rurikides;oc=20,,,,,,,,,,,,,,,,
Q121348,Q12090419,,,,,,,,,,,,,,,,,,,,,,,,,,,847,,p=vladimir;n=rurikides;oc=16,,,dw.5934,,,,,,,,,,,,,
Q121350,Q16723438,,,,,,,,,,,,,,,,,,,,,,,,,,,,,p=iaropolk;n=rurikides;oc=6,,,,,,,,,,,,,,,,
Q121352,Q18412350,,,,,,,,,,,,,,,,,,,,,,,,,,,646423,,p=leo;n=diogenes,,,,,,,,,,,,,Leonidas_Diogenes_(1),,,I00321302
Q121354,Q21091962,,,,,,,,,,,,,,,,,,,,,,,,,,,,,,,,,,,,,,,,,,,,,
Q121356,Q3920890,,,,,,,,,,,,,,,,,,,,,,,,,,,59179,,p=sviatoslav;n=rurikides,,,dw.6078,,,,,,,,,,,,Duke_of_Polotsk-4,I00751017
Q121358,Q2502306,,,,,,,,,,,,,,,,,,,,,,,,,,,166142,,p=vassilko;n=rurikides;oc=8,,,dw.1687,,,,,,,,,,,,,I00174740
Q121360,Q257706,,,,,,,,,,,,,,,,,,,,,,,,,,,72425,,p=predslava;n=rurikides;oc=3,,,,,,,,,,,,,,,Princess_of_Polotsk-2,
Q121362,Q13530621,,,,,,,,,,,,,,,,,,,,,,,,,,,166145,,p=gordislava;n=rurikides,,,,,,,,,,,,,,,Princess_of_Polotsk-3,
Q121364,Q13029424,,,,,,,,,,,,,,,,,,,,,,,,,,,166143,,p=wiaczko;n=rurikides,,,,,,,,,,,,,,,Prince_of_Polotsk-1,
Q121366,Q5214062,,,,,,,,,,,,,,,,,,,,,,,,,,,166144,,p=david;n=rurikides;oc=6,,,,,,,,,,,,,,,Prince_of_Polotsk-2,
Q121368,Q1871007,,,,,,,,,,,,,,,,,,,,,,,,,,,,,p=lothar udo;n=von stade,,,dw.5966,,,,,,,,,,Lothar_Udo_I_von_Nordmark_(1),,Stade-54,I00201298
Q121370,Q114212789,,,,,,,,,,,,,,,,,,,,,,,,,,,,,p=adelheid;n=konradiner,,,,,,,,,,,,,Adelheid_von_Oeningen_(1),,Rheinfelden-7,I00201299
Q121372,Q61865793,,,,,,,,,,,,,,,,,,,,,,,,,,,591375,,p=adelheid;n=von stade,,,dw.5960,,,,,,,,,,Princess_Adelheid_(7),,Stade-120,I00029939
Q121374,Q76191570,,,,,,,,,,,,,,,,,,,,,,,,,,,1093243,,p=irmgard;n=von plotzkau,,,,,,,,,,,,p59354.htm#i593531,Ermengardam_of_Plötzkau_(1),,Van_Plotzkau-1,
Q121376,Q2177860,,,,,,,,,,,,,,,,,,,,,,,,,,,,,,,,,,,,,,,,,,Henry_of_The_Nordmark_(1),,,I00310973
Q121378,Q75247814,,,,,,,,,,,,,,,,,,,,,,,,,,,,,,,,,,,,,,,,,p898.htm#i8971,,,,
Q121380,Q21032218,,,,,,,,,,,,,,,,,,,,,,,,,,,,,p=richardis;n=von sponheim,,,,,,,,,,,,,Richgard_von_Sponheim_(1),,,I00549961
Q121382,Q98615,,,,,,,,,,,,,,,,,,,,,,,,,,,,,,,,,,,,,,,,,,,,,
Q121384,Q21035488,,,,,,,,,,,,,,,,,,,,,,,,,,,,,,,,dw.5976,,,,,,,,,,,,,
Q121386,Q1587753,,,,,,,,,,,,,,,,,,,,,,,,,,,,,,,,dw.5977,,,,,,,,,,Hartwig_of_Stade_(1),,,
Q121388,Q2741809,,,,,,,,,,,,,,,,,,,,,,,,,,,,,p=liutgard;n=von stade,,,dw.692,,,,,,,,,p10546.htm#i105451|p899.htm#i8989,Luitgard_von_Stade_(1),,,I00549958
Q121390,Q107067323,,,,,,,,,,,,,,,,,,,,,,,,,,,,,,,,,,,,,,,,,,,,,
Q121392,Q240487,,,,,,,,,,,,,,,,,,,,,,,,,,,137772|145774,,p=friedrich;n=n,,,,,,,,,,,,p67231.htm#i672309,Frederick_De_Buren_(1),,Staufer-25,I00106051
Q121394,Q56273632,,,,,,,,,,,,,,,,,,,,,,,,,,,,,p=ne;n=n;oc=59673,,,,,,,,,,,,,,,,
Q121396,Q2798291,,,,,,,,,,,,,,,,,,I2700,,I19662,,,,,,,125549,,p=wulfhilde;n=von sachsen,,,dw.325,,,,,,,,,p797.htm#i7963,Wulfhilde_Of_Saxony_(1),,Billung-99,I00020370
Q121400,Q366696,,,,,,,,,,,,,,,,,,I3195,,,,,,,,,137010,,p=heinrich;n=welf;oc=5,,,dw.672,,,,,,,,,p11142.htm#i111412,"Henry_X,_Duke_of_Bavaria_(1)",,Bayern-33,I00020371
Q121402,Q788806,,,,,,,,,,,,,,,,,,,,,,,,,,,,,,,,,,,,,,,,,p797.htm#i7967,Konrad_Unknown_(8),,Bavaria-71,I00330298
Q121404,Q130107,,,,,,,,,,,,,,,,,,,,,,,,,,,148274|742063,,p=friedrich;n=von saarbrucken,,,dw.8005,,,,,,,,,p11426.htm#i114252,Frederick_of_Saarbrücken_(1),,Saarbrücken-7,I00105526
Q121406,Q61865819,,,,,,,,,,,,,,,,,,,,,,,,,,,742065,,p=gisele;n=de lorraine,,,sw.212784,,,,,,,,,,Gisela_Unknown_(38),,Lorraine-151,I00105527
Q121408,Q82880,,,,,,,,,,,,,,,,,,,,,,,,,,,,,,,,,,,,,,,,,,,,,
Q121410,Q347484,,,,,,,,,,,,,,,,,,,,,,,,,,,,,p=adalbert;n=von saarbrucken;oc=1,,,,,,,,,,,,,Adalbert_von_Saarbrücken_(1),,,I00105528
Q121414,Q2190533,,,,,,,,,,,,,,,,,,,,,,,,,,,722970,,p=friedrich;n=von hohenstaufen;oc=5,,,,,,,,,,,,p11428.htm#i114276,Frederick_of_Swabia_(1),,Staufer-44,I00348877
Q121416,Q504733,,,,,,,,,,,,,,,,,,,,,,,,,,,472758,,p=konrad;n=von hohenstaufen;oc=1,,,dw.7998,,,,,,,,,p11428.htm#i114276,Friedrich_Unknown_(12),,Staufer-47,
Q121418,Q664749,,,,,,,,,,,,,,,,,,,,,,,,,,,723285,,p=konrad;n=von hohenstaufen;oc=2,,,dw.8001,,,,,,,,,p4188.htm#i41876|p10679.htm#i106789,Duke_Konrad_(1)|Konrad_Unknown_(9),,Staufer-55,I00348876
Q121420,Q544114,,,,,,,,,,,,,,,,,,,,,,,,,,,11537,,p=otto;n=von hohenstaufen;oc=1,,,dw.8000,,,,,,,,,p11428.htm#i114274|p67233.htm#i672322,"Otto_I,_Count_of_Burgundy_(1)",,Staufer-46,I00020143
Q121422,Q61196718,,,,,,,,,,,,,,,,,,,,,,,,,,,722969,,p=beatrix;n=von hohenstaufen,,,,,,,,,,,,,,,Staufer-43,I00106083
Q121424,Q96074885,,,,,,,,,,,,,,,,,,I3245,,,,,,,,,579487,,,,,,,,,,,,,,,"Sophie_daughter_of_Frederick_I,_Holy_Roman_Emperor_(1)",,,I00036276
Q121426,Q44624243,,,,,,,,,,,,,,,,,,,,,,,,,,,723382,,,,,,,,,,,,,,,,,Staufer-54,I00348874
Q121428,Q5260256,,,,,,,,,,,,,,,,,,I3251,,,,,,,,,723410,,p=irmgard;n=von henneberg,,,dw.8007,,,,,,,,,p11426.htm#i114253,Irmengard_of_Henneberg_(1),,Henneberg-43,I00027036
Q121430,Q119918,,,,,,,,,,,,,,,,,,I3249,,,,,,,,,723436,,p=agnes;n=von hohenstaufen,,,dw.1053,,,,,,,,,p10679.htm#i106786,Agnes_of_Hohenstaufen_(1),,Staufer-57,I00020507
Q121432,Q75394313,,,,,,,,,,,,,,,,,,,,,,,,,,,723416,,p=friedrich;n=von hohenstaufen;oc=7,,,dw.8009,,,,,,,,,p11426.htm#i114255,,,Staufer-56,I00106049
Q121434,Q700607,,,,,,,,,,,,,,,,,,,,,,,,,,,11485,,p=mathieu;n=de lorraine,,,dw.8004,,,,,,,,,p4031.htm#i40307,"Matthias_I,_Duke_of_Lorraine_(1)",,Lorraine-149,I00026286
Q121440,Q1223855,,,,,,,,,,,,,,,,,,,,,,,,,,,1002509,,p=thierry;n=de lorraine,,,,,,,,,,,,p4255.htm#i42541|p22869.htm#i228681,Thierry_de_Lorraine_(2),,,
Q121442,Q2310871,,,,,,,,,,,,,,,,,,,,,,,,,,,11493,,p=matthaus;n=de toul,,,,,,,,,,,,p4254.htm#i42539,Matthias_of_Lorraine_(2),,,
Q121444,Q2837304,,,,,,,,,,,,,,,,,,,,,,,,,,,11490,,p=alix;n=de lorraine,,,,,,,,,,,,p4031.htm#i40306,Alix_De_Haute-Lorraine_(1),,Lorraine-130,I00020159
Q121446,Q50825950,,,,,,,,,,,,,,,,,,,,,,,,,,,11491,,p=judith;n=de lorraine,,,,,,,,,,,,p4255.htm#i42542,Judith_of_Lorraine_(1),,Lorraine-131,I00026467
Q121448,Q72789,,,,,,,,,,,,,,,,,,,,,,,,,,,390467,,p=ludwig;n=von thuringen;oc=3,,,dw.8010,,,,,,,,,p11427.htm#i114269,"Louis_II,_Landgrave_of_Thuringia_(1)",,Ludowinger-5,I00029952
Q121450,Q61776,,,,,,,,,,,,,,,,,,,,,,,,,,,10894,,p=hermann;n=von thuringen,,,dw.1198,,,,,,,,,p11403.htm#i114028,"Hermann_I,_Landgrave_of_Thuringia_(1)",,Ludowinger-3,I00029955
Q121452,Q86561,,,,,,,,,,,,,,,,,,,,,,,,,,,,,p=ludwig;n=von thuringen;oc=5,,,dw.773,,,,,,,,,p890.htm#i8893,"Louis_III,_Landgrave_of_Thuringia_(1)",,Ludowinger-15,I00029935
Q121454,Q1401433,,,,,,,,,,,,,,,,,,,,,,,,,,,,,p=heinrich raspe;n=von thuringen;oc=2,,,,,,,,,,,,,,,,I00029972
Q121456,Q1464087,,,,,,,,,,,,,,,,,,,,,,,,,,,,,p=friedrich;n=von thuringen,,,,,,,,,,,,p902.htm#i9019,,,Ludowinger-7,I00029973
Q121458,Q110659174,,,,,,,,,,,,,,,,,,,,,,,,,,,1230597,,p=judith;n=von thuringen;oc=6,,,,,,,,,,,,,,,,I00029954
Q121466,Q1319004,,,,,,,,,,,,,,,,,,I3118,,,,,,,,,90267,,p=gebhard;n=von sulzbach,,,,,,,,,,,,p798.htm#i7975,Gebhard_of_Sulzbach_(1),,Sulzbach-48,I00112666
Q121468,Q6403864,,,,,,,,,,,,,,,,,,,,,,,,,,,,,p=mathilde;n=von sulzbach,,,,,,,,,,,,p40769.htm#i407686,Matilda_of_Sulzbach_(1),,Von_Sulzbach-3,I00424589
Q121470,Q241451,,,,,,,,,,,,,,,,,,I3117,,,,,,,,,723618,,p=berta;n=von sulzbach,,,,,,,,,,,,,Bertha_of_Sulzbach_(1),,Countess_of_Sulzbach-1,I00121199
Q121472,Q5460884,,,,,,,,,,,,,,,,,,I3113,,,,,,,,,11472,,p=lutgardis;n=von sulzbach,,,sw.212558,,,,,,,,,p4033.htm#i40326,Luitgarde_of_Sulzbach_(1),,Sulzbach-4,I00026484
Q121474,Q116175875,,,,,,,,,,,,,,,,,,,,,,,,,,,,,,,,,,,,,,,,,,,,Sulzbach-47,I00424587
Q121476,Q258776,,,,,,,,,,,,,,,,,,,,,,,,,,,723638,,p=gertrud;n=welf,,,dw.803,,,,,,,,,p11427.htm#i114261,Gertrude_of_Bavaria_(1),,Von_Brunswick-18|Welf-19,I00313595
Q121478,Q497573,,,,,,,,,,,,,,,,,,,,,,,,,,,30220,,p=mstislav iziaslavitch;n=rurikides;oc=11,,,dw.555,,,,,,,,,p22081.htm#i220802,Mstislav_II_of_Kiev_(1),,Izyaslavich-7,I00079970
Q121482,Q3486450,,,,,,,,,,,,,,,,,,,,,,,,,,,30223,,p=evdokia;n=rurikides;oc=11,,,dw.538,,,,,,,,,p11460.htm#i114598,Eudoxia_of_Kiev_(1),,Izjasławówna-1,I00122051
Q121484,Q9385021,,,,,,,,,,,,,,,,,,,,,,,,,,,30222,,p=iaropolk iziaslavitch;n=rurikides;oc=5,,,,,,,,,,,,,,,Izyaslavich-3,
Q121486,Q61139850,,,,,,,,,,,,,,,,,,,,,,,,,,,,,,,,,,,,,,,,,p403.htm#i4025,,,,I00279400
Q121489,Q61139907,,,,,,,,,,,,,,,,,,,,,,,,,,,,,,,,,,,,,,,,,p403.htm#i4028,,,,
Q121491,Q59784436,,,,,,,,,,,,,,,,,,,,,,,,,,,,,,,,,,,,,,,,,p403.htm#i4023,,,Hohenlohe-42,I00279402
Q121495,Q2005864,,,,,,,,,,,,,,,,,,,,,,,,,,,909476,,p=ulric;n=przemyslide,,,dw.410,,,,,,,,,,"Udalrich_II,_Duke_of_Moravia_(1)",,,I00330297
Q121497,Q2108627,,,,,,,,,,,,,,,,,,,,,,,,,,,161230,,p=vladislav;n=przemyslide;oc=5,,,dw.412,,,,,,,,,,Vladislaus_of_Olomouc_(1),,,I00330294
Q121499,Q703838,,,,,,,,,,,,,,,,,,,,,,,,,,,909480|161262,,p=wenceslas;n=przemyslide;oc=12,,,dw.411,,,,,,,,,p15005.htm#i150041,"Wenceslaus_II,_Duke_of_Bohemia_(1)",,,I00330296
Q121503,Q69353,,,,,,,,,,,,,,,,,,,,,,,,,,,906356,,p=hermann;n=zahringen;oc=2,,,dw.671,,,,,,,,,p15192.htm#i151917,"Herman_III,_Margrave_of_Baden_(1)",,Von_Baden-1,I00106354
Q121505,Q87099,,,,,,,,,,,,,,,,,,,,,,,,,,,,,,,,,,,,,,,,,,,,,
Q121523,Q5068474,,,,,,,,,,,,,,,,,,,,,,,,,,,498329,,p=helene;n=arpad,,,dw.5985,,,,,,,,,p11405.htm#i114042,Helena_of_Hungary_(1),,Arpadhazi-71,I00020741
Q121525,Q433963,,,,,,,,,,,,,,,,,,,,,,,,,,,722535,,p=friedrich;n=von babenberg,,,dw.6527,,,,,,,,,p11405.htm#i114043,"Frederick_I,_Duke_of_Austria_(Babenberg)_(1)",,Austria-5,I00744416
Q121529,Q87051,,,,,,,,,,127537441,,,,,,,,,,,,,,,,,161250,,p=istvan;n=arpad;oc=3,,,dw.5984,,,,,,,,,p11406.htm#i114051,Stephen_III_of_Hungary_(1),,Arpadhazi-69,I00020757
Q121531,Q570497,,,,,,,,,,,,,,,,,,,,,,,,,,,710175,,p=hermann;n=von sponheim,,,dw.6002,,,,,,,,,p11405.htm#i114050,"Herman_II,_Duke_of_Carinthia_(1)",,,I00424590
Q121533,Q558946,,,,,,,,,,,,,,,,,,,,,,,,,,,710179,,,,,dw.2858,,,,,,,,,p61970.htm#i619691,Bernhard_von_Spanheim_(1),,,I00392926
Q121535,Q473490,,,,,,,,,,,,,,,,,,,,,,,,,,,,,,,,,,,,,,,,,p11426.htm#i114258,Ulrich_of_Carinthia_(2),,,
Q121537,Q854228,,,,,,,,,,,,,,,,,,,,,,,,,,,,,,,,,,,,,,,,,,Béla_of_Hungary_(2),,,
Q121539,Q781899,,,,,,,,,,,,,,,,,,,,,,,,,,,722584,,p=rixa;n=premyslide,,,dw.689,,,,,,,,,p11406.htm#i114053,Richeza_of_Bohemia_(1),,UNKNOWN-78541,
Q121541,Q75394150,,,,,,,,,,,,,,,,,,,,,,,,,,,,,p=heinrich;n=von babenberg;oc=2,,,,,,,,,,,,p11406.htm#i114054,,,,
Q121543,Q110260551,,,,,,,,,,,,,,,,,,,,,,,,,,,722527,,p=heinrich;n=von sinzing;oc=5,,,,,,,,,,,,,,,,I00027330
Q121545,Q4189502,,,,,,,,,,,,,,,,,,,,,,,,,,,173176,,p=zvenislava;n=rurikides;oc=1,,,dw.628,,,,,,,,,,Svenislava_Vsevolodovna_(1),,Vsevolodovna-1,I00079770
Q121547,Q11748643,,,,,,,,,,,,,,,,,,,,,,,,,,,173201,,p=christine;n=n;oc=3,,,dw.631,,,,,,,,,,,,UNKNOWN-78187,I00079769
Q121551,Q53445,,,,,,,,,,,,,,,,,,,,,,,,,,,45884,,p=henryk i brodaty;n=piast;oc=2,,,dw.632,,,,,,,,,p15227.htm#i152264,Henry_I_the_Bearded_(1),,Piast-168,I00030718
Q121552,Q9140803,,,,,,,,,,,,,,,,,,,,,,,,,,,173207,,,,,dw.636,,,,,,,,,,,,Silesia-6,
Q121554,Q5545491,,,,,,,,,,,,,,,,,,,,,,,,,,,344866,,p=ludmilla;n=n,,,dw.640,,,,,,,,,,Princess_Ludmila_(1),,,I00139536
Q121556,Q667930,,,,,,,,,,,,,,,,,,,,,,,,,,,344859,,p=kazimierz i opolski;n=piast,,,dw.641,,,,,,,,,p11466.htm#i114656,Casimir_I_of_Opole_(1),,Piast-116,I00119067
Q121558,Q9255774,,,,,,,,,,,,,,,,,,,,,,,,,,,,,,,,dw.644,,,,,,,,,,,,,
Q121562,Q12213263,,,,,,,,,,,,,,,,,,I2705,,,,,,,,,11542,,p=theodora;n=angelos,,,,,,,,,,,,,,,,I00473520
Q121564,Q124038461,,,,,,,,,,,,,,,,,,,,,,,,,,,,,,,,,,,,,,,,,,,,,I00473519
Q121566,Q234706,,,,,,,,,,,,,,,,,,I3058,,,,,,,,,396832,,p=marie;n=di monferrato,,,,,,,,,,,,p824.htm#i8238,Maria_of_Montferrat_(1),,Montferrat-20,I00026637
Q121570,Q345687,,,,,,,,,,,,,,,,,,,,,,,,,,,396836,,p=baudouin;n=di monferrato;oc=5,,,,,,,,,,,,p824.htm#i8231,Baldwin_V_of_Jerusalem_(1),,Montferrat-23,I00027232
Q121572,Q51885885,,,,,,,,,,,,,,,,,,I2702,,,,,,,,,153265,,p=elena;n=di busca,,,,,,,,,,,,p61482.htm#i614812,,,Bosco-32,I00027074
Q121574,Q774723,,,,,,,,,,,,,,,,,,I2703,,,,,,,,,579474,,p=marguerite;n=arpad,,,dw.1721,,,,,,,,,p10465.htm#i104648,Margaret_Hungary_(1),,Arpadhazi-53,I00020752
Q121576,Q16721954,,,,,,,,,,,,,,,,,,,,,,,,,,,472077,,p=eleonore;n=de savoie;oc=2,,,,,,,,,,,,,,,Savoie-660,
Q121580,Q625756,,,,,,,,,,,,,,,,,,,,,,,,,,,579472,,p=demetrios;n=di monferrato,,,,,,,,,,,,p11459.htm#i114589,Demetrius_of_Montferrat_(1),,Montferrat-1,I00027075
Q121582,Q660333,,,,,,,,,,,,,,,,,,,,,,,,,,,12958,,p=agnes;n=di monferrato,,,,,,,,,,,,,Agnes_of_Montferrat_(1),,,I00027076
Q121584,Q291231,,,,,,,,,,,,,,,,,,,,,,,,,,,579162,,p=maria;n=komnena;oc=8,,,,,,,,,,,,p11329.htm#i113288,Maria_Komnene_(Porphyrogenita)_(1),,Komnene-2,I00121201
Q121588,Q59564020,,,,,,,,,,,,,,,,,,,,,,,,,,,573889,,p=bonifacio;n=di saluzzo;oc=1,,,,,,,,,,,,,Bonifacio_Del_Vesto_(1),,Saluzzo-8,I00027220
Q121590,Q59564165,,,,,,,,,,,,,,,,,,,,,,,,,,,,,,,,,,,,,,,,,,Agnese_di_Saluzzo_(3),,,I00550071
Q121592,Q116169039,,,,,,,,,,,,,,,,,,,,,,,,,,,,,p=marie;n=di saluzzo,,,,,,,,,,,,,Miss_Saluzzo_(1),,Saluzzo-11,I00316365
Q121594,Q681116,,,,,,,,,,,,,,,,,,,,,,,,,,,579088,,p=enrico;n=del carretto;oc=4,,,,,,,,,,,,,Enrico_del_Vasto_(1)|Henry_del_Vasto_(1),,,I00439125
Q121596,Q3613824,,,,,,,,,,,,,,,,,,,,,,,,,,,,,p=ambrogio;n=del carretto,,,,,,,,,,,,,Ambrogio_Del_Carretto_(1),,,
Q121598,Q3887340,,,,,,,,,,,,,,,,,,,,,,,,,,,,,p=ottone;n=del carretto,,,,,,,,,,,,,Ottone_del_Carretto_(1),,,
Q121600,Q3642134,,,,,,,,,,,,,,,,,,,,,,,,,,,,,p=bonifacio;n=del carretto,,,,,,,,,,,,,Bonifacio_Unknown_(5),,,
Q121602,Q41240936,,,,,,,,,,,,,,,,,,,,,,,,,,,579094,,p=enrico;n=del carretto,,,,,,,,,,,,,Enrico_Del_Carretto_(1),,,I00550290
Q121604,Q292132,,,,,,,,,,,,,,,,,,,,,,,,,,,12890,,p=beatrice;n=d albon,,,,,,,,,,,,p4031.htm#i40308,Béatrice_of_Albon_(1)|Beatrix_De_Viennois_(5),,Albon-33,I00027086
Q121606,Q2613844,,,,,,,,,,,,,,,,,,,,,,,,,,,493049,,p=rixa;n=von berg,,,dw.403,,,,,,,,,p11393.htm#i113922,Richeza_of_Berg_(1),,Berg-445,I00020275
Q121608,Q5081413,,,,,,,,,,,,,,,,,,,,,,,,,,,909522,,,,,dw.404,,,,,,,,,,,,,I00330293
Q121610,Q5080867,,,,,,,,,,,,,,,,,,,,,,,,,,,161263,,p=henri;n=premyslide;oc=1,,,dw.407,,,,,,,,,p11393.htm#i113927,,,,I00330288
Q121612,Q325299,,,,,,,,,,,,,,,,,,,,,,,,,,,909521,,p=depolt;n=premyslide;oc=1,,,dw.406,,,,,,,,,p11393.htm#i113924|p902.htm#i9012,Děpold_of_Jamnitz_(1),,Přemyslovci-25,I00140312
Q121614,Q47629,,,,,,,,,,,,,,,,,,,,,,,,,,,,,,,,,,,,,,,,,,,,,
Q121618,Q506060,,,,,,,,,,,,,,,,,,,,,,,,,,,909595,,p=vladislav;n=premyslide;oc=3,,,dw.688,,,,,,,,,p11394.htm#i113933,Vladislaus_III_of_Bohemia_(1),,Český-6,
Q121620,Q2520202,,,,,,,,,,,,,,,,,,,,,,,,,,,498323,,p=elisabeth;n=arpad,,,dw.709,,,,,,,,,p11300.htm#i112999,Elisabeth_of_Hungary_(1),,Arpadhazi-70,I00020281
Q121622,Q462661,,,,,,,,,,,,,,,,,,I3255,,,,,,,,,10900,,p=ludmilla;n=premyslide,,,dw.712,,,,,,,,,p11395.htm#i113941,Ludmilla_Bohemia_(1),,Bohemia-58,I00020283
Q121624,Q10296409,,,,,,,,,,,,,,,,,,,,,,,,,,,318803,,p=zofie;n=premyslide,,,dw.711,,,,,,,,,p11395.htm#i113944,Sophie_of_Bohemia_(1),,UNKNOWN-78422,I00118608
Q121626,Q75394062,,,,,,,,,,,,,,,,,,,,,,,,,,,909588,,p=vratislav;n=premyslide,,,dw.713,,,,,,,,,p11394.htm#i113940,,,UNKNOWN-78765,
Q121628,Q122706310,,,,,,,,,,,,,,,,,,,,,,,,,,,498327,,,,,,,,,,,,,,,,,Arpadhazi-76,I00020738
Q121630,Q3419203,,,,,,,,,,,,,,,,,,,,,,,,,,,12963,,p=raoul;n=de roucy,,,,,,,,,,,,,Raoul_De_Roucy_(1),,,I00139793
Q121632,Q3172725,,,,,,,,,,,,,,,,,,,,,,,,,,,,,p=jean;n=de roucy;oc=5,,,,,,,,,,,,,,,,I00510127
Q121634,Q108937562,,,,,,,,,,,,,,,,,,,,,,,,,,,883725,,p=eustachie;n=de roucy,,,,,,,,,,,,,Eustachie_De_Roucy_(1),,Roucy-59,I00515109
Q121636,Q513229,,,,,,,,,,,,,,,,,,,,,,,,,,,318378,,p=thiemo;n=wettin,,,dw.175,,,,,,,,,p889.htm#i8887,Thiemo_Wettin_(1),,Wettin-68,I00022876|I00022878
Q121638,Q75247718,,,,,,,,,,,,,,,,,,,,,,,,,,,770196,,p=ida;n=von northeim,,,dw.883,,,,,,,,,p891.htm#i8901,Ida_Northheim_(1),,Bayern-42,I00022877
Q121640,Q875452,,,,,,,,,,,,,,,,,,,,,,,,,,,617049,,p=dedo;n=wettin,,,dw.884,,,,,,,,,p893.htm#i8926,,,,I00330308
Q121642,Q2788640,,,,,,,,,,,,,,,,,,,,,,,,,,,629025,,p=mathilde;n=von heinsberg,,,dw.905,,,,,,,,,p847.htm#i8464,Mathilde_Von_Heinsberg_(1),,Heinsberg-14,I00079715
Q121644,Q89606,,,,,,,,,,,,,,,,,,,,,,,,,,,174482,,p=conrad;n=wettin;oc=1,,,dw.825,,,,,,,,,p781.htm#i7806,"Conrad_II,_Margrave_of_Lusatia_(1)|Marques_Lusatia_(1)",,Van_Saksen_Wettin-1,I00079716
Q121646,Q3488841,,,,,,,,,,,,,,,,,,,,,,,,,,,629019,,p=agnes;n=wettin;oc=1,,,dw.909,,,,,,,,,p847.htm#i8469,Agnes_Of_Rochlitz_(1),,Rochlitz-1,I00033351
Q121648,Q75247167,,,,,,,,,,,,,,,,,,,,,,,,,,,,,,,,,,,,,,,,,p847.htm#i8467,,,,
Q121650,Q75247169,,,,,,,,,,,,,,,,,,,,,,,,,,,629026,,,,,,,,,,,,,,p847.htm#i8468,Dietrich_von_Wettin_(1),,,
Q121652,Q75247166,,,,,,,,,,,,,,,,,,,,,,,,,,,629027,,,,,,,,,,,,,,p847.htm#i8466,,,,
Q121654,Q75247172,,,,,,,,,,,,,,,,,,,,,,,,,,,,,,,,,,,,,,,,,p847.htm#i8470,,,,
Q121656,Q27861936,,,,,,,,,,,,,,,,,,,,,,,,,,,,,,,,dw.545,,,,,,,,,p899.htm#i8983,,,,
Q121658,Q69143202,,,,,,,,,,,,,,,,,,,,,,,,,,,,,,,,,,,,,,,,,p899.htm#i8987,,,,
Q121660,Q75247834,,,,,,,,,,,,,,,,,,,,,,,,,,,,,,,,,,,,,,,,,p899.htm#i8984,,,,
Q121666,Q65224595,,,,,,,,,,,,,,,,,,,,,,,,,,,,,,,,,,,,,,,,,,,,,I00360294
Q121668,Q65224669,,,,,,,,,,,,,,,,,,,,,,,,,,,,,,,,,,,,,,,,,,,,,I00201303
Q121670,Q65224739,,,,,,,,,,,,,,,,,,,,,,,,,,,,,,,,,,,,,,,,,,,,,
Q121672,Q381042,,,,,,,,,,,,,,,,,,,,,,,,,,,617018,,p=svend;n=de danemark;oc=3,,,dw.895,,,,,,,,,p10545.htm#i105448,Sweyn_III_of_Denmark_(1),,Eriksson-825,I00535117
Q121674,Q44191350,,,,,,,,,,,,,,,,,,,,,,,,,,,799948,,p=albrecht;n=askanier,,,,,,,,,,,,p4039.htm#i40387,,,Askanier-33,I00030597
Q121676,Q117480396,,,,,,,,,,,,,,,,,,,,,,,,,,,617017,,,,,,,,,,,,,,,Luitgard_of_Denmark_(1),,,I00033347
Q121678,Q75288330,,,,,,,,,,,,,,,,,,,,,,,,,,,,,,,,,,,,,,,,,p4039.htm#i40389,,,,I00030600
Q121680,Q116133764,,,,,,,,,,,,,,,,,,,,,,,,,,,,,,,,,,,,,,,,,,,,Ballenstedt-3,I00163313
Q121682,Q117749887,,,,,,,,,,,,,,,,,,,,,,,,,,,,,p=adelheid;n=askanier,,,,,,,,,,,,,,,,
Q121684,Q1593428,,,,,,,,,,,,,,,,,,,,,,,,,,,318898,,p=hedwig;n=askanier,,,dw.888,,,,,,,,,p848.htm#i8474,Hedwig_of_Brandenburg_(3),,Askanier-8,I00022866
Q121686,Q41874,,,,,,,,,,,,,,,,,,,,,,,,,,,,,,,,,,,,,,,,,,,,,
Q121688,Q62576,,,,,,,,,,,,,,,,,,,,,,,,,,,318792,,p=albrecht;n=wettin;oc=8,,,dw.889,,,,,,,,,p11395.htm#i113945,"Albert,_Margrave_of_Meissen_(1)",,Wettin-109,I00118607
Q121690,Q64231,,,,,,,,GWSZ-G12,,,,,,,,,,,,,,,,,,,318878,,p=adela;n=wettin;oc=1,,,dw.718,,,,,,,,,p11395.htm#i113946,Adelheid_of_Meissen_(2),,Meissen-6,I00433957
Q121692,Q75247922,,,,,,,,,,,,,,,,,,,,,,,,,,,318886,,p=sophie;n=wettin;oc=3,,,,,,,,,,,,p905.htm#i9044,Sophie_of_Meissen_(1),,Wettin-153,
Q121694,Q11715955,,,,,,,,,,,,,,,,,,,,,,,,,,,1396120,,p=hedvika;n=premyslide,,,,,,,,,,,,p902.htm#i9011,Jadwiga_Przemyślidka_(1),,Přemyslovci-24,I00079712
Q121696,Q1712075,,,,,,,,,,,,,,,,,,,,,,,,,,,,,,,,,,,,,,,,,p902.htm#i9015,,,,
Q121698,Q1459923,,,,,,,,,,,,,,,,,,,,,,,,,,,,,p=friedrich;n=wettin;oc=4,,,,,,,,,,,,p902.htm#i9016,,,Wettin-136,I00079713
Q121700,Q75247885,,,,,,,,,,,,,,,,,,,,,,,,,,,,,,,,,,,,,,,,,p902.htm#i9017,,,,
Q121704,Q2476045,,,,,,,,,,,,,,,,,,,,,,,,,,,600990,,,,,,,,,,,,,,p900.htm#i8992,,,Wettin-5,I00542218
Q121706,Q55397832,,,,,,,,,,,,,,,,,,,,,,,,,,,,,,,,,,,,,,,,,p900.htm#i8991,,,,
Q121708,Q75247847,,,,,,,,,,,,,,,,,,,,,,,,,,,,,,,,,,,,,,,,,p900.htm#i8993,,,,
Q121710,Q75247849,,,,,,,,,,,,,,,,,,,,,,,,,,,600997,,,,,,,,,,,,,,p900.htm#i8994,,,,
Q121712,Q110426556,,,,,,,,,,,,,,,,,,,,,,,,,,,127734,,p=rudiger;n=von veltheim,,,,,,,,,,,,,Ruotger_von_Veltheim_(1),,Veltheim-1,I00208153
Q121714,Q110426557,,,,,,,,,,,,,,,,,,,,,,,,,,,127735,,p=heiliga;n=von schweinfurt,,,,,,,,,,,,,Isingardis_von_Pettendorf_(1),,Lengenfeld-4,I00208154
Q121716,Q50609,,,,,,,,,,,,,,,,,,,,,,,,,,,,,,,,,,,,,,,,,,,,,
Q121720,Q43737,,,,,,,,,,,,,,,,,,,,,,,,,,,,,,,,,,,,,,,,,,,,,
Q121722,Q20498505,,,,,,,,,,,,,,,,,,,,,,,,,,,123194,,p=otto;n=von wittelsbach;oc=6,,,dw.8102,,,,,,,,,p67332.htm#i673312,Otto_of_Wittelsbach_(1),,Wittelsbach-188,I00036568
Q121724,Q12297768,,,,,,,,,,,,,,,,,,,,,,,,,,,,,p=friedrich;n=von wittelsbach,,,dw.8101,,,,,,,,,,,,,I00522698
Q121726,Q80909567,,,,,,,,,,,,,,,,,,,,,,,,,,,435080,,p=hedwig;n=von wittelsbach,,,dw.8105,,,,,,,,,,Hedwig_Wittlesbach_(1),,Schweinfurt-14|Wittelsbach-103,I00028119
Q121728,Q120637116,,,,,,,,,,,,,,,,,,,,,,,,,,,,,p=adelheid;n=von wittelsbach,,,,,,,,,,,,,,,,I00036560
Q121730,Q12276159,,,,,,,,,,,,,,,,,,,,,,,,,,,,,p=gerhard;n=von stein und waldeck,,,,,,,,,,,,,,,,I00033360
Q121732,Q25487044,,,,,,,,,,,,,,,,,,,,,,,,,,,,,,,,,,,,,,,,,,,,,I00033364
Q121734,Q31191171,,,,,,,,,,,,,,,,,,,,,,,,,,,,,p=otto;n=von sinzing;oc=1,,,,,,,,,,,,,,,Babonen-3,
Q121736,Q31191628,,,,,,,,,,,,,,,,,,,,,,,,,,,,,p=otto;n=von sinzing;oc=2,,,,,,,,,,,,,,,,I00522693
Q121738,Q90362,,,,,,,,,,,,,,,,,,,,,,,,,,,,,,,,,,,,,,,,,,,,,
Q121740,Q1481103,,,,,,,,,,,,,,,,,,,,,,,,,,,390477,,p=sophie;n=von winzenburg,,,dw.912,,,,,,,,,p905.htm#i9041,Sophie_of_Winzenburg_(1),,Winzenburg-7,I00030043
Q121742,Q813279,,,,,,,,,,,,,,,,,,,,,,,,,,,,,,,,,,,,,,,,,,Beatrix_of_Quedlinburg_(1),,,
Q121744,Q75247852,,,,,,,,,,,,,,,,,,,,,,,,,,,,,p=ne;n=von winzenburg,,,,,,,,,,,,p900.htm#i8996,,,,
Q121746,Q366745,,,,,,,,,,8607678,,,,,,,,I4806,,,,,,,,,142626,,p=duncan;n=of scotland;oc=2,,,,,,,,,,,,p10474.htm#i104735,Duncan_II_of_Scotland_(1),,Dunkeld-47,I00022606
Q121748,Q110383325,,,,,,,,,,,,,,,,,,,,,,,,,,,,,,,,,,,,,,,,,,,,,I00424611
Q121750,Q1908620,,,,,,,,,,,,,,,,,,,,,,,,,,,438661,,p=mathieu;n=de montmorency;oc=2,,,,,,,,,,,,p72640.htm#i726394,Mathieu_Ler_de_Marly_(1),,Montmorency-42,I00007043
Q121752,Q894965,,,,,,,,,,,,,,,,,,,,,,,,,,,12192,,p=bouchard;n=de montmorency;oc=5,,,,,,,,,,,,p453.htm#i4529,Bouchard_Unknown_(7),,Montmorency-9,I00026319
Q121754,Q113014743,,,,,,,,,,,,,,,,,,,,,,,,,,,,,p=henri;n=de montmorency,,,,,,,,,,,,p11358.htm#i113575,,,,I00330821
Q121756,Q113014766,,,,,,,,,,,,,,,,,,,,,,,,,,,,,p=thibaud;n=de montmorency,,,,,,,,,,,,p72640.htm#i726393,,,,I00330822
Q121758,Q113014788,,,,,,,,,,,,,,,,,,,,,,,,,,,,,p=herve;n=de montmorency;oc=3,,,,,,,,,,,,p19829.htm#i198286,,,,I00330823
Q121760,Q75383206,,,,,,,,,,,,,,,,,,,,,,,,,,,,,,,,,,,,,,,,,p10360.htm#i103595,Edith_Unknown_(173),,,I00424605
Q121762,Q75384506,,,,,,,,,,,,,,,,,,,,,,,,,,,323535,,p=beatrix;n=fitzwilliam,,,,,,,,,,,,p10470.htm#i104700,Beatrice_Fitzwilliam_(5),,FitzWilliam-454,I00114020
Q121764,Q18607568,,,,,,,,,,,,,,,,,,,,,,,,,,,323518,,p=mathilde;n=de cornouailles,,,,,,,,,,,,p10471.htm#i104702,Maud_de_Dunstanville_(1),,Cornwall-723,I00114022
Q121766,Q18607690,,,,,,,,,,,,,,,,,,,,,,,,,,,998915|702582,,p=emma;n=de cornouailles,,,,,,,,,,,,p4168.htm#i41676,Emma_of_Cornwall_(1),,Cornwall-466,I00484085
Q121768,Q18576308,,,,,,,,,,,,,,,,,,,,,,,,,,,,,,,,,,,,,,,,,p10471.htm#i104703,Henry_Fitzcount_(1),,FitzConte-2,
Q121770,Q75290869,,,,,,,,,,,,,,,,,,,,,,,,,,,964782|702627,,p=ursula;n=de cornouailles,,,,,,,,,,,,p4207.htm#i42061,Ursula_De_Dunstanville_(1),,Dunstanville-35,I00148731
Q121772,Q75290873,,,,,,,,,,,,,,,,,,,,,,,,,,,480729,,p=sarah;n=de cornouailles,,,,,,,,,,,,p4207.htm#i42063,Sarah_De_Dunstanville_(2),,Dunstanville-28,I00139543
Q121774,Q75384505,,,,,,,,,,,,,,,,,,,,,,,,,,,702575,,,,,,,,,,,,,,p10470.htm#i104699,Nicholas_De_Dunstanville_(1),,Dunstanville-9,
Q121776,Q75384508,,,,,,,,,,,,,,,,,,,,,,,,,,,702590,,p=denise;n=de cornouailles;oc=1,,,,,,,,,,,,p10471.htm#i104701,Hawyse_De_Dunstanville_(1),,Dunstanville-34,I00148733
Q121778,Q449000,,,,,,,,L66G-XS3,,,,,,,,,,,,,,,,,,,323136,,p=nesta;n=of south wales,,,,,,,,,,,,p10468.htm#i104677,Nest_ferch_Rhys_(1),,Ferch_Rhys-23,I00117226
Q121780,Q18535434,,,,,,,,,,,,,,,,,,,,,,,,,,,,,,,,,,,,,,,,,p10469.htm#i104686,,,De_Windsor-26,
Q121782,Q3400910,,,,,,,,,,,,,,,,,,,,,,,,,,,,,,,,,,,,,,,,,p10468.htm#i104680,Robert_FitzStephen_(1),,FitzStephen-5,
Q121786,Q5233665,,,,,,,,,,,,,,,,,,,,,,,,,,,,,,,,,,,,,,,,,p10469.htm#i104685,,,,I00453396
Q121788,Q116172114,,,,,,,,,,,,,,,,,,,,,,,,,,,,,p=ne;n=n;oc=35562,,,,,,,,,,,,,,,,I00385361
Q121790,Q6810095,,,,,,,,G78V-GDQ,,,,,,,,,,,,,,,,,,,,,p=meiler;n=fitzhenry,,,,,,,,,,,,p10469.htm#i104688,Meiler_Fitz_Henry_(1),,FitzHenry-102,
Q121792,Q75384488,,,,,,,,,,,,,,,,,,,,,,,,,,,,,p=robert;n=fitzhenry,,,,,,,,,,,,p10469.htm#i104687,Robert_Fitz_Henry_(1),,FitzHenry-103,
Q121794,Q75384491,,,,,,,,,,,,,,,,,,,,,,,,,,,,,p=morgan;n=fitzhenry,,,,,,,,,,,,p10469.htm#i104689,,,,
Q121796,Q75384493,,,,,,,,,,,,,,,,,,,,,,,,,,,,,p=amabel;n=fitzhenry,,,,,,,,,,,,p10469.htm#i104690,Amalbis_Fitzhenry_(1),,Fitzhenry-19,I00385364
Q121798,Q117303291,,,,,,,,,,,,,,,,,,,,,,,,,,,,,,,,,,,,,,,,,,Unknown_Unknown_(5056),,,I00424600
Q121800,Q3841908,,,,,,,,,,,,,,,,,,I5136,,,,,,,,,596333,,p=maud;n=de creully,,,,,,,,,,,,p10472.htm#i104713,Mabel_FitzRobert_(1),,FitzRobert-131,I00027783
Q121806,Q7264654,,,,,,,,,,,,,,,,,,,,,,,,,,,702469,,p=roger;n=de gloucester,,,,,,,,,,,,p10472.htm#i104714,Roger_of_Worcester_(1),,FitzRobert-120,I00027787
Q121808,Q3431361,,,,,,,,,,,,,,,,,,,,,,,,,,,702546,,p=richard;n=de gloucester,,,,,,,,,,,,p10472.htm#i104720,,,,I00027788
Q121811,Q75384516,,,,,,,,,,,,,,,,,,,,,,,,,,,702471,,,,,,,,,,,,,,p10472.htm#i104715,Hamon_Fitzrobert_(1),,FitzRobert-121,I00027789
Q121813,Q75384517,,,,,,,,,,,,,,,,,,,,,,,,,,,702542,,,,,,,,,,,,,,p10472.htm#i104716,Philip_Fitzrobert_(1),,,
Q121815,Q75384518,,,,,,,,,,,,,,,,,,,,,,,,,,,702470,,p=richard;n=de creully,,,,,,,,,,,,p10472.htm#i104717,Richard_Fitzrobert_(1),,FitzRobert-117,
Q121817,Q75384520,,,,,,,,,,,,,,,,,,,,,,,,,,,,,,,,,,,,,,,,,p10472.htm#i104719,Mabel_Fitzrobert_(1),,,
Q121819,Q75384523,,,,,,,,,,,,,,,,,,,,,,,,,,,702524,,,,,,,,,,,,,,p10473.htm#i104721,Robert_Fitzrobert_(1),,,
Q121821,Q97532178,,,,,,,,,,,,,,,,,,,,,,,,,,,,,p=mabile;n=de gloucester,,,,,,,,,,,,,,,Gloucester-4,I00291728
Q121823,Q5338548,,,,,,,,,,,,,,,,,,,,,,,,,,,141862,,p=edith;n=sigulfson,,,,,,,,,,,,p10467.htm#i104663,Edith_Fitzforne_(1),,Greystoke-104,I00076155
Q121825,Q75384461,,,,,,,,,,,,,,,,,,,,,,,,,,,463872,,,,,,,,,,,,,,p10467.htm#i104665,,,Avranches-31,I00076157
Q121827,Q75384459,,,,,,,,,,,,,,,,,,,,,,,,,,,323452,,p=mathilde;n=de sutton,,,,,,,,,,,,p10467.htm#i104664,Matilda_Unknown_(266)|Unknown_Maud_(4),,FitzRobert-128,I00076158
Q121831,Q28511521,,,,,,,,,,,,,,,,,,,,,,,,,,,668932,,,,,,,,,,,,,,p10475.htm#i104745,Mary_Plantagenet_(36),,Plantagenet-1061,I00398919
Q121837,Q11989934,,,,,,,,,,,,,,,,,,,,,,,,,,,,,,,,,,,,,,,,,p10477.htm#i104761,Morgan_Unknown_(10),,,
Q121839,Q75384710,,,,,,,,,,,,,,,,,,,,,,,,,,,,,p=peter;n=plantagenet,,,,,,,,,,,,p10492.htm#i104917,Peter_Lincoln_(2),,,
Q121841,Q75384389,,,,,,,,,,,,,,,,,,,,,,,,,,,,,,,,,,,,,,,,,p10460.htm#i104595,,,,
Q121843,Q75384706,,,,,,,,,,,,,,,,,,,,,,,,,,,,,,,,,,,,,,,,,p10492.htm#i104914,,,Plantagenet-1066,
Q121845,Q75384707,,,,,,,,,,,,,,,,,,,,,,,,,,,,,,,,,,,,,,,,,p10492.htm#i104915,,,,
Q121847,Q75384709,,,,,,,,,,,,,,,,,,,,,,,,,,,,,,,,,,,,,,,,,p10492.htm#i104916,,,,
Q121849,Q75382435,,,,,,,,,,,,,,,,,,,,,,,,,,,,,,,,,,,,,,,,,p10253.htm#i102523,,,,
Q121851,Q654278,,,,,,,,,,,,,,,,,,,,,,,,,,,414389|668954,,p=dafydd;n=of gwynedd,,,,,,,,,,,,p10260.htm#i102597,Dafydd_ab_Owain_Gwynedd_(1),,Ab_Owain_Gwynedd-1,I00395933
Q121853,Q3121856,,,,,,,,,,,,,,,,,,,,,,,,,,,702587|909954,,p=guy;n=de laval;oc=34,,,,,,,,,,,,p4168.htm#i41677,Guy_Laval_(2)|Guy_Laval_(6),,Laval-60,I00026210
Q121855,Q11779393,,,,,,,,,,,,,,,,,,,,,,,,,,,45491,,,,,dw.146,,,,,,,,,,Mihaly_Arpad_(2),,Arpadhazi-11,I00020704
Q121857,Q9140796,,,,,,,,,,,,,,,,,,,,,,,,,,,45531,,,,,psb.71.1,,,,,,,,,p67281.htm#i672809,Adelajda_(2),,Polska-2,I00200286
Q121859,Q8422489,,,,,,,,,,,,,,,,,,,,,,,,,,,45718,,,,,dw.161,,,,,,,,,,Władysław_Łysy_(1),,Arpadhazi-84,I00020705
Q121861,Q61578041,,,,,,,,,,,,,,,,,,,,,,,,,,,,,,,,,,,,,,,,,p67231.htm#i672303,,,Bulgaria-2,I00735393
Q121863,Q747939,,,,,,,,,,,,,,,,,,,,,,,,,,,,,,,,,,,,,,,,,,,,,I00020772
Q121865,Q355013,,,,,,,,,,,,,,,,,,,,,,,,,,,45483,,p=bretislav;n=premyslide,,,dw.390,,,,,,,,,p15004.htm#i150032,"Bretislaus_I,_Duke_of_Bohemia_(1)",,Přemyslovci-15,I00020268
Q121867,Q61978,,,,,,,,,,148730246,,,,,,,,,,,,,,,,,261972,,p=judith;n=von schweinfurt;oc=1,,,dw.391,,,,,,,,,,Judith_of_Schweinfurt_(1),,Schweinfurt-1,I00020269
Q121869,Q1383234,,,,,,,,,,,,,,,,,,,,,,,,,,,909463,,p=otton;n=premyslide;oc=1,,,dw.327,,,,,,,,,p11411.htm#i114106|p15004.htm#i150037,Otto_I_of_Olomouc_(1),,Duke_of_Moravia-2,I00330264
Q121875,Q712570,,,,,,,,,,,,,,,,,,,,,,,,,,,909462,,p=jaromir;n=premyslide,,,dw.394,,,,,,,,,,Prince_Jaromir_(1),,Přemyslovci-27,I00705815
Q121877,Q3510845,,,,,,,,,,,,,,,,,,,,,,,,,,,909470,,p=liutgarde;n=de bogen,,,dw.395,,,,,,,,,,Countess_Luitgard_(2),,Bogen-65,I00330286
Q121879,Q9180874,,,,,,,,,,,,,,,,,,,,,,,,,,,161214,,,,,dw.396,,,,,,,,,,,,Přemyslovci-19,I00330287
Q121881,Q470647,,,,,,,,,,,,,,,,,,,,,,,,,,,556087,,,,,dw.334,,,,,,,,,p11411.htm#i114108,Dmitar_Zvonimir_(1),,,I00020740
Q121883,Q12634567,,,,,,,,,,,,,,,,,,,,,,,,,,,,,,,,,,,,,,,,,,,,,
Q121885,Q12640932,,,,,,,,,,,,,,,,,,,,,,,,,,,,,,,,,,,,,,,,,,,,,
Q121887,Q506339,,,,,,,,,,,,,,,,,,,,,,,,,,,161219,,p=svatopluk;n=premyslide;oc=2,,,dw.328,,,,,,,,,p15004.htm#i150038,Svatopluk_of_Bohemia_(1),,,I00330344
Q121889,Q35551697,,,,,,,,,,,,,,,,,,,,,,,,,,,,,,,,,,,,,,,,,,Boleslava_of_Bohemia_(1),,,
Q121891,Q1794340,,,,,,,,,,,,,,,,,,,,,,,,,,,,,p=otton;n=premyslide;oc=2,,,dw.329,,,,,,,,,,Otto_of_Olomouc_(1),,,I00330348
Q121893,Q503687,,,,,,,,,,,,,,,,,,,,,,,,,,,48927,,p=magnus;n=von sachsen;oc=1,,,dw.324,,,,,,,,,p797.htm#i7964,"Magnus,_Duke_of_Saxony_(1)",,Billung-77,I00020367
Q121895,Q430916,,,,,,,,,,,,,,,,,,,,,,,,,,,127543,,p=ulrich;n=von weimar;oc=1,,,dw.323,,,,,,,,,p11411.htm#i114103,"Udalrich_von_Krain-Orlamünde_(1)|Ulric_I,_Margrave_of_Carniola_(1)",,Weimar-32,I00079976
Q121897,Q469619,,,,,,,,,,,,,,,,,,,,,,,,,,,391519,,p=eilika;n=von sachsen,,,dw.326,,,,,,,,,p1.htm#i7,Eilika_of_Saxony_(1),,Billung-116,I00020373
Q121899,Q475962,,,,,,,,,,,,,,,,,,,,,,,,,,,,,p=ulrich;n=von weimar,,,,,,,,,,,,,"Ulric_II,_Margrave_of_Carniola_(1)",,,I00330338
Q121901,Q1303429,,,,,,,,,,,,,,,,,,,,,,,,,,,770192,,p=poppo;n=von weimar,,,sw.212467,,,,,,,,,p64710.htm#i647093,"Poppo_II,_Margrave_of_Carniola_(1)",,Istria-6,I00079974
Q121903,Q80963466,,,,,,,,,,,,,,,,,,,,,,,,,,,126067,,p=richgard;n=von weimar,,,sw.212458,,,,,,,,,,Richarde_De_Carinthe_(1)|Richgard_von_Krain-Orlamünde_(1),,Istria-9,I00080014
Q121905,Q62588465,,,,,,,,,,,,,,,,,,,,,,,,,,,,,,,,dw.6009,,,,,,,,,p11409.htm#i114088,,,Sinadenos-2,I00020700
Q121908,Q117951953,,,,,,,,,,,,,,,,,,,,,,,,,,,,,,,,,,,,,,,,,,,,,
Q121910,Q18224331,,,,,,,,,,,,,,,,,,,,,,,,,,,,,,,,,,,,,,,,,,,,,
Q121911,Q3107797,,,,,,,,,,,,,,,,,,,,,,,,,,,90486,,p=gislebert;n=de looz,,,,,,,,,,,,,Giselbert_I_van_Loon_(1)|Unknown_Giselbert_(1),,Loon-12,I00106439
Q121913,Q2141596,,,,,,,,,,,,,,,,,,,,,,,,,,,90462,,p=emmon;n=de looz,,,,,,,,,,,,p51930.htm#i519293,Emmon_von_Loon_(1)|Emmo_Von_Looz_(1),,Loon-14,I00106441
Q121915,Q134739773,,,,,,,,,,,,,,,,,,,,,,,,,,,,,p=ne;n=arpad;oc=1,,,,,,,,,,,,,Unknown_daughter_of_Coloman_of_Hungary_(1),,Árpád-11,I00139743
Q121917,Q19663453,,,,,,,,,,,,,,,,,,,,,,,,,,,710927,,p=predslava;n=rurikides;oc=2,,,dw.352,,,,,,,,,p11409.htm#i114083,Premislava_Svyatopolkovna_(1),,Kiev-36,I00020702
Q121923,Q2334263,,,,,,,,,,,,,,,,,,,,,,,,,,,580,,p=maloucha;n=lioubetchanine,,,dw.222,,,,,,,,,p39265.htm#i392646,Malusha_(1),,Lubech-1,
Q121927,Q311291,,,,,,,,,,123378873,,,,,,,,,,,,,,person/954BACF8-0C08-4D3D-86AD-6846E6D32E79,,,563,,p=iaropolk;n=rurikides,,,dw.202,,,,,,,,,p22071.htm#i220708,Yaropolk_I_of_Kiev_(1),,Рюрикович-49,I00422394
Q121929,Q18691680,,,,,,,,,,,,,,,,,,,,,,,,,,,882,,,,,,,,,,,,,,,Grand_Olava_(1),,,
Q121931,Q3493060,,,,,,,,,,,,,,,,,,,,,,,,,,,1307,,p=ne;n=n;oc=10174,,,,,,,,,,,,,Malfrida_(1),,,
Q121933,Q48617883,,,,,,,,,,,,,,,,,,,,,,,,,,,880,,p=ne;n=n;oc=6127,,,,,,,,,,,,,,,Van_Griekenland-1,I00422395
Q121935,Q311575,,,,,,,,,,,,,,,,,,,,,,,,person/8F542A54-5C7C-444F-97C2-7C64FC21D5F5,,,566|381892,,p=sviatopolk vladimirovich;n=rurikides,,,,,,,,,,,,p22072.htm#i220712,Sviatopolk_I_of_Kiev_(1),,Grand_Duke_of_Kiev-9,I00422396
Q121937,Q4411634,,,,,,,,,,,,,,,,,,,,,,,,,,,572,,p=swiatoslaw;n=rurikides,,,,,,,,,,,,,,,,I00300218
Q121939,Q4368769,,,,,,,,,,,,,,,,,,,,,,,,,,,576,,p=pozwizd;n=rurikides,,,,,,,,,,,,,,,,
Q121941,Q22045850,,,,,,,,,,,,,,,,,,,,,,,,,,,708484,,,,,,,,,,,,,,,,,Рюриковичa-2,
Q121945,Q232137,,,,,,,,,,,,,,,,,,,,,,,,,,,148877,,,,,,,,,,,,,,p52941.htm#i529410,Theophano_(1),,Karbonopsina-3,
Q121951,Q15834293,,,,,,,,,,,,,,,,,,,,,,,,,,,,,,,,,,,,,,,,,,,,,
Q121953,Q4173408,,,,,,,,,,,,,,,,,,,,,,,,,,,578,,p=eustache;n=rurikides,,,,,,,,,,,,,,,Kiev-129,
Q121957,Q2625711,,,,,,,,,,,,,,,,,,,,,,,,,,,595,,p=vseslav;n=rurikides;oc=1,,,dw.239,,,,,,,,,,,,Duke_of_Polotsk-2,
Q121959,Q9209939,,,,,,,,,,,,,,,,,,,,,,,,,,,,,,,,,,,,,,,,,,,,,
Q121963,Q167719,,,,,,,,,,,,,,,,,,,,,,,,,,,1370365,,,,,dw.343,,,,,,,,,,Henry_of_Groitzsch_(1),,Groitzsch-5,I00444558
Q121965,Q827763,,,,,,,,,,,,,,,,,,,,,,,,,,,911385,,p=berta;n=von groitzsch,,,dw.344,,,,,,,,,p893.htm#i8930,,,Groitzsch-2,I00330309
Q121967,Q2585356,,,,,,,,,,,,,,,,,,,,,,,,,,,,,p=wiprecht;n=von groitzsch;oc=2,,,dw.342,,,,,,,,,,,,,I00029969
Q121973,Q768913,,,,,,,,,,,,,,,,,,,,,,,,,,,,,p=sophie;n=von berg,,,dw.506,,,,,,,,,,Sophia_of_Berg_(1),,,I00330349
Q121981,Q381080,,,,,,,,,,,,,,,,,,,,,,,,person/bbe9fc0d-ade2-415e-b7aa-d755e8ca144b,,,346871,,p=knud;n=de danemark;oc=5,,,dw.508,,,,,,,,,p10546.htm#i105453,Canute_V_of_Denmark_(1),,Magnussen-11,I00029927
Q121983,Q115618,,,,,,,,,,,,,,,,,,,,,,,,,,,,,,,,,,,,,,,,,,,,,
Q121987,Q3920891,,,,,,,,,,,,,,,,,,,,,,,,,,,,,p=vassilko;n=rurikides;oc=6,,,,,,,,,,,,,Vasiļko_of_Minsk_(1),,,I00029929
Q121989,Q4965708,,,,,,,,,,,,,,,,,,,,,,,,,,,,,p=maria;n=.,,,dw.530,,,,,,,,,,,,,
Q121991,Q2465089,,,,,,,,,,,,,,,,,,,,,,,,,,,170186,,p=viatcheslava;n=rurikides;oc=1,,,dw.527,,,,,,,,,p11460.htm#i114591,Wierzchosława_(1),,Рюрикович-17,
Q121993,Q3228728,,,,,,,,,,,,,,,,,,,,,,,,,,,173964,,p=leszek;n=piast;oc=4,,,dw.531,,,,,,,,,,"Leszek,_Duke_of_Masovia_(1)",,,
Q121995,Q126118056,,,,,,,,,,,,,,,,,,,,,,,,,,,707829,,p=boleslaw;n=piast;oc=5,,,dw.528,,,,,,,,,,,,,
Q121999,Q775563,,,,,,,,,,,,,,,,,,,,,,,,,,,161373,,p=odon;n=piast,,,dw.533,,,,,,,,,p11461.htm#i114602,Odon_of_Poznań_(1)|Odon_Piast_(1),,Piast-9,I00165071
Q122001,Q5544629,,,,,,,,,,,,,,,,,,,,,,,,,,,708333,,p=stefan;n=piast,,,dw.537,,,,,,,,,,Stephen_of_Greater_Poland_(1),,Great_Poland-1,
Q122005,Q5464191,,,,,,,,,,,,,,,,,,,,,,,,,,,12209,,p=wierzchoslawa ludmila;n=piast,,,dw.535,,,,,,,,,p11461.htm#i114605,Wierzchoslawa_Ludmilla_of_Greater_Poland_(1),,Piast-23,I00026289
Q122007,Q640707,,,,,,,,,,,,,,,,,,,,,,,,,,,174487,,p=boleslaw;n=piast;oc=6,,,dw.539,,,,,,,,,p11462.htm#i114613,Bolesław_of_Kuyavia_(1),,Piast-34,I00551407
Q122009,Q3312808,,,,,,,,,,,,,,,,,,,,,,,,,,,174978,,p=mieszko;n=piast;oc=4,,,dw.540,,,,,,,,,p11462.htm#i114612,Mieszko_the_Younger_(1),,Poland-51,
Q122011,Q54052,,,,,,,,,,,,,,,,,,,,,,,,person/703EAEF9-BD0C-4676-84CD-E45335E3D824,,,175479,,p=wladyslaw;n=piast;oc=3,,,dw.541,,,,,,,,,p11461.htm#i114609,Władysław_III_Spindleshanks_(1),,Piast-36,I00790433
Q122013,Q4751904,,,,,,,,,,,,,,,,,,,,,,,,,,,174988,,p=anastazja;n=piast,,,dw.542,,,,,,,,,p11461.htm#i114607,Anastasia_of_Greater_Poland_(1),,Poland-52,I00079763
Q122015,Q63389795,,,,,,,,,,,,,,,,,,,,,,,,,,,174477,,p=judyta;n=piast;oc=1,,,dw.536,,,,,,,,,p900.htm#i9000,Judita_Piast_(1),,Piast-284,I00030039
Q122017,Q96240836,,,,,,,,,,,,,,,,,,,,,,,,,,,,,p=zwinislawa;n=n,,,dw.1091,,,,,,,,,,Swinislawa_Piast_(1),,Unknown-284536,I00164519|I00702121
Q122019,Q122770647,,,,,,,,,,,,,,,,,,,,,,,,,,,174986,,p=salomea;n=piast,,,,,,,,,,,,,,,Great_Poland-2,I00551406
Q122021,Q704950,,,,,,,,,,,,,,,,,,,,,,,,,,,170713|590890,,p=otto;n=askanier;oc=1,,,dw.550,,,,,,,,,p170.htm#i1699,"Otto_I,_Margrave_of_Brandenburg_(1)",,Askanier-6,I00030627
Q122023,Q72161,,,,,,,,,,,,,,,,,,,,,,,,,,,,,,,,,,,,,,,,,,,,,
Q122025,Q706797,,,,,,,,,,,,,,,,,,,,,,,,,,,712978,,p=otto;n=von brandenburg,,,dw.552,,,,,,,,,p4034.htm#i40336,"Otto_II,_Margrave_of_Brandenburg_(1)",,Brandenburg-209,I00030629
Q122027,Q819252,,,,,,,,,,,,,,,,,,,,,,,,,,,590889,,p=albrecht;n=von brandenburg,,,dw.551,,,,,,,,,p781.htm#i7804,Albrecht_II_Markgraf_von_Brandenburg_(1),,Askanier-20,I00030631
Q122029,Q54821891,,,,,,,,,,,,,,,,,,,,,,,,,,,712981,,p=heinrich;n=von brandenburg,,,,,,,,,,,,p4034.htm#i40337,,,Brandenburg-208,I00030630
Q122031,Q497773,,,,,,,,,,,,,,,,,,,,,,,,,,,30224,,p=roman mstislavitch;n=rurikides;oc=1,,,dw.558,,,,,,,,,,Roman_the_Great_(1),,Рюрикович-22,I00079968
Q122033,Q4127286,,,,,,,,,,,,,,,,,,,,,,,,,,,30229,,p=vsevolod;n=rurikides;oc=13,,,dw.559,,,,,,,,,,Vsevolod_Mstislavich_of_Volhynia_(1),,,
Q122035,Q24808037,,,,,,,,,,,,,,,,,,,,,,,,,,,,,p=vladimir;n=rurikides;oc=14,,,dw.560,,,,,,,,,,,,,
Q122037,Q12151167,,,,,,,,,,,,,,,,,,,,,,,,,,,30226,,p=sviatoslav;n=rurikides;oc=15,,,,,,,,,,,,,,,,
Q122039,Q2128810,,,,,,,,,,,,,,,,,,,,,,,,,,,629770|45890,,p=elena;n=rurikides|p=helena;n=premyslide,,,dw.565,,,,,,,,,p11460.htm#i114595,Helen_of_Znojmo_(1),,Přemyslovci-22,I00020807|I00496976
Q122041,Q61728279,,,,,,,,,,,,,,,,,,,,,,,,,,,46477,,p=ne;n=piast;oc=1,,,dw.562,,,,,,,,,,Princess_Anastazja_(1),,Poland-124,I00020808
Q122043,Q4681828,,,,,,,,,,,,,,,,,,,,,,,,,,,,,,,,sw.981141,,,,,,,,,,Adelaide_of_Poland_(1),,Poland-80,
Q122045,Q30421,,,,,,,,,,,,,,,,,,,,,,,,,,,,,,,,,,,,,,,,,,,,,
Q122049,Q59416842,,,,,,,,,,,,,,,,,,,,,,,,,,,,,,,,,,,,,,,,,,Ernst_von_Grögling_(1),,Ampar-2,
Q122051,Q113397,,,,,,,,,,,,,,,,,,,,,,,,,,,1002457,,,,,,,,,,,,,,,"Ottokar_III,_Margrave_of_Styria_(1)",,,I00441495
Q122053,Q701617,,,,,,,,,,,,,,,,,,,,,,,,,,,1002471,,,,,,,,,,,,,,,"Ottokar_IV,_Duke_of_Styria_(1)",,,
Q122055,Q75292074,,,,,,,,,,,,,,,,,,,,,,,,,,,89933,,p=adelheid;n=von sulzbach,,,,,,,,,,,,p4291.htm#i42906,Adelheid_von_Sulzbach_(1),,Sulzbach-52,I00104774
Q122057,Q76174915,,,,,,,,,,,,,,,,,,,,,,,,,,,900422,,p=elisabeth;n=von sulzbach,,,,,,,,,,,,p58218.htm#i582178,,,Sulzbach-49,I00080235
Q122059,Q25487293,,,,,,,,,,,,,,,,,,,,,,,,,,,,,p=diepold;n=von leuchtenberg,,,,,,,,,,,,,,,Leuchtenberg-18,I00033367
Q122061,Q95204761,,,,,,,,,,,,,,,,,,,,,,,,,,,769934,,p=hedwig;n=von weimar,,,,,,,,,,,,,,,Istria-8,I00201839
Q122063,Q2111846,,,,,,,,,,,,,,,,,,,,,,,,,,,,,,,,,,,,,,,,,,,,Von_Heinsberg-5,I00422418
Q122065,Q75288771,,,,,,,,,,,,,,,,,,,,,,,,,,,328385,,,,,,,,,,,,,,p4073.htm#i40721,,,,I00422419
Q122067,Q48782487,,,,,,,,,,,,,,,,,,,,,,,,,,,47257,,p=ne;n=de coumanie,,,dw.353,,,,,,,,,,Elena_Kumans_(1),,Princess_of_the_Kumans-2,I00027057
Q122069,Q4103592,,,,,,,,,,,,,,,,,,,,,,,,,,,47256,,p=barbe;n=komnena,,,,,,,,,,,,,Princess_Barbara_(1),,Princess_of_the_Byzantine_Empire-1,I00330317
Q122071,Q4198929,,,,,,,,,,,,,,,,,,,,,,,,,,,,,p=isiaslav;n=rurikides;oc=16,,,dw.356,,,,,,,,,,Iziaslav_Unknown_(2),,Рюрикович-37,I00330323
Q122073,Q4305603,,,,,,,,,,,,,,,,,,,,,,,,,,,177,,p=mstislav;n=rurikides;oc=6,,,,,,,,,,,,,,,Рюрикович-34,I00330319
Q122075,Q20096905,,,,,,,,,,,,,,,,,,,,,,,,,,,,,p=briatcheslav;n=rurikides,,,,,,,,,,,,,Bryacheslav_Unknown_(1),,Рюрикович-36,I00330324
Q122077,Q468800,,,,,,,,,,,,,,,,,,,,,,,,,,,346912,,p=ratibor;n=von pommern,,,dw.606,,,,,,,,,,Ratibor_of_Pomerania_(1),,,I00790427
Q122079,Q4065834,,,,,,,,,,,,,,,,,,,,,,,,,,,,,p=andrei;n=rurikides;oc=11,,,,,,,,,,,,,,,,
Q122081,Q24807666,,,,,,,,,,,,,,,,,,,,,,,,,,,,,p=vsevolod;n=rurikides;oc=7,,,,,,,,,,,,,,,,
Q122083,Q717911,,,,,,,,,,,,,,,,,,,,,,,,,,,862,,p=rurik rostislavitch;n=rurikides;oc=2,,,dw.949,,,,,,,,,,Rurik_Rostislavich_(1),,Kiev-109,I00304885
Q122085,Q12143810,,,,,,,,,,,,,,,,,,,,,,,,,,,302704,,p=predslava;n=rurikides;oc=1,,,dw.930,,,,,,,,,,Princess_Ryurikovna_(1),,Kiev-110,I00079969
Q122087,Q496295,,,,,,,,,,,,,,,,,,,,,,,,,,,869,,p=rostislav;n=rurikides;oc=21,,,dw.985,,,,,,,,,,Rostislav_II_of_Kiev_(1),,,
Q122089,Q23009975,,,,,,,,,,,,,,,,,,,,,,,,,,,302706,,p=iaroslava;n=rurikides,,,dw.982,,,,,,,,,,Yaroslava_Rurikovna_(1),,Рюриковичa-1,I00304888
Q122091,Q496721,,,,,,,,,,,,,,,,,,,,,,,,,,,870,,p=vladimir;n=rurikides;oc=2,,,dw.980,,,,,,,,,,,,,I00573624
Q122093,Q2991706,,,,,,,,,,,,,,,,,,,,,,,,,,,59177,,p=gleb;n=rurikides;oc=6,,,,,,,,,,,,,Gleb_Vseslavich_(1),,Duke_of_Minsk-1,I00141419
Q122095,Q12078166,,,,,,,,,,,,,,,,,,,,,,,,,,,301487,,p=anastasia;n=rurikides,,,,,,,,,,,,,Anastasia_daughter_of_Yaropolk_Iziaslavich_(1),,Yaropolkovna-1,I00141420
Q122097,Q17045022,,,,,,,,,,,,,,,,,,,,,,,,,,,,,p=vsevolod;n=rurikides;oc=14,,,,,,,,,,,,,,,Duke_of_Minsk-3,I00330276
Q122099,Q2131591,,,,,,,,,,,,,,,,,,,,,,,,,,,305462,,,,,,,,,,,,,,,Rapoto_Traungau_(1),,Traungau-1,I00316014
Q122101,Q2131598,,,,,,,,,,,,,,,,,,,,,,,,,,,119574,,p=rapoto;n=von ortenburg;oc=2,,,,,,,,,,,,p58220.htm#i582192,,,Ortenburg-10,I00111059
Q122103,Q110570755,,,,,,,,,,,,,,,,,,,,,,,,,,,,,,,,,,,,,,,,,,Mathilde_Unknown_(36),,,I00619349
Q122105,Q55910604,,,,,,,,,,,,,,,,,,,,,,,,,,,,,,,,,,,,,,,,,,Hermann_Unknown_(1),,Kastl-1,I00593347
Q122107,Q103341,,,,,,,,,,,,,,,,,,,,,,,,,,,127542,,p=haziga;n=von diessen,,,sw.212833,,,,,,,,,p67236.htm#i672351,Hadegunde_von_Diessen_(1)|Unknown_Haziga_(1),,Diessen-5,I00593348
Q122109,Q60617531,,,,,,,,,,,,,,,,,,,,,,,,,,,,,,,,,,,,,,,,,,,,,I00619353
Q122111,Q61314934,,,,,,,,,,,,,,,,,,,,,,,,,,,148037,,p=berthold;n=von lurngau,,,sw.212990,,,,,,,,,,Bertold_von_Formbach_(1),,Windberg-5,I00201829
Q122113,Q116030622,,,,,,,,,,,,,,,,,,,,,,,,,,,,,p=ne;n=n;oc=26247,,,,,,,,,,,,,,,,I00201831
Q122115,Q102541886,,,,,,,,,,,,,,,,,,,,,,,,,,,148044,,,,,,,,,,,,,,,Meginhard_von_Formbach_(1),,Windberg-3,I00541874
Q122117,Q118190263,,,,,,,,,,,,,,,,,,,,,,,,,,,,,,,,,,,,,,,,,,,,,
Q122119,Q31192153,,,,,,,,,,,,,,,,,,,,,,,,,,,,,,,,,,,,,,,,,,,,,
Q122121,Q61140661,,,,,,,,,,,,,,,,,,,,,,,,,,,296098,,,,,,,,,,,,,,,Engelbert_III._im_Chiemgau_(1),,Chiemgau-2,
Q122123,Q347089,,,,,,,,,,,,,,,,,,,,,,,,,,,150059,,p=adala;n=von bayern,,,,,,,,,,,,,,,,
Q122125,Q1312249,,,,,,,,,,,,,,,,,,,,,,,,,,,682491|296095,,p=engelbert;n=von chiemgau,,,,,,,,,,,,,Engelbert_IV._im_Chiemgau_(1),,Chiemgau-1,I00080245
Q122127,Q1587713,,,,,,,,,,,,,,,,,,,,,,,,,,,,,,,,,,,,,,,,,,,,,
Q122129,Q73282,,,,,,,,,,,,,,,,,,,,,,,,,,,,,,,,,,,,,,,,,,,,,
Q122131,Q997668,,,,,,,,,,,,,,,,,,,,,,,,,,,140096,,,,,,,,,,,,,,,,,Aribonen-2,
Q122133,Q2024514,,,,,,,,,,,,,,,,,,,,,,,,,,,,,,,,,,,,,,,,,,,,,
Q122135,Q1331938,,,,,,,,,,,,,,,,,,,,,,,,,,,,,,,,,,,,,,,,,,,,,
Q122137,Q110261705,,,,,,,,,,,,,,,,,,,,,,,,,,,,,,,,,,,,,,,,,,,,,I00619348
Q122139,Q3510942,,,,,,,,,,,,,,,,,,,,,,,,,,,369411,,p=wilpirk;n=von tengling,,,dw.494,,,,,,,,,,Wilpirk_Hilburg_(1),,,I00304883
Q122141,Q5067767,,,,,,,,,,,,,,,,,,,,,,,,,,,722313,,,,,dw.6619,,,,,,,,,,Swanhilde_of_Ungarnmark_(1),,,I00549970
Q122143,Q347213,,,,,,,,,,,,,,,,,,,,,,,,,,,,,,,,,,,,,,,,,,,,,
Q122145,Q16639111,,,,,,,,,,,,,,,,,,,,,,,,,,,,,,,,,,,,,,,,,,,,,
Q122147,Q20180550,,,,,,,,,,,,,,,,,,,,,,,,,,,,,,,,,,,,,,,,,,Kuno_von_Rott_(1),,,I00619350
Q122149,Q2796262,,,,,,,,,,,,,,,,,,,,,,,,,,,297261,,p=kuno;n=von schweinfurt,,,,,,,,,,,,,Kuno_von_Lechsgemünd_(1),,Lechsgemünd-2,I00310314
Q122151,Q101510184,,,,,,,,,,,,,,,,,,,,,,,,,,,297274,,p=mathilde;n=von achalm,,,,,,,,,,,,,Matilde_von_Achalm_(1),,Achalm-1,I00310315
Q122153,Q691897,,,,,,,,,,,,,,,,,,,,,,,,,,,285611,,p=engelbert;n=von sponheim;oc=3,,,,,,,,,,,,p10251.htm#i102507,Engelbert_II_von_Kärnten_(1),,Sponheim-2,I00080236
Q122155,Q638721,,,,,,,,,,,,,,,,,,,,,,,,,,,,,p=engelbert;n=von sponheim;oc=2,,,,,,,,,,,,p40769.htm#i407683,"Engelbert_III,_Margrave_of_Istria_(1)",,Spanheim-7,I00424588
Q122157,Q1587750,,,,,,,,,,,,,,,,,,,,,,,,,,,,,,,,,,,,,,,,,,Hartwig_von_Sponheim_(3),,,I00545568
Q122159,Q2131588,,,,,,,,,,,,,,,,,,,,,,,,,,,900398,,p=rapoto;n=von ortenburg,,,,,,,,,,,,p58218.htm#i582175,Rapoto_Von_Ortenburg_(2),,Spanheim-6,I00080234
Q122161,Q473502,,,,,,,,,,,,,,,,,,,,,,,,,,,710170,,,,,,,,,,,,,,p49175.htm#i491746,Ulrich_Unknown_(8),,,I00545565
Q122163,Q55597211,,,,,,,,,,,,,,,,,,,,,,,,,,,,,,,,,,,,,,,,,,Heinrich_von_Sponheim_(1),,,I00545567
Q122167,Q61562521,,,,,,,,,,,,,,,,,,,,,,,,,,,391540,,p=oda;n=von der lausitz,,,dw.1026,,,,,,,,,p896.htm#i8955,Oda_Unknown_(33)|Princess_Oda_(1),,Of_Ostmark-1|UNKNOWN-83627|Van_der_Lausitz-1|Weimar-6,I00079995
Q122169,Q552041,,,,,,,,,,,,,,,,,,,,,,,,,,,,,,,,dw.1028,,,,,,,,,p896.htm#i8958,Dedo_Unknown_(3),,,I00120933
Q122171,Q31192321,,,,,,,,,,,,,,,,,,,,,,,,,,,90281,,p=otto;n=von diessen,,,sw.212848,,,,,,,,,p61969.htm#i619689,Otto_II_von_Wolfratshausen_(1),,Wolfratshausen-2,I00120856
Q122173,Q22691012,,,,,,,,,,,,,,,,,,,,,,,,,,,,,,,,,,,,,,,,,,,,,
Q122175,Q124637306,,,,,,,,,,,,,,,,,,,,,,,,,,,,,,,,,,,,,,,,,,,,,
Q122177,Q117323,,,,,,,,,,,,,,,,,,,,,,,,,,,722739,,,,,,,,,,,,,,,"Ottokar_I,_Margrave_of_Styria_(1)",,,
Q122179,Q347143,,,,,,,,,,,,,,,,,,,,,,,,,,,,,,,,,,,,,,,,,,Adalbero_of_Styria_(1),,,
Q122181,Q20724737,,,,,,,,,,,,,,,,,,,,,,,,,,,,,,,,,,,,,,,,,,,,,
Q122183,Q118192211,,,,,,,,,,,,,,,,,,,,,,,,,,,,,,,,,,,,,,,,,,,,,
Q122185,Q118125871,,,,,,,,,,,,,,,,,,,,,,,,,,,,,,,,,,,,,,,,,,,,,
Q122187,Q1366001,,,,,,,,,,,,,,,,,,,,,,,,,,,,,p=ulric;n=premyslide;oc=1,,,dw.495,,,,,,,,,,Ulrich_of_Brno_(1),,,
Q122189,Q108208192,,,,,,,,,,,,,,,,,,,,,,,,,,,,,,,,,,,,,,,,,,,,,
Q122191,Q3512524,,,,,,,,,,,,,,,,,,,,,,,,,,,369425,,p=maria;n=nemanja,,,dw.6531,,,,,,,,,,Maria_of_Rascia_(1),,Arpadhazi-93,I00304884
Q122195,Q110570752,,,,,,,,,,,,,,,,,,,,,,,,,,,,,,,,,,,,,,,,,,,,,I00619356
Q122197,Q110570760,,,,,,,,,,,,,,,,,,,,,,,,,,,,,,,,,,,,,,,,,,,,,I00619357
Q122199,Q102542739,,,,,,,,,,,,,,,,,,,,,,,,,,,111103,,p=helmburgis;n=von schala burghausen,,,,,,,,,,,,,Miss_Von_Schala_(1),,,I00316313
Q122201,Q872037,,,,,,,,,,,,,,,,,,,,,,,,,,,682456,,,,,,,,,,,,,,,,,,
Q122203,Q688787,,,,,,,,,,,,,,,,,,,,,,,,,,,897513,,,,,,,,,,,,,,,,,,
Q122205,Q1488083,,,,,,,,,,,,,,,,,,,,,,,,,,,682455,,,,,,,,,,,,,,,,,,
Q122207,Q118733307,,,,,,,,,,,,,,,,,,,,,,,,,,,,,,,,,,,,,,,,,,,,Von_Tengling-1,
Q122209,Q118735920,,,,,,,,,,,,,,,,,,,,,,,,,,,,,,,,,,,,,,,,,,,,Askanier-35,
Q122211,Q110378178,,,,,,,,,,,,,,,,,,,,,,,,,,,,,p=luitopld;n=von plain,,,,,,,,,,,,,,,Of_PLAIN-2,I00201304
Q122213,Q110378177,,,,,,,,,,,,,,,,,,,,,,,,,,,,,p=adelhaid;n=von plain;oc=1702,,,,,,,,,,,,,,,Plain-12,I00353448
Q122215,Q110570746,,,,,,,,,,,,,,,,,,,,,,,,,,,,,,,,,,,,,,,,,,,,,I00201302
Q122217,Q110571297,,,,,,,,,,,,,,,,,,,,,,,,,,,11340,,,,,,,,,,,,,,,,,,I00201754
Q122219,Q83540666,,,,,,,,,,,,,,,,,,,,,,,,,,,,,,,,,,,,,,,,,,,,,
Q122223,Q1235662,,,,,,,,,,,,,,,,,,,,,,,,,,,418170,,,,,dw.5999,,,,,,,,,p823.htm#i8225,Isaac_Komnenos_(19),,Comnenus-10,
Q122227,Q20498724,,,,,,,,,,,,,,,,,,,,,,,,,,,,,,,,,,,,,,,,,,,,,I00293028
Q122229,Q12286004,,,,,,,,,,,,,,,,,,,,,,,,,,,,,,,,,,,,,,,,,,,,Komnene-4,
Q122231,Q12279392,,,,,,,,,,,,,,,,,,,,,,,,,,,,,,,,,,,,,,,,,,,,,
Q122237,Q75246489,,,,,,,,,,,,,,,,,,,,,,,,,,,,,p=wulfhilde;n=welf,,,,,,,,,,,,p798.htm#i7979,Wulfhild_Unknown_(1),,Welf-76,I00036578
Q122239,Q95193646,,,,,,,,,,,,,,,,,,,,,,,,,,,,,,,,,,,,,,,,,,,,,I00534122
Q122241,Q1330421,,,,,,,,,,,,,,,,,,,,,,,,,,,,,p=elisabeth;n=von bregenz,,,,,,,,,,,,p67230.htm#i672291,,,Bregenz-1,I00107933
Q122243,Q88790263,,,,,,,,,,,,,,,,,,,,,,,,,,,,,p=ulrich;n=von ramsperg,,,,,,,,,,,,,,,,I00313114
Q122245,Q1523252,,,,,,,,,,,,,,,,,,,,,,,,,,,981818,,p=rudolf;n=von pfullendorf,,,sw.212500,,,,,,,,,,Rudolf_Pfullendorf_(2),,,I00313116
Q122247,Q2896942,,,,,,,,,,,,,,,,,,,,,,,,,,,770731,,p=berthold;n=von breisgau,,,,,,,,,,,,p67327.htm#i673265,Berthold_Villengen_(1),,Villingen-1,I00112680
Q122249,Q76299817,,,,,,,,,,,,,,,,,,,,,,,,,,,770737,,,,,,,,,,,,,,p67250.htm#i672491,Luitgard_Von_Habsburg_(1),,,I00112681
Q122251,Q76300546,,,,,,,,,,,,,,,,,,,,,,,,,,,,,,,,,,,,,,,,,p67310.htm#i673093,,,,
Q122253,Q76300431,,,,,,,,,,,,,,,,,,,,,,,,,,,,,,,,,,,,,,,,,p67301.htm#i673006,,,,
Q122255,Q76299895,,,,,,,,,,,,,,,,,,,,,,,,,,,,,,,,,,,,,,,,,p67256.htm#i672555,,,,
Q122257,Q1711096,,,,,,,,,,,,,,,,,,,,,,,,,,,906359|1515350,,,,,sw.212641,,,,,,,,,p67237.htm#i672362,,,,I00112686
Q122259,Q450244,,,,,,,,,,,,,,,,,,,,,,,,,,,906357,,p=hermann;n=zahringen;oc=1,,,sw.212642,,,,,,,,,p15192.htm#i151918,"Herman_II,_Margrave_of_Baden_(1)",,Von_Baden-2,I00106356
Q122261,Q96246077,,,,,,,,,,,,,,,,,,,,,,,,,,,1101308,,,,,,,,,,,,,,,,,,I00201727
Q122263,Q7432730,,,,,,,,,,,,,,,,,,,,,,,,,,,472078,,,,,,,,,,,,,,,Alix_de_Maurienne_(1),,Savoie-665,I00027393
Q122265,Q75246422,,,,,,,,,,,,,,,,,,,,,,,,,,,,,,,,,,,,,,,,,p793.htm#i7927,,,,I00023795
Q122267,Q111038362,,,,,,,,,,,,,,,,,,,,,,,,,,,472074,,p=sofia;n=de savoie,,,,,,,,,,,,,Sofia_of_Savoy_(1),,Savoie-664,I00027394
Q122269,Q61577490,,,,,,,,,,,,,,,,,,,,,,,,,,,,,p=heilwich;n=von frohburg,,,sw.212480,,,,,,,,,,Edith_Von_Frohburg_(1),,Froburg-1,I00106337
Q122271,Q2419674,,,,,,,,,,,,,,,,,,,,,,,,,,,12819,,p=ida;n=de lorraine,,,,,,,,,,,,p70905.htm#i709041|p10490.htm#i104895,Ida_of_Boulogne_(1),,Boulogne-154,I00496155
Q122275,Q20498538,,,,,,,,,,,,,,,,,,,,,,,,,,,692622,,p=agnes;n=von zahringen,,,,,,,,,,,,,Agnes_Zähringen_(1),,Zähringen-29,I00026681
Q122277,Q61577010,,,,,,,,,,,,,,,,,,,,,,,,,,,980309,,p=anna;n=zahringen;oc=1,,,sw.212481,,,,,,,,,,Anna_Von_Zahringen_(2),,Zähringen-42,I00079772
Q122279,Q110562365,,,,,,,,,,,,,,,,,,,,,,,,,,,893812,,p=ne;n=n;oc=1703,,,,,,,,,,,,,,,,I00111078
Q122281,Q347467,,,,,,,,,,,,,,,,,,,,,,,,,,,893813,,p=adalbert;n=von teck;oc=2,,,,,,,,,,,,,,,,I00111075
Q122283,Q31192361,,,,,,,,,,,,,,,,,,,,,,,,,,,8791,,p=adalbert;n=von calw,,,,,,,,,,,,,,,Calw-7,I00534117
Q122285,Q107235905,,,,,,,,,,,,,,,,,,,,,,,,,,,8758,,p=wiltrude;n=de lorraine,,,,,,,,,,,,,,,,I00534118
Q122287,Q15638730,,,,,,,,,,,,,,,,,,,,,,,,,,,,,,,,,,,,,,,,,,,,Calw-5,
Q122289,Q567640,,,,,,,,,,,,,,,,,,,,,,,,,,,981823,,p=welf;n=welf;oc=7,,,dw.7987,,,,,,,,,p797.htm#i7970,Welf_VII_(1),,,I00330304
Q122291,Q61576958,,,,,,,,,,,,,,,,,,,,,,,,,,,1394382,,p=elisabeth;n=von ravenstein,,,,,,,,,,,,,,,,I00313117
Q122293,Q60484601,,,,,,,,,,,,,,,,,,,,,,,,,,,826971,,p=ulric;n=von gammertingen,,,,,,,,,,,,,,,Gammertingen-4,
Q122295,Q94746022,,,,,,,,,,,,,,,,,,,,,,,,,,,826972,,p=adelheid;n=von dillingen,,,,,,,,,,,,,,,Dillingen-3,
Q122297,Q61577911,,,,,,,,,,,,,,,,,,,,,,,,,,,826956,,p=udelhild;n=von gammertingen;oc=1,,,,,,,,,,,,,,,,I00620544
Q122305,Q3132315,,,,,,,,,,,,,,,,,,,,,,,,,,,,,p=henri;n=de lorraine;oc=1,,,,,,,,,,,,,Henri_de_Lorraine_(1),,,
Q122307,Q107501632,,,,,,,,,,,,,,,,,,,,,,,,,,,,,p=ermengarde;n=de lorraine,,,,,,,,,,,,,Ermengarde_de_Lorraine_(1),,,
Q122309,Q22337616,,,,,,,,,,,,,,,,,,,,,,,,,,,125894,,p=hedwige;n=de dagsbourg,,,,,,,,,,,,p22868.htm#i228677,Helwide_Igesheim_(1),,Egisheim-2,I00028163
Q122311,Q822916,,,,,,,,,,,,,,,,,,,,,,,,,,,1019169,,p=hugues;n=de vaudemont;oc=1,,,,,,,,,,,,,Hugh_of_Vaudémont_(1),,De_Vaudemont-5,I00163407
Q122313,Q61564577,,,,,,,,,,,,,,,,,,,,,,,,,,,136570,,p=irmentrude;n=von maingau,,,sw.212662,,,,,,,,,p397.htm#i3970,Irmtrud_von_Avalgau_(1),,Avalgau-1,I00726525
Q122319,Q567646,,,,,,,,,,,,,,,,,,,,,,,,,,,,,,,,,,,,,,,,,p67182.htm#i671814|p884.htm#i8837,"Welf,_Duke_of_Carinthia_(1)",,,
Q122323,Q1611594,,,,,,,,,,,,,,,,,,,,,,,,,,,,,,,,,,,,,,,,,,,,,
Q122325,Q116119459,,,,,,,,,,,,,,,,,,,,,,,,,,,,,,,,,,,,,,,,,,,,,I00104733
Q122327,Q110260709,,,,,,,,,,,,,,,,,,,,,,,,,,,1028282,,p=dietrich;n=von ammensleben,,,,,,,,,,,,,,,Ammensleben-3,I00310951
Q122329,Q102541898,,,,,,,,,,,,,,,,,,,,,,,,,,,148045,,,,,,,,,,,,,,,Mathilde_von_Reinhausen_(1),,Reinhausen-1,I00541875
Q122331,Q25486722,,,,,,,,,,,,,,,,,,,,,,,,,,,603832,,p=stefan;n=von sponheim;oc=1,,,,,,,,,,,,p59666.htm#i596660,Stephen_Sponheim_(1),,Sponheim-5,I00021698
Q122333,Q15834727,,,,,,,,,,,,,,,,,,,,,,,,,,,603830,,p=meinhard;n=von sponheim,,,,,,,,,,,,p67302.htm#i673015|p57301.htm#i573010|p57301.htm#i573002,Meginhard_Sponheim_(1),,Sponheim-4,I00021700
Q122335,Q1816795,,,,,,,,,,,,,,,,,,,,,,,,,,,87933,,p=sophie;n=zu salm,,,sw.212709,,,,,,,,,p59476.htm#i594752,Sophia_van_Rheineck_(1),,Rheineck-2,I00018668
Q122337,Q2728849,,,,,,,,,,,,,,,,,,,,,,,,,,,,,,,,,,,,,,,,,,Otto_Unknown_(31),,Rheineck-4,I00104726
Q122339,Q110426547,,,,,,,,,,,,,,,,,,,,,,,,,,,,,,,,,,,,,,,,,,,,Salm-Rheineck-1,I00104728
Q122341,Q1636021,,,,,,,,,,,,,,,,,,,,,,,,,,,,,,,,,,,,,,,,,,,,Sponheim-18,
Q122343,Q447185,,,,,,,,,,,,,,,,,,,,,,,,,,,,,p=jutta;n=von sponheim,,,,,,,,,,,,,,,Sponheim-53,
Q122345,Q31192916,,,,,,,,,,,,,,,,,,,,,,,,,,,,,,,,,,,,,,,,,,,,Count_of_Salm-3,
Q122347,Q76175316,,,,,,,,,,,,,,,,,,,,,,,,,,,486592,,,,,,,,,,,,,,p58247.htm#i582465,Bava_van_Hamaland_(1),,,
Q122349,Q445833,,,,,,,,,,,,,,,,,,,,,,,,,,,,,,,,,,,,,,,,,,,,,
Q122351,Q76191561,,,,,,,,,,,,,,,,,,,,,,,,,,,124769,,p=oda;n=von walbeck,,,sw.214080,,,,,,,,,p59353.htm#i593525,Oda_von_Walbeck_(1),,Walbeck-6,I00080028
Q122353,Q2029751,,,,,,,,,,,,,,,,,,,,,,,,,,,90268,,p=goswin;n=von heinsberg,,,dw.1058,,,,,,,,,p847.htm#i8465,Goswin_Heinsberg-Valkenburg_(1),,Heinsberg-11,I00080025
Q122355,Q2675179,,,,,,,,,,,,,,,,,,,,,,,,,,,1093240,,,,,,,,,,,,,,,,,Heinsberg-9,
Q122357,Q76191574,,,,,,,,,,,,,,,,,,,,,,,,,,,,,,,,,,,,,,,,,p59354.htm#i593532,,,Van_Wassenberg-1,
Q122359,Q76207652,,,,,,,,,,,,,,,,,,,,,,,,,,,126484,,p=henri;n=de namur;oc=1,,,,,,,,,,,,p60445.htm#i604445,Henry_De_La_Roche_(6),,Namur-26,I00027134
Q122361,Q435137,,,,,,,,,,,,,,,,,,,,,,,,person/b60c61eb-d5dd-49f7-ad6e-6c1d869fd096,,,134846,,p=bernhard;n=von sachsen;oc=3,,,dw.7972,,,,,,,,,p4211.htm#i42108,"Bernard_II,_Duke_of_Saxony_(1)",,Billung-7,I00020361
Q122365,Q19960317,,,,,,,,,,,,,,,,,,,,,,,,,,,,,,,,dw.7973,,,,,,,,,,Hermann_von_Sachsen_(1),,Billung-46,
Q122367,Q110637179,,,,,,,,,,,,,,,,,,,,,,,,,,,,,p=roger;n=de+chateau+porcien;,,,,,,,,,,,,,,,Porcien-5,I00027100
Q122369,Q110637180,,,,,,,,,,,,,,,,,,,,,,,,,,,,,,,,,,,,,,,,,,,,,I00027101
Q122371,Q62931535,,,,,,,,,,,,,,,,,,,,,,,,,,,526687,,p=clemence;n=de vitry,,,,,,,,,,,,,Clemence_De_Vitry_(1),,Rethel-10,I00139693
Q122373,Q116004984,,,,,,,,,,,,,,,,,,,,,,,,,,,738172,,p=clarembaud;n=de rozoy,,,,,,,,,,,,,,,Rozoy-4,I00027110
Q122375,Q116004983,,,,,,,,,,,,,,,,,,,,,,,,,,,,,p=renaud;n=de+rozoy;,,,,,,,,,,,,,,,Rozoy-3,I00027112
Q122377,Q116005440,,,,,,,,,,,,,,,,,,,,,,,,,,,,,p=alard;n=d antoing;oc=5|p=alard;n=d+antoing;oc=5,,,,,,,,,,,,,,,Espinoy-1,I00163336
Q122379,Q116005439,,,,,,,,,,,,,,,,,,,,,,,,,,,,,,,,,,,,,,,,,,,,,I00163338
Q122381,Q24524313,,,,,,,,,,,,,,,,,,,,,,,,,,,127407,,,,,,,,,,,,,,,,,Egisheim-1,
Q122383,Q465983,,,,,,,,,,,,,,,,,,,,,,,,,,,11613,,p=marguerite;n=de lorraine;oc=4,,,sw.214817,,,,,,,,,p10475.htm#i104742,Margaretha_van_de_Elzas_(1),,Alsace-37,I00026296
Q122385,Q4479676,,,,,,,,,,,,,,,,,,,,,,,,,,,12914,,p=gertrude;n=de lorraine;oc=2,,,,,,,,,,,,p4257.htm#i42570,Gertrude_of_Flanders_(1),,Vlaanderen-7,I00026305
Q122387,Q534143,,,,,,,,,,,,,,,,,,,,,,,,,,,12879,,p=pierre;n=de lorraine,,,,,,,,,,,,p4257.htm#i42567,Pierre_de_Lorraine_(2),,Des_Flandres-1,I00026308
Q122392,Q2607403,,,,,,,,,,,,,,,,,,,,,,,,,,,,,p=ivan;n=d aalst,,,,,,,,,,,,p4256.htm#i42555,,,Aalst-2,I00026316
Q122398,Q1511219,,,,,,,,,,,,,,,,,,,,,,,,,,,903432,,,,,,,,,,,,,,p38181.htm#i381806,Gérard_I_of_Durbuy_(1),,Luxembourg-117,I00118949
Q122400,Q54353,,,,,,,,,,,,,,,,,,,,,,,,,,,,,,,,,,,,,,,,,,,,,
Q122402,Q2942117,,,,,,,,,,,,,,,,,,,,,,,,,,,10375,,p=catherine;n=de limbourg,,,sw.107598,,,,,,,,,p4246.htm#i42460,Catherine_of_Limburg_(1),,Van_Limburg-2,I00026277
Q122404,Q22337635,,,,,,,,,,,,,,,,,,,,,,,,,,,907322,,p=marguerite;n=de bar;oc=1,,,,,,,,,,,,,Marguerite_of_Bar_(1),,Bar-371,I00026508
Q122406,Q76207817,,,,,,,,,,,,,,,,,,,,,,,,,,,10392,,p=elisabeth;n=de bar,,,,,,,,,,,,p60457.htm#i604565,Elisabeth_of_Bar_(1),,Bar-300,I00026507
Q122416,Q269235,,,,,,,,,,,,,,,,,,,,,,,,,,,11618,,p=henri;n=de hainaut,,,,,,,,,,,,p22038.htm#i220376,Henry_of_Flanders_(1),,Hainaut-47,I00026298
Q122417,Q1378708,,,,,,,,,,,,,,,,,,,,,,,,,,,,,p=eustache;n=de hainaut;oc=1,,,,,,,,,,,,,Eustach_De_Flanders_(1),,,
Q122419,Q61971195,,,,,,,,,,,,,,,,,,,,,,,,,,,11622,,p=sybille;n=de hainaut,,,,,,,,,,,,,Sybille_De_Hainaut_(1),,Henegouwen-3,I00026300
Q122421,Q686746,,,,,,,,,,,,,,,,,,,,,,,,,,,12917,,p=yves;n=de nesle;oc=34974,,,,,,,,,,,,p42397.htm#i423966,Yves_of_Soissons_(1),,De_Soisson-1,I00120731
Q122423,Q444799,,,,,,,,,,,,,,,,,,,,,,,,,,,12873|722262,,p=hugues;n=de saint pol;oc=4,,,,,,,,,,,,p36307.htm#i363067,Hugues_Unknown_(19),,St_Pol-11,I00120714
Q122425,Q28739301,,,,,,,,,,,,,,,,,,,,,,,,,,,722261,,p=elisabeth;n=de saint pol,,,,,,,,,,,,p70905.htm#i709049,Unknown_Elisabeth_(10),,St_Pol-6,I00027535
Q122427,Q108802355,,,,,,,,,,,,,,,,,,,,,,,,,,,,,p=eustachie;n=de saint pol,,,,,,,,,,,,,,,,
Q122433,Q110641110,,,,,,,,,,,,,,,,,,,,,,,,,,,12940,,p=isabeau;n=de coucy,,,,,,,,,,,,,Isabeau_De_Coucy_(1),,Coucy-31,I00139792
Q122435,Q110537838,,,,,,,,,,,,,,,,,,,,,,,,,,,737886,,p=ade;n=de coucy,,,,,,,,,,,,,Ade_De_Coucy_(2),,Coucy-9,I00112441
Q122437,Q2207966,,,,,,,,,,,,,,,,,,,,,,,,,,,12943,,p=thierry;n=d aalst,,,,,,,,,,,,,,,,I00026317
Q122439,Q1244221,,,,,,,,,,,,,,,,,,,,,,,,,,,311991,,p=alix;n=de montmorency,,,,,,,,,,,,p453.htm#i4528,Alix_de_Montmorency_(1),,Montmorency-10,I00120981
Q122443,Q116003749,,,,,,,,,,,,,,,,,,,,,,,,,,,,,p=marie;n=de+montmorency;oc=3,,,,,,,,,,,,,,,,I00501306
Q122445,Q115634203,,,,,,,,,,,,,,,,,,,,,,,,,,,13024,,p=jeanne;n=de peteghem,,,,,,,,,,,,,,,,I00761945
Q122447,Q115634201,,,,,,,,,,,,,,,,,,,,,,,,,,,,,p=philippe;n=de hainaut;oc=1,,,,,,,,,,,,,,,,I00761942
Q122449,Q116150048,,,,,,,,,,,,,,,,,,,,,,,,,,,,,,,,,,,,,,,,,,,,,I00456224
Q122451,Q116150049,,,,,,,,,,,,,,,,,,,,,,,,,,,,,,,,,,,,,,,,,,,,,I00456225
Q122453,Q44191852,,,,,,,,,,,,,,,,,,,,,,,,,,,742051,,p=folmar;n=von blieskastel,,,,,,,,,,,,,,,Blieskastel-8,I00106501
Q122455,Q60801082,,,,,,,,,,,,,,,,,,,,,,,,,,,,,p=hugo;n=von blieskastel,,,,,,,,,,,,,,,Blieskastel-11,I00302921
Q122457,Q3131297,,,,,,,,,,,,,,,,,,,,,,,,,,,,,,,,,,,,,,,,,,,,,
Q122459,Q2443520,,,,,,,,,,,,,,,,,,I3108,,,,,,,,,90271,,p=ludwig;n=de looz,,,dw.8106,,,,,,,,,p50011.htm#i500104,Ludwig_I._von_Loon-Rieneck_(1),,Loon-16,I00106429
Q122461,Q2353839,,,,,,,,,,,,,,,,,,I3107,,,,,,,,,12980|737540,,p=imagina;n=de looz,,,,,,,,,,,,p50011.htm#i500103,Imagina_of_Loon_(1),,Loon-19,I00064395
Q122463,Q22674557,,,,,,,,,,,,,,,,,,,,,,,,,,,435513,,p=laurette;n=de looz;oc=1,,,,,,,,,,,,p69364.htm#i693637,Laurette_de_Looz_(1),,Loon-17,I00026499
Q122467,Q603991,,,,,,,,,,,,,,,,,,,,,,,,,,,123197,,p=gerhard;n=de looz;oc=1,,,,,,,,,,,,p59407.htm#i594069,,,Loon-21,I00121898
Q122469,Q110520648,,,,,,,,,,,,,,,,,,,,,,,,,,,122821,,p=guda;n=de looz,,,,,,,,,,,,,,,Loon-20,I00164695
Q122471,Q2831259,,,,,,,,,,,,,,,,,,,,,,,,,,,919052,,p=albert;n=de dagsbourg,,,,,,,,,,,,p4246.htm#i42458,Albert_II_of_Metz_(1),,Dagsburg-10,I00330744
Q122475,Q1371167,,,,,,,,,,,,,,,,,,,,,,,,,,,1171674,,,,,dw.7981,,,,,,,,,p883.htm#i8823,Ethelinde_of_Bavaria_(1),,Von_Saxony-8,I00124983
Q122477,Q1424233,,,,,,,,,,,,,,,,,,,,,,,,,,,1101799,,,,,,,,,,,,,,,Siegfried_of_Boyneburg_(1),,,I00105681
Q122479,Q105409415,,,,,,,,,,,,,,,,,,,,,,,,,,,,,,,,,,,,,,,,,,,,,I00330363
Q122481,Q105409423,,,,,,,,,,,,,,,,,,,,,,,,,,,,,p=adela;n=von beichlingen,,,,,,,,,,,,,,,,I00330361
Q122482,Q385719,,,,,,,,,,,,,,,,,,,,,,,,,,,391527,,p=otto;n=von weimar,,,sw.214078,,,,,,,,,p897.htm#i8964,Otto_Weimar-Orlamunda_(1),,Weimar-67,I00030595
Q122486,Q21106446,,,,,,,,,,,,,,,,,,,,,,,,,,,720889,,p=mechtild;n=rurikides;oc=13,,,,,,,,,,,,,,,Рюрикович-47,I00330357
Q122488,Q4538783,,,,,,,,,,,,,,,,,,,,,,,,,,,144,,p=iaroslav;n=rurikides;oc=1,,,,,,,,,,,,,,,,I00330353
Q122490,Q44155821,,,,,,,,,,,,,,,,,,,,,,,,,,,,,p=viatcheslav;n=rurikides,,,,,,,,,,,,,,,,I00330354
Q122492,Q128904807,,,,,,,,,,,,,,,,,,,,,,,,,,,,,,,,,,,,,,,,,,,,,
Q122494,Q107364891,,,,,,,,,,,,,,,,,,,,,,,,,,,1145283|705082,,p=ade;n=d avesnes,,,,,,,,,,,,,Ade_d'Avesnes_(1),,Avesnes-29,I00020649
Q122496,Q110377907,,,,,,,,,,,,,,,,,,,,,,,,,,,,,p=henri;n=de grandpre;oc=4,,,,,,,,,,,,,Henri_Unknown_(10),,,I00139787
Q122498,Q111443942,,,,,,,,,,,,,,,,,,,,,,,,,,,,,p=yolande;n=n;oc=13,,,,,,,,,,,,,,,,I00120738
Q122501,Q108462766,,,,,,,,,,,,,,,,,,,,,,,,,,,,,,,,,,,,,,,,,,,,,
Q122503,Q2173027,,,,,,,,,,,,,,,,,,,,,,,,,,,893820,,p=rudolf;n=von tubingen;oc=3,,,sw.212452,,,,,,,,,,,,,I00107930
Q122505,Q225010,,,,,,,,,,,,,,,,,,,,,,,,,,,757104,,p=rudolf;n=von tubingen;oc=2,,,sw.212451,,,,,,,,,,Count_Unknown_(7),,Tübingen-2,I00152831
Q122507,Q2576090,,,,,,,,,,,,,,,,,,,,,,,,,,,893822,,p=wilhelm;n=von tubingen;oc=1,,,,,,,,,,,,,,,,I00101762
Q122509,Q44192514,,,,,,,,,,,,,,,,,,,,,,,,,,,,,,,,,,,,,,,,,,,,,
Q122511,Q48183800,,,,,,,,,,,,,,,,,,,,,,,,,,,,,p=richilde;n=de hainaut;oc=1,,,,,,,,,,,,p59078.htm#i590775,Richilde_de_Hainaut_(1),,Hainaut-85,I00513718
Q122513,Q115634088,,,,,,,,,,,,,,,,,,,,,,,,,,,738178,,p=aleidis;n=de hainaut;oc=1,,,,,,,,,,,,,Adelais_De_Hainaut_(1),,Hainaut-84,I00027426
Q122515,Q110537157,,,,,,,,,,,,,,,,,,,,,,,,,,,1171673,,p=hedwig;n=von calvelage,,,,,,,,,,,,,,,,I00174892
Q122517,Q110537153,,,,,,,,,,,,,,,,,,,,,,,,,,,1171667,,p=heinrich;n=von dale;oc=1,,,,,,,,,,,,,,,,I00174893
Q122519,Q61911687,,,,,,,,,,,,,,,,,,,,,,,,,,,314330,,p=alice;n=of huntingdon,,,,,,,,,,,,p58173.htm#i581728|p15845.htm#i158448,Adelise_of_Northumbria_(1),,Huntingdon-49,I00177603
Q122521,Q59154744,,,,,,,,,,,,,,,,,,,,,,,,,,,145590,,p=margaret;n=de beaumont le roger;oc=1,,,,,,,,,,,,p58174.htm#i581734,Margaret_de_Beaumont_(1),,Beaumont-529,I00177599
Q122523,Q4529990,,,,,,,,LYD7-YY1,,,,,,,,,,,,,,,,,,,669368,,p=ida;n=de tosny,,,,,,,,,,,,p21779.htm#i217789,Ida_De_Toeni_(1),,Toeni-31,I00304040
Q122525,Q3439099,,,,,,,,KPWY-Z2M,,,,,,,,,,,,,,,,,,,314381,,p=roger;n=de tosny;oc=3,,,,,,,,,,,,p58174.htm#i581735,Roger_Toni_(5),,Toeni-47,I00177600
Q122527,Q98960265,,,,,,,,,,,,,,,,,,,,,,,,,,,,,p=william;n=de mohun;oc=1,,,,,,,,,,,,,,,Mohun-6,I00377488
Q122529,Q96481099,,,,,,,,,,,,,,,,,,,,,,,,,,,,,,,,,,,,,,,,,,,,Mohun-5,I00377490
Q122531,Q24896755,,,,,,,,,,,,,,,,,,,,,,,,,,,,,p=giselbert;n=de looz|p=gislebert;n=de duras,,,,,,,,,,,,,,,Duras-9,I00174595
Q122533,Q28223652,,,,,,,,,,,,,,,,,,,,,,,,,,,,,p=geoffroy;n=de montaigu,,,,,,,,,,,,,,,Montaigu-10,
Q122535,Q110537454,,,,,,,,,,,,,,,,,,,,,,,,,,,737542,,p=marie;n=d orbais,,,,,,,,,,,,,,,Orbais-1,I00064399
Q122537,Q116041838,,,,,,,,,,,,,,,,,,,,,,,,,,,,,,,,,,,,,,,,,,,,,I00174527
Q122539,Q116041840,,,,,,,,,,,,,,,,,,,,,,,,,,,,,,,,,,,,,,,,,,,,,I00174528
Q122541,Q113950246,,,,,,,,,,,,,,,,,,,,,,,,,,,11632,,p=mathilde;n=de bethune;oc=2,,,,,,,,,,,,,,,,I00174523
Q122543,Q2892003,,,,,,,,,,,,,,,,,,,,,,,,,,,,,,,,,,,,,,,,,,,,Tournai-12,I00174586
Q122545,Q110377932,,,,,,,,,,,,,,,,,,,,,,,,,,,,,,,,,,,,,,,,,,,,Tournai-5,I00163344
Q122547,Q1540028,,,,,,,,,,,,,,,,,,,,,,,,,,,134423,,p=gottschalk;n=van zutphen,,,sw.214110,,,,,,,,,,Godschalk_van_Zutphen_(1),,Zutphen-8,I00312983
Q122549,Q2711463,,,,,,,,,,,,,,,,,,,,,,,,,,,134424,,p=adelaide;n=de waldenbourg,,,sw.213202,,,,,,,,,,Adelheid_von_Brauweiler_(1),,Lotharingia-20,I00312984
Q122551,Q116150252,,,,,,,,,,,,,,,,,,,,,,,,,,,1230599,,p=oda;n=n;oc=7,,,,,,,,,,,,,,,,I00124985
Q122553,Q29401099,,,,,,,,,,,,,,,,,,,,,,,,,,,128250,,p=ludwig;n=von arnstein,,,,,,,,,,,,p67221.htm#i672202,Ludwich_von_Arnstein_(1)|Ludwig_I._von_Arnstein_(1),,Arnstein-6|Arnstein-7,I00105670
Q122555,Q44191735,,,,,,,,,,,,,,,,,,,,,,,,,,,126280,,p=ludwig;n=von arnstein;oc=1,,,,,,,,,,,,,Ludwig_II._von_Arnstein_(2),,Arnstein-6,I00141418
Q122557,Q2302821,,,,,,,,,,,,,,,,,,,,,,,,,,,973155,,,,,,,,,,,,,,,Godschalk_van_Loon_(1),,,
Q122559,Q116136152,,,,,,,,,,,,,,,,,,,,,,,,,,,126281,,p=udelhild;n=von odenkirchen,,,,,,,,,,,,,Udelhild_von_Odenkrichen_(1),,Odenkirchen-1,I00313137
Q122561,Q1840149,,,,,,,,,,,,,,,,,,,,,,,,,,,10173,,p=richardis;n=von wittelsbach,,,dw.8095,,,,,,,,,p59435.htm#i594350,Richardis_von_Scheyern-Wittelsbach_(1),,Wittelsbach-51,I00104743
Q122563,Q450041,,,,,,,,,,,,,,,,,,,,,,,,,,,10175,,p=gerhard;n=van gelre,,,,,,,,,,,,p53230.htm#i532298,"Gerard_III,_Count_of_Guelders_(1)",,Gelre-30,I00121845
Q122565,Q2168134,,,,,,,,,,,,,,,,,,,,,,,,,,,10174,,p=adelheid;n=van gelre;oc=2,,,sg.137739,,,,,,,,,p59438.htm#i594378,Aleid_van_Gelre_(1),,Gelre-4,I00013571
Q122567,Q95647,,,,,,,,,,,,,,,,,,,,,,,,,,,,,,,,,,,,,,,,,p59443.htm#i594430,Otto_of_Utrecht_(1),,,
Q122569,Q23861949,,,,,,,,,,,,,,,,,,,,,,,,,,,10178,,p=irmgard;n=van gelre,,,,,,,,,,,,p57551.htm#i575501,Irmgard_of_Guelders_(1),,Gelre-24,I00050063
Q122571,Q2031173,,,,,,,,,,,,,,,,,,,,,,,,,,,10658,,p=mathilde;n=van gelre,,,,,,,,,,,,p59444.htm#i594431,Mechteld_Van_Gelre_(3),,Gelre-26,I00021624
Q122573,Q76192804,,,,,,,,,,,,,,,,,,,,,,,,,,,10177,,,,,,,,,,,,,,p59438.htm#i594377,,,,
Q122575,Q76192902,,,,,,,,,,,,,,,,,,,,,,,,,,,,,,,,,,,,,,,,,p59444.htm#i594432,,,,
Q122577,Q76192904,,,,,,,,,,,,,,,,,,,,,,,,,,,10176,,,,,,,,,,,,,,p59444.htm#i594434,,,Wassenberg-13,
Q122579,Q85388,,,,,,,,,,,,,,,,,,,,,,,,,,,,,,,,,,,,,,,,,,,,Krummacher-36,
Q122581,Q44164,,,,,,,,,,,,,,,,,,,,,,,,,,,,,,,,,,,,,,,,,,,,Copeland-6123,
Q122583,Q71149,,,,,,,,,,,,,,,,,,,,,,,,,,,,,,,,,,,,,,,,,,,,,
Q122585,Q3124031,,,,,,,,,,,,,,,,,,,,,,,,,,,122063,,p=gerhard;n=de looz,,,,,,,,,,,,,,,Looz-14,I00121896
Q122587,Q551963,,,,,,,,,,,,,,,,,,,,,,,,,,,,,,,,,,,,,,,,,p62944.htm#i629434,"Louis_II,_Count_of_Loon_(1)",,Loon-22,I00104723
Q122589,Q3132314,,,,,,,,,,,,,,,,,,,,,,,,,,,10579,,,,,,,,,,,,,,,,,,
Q122591,Q2863402,,,,,,,,,,,,,,,,,,,,,,,,,,,10546,,,,,,,,,,,,,,,,,Looz-43,I00330743
Q122593,Q48980855,,,,,,,,,,,,,,,,,,,,,,,,,,,,,,,,,,,,,,,,,,,,,
Q122595,Q122503635,,,,,,,,,,,,,,,,,,,,,,,,,,,,,p=ismene;n=de looz;oc=1,,,,,,,,,,,,,,,,
Q122597,Q116177507,,,,,,,,,,,,,,,,,,,,,,,,,,,,,p=nn;n=von tecklenburg,,,,,,,,,,,,,,,,I00163359
Q122599,Q75247084,,,,,,,,,,,,,,,,,,,,,,,,,,,338572,,p=elika;n=von oldenburg,,,,,,,,,,,,p73518.htm#i735171|p841.htm#i8405,Eilika_of_Oldenburg_(1),,Oldenburg-229,I00163354
Q122601,Q2287565,,,,,,,,,,,,,,,,,,,,,,,,,,,453640,,p=simon;n=von tecklenburg;oc=1,,,,,,,,,,,,p58958.htm#i589573,"Simon_I,_Count_of_Tecklenburg_(1)",,Tecklenburg-13,I00079789
Q122603,Q75247079,,,,,,,,,,,,,,,,,,,,,,,,,,,338563,,p=eilika;n=von rietberg,,,,,,,,,,,,p840.htm#i8400,,,Werl-8,I00060568
Q122607,Q75247100,,,,,,,,,,,,,,,,,,,,,,,,,,,,,p=beatrix;n=von hallermund,,,,,,,,,,,,p843.htm#i8421,,,Hallermund-Loccum-1,I00326996
Q122609,Q1597801,,,,,,,,,,,,,,,,,,,,,,,,,,,338324,,p=heinrich;n=von oldenburg,,,,,,,,,,,,p843.htm#i8423,,,,I00326999
Q122611,Q76083,,,,,,,,,,,,,,,,,,,,,,,,,,,,,,,,,,,,,,,,,p843.htm#i8425,,,Oldenburg-Wildeshausen-5,I00571747
Q122613,Q75247104,,,,,,,,,,,,,,,,,,,,,,,,,,,,,,,,,,,,,,,,,p843.htm#i8424,,,,I00571748
Q122615,Q27031154,,,,,,,,,,,,,,,,,,,,,,,,,,,,,,,,,,,,,,,,,p843.htm#i8426,,,Oldenburg-Wildeshausen-3,I00326997
Q122617,Q116150244,,,,,,,,,,,,,,,,,,,,,,,,,,,,,,,,,,,,,,,,,,,,,I00107042
Q122619,Q1597708,,,,,,,,,,,,,,,,,,,,,,,,,,,1230604,,,,,,,,,,,,,,,,,,I00107044
Q122621,Q76207650,,,,,,,,,,,,,,,,,,,,,,,,,,,126485,,p=mathilde;n=de limbourg;oc=1,,,,,,,,,,,,p60445.htm#i604444,Mathilde_De_Limbourg_(8),,Limburg-19,I00197508
Q122623,Q76207653,,,,,,,,,,,,,,,,,,,,,,,,,,,999517,,p=agnes;n=van limburg,,,,,,,,,,,,p60445.htm#i604446,Agnes_van_Limburg_(1),,Limburg-124,I00444552
Q122625,Q76207663,,,,,,,,,,,,,,,,,,,,,,,,,,,128596,,p=adelheid;n=de limbourg,,,,,,,,,,,,p60446.htm#i604453,Adelheid_van_Limburg_(1)|Aleijdis_Van_Limburg_(1),,Limburg-67,I00444561
Q122627,Q20171242,,,,,,,,,,,,,,,,,,,,,,,,,,,135016,,p=boto;n=von botenstein,,,,,,,,,,,,,Botho_Unknown_(1),,Aribonen-1,I00444549
Q122629,Q347973,,,,,,,,,,,,,,,,,,,,,,,,,,,295181,,p=adalbert;n=von saffenberg;oc=1,,,,,,,,,,,,,Adalbert_Von_Saffenberg_(1),,Von_Saffenburg-1,I00120763
Q122631,Q362592,,,,,,,,,,,,,,,,,,,,,,,,,,,289537,,p=adolf;n=von saffenberg;oc=1,,,,,,,,,,,,,Adolf_I._von_Saffenberg_(1),,Saffenberg-2,I00174422
Q122633,Q61865797,,,,,,,,,,,,,,,,,,,,,,,,,,,,,p=mechtilde;n=de hollande,,,,,,,,,,,,,Mechtild_Unknown_(3),,Montbéliard-22,I00120764
Q122635,Q102393925,,,,,,,,,,,,,,,,,,,,,,,,,,,683242,,p=margareta;n=von schwarzenburg,,,,,,,,,,,,,Margarete_von_Rötz_(1),,Schwarzenberg-5,I00174423
Q122639,Q3484495,,,,,,,,,,,,,,,,,,,,,,,,,,,999532,,,,,,,,,,,,,,p60449.htm#i604487,,,,I00503556
Q122641,Q2027575,,,,,,,,,,,,,,,,,,,,,,,,,,,999528,,,,,,,,,,,,,,,,,,I00503557
Q122643,Q76192756,,,,,,,,,,,,,,,,,,,,,,,,,,,999537,,,,,,,,,,,,,,p59435.htm#i594349,,,,
Q122645,Q76207712,,,,,,,,,,,,,,,,,,,,,,,,,,,999534,,p=frederic;n=de limbourg,,,,,,,,,,,,p60449.htm#i604489,,,Limburg-42,I00503558
Q122647,Q76207762,,,,,,,,,,,,,,,,,,,,,,,,,,,,,,,,,,,,,,,,,p60453.htm#i604525,,,,
Q122649,Q75886110,,,,,,,,,,,,,,,,,,,,,,,,,,,903455,,p=gerhard;n=von wassenberg,,,,,,,,,,,,p38076.htm#i380757,,,Limburg-56,I00503563
Q122651,Q75292160,,,,,,,,,,,,,,,,,,,,,,,,,,,999539,,p=isabelle;n=de limbourg,,,,,,,,,,,,p4297.htm#i42965,,,,I00021709
Q122653,Q122329999,,,,,,,,,,,,,,,,,,,,,,,,,,,903447,,,,,,,,,,,,,,,,,Limburg-55,I00503561
Q122657,Q461045,,,,,,,,,,8113,,,,,,,,I3111,,,,,,,,,10147,,p=hendrik;n=van brabant,,,dw.8033,,,,,,,,,p10678.htm#i106773,"Henri_I,_Duc_de_Brabant_(1)",,Brabant-6,I00012282
Q122659,Q1392380,,,,,,,,,,,,,,,,,,,,,,,,,,,,,p=adalbert;n=van brabant,,,,,,,,,,,,p53224.htm#i532240,Adalbert_de_Louvain_(1),,Brabant-566,I00064396
Q122661,Q320154,,,,,,,,,,,,,,,,,,,,,,,,,,,486553,,p=dedo;n=von laurenburg|p=dudo heinrich;n=von laurenburg,,,,,,,,,,,,p11502.htm#i115018,"Dudo-Henry,_Count_of_Laurenburg_(1)",,Von_Laurenburg-2,I00105668
Q122663,Q695412,,,,,,,,,,,,,,,,,,,,,,,,,,,1093273|803008,,p=arnold i;n=von laurenburg,,,,,,,,,,,,p11502.htm#i115019,,,Von_Laurenburg-5,I00105671
Q122665,Q93876134,,,,,,,,,,,,,,,,,,,,,,,,,,,1101315,,p=demudis;n=von laurenburg,,,,,,,,,,,,,,,Laurenburg-1,I00125327
Q122667,Q316847,,,,,,,,,,,,,,,,,,,,,,,,,,,10250|803009,,p=walram;n=von laurenburg,,,,,,,,,,,,p11502.htm#i115014,Walram_I_of_Nassau_(1),,Laurenburg-3,I00021618
Q122669,Q2176543,,,,,,,,,,,,,,,,,,,,,,,,,,,1093271|600016,,p=rupert;n=von laurenburg;oc=2,,,,,,,,,,,,p11503.htm#i115021,Ruprecht_von_Nassau_(1),,Nassau-54,I00105673
Q122671,Q1595490,,,,,,,,,,,,,,,,,,,,,,,,,,,803016,,p=heinrich;n=von laurenburg,,,,,,,,,,,,p11502.htm#i115020,,,,
Q122673,Q19509646,,,,,,,,,,,,,,,,,,,,,,,,,,,,,,,,,,,,,,,,,,,,,
Q122675,Q2045982,,,,,,,,,,,,,,,,,,,,,,,,,,,,,,,,,,,,,,,,,,,,,
Q122677,Q76207786,,,,,,,,,,,,,,,,,,,,,,,,,,,797306,,p=beatrix;n=von hunscheid,,,,,,,,,,,,p60455.htm#i604544,,,Hunscheid-1,I00106242
Q122679,Q61140927,,,,,,,,,,,,,,,,,,,,,,,,,,,797307,,p=friedrich;n=von reifferscheid,,,,,,,,,,,,p60455.htm#i604545,,,Reifferscheid-5,I00106243
Q122681,Q15840432,,,,,,,,,,,,,,,,,,,,,,,,,,,,,,,,,,,,,,,,,,,,,I00209001
Q122683,Q116030591,,,,,,,,,,,,,,,,,,,,,,,,,,,,,,,,,,,,,,,,,,,,Metz-706,I00106520
Q122685,Q116030592,,,,,,,,,,,,,,,,,,,,,,,,,,,,,,,,,,,,,,,,,,,,,I00106521
Q122687,Q112542791,,,,,,,,,,,,,,,,,,,,,,,,,,,,,,,,,,,,,,,,,,,,,I00106507
Q122689,Q65964218,,,,,,,,,,,,,,,,,,,,,,,,,,,,,p=volkmar;n=von saarwerden,,,,,,,,,,,,,,,Saarwerden-6,I00107422
Q122691,Q75246459,,,,,,,,,,,,,,,,,,,,,,,,,,,1024161,,p=mathilde;n=welf;oc=2,,,,,,,,,,,,p796.htm#i7953,Matilda_of_Blieskastel_(1),,Saxony-82,I00023789
Q122693,Q540099,,,,,,,,,,,,,,,,,,,,,,,,,,,,,p=hugues;n=de semur,,,,,,,,,,,,,Hugues_de_Semur_(1),,,
Q122695,Q111948759,,,,,,,,,,,,,,,,,,,,,,,,,,,,,p=gautier;n=de langeais,,,,,,,,,,,,,,,,I00111112
Q122697,Q110520502,,,,,,,,,,,,,,,,,,,,,,,,,,,,,p=pierre;n=de montoire;oc=1,,,,,,,,,,,,,,,De_Langeais-1,I00111118
Q122699,Q111942299,,,,,,,,,,,,,,,,,,,,,,,,,,,,,p=eudes;n=doubleau,,,,,,,,,,,,,,,,I00474352
Q122701,Q111923359,,,,,,,,,,,,,,,,,,,,,,,,,,,,,p=plaisante;n=de montoire,,,,,,,,,,,,,,,,I00474353
Q122703,Q111948253,,,,,,,,,,,,,,,,,,,,,,,,,,,,,p=nivelon payen;n=de freteval,,,,,,,,,,,,,,,,I00474337
Q122707,Q48179925,,,,,,,,,,,,,,,,,,,,,,,,,,,142932,,p=bertrade;n=de gometz;oc=2,,,sw.214096,,,,,,,,,,Betrade_De_Gometz_(1),,Gometz-1,I00079546
Q122709,Q48178314,,,,,,,,,,,,,,,,,,,,,,,,,,,933091,,p=isabel;n=de broyes,,,,,,,,,,,,,Isabel_Bardoul_(1),,Broyes-11,I00079534
Q122713,Q1853096,,,,,,,,,,,,,,,,,,,,,,,,,,,311972,,p=simon;n=de montfort;oc=3,,,,,,,,,,,,p10776.htm#i107751,Simon_Montfort_(3),,Montfort-41,I00120976
Q122715,Q1909003,,,,,,,,,,,,,,,,,,,,,,,,,,,,,p=amaury;n=de montfort;oc=25,,,,,,,,,,,,p31424.htm#i314233,Amauri_Montfort_(2),,Montfort-74,I00513717
Q122717,Q18606821,,,,,,,,,,,,,,,,,,,,,,,,,,,322990,,p=agnes;n=de montfort,,,,,,,,,,,,p4050.htm#i40500,Agnes_De_Montfort_(1),,Montfort-60,I00164682
Q122719,Q75393932,,,,,,,,,,,,,,,,,,,,,,,,,,,,,p=elisabeth;n=de montlhery,,,,,,,,,,,,p11359.htm#i113587,,,Montlhéry-25,I00161622
Q122721,Q116031071,,,,,,,,,,,,,,,,,,,,,,,,,,,739615,,p=ne;n=de nangis,,,,,,,,,,,,,,,,I00161548
Q122723,Q56647843,,,,,,,,,,,,,,,,,,,,,,,,,,,739616,,p=elisabeth;n=capetiens;oc=4,,,,,,,,,,,,,,,,I00161550
Q122724,Q2511771,,,,,,,,,,,,,,,,,,,,,,,,,,,739932,,p=engelbert;n=de brienne;oc=4,,,,,,,,,,,,p11993.htm#i119928,Engilbert_Brienne_(1),,Brienne-20,I00199430
Q122726,Q75402858,,,,,,,,,,,,,,,,,,,,,,,,,,,739935,,p=petronille;n=n;oc=20,,,,,,,,,,,,p11995.htm#i119945,Petronille_Brienne_(1),,Unknown-708425,I00199431
Q122728,Q75402870,,,,,,,,,,,,,,,,,,,,,,,,,,,,,,,,,,,,,,,,,p11996.htm#i119951,,,,
Q122730,Q75402867,,,,,,,,,,,,,,,,,,,,,,,,,,,913677,,p=engilbert;n=de brienne,,,,,,,,,,,,p11995.htm#i119950,Engilbert_De_Brienne_(1),,,
Q122732,Q48753968,,,,,,,,,,,,,,,,,,,,,,,,,,,553249,,p=milon;n=de brienne,,,,,,,,,,,,p11996.htm#i119952,Milon_Bar-Sur-Seine_(1),,Brienne-18,I00029161
Q122736,Q2908958,,,,,,,,,,,,,,,,,,,,,,,,,,,909615,,p=archambaud;n=de bourbon;oc=3,,,,,,,,,,,,p39712.htm#i397115,Archambaud_Unknown_(3),,Bourbon-41,I00120923
Q122738,Q75909799,,,,,,,,,,,,,,,,,,,,,,,,,,,,,,,,,,,,,,,,,p39716.htm#i397158,,,,
Q122740,Q110578268,,,,,,,,,,,,,,,,,,,,,,,,,,,,,,,,,,,,,,,,,,,,,I00120924
Q122742,Q75909645,,,,,,,,,,,,,,,,,,,,,,,,,,,,,p=ermengarde;n=n;oc=29,,,,,,,,,,,,p39705.htm#i397047,Ermengarde_De_Sully_(1),,Sully-29,I00120920
Q122744,Q2108175,,,,,,,,,,,,,,,,,,,,,,,,,,,909613,,p=archambaud;n=de bourbon;oc=5,,,,,,,,,,,,p39297.htm#i392963,Archambaud_de_Bourbon_(1),,,
Q122746,Q793147,,,,,,,,,,,,,,,,,,,,,,,,,,,909622,,p=aimon;n=de bourbon;oc=2,,,,,,,,,,,,p39297.htm#i392962,Aimon_Unknown_(2),,Bourbon-43,I00065935
Q122748,Q3142600,,,,,,,,,,,,,,,,,,,,,,,,,,,,,p=hugues;n=d amboise;oc=8,,,,,,,,,,,,,Hughes_Ambroise_(1)|Hugues_d'Amboise_(1)|Hugues_Ier_d'Amboise_(1),,Amboise-12,I00197067
Q122750,Q3503517,,,,,,,,,,,,,,,,,,,,,,,,,,,1236865,,p=sulpice;n=d amboise;oc=2,,,,,,,,,,,,,Sulpice_d'Amboise_(1)|Suplice_d'Amboise_(1),,Amboise-24,I00197069
Q122752,Q57464532,,,,,,,,,,,,,,,,,,,,,,,,,,,,,p=raoul;n=de beaugency;oc=1,,,,,,,,,,,,p451.htm#i4502,Raoul_Ier_de_Beaugency_(1),,Beaugency-24,I00029102
Q122754,Q76034476,,,,,,,,,,,,,,,,,,,,,,,,,,,697436,,p=agnes;n=de beaugency;oc=1,,,,,,,,,,,,p48332.htm#i483315,Agnes_de_Baugency_(1),,Beaugency-2,I00029103
Q122756,Q76346884,,,,,,,,,,,,,,,,,,,,,,,,,,,,,p=adeline;n=de beaugency,,,,,,,,,,,,p70431.htm#i704301,Adeline_de_Beaugency_(1),,Presles-1,I00106753
Q122758,Q75384682,,,,,,,,,,,,,,,,,,,,,,,,,,,,,,,,,,,,,,,,,p10489.htm#i104888,,,,
Q122760,Q75246824,,,,,,,,,,,,,,,,,,,,,,,,,,,909430,,p=beatrice;n=d anjou;oc=2,,,,,,,,,,,,p822.htm#i8215,Beatrice_d'Anjou_(1),,Maine-100,I00026913
Q122762,Q75291513,,,,,,,,,,,,,,,,,,,,,,,,,,,,,p=mathilde;n=de lorraine,,,,,,,,,,,,p4258.htm#i42573,,,,I00026307
Q122764,Q273606,,,,,,,,,,,,,,,,,,,,,,,,,,,11545,,p=theodora;n=komnena;oc=7,,,,,,,,,,,,p823.htm#i8223,Theodora_Komnene_(3),,Komnene-9,I00121188
Q122766,Q241228,,,,,,,,,,,,,,,,,,,,,,,,,,,396868|349350,,p=agnes;n=de courtenay,,,,,,,,,,,,p823.htm#i8226,Agnes_of_Courtenay_(1),,Courtenay-528,I00076116
Q122772,Q30887539,,,,,,,,,,,,,,,,,,,,,,,,,,,,,p=helie;n=de talleyrand,,,,,,,,,,,,,Helie_de_Périgord_(4),,,
Q122774,Q4403457,,,,,,,,,,,,,,,,,,,,,,,,,,,480731,,p=helie;n=de perigord;oc=19,,,,,,,,,,,,,Helie_de_Périgord_(6),,,I00580176
Q122776,Q111146915,,,,,,,,,,,,,,,,,,,,,,,,,,,1199755,,p=jourdaine;n=de la marche,,,,,,,,,,,,,Jordana_de_Périgord_(1),,Périgord-18,I00300370
Q122778,Q2069983,,,,,,,,,,,,,,,,,,,,,,,,,,,108150,,p=alain;n=de cornouailles;oc=2,,,,,,,,,,,,p4047.htm#i40465,Alain_De_Cornouaille_(2),,Cornouaille-23,I00326841
Q122782,Q15966935,,,,,,,,,,,,,,,,,,,,,,,,,,,,,p=benedic;n=de cornouaille,,,,,,,,,,,,,,,,
Q122784,Q15966934,,,,,,,,,,,,,,,,,,,,,,,,,,,,,p=guerech;n=de cornouaille,,,,,,,,,,,,,,,,
Q122786,Q133091478,,,,,,,,,,,,,,,,,,,,,,,,,,,,,p=mathilda;n=d oilly,,,,,,,,,,,,p62.htm#i612,,,Crispin-403,
Q122788,Q3059516,,,,,,,,,,,,,,,,,,,,,,,,,,,919853|864335,,p=eudon;n=de porhoet;oc=1,,,,,,,,,,,,,Eudes_de_Porhoet_(3),,Porhoët-8,I00046745
Q122790,Q75932822,,,,,,,,,,,,,,,,,,,,,,,,,,,,,,,,,,,,,,,,,p41164.htm#i411637,,,,
Q122792,Q78185214,,,,,,,,,,,,,,,,,,,,,,,,,,,919852,,p=emma;n=de leon,,,,,,,,,,,,,Emme_De_Leon_(1),,Laon-60,I00046746
Q122794,Q2829923,,,,,,,,,,,,,,,,,,,,,,,,,,,505385|919847,,p=alain;n=de rohan;oc=1,,,,,,,,,,,,,Alain_de_Rohan_(6),,Zouche-93,I00046729
Q122796,Q110874374,,,,,,,,,,,,,,,,,,,,,,,,,,,919851,,p=havise;n=n,,,,,,,,,,,,p41104.htm#i411036,Hawise_Unknown_(19),,Fergant-6,I00046749
Q122798,Q113135030,,,,,,,,,,,,,,,,,,,,,,,,,,,,,p=amicie;n=de porhoet;oc=1,,,,,,,,,,,,,Amicie_de_Porhoet_(1),,,I00471139
Q122800,Q4529795,,,,,,,,,,,,,,,,,,,,,,,,,,,309916,,p=eudon;n=de porhoet;oc=3,,,,,,,,,,,,,Eudes_de_Porhoet_(1),,Porhoët-6,I00046741
Q122802,Q75384388,,,,,,,,,,,,,,,,,,,,,,,,,,,669352|918725,,,,,,,,,,,,,,p10460.htm#i104594,Alix_de_Porhoët_(1),,,
Q122804,Q75931872,,,,,,,,,,,,,,,,,,,,,,,,,,,617139,,p=alix;n=de beaumetz;oc=1,,,,,,,,,,,,p41104.htm#i411032,Alice_De_Belmeis_(4),,Belmeis-2,I00139402
Q122806,Q21034939,,,,,,,,,,,,,,,,,,,,,,,,,,,261317,,p=roger;n=de la zouche,,,,,,,,,,,,p40565.htm#i405650,Roger_La_Zouche_(2),,Zouche-16,I00139403
Q122808,Q76045621,,,,,,,,,,,,,,,,,,,,,,,,,,,,,p=william;n=de la zouche,,,,,,,,,,,,p49171.htm#i491704,William_La_Zouche_(3),,Zouche-167,
Q122810,Q39758953,,,,,,,,,,,,,,,,,,,,,,,,,,,147438,,p=constance;n=de penthievre,,,,,,,,,,,,,Constance_De_Bretagne_(1)|Constance_De_Bretagne_(2),,Bretagne-157,I00046735
Q122812,Q3101135,,,,,,,,,,,,,,,,,,,,,,,,,,,147435,,p=geoffroi;n=de mayenne;oc=4,,,,,,,,,,,,,Geoffroy_III_de_Mayenne_(1),,Mayenne-12,I00175550
Q122814,Q113949979,,,,,,,,,,,,,,,,,,,,,,,,,,,,,p=mathilde;n=de mayenne,,,,,,,,,,,,,Mathilde_de_Mayenne_(1),,Mayenne-23,
Q122818,Q111473682,,,,,,,,,,,,,,,,,,,,,,,,,,,,,p=eustachie;n=d argenton,,,,,,,,,,,,,,,,I00026351
Q122822,Q18607847,,,,,,,,,,,,,,,,,,,,,,,,,,,1240587,,p=catherine;n=de thouars,,,,,,,,,,,,p10680.htm#i106797,Catherine_De_Thouars_(1),,Thouars-6,I00048760
Q122824,Q105425613,,,,,,,,,,,,,,,,,,,,,,,,,,,,,,,,,,,,,,,,,,,,,
Q122826,Q111473919,,,,,,,,,,,,,,,,,,,,,,,,,,,,,p=pierre;n=de chemille,,,,,,,,,,,,,,,,I00046728
Q122829,Q75291015,,,,,,,,,,,,,,,,,,,,,,,,,,,998914|1009705|998916,,p=sybille;n=de laval,,,,,,,,,,,,p4216.htm#i42159,Agnes_De_Laval_(1),,,I00208545
Q122831,Q2741814,,,,,,,,,,,,,,,,,,,,,,,,,,,968980,,p=guy;n=de thouars;oc=1,,,,,,,,,,,,,Guy_De_Thouars_(2),,,I00208546
Q122833,Q2828007,,,,,,,,,,,,,,,,,,,,,,,,,,,376966,,p=aimery;n=de thouars,,,,,,,,,,,,,,,,I00254456
Q122835,Q116005998,,,,,,,,,,,,,,,,,,,,,,,,,,,13027,,p=marguerite;n=de montaigu,,,,,,,,,,,,,,,,I00485762
Q122837,Q9662155,,,,,,,,,,,,,,,,,,,,,,,,,,,144466,,p=boson;n=de la rochefoucauld;oc=2,,,sw.212924,,,,,,,,,p387.htm#i3867,Boson_II_de_Châtellerault_(1),,Châtellerault-16,I00121006
Q122839,Q108526325,,,,,,,,,,,,,,,,,,,,,,,,,,,,,p=amable;n=de chatellerault,,,,,,,,,,,,,Amable_de_Châtellerault_(1),,Châtellerault-26,I00613013
Q122841,Q110509325,,,,,,,,,,,,,,,,,,,,,,,,,,,,,p=hugues;n=de chatellerault;oc=2,,,,,,,,,,,,,Hugues_Unknown_(10),,Châtellerault-20,I00330872
Q122843,Q9649542,,,,,,,,,,,,,,,,,,,,,,,,,,,,,,,,,,,,,,,,,p387.htm#i3870,,,,I00020888
Q122845,Q61466727,,,,,,,,,,,,,,,,,,,,,,,,,,,,,p=gerberge;n=de+blaison;oc=2497,,,,,,,,,,,,p388.htm#i3871,,,Unknown-399653,I00020889
Q122849,Q2535342,,,,,,,,,,,,,,,,,,,,,,,,,,,261463,,p=wulgrin;n=d angouleme;oc=2,,,,,,,,,,,,p458.htm#i4577,Wulgrin_III_of_Angoulême_(1),,,I00139565
Q122851,Q788260,,,,,,,,,,,,,,,,,,,,,,,,,,,,,p=guillaume;n=d angouleme;oc=6,,,,,,,,,,,,p37050.htm#i370496,William_VII_of_Angoulême_(1),,Taillefer-96,I00048757
Q122853,Q108527870,,,,,,,,,,,,,,,,,,,,,,,,,,,888590,,p=almodis;n=d angouleme,,,,,,,,,,,,,Almodie_d'Angoleme_(1)|Almodis_Taillefer_(1),,Angoulême-38,I00139429
Q122859,Q233631,,,,,,,,,Agnes_Capet_(1171-1240),,,,,,,,,,,,,,,,,,11892,,p=agnes;n=capetiens,,,sw.980552,,,,,,,,,p10520.htm#i105200,Agnes_of_France_(1),,Capet-337,I00020913
Q122865,Q7185768,,,,,,,,,,,,,,,,,,,,,,,,,,,12924|1370038,,p=scholastique;n=de champagne,,,,,,,,,,,,,Scholastique_of_Champagne_(1),,Blois-255,I00014216
Q122873,Q112607,,,,,,,,,,,,,,,,,,,,,,,,,,,100493,,,,,,,,,,,,,,,,,,
Q122875,Q288946,,,,,,,,,,,,,,,,,,,,,,,,,,,12858,,p=marguerite;n=de blois,,,dw.8016,,,,,,,,,p11428.htm#i114275,"Margaret,_Countess_of_Blois_(1)",,Champagne-46,I00013715
Q122877,Q20801714,,,,,,,,,,,,,,,,,,,,,,,,,,,624254,,p=elisabeth;n=de blois;oc=1,,,,,,,,,,,,p46549.htm#i465486|p10460.htm#i104599,Isabelle_de_Blois_(1),,,I00330784
Q122879,Q75384390,,,,,,,,,,,,,,,,,,,,,,,,,,,,,,,,,,,,,,,,,p10460.htm#i104598,,,,
Q122881,Q75384394,,,,,,,,,,,,,,,,,,,,,,,,,,,,,,,,,,,,,,,,,p10460.htm#i104600,,,,
Q122883,Q75384441,,,,,,,,,,,,,,,,,,,,,,,,,,,668540,,p=william;n=plantagenet;oc=7,,,,,,,,,,,,p10465.htm#i104644,John_Unknown_(37),,Plantagenet-364,
Q122891,Q18915474,,,,,,,,,,,,,,,,,,,,,,,,,,,722245,,p=richenza;n=welf,,,,,,,,,,,,p10679.htm#i106783|p10464.htm#i104639,Matilda_Of_Saxony_(1),,Sachsen-19,I00013451
Q122893,Q75384439,,,,,,,,,,,,,,,,,,,,,,,,,,,,,,,,,,,,,,,,,p10465.htm#i104643,,,UNKNOWN-78625,
Q122895,Q75385267,,,,,,,,,,,,,,,,,,,,,,,,,,,,,p=ingebiorg;n=welf,,,,,,,,,,,,p10548.htm#i105471,,,,
Q122897,Q75384433,,,,,,,,,,,,,,,,,,,,,,,,,,,,,,,,,,,,,,,,,p10464.htm#i104638,Lothar_of_Bavaria_(1),,Saxony-90,I00313599
Q122899,Q75384438,,,,,,,,,,,,,,,,,,,,,,,,,,,,,,,,,,,,,,,,,p10465.htm#i104642,,,,I00313598
Q122901,Q1405919,,,,,,,,,,,,,,,,,,,,,,,,,,,,,p=philippe;n=fitz roy,,,,,,,,,,,,p10487.htm#i104867,Philip_of_Cognac_(1),,,I00482395
Q122903,Q75384665,,,,,,,,,,,,,,,,,,,,,,,,,,,,,,,,,,,,,,,,,p10487.htm#i104868,,,,
Q122905,Q1091197,,,,,,,,,,,,,,,,,,,,,,,,,,,,,p=alienor;n=plantagenet,,,,,,,,,,,,p10252.htm#i102515,Eleanor_Of_Brittany_(1),,Plantagenet-160,I00005257
Q122907,Q27567064,,,,,,,,,,,,,,,,,,,,,,,,,,,,,p=mathilde;n=plantagenet,,,,,,,,,,,,p10487.htm#i104865,Matilda_Of_Brittany_(1),,Plantagenet-156,I00005255
Q122909,Q363800,,,,,,,,,,26789678,,,,,,,,,,,,,,,,,,,p=arthur;n=plantagenet;oc=1,,,,,,,,,,,,p10215.htm#i102149,"Arthur_I,_Duke_of_Brittany_(1)",,Plantagenet-154,I00005256
Q122915,Q353,,,,,,,,9HK3-SWC,,18883572,,,,,,,,I2646,,,,,,,,,11781,,p=blanca;n=de castilla,,,sw.97086,,,,,,,,,p10239.htm#i102384,Blanche_of_Castile_(1),,Castilla-110,I00000163
Q122917,Q54610,,,,,,,,,,,,,,,,,,,,,,,,,,,,,,,,,,,,,,,,,,,,,
Q122919,Q348943,,,,,,,,,,,,,,,,,,,,,,,,,,,11783,,p=enrique;n=de castilla;oc=1,,,,,,,,,,,,p10463.htm#i104625,Henry_of_Castile_(1),,Castilla-111,I00020553
Q122925,Q8961406,,,,,,,,,,,,,,,,,,,,,,,,,,,,,,,,,,,,,,,,,p10463.htm#i104624,Ferdinand_Unknown_(18),,Bourgogne-219,I00020562
Q122931,Q75384431,,,,,,,,,,,,,,,,,,,,,,,,,,,,,,,,,,,,,,,,,p10464.htm#i104633,,,,
Q122933,Q180073,,,,,,,,,,,,,,,,,,,,,,,,,,,480581,,p=raimond;n=de toulouse;oc=7,,,,,,,,,,,,p10681.htm#i106802,"Raymond_VII,_Count_of_Toulouse_(1)",,Toulouse-12,I00028521
Q122935,Q75384416,,,,,,,,,,,,,,,,,,,,,,,,,,,634588,,p=guillemette;n=de toulouse,,,,,,,,,,,,p10463.htm#i104621,,,,
Q122937,Q75384419,,,,,,,,,,,,,,,,,,,,,,,,,,,634390,,p=richard;n=de toulouse,,,,,,,,,,,,p10463.htm#i104622,Richard_Of_Toulouse_(1),,,
Q122939,Q242636,,,,,,,,,,,,,,,,,,I1309,,,,,,,,,12903,,p=isabel;n=de gloucester,,,,,,,,,,,,p10201.htm#i102007,Isabel_FitzWilliam_(7),,FitzWilliam-517,I00308314
Q122953,Q1091368,,,,,,,,,,,,,,,,,,,,,,,,,,,123302,,p=joan;n=plantagenet;oc=4,,,,,,,,,,,,p10493.htm#i104929,"Joan,_Lady_of_Wales_(1)",,FitzJohn-120,I00005990
Q122957,Q18530535,,,,,,,,,,,,,,,,,,,,,,,,,,,,,p=oliver;n=plantagenet,,,,,,,,,,,,p10492.htm#i104920,Oliver_Of_England_(1),,FitzRoy-290,
Q122959,Q75384719,,,,,,,,,,,,,,,,,,,,,,,,,,,,,p=osbert;n=gifford,,,,,,,,,,,,p10493.htm#i104922,Osbert_Gifford_(1),,Giffard-706,
Q122961,Q75384720,,,,,,,,,,,,,,,,,,,,,,,,,,,,,p=geoffrey;n=fitzroy,,,,,,,,,,,,p10493.htm#i104923,Geofrey_Fitz_Roy_(1),,Plantagenet-1577,
Q122963,Q75384722,,,,,,,,,,,,,,,,,,,,,,,,,,,,,p=john;n=fitzroy;oc=1,,,,,,,,,,,,p10493.htm#i104924,John_Fitz_Roy_(1),,FitzRoy-289,
Q122965,Q75384724,,,,,,,,,,,,,,,,,,,,,,,,,,,,,p=odo;n=fitzroy,,,,,,,,,,,,p10493.htm#i104925,Eudo_Fitz_Roy_(1),,FitzRoy-291,
Q122967,Q75384725,,,,,,,,,,,,,,,,,,,,,,,,,,,,,,,,,,,,,,,,,p10493.htm#i104926,Ivo_Fitz_Roy_(1),,,
Q122969,Q75384727,,,,,,,,,,,,,,,,,,,,,,,,,,,,,p=henry;n=plantagenet;oc=1,,,,,,,,,,,,p10493.htm#i104927,Henry_Fitz_Roy_(2),,FitzRoy-100,I00390740
Q122971,Q75384728,,,,,,,,,,,,,,,,,,,,,,,,,,,,,p=richard;n=plantagenet;oc=4,,,,,,,,,,,,p10493.htm#i104928,,,,
Q122973,Q75384732,,,,,,,,,,,,,,,,,,,,,,,,,,,,,p=mathilda;n=plantagenet,,,,,,,,,,,,p10494.htm#i104931,Matilda_England_(36),,FitzJohn-305,
Q122975,Q75384733,,,,,,,,,,,,,,,,,,,,,,,,,,,,,p=isabelle;n=plantagenet,,,,,,,,,,,,p10494.htm#i104932,Isabel_Blanche_(1),,,
Q122976,Q75925891,,,,,,,,,,,,,,,,,,,,,,,,,,,,,,,,,,,,,,,,,p40720.htm#i407195,,,,
Q122978,Q2063139,,,,,,,,,,,,,,,,,,,,,,,,,,,887821,,p=guillaume;n=de nevers;oc=4,,,,,,,,,,,,,"William_IV,_Count_of_Nevers_(1)",,De_Nevers-43,I00666664
Q122980,Q1910529,,,,,,,,,,,,,,,,,,,,,,,,,,,,,p=mathieu;n=de beaumont sur oise,,,,,,,,,,,,,Mathieu_de_Beaumont_(1),,Beaumont-1404,I00666665
Q122982,Q651999,,,,,,,,,,,,,,,,,,,,,,,,,,,632355,,,,,,,,,,,,,,,,,Vermandois-283,I00050029
Q122984,Q450971,,,,,,,,,,,,,,,,,,,,,,,,,,,667455,,p=etiennette;n=de milly;oc=2,,,,,,,,,,,,p70905.htm#i709045,Stephanie_of_Milly_(1),,Milly-8,I00444874
Q122986,Q51885889,,,,,,,,,,,,,,,,,,,,,,,,,,,,,,,,,,,,,,,,,,,,,
Q122988,Q17527817,,,,,,,,,,,,,,,,,,,,,,,,,,,866838,,p=alix;n=de chatillon;oc=1,,,,,,,,,,,,p70905.htm#i709046,Alix_of_Oultrejourdain_(1),,Châtillon-44,I00310273
Q122992,Q86953,,,,,,,,,,,,,,,,,,I3043,,,,,,,,,711011,,p=imre;n=arpad,,,dw.1503,,,,,,,,,p10465.htm#i104647,Emeric_of_Hungary_(1),,Hungary-134,I00020734
Q122998,Q76356027,,,,,,,,,,,,,,,,,,,,,,,,,,,932589,,p=urson;n=de chateau landon,,,,,,,,,,,,p70905.htm#i709044,,,,
Q123000,Q1637065,,,,,,,,,,,,,,,,,,,,,,,,,,,,,p=onfroi;n=de thoron;oc=2,,,,,,,,,,,,,,,Toron-3,
Q123002,Q1294636,,,,,,,,,,,,,,,,,,,,,,,,,,,967335,,p=onfroi;n=de thoron;oc=1,,,,,,,,,,,,,Humphrey_of_Toron_(1),,Toron-5,I00444875
Q123004,Q113954829,,,,,,,,,,,,,,,,,,,,,,,,,,,,,p=gauthier;n=de bessan,,,,,,,,,,,,,,,,I00106153
Q123006,Q113954994,,,,,,,,,,,,,,,,,,,,,,,,,,,,,p=alice;n=de bessan,,,,,,,,,,,,,,,,I00106152
Q123008,Q517232,,,,,,,,,,,,,,,,,,,,,,,,,,,967336|473646,,p=alix;n=of armenia,,,,,,,,,,,,,Alice_of_Armenia_(1),,,I00295179
Q123010,Q888113,,,,,,,,,,,,,,,,,,,,,,,,,,,473645,,p=raimond rupen;n=de poitiers,,,,,,,,,,,,p21950.htm#i219499,Raymond-Roupen_Unknown_(1),,Poitiers-57,I00295180
Q123012,Q1581265,,,,,,,,,,,,,,,,,,,,,,,,,,,236977,,p=melissende;n=de lusignan,,,,,,,,,,,,,Melisende_of_Lusignan_(1),,Lusignan-133,I00064422
Q123014,Q3391044,,,,,,,,,,,,,,,,,,,,,,,,,,,236866,,p=plaisance;n=embriaco,,,,,,,,,,,,,Plaisance_of_Gibelet_(1),,Embriaco-3,I00064481
Q123016,Q34675176,,,,,,,,,,,,,,,,,,,,,,,,,,,,,,,,,,,,,,,,,,,,Poitiers-54,I00093366
Q123018,Q349102,,,,,,,,,,,,,,,,,,,,,,,,,,,237336,,p=boemond;n=de poitiers;oc=1,,,,,,,,,,,,p21951.htm#i219506,Bohemond_V_of_Antioch_(1),,Poitiers-52,I00093367
Q123020,Q888108,,,,,,,,,,,,,,,,,,,,,,,,,,,236597,,p=philippe;n=d antioche,,,,,,,,,,,,,Philip_of_Antioch_(1),,Poitiers-55,I00267060
Q123022,Q54087369,,,,,,,,,,,,,,,,,,,,,,,,,,,236976,,,,,,,,,,,,,,,,,,I00093365
Q123024,Q331389,,,,,,,,,,,,,,,,,,,,,,,,,,,579638,,p=henri;n=de poitiers,,,,,,,,,,,,p22033.htm#i220322,Henry_of_Antioch_(1),,Poitiers-51,I00064471
Q123027,Q54087398,,,,,,,,,,,,,,,,,,,,,,,,,,,,,,,,,,,,,,,,,,,,,
Q123029,Q54087404,,,,,,,,,,,,,,,,,,,,,,,,,,,,,p=heloise;n=de poitiers,,,,,,,,,,,,,,,,I00267061
Q123031,Q461235,,,,,,,,,,,,,,,,,,,,,,,,,,,,,p=marie;n=de poitiers;oc=1,,,,,,,,,,,,,Maria_of_Antioch_(pretender)_(1),,,I00064424
Q123033,Q1553577,,,,,,,,,,,,,,,,,,,,,,,,,,,,,p=guy;n=embriaco;oc=1,,,,,,,,,,,,,,,,I00092028
Q123035,Q1597724,,,,,,,,,,,,,,,,,,,,,,,,,,,,,,,,,,,,,,,,,,,,,I00092030
Q123037,Q28150914,,,,,,,,,,,,,,,,,,,,,,,,,,,,,,,,,,,,,,,,,,,,,
Q123039,Q737433,,,,,,,,,,,,,,,,,,,,,,,,,,,,,,,,,,,,,,,,,,,,,
Q123041,Q1679456,,,,,,,,,,,,,,,,,,,,,,,,,,,,,,,,,,,,,,,,,,,,,
Q123043,Q18410116,,,,,,,,,,,,,,,,,,,,,,,,,,,,,,,,,,,,,,,,,,,,,
Q123045,Q1635242,,,,,,,,,,,,,,,,,,,,,,,,,,,305123,,p=hugues;n=du maine;oc=3,,,sw.213068,,,,,,,,,p394.htm#i3931,Hugues_III_de_Maine_(1),,Maine-4,I00177503
Q123047,Q116007155,,,,,,,,,,,,,,,,,,,,,,,,,,,,,,,,,,,,,,,,,,,,,I00177504
Q123049,Q100326601,,,,,,,,,,,,,,,,,,,,,,,,,,,,,,,,,,,,,,,,,,,,Château-du-Loir-3,I00141486
Q123051,Q100326602,,,,,,,,,,,,,,,,,,,,,,,,,,,,,,,,,,,,,,,,,,,,,I00141487
Q123053,Q100326603,,,,,,,,,,,,,,,,,,,,,,,,,,,,,,,,,,,,,,,,,,,,Unknown-719789,I00561410
Q123055,Q99304143,,,,,,,,,,,,,,,,,,,,,,,,,,,,,,,,,,,,,,,,,,,,,I00174571
Q123057,Q99304087,,,,,,,,,,,,,,,,,,,,,,,,,,,,,p=adelaide;n=de+roquefeuil;,,,,,,,,,,,,,,,Roquefeuil-1,I00174580
Q123059,Q3420943,,,,,,,,,,,,,,,,,,,,,,,,,,,,,p=raymond;n=de roquefeuil;oc=1,,,,,,,,,,,,,,,Rouergue-13,I00207018
Q123061,Q99304074,,,,,,,,,,,,,,,,,,,,,,,,,,,,,,,,,,,,,,,,,,,,Anduze-4,I00174562
Q123063,Q123925186,,,,,,,,,,,,,,,,,,,,,,,,,,,,,,,,,,,,,,,,,,,,,
Q123065,Q2897315,,,,,,,,,,,,,,,,,,,,,,,,,,,,,,,,,,,,,,,,,,,,,
Q123067,Q100438803,,,,,,,,,,,,,,,,,,,,,,,,,,,,,p=aircelene;n=de francon,,,,,,,,,,,,,,,,I00199374
Q123069,Q744523,,,,,,,,,,,,,,,,,,,,,,,,,,,1284064,,p=bertrand;n=des baux;oc=1,,,,,,,,,,,,p58657.htm#i586570,Bertrand_of_Baux_(1),,Baux-9,I00079866
Q123071,Q3120486,,,,,,,,,,,,,,,,,,,,,,,,,,,575971,,p=guillaume;n=des baux;oc=2,,,,,,,,,,,,p61045.htm#i610443,William_I_of_Baux_(1),,Baux-24,I00164730
Q123073,Q8688594,,,,,,,,,,,,,,,,,,,,,,,,,,,1421427,,p=hugues;n=des baux;oc=3,,,,,,,,,,,,,Hugh_III_of_Baux_(1),,Baux-8,I00164707
Q123075,Q76159497,,,,,,,,,,,,,,,,,,,,,,,,,,,1421231,,p=bertrand;n=des baux;oc=2,,,,,,,,,,,,p57138.htm#i571373,,,Baux-5,I00107639
Q123077,Q3120523,,,,,,,,,,,,,,,,,,,,,,,,,,,,,p=guillemette;n=de montpellier,,,,,,,,,,,,p40139.htm#i401381,,,Montpellier-17,I00207019
Q123079,Q3122283,,,,,,,,,,,,,,,,,,,,,,,,,,,,,p=gui;n=de montpellier,,,,,,,,,,,,,,,,
Q123081,Q98924374,,,,,,,,,,,,,,,,,,,,,,,,,,,,,p=raymond;n=de montpellier,,,,,,,,,,,,,,,,
Q123083,Q116007607,,,,,,,,,,,,,,,,,,,,,,,,,,,467180,,p=navarre;n=de montpellier,,,,,,,,,,,,,,,,I00462109
Q123085,Q822267,,,,,,,,,,,,,,,,,,,,,,,,,,,,,p=bernard aton;n=trencavel;oc=1,,,,,,,,,,,,,Bernard_Unknown_(46),,,
Q123087,Q7098930,,,,,,,,,,,,,,,,,,,,,,,,,,,939225,,p=ebles;n=de ventadour;oc=9,,,,,,,,,,,,,Eble_III_of_Ventadorn_(1),,De_VENTADOUR-3,I00139547
Q123089,Q30315691,,,,,,,,,,,,,,,,,,,,,,,,,,,1092591,,p=bernard;n=pelet;oc=3,,,,,,,,,,,,,,,,I00473516
Q123091,Q102859714,,,,,,,,,,,,,,,,,,,,,,,,,,,,,p=bertrand;n=pelet,,,,,,,,,,,,,,,,I00541947
Q123095,Q18420644,,,,,,,,,,,,,,,,,,,,,,,,,,,,,p=unfredo;n=di montescaglioso,,,,,,,,,,,,,,,,I00421121
Q123097,Q2066558,,,,,,,,,,,,,,,,,,,,,,,,,,,489418,,p=robert dauphin;n=d auvergne,,,,,,,,,,,,,,,Auvergne-59,I00164561
Q123099,Q110520661,,,,,,,,,,,,,,,,,,,,,,,,,,,,,p=assalide;n=d auvergne,,,,,,,,,,,,,,,,I00164628
Q123101,Q113679792,,,,,,,,,,,,,,,,,,,,,,,,,,,,,p=bellissende;n=d auvergne,,,,,,,,,,,,,,,,
Q123103,Q178174,,,,,,,,,,,,,,,,,,,,,,,,,,,426425,,p=guillaume;n=de nevers;oc=2,,,,,,,,,,,,p48332.htm#i483316,Guillaume_II_de_Nevers_(1),,Nevers-56,I00029105
Q123105,Q76034480,,,,,,,,,,,,,,,,,,,,,,,,,,,887819,,p=adelaide;n=n;oc=3,,,,,,,,,,,,p48332.htm#i483319,Adélaïde_Unknown_(1),,,I00029106
Q123107,Q22639229,,,,,,,,,,,,,,,,,,,,,,,,,,,12992,,p=mathilde;n=de bourgogne,,,,,,,,,,,,,Maud_De_Bourgogne_(2),,Bourgogne-238,I00020155
Q123109,Q443735,,,,,,,,,,,,,,,,,,,,,,,,,,,489427,,p=guy;n=d auvergne;oc=2,,,,,,,,,,,,,Guy_d'Auvergne_(1),,Auvergne-51,I00164890
Q123111,Q2469769,,,,,,,,,,,,,,,,,,,,,,,,,,,906284,,,,,,,,,,,,,,,,,,I00164889
Q123113,Q16620880,,,,,,,,,,,,,,,,,,,,,,,,,,,,,p=robert;n=d auvergne;oc=14,,,,,,,,,,,,,,,,
Q123115,Q101466799,,,,,,,,,,,,,,,,,,,,,,,,,,,489420,,p=marie;n=d auvergne,,,,,,,,,,,,,Marie_d'Auvergne_(2),,Auvergne-96,I00141229
Q123117,Q117227145,,,,,,,,,,,,,,,,,,,,,,,,,,,,,p=beraud;n=de mercoeur,,,,,,,,,,,,,Beraud_Unknown_(4),,,I00164629
Q123119,Q21139646,,,,,,,,,,,,,,,,,,,,,,,,,,,896983,,p=stephanie;n=n;oc=12,,,,,,,,,,,,,,,,I00472352
Q123121,Q1223099,,,,,,,,,,,,,,,,,,,,,,,,,,,896984,,p=geraud;n=d armagnac;oc=7,,,,,,,,,,,,,,,,I00472373
Q123123,Q21139562,,,,,,,,,,,,,,,,,,,,,,,,,,,,,p=bernard;n=d armagnac;oc=13,,,,,,,,,,,,,,,,
Q123125,Q21139578,,,,,,,,,,,,,,,,,,,,,,,,,,,,,p=marie;n=d armagnac;oc=4,,,,,,,,,,,,,,,,I00472374
Q123127,Q980572,,,,,,,,,,,,,,,,,,,,,,,,,,,480573,,p=bernard;n=d armagnac,,,,,,,,,,,,,Bernard_of_Fezensaguet_(1),,,I00139105
Q123129,Q111970460,,,,,,,,,,,,,,,,,,,,,,,,,,,,,p=odon;n=de lomagne;oc=5,,,,,,,,,,,,,,,,I00472375
Q123131,Q5616643,,,,,,,,,,,,,,,,,,,,,,,,,,,,,p=guiraude;n=de+dax;,,,,,,,,,,,,,,,,
Q123133,Q2184546,,,,,,,,,,,,,,,,,,,,,,,,,,,1239246,,p=stephanie;n=de bigorre;oc=3,,,,,,,,,,,,,Beatrice_of_Bigorre_(1),,Marsan-130,I00122149
Q123135,Q110578395,,,,,,,,,,,,,,,,,,,,,,,,,,,,,p=navarrine;n=de+dax;,,,,,,,,,,,,,,,Dax-98,I00139433
Q123137,Q55130910,,,,,,,,,,,,,,,,,,,,,,,,,,,,,p=loup aner;n=de marsan;oc=1,,,,,,,,,,,,,,,,I00573982
Q123139,Q113956218,,,,,,,,,,,,,,,,,,,,,,,,,,,467711,,p=rose blanche;n=de marsan,,,,,,,,,,,,,,,,
Q123141,Q21162279,,,,,,,,,,,,,,,,,,,,,,,,,,,,,p=biverne;n=n,,,,,,,,,,,,,Biverne_Unknown_(1),,,I00139123
Q123143,Q21162286,,,,,,,,,,,,,,,,,,,,,,,,,,,,,p=raimon;n=de pardiac,,,,,,,,,,,,,,,,
Q123145,Q21122377,,,,,,,,,,,,,,,,,,,,,,,,,,,,,p=odon;n=de lomagne,,,,,,,,,,,,,Odo_of_Lomagne_(5),,,I00472358
Q123147,Q110509211,,,,,,,,,,,,,,,,,,,,,,,,,,,,,p=ne;n=de la graulet,,,,,,,,,,,,,,,,I00461927
Q123149,Q110509206,,,,,,,,,,,,,,,,,,,,,,,,,,,,,p=bertrand;n=de montesquiou;oc=13,,,,,,,,,,,,,,,,I00461924
Q123151,Q15973647,,,,,,,,,,,,,,,,,,,,,,,,,,,,,p=bernard;n=de montesquiou;oc=1,,,,,,,,,,,,,,,,
Q123153,Q45937,,,,,,,,,,,,,,,,,,,,,,,,,,,,,,,,,,,,,,,,,,,,,
Q123155,Q131782467,,,,,,,,,,,,,,,,,,,,,,,,,,,,,,,,,,,,,,,,,,,,,
Q123157,Q116028788,,,,,,,,,,,,,,,,,,,,,,,,,,,141727,,p=robert;n=de tosny;oc=1,,,,,,,,,,,,,,,,I00553580
Q123159,Q75591913,,,,,,,,,,,,,,,,,,,,,,,,,,,,,,,,,,,,,,,,,p23116.htm#i231159,,,Limesi-7,I00638356
Q123161,Q135552286,,,,,,,,,,,,,,,,,,,,,,,,,,,,,,,,,,,,,,,,,,,,,
Q123163,Q28474243,,,,,,,,,,,,,,,,,,,,,,,,,,,973326,,p=robert;n=de tosny;oc=2,,,,,,,,,,,,p2374.htm#i23739,Robert_de_Stafford_(1)|Robert_De_Toeni_(1),,Toeni-71,I00385354
Q123165,Q61807212,,,,,,,,,,,,,,,,,,,,,,,,,,,141726,,p=adelise;n=de tosny,,,,,,,,,,,,p2373.htm#i23721,Adelisa_de_Toeni_(1),,Toeni-6,I00385353
Q123167,Q76174339,,,,,,,,,,,,,,,,,,,,,,,,,,,,,p=maud;n=de limesi,,,,,,,,,,,,p58177.htm#i581762,,,Meolte-1,
Q123169,Q76174340,,,,,,,,,,,,,,,,,,,,,,,,,,,,,p=robert;n=stafford;oc=1,,,,,,,,,,,,p58177.htm#i581763,,,Stafford-962,
Q123171,Q2044913,,,,,,,,,,,,,,,,,,,,,,,,,,,,,,,,,,,,,,,,,,,,,
Q123173,Q1382635,,,,,,,,,,,,,,,,,,I5106,,,,,,,,,260767,,p=ralph;n=de guader,,,,,,,,,,,,p382.htm#i3817,Ralph_de_Gael_(1),,Gael-2,I00120989
Q123175,Q59262163,,,,,,,,,,,,,,,,,,I5105,,,,,,,,,145576,,p=raoul;n=de montfort;oc=4,,,,,,,,,,,,p382.htm#i3816,Ralph_De_Gael_(17),,Montfort-85,I00471118
Q123177,Q111452972,,,,,,,,,,,,,,,,,,,,,,,,,,,,,,,,,,,,,,,,,,,,,I00426942
Q123179,Q17770226,,,,,,,,,,,,,,,,,,,,,,,,,,,,,p=eustache;n=de pacy,,,,,,,,,,,,p10467.htm#i104670,,,Breteuil-19,I00005952
Q123181,Q72795323,,,,,,,,,,,,,,,,,,,,,,,,,,,,,p=margaret;n=de tosny,,,,,,,,,,,,p10487.htm#i104861,Margaret_De_Toni_(1),,Toeni-27,I00028365
Q123183,Q76174326,,,,,,,,,,,,,,,,,,,,,,,,,,,,,,,,,,,,,,,,,p58176.htm#i581753,,,,
Q123185,Q76174327,,,,,,,,,,,,,,,,,,,,,,,,,,,,,,,,,,,,,,,,,p58176.htm#i581754,,,Toeni-43,
Q123187,Q76174328,,,,,,,,,,,,,,,,,,,,,,,,,,,,,,,,,,,,,,,,,p58176.htm#i581755,,,Toeni-40,
Q123189,Q76174330,,,,,,,,,,,,,,,,,,,,,,,,,,,,,p=godehilde;n=de tosny;oc=2,,,,,,,,,,,,p58176.htm#i581756,Godehuet_de_Toeni_(1),,Toeni-18,I00291692
Q123191,Q1386498,,,,,,,,,,,,,,,,,,I4784,,,,,,,,,145574,,p=robert;n=de beaumont le roger;oc=7,,,sw.215283,,,,,,,,,p10774.htm#i107737,Robert_de_Beaumont_(4),,Beaumont-29,I00120986
Q123193,Q112844889,,,,,,,,,,,,,,,,,,,,,,,,,,,477778,,p=roger;n=de comminges;oc=15,,,,,,,,,,,,,,,,I00120351
Q123195,Q116006274,,,,,,,,,,,,,,,,,,,,,,,,,,,129752,,p=senegonde;n=de beziers,,,,,,,,,,,,,Senegonde_Bezieres_(1),,Beziers-12,I00197701
Q123197,Q99304138,,,,,,,,,,,,,,,,,,,,,,,,,,,,,,,,,,,,,,,,,,,,Anduze-15,I00174564
Q123199,Q99304139,,,,,,,,,,,,,,,,,,,,,,,,,,,,,,,,,,,,,,,,,,,,,I00174565
Q123201,Q95921268,,,,,,,,,,,,,,,,,,,,,,,,,,,,,,,,,,,,,,,,,,,,,
Q123203,Q3089513,,,,,,,,,,,,,,,,,,,,,,,,,,,,,,,,,,,,,,,,,,,,,
Q123205,Q3124456,,,,,,,,,,,,,,,,,,,,,,,,,,,,,,,,,,,,,,,,,,,,,
Q123207,Q97546694,,,,,,,,,,,,,,,,,,,,,,,,,,,,,,,,,,,,,,,,,,,,,
Q123209,Q11909082,,,,,,,,,,,,,,,,,,,,,,,,,,,,,,,,,,,,,,,,,,,,,
Q123211,Q130786410,,,,,,,,,,,,,,,,,,,,,,,,,,,,,p=helvis;n=n;oc=1,,,,,,,,,,,,,,,,
Q123213,Q63974952,,,,,,,,,,,,,,,,,,,,,,,,,,,,,,,,,,,,,,,,,,,,,
Q123215,Q2784365,,,,,,,,,,,,,,,,,,,,,,,,,,,644290,,p=agnes;n=de ponthieu,,,,,,,,,,,,,Agnes_of_Ponthieu_(1),,Ponthieu-94,I00177487
Q123217,Q110520479,,,,,,,,,,,,,,,,,,,,,,,,,,,644266,,p=ida;n=de saint pol,,,,,,,,,,,,,Ida_Ponthieu_(1),,Unknown-723659,I00139992
Q123219,Q983153,,,,,,,,,,,,,,,,,,,,,,,,,,,473311,,p=jean;n=de ponthieu;oc=1,,,,,,,,,,,,p452.htm#i4518,John_I_of_Ponthieu_(1),,Ponthieu-51,I00139993
Q123221,Q1812141,,,,,,,,,,,,,,,,,,,,,,,,,,,909435,,p=jean;n=d alencon;oc=3,,,,,,,,,,,,p4217.htm#i42161,Jean_d'Alençon_(1),,,I00020173
Q123223,Q2803913,,,,,,,,,,,,,,,,,,,,,,,,,,,909105,,p=robert;n=d alencon,,,,,,,,,,,,p4216.htm#i42152|p38820.htm#i388197,Robert_d'Alençon_(1),,D'Alençon-16,I00205380
Q123225,Q11924892,,,,,,,,,,,,,,,,,,,,,,,,,,,909433,,p=guillaume;n=d alencon,,,,,,,,,,,,p4217.htm#i42162,Guillaume_d'Alençon_(2),,,I00330869
Q123229,Q75291035,,,,,,,,,,,,,,,,,,,,,,,,,,,909434,,p=helie;n=d alencon,,,,,,,,,,,,p4217.htm#i42167,Helie_d'Alençon_(1),,,I00330871
Q123231,Q75291038,,,,,,,,,,,,,,,,,,,,,,,,,,,909436,,p=philippa;n=d alencon,,,,,,,,,,,,p4217.htm#i42168,Philippa_d'Alençon_(1),,Alençon-14,I00330880
Q123233,Q730926,,,,,,,,,,,,,,,,,,,,,,,,,,,907549,,p=patrick;n=d evreux,,,,,,,,,,,,p40632.htm#i406316,Patrick_Earl_Of_Salisbury_(1),,Salisbury-1708,I00140288
Q123241,Q63247358,,,,,,,,,,,,,,,,,,,,,,,,,,,,,,,,,,,,,,,,,,,,,
Q123243,Q63247367,,,,,,,,,,,,,,,,,,,,,,,,,,,,,,,,,,,,,,,,,,,,,
Q123245,Q63247373,,,,,,,,,,,,,,,,,,,,,,,,,,,,,,,,,,,,,,,,,,,,,
Q123247,Q3188142,,,,,,,,,,,,,,,,,,,,,,,,,,,,,p=juhel;n=de mayenne;oc=1,,,,,,,,,,,,,Juhel_Unknown_(1),,Mayenne-11,I00175552
Q123249,Q63184407,,,,,,,,,,,,,,,,,,,,,,,,,,,,,p=juhel;n=de mayenne;oc=4,,,,,,,,,,,,,,,,
Q123253,Q4772140,,,,,,,,,,,,,,,,,,,,,,,,,,,920161,,,,,dw.276,,,,,,,,,,Sigrid_Svendsdatter_(1),,,I00300674
Q123257,Q212284,,,,,,,,,,30490966,,,,,,,,,,,,,,,,,480484,,p=knud;n=de danemark;oc=2,,,dw.275,,,,,,,,,p10543.htm#i105427,Canute_IV_of_Denmark_(1),,Svendsson-26,I00079669
Q123259,Q225212,,alvin-person:67645,,,,,,,,,,,,,,,,,,,,,,,,,920170,,p=harald;n=de danemark;oc=3,,,dw.267,,,,,,,,,p10543.htm#i105426,Harald_III_of_Denmark_(1),,Svendsson-5,I00300671
Q123267,Q4772088,,,,,,,,,,,,,,,,,,,,,,,,,,,920164,,,,,,,,,,,,,,,Svend_Tronkræver_(1),,Svendsen-214,I00280161
Q123269,Q2192244,,,,,,,,,,,,,,,,,,,,,,,,,,,920154,,,,,dw.273,,,,,,,,,p11286.htm#i112859,Gyda_of_Sweden_(1),,Anundsdotter-43,I00594304
Q123271,Q76346883,,,,,,,,,,,,,,,,,,,,,,,,,,,,,p=gauthier;n=de mayenne,,,,,,,,,,,,p70430.htm#i704300,Gauthier_De_Mayenne_(1)|Gautier_IV_de_Mayenne_(1),,Mayenne-9,I00106752
Q123277,Q75917366,,,,,,,,,,,,,,,,,,,,,,,,,,,909626,,p=alix;n=de bourgogne;oc=1,,,,,,,,,,,,p40234.htm#i402333,Alix De Bourgogne (2),,Bourgogne-200,I00020154
Q123279,Q3059507,,,,,,,,,,,,,,,,,,,,,,,,,,,,,p=othon;n=de vaudemont,,,,,,,,,,,,,,,,
Q123281,Q114040207,,,,,,,,,,,,,,,,,,,,,,,,,,,,,p=ulric;n=de vaudemont;oc=1,,,,,,,,,,,,,,,,
Q123283,Q2616417,,,,,,,,,,,,,,,,,,,,,,,,,,,1019174,,p=gerard;n=de vaudemont,,,,,,,,,,,,,Gerard_of_Vaudemont_(1),,,I00163415
Q123285,Q75395041,,,,,,,,,,,,,,,,,,,,,,,,,,,,,p=guillaume;n=de bourgogne,,,,,,,,,,,,p11528.htm#i115274,,,De_Chalon-4,
Q123287,Q106779331,,,,,,,,,,,,,,,,,,,,,,,,,,,1369616,,p=sibylle;n=de bourgogne;oc=2,,,,,,,,,,,,,,,De_Chalon-3,
Q123289,Q76034561,,,,,,,,,,,,,,,,,,,,,,,,,,,382699,,p=agnes;n=de thiers,,,,,,,,,,,,p48339.htm#i483383,Agnes_De_Chalon_(1)|Agnès_de_Thiern_(1),,Thiern-2,I00027378
Q123291,Q20005883,,,,,,,,,,,,,,,,,,,,,,,,,,,12854|922059,,p=mahaut;n=de bourgogne;oc=3,,,,,,,,,,,,p4257.htm#i42568,Matilda_de_Bourgogne_(1),,Bourgogne-433,I00013797
Q123293,Q85854562,,,,,,,,,,,,,,,,,,,,,,,,,,,,,p=roger;n=de vignory,,,,,,,,,,,,,,,Vignory-5,I00198147
Q123295,Q16200595,,,,,,,,,,,,,,,,,,,,,,,,,,,,,p=lambert;n=de vignory,,,,,,,,,,,,,,,,
Q123297,Q85854565,,,,,,,,,,,,,,,,,,,,,,,,,,,,,,,,,,,,,,,,,,,,,
Q123299,Q2127891,,,,,,,,,,,,,,,,,,,,,,,,,,,632372,,p=renard;n=de joigny,,,,,,,,,,,,p10675.htm#i106748,Renaud_Joigney_(1),,Joigny-12,I00076106|I00432967
Q123301,Q1539272,,,,,,,,,,,,,,,,,,,,,,,,,,,13059,,p=geoffroi;n=de joinville;oc=4,,,,,,,,,,,,,Geoffroy_De_Joinville_(2),,Joinville-13,I00026595
Q123303,Q22337631,,,,,,,,,,,,,,,,,,,,,,,,,,,1019176,,p=gertrude;n=de joinville,,,,,,,,,,,,,Gertrud_of_Joinville_(1),,,I00163416
Q123305,Q451904,,,,,,,,,,,,,,,,,,,,,,,,,,,1018973,,p=amedee;n=de montfaucon;oc=2,,,,,,,,,,,,,Amadeus_II_of_Montfaucon_(1),,Montfaucon-4,I00026642
Q123307,Q2218210,,,,,,,,,,,,,,,,,,,,,,,,,,,1018978,,p=richard;n=de montfaucon,,,,,,,,,,,,,Richard_de_Montfaucon_(1),,,I00141077
Q123309,Q5327068,,,,,,,,,,,,,,,,,,I5594,,,,,,,,,341759,,p=agnes;n=de montfaucon,,,,,,,,,,,,p12003.htm#i120026,Agnes_De_Montfaucon_(1),,Montfaucon-5,I00572934
Q123311,Q115610649,,,,,,,,,,,,,,,,,,,,,,,,,,,,,p=tiphaine;n=n;oc=3,,,,,,,,,,,,,,,,I00201736
Q123313,Q111558876,,,,,,,,,,,,,,,,,,,,,,,,,,,913805,,p=helvide;n=de brienne,,,,,,,,,,,,,,,,I00201738
Q123315,Q65154009,,,,,,,,,,,,,,,,,,,,,,,,,,,,,p=gautier;n=de vignory,,,,,,,,,,,,,,,,I00201739
Q123317,Q78440785,,,,,,,,,,,,,,,,,,,,,,,,,,,,,p=guy;n=de vignory;oc=5,,,,,,,,,,,,,,,,
Q123319,Q74581076,,,,,,,,,,,,,,,,,,,,,,,,,,,,,p=alix;n=de vignory,,,,,,,,,,,,,,,,I00046895
Q123321,Q115621199,,,,,,,,,,,,,,,,,,,,,,,,,,,,,p=beatrix;n=de vignory;oc=4,,,,,,,,,,,,,,,,
Q123323,Q3436552,,,,,,,,,,,,,,,,,,,,,,,,,,,,,p=robert guichard;n=de clefmont,,,,,,,,,,,,,,,,
Q123325,Q67199767,,,,,,,,,,,,,,,,,,,,,,,,,,,,,p=simon;n=de clefmont;oc=3,,,,,,,,,,,,,,,,
Q123327,Q1635232,,,,,,,,,,,,,,,,,,,,,,,,,,,377603,,p=hugues;n=de lusignan;oc=18,,,,,,,,,,,,,Hugues_Unknown_(37),,Lusignan-67,I00197500
Q123329,Q110578227,,,,,,,,,,,,,,,,,,,,,,,,,,,,,p=ne;n=.;oc=873,,,,,,,,,,,,,,,,I00197501
Q123331,Q75241641,,,,,,,,,,,,,,,,,,,,,,,,,,,,,,,,,,,,,,,,,p389.htm#i3884,,,,
Q123333,Q52557265,,,,,,,,9ZZS-RGG,,,,,,,,,,,,,,,,,,,261456,,p=bourgogne;n=de rancon,,,,,,,,,,,,p458.htm#i4575,Bourgogne_de_Rancon_(1),,Rançon-3,I00064431
Q123335,Q1635993,,,,,,,,,,,,,,,,,,,,,,,,,,,959501,,p=hugues;n=de lusignan;oc=3,,,,,,,,,,,,,Hugh_Sn_De_Lusignan_(1),,Lusignan-72,I00064434
Q123337,Q940005,,,,,,,,,,,,,,,,,,,,,,,,,,,472721,,p=geoffroi;n=de lusignan;oc=1,,,,,,,,,,,,,Geoffroy_De_Lusignan_(1),,De_Lusignan-34,I00330899
Q123339,Q453325,,,,,,,,,,,,,,,,,,,,,,,,,,,377214,,p=amaury;n=de lusignan;oc=2,,,,,,,,,,,,p825.htm#i8241,Amalric_II_of_Jerusalem_(1),,Lusignan-65,I00064418
Q123341,Q294192,,,,,,,,,,,,,,,,,,,,,,,,,,,472715,,p=guy;n=de lusignan;oc=4,,,,,,,,,,,,p824.htm#i8232,Guy_of_Lusignan_(1),,Lusignan-100,I00076125
Q123343,Q52160277,,,,,,,,,,,,,,,,,,,,,,,,,,,,,p=guillaume;n=de lusignan;oc=2,,,,,,,,,,,,,Guillaume_de_Lusignan_(1),,Lusignan-140,I00076128
Q123345,Q110578218,,,,,,,,,,,,,,,,,,,,,,,,,,,,,p=goscelin;n=de parthenay;oc=1,,,,,,,,,,,,,,,,I00164806
Q123347,Q110578219,,,,,,,,,,,,,,,,,,,,,,,,,,,,,p=ne;n=n;oc=63396,,,,,,,,,,,,,,,,I00164807
Q123349,Q126680452,,,,,,,,,,,,,,,,,,,,,,,,,,,,,,,,,,,,,,,,,,,,,
Q123351,Q110578210,,,,,,,,,,,,,,,,,,,,,,,,,,,,,p=theophanie;n=n;oc=1,,,,,,,,,,,,,,,,I00164815
Q123353,Q110578194,,,,,,,,,,,,,,,,,,,,,,,,,,,952203,,p=guillaume;n=de parthenay;oc=3,,,,,,,,,,,,,,,,I00164804
Q123359,Q1075650,,,,,,,,,,,,,,,,,,,,,,,,,,,,,p=guido;n=di sorrente|p=guido;n=di sorrento,,,,,,,,,,,,p70419.htm#i704186,"Guy,_Duke_of_Sorrento_(1)",,Salerno-105,I00595757
Q123361,Q28006728,,,,,,,,,,,,,,,,,,,,,,,,,,,,,p=paldolfo;n=di salerno,,,,,,,,,,,,,Pandulf_di_Salerno_(1),,,I00118298
Q123363,Q111457146,,,,,,,,,,,,,,,,,,,,,,,,,,,,,,,,,,,,,,,,,,Laidolfo_di_Capua_(1),,,I00550428
Q123365,Q29638983,,,,,,,,,,,,,,,,,,,,,,,,,,,,,,,,,,,,,,,,,,Pandolf_Unknown_(2),,,
Q123367,Q6240688,,,,,,,,,,,,,,,,,,,,,,,,,,,,,,,,,,,,,,,,,,,,,
Q123369,Q2484185,,,,,,,,,,,,,,,,,,,,,,,,,,,,,,,,,,,,,,,,,,Ioannes_of_Naples_(3),,,
Q123371,Q1095071,,,,,,,,,,,,,,,,,,,,,,,,,,,702780,,,,,,,,,,,,,,,Robert_I_of_Capua_(1),,,
Q123373,Q1095065,,,,,,,,,,,,,,,,,,,,,,,,,,,,,p=jordan;n=di capua;oc=1,,,,,,,,,,,,,Jordan_II_of_Capua_(1),,,
Q123375,Q1095074,,,,,,,,,,,,,,,,,,,,,,,,,,,,,,,,,,,,,,,,,,Richard_II_of_Capua_(1),,,
Q123377,Q378217,,,,,,,,,,,,,,,,,,,,,,,,,,,480487,,p=charles;n=de danemark;oc=1,,,dw.5917,,,,,,,,,p10544.htm#i105434,"Charles_I,_Count_of_Flanders_(1)",,Knutsen-608,I00303238
Q123381,Q4266847,,,,,,16520,,,,,,,,,,,,,,,,,,,,,920167,,,,,dw.5919,,,,,,,,,p10544.htm#i105436,Cecilie_Knudsdt_(1),,Knutsdottir-2,I00104011
Q123385,Q57141255,,,,,,,,,,,,,,,,,,,,,,,,,,,112680,,p=adele;n=de carlat,,,sg.149449,,,,,,,,,,Adyle_Carlat_(1),,Carlat-2,I00197692
Q123387,Q3431369,,,,,,,,,,,,,,,,,,,,,,,,,,,1237940|593098,,p=richard;n=de rodez;oc=3,,,,,,,,,,,,,Richard_Unknown_(99),,Millau-6,I00197689
Q123389,Q57143595,,,,,,,,,,,,,,,,,,,,,,,,,,,,,p=raymond;n=de millau,,,,,,,,,,,,,Raymond_Unknown_(14),,,I00197693
Q123391,Q1991562,,,,,,,,,,,,,,,,,,,,,,,,,,,1421234,,p=raymond raimbaud;n=des baux;oc=1,,,,,,,,,,,,p61045.htm#i610447,Raymond_de_Baux_(7),,Baux-11,I00139600
Q123393,Q3142590,,,,,,,,,,,,,,,,,,,,,,,,,,,1421271,,p=hugues;n=des baux;oc=7,,,,,,,,,,,,,,,,
Q123395,Q55873602,,,,,,,,,,,,,,,,,,,,,,,,,,,248213,,p=cecile;n=trencavel,,,,,,,,,,,,,Cecile_de_Béziers_(1),,Trencavel-1,I00126910
Q123397,Q1245486,,,,,,,,,,,,,,,,,,,,,,,,,,,480553,,p=raymond roger;n=de foix,,,,,,,,,,,,,Raimond-Roger_of_Foix_(1),,Foix-12,I00126926
Q123399,Q290648,,,,,,,,,,,,,,,,,,,,,,,,,,,924338,,p=esclarmonde;n=de foix;oc=1,,,,,,,,,,,,,Esclarmonde_of_Foix_(1),,,I00521874
Q123401,Q21117379,,,,,,,,,,,,,,,,,,,,,,,,,,,896986,,p=geralda;n=de foix,,,,,,,,,,,,,Geralda_Unknown_(1),,,I00139106
Q123403,Q111457096,,,,,,,,,,,,,,,,,,,,,,,,,,,924336,,p=sibylle;n=de foix;oc=1,,,,,,,,,,,,,,,,I00269295
Q123405,Q433599,,,,,,,,,,,,,,,,,,,,,,,,,,,,,p=armengol;n=de urgel;oc=4,,,,,,,,,,,,p11430.htm#i114297,Ermengol_VIII_of_Urgell_(1),,,I00126917
Q123407,Q21126997,,,,,,,,,,,,,,,,,,,,,,,,,,,,,p=marquesa;n=de urgel,,,,,,,,,,,,,Marquesa_d'Urgell_(1),,,I00126915
Q123409,Q123256063,,,,,,,,,,,,,,,,,,,,,,,,,,,,,p=miracle;n=de urgel,,,,,,,,,,,,,,,,I00126916
Q123411,Q62604219,,,,,,,,,,,,,,,,,,,,,,,,,,,,,,,,,,,,,,,,,,,,,
Q123413,Q63197226,,,,,,,,,,,,,,,,,,,,,,,,,,,,,,,,,,,,,,,,,,,,,
Q123415,Q63099151,,,,,,,,,,,,,,,,,,,,,,,,,,,,,,,,,,,,,,,,,,,,,
Q123417,Q63226042,,,,,,,,,,,,,,,,,,,,,,,,,,,,,,,,,,,,,,,,,,,,,
Q123419,Q2406329,,,,,,,,,,,,,,,,,,,,,,,,,,,,,,,,,,,,,,,,,,Barisone_II_of_Arborea_(1),,Arborea-3,
Q123421,Q23771033,,,,,,,,,,,,,,,,,,,,,,,,,,,,,,,,,,,,,,,,,,,,Arborea-1,I00027223
Q123423,Q2017913,,,,,,,,,,,,,,,,,,,,,,,,,,,,,,,,,,,,,,,,,,Hugh_of_Arborea_(1),,,
Q123425,Q16177094,,,,,,,,,,,,,,,,,,,,,,,,,,,,,p=bernard amat;n=de claramunt,,,,,,,,,,,,,,,,
Q123427,Q3778952,,,,,,,,,,,,,,,,,,,,,,,,,,,1292420,,p=guillem folch;n=de cardona,,,,,,,,,,,,,,,,I00433841
Q123431,Q95630538,,,,,,,,,,,,,,,,,,,,,,,,,,,,,p=berenguer;n=de cardona,,,,,,,,,,,,,,,,
Q123433,Q16177128,,,,,,,,,,,,,,,,,,,,,,,,,,,,,p=bernat;n=de pallars;oc=1,,,,,,,,,,,,,Bernardo_Unknown_(3),,,
Q123435,Q17300691,,,,,,,,,,,,,,,,,,,,,,,,,,,1239206,,p=guillelma;n=de pallars,,,,,,,,,,,,,Guillelma_Unknown_(1),,,I00269298
Q123437,Q11906718,,,,,,,,,,,,,,,,,,,,,,,,,,,,,,,,,,,,,,,,,,,,,
Q123438,Q44685556,,,,,,,,,,,,,,,,,,,,,,,,,,,,,,,,,,,,,,,,,,,,,
Q123439,Q11923884,,,,,,,,,,,,,,,,,,,,,,,,,,,,,,,,,,,,,,,,,,,,,
Q123440,Q24074730,,,,,,,,,,,,,,,,,,,,,,,,,,,,,,,,,,,,,,,,,,,,,
Q123441,Q26806218,,,,,,,,,,,,,,,,,,,,,,,,,,,,,,,,,,,,,,,,,,,,,
Q123442,Q122198308,,,,,,,,,,,,,,,,,,,,,,,,,,,,,,,,,,,,,,,,,,,,,
Q123443,Q111457114,,,,,,,,,,,,,,,,,,,,,,,,,,,,,p=sancha;n=nunez.;oc=9,,,,,,,,,,,,,,,,I00433848
Q123444,Q1773392,,,,,,,,,,,,,,,,,,,,,,,,,,,,,p=guerau;n=de cabrera;oc=2,,,,,,,,,,,,,,,,I00551955
Q123446,Q5444877,,,,,,,,,,,,,,,,,,,,,,,,,,,,,p=fernan;n=de cabrera,,,,,,,,,,,,,,,,
Q123448,Q19289994,,,,,,,,,,,,,,,,,,,,,,,,,,,,,p=berenguela;n=de queralt,,,,,,,,,,,,,,,,I00551956
Q123450,Q11942358,,,,,,,,,,,,,,,,,,,,,,,,,,,,,p=ponce;n=de cabrera,,,,,,,,,,,,,,,,I00126914
Q123452,Q21001101,,,,,,,,,,,,,,,,,,,,,,,,,,,,,,,,,,,,,,,,,,,,,
Q123454,Q10269953,,,,,,,,,,,,,,,,,,,,,,,,,,,,,,,,,,,,,,,,,,,,,
Q123456,Q6003293,,,,,,,,,,,,,,,,,,,,,,,,,,,706758,,,,,,,,,,,,,,,,,,I00482494
Q123458,Q117360487,,,,,,,,,,,,,,,,,,,,,,,,,,,,,,,,,,,,,,,,,,,,Núñez_de_Velho-1,
Q123460,Q10343631,,,,,,,,,,,,,,,,,,,,,,,,,,,,,,,,,,,,,,,,,,,,Suárez_de_Valladares-2,
Q123463,Q10347769,,,,,,,,,,,,,,,,,,,,,,,,,,,,,,,,,,,,,,,,,,,,,
Q123465,Q75241618,,,,,,,,,,,,,,,,,,,,,,,,,,,,,,,,,,,,,,,,,p385.htm#i3848|p46658.htm#i466580,,,Aigle-11,I00033486
Q123467,Q75241619,,,,,,,,,,,,,,,,,,,,,,,,,,,,,p=judith;n=d+avranches;,,,,,,,,,,,,p46658.htm#i466579|p385.htm#i3849,,,Avranches-13,I00033487
Q123469,Q116004384,,,,,,,,,,,,,,,,,,,,,,,,,,,,,,,,,,,,,,,,,,,,,I00300040
Q123471,Q685306,,,,,,,,,,,,,,,,,,,,,,,,,,,480565,,p=constance;n=de toulouse,,,,,,,,,,,,,Constance_de_Toulouse_(1),,Toulouse-108,I00174554
Q123473,Q11702715,,,,,,,,,,,,,,,,,,,,,,,,,,,,,p=ramiro;n=de navarra,,,,,,,,,,,,,,,,I00020633
Q123475,Q1776973,,,,,,,,,,,,,,,,,,,,,,,,,,,999580,,p=gertrude;n=de dagsbourg,,,,,,,,,,,,p40539.htm#i405387|p4246.htm#i42457,Gertrude_of_Dagsburg_(1),,Dabo-9,I00330745
Q123477,Q3754609,,,,,,,,,,,,,,,,,,,,,,,,,,,141921,,p=agnes;n=de beaujeu,,,sw.214282,,,,,,,,,,Agnes_of_Beaujeu_(1),,Beaujeu-1,I00026303
Q123479,Q1815122,,,,,,,,,,,,,,,,,,I3138,,,,,,,,,434898,,p=marguerite;n=de+bourbon;oc=9,,,sw.211036,,,,,,,,,p368.htm#i3675,Margaret_of_Bourbon_(3),,De_Bourbon-167,I00014215
Q123481,Q2269615,,,,,,,,,,,,,,,,,,,,,,,,,,,141919,,p=blanche;n=de champagne,,,sw.214281,,,,,,,,,p21387.htm#i213867,Blanche_of_Navarre_(1),,Champagne-372,I00013410
Q123483,Q351859,,,,,,,,,,,,,,,,,,I3024,,,,,,,,,130752,,p=thibaud;n=de champagne;oc=2,,,,,,,,,,,,p1632.htm#i16320,Theobald_II_of_Navarre_(1),,Navarre-29,I00013786
Q123485,Q1703683,,,,,,,,,,,,,,,,,,I3137,,,,,,,,,476001,,p=beatrice;n=de navarre,,,sw.255871,,,,,,,,,p50035.htm#i500347,Beatrice_of_Navarre_(1),,Navarra-24,I00026437
Q123487,Q366919,,,,,,,,,,117549655,,,,,,,,I2640,,,,,,,,,130754,,p=henri;n=de champagne;oc=1,,,sw.211033,,,,,,,,,p10686.htm#i106854,Enrique_Navarre_(2),,Navarra-23,I00008729
Q123489,Q3846991,,,,,,,,,,,,,,,,,,,,,,,,,,,434867,,p=marguerite;n=de champagne,,,sw.107600,,,,,,,,,p4247.htm#i42462,"Margaret_of_Navarre,_Duchess_of_Lorraine_(1)",,De_Champagne-55,I00026279
Q123491,Q20604204,,,,,,,,,,,,,,,,,,,,,,,,,,,,,p=marquesa;n=de navarra,,,,,,,,,,,,,Gil_de_Rada_(1),,,I00317900
Q123493,Q76017993,,,,,,,,,,,,,,,,,,,,,,,,,,,,,p=ines;n=de navarra,,,,,,,,,,,,p47086.htm#i470860,,,,I00330750
Q123495,Q16188075,,,,,,,,,,,,,,,,,,,,,,,,,,,908991,,p=guillelma;n=de castelvell,,,,,,,,,,,,,Guillema_de_Castellvell_(1),,,I00417939
Q123501,Q5582250,,,,,,,,,,,,,,,,,,,,,,,,,,,1272433,,p=gonzalo rodriguez;n=giron,,,,,,,,,,,,,Senhor_Rodriguez-Giron_(1),,Girón-25,I00115170
Q123503,Q100436197,,,,,,,,,,,,,,,,,,,,,,,,,,,,,,,,,,,,,,,,,,,,Toroño-4,I00115171
Q123505,Q10312071,,,,,,,,,,,,,,,,,,,,,,,,,,,,,,,,,,,,,,,,,,,,,I00461282
Q123507,Q10312112,,,,,,,,,,,,,,,,,,,,,,,,,,,,,,,,,,,,,,,,,,,,,I00461278
Q123509,Q10290474,,,,,,,,,,,,,,,,,,,,,,,,,,,,,,,,,,,,,,,,,,,,,
Q123511,Q5641210,,,,,,,,,,,,,,,,,,,,,,,,,,,750597,,,,,,,,,,,,,,,,,,
Q123513,Q15628796,,,,,,,,,,,,,,,,,,,,,,,,,,,,,,,,,,,,,,,,,,,,,I00515089
Q123515,Q8961430,,,,,,,,,,,,,,,,,,,,,,,,,,,291199,,,,,,,,,,,,,,,,,,I00366235
Q123520,Q7383632,,,,,,,,,,,,,,,,,,,,,,,,,,,,,,,,,,,,,,,,,,,,,
Q123522,Q6069888,,,,,,,,,,,,,,,,,,,,,,,,,,,,,,,,,,,,,,,,,,,,,I00681322
Q123524,Q44640674,,,,,,,,,Maria_Fernández_de_Henestrosa_(c1300-),,,,,,,,,,,,,,,,,,,,,,,,,,,,,,,,,,,Henestrosa-1,I00139516
Q123526,Q3368946,,,,,,,,,,,,,,,,,,,,,,,,,,,,,,,,,,,,,,,,,,Senhor_Fernandes-de-Castro_(2),,,I00518337
Q123528,Q3006087,,,,,,,,,,,,,,,,,,,,,,,,,,,,,,,,,,,,,,,,,,Fernando_Rodrigues-de-Castro_(1),,Castro-571,I00314772
Q123530,Q9091995,,,,,,,,,,,,,,,,,,,,,,,,,,,1203592,,,,,,,,,,,,,,,,,,I00417962
Q123536,Q110523608,,,,,,,,,,,,,,,,,,,,,,,,,,,,,,,,,,,,,,,,,,,,,I00587537
Q123538,Q6728409,,,,,,,,,,,,,,,,,,,,,,,,,,,,,,,,,,,,,,,,,,,,,I00326527
Q123540,Q38759994,,,,,,,,,,,,,,,,,,,,,,,,,,,,,,,,,,,,,,,,,,,,,
Q123542,Q163721,,,,,,,,,,,,,,,,,,,,,,,,,,,,,,,,,,,,,,,,,,,,,I00717512
Q123544,Q4896100,,,,,,,,,,,,,,,,,,,,,,,,,,,,,,,,,,,,,,,,,,,,,
Q123546,Q2715357,,,,,,,,,,,,,,,,,,,,,,,,,,,1283401,,,,,,,,,,,,,,,,,,I00738149
Q123548,Q3429319,,,,,,,,,,,,,,,,,,,,,,,,,,,401208,,,,,,,,,,,,,,,,,,I00736389
Q123550,Q2998633,,,,,,,,,,,,,,,,,,,,,,,,,,,401201,,,,,,,,,,,,,,,,,,I00736390
Q123552,Q124910922,,,,,,,,,,,,,,,,,,,,,,,,,,,,,,,,,,,,,,,,,,,,,
Q123554,Q28308689,,,,,,,,,,,,,,,,,,,,,,,,,,,,,,,,,,,,,,,,,,,,,
Q123558,Q1001933,,,,,,,,,,,,,,,,,,,,,,,,person/36d46c89-0bfb-4999-804d-3c470c3b066d,,,,,,,,,,,,,,,,,,Unknown_Helena_(13),,,I00446954
Q123562,Q46734,,,,,,,,,,,,,,,,,,,,,,,,person/f41164c4-577d-458f-b0b2-f644bf097971,,,169511,,,,,,,,,,,,,,,Constantine_II_(1),,,I00446951
Q123564,Q311646,,alvin-person:35458,,,,,,,,,,,,,,,,,,,,,,person/b6612dcb-0700-4ab3-831d-493a663ea9ee,,,144088,,,,,,,,,,,,,,,Crispus_(1),,Rome-197,I00446957
Q123566,Q110486615,,,,,,,,,,,,,,,,,,,,,,,,,,,,,,,,,,,,,,,,,,,,,
Q123568,Q81510261,,,,,,,,,,,,,,,,,,,,,,,,,,,,,,,,,,,,,,,,,,,,,
Q123570,Q42764400,,,,,,,,,,,,,,,,,,,,,,,,,,,,,,,,,,,,,,,,,,,,,
Q123572,Q56351011,,,,,,,,,,,,,,,,,,,,,,,,,,,,,,,,,,,,,,,,,,,,,
Q123574,Q106370729,,,,,,,,,,,,,,,,,,,,,,,,,,,,,,,,,,,,,,,,,,,,,
Q123576,Q18812860,,,,,,,,,,,,,,,,,,,,,,,,,,,,,,,,,,,,,,,,,,,,,
Q123578,Q484352,,,,,,,,,,,,,,,,,,,,,,,,,,,,,,,,,,,,,,,,,,,,,
Q123580,Q15557352,,,,,,,,,,,,,,,,,,,,,,,,,,,268456,,,,,,,,,,,,,,,,,,
Q123582,Q3023555,,,,,,,,,,,,,,,,,,,,,,,,,,,,,,,,,,,,,,,,,,,,,
Q123584,Q110737912,,,,,,,,,,,,,,,,,,,,,,,,,,,,,,,,,,,,,,,,,,,,,I00738190
Q123586,Q1291252,,,,,,,,,,,,,,,,,,,,,,,,,,,,,,,,,,,,,,,,,,Ardabur_(consul_427)_(1),,,
Q123588,Q654123,,,,,,,,,,,,,,,,,,,,,,,,,,,273315,,,,,,,,,,,,,,,Petronius_Probianus_(1),,Probianus-1,
Q123591,Q570034,,,,,,,,,,,,,,,,,,,,,,,,,,,273329,,,,,,,,,,,,,,,Faltonia_Betitia_Proba_(1),,Proba-3,
Q123593,Q1147586,,,,,,,,,,,,,,,,,,,,,,,,,,,273343,,,,,,,,,,,,,,,Clodius_Celsinus_Adelphius_(1),,Adelphius-1,
Q123595,Q3655677,,,,,,,,,,,,,,,,,,,,,,,,,,,,,,,,,,,,,,,,,,Faltonius_Probus_Alypius_(1),,,
Q123597,Q12271209,,,,,,,,,,,,,,,,,,,,,,,,,,,,,,,,,,,,,,,,,,,,,
Q123599,Q2289711,,,,,,,,,,,,,,,,,,,,,,,,,,,,,,,,,,,,,,,,,,Anicius_Auchenius_Bassus_(consul_408)_(1),,Anicii-3,
Q123601,Q3655700,,,,,,,,,,,,,,,,,,,,,,,,,,,,,,,,,,,,,,,,,,,,,
Q123603,Q29837925,,,,,,,,,,,,,,,,,,,,,,,,,,,,,,,,,,,,,,,,,,,,,
Q123605,Q312477,,,,,,,,,,,,,,,,,,,,,,,,,,,95124,,,,,,,,,,,,,,,,,DeBulgaria-15,
Q123607,Q1088860,,,,,,,,,,,,,,,,,,,,,,,,,,,,,,,,,,,,,,,,,,,,,
Q123609,Q366466,,,,,,,,,,,,,,,,,,,,,,,,,,,,,,,,,,,,,,,,,,,,,
Q123611,Q75789723,,,,,,,,,,,,,,,,,,,,,,,,,,,,,,,,,,,,,,,,,p33516.htm#i335160,,,,
Q123613,Q192104,,,,,,,,,,,,,,,,,,,,,,,,,,,148815|361468,,,,,,,,,,,,,,p14551.htm#i145504,Krum_Unknown_(1),,Of_the_Bulgars-2,
Q123615,Q27063804,,,,,,,,,,,,,,,,,,,,,,,,,,,,,,,,,,,,,,,,,,,,,
Q123617,Q1158196,,,,,,,,,,,,,,,,,,,,,,,,,,,,,,,,,,,,,,,,,,,,,
Q123618,Q257819,,,,,,,,,,,,,,,,,,,,,,,,,,,144078,,,,,,,,,,,,,,,Serena_Van_Spanje_(8),,Van_Spanje-1,
Q123619,Q124969015,,,,,,,,,,,,,,,,,,,,,,,,,,,,,,,,,,,,,,,,,,,,,
Q123620,Q661849,,,,,,,,,,,,,,,,,,,,,,,,,,,,,,,,,,,,,,,,,,,,,
Q123624,Q1233341,,,,,,,,,,,,,,,,,,,,,,,,,,,143787,,,,,,,,,,,,,,,Marina_Severa_(1),,Unknown-156296,I00248956
Q123626,Q30939809,,,,,,,,,,,,,,,,,,,,,,,,,,,,,,,,,,,,,,,,,,,,,
Q123628,Q30939810,,,,,,,,,,,,,,,,,,,,,,,,,,,,,,,,,,,,,,,,,,,,,
Q123634,Q1411139,,,,,,,,,,,,,,,,,,,,,,,,,,,,,,,,,,,,,,,,,,,,,I00248960
Q123638,Q3059471,,,,,,,,,,,,,,,,,,,,,,,,,,,826042,,,,,,,,,,,,,,,Eucher_Unknown_(1),,,
Q123640,Q102371,,,,,,,,,,,,,,,,,,,,,,,,,,,31423,,p=alarico;n=wisigoths,,,,,,,,,,,,,Alaric_The_Bold_(1),,Visigoths-12,I00253573
Q123642,Q380065,,,,,,,,,,,,,,,,,,,,,,,,,,,,,,,,,,,,,,,,,,,,,
Q123644,Q5506245,,,,,,,,,,,,,,,,,,,,,,,,,,,,,,,,,,,,,,,,,,,,,
Q123646,Q3798672,,,,,,,,,,,,,,,,,,,,,,,,,,,,,,,,,,,,,,,,,,,,,
Q123650,Q5423038,,,,,,,,,,16218417,,,,,,,,,,,,,,,,,53425,,,,,,,,,,,,,,,Eystein_Adilsson_(2),,Athilsson-1,
Q123652,Q132070720,,,,,,,,,,,,,,,,,,,,,,,,,,,,,,,,,,,,,,,,,,,,,
Q123654,Q3960307,,,,,,,,,,,,,,,,,,,,,,,,,,,,,,,,,,,,,,,,,,,,Lombardia-14,
Q123656,Q3629855,,,,,,,,,,,,,,,,,,,,,,,,,,,953492,,,,,,,,,,,,,,,,,De_Lombardía-7,
Q123658,Q3796587,,,,,,,,,,,,,,,,,,,,,,,,,,,,,,,,,,,,,,,,,,,,,
Q123660,Q76298875,,,,,,,,,,,,,,,,,,,,,,,,,,,,,,,,,,,,,,,,,p67181.htm#i671809,,,,
Q123662,Q76298620,,,,,,,,,,,,,,,,,,,,,,,,,,,,,,,,,,,,,,,,,p67166.htm#i671654,,,,
Q123664,Q76299015,,,,,,,,,,,,,,,,,,,,,,,,,,,,,,,,,,,,,,,,,p67190.htm#i671897,,,,
Q123666,Q76299539,,,,,,,,,,,,,,,,,,,,,,,,,,,,,,,,,,,,,,,,,p67227.htm#i672265,,,,
Q123670,Q76298477,,,,,,,,,,,,,,,,,,,,,,,,,,,,,,,,,,,,,,,,,p67157.htm#i671561,,,,
Q123672,Q76298476,,,,,,,,,,,,,,,,,,,,,,,,,,,,,,,,,,,,,,,,,p67156.htm#i671560,,,,
Q123674,Q76298491,,,,,,,,,,,,,,,,,,,,,,,,,,,,,,,,,,,,,,,,,p67158.htm#i671572,,,,
Q123676,Q76300782,,,,,,,,,,,,,,,,,,,,,,,,,,,,,,,,,,,,,,,,,p67326.htm#i673258,,,,
Q123678,Q76299699,,,,,,,,,,,,,,,,,,,,,,,,,,,,,,,,,,,,,,,,,p67240.htm#i672399,,,,
Q123680,Q76299032,,,,,,,,,,,,,,,,,,,,,,,,,,,,,,,,,,,,,,,,,p67191.htm#i671907,,,,I00280717
Q123682,Q76298535,,,,,,,,,,,,,,,,,,,,,,,,,,,1161358,,p=angila;n=n;oc=28125,,,,,,,,,,,,p67161.htm#i671603,,,France-1079,I00076146
Q123685,Q24971436,,,,,,,,,,,,,,,,,,,,,,,,,,,926999,,p=heinrich;n=popponides,,,,,,,,,,,,p67193.htm#i671925,,,Wettergau-1,I00076137
Q123687,Q2831254,,,,,,,,,,,,,,,,,,,,,,,,,,,146227,,,,,,,,,,,,,,p67310.htm#i673094,Adalbert_II_im_Thurgau_(1),,Schwaben-29,I00570220
Q123689,Q76299132,,,,,,,,,,,,,,,,,,,,,,,,,,,,,,,,,,,,,,,,,p67198.htm#i671979,,,,
Q123691,Q76300224,,,,,,,,,,,,,,,,,,,,,,,,,,,,,,,,,,,,,,,,,p67285.htm#i672841,,,,
Q123693,Q76300359,,,,,,,,,,,,,,,,,,,,,,,,,,,,,,,,,,,,,,,,,p67295.htm#i672946,,,,
Q123695,Q76300361,,,,,,,,,,,,,,,,,,,,,,,,,,,,,,,,,,,,,,,,,p67295.htm#i672947,,,,
Q123697,Q76300559,,,,,,,,,,,,,,,,,,,,,,,,,,,,,,,,,,,,,,,,,p67311.htm#i673102,,,,
Q123699,Q1382132,,,,,,,,,,,,,,,,,,,,,,,,,,,,,,,,,,,,,,,,,p67187.htm#i671867,,,,
Q123701,Q16891750,,,,,,,,,,,,,,,,,,,,,,,,,,,,,,,,,,,,,,,,,p17454.htm#i174532,,,Vegdagrsson-1,
Q123703,Q116147850,,,,,,,,,,,,,,,,,,,,,,,,,,,,,,,,,,,,,,,,,,,,,I00759113
Q123705,Q52634257,,,,,,,,,,,,,,,,,,,,,,,,,,,,,,,,,,,,,,,,,,,,Ferch_Macsen-3,I00768445
Q123709,Q1380878,,,,,,,,,,,,,,,,,,,,,,,,,,,,,,,,,,,,,,,,,,,,Fendigaid-3,
Q123711,Q3896943,,,,,,,,,,,,,,,,,,,,,,,,,,,,,,,,,,,,,,,,,,,,Gwrtheyrn-1,
Q123713,Q2351792,,,,,,,,,,,,,,,,,,,,,,,,,,,,,,,,,,,,,,,,,,,,,
Q123715,Q116147848,,,,,,,,,,,,,,,,,,,,,,,,,,,,,,,,,,,,,,,,,,,,,I00768444
Q123717,Q529064,,,,,,,,,,,,,,,,,,,,,,,,,,,,,,,,,,,,,,,,,p15027.htm#i150264,,,,
Q123719,Q888813,,,,,,,,,,,,,,,,,,,,,,,,,,,,,,,,,,,,,,,,,,Sigeheard_Unknown_(1),,,
Q123721,Q888573,,,,,,,,,,,,,,,,,,,,,,,,,,,,,,,,,,,,,,,,,,Swæfred_Unknown_(1),,,
Q123723,Q278330,,,,,,,,,,,,,,,,,,,,,,,,,,,950238,,,,,,,,,,,,,,,Osgyth_Unknown_(1),,,
Q123725,Q888531,,,,,,,,,,,,,,,,,,,,,,,,,,,,,,,,,,,,,,,,,,Offa_of_Essex_(1),,Essex-6,
Q123727,Q886990,,,,,,,,,,,,,,,,,,,,,,,,,,,,,,,,,,,,,,,,,p15258.htm#i152574,,,,
Q123729,Q75451572,,,,,,,,,,,,,,,,,,,,,,,,,,,,,,,,,,,,,,,,,p15037.htm#i150364,Coenwahl_Unknown_(1),,,
Q123736,Q75451560,,,,,,,,,,,,,,,,,,,,,,,,,,,374899,,,,,,,,,,,,,,p15036.htm#i150351,,,,
Q123738,Q75451561,,,,,,,,,,,,,,,,,,,,,,,,,,,126853,,,,,,,,,,,,,,p15036.htm#i150355,,,,
Q123740,Q12957196,,,,,,,,,,,,,,,,,,,,,,,,,,,950240,,,,,,,,,,,,,,,Frithuwold_of_Surrey_(1),,,
Q123742,Q743121,,,,,,,,,,,,,,,,,,,,,,,,,,,950565,,,,,,,,,,,,,,,Wuffa_of_East_Anglia_(1),,,
Q123744,Q888953,,,,,,,,,,,,,,,,,,,,,,,,,,,,,,,,,,,,,,,,,,Eorpwald_of_East_Anglia_(1),,,
Q123746,Q21155669,,,,,,,,,,,,,,,,,,,,,,,,,,,,,,,,,,,,,,,,,,,,,
Q123748,Q509072,,,,,,,,,,,,,,,,,,,,,,,,,,,,,,,,,,,,,,,,,,,,,
Q123750,Q706356,,,,,,,,,,,,,,,,,,,,,,,,,,,,,,,,,,,,,,,,,,,,,
Q123752,Q889645,,,,,,,,,,,,,,,,,,,,,,,,,,,,,,,,,,,,,,,,,,Ælfwald_of_East_Anglia_(1),,,
Q123758,Q75507650,,,,,,,,,,,,,,,,,,,,,,,,,,,,,,,,,,,,,,,,,p18359.htm#i183583,,,,
Q123760,Q252137,,,,,,,,,,,,,,,,,,,,,,,,,,,92202,,,,,,,,,,,,,,p15028.htm#i150276,,,Esasson-1,
Q123762,Q739164,,,,,,,,,,,,,,,,,,,,,,,,,,,374483,,,,,,,,,,,,,,p15028.htm#i150278,Glappa_of_Bernicia_(1),,,
Q123764,Q743085,,,,,,,,,,,,,,,,,,,,,,,,,,,152982,,,,,,,,,,,,,,p15029.htm#i150283,Hussa_of_Bernicia_(1),,,
Q123767,Q881478,,,,,,,,,,,,,,,,,,,,,,,,,,,,,,,,,,,,,,,,,p15029.htm#i150282,Frithuwald_of_Bernicia_(1),,,
Q123769,Q75451532,,,,,,,,,,,,,,,,,,,,,,,,,,,,,,,,,,,,,,,,,p15031.htm#i150308|p17377.htm#i173768,,,,I00349144
Q123771,Q75451540,,,,,,,,,,,,,,,,,,,,,,,,,,,,,,,,,,,,,,,,,p15032.htm#i150316|p17377.htm#i173767,,,,I00349158
Q123773,Q545437,,,,,,,,,,,,,,,,,,I2571,,,,,,,,,126848,,,,,,,,,,,,,,p10267.htm#i102664,Ceol_of_Wessex_(1),,Wessex-369,
Q123774,Q514878,,,,,,,,,,,,,,,,,,I2573,,,,,,,,,126849,,,,,,,,,,,,,,p10267.htm#i102665,Ceolwulf_of_Wessex_(1),,Wessex-370,
Q123776,Q544106,,,,,,,,,,,,,,,,,,,,,,,,,,,203770|374605,,,,,,,,,,,,,,p15038.htm#i150371,Cenwalh_of_Wessex_(1),,Wessex-334,
Q123778,Q545010,,,,,,,,,,,,,,,,,,,,,,,,,,,374807,,,,,,,,,,,,,,p10268.htm#i102673,,,King_of_Wessex-9,
Q123780,Q744806,,,,,,,,,,,,,,,,,,,,,,,,,,,126851,,,,,,,,,,,,,,p10268.htm#i102671,,,Wessex-390,
Q123783,Q16146928,,,,,,,,,,,,,,,,,,,,,,,,,,,,,,,,,,,,,,,,,,,,Prince_of_Wessex-11,
Q123785,Q75382556,,,,,,,,,,,,,,,,,,,,,,,,,,,842616,,,,,,,,,,,,,,p10268.htm#i102674,,,,
Q123787,Q2430124,,,,,,,,,,,,,,,,,,,,,,,,,,,126858,,,,,,,,,,,,,,,Cnebba_Unknown_(1),,Mercia-227,
Q123789,Q1263208,,,,,,,,,,,,,,,,,,,,,,,,,,,144758,,,,,,,,,,,,,,,Urien_(1),,,I00759134
Q123790,Q1486268,,,,,,,,,,,,,,,,,,,,,,,,,,,144764|1225186,,,,,,,,,,,,,,,Owain_mab_Urien_(1),,Ab_Urien-1,
Q123791,Q2929232,,,,,,,,,,,,,,,,,,,,,,,,,,,87875|132343,,,,,,,,,,,,,,p15007.htm#i150064,,,Mac_Muiredaig_Mac_Erca-1,
Q123792,Q6949561,,,,,,,,,,,,,,,,,,,,,,,,,,,,,,,,,,,,,,,,,p24832.htm#i248320,,,,
Q123793,Q75617720,,,,,,,,,,,,,,,,,,,,,,,,,,,,,,,,,,,,,,,,,p24833.htm#i248321,,,Mac_Baetán_Mac_Muiredaig-1,
Q123795,Q75617722,,,,,,,,,,,,,,,,,,,,,,,,,,,,,,,,,,,,,,,,,p24833.htm#i248323,,,,
Q123797,Q75617725,,,,,,,,,,,,,,,,,,,,,,,,,,,,,,,,,,,,,,,,,p24833.htm#i248325,,,,
Q123799,Q5063242,,,,,,,,,,,,,,,,,,I2559,,,,,,,,,92205,,,,,,,,,,,,,,p10269.htm#i102690,Ceolwald_of_Wessex_(1),,Wessex-21,
Q123801,Q96074765,,,,,,,,,,,,,,,,,,I2576,,,,,,,,,,,,,,,,,,,,,,,,,,,
Q123803,Q96074766,,,,,,,,,,,,,,,,,,I2577,,,,,,,,,,,,,,,,,,,,,,,,,,Wessex-109,
Q123805,Q451580,,,,,,,,,,,,,,,,,,I2578,,,,,,,,,132247,,,,,,,,,,,,,,p10269.htm#i102688,Ine_of_Wessex_(1),,Wessex-217,
Q123806,Q16208335,,,,,,,,,,,,,,,,,,,,,,,,,,,,,,,,,,,,,,,,,p10270.htm#i102693,Cwenburg_Unknown_(1),,Wessex-110,
Q123808,Q272286,,,,,,,,,,,,,,,,,,,,,,,,,,,,,,,,,,,,,,,,,,,,,
Q123810,Q18526688,,,,,,,,,,,,,,,,,,,,,,,,,,,,,,,,,,,,,,,,,p17580.htm#i175793,,,,
Q123812,Q20692,,,,,,,,,,,,,,,,,,,,,,,,,,,,,,,,,,,,,,,,,,Aldgisl_of_Frisia_(1),,,
Q123814,Q2603641,,,,,,,,,,,,,,,,,,,,,,,,,,,,,,,,,,,,,,,,,,Aldgilles_Unknown_(1),,,
Q123816,Q76300138,,,,,,,,,,,,,,,,,,,,,,,,,,,,,,,,,,,,,,,,,p67277.htm#i672761,,,,
Q123818,Q5382055,,,,,,,,,,,,,,,,,,,,,,,,,,,,,,,,,,,,,,,,,,,,Philagrius-1,
Q123820,Q3620687,,,,,,,,,,,,,,,,,,,,,,,,,,,,,,,,,,,,,,,,,,,,,
Q123827,Q3523649,,,,,,,,,,,,,,,,,,,,,,,,,,,,,p=theodebert;n=.|p=theodebert;n=de herstal,,,dw.7804,,,,,,,,,,Theodebert_de_Madrie_(1),,Madrie-1,
Q123829,Q2963586,,,,,,,,,,,,,,,,,,,,,,,,,,,1371424,,p=childebrand;n=.;oc=1|p=childebrand;n=de herstal;oc=1,,,,,,,,,,,,,Chidebrand_Unknown_(1),,Autun-35|Autun-58,
Q123831,Q3339533,,,,,,,,,,,,,,,,,,,,,,,,,,,217571,,p=nibelung;n=de herstal;oc=2|p=nivelon;n=.;oc=2,,,,,,,,,,,,,,,,
Q123833,Q16698295,,,,,,,,,,,,,,,,,,,,,,,,,,,,,,,,,,,,,,,,,,,,,
Q123835,Q1250145,,,,,,11998,,,,,,,,,,,,,,,,,,,,,121766,,,,,,,,,,,,,,,Ivar_Vidfamne_(1),,Halfdansson-161,
Q123837,Q2667377,,,,,,,,,,,,,,,,,,,,,,,,,,,,,,,,,,,,,,,,,,Hrœrekr_Ringslinger_(1),,Halfdansson-55,
Q123841,Q111792607,,,,,,,,,,,,,,,,,,,,,,,,,,,,,,,,,,,,,,,,,,,,,
Q123849,Q16596800,,,,,,,,,,,,,,,,,,,,,,,,,,,769954,,p=gunhild;n=n;oc=2,,,dw.108,,,,,,,,,,Gunhild_Unknown_(13),,Olofsdotter-3008,I00079507
Q123851,Q1781558,,,,,,,,,,,,,,,,,,,,,,,,,,,,,p=gyrithe;n=olafsdotter,,,sw.214057,,,,,,,,,p10543.htm#i105421,Gyrid_Olafsdottir_(2),,Olofsdotter-3008,
Q123853,Q75385214,,,,,,,,,,,,,,,,,,,,,,,,,,,,,p=hakon haraldsen;n=de danemark,,,dw.113,,,,,,,,,p10543.htm#i105422,,,Haraldsson-235,I00422426
Q123854,Q5892234,,,,,,,,,,,,,,,,,,,,,,,,,,,,,p=guld harald knudsen;n=de danemark,,,,,,,,,,,,,,,,
Q123860,Q2887886,,,,,,,,,,,,,,,,,,,,,,,,,,,,,,,,,,,,,,,,,,,,Eriksson-699,
Q123862,Q3119819,,,,,,,,,,,,,,,,,,,,,,,,,,,,,,,,,,,,,,,,,p10664.htm#i106636,,,,I00118328
Q123864,Q2450774,,,,,,,,,,,,,,,,,,,,,,,,,,,,,,,,,,,,,,,,,,,,,
Q123866,Q16574397,,,,,,,,,,,,,,,,,,,,,,,,,,,,,,,,,,,,,,,,,,,,,
Q123868,Q633681,,,,,,18322,,,,,,,,,,,,,,,,,,,,,117127,,,,,dw.95,,,,,,,,,p41622.htm#i416217,Björn_Eriksson_(1),,Eriksson-1794,
Q123870,Q1038586,,,,,,,,,,,,,,,,,,,,,,,,,,,,,,,,,,,,,,,,,,,,,
Q123872,Q3053434,,,,,,16057,,,,,,,,,,,,,,,,,,,,,,,,,,,,,,,,,,,,Emund_Eriksson_(8),,Eriksson-12,
Q123874,Q1378373,,,,,,,,,,,,,,,,,,,,,,,,,,,,,,,,,,,,,,,,,,,,,
Q123876,Q36147,,,,,,,,,,,,,,,,,,,,,,,,,,,,,,,,,,,,,,,,,,,,,
Q123878,Q4313972,,,,,,,,,,,,,,,,,,,,,,,,,,,,,,,,,,,,,,,,,,,,,
Q123880,Q11059837,,,,,,,,,,,,,,,,,,,,,,,,,,,,,,,,,,,,,,,,,,,,,
Q123882,Q887038,,,,,,,,,,,,,,,,,,,,,,,,,,,397218,,,,,dw.851,,,,,,,,,,Demetre_I_of_Georgia_(1),,,I00565130
Q123884,Q266754,,,,,,,,,,,,,,,,,,,,,,,,,,,,,,,,,,,,,,,,,,David_V_of_Georgia_(1),,,
Q123888,Q141055,,,,,,,,,,,,,,,,,,,,,,,,,,,,,,,,,,,,,,,,,,,,,
Q123890,Q118257,,,,,,,,,,,,,,,,,,,,,,,,,,,,,,,,,,,,,,,,,,,,,
Q123892,Q12210505,,,,,,,,,,,,,,,,,,,,,,,,,,,,,,,,,,,,,,,,,,,,,
Q123894,Q11937804,,,,,,,,,,,,,,,,,,,,,,,,,,,,,,,,,,,,,,,,,,,,,
Q123896,Q3104911,,,,,,,,,,,,,,,,,,,,,,,,,,,,,,,,,,,,,,,,,,,,,
Q123898,Q16201172,,,,,,,,,,,,,,,,,,,,,,,,,,,,,,,,,,,,,,,,,,,,,
Q123900,Q64031601,,,,,,,,,,,,,,,,,,,,,,,,,,,,,,,,,,,,,,,,,,,,,
Q123902,Q293621,,,,,,,,,,,,,,,,,,,,,,,,,,,641551,,,,,,,,,,,,,,,,,,
Q123904,Q293617,,,,,,,,,,,,,,,,,,,,,,,,,,,,,,,,,,,,,,,,,,,,,
Q123906,Q212253,,,,,,,,,,,,,,,,,,,,,,,,,,,79373|1221539|361780,,,,,,,,,,,,,,,,,,
Q123908,Q1774982,,,,,,,,,,,,,,,,,,,,,,,,,,,79374,,,,,,,,,,,,,,,,,,
Q123910,Q2915270,,,,,,,,,,,,,,,,,,,,,,,,,,,323850,,,,,,,,,,,,,,,,,,
Q123912,Q2899077,,,,,,,,,,,,,,,,,,,,,,,,,,,,,,,,,,,,,,,,,,,,,
Q123914,Q40326679,,,,,,,,,,,,,,,,,,,,,,,,,,,,,,,,,,,,,,,,,,,,,
Q123916,Q40326703,,,,,,,,,,,,,,,,,,,,,,,,,,,,,,,,,,,,,,,,,,,,,
Q123918,Q132131762,,,,,,,,,,,,,,,,,,,,,,,,,,,,,,,,,,,,,,,,,,,,,
Q123920,Q132132935,,,,,,,,,,,,,,,,,,,,,,,,,,,,,,,,,,,,,,,,,,,,,
Q123922,Q114833216,,,,,,,,,,,,,,,,,,,,,,,,,,,,,,,,,,,,,,,,,,,,,
Q123924,Q2825091,,,,,,,,,,,,,,,,,,,,,,,,,,,,,,,,,,,,,,,,,,,,,
Q123926,Q851686,,,,,,,,,,,,,,,,,,,,,,,,,,,,,,,,,,,,,,,,,,,,,
Q123928,Q106096033,,,,,,,,,,,,,,,,,,,,,,,,,,,,,,,,,,,,,,,,,,,,,
Q123930,Q25668638,,,,,,,,,,,,,,,,,,,,,,,,,,,,,,,,,,,,,,,,,,,,,
Q123932,Q4833002,,,,,,,,,,,,,,,,,,,,,,,,,,,596849,,,,,,,,,,,,,,,,,,
Q123934,Q115029,,,,,,,,,,,,,,,,,,,,,,,,,,,,,,,,,,,,,,,,,,,,,
Q123936,Q109376137,,,,,,,,,,,,,,,,,,,,,,,,,,,,,,,,,,,,,,,,,,,,,
Q123938,Q114905766,,,,,,,,,,,,,,,,,,,,,,,,,,,,,,,,,,,,,,,,,,,,,
Q123940,Q114905392,,,,,,,,,,,,,,,,,,,,,,,,,,,,,,,,,,,,,,,,,,,,,
Q123942,Q5675398,,,,,,,,,,,,,,,,,,,,,,,,,,,,,,,,,,,,,,,,,,,,,
Q123944,Q912259,,,,,,,,,,,,,,,,,,,,,,,,person/6167641B-7F3D-4D48-B423-DBB30593A207,,,,,,,,,,,,,,,,,,,,,
Q123946,Q2745237,,,,,,,,,,,,,,,,,,,,,,,,person/9F539EAF-05F7-42E3-B4DC-2ED4F1C534FA,,,,,,,,,,,,,,,,,,,,,
Q123948,Q846511,,,,,,,,,,,,,,,,,,,,,,,,,,,,,,,,,,,,,,,,,,,,,
Q123950,Q7459426,,,,,,,,,,,,,,,,,,,,,,,,,,,,,,,,,,,,,,,,,,,,,
Q123952,Q753475,,,,,,,,,,,,,,,,,,,,,,,,,,,,,,,,,,,,,,,,,,,,,
Q123954,Q754470,,,,,,,,,,,,,,,,,,,,,,,,,,,,,,,,,,,,,,,,,,,,,
Q123956,Q124769119,,,,,,,,,,,,,,,,,,,,,,,,,,,,,,,,,,,,,,,,,,,,,
Q123958,Q404069,,,,,,,,,,,,,,,,,,,,,,,,,,,,,,,,,,,,,,,,,,,,,I00303291
Q123960,Q12517719,,,,,,,,,,,,,,,,,,,,,,,,,,,,,,,,,,,,,,,,,,,,,
Q123962,Q118720037,,,,,,,,,,,,,,,,,,,,,,,,,,,,,,,,,,,,,,,,,,,,,
Q123964,Q116877384,,,,,,,,,,,,,,,,,,,,,,,,,,,,,,,,,,,,,,,,,,,,,
Q123966,Q20426822,,,,,,,,,,,,,,,,,,,,,,,,,,,,,,,,,,,,,,,,,,,,,
Q123968,Q125214283,,,,,,,,,,,,,,,,,,,,,,,,,,,,,,,,,,,,,,,,,,,,,
Q123970,Q6792439,,,,,,,,,,,,,,,,,,,,,,,,,,,,,,,,,,,,,,,,,,,,Sultan_Maulana_Yusuf-1,
Q123972,Q11923932,,,,,,,,,,,,,,,,,,,,,,,,,,,275183,,,,,,,,,,,,,,,,,,
Q123974,Q11945561,,,,,,,,,,,,,,,,,,,,,,,,,,,275241,,,,,,,,,,,,,,,,,Balthes-9,
Q123978,Q3396280,,,,,,,,,,,,,,,,,,,,,,,,,,,1421279,,p=pons;n=de mevouillon,,,,,,,,,,,,,,,,
Q123980,Q3092692,,,,,,,,,,,,,,,,,,,,,,,,,,,1421284,,p=feraud;n=de nice,,,,,,,,,,,,,,,,
Q123982,Q3387628,,,,,,,,,,,,,,,,,,,,,,,,,,,1421285,,p=pierre;n=de mirabel;oc=1,,,,,,,,,,,,,,,,
Q123984,Q3385510,,,,,,,,,,,,,,,,,,,,,,,,,,,1421314,,p=pierre;n=de nice;oc=1,,,,,,,,,,,,,,,,
Q123986,Q124884742,,,,,,,,,,,,,,,,,,,,,,,,,,,1421307,,p=gisele;n=de+nice;,,,,,,,,,,,,,,,,
Q123988,Q123156015,,,,,,,,,,,,,,,,,,,,,,,,,,,,,p=berenger;n=d avignon,,,,,,,,,,,,,Berenger_(1),,Avignon-2,
Q123990,Q116006292,,,,,,,,,,,,,,,,,,,,,,,,,,,,,p=raymond decan;n=de posquieres;oc=1,,,,,,,,,,,,,"Raymond_""Decan""_(1)",,Posquieres-1,I00196907
Q123992,Q123156300,,,,,,,,,,,,,,,,,,,,,,,,,,,,,,,,,,,,,,,,,,Rostain_Unknown_(1),,,
Q123994,Q123156387,,,,,,,,,,,,,,,,,,,,,,,,,,,,,,,,,,,,,,,,,,Berenger_Unknown_(17),,,
Q123996,Q123165727,,,,,,,,,,,,,,,,,,,,,,,,,,,,,,,,,,,,,,,,,,Rostain_Unknown_(2),,,
Q123998,Q75241681,,,,,,,,,,,,,,,,,,,,,,,,,,,,,,,,,,,,,,,,,p394.htm#i3937,,,,
Q124000,Q105021217,,,,,,,,,,,,,,,,,,,,,,,,,,,,,,,,,,,,,,,,,,,,,
Q124002,Q105020474,,,,,,,,,,,,,,,,,,,,,,,,,,,,,,,,,,,,,,,,,,,,,
Q124004,Q56367387,,,,,,,,,,,,,,,,,,,,,,,,,,,944124|1495985,,p=harduin;n=.;oc=1,,,,,,,,,,,,,Hardouin_of_Burgundy_(1),,Bourgogne-188,I00331020
Q124006,Q56367421,,,,,,,,,,,,,,,,,,,,,,,,,,,,,p=warimburge;n=.,,,,,,,,,,,,,Unknown_Warimburge_(1),,Unknown-510967,
Q124008,Q76299978,,,,,,,,,,,,,,,,,,,,,,,,,,,,,,,,,,,,,,,,,p67263.htm#i672630,,,,
Q124010,Q76300318,,,,,,,,,,,,,,,,,,,,,,,,,,,,,,,,,,,,,,,,,p67291.htm#i672909,,,,
Q124012,Q76299742,,,,,,,,,,,,,,,,,,,,,,,,,,,,,,,,,,,,,,,,,p67244.htm#i672435,,,,
Q124014,Q13575091,,,,,,,,,,,,,,,,,,,,,,,,,,,185056,,,,,,,,,,,,,,p67277.htm#i672762,Eberhard_Von_Nordgau_(2),,Alsace-117,I00627987
Q124016,Q59522651,,,,,,,,,,,,,,,,,,,,,,,,,,,,,,,,,,,,,,,,,,,,Friuli-38,
Q124018,Q3439106,,,,,,,,,,,,,,,,,,,,,,,,,,,739909,,p=roger;n=de laon;oc=1,,,,,,,,,,,,,,,Laon-48,
Q124020,Q60809216,,,,,,,,,,,,,,,,,,,,,,,,,,,682464|164423,,p=hucbald;n=von dillingen,,,,,,,,,,,,p67257.htm#i672570|p67236.htm#i672357,Hucbald_Unknown_(1),,Dillingen-5,I00599822
Q124022,Q76299138,,,,,,,,,,,,,,,,,,,,,,,,,,,,,,,,,,,,,,,,,p67199.htm#i671987,,,,
Q124024,Q76300381,,,,,,,,,,,,,,,,,,,,,,,,,,,,,,,,,,,,,,,,,p67297.htm#i672966,,,,
Q124026,Q76300554,,,,,,,,,,,,,,,,,,,,,,,,,,,,,,,,,,,,,,,,,p67310.htm#i673098,,,,
Q124028,Q76299600,,,,,,,,,,,,,,,,,,,,,,,,,,,192141,,p=adalgunde;n=de bourgogne,,,sw.213327,,,,,,,,,p67232.htm#i672312,Adalgunda_Unknown_(1),,Unknown-710083,I00080187
Q124030,Q76300780,,,,,,,,,,,,,,,,,,,,,,,,,,,,,,,,,,,,,,,,,p67326.htm#i673257,,,,
Q124032,Q76300779,,,,,,,,,,,,,,,,,,,,,,,,,,,202014,,p=gisela;n=van nullenberg|p=gisela;n=von zurichgau,,,,,,,,,,,,p67326.htm#i673256,Gisela_Unknown_(39),,Nellenburg-2,
Q124034,Q24027973,,,,,,,,,,,,,,,,,,,,,,,,,,,,,,,,dw.7768,,,,,,,,,,Doda_(1),,Unknown-227348,
Q124036,Q24039104,,,,,,,,,,,,,,,,,,,,,,,,,,,,,p=ne;n=de nordgau;oc=1,,,,,,,,,,,,,Unknown_of_Nordgau_(1),,Markgrafin_of_Nordgau-1|UNKNOWN-82870,
Q124038,Q2368733,,,,,,,,,,,,,,,,,,,,,,,,,,,,,,,,dw.7816,,,,,,,,,,Hugh_of_Saxony_(1),,,
Q124040,Q235655,,,,,,,,,,,,,,,,,,,,,,,,,,,794277,,p=richarde;n=von schwaben,,,dw.7818,,,,,,,,,,Richardis_(1),,Ahalolfinger-1,I00020414
Q124042,Q1652432,,,,,,,,,,,,,,,,,,,,,,,,,,,,,p=bernard;n=carolingiens;oc=3,,,dw.7821,,,,,,,,,,"Bernard,_son_of_Charles_the_Fat_(1)",,,I00020416
Q124044,Q12273182,,,,,,,,,,,,,,,,,,,,,,,,,,,930233,,p=erchanger;n=von schwaben;oc=1,,,,,,,,,,,,,Conde-Palatino_Ahalolfinger_(1),,Schwaben-20,I00575447
Q124046,Q660851,,,,,,,,,,,,,,,,,,,,,,,,,,,930230,,p=erchanger;n=von schwaben,,,,,,,,,,,,,"Erchanger,_Duke_of_Swabia_(1)",,,
Q124048,Q3778948,,,,,,,,,,,,,,,,,,,,,,,,,,,,,p=guillaume;n=.;oc=2,,,,,,,,,,,,,,,,
Q124050,Q3760949,,,,,,,,,,,,,,,,,,,,,,,,,,,,,p=gerard;n=d auvergne|p=geraud i;n=d auvergne|p=geraud;n=d orleans,,,,,,,,,,,,,"Gerhard_II,_Count_of_Limousin_(1)",,Auvergne-93,
Q124052,Q23014269,,,,,,,,,,,,,,,,,,,,,,,,,,,,,p=robert;n=.,,,,,,,,,,,,,,,,
Q124054,Q24036246,,,,,,,,,,,,,,,,,,,,,,,,,,,,,,,,,,,,,,,,,,Rather_de_Limoges_(1),,Limoges-78|Van_Limoges-1,
Q124056,Q56250904,,,,,,,,,,,,,,,,,,,,,,,,,,,,,p=nithard;n=.;oc=2,,,,,,,,,,,,,Nithard_Unknown_(1),,,
Q124058,Q1385259,,,,,,,,,,,,,,,,,,,,,,,,,,,141075|926731,,p=guy;n=de nantes,,,,,,,,,,,,,Guy_of_Nantes_(1),,,
Q124060,Q3119308,,,,,,,,,,,,,,,,,,,,,,,,,,,,,p=gui;n=.,,,,,,,,,,,,,,,,
Q124062,Q1384765,,,,,,,,,,,,,,,,,,,,,,,,,,,929348,,p=lambert;n=de nantes;oc=2,,,,,,,,,,,,,Lambert_II_of_Nantes_(1),,Nantes-13,I00304043
Q124064,Q107441557,,,,,,,,,,,,,,,,,,,,,,,,,,,,,,,,,,,,,,,,,,Itta_di_Spoleto_(2),,Van_Nantes-1,
Q124066,Q2825468,,,,,,,,,,,,,,,,,,,,,,,,,,,323065,,p=ita;n=di benevento,,,,,,,,,,,,,Unknown_(24546),,Benevento-19,I00304048
Q124068,Q1284091,,,,,,,,,,,,,,,,,,,,,,,,,,,,,p=lamberto;n=di spoleto;oc=1,,,,,,,,,,,,,Lambert_II_of_Spoleto_(1),,,I00636504
Q124070,Q309930,,,,,,,,,,,,,,,,,,,,,,,,,,,836409,,p=guido;n=di spoleto;oc=1,,,,,,,,,,,,p16230.htm#i162296,Guy_III_of_Spoleto_(1),,Spoleto-31,I00304051
Q124072,Q107443723,,,,,,,,,,,,,,,,,,,,,,,,,,,323064,,p=rothilde;n=di spoleto,,,,,,,,,,,,,Rothilde_di_Spoleto_(1),,Spoleto-2,I00304059
Q124074,Q1957724,,,,,,,,,,,,,,,,,,,,,,,,,,,141000,,p=aimery;n=de thouars;oc=2,,,,,,,,,,,,,Aimery_II_de_Thouars_(1),,Thouars-22,I00141498
Q124076,Q110578233,,,,,,,,,,,,,,,,,,,,,,,,,,,141002,,p=alienor;n=n;oc=2,,,,,,,,,,,,,Alienor_Hardouine_(1),,Unknown-134431,I00141499
Q124078,Q4495320,,,,,,,,,,,,,,,,,,,,,,,,,,,1240590,,,,,,,,,,,,,,,,,Dinan-17,I00570449
Q124080,Q528014,,,,,,,,,,,,,,,,,,,,,,,,,,,1202717,,p=foulques;n=d angouleme;oc=1,,,,,,,,,,,,p65459.htm#i654581,"Fulk,_Count_of_Angoulême_(1)",,Taillefer-16,I00139997
Q124082,Q3267477,,,,,,,,L83F-5VM,,,,,,,,,,,,,,,,,,,,,p=redburga;n=n,,,,,,,,,,,,p10262.htm#i102616,Redburga_Wessex_(2),,UNKNOWN-2822,
Q124084,Q96074775,,,,,,,,,,,,,,,,,,I2585,,,,,,,,,,,,,,,,,,,,,,,,,,,I00049985
Q124090,Q3459605,,,,,,,,,,,,,,,,,,,,,,,,,,,,,p=guislabert;n=de roussillon;oc=1,,,,,,,,,,,,,Giselbert_II_of_Roussillon_(1),,,
Q124092,Q19300153,,,,,,,,,,,,,,,,,,,,,,,,,,,,,p=jofre;n=de rocaberti;oc=5,,,,,,,,,,,,,,,,
Q124094,Q11909089,,,,,,,,,,,,,,,,,,,,,,,,,,,,,p=berenguer;n=de peralada;oc=1,,,,,,,,,,,,,,,,
Q124096,Q3421083,,,,,,,,,,,,,,,,,,,,,,,,,,,1092594,,p=raymond;n=de+narbonne+pelet,,,,,,,,,,,,,,,,I00541945
Q124098,Q116006272,,,,,,,,,,,,,,,,,,,,,,,,,,,112494|593102,,p=richard;n=de millau;oc=1,,,,,,,,,,,,,Richard_Rodes_(2),,Millau-3,I00197700
Q124100,Q3396299,,,,,,,,,,,,,,,,,,,,,,,,,,,578083,,p=pons;n=de marseille,,,,,,,,,,,,,,,,I00164717
Q124102,Q2827762,,,,,,,,,,,,,,,,,,,,,,,,,,,,,p=aicard;n=de marseille,,,,,,,,,,,,,,,,
Q124104,Q99304025,,,,,,,,,,,,,,,,,,,,,,,,,,,1270526,,p=hugues geoffroi;n=de marseille;oc=1,,,,,,,,,,,,,,,,I00164713
Q124106,Q121112311,,,,,,,,,,,,,,,,,,,,,,,,,,,,,p=pierre;n=de marseille;oc=1,,,,,,,,,,,,,,,,
Q124111,Q76300351,,,,,,,,,,,,,,,,,,,,,,,,,,,,,,,,,,,,,,,,,p67294.htm#i672939,,,,
Q124113,Q76298559,,,,,,,,,,,,,,,,,,,,,,,,,,,,,,,,,,,,,,,,,p67162.htm#i671619,,,,
Q124115,Q1104630,,,,,,,,,,,,,,,,,,,,,,,,,,,,,,,,,,,,,,,,,,Cobbo_Unknown_(1),,,
Q124117,Q730180,,,,,,,,,,,,,,,,,,,,,,,,,,,683511,,,,,,,,,,,,,,p67162.htm#i671613,,,,
Q124119,Q1567632,,,,,,,,,,,,,,,,,,,,,,,,,,,683510,,,,,,,,,,,,,,p67251.htm#i672509,,,,
Q124121,Q742176,,,,,,,,,,,,,,,,,,,,,,,,,,,192514,,p=hugbert;n=bosonides,,,,,,,,,,,,,Hucbert_d'Arles_(1),,Bosonid-5,I00020459
Q124123,Q1868390,,,,,,,,,,,,,,,,,,,,,,,,,,,,,p=boson;n=bosonides;oc=2,,,,,,,,,,,,,Boso_van_Italie_(1),,Bosonid-4,
Q124125,Q1284108,,,,,,,,,,,,,,,,,,,,,,,,,,,212848,,p=suppo;n=di spoleto;oc=1,,,,,,,,,,,,p67230.htm#i672297,Suppone_I_(1),,Spoleto-36,I00626950
Q124127,Q1290960,,,,,,,,,,,,,,,,,,,,,,,,,,,,,p=marino;n=di spoleto,,,,,,,,,,,,,Mauring_of_Spoleto_(1),,De_Spoleto-7,I00772013
Q124129,Q3978079,,,,,,,,,,,,,,,,,,,,,,,,,,,129792,,p=suppo;n=di spoleto;oc=2,,,,,,,,,,,,p67302.htm#i673013,Suppone_II_di_Spoleto_(1),,Spoleto-15,I00036192
Q124133,Q260119,,,,,,,,,,,,,,,,,,,,,,,,,,,139930,,,,,,,,,,,,,,,Eudoxia_Ingerina_(2),,Ingerina-1,I00215858
Q124135,Q294425,,,,,,,,,,,,,,,,,,,,,,,,person/f1052978-d495-44f2-aca4-c0c0d4e95a06,,,30599,,,,,,,,,,,,,,p15021.htm#i150204,Alexander_(1),,Byzantium-27,I00215877
Q124137,Q2461901,,,,,,,,,,,,,,,,,,,,,,,,,,,,,,,,,,,,,,,,,,,,,I00215860
Q124139,Q218215,,,,,,,,,,44992706,,,,,,,,,,,,,,,,,,,,,,,,,,,,,,,,Zoe_Karbonopsina_(1),,Carbonopsina-1,I00215863
Q124141,Q2586963,,,,,,,,,,,,,,,,,,,,,,,,,,,,,,,,,,,,,,,,,,,,,I00215862
Q124145,Q63972997,,,,,,,,,,,,,,,,,,,,,,,,,,,,,,,,,,,,,,,,,,,,,
Q124147,Q97691654,,,,,,,,,,,,,,,,,,,,,,,,,,,,,,,,,,,,,,,,,,Ubaldo_Di_Spoleto_(1),,Spoleto-21,
Q124149,Q60040644,,,,,,,,,,,,,,,,,,,,,,,,,,,919080,,p=willia;n=di spoleto,,,,,,,,,,,,,"Willa,_daughter_of_Hubert,_Duke_of_Spoleto_(1)",,,
Q124151,Q59588,,,,,,,,,,,,,,,,,,,,,,,,,,,,,p=hugo;n=d arles,,,,,,,,,,,,,"Hugh,_Margrave_of_Tuscany_(1)",,,I00295862
Q124153,Q10380888,,,,,,,,,,146406423,,,,,,,,,,,,,,,,,108180,,p=tertullus;n=d anjou,,,,,,,,,,,,p878.htm#i8779,Tertulf_of_Rennes_(1),,Anjou-12,
Q124155,Q76299137,,,,,,,,,,,,,,,,,,,,,,,,,,,108171,,p=petronilla;n=n;oc=5,,,,,,,,,,,,p67199.htm#i671982,Petronilla_Unknown_(1),,D'Auxerre-5,
Q124157,Q468724,,,,,,,,,,,,,,,,,,,,,,,,,,,192531,,p=waldrade;n=von wormsgau,,,,,,,,,,,,p7513.htm#i75128,Waldrada_Unknown_(6),,Unknown-622064,I00020453
Q124159,Q347496,,,,,,,,,,,,,,,,,,,,,,,,,,,323067,,p=adalberto;n=di toscana,,,dw.7830,,,,,,,,,,"Adalbert_II,_Margrave_of_Tuscany_(1)",,Toscana-10,I00297756
Q124165,Q265436,,,,,,,,,,,,,,,,,,,,,,,,,,,660598,,p=oda;n=de hesse,,,dw.7834,,,,,,,,,p67180.htm#i671798|p10324.htm#i103233,Ota_Unknown_(1),,Unknown-542258,
Q124167,Q819884,,,,,,,,,,,,,,,,,,,,,,,,,,,148097,,p=gebhard;n=konradiner;oc=1,,,sw.213357,,,,,,,,,p67263.htm#i672622|p67263.htm#i672623,Gebhard_Unknown_(6),,Lahngau-11|Van_Lotharingen-12|Wetterau-2,I00313110
Q124169,Q687232,,,,,,,,,,,,,,,,,,,,,,,,,,,215567,,p=konrad;n=konradiner;oc=2,,,dw.7939,,,,,,,,,p10324.htm#i103232|p67190.htm#i671894,"Conrad,_Duke_of_Thuringia_(1)",,Lahngau-5,I00409803
Q124171,Q319960,,,,,,,,,,,,,,,,,,,,,,,,,,,1276629,,p=rudolf;n=konradiner,,,,,,,,,,,,p67176.htm#i671758,Rudolf_of_Neustria_(1),,Lahngau-7,I00409805
Q124173,Q76299009,,,,,,,,,,,,,,,,,,,,,,,,,,,1276628,,p=eberhard;n=konradiner;oc=1,,,,,,,,,,,,p67279.htm#i672782|p67190.htm#i671893,Everhart_Unknown_(1),,Lahngau-6,I00120361
Q124175,Q1635248,,,,,,,,,,,,,,,,,,,,,,,,,,,1019180,,p=hugues;n=de vaudemont,,,,,,,,,,,,,Hugh_of_Vaudemont_(1),,,I00163414
Q124177,Q24526472,,,,,,,,,,,,,,,,,,,,,,,,,,,,,,,,,,,,,,,,,,,,,
Q124179,Q25091609,,,,,,,,,,,,,,,,,,,,,,,,,,,,,p=friderade;n=.,,,,,,,,,,,,,,,UNKNOWN-26912,
Q124181,Q4497614,,,,,,,,,,,,,,,,,,,,,,,,,,,,,,,,,,,,,,,,,,,,,
Q124183,Q3107793,,,,,,,,,,,,,,,,,,,,,,,,,,,,,p=giselbert;n=de maasgau,,,,,,,,,,,,p53187.htm#i531861,Gislebert_de_Hennegau_(1),,,
Q124185,Q76299418,,,,,,,,,,,,,,,,,,,,,,,,,,,,,,,,,,,,,,,,,p67218.htm#i672175,,,,
Q124187,Q76298679,,,,,,,,,,,,,,,,,,,,,,,,,,,,,,,,,,,,,,,,,p67169.htm#i671688,,,,
Q124189,Q76299719,,,,,,,,,,,,,,,,,,,,,,,,,,,,,,,,,,,,,,,,,p67242.htm#i672416,,,,
Q124191,Q76299459,,,,,,,,,,,,,,,,,,,,,,,,,,,,,,,,,,,,,,,,,p67221.htm#i672207,,,,
Q124193,Q50135101,,,,,,,,,,,,,,,,,,,,,,,,,,,,,,,,sw.214126,,,,,,,,,p885.htm#i8850,,,,
Q124195,Q705868,,,,,,,,,,,,,,,,,,,,,,,,,,,,,,,,,,,,,,,,,p886.htm#i8851,,,,I00020465
Q124197,Q76298497,,,,,,,,,,,,,,,,,,,,,,,,,,,,,,,,,,,,,,,,,p67158.htm#i671576,,,,
Q124199,Q76298499,,,,,,,,,,,,,,,,,,,,,,,,,,,,,,,,,,,,,,,,,p67158.htm#i671578,,,,
Q124201,Q76298886,,,,,,,,,,,,,,,,,,,,,,,,,,,,,,,,,,,,,,,,,p67182.htm#i671815,,,,
Q124203,Q61564330,,,,,,,,,,,,,,,,,,,,,,,,,,,,,,,,sw.213101,,,,,,,,,p885.htm#i8848,,,,I00020466
Q124205,Q75247667,,,,,,,,,,,,,,,,,,,,,,,,,,,,,,,,,,,,,,,,,p886.htm#i8852,,,,I00020464
Q124207,Q76299652,,,,,,,,,,,,,,,,,,,,,,,,,,,,,,,,,,,,,,,,,p67236.htm#i672353,,,,
Q124209,Q76300702,,,,,,,,,,,,,,,,,,,,,,,,,,,,,,,,,,,,,,,,,p67321.htm#i673203,,,,
Q124211,Q58361509,,,,,,,,,,,,,,,,,,,,,,,,,,,467720,,p=marquese;n=d astarac,,,,,,,,,,,,,,,,
Q124213,Q58361854,,,,,,,,,,,,,,,,,,,,,,,,,,,,,p=beatrix;n=d astarac,,,,,,,,,,,,,,,,
Q124215,Q2861664,,,,,,,,,,,,,,,,,,,,,,,,,,,1270641,,p=arlulf;n=de marseille;oc=2,,,,,,,,,,,,,,,Marseille-1,I00164721
Q124217,Q3140183,,,,,,,,,,,,,,,,,,,,,,,,,,,,,p=honorat;n=de marseille,,,,,,,,,,,,,,,,
Q124219,Q113351678,,,,,,,,,,,,,,,,,,,,,,,,,,,1270640,,p=ermengarde;n=d arles;oc=8,,,,,,,,,,,,,,,,
Q124221,Q3396285,,,,,,,,,,,,,,,,,,,,,,,,,,,,,p=pons;n=de marseille;oc=2,,,,,,,,,,,,,,,,
Q124223,Q3396311,,,,,,,,,,,,,,,,,,,,,,,,,,,1421237|1270663,,p=pons;n=de fos;oc=1,,,,,,,,,,,,,,,,I00139602
Q124225,Q99304034,,,,,,,,,,,,,,,,,,,,,,,,,,,1421244|1270664,,p=profecta;n=de marignane;oc=1,,,,,,,,,,,,,,,,I00139603
Q124227,Q7107317,,,,,,,,,,,,,,,,,,,,,,,,,,,,,,,,,,,,,,,,,,,,,
Q124229,Q56351727,,,,,,,,,,,,,,,,,,,,,,,,,,,,,p=elvira veegas;n=de ribadouro,,,,,,,,,,,,,Elvira_Viegas_(1),,,
Q124231,Q10312093,,,,,,,,,,,,,,,,,,,,,,,,,,,,,p=joao peres;n=da maia,,,,,,,,,,,,,Joao_Pires-da-Maia_(1),,,
Q124233,Q10372902,,,,,,,,,,,,,,,,,,,,,,,,,,,,,p=soeiro pires;n=da maia,,,,,,,,,,,,,,,,
Q124235,Q60619097,,,,,,,,,,,,,,,,,,,,,,,,,,,,,p=martim pires;n=da maia,,,,,,,,,,,,,,,,
Q124237,Q57245021,,,,,,,,,,,,,,,,,,,,,,,,,,,,,p=goncalo paes;n=curbo,,,,,,,,,,,,,Goncalo_Pais_(1),,,I00639160
Q124239,Q57245031,,,,,,,,,,,,,,,,,,,,,,,,,,,,,,,,,,,,,,,,,,,,,I00515030
Q124241,Q10283450,,,,,,,,,,,,,,,,,,,,,,,,,,,,,,,,,,,,,,,,,,Forjaz_Vermuis_(1),,,I00617074
Q124243,Q100436874,,,,,,,,,,,,,,,,,,,,,,,,,,,,,,,,,,,,,,,,,,,,Ordonhes-1,I00617075
Q124245,Q10363865,,,,,,,,,,,,,,,,,,,,,,,,,,,,,,,,,,,,,,,,,,Rodrigo_Froias-de-Trastamara_(1),,De_Trastamara-10|De_Trastâmara-7,I00346861
Q124247,Q1296765,,,,,,,,,,,,,,,,,,,,,,,,,,,28091,,,,,,,,,,,,,,,,,,I00639150
Q124249,Q100436244,,,,,,,,,,,,,,,,,,,,,,,,,,,,,,,,,,,,,,,,,,,,,I00639151
Q124251,Q10320004,,,,,,,,,,,,,,,,,,,,,,,,,,,,,,,,,,,,,,,,,,,,,
Q124253,Q9587332,,,,,,,,,,,,,,,,,,,,,,,,,,,,,,,,,,,,,,,,,,,,,
Q124255,Q117798116,,,,,,,,,,,,,,,,,,,,,,,,,,,,,,,,,,,,,,,,,,,,,
Q124257,Q100436582,,,,,,,,,,,,,,,,,,,,,,,,,,,,,,,,,,,,,,,,,,,,,I00639144
Q124259,Q56352184,,,,,,,,,,,,,,,,,,,,,,,,,,,,,,,,,,,,,,,,,,,,,
Q124261,Q30938492,,,,,,,,,,,,,,,,,,,,,,,,,,,,,,,,,,,,,,,,,,,,,
Q124263,Q57203485,,,,,,,,,,,,,,,,,,,,,,,,,,,,,,,,,,,,,,,,,,,,,
Q124265,Q62290958,,,,,,,,,,,,,,,,,,,,,,,,,,,,,,,,,,,,,,,,,,,,,I00115162|I00639158
Q124267,Q3758191,,,,,,,,,,,,,,,,,,,,,,,,,,,,,,,,,,,,,,,,,,,,,I00515029
Q124269,Q117356486,,,,,,,,,,,,,,,,,,,,,,,,,,,,,,,,,,,,,,,,,,,,,
Q124271,Q10389302,,,,,,,,,,,,,,,,,,,,,,,,,,,,,,,,,,,,,,,,,,,,,I00639152
Q124273,Q10289520,,,,,,,,,,,,,,,,,,,,,,,,,,,1272672,,,,,,,,,,,,,,,,,,I00515031
Q124275,Q85868509,,,,,,,,,,,,,,,,,,,,,,,,,,,,,,,,,,,,,,,,,,,,,
Q124277,Q85875399,,,,,,,,,,,,,,,,,,,,,,,,,,,,,,,,,,,,,,,,,,,,,
Q124279,Q131624091,,,,,,,,,,,,,,,,,,,,,,,,,,,,,,,,,,,,,,,,,,,,,
Q124281,Q131624192,,,,,,,,,,,,,,,,,,,,,,,,,,,,,,,,,,,,,,,,,,,,,
Q124283,Q110302159,,,,,,,,,,,,,,,,,,,,,,,,,,,,,,,,,,,,,,,,,,,,,I00302616
Q124285,Q110302157,,,,,,,,,,,,,,,,,,,,,,,,,,,,,,,,,,,,,,,,,,,,,I00302619
Q124287,Q10347733,,,,,,,,,,,,,,,,,,,,,,,,,,,,,,,,,,,,,,,,,,,,Rodriguez_Manrique_de_Lara-1,
Q124289,Q123648608,,,,,,,,,,,,,,,,,,,,,,,,,,,,,p=sancha gomez;n=de trastamara,,,,,,,,,,,,,,,,I00414563
Q124291,Q5989588,,,,,,,,,,,,,,,,,,,,,,,,,,,,,,,,,,,,,,,,,p11342.htm#i113418,,,Manrique_de_Lara-4,
Q124293,Q271563,,,,,,,,,,,,,,,,,,,,,,,,,,,1273393,,p=mencia lopez;n=de haro;oc=2,,,,,,,,,,,,p4197.htm#i41965,Mécia_Lopes_de_Haro_(1),,Lopez_De_Haro-1,I00130030
Q124295,Q3027419,,,,,,,,,,,,,,,,,,,,,,,,,,,1203593,,p=diego lopez;n=de haro;oc=6,,,,,,,,,,,,,Diego_López_III_de_Haro_(1),,Haro-75,I00417963
Q124297,Q60829543,,,,,,,,,,,,,,,,,,,,,,,,,,,,,,,,,,,,,,,,,,,,,
Q124299,Q18276898,,,,,,,,,,,,,,,,,,,,,,,,,,,1273397,,,,,,,,,,,,,,,,,,
Q124301,Q10319695,,,,,,,,,,,,,,,,,,,,,,,,,,,,,,,,,,,,,,,,,,,,,I00482508
Q124303,Q110616712,,,,,,,,,,,,,,,,,,,,,,,,,,,,,,,,,,,,,,,,,,,,,I00433818
Q124305,Q75393738,,,,,,,,,,,,,,,,,,,,,,,,,,,1273398,,p=teresa lopez;n=de haro,,,,,,,,,,,,p11334.htm#i113334,Teresa_López_de_Haro_(1),,,I00026704
Q124307,Q10365306,,,,,,,,,,,,,,,,,,,,,,,,,,,1272437,,,,,,,,,,,,,,,,,Muñoz-256,I00553783
Q124309,Q100436147,,,,,,,,,,,,,,,,,,,,,,,,,,,1272649,,,,,,,,,,,,,,,,,Diaz-1948,I00553784
Q124311,Q16335772,,,,,,,,,,,,,,,,,,,,,,,,,,,,,,,,,,,,,,,,,,,,,
Q124313,Q100436175,,,,,,,,,,,,,,,,,,,,,,,,,,,,,,,,,,,,,,,,,,,,Gonzáles_Girón-10,I00110948
Q124317,Q100436124,,,,,,,,,,,,,,,,,,,,,,,,,,,,,,,,,,,,,,,,,,,,,
Q124319,Q110302368,,,,,,,,,,,,,,,,,,,,,,,,,,,,,,,,,,,,,,,,,,,,,I00115137
Q124321,Q10347658,,,,,,,,,,,,,,,,,,,,,,,,,,,,,,,,,,,,,,,,,,,,,I00461286
Q124323,Q110302487,,,,,,,,,,,,,,,,,,,,,,,,,,,,,,,,,,,,,,,,,,,,,I00576062
Q124325,Q4894186,,,,,,,,,,,,,,,,,,,,,,,,,,,,,p=guerau;n=de cabrera,,,,,,,,,,,,,,,,I00459585
Q124326,Q19291067,,,,,,,,,,,,,,,,,,,,,,,,,,,,,p=guerau;n=de cabrera;oc=1,,,,,,,,,,,,,,,,I00459583
Q124329,Q9061652,,,,,,,,,,,,,,,,,,,,,,,,,,,,,p=ponce;n=de urgel,,,,,,,,,,,,,,,,I00551950
Q124331,Q130426958,,,,,,,,,,,,,,,,,,,,,,,,,,,,,,,,,,,,,,,,,,,,,
Q124333,Q1228696,,,,,,,,,,,,,,,,,,,,,,,,,,,,,p=eudokia;n=komnenos;oc=4,,,sw.211985,,,,,,,,,,Eudokia_Komnene_(1),,Comnena-2,I00020915
Q124335,Q268731,,,,,,,,,,,,,,,,,,I3051,,,,,,,,,56972,,p=marie;n=de montpellier,,,sw.211983,,,,,,,,,p11329.htm#i113284,Marie_of_Montpellier_(1),,Montpellier-2,I00007101
Q124337,Q108557251,,,,,,,,,,,,,,,,,,,,,,,,,,,,,p=ermesinde;n=de montpellier,,,,,,,,,,,,,,,,I00373498
Q124339,Q561524,,,,,,,,,,,,,,,,,,,,,,,,,,,248212,,p=raimond roger;n=trencavel,,,,,,,,,,,,,Raymond_Roger_Trencavel_(1),,Trencavel-7,
Q124341,Q1826696,,,,,,,,,,,,,,,,,,,,,,,,,,,,,p=raimond;n=trencavel,,,,,,,,,,,,,Raymond_II_Trencavel_(1),,Trencavel-19,
Q124343,Q14083227,,,,,,,,,,,,,,,,,,,,,,,,,,,,,p=jussiana;n=de entenza;oc=2,,,,,,,,,,,,,,,,
Q124345,Q5643937,,,,,,,,,,,,,,,,,,,,,,,,,,,,,,,,,,,,,,,,,,,,,
Q124347,Q4890499,,,,,,,,,,116394474,,,,,,,,,,,,,,,,,,,p=bernardo guillen;n=de entenza,,,,,,,,,,,,,,,,
Q124349,Q111457149,,,,,,,,,,,,,,,,,,,,,,,,,,,,,,,,,,,,,,,,,,,,,I00552107
Q124351,Q111457152,,,,,,,,,,,,,,,,,,,,,,,,,,,,,,,,,,,,,,,,,,,,,I00552108
Q124353,Q2890882,,,,,,,,,,,,,,,,,,,,,,,,,,,,,,,,,,,,,,,,,,Álvaro_de_Castro_(1),,,I00126921
Q124355,Q115909172,,,,,,,,,,,,,,,,,,,,,,,,,,,,,,,,,,,,,,,,,,,,,
Q124357,Q110302141,,,,,,,,,,,,,,,,,,,,,,,,,,,,,p=suer telliz;n=de menezes,,,,,,,,,,,,,Senhor_Telez-de-Meneses_(1),,Tellez_de_Meneses-11,I00581761
Q124359,Q110302140,,,,,,,,,,,,,,,,,,,,,,,,,,,,,,,,,,,,,,,,,,,,,I00458020
Q124361,Q75393790,,,,,,,,,,,,,,,,,,,,,,,,,,,,,,,,,,,,,,,,,p11342.htm#i113411,,,,
Q124363,Q17276358,,,,,,,,,,,,,,,,,,,,,,,,,,,,,,,,,,,,,,,,,,,,,
Q124365,Q7159927,,,,,,,,,,,,,,,,,,,,,,,,,,,,,,,,,,,,,,,,,,,,Azagra-2,I00433807
Q124367,Q111457130,,,,,,,,,,,,,,,,,,,,,,,,,,,,,,,,,,,,,,,,,,,,,I00433808
Q124369,Q110616715,,,,,,,,,,,,,,,,,,,,,,,,,,,,,,,,,,,,,,,,,,,,,I00433819
Q124371,Q116004481,,,,,,,,,,,,,,,,,,,,,,,,,,,,,,,,,,,,,,,,,,,,,I00591856
Q124373,Q972287,,,,,,,,,,,,,,,,,,,,,,,,,,,,,,,,,,,,,,,,,,,,,
Q124375,Q87591001,,,,,,,,,,,,,,,,,,,,,,,,,,,,,,,,,,,,,,,,,,,,,
Q124377,Q60180624,,,,,,,,,,,,,,,,,,,,,,,,,,,,,,,,,,,,,,,,,,,,,I00556463
Q124379,Q55984265,,,,,,,,,,,,,,,,,,,,,,,,,,,,,,,,,,,,,,,,,,,,,
Q124381,Q30049892,,,,,,,,,,,,,,,,,,,,,,,,,,,,,p=josserande;n=flotte;oc=9,,,,,,,,,,,,,Josserane_Flotte_(1),,Flotte-1,I00120886
Q124383,Q2165680,,,,,,,,,,,,,,,,,,,,,,,,,,,,,p=bertrand;n=de forcalquier;oc=1,,,,,,,,,,,,,Bertrand_de_Forcalquier_(1),,,I00550340
Q124387,Q15617178,,,,,,,,,,,,,,,,,,,,,,,,,,,,,p=alix;n=de forcalquier,,,,,,,,,,,,,Alix_de_Forcalquier_(1),,,I00570226
Q124389,Q24970630,,,,,,,,,,,,,,,,,,,,,,,,,,,307758,,p=hilduin;n=n;oc=3,,,,,,,,,,,,,Hilduin_de_Montdidier_(1),,Montdidier-23,I00120703
Q124391,Q116007379,,,,,,,,,,,,,,,,,,,,,,,,,,,,,,,,,,,,,,,,,,,,Montreuil-5,I00120704
Q124393,Q85854237,,,,,,,,,,,,,,,,,,,,,,,,,,,,,p=nevelon;n=de pierrefonds,,,,,,,,,,,,,,,Pierrefonds-2,
Q124395,Q2544860,,,,,,,,,,,,,,,,,,,,,,,,,,,306140,,p=gaucher;n=de chatillon;oc=2,,,,,,,,,,,,p70903.htm#i709022,Gaucher_de_Châtillon_(2),,Châtillon-20,I00020658
Q124397,Q17154368,,,,,,,,,,,,,,,,,,,,,,,,,,,306138,,p=guy;n=de chatillon;oc=2,,,,,,,,,,,,p70903.htm#i709026,Guy_Unknown_(19),,Châtillon-21,I00027532
Q124399,Q76356017,,,,,,,,,,,,,,,,,,,,,,,,,,,,,p=gaucher;n=de chatillon;oc=12,,,,,,,,,,,,p70904.htm#i709039,,,,I00613290
Q124401,Q2309317,,,,,,,,,,,,,,,,,,,,,,,,,,,,,p=galeran;n=du puiset,,,,,,,,,,,,,Waleran_of_Le_Puiset_(1),,,
Q124403,Q731373,,,,,,,,,,,,,,,,,,,,,,,,,,,,,p=evrard;n=du puiset,,,,,,,,,,,,,Éverard_of_Puiset_(1),,Puiset-3,I00199409
Q124405,Q51826532,,,,,,,,,,,,,,,,,,,,,,,,,,,,,p=emme;n=de chocques,,,,,,,,,,,,,Emelota_Unknown_(1),,,I00076241
Q124407,Q48755202,,,,,,,,,,,,,,,,,,,,,,,,,,,,,p=hugues;n=du puiset;oc=4,,,,,,,,,,,,p11997.htm#i119962,,,,I00199415
Q124409,Q27922158,,,,,,,,,,,,,,,,,,,,,,,,,,,1239501,,p=evrard;n=de breteuil;oc=1,,,,,,,,,,,,,Erard_de_Breteuil_(1),,Breteuil-6,I00164675
Q124411,Q112624915,,,,,,,,,,,,,,,,,,,,,,,,,,,1239500,,p=humberge;n=du puiset;oc=1,,,,,,,,,,,,,,,Sours-5,I00164676
Q124413,Q27958730,,,,,,,,,,,,,,,,,,,,,,,,,,,,,p=gilduin;n=du puiset,,,,,,,,,,,,,,,,
Q124415,Q75923107,,,,,,,,,,,,,,,,,,,,,,,,,,,,,p=humberge;n=du puiset,,,,,,,,,,,,p40567.htm#i405665,,,,
Q124417,Q117321447,,,,,,,,,,,,,,,,,,,,,,,,,,,,,p=rotrou;n=de montfort le rotrou;oc=1,,,,,,,,,,,,,,,,I00201428
Q124419,Q100326668,,,,,,,,,,,,,,,,,,,,,,,,,,,,,p=guerin;n=de belleme;oc=1,,,,,,,,,,,,,Garin_De_Domfront_(1),,Bellême-25,I00120944
Q124421,Q100326669,,,,,,,,,,,,,,,,,,,,,,,,,,,,,p=ne;n=n;oc=10540,,,,,,,,,,,,,,,Châteaudun-5,I00635421
Q124423,Q110578296,,,,,,,,,,,,,,,,,,,,,,,,,,,,,p=agnes;n=de freteval;oc=3,,,,,,,,,,,,,Agnes_de_Fréteval_(1),,Fréteval-2,I00165046
Q124425,Q2173581,,,,,,,,,,,,,,,,,,,,,,,,,,,1092610,,p=geoffroi;n=de chateaudun;oc=1,,,,,,,,,,,,,Geoffroi_Unknown_(8),,Châteaudun-9,I00165047
Q124427,Q55385907,,,,,,,,,,,,,,,,,,,,,,,,,,,1237436,,p=mathilde;n=de chateaudun,,,,,,,,,,,,,Mathilde_de_Châteaudun_(1),,Chateaudun-17,I00163384
Q124429,Q63182799,,,,,,,,,,,,,,,,,,,,,,,,,,,,,,,,,,,,,,,,,p457.htm#i4567,,,Salisbury-1729,I00120877
Q124431,Q63183263,,,,,,,,,,,,,,,,,,,,,,,,,,,,,,,,,,,,,,,,,p40632.htm#i406317,,,Chaworth-118,I00120878
Q124433,Q4686977,,,,,,,,,,,,,,,,,,,,,,,,,,,485965,,p=alix;n=de dreux;oc=1,,,,,,,,,,,,p70903.htm#i709027|p38147.htm#i381470,Adèle_of_Dreux_(1),,Dreux-25,I00027533
Q124435,Q12900966,,,,,,,,,,,,,,,,,,,,,,,,,,,11807,,p=mahaut;n=de champagne,,,,,,,,,,,,,Mathilde_de_Blois_(1),,Blois-98,I00020150
Q124437,Q3120488,,,,,,,,,,,,,,,,,,,,,,,,,,,,,p=guillaume;n=du perche,,,,,,,,,,,,,,,,I00330770
Q124439,Q2374500,,,,,,,,,,,,,,,,,,,,,,,,,,,290720,,p=geoffroy;n=du perche,,,,,,,,,,,,p794.htm#i7936,Geoffrey_of_Perche_(1),,Perche-17,I00313593
Q124441,Q21427892,,,,,,,,,,,,,,,,,,,,,,,,,,,,,p=rotrou;n=du perche;oc=2,,,,,,,,,,,,,,,,I00330765
Q124443,Q78535853,,,,,,,,,,,,,,,,,,,,,,,,,,,,,p=etienne;n=du perche,,,,,,,,,,,,,,,,I00330764
Q124445,Q117323627,,,,,,,,,,,,,,,,,,,,,,,,,,,,,,,,,,,,,,,,,,,,,I00569796
Q124447,Q3424902,,,,,,,,,,,,,,,,,,,,,,,,,,,,,p=renaud;n=de chateau gontier;oc=55,,,,,,,,,,,,,Renaud_Unknown_(26),,,I00569789
Q124449,Q3424960,,,,,,,,,,,,,,,,,,,,,,,,,,,,,,,,,,,,,,,,,,,,,
Q124451,Q15178207,,,,,,,,,,,,,,,,,,,,,,,,,,,,,,,,,,,,,,,,,,,,,
Q124453,Q1370334,,,,,,,,,,,,,,,,,,,,,,,,,,,141884,,p=roger;n=de beaumont le roger,,,,,,,,,,,,p381.htm#i3810,Roger_de_Beaumont_(1),,Vielles-7,I00120997
Q124455,Q10914927,,,,,,,,,,,,,,,,,,,,,,,,,,,141889,,p=adeline;n=de meulan,,,,,,,,,,,,p382.htm#i3811,Adeline_Of_Meulan_(1),,Meulan-4,I00120998
Q124459,Q4020195,,,,,,,,,,,,,,,,,,,,,,,,,,,907471,,p=william;n=de beaumont le roger,,,,,,,,,,,,p36903.htm#i369024,William_Beaumont_(32),,Beaumont-427,I00139947
Q124461,Q1779797,,,,,,,,,,,,,,,,,,,,,,,,,,,907470,,p=valeran;n=de beaumont le roger,,,,,,,,,,,,p36903.htm#i369025,Waleran_de_Beaumont_(3),,Beaumont-568,I00296437
Q124463,Q76010268,,,,,,,,,,,,,,,,,,,,,,,,,,,,,p=gundred;n=de beaumont le roger,,,,,,,,,,,,p46509.htm#i465085,Gundred_De_Beaumont_(1),,Beaumont-161,I00291694
Q124467,Q76375275,,,,,,,,,,,,,,,,,,,,,,,,,,,,,p=henri;n=du neubourg;oc=2,,,,,,,,,,,,p72102.htm#i721011,Henry_de_Newburgh_(2),,De_Newburgh-15,I00291688
Q124469,Q101499878,,,,,,,,,,,,,,,,,,,,,,,,,,,,,,,,,,,,,,,,,,,,,I00655072
Q124475,Q28665888,,,,,,,,,,,,,,,,,,,,,,,,,,,1010897,,p=adhemar iii;n=de limoges;oc=4,,,,,,,,,,,,,,,Limoges-164,I00139546
Q124477,Q357069,,,,,,,,,,,,,,,,,,,,,,,,,,,596328,,p=adhemar boson;n=de limoges;oc=5,,,,,,,,,,,,p4207.htm#i42064,Aimar_V_of_Limoges_(1),,Limoges-163,I00139542
Q124479,Q113832842,,,,,,,,,,,,,,,,,,,,,,,,,,,939224,,p=matabrune;n=de ventadour;oc=1,,,,,,,,,,,,,,,De_VENTADOUR-2,
Q124481,Q102860094,,,,,,,,,,,,,,,,,,,,,,,,,,,651309,,p=eustorgie;n=d anduze,,,,,,,,,,,,,,,Anduze-11,I00196999
Q124483,Q2127766,,,,,,,,,,,,,,,,,,,,,,,,,,,651308,,p=raymond;n=de turenne;oc=2,,,,,,,,,,,,,,,Turenne-20,I00197000
Q124485,Q61807834,,,,,,,,,,,,,,,,,,,,,,,,,,,,,p=hugues;n=n;oc=2,,,,,,,,,,,,,Hugh_De_Creil_(2),,Creil-8,
Q124487,Q2825474,,,,,,,,,,,,,,,,,,,,,,,,,,,34749,,p=alix;n=de crepy;oc=1,,,sw.213046,,,,,,,,,p402.htm#i4018,Adelais_de_Valois_(1),,Vexin-15,I00050026
Q124489,Q19961114,,,,,,,,,,,,,,,,,,,,,,,,,,,954244,,p=eudes;n=de vermandois,,,,,,,,,,,,,Eudes_Vermandois_(1),,Vermandois-106,
Q124491,Q2830864,,,,,,,,,,,,,,,,,,,,,,,,,,,907449,,,,,,,,,,,,,,,,,,
Q124493,Q76355987,,,,,,,,,,,,,,,,,,,,,,,,,,,1145165,,,,,,,,,,,,,,p70902.htm#i709019,Thibaut_De_Crepy_(3),,,I00584194
Q124497,Q110385631,,,,,,,,,,,,,,,,,,,,,,,,,,,,,,,,,,,,,,,,,,,,,I00584195
Q124499,Q957523,,,,,,,,,,,,,,,,,,,,,,,,,,,644314|473383|643886,,p=hugues;n=de saint pol;oc=2,,,,,,,,,,,,,"Hugh_II,_Count_of_Saint-Pol_(1)",,St_Pol-16,I00120720
Q124501,Q1635246,,,,,,,,,,,,,,,,,,,,,,,,,,,643879,,p=hugues;n=de saint pol;oc=3,,,,,,,,,,,,p4890.htm#i48900,"Hugues_de_Saint-Pol_""Candavène""_(1)",,St_Pol-17,I00120722
Q124503,Q111398544,,,,,,,,,,,,,,,,,,,,,,,,,,,,,p=baudouin;n=d encre,,,,,,,,,,,,,,,,I00482401
Q124505,Q11908889,,,,,,,,,,,,,,,,,,,,,,,,,,,982417,,p=beatrix;n=de saint pol,,,,,,,,,,,,,Beatrix_De_Candavene_(1)|Beatrix_de_Saint-Pol_(1),,,I00028242|I00482404
Q124507,Q111415031,,,,,,,,,,,,,,,,,,,,,,,,,,,918866,,p=adelaide;n=de breteuil,,,,,,,,,,,,,,,Breteuil-21,I00330790
Q124509,Q21715491,,,,,,,,,,,,,,,,,,,,,,,,,,,473292,,p=catherine;n=de clermont;oc=1,,,,,,,,,,,,,Catherine_de_Clermont_(1),,Clermont-75,I00330779
Q124511,Q101468623,,,,,,,,,,,,,,,,,,,,,,,,,,,464132,,p=mahaut;n=de breteuil,,,,,,,,,,,,,,,Clermont-55,I00140294
Q124513,Q2225480,,,,,,,,,,,,,,,,,,,,,,,,,,,464105,,p=raoul;n=de clermont;oc=1,,,,,,,,,,,,,Raoul_of_Clermont-Nesle_(1),,Clermont-63,I00140291
Q124515,Q597601,,,,,,,,,,,,,,,,,,,,,,,,,,,10401,,p=simon;n=de dammartin,,,,,,,,,,,,p10188.htm#i101877,Simon_De_Dammartin_(1),,Dammartin-6,I00013717
Q124519,Q101166460,,,,,,,,,,,,,,,,,,,,,,,,,,,,,p=juliana;n=de dammartin,,,,,,,,,,,,,Juliane_de_Dammartin_(1),,Dammartin-22,I00028374
Q124521,Q113468506,,,,,,,,,,,,,,,,,,,,,,,,,,,1127254,,p=aelis;n=de dammartin,,,,,,,,,,,,,Aélis_De_Dampmartin_(1),,Dammartin-48,I00296287
Q124523,Q56285650,,,,,,,,,,,,,,,,,,,,,,,,,,,309727,,p=agnes;n=de dammartin,,,,,,,,,,,,p41048.htm#i410478,Agnes_Dammartin_(2),,Dammartin-9,I00038519
Q124525,Q24969941,,,,,,,,,,,,,,,,,,I5127,,,,,,,,,146556,,,,,,,,,,,,,,p15843.htm#i158425,,,Giffard-2,I00106211
Q124527,Q14947565,,,,,,,,,,,,,,,,,,,,,,,,,,,,,,,,,,,,,,,,,,,,,I00478462
Q124529,Q1187113,,,,,,,,,,,,,,,,,,,,,,,,,,,,,,,,,,,,,,,,,p10774.htm#i107739|p46696.htm#i466959,Robert_de_Clare_(1),,Clare-629,I00286797
Q124531,Q19918461,,,,,,,,,,,,,,,,,,,,,,,,,,,135031,,p=herve;n=de montmorency,,,,,,,,,,,,p73110.htm#i731096,Hervé_de_Montmorency_(2),,De_Montmorency-28|Montmorency-14,I00079912
Q124533,Q113002946,,,,,,,,,,,,,,,,,,,,,,,,,,,135032,,p=agnes;n=de soissons,,,,,,,,,,,,p73110.htm#i731097,Agnes_d'Eu_(1),,De_Soissons-30,I00079913
Q124535,Q75918838,,,,,,,,,,,,,,,,,,,,,,,,,,,128613,,p=agnes;n=de beaumont sur oise,,,,,,,,,,,,p40326.htm#i403260,Agnes_De_Beaumont-sur_(1),,Beaumont-556,I00079911
Q124537,Q113003318,,,,,,,,,,,,,,,,,,,,,,,,,,,,,p=agnes;n=de pontoise,,,,,,,,,,,,,Agnes_Delies_(1),,,
Q124539,Q61808380,,,,,,,,,,,,,,,,,,I5091,,,,,,,,,,,,,,,,,,,,,,,p15841.htm#i158410,,,,I00027604
Q124541,Q4138270,,,,,,,,,,,,,,,,,,I5130,,,,,,,,,,,,,,,,,,,,,,,p19230.htm#i192293,Gilbert_de_Clare_(3),,,
Q124543,Q4614620,,,,,,,,,,,,,,,,,,I5088,,,,,,,,,309562,,,,,,,,,,,,,,p462.htm#i4617,Roger_de_Clare_(1),,Clare-25,I00027605
Q124545,Q75463934,,,,,,,,,,,,,,,,,,,,,,,,,,,,,p=alice;n=de+clare;oc=2,,,,,,,,,,,,p15827.htm#i158270,Alice_de_Clare_(2),,Clare-42,I00027610
Q124547,Q110622007,,,,,,,,,,,,,,,,,,,,,,,,,,,,,,,,,,,,,,,,,,,,,I00714662
Q124549,Q111442414,,,,,,,,,,,,,,,,,,,,,,,,,,,,,,,,,,,,,,,,,,,,Clare-50,
Q124551,Q116146419,,,,,,,,,,,,,,,,,,,,,,,,,,,,,p=rohese;n=de clare;oc=3,,,,,,,,,,,,,Rohese_de_Clare_(1),,Clare-26,I00333201
Q124555,Q75384449,,,,,,,,,,,,,,,,,,,,,,,,,,,,,,,,,,,,,,,,,p10466.htm#i104657,,,Clare-275,
Q124557,Q76203075,,,,,,,,,,,,,,,,,,,,,,,,,,,,,,,,,,,,,,,,,p60129.htm#i601282,,,,
Q124559,Q24108,,,,,,,,,,,,,,,,,,,,,,,,,,,,,,,,,,,,,,,,,,Baderon_Monmouth_(1),,Monmouth-2,I00395227
Q124561,Q5561312,,,,,,,,,,,,,,,,,,,,,,,,,,,,,,,,,,,,,,,,,,Gilbert_de_Monmouth_(1),,,
Q124563,Q1245909,,,,,,,,,,,,,,,,,,,,,,,,,,,,,,,,,,,,,,,,,,Rohese_De_Monmouth_(2),,Monmouth-1,I00174521
Q124565,Q434657,,,,,,,,,,,,,,,,,,,,,,,,,,,674102,,,,,,,,,,,,,,p27438.htm#i274379,Aubrey_de_Vere_(7),,De_Vere-260,I00109438
Q124567,Q7359735,,,,,,,,,,,,,,,,,,,,,,,,,,,,,,,,,,,,,,,,,p15848.htm#i158480,Rohese_de_Vere_(1),,De_Vere-265,I00198393
Q124569,Q61911672,,,,,,,,,,,,,,,,,,,,,,,,,,,,,,,,,,,,,,,,,p27438.htm#i274378,,,De_Vere-311,I00165069
Q124573,Q76324619,,,,,,,,,,,,,,,,,,,,,,,,,,,,,,,,,,,,,,,,,p68957.htm#i689565,,,,
Q124575,Q76324616,,,,,,,,,,,,,,,,,,,,,,,,,,,,,,,,,,,,,,,,,p68957.htm#i689564,,,De_Vere-314,I00451623
Q124577,Q76324623,,,,,,,,,,,,,,,,,,,,,,,,,,,,,,,,,,,,,,,,,p68957.htm#i689567,,,De_Vere-295,I00139366
Q124581,Q75519875,,,,,,,,,,,,,,,,,,,,,,,,,,,,,p=jourdain;n=de marisco,,,,,,,,,,,,p19079.htm#i190782,,,,
Q124583,Q75789756,,,,,,,,,,,,,,,,,,,,,,,,,,,,,p=nesta;n=fitzgerald;oc=3,,,,,,,,,,,,p33518.htm#i335178,Nesta_Unknown_(3),,Fitz_Maurice_fitzGerald-3,
Q124585,Q116040064,,,,,,,,,,,,,,,,,,,,,,,,,,,,,,,,,,,,,,,,,,,,,I00561270
Q124587,Q2149605,,,,,,,,,,,,,,,,,,I5098,,,,,,,,,146571,,,,,,,,,,,,,,p15842.htm#i158415|p385.htm#i3850,Richard_Avranches_(1),,Avranches-2,I00121008
Q124589,Q61808589,,,,,,,,,,,,,,,,,,I5099,,,,,,,,,146573,,,,,,,,,,,,,,p10484.htm#i104833,Emma_De_Conteville_(1),,Conteville-5,I00121009
Q124591,Q76012371,,,,,,,,,,,,,,,,,,,,,,,,,,,,,,,,,,,,,,,,,p46659.htm#i466585,,,,
Q124593,Q76012372,,,,,,,,,,,,,,,,,,,,,,,,,,,,,,,,,,,,,,,,,p46659.htm#i466586,,,,
Q124595,Q76012376,,,,,,,,,,,,,,,,,,,,,,,,,,,,,,,,,,,,,,,,,p46659.htm#i466589,,,Avranches-29,
Q124599,Q116168631,,,,,,,,,,,,,,,,,,,,,,,,,,,,,,,,,,,,,,,,,,,,,I00622016
Q124601,Q76012370,,,,,,,,,,,,,,,,,,,,,,,,,,,,,,,,,,,,,,,,,p46659.htm#i466584,,,,
Q124603,Q75936127,,,,,,,,,,,,,,,,,,,,,,,,,,,1092786|135061,,p=yves;n=de beaumont sur oise,,,,,,,,,,,,p41396.htm#i413957,Yves_Sur-Oise_(1),,Beaumont-557,I00141416
Q124605,Q113468030,,,,,,,,,,,,,,,,,,,,,,,,,,,1092788,,p=adelaide;n=de gournay,,,,,,,,,,,,p73110.htm#i731098,Judith_Gournay_(1),,Gournay-21,
Q124607,Q113468195,,,,,,,,,,,,,,,,,,,,,,,,,,,,,p=mathilde;n=de chateaudun;oc=1,,,,,,,,,,,,,,,,I00666666
Q124609,Q110377950,,,,,,,,,,,,,,,,,,,,,,,,,,,951492|920528,,p=adele;n=de luzarches,,,,,,,,,,,,,Adele_De_Lusarches_(1),,,I00295962
Q124611,Q1692193,,,,,,,,,,,,,,,,,,,,,,,,,,,,,p=jean;n=de beaumont sur oise,,,,,,,,,,,,,,,,I00295529
Q124613,Q61272185,,,,,,,,,,,,,,,,,,,,,,,,,,,739613,,p=humbeline;n=de baudement,,,,,,,,,,,,p11999.htm#i119987|p11999.htm#i119988,Humbleline_Unknown_(1),,,I00452682
Q124615,Q287672,,,,,,,,,,,,,,,,,,I5593,,,,,,,,,341754,,p=erard;n=de brienne;oc=2,,,,,,,,,,,,p11993.htm#i119924,Erard_II_of_Brienne_(1),,Brienne-40,I00026640
Q124617,Q501392,,,,,,,,,,,,,,,,,,,,,,,,,,,553259,,p=andre;n=de brienne;oc=1,,,,,,,,,,,,p12000.htm#i119992,André_of_Brienne_(1),,,I00122049
Q124619,Q75402932,,,,,,,,,,,,,,,,,,,,,,,,,,,913802,,p=gui;n=de brienne,,,,,,,,,,,,p11999.htm#i119990,,,,
Q124621,Q75402934,,,,,,,,,,,,,,,,,,,,,,,,,,,913806,,p=jean;n=de brienne;oc=8,,,,,,,,,,,,p12000.htm#i119991,,,,
Q124623,Q75402986,,,,,,,,,,,,,,,,,,,,,,,,,,,913807,,p=marie;n=de brienne;oc=2,,,,,,,,,,,,p12003.htm#i120024,,,,
Q124625,Q75402984,,,,,,,,,,,,,,,,,,,,,,,,,,,,,,,,,,,,,,,,,p12003.htm#i120023,,,,
Q124627,Q22677910,,,,,,,,,,,,,,,,,,,,,,,,,,,1273889,,p=simon;n=de broyes;oc=1,,,,,,,,,,,,p11999.htm#i119983,Simon_De_Broyes_(1),,Broyes-5,I00028382
Q124629,Q106538883,,,,,,,,,,,,,,,,,,,,,,,,,,,500067,,p=simon;n=de broyes,,,,,,,,,,,,,,,Broyes-6,I00028385
Q124631,Q3142563,,,,,,,,,,,,,,,,,,,,,,,,,,,12937,,p=hugues;n=de broyes,,,,,,,,,,,,,Hugh_of_Broyes_(1)|Hugues_Broyes_(1),,Broyes-15,I00028383
Q124633,Q17122258,,,,,,,,,,,,,,,,,,,,,,,,,,,,,p=anseric;n=de montreal;oc=4,,,,,,,,,,,,,,,Montreal-6,I00559481
Q124635,Q110509677,,,,,,,,,,,,,,,,,,,,,,,,,,,,,p=andre;n=de montmirail,,,,,,,,,,,,,Andre_De_Montmirail_(1),,Montmirail-3,I00174682
Q124637,Q17123832,,,,,,,,,,,,,,,,,,,,,,,,,,,,,p=jean;n=d arcis,,,,,,,,,,,,,,,,
Q124639,Q17122259,,,,,,,,,,,,,,,,,,,,,,,,,,,1369615,,p=anseric;n=de montreal;oc=5,,,,,,,,,,,,,,,Montreal-5,
Q124641,Q116005762,,,,,,,,,,,,,,,,,,,,,,,,,,,,,p=helvis;n=de montreal,,,,,,,,,,,,,,,,I00559480
Q124643,Q96245261,,,,,,,,,,,,,,,,,,,,,,,,,,,11594,,p=agnes;n=de montreal;oc=3,,,,,,,,,,,,,Agnes_Dampierre_(1),,Dampierre-35,I00208123
Q124645,Q3570252,,,,,,,,,,,,,,,,,,,,,,,,,,,149962,,p=wedric;n=d avesnes;oc=1,,,,,,,,,,,,,Wederik_Van_Avesnes_(2),,Avesnes-87,
Q124647,Q3124389,,,,,,,,,,,,,,,,,,,,,,,,,,,,,p=gerard;n=d avesnes;oc=1,,,,,,,,,,,,,,,,
Q124649,Q107358891,,,,,,,,,,,,,,,,,,,,,,,,,,,134850,,p=ade;n=d avesnes;oc=1,,,,,,,,,,,,,Ade_d'Avesnes_(2),,Avesnes-85,I00120745
Q124651,Q105983216,,,,,,,,,,,,,,,,,,,,,,,,,,,,,,,,,,,,,,,,,,,,,I00313174
Q124653,Q105983210,,,,,,,,,,,,,,,,,,,,,,,,,,,,,,,,,,,,,,,,,,,,,I00139598
Q124654,Q116004985,,,,,,,,,,,,,,,,,,,,,,,,,,,,,,,,,,,,,,,,,,,,,I00027113
Q124656,Q96245289,,,,,,,,,,,,,,,,,,,,,,,,,,,705073|982413,,p=nicolas;n=de rumigny;oc=4,,,,,,,,,,,,,,,Rumigny-2,I00027417
Q124658,Q122210464,,,,,,,,,,,,,,,,,,,,,,,,,,,280678,,p=berthe;n=de gavre,,,,,,,,,,,,,Bertha_De_Gavre_(2),,Gavre-1,I00174883
Q124660,Q115634085,,,,,,,,,,,,,,,,,,,,,,,,,,,,,,,,,,,,,,,,,,,,Mons-19,I00313170
Q124662,Q110385622,,,,,,,,,,,,,,,,,,,,,,,,,,,,,,,,,,,,,,,,,,,,Mons-4,I00313169
Q124664,Q116005443,,,,,,,,,,,,,,,,,,,,,,,,,,,,,,,,,,,,,,,,,,,,,I00163339
Q124666,Q110520543,,,,,,,,,,,,,,,,,,,,,,,,,,,883568,,,,,,,,,,,,,,,,,Roye-55,I00461838
Q124668,Q110385588,,,,,,,,,,,,,,,,,,,,,,,,,,,,,,,,,,,,,,,,,,,,,I00111097
Q124670,Q809413,,,,,,,,,,,,,,,,,,,,,,,,,,,883491,,p=barthelemy;n=de roye,,,,,,,,,,,,,,,Roye-43,I00079557
Q124673,Q107364192,,,,,,,,,,,,,,,,,,,,,,,,,,,123289,,p=alix;n=de guise,,,,,,,,,,,,,Adèle_de_Guise_(1),,Guise-3,I00020644
Q124675,Q76322744,,,,,,,,,,,,,,,,,,,,,,,,,,,290043,,p=marie;n=de morlanwelz,,,,,,,,,,,,p68851.htm#i688505,Marie_Von_Morlanweiz_(1),,Morlanwelz-2,I00174881
Q124677,Q76322731,,,,,,,,,,,,,,,,,,,,,,,,,,,280676,,p=eustache;n=du roeulx;oc=2,,,,,,,,,,,,p68850.htm#i688498,Eustace_Sn_De_Rouex_(1),,Roeulx-5,I00174882
Q124679,Q111443315,,,,,,,,,,,,,,,,,,,,,,,,,,,,,p=ade;n=du roeulx,,,,,,,,,,,,,Ade_De_Hainaut_(1),,Roeulx-11,I00139589
Q124681,Q3340966,,,,,,,,,,,,,,,,,,,,,,,,,,,,,p=nicolas;n=du roeulx,,,,,,,,,,,,,,,,
Q124683,Q2087622,,,,,,,,,,,,,,,,,,,,,,,,,,,90475,,p=sophie;n=de verdun;oc=10,,,,,,,,,,,,,,,Verdun-39,
Q124685,Q23615837,,,,,,,,,,,,,,,,,,,,,,,,,,,123215,,p=louis;n=de chiny;oc=1,,,,,,,,,,,,,,,De_Chiny-3,I00141176
Q124687,Q2863404,,,,,,,,,,,,,,,,,,,,,,,,,,,,,,,,,,,,,,,,,,,,,
Q124689,Q113992388,,,,,,,,,,,,,,,,,,,,,,,,,,,,,p=alix;n=de chiny,,,,,,,,,,,,,,,,I00093383
Q124691,Q110537131,,,,,,,,,,,,,,,,,,,,,,,,,,,982819,,p=ide;n=de chiny,,,,,,,,,,,,,,,Chiny-15,I00028268
Q124693,Q2518586,,,,,,,,,,,,,,,,,,,,,,,,,,,8416,,p=hermann;n=van cuyck,,,,,,,,,,,,,Herman_II_van_Cuijk_(1),,Van_Cuijk-6,I00174647
Q124695,Q76233872,,,,,,,,,,,,,,,,,,,,,,,,,,,8419,,p=hendrick;n=van cuyck;oc=1,,,,,,,,,,,,p62479.htm#i624783,Hendrik_II_van_Cuijk_(1),,Cuijck-1,I00580821
Q124697,Q110536853,,,,,,,,,,,,,,,,,,,,,,,,,,,,,p=louis;n=de chiny;oc=2,,,,,,,,,,,,,,,Chiny-10,I00503560
Q124699,Q105805433,,,,,,,,,,,,,,,,,,,,,,,,,,,,,,,,,,,,,,,,,,,,,I00197140
Q124701,Q105769386,,,,,,,,,,,,,,,,,,,,,,,,,,,,,p=ebal;n=de+grandson;oc=1,,,,,,,,,,,,,,,Grandison-25,I00197143
Q124703,Q105805427,,,,,,,,,,,,,,,,,,,,,,,,,,,,,,,,,,,,,,,,,,,,,I00454559
Q124705,Q2536672,,,,,,,,,,,,,,,,,,,,,,,,,,,,,,,,,,,,,,,,,,,,,
Q124707,Q2536692,,,,,,,,,,,,,,,,,,,,,,,,,,,,,,,,,,,,,,,,,,,,,
Q124709,Q5860480,,,,,,,,,,,,,,,,,,,,,,,,,,,,,,,,,,,,,,,,,,,,,
Q124711,Q203996,,alvin-person:68424,,,,,,,,9737990,,,,,,,,,,,,,,,,,346191,,p=sancho;n=de portugal;oc=2,,,,,,,,,,,,p11431.htm#i114304,Sancho_II_of_Portugal_(1),,Of_Portugal-19,I00020563
Q124715,Q259116,,,,,,,,,,,,,,,,,,,,,,,,,,,920578,,p=leonor;n=de portugal,,,dw.5310,,,,,,,,,p10549.htm#i105481,Eleanor_of_Portugal_(1211–1231)_(1),,Of_Portugal-28,I00434057
Q124717,Q3068701,,,,,,,,,,,,,,,,,,,,,,,,,,,,,p=fernando;n=de portugal;oc=2,,,,,,,,,,,,p11431.htm#i114301,"Infante_Fernando,_Lord_of_Serpa_(1)",,,I00474672
Q124719,Q127600460,,,,,,,,,,,,,,,,,,,,,,,,,,,,,,,,,,,,,,,,,,,,,
Q124721,Q4822291,,,,,,,,,,,,,,,,,,,,,,,,,,,,,p=aurembiaix;n=de urgel,,,,,,,,,,,,p11430.htm#i114296,Arumbaix_De_Urgel_(1)|Aurembiaix_of_Urgell_(1),,Urgell-9,I00126923
Q124723,Q466311,,,,,,,,,,,,,,,,,,,,,,,,,,,335888|472927,,p=jeanne;n=de hainaut,,,,,,,,,,,,p11430.htm#i114299,Joan_de_Hainaut_(1),,Flandre-1,I00014206
Q124733,Q470199,,,,,,,,,,,,,,,,,,,,,,,,,,,590893,,p=sophie;n=de danemark,,,dw.451,,,,,,,,,p10548.htm#i105479,Sophie_Denmark_(1),,Valdemarsdottir-2,I00020577
Q124737,Q71996,,,,,,,,,,,,,,,,,,,,,,,,,,,,,,,,,,,,,,,,,,,,,
Q124741,Q11926635,,,,,,,,,,,,,,,,,,,,,,,,,,,,,p=constanza;n=de aragon;oc=5,,,,,,,,,,,,,Constança_d'Aragó_(1),,De_Aragón-56,I00549907
Q124743,Q11941105,,,,,,,,,,,,,,,,,,,,,,,,,,,,,,,,,,,,,,,,,,,,,
Q124745,Q123252860,,,,,,,,,,,,,,,,,,,,,,,,,,,,,p=sancha;n=de aragon;oc=1,,,,,,,,,,,,,,,Aragón-159,
Q124747,Q2375130,,,,,,,,LZ1V-VWM,,,,,,,,,,,,,,,,,,,260657,,p=garsinde;n=de sabran,,,sw.108691,,,,,,,,,p11328.htm#i113279,"Garsenda,_Countess_of_Forcalquier_(1)",,Sabran-1,I00027266
Q124749,Q381837,,,,,,,,,,,,,,,,,,I2650,,,,,,,,,11670,,p=raymond berenger;n=de provence;oc=5,,,sw.108692,,,,,,,,,p10253.htm#i102526,Raimund_Berenger_(1),,Provence-164,I00004071
Q124751,Q13578734,,,,,,,,,,,,,,,,,,,,,,,,,,,908994,,p=gersende;n=de provence,,,,,,,,,,,,,Garsenda_of_Provence_(1),,Provence-15,I00411063
Q124753,Q268622,,,,,,,,,,,,,,,,,,,,,,,,,,,632315,,p=jeanne;n=de toulouse,,,,,,,,,,,,p11361.htm#i113606,"Joan,_Countess_of_Toulouse_(1)",,Toulouse-10,I00013782
Q124755,Q451471,,,,,,,,,,,,,,,,,,,,,,,,,,,908989,,p=petronille;n=de bigorre,,,,,,,,,,,,,Petronilla_of_Comminges_(1),,Comminges-20,I00122147
Q124757,Q111457117,,,,,,,,,,,,,,,,,,,,,,,,,,,,,,,,,,,,,,,,,,,,,I00439166
Q124759,Q111457118,,,,,,,,,,,,,,,,,,,,,,,,,,,,,p=adelaida;n=de moncada,,,,,,,,,,,,,,,,I00439168
Q124761,Q9005288,,,,,,,,,,,,,,,,,,,,,,,,,,,,,p=hugo;n=de ampurias,,,,,,,,,,,,,,,,I00433839
Q124763,Q62118141,,,,,,,,,,,,,,,,,,,,,,,,,,,,,p=sibilla;n=n;oc=2,,,,,,,,,,,,,,,,
Q124765,Q3755650,,,,,,,,,,,,,,,,,,,,,,,,,,,908987,,p=guillaume raymond;n=de moncade;oc=4,,,,,,,,,,,,,William_I_of_Béarn_(1),,Montcada-2,I00417926
Q124767,Q2709344,,,,,,,,,,,,,,,,,,,,,,,,,,,908990,,p=guillaume;n=de bearn,,,,,,,,,,,,,William_of_Béarn_(1),,,I00417929
Q124769,Q2353034,,,,,,,,,,,,,,,,,,,,,,,,,,,908988,,p=gaston;n=de bearn;oc=8,,,,,,,,,,,,,Gaston_VI_of_Béarn_(1),,,I00417928
Q124771,Q3700776,,,,,,,,,,,,,,,,,,,,,,,,,,,1192361,,p=dadone;n=di pombia,,,,,,,,,,,,,"Dado,_Count_of_Pombia_(1)",,,
Q124773,Q75384629,,,,,,,,,,,,,,,,,,,,,,,,,,,,,p=muriel;n=de conteville;oc=1,,,,,,,,,,,,p10484.htm#i104834,Muriel_De_Conteville_(1),,,
Q124775,Q75384630,,,,,,,,,,,,,,,,,,,,,,,,,,,,,,,,,,,,,,,,,p10484.htm#i104835,,,,
Q124777,Q116177406,,,,,,,,,,,,,,,,,,,,,,,,,,,,,p=robert;n=de conteville,,,,,,,,,,,,,,,,I00573413
Q124779,Q30729440,,,,,,,,,,,,,,,,,,,,,,,,,,,1239520,,p=andre;n=de vitre;oc=1,,,,,,,,,,,,p15855.htm#i158543,Andre_Vitre_(1),,Vitré-13,I00124708
Q124781,Q30729453,,,,,,,,,,,,,,,,,,,,,,,,,,,1239516,,p=robert;n=de vitre,,,,,,,,,,,,,Robert_De_Vitre_(1),,Vitré-17,I00175566
Q124783,Q61896237,,,,,,,,,,,,,,,,,,,,,,,,,,,,,p=havise;n=de laval|p=hawise;n=de vitre,,,,,,,,,,,,p15855.htm#i158542,Hawise_De_Vitre_(1),,Vitré-14,I00139187
Q124789,Q75386685,,,,,,,,,,,,,,,,,,,,,,,,,,,1239433,,p=havoise;n=de mortemer,,,,,,,,,,,,p10670.htm#i106698,Hawise_de_Mortimer_(1),,Mortimer-346,I00315260
Q124791,Q6734309,,,,,,,,,,,,,,,,,,,,,,,,,,,,,p=steven etienne;n=d aumale,,,,,,,,,,,,,,,,I00427298
Q124793,Q16161071,,,,,,,,,,,,,,,,,,,,,,,,,,,1381557,,p=agnes;n=d aumale,,,,,,,,,,,,,,,Aumale-5,I00322457
Q124795,Q1378004,,,,,,,,,,,,,,,,,,,,,,,,,,,,,p=guillaume;n=d aumale,,,,,,,,,,,,p10773.htm#i107729,"William_le_Gros,_1st_Earl_of_Albemarle_(1)",,Aumale-25,I00076189
Q124797,Q116005218,,,,,,,,,,,,,,,,,,,,,,,,,,,,,p=adelise;n=d+aumale;,,,,,,,,,,,,,,,,I00647120
Q124799,Q76346692,,,,,,,,,,,,,,,,,,,,,,,,,,,1084754,,p=sichelgaite;n=de molise,,,,,,,,,,,,p70419.htm#i704183,,,,
Q124801,Q1188567,,,,,,,,,,,,,,,,,,,,,,,,,,,1084751,,p=tancrede;n=de conversano,,,,,,,,,,,,,Tancred_of_Conversano_(1),,,
Q124803,Q75382427,,,,,,,,,,,,,,,,,,,,,,,,,,,,,p=agnes;n=de sully,,,,,,,,,,,,p10251.htm#i102504,Agnes_Chartres_(1),,Sully-4,I00046836
Q124805,Q6600836,,,,,,,,,,,,,,,,,,,,,,,,,,,,,p=henri;n=de sully,,,,,,,,,,,,,Henri_de_Sully_(1),,,I00330943
Q124807,Q75384562,,,,,,,,,,,,,,,,,,,,,,,,,,,259098,,p=marguerite;n=de sully,,,,,,,,,,,,p10476.htm#i104755,Marguerite_de_Sully_(1),,Sully-294,I00199041
Q124809,Q107293401,,,,,,,,,,,,,,,,,,,,,,,,,,,,,p=eudes archambaud;n=de sully;oc=3,,,,,,,,,,,,,Eudes_de_Sully_(1),,Sully-171,I00046843
Q124813,Q301217,,,,,,,,,,,,,,,,,,,,,,,,,,,11806,,p=etienne;n=de blois;oc=3,,,,,,,,,,,,p10490.htm#i104892,Stephen_I_of_Sancerre_(1),,Blois-164,I00164584
Q124815,Q12898618,,,,,,,,,,,,,,,,,,,,,,,,,,,11800,,p=agnes;n=de champagne,,,,,,,,,,,,p50721.htm#i507210,Agnes_de_Blois_(2),,Blois-160,I00020149
Q124817,Q76130640,,,,,,,,,,,,,,,,,,,,,,,,,,,909074,,p=marguerite;n=de blois;oc=6,,,,,,,,,,,,p55235.htm#i552341,Marguerite_de_Blois_(1),,,I00330773
Q124819,Q229592,,,,,,,,,,8379146,,,,,,,,I2391,,,,,,,,,12203,,p=mathilde;n=de boulogne,,,sw.212010,,,,,,,,,p10204.htm#i102040,Matilda_of_Boulogne_(1),,Boulogne-5,I00012368
Q124821,Q447522,,,,,,,,,,,,,,,,,,,,,,,,,,,12207,,p=eustache;n=de blois;oc=4,,,,,,,,,,,,p10205.htm#i102042,"Eustace_IV,_Count_of_Boulogne_(1)",,Blois-18,I00106024
Q124825,Q456846,,,,,,,,,,,,,,,,,,I2588,,,,,,,,,12206,,p=william;n=de blois,,,,,,,,,,,,p10205.htm#i102044,"William_I,_Count_of_Boulogne_(1)",,Blois-24,I00015371
Q124826,Q5553502,,,,,,,,,,,,,,,,,,,,,,,,,,,,,p=gervase;n=de blois,,,,,,,,,,,,p10488.htm#i104872,,,UNKNOWN-136992,
Q124829,Q75386762,,,,,,,,,,,,,,,,,,,,,,,,,,,12205,,p=guillaume;n=de blois,,,,,,,,,,,,p10678.htm#i106776,,,,
Q124831,Q75386763,,,,,,,,,,,,,,,,,,,,,,,,,,,1239481,,p=sybille;n=de champagne,,,,,,,,,,,,p10678.htm#i106777,Unknown_(1364),,Blois-93,I00351916
Q124833,Q75386759,,,,,,,,,,,,,,,,,,,,,,,,,,,,,,,,,,,,,,,,,p10678.htm#i106774,,,,
Q124835,Q75386760,,,,,,,,,,,,,,,,,,,,,,,,,,,,,,,,,,,,,,,,,p10678.htm#i106775,,,,
Q124837,Q75382118,,,,,,,,,,,,,,,,,,,,,,,,,,,,,,,,,,,,,,,,,p10205.htm#i102041,Baldwin_Unknown_(7),,England-1004,I00293972
Q124839,Q75382120,,,,,,,,,,,,,,,,,,,,,,,,,,,951489,,p=mathilde;n=de blois,,,,,,,,,,,,p10205.htm#i102043,Matilda_de_Blois_(1),,Blois-13,I00293971
Q124841,Q1608862,,,,,,,,,,,,,,,,,,,,,,,,,,,,,p=milon;n=de troyes,,,,,,,,,,,,p10488.htm#i104875,Milo_II_of_Montlhéry_(1),,Troyes-14,I00046842
Q124843,Q1635254,,,,,,,,,,,,,,,,,,,,,,,,,,,,,p=hugues;n=du puiset;oc=2,,,,,,,,,,,,p10675.htm#i106746,Hugues_du_Puiset_(1),,Puiset-4,I00199411
Q124845,Q965843,,,,,,,,,,,,,,,,,,,,,,,,,,,,,p=hugues;n=du puiset;oc=6,,,,,,,,,,,,p66332.htm#i663313,Hugh_de_Puiset_(1),,,I00330968
Q124847,Q112633525,,,,,,,,,,,,,,,,,,,,,,,,,,,,,p=evrard;n=du puiset;oc=1,,,,,,,,,,,,,,,,I00199413
Q124849,Q112633522,,,,,,,,,,,,,,,,,,,,,,,,,,,,,p=bouchard;n=du puiset,,,,,,,,,,,,,,,,I00330965
Q124851,Q717276,,,,,,,,L8MB-PBW,,,,,,,,,,I3088,,,,,,,,,259105,,p=william;n=d aubigny;oc=1,,,,,,,,,,,,p10225.htm#i102250,William_d'Aubigny_(58),,Aubigny-41,I00015435
Q124854,Q75384527,,,,,,,,,,,,,,,,,,,,,,,,,,,,,,,,,,,,,,,,,p10473.htm#i104724,,,,
Q124856,Q75384528,,,,,,,,,,,,,,,,,,,,,,,,,,,,,,,,,,,,,,,,,p10473.htm#i104725,,,,
Q124858,Q75384529,,,,,,,,,,,,,,,,,,,,,,,,,,,,,,,,,,,,,,,,,p10473.htm#i104726,,,,
Q124860,Q75384532,,,,,,,,,,,,,,,,,,,,,,,,,,,,,,,,,,,,,,,,,p10473.htm#i104728,,,,
Q124862,Q75384534,,,,,,,,,,,,,,,,,,,,,,,,,,,,,,,,,,,,,,,,,p10473.htm#i104729,,,,
Q124864,Q75384531,,,,,,,,,,,,,,,,,,I3091,,,,,,,,,259104,,p=alice;n=d aubigny,,,,,,,,,,,,p10473.htm#i104727,Alice_de_Albini_(1),,Aubigny-11,I00199037
Q124866,Q75386712,,,,,,,,,,,,,,,,,,,,,,,,,,,,,,,,,,,,,,,,,p10673.htm#i106728,,,De_Seacourt-1,
Q124868,Q75384513,,,,,,,,,,,,,,,,,,,,,,,,,,,,,,,,,,,,,,,,,p10472.htm#i104712,,,Corbet-12,I00002899
Q124870,Q101167268,,,,,,,,,,,,,,,,,,,,,,,,,,,,,,,,,,,,,,,,,,,,,I00002900
Q124872,Q75386709,,,,,,,,,,,,,,,,,,,,,,,,,,,,,,,,,,,,,,,,,p10673.htm#i106725,,,FitzHerbert-80,I00284742
Q124874,Q101167237,,,,,,,,,,,,,,,,,,,,,,,,,,,,,,,,,,,,,,,,,,,,FitzHerbert-82,I00284743
Q124878,Q75384471,,,,,,,,,,,,,,,,,,,,,,,,,,,,,,,,,,,,,,,,,p10468.htm#i104671,,,,
Q124880,Q75384472,,,,,,,,,,,,,,,,,,,,,,,,,,,,,,,,,,,,,,,,,p10468.htm#i104672,,,,
Q124882,Q110315134,,,,,,,,,,,,,,,,,,,,,,,,,,,,,,,,,,,,,,,,,,,,,I00424610
Q124884,Q3442302,,,,,,,,,,,,,,,,,,,,,,,,,,,392758,,p=roscelin;n=de beaumont sur sarthe,,,,,,,,,,,,p10472.htm#i104711,Roselin_Beaumont_(1),,Beaumont-593,I00139652
Q124886,Q3430899,,,,,,,,,,,,,,,,,,I4777,,,,,,,,,392761,,,,,,,,,,,,,,p46548.htm#i465472,,,Beaumont-594,I00139650
Q124888,Q3419302,,,,,,,,,,,,,,,,,,,,,,,,,,,,,p=raoul;n=de+beaumont+sur+sarthe;oc=2,,,,,,,,,,,,p46548.htm#i465473,,,,
Q124890,Q76010813,,,,,,,,,,,,,,,,,,,,,,,,,,,,,p=guillaume;n=de beaumont sur sarthe;oc=1,,,,,,,,,,,,p46548.htm#i465474,,,,
Q124892,Q76010815,,,,,,,,,,,,,,,,,,,,,,,,,,,,,,,,,,,,,,,,,p46548.htm#i465475,,,,
Q124896,Q7878022,,,,,,,,,,,,,,,,,,,,,,,,,,,109456,,p=uchtred;n=of galloway,,,,,,,,,,,,p456.htm#i4554,Uhtred_of_Galloway_(1),,Galloway-18,I00106715
Q124898,Q75386721,,,,,,,,,,,,,,,,,,,,,,,,,,,,,,,,,,,,,,,,,p10675.htm#i106743,,,,
Q124900,Q75384498,,,,,,,,,,,,,,,,,,,,,,,,,,,,,p=henri;n=de la pommeraye,,,,,,,,,,,,p10470.htm#i104693,,,,I00005931
Q124902,Q75384499,,,,,,,,,,,,,,,,,,,,,,,,,,,,,,,,,,,,,,,,,p10470.htm#i104694,,,,
Q124904,Q75384501,,,,,,,,,,,,,,,,,,,,,,,,,,,,,,,,,,,,,,,,,p10470.htm#i104695,,,,
Q124906,Q75582015,,,,,,,,,,,,,,,,,,,,,,,,,,,,,,,,,,,,,,,,,p22531.htm#i225306,,,,I00424603
Q124908,Q75290285,,,,,,,,,,,,,,,,,,,,,,,,,,,,,p=grace;n=de tracy,,,,,,,,,,,,p4167.htm#i41664,Grace_De_Tracy_(2),,Tracy-569,I00570502
Q124910,Q3419286,,,,,,,,,,,,,,,,,,,,,,,,,,,516483,,,,,,,,,,,,,,p359.htm#i3586,,,Beaumont-595,I00139648
Q124912,Q3120277,,,,,,,,,,,,,,,,,,,,,,,,,,,,,,,,,,,,,,,,,p46549.htm#i465481,,,,I00330893
Q124914,Q2569718,,,,,,,,GKCN-JYS,,,,,,,,,,I4776,,,,,,,,,111189,,p=ermengarde;n=de beaumont sur sarthe,,,,,,,,,,,,p10471.htm#i104709,Ermengarde_de_Beaumont_(1),,Beaumont-163,I00002869
Q124916,Q2994819,,,,,,,,,,,,,,,,,,,,,,,,,,,314382,,p=constance;n=de beaumont sur sarthe,,,,,,,,,,,,p46548.htm#i465476,Constance_De_Beaumont_(3),,Beaumont-577,I00177601
Q124918,Q76010819,,,,,,,,,,,,,,,,,,,,,,,,,,,,,,,,,,,,,,,,,p46548.htm#i465479,,,,
Q124920,Q76010820,,,,,,,,,,,,,,,,,,,,,,,,,,,,,,,,,,,,,,,,,p46548.htm#i465480,,,,
Q124922,Q108291713,,,,,,,,,,,,,,,,,,,,,,,,,,,590062,,p=perronnelle;n=de beaumont sur sarthe,,,,,,,,,,,,,,,Beaumont-2824,I00296678
Q124924,Q117304534,,,,,,,,,,,,,,,,,,,,,,,,,,,,,p=guillaume;n=gouet;oc=1,,,,,,,,,,,,,Guillaume_Goët_(1),,William-107,I00197095
Q124926,Q111094707,,,,,,,,,,,,,,,,,,,,,,,,,,,1272384,,p=etienne;n=de thiers;oc=2,,,,,,,,,,,,,,,Thiern-5|Thiers-7,
Q124928,Q110603091,,,,,,,,,,,,,,,,,,,,,,,,,,,,,p=ne;n=n;oc=9892,,,,,,,,,,,,,,,,I00106079
Q124930,Q2361511,,,,,,,,,,,,,,,,,,,,,,,,,,,928646,,p=guillaume;n=de thiers;oc=5,,,,,,,,,,,,,,,Thiern-4,I00106080
Q124932,Q76034562,,,,,,,,,,,,,,,,,,,,,,,,,,,382701,,p=guy;n=de thiers;oc=3,,,,,,,,,,,,p48339.htm#i483384,Guy_Unknown_(17),,De_Thiern-2,I00027379
Q124934,Q111095279,,,,,,,,,,,,,,,,,,,,,,,,,,,,,p=guy;n=de thiers;oc=4,,,,,,,,,,,,,,,De_Thiern-12,
Q124936,Q305795,,,,,,,,,,,,,,,,,,,,,,,,,,,81226,,,,,,,,,,,,,,,Abu_al-Qasim_Muhammad_ibn_Abbad_(1),,Abbadid-1,
Q124938,Q2525049,,,,,,,,,,,,,,,,,,,,,,,,,,,467376,,p=ottone;n=degli aleramici,,,,,,,,,,,,,"Otto_II,_Marquess_of_Montferrat_(1)",,Montferrat-14,I00550347
Q124940,Q61638531,,,,,,,,,,,,,,,,,,,,,,,,,,,,,,,,,,,,,,,,,,,,,
Q124942,Q2929516,,,,,,,,,,,,,,,,,,,,,,,,,,,12851,,p=beatrice;n=de bourgogne;oc=2,,,sw.129366,,,,,,,,,p375.htm#i3749,Beatrix_De_Vienne_(1),,Vienne-3,I00027395
Q124944,Q548051,,,,,,,,,,,,,,,,,,,,,,,,,,,11671,,p=thomas;n=de savoie;oc=1,,,sw.108698,,,,,,,,,p10684.htm#i106835,"Thomas_I,_Count_of_Savoy_(1)",,Savoie-668,I00027292
Q124946,Q1636820,,,,,,,,,,,,,,,,,,,,,,,,,,,12971,,p=humbert;n=de beaujeu;oc=3,,,,,,,,,,,,,,,Beaujeu-7,I00027375
Q124948,Q1636823,,,,,,,,,,,,,,,,,,,,,,,,,,,1271871,,p=humbert;n=de beaujeu;oc=4,,,,,,,,,,,,,Humbert_Unknown_(2),,Beaujeu-3,I00027377
Q124950,Q110900002,,,,,,,,,,,,,,,,,,,,,,,,,,,,,,,,,,,,,,,,,,,,,I00027385
Q124952,Q2400853,,,,,,,,,,,,,,,,,,,,,,,,,,,11672,,p=guillaume;n=de geneve;oc=1,,,,,,,,,,,,p194.htm#i1931,Guillaume_Ier_de_Genève_(1),,Genève-10,I00030571
Q124954,Q2681112,,,,,,,,,,,,,,,,,,,,,,,,,,,471615,,,,,,,,,,,,,,,,,,
Q124958,Q44280629,,,,,,,,,,,,,,,,,,,,,,,,,,,,,p=isabelle;n=capetiens;oc=4,,,,,,,,,,,,,Isabelle_de_France_(1),,Capet-601,I00386341
Q124964,Q574815,,,,,,,,,,,,,,,,,,,,,,,,,,,473387,,p=philippe;n=de dreux,,,,,,,,,,,,,Philippe_De_Dreux_(1),,Dreux-140,
Q124966,Q3132260,,,,,,,,,,,,,,,,,,,,,,,,,,,922288,,p=henri;n=de dreux;oc=1,,,,,,,,,,,,,Henri_De_Dreux_(1),,Dreux-72,I00547250
Q124968,Q2837274,,,,,,,,,,,,,,,,,,,,,,,,,,,12912,,p=alice;n=de dreux;oc=2,,,,,,,,,,,,p450.htm#i4498,Alix_de_Dreux_(1),,Dreux-26,I00028230
Q124970,Q75327208,,,,,,,,,,,,,,,,,,,,,,,,,,,,,,,,,,,,,,,,,p6554.htm#i65535,Anne_De_Dreux_(1),,Dreux-52,I00038514
Q124972,Q106764111,,,,,,,,,,,,,,,,,,,,,,,,,,,12957|922289,,p=isabelle;n=de dreux;oc=5,,,,,,,,,,,,,Isabelle_De_Dreux_(1),,Dreux-51,I00164485
Q124974,Q3587931,,,,,,,,,,,,,,,,,,,,,,,,,,,12895,,p=elisabeth;n=de courtenay,,,sw.214286,,,,,,,,,p11360.htm#i113593,Elisabeth_de_Courtenay_(2),,Courtenay-679,I00013800
Q124980,Q645953,,,,,,,,,,,,,,,,,,,,,,,,,,,464163,,p=robert;n=de courtenay;oc=11,,,,,,,,,,,,p24826.htm#i248257,Robert_De_Courtenay_(3),,Courtenay-687,I00013815
Q124982,Q75320240,,,,,,,,,,,,,,,,,,,,,,,,,,,632563|697410,,p=eustachie;n=de courtenay,,,,,,,,,,,,p6086.htm#i60854,Eustachia_De_Courtenay_(1),,Courtenay-682,I00197617
Q124984,Q75617655,,,,,,,,,,,,,,,,,,,,,,,,,,,632577,,p=guillaume;n=de tanlay;oc=33,,,,,,,,,,,,p24827.htm#i248270,Guillaume_De_Courtenay_(1),,Courtenay-650,I00220778
Q124986,Q75617656,,,,,,,,,,,,,,,,,,,,,,,,,,,,,,,,,,,,,,,,,p24828.htm#i248271,Jean_De_Courtenay_(1),,,
Q124988,Q104421668,,,,,,,,,,,,,,,,,,,,,,,,,,,632568,,p=clemence;n=de courtenay,,,,,,,,,,,,,Clementia_De_Courtenay_(1),,Courtenay-686,I00220774
Q124990,Q104421973,,,,,,,,,,,,,,,,,,,,,,,,,,,632570,,,,,,,,,,,,,,,Philippe_De_Courtenay_(1),,,I00220777
Q124992,Q101499887,,,,,,,,,,,,,,,,,,,,,,,,,,,632573,,p=constance;n=de courtenay;oc=3,,,,,,,,,,,,,Constance_De_Courtenay_(1),,Courtenay-683,I00197605
Q124994,Q104422134,,,,,,,,,,,,,,,,,,,,,,,,,,,632571,,p=isabelle;n=de courtenay;oc=1,,,,,,,,,,,,,Daughter_Courtenay_(2),,Courtenay-685,I00220772
Q124996,Q108323095,,,,,,,,,,,,,,,,,,,,,,,,,,,909623,,p=luce;n=de nevers,,,,,,,,,,,,,Adeline_De_Nevers_(1),,Nevers-187,I00065936
Q124998,Q448433,,,,,,,,,,,,,,,,,,,,,,,,,,,11482,,p=mathilde;n=de bourbon,,,,,,,,,,,,p369.htm#i3689,Mathilde_de_Bourbon_(1),,Bourbon-48,I00048746
Q125000,Q3051920,,,,,,,,,,,,,,,,,,,,,,,,,,,,,p=elzear;n=d uzes;oc=1,,,,,,,,,,,,,,,Uzes-8,I00196906
Q125002,Q116006286,,,,,,,,,,,,,,,,,,,,,,,,,,,,,p=roscie;n=n,,,,,,,,,,,,,,,,I00196902
Q125004,Q3421110,,,,,,,,,,,,,,,,,,,,,,,,,,,,,p=raymond rascas;n=d uzes,,,,,,,,,,,,,,,,I00197007
Q125006,Q116006291,,,,,,,,,,,,,,,,,,,,,,,,,,,,,p=elzear;n=de posquieres,,,,,,,,,,,,,,,,I00196899
Q125008,Q19629232,,,,,,,,,,,,,,,,,,,,,,,,,,,,,p=guillem;n=d uzes,,,,,,,,,,,,,,,,
Q125010,Q75241535,,,,,,,,,,,,,,,,,,,,,,,,,,,,,p=rainon;n=de posquieres,,,,,,,,,,,,p376.htm#i3758,"Rainon_,_Seigneur_d´Uzès_(1)",,Cailar-4,I00120699
Q125012,Q61865646,,,,,,,,GCQF-8BS,,,,,,,,,,,,,,,,,,,575495,,p=roscie;n=de posquieres,,,,,,,,,,,,p376.htm#i3757,Rosine_De_Uzes_(1),,Uzes-9,I00120698
Q125014,Q123246463,,,,,,,,,,,,,,,,,,,,,,,,,,,,,,,,,,,,,,,,,,,,,
Q125016,Q123246864,,,,,,,,,,,,,,,,,,,,,,,,,,,,,p=rostaing;n=de posquieres;oc=3,,,,,,,,,,,,,Rostaing_de_Posquières_(1),,,
Q125018,Q4877223,,,,,,,,,,,,,,,,,,,,,,,,,,,248215,,p=beatrix;n=trencavel,,,,,,,,,,,,p10676.htm#i106751,Beatrix_de_Béziers_(1),,Trencavel-6,I00174556
Q125020,Q12899688,,,,,,,,,,,,,,,,,,,,,,,,,,,634822,,p=beatrice;n=komnena;oc=6,,,,,,,,,,,,p10676.htm#i106752,,,,I00291161
Q125022,Q428549,,,,,,,,,,,,,,,,,,,,,,,,,,,248211,,p=roger;n=trencavel;oc=1,,,,,,,,,,,,p10676.htm#i106756,Roger_II_Trencavel_(1),,Trencavel-18,
Q125024,Q766941,,,,,,,,,,,,,,,,,,,,,,,,,,,477845,,p=bernard;n=de comminges;oc=3,,,,,,,,,,,,,,,Comminges-12,I00269281
Q125026,Q110509602,,,,,,,,,,,,,,,,,,,,,,,,,,,,,p=diaz;n=de muret,,,,,,,,,,,,,,,Samatan-2,I00269282
Q125028,Q1948603,,,,,,,,,,,,,,,,,,,,,,,,,,,1088030,,p=bernard;n=de comminges;oc=9,,,,,,,,,,,,,,,Comminges-13,
Q125030,Q48532577,,,,,,,,,,,,,,,,,,,,,,,,,,,1088036,,p=bernarde;n=de comminges,,,,,,,,,,,,,,,Comminges-25,
Q125032,Q3623555,,,,,,,,,,,,,,,,,,,,,,,,,,,,,,,,,,,,,,,,,,,,,
Q125034,Q112846519,,,,,,,,,,,,,,,,,,,,,,,,,,,,,p=comtors;n=de la barthe;oc=1,,,,,,,,,,,,,,,Barthe-14,I00122150
Q125036,Q3340334,,,,,,,,,,,,,,,,,,,,,,,,,,,1088032,,p=bernard;n=de comminges;oc=5,,,,,,,,,,,,,Bernard_de_Comminges_(1)|Bernard_de_Comminges_(5),,Comminges-15,I00126928
Q125038,Q101569205,,,,,,,,,,,,,,,,,,,,,,,,,,,,,p=arnaud roger;n=de comminges;oc=2,,,,,,,,,,,,,,,,I00515049
Q125040,Q112861698,,,,,,,,,,,,,,,,,,,,,,,,,,,,,p=petronille;n=de comminges,,,,,,,,,,,,,,,,I00515048
Q125042,Q16673078,,,,,,,,,,,,,,,,,,,,,,,,,,,1239183,,p=roger;n=de comminges;oc=22,,,,,,,,,,,,,Roger_de_Couserans_(2),,,I00269296
Q125044,Q110302148,,,,,,,,,,,,,,,,,,,,,,,,,,,,,,,,,,,,,,,,,,,,,I00576112
Q125046,Q110302149,,,,,,,,,,,,,,,,,,,,,,,,,,,,,,,,,,,,,,,,,,,,,I00623441
Q125048,Q110302204,,,,,,,,,,,,,,,,,,,,,,,,,,,,,,,,,,,,,,,,,,,,Osorio-13,I00514457
Q125050,Q3394919,,,,,,,,,,,,,,,,,,,,,,,,,,,839388,,,,,,,,,,,,,,,Conde_Vermudez_(1),,Veremundez-1,I00552051
Q125052,Q59348896,,,,,,,,,,,,,,,,,,,,,,,,,,,839391,,,,,,,,,,,,,,,,,Faro-1,I00552052
Q125054,Q7401326,,,,,,,,,,,,,,,,,,,,,,,,,,,839393,,,,,,,,,,,,,,,,,,
Q125056,Q61061786,,,,,,,,,,,,,,,,,,,,,,,,,,,,,,,,,,,,,,,,,,,,,
Q125058,Q31280858,,,,,,,,,,,,,,,,,,,,,,,,,,,,,,,,,,,,,,,,,,,,,
Q125060,Q61061897,,,,,,,,,,,,,,,,,,,,,,,,,,,,,,,,,,,,,,,,,,,,,
Q125062,Q125491293,,,,,,,,,,,,,,,,,,,,,,,,,,,,,,,,,,,,,,,,,,,,,
Q125064,Q125491300,,,,,,,,,,,,,,,,,,,,,,,,,,,,,,,,,,,,,,,,,,,,,
Q125066,Q116562198,,,,,,,,,,,,,,,,,,,,,,,,,,,839409,,,,,,,,,,,,,,,,,,
Q125068,Q125521222,,,,,,,,,,,,,,,,,,,,,,,,,,,,,,,,,,,,,,,,,,,,,
Q125070,Q24969715,,,,,,,,,,,,,,,,,,,,,,,,,,,,,,,,,,,,,,,,,,,,Arias-112,I00552053
Q125072,Q111457166,,,,,,,,,,,,,,,,,,,,,,,,,,,,,,,,,,,,,,,,,,,,,I00552054
Q125074,Q57173650,,,,,,,,,,,,,,,,,,,,,,,,,,,,,,,,,,,,,,,,,,,,,
Q125076,Q57173644,,,,,,,,,,,,,,,,,,,,,,,,,,,,,,,,,,,,,,,,,,,,,
Q125078,Q110521917,,,,,,,,,,,,,,,,,,,,,,,,,,,,,,,,,,,,,,,,,,,,,I00110953
Q125080,Q30933664,,,,,,,,,,,,,,,,,,,,,,,,,,,,,,,,,,,,,,,,,,,,,I00639163
Q125082,Q116004464,,,,,,,,,,,,,,,,,,,,,,,,,,,,,,,,,,,,,,,,,,,,,I00518187
Q125084,Q48866457,,,,,,,,,,,,,,,,,,,,,,,,,,,,,,,,,,,,,,,,,,,,,
Q125086,Q56703576,,,,,,,,,,,,,,,,,,,,,,,,,,,,,,,,,,,,,,,,,,,,,
Q125088,Q10281616,,,,,,,,,,,,,,,,,,,,,,,,,,,46893,,p=ferdinandus menendez;n=de bragancaos,,,,,,,,,,,,,Fernao_Mendes-de-Antas_(1),,,
Q125090,Q10271010,,,,,,,,,,,,,,,,,,,,,,,,,,,,,,,,,,,,,,,,,,,,,
Q125092,Q57169136,,,,,,,,,,,,,,,,,,,,,,,,,,,,,,,,,,,,,,,,,,,,,
Q125094,Q117797099,,,,,,,,,,,,,,,,,,,,,,,,,,,,,,,,,,,,,,,,,,,,,I00435134
Q125096,Q110523401,,,,,,,,,,,,,,,,,,,,,,,,,,,,,,,,,,,,,,,,,,,,,I00435124
Q125098,Q10290564,,,,,,,,,,,,,,,,,,,,,,,,,,,,,,,,,,,,,,,,,,,,,
Q125100,Q58185239,,,,,,,,,,,,,,,,,,,,,,,,,,,,,,,,,,,,,,,,,,,,,
Q125102,Q58185258,,,,,,,,,,,,,,,,,,,,,,,,,,,,,,,,,,,,,,,,,,,,,
Q125104,Q58185606,,,,,,,,,,,,,,,,,,,,,,,,,,,,,,,,,,,,,,,,,,,,,
Q125106,Q9587147,,,,,,,,,,,,,,,,,,,,,,,,,,,,,,,,,,,,,,,,,,,,,
Q125108,Q56351915,,,,,,,,,,,,,,,,,,,,,,,,,,,,,,,,,,,,,,,,,,,,,
Q125110,Q56352001,,,,,,,,,,,,,,,,,,,,,,,,,,,,,,,,,,,,,,,,,,,,,
Q125112,Q56703655,,,,,,,,,,,,,,,,,,,,,,,,,,,,,,,,,,,,,,,,,,,,,
Q125114,Q58039473,,,,,,,,,,,,,,,,,,,,,,,,,,,,,,,,,,,,,,,,,,,,,
Q125116,Q117797460,,,,,,,,,,,,,,,,,,,,,,,,,,,,,,,,,,,,,,,,,,,,,
Q125118,Q457667,,,,,,,,,,87172716,,,,,,,,I3060,,,,,,,,,11786,,p=berenguela;n=de castilla;oc=1,,,,,,,,,,,,p4190.htm#i41898,Berenguela_of_León_(1),,Bourgogne-244,I00026634
Q125122,Q2468428,,,,,,,,,,,,,,,,,,,,,,,,,,,11787,,,,,,,,,,,,,,p11342.htm#i113415,Alfonso_of_Molina_(1),,Bourgogne-246,I00110950
Q125124,Q7159434,,,,,,,,,,,,,,,,,,,,,,,,,,,750604,,,,,,,,,,,,,,,,,,
Q125126,Q9029756,,,,,,,,,,,,,,,,,,,,,,,,,,,,,,,,,,,,,,,,,,Martin_Leon_(1),,Alfonso_de_León-3,
Q125128,Q5973395,,,,,,,,,,,,,,,,,,,,,,,,,,,,,,,,,,,,,,,,,p4197.htm#i41963,,,,
Q125130,Q5784547,,,,,,,,,,,,,,,,,,,,,,,,,,,,,,,,,,,,,,,,,p4197.htm#i41962,,,Leon_and_Castile-1,I00392477
Q125132,Q5859143,,,,,,,,,,,,,,,,,,,,,,,,,,,,,,,,,,,,,,,,,,,,,
Q125134,Q6119811,,,,,,,,,,,,,,,,,,,,,,,,,,,,,,,,,,,,,,,,,,,,DeLeon-19,
Q125136,Q6158064,,,,,,,,,,,,,,,,,,,,,,,,,,,706771,,,,,,,,,,,,,,,,,,I00515079
Q125138,Q17318222,,,,,,,,,,,,,,,,,,,,,,,,,,,,,,,,,,,,,,,,,,,,Meneses-13,I00461581
Q125140,Q16142768,,,,,,,,,,,,,,,,,,,,,,,,,,,,,,,,,,,,,,,,,,,,De_Menezes-4,
Q125142,Q10326032,,,,,,,,,,,,,,,,,,,,,,,,,,,,,,,,,,,,,,,,,,,,,
Q125144,Q57167677,,,,,,,,,,,,,,,,,,,,,,,,,,,,,p=maria aires;n=de fornelos,,,,,,,,,,,,,,,Aires_de_Fornelos-1,I00299913
Q125146,Q6142563,,,,,,,,,,,,,,,,,,,,,,,,,,,1272668,,,,,,,,,,,,,,,Teresa_Gil-de-Soverosa_(1),,Gil_de_Soverosa-1,I00033512
Q125148,Q17318288,,,,,,,,,,,,,,,,,,,,,,,,,,,,,,,,,,,,,,,,,,,,,
Q125150,Q96409757,,,,,,,,,,,,,,,,,,,,,,,,,,,634820,,p=thierry;n=d alsace,,,,,,,,,,,,,,,,I00291163
Q125152,Q2319070,,,,,,,,,,,,,,,,,,,,,,,,,,,130047,,p=andre;n=de bourgogne,,,,,,,,,,,,p453.htm#i4530,Andre_De_Burgundy_(1)|Guigues_VI_of_Viennois_(1),,Bourgogne-198,I00027087
Q125156,Q1703501,,,,,,,,,,,,,,,,,,,,,,,,,,,11561,,p=alix;n=de vergy,,,,,,,,,,,,p372.htm#i3715,Alice_Of_Vergy_(1),,Vergy-5,I00020176
Q125158,Q536174,,,,,,,,,,,,,,,,,,I3136,,,,,,,,,11564,,p=hugues;n=de bourgogne;oc=4,,,dw.8147,,,,,,,,,p10118.htm#i101175,"Hugh_IV,_Duke_of_Burgundy_(1)",,Bourgogne-177,I00005057
Q125160,Q106820655,,,,,,,,,,,,,,,,,,,,,,,,,,,11562,,p=jeanne;n=de bourgogne;oc=19,,,,,,,,,,,,,Jeanne_de_Bourgogne_(1),,Bourgogne-176,I00064498
Q125162,Q10271003,,,,,,,,,,,,,,,,,,,,,,,,,,,,,,,,,,,,,,,,,,,,,
Q125164,Q10281618,,,,,,,,,,,,,,,,,,,,,,,,,,,,,,,,,,,,,,,,,,,,,
Q125166,Q30933412,,,,,,,,,,,,,,,,,,,,,,,,,,,,,,,,,,,,,,,,,,,,,
Q125168,Q83813661,,,,,,,,,,,,,,,,,,,,,,,,,,,,,,,,,,,,,,,,,,,,,I00552062
Q125170,Q116004483,,,,,,,,,,,,,,,,,,,,,,,,,,,,,,,,,,,,,,,,,,,,,I00399769
Q125172,Q9282605,,,,,,,,,,,,,,,,,,,,,,,,,,,,,,,,,,,,,,,,,,,,,
Q125174,Q6300615,,,,,,,,,,,,,,,,,,,,,,,,,,,750533,,,,,,,,,,,,,,,Juan_Núñez_I_de_Lara_(1),,Lara-41,I00325792
Q125176,Q5643854,,,,,,,,,,,,,,,,,,,,,,,,,,,,,,,,,,,,,,,,,,,,,
Q125178,Q5953768,,,,,,,,,,,,,,,,,,,,,,,,,,,,,,,,,,,,,,,,,p4191.htm#i41902,,,,
Q125180,Q81826148,,,,,,,,,,,,,,,,,,,,,,,,,,,1370518,,,,,,,,,,,,,,,,,Von_Everstein-11,I00125084
Q125182,Q110326665,,,,,,,,,,,,,,,,,,,,,,,,,,,122049,,p=agnes;n=von wittelsbach;oc=1,,,,,,,,,,,,,,,Wittelsbach-50,I00124852|I00504477
Q125184,Q55100838,,,,,,,,,,,,,,,,,,,,,,,,,,,1370522,,p=ludvig;n=von everstein|p=ludwig;n=von everstein;oc=1,,,,,,,,,,,,p67239.htm#i672381,,,Everstein-4|Everstein-6,I00208216
Q125186,Q55100849,,,,,,,,,,,,,,,,,,,,,,,,,,,328615,,p=konrad;n=von everstein;oc=2,,,,,,,,,,,,,,,,
Q125188,Q55100858,,,,,,,,,,,,,,,,,,,,,,,,,,,,,,,,,,,,,,,,,,,,,
Q125190,Q62732556,,,,,,,,,,,,,,,,,,,,,,,,,,,,,p=hermann;n=von everstein;oc=1,,,,,,,,,,,,,,,,I00124847
Q125192,Q2615934,,,,,,,,,,,,,,,,,,,,,,,,,,,,,,,,,,,,,,,,,,,,,
Q125194,Q110326645,,,,,,,,,,,,,,,,,,,,,,,,,,,,,p=benedikta;n=von everstein,,,,,,,,,,,,,,,,I00504475
Q125196,Q255061,,,,,,,,,,,,,,,,,,,,,,,,,,,11788,,p=guillaume;n=de ponthieu,,,,,,,,,,,,p368.htm#i3672,William_IV_of_Ponthieu_(1),,Ponthieu-9,I00013716
Q125200,Q101402706,,,,,,,,,,,,,,,,,,,,,,,,,,,,,,,,,,,,,,,,,,,,Mendoza-853,I00416366
Q125202,Q1392757,,,,,,,,,,,,,,,,,,,,,,,,,,,,,p=henri;n=de monte sant angelo,,,,,,,,,,,,,Henry_of_Monte_Sant'Angelo_(1),,,
Q125204,Q124089735,,,,,,,,,,,,,,,,,,,,,,,,,,,,,p=ildebrando;n=aldobrandeschi;oc=6,,,,,,,,,,,,,,,,
Q125206,Q44049,,,,,,,,,,,,,,,,,,,,,,,,,,,,,,,,,,,,,,,,,,,,,
Q125208,Q3961289,,,,,,,,,,,,,,,,,,,,,,,,,,,,,,,,,,,,,,,,,,,,,
Q125210,Q3939250,,,,,,,,,,,,,,,,,,,,,,,,,,,,,p=roberto;n=di aversa,,,,,,,,,,,,,,,,I00195680
Q125212,Q3492072,,,,,,,,,,,,,,,,,,,,,,,,,,,702781,,,,,,,,,,,,,,,Cristiana_of_Capua_(1),,,
Q125214,Q354864,,,,,,,,,,,,,,,,,,,,,,,,,,,,,,,,dw.6006,,,,,,,,,p11410.htm#i114093,,,,
Q125216,Q1285751,,,,,,,,,,,,,,,,,,,,,,,,,,,,,,,,,,,,,,,,,,,,,
Q125218,Q100439687,,,,,,,,,,,,,,,,,,,,,,,,,,,,,p=isabella;n=di marsico,,,,,,,,,,,,,,,,I00118301
Q125220,Q60676764,,,,,,,,,,,,,,,,,,,,,,,,,,,,,,,,,,,,,,,,,,,,,
Q125222,Q108577685,,,,,,,,,,,,,,,,,,,,,,,,,,,500061,,p=mathilde;n=de lorraine;oc=2,,,,,,,,,,,,,,,Kirburg-1,I00139463
Q125244,Q2151016,,,,,,,,,,,,,,,,,,,,,,,,,,,723103,,p=riccardo;n=di chieti,,,,,,,,,,,,,,,,
Q125246,Q4013808,,,,,,,,,,,,,,,,,,,,,,,,,,,723101,,p=violante;n=von hohenstaufen,,,,,,,,,,,,,,,Lancia-9,I00310270
Q125248,Q3725666,,,,,,,,,,,,,,,,,,,,,,,,,,,723090,,p=enrico carlotto;n=di sicilia,,,dw.1510,,,,,,,,,p10459.htm#i104587,,,Staufer-71,I00013464
Q125250,Q75384379,,,,,,,,,,,,,,,,,,,,,,,,,,,723088,,,,,,,,,,,,,,p10459.htm#i104584,,,,I00525523
Q125252,Q75384380,,,,,,,,,,,,,,,,,,,,,,,,,,,723089,,,,,,,,,,,,,,p10459.htm#i104586,Agnes_Unknown_(94),,,
Q125254,Q100439641,,,,,,,,,,,,,,,,,,,,,,,,,,,723275,,p=margherita;n=di suevia,,,,,,,,,,,,,Princess_Margaretha_(1),,Staufer-69,I00263412
Q125256,Q3954952,,,,,,,,,,,,,,,,,,,,,,,,,,,723273,,p=selvaggia;n=von hohenstaufen,,,,,,,,,,,,,,,,I00348860
Q125258,Q3663534,,,,,,,,,,,,,,,,,,,,,,,,,,,579105,,p=caterina;n=da marano,,,,,,,,,,,,,,,,I00348870
Q125260,Q76346839,,,,,,,,,,,,,,,,,,,,,,,,,,,580936,,p=herve;n=de donzy;oc=3,,,,,,,,,,,,p70429.htm#i704281,Herve_Unknown_(1),,Donzy-9,I00036179
Q125262,Q1371912,,,,,,,,,,,,,,,,,,,,,,,,,,,407849,,p=herve;n=de donzy;oc=4,,,,,,,,,,,,p48339.htm#i483385,Hervé_Unknown_(3),,Donzy-2,I00028327
Q125264,Q20707615,,,,,,,,,,,,,,,,,,,,,,,,,,,,,p=renaud;n=de donzy,,,,,,,,,,,,,,,,I00330932
Q125266,Q2156531,,,,,,,,,,,,,,,,,,,,,,,,,,,,,,,,,,,,,,,,,,,,,
Q125268,Q100438083,,,,,,,,,,,,,,,,,,,,,,,,,,,,,p=rinaldo;n=d aquino,,,,,,,,,,,,,,,Aquino-133,I00263401
Q125270,Q100438126,,,,,,,,,,,,,,,,,,,,,,,,,,,,,p=cecilia;n=di medania,,,,,,,,,,,,,,,Medania-3,I00263402
Q125272,Q932552,,,,,,,,,,,,,,,,,,,,,,,,,,,,,,,,,,,,,,,,,,,,,
Q125274,Q107778,,,,,,,,,,,,,,,,,,,,,,,,,,,,,,,,,,,,,,,,,,,,,
Q125276,Q558090,,,,,,,,,,32400031,,,,,,,,,,,,,,,,,702901,,p=jacopo;n=tiepolo,,,,,,,,,,,,p70429.htm#i704288,Jacopo_Tiepolo_(1),,,
Q125278,Q666431,,,,,,,,,,,,,,,,,,,,,,,,,,,702888,,p=pietro;n=ziani,,,,,,,,,,,,p70429.htm#i704290,Pietro_Ziani_(1),,,I00638073
Q125280,Q723023,,,,,,,,,,,,,,,,,,,,,,,,,,,181370,,p=gauthier;n=de brienne;oc=3,,,,,,,,,,,,p12003.htm#i120028,Gauthier_De_Brienne_(5),,Brienne-26,I00093489
Q125282,Q75267123,,,,,,,,,,,,,,,,,,,,,,,,,,,,,p=giacomo;n=sanseverino;oc=4,,,,,,,,,,,,p2398.htm#i23976,,,,I00093491
Q125284,Q75402995,,,,,,,,,,,,,,,,,,,,,,,,,,,,,p=teudegrimo;n=guidi,,,,,,,,,,,,p12004.htm#i120031,,,Giudi-2,I00093492
Q125286,Q611914,,,,,,,,,,,,,,,,,,,,,,,,,,,181369,,p=gauthier;n=de brienne;oc=4,,,,,,,,,,,,p12004.htm#i120032,Walter_IV_of_Brienne_(1),,Brienne-27,I00064484
Q125288,Q484331,,,,,,,,,,,,,,,,,,,,,,,,,,,,,,,,,,,,,,,,,,,,,
Q125290,Q100437657,,,,,,,,,,,,,,,,,,,,,,,,,,,,,,,,,,,,,,,,,,,,,I00631150
Q125292,Q76346851,,,,,,,,,,,,,,,,,,,,,,,,,,,,,,,,,,,,,,,,,p70429.htm#i704286,,,,
Q125294,Q1834102,,,,,,,,,,,,,,,,,,,,,,,,,,,,,,,,,,,,,,,,,,,,,
Q125296,Q31837714,,,,,,,,,,,,,,,,,,,,,,,,,,,,,p=lope ferrench;n=de luna;oc=6,,,,,,,,,,,,,,,,
Q125298,Q100327017,,,,,,,,,,,,,,,,,,,,,,,,,,,,,p=raymonde;n=n;oc=17,,,,,,,,,,,,,,,Unknown-546632,I00141453
Q125300,Q2573382,,,,,,,,,,,,,,,,,,,,,,,,,,,,,p=guillaume;n=de forez;oc=1,,,,,,,,,,,,,Guillaume_Forez_(3),,Forez-15,
Q125302,Q76034473,,,,,,,,,,,,,,,,,,,,,,,,,,,323446,,p=ide raymonde;n=de forez,,,,,,,,,,,,p48332.htm#i483313,Ida_Le_Forez_(1)|Ide-Raymonde_De_Forez_(1),,Forez-23,I00076151
Q125306,Q100326627,,,,,,,,,,,,,,,,,,,,,,,,,,,,,p=josceline;n=de crepon,,,,,,,,,,,,,,,Bolebec-31,I00140013
Q125308,Q111206657,,,,,,,,,,,,,,,,,,,,,,,,,,,,,p=adelais;n=de breteuil,,,,,,,,,,,,,Adelaide_De_Puiset_(1),,Breteuil-15,
Q125310,Q20006531,,,,,,,,,,,,,,,,,,,,,,,,,,,,,,,,,,,,,,,,,,Roger_of_Montgomery_(1),,,
Q125312,Q56599142,,,,,,,,,,,,,,,,,,I5138,,,,,,,,,145585,,p=sibyl;n=de montgommery,,,,,,,,,,,,p381.htm#i3802,Sybil_De_Montgomery_(1),,Montgomery-257,I00106756
Q125314,Q18530643,,,,,,,,,,,,,,,,,,,,,,,,,,,,,p=philip;n=de montgommery,,,,,,,,,,,,,Phillip_Montgomery_(1),,Montgomery-552,
Q125318,Q100326629,,,,,,,,,,,,,,,,,,,,,,,,,,,145589,,p=hildeburge;n=de beaumont au maine;oc=1,,,,,,,,,,,,,Hildeburge_Beaumont_(4),,Unknown-198019|Unknown-623213,I00177417
Q125320,Q8276789,,,,,,,,,,,,,,,,,,,,,,,,,,,,,p=arnoult;n=de belleme,,,,,,,,,,,,,Arnoul_de_Bellême_(1),,,
Q125322,Q3126561,,,,,,,,,,,,,,,,,,,,,,,,,,,998894,,p=hamon;n=de laval;oc=1,,,,,,,,,,,,,Hamon_Laval_(1),,Laval-5,I00026359
Q125324,Q110578147,,,,,,,,,,,,,,,,,,,,,,,,,,,998904,,p=hersende;n=n;oc=3,,,,,,,,,,,,,Hersende_De_Laval_(1),,,I00026360
Q125326,Q113218486,,,,,,,,,,,,,,,,,,,,,,,,,,,998906,,p=cecilie;n=n,,,,,,,,,,,,p73004.htm#i730035,,,,I00026366
Q125328,Q111017643,,,,,,,,,,,,,,,,,,,,,,,,,,,,,p=agnes;n=de laval,,,,,,,,,,,,,,,Laval-58,I00616563
Q125330,Q3419288,,,,,,,,,,,,,,,,,,,,,,,,,,,590089,,p=raoul;n=de beaumont sur sarthe,,,,,,,,,,,,p10471.htm#i104710,Raoul_Unknown_(7),,Beaumont-592,I00139983
Q125332,Q76010807,,,,,,,,,,,,,,,,,,,,,,,,,,,,,,,,,,,,,,,,,p46547.htm#i465467,,,,
Q125334,Q76010808,,,,,,,,,,,,,,,,,,,,,,,,,,,,,,,,,,,,,,,,,p46547.htm#i465468,,,,
Q125336,Q76010809,,,,,,,,,,,,,,,,,,,,,,,,,,,,,,,,,,,,,,,,,p46547.htm#i465469,,,,
Q125338,Q76010810,,,,,,,,,,,,,,,,,,,,,,,,,,,,,,,,,,,,,,,,,p46547.htm#i465470,,,,
Q125340,Q76010811,,,,,,,,,,,,,,,,,,,,,,,,,,,,,,,,,,,,,,,,,p46548.htm#i465471,,,,
Q125342,Q5564748,,,,,,,,,,,,,,,,,,,,,,,,,,,,,p=guillaume;n=giroie;oc=1,,,,,,,,,,,,,,,,
Q125344,Q1007895,,,,,,,,,,,,,,,,,,,,,,,,,,,,,p=robert;n=de+grandmesnil;oc=1,,,,,,,,,,,,,Robert_de_Grantmesnil_(1),,,
Q125348,Q18159895,,,,,,,,,,,,,,,,,,,,,,,,,,,,,,,,,,,,,,,,,,,,,I00709690
Q125350,Q76273651,,,,,,,,,,,,,,,,,,,,,,,,,,,259096,,p=beatrix;n=de bully,,,,,,,,,,,,p65459.htm#i654585,Beatrice_Unknown_(68),,Busli-13,I00421112
Q125352,Q76012366,,,,,,,,,,,,,,,,,,,,,,,,,,,,,p=helissende;n=d avranches,,,,,,,,,,,,p46659.htm#i466581,Helisende_Avranches_(1),,Avranches-16,I00421113
Q125360,Q273808,,,,,,,,,,,,,,,,,,,,,,,,,,,,,p=melisende;n=de toulouse,,,,,,,,,,,,,Melisende_of_Tripoli_(1),,Toulouse-189,I00416724
Q125362,Q76299904,,,,,,,,,,,,,,,,,,,,,,,,,,,,,,,,,,,,,,,,,p67257.htm#i672562,,,,
Q125364,Q1678284,,,,,,,,,,,,,,,,,,,,,,,,,,,,,,,,,,,,,,,,,,,,,
Q125368,Q21661467,,,,,,,,,,,,,,,,,,,,,,,,,,,,,p=siegfried;n=von stade,,,dw.8730,,,,,,,,,,Siegfried_von_Stade_(2),,Van_Stade-5,I00020360
Q125370,Q24971032,,,,,,,,,,,,,,,,,,,,,,,,person/941a316a-e408-4dbd-8f98-234278aeec0d,,,,,p=heinrich;n=von stade;oc=2,,,,,,,,,,,,,Heinrich_von_Stade_(1),,,
Q125372,Q20498306,,,,,,,,,,,,,,,,,,,,,,,,,,,1276635,,p=lothar udo;n=von stade;oc=1,,,,,,,,,,,,,Lothar-Udo_von_Stade_(1),,,
Q125374,Q118124573,,,,,,,,,,,,,,,,,,,,,,,,,,,143294,,p=kunigunde;n=von stade,,,,,,,,,,,,,Kunigunde_von_Stade_(1),,Stade-119,
Q125376,Q75382491,,,,,,,,,,,,,,,,,,,,,,,,,,,,,p=osiac;n=of hampshire,,,,,,,,,,,,p10262.htm#i102618,Oslac_Whitgarsson_(2),,Unknown-42002,I00020044
Q125378,Q852077,,,,,,,,,,,,,,,,,,I2553,,,,,,person/f72e59ce-0264-4017-8f3a-a57c4f194a9a,,,92200,,p=burghred;n=of mercia,,,,,,,,,,,,p10644.htm#i106432,Burgred_of_Mercia_(1)|Burhed_Mercia_(1),,Mercia-124,
Q125380,Q4890869,,,,,,,,,,,,,,,,,,,,,,,,,,,,,,,,,,,,,,,,,p15257.htm#i152561,,,,
Q125382,Q4890875,,,,,,,,,,,,,,,,,,,,,,,,,,,,,,,,,,,,,,,,,p15259.htm#i152587,,,,
Q125384,Q75468234,,,,,,,,,,,,,,,,,,,,,,,,,,,,,,,,,,,,,,,,,p16095.htm#i160944,,,,
Q125386,Q75468899,,,,,,,,,,,,,,,,,,,,,,,,,,,,,,,,,,,,,,,,,p16132.htm#i161318,,,,
Q125388,Q17021359,,,,,,,,,,,,,,,,,,I2539,,,,,,,,,92185,,p=wulfthryth;n=n,,,,,,,,,,,,p10646.htm#i106457,Wulfrida_(1),,UNKNOWN-33740,
Q125390,Q639222,,,,,,,,,,,,,,,,,,I2541,,,,,,,,,,,,,,,,,,,,,,,p10262.htm#i102620,Æthelhelm_(1),,,
Q125392,Q2518450,,,,,,,,,,,,,,,,,,I2540,,,,,,,,,,,p=aethelwold;n=of england,,,,,,,,,,,,p10263.htm#i102621,Æthelwold_of_Wessex_(1),,Wessex-6,
Q125394,Q75494060,,,,,,,,,,,,,,,,,,,,,,,,,,,,,,,,,,,,,,,,,p17580.htm#i175796,Oswald_Unknown_(1),,,
Q125396,Q75386318,,,,,,,,,,,,,,,,,,,,,,,,,,,,,,,,,,,,,,,,,p10643.htm#i106430,,,,
Q125398,Q4019731,,,,,,,,,,,,,,,,,,,,,,,,,,,203762,,p=wigmund;n=of mercia,,,,,,,,,,,,p15256.htm#i152556,Wigmund_of_Mercia_(1),,Mercia-26,
Q125400,Q7716165,,,,,,,,,,,,,,,,,,,,,,,,,,,,,p=aelfflaed;n=of mercia,,,,,,,,,,,,p15256.htm#i152555,Elfleda_De_Mercia_(2),,Mercia-168,
Q125402,Q75454866,,,,,,,,,,,,,,,,,,,,,,,,,,,,,,,,,,,,,,,,,p15259.htm#i152582,,,Of_Kent-23,
Q125404,Q546716,,,,,,,,,,,,,,,,,,,,,,,,,,,134550,,p=ragnhild;n=de ringerike,,,,,,,,,,,,,Ragnhild_Sigurdsdotter_(1),,Sigurdsdatter-93,I00120968
Q125418,Q5813548,,,,,,,,,,,,,,,,,,,,,,,,,,,,,,,,,,,,,,,,,,,,,
Q125420,Q5883751,,,,,,,,,,,,,,,,,,,,,,,,,,,,,,,,,,,,,,,,,,,,Eiriksson-207,
Q125422,Q6098262,,,,,,,,,,,,,,,,,,,,,,,,,,,,,,,,,,,,,,,,,,,,Eiriksson-44,
Q125424,Q5835872,,,,,,,,,,,,,,,,,,,,,,,,,,,,,,,,,,,,,,,,,,,,Eiriksson-22,
Q125426,Q6128255,,,,,,,,,,,,,,,,,,,,,,,,,,,,,,,,,,,,,,,,,,,,Eiriksson-208,
Q125430,Q1380288,,,,,,,,,,,,,,,,,,,,,,,,,,,507881,,,,,,,,,,,,,,,Turgesius_(1),,,
Q125432,Q1782541,,,,,,,,,,,,,,,,,,,,,,,,,,,107812,,p=gudrod bjornsson;n=de norvege,,,,,,,,,,,,p4289.htm#i42883,Gudrød_Bjørnsson_(1),,Bjørnsson-228,I00177836
Q125440,Q19872847,,,,,,,,,,,,,,,,,,,,,,,,,,,,,,,,,,,,,,,,,,Eadric_Wiltshire_(2),,,
Q125441,Q75494434,,,,,,,,,,,,,,,,,,,,,,,,,,,,,,,,,,,,,,,,,p17599.htm#i175990,,,UNKNOWN-42007,
Q125443,Q272297,,,,,,,,,,,,,,,,,,,,,,,,,,,,,p=aethelwerd ealdoman;n=of wessex,,,,,,,,,,,,,Aethelwerd_Historikeren_(2),,Surrey-12,
Q125445,Q2536872,,,,,,,,,,,,,,,,,,I24556,,,,,,,,,315053,,,,,,,,,,,,,,p10243.htm#i102427,Ealdorman_Ordgar_(5),,Devon-13,I00020099
Q125447,Q16931451,,,,,,,,,,,,,,,,,,,,,,,,,,,,,,,,,,,,,,,,,,Ordwulf_Unknown_(1),,Devon-6,
Q125449,Q16151379,,,,,,,,,,,,,,,,,,I24548,,,,,,,,,,,,,,,,,,,,,,,p10663.htm#i106629,"Æthelwald,_Ealdorman_of_East_Anglia_(1)",,East_Anglia-2,I00020101
Q125452,Q75386594,,,,,,,,,,,,,,,,,,,,,,,,,,,,,,,,,,,,,,,,,p10663.htm#i106630,,,,
Q125454,Q55754547,,,,,,,,,,,,,,,,,,,,,,,,,,,,,,,,,,,,,,,,,p10664.htm#i106631,,,,
Q125456,Q75382351,,,,,,,,,,,,,,,,,,,,,,,,,,,,,,,,,,,,,,,,,p10243.htm#i102425,Ordmær_Unknown_(1),,Devon-62,I00020097
Q125458,Q75386591,,,,,,,,,,,,,,,,,,,,,,,,,,,,,,,,,,,,,,,,,p10663.htm#i106628,,,,
Q125460,Q21002949,,,,,,,,,,,,,,,,,,,,,,,,,,,,,,,,,,,,,,,,,,,,,
Q125462,Q3417502,,,,,,,,,,,,,,,,,,,,,,,,,,,,,,,,,,,,,,,,,,Reginald_Unknown_(8),,Mac_Gofraid-1,
Q125464,Q602512,,,,,,,,,,,,,,,,,,,,,,,,,,,,,,,,,,,,,,,,,,,,,
Q125466,Q26535873,,,,,,,,,,,,,,,,,,,,,,,,,,,,,,,,,,,,,,,,,,Lagmann_Unknown_(1),,,
Q125468,Q3328049,,,,,,,,,,,,,,,,,,,,,,,,,,,,,p=murchad;n=mac finn,,,,,,,,,,,,p18895.htm#i188950,Murchad_macFinn_(1),,Macfinn-2,I00424526
Q125472,Q1292723,,,,,,,,,,,,,,,,,,,,,,,,,,,,,,,,,,,,,,,,,p15013.htm#i150125,Máel_Sechnaill_mac_Domnaill_(1),,Mac_Domnaill-12,
Q125476,Q3036790,,,,,,,,,,,,,,,,,,,,,,,,,,,,,p=donnchad;n=o+brien;oc=1,,,,,,,,,,,,p18896.htm#i188952,Donogh_Mac_Briain_(1),,O'Brien-688,I00300979
Q125478,Q733929,,,,,,,,,,,,,,,,,,,,,,,,,,,,,,,,,,,,,,,,,p15013.htm#i150122,Muirchertach_mac_Néill_(1),,Mac_Néill-33,
Q125480,Q76121973,,,,,,,,,,,,,,,,,,,,,,,,,,,,,,,,,,,,,,,,,p54618.htm#i546173,"Flann,_daughter_of_Donnchad_Donn_(1)",,,
Q125482,Q75451340,,,,,,,,,,,,,,,,,,,,,,,,,,,,,,,,,,,,,,,,,p15013.htm#i150124|p54618.htm#i546177,Domnall_Donn_(1),,Mac_Donnchadh-6,
Q125486,Q17479490,,,,,,,,,,,,,,,,,,,,,,,,,,,,,p=slaine;n=boru,,,,,,,,,,,,,Slani_Briain_(2),,Ingen_Briain-1,I00250086
Q125490,Q116007153,,,,,,,,,,,,,,,,,,,,,,,,,,,,,,,,,,,,,,,,,,,,,I00177500
Q125492,Q110611914,,,,,,,,,,,,,,,,,,,,,,,,,,,307908,,p=melisende;n=du maine,,,,,,,,,,,,,Melsende_Du_Maine_(1)|Milicent_Du_Maine_(1),,Unknown-520460,I00326844
Q125494,Q3134532,,,,,,,,,,,,,,,,,,,,,,,,,,,,,p=herve;n=de mortagne;oc=1,,,,,,,,,,,,,Hervé_de_Mortagne_(2),,,
Q125496,Q24970756,,,,,,,,,,,,,,,,,,,,,,,,,,,130182,,p=hildegarde;n=du perche,,,,,,,,,,,,,Hildegarde_Du_Maine_(1)|Hildegarde_du_Perche_(1),,,
Q125498,Q9667604,,,,,,,,,,,,,,,,,,,,,,,,,,,146223,,,,,,,,,,,,,,p67238.htm#i672372,Bruno_Von_Saxe_Engern_(1),,Sachsen-106,
Q125502,Q76300328,,,,,,,,,,,,,,,,,,,,,,,,,,,,,,,,,,,,,,,,,p67292.htm#i672918,Haslala_Von_Wettin_(1),,Sachsen-102|Von_Westphalia-1,
Q125508,Q76299067,,,,,,,,,,,,,,,,,,,,,,,,,,,,,,,,,,,,,,,,,p67194.htm#i671937,,,,
Q125510,Q112278717,,,,,,,,,,,,,,,,,,,,,,,,,,,,,,,,,,,,,,,,,,,,,
Q125512,Q76300385,,,,,,,,,,,,,,,,,,,,,,,,,,,,,,,,,,,,,,,,,p67298.htm#i672972,,,,
Q125514,Q76300388,,,,,,,,,,,,,,,,,,,,,,,,,,,,,,,,,,,,,,,,,p67298.htm#i672974,,,,
Q125516,Q76299035,,,,,,,,,,,,,,,,,,,,,,,,,,,,,p=udalrich;n=von bregenz;oc=1,,,,,,,,,,,,p67191.htm#i671909,,,Udalrichinger-7,I00280721
Q125518,Q76299571,,,,,,,,,,,,,,,,,,,,,,,,,,,,,,,,,,,,,,,,,p67229.htm#i672288,,,In_The_Argengau-1,
Q125520,Q50357405,,,,,,,,,,,,,,,,,,,,,,,,,,,,,,,,,,,,,,,,,,,,,
Q125522,Q121334018,,,,,,,,,,,,,,,,,,,,,,,,,,,,,p=udalrich;n=von bregenz,,,,,,,,,,,,,Ulrich_Bregenz_(1),,Udalrichinger-6,I00280723
Q125524,Q2387200,,,,,,,,,,,,,,,,,,,,,,,,,,,770905,,,,,,,,,,,,,,,"Thietmar,_Count_of_Merseburg_(1)",,UNKNOWN-83632|Von_Merseburg-3,
Q125526,Q41978,,,,,,,,,,,,,,,,,,,,,,,,,,,,,,,,,,,,,,,,,,,,,
Q125528,Q91596,,,,,,,,,,,,,,,,,,,,,,,,,,,,,,,,,,,,,,,,,,,,,
Q125530,Q76299054,,,,,,,,,,,,,,,,,,,,,,,,,,,927000,,p=heinrich;n=popponides;oc=1,,,,,,,,,,,,p67193.htm#i671924,,,Heimo-1|Wettergau-2,I00076138
Q125532,Q76298658,,,,,,,,,,,,,,,,,,,,,,,,,,,,,p=hadagurge;n=von lahngau,,,,,,,,,,,,p67168.htm#i671675,,,Hadaburg-1|UNKNOWN-83204,I00076139
Q125534,Q3851787,,,,,,,,,,,,,,,,,,,,,,,,,,,211071,,p=matfrid;n=d eifel,,,,,,,,,,,,p67213.htm#i672122,,,Von_Eifelgau-1,
Q125536,Q22582504,,,,,,,,,,,,,,,,,,,,,,,,,,,,,p=bernoin;n=de metz,,,,,,,,,,,,,,,,
Q125538,Q1866173,,,,,,,,,,,,,,,,,,,,,,,,,,,188587,,p=liutswinde;n=d ernst;oc=3810,,,dw.7811,,,,,,,,,p10324.htm#i103231,Litwinde_De_Carinthia_(1),,De_Carinthia-2,I00020407
Q125540,Q545011,,,,,,,,,,,,,,,,,,,,,,,,,,,215569,,p=glismut;n=von bayern,,,,,,,,,,,,p10323.htm#i103228,Glismut_Unknown_(1),,,I00409804
Q125542,Q24039107,,,,,,,,,,,,,,,,,,,,,,,,,,,166722,,p=ellinrata;n=n,,,dw.7836,,,,,,,,,,,,,
Q125544,Q880240,,,,,,,,,,,,,,,,,,,,,,,,,,,138072,,p=meingaud;n=von maingau,,,sw.212661,,,,,,,,,p67213.htm#i672121,Megingoz_Von_Avalgau_(3),,Avalgau-2,I00726529
Q125546,Q64196,,,,,,,,,,,,,,,,,,,,,,,,,,,,,,,,,,,,,,,,,,,,,
Q125548,Q118224969,,,,,,,,,,,,,,,,,,,,,,,,,,,212971,,p=wippert;n=von sachsen,,,,,,,,,,,,,Wigebart_Of_Saxony_(1),,Sachsen-129|Wigebart-1,
Q125550,Q1763428,,,,,,,,,,,,,,,,,,,,,,,,,,,,,,,,,,,,,,,,,,,,,
Q125552,Q76300335,,,,,,,,,,,,,,,,,,,,,,,,,,,220927,,,,,,,,,,,,,,p67293.htm#i672924,,,Von_Sachsen-76,
Q125556,Q77572,,,,,,,,,,,,,,,,,,,,,,,,,,,517937,,,,,,,,,,,,,,,Wichmann_the_Younger_(1),,,
Q125558,Q1322356,,,,,,,,,,,,,,,,,,,,,,,,,,,,,,,,,,,,,,,,,,Egbert_the_One-Eyed_(1),,Billung-118,
Q125560,Q992502,,,,,,,,,,,,,,,,,,,,,,,,,,,,,,,,,,,,,,,,,,,,,
Q125562,Q56291913,,,,,,,,,,,,,,,,,,,,,,,,,,,,,,,,,,,,,,,,,,Hathui_of_Saxony_(1),,,
Q125564,Q3782552,,,,,,,,,,,,,,,,,,,,,,,,,,,142392|940273,,,,,,,,,,,,,,p4287.htm#i42862,Halfdan_(1),,Haraldsson-2,
Q125566,Q3784785,,,,,,,,,,,,,,,,,,,,,,,,,,,269139|940277,,,,,,,,,,,,,,p4288.htm#i42876,Hemming_Halfdansson_(1),,Halfdansson-96,
Q125568,Q4391913,,,,,,,,,,,,,,,,,,,,,,,,,,,269137|940276,,,,,,,,,,,,,,p4288.htm#i42879,Reginfrid_(1),,Halfdansson-297,
Q125570,Q41821,,,,,,,,,,,,,,,,,,,,,,,,,,,269138|940275,,,,,,,,,,,,,,p4288.htm#i42877,,,Halfdansson-299,
Q125572,Q75291792,,,,,,,,,,,,,,,,,,,,,,,,,,,,,,,,,,,,,,,,,p4275.htm#i42741,,,,
Q125574,Q24970544,,,,,,,,,,,,,,,,,,,,,,,,,,,211539,,p=ricfrid;n=de betuwe|p=ricfried;n=van betuwe|p=ricfried;n=van betuwe;oc=1,,,,,,,,,,,,p53223.htm#i532222,Richfried_Unknown_(1),,Balderic-1,I00106432
Q125576,Q793358,,,,,,,,,,,,,,,,,,,,,,,,,,,144460,,p=beranger;n=de namur,,,,,,,,,,,,p53188.htm#i531875,Berengar_Van_Namen_(1),,Namur-1,I00120945
Q125578,Q23888726,,,,,,,,,,,,,,,,,,,,,,,,,,,,,,,,,,,,,,,,,p60498.htm#i604980,Waltger_Unknown_(1),,Friesland-46,I00104697
Q125580,Q76208354,,,,,,,,,,,,,,,,,,,,,,,,,,,,,,,,,,,,,,,,,p60499.htm#i604982,,,Nifterlake-2,
Q125584,Q24970546,,,,,,,,,,,,,,,,,,,,,,,,,,,205266,,p=nibelung;n=van betuwe|p=nibelung;n=van betuwe;oc=1|p=nivelon;n=de betuwe;oc=1,,,,,,,,,,,,p53223.htm#i532221,Nevelung_Unknown_(1),,Betuwe-4,I00106434
Q125586,Q2880732,,,,,,,,,,,,,,,,,,,,,,,,,,,,,p=baldric;n=van betuwe,,,,,,,,,,,,p53223.htm#i532223,,,Of_the_Balderics-1,
Q125588,Q2905330,,,,,,,,,,,,,,,,,,,,,,,,,,,,,p=otton;n=de louvain,,,,,,,,,,,,p53224.htm#i532236,,,Louvain-47,
Q125590,Q76355976,,,,,,,,,,,,,,,,,,,,,,,,,,,306146,,,,,,,,,,,,,,p70902.htm#i709013,Mahaud_De_Louvain_(1),,Leuven-3,
Q125592,Q836502,,,,,,,,,,,,,,,,,,,,,,,,,,,136556,,p=robert;n=de namur;oc=1|p=robrecht;n=de namur,,,sw.212689,,,,,,,,,,Robert_Van_Henegouwen_(1),,Namur-3,I00120947
Q125594,Q110562362,,,,,,,,,,,,,,,,,,,,,,,,,,,,,,,,,,,,,,,,,,,,Lorraine-15,I00120948
Q125596,Q25349763,,,,,,,,,,,,,,,,,,,,,,,,,,,,,,,,,,,,,,,,,,Henri_de_Namur_(1),,,I00148734
Q125598,Q157121,,,,,,,,,,,,,,,,,,,,,,,,,,,902664,,p=konrad;n=konradiner;oc=1,,,dw.7941,,,,,,,,,p13299.htm#i132984,Conrad_I_of_Germany_(1),,Konradiner-3,I00409802
Q125600,Q697382,,,,,,,,,,,,,,,,,,,,,,,,person/142498d6-5913-4a5f-97ee-bb915a04679c,,,,,,,,,,,,,,,,,p15060.htm#i150598,,,Bayern-65,
Q125602,Q1414008,,,,,,,,,,,,,,,,,,,,,,,,,,,169156,,p=hartwig;n=von bayern,,,,,,,,,,,,,,,,
Q125604,Q102393932,,,,,,,,,,,,,,,,,,,,,,,,,,,,,,,,,,,,,,,,,,Thierry_Von_Wassenberg_(1),,Count_of_Wasserburg-1,I00079990
Q125606,Q3089906,,,,,,,,,,,,,,,,,,,,,,,,,,,134033,,p=friedrich;n=von wasserburg;oc=1,,,,,,,,,,,,,Friedrich_I._von_Andechs_(1)|Friedrich_Unknown_(11)|Friedrich_Unknown_(2)|Friedrich_von_Dießen_(1),,Diessen-3,I00331097
Q125608,Q2982691,,,,,,,,,,,,,,,,,,,,,,,,,,,,,,,,,,,,,,,,,,Arnold_of_Sundgau_(1),,,
Q125610,Q4267364,,,,,,,,,,,,,,,,,,,,,,,,,,,143291,,p=lothar;n=von walbeck,,,dw.8718,,,,,,,,,,"Lothar_von_Walbeck,_Graf_von_Walbeck_(1)",,Walbeck-3,I00303371
Q125612,Q106686432,,,,,,,,,,,,,,,,,,,,,,,,,,,143292,,p=mathilde;n=von arneburg,,,,,,,,,,,,,Mathilde_von_Arneburg_(1),,Arneburg-1,I00303372
Q125614,Q1010323,,,,,,,,,,,,,,,,,,,,,,,,,,,,,,,,,,,,,,,,,,Burchard_of_Veltheim_(1),,Von_Schweinfurt-3,I00080262
Q125616,Q3131314,,,,,,,,,,,,,,,,,,,,,,,,,,,127732,,p=heinrich;n=von schweinfurt;oc=2,,,sw.212745,,,,,,,,,p67300.htm#i672995,Henry_Von_Schweinfurt_(13),,Pegnitz-1|Schweinfurt-7,I00080008
Q125618,Q75382331,,,,,,,,,,,,,,,,,,,,,,,,,,,143937|740887,,p=eberhardt;n=von nellenburg;oc=1,,,,,,,,,,,,p10241.htm#i102407,,,,I00280736|I00481286
Q125620,Q44191455,,,,,,,,,,,,,,,,,,,,,,,,,,,8808|740891,,p=eberhard;n=von nellenburg;oc=5|p=eberhardt;n=von nellenburg;oc=3,,,,,,,,,,,,p67271.htm#i672705,Eberhard_Unknown_(17),,Graf-134|Nellenburg-7|Zurich-3,I00570222
Q125622,Q1182189,,,,,,,,,,,,,,,,,,,,,,,,,,,,,,,,,,,,,,,,,p892.htm#i8913,,,Hassegau-2,I00022881
Q125624,Q75247732,,,,,,,,,,,,,,,,,,,,,,,,,,,,,,,,,,,,,,,,,p892.htm#i8915,,,,
Q125626,Q1010315,,,,,,,,,,,,,,,,,,,,,,,,,,,,,,,,,,,,,,,,,,,,Goseck-5,I00571723
Q125628,Q116119447,,,,,,,,,,,,,,,,,,,,,,,,,,,148244,,,,,,,,,,,,,,,,,,I00105653
Q125632,Q75247738,,,,,,,,,,,,,,,,,,,,,,,,,,,770926,,,,,,,,,,,,,,p892.htm#i8919,,,Merseburg-2,I00022883
Q125636,Q883679,,,,,,,,,,,,,,,,,,,,,,,,,,,,,,,,dw.8711,,,,,,,,,p892.htm#i8920,Friedrich_von_Eilenburg_(1),,,
Q125638,Q75247742,,,,,,,,,,,,,,,,,,,,,,,,,,,,,,,,,,,,,,,,,p893.htm#i8922,,,,
Q125640,Q506632,,,,,,,,,,,,,,,,,,,,,,,,,,,447778,,p=alberico;n=di spoleto,,,,,,,,,,,,,Alberic_II_of_Spoleto_(1),,Spoleto-23,I00312813
Q125642,Q1565649,,,,,,,,,,,,,,,,,,,,,,,,,,,447811,,p=gregorio;n=di spoleto;oc=2|p=gregorius;n=di spoleto,,,,,,,,,,,,,Gregory_of_Tusculum_(1),,Tusculum-4,I00312817
Q125644,Q172933,,,,,,,,,,,,,despoleteo,,,,,,,,,,,person/78D3E62B-62CE-488C-AC3B-62B597CCDCC4,,,447780,,p=ottaviano;n=di spoleto,,,,,,,,,,,,,Octavianus_of_Spoleto_(1),,Spoleto-44,I00336788
Q125645,Q14917577,,,,,,,,,,,,,,,,,,,,,,,,,,,,,p=waldrada;n=d arles,,,,,,,,,,,,,Valdrada_Di_Tuscany_(1),,Spoleto-18,I00020676
Q125647,Q61466052,,,,,,,,,,,,,,,,,,,,,,,,,,,,,,,,,,,,,,,,,,,,Skleros-4,
Q125649,Q61466055,,,,,,,,,,,,,,,,,,,,,,,,,,,,,,,,,,,,,,,,,,,,Mamikonid-11,
Q125651,Q211644,,,,,,,,,,,,,,,,,,,,,,,,,,,186703,,,,,,,,,,,,,,p52941.htm#i529408,Leon_Phokas_the_Younger_(1),,Phokas-9,I00215844
Q125653,Q2347035,,,,,,,,,,,,,,,,,,,,,,,,,,,,,,,,,,,,,,,,,,,,,
Q125655,Q127685320,,,,,,,,,,,,,,,,,,,,,,,,,,,,,,,,,,,,,,,,,,,,,
Q125657,Q476338,,,,,,,,,,,,,,,,,,,,,,,,,,,45833,,p=hermann pusillus;n=de bonngau,,,psb.27409.4,,,,,,,,,p67263.htm#i672628,Hermann_I._von_Lothringen_(1),,Keldachgau-3,I00080192
Q125659,Q61314159,,,,,,,,,,,,,,,,,,,,,,,,,,,45834,,p=heilwige;n=von dillingen,,,psb.27409.5,,,,,,,,,p67236.htm#i672355,Heilwig_Von_Dillingen_(1),,Dillingen-1,I00080193
Q125661,Q5750065,,,,,,,,,,,,,,,,,,,,,,,,,,,1393212,,,,,,,,,,,,,,,Hezzelin_I_(1),,,
Q125663,Q4057931,,,,,,,,,,,,,,,,,,,,,,,,,,,742042,,p=adolf;n=de lorraine de deutz;oc=1,,,sw.213180,,,,,,,,,,Adolf_I_of_Lotharingia_(1),,Lotharingia-26|Von_Keldachgau-2,I00120769
Q125665,Q76300896,,,,,,,,,,,,,,,,,,,,,,,,,,,138819,,p=mathilde;n=van zutphen,,,,,,,,,,,,p67335.htm#i673346,Mathilde_De_Zutphen_(1),,Zutphen-4,I00570107
Q125667,Q63322,,,,,,,,,,,,,,,,,,,,,,,,,,,799944,,,,,,,,,,,,,,p68187.htm#i681863,"Conrad_I,_Duke_of_Bavaria_(1)",,Ezzonen-2,I00496750
Q125669,Q3131320,,,,,,,,,,,,,,,,,,,,,,,,,,,,,,,,,,,,,,,,,,Heinrich_of_Zutphen_(1),,Ezzonen-3,
Q125671,Q76300791,,,,,,,,,,,,,,,,,,,,,,,,,,,1376825,,p=irmentrud;n=von hammerstein,,,,,,,,,,,,p67327.htm#i673268,Irmentrude_Von_Hammerstein_(1),,Hammerstein-34,
Q125673,Q76300662,,,,,,,,,,,,,,,,,,,,,,,,,,,1276627,,p=gebhard;n=konradiner;oc=2,,,,,,,,,,,,p67318.htm#i673177,"Gebhard_von_Niederlahngau,_Graf_im_Ufgau_(1)",,Von_Ufgau-2,I00120362
Q125675,Q76299991,,,,,,,,,,,,,,,,,,,,,,,,,,,,,,,,,,,,,,,,,p67264.htm#i672640,,,Marchtal-1,
Q125677,Q76298799,,,,,,,,,,,,,,,,,,,,,,,,,,,,,,,,sw.214166,,,,,,,,,p67177.htm#i671762,,,,
Q125679,Q76299661,,,,,,,,,,,,,,,,,,,,,,,,,,,,,,,,,,,,,,,,,p67236.htm#i672360,,,,
Q125681,Q76299409,,,,,,,,,,,,,,,,,,,,,,,,,,,127733,,p=ne;n=d altdorf,,,,,,,,,,,,p67217.htm#i672169,Welfin_Von_Altdorf_(1),,Altdorf-9,I00080009
Q125683,Q347156,,,,,,,,,,,,,,,,,,,,,,,,,,,,,,,,,,,,,,,,,,,,,I00331138
Q125685,Q3346939,,,,,,,,,,,,,,,,,,,,,,,,,,,,,,,,,,,,,,,,,,,,St_Sauveur-20,
Q125687,Q61896459,,,,,,,,,,,,,,,,,,,,,,,,,,,,,p=hawise;n=de valois,,,,,,,,,,,,p41345.htm#i413441,Hawise_De_Valois_(1),,Vexin-40,
Q125689,Q3419321,,,,,,,,,,,,,,,,,,,,,,,,,,,,,,,,,,,,,,,,,p10670.htm#i106699,Ralph_De_Mortimer_(9),,,I00175559
Q125691,Q61807795,,,,,,,,,,,,,,,,,,,,,,,,,,,,,,,,,,,,,,,,,p30064.htm#i300639|p18735.htm#i187344,,,Bolebec-30,I00140014
Q125693,Q3099525,,,,,,,,,,,,,,,,,,I5128,,,,,,,,,261030,,,,,,,,,,,,,,p15843.htm#i158426,Walter_Giffard_(57),,Giffard-6,I00294144
Q125695,Q75718312,,,,,,,,,,,,,,,,,,,,,,,,,,,,,,,,,,,,,,,,,p30065.htm#i300642,,,,
Q125697,Q75718752,,,,,,,,,,,,,,,,,,,,,,,,,,,,,,,,,,,,,,,,,p30083.htm#i300829,,,,
Q125699,Q762329,,,,,,,,,,,,,,,,,,,,,,,,,,,141787,,p=torf;n=de tourville;oc=1,,,,,,,,,,,,p65458.htm#i654575,Torf_Harcourt_(1),,Harcourt-4,I00028869
Q125701,Q76273644,,,,,,,,,,,,,,,,,,,,,,,,,,,1124855,,p=eremberge;n=de bastembourg;oc=1,,,,,,,,,,,,p65458.htm#i654577,Ertemberge_de_Bricquebec_(1),,Bricquebec-4,I00028870
Q125703,Q132188601,,,,,,,,,,,,,,,,,,,,,,,,,,,,,,,,,,,,,,,,,,,,,
Q125705,Q70584354,,,,,,,,,,,,,,,,,,,,,,,,,,,141887,,p=aubree;n=de la haye,,,,,,,,,,,,p17593.htm#i175926,Aubrey_Unknown_(5),,Haye-98,I00120996
Q125707,Q2341762,,,,,,,,,,,,,,,,,,,,,,,,,,,137695|107540,,,,,,,,,,,,,,p67212.htm#i672113,Skagul_Toste_(1),,UNKNOWN-29124,I00049964
Q125709,Q236462,,,,,,,,,,148692512,,,,,,,,,,,,,,,,,35673,,p=dobrava;n=premyslide,,,dw.8,,,,,,,,,p10123.htm#i101222,Dobrawa_of_Bohemia_(1),,Bohemia-12,I00049954
Q125711,Q361687,,,,,,,,,,,,,,,,,,,,,,,,,,,107588,,p=thorgils;n=styrbjornsson,,,dw.143,,,,,,,,,p10543.htm#i105425,Torkel_Styrbjörnsson_(1),,Styrbjörnsson-18,I00079497
Q125715,Q28148455,,,,,,,,,,,,,,,,,,,,,,,,,,,920163,,,,,,,,,,,,,,,Benedict_Estridsen_(1),,Svendsson-4,
Q125717,Q28149907,,,,,,,,,,,,,,,,,,,,,,,,,,,,,,,,,,,,,,,,,,,,,
Q125719,Q50975318,,,,,,,,,,,,,,,,,,,,,,,,,,,,,,,,,,,,,,,,,,,,,
Q125721,Q48934,,,,,,,,,,,,,,,,,,,,,,,,,,,,,,,,,,,,,,,,,,,,,
Q125723,Q3116086,,,,,,,,,,,,,,,,,,,,,,,,,,,,,,,,dw.5912,,,,,,,,,p10544.htm#i105432,Margareta_Hasbjörnsdatter_(1),,Asbjornsdotter-1,I00300672
Q125727,Q75514051,,,,,,,,,,,,,,,,,,,,,,,,,,,,,,,,,,,,,,,,,p18736.htm#i187351,,,,
Q125729,Q723977,,,,,,,,,,,,,,,,,,,,,,,,,,,,,,,,,,,,,,,,,,William_Giffard_(20),,,
Q125731,Q3099520,,,,,,,,,,,,,,,,,,,,,,,,,,,1084787,,,,,,,,,,,,,,p18734.htm#i187339,Walter_Giffard_(1),,Giffard-261,
Q125733,Q62059609,,,,,,,,,,,,,,,,,,,,,,,,,,,,,p=elisabeth;n=d avoye,,,,,,,,,,,,,,,,I00591485
Q125735,Q1255756,,,,,,,,,,,,,,,,,,I5137,,,,,,,,,145581,,p=robert;n=de creully,,,,,,,,,,,,p10673.htm#i106726,Robert_FitzHamon_(4),,FitzHamon-16,I00106755
Q125737,Q75241590,,,,,,,,,,,,,,,,,,,,,,,,,,,,,,,,,,,,,,,,,p381.htm#i3805,Hamon_FitzHamon_(1),,,
Q125739,Q75242430,,,,,,,,,,,,,,,,,,,,,,,,,,,,,p=guy;n=de+crecy;oc=2,,,,,,,,,,,,p451.htm#i4501,,,Montlhéry-12,I00028237
Q125741,Q113134012,,,,,,,,,,,,,,,,,,,,,,,,,,,1272021,,p=adelais;n=de crecy,,,,,,,,,,,,,Adelaide_Crecy_(1)|Elisabeth_De_Crecy_(1),,Crecy-2,I00106270
Q125743,Q7796194,,,,,,,,,,,,,,,,,,,,,,,,,,,143042,,,,,,,,,,,,,,p10210.htm#i102094,Thored_(1),,Gunnarsson-3,I00020114
Q125745,Q75386600,,,,,,,,,,,,,,,,,,,,,,,,,,,,,,,,,,,,,,,,,p10664.htm#i106634,Unknown_Hild_(1),,Unknown-226524,
Q125747,Q3046325,,,,,,,,,,,,,,,,,,I26424,,,,,,,,,,,,,,,,,,,,,,,p10664.htm#i106635,Eadric_Streona_(1),,Mercia-135,
Q125749,Q5892243,,,,,,,,,,,,,,,,,,,,,,,,,,,,,,,,,,,,,,,,,p10666.htm#i106656,,,,I00280745
Q125753,Q3046318,,,,,,,,,,,,,,,,,,,,,,,,,,,,,,,,,,,,,,,,,p58995.htm#i589942,Eadulf_Bernicia_(1),,Northumbria-77,
Q125755,Q2378271,,,,,,,,,,,,,,,,,,,,,,,,,,,,,,,,,,,,,,,,,p10665.htm#i106642,Ulfcytel_Snillingr_(1),,Earl_of_East_Anglia-1,I00331092
Q125757,Q75386608,,,,,,,,,,,,,,,,,,,,,,,,,,,,,,,,,,,,,,,,,p10665.htm#i106643,Athelstan_Ringmere_(1),,Unknown-308556,I00331090
Q125759,Q2072068,,,,,,,,,,,,,,,,,,,,,,,,,,,147582,,p=henri;n=de penthievre;oc=1,,,,,,,,,,,,,Henri_Unknown_(4),,Penthièvre-6,I00330999
Q125761,Q75288452,,,,,,,,,,,,,,,,,,,,,,,,,,,,,,,,,,,,,,,,,p4049.htm#i40483,,,,I00612660
Q125763,Q103838175,,,,,,,,,,,,,,,,,,,,,,,,,,,,,,,,,,,,,,,,,,,,,I00326796
Q125767,Q76012357,,,,,,,,,,,,,,,,,,,,,,,,,,,,,p=beatrice;n=de taillebois hephall,,,,,,,,,,,,p46658.htm#i466574,Beatrix_Tallebois_(1),,Taillebois-20,
Q125771,Q97570425,,,,,,,,,,,,,,,,,,,,,,,,,,,,,p=ne;n=n;oc=18112,,,,,,,,,,,,,,,,I00326798
Q125773,Q4700297,,,,,,,,,,,,,,,,,,,,,,,,,,,,,p=akaris fitzbardolph;n=of ravensworth,,,,,,,,,,,,,Akaris_Fitz_Bardolf_(2),,FitzBardolf-2,I00326799
Q125775,Q2852414,,,,,,,,,,,,,,,,,,,,,,,,,,,141785,,p=anquetil;n=d harcourt,,,,,,,,,,,,p39201.htm#i392009,Anchetil_d'Harcourt_(1),,Harcourt-18,I00028872
Q125777,Q75937326,,,,,,,,,,,,,,,,,,,,,,,,,,,,,,,,,,,,,,,,,p41477.htm#i414770,,,,
Q125779,Q28407032,,,,,,,,,,,,,,,,,,,,,,,,,,,,,p=renaud;n=de soissons;oc=1,,,,,,,,,,,,,,,,
Q125781,Q110520576,,,,,,,,,,,,,,,,,,,,,,,,,,,,,p=ives;n=de nesle,,,,,,,,,,,,,,,De_Nesle-4,I00120727
Q125783,Q2076383,,,,,,,,,,,,,,,,,,,,,,,,,,,910148,,p=raoul;n=de nesle;oc=1,,,,,,,,,,,,,Raoul_Unknown_(5),,De_Nesle-5,I00120729
Q125785,Q1188484,,,,,,,,,,,,,,,,,,,,,,,,,,,1084752,,p=alexandre;n=de conversano,,,,,,,,,,,,,"Alexander,_Count_of_Conversano_(1)",,,
Q125787,Q75571698,,,,,,,,,,,,,,,,,,,,,,,,,,,,,p=altruda;n=de conversano|p=altruda;n=n,,,,,,,,,,,,p21942.htm#i219414,,,Conversano-4,
Q125789,Q3939252,,,,,,,,,,,,,,,,,,,,,,,,,,,,,,,,,,,,,,,,,,,,,
Q125791,Q124264470,,,,,,,,,,,,,,,,,,,,,,,,,,,,,p=roberto;n=de lucera,,,,,,,,,,,,,Roberto_di_Lacera_(1),,,
Q125793,Q1392225,,,,,,,,,,,,,,,,,,,,,,,,,,,,,p=guillaume;n=de monte sant angelo,,,,,,,,,,,,,,,,
Q125795,Q75571693,,,,,,,,,,,,,,,,,,,,,,,,,,,,,,,,,,,,,,,,,p21942.htm#i219411,,,,
Q125797,Q76346680,,,,,,,,,,,,,,,,,,,,,,,,,,,1084772,,p=ne;n=de moulins;oc=1,,,,,,,,,,,,p70418.htm#i704178,,,,
Q125799,Q3957910,,,,,,,,,,,,,,,,,,,,,,,,,,,,,p=serlon;n=de vintimille,,,,,,,,,,,,,,,,
Q125801,Q5549952,,,,,,,,,,,,,,,,,,,,,,,,,,,,,,,,,,,,,,,,,,,,,
Q125803,Q1029672,,,,,,,,,,,,,,,,,,,,,,,,,,,,,p=asclettin;n=quarrel drengot,,,,,,,,,,,,,Asclettin_of_Acerenza_(1),,,
Q125805,Q1028663,,,,,,,,,,,,,,,,,,,,,,,,,,,,,p=asclettin;n=d acerenza,,,,,,,,,,,,,"Asclettin,_Count_of_Aversa_(1)",,,
Q125807,Q21055217,,,,,,,,,,,,,,,,,,,,,,,,,,,,,p=rainulf;n=di aversa,,,,,,,,,,,,,,,,
Q125809,Q28140,,,,,,,,,,,,,,,,,,,,,,,,,,,,,,,,,,,,,,,,,,Sergius_of_Naples_(1),,,
Q125811,Q76068810,,,,,,,,,,,,,,,,,,,,,,,,,,,,,,,,,,,,,,,,,p50868.htm#i508679,,,,
Q125813,Q76068813,,,,,,,,,,,,,,,,,,,,,,,,,,,,,,,,,,,,,,,,,p50869.htm#i508681,,,,
Q125815,Q108617099,,,,,,,,,,,,,,,,,,,,,,,,,,,484068,,p=archambaud;n=de comborn;oc=10,,,,,,,,,,,,,,,De_COMBORN-9,I00139548
Q125817,Q3717867,,,,,,,,,,,,,,,,,,,,,,,,,,,,,p=ebles;n=de ventadour;oc=2,,,,,,,,,,,,,Eble_II_of_Ventadorn_(1),,,I00196971
Q125819,Q116984095,,,,,,,,,,,,,,,,,,,,,,,,,,,,,p=hodierne;n=de montlhery,,,,,,,,,,,,,Hodierne_De_Montlhery_(1),,Montlhéry-28,I00314187
Q125821,Q110520470,,,,,,,,,,,,,,,,,,,,,,,,,,,259139,,p=bernard;n=de saint valery;oc=3,,,,,,,,,,,,,Bernard_Unknown_(17),,St_Valéry-28,I00314188
Q125823,Q101167297,,,,,,,,,,,,,,,,,,,,,,,,,,,,,p=geoffrey;n=of newmarsh,,,,,,,,,,,,,Geoffrey_Neufmarche_(1),,Neufmarche-22,I00139676
Q125825,Q2394860,,,,,,,,K4LT-K4X,,,,,,,,,,,,,,,,,,,,,,,,,,,,,,,,,p10257.htm#i102566,Bernard_de_Neufmarché_(1),,Neufmarché-5,I00027755
Q125827,Q75567375,,,,,,,,,,,,,,,,,,,,,,,,,,,,,,,,,,,,,,,,,p21695.htm#i216941,,,,
Q125829,Q103820505,,,,,,,,,,,,,,,,,,,,,,,,,,,,,,,,,,,,,,,,,,,,,
Q125831,Q103820517,,,,,,,,,,,,,,,,,,,,,,,,,,,,,,,,,,,,,,,,,,,,,
Q125833,Q103820523,,,,,,,,,,,,,,,,,,,,,,,,,,,,,,,,,,,,,,,,,,,,,
Q125835,Q108274404,,,,,,,,,,,,,,,,,,,,,,,,,,,1240828,,p=avoye;n=de clare,,,,,,,,,,,,,Avoise_de_Clare_(1),,Clare-490,I00478633
Q125837,Q3436701,,,,,,,,,,,,,,,,,,,,,,,,,,,,,p=robert;n=de brionne,,,,,,,,,,,,,,,FitzBaldwin-2,
Q125839,Q104849307,,,,,,,,,,,,,,,,,,,,,,,,,,,,,,,,,,,,,,,,,,,,FitzBaldwin-3,
Q125841,Q104849320,,,,,,,,,,,,,,,,,,,,,,,,,,,,,p=richard;n=de brionne,,,,,,,,,,,,,,,FitzBaldwin-4,
Q125843,Q104849342,,,,,,,,,,,,,,,,,,,,,,,,,,,,,p=adelise;n=de brionne,,,,,,,,,,,,,,,De_Brionne-15,
Q125845,Q104849354,,,,,,,,,,,,,,,,,,,,,,,,,,,,,p=emma;n=de brionne,,,,,,,,,,,,,,,,
Q125849,Q3346938,,,,,,,,,,,,,,,,,,,,,,,,,,,130148,,p=neel;n=de saint sauveur,,,,,,,,,,,,,Niel_De_St_Sauveur_(1),,St_Sauveur-22,
Q125851,Q76298487,,,,,,,,,,,,,,,,,,,,,,,,,,,,,,,,sw.212698,,,,,,,,,p67157.htm#i671569,Aeda_Von_Hildeberg_(1),,,I00020355
Q125853,Q2013990,,,,,,,,,,,,,,,,,,,,,,,,,,,,,,,,,,,,,,,,,,Oda_von_Sachsen_(1),,Unknown-559198,I00020357
Q125855,Q28862344,,,,,,,,,,,,,,,,,,,,,,,,,,,8715,,p=swanhilde;n=von sachsen;oc=1,,,dw.88,,,,,,,,,p891.htm#i8908,Schwanhild_Unknown_(1),,Billung-36,I00422386
Q125857,Q1341841,,,,,,,,,,,,,,,,,,,,,,,,,,,,,,,,,,,,,,,,,,,,,
Q125859,Q4065137,,,,,,,,,,,,,,,,,,,,,,,,,,,,,,,,,,,,,,,,,,,,,
Q125861,Q122259802,,,,,,,,,,,,,,,,,,,,,,,,,,,127161,,p=raoul;n=de gand,,,,,,,,,,,,,Rudolf_van_Gent_(2),,Gant-297,I00092003
Q125863,Q2923785,,,,,,,,,,,,,,,,,,,,,,,,,,,124762,,p=baudouin;n=de gand,,,,,,,,,,,,,Boudewijn_I_van_Gent_(1),,Gent-507,I00092007
Q125867,Q1223864,,,,,,,,,,,,,,,,,,,,,,,,,,,454365,,p=thierry;n=de hollande;oc=1,,,,,,,,,,,,p15049.htm#i150484,"Dirk_IV,_Count_of_Holland_(1)",,Holland-2242,I00104695
Q125869,Q469671,,,,,,,,,,,,,,,,,,,,,,,,,,,87926,,p=florent;n=de hollande;oc=1,,,dw.8957,,,,,,,,,p11359.htm#i113584,Floris_I_van_Holland_(1),,Holland-788,I00018662
Q125871,Q76240020,,,,,,,,,,,,,,,,,,,,,,,,,,,90466,,p=suanehilde;n=de frise occidentale,,,,,,,,,,,,p62943.htm#i629430,Suanehildis_of_Holland_(1)|Swanhilde_van_Holland_(1),,Holland-1635,
Q125873,Q76240021,,,,,,,,,,,,,,,,,,,,,,,,,,,,,,,,,,,,,,,,,p62944.htm#i629431,Bertrade_of_Holland_(1),,Holland-4259,
Q125875,Q76300036,,,,,,,,,,,,,,,,,,,,,,,,,,,,,,,,,,,,,,,,,p67269.htm#i672684,,,,
Q125877,Q76300089,,,,,,,,,,,,,,,,,,,,,,,,,,,,,,,,,,,,,,,,,p67273.htm#i672724,,,,
Q125879,Q76300051,,,,,,,,,,,,,,,,,,,,,,,,,,,740885,,,,,,,,,,,,,,p67270.htm#i672696,,,,
Q125881,Q76300104,,,,,,,,,,,,,,,,,,,,,,,,,,,,,,,,,,,,,,,,,p67274.htm#i672735,,,,
Q125883,Q1279462,,,,,,,,,,,,,,,,,,,,,,,,,,,136234,,p=eberhardt;n=von nellenburg,,,,,,,,,,,,p67272.htm#i672711,Eberhard_Von_Nellenburg_(2),,,I00280734
Q125885,Q75255646,,,,,,,,,,,,,,,,,,,,,,,,,,,,,,,,,,,,,,,,,p1544.htm#i15436,,,,
Q125887,Q76240012,,,,,,,,,,,,,,,,,,,,,,,,,,,,,,,,,,,,,,,,,p62943.htm#i629424,,,,
Q125889,Q107235553,,,,,,,,,,,,,,,,,,,,,,,,,,,8752,,,,,,,,,,,,,,,Matilda_of_Verdun_(1),,Lorraine-164,
Q125891,Q76298501,,,,,,,,,,,,,,,,,,,,,,,,,,,,,,,,,,,,,,,,,p67158.htm#i671579,,,Unknown-298610,I00627988
Q125893,Q76300002,,,,,,,,,,,,,,,,,,,,,,,,,,,,,,,,,,,,,,,,,p67266.htm#i672654,,,,
Q125895,Q76300010,,,,,,,,,,,,,,,,,,,,,,,,,,,,,,,,,,,,,,,,,p67267.htm#i672662,,,,I00628016
Q125897,Q76300065,,,,,,,,,,,,,,,,,,,,,,,,,,,,,,,,,,,,,,,,,p67271.htm#i672708,,,,
Q125899,Q76298640,,,,,,,,,,,,,,,,,,,,,,,,,,,,,,,,,,,,,,,,,p67167.htm#i671665,,,,
Q125901,Q76299611,,,,,,,,,,,,,,,,,,,,,,,,,,,,,,,,,,,,,,,,,p67232.htm#i672320,,,,
Q125903,Q76299577,,,,,,,,,,,,,,,,,,,,,,,,,,,,,,,,,,,,,,,,,p67230.htm#i672292,,,Von_Breisgau-1,
Q125905,Q15621704,,,,,,,,,,,,,,,,,,,,,,,,person/2e94e45f-0fa2-45d8-9adf-9f545c842c5a,,,,,,,,,,,,,,,,,p67244.htm#i672437,,,,
Q125907,Q76300540,,,,,,,,,,,,,,,,,,,,,,,,,,,,,p=berthold;n=von breisgau;oc=1,,,,,,,,,,,,p67309.htm#i673089,,,Breisgau-2,
Q125909,Q24175906,,,,,,,,,,,,,,,,,,,,,,,,,,,770743,,,,,,,,,,,,,,p67268.htm#i672676,,,Von_Breisgau-3,I00112678
Q125911,Q76300026,,,,,,,,,,,,,,,,,,,,,,,,,,,,,,,,,,,,,,,,,p67268.htm#i672677,,,,
Q125913,Q76300031,,,,,,,,,,,,,,,,,,,,,,,,,,,770751|201637|740890,,p=eberhard;n=von nellenburg;oc=6|p=eberhardt;n=von nellenburg;oc=2,,,,,,,,,,,,p67268.htm#i672680,,,Nellenburg-6|Thurgau-2,I00371462
Q125915,Q96322713,,,,,,,,,,,,,,,,,,,,,,,,,,,,,,,,,,,,,,,,,,,,,
Q125917,Q61577386,,,,,,,,,,,,,,,,,,,,,,,,,,,1248443,,p=arnold;n=von lenzburg,,,sw.212539,,,,,,,,,,,,Lenzburg-3,
Q125919,Q3778402,,,,,,,,,,,,,,,,,,,,,,,,,,,,,,,,,,,,,,,,,,,,,
Q125921,Q119863489,,,,,,,,,,,,,,,,,,,,,,,,,,,,,,,,,,,,,,,,,,,,,
Q125923,Q110570694,,,,,,,,,,,,,,,,,,,,,,,,,,,488244,,p=ida;n=von pfirt,,,,,,,,,,,,,Hilla_von_Pfirt_(1),,,I00060853
Q125925,Q316104,,,,,,,,,,,,,,,,,,,,,,,,,,,434594,,p=werner;n=von habsburg;oc=3,,,sw.212498,,,,,,,,,,"Werner_II,_Count_of_Habsburg_(1)",,Habsburg-147,I00060854
Q125927,Q1462084,,,,,,,,,,,,,,,,,,,,,,,,,,,488256,,,,,,,,,,,,,,,,,,I00371474
Q125929,Q59417351,,,,,,,,,,,,,,,,,,,,,,,,,,,,,p=rudolf;n=von tierstein;oc=3,,,,,,,,,,,,,,,,I00201878
Q125931,Q59417412,,,,,,,,,,,,,,,,,,,,,,,,,,,,,p=rudolf;n=von tierstein;oc=5,,,,,,,,,,,,,,,,I00201880
Q125933,Q116150056,,,,,,,,,,,,,,,,,,,,,,,,,,,,,,,,,,,,,,,,,,,,,I00106512
Q125935,Q116150057,,,,,,,,,,,,,,,,,,,,,,,,,,,,,,,,,,,,,,,,,,,,,I00106513
Q125937,Q116150059,,,,,,,,,,,,,,,,,,,,,,,,,,,,,,,,,,,,,,,,,,Bertha_Von_Bliesgau_(1),,,I00106517
Q125939,Q61139481,,,,,,,,,,,,,,,,,,,,,,,,,,,,,p=volmar;n=von frohburg,,,,,,,,,,,,,Volmar_Von_Frohburg_(1),,,I00426925
Q125941,Q110260541,,,,,,,,,,,,,,,,,,,,,,,,,,,,,p=hermann;n=von frohburg;oc=2,,,,,,,,,,,,,Hermann_Von_Frohburg_(1),,,
Q125943,Q61140594,,,,,,,,,,,,,,,,,,,,,,,,,,,,,p=adalbero;n=von frohburg,,,,,,,,,,,,,,,,
Q125945,Q2055129,,,,,,,,,,,,,,,,,,,,,,,,,,,629940,,p=teodaldo;n=di canossa,,,,,,,,,,,,,Tedald_of_Canossa_(1),,Canossa-4,
Q125949,Q22344311,,,,,,,,,,,,,,,,,,,,,,,,,,,8757,,p=uda;n=von lobdengau,,,sw.214076,,,,,,,,,,Doda_Unknown_(14),,UNKNOWN-130518,I00521893
Q125951,Q704988,,,,,,,,,,,,,,,,,,,,,,,,,,,8759,,p=godefroi;n=de lorraine;oc=1,,,,,,,,,,,,p15059.htm#i150582,"Godfrey_IV,_Duke_of_Lower_Lorraine_(1)",,Lotharingia-39,I00534120
Q125953,Q2899413,,,,,,,,,,,,,,,,,,,,,,,,,,,,,p=bertrand;n=de verdun;oc=4,,,,,,,,,,,,,Bertram_de_Verdun_(1),,Verdun-94,I00606057
Q125955,Q75247652,,,,,,,,,,,,,,,,,,,,,,,,,,,,,,,,dw.471,,,,,,,,,p884.htm#i8831,,,,
Q125957,Q22344312,,,,,,,,,,,,,,,,,,,,,,,,,,,,,p=beatrice;n=de lorraine,,,,,,,,,,,,,,,,I00726523
Q125959,Q76298701,,,,,,,,,,,,,,,,,,,,,,,,,,,,,,,,,,,,,,,,,p67171.htm#i671703,,,,
Q125961,Q122277863,,,,,,,,,,,,,,,,,,,,,,,,,,,,,p=othon;n=de limbourg,,,,,,,,,,,,p60444.htm#i604437,Udo_van_Limburg_(1),,Limburg-21,I00050319
Q125963,Q76102484,,,,,,,,,,,,,,,,,,,,,,,,,,,,,,,,,,,,,,,,,p53223.htm#i532230,,,,
Q125965,Q3324621,,,,,,,,,,,,,,,,,,,,,,,,,,,323443,,p=ermengarde;n=de nevers,,,,,,,,,,,,p380.htm#i3792,Ermengarde_of_Nevers_(1),,Nevers-63,I00028682
Q125967,Q76034478,,,,,,,,,,,,,,,,,,,,,,,,,,,,,,,,,,,,,,,,,p48332.htm#i483317,,,,
Q125969,Q76034479,,,,,,,,,,,,,,,,,,,,,,,,,,,,,,,,,,,,,,,,,p48332.htm#i483318,,,,
Q125971,Q3142124,,,,,,,,,,,,,,,,,,,,,,,,,,,590091,,p=hubert;n=du maine;oc=1,,,,,,,,,,,,p450.htm#i4493,Hubert_de_Beaumont_(2),,Beaumont-591,I00139985
Q125973,Q76010799,,,,,,,,,,,,,,,,,,,,,,,,,,,,,,,,,,,,,,,,,p46546.htm#i465460,,,,
Q125975,Q76010800,,,,,,,,,,,,,,,,,,,,,,,,,,,,,,,,,,,,,,,,,p46547.htm#i465461,,,,
Q125977,Q76010801,,,,,,,,,,,,,,,,,,,,,,,,,,,,,,,,,,,,,,,,,p46547.htm#i465462,,,,
Q125979,Q76010802,,,,,,,,,,,,,,,,,,,,,,,,,,,,,,,,,,,,,,,,,p46547.htm#i465463,,,,
Q125981,Q3101180,,,,,,,,,,,,,,,,,,,,,,,,,,,,,p=geoffroy;n=de+sable;,,,,,,,,,,,,,,,Sablé-13,
Q125983,Q110578152,,,,,,,,,,,,,,,,,,,,,,,,,,,,,p=enoguen;n=de vitre,,,,,,,,,,,,,Enoguen_Vitre_(1),,Vitré-12,I00124701
Q125985,Q357306,,,,,,,,,,,,,,,,,,,,,,,,,,,472709,,p=robert;n=de craon,,,,,,,,,,,,,,,Craon-35,I00559499
Q125987,Q110578148,,,,,,,,,,,,,,,,,,,,,,,,,,,392141,,p=maurice;n=de craon;oc=1,,,,,,,,,,,,,Maurice_de_Craon_(2),,Craon-18,I00124702
Q125989,Q111015496,,,,,,,,,,,,,,,,,,,,,,,,,,,,,p=hersende;n=de la suze,,,,,,,,,,,,,Hersende_De_La_Suze_(1),,Suze-2,I00559537
Q125991,Q3242573,,,,,,,,,,,,,,,,,,,,,,,,,,,,,p=lisiard;n=de sable;oc=2,,,,,,,,,,,,,Lisiard_Unknown_(1),,Nevers-45,I00559540
Q125993,Q110603017,,,,,,,,,,,,,,,,,,,,,,,,,,,,,p=aelis;n=de guines,,,,,,,,,,,,,,,,I00197227
Q125995,Q110603011,,,,,,,,,,,,,,,,,,,,,,,,,,,,,p=hugues;n=damas;oc=15,,,,,,,,,,,,,,,,I00197224
Q125997,Q111050799,,,,,,,,,,,,,,,,,,,,,,,,,,,,,p=geoffroy;n=de semur;oc=3,,,,,,,,,,,,,,,Semur-16,
Q125999,Q3417816,,,,,,,,,,,,,,,,,,,,,,,,,,,,,,,,,,,,,,,,,,,,,
Q126001,Q111453001,,,,,,,,,,,,,,,,,,,,,,,,,,,184960,,p=adele;n=de breteuil,,,,,,,,,,,,,Adela_de_Breteuil_(1),,Breteuil-1,I00139715
Q126003,Q176550,,,,,,,,,,,,,,,,,,,,,,,,,,,34698,,p=simon;n=de crepy,,,,,,,,,,,,,Simon_Unknown_(17),,,I00198143
Q126005,Q31440478,,,,,,,,,,,,,,,,,,,,,,,,,,,126812,,p=adele;n=de hollande,,,,,,,,,,,,p49987.htm#i499863,Adela_Christina_of_Holland_(1),,Flandre-49|Holland-4755,I00174510
Q126011,Q3787454,,,,,,,,,,,,,,,,,,,,,,,,,,,,,,,,,,,,,,,,,p12063.htm#i120623,Hugh_De_Beaumont_(1),,Beaumont-415,I00451643
Q126013,Q7288325,,,,,,,,,,,,,,,,,,,,,,,,,,,,,,,,,,,,,,,,,,Ralph_Unknown_(10),,,
Q126017,Q2536999,,,,,,,,LZ84-SKX,,,,,,,,,,I4781,,,,,,,,,111087,,p=ada;n=de warenne,,,sw.213610,,,,,,,,,p10293.htm#i102929,Ada_de_Warenne_(2),,Warenne-18,I00015377
Q126019,Q75387844,,,,,,,,,,,,,,,,,,,,,,,,,,,,,p=isabel;n=de beaumont le roger;oc=1,,,,,,,,,,,,p10774.htm#i107736,Isabel_de_Beaumont_(3),,Beaumont-87,I00286794
Q126021,Q75936132,,,,,,,,,,,,,,,,,,,,,,,,,,,970954,,p=adeline;n=de beaumont le roger,,,,,,,,,,,,p41397.htm#i413961,Adeline_de_Beaumont_(1),,Beaumont-272,I00292587
Q126023,Q111452963,,,,,,,,,,,,,,,,,,,,,,,,,,,,,,,,,,,,,,,,,,,,,I00748389
Q126025,Q57398740,,,,,,,,,,,,,,,,,,,,,,,,,,,500091,,p=agnes;n=de beaugency,,,,,,,,,,,,p450.htm#i4496,Agnès_de_Beaugency_(1),,Baugency-5,I00028228
Q126027,Q107361351,,,,,,,,,,,,,,,,,,,,,,,,,,,,,p=geoffroy;n=de la ferte ancoul,,,,,,,,,,,,,Godefroi_De_Laferte-Gaucher_(1),,Ferté-Ancoul-2,I00174688
Q126029,Q107361352,,,,,,,,,,,,,,,,,,,,,,,,,,,,,p=ade;n=de la ferte ancoul,,,,,,,,,,,,,Ade_De_LaFerte-Ancoul_(1),,Ferté-Ancoul-1,I00174687
Q126031,Q3880821,,,,,,,,,,,,,,,,,,,,,,,,,,,579464,,p=oddone boverio;n=del vasto,,,,,,,,,,,,,Ottone_Unknown_(2),,,I00439127
Q126033,Q76286493,,,,,,,,,,,,,,,,,,,,,,,,,,,146517,,p=alice;n=de montfort,,,,,,,,,,,,p66330.htm#i663293,Alice_Montfort_(1),,Montfort-63,I00485323
Q126035,Q61963096,,,,,,,,,,,,,,,,,,,,,,,,,,,146524,,p=gautier;n=de gand|p=walter;n=de gant,,,,,,,,,,,,p65818.htm#i658173,Walter_van_Gent_(1),,Gant-295,I00485331
Q126037,Q75463935,,,,,,,,,,,,,,,,,,,,,,,,,,,146515,,p=emma;n=de gand,,,,,,,,,,,,p15828.htm#i158272,Emma_De_Gaunt_(1),,Gant-260,I00139943
Q126039,Q75936129,,,,,,,,,,,,,,,,,,,,,,,,,,,970951,,p=hugues;n=de montfort,,,,,,,,,,,,p41396.htm#i413959,Hugh_De_Montfort_(3),,Gant-228,I00292586
Q126041,Q2159309,,,,,,,,,,,,,,,,,,,,,,,,,,,,,p=robert;n=de gand,,,,,,,,,,,,,Robert_De_Gaunt_(1),,Gant-264,
Q126043,Q122677387,,,,,,,,,,,,,,,,,,,,,,,,,,,,,p=ne;n=de gand,,,,,,,,,,,,,Felia_De_Gaunt_(1)|Unknown_de_Gant_(1),,Gant-267,
Q126045,Q76207833,,,,,,,,,,,,,,,,,,,,,,,,,,,,,,,,,,,,,,,,,p60459.htm#i604581,Count_Floris_(4),,Holland-786,I00104703|I00104706
Q126049,Q1394458,,,,,,,,,,,,,,,,,,,,,,,,,,,905170,,,,,,,,,,,,,,,William_of_Ypres_(1),,,
Q126051,Q2016088,,,,,,,,,,,,,,,,,,,,,,,,,,,,,p=pierre;n=de dammartin,,,,,,,,,,,,,,,Dammartin-50,
Q126053,Q75933155,,,,,,,,,,,,,,,,,,,,,,,,,,,644255,,p=adele;n=de dammartin,,,,,,,,,,,,p41189.htm#i411888,Aelis_De_Dammartin_(1),,Dammartin-40,I00447094
Q126057,Q1773375,,,,,,,,,,,,,,,,,,,,,,,,,,,307761,,,,,,,,,,,,,,,Rotgaire_De_Montreuil_(1),,Ponthieu-114,
Q126059,Q75255655,,,,,,,,,,,,,,,,,,,,,,,,,,,,,,,,,,,,,,,,,p1544.htm#i15440,,,,
Q126061,Q75301252,,,,,,,,,,,,,,,,,,,,,,,,,,,,,p=guerinfrid;n=d+aumale;,,,,,,,,,,,,p4871.htm#i48703,,,Aumale-10,I00177497
Q126063,Q115633978,,,,,,,,,,,,,,,,,,,,,,,,,,,,,,,,,,,,,,,,,,,,Picquigny-12,I00446998
Q126065,Q116005491,,,,,,,,,,,,,,,,,,,,,,,,,,,,,p=arnoul;n=de+picquigny;,,,,,,,,,,,,,,,Picquigny-13,I00587567
Q126069,Q10285737,,,,,,,,,,,,,,,,,,,,,,,,,,,486869,,p=fredelon;n=de semur,,,,,,,,,,,,,Freelan_de_Chamelet_(1),,De_Semur-en-Brionnais-6,
Q126071,Q10263834,,,,,,,,,,,,,,,,,,,,,,,,,,,492764,,p=dalmatius;n=dalmatii;oc=1,,,,,,,,,,,,,Dalmas_Unknown_(2),,,I00036187
Q126073,Q10263833,,,,,,,,,,,,,,,,,,,,,,,,,,,,,p=dalmatius;n=dalmatii,,,,,,,,,,,,,Dalmas_Unknown_(1),,,
Q126075,Q111993273,,,,,,,,,,,,,,,,,,,,,,,,,,,1092764,,p=savary;n=de donzy;oc=2,,,,,,,,,,,,,Savaric_Unknown_(2),,Vergy-23,I00118628
Q126077,Q110315229,,,,,,,,,,,,,,,,,,,,,,,,,,,580933,,p=mathilde;n=de la ferte milon,,,,,,,,,,,,,,,,I00139707
Q126079,Q110315227,,,,,,,,,,,,,,,,,,,,,,,,,,,1237317,,p=agnes;n=de donzy;oc=1,,,,,,,,,,,,,Agnes_De_Donzy_(1),,Donzy-3,I00197070
Q126081,Q110520562,,,,,,,,,,,,,,,,,,,,,,,,,,,580938,,p=geoffroy;n=de donzy;oc=3,,,,,,,,,,,,,Geoffroy_Unknown_(1),,Donzy-8,I00139710
Q126083,Q3424776,,,,,,,,,,,,,,,,,,,,,,,,,,,323454,,p=renaud;n=de sens,,,,,,,,,,,,p11995.htm#i119942,Renaud_Unknown_(4),,Sens-9,I00559465
Q126087,Q108273917,,,,,,,,,,,,,,,,,,,,,,,,,,,1371282|1240662,,p=main;n=de fougeres;oc=1,,,,,,,,,,,,,Meen_Unknown_(2),,Fougères-20,
Q126089,Q113992458,,,,,,,,,,,,,,,,,,,,,,,,,,,1240666,,p=enoguen;n=n;oc=1,,,,,,,,,,,,,Enoguen_Unknown_(1),,Rennes-21,I00616570
Q126091,Q2844720,,,,,,,,,,,,,,,,,,,,,,,,,,,129784,,p=amadeus;n=de oscheret,,,,,,,,,,,,p67260.htm#i672594,Amadeus_Burgundy_(1),,Bourgogne-269,
Q126093,Q76300185,,,,,,,,,,,,,,,,,,,,,,,,,,,,,p=ne;n=n;oc=56478,,,,,,,,,,,,p67281.htm#i672802,Berta_Di_Spoleto_(1),,,I00772031
Q126095,Q124019191,,,,,,,,,,,,,,,,,,,,,,,,,,,,,p=ne;n=de piacenza,,,,,,,,,,,,,Unknown_Di_Piacenza_(1),,Piacenza-1,I00634005
Q126097,Q124020376,,,,,,,,,,,,,,,,,,,,,,,,,,,579399,,p=riprando;n=degli aleramici,,,,,,,,,,,,,,,,
Q126099,Q124020377,,,,,,,,,,,,,,,,,,,,,,,,,,,,,,,,,,,,,,,,,,,,,
Q126101,Q2037285,,,,,,,,,,,,,,,,,,,,,,,,,,,,,,,,,,,,,,,,,,,,,
Q126103,Q48961788,,,,,,,,,,,,,,,,,,,,,,,,,,,574041,,p=anselmo;n=degli aleramici;oc=2,,,,,,,,,,,,,Anselmo_Unknown_(1),,Saluzzo-28,I00106730
Q126105,Q131363925,,,,,,,,,,,,,,,,,,,,,,,,,,,,,,,,,,,,,,,,,,,,,
Q126107,Q2852509,,,,,,,,,,,,,,,,,,,,,,,,,,,,,,,,,,,,,,,,,,,,,
Q126109,Q76009538,,,,,,,,,,,,,,,,,,,,,,,,,,,,,,,,,,,,,,,,,p46487.htm#i464868,,,,
Q126111,Q116005825,,,,,,,,,,,,,,,,,,,,,,,,,,,,,,,,,,,,,,,,,,,,,I00079572
Q126115,Q131341003,,,,,,,,,,,,,,,,,,,,,,,,,,,,,,,,,,,,,,,,,,,,,
Q126117,Q98697968,,,,,,,,,,,,,,,,,,,,,,,,,,,,,p=ne;n=n;oc=61072,,,,,,,,,,,,,,,,I00141511
Q126123,Q2870694,,,,,,,,,,,,,,,,,,,,,,,,,,,,,,,,,,,,,,,,,,Aud_Haakonsdottir_of_Lade_(1),,,
Q126131,Q101003184,,,,,,,,,,,,,,,,,,,,,,,,,,,,,,,,,,,,,,,,,,,,,
Q126135,Q16729886,,,,,,,,,,,,,,,,,,,,,,,,,,,,,p=dunan;n=of caithness,,,,,,,,,,,,,,,Duncan-1513,
Q126139,Q16726150,,,,,,,,,,,,,,,,,,,,,,,,,,,,,,,,,,,,,,,,,p71095.htm#i710950,Audna_Of_Ireland_(1),,Kjarvalsdottir-1,
Q126143,Q76068808,,,,,,,,,,,,,,,,,,,,,,,,,,,,,,,,,,,,,,,,,p50868.htm#i508678,,,Crispin-29,
Q126149,Q763516,,,,,,,,,,,,,,,,,,,,,,,,,,,141035|144737|1371287,,p=erispoe;n=de bretagne,,,,,,,,,,,,,Erispoe_(1),,Bretagne-50,
Q126151,Q3294505,,,,,,,,,,,,,,,,,,,,,,,,,,,1372202|207267,,p=marmoec;n=de poher,,,,,,,,,,,,,Marmoec_De_Poher_(1),,Unknown-449283,
Q126153,Q115634086,,,,,,,,,,,,,,,,,,,,,,,,,,,,,,,,,,,,,,,,,,,,,I00050238
Q126155,Q116004986,,,,,,,,,,,,,,,,,,,,,,,,,,,,,,,,,,,,,,,,,,,,Rumigny-9,I00027420
Q126157,Q116148524,,,,,,,,,,,,,,,,,,,,,,,,,,,,,p=mahaut;n=de+rumigny;,,,,,,,,,,,,,,,,I00113067
Q126159,Q106686434,,,,,,,,,,,,,,,,,,,,,,,,,,,,,,,,,,,,,,,,,,,,,I00030550
Q126161,Q111688083,,,,,,,,,,,,,,,,,,,,,,,,,,,500107,,,,,,,,,,,,,,,,,Boves-1,
Q126163,Q113461651,,,,,,,,,,,,,,,,,,,,,,,,,,,140678,,p=emma;n=n;oc=47,,,,,,,,,,,,,Emma_Unknown_(479),,Unknown-522614,
Q126165,Q113463555,,,,,,,,,,,,,,,,,,,,,,,,,,,,,p=eudes;n=de beaumont sur oise,,,,,,,,,,,,,Eudes_de_Beaumont_(1),,,
Q126167,Q10293212,,,,,,,,,,,,,,,,,,,,,,,,,,,306149,,p=guy;n=de chatillon;oc=7,,,,,,,,,,,,,Guy_de_Chatillon_(1),,Châtillon-26,I00027552
Q126169,Q10288512,,,,,,,,,,,,,,,,,,,,,,,,,,,306145,,p=gaucher;n=de chatillon;oc=11,,,,,,,,,,,,p70902.htm#i709014,Gaucher_de_Châtillon_(1),,Châtillon-25,I00027554
Q126171,Q1342959,,,,,,,,,,,,,,,,,,,,,,,,,,,982418,,p=enguerrand;n=de coucy;oc=1|p=enguerrand;n=de coucy;oc=12,,,,,,,,,,,,,,,De_Boves-2,I00028233
Q126173,Q1635918,,,,,,,,,,,,,,,,,,,,,,,,,,,,,,,,,,,,,,,,,,,,,
Q126175,Q21535016,,,,,,,,,,,,,,,,,,,,,,,,,,,,,,,,,,,,,,,,,,,,,I00028244
Q126177,Q106686363,,,,,,,,,,,,,,,,,,,,,,,,,,,,,p=bernard;n=d orbais,,,,,,,,,,,,,,,Orbais-9,I00164743
Q126179,Q106686361,,,,,,,,,,,,,,,,,,,,,,,,,,,,,,,,,,,,,,,,,,,,Orbais-8,I00164745
Q126181,Q287666,,,,,,,,,,,,,,,,,,,,,,,,,,,,,p=evrard;n=de breteuil,,,,,,,,,,,,,,,Breteuil-13,I00028247
Q126183,Q76355997,,,,,,,,,,,,,,,,,,,,,,,,,,,464136,,p=valeran;n=de breteuil,,,,,,,,,,,,p70903.htm#i709029,,,Breteuil-20,I00164668
Q126187,Q97185557,,,,,,,,,,,,,,,,,,,,,,,,,,,,,,,,,,,,,,,,,,,,,I00076103
Q126191,Q3883690,,,,,,,,,,,,,,,,,,,,,,,,,,,309948,,p=lithuise;n=de troyes,,,,,,,,,,,,,Lithuise_of_Blois_(1)|Lithuise_Troyes_(1),,Eu-29,I00106274
Q126193,Q249371,,,,,,,,,,,,,,,,,,,,,,,,,,,,,p=gui;n=de montlhery,,,,,,,,,,,,p11359.htm#i113588,Guy_II_of_Montlhéry_(1),,,
Q126195,Q51954630,,,,,,,,,,,,,,,,,,,,,,,,,,,,,p=renaud;n=de montlhery,,,,,,,,,,,,,,,,
Q126197,Q113133881,,,,,,,,,,,,,,,,,,,,,,,,,,,,,p=emmeline;n=de montlhery,,,,,,,,,,,,,,,Montlhéry-13,I00139476
Q126199,Q61196680,,,,,,,,,,,,,,,,,,,,,,,,,,,309944,,p=isabeau;n=de montlhery,,,,,,,,,,,,,Isabeau_De_Montlhery_(1),,Montlhéry-7,I00028294
Q126201,Q3119306,,,,,,,,,,,,,,,,,,,,,,,,,,,,,p=guy;n=de rochefort;oc=5,,,,,,,,,,,,,,,,
Q126203,Q550540,,,,,,,,,,,,,,,,,,,,,,,,,,,,,p=hugues;n=de crecy;oc=2,,,,,,,,,,,,,,,Montlhéry-10,I00628153
Q126207,Q921391,,,,,,,,,,,,,,,,,,,,,,,,,,,396851|580962,,,,,,,,,,,,,,p508.htm#i5072,Gabriel_of_Melitene_(1),,Melitene-1,I00122048
Q126209,Q76371342,,,,,,,,,,,,,,,,,,,,,,,,,,,,,,,,,,,,,,,,,p71782.htm#i717816,,,Camville-5,I00028890|I00140322
Q126211,Q18576929,,,,,,,,,,,,,,,,,,,,,,,,,,,499953,,p=robert;n=marmion;oc=6,,,,,,,,,,,,,,,Marmion-16,I00199645
Q126215,Q252336,,,,,,,,,,,,,,,,,,,,,,,,,,,,,,,,,,,,,,,,,p42141.htm#i421402,,,,
Q126217,Q76371345,,,,,,,,,,,,,,,,,,,,,,,,,,,,,,,,,,,,,,,,,p71782.htm#i717819,,,,
Q126221,Q76371355,,,,,,,,,,,,,,,,,,,,,,,,,,,,,,,,,,,,,,,,,p71783.htm#i717827,,,,
Q126223,Q75276924,,,,,,,,,,,,,,,,,,,,,,,,,,,,,,,,,,,,,,,,,p3196.htm#i31951,,,Camville-34,
Q126225,Q98967545,,,,,,,,,,,,,,,,,,,,,,,,,,,,,,,,,,,,,,,,,,,,,I00199647
Q126227,Q113633094,,,,,,,,,,,,,,,,,,,,,,,,,,,,,,,,,,,,,,,,,,,,Marmion-15,I00398072
Q126229,Q113991093,,,,,,,,,,,,,,,,,,,,,,,,,,,918872,,p=heribrand;n=de saussure,,,,,,,,,,,,,,,,I00198371
Q126231,Q113991120,,,,,,,,,,,,,,,,,,,,,,,,,,,918873,,p=hedwige;n=d orchimont,,,,,,,,,,,,,,,,I00198372
Q126233,Q22690692,,,,,,,,,,,,,,,,,,,,,,,,,,,,,p=alvis;n=de rama,,,,,,,,,,,,,Helvis_of_Ramla_(1),,Ramla-1,I00106162
Q126235,Q2831261,,,,,,,,,,,,,,,,,,,,,,,,,,,,,p=albert;n=de hierges,,,,,,,,,,,,,,,,
Q126237,Q7336969,,,,,,,,,,,,,,,,,,,,,,,,,,,146922,,p=ridoredh;n=n,,,,,,,,,,,,,Ridoredh_Vannes_(7),,Vannes-7,I00628119
Q126239,Q3446628,,,,,,,,,,,,,,,,,,,,,,,,,,,1084559,,p=rudalt;n=de vannes,,,,,,,,,,,,,Rudalt_Unknown_(1),,Bretagne-34,
Q126241,Q110611913,,,,,,,,,,,,,,,,,,,,,,,,,,,,,,,,,,,,,,,,,,,,,I00326846
Q126243,Q2069954,,,,,,,,,,,,,,,,,,,,,,,,,,,913406,,p=budic;n=de nantes,,,,,,,,,,,,,,,,
Q126245,Q110578144,,,,,,,,,,,,,,,,,,,,,,,,,,,,,,,,,,,,,,,,,,,,,I00141482
Q126247,Q110578145,,,,,,,,,,,,,,,,,,,,,,,,,,,,,p=ne;n=n;oc=2504,,,,,,,,,,,,,,,,I00474786
Q126249,Q2417108,,,,,,,,,,,,,,,,,,,,,,,,,,,323441,,p=thibault;n=de montmorency,,,,,,,,,,,,,,,,
Q126251,Q106155067,,,,,,,,,,,,,,,,,,,,,,,,,,,,,p=nocher;n=de bar sur aube;oc=1,,,,,,,,,,,,,,,Bar-Sur-Aube-2,I00141441
Q126257,Q2177549,,,,,,,,,,,,,,,,,,,,,,,,,,,381562,,,,,,,,,,,,,,p58247.htm#i582464,Rutger_of_Cleves_(1),,,I00550727
Q126259,Q101247452,,,,,,,,,,,,,,,,,,,,,,,,,,,8768,,p=hildegarde;n=von stade,,,,,,,,,,,,,Hildegard_von_Stade_(1),,Stade-14,I00020359
Q126261,Q21784185,,,,,,,,,,,,,,,,,,,,,,,,,,,,,,,,,,,,,,,,,,Godesdiu_of_Saxony_(2),,Billung-47,
Q126265,Q76240010,,,,,,,,,,,,,,,,,,,,,,,,,,,,,,,,,,,,,,,,,p62943.htm#i629423,,,,
Q126267,Q76196714,,,,,,,,,,,,,,,,,,,,,,,,,,,150060,,,,,,,,,,,,,,p59705.htm#i597043,,,,
Q126269,Q708703,,,,,,,,,,,,,,,,,,,,,,,,,,,192138,,,,,,,,,,,,,,p15049.htm#i150488,Gerulf_I_van_Holland_(1),,Friesland-26,I00091836
Q126271,Q110603037,,,,,,,,,,,,,,,,,,,,,,,,,,,,,,,,,,,,,,,,,,,,Flanders-309,I00104696
Q126273,Q75558713,,,,,,,,,,,,,,,,,,,,,,,,,,,135071,,p=rosella;n=de saint pol,,,,,,,,,,,,p21199.htm#i211986,Rosetta_Saint_Pol_(1)|Rozelle_Boulogne_(1),,St_Pol-8,I00079576
Q126275,Q2294869,,,,,,,,,,,,,,,,,,,,,,,,,,,130128,,p=eustache;n=de guines;oc=1,,,,,,,,,,,,,,,Guînes-27,I00647125
Q126277,Q75558705,,,,,,,,,,,,,,,,,,,,,,,,,,,313601,,p=robert;n=le blount,,,,,,,,,,,,p21199.htm#i211981,,,Le_Blount-34,
Q126279,Q116005815,,,,,,,,,,,,,,,,,,,,,,,,,,,,,p=louise;n=de guines,,,,,,,,,,,,,,,,I00079574
Q126285,Q109101303,,,,,,,,,,,,,,,,,,,,,,,,,,,630847,,p=barthelemy;n=de broyes,,,,,,,,,,,,,,,Broyes-1,I00139473
Q126287,Q875976,,,,,,,,,,,,,,,,,,,,,,,,,,,682459,,p=markwart;n=von eppenstein;oc=2,,,,,,,,,,,,,Marquard_Unknown_(2),,,
Q126289,Q347173,,,,,,,,,,,,,,,,,,,,,,,,,,,,,,,,,,,,,,,,,,,,,
Q126291,Q3435485,,,,,,,,,,,,,,,,,,,,,,,,,,,314295,,p=robert;n=d auvergne;oc=9,,,,,,,,,,,,,Robert_Ier_de_Clermont_(1),,Auvergne-86,I00122068
Q126293,Q112242218,,,,,,,,,,,,,,,,,,,,,,,,,,,314298,,p=adalgarde;n=n,,,,,,,,,,,,,,,Unknown-546544,
Q126295,Q3592208,,,,,,,,,,,,,,,,,,,,,,,,,,,,,p=etienne;n=d auvergne;oc=2,,,,,,,,,,,,,,,,
Q126297,Q112242317,,,,,,,,,,,,,,,,,,,,,,,,,,,307502,,p=ingelberge;n=n,,,,,,,,,,,,,,,Unknown-376083,I00122067
Q126299,Q112242403,,,,,,,,,,,,,,,,,,,,,,,,,,,,,p=ausende;n=n,,,,,,,,,,,,,,,Unknown-546545,I00122065
Q126301,Q56275579,,,,,,,,,,,,,,,,,,,,,,,,,,,135983,,p=artopergue;n=n,,,,,,,,,,,,,,,,I00020674
Q126303,Q116007140,,,,,,,,,,,,,,,,,,,,,,,,,,,,,p=ne;n=n;oc=2397,,,,,,,,,,,,,,,,I00020817
Q126307,Q111453002,,,,,,,,,,,,,,,,,,,,,,,,,,,,,,,,,,,,,,,,,,,,,I00141447
Q126309,Q48760327,,,,,,,,,,,,,,,,,,,,,,,,,,,697425,,p=renard;n=de joigny;oc=2,,,,,,,,,,,,,,,,I00198146
Q126311,Q101167254,,,,,,,,,,,,,,,,,,,,,,,,,,,,,p=ne;n=n;oc=2396,,,,,,,,,,,,,,,,I00284739
Q126313,Q16842555,,,,,,,,,,,,,,,,,,,,,,,,,,,,,p=herbert;n=of winchester,,,,,,,,,,,,,Herbert_Of_Winchester_(8),,Winchester-50,I00284740
Q126315,Q275470,,,,,,,,,,8502030,,,,,,,,,,,,,,,,,,,,,,,,,,,,,,,,William_of_York_(1),,FitzHerbert-79,
Q126317,Q96244922,,,,,,,,,,,,,,,,,,,,,,,,,,,,,p=sibille;n=de beaumont sur vingeanne,,,,,,,,,,,,,,,,I00106073
Q126319,Q7077885,,,,,,,,,,,,,,,,,,,,,,,,,,,,,p=eudes;n=de champlitte;oc=2,,,,,,,,,,,,,,,,I00197506
Q126321,Q629482,,,,,,,,,,,,,,,,,,,,,,,,,,,632565,,p=guillaume;n=de champlitte,,,sw.1007232,,,,,,,,,p12007.htm#i120067,,,,I00118854
Q126323,Q20047936,,,,,,,,,,,,,,,,,,,,,,,,,,,,,p=beatrix;n=de champlitte,,,,,,,,,,,,,,,,
Q126325,Q75508005,,,,,,,,,,,,,,,,,,,,,,,,,,,,,p=renaud;n=de penthievre,,,,,,,,,,,,p18381.htm#i183810,Reginald_Crawford_(3),,FitzAlan-674,
Q126327,Q2071620,,,,,,,,,,,,,,,,,,,,,,,,,,,,,p=rivallon;n=de penthievre,,,,,,,,,,,,p4049.htm#i40485,,,,I00485382
Q126329,Q2071971,,,,,,,,,,,,,,,,,,,,,,,,,,,,,p=etienne;n=de penthievre,,,,,,,,,,,,p4049.htm#i40486,,,,I00485383
Q126331,Q61963038,,,,,,,,,,,,,,,,,,,,,,,,,,,,,p=alice;n=de gand;oc=1,,,,,,,,,,,,p65818.htm#i658172,Alice_De_Gant_(1),,Gand-16,I00139754
Q126333,Q110611812,,,,,,,,,,,,,,,,,,,,,,,,,,,,,p=robert;n=de gand;oc=2,,,,,,,,,,,,,Robert_de_Gand_(1)|Robert_De_Gand_(1),,Gaunt-113,I00478491
Q126335,Q3105902,,,,,,,,,,,,,,,,,,,,,,,,,,,,,p=gilbert;n=de gand;oc=2,,,,,,,,,,,,,Gilbert_de_Gant_(1),,Gant-280,I00333200
Q126337,Q98960267,,,,,,,,,,,,,,,,,,,,,,,,,,,,,p=agnes;n=de gand;oc=1,,,,,,,,,,,,,Agnes_De_Gaunt_(1),,Gand-20,I00485333
Q126339,Q3132270,,,,,,,,,,,,,,,,,,,,,,,,,,,1240824,,p=henri;n=de fougeres,,,,,,,,,,,,,Henri_de_Fougères_(1),,Fougères-9,I00293978
Q126341,Q114134113,,,,,,,,,,,,,,,,,,,,,,,,,,,1239518,,p=olivier;n=de dinan;oc=2,,,,,,,,,,,,,Oliver_Dinham_(12)|Olivier_Unknown_(1),,Dinan-29,I00175568
Q126343,Q114135068,,,,,,,,,,,,,,,,,,,,,,,,,,,1240617,,p=geoffroy;n=de dinan;oc=1,,,,,,,,,,,,,Godefroy_Unknown_(9),,,
Q126345,Q117037954,,,,,,,,,,,,,,,,,,,,,,,,,,,1239443,,p=rabel;n=de tancarville,,,,,,,,,,,,,,,Tancarville-12,
Q126347,Q110578281,,,,,,,,,,,,,,,,,,,,,,,,,,,1237530,,,,,,,,,,,,,,,,,,I00050056
Q126349,Q110578283,,,,,,,,,,,,,,,,,,,,,,,,,,,1237531,,,,,,,,,,,,,,,,,,I00050057
Q126351,Q2289172,,,,,,,,,,,,,,,,,,,,,,,,,,,1237433,,p=jean;n=de vendome;oc=18,,,,,,,,,,,,,Jean_de_Vendôme_(1),,Preuilly-11,I00163387
Q126353,Q55387481,,,,,,,,,,,,,,,,,,,,,,,,,,,1237518,,p=geoffroy;n=de vendome;oc=22,,,,,,,,,,,,,,,,
Q126355,Q110398777,,,,,,,,,,,,,,,,,,,,,,,,,,,,,,,,,,,,,,,,,,,,,I00106198
Q126357,Q110398774,,,,,,,,,,,,,,,,,,,,,,,,,,,1237522,,,,,,,,,,,,,,,Pierre_Unknown_(18),,De_Preuilly-6,I00050050
Q126359,Q2828008,,,,,,,,,,,,,,,,,,,,,,,,,,,968977,,p=aimery;n=de thouars;oc=5,,,,,,,,,,,,,,,,
Q126361,Q110578315,,,,,,,,,,,,,,,,,,,,,,,,,,,,,,,,,,,,,,,,,,,,Archiac-2,I00195709
Q126363,Q110578316,,,,,,,,,,,,,,,,,,,,,,,,,,,,,,,,,,,,,,,,,,,,,I00195710
Q126365,Q75241557,,,,,,,,,,,,,,,,,,,,,,,,,,,,,p=vitapoy;n=de benauges,,,,,,,,,,,,p378.htm#i3778,Vitapont_Benauges_(1),,Bezaume-3,I00048759
Q126367,Q1553582,,,,,,,,,,,,,,,,,,,,,,,,,,,,,p=guy;n=de comborn;oc=2,,,,,,,,,,,,,,,,I00473465
Q126369,Q111146923,,,,,,,,,,,,,,,,,,,,,,,,,,,1088082,,p=archambaud;n=de comborn;oc=5,,,,,,,,,,,,,Archambaud_Unknown_(12),,Comborn-1,I00300369
Q126371,Q75789743,,,,,,,,,,,,,,,,,,,,,,,,,,,,,p=lafracoth;n=o+brien,,,,,,,,,,,,p33518.htm#i335172,Lafrocoth_(1),,O'Brien-433,I00474900
Q126373,Q75458463,,,,,,,,,,,,,,,,,,,,,,,,,,,,,p=alice;n=de montgomery,,,,,,,,,,,,p15487.htm#i154870,Alice_De_Montgomery_(1),,Montgomerie-239,I00117228
Q126375,Q28946872,,,,,,,,,,,,,,,,,,,,,,,,,,,,,p=aton;n=trencavel;oc=2,,,,,,,,,,,,,,,Albi-21,
Q126377,Q102832155,,,,,,,,,,,,,,,,,,,,,,,,,,,248214,,p=adelicia;n=n;oc=1,,,,,,,,,,,,,,,Unknown-684538,I00438862
Q126379,Q55856283,,,,,,,,,,,,,,,,,,,,,,,,,,,11736,,p=saura;n=n,,,,,,,,,,,,,Saura_Unknown_(1),,,I00629547
Q126381,Q55847716,,,,,,,,,,,,,,,,,,,,,,,,,,,248216,,p=adelaide;n=trencavel,,,,,,,,,,,,,Adelaide_de_Béziers_(1),,Beziers-5,I00120884
Q126383,Q55984227,,,,,,,,,,,,,,,,,,,,,,,,,,,,,p=cecile;n=trencavel;oc=1,,,,,,,,,,,,,,,,I00550341
Q126385,Q111269393,,,,,,,,,,,,,,,,,,,,,,,,,,,,,p=adelaide;n=trencavel;oc=1,,,,,,,,,,,,,Adelais_de_Béziers_(1),,Trencavel-9,I00269289
Q126387,Q3460031,,,,,,,,,,,,,,,,,,,,,,,,,,,,,p=gausfred;n=de roussillon,,,,,,,,,,,,,Gausfred_III_of_Roussillon_(1),,,I00438867
Q126389,Q3107575,,,,,,,,,,,,,,,,,,,,,,,,,,,,,p=girard;n=de roussillon;oc=4,,,,,,,,,,,,,Girard_II_of_Roussillon_(1),,,
Q126391,Q99304124,,,,,,,,,,,,,,,,,,,,,,,,,,,1272832,,p=arnaud;n=de thezan,,,,,,,,,,,,,,,Beziers-6,I00629545
Q126393,Q99304123,,,,,,,,,,,,,,,,,,,,,,,,,,,,,,,,,,,,,,,,,,,,,I00629543
Q126395,Q10284824,,,,,,,,,,,,,,,,,,,,,,,,,,,43768,,p=francon;n=de narbonne;oc=2,,,,,,,,,,,,,,,,
Q126397,Q10323139,,,,,,,,,,,,,,,,,,,,,,,,,,,,,,,,,,,,,,,,,,,,,
Q126399,Q112233778,,,,,,,,,,,,,,,,,,,,,,,,,,,166748,,p=wandelmode;n=d escuens,,,,,,,,,,,,,Wandelmodis_Unknown_(1),,,I00208278
Q126401,Q3143180,,,,,,,,,,,,,,,,,,,,,,,,,,,1272755,,p=humbert;n=de salins;oc=2,,,,,,,,,,,,p11994.htm#i119936,Humbert_de_Salins_(1)|Humbert_Salins_(1),,Salins-2,I00208281
Q126403,Q110883583,,,,,,,,,,,,,,,,,,,,,,,,,,,739903,,p=wandelmode;n=de salins,,,,,,,,,,,,,Wandelmodis_De_Salins_(1),,Salins-19,I00106263
Q126405,Q112234180,,,,,,,,,,,,,,,,,,,,,,,,,,,155537|1372186,,p=adela;n=n;oc=19,,,,,,,,,,,,,Adela_Unknown_(44),,Salins-20,I00199433
Q126407,Q11919571,,,,,,,,,,,,,,,,,,,,,,,,,,,,,p=ermenfred;n=du maine,,,,,,,,,,,,,,,Amiens-1,
Q126409,Q113381583,,,,,,,,,,,,,,,,,,,,,,,,,,,948277,,p=leutgarde;n=de meulan,,,,,,,,,,,,,Liegard_De_Mantes_(7),,Unknown-512110,I00452401
Q126411,Q2457064,,,,,,,,,,,,,,,,,,,,,,,,,,,307305|313739,,p=gauzfred;n=de chateaudun|p=geoffroi;n=de chateaudun;oc=2,,,,,,,,,,,,,Geoffroy_Unknown_(5),,,
Q126413,Q110578171,,,,,,,,,,,,,,,,,,,,,,,,,,,,,,,,,,,,,,,,,,,,,I00120941
Q126419,Q127427192,,,,,,,,,,,,,,,,,,,,,,,,,,,,,,,,,,,,,,,,,,,,Skulesdottir-1,
Q126421,Q56598616,,,,,,,,,,,,,,,,,,,,,,,,,,,,,,,,,,,,,,,,,p15842.htm#i158419,,,Bayeux-5,I00027775
Q126423,Q56526651,,,,,,,,,,,,,,,,,,I5097,,,,,,,,,,,,,,,,,,,,,,,p15842.htm#i158414,,,Avranches-1,I00027777
Q126425,Q717030,,,,,,,,,,66652371,,,,,,,,I5094,,,,,,,,,146562,,,,,,,,,,,,,,p4895.htm#i48941,Ranulf_le_Meschin_(1),,Meschines-93,I00027600
Q126427,Q16201585,,,,,,,,,,,,,,,,,,,,,,,,,,,1292417,,,,,,,,,,,,,,p10772.htm#i107717,William_Meschines_(2),,FitzRanulph-7,I00385441
Q126429,Q75301455,,,,,,,,,,,,,,,,,,,,,,,,,,,,,,,,,,,,,,,,,p4885.htm#i48848,,,Meschin-10,
Q126431,Q76346751,,,,,,,,,,,,,,,,,,,,,,,,,,,,,,,,,,,,,,,,,p70423.htm#i704228,,,,
Q126433,Q110523296,,,,,,,,,,,,,,,,,,,,,,,,,,,,,,,,,,,,,,,,,,,,,I00027401
Q126435,Q110523297,,,,,,,,,,,,,,,,,,,,,,,,,,,,,,,,,,,,,,,,,,,,,I00027402
Q126437,Q115716018,,,,,,,,,,,,,,,,,,,,,,,,,,,,,p=thibaud;n=de rougemont;oc=4|p=thibaud;n=de+rougemont;oc=4,,,,,,,,,,,,,,,,I00163602
Q126439,Q61865662,,,,,,,,,,,,,,,,,,,,,,,,,,,1272685,,p=maurette;n=de salins,,,,,,,,,,,,p377.htm#i3762,Maurette_de_Salins_(1),,Salins-7,I00027397
Q126441,Q3119950,,,,,,,,,,,,,,,,,,,,,,,,,,,12925|1370039,,p=guillaume;n=de bourgogne;oc=5,,,,,,,,,,,,,Guillaume_de_Vienne_(1)|William_IV_of_Macon_(1),,Mâcon-154,I00027386
Q126443,Q3099361,,,,,,,,,,,,,,,,,,,,,,,,,,,12949,,p=gaucher;n=de vienne,,,,,,,,,,,,,Gaucher_de_Vienne_(1),,,I00064594
Q126445,Q101467107,,,,,,,,,,,,,,,,,,,,,,,,,,,945424,,p=alexandrine;n=de bourgogne,,,,,,,,,,,,,Alexandrine_de_Vienne_(1),,,I00064592
Q126447,Q75291344,,,,,,,,,,,,,,,,,,,,,,,,,,,12948|1283209,,p=ide;n=de bourgogne,,,,,,,,,,,,p4245.htm#i42448,Ida_de_Vienne_(1),,,I00064600
Q126449,Q2343373,,,,,,,,,,,,,,,,,,,,,,,,,,,12840,,p=etienne;n=de bourgogne;oc=3,,,,,,,,,,,,p40324.htm#i403237,Stephen_III_of_Auxonne_(1),,Bourgogne-202,I00026468
Q126451,Q112647556,,,,,,,,,,,,,,,,,,,,,,,,,,,1019019,,p=agnes;n=de bourgogne;oc=5,,,,,,,,,,,,,,,,I00141078
Q126453,Q30887760,,,,,,,,,,,,,,,,,,,,,,,,,,,11765|1272568,,p=guillaume;n=de poitiers;oc=5|p=guillaume;n=de poitiers;oc=7,,,,,,,,,,,,,,,Poitiers-99,I00048697
Q126455,Q7001889,,,,,,,,,,,,,,,,,,,,,,,,,,,1271967,,p=ademar;n=de poitiers;oc=2,,,,,,,,,,,,,Aymar_de_Poitiers_(1),,Poitiers-98,I00048701
Q126457,Q105983260,,,,,,,,,,,,,,,,,,,,,,,,,,,381520,,,,,,,,,,,,,,,,,,I00580815
Q126459,Q61685469,,,,,,,,,,,,,,,,,,,,,,,,,,,,,,,,sw.212888,,,,,,,,,p395.htm#i3943,,,Teisterbant-9,
Q126461,Q90976,,,,,,,,,,,,,,,,,,,,,,,,,,,90262,,p=arnold;n=von kleve;oc=1,,,,,,,,,,,,p4291.htm#i42904,Arnold_of_Cleves_(1),,Kleve-30,I00104772|I00550723
Q126463,Q832907,,,,,,,,,,,,,,,,,,,,,,,,,,,89929,,p=dietrich;n=von kleve,,,,,,,,,,,,p4291.htm#i42905,Dietrich_von_Kleve_(1),,Kleve-29,I00104773
Q126465,Q75784981,,,,,,,,,,,,,,,,,,,,,,,,,,,87929,,p=oethilde;n=von sachsen,,,sw.212705,,,,,,,,,p33275.htm#i332749,Othelhildis_Saxony_(1),,Unknown-305776,I00018664
Q126467,Q59701,,,,,,,,,,,,,,,,,,,,,,,,,,,,,,,,,,,,,,,,,,,,,
Q126469,Q18172201,,,,,,,,,,,,,,,,,,,,,,,,,,,,,,,,,,,,,,,,,p15827.htm#i158269,William_Percy_(6),,Percy-25,I00139944
Q126471,Q18176337,,,,,,,,,,,,,,,,,,,,,,,,,,,,,p=maud;n=de percy,,,,,,,,,,,,p66330.htm#i663297,Maud_Percy_(1),,Percy-80,I00139946
Q126473,Q75463933,,,,,,,,,,,,,,,,,,,,,,,,,,,,,p=isabelle;n=de bruce,,,,,,,,,,,,p15827.htm#i158266,Isabel_de_Brus_(1),,Bruce-2276,I00027716
Q126477,Q76286499,,,,,,,,,,,,,,,,,,,,,,,,,,,,,,,,,,,,,,,,,p66330.htm#i663298,,,,
Q126479,Q76286505,,,,,,,,,,,,,,,,,,,,,,,,,,,,,,,,,,,,,,,,,p66331.htm#i663303,,,,
Q126481,Q76286503,,,,,,,,,,,,,,,,,,,,,,,,,,,,,,,,,,,,,,,,,p66331.htm#i663301,,,,
Q126483,Q76286510,,,,,,,,,,,,,,,,,,,,,,,,,,,,,,,,,,,,,,,,,p66331.htm#i663306,,,Percy-444,
Q126485,Q76286511,,,,,,,,,,,,,,,,,,,,,,,,,,,,,,,,,,,,,,,,,p66331.htm#i663307,,,,
Q126487,Q116168587,,,,,,,,,,,,,,,,,,,,,,,,,,,,,,,,,,,,,,,,,,,,,I00446378
Q126489,Q110315118,,,,,,,,,,,,,,,,,,,,,,,,,,,,,,,,,,,,,,,,,,,,,I00026666
Q126491,Q2285854,,,,,,,,,,,,,,,,,,,,,,,,,,,341760,,p=fromond;n=de dramelay;oc=1,,,,,,,,,,,,p12003.htm#i120027,Richard_of_Montfaucon_(1)|Richard_Unknown_(17),,Montfaucon-3,I00026658
Q126493,Q116031108,,,,,,,,,,,,,,,,,,,,,,,,,,,,,p=clemence;n=de montfaucon,,,,,,,,,,,,,,,,I00199309
Q126495,Q31192320,,,,,,,,,,,,,,,,,,,,,,,,,,,,,,,,,,,,,,,,,,,,Saarwerden-4,I00107424
Q126497,Q48810719,,,,,,,,,,,,,,,,,,,,,,,,,,,,,p=renard;n=de toul;oc=3|p=renard;n=de+toul;oc=3,,,,,,,,,,,,,,,,I00028165
Q126499,Q665222,,,,,,,,,,,,,,,,,,,,,,,,,,,472790,,p=henri;n=de bar;oc=5,,,,,,,,,,,,,"Henry_I,_Count_of_Bar_(1)",,,I00026512
Q126501,Q543608,,,,,,,,,,,,,,,,,,,,,,,,,,,907315,,p=renaud;n=de bar;oc=1,,,,,,,,,,,,,Reginald_of_Bar_(1),,,I00026513
Q126503,Q3484308,,,,,,,,,,,,,,,,,,,,,,,,,,,,,p=simon;n=de broyes;oc=3,,,,,,,,,,,,,Simon_de_Broyes-Commercy_(1),,Broyes-14,I00030543
Q126505,Q101466990,,,,,,,,,,,,,,,,,,,,,,,,,,,,,p=agnes;n=de broyes;oc=2,,,,,,,,,,,,,,,,I00079362|I00118624
Q126507,Q93521104,,,,,,,,,,,,,,,,,,,,,,,,,,,123184|500063,,p=konrad;n=von kyrburg;oc=1,,,,,,,,,,,,,Count_Konrad_(1),,Kirburg-2,I00148884
Q126509,Q96257883,,,,,,,,,,,,,,,,,,,,,,,,,,,,,p=cunegonde;n=von kyburg,,,,,,,,,,,,,,,Kyrburg-3,I00302922
Q126511,Q61140675,,,,,,,,,,,,,,,,,,,,,,,,,,,122042,,p=gerhard;n=von kyrburg,,,,,,,,,,,,,,,Wildgraf-2,I00148883
Q126513,Q108336396,,,,,,,,,,,,,,,,,,,,,,,,,,,488268,,p=richenza;n=von habsburg,,,,,,,,,,,,,,,,I00026674
Q126515,Q108838864,,,,,,,,,,,,,,,,,,,,,,,,,,,,,p=ludwig;n=von pfirt,,,,,,,,,,,,,,,,I00026676
Q126517,Q96244941,,,,,,,,,,,,,,,,,,,,,,,,,,,,,p=clemence;n=de dagsbourg,,,,,,,,,,,,,,,Dagsburg-8,I00107755
Q126519,Q26252158,,,,,,,,,,,,,,,,,,,,,,,,,,,926815,,p=heinrich;n=zu salm;oc=4,,,,,,,,,,,,p22156.htm#i221552,,,Salm-65,I00026401
Q126521,Q76201227,,,,,,,,,,,,,,,,,,,,,,,,,,,926834,,p=elisabeth;n=zu salm,,,,,,,,,,,,p60008.htm#i600071,,,Countess_of_Salm-1,I00112671
Q126523,Q29444200,,,,,,,,,,,,,,,,,,,,,,,,,,,926815,,p=heinrich;n=zu salm;oc=2,,,,,,,,,,,,p4254.htm#i42534,,,Salm-63,I00026401
Q126525,Q76299948,,,,,,,,,,,,,,,,,,,,,,,,,,,132107,,p=arnold;n=von laufen,,,,,,,,,,,,p67260.htm#i672597,Arnold_von_Lauffen_(1),,,
Q126527,Q76299599,,,,,,,,,,,,,,,,,,,,,,,,,,,,,,,,,,,,,,,,,p67232.htm#i672311,,,,
Q126529,Q76300037,,,,,,,,,,,,,,,,,,,,,,,,,,,132109,,p=adelheid;n=von nellenburg,,,,,,,,,,,,p67269.htm#i672685,Adelheid_von_Nellenburg_(1),,,
Q126531,Q76299591,,,,,,,,,,,,,,,,,,,,,,,,,,,,,,,,,,,,,,,,,p67231.htm#i672305,,,,
Q126535,Q111734326,,,,,,,,,,,,,,,,,,,,,,,,,,,,,,,,,,,,,,,,,,,,,
Q126537,Q110578323,,,,,,,,,,,,,,,,,,,,,,,,,,,323453,,p=renard;n=de chateaurenard;oc=1,,,,,,,,,,,,,,,Sens-10,I00028677
Q126539,Q110578325,,,,,,,,,,,,,,,,,,,,,,,,,,,,,p=ne;n=.;oc=493,,,,,,,,,,,,,,,,I00075144
Q126541,Q100326696,,,,,,,,,,,,,,,,,,,,,,,,,,,,,p=erbeburge;n=n,,,,,,,,,,,,,,,Boulogne-91,I00075145
Q126546,Q2616476,,,,,,,,,,,,,,,,,,,,,,,,,,,919880,,p=guillaume;n=de courtenay,,,,,,,,,,,,p24822.htm#i248213,Guillaume_Courtenay_(1),,,I00076152
Q126548,Q15648993,,,,,,,,,,,,,,,,,,,,,,,,,,,349337,,p=beatrice;n=d armenie;oc=1,,,,,,,,,,,,p24821.htm#i248204,Beatrice_of_Armenia_(1),,Armenia-9,I00076108
Q126550,Q55503,,,,,,,,,,,,,,,,,,,,,,,,,,,396870|349318,,p=josselin;n=de courtenay;oc=3,,,,,,,,,,,,p823.htm#i8227,"Joscelin_II,_Count_of_Edessa_(1)",,Courtenay-581,I00076112
Q126552,Q123592477,,,,,,,,,,,,,,,,,,,,,,,,,,,,,,,,,,,,,,,,,,,,,
Q126554,Q48760323,,,,,,,,,,,,,,,,,,,,,,,,,,,697423,,p=renard;n=de joigny;oc=1,,,,,,,,,,,,,,,Joigny-10,I00076106
Q126556,Q1916283,,,,,,,,,,,,,,,,,,,,,,,,,,,697420,,p=renard;n=de joigny;oc=3,,,,,,,,,,,,,,,Joigny-13,I00139464
Q126558,Q75617576,,,,,,,,,,,,,,,,,,,,,,,,,,,,,p=mathilde;n=de melun;oc=2,,,,,,,,,,,,p24819.htm#i248190,,,Melun-19,
Q126560,Q75617584,,,,,,,,,,,,,,,,,,,,,,,,,,,,,,,,,,,,,,,,,p24820.htm#i248195,,,,
Q126562,Q75617587,,,,,,,,,,,,,,,,,,,,,,,,,,,,,,,,,,,,,,,,,p24820.htm#i248197,,,,
Q126564,Q75617578,,,,,,,,,,,,,,,,,,,,,,,,,,,,,p=gilles;n=de chailly,,,,,,,,,,,,p24820.htm#i248191,,,Chailly-1,
Q126566,Q1149527,,,,,,,,,,,,,,,,,,,,,,,,,,,,,p=geoffroi;n=de joinville;oc=1,,,,,,,,,,,,,Godfrey_of_Joinville_(2),,Joinville-21,I00165102
Q126568,Q22678380,,,,,,,,,,,,,,,,,,,,,,,,,,,,,p=blanche;n=de reynel,,,,,,,,,,,,,Blanche_of_Reynel_(1),,Reynel-3,I00165103
Q126570,Q17354379,,,,,,,,,,,,,,,,,,,,,,,,,,,,,p=etienne;n=de joinville,,,,,,,,,,,,,Étienne_de_Joinville_(1),,,
Q126572,Q22678382,,,,,,,,,,,,,,,,,,,,,,,,,,,,,p=hilduin;n=de joinville,,,,,,,,,,,,,Hilduin_of_Joinville_(1),,,
Q126574,Q3419291,,,,,,,,,,,,,,,,,,,,,,,,,,,,,,,,,,,,,,,,,,,,,I00139987
Q126578,Q65011,,,,,,,,,,,,,,,,,,,,,,,,,,,,,p=ekkehard;n=von meissen;oc=1,,,dw.91,,,,,,,,,,Eckard_Unknown_(2),,VanMeissen-1,
Q126580,Q552056,,,,,,,,,,,,,,,,,,,,,,,,,,,600044,,,,,,,,,,,,,,,"Hermann_II,_Count_Palatine_(1)",,,I00141431
Q126582,Q834528,,,,,,,,,,,,,,,,,,,,,,,,,,,600057,,p=henri;n=de luxembourg;oc=9,,,,,,,,,,,,,Henry_of_Laach_(1),,,I00080040
Q126586,Q55603206,,,,,,,,,,,,,,,,,,,,,,,,,,,,,,,,dw.924,,,,,,,,,,Adelheid_of_Ballenstedt_(1),,,I00310971
Q126588,Q1319263,,,,,,,,,,,,,,,,,,,,,,,,,,,,,,,,,,,,,,,,,,,,Askanier-36,I00330277
Q126590,Q2285815,,,,,,,,,,,,,,,,,,,,,,,,,,,,,,,,,,,,,,,,,,,,Askanier-37,I00330278
Q126592,Q116150263,,,,,,,,,,,,,,,,,,,,,,,,,,,138962,,p=mechtilde;n=von northeim,,,,,,,,,,,,,Mechthild_von_Northeim_(1),,Von_Northeim-2,I00444563
Q126594,Q61139741,,,,,,,,,,,,,,,,,,,,,,,,,,,,,,,,,,,,,,,,,,,,,
Q126596,Q61139752,,,,,,,,,,,,,,,,,,,,,,,,,,,,,,,,,,,,,,,,,,,,,I00201724
Q126598,Q993987,,,,,,,,,,,,,,,,,,,,,,,,,,,,,,,,,,,,,,,,,,,,,
Q126600,Q2746728,,,,,,,,,,,,,,,,,,,,,,,,,,,90286,,p=friedrich;n=von sommerschenburg;oc=1,,,sw.214011,,,,,,,,,,Friedrich_I_von_Sommerschenburg_(1),,Sommerschenberg-2,I00080029
Q126602,Q201540,,,,,,,,,,,,,,,,,,,,,,,,,,,453683,,p=adolf;n=von+hovel;,,,,,,,,,,,,p73505.htm#i735042,Adolf_III_of_Berg_(1),,Berg-1741,I00141009
Q126604,Q17049771,,,,,,,,,,,,,,,,,,,,,,,,,,,1171656|453687,,p=adolf;n=von hovel,,,,,,,,,,,,,Adolf_II_of_Berg_(1),,Berg-1741,I00141007
Q126606,Q4684117,,,,,,,,,,,,,,,,,,,,,,,,,,,453677,,p=adolf;n=von berg;oc=2,,,,,,,,,,,,p49639.htm#i496383,"Adolf_IV,_Count_of_Berg_(1)",,Berg-1073,I00141011
Q126608,Q73566,,,,,,,,,,,,,,,,,,,,,,,,,,,,,,,,,,,,,,,,,,,,,
Q126610,Q1270838,,,,,,,,,,,,,,,,,,,,,,,,,,,390473,,p=friedrich;n=von sommerschenburg,,,dw.691,,,,,,,,,p747.htm#i7465,Friedrich_Sommerschenburg_(1),,Count_Palatine_of_Sommerschenburg-1,I00549957
Q126612,Q1382064,,,,,,,,,,,,,,,,,,,,,,,,,,,919733,,,,,,,,,,,,,,,Everhard_von_Berg_(1),,,
Q126614,Q2191456,,,,,,,,,,,,,,,,,,,,,,,,,,,90270,,p=adelheid;n=von sommerschenburg;oc=1,,,sw.212782,,,,,,,,,p59354.htm#i593535,Adelheid_Sommerschenburg_(1),,Sommerschenburg-3,I00080026
Q126616,Q4191783,,,,,,,,,,,,,,,,,,,,,,,,,,,143293,,p=siegfried;n=von walbeck,,,dw.8723,,,,,,,,,,Siegfried_von_Walbeck_(1),,Walbeck-15,
Q126618,Q118109628,,,,,,,,,,,,,,,,,,,,,,,,,,,,,,,,,,,,,,,,,,Liutgard_Unknown_(1),,VanMeissen-2,
Q126620,Q118188440,,,,,,,,,,,,,,,,,,,,,,,,,,,127198,,p=siegfried;n=von walbeck;oc=2,,,,,,,,,,,,,Siegfried_von_Walbeck_(2),,Walbeck-18,I00303377
Q126622,Q873278,,,,,,,,,,,,,,,,,,,,,,,,,,,128597,,p=friedrich;n=von arnsberg,,,,,,,,,,,,p60446.htm#i604456,Friedrich_von_Arnsberg_(1),,Werl-6,I00139696
Q126624,Q11219619,,,,,,,,,,,,,,,,,,,,,,,,,,,453982,,p=heinrich;n=von arnsberg,,,,,,,,,,,,p841.htm#i8401,,,Werl-9,I00164523
Q126626,Q1611608,,,,,,,,,,,,,,,,,,,,,,,,,,,1036908|742035,,p=hermann;n=von saffenberg;oc=1,,,,,,,,,,,,,Hermann_Von_Saffenberg_(4),,Von_Saffenberg-2,I00120765
Q126628,Q935635,,,,,,,,,,,,,,,,,,,,,,,,,,,473851,,p=othon;n=orseolo,,,dw.154,,,,,,,,,,Ottone_Orseolo_(1),,Orseolo-3,I00200287
Q126630,Q314218,,,,,,,,,,,,,,,,,,,,,,,,,,,473849,,p=peter;n=orseolo,,,dw.155,,,,,,,,,p13775.htm#i137750,Peter_Orseolo_of_Hungary_(1),,Orseolo-5,I00734982
Q126632,Q535016,,,,,,,,,,,,,,,,,,,,,,,,,,,390470,,p=ludwig;n=von thuringen;oc=2,,,dw.704,,,,,,,,,p11392.htm#i113918,"Louis_I,_Landgrave_of_Thuringia_(1)",,Ludowinger-11,I00029947
Q126634,Q1598523,,,,,,,,,,,,,,,,,,,,,,,,,,,,,p=heinrich raspe;n=von thuringen,,,,,,,,,,,,,,,,I00029944
Q126636,Q1273490,,,,,,,,,,,,,,,,,,,,,,,,,,,,,,,,,,,,,,,,,,,,,I00029943
Q126638,Q116005007,,,,,,,,,,,,,,,,,,,,,,,,,,,,,p=cecilia;n=von thuringen,,,,,,,,,,,,,,,Thuringia-19,I00164777
Q126640,Q118112688,,,,,,,,,,,,,,,,,,,,,,,,,,,,,p=adelheid;n=von thuringen,,,,,,,,,,,,,Adelaide_of_Thuringia_(1),,Thuringen-4,I00029942
Q126642,Q116119471,,,,,,,,,,,,,,,,,,,,,,,,,,,,,p=ne;n=von magdeburg,,,,,,,,,,,,,,,,I00105661
Q126644,Q15106451,,,,,,,,,,,,,,,,,,,,,,,,,,,926951,,p=poppo;n=von henneberg,,,,,,,,,,,,,,,Henneberg-14,I00033277
Q126646,Q1533679,,,,,,,,,,,,,,,,,,,,,,,,,,,1101303|926950,,p=gotebold;n=von henneberg,,,,,,,,,,,,,,,Gotwald-1|Henneberg-11,I00033280
Q126648,Q15106629,,,,,,,,,,,,,,,,,,,,,,,,,,,,,,,,,,,,,,,,,p67251.htm#i672508,,,Count_of_Henneberg-4,
Q126650,Q15106672,,,,,,,,,,,,,,,,,,,,,,,,,,,,,,,,,,,,,,,,,,,,,
Q126652,Q119948753,,,,,,,,,,,,,,,,,,,,,,,,,,,1369094,,p=dietrich;n=von linderbach,,,,,,,,,,,,,,,Linderbach-1,I00464315
Q126654,Q76299965,,,,,,,,,,,,,,,,,,,,,,,,,,,1369095,,,,,,,,,,,,,,p67262.htm#i672613,,,Lohra-3,
Q126656,Q75247766,,,,,,,,,,,,,,,,,,,,,,,,,,,,,p=bertrada;n=wettin,,,,,,,,,,,,p894.htm#i8939,,,Wettin-9,
Q126658,Q31192354,,,,,,,,,,,,,,,,,,,,,,,,,,,,,p=adalbert;n=de calw|p=adalbert;n=von calw;oc=2,,,,,,,,,,,,,Count_Adalbert_(1),,Von_Calw-2,I00627998
Q126660,Q2254106,,,,,,,,,,,,,,,,,,,,,,,,,,,131747,,,,,,,,,,,,,,,Arnold_of_Andechs_(1),,,
Q126662,Q2896944,,,,,,,,,,,,,,,,,,,,,,,,,,,,,p=berthold;n=von wasserburg;oc=1,,,,,,,,,,,,,,,Diessen-1,I00033343
Q126664,Q84882,,,,,,,,,,,,,,,,,,,,,,,,,,,,,,,,,,,,,,,,,,,,,
Q126666,Q2262027,,,,,,,,,,,,,,,,,,,,,,,,,,,,,,,,,,,,,,,,,,Arnold_van_Andechs_(1),,,
Q126668,Q110571159,,,,,,,,,,,,,,,,,,,,,,,,,,,,,p=adelheid;n=von andechs;oc=1,,,,,,,,,,,,,,,,I00146515
Q126670,Q62732382,,,,,,,,,,,,,,,,,,,,,,,,,,,,,p=gebhard;n=von wasserburg,,,,,,,,,,,,p64710.htm#i647094,,,Wasserburg-2,I00174602
Q126672,Q55910581,,,,,,,,,,,,,,,,,,,,,,,,,,,,,p=heinrich;n=von hildrizhausen,,,,,,,,,,,,,,,Hildrizhausen-2,I00444564
Q126674,Q116150264,,,,,,,,,,,,,,,,,,,,,,,,,,,453983,,p=beatrix;n=von hildrizhausen,,,,,,,,,,,,,,,Hildrizhausen-1,I00444566
Q126676,Q1279091,,,,,,,,,,,,,,,,,,,,,,,,,,,,,p=eberhard;n=von hildrizhausen,,,,,,,,,,,,,,,,
Q126678,Q95305665,,,,,,,,,,,,,,,,,,,,,,,,,,,,,,,,,,,,,,,,,,,,Count_of_Kastl-2,I00496752
Q126680,Q119702747,,,,,,,,,,,,,,,,,,,,,,,,,,,,,,,,,,,,,,,,,,,,Count_of_Kastl-3,I00496753
Q126682,Q1223816,,,,,,,,,,,,,,,,,,,,,,,,,,,1370159,,,,,,,,,,,,,,p894.htm#i8938,Count_Dietrich_(3),,Katlenburg-2,
Q126684,Q114212746,,,,,,,,,,,,,,,,,,,,,,,,,,,,,,,,,,,,,,,,,,,,Merseburg-4,I00571724
Q126686,Q994008,,,,,,,,,,,,,,,,,,,,,,,,,,,,,,,,,,,,,,,,,,,,,
Q126688,Q114212752,,,,,,,,,,,,,,,,,,,,,,,,,,,,,p=agnes;n=von weimar,,,,,,,,,,,,,,,Weimar-4,I00080034
Q126690,Q347852,,,,,,,,,,,,,,,,,,,,,,,,,,,,,,,,,,,,,,,,,,,,,
Q126692,Q1459928,,,,,,,,,,,,,,,,,,,,,,,,,,,,,,,,,,,,,,,,,,,,Goseck-3,I00444553
Q126694,Q4534892,,,,,,,,,,,,,,,,,,,,,,,,,,,609,,,,,,,,,,,,,,,,,,
Q126696,Q4411652,,,,,,,,,,,,,,,,,,,,,,,,,,,647,,p=sviatoslav;n=rurikides;oc=6,,,,,,,,,,,,,,,,I00174662
Q126698,Q4398430,,,,,,,,,,,,,,,,,,,,,,,,,,,648,,p=rostislav;n=rurikides;oc=4,,,,,,,,,,,,,,,,I00792368
Q126700,Q75247082,,,,,,,,,,,,,,,,,,,,,,,,,,,338574,,,,,,,,,,,,,,p841.htm#i8403,,,,
Q126702,Q75247086,,,,,,,,,,,,,,,,,,,,,,,,,,,338566,,,,,,,,,,,,,,p841.htm#i8407,,,,
Q126704,Q2561491,,,,,,,,,,,,,,,,,,,,,,,,,,,141161,,,,,dw.46,,,,,,,,,,Berhard_von_Haldensleben_(1),,Billung-17,I00091845
Q126708,Q2349123,,,,,,,,,,,,,,,,,,,,,,,,,,,134437,,p=gebhard;n=von supplinburg,,,dw.7971,,,,,,,,,p11405.htm#i114047,Gebhard_of_Supplinburg_(1),,Supplinburg-3,I00060579
Q126712,Q831296,,,,,,,,,,,,,,,,,,,,,,,,,,,,,,,,dw.147,,,,,,,,,,Geula_The_Old_(1),,,
Q126714,Q2795240,,,,,,,,,,,,,,,,,,,,,,,,,,,,,,,,,,,,,,,,,,,,,
Q126716,Q312775,,,,,,,,,,,,,,,,,,,,,,,,,,,45721,,,,,dw.156,,,,,,,,,p14077.htm#i140763,,,,
Q126718,Q137632,,,,,,,,,,,,,,,,,,,,,,,,,,,447553,,,,,,,,,,,,,,p14552.htm#i145518,Gavril_Radomir_of_Bulgaria_(1),,,I00744414
Q126720,Q616841,,,,,,,,,,,,,,,,,,,,,,,,,,,447554,,,,,,,,,,,,,,,Peter_Delyan_(1),,,I00744415
Q126724,Q3492133,,,,,,,,,,,,,,,,,,,,,,,,,,,167125,,p=oda;n=von meissen,,,dw.31,,,,,,,,,,Oda_Unknown_(34),,Meissen-3,I00422388
Q126726,Q118105453,,,,,,,,,,,,,,,,,,,,,,,,,,,707039,,p=ne;n=von meissen,,,,,,,,,,,,,,,,I00422400
Q126728,Q15428115,,,,,,,,,,,,,,,,,,,,,,,,,,,,,,,,,,,,,,,,,,,,,
Q126730,Q11771684,,,,,,,,,,,,,,,,,,,,,,,,,,,709178,,p=matylda;n=piast,,,dw.32,,,,,,,,,,Matilda_of_Poland_(1),,Piast-244,I00422389
Q126734,Q16581023,,,,,,,,,,,,,,,,,,,,,,,,,,,,,p=ne;n=piast;oc=4,,,,,,,,,,,,,Unknown_Boleslawowna_(2),,,I00422392
Q126736,Q1233501,,,,,,,,,,,,,,,,,,,,,,,,,,,147035,,,,,dw.79,,,,,,,,,p67235.htm#i672343,,,Von_Lustatia-2,I00049958
Q126738,Q41998,,,,,,,,,,,,,,,,,,,,,,,,,,,,,,,,,,,,,,,,,,,,,
Q126740,Q1986329,,,,,,,,,,,,,,,,,,I4007,,,,,,,,,143930,,p=edla;n=n,,,sw.214147,,,,,,,,,,Edla_of_Wends_(1),,Unknown-258166,I00049967
Q126744,Q1916125,,,,,,,,,,,,,,,,,,,,,,,,,,,770633,,p=astrid;n=nialsdotter,,,dw.5878,,,,,,,,,,Astrid_Njalsdotter_(1),,Njalsdatter-1,I00416643
Q126746,Q2291474,,,,,,,,,,,,,,,,,,,,,,,,,,,770628,,p=ne;n=ynglingaatten;oc=1,,,dw.5880,,,,,,,,,p11306.htm#i113054,Ingamoder_of_Sweden_(1),,Emundsdotter-2,I00049971|I00791650
Q126748,Q2857802,,,,,,,,,,,,,,,,,,,,,,,,,,,,,,,,,,,,,,,,,,,,Emundsson-6,I00049969
Q126750,Q103560123,,,,,,,,,,,,,,,,,,,,,,,,,,,,,,,,,,,,,,,,,,,,,I00312627
Q126751,Q16863932,,,,,,,,,,,,,,,,,,,,,,,,person/22597c5c-cf75-4037-bd9a-a1da0afed6a6,,,,,,,,,,,,,,,,,p10664.htm#i106638,Sigeferth_Unknown_(1),,Mercia-273,I00020118
Q126753,Q96088549,,,,,,,,,,,,,,,,,,I26431,,,,,,,,,130138,,p=aelfgifu;n=n,,,,,,,,,,,,,,,Mercia-258,I00027597
Q126757,Q56285208,,,,,,,,,,,,,,,,,,I4804,,,,,,,,,109335,,p=sibyl;n=of huntingdon;oc=1,,,,,,,,,,,,p10288.htm#i102880,Sibyl_Fitzsiward_(1),,Unknown-275536,I00022595
Q126759,Q3331951,,,,,,,,,,,,,,,,,,,,,,,,,,,970391,,p=melmare;n=of scotland,,,,,,,,,,,,p10529.htm#i105283,"Máel_Muire,_Earl_of_Atholl_(1)",,Dunkeld-100,I00022612
Q126761,Q356602,,,,,,,,,,8614911,,,,,,,,I4805,,,,,,,,,111079,,p=domnall mac donnchada;n=of scotland,,,,,,,,,,,,p10289.htm#i102881,Donald_III_of_Scotland_(1),,Dunkeld-58,I00022609
Q126765,Q75384545,,,,,,,,,,,,,,,,,,,,,,,,,,,,,,,,,,,,,,,,,p10474.htm#i104736,,,Scotland-495,I00022607
Q126767,Q75384546,,,,,,,,,,,,,,,,,,,,,,,,,,,,,p=donald;n=of scotland;oc=2,,,,,,,,,,,,p10474.htm#i104737,,,Dunkeld-110,I00022608
Q126771,Q965711,,,,,,,,,,,,,,,,,,,,,,,,,,,,,,,,,,,,,,,,,,Máel_Coluim_mac_Alaxandair_(1),,Dunkeld-131,
Q126777,Q75385058,,,,,,,,,,,,,,,,,,,,,,,,,,,,,p=claricia;n=of scotland,,,,,,,,,,,,p10529.htm#i105288,Claricia_Scotland_(1),,Huntington-429,
Q126779,Q75385061,,,,,,,,,,,,,,,,,,,,,,,,,,,,,p=hodierna;n=of scotland,,,,,,,,,,,,p10529.htm#i105289,Hodierna_Scotland_(1),,Dunkeld-89,
Q126781,Q75385057,,,,,,,,,,,,,,,,,,,,,,,,,,,,,p=malcom;n=of scotland;oc=1,,,,,,,,,,,,p10529.htm#i105287,Malcolm_Scotland_(5),,,
Q126783,Q2177316,,,,,,,,,,,,,,,,,,,,,,,,,,,181295,,p=arduino;n=di torino,,,,,,,,,,,,,Arduino_Glabrione_(1),,Torino-10,I00121012
Q126785,Q110426602,,,,,,,,,,,,,,,,,,,,,,,,,,,181296,,p=vmille;n=n,,,,,,,,,,,,,,,,I00636360
Q126787,Q16146773,,,,,,,,,,,,,,,,,,,,,,,,,,,,,,,,,,,,,,,,,,Adalrico_Unknown_(1),,,
Q126789,Q979407,,,,,,,,,,,,,,,,,,,,,,,,,,,181298,,p=adalberto atto;n=di canossa,,,,,,,,,,,,,Adalberto_Atto_di_Canossa_(1),,Lucca-2|Van_Canossa-2,I00636361
Q126791,Q48808719,,,,,,,,,,,,,,,,,,,,,,,,,,,181299,,p=ildegarda;n=n,,,,,,,,,,,,,Ildegarde_Unknown_(1),,Supponid-2,
Q126793,Q2574342,,,,,,,,,,,,,,,,,,,,,,,,,,,181304,,p=oberto;n=obertenghi;oc=3,,,,,,,,,,,,,Oberto_I_Obizzo_(1),,Obertenghi-3,I00626060
Q126795,Q26869704,,,,,,,,,,,,,,,,,,,,,,,,,,,447623,,p=adalberto;n=obertenghi,,,,,,,,,,,,,Adalberto_Unknown_(4),,,
Q126797,Q27414320,,,,,,,,,,,,,,,,,,,,,,,,,,,,,p=adelberto;n=obertenghi,,,,,,,,,,,,,Adalberto_Unknown_(3),,,
Q126799,Q60840243,,,,,,,,,,,,,,,,,,,,,,,,,,,,,p=ugo;n=obertenghi,,,,,,,,,,,,,Ugo_Unknown_(5),,,
Q126801,Q76300187,,,,,,,,,,,,,,,,,,,,,,,,,,,,,,,,,,,,,,,,,p67281.htm#i672804,,,,
Q126803,Q76300784,,,,,,,,,,,,,,,,,,,,,,,,,,,,,,,,,,,,,,,,,p67326.htm#i673260,,,,
Q126805,Q56275582,,,,,,,,,,,,,,,,,,,,,,,,,,,,,p=adela;n=d este,,,,,,,,,,,,,Adelasia_Unknown_(1),,,I00106731
Q126807,Q368445,,,,,,,,,,,,,,,,,,,,,,,,,,,475595,,p=manfredi;n=del vasto;oc=6,,,,,,,,,,,,,Manfred_I_of_Saluzzo_(1),,Vasto-13,I00027217
Q126809,Q61973229,,,,,,,,,,,,,,,,,,,,,,,,,,,579463,,p=anselmo;n=del vasto,,,,,,,,,,,,,Anselmo_Ceva_(1),,Vasto-15,I00382263
Q126811,Q135482323,,,,,,,,,,,,,,,,,,,,,,,,,,,,,,,,,,,,,,,,,,,,,
Q126813,Q1170929,,,,,,,,,,,,,,,,,,,,,,,,,,,90455,,p=cuno;n=von rott,,,,,,,,,,,,,Kuno_von_Rott_(2),,Pilgrimids-1,I00106621
Q126815,Q62732390,,,,,,,,,,,,,,,,,,,,,,,,,,,90458,,p=uta;n=von diessen,,,,,,,,,,,,,Uta_Unknown_(3),,Von_Dießen-Andechs-1,I00619346
Q126817,Q117833098,,,,,,,,,,,,,,,,,,,,,,,,,,,410032,,p=kuno;n=von schweinfurt;oc=1,,,,,,,,,,,,,Kuno_Unknown_(2),,,I00510640
Q126819,Q110570728,,,,,,,,,,,,,,,,,,,,,,,,,,,,,,,,,,,,,,,,,,,,,I00200606
Q126821,Q110570727,,,,,,,,,,,,,,,,,,,,,,,,,,,,,,,,,,,,,,,,,,,,,I00200605
Q126823,Q7886058,,,,,,,,,,,,,,,,,,,,,,,,,,,,,,,,dw.137,,,,,,,,,,Mstivoj_Unknown_(1),,,
Q126827,Q489529,,,,,,34579,,,,,,,,,,,,,,,,,,,,,143039,,p=styrbiorn;n=of sweden,,,,,,,,,,,,p14114.htm#i141131,Styrbjörn_the_Strong_(1),,Olofsson-2349,I00079515
Q126829,Q4992341,,,,,,,,,,,,,,,,,,,,,,,,,,,,,,,,,,,,,,,,,,,,Tokesen-4,I00433952
Q126831,Q16556142,,,,,,,,,,,,,,,,,,,,,,,,,,,769951,,,,,,,,,,,,,,p10311.htm#i103101,,,,I00079501
Q126833,Q9380095,,,,,,,,,,,,,,,,,,,,,,,,,,,,,,,,,,,,,,,,,p10666.htm#i106653,,,,
Q126835,Q161831,,,,,,,,,,,,,,,,,,,,,,,,,,,45530,,p=ziemomysl;n=piast;oc=1,,,dw.1,,,,,,,,,p67282.htm#i672817,Siemomysl_(1),,Piast-7,I00049951
Q126837,Q9274595,,,,,,,,,,,,,,,,,,,,,,,,,,,117118,,,,,,,,,,,,,,p67197.htm#i671969,Gorka_(1),,,
Q126839,Q326712,,,,,,,,,,,,,,,,,,,,,,,,,,,146381,,p=czcibor;n=piast,,,dw.5,,,,,,,,,,Prince_Czcibor_(1),,Piast-120,
Q126841,Q289511,,,,,,,,,,,,,,,,,,,,,,,,,,,146379,,p=oda;n=von haldensleben,,,dw.11,,,,,,,,,,Princess_Oda_(3),,Ostmark-1,I00049955
Q126843,Q387912,,,,,,,,,,,,,,,,,,,,,,,,,,,,,,,,,,,,,,,,,p15003.htm#i150030,Prince_Wladiwoj_(1),,Piast-287,
Q126847,Q681542,,,,,,,,,,,,,,,,,,,,,,,,,,,167087,,,,,dw.49,,,,,,,,,,,,,I00422382
Q126849,Q42623,,,,,,,,,,,,,,,,,,,,,,,,,,,,,,,,,,,,,,,,,,,,,
Q126851,Q77594,,,,,,,,,,,,,,,,,,,,,,,,,,,8807,,p=ekkehard;n=von meissen,,,dw.89,,,,,,,,,p891.htm#i8907,Eckard_Unknown_(1),,Meissen-1,I00080036
Q126853,Q240258,,,,,,7742,,,,,,,,,,,,,,,,,,,,,137754|154562,,,,,dw.97,,,,,,,,,,Olof_Björnsson_(1),,Björnsson-271,
Q126855,Q25173318,,,,,,,,,,,,,,,,,,,,,,,,,,,58781,,p=sigrid;n=piast,,,,,,,,,,,,,,,Polski-20,I00020255
Q126859,Q5302554,,,,,,,,,,,,,,,,,,,,,,,,,,,,,,,,,,,,,,,,,,Wulfrun_(1),,Mercia-31,I00312628
Q126861,Q8039181,,,,,,,,,,,,,,,,,,,,,,,,,,,,,,,,,,,,,,,,,,Wulfric_Unknown_(1),,Mercia-259,
Q126863,Q720822,,,,,,,,,,,,,,,,,,,,,,,,,,,770419,,p=wulfnoth;n=of wessex;oc=1,,,,,,,,,,,,p10667.htm#i106667,Wulfnoth_Cild_(1),,Wessex-428,I00291976
Q126865,Q75386663,,,,,,,,,,,,,,,,,,,,,,,,,,,,,,,,,,,,,,,,,p10668.htm#i106680,Alfgar_Godwinson_(1),,Wessex-445,
Q126867,Q75386664,,,,,,,,,,,,,,,,,,,,,,,,,,,,,,,,,,,,,,,,,p10669.htm#i106681,,,,
Q126869,Q75386666,,,,,,,,,,,,,,,,,,,,,,,,,,,,,p=aelfgifu;n=of wessex,,,,,,,,,,,,p10669.htm#i106682,Elfgifa_Godwinsdóttir_(1),,Wessex-55,
Q126871,Q75386667,,,,,,,,,,,,,,,,,,,,,,,,,,,,,,,,,,,,,,,,,p10669.htm#i106683,Gunhild_Godwinsdóttir_(1),,Wessex-174,
Q126873,Q75386648,,,,,,,,,,,,,,,,,,,,,,,,,,,,,,,,,,,,,,,,,p10667.htm#i106669,Abbess_Edgifa_(1),,Unknown-286648,
Q126875,Q16929597,,,,,,,,,,,,,,,,,,,,,,,,,,,,,,,,,,,,,,,,,p10667.htm#i106670,Hakon_Sweynson_(1),,Swegenson-1,
Q126877,Q75386651,,,,,,,,,,,,,,,,,,,,,,,,,,,,,,,,,,,,,,,,,p10668.htm#i106671,,,,
Q126881,Q56733025,,,,,,,,,,,,,,,,,,,,,,,,,,,67360,,p=magnus;n=of wessex,,,,,,,,,,,,p10670.htm#i106694,Magnus_Haroldsson_(1),,Haroldson-26,
Q126883,Q56732455,,,,,,,,,,,,,,,,,,,,,,,,,,,67365,,p=harold;n=of wessex;oc=1,,,,,,,,,,,,p10669.htm#i106690,Harald_Haroldson_(1),,Haroldson-29,I00027742
Q126885,Q56731945,,,,,,,,,,,,,,,,,,,,,,,,,,,67358,,p=godwin;n=of wessex;oc=1,,,,,,,,,,,,p10670.htm#i106692,Godwine_Haroldsson_(4),,Haroldsson-2,
Q126886,Q56731721,,,,,,,,,,,,,,,,,,,,,,,,,,,67359,,p=edmond;n=of wessex,,,,,,,,,,,,p10670.htm#i106693,Edmund_Haroldsson_(1),,Haroldson-27,
Q126888,Q56734044,,,,,,,,,,,,,,,,,,,,,,,,,,,67357,,,,,,,,,,,,,,p10670.htm#i106691,Ulf_Haroldsson_(1),,Haroldson-28,
Q126890,Q1926540,,,,,,,,,,,,,,,,,,,,,,,,,,,8790,,p=hermann;n=van malsen cuyck,,,,,,,,,,,,p62189.htm#i621882,Herman_van_Malsen_(1),,Malsen-1,I00139702
Q126892,Q26223011,,,,,,,,,,,,,,,,,,,,,,,,,,,,,p=conon;n=de montaigu,,,,,,,,,,,,,,,Montaigu-12,
Q126894,Q26882134,,,,,,,,,,,,,,,,,,,,,,,,,,,8411,,p=hendrick;n=van cuyck,,,,,,,,,,,,p38076.htm#i380758,Hendrik_Van_Kuijc_(1),,Cuijck-3,I00139700
Q126896,Q501453,,,,,,,,,,,,,,,,,,,,,,,,,,,,,,,,,,,,,,,,,p59216.htm#i592152,,,Van_Kuyc-2,
Q126898,Q110586123,,,,,,,,,,,,,,,,,,,,,,,,,,,,,p=ne;n=n;oc=4076,,,,,,,,,,,,,,,Unknown-145278,I00305431
Q126900,Q104092972,,,,,,,,MVX3-57J,,,,,,,,,,,,,,,,,,,914636|323429,,p=beatrix;n=de mandeville;oc=1,,,,,,,,,,,,,Beatrice_Mandeville_(6),,Mandeville-30,I00305430
Q126902,Q110586119,,,,,,,,,,,,,,,,,,,,,,,,,,,914635,,p=guillaume;n=de boulogne;oc=1,,,,,,,,,,,,,William_Boulogne_(1),,Boulogne-49,I00305427
Q126904,Q2565089,,,,,,,,,,,,,,,,,,,,,,,,,,,140674,,p=hugues;n=de meulan,,,,,,,,,,,,,Hugues_de_Meulan_(1),,Meulan-2,I00452395
Q126906,Q2195516,,,,,,,,,,,,,,,,,,,,,,,,,,,141890,,p=galeran;n=de meulan;oc=3,,,,,,,,,,,,p382.htm#i3812,Waleran_De_Meulan_(1),,Meulan-10,I00120999
Q126908,Q3142581,,,,,,,,,,,,,,,,,,,,,,,,,,,,,p=hugues;n=de meulan;oc=1,,,,,,,,,,,,,,,,
Q126910,Q18672040,,,,,,,,,,,,,,,,,,,,,,,,,,,,,p=john;n=de sudeley,,,,,,,,,,,,p58843.htm#i588421,,,Sudeley-17,I00570501
Q126912,Q106704798,,,,,,,,,,,,,,,,,,,,,,,,,,,,,p=robert fitzharold;n=de sudeley,,,,,,,,,,,,,Robert_De_Ewyas_(3),,Ewyas-8,I00314211
Q126914,Q2844718,,,,,,,,,,,,,,,,,,,,,,,,,,,,,,,,,,,,,,,,,,,,,
Q126916,Q64056633,,,,,,,,,,,,,,,,,,,,,,,,,,,,,,,,,,,,,,,,,,,,,
Q126918,Q107724427,,,,,,,,,,,,,,,,,,,,,,,,,,,,,p=thetberge;n=de+savoie;,,,,,,,,,,,,,Thetberge_De_Rheinfelden_(1)|Thietburge_De_Savoy_(1),,Unknown-643495,I00027362
Q126920,Q1557618,,,,,,,,,,,,,,,,,,,,,,,,,,,,,,,,,,,,,,,,,,,,,
Q126922,Q105770022,,,,,,,,,,,,,,,,,,,,,,,,,,,,,,,,,,,,,,,,,,,,,I00030566
Q126926,Q3119193,,,,,,,,,,,,,,,,,,,,,,,,,,,1283212,,p=guerric;n=de coligny;oc=1,,,,,,,,,,,,,,,Coligny-10,I00065837
Q126928,Q16640455,,,,,,,,,,,,,,,,,,,,,,,,,,,1272279,,p=guichard;n=de beaujeu;oc=10,,,,,,,,,,,,,,,Beaujeu-4,I00106260
Q126930,Q110884368,,,,,,,,,,,,,,,,,,,,,,,,,,,1272282,,p=ricoarde;n=de salornay,,,,,,,,,,,,,,,Salornay-1,I00106261
Q126932,Q110967706,,,,,,,,,,,,,,,,,,,,,,,,,,,,,p=wandelmodis;n=de beaujeu,,,,,,,,,,,,,,,,I00027367
Q126946,Q123585745,,,,,,,,,,,,,,,,,,,,,,,,,,,,,p=rostislav;n=rurikides;oc=18,,,,,,,,,,,,,,,,
Q126948,Q96239461,,,,,,,,,,,,,,,,,,,,,,,,,,,,,p=ne;n=n;oc=738,,,,,,,,,,,,,,,,I00313567
Q126950,Q55191016,,,,,,,,,,,,,,,,,,,,,,,,,,,253650,,p=mstislav;n=rurikides;oc=4,,,,,,,,,,,,,,,,
Q126952,Q134726862,,,,,,,,,,,,,,,,,,,,,,,,,,,909013,,p=theodosie;n=n,,,,,,,,,,,,,,,UNKNOWN-78190,I00330342
Q126954,Q498198,,,,,,,,,,,,,,,,,,,,,,,,,,,642,,p=isiaslav;n=rurikides;oc=18,,,,,,,,,,,,p22081.htm#i220801,Iziaslav_of_Kiev_(1),,UNKNOWN-78105,
Q126956,Q3876956,,,,,,,,,,,,,,,,,,,,,,,,,,,593,,p=swjatoslaw;n=rurikides;oc=3,,,,,,,,,,,,,Nikolaj_di_Černigov_(1)|Svyatoslavich_Lutsk_(1),,Davidovich-1,I00330320
Q126958,Q21637467,,,,,,,,,,,,,,,,,,,,,,,,,,,308831,,p=vsevolod;n=rurikides;oc=8,,,,,,,,,,,,,Vsevolod_Davidovich_(1),,Davidovich-3,
Q126960,Q1960319,,,,,,,,,,,,,,,,,,,,,,,,,,,641,,p=vladimir;n=rurikides;oc=10,,,,,,,,,,,,,,,Davidovich-4,
Q126962,Q49220174,,,,,,,,,,,,,,,,,,,,,,,,,,,30205,,p=theophanie;n=de macedoine,,,,,,,,,,,,,Theophano_Mouzalonissa_(1),,Mouzalonissa-1,I00079965
Q126964,Q134768350,,,,,,,,,,,,,,,,,,,,,,,,,,,603074,,p=ne;n=de coumanie;oc=5,,,,,,,,,,,,,,,,
Q126966,Q368805,,,,,,,,,,,,,,,,,,,,,,,,person/32A62F54-B485-499D-A255-4CB0767AC5A2,,,729,,p=vsevolod;n=rurikides;oc=2,,,dw.1681,,,,,,,,,p22080.htm#i220798,Vsevolod_II_of_Kiev_(1),,Kiev-99,I00079962
Q126968,Q2090592,,,,,,,,,,273444346,,,,,,,,,,,,,,,,,730,,p=igor;n=rurikides;oc=4,,,dw.1813,,,,,,,,,p22080.htm#i220799,Igor_of_Kiev_(2),,Olgovich-4,
Q126970,Q2635189,,,,,,,,,,,,,,,,,,,,,,,,,,,731,,p=swjatoslaw;n=rurikides,,,dw.776,,,,,,,,,,Sviatoslav_Olgovich_(1),,Рюрикович-10,I00106143
Q126972,Q21776534,,,,,,,,,,,,,,,,,,,,,,,,,,,728,,p=gleb;n=rurikides;oc=8,,,,,,,,,,,,,,,Olgovich-1,
Q126974,Q12121701,,,,,,,,,,,,,,,,,,,,,,,,,,,603076,,p=maria;n=rurikides;oc=12|p=marie;n=rurikides,,,dw.1815,,,,,,,,,,Maria_Unknown_(552),,Olgovna-1|Рюриковна-4,I00330322
Q126976,Q2389427,,,,,,,,,,,,,,,,,,,,,,,,,,,612,,p=volodar;n=rurikides;oc=1,,,dw.5891,,,,,,,,,,,,Rostislavich-5,I00139740
Q126978,Q2081844,,,,,,,,,,,,,,,,,,,,,,,,,,,611,,p=rurik;n=rurikides;oc=1,,,dw.5890,,,,,,,,,,,,Rostislavich-4,
Q126980,Q4104912,,,,,,,,,,,,,,,,,,,,,,,,,,,726,,p=vassilko;n=rurikides;oc=9,,,dw.5889,,,,,,,,,,,,Rostislavich-1,
Q126982,Q109301763,,,,,,,,,,,,,,,,,,,,,,,,,,,461236,,,,,,,,,,,,,,,Theodosios_Of_Byzantium_(1),,Monomachus-2,I00263739
Q126984,Q60028386,,,,,,,,,,,,,,,,,,,,,,,,,,,,,,,,,,,,,,,,,,,,,
Q126988,Q64759492,,,,,,,,,,,,,,,,,,,,,,,,,,,461242,,,,,,,,,,,,,,,,,,
Q126990,Q20497086,,,,,,,,,,,,,,,,,,,,,,,,,,,,,,,,,,,,,,,,,,,,,
Q126994,Q3112191,,,,,,12808,,LYF2-L38,,,,,,,,,,I6321,,,,,,,,,268603,,p=helena;n=sverkeratten;oc=1,,,dw.748,,,,,,,,,p11305.htm#i113048,"Helena,_Queen_of_Sweden_(1)",,Unknown-558275,I00049973
Q126996,Q6061198,,,,,,,,,,,,,,,,,,,,,,,,,,,557897,,p=ragnvald;n=stenkilska atten,,,dw.749,,,,,,,,,p11299.htm#i112990,Ragnvald Ingasson (1),,Ingesson-8,I00280156
Q126998,Q4958322,,,,,,,,,,,,,,,,,,,,,,,,,,,,,p=katarina;n=stenkilska atten,,,dw.750,,,,,,,,,,Catherine_Ingesdotter_of_Sweden_(1),,Ingesdotter-5,I00122090
Q127002,Q4162682,,,,,,,,,,,,,,,,,,,,,,,,,,,1327239,,,,,dw.5982,,,,,,,,,p41129.htm#i411285,,,Savidich-2,I00027053
Q127018,Q16630592,,,,,,,,,,,,,,,,,,,,,,,,,,,,,p=vladimir;n=rurikides;oc=4,,,dw.518,,,,,,,,,,,,Rurik-24,
Q127020,Q16206930,,,,,,,,,,,,,,,,,,,,,,,,,,,590932,,p=ne;n=bagratid;oc=1,,,dw.838,,,,,,,,,,Unknown_Daughter_of_Demetre_I_of_Georgia_(1),,,I00565131
Q127022,Q123399744,,,,,,,,,,,,,,,,,,,,,,,,,,,713867,,p=ne;n=rurikides;oc=29,,,,,,,,,,,,,,,,
Q127024,Q96239456,,,,,,,,,,,,,,,,,,,,,,,,,,,553961,,p=ne;n=n;oc=688,,,,,,,,,,,,,Rostislav_Mikhail_(5),,,I00027055
Q127026,Q496545,,,,,,,,,,,,,,,,,,,,,,,,,,,861,,p=roman;n=rurikides;oc=10,,,dw.951,,,,,,,,,,Roman_of_Smolensk_(1),,,I00304962
Q127030,Q7819362,,,,,,,,,,,,,,,,,,,,,,,,,,,863,,p=sviatoslav;n=rurikides;oc=2,,,,,,,,,,,,,,,,
Q127032,Q550638,,,,,,,,,,,,,,,,,,,,,,,,,,,864|839015,,p=david rostislavovitch;n=rurikides;oc=5,,,dw.945,,,,,,,,,,David_of_Smolensk_(1),,,I00108705
Q127034,Q17280675,,,,,,,,,,,,,,,,,,,,,,,,,,,629765,,p=agafia;n=rurikides,,,,,,,,,,,,,,,,
Q127036,Q4057046,,,,,,,,,,,,,,,,,,,,,,,,,,,302698,,p=agrafina;n=rurikides,,,,,,,,,,,,,,,,I00140380
Q127038,Q4305588,,,,,,,,,,,,,,,,,,,,,,,,,,,,,p=mstislav;n=rurikides;oc=12,,,,,,,,,,,,,,,,
Q127040,Q4538768,,,,,,,,,,,,,,,,,,,,,,,,,,,,,p=iaroslav;n=rurikides;oc=11,,,,,,,,,,,,,,,,
Q127042,Q27031288,,,,,,,,,,,,,,,,,,,,,,,,,,,,,p=swiatoslaw;n=rurikides;oc=4,,,,,,,,,,,,,,,,
Q127046,Q573248,,,,,,,,,,,,,,,,,,,,,,,,,,,,,,,,,,,,,,,,,,Prince_Geza_(2),,Arpadhazi-74,
Q127048,Q9255749,,,,,,,,,,,,,,,,,,,,,,,,,,,,,p=euphemie;n=premyslide,,,dw.580,,,,,,,,,,,,,I00330350
Q127050,Q3292454,,,,,,,,,,,,,,,,,,,,,,,,,,,,,,,,,,,,,,,,,,Marie_Comnène_(1),,,I00764313
Q127052,Q497100,,,,,,,,,,,,,,,,,,,,,,,,,,,732,,p=sviatoslav;n=rurikides;oc=8,,,dw.1011,,,,,,,,,,Sviatoslav_Vsevolodovich_(1),,Kiev-88,I00079959
Q127054,Q2042116,,,,,,,,,,,,,,,,,,,,,,,,person/140660F1-99FD-4F13-8092-B8E8B8DB811D,,,733,,p=iaroslav;n=rurikides;oc=9,,,dw.1683,,,,,,,,,,Yaroslav_Vsevolodovich_(3),,Vsevolodovich-1,
Q127056,Q63092361,,,,,,,,,,,,,,,,,,,,,,,,,,,,,p=anna;n=rurikides;oc=7,,,,,,,,,,,,,,,Vsevolodovna-2,
Q127058,Q720078,,,,,,,,,,,,,,,,,,,,,,,,,,,,,p=otton;n=premyslide;oc=3,,,dw.581,,,,,,,,,,,,,
Q127060,Q1817240,,,,,,,,,,,,,,,,,,,,,,,,,,,,,,,,dw.6519,,,,,,,,,,,,,
Q127062,Q3506333,,,,,,,,,,,,,,,,,,,,,,,,,,,,,p=bretislav;n=premyslide;oc=1,,,dw.6521,,,,,,,,,,,,,
Q127064,Q12085112,,,,,,,,,,,,,,,,,,,,,,,,,,,301491,,p=briatcheslav;n=rurikides;oc=1,,,,,,,,,,,,,,,,
Q127066,Q56506950,,,,,,,,,,,,,,,,,,,,,,,,,,,,,,,,,,,,,,,,,,,,,
Q127068,Q1668802,,,,,,,,,,,,,,,,,,,,,,,,,,,,,,,,,,,,,,,,,,Konstantinos_Kalamanos_(1),,,
Q127070,Q16147421,,,,,,,,,,,,,,,,,,,,,,,,,,,,,,,,,,,,,,,,,,,,,
Q127072,Q4538751,,,,,,,,,,,,,,,,,,,,,,,,,,,166154,,p=iaropolk;n=rurikides;oc=1,,,,,,,,,,,,p11474.htm#i114735,,,,
Q127074,Q4305602,,,,,,,,,,,,,,,,,,,,,,,,,,,166149,,p=mstislav;n=rurikides;oc=2,,,,,,,,,,,,p11474.htm#i114734,,,,
Q127076,Q112624721,,,,,,,,,,,,,,,,,,,,,,,,,,,369854,,p=euphrosine;n=rurikides;oc=59,,,,,,,,,,,,,,,,I00140382
Q127078,Q75394632,,,,,,,,,,,,,,,,,,,,,,,,,,,,,p=oulita;n=n,,,,,,,,,,,,p11474.htm#i114738,,,,
Q127082,Q4198920,,,,,,,,,,,,,,,,,,,,,,,,,,,,,p=isiaslav;n=rurikides;oc=12,,,dw.6014,,,,,,,,,,,,,
Q127084,Q4305585,,,,,,,,,,,,,,,,,,,,,,,,,,,,,p=mstislav;n=rurikides;oc=13,,,dw.6015,,,,,,,,,,,,,
Q127086,Q21843586,,,,,,,,,,,,,,,,,,,,,,,,,,,,,p=gleb;n=rurikides;oc=9,,,,,,,,,,,,,,,,
Q127088,Q56329494,,,,,,,,,,,,,,,,,,,,,,,,,,,,,p=rostislava;n=rurikides,,,,,,,,,,,,,,,,
Q127089,Q75394635,,,,,,,,,,,,,,,,,,,,,,,,,,,369908,,p=ne;n=rurikides;oc=19,,,,,,,,,,,,p11475.htm#i114741,,,,
Q127091,Q4113036,,,,,,,,,,,,,,,,,,,,,,,,,,,465002,,p=vladimir;n=rurikides;oc=17,,,dw.6023,,,,,,,,,,,,,
Q127093,Q4334078,,,,,,,,,,,,,,,,,,,,,,,,,,,626817,,p=ne;n=rurikides;oc=27,,,,,,,,,,,,,,,,
Q127095,Q4198924,,,,,,,,,,,,,,,,,,,,,,,,,,,465035,,p=isiaslav;n=rurikides;oc=8,,,,,,,,,,,,,,,,
Q127097,Q4281726,,,,,,,,,,,,,,,,,,,,,,,,,,,46453,,p=maria;n=d ossetie,,,dw.4987,,,,,,,,,p11475.htm#i114747,Maria_Shvarnovna_(1),,,I00174517
Q127100,Q13478538,,,,,,,,,,,,,,,,,,,,,,,,,,,180703,,p=lioubov;n=rurikides;oc=1,,,dw.4999,,,,,,,,,p11475.htm#i114748,,,,I00174518
Q127106,Q359396,,,,,,,,,,,,,,,,,,,,,,,,,,,682,,p=iaroslav;n=rurikides;oc=6,,,dw.4991,,,,,,,,,p11476.htm#i114753,Yaroslav_II_of_Vladimir_(1),,,I00125092
Q127108,Q550646,,,,,,,,,,,,,,,,,,,,,,,,,,,685,,p=sviatoslav;n=rurikides;oc=3,,,dw.4993,,,,,,,,,p11475.htm#i114750,Sviatoslav_III_of_Vladimir_(1),,,
Q127110,Q4113033,,,,,,,,,,,,,,,,,,,,,,,,,,,684,,p=vladimir;n=rurikides;oc=5,,,,,,,,,,,,p11476.htm#i114752,Vladimir_Vsevolodovich_(1),,,
Q127112,Q4195579,,,,,,,,,,,,,,,,,,,,,,,,,,,686,,p=ivan;n=rurikides;oc=4,,,,,,,,,,,,p11475.htm#i114749,Ivan_Vsyevolodovitch_(1),,,I00558269
Q127114,Q49600691,,,,,,,,,,,,,,,,,,,,,,,,,,,629789,,p=wierchouslava;n=rurikides,,,,,,,,,,,,,,,,
Q127116,Q1353923,,,,,,,,,,236718259,,,,,,,,,,,,,,,,,138,,p=iaroslav;n=rurikides,,,dw.1004,,,,,,,,,p11461.htm#i114604,Yaroslav_Osmomysl_(1),,Halych-6,I00139744
Q127118,Q4113074,,,,,,,,,,,,,,,,,,,,,,,,,,,139,,p=vladimir;n=rurikides;oc=8,,,dw.999,,,,,,,,,,Vladimir_Yaroslavich_(4),,Yaroslavich-10,
Q127120,Q12073491,,,,,,,,,,,,,,,,,,,,,,,,,,,428876,,p=euphrosine;n=rurikides;oc=4,,,dw.1006,,,,,,,,,,Evfrosinia_Yaroslavna_(1),,Yaroslavich-12,I00106148
Q127122,Q9380429,,,,,,,,,,,,,,,,,,,,,,,,,,,428877,,p=viatcheslava;n=rurikides,,,dw.824,,,,,,,,,p11461.htm#i114603,Vyacheslava_Rurik_(1)|Vyacheslava_Yaroslavna_(1),,Halych-5,I00165072
Q127124,Q4990810,,,,,,,,,,,,,,,,,,,,,,,,,,,428859,,p=ne;n=rurikides;oc=18,,,,,,,,,,,,,Miss_Yaroslavna_(1),,,
Q127126,Q4538775,,,,,,,,,,,,,,,,,,,,,,,,,,,,,p=iaroslav;n=rurikides;oc=13,,,,,,,,,,,,,,,,
Q127128,Q32361824,,,,,,,,,,,,,,,,,,,,,,,,,,,,,p=baszkord;n=de coumanie,,,,,,,,,,,,,,,,
Q127130,Q4411628,,,,,,,,,,,,,,,,,,,,,,,,,,,643,,p=swiatoslaw;n=rurikides;oc=1,,,,,,,,,,,,,,,,
Q127134,Q98698910,,,,,,,,,,,,,,,,,,,,,,,,,,,,,p=ne;n=n;oc=757,,,,,,,,,,,,,,,,I00141428
Q127136,Q1961967,,,,,,,,,,,,,,,,,,,,,,,,,,,59176,,p=roman;n=rurikides;oc=9,,,,,,,,,,,,,,,Duke_of_Kiev-1,
Q127138,Q2047210,,,,,,,,,,,,,,,,,,,,,,,,,,,59182,,p=rostislav;n=rurikides;oc=17,,,,,,,,,,,,,,,Duke_of_Polotsk-7,
Q127140,Q2594607,,,,,,,,,,,,,,,,,,,,,,,,,,,59187|708553,,p=rogvolod;n=rurikides,,,,,,,,,,,,,,,Duke_of_Polotsk-6,
Q127142,Q2625725,,,,,,,,,,,,,,,,,,,,,,,,,,,59095,,p=david;n=rurikides;oc=1,,,,,,,,,,,,,,,Duke_of_Polotsk-5,
Q127144,Q2512396,,,,,,,,,,,,,,,,,,,,,,,,,,,166146,,p=vseslav;n=rurikides,,,,,,,,,,,,,,,,
Q127146,Q4097582,,,,,,,,,,,,,,,,,,,,,,,,,,,166157,,p=briatcheslav;n=rurikides;oc=3,,,dw.6070,,,,,,,,,,,,,
Q127148,Q13478512,,,,,,,,,,,,,,,,,,,,,,,,,,,629417,,p=isiaslav;n=rurikides,,,,,,,,,,,,,,,,
Q127150,Q13031421,,,,,,,,,,,,,,,,,,,,,,,,,,,369404,,p=maria;n=rurikides;oc=1,,,dw.1012,,,,,,,,,,Mariya_Vasilkovna_(1),,Vasilkovna-1,I00079960
Q127152,Q13478519,,,,,,,,,,,,,,,,,,,,,,,,,,,629418,,,,,,,,,,,,,,,,,,
Q127154,Q114212784,,,,,,,,,,,,,,,,,,,,,,,,,,,,,p=adelheid;n=von alsleben,,,,,,,,,,,,,Adele_von_Alsleben_(1),,Alsleben-1,I00201295
Q127160,Q24971254,,,,,,,,,,,,,,,,,,,,,,,,,,,1093252,,p=dietrich;n=von plotzkau,,,,,,,,,,,,p898.htm#i8974,Dietrich_Count_of_Plötzkau_(1),,Plötzkau-2,
Q127162,Q118188523,,,,,,,,,,,,,,,,,,,,,,,,,,,1093251,,p=mathilde;n=von walbeck,,,,,,,,,,,,,,,Walbeck-12,
Q127164,Q21034844,,,,,,,,,,,,,,,,,,,,,,,,,,,,,p=hermann;n=von sponheim;oc=1,,,,,,,,,,,,,Hermann_Unknown_(11),,,
Q127166,Q24971181,,,,,,,,,,,,,,,,,,,,,,,,,,,,,,,,,,,,,,,,,,,,,
Q127168,Q118125640,,,,,,,,,,,,,,,,,,,,,,,,,,,,,,,,,,,,,,,,,,Mathilde_of_Winzenburg_(1),,,
Q127170,Q365064,,,,,,,,,,,,,,,,,,,,,,,,,,,,,p=erik;n=de danemark;oc=3,,,dw.693,,,,,,,,,p10545.htm#i105449,Eric_III_of_Denmark_(1),,Håkonsen-45,I00549959
Q127172,Q18683936,,,,,,,,,,,,,,,,,,,,,,,,,,,,,p=adelheid;n=von sommerschenburg,,,,,,,,,,,,,,,,
Q127174,Q99461034,,,,,,,,,,,,,,,,,,,,,,,,,,,,,p=adalbert;n=von sommerschenburg,,,,,,,,,,,,,,,,
Q127176,Q76299596,,,,,,,,,,,,,,,,,,,,,,,,,,,,,,,,,,,,,,,,,p67231.htm#i672310,,,,
Q127178,Q76299593,,,,,,,,,,,,,,,,,,,,,,,,,,,770746,,p=bertha;n=van buren,,,,,,,,,,,,p67231.htm#i672308|p67231.htm#i672307,,,Büren-87,I00112679
Q127180,Q20499827,,,,,,,,,,,,,,,,,,,,,,,,,,,742066,,p=sigebert;n=von saarbrucken,,,,,,,,,,,,,Siegbert_Von_Saarbrucken_(3),,Saarbrücken-8,I00105529
Q127182,Q110562318,,,,,,,,,,,,,,,,,,,,,,,,,,,,,p=ne;n=n;oc=55851,,,,,,,,,,,,,Unknown_(27536),,,I00105530
Q127184,Q118861,,,,,,,,,,,,,,,,,,,,,,,,,,,,,p=bruno;n=von saarbrucken,,,,,,,,,,,,,Brunon_de_Sarrebruck_(1),,,
Q127186,Q20499816,,,,,,,,,,,,,,,,,,,,,,,,,,,,,p=sigebert;n=von saarbrucken;oc=2,,,,,,,,,,,,,Sigebert_of_Saargau_(1),,Saargar-1,I00200746
Q127188,Q347454,,,,,,,,,,,,,,,,,,,,,,,,person/68ceec64-7790-4d42-b9c8-b5f3bb246462,,,,,p=adalbert;n=von saarbrucken,,,,,,,,,,,,,Adalbert_of_Mainz_(1),,,
Q127190,Q105984244,,,,,,,,,,,,,,,,,,,,,,,,,,,742061,,p=mathilde;n=von sponheim;oc=2,,,,,,,,,,,,,Mathilda_Von_Sponheim_(2),,Sponheim-3|Von_Sponheim-18,I00105525
Q127192,Q2287559,,,,,,,,,,,,,,,,,,,,,,,,,,,,,p=simon;n=von saarbrucken;oc=2,,,,,,,,,,,,,Simon_of_Saarbrücken_(1),,Saarbrucken-10,I00105519
Q127194,Q1496040,,,,,,,,,,,,,,,,,,,,,,,,,,,1248497,,p=heinrich;n=von zweibrucken;oc=3,,,,,,,,,,,,p22869.htm#i228684,"Henry_I,_Count_of_Zweibrücken_(1)",,Zweibrücken-22,I00111057
Q127196,Q96257776,,,,,,,,,,,,,,,,,,,,,,,,,,,742059,,p=jutta;n=von saarbrucken,,,,,,,,,,,,,,,Saarbrücken-12|Von_Saarbrücken-9,I00106502
Q127198,Q118213728,,,,,,,,,,,,,,,,,,,,,,,,,,,,,p=agnes;n=von saarbrucken;oc=3,,,,,,,,,,,,,,,Von_Saarbrücken-7,
Q127200,Q224611,,,,,,,,,,9755736,,,,,,,,I3226,,,,,,,,,11550,,p=beatrix;n=von hohenstaufen;oc=1,,,dw.2408,,,,,,,,,p10679.htm#i106788,Beatrice_of_Swabia_(1),,Staufer-60,I00015349
Q127202,Q63186,,,,,,,,L89T-XBZ,,,,,,,,,,I2664,,,,,,,,,11552,,p=kunigunde;n=von hohenstaufen,,,dw.1522,,,,,,,,,p11396.htm#i113955,Kunigunde_of_Hohenstaufen_(1),,Staufer-62,I00020291
Q127208,Q1755437,,,,,,,,,,,,,,,,,,,,,,,,,,,723278,,p=johanna;n=von hohenstaufen;oc=2,,,dw.8017,,,,,,,,,,"Joanna_I,_Countess_of_Burgundy_(1)",,,I00020144
Q127212,Q1608007,,,,,,,,,,,,,,,,,,,,,,,,,,,1210932|599482,,,,,,,,,,,,,,,,,Chalon-88,I00106082
Q127214,Q2182635,,,,,,,,,,,,,,,,,,,,,,,,,,,261955,,p=beatrice;n=de thiers,,,,,,,,,,,,,,,Chalon-44,I00026469
Q127216,Q15122595,,,,,,,,,,,,,,,,,,,,,,,,,,,926949,,p=berthold;n=von henneberg;oc=1,,,dw.8019,,,,,,,,,p11426.htm#i114254,,,Henneberg-35,I00033283
Q127218,Q4895528,,,,,,,,,,,,,,,,,,,,,,,,,,,,,p=bertha;n=von putelendorf,,,,,,,,,,,,,,,Puthelendorf-1,I00033284
Q127220,Q26813189,,,,,,,,,,,,,,,,,,,,,,,,,,,926948,,p=poppo;n=von henneberg;oc=6,,,sw.107842,,,,,,,,,,,,Henneberg-119,I00033286
Q127222,Q68265,,,,,,,,,,,,,,,,,,I3253,,,,,,,,,10443|10616,,p=heinrich;n=welf;oc=2,,,dw.1054,,,,,,,,,p795.htm#i7941,"Henry_VI,_Count_Palatine_of_the_Rhine_(1)",,Rhein-4,I00012345
Q127224,Q101275,,,,,,,,,,,,,,,,,,,,,,,,,,,,,,,,,,,,,,,,,,,,,
Q127226,Q4450926,,,,,,,,,,,,,,,,,,I3247,,,,,,,,,10901,,p=agnes;n=welf;oc=2,,,dw.1056,,,,,,,,,p386.htm#i3852,Agnes_of_the_Palatinate_(1),,Welf-77,I00020286
Q127228,Q107528309,,,,,,,,,,,,,,,,,,,,,,,,,,,,,,,,,,,,,,,,,,,,,
Q127230,Q571529,,,,,,,,,,,,,,,,,,,,I19653,,,,,,,146102,,p=ferry;n=de lorraine;oc=2,,,lu.71,,,,,,,,,p4246.htm#i42453,"Frederick_II,_Duke_of_Lorraine_(1)",,Lorraine-259,I00026274
Q127232,Q2499802,,,,,,,,,,,,,,,,,,,,,,,,,,,453760,,p=cunegonde;n=de lorraine,,,,,,,,,,,,p4254.htm#i42537,Cunigunda_of_Lorraine_(1),,Lorraine-249,I00026539
Q127234,Q3524598,,,,,,,,,,,,,,,,,,,,,,,,,,,,,p=diederik;n=de lorraine|p=thierry;n=de lorraine;oc=1,,,,,,,,,,,,p4253.htm#i42525,Dietrich_of_Lorraine_(1),,,I00026400
Q127236,Q3299943,,,,,,,,,,,,,,,,,,,,,,,,,,,,,p=mathieu;n=de lorraine;oc=2,,,,,,,,,,,,p4254.htm#i42531,Matthieu_of_Lorraine_(1),,,
Q127238,Q22328255,,,,,,,,,,,,,,,,,,,,,,,,,,,,,p=hedwige;n=de lorraine,,,,,,,,,,,,p4254.htm#i42535,Hediwge_of_Lorraine_(1),,Lorraine-371,I00026413
Q127242,Q75291453,,,,,,,,,,,,,,,,,,,,,,,,,,,,,p=philippe;n=de lorraine;oc=2,,,,,,,,,,,,p4253.htm#i42529,,,Lorraine-370,I00303212
Q127244,Q75291458,,,,,,,,,,,,,,,,,,,,,,,,,,,,,p=agathe;n=de lorraine;oc=1,,,,,,,,,,,,p4254.htm#i42532,,,,
Q127246,Q75291459,,,,,,,,,,,,,,,,,,,,,,,,,,,1019219,,p=judith;n=de haute lorraine;oc=1,,,,,,,,,,,,p4254.htm#i42533,,,Lorraine-304,I00026402
Q127248,Q75587957,,,,,,,,,,,,,,,,,,,,,,,,,,,,,p=beatrice;n=de dampierre en astenois,,,,,,,,,,,,p22869.htm#i228682,,,,
Q127250,Q75395031,,,,,,,,,,,,,,,,,,,,,,,,,,,911278,,p=alexandre;n=de bourgogne,,,,,,,,,,,,p11527.htm#i115264,,,Bourgogne-241,I00197074
Q127252,Q76064995,,,,,,,,,,,,,,,,,,,,,,,,,,,911279,,p=marie;n=de bourgogne;oc=19,,,,,,,,,,,,p50618.htm#i506173,,,Bourgogne-242,I00020170
Q127254,Q76065016,,,,,,,,,,,,,,,,,,,,,,,,,,,911277,,,,,,,,,,,,,,p50619.htm#i506188,Alix_De_Bourgogne_(3),,Bourgogne-243,I00020166
Q127256,Q537409,,,,,,,,,,,,,,,,,,,,,,,,,,,390471,,p=hedwig;n=von gudensberg,,,sw.107045,,,,,,,,,,Hedwig_of_Gudensberg_(1),,Gudensberg-1,I00029948
Q127258,Q1598524,,,,,,,,,,,,,,,,,,,,,,,,,,,,,p=heinrich raspe;n=von thuringen;oc=1,,,,,,,,,,,,,,,Thuringen-5,
Q127260,Q66363135,,,,,,,,,,,,,,,,,,,,,,,,,,,,,p=adelisa;n=von thuringen,,,,,,,,,,,,,,,VonMagdeburg-1,
Q127262,Q76079861,,,,,,,,,,,,,,,,,,,,,,,,,,,,,,,,,,,,,,,,,p51613.htm#i516124,,,,
Q127264,Q3503161,,,,,,,,,,,,,,,,,,,,,,,,,,,10893,,p=sophie;n=von wittelsbach;oc=6,,,dw.1199,,,,,,,,,p72640.htm#i726395,"Sophia,_daughter_of_Otto_I_of_Wittelsbach_(1)",,Wittelsbach-48,I00029959
Q127266,Q42286,,,,,,,,,,,,,,,,,,,,,,,,,,,,,,,,,,,,,,,,,,,,,
Q127268,Q61367,,,,,,,,,,,,,,,,,,,,,,,,,,,12944,,p=heinrich raspe;n=von thuringen;oc=3,,,dw.1200,,,,,,,,,p11404.htm#i114040,"Henry_Raspe,_Landgrave_of_Thuringia_(1)",,Ludowinger-13,I00013383
Q127270,Q40358,,,,,,,,,,,,,,,,,,,,,,,,,,,,,,,,,,,,,,,,,,,,,
Q127272,Q96074,,,,,,,,,,,,,,,,,,,,,,,,,,,319005,,p=jutta;n=von thuringen,,,dw.1203,,,,,,,,,p747.htm#i7462,Jutta_of_Thuringia_(1),,Ludowinger-4,I00022868
Q127274,Q19367090,,,,,,,,,,,,,,,,,,,,,,,,,,,590841,,p=agnes;n=von thuringen,,,dw.1201,,,,,,,,,p11403.htm#i114027,Agnes_of_Thuringia_(1),,Ludowinger-12,I00029965
Q127276,Q75289039,,,,,,,,,,,,,,,,,,,,,,,,,,,11373,,p=irmgard;n=von thuringen,,,dw.1039,,,,,,,,,p4088.htm#i40877,Irmgard_Thuringia_(2),,Ludowinger-8,I00029964
Q127278,Q117793277,,,,,,,,,,,,,,,,,,,,,,,,,,,716698,,p=hedwig;n=von thuringen,,,,,,,,,,,,,,,Ludowinger-14,I00029958
Q127280,Q20498971,,,,,,,,,,,,,,,,,,,,,,,,,,,,,,,,,,,,,,,,,p4291.htm#i42910,Margareta_von_Kleve_(1),,Kleve-95,I00550952
Q127282,Q75247705,,,,,,,,,,,,,,,,,,,,,,,,,,,319005,,,,,,,,,,,,,,p890.htm#i8892,Judith_of_Thuringia_(2),,,
Q127284,Q75247890,,,,,,,,,,,,,,,,,,,,,,,,,,,,,p=luckardis;n=von ziegenhain,,,,,,,,,,,,p902.htm#i9020,,,Ziegenhain-6,I00029974
Q127286,Q75247886,,,,,,,,,,,,,,,,,,,,,,,,,,,,,p=judith;n=von ziegenhain,,,,,,,,,,,,p902.htm#i9018,,,Ludowinger-6,I00029976
Q127288,Q76266322,,,,,,,,,,,,,,,,,,,,,,,,,,,600623,,,,,,,,,,,,,,p64902.htm#i649018,,,,
Q127290,Q1611586,,,,,,,,,,,,,,,,,,,,,,,,,,,1230596,,p=hermann;n=von ravensberg,,,,,,,,,,,,,Hermann_of_Ravensberg_(2),,Ravensberg-13,I00030513
Q127292,Q1874128,,,,,,,,,,,,,,,,,,,,,,,,,,,543051,,p=ludwig;n=von ravensberg,,,,,,,,,,,,,Ludwig_von_Ravensberg_(1),,Ravensberg-12,I00064245
Q127294,Q1821600,,,,,,,,,,,,,,,,,,,,,,,,,,,,,,,,,,,,,,,,,p69298.htm#i692975,Otto_von_Ravensberg_(1),,Ravensberg-9,I00570184
Q127296,Q100409389,,,,,,,,,,,,,,,,,,,,,,,,,,,,,,,,,,,,,,,,,,,,,
Q127298,Q61140626,,,,,,,,,,,,,,,,,,,,,,,,,,,,,,,,,,,,,,,,,,Otto_von_Diessen_(1),,,I00331142
Q127300,Q1409008,,,,,,,,,,,,,,,,,,,,,,,,,,,,,,,,,,,,,,,,,,Heinrich_Unknown_(17),,,I00120858
Q127302,Q359596,,,,,,,,,,,,,,,,,,,,,,,,person/819a2d88-60ae-4ed2-bcb7-0c399bb1bd30,,,542269,,p=knud;n=de danemark;oc=6,,,dw.765,,,,,,,,,p10680.htm#i106792,Canute_VI_of_Denmark_(1),,Valdemarson-1,I00313594
Q127306,Q4305618,,,,,,,,,,,,,,,,,,,,,,,,,,,,,p=mstislav;n=rurikides;oc=17,,,dw.859,,,,,,,,,,Mstyslav_of_Kiev_(1),,,I00462112
Q127308,Q4198933,,,,,,,,,,,,,,,,,,,,,,,,,,,,,p=isiaslav;n=rurikides;oc=4,,,,,,,,,,,,,,,,
Q127310,Q75241778,,,,,,,,,,,,,,,,,,,,,,,,,,,,,,,,,,,,,,,,,p403.htm#i4029,,,,
Q127312,Q75241779,,,,,,,,,,,,,,,,,,,,,,,,,,,,,,,,,,,,,,,,,p403.htm#i4030,,,,
Q127314,Q75383286,,,,,,,,,,,,,,,,,,,,,,,,,,,,,,,,,,,,,,,,,p10368.htm#i103674,,,,
Q127316,Q75241781,,,,,,,,,,,,,,,,,,,,,,,,,,,,,,,,,,,,,,,,,p404.htm#i4031,,,,
Q127318,Q75241782,,,,,,,,,,,,,,,,,,,,,,,,,,,,,,,,,,,,,,,,,p404.htm#i4032,,,,I00279404
Q127320,Q31191649,,,,,,,,,,,,,,,,,,,,,,,,,,,,,,,,,,,,,,,,,p403.htm#i4024,,,,
Q127322,Q118112940,,,,,,,,,,,,,,,,,,,,,,,,,,,,,p=cacilia;n=von thuringen,,,,,,,,,,,,,Cecelia_of_Thuringia_(1),,Thuringia-27,I00029951
Q127324,Q87119,,,,,,,,,,,,,,,,,,,,,,,,,,,,,,,,,,,,,,,,,,,,,
Q127326,Q112190,,,,,,,,,,,,,,,,,,,,,,,,,,,,,,,,,,,,,,,,,,,,,
Q127328,Q83495,,,,,,,,,,,,,,,,,,,,,,,,,,,,,,,,,,,,,,,,,,,,,
Q127330,Q77853,,,,,,,,,,,,,,,,,,,,,,,,,,,616804,,p=hermann;n=zahringen;oc=3,,,,,,,,,,,,p15192.htm#i151916,"Herman_IV,_Margrave_of_Baden_(1)",,VonBaden-1,I00106348
Q127332,Q98780,,,,,,,,,,,,,,,,,,,,,,,,,,,616805,,p=heinrich;n=zahringen;oc=1,,,,,,,,,,,,,Henry_of_Baden-Hachberg_(1),,,I00197968
Q127334,Q61704768,,,,,,,,,,,,,,,,,,,,,,,,,,,,,,,,,,,,,,,,,,,,Taronitissa-1,
Q127336,Q12898656,,,,,,,,,,,,,,,,,,,,,,,,,,,,,,,,,,,,,,,,,,,,,
Q127348,Q253778,,,,,,,,,,,,,,,,,,,,,,,,,,,722580,,p=margareta;n=von babenberg,,,dw.1188,,,,,,,,,p11396.htm#i113959,"Margaret,_Duchess_of_Austria_(1)",,Babenberg-21,I00046527
Q127350,Q280338,,,,,,,,,,,,,,,,,,,,,,,,,,,709950,,p=friedrich;n=von babenberg;oc=1,,,dw.1190,,,,,,,,,p11404.htm#i114035,"Frederick_II,_Duke_of_Austria_(1)",,Austria-11,I00436255
Q127352,Q547754,,,,,,,,,,,,,,,,,,,,,,,,,,,722581,,p=konstanze;n=von babenberg,,,dw.1187,,,,,,,,,p743.htm#i7429,Constance_of_Babenberg_(1),,Austria-12,I00022870
Q127354,Q19601994,,,,,,,,,,,,,,,,,,,,,,,,,,,590840,,p=agnes;n=von babenberg;oc=2,,,dw.1040,,,,,,,,,p11404.htm#i114034,Agnes_Austria_(2),,Austria-10,I00029980
Q127356,Q28856124,,,,,,,,,,,,,,,,,,,,,,,,,,,711429,,p=leopold;n=von babenberg;oc=4,,,,,,,,,,,,,Leopold_of_Babenburg_(1),,Austria-7,I00436254
Q127358,Q537392,,,,,,,,,,,,,,,,,,,,,,,,,,,722582,,p=gertrud;n=von babenberg;oc=1,,,dw.1189,,,,,,,,,p11404.htm#i114039,"Gertrude_of_Babenberg,_Landgravine_of_Thuringia_(1)",,Austria-15,I00029963
Q127361,Q1587183,,,,,,,,,,,,,,,,,,,,,,,,,,,722554,,p=heinrich;n=von babenberg;oc=3,,,dw.1186,,,,,,,,,p11397.htm#i113963,"Henry_of_Austria,_Duke_of_Mödling_(1)",,Austria-16,I00029977
Q127363,Q551463,,,,,,,,,,,,,,,,,,,,,,,,,,,,,,,,,,,,,,,,,p51973.htm#i519728,Henry_of_Carinthia_(1),,,
Q127365,Q2385877,,,,,,,,,,,,,,,,,,,,,,,,,,,909599,,,,,dw.731,,,,,,,,,p49175.htm#i491749,Judith_of_Bohemia_(c._1202_-_2_June_1230)_(1),,UNKNOWN-78730,I00392927
Q127367,Q321080,,,,,,,,,,,,,,,,,,,,,,,,,,,1228209,,,,,,,,,,,,,,p46162.htm#i461615,Philip_of_Spanheim_(1),,,I00722935
Q127369,Q575523,,,,,,,,,,,,,,,,,,,,,,,,,,,710184,,,,,,,,,,,,,,p4179.htm#i41789,Ulrich_of_Carinthia_(1),,,I00106364
Q127371,Q34412,,,,,,,,,,,,,,,,,,,,,,,,,,,,,,,,,,,,,,,,,,,,,
Q127373,Q29874,,,,,,,,,,,,,,,,,,,,,,,,,,,,,,,,,,,,,,,,,,,,,
Q127375,Q956304,,,,,,,,,,,,,,,,,,,,,,,,,,,707548,,,,,dw.1144,,,,,,,,,,Konrad_the_Curly_(1),,Piast-67,
Q127377,Q2885228,,,,,,,,,,,,,,,,,,,,,,,,,,,707558,,,,,dw.1149,,,,,,,,,,,,Piast-68,
Q127379,Q9213724,,,,,,,,,,,,,,,,,,,,,,,,,,,,,p=depolt;n=premyslide;oc=3,,,dw.2845,,,,,,,,,,Děpolt_of_Bohemia_(2),,,
Q127381,Q11801056,,,,,,,,,,,,,,,,,,,,,,,,,,,,,p=otton;n=premyslide,,,dw.2846,,,,,,,,,,,,,
Q127383,Q9176953,,,,,,,,,,,,,,,,,,,,,,,,,,,,,p=boleslav;n=premyslide;oc=2,,,dw.2847,,,,,,,,,,,,,
Q127385,Q9338925,,,,,,,,,,,,,,,,,,,,,,,,,,,,,,,,dw.2848,,,,,,,,,,,,,
Q127387,Q11398608,,,,,,,,,,,,,,,,,,,,,,,,,,,,,p=borivoj;n=premyslide;oc=1,,,,,,,,,,,,,,,,
Q127389,Q106915642,,,,,,,,,,,,,,,,,,,,,,,,,,,,,,,,,,,,,,,,,,,,,
Q127391,Q7932997,,,,,,,,,,,,,,,,,,,,,,,,,,,344878,,p=wiola;n=n,,,dw.1222,,,,,,,,,,"Viola,_Duchess_of_Opole_(1)",,Unknown-284656,I00119068
Q127393,Q694128,,,,,,,,,,,,,,,,,,,,,,,,,,,344913,,p=mieszko;n=piast;oc=7,,,dw.1165,,,,,,,,,p11465.htm#i114649,Mieszko_II_the_Fat_(1),,Piast-131,I00106142
Q127395,Q668210,,,,,,,,,,,,,,,,,,,,,,,,,,,344919,,p=wladyslaw;n=piast;oc=10,,,dw.1111,,,,,,,,,p11463.htm#i114624,Władysław_Opolski_(1),,Piast-123,I00119063
Q127397,Q23009970,,,,,,,,,,,,,,,,,,,,,,,,,,,,,,,,dw.1223,,,,,,,,,,Wenzeslawa_Unknown_(1),,,I00119064
Q127399,Q3060432,,,,,,,,,,,,,,,,,,,,,,,,,,,344849,,p=eufrozyna opolska;n=piast,,,dw.1175,,,,,,,,,p11466.htm#i114655,Euphrosyne_of_Opole_(1),,Piast-115,I00139695
Q127401,Q3129994,,,,,,,,,,,,,,,,,,,,,,,,,,,464066,,p=helvis;n=ibelin;oc=1,,,sw.215270,,,,,,,,,,Helvis_of_Ibelin_(1),,Ibelin-2,I00122080
Q127403,Q2087397,,,,,,,,,,,,,,,,,,,,,,,,,,,,,p=philippe;n=ibelin;oc=2,,,,,,,,,,,,,Philip_of_Ibelin_(1),,,I00534670
Q127405,Q174759,,,,,,,,,,,,,,,,,,,,,,,,,,,473412,,,,,,,,,,,,,,,"John_of_Ibelin,_the_Old_Lord_of_Beirut_(1)",,Ibelin-85,I00106159
Q127407,Q58378893,,,,,,,,,,,,,,,,,,,,,,,,,,,,,,,,,,,,,,,,,,,,Ibelin-4,
Q127409,Q913574,,,,,,,,,,,,,,,,,,,,,,,,,,,,,p=onfroi;n=de thoron;oc=3,,,,,,,,,,,,p824.htm#i8236,Humphrey_IV_of_Toron_(1),,Toron-6,I00444882
Q127411,Q50840276,,,,,,,,,,,,,,,,,,,,,,,,,,,,,p=marie;n=de champagne;oc=7,,,,,,,,,,,,,Mary_of_Champagne_(1),,,I00014218
Q127413,Q269826,,,,,,,,,,,,,,,,,,,,,,,,,,,579483,,p=alix;n=de champagne,,,,,,,,,,,,p22033.htm#i220321,Alice_of_Champagne_(1),,Champagne-180,I00014220
Q127415,Q7183942,,,,,,,,,,,,,,,,,,,,,,,,,,,89447,,p=philippa;n=de champagne,,,,,,,,,,,,p12000.htm#i119999,Philippa_of_Champagne_(1),,Champagne-1514,I00014219
Q127417,Q273983,,,,,,,,,,,,,,,,,,,,,,,,,,,634527,,p=sybille;n=de lusignan,,,,,,,,,,,,,Sibylla_of_Lusignan_(1),,,I00064421
Q127419,Q52157987,,,,,,,,,,,,,,,,,,,,,,,,,,,634531,,p=amaury;n=de lusignan;oc=1,,,,,,,,,,,,,,,,I00064420
Q127429,Q198014,,,,,,,,,,,,,,,,,,,,,,,,,,,,,,,,,,,,,,,,,,Dobromir_Chrysos_(1),,,
Q127431,Q887668,,,,,,,,,,,,,,,,,,,,,,,,,,,,,,,,,,,,,,,,,,,,,
Q127433,Q332704,,alvin-person:62317,,,,,,KPQZ-MQL,,4104,,,,,,,,I3059,,,,,,,,,12959,,p=jean;n=de brienne;oc=1,,,dw.8038,,,,,,,,,p824.htm#i8239,John_of_Brienne_(1),,Brienne-4,I00026633
Q127435,Q101467242,,,,,,,,,,,,,,,,,,,,,,,,,,,,,,,,,,,,,,,,,,,,,I00174417
Q127441,Q20949766,,,,,,,,,,,,,,,,,,,,,,,,,,,,,p=guillaume;n=de+saint+omer;oc=8,,,,,,,,,,,,,,,,
Q127451,Q517189,,,,,,,,,,,,,,,,,,,,,,,,,,,,,,,,,,,,,,,,,,,,,
Q127453,Q61972570,,,,,,,,,,,,,,,,,,,,,,,,,,,,,p=dauphine;n=de lavieu,,,,,,,,,,,,,,,De_Laviel-1,I00027081
Q127455,Q59563876,,,,,,,,,,,,,,,,,,,,,,,,,,,,,p=maria;n=di torres,,,,,,,,,,,,,Maria_De_Torres_(4),,Torres-155,I00027221
Q127457,Q326216,,,,,,,,,,,,,,,,,,,,,,,,,,,573887,,p=manfredo;n=di saluzzo,,,,,,,,,,,,p65.htm#i650,Manfred_III_of_Saluzzo_(1),,Saluzzo-23,I00027224
Q127459,Q4251683,,,,,,,,,,,,,,,,,,,,,,,,,,,,,,,,,,,,,,,,,,Comita_Torres_(1),,Torres-156,I00027222
Q127461,Q116169038,,,,,,,,,,,,,,,,,,,,,,,,,,,,,p=guglielmo ii;n=di ceva;oc=2,,,,,,,,,,,,,Guglielmo_Ceva_(1),,Ceva-10,I00316364
Q127463,Q75397081,,,,,,,,,,,,,,,,,,,,,,,,,,,,,p=giorgio;n=di ceva,,,,,,,,,,,,p11649.htm#i116487,Giorgio_De_Ceva_(2),,Ceva-9,I00027227
Q127467,Q124044127,,,,,,,,,,,,,,,,,,,,,,,,,,,579096,,p=simona;n=guercio,,,,,,,,,,,,,,,,
Q127469,Q124044139,,,,,,,,,,,,,,,,,,,,,,,,,,,579101,,p=agathe;n=de geneve;oc=1,,,,,,,,,,,,,,,,I00048731
Q127471,Q28374136,,,,,,,,,,,,,,,,,,,,,,,,,,,579104,,p=giacomo;n=del carretto,,,,,,,,,,,,,Giacomo_Del_Carretto_(1),,,I00348869
Q127473,Q1538043,,,,,,,,,,,,,,,,,,,,,,,,,,,1271189,,p=hugues;n=de coligny;oc=1,,,,,,,,,,,,,Hugues_De_Coligny_(1),,Coligny-11,I00033490
Q127475,Q76065608,,,,,,,,,,,,,,,,,,,,,,,,,,,390815,,p=mahaut;n=de bourgogne,,,,,,,,,,,,p50663.htm#i506622,Mathilde_de_Bourgogne_(1),,Bourgogne-411,I00020172
Q127477,Q97785021,,,,,,,,,,,,,,,,,,,,,,,,,,,1271045,,p=beatrice;n=de coligny,,,,,,,,,,,,,Beatrix_De_Coligny_(1),,Coligny-13,I00065838
Q127479,Q75394044,,,,,,,,,,,,,,,,,,,,,,,,,,,,,p=marguerite;n=n;oc=171,,,,,,,,,,,,p11393.htm#i113928,,,,I00330289
Q127481,Q506635,,,,,,,,,,,,,,,,,,,,,,,,,,,161264,,p=henri bretislav;n=premyslide,,,dw.8988,,,,,,,,,p11393.htm#i113929,,,,I00330290
Q127483,Q12018217,,,,,,,,,,,,,,,,,,,,,,,,,,,1396118,,p=sibylle;n=askanier,,,dw.916,,,,,,,,,p11393.htm#i113925|p902.htm#i9013,Gertrude_of_Brandenburg_(1),,Askanier-29,I00140313
Q127485,Q945500,,,,,,,,,,,,,,,,,,,,,,,,,,,173208,,p=depolt;n=premyslide;oc=2,,,dw.929,,,,,,,,,p11393.htm#i113930,Děpolt_of_Bohemia_(1),,,
Q127489,Q434662,,,,,,,,,,,,,,,,,,,,,,,,,,,789376,,p=anna;n=premyslide,,,dw.429,,,,,,,,,p11396.htm#i113956,Anne_of_Bohemia_(3),,Bohemia-27,I00030717
Q127493,Q394727,,,,,,,,,,,,,,,,,,,,,,,,,,,909612,,p=agnes;n=premyslide;oc=1,,,dw.730,,,,,,,,,p11395.htm#i113949,Agnes_of_Bohemia_(1),,UNKNOWN-78475,I00491644
Q127495,Q2270266,,,,,,,,,,,,,,,,,,,,,,,,,,,909610,,p=vladislav;n=premyslide,,,dw.726,,,,,,,,,p11396.htm#i113953,Vladislaus_of_Moravia_(1),,,I00491651
Q127497,Q1368797,,,,,,,,,,,,,,,,,,,,,,,,,,,710232,,p=premysl;n=premyslide,,,dw.727,,,,,,,,,p11395.htm#i113950,Přemyslid_of_Moravia_(1),,Český-7,I00491650
Q127499,Q523863,,,,,,,,,,,,,,,,,,,,,,,,,,,900429,,p=bozislava;n=premyslide,,,dw.721,,,,,,,,,p64709.htm#i647081,Božislava_of_Bohemia_(1),,Přemyslovci-23,I00080232
Q127501,Q612452,,,,,,,,,,,,,,,,,,,,,,,,,,,909596,,,,,,,,,,,,,,,,,,I00491647
Q127503,Q572198,,,,,,,,,,,,,,,,,,,,,,,,,,,909611,,,,,dw.728,,,,,,,,,,,,Přemyslovna-8,I00491645
Q127505,Q11837967,,,,,,,,,,,,,,,,,,,,,,,,,,,909598,,p=vratislav;n=premyslide;oc=1,,,dw.720,,,,,,,,,p11395.htm#i113948,Vratislav_of_Bohemia_(1),,,I00491646
Q127507,Q122730153,,,,,,,,,,,,,,,,,,,,,,,,,,,,,,,,,,,,,,,,,,,,UNKNOWN-78009,I00491648
Q127509,Q12019362,,,,,,,,,,,,,,,,,,,,,,,,,,,,,p=hedwige;n=n;oc=2,,,dw.732,,,,,,,,,p11394.htm#i113934,,,UNKNOWN-78211,
Q127513,Q10729285,,,,,,,,,,,,,,,,,,,,,,,,,,,805565,,p=albert;n=de bogen,,,,,,,,,,,,p67228.htm#i672276,,,,I00020284
Q127515,Q697412,,,,,,,,,,,,,,,,,,I3246,,,,,,,,,1907,,p=othon;n=von wittelsbach,,,dw.1297,,,,,,,,,p11429.htm#i114281,"Otto_II_Wittelsbach,_Duke_of_Bavaria_(1)",,Wittelsbach-13,I00020285
Q127517,Q76299907,,,,,,,,,,,,,,,,,,,,,,,,,,,,,,,,,,,,,,,,,p67257.htm#i672564,,,,
Q127519,Q22691014,,,,,,,,,,,,,,,,,,,,,,,,,,,805566,,,,,,,,,,,,,,,,,,
Q127521,Q102349003,,,,,,,,,,,,,,,,,,,,,,,,,,,,,,,,,,,,,,,,,,,,,
Q127523,Q75247928,,,,,,,,,,,,,,,,,,,,,,,,,,,318850,,p=christina;n=wettin,,,dw.8991,,,,,,,,,p905.htm#i9048,,,,I00118604
Q127525,Q111700108,,,,,,,,,,,,,,,,,,,,,,,,,,,722241,,p=beatrix;n=de vignory;oc=1,,,,,,,,,,,,,,,,I00510128
Q127527,Q108938007,,,,,,,,,,,,,,,,,,,,,,,,,,,1251971,,p=robert;n=de pierrepont,,,,,,,,,,,,,Unknown_Robert_(8),,Pierrepont-174,I00515108
Q127529,Q933505,,,,,,,,,,,,,,,,,,,,,,,,,,,722236,,p=enguerrand;n=de coucy;oc=3,,,,,,,,,,,,p10679.htm#i106785,"Enguerrand_III,_Lord_of_Coucy_(1)",,Coucy-20,I00164622
Q127531,Q1647885,,,,,,,,,,,,,,,,,,,,,,,,,,,883724,,p=jean;n=de pierrepont;oc=2,,,,,,,,,,,,,Jean_Unknown_(46),,Roucy-58,I00139904
Q127533,Q632303,,,,,,,,,,,,,,,,,,,,,,,,,,,318412,,p=dietrich;n=wettin;oc=1,,,dw.69,,,,,,,,,p891.htm#i8905,Dietrich_I._von_Lausitz_(1),,Wettin-69,I00022879
Q127535,Q13400872,,,,,,,,,,,,,,,,,,,,,,,,,,,770921,,p=mathilde;n=von meissen,,,dw.93,,,,,,,,,p891.htm#i8906,Mathilde_Unknown_(46),,Ekkehardiner-1,I00022880
Q127537,Q3490318,,,,,,,,,,,,,,,,,,,,,,,,,,,909464,,p=hilda;n=wettin,,,dw.179,,,,,,,,,p895.htm#i8943,Countess_Ida_(2)|Ida_of_Wettin_(1),,Wettin-142,I00705812
Q127539,Q88908,,,,,,,,,,,,,,,,,,,,,,,,,,,,,,,,,,,,,,,,,,,,,
Q127541,Q1514523,,,,,,,,,,,,,,,,,,,,,,,,,,,,,,,,dw.176,,,,,,,,,p895.htm#i8942,Gero_Unknown_(1),,,
Q127543,Q75247749,,,,,,,,,,,,,,,,,,,,,,,,,,,,,,,,dw.885,,,,,,,,,p893.htm#i8927,,,,I00330316
Q127545,Q75247758,,,,,,,,,,,,,,,,,,,,,,,,,,,617051,,p=mechthilde;n=von wettin,,,,,,,,,,,,p894.htm#i8934,,,Wettin-141,I00330311
Q127547,Q455269,,,,,,,,,,,,,,,,,,,,,,,,,,,871419,,,,,,,,,,,,,,,,,Von_Heinsberg-1,I00572299
Q127549,Q2200153,,,,,,,,,,,,,,,,,,,,,,,,,,,,,,,,,,,,,,,,,p59354.htm#i593536,,,Heinsberg-12,
Q127551,Q61928134,,,,,,,,,,,,,,,,,,,,,,,,,,,712988,,p=mathilde;n=wettin;oc=1,,,dw.827,,,,,,,,,p781.htm#i7805,Matilde_von_der_Lausitz_(1),,Wettin-159,I00030633
Q127553,Q110630,,,,,,,,,,,,,,,,,,,,,,,,,,,,,,,,dw.828,,,,,,,,,p795.htm#i7944,Agnes_of_Landsberg_(1),,UNKNOWN-77695,I00473527
Q127554,Q75247163,,,,,,,,,,,,,,,,,,,,,,,,,,,,,,,,,,,,,,,,,p847.htm#i8462,,,UNKNOWN-77983,
Q127556,Q61454,,,,,,,,,,,,,,,,,,,,,,,,,,,617037,,p=berthold;n=von andechs;oc=2,,,dw.1060,,,,,,,,,p890.htm#i8899|p11360.htm#i113599|p11413.htm#i114126,"Berthold_IV,_Duke_of_Merania_(1)",,Andechs-7,I00033350
Q127560,Q41990,,,,,,,,,,,,,,,,,,,,,,,,,,,,,,,,,,,,,,,,,,,,,
Q127562,Q61876,,,,,,,,,,,,,,,,,,I3222,,,,,,,,,13043,,p=agnes;n=von andechs,,,sw.980557,,,,,,,,,p10312.htm#i103119,Agnes_of_Merania_(1),,Méranie-2,I00004025
Q127564,Q73417,,,,,,,,,,,,,,,,,,,,,,,,,,,1002453,,,,,,,,,,,,,,,Bertoldo_de_Merania_(1),,,I00440394
Q127566,Q1596490,,,,,,,,,,,,,,,,,,,,,,,,,,,,,,,,,,,,,,,,,,Henry_of_Istria_(1),,,I00440391
Q127568,Q1281468,,,,,,,,,,,,,,,,,,,,,,,,,,,,,,,,,,,,,,,,,,Ekbert_von_Andechs-Meranien_(1),,,I00440393
Q127570,Q1915628,,,,,,,,,,,,,,,,,,,,,,,,,,,,,,,,,,,,,,,,,p890.htm#i8896,,,,
Q127572,Q75247715,,,,,,,,,,,,,,,,,,,,,,,,,,,,,,,,,,,,,,,,,p890.htm#i8898,,,,
Q127574,Q75247835,,,,,,,,,,,,,,,,,,,,,,,,,,,,,,,,,,,,,,,,,p899.htm#i8985,,,,
Q127578,Q1597716,,,,,,,,,,,,,,,,,,,,,,,,,,,,,p=heinrich;n=von schwarzburg;oc=8,,,,,,,,,,,,,,,,
Q127580,Q354833,,,,,,,,,,,,,,,,,,,,,,,,,,,328581,,,,,,,,,,,,,,,,,,I00316495
Q127582,Q95611,,,,,,,,,,,,,,,,,,,,,,,,,,,,,,,,,,,,,,,,,,,,,
Q127584,Q1597762,,,,,,,,,,,,,,,,,,,,,,,,,,,638714,,p=heinrich;n=von schwarzburg,,,,,,,,,,,,,,,Schwarzburg-17,I00030524
Q127586,Q1873954,,,,,,,,,,,,,,,,,,,,,,,,,,,,,,,,,,,,,,,,,,,,,I00316640
Q127588,Q2570145,,,,,,,,,,,,,,,,,,,,,,,,,,,,,,,,,,,,,,,,,,,,,
Q127590,Q116134053,,,,,,,,,,,,,,,,,,,,,,,,,,,,,p=dietburg;n=von anhalt,,,,,,,,,,,,,,,,I00119013
Q127592,Q30650350,,,,,,,,,,,,,,,,,,,,,,,,,,,,,p=gunther;n=von kafernburg;oc=4,,,,,,,,,,,,,,,,I00119014
Q127594,Q110613414,,,,,,,,,,,,,,,,,,,,,,,,,,,,,,,,,,,,,,,,,,,,,I00163361|I00461294
Q127596,Q110570744,,,,,,,,,,,,,,,,,,,,,,,,,,,,,,,,,,,,,,,,,,,,,I00201300
Q127598,Q110613479,,,,,,,,,,,,,,,,,,,,,,,,,,,,,,,,,,,,,,,,,,,,,I00360293
Q127600,Q1367780,,,,,,,,,,,,,,,,,,,,,,,,,,,,,,,,,,,,,,,,,,,,,
Q127602,Q22691341,,,,,,,,,,,,,,,,,,,,,,,,,,,,,,,,,,,,,,,,,,,,,
Q127604,Q122842169,,,,,,,,,,,,,,,,,,,,,,,,,,,,,,,,,,,,,,,,,,,,Unknown-686156,I00535116
Q127606,Q318274,,,,,,,,,,,,,,,,,,,,,,,,,,,716866,,p=siegfried;n=askanier,,,dw.914,,,,,,,,,p4039.htm#i40385,"Siegfried,_Prince-Archbishop_of_Bremen_(1)",,Askanier-34,
Q127610,Q75534,,,,,,,,,,,,,,,,,,,,,,,,,,,,,,,,,,,,,,,,,,,,,
Q127612,Q75288325,,,,,,,,,,,,,,,,,,,,,,,,,,,912815,,p=heinrich;n=askanier,,,,,,,,,,,,p4039.htm#i40386,,,Askanier-32,
Q127614,Q44191355,,,,,,,,,,,,,,,,,,,,,,,,,,,912814,,p=dietrich;n=askanier,,,,,,,,,,,,p4040.htm#i40391,,,Askanier-31,I00030515
Q127616,Q75288337,,,,,,,,,,,,,,,,,,,,,,,,,,,,,,,,,,,,,,,,,p4040.htm#i40393,,,Askanier-7,
Q127618,Q68632,,,,,,,,,,,,,,,,,,,,,,,,,,,435071,,p=berthold;n=von andechs;oc=1,,,dw.9133,,,,,,,,,,Berthold_Istrien_(1),,Andechs-6,I00028118
Q127620,Q122385,,,,,,,,,,,,,,,,,,,,,,,,,,,,,,,,,,,,,,,,,,,,,I00033349
Q127622,Q2547245,,,,,,,,,,,,,,,,,,,,,,,,,,,,,,,,,,,,,,,,,,,,,I00030599
Q127624,Q102542845,,,,,,,,,,,,,,,,,,,,,,,,,,,,,p=gerhard;n=von lindow ruppin,,,,,,,,,,,,,,,,I00079782
Q127628,Q44191347,,,,,,,,,,,,,,,,,,,,,,,,,,,,,,,,,,,,,,,,,,,,,
Q127630,Q1316737,,,,,,,,,,,,,,,,,,,,,,,,,,,,,,,,,,,,,,,,,,,,,I00268072
Q127632,Q61139271,,,,,,,,,,,,,,,,,,,,,,,,,,,,,,,,,,,,,,,,,,,,Beichlingen-3,I00163312
Q127634,Q61139270,,,,,,,,,,,,,,,,,,,,,,,,,,,,,,,,,,,,,,,,,,,,Beichlingen-4,I00163314
Q127636,Q1521043,,,,,,,,,,,,,,,,,,,,,,,,,,,,,p=meinhard;n=von gorz;oc=2,,,,,,,,,,,,,,,,
Q127638,Q39429,,,,,,,,,,,,,,,,,,,,,,,,,,,,,,,,,,,,,,,,,,,,,
Q127640,Q1223827,,,,,,,,,,,,,,,,,,,,,,,,,,,,,,,,dw.8071,,,,,,,,,p747.htm#i7466,,,Wettin-111,I00549939
Q127642,Q21396241,,,,,,,,,,,,,,,,,,,,,,,,,,,10216,,p=hedwig;n=wettin;oc=1,,,dw.8066,,,,,,,,,p747.htm#i7470,Hedwig_von_Meissen_(1),,Meissen-12,I00111068
Q127644,Q75245925,,,,,,,,,,,,,,,,,,,,,,,,,,,,,,,,,,,,,,,,,p747.htm#i7467,,,Wettin-110,I00549941
Q127646,Q75245927,,,,,,,,,,,,,,,,,,,,,,,,,,,,,,,,,,,,,,,,,p747.htm#i7468,,,Wettin-113,I00549942
Q127648,Q75245929,,,,,,,,,,,,,,,,,,,,,,,,,,,,,,,,,,,,,,,,,p747.htm#i7469,,,Wettin-112,I00549943
Q127650,Q75245930,,,,,,,,,,,,,,,,,,,,,,,,,,,865336,,p=sophia;n=wettin;oc=5,,,,,,,,,,,,p748.htm#i7472,,,Meissen-13,I00033274
Q127652,Q75245933,,,,,,,,,,,,,,,,,,,,,,,,,,,,,,,,,,,,,,,,,p748.htm#i7474,,,Wettin-134,
Q127654,Q30879424,,,,,,,,,,,,,,,,,,,,,,,,,,,,,p=dietrich;n=wettin;oc=2,,,,,,,,,,,,p903.htm#i9022,,,Wettin-135,I00178122
Q127656,Q75247892,,,,,,,,,,,,,,,,,,,,,,,,,,,,,,,,,,,,,,,,,p903.htm#i9021,,,,
Q127658,Q110326746,,,,,,,,,,,,,,,,,,,,,,,,,,,,,p=hedwig;n=wettin,,,,,,,,,,,,,,,Wettin-157,I00079710
Q127660,Q75247857,,,,,,,,,,,,,,,,,,,,,,,,,,,,,,,,,,,,,,,,,p900.htm#i8999,,,Saxony-59,I00542219
Q127662,Q27430010,,,,,,,,,,,,,,,,,,,,,,,,,,,,,,,,,,,,,,,,,p901.htm#i9002,,,Wettin-6,
Q127664,Q31192227,,,,,,,,,,,,,,,,,,,,,,,,,,,600619,,,,,,,,,,,,,,,,,,
Q127666,Q31192225,,,,,,,,,,,,,,,,,,,,,,,,,,,600622,,,,,,,,,,,,,,p64902.htm#i649019,,,,
Q127668,Q110426558,,,,,,,,,,,,,,,,,,,,,,,,,,,127736,,p=friedrich;n=von schweinfurt,,,,,,,,,,,,,Friedrich_von_Pettendorf_(1),,Lengenfeld-2,I00208155
Q127670,Q110426559,,,,,,,,,,,,,,,,,,,,,,,,,,,127737,,p=sigena;n=von leinungen,,,,,,,,,,,,,Sigena_von_Leinungen_(1),,Leinungen-1,I00208156
Q127674,Q1256625,,,,,,,,,,,,,,,,,,,,,,,,,,,,,p=ulrich;n=von scheyern,,,,,,,,,,,,,,,,
Q127676,Q1322771,,,,,,,,,,,,,,,,,,,,,,,,,,,,,,,,,,,,,,,,,,,,Scheyern-2,
Q127678,Q76299911,,,,,,,,,,,,,,,,,,,,,,,,,,,10890,,,,,,,,,,,,,,p67257.htm#i672567,,,Wittelsbach-47,
Q127680,Q76174931,,,,,,,,,,,,,,,,,,,,,,,,,,,805567,,p=ne;n=von wittelsbach,,,,,,,,,,,,p58219.htm#i582189,,,Wittelsbach-192|Wittelsbach-49,I00313650
Q127682,Q110571300,,,,,,,,,,,,,,,,,,,,,,,,,,,10897,,,,,,,,,,,,,,,,,,I00201755
Q127684,Q110326667,,,,,,,,,,,,,,,,,,,,,,,,,,,123195,,p=benedikte;n=von moosburg,,,,,,,,,,,,,,,Wörth-1612,I00125087
Q127686,Q85522,,,,,,,,,,,,,,,,,,,,,,,,,,,,,,,,,,,,,,,,,,,,,
Q127690,Q582572,,,,,,,,,,,,,,,,,,,,,,,,,,,435069,,p=mathilde;n=von andechs,,,sw.212463,,,,,,,,,,Matilda_of_Andechs_(1),,Andechs-3,I00028112
Q127692,Q65224736,,,,,,,,,,,,,,,,,,,,,,,,,,,865396,,p=kunigunde;n=von andechs,,,,,,,,,,,,,Kunigunde_von_Andechs_(1),,Andechs-16,I00033336
Q127694,Q110613408,,,,,,,,,,,,,,,,,,,,,,,,,,,,,p=sophie;n=von andechs,,,,,,,,,,,,,,,Andechs-11,I00033287
Q127696,Q31191631,,,,,,,,,,,,,,,,,,,,,,,,,,,131763,,,,,,,,,,,,,,,,,Babonen-4,
Q127698,Q118189191,,,,,,,,,,,,,,,,,,,,,,,,,,,,,p=adelheid;n=von plotzkau,,,,,,,,,,,,,,,Plötzkau-1,
Q127700,Q1223833,,,,,,,,,,,,,,,,,,,,,,,,,,,,,,,,,,,,,,,,,,,,,
Q127706,Q782354,,,,,,,,,,,,,,,,,,I4807,,,,,,,,,142629,,p=ethelreda;n=of northumberland,,,,,,,,,,,,p10769.htm#i107683,Uchtreda_of_Northumbria_(1),,Dunbar-49,I00076165
Q127710,Q3298979,,,,,,,,,,,,,,,,,,,,,,,,,,,,,p=mathilde;n=de garlande,,,,,,,,,,,,,Mathilde_de_Garlande_(1),,Garlande-8,I00197599
Q127712,Q441337,,,,,,,,,,,,,,,,,,,,,,,,,,,438658,,p=bouchard;n=de montmorency;oc=21,,,,,,,,,,,,,Bouchard_Unknown_(11),,Montmorency-39,I00197600
Q127714,Q113004776,,,,,,,,,,,,,,,,,,,,,,,,,,,,,p=mathieu;n=de montmorency;oc=58,,,,,,,,,,,,,,,,I00294655
Q127716,Q75386711,,,,,,,,,,,,,,,,,,,,,,,,,,,,,,,,,,,,,,,,,p10673.htm#i106727,,,FitzRichard-78,I00139544
Q127720,Q1492837,,,,,,,,,,,,,,,,,,,,,,,,,,,,,p=galeran;n=de meulan;oc=1,,,,,,,,,,,,p4218.htm#i42172,Waleran_de_Beaumont_(2),,Meulan-29,I00296729
Q127722,Q18607755,,,,,,,,,,,,,,,,,,,,,,,,,,,545087,,p=jeanne;n=de meulan;oc=2,,,,,,,,,,,,p4218.htm#i42178,Jeanne_de_Meulan_(1),,Meulan-39,I00028886
Q127724,Q75248229,,,,,,,,,,,,,,,,,,,,,,,,,,,323519,,p=mabille;n=de meulan,,,,,,,,,,,,p931.htm#i9305,Mabile_de_Beaumont_(1),,Meulan-40,I00114023
Q127726,Q75291048,,,,,,,,,,,,,,,,,,,,,,,,,,,,,p=pierre;n=de meulan;oc=1,,,,,,,,,,,,p4218.htm#i42174,Piers_Beaumont_(1),,Meulan-28,I00296728
Q127728,Q75291050,,,,,,,,,,,,,,,,,,,,,,,,,,,,,,,,,,,,,,,,,p4218.htm#i42175,Henry_Mellento_(1),,Meulan-36,I00296725
Q127730,Q75291051,,,,,,,,,,,,,,,,,,,,,,,,,,,,,,,,,,,,,,,,,p4218.htm#i42176,Agnes_Beaumont_(6),,Meulan-38,I00296727
Q127732,Q3122188,,,,,,,,,,,,,,,,,,,,,,,,,,,909953,,p=guy;n=de laval;oc=6,,,,,,,,,,,,p4215.htm#i42147,Guy_Laval_(1),,Laval-64,I00026212
Q127734,Q75102200,,,,,,,,,,,,,,,,,,,,,,,,,,,322283,,p=beatrix;n=de vaux,,,,,,,,,,,,p65.htm#i643,Beatrice_Valle_(1),,Vaux-87,I00377492
Q127736,Q1553687,,,,,,,,,,,,,,,,,,,,,,,,,,,480723,,p=guy;n=de limoges;oc=5,,,,,,,,,,,,p4207.htm#i42065,,,,I00139540
Q127738,Q52557164,,,,,,,,,,,,,,,,,,,,,,,,,,,,,p=umberge;n=de limoges,,,,,,,,,,,,,Umberge_De_Limoges_(1),,Limoges-165,I00330900
Q127740,Q115454518,,,,,,,,,,,,,,,,,,,,,,,,,,,405676,,p=marguerite;n=de limoges;oc=2,,,,,,,,,,,,,,,,I00330909
Q127742,Q115461330,,,,,,,,,,,,,,,,,,,,,,,,,,,,,p=marie;n=de limoges;oc=5,,,,,,,,,,,,,Marie_de_Limoges_(1),,,I00330788
Q127744,Q940062,,,,,,,,,,,,,,,,,,,,,,,,,,,646202,,p=richard;n=de reviers;oc=3,,,,,,,,,,,,p4206.htm#i42057,Richard_de_Redvers_(3),,Redvers-28,I00148732
Q127746,Q804869,,,,,,,,,,,,,,,,,,,,,,,,,,,646205,,,,,,,,,,,,,,p4206.htm#i42058,Baldwin_de_Redvers_(1),,,I00197155
Q127748,Q7330210,,,,,,,,,,,,,,,,,,,,,,,,,,,,,,,,,,,,,,,,,p4206.htm#i42060,Richard_de_Redvers_(2),,,
Q127750,Q1381003,,,,,,,,,,,,,,,,,,,,,,,,,,,323146,,p=rhys;n=of deheubarth,,,,,,,,,,,,p10468.htm#i104678|p40495.htm#i404942,Rhys_ap_Tewdwr_(1),,Ap_Tewdwr-7,I00117281
Q127752,Q75384479,,,,,,,,,,,,,,,,,,,,,,,,,,,323135,,p=gwladus;n=of powys,,,,,,,,,,,,p10468.htm#i104679,Gwladus_Verch_Rhiwallon_(1),,Ferch_Rhiwallon-3,I00117282
Q127754,Q2705901,,,,,,,,,,,,,,,,,,,,,,,,,,,414204,,p=gruffydd;n=of deheubarth;oc=1,,,,,,,,,,,,p40494.htm#i404940,Gruffydd_ap_Rhys_(1),,Ap_Rhys-99,I00199057
Q127758,Q75384482,,,,,,,,,,,,,,,,,,,,,,,,,,,,,p=stephen;n=of cardigan,,,,,,,,,,,,p10469.htm#i104681,Stephen_De_Cardigan_(1),,Marisco-31,
Q127760,Q75384483,,,,,,,,,,,,,,,,,,,,,,,,,,,,,,,,,,,,,,,,,p10469.htm#i104682,,,Fitzgerald-3030,I00453392
Q127762,Q110622126,,,,,,,,,,,,,,,,,,,,,,,,,,,,,,,,,,,,,,,,,,,,Ab_Owain-24,I00759299
Q127764,Q13132371,,,,,,,,,,,,,,,,,,,,,,,,,,,,,,,,,,,,,,,,,p10283.htm#i102824,,,Barry-2630,
Q127766,Q357824,,,,,,,,,,89717323,,,,,,,,,,,,,,,,,,,,,,,,,,,,,,,p11577.htm#i115765,Giraldus_De_Barri_(1),,Barry-2632,
Q127768,Q7184609,,,,,,,,,,,,,,,,,,,,,,,,,,,,,,,,,,,,,,,,,p11576.htm#i115755,Philip_De_Barri_(1),,Barry-2629,
Q127770,Q7351382,,,,,,,,,,,,,,,,,,,,,,,,,,,,,,,,,,,,,,,,,p11577.htm#i115770,,,,
Q127772,Q75644658,,,,,,,,,,,,,,,,,,,,,,,,,,,,,,,,,,,,,,,,,p26757.htm#i267562,,,,
Q127774,Q75715458,,,,,,,,,,,,,,,,,,,,,,,,,,,,,,,,,,,,,,,,,p29952.htm#i299515,,,,
Q127780,Q75459105,,,,,,,,,,,,,,,,,,,,,,,,,,,,,,,,,,,,,,,,,p15526.htm#i155258,,,,
Q127782,Q75643671,,,,,,,,,,,,,,,,,,,,,,,,,,,,,,,,,,,,,,,,,p26680.htm#i266791,,,,
Q127784,Q75468054,,,,,,,,,,,,,,,,,,,,,,,,,,,,,,,,,,,,,,,,,p16084.htm#i160836,,,,
Q127786,Q75789748,,,,,,,,,,,,,,,,,,,,,,,,,,,,,,,,,,,,,,,,,p33518.htm#i335174,,,,
Q127788,Q75789749,,,,,,,,,,,,,,,,,,,,,,,,,,,,,,,,,,,,,,,,,p33518.htm#i335175,,,,
Q127790,Q75789752,,,,,,,,,,,,,,,,,,,,,,,,,,,,,,,,,,,,,,,,,p33518.htm#i335176,,,,
Q127792,Q75789754,,,,,,,,,,,,,,,,,,,,,,,,,,,,,,,,,,,,,,,,,p33518.htm#i335177,,,,
Q127794,Q75849953,,,,,,,,,,,,,,,,,,,,,,,,,,,,,,,,,,,,,,,,,p35429.htm#i354283,,,,
Q127796,Q7966518,,,,,,,,,,,,,,,,,,,,,,,,,,,,,p=walter;n=de riddlesford,,,,,,,,,,,,,Walter_De_Ridelisford_(9),,Ridelsford-3,I00385363
Q127798,Q75241873,,,,,,,,,,,,,,,,,,,,,,,,,,,,,,,,,,,,,,,,,p411.htm#i4107,,,Riddlesford-4,I00106764
Q127802,Q48546948,,,,,,,,,,,,,,,,,,,,,,,,,,,1093032,,p=mabile;n=de gloucester,,,,,,,,,,,,p46408.htm#i464079,Mabel_of_Gloucester_(1),,FitzRobert-125,I00027786
Q127804,Q24053435,,,,,,,,,,,,,,,,,,I5428,,,,,,,,,309560,,p=amicie;n=de gloucester;oc=1,,,,,,,,,,,,p408.htm#i4073,Amicia_FitzRobert_(4),,FitzWilliam-253,I00027634
Q127806,Q75241831,,,,,,,,,,,,,,,,,,,,,,,,,,,,,p=robert;n=of gloucester,,,,,,,,,,,,p407.htm#i4070,Robert_Fitzwilliam_(1),,FitzRobert-126,I00320938
Q127812,Q99239198,,,,,,,,,,,,,,,,,,,,,,,,,,,,,,,,,,,,,,,,,,,,,I00367285
Q127814,Q20755971,,,,,,,,,,,,,,,,,,,,,,,,,,,,,p=gruffudd ap ifor bach;n=n,,,,,,,,,,,,,,,Ab_Ifor_Bach-1,I00291727
Q127816,Q97532159,,,,,,,,,,,,,,,,,,,,,,,,,,,,,,,,,,,,,,,,,,,,,I00291729
Q127818,Q110622011,,,,,,,,,,,,,,,,,,,,,,,,,,,,,,,,,,,,,,,,,,,,,I00580990
Q127820,Q18530731,,,,,,,,,,,,,,,,,,,,,,,,,,,,,,,,,,,,,,,,,,,,,I00294146
Q127822,Q110622142,,,,,,,,,,,,,,,,,,,,,,,,,,,,,,,,,,,,,,,,,,,,Ferch_Gruffudd-25,I00752282
Q127824,Q110636628,,,,,,,,,,,,,,,,,,,,,,,,,,,,,,,,,,,,,,,,,,,,,I00754513
Q127826,Q75384462,,,,,,,,,,,,,,,,,,,,,,,,,,,,,,,,,,,,,,,,,p10467.htm#i104666,,,,
Q127828,Q7343274,,,,,,,,,,,,,,,,,,,,,,,,,,,141861,,,,,,,,,,,,,,p10467.htm#i104668,Robert_Doyley_(1),,,
Q127830,Q63184373,,,,,,,,,,,,,,,,,,,,,,,,,,,,,,,,,,,,,,,,,p32211.htm#i322106|p10467.htm#i104667,,,Oilly-15,
Q127832,Q75386714,,,,,,,,,,,,,,,,,,,,,,,,,,,624877,,p=robert;n=d avranches,,,,,,,,,,,,p10673.htm#i106729,,,Avranches-32,I00320939
Q127834,Q75617658,,,,,,,,,,,,,,,,,,,,,,,,,,,,,,,,,,,,,,,,,p24828.htm#i248273,,,Courcy-26,
Q127836,Q75248234,,,,,,,,,,,,,,,,,,,,,,,,,,,,,p=hawise;n=de courcy,,,,,,,,,,,,p932.htm#i9311,Hawise_De_Curcy_(1),,Courcy-14,I00028688
Q127838,Q75384556,,,,,,,,,,,,,,,,,,I7252,,,,,,,,,668914,,p=ne;n=n;oc=2494,,,,,,,,,,,,p10475.htm#i104747,Adelaide_Angers_(3),,Angers-16,I00015368
Q127842,Q75384713,,,,,,,,,,,,,,,,,,I4755,,,,,,,,,499915,,p=adela;n=de warenne,,,,,,,,,,,,p10492.htm#i104919,Margaret_Plantagenet_(5),,,I00437351
Q127844,Q75386749,,,,,,,,,,,,,,,,,,,,,,,,,,,,,p=isabel;n=de+warenne;oc=1,,,,,,,,,,,,p10677.htm#i106765,Ida_Plantagenet_(1),,Plantagenet-51,I00015459|I00015464
Q127846,Q75386753,,,,,,,,,,,,,,,,,,,,,,,,,,,351978,,p=adela;n=de warren,,,,,,,,,,,,p10677.htm#i106768,Adela_de_Warenne_(1),,Warenne-102,I00015461
Q127848,Q75386757,,,,,,,,,,,,,,,,,,I7256,,,,,,,,,259085,,p=mahaut;n=de warenne,,,,,,,,,,,,p10678.htm#i106771,Maud_Warrene_(1),,Plantagenet-239,I00015443
Q127856,Q7025792,,,,,,,,,,,,,,,,,,,,,,,,,,,,,,,,,,,,,,,,,p412.htm#i4112,Nicholas_Longespee_(1),,Longespée-88,I00028398
Q127862,Q44817184,,,,,,,,,,,,,,,,,,,,,,,,,,,,,p=ela;n=longespee;oc=2,,,,,,,,,,,,p10461.htm#i104605,Ela_Longespee_(2),,Longespée-92,I00370352
Q127864,Q75241868,,,,,,,,,,,,,,,,,,,,,,,,,,,,,,,,,,,,,,,,,p411.htm#i4103,Richard_Longespee_(1),,Longespee-35,I00028397
Q127866,Q75241879,,,,,,,,,,,,,,,,,,,,,,,,,,,,,p=isabelle;n=longespee,,,,,,,,,,,,p412.htm#i4113,Isabel_Longespee_(1),,Longespée-91,I00370349
Q127870,Q18576784,,,,,,,,,,,,,,,,,,,,,,,,,,,,,,,,,,,,,,,,,,,,,
Q127872,Q75384654,,,,,,,,,,,,,,,,,,,,,,,,,,,,,,,,,,,,,,,,,p10486.htm#i104857,Nest_Iorwerth_(3),,,
Q127878,Q16863294,,,,,,,,,,,,,,,,,,,,,,,,,,,414367,,p=christina;n=.;oc=1,,,,,,,,,,,,p40494.htm#i404938,Christian_Goronwy_(1),,Ferch_Gronwy-9,I00454400
Q127880,Q17270029,,,,,,,,,,,,,,,,,,,,,,,,,,,414364,,p=angharad;n=of gwynedd;oc=1,,,,,,,,,,,,p61055.htm#i610541,Angharad_Owain_(3),,Ferch_Owain-10,I00398116
Q127882,Q1062522,,,,,,,,,,,,,,,,,,,,,,,,,,,414391,,p=rhodri;n=of gwynedd;oc=3,,,,,,,,,,,,p40495.htm#i404944,Rhodri_ab_Owain_Gwynedd_(1),,Ab_Owain-31,I00465263
Q127884,Q1883439,,,,,,,,,,,,,,,,,,,,,,,,,,,414385,,,,,,,,,,,,,,,Madog_Owain_(1),,Owain-102,I00756974
Q127886,Q2253153,,,,,,,,,,,,,,,,,,,,,,,,,,,414381,,p=maelgwn;n=of gwynedd,,,,,,,,,,,,,Maelgwn_ab_Owain_Gwynedd_(1)|Maelgwn_Owain_(1),,Owain-99,
Q127888,Q2367819,,,,,,,,,,,,,,,,,,,,,,,,,,,,,p=hywel;n=of gwynedd;oc=2,,,,,,,,,,,,p40495.htm#i404943,Hywel_ab_Owain_Gwynedd_(1),,Owain-98,I00749172
Q127892,Q5199872,,,,,,,,,,,,,,,,,,,,,,,,,,,414376,,p=cynan;n=of gwynedd;oc=4,,,,,,,,,,,,p61056.htm#i610553,Cynan_Gwynedd_(1)|Cynan_Owain_(1),,Ab_Owain-29,I00757223
Q127894,Q5989988,,,,,,,,,,,,,,,,,,,,,,,,,,,414378,,,,,,,,,,,,,,,Iefan_ab_Owain_Gwynedd_(1),,Ab_Owain-42,
Q127896,Q7321556,,,,,,,,,,,,,,,,,,,,,,,,,,,414375,,p=rhun;n=of gwynedd;oc=1,,,,,,,,,,,,,Rhun_ab_Owain_Gwynedd_(1)|Rhun_Unknown_(1),,Owain-104,
Q127898,Q96245269,,,,,,,,,,,,,,,,,,,,,,,,,,,998913,,,,,,,,,,,,,,p4168.htm#i41678,,,,I00208552
Q127900,Q19628856,,,,,,,,,,,,,,,,,,,,,,,,,,,,,,,,,,,,,,,,,,,,,
Q127902,Q270740,,,,,,,,,,,,,,,,,,,,,,,,,,,145512,,,,,,,,,,,,,,p14545.htm#i145441,Samuel_of_Bulgaria_(1),,Комитопули-1,I00332107
Q127904,Q3401209,,,,,,,,,,,,,,,,,,,,,,,,,,,,,,,,,,,,,,,,,p67187.htm#i671865,Agatha_Unknown_(39),,Chryselie-1,I00332108
Q127906,Q454577,,,,,,,,G17F-3M5,,,,,,,,,,,,,,,,,,,45484,,p=oldrich;n=premyslide,,,dw.62,,,,,,,,,p15004.htm#i150031,"Oldrich,_Duke_of_Bohemia_(1)",,Přemyslovci-14,I00020265
Q127908,Q3563195,,,,,,,,,,,,,,,,,,,,,,,,,,,261973,,p=bozena;n=n,,,dw.487,,,,,,,,,,Bozena_Unknown_(1),,Unknown-506959,I00020267
Q127910,Q3506847,,,,,,,,,,,,,,,,,,,,,,,,,,,493033,,p=svatobor;n=premyslide,,,dw.492,,,,,,,,,,,,Přemyslovci-18,
Q127912,Q1114560,,,,,,,,,,,,,,,,,,,,,,,,,,,,,,,,,,,,,,,,,,Stjepan_Svetoslavić_(1),,,
Q127914,Q344969,,,,,,,,,,,,,,,,,,,,,,,,,,,161222,,p=vaclav;n=premyslide;oc=1,,,dw.9366,,,,,,,,,,,,,I00330346
Q127916,Q358590,,,,,,,,,,,,,,,,,,,,,,,,,,,133241,,p=poppo;n=von weimar;oc=2,,,,,,,,,,,,,Poppo_Unknown_(4),,Weimar-31,I00079979
Q127918,Q110426552,,,,,,,,,,,,,,,,,,,,,,,,,,,133242,,p=hadamut;n=von istrien,,,,,,,,,,,,,Hadamut_Unknown_(1),,Istria-3,I00079980
Q127920,Q62732411,,,,,,,,,,,,,,,,,,,,,,,,,,,682453,,p=richarde;n=von sponheim,,,sw.212468,,,,,,,,,p64710.htm#i647091,Richgard_von_Sponheim_(2)|Richilda_Von_Sponheim_(6),,Sponheim-6,I00079975|I00080242
Q127922,Q1784647,,,,,,,,,,,,,,,,,,,,,,,,,,,435073,,p=sophie;n=von weimar,,,sw.212466,,,,,,,,,,Sophie_Istrien_(1),,Istria-2,I00033346
Q127924,Q117948664,,,,,,,,,,,,,,,,,,,,,,,,,,,,,,,,,,,,,,,,,,,,,
Q127926,Q38096,,,,,,,,,,,,,,,,,,,,,,,,,,,,,,,,,,,,,,,,,,,,,
Q127928,Q3357869,,,,,,,,,,,,,,,,,,,,,,,,,,,864579,,p=otton;n=de looz,,,,,,,,,,,,,,,,
Q127930,Q277039,,,,,,,,,,,,,,,,,,,,,,,,,,,,,p=balderic;n=von looz,,,,,,,,,,,,,,,Loon-24,
Q127932,Q2662153,,,,,,,,,,,,,,,,,,,,,,,,,,,698668,,,,,,,,,,,,,,,,,,
Q127934,Q24896227,,,,,,,,,,,,,,,,,,,,,,,,,,,143063,,p=otton;n=de looz;oc=1|p=otton;n=de looz;oc=2,,,,,,,,,,,,,,,Loon-13,I00174593
Q127936,Q2413055,,,,,,,,,,,,,,,,,,,,,,,,,,,90287,,p=arnold;n=de looz;oc=2,,,,,,,,,,,,,Arnold_I_of_Loon_(1),,Loon-5,I00106443
Q127938,Q2667838,,,,,,,,,,,,,,,,,,,,,,,,,,,727,,p=wladimirko;n=rurikides,,,dw.5996,,,,,,,,,,,,Рюрикович-30,I00139742
Q127940,Q267849,,,,,,,,LBNJ-3C7,,,,,,,,,,,,,,,,,,,769945,,,,,dw.573,,,,,,,,,p11408.htm#i114075,Helena_of_Raška_(1),,Raška-16,I00020680
Q127944,Q970859,,,,,,,,,,,,,,,,,,,,,,,,,,,,,,,,dw.577,,,,,,,,,,,,,
Q127952,Q2361453,,,,,,,,,,,,,,,,,,,,,,,,,,,581|1101844,,,,,,,,,,,,,,,,,Lubech-6,
Q127954,Q2721104,,,,,,,,,,,,,,,,,,,,,,,,,,,1668,,,,,,,,,,,,,,,Dobrynya_(1),,,
Q127956,Q78112358,,,,,,,,,,,,,,,,,,,,,,,,,,,655465,,,,,,,,,,,,,,,,,,I00300220
Q127958,Q2631107,,,,,,,,,,,,,,,,,,,,,,,,,,,261932,,,,,,,,,,,,,,p41720.htm#i417191,Helena_Lekapene_(1),,Lekapena-1,I00215865
Q127960,Q3621591,,,,,,,,,,,,,,,,,,,,,,,,,,,,,,,,,,,,,,,,,,"Theodora,_daughter_of_Constantine_VII_(1)",,,I00215875
Q127962,Q59855765,,,,,,,,,,,,,,,,,,,,,,,,,,,,,,,,,,,,,,,,,,,,,
Q127964,Q60041228,,,,,,,,,,,,,,,,,,,,,,,,,,,,,,,,,,,,,,,,,,,,,
Q127966,Q59657896,,,,,,,,,,,,,,,,,,,,,,,,,,,,,,,,,,,,,,,,,,,,,
Q127968,Q59624455,,,,,,,,,,,,,,,,,,,,,,,,,,,,,,,,,,,,,,,,,,,,,
Q127972,Q3657801,,,,,,,,,,,,,,,,,,,,,,,,,,,,,,,,,,,,,,,,,,"Helena,_daughter_of_Alypius_(1)",,Alypia-1,
Q127974,Q11921172,,,,,,,,,,,,,,,,,,,,,,,,,,,,,,,,,,,,,,,,,,,,,
Q127976,Q41666,,,,,,,,,,,,,,,,,,,,,,,,person/17933c91-3147-4c25-881e-c994881947b3,,,585662,,,,,,,,,,,,,,p15022.htm#i150217,Theodora_(3),,,I00027731
Q127978,Q98698907,,,,,,,,,,,,,,,,,,,,,,,,,,,343738,,p=ne;n=n;oc=758,,,,,,,,,,,,,,,,I00141426
Q127980,Q94792243,,,,,,,,,,,,,,,,,,,,,,,,,,,,,p=wiprecht;n=von groitzsch;oc=1,,,,,,,,,,,,,,,Groitzsch-1,
Q127982,Q61139428,,,,,,,,,,,,,,,,,,,,,,,,,,,45706,,p=poppo;n=von roggenstein berg,,,,,,,,,,,,,,,Von_Berg-1,I00313118
Q127984,Q61314175,,,,,,,,,,,,,,,,,,,,,,,,,,,45705,,p=sofia;n=arpad,,,,,,,,,,,,,,,UNKNOWN-83198,I00313119
Q127986,Q61139425,,,,,,,,,,,,,,,,,,,,,,,,,,,913487,,p=diepold;n=von berg,,,,,,,,,,,,,,,Berg-3749,I00313134
Q127988,Q118977667,,,,,,,,,,,,,,,,,,,,,,,,,,,,,p=heinrich;n=von berg,,,,,,,,,,,,,,,,
Q127990,Q2501720,,,,,,,,,,,,,,,,,,,,,,,,,,,166147,,,,,,,,,,,,,,,Vladimir_of_Minsk_(1),,,
Q127992,Q10459814,,,,,,,,,,,,,,,,,,,,,,,,,,,268609,,p=kol;n=sverkeratten,,,dw.756,,,,,,,,,p11307.htm#i113069,Kol_Sveinsson_(1),,,I00023787
Q127998,Q1934051,,,,,,,,,,,,,,,,,,,,,,,,,,,346878,,p=ne;n=sverkeratten,,,dw.516,,,,,,,,,p10546.htm#i105455,Helena_of_Sweden_(1),,Sverkersdottir-1,I00535110
Q128000,Q3736064,,,,,,,,,,,,,,,,,,,,,,,,,,,572597,,p=sune;n=sik,,,dw.525,,,,,,,,,,Sune_Sik_(1),,Sverkersson-5,I00527427
Q128002,Q5884422,,,,,,12185,,,,,,,,,,,,,,,,,,,,,,,,,,dw.515,,,,,,,,,p15060.htm#i150599,John_Sverkersson_(2),,Sverkersson-3,I00711255
Q128004,Q4955719,,,,,,,,,,,,,,,,,,,,,,,,,,,,,,,,,,,,,,,,,,,,Sverkersdotter-5,I00711259
Q128006,Q4773216,,,,,,,,,,,,,,,,,,,,,,,,,,,,,,,,dw.744,,,,,,,,,p10546.htm#i105456,Niels_of_Aarhus_(1),,Knudsson-18,I00535111
Q128008,Q573277,,,,,,,,,,,,,,,,,,,,,,,,,,,,,,,,dw.743,,,,,,,,,p10546.htm#i105457,Valdemar_of_Denmark_(1),,Knudsson-16,I00535112
Q128010,Q61890586,,,,,,,,,,,,,,,,,,,,,,,,,,,,,p=hildegard;n=de danemark,,,dw.745,,,,,,,,,,Hildegard_of_Denmark_(1),,Knudsdatter-108,
Q128012,Q56587786,,,,,,,,,,,,,,,,,,,,,,,,,,,,,,,,,,,,,,,,,p51612.htm#i516115,Brigitte_of_Denmark_(1),,Oldenberg-32,
Q128014,Q642319,,,,,,11708,,,,,,,,,,,,,,,,,,,,,,,,,,,,,,,,,,,p15060.htm#i150600,,,,I00789973
Q128016,Q1842079,,,,,,,,,,,,,,,,,,,,,,,,,,,,,,,,,,,,,,,,,,Cecilia_Johansdotter_of_Sweden_(1),,Johansdotter-398,I00079673|I00711256
Q128018,Q231755,,,,,,,,,,,,,,,,,,,,,,,,,,,12904,,p=ingeborg;n=de danemark,,,dw.767,,,,,,,,,p10547.htm#i105469,"Ingeborg_of_Denmark,_Queen_of_France_(1)",,Valdemarsdatter-6,I00004024
Q128020,Q324085,,,,,,,,,,,,,,,,,,I3340,,,,,,,,,768106,,p=helene;n=de danemark,,,dw.772,,,,,,,,,p10547.htm#i105464,Helen_of_Denmark_(1),,Valdemarsdatter-7,I00015345
Q128022,Q287563,,,,,,6755,,,,15919788,,,,,,,,,,,,,,,,,863129,,p=rixa;n=de danemark,,,dw.771,,,,,,,,,p11308.htm#i113076,Rikissa_of_Denmark_(1),,Valdemarsdatter-8,I00079671
Q128024,Q1974294,,,,,,,,,,,,,,,,,,,,,,,,,,,862360,,p=sophie;n=de danemark;oc=2,,,,,,,,,,,,p67234.htm#i672339|p10547.htm#i105466,Sofie_of_Denmark_(1),,Valdemarsdatter-4,I00030494
Q128026,Q75385266,,,,,,,,,,,,,,,,,,,,,,,,,,,920576,,,,,,,,,,,,,,p10547.htm#i105468,,,Valdemarsdatter-5,I00434062
Q128028,Q75385264,,,,,,,,,,,,,,,,,,,,,,,,,,,920575,,,,,,,,,,,,,,p10547.htm#i105467,,,Valdemarsdatter-9,I00434061
Q128032,Q9324407,,,,,,,,,,,,,,,,,,,,,,,,,,,,,p=ryksa;n=piast;oc=1,,,psb.27495.1,,,,,,,,,,,,Piast-39,
Q128033,Q75394539,,,,,,,,,,,,,,,,,,,,,,,,,,,,,,,,,,,,,,,,,p11462.htm#i114615,,,Piast-38,
Q128035,Q96240837,,,,,,,,,,,,,,,,,,,,,,,,,,,,,p=euphrosyne;n=piast,,,,,,,,,,,,,,,Wielkopolska-1,I00164521
Q128037,Q9208324,,,,,,,,,,,,,,,,,,,,,,,,,,,,,p=dobroslawa;n=von pommern,,,dw.1086|dw.610,,,,,,,,,p11462.htm#i114614,,,Gryf-7,I00551409
Q128039,Q9373334,,,,,,,,,,,,,,,,,,,,,,,,,,,,,p=wierzchoslawa;n=piast,,,dw.843,,,,,,,,,,,,Piast-254,
Q128041,Q9161850,,,,,,,,,,,,,,,,,,,,,,,,,,,,,p=margareta;n=von schlawe,,,,,,,,,,,,,,,NN-1102|Piast-253,I00079787
Q128043,Q659047,,,,,,,,,,,,,,,,,,,,,,,,,,,175480,,p=lucia;n=von rugen,,,dw.844,,,,,,,,,p11461.htm#i114610,,,Rugijska-1,I00790434
Q128047,Q317137,,,,,,,,,,,,,,,,,,,,,,,,,,,498281,,p=bogislaw;n=von pommern;oc=1,,,dw.849,,,,,,,,,,"Bogislaw_II,_Duke_of_Pomerania_(1)",,Gryf-3,I00079764
Q128053,Q572017,,,,,,,,,,,,,,,,,,,,,,,,,,,1368887,,p=msciwoj i;n=sobieslawic;oc=1,,,dw.1090,,,,,,,,,p11462.htm#i114618,"Mestwin_I,_Duke_of_Pomerania_(1)|Unknown_Mestwin_(1)",,Sobiesławic-1,I00164518|I00702122
Q128055,Q696750,,,,,,,,,,,,,,,,,,,,,,,,,,,1368888,,p=swietopelk ii;n=sobieslawic;oc=2,,,dw.1092,,,,,,,,,,"Swietopelk_II,_Duke_of_Pomerania_(1)|Unknown_Svantepolk_(1)",,Sobiesławic-2,I00164520
Q128057,Q696738,,,,,,,,,,,,,,,,,,,,,,,,,,,1368889,,p=sambor;n=von pomerellen,,,dw.1095,,,,,,,,,p10547.htm#i105470|p11467.htm#i114662,"Sambor_II,_Duke_of_Pomerania_(1)",,Sobiesławic-4,I00106167
Q128059,Q5549396,,,,,,,,,,,,,,,,,,,,,,,,,,,590583,,p=hedwig;n=von pomerellen,,,dw.415,,,,,,,,,p11462.htm#i114617,Hedwige_Pommern_(1),,Eastern_Pomerania-1,I00064091
Q128061,Q21032185,,,,,,,,,,,,,,,,,,,,,,,,,,,,,p=miroslawa;n=von pomerellen,,,dw.1083,,,,,,,,,,Unknown_Miroslawa_(1),,Pomerania-8,I00079765
Q128063,Q3566258,,,,,,,,,,,,,,,,,,,,,,,,,,,,,,,,dw.1093,,,,,,,,,,,,UNKNOWN-78479,
Q128065,Q870702,,,,,,,,,,,,,,,,,,,,,,,,,,,,,,,,dw.1094,,,,,,,,,,,,UNKNOWN-78614,
Q128067,Q1755579,,,,,,,,,,,,,,,,,,,,,,,,,,,174993,,p=ratibor;n=von pommern;oc=1,,,dw.847,,,,,,,,,,,,Gryf-5,I00551405
Q128069,Q107641630,,,,,,,,,,,,,,,,,,,,,,,,,,,,,,,,,,,,,,,,,,,,,I00585808
Q128071,Q16156475,,,,,,,,,,,,,,,,,,,,,,,,,,,712971,,p=ada;n=de hollande,,,dw.554,,,,,,,,,p4034.htm#i40335,Ada_of_Holland_(1),,Holland-2225,I00030632
Q128073,Q641895,,,,,,,,,,,,,,,,,,,,,,,,,,,590892,,p=johann;n=von brandenburg,,,dw.450,,,,,,,,,p11288.htm#i112872,"John_I,_Margrave_of_Brandenburg_(1)",,Askanier-9,I00020578
Q128077,Q1309296,,,,,,,,,,,,,,,,,,I3338,,,,,,,,,590891,,p=mathilde;n=von brandenburg,,,dw.919,,,,,,,,,p781.htm#i7803,Mathilde_von_Brandenburg_(1),,Von_Brandenburg-15,I00015337
Q128079,Q113231,,,,,,,,,,,,,,,,,,,,,,,,,,,,,,,,,,,,,,,,,,,,,
Q128081,Q75288202,,,,,,,,,,,,,,,,,,,,,,,,,,,,,,,,,,,,,,,,,p4034.htm#i40340,,,,I00030634
Q128083,Q12073490,,,,,,,,,,,,,,,,,,,,,,,,,,,30237,,p=ne;n=n;oc=7755,,,dw.933,,,,,,,,,,Anna_of_Byzantium_(2),,,I00118613
Q128087,Q2446202,,,,,,,,,,,,,,,,,,,,,,,,,,,30240,,p=vassilko;n=rurikides;oc=11,,,dw.935,,,,,,,,,,,,,
Q128089,Q12165408,,,,,,,,,,,,,,,,,,,,,,,,,,,30569,,p=feodora;n=rurikides,,,dw.931,,,,,,,,,,,,,
Q128093,Q84338602,,,,,,,,,,,,,,,,,,,,,,,,,,,1368890,,p=salomee;n=rurikides,,,,,,,,,,,,,,,,
Q128095,Q4060918,,,,,,,,,,,,,,,,,,,,,,,,,,,30656,,p=alexandre;n=rurikides;oc=4,,,dw.937,,,,,,,,,p11465.htm#i114647,,,,
Q128097,Q12090858,,,,,,,,,,,,,,,,,,,,,,,,,,,,,,,,dw.938,,,,,,,,,,,,,
Q128099,Q585131,,,,,,,,,,,,,,,,,,,,,,,,,,,736,,p=vsevolod;n=rurikides;oc=15,,,dw.939,,,,,,,,,p11476.htm#i114755,Vsevolod_IV_of_Kiev_(1),,Рюрикович-7,I00079955
Q128103,Q4056711,,,,,,,,,,,,,,,,,,,,,,,,,,,47028,,p=agafija;n=rurikides,,,dw.942,,,,,,,,,p11476.htm#i114754,Agafia_Vsevolodovna_(1),,,
Q128105,Q3331104,,,,,,,,,,,,,,,,,,,,,,,,,,,280729,,p=grimislava;n=rurikides;oc=1,,,dw.866,,,,,,,,,p11464.htm#i114635,Grzymislawa_of_Luck_(1),,Рюрикович-29,
Q128107,Q3082936,,,,,,,,,,,,,,,,,,,,,,,,,,,280728,,p=salomea;n=piast;oc=2,,,dw.952,,,,,,,,,p11414.htm#i114131,Salomea_of_Poland_(1),,,I00020779
Q128111,Q2975930,,,,,,,,,,,,,,,,,,,,,,,,,,,348265,,p=agafia;n=rurikides;oc=1,,,dw.954,,,,,,,,,p11465.htm#i114641|p903.htm#i9025,Agafia_of_Rus_(1),,Рюрикович-3,I00030756
Q128113,Q2678613,,,,,,,,,,,,,,,,,,,,,,,,,,,45887,,p=boleslaw;n=piast;oc=9,,,dw.955,,,,,,,,,p11465.htm#i114643,Boleslaus_I_of_Masovia_(1),,Piast-181,I00064857
Q128117,Q2701734,,,,,,,,,,,,,,,,,,,,,,,,,,,465689,,p=ziemowit;n=piast;oc=1,,,dw.961,,,,,,,,,p11466.htm#i114651,Siemowit_I_of_Masovia_(1),,Piast-109,I00030757
Q128119,Q5547738,,,,,,,,,,,,,,,,,,,,,,,,,,,464865,,p=judyta;n=piast,,,dw.963,,,,,,,,,p11465.htm#i114648|p742.htm#i7414,"Judith,_Duchess_of_Wrocław_(1)",,Piast-132,I00064884
Q128121,Q75247895,,,,,,,,,,,,,,,,,,,,,,,,,,,,,p=eudoksja;n=piast,,,,,,,,,,,,p903.htm#i9023,,,Piast-265,I00178123
Q128123,Q110464379,,,,,,,,,,,,,,,,,,,,,,,,,,,,,,,,,,,,,,,,,,,,,
Q128125,Q1445613,,,,,,,,,,,,,,,,,,,,,,,,,,,,,p=udalschalk;n=von lurngau,,,,,,,,,,,,,,,,
Q128127,Q59417111,,,,,,,,,,,,,,,,,,,,,,,,,,,,,,,,,,,,,,,,,,,,Von_Feising-1,
Q128129,Q89478602,,,,,,,,,,,,,,,,,,,,,,,,,,,,,,,,,,,,,,,,,,,,,
Q128131,Q1496909,,,,,,,,,,,,,,,,,,,,,,,,,,,,,,,,,,,,,,,,,,,,,
Q128133,Q75292075,,,,,,,,,,,,,,,,,,,,,,,,,,,,,,,,,,,,,,,,,p4291.htm#i42907,,,UNKNOWN-78813,
Q128135,Q695426,,,,,,,,,,,,,,,,,,,,,,,,,,,89915|517905,,p=arnold;n=von kleve,,,,,,,,,,,,p4291.htm#i42908,,,Kleve-51,I00148879
Q128137,Q2001967,,,,,,,,,,,,,,,,,,,,,,,,,,,,,,,,,,,,,,,,,p4292.htm#i42911,Countess_Adelheid_(1),,Kleve-50,I00104720
Q128139,Q832669,,,,,,,,,,,,,,,,,,,,,,,,,,,380548,,p=dietrich;n=von kleve;oc=1,,,,,,,,,,,,p4291.htm#i42902,Dietrich_von_Kleve_(3),,Kleve-28,I00104735
Q128141,Q1451288,,,,,,,,,,,,,,,,,,,,,,,,,,,832754,,p=rapoto;n=von ortenburg;oc=1,,,,,,,,,,,,p58219.htm#i582181,Rapoto_Von_Ortenburg_(3),,,I00111061
Q128143,Q1597717,,,,,,,,,,,,,,,,,,,,,,,,,,,900424,,p=heinrich;n=von ortenburg,,,,,,,,,,,,p64708.htm#i647080,,,Ortenburg-4,I00080231
Q128145,Q110571319,,,,,,,,,,,,,,,,,,,,,,,,,,,,,,,,,,,,,,,,,,Elisabeth_Von_Ortenburg_(2),,,I00201761
Q128147,Q116005090,,,,,,,,,,,,,,,,,,,,,,,,,,,,,,,,,,,,,,,,,,,,,I00200683
Q128149,Q31192692,,,,,,,,,,,,,,,,,,,,,,,,,,,618266,,p=gebhard;n=von leuchtenberg;oc=1,,,,,,,,,,,,p64708.htm#i647077,,,Leuchtenberg-17,I00033368
Q128151,Q31192697,,,,,,,,,,,,,,,,,,,,,,,,,,,,,,,,,,,,,,,,,,,,,I00033370
Q128153,Q50104,,,,,,,,,,,,,,,,,,,,,,,,,,washmon-waterlander.html#165.43.28,,,,,,,,,,,,,,,,,,,
Q128155,Q4464903,,,,,,,,,,,,,,,,,,,,,,,,,,,148275,,,,,dw.571,,,,,,,,,,Unknown_Turgor_(1),,Khan_of_the_Kumans-1,
Q128159,Q3594204,,,,,,,,,,,,,,,,,,,,,,,,,,,322682,,,,,dw.1063|psb.34763.1,,,,,,,,,,Świętobor_of_Pomerania_(1),,,
Q128161,Q559682,,,,,,,,,,,,,,,,,,,,,,,,,,,322681,,p=wartislaw;n=von pommern,,,dw.1065,,,,,,,,,,"Wartislaw_I,_Duke_of_Pomerania_(1)",,Gryf-2,I00079759
Q128163,Q4121032,,,,,,,,,,,,,,,,,,,,,,,,,,,918726,,,,,dw.607,,,,,,,,,,,,,I00790430
Q128165,Q15853682,,,,,,,,,,,,,,,,,,,,,,,,,,,,,,,,,,,,,,,,,,,,,
Q128167,Q890600,,,,,,,,,,,,,,,,,,,,,,,,,,,918728,,,,,dw.609,,,,,,,,,,,,,
Q128169,Q4250171,,,,,,,,,,,,,,,,,,,,,,,,,,,328569|918727,,,,,dw.608,,,,,,,,,,,,,I00790428
Q128171,Q4411647,,,,,,,,,,,,,,,,,,,,,,,,,,,302709,,p=sviatoslav;n=rurikides;oc=7,,,dw.1707,,,,,,,,,p11465.htm#i114642|p903.htm#i9026,Svyatoslav_III_Igorevich_(1),,Рюрикович-8,I00106149
Q128173,Q4398420,,,,,,,,,,,,,,,,,,,,,,,,,,,,,p=rostislav;n=rurikides;oc=22,,,,,,,,,,,,,,,,
Q128175,Q10878005,,,,,,,,,,,,,,,,,,,,,,,,,,,302689,,,,,,,,,,,,,,,,,,I00580794
Q128177,Q98698894,,,,,,,,,,,,,,,,,,,,,,,,,,,,,,,,,,,,,,,,,,,,,I00389835
Q128179,Q76174925,,,,,,,,,,,,,,,,,,,,,,,,,,,832755,,,,,,,,,,,,,,p58219.htm#i582184,,,,I00111062
Q128181,Q76174962,,,,,,,,,,,,,,,,,,,,,,,,,,,119570,,p=adelheid;n=von hohenzollern,,,,,,,,,,,,p58221.htm#i582210,,,Hohenzollern-177,I00111060
Q128183,Q76263820,,,,,,,,,,,,,,,,,,,,,,,,,,,,,p=elisabeth;n=von ortenburg,,,,,,,,,,,,p64708.htm#i647073,,,Ortenburg-9,I00108808
Q128185,Q1597729,,,,,,,,,,,,,,,,,,,,,,,,,,,,,,,,,,,,,,,,,,,,,
Q128187,Q100760,,,,,,,,,,,,,,,,,,,,,,,,,,,133234,,p=friedrich;n=von diessen,,,sw.212913,,,,,,,,,,Frederic_Von_Diessen_(1)|Friedrich_I._von_Regensburg_(1)|Friedrich_Unknown_(1),,Diessen-2,I00080015
Q128189,Q827937,,,,,,,,,,,,,,,,,,,,,,,,,,,908926,,p=berthold;n=von regensburg,,,,,,,,,,,,p64710.htm#i647092,Berthold_Von_Schwarzenburg_(5),,Schwarzenburg-2,I00174601
Q128191,Q84573,,alvin-person:1442,,,,,,,,159586359,,,,,,,,,,,,,,,,,,,,,,,,,,,,,,,,,,,
Q128193,Q825318,,,,,,,,,,,,,,,,,,,,,,,,,,,,,,,,,,,,,,,,,,,,,
Q128195,Q111699703,,,,,,,,,,,,,,,,,,,,,,,,,,,,,,,,,,,,,,,,,,,,,
Q128197,Q118192432,,,,,,,,,,,,,,,,,,,,,,,,,,,,,,,,,,,,,,,,,,,,,I00541895
Q128199,Q118192434,,,,,,,,,,,,,,,,,,,,,,,,,,,,,,,,,,,,,,,,,,,,,
Q128201,Q79576,,,,,,,,,,,,,,,,,,,,,,,,,,,,,,,,,,,,,,,,,,,,,
Q128203,Q657197,,,,,,,,,,,,,,,,,,,,,,,,,,,150058,,p=aribo;n=von bayern,,,,,,,,,,,,,,,,
Q128205,Q102393975,,,,,,,,,,,,,,,,,,,,,,,,,,,296096,,p=liutgard;n=von istrien,,,,,,,,,,,,,Luitgard_Von_Istria_(3),,Istria-7,I00080246
Q128207,Q75891334,,,,,,,,,,,,,,,,,,,,,,,,,,,296092,,p=richgard;n=von chiemgau;oc=1,,,,,,,,,,,,p38460.htm#i384593,Richgard_von_Lavanttal_(1),,Lavant-1,I00080244
Q128209,Q657223,,,,,,,,,,,,,,,,,,,,,,,,,,,,,,,,,,,,,,,,,,,,,
Q128211,Q2666036,,,,,,,,,,,,,,,,,,,,,,,,person/d97bc02b-b438-418b-b6c1-acdbbf81abdf,,,,,p=burchard;n=von schweinfurt,,,,,,,,,,,,,Burkhard_Unknown_(1),,,
Q128213,Q55906208,,,,,,,,,,,,,,,,,,,,,,,,,,,,,p=berthold;n=von burgeck,,,,,,,,,,,,,Berthold_Unknown_(8),,,
Q128215,Q117833097,,,,,,,,,,,,,,,,,,,,,,,,,,,410030,,p=heinrich;n=von lechsgemund,,,,,,,,,,,,,,,Lechsgemünd-10,
Q128217,Q119700335,,,,,,,,,,,,,,,,,,,,,,,,,,,303223,,p=rudolf;n=von achalm,,,,,,,,,,,,,Rudolf_I._von_Achalm_(1),,,I00310316
Q128219,Q473487,,,,,,,,,,,,,,,,,,,,,,,,,,,292549,,p=engelbert;n=von sponheim,,,,,,,,,,,,p58224.htm#i582238,Engelbert_I_von_Spanheim_(1),,Spanheim-5,I00080240
Q128221,Q18507913,,,,,,,,,,,,,,,,,,,,,,,,,,,292550,,p=hadwig;n=billung von sachsen,,,,,,,,,,,,p58224.htm#i582237,Hedwig_Unknown_(23),,Flinsbach-1|Unknown-503423,I00080241
Q128223,Q473500,,,,,,,,,,,,,,,,,,,,,,,,,,,,,,,,,,,,,,,,,p64709.htm#i647090,Heinrich_Von_Kärnten_(1),,,
Q128225,Q111017306,,,,,,,,,,,,,,,,,,,,,,,,,,,887820,,p=ida;n=von sponheim,,,,,,,,,,,,,Ide_De_Carinthe_(1),,Carinthia-19,I00122074
Q128227,Q76185517,,,,,,,,,,,,,,,,,,,,,,,,,,,461056,,p=irmgard;n=von sponheim,,,,,,,,,,,,p58946.htm#i589456,,,Sponheim-32,I00141012
Q128229,Q3898935,,,,,,,,,,,,,,,,,,,,,,,,,,,,,,,,,,,,,,,,,,,,,
Q128231,Q3898933,,,,,,,,,,,,,,,,,,,,,,,,,,,,,,,,,,,,,,,,,,,,,
Q128233,Q31192233,,,,,,,,,,,,,,,,,,,,,,,,,,,,,p=konrad;n=wettin,,,,,,,,,,,,p894.htm#i8936,Konrad_Unknown_(4),,Wettin-7,
Q128235,Q75247811,,,,,,,,,,,,,,,,,,,,,,,,,,,,,,,,,,,,,,,,,p897.htm#i8969,Konrad_Unknown_(3),,,I00120936
Q128237,Q75247799,,,,,,,,,,,,,,,,,,,,,,,,,,,,,,,,,,,,,,,,,p897.htm#i8961,,,,I00120934
Q128239,Q579169,,,,,,,,,,,,,,,,,,,,,,,,,,,770913,,p=thietmar;n=vom schwabengau;oc=1,,,dw.6616,,,,,,,,,p896.htm#i8957,Thietmar_Unknown_(1),,UNKNOWN-83628|Van_der_Lausitz-2,I00079996
Q128241,Q87157,,,,,,,,,,,,,,,,,,,,,,,,,,,391539,,p=wilhelm;n=von weimar,,,,,,,,,,,,,William_Unknown_(287),,Weimar-5,I00079994
Q128243,Q543466,,,,,,,,,,,,,,,,,,,,,,,,,,,591655,,,,,,,,,,,,,,,"William,_Margrave_of_Meissen_(1)",,,I00080038
Q128245,Q2896943,,,,,,,,,,,,,,,,,,,,,,,,,,,,,p=berthold;n=von wasserburg,,,,,,,,,,,,,Berthold_I_von_Dießen_(1),,Diessen-4,I00079991
Q128247,Q826318,,,,,,,,,,,,,,,,,,,,,,,,,,,,,,,,,,,,,,,,,,Bernhard_Von_Marburg_(1),,,
Q128249,Q721160,,,,,,,,,,,,,,,,,,,,,,,,,,,,,p=vratislav;n=premyslide;oc=3,,,dw.6602,,,,,,,,,,,,,
Q128251,Q59248232,,,,,,,,,,,,,,,,,,,,,,,,,,,,,,,,,,,,,,,,,,,,,
Q128253,Q2142592,,,,,,,,,,,,,,,,,,,,,,,,,,,280691,,,,,dw.6529,,,,,,,,,,Uroš_I_of_Rascia_(1),,Raška-28,I00020681
Q128257,Q20500613,,,,,,,,,,,,,,,,,,,,,,,,,,,111102,,p=burchard;n=von zollern,,,,,,,,,,,,,Count_Burkhard_(1),,Hohenzollern-160,I00316312
Q128259,Q44191727,,,,,,,,,,,,,,,,,,,,,,,,,,,111118,,p=burchard i;n=von hohenberg,,,,,,,,,,,,,Count_Unknown_(8),,Hohenzollern-159,I00316310
Q128261,Q1613206,,,,,,,,,,,,,,,,,,,,,,,,,,,,,,,,,,,,,,,,,,,,,
Q128263,Q66084656,,,,,,,,,,,,,,,,,,,,,,,,,,,,,,,,,,,,,,,,,,,,,
Q128265,Q76298887,,,,,,,,,,,,,,,,,,,,,,,,,,,,,,,,,,,,,,,,,p67182.htm#i671816,,,,I00201307
Q128267,Q110378172,,,,,,,,,,,,,,,,,,,,,,,,,,,,,p=heinrich;n=von frontenhausen;oc=2,,,,,,,,,,,,,,,Frontenhausen-2,I00353447
Q128269,Q75288754,,,,,,,,,,,,,,,,,,,,,,,,,,,119569,,p=adelhaid;n=von frontenhausen|p=adelheid;n=von frontenhausen,,,sg.133997,,,,,,,,,p4071.htm#i40705,Adelheid_Von_Frontenhausen_(1),,,I00152827
Q128271,Q110571164,,,,,,,,,,,,,,,,,,,,,,,,,,,862358,,p=uta;n=von frontenhausen,,,,,,,,,,,,,,,Frontenhausen-1,I00079774
Q128273,Q1782124,,,,,,,,,,,,,,,,,,,,,,,,,,,,,p=konrad;n=von frontenhausen,,,,,,,,,,,,,,,,
Q128275,Q110571296,,,,,,,,,,,,,,,,,,,,,,,,,,,11350,,,,,,,,,,,,,,,,,,I00201756
Q128277,Q114810592,,,,,,,,,,,,,,,,,,,,,,,,,,,,,,,,,,,,,,,,,,,,,
Q128281,Q392653,,,,,,,,,,,,,,,,,,,,,,,,,,,251836,,p=isaac;n=komnenos,,,,,,,,,,,,p15018.htm#i150180|p824.htm#i8234,Isaac_Komnenos_(20),,Comnenus-9,I00121180
Q128285,Q765682,,,,,,,,,,,,,,,,,,,,,,,,,,,148789,,,,,,,,,,,,,,p22004.htm#i220031,Theodora_Komnene_(1),,Komnene-8,I00049913
Q128287,Q28729593,,,,,,,,,,,,,,,,,,,,,,,,,,,,,,,,,,,,,,,,,,,,Komnenos-18,
Q128289,Q12272034,,,,,,,,,,,,,,,,,,,,,,,,,,,251839,,,,,,,,,,,,,,,,,,
Q128291,Q12286002,,,,,,,,,,,,,,,,,,,,,,,,,,,,,,,,,,,,,,,,,,,,Komnenos-17,
Q128293,Q20498884,,,,,,,,,,,,,,,,,,,,,,,,,,,,,,,,,,,,,,,,,,,,,
Q128297,Q21030027,,,,,,,,,,,,,,,,,,,,,,,,,,,,,,,,,,,,,,,,,,,,Komnene-12,
Q128299,Q260019,,,,,,,,,,,,,,,,,,,,,,,,,,,307007,,,,,dw.6001,,,,,,,,,,"Maria_Komnene,_Queen_of_Hungary_(1)",,,
Q128301,Q21030028,,,,,,,,,,,,,,,,,,,,,,,,,,,,,,,,,,,,,,,,,,,,,
Q128303,Q123987292,,,,,,,,,,,,,,,,,,,,,,,,,,,,,,,,,,,,,,,,,,,,,
Q128305,Q55979351,,,,,,,,,,,,,,,,,,,,,,,,,,,,,,,,,,,,,,,,,,,,,I00293027
Q128307,Q129094314,,,,,,,,,,,,,,,,,,,,,,,,,,,,,,,,,,,,,,,,,,,,,I00293026
Q128309,Q130797273,,,,,,,,,,,,,,,,,,,,,,,,,,,,,,,,,,,,,,,,,,,,,
Q128311,Q3154047,,,,,,,,,,,,,,,,,,,,,,,,,,,,,,,,,,,,,,,,,,,,,
Q128313,Q12902332,,,,,,,,,,,,,,,,,,,,,,,,,,,,,,,,,,,,,,,,,,,,,
Q128315,Q12898718,,,,,,,,,,,,,,,,,,,,,,,,,,,,,,,,,,,,,,,,,,,,,
Q128317,Q2945602,,,,,,,,,,,,,,,,,,,,,,,,,,,,,,,,,,,,,,,,,,,,,
Q128319,Q12902330,,,,,,,,,,,,,,,,,,,,,,,,,,,,,,,,,,,,,,,,,,,,,
Q128321,Q131419591,,,,,,,,,,,,,,,,,,,,,,,,,,,,,,,,,,,,,,,,,,,,,
Q128323,Q121334907,,,,,,,,,,,,,,,,,,,,,,,,,,,,,p=marquard;n=von bregenz,,,,,,,,,,,,,,,,
Q128325,Q1635213,,,,,,,,,,,,,,,,,,,,,,,,,,,,,p=hugo;n=von tubingen,,,,,,,,,,,,p67317.htm#i673168,Hugo_von_Tübingen_(1),,Tübingen-3,I00107932
Q128327,Q76300644,,,,,,,,,,,,,,,,,,,,,,,,,,,,,,,,,,,,,,,,,p67317.htm#i673164,,,,
Q128329,Q76300645,,,,,,,,,,,,,,,,,,,,,,,,,,,,,,,,,,,,,,,,,p67317.htm#i673165,,,,
Q128331,Q1635197,,,,,,,,,,,,,,,,,,,,,,,,,,,,,p=hugo;n=von montfort;oc=9,,,,,,,,,,,,p67317.htm#i673169,Hugo_of_Montfort_(1),,Tübingen-4,I00107926
Q128333,Q76300652,,,,,,,,,,,,,,,,,,,,,,,,,,,,,,,,,,,,,,,,,p67317.htm#i673170,,,,
Q128335,Q61576882,,,,,,,,,,,,,,,,,,,,,,,,,,,488329,,p=ida;n=von pfullendorf,,,sw.212497,,,,,,,,,,Ita_Pfullendorf_(1),,Pfullendorf-1,I00060858
Q128337,Q76300493,,,,,,,,,,,,,,,,,,,,,,,,,,,,,,,,,,,,,,,,,p67306.htm#i673054,,,,
Q128339,Q76300849,,,,,,,,,,,,,,,,,,,,,,,,,,,,,,,,,,,,,,,,,p67331.htm#i673310,,,,
Q128341,Q76300844,,,,,,,,,,,,,,,,,,,,,,,,,,,,,,,,,,,,,,,,,p67331.htm#i673306,,,,
Q128343,Q76300840,,,,,,,,,,,,,,,,,,,,,,,,,,,,,,,,,,,,,,,,,p67331.htm#i673304,,,,
Q128345,Q76300848,,,,,,,,,,,,,,,,,,,,,,,,,,,,,,,,,,,,,,,,,p67331.htm#i673309,,,,
Q128347,Q76299738,,,,,,,,,,,,,,,,,,,,,,,,,,,,,,,,,,,,,,,,,p67244.htm#i672432,,,,
Q128349,Q61140525,,,,,,,,,,,,,,,,,,,,,,,,,,,,,,,,,,,,,,,,,p67300.htm#i673000,,,,
Q128351,Q76299662,,,,,,,,,,,,,,,,,,,,,,,,,,,,,,,,,,,,,,,,,p67237.htm#i672361,,,,
Q128353,Q61139737,,,,,,,,,,,,,,,,,,,,,,,,,,,1101307,,,,,,,,,,,,,,,,,Von_Hohenberg-4,I00033282
Q128355,Q96246034,,,,,,,,,,,,,,,,,,,,,,,,,,,1101305,,p=liutgard;n=von hohenberg,,,,,,,,,,,,,,,Von_Hohenberg-3,I00033281
Q128357,Q119658033,,,,,,,,,,,,,,,,,,,,,,,,,,,,,,,,,,,,,,,,,,,,,I00201725
Q128359,Q2291250,,,,,,,,,,,,,,,,,,,,,,,,,,,404368,,p=azzo;n=d este;oc=6,,,,,,,,,,,,p16403.htm#i164025,Azzo_VI_of_Este_(1),,Este-38,I00020831
Q128361,Q2482961,,,,,,,,,,170892183,,,,,,,,,,,,,,,,,,,,,,,,,,,,,,,,Beatrice_d'Este_(5),,Este-60,
Q128363,Q61139471,,,,,,,,,,,,,,,,,,,,,,,,,,,,,p=volmar ii;n=von frohburg,,,,,,,,,,,,,,,,
Q128367,Q257001,,,,,,,,,,,,,,,,,,,,,,,,,,,927464,,p=mahaut;n=de dammartin,,,,,,,,,,,,p11360.htm#i113600|p11431.htm#i114306,"Matilda_II,_Countess_of_Boulogne_(1)",,Dammartin-53,I00107275
Q128369,Q117358189,,,,,,,,,,,,,,,,,,,,,,,,,,,,,p=clemence;n=de bourgogne;oc=2,,,,,,,,,,,,,,,,
Q128371,Q1298026,,,,,,,,,,,,,,,,,,,,,,,,,,,692621,,p=egino;n=von urach;oc=4,,,,,,,,,,,,,Egino_Der_Bartige_(1),,Urach-2,I00026680
Q128373,Q66608,,,,,,,,,,,,,,,,,,,,,,,,,,,,,p=konrad;n=von urach,,,,,,,,,,,,,,,,
Q128375,Q1298024,,,,,,,,,,,,,,,,,,,,,,,,,,,692619,,p=egeno;n=von freiburg|p=egino;n=von urach,,,,,,,,,,,,,Egino_Von_Urach_(3),,Urach-8,I00080310|I00371481
Q128377,Q15788026,,,,,,,,,,,,,,,,,,,,,,,,,,,,,p=berthold;n=von urach,,,,,,,,,,,,,,,,
Q128379,Q44191491,,,,,,,,,,,,,,,,,,,,,,,,,,,832856,,p=agnes;n=von urach,,,,,,,,,,,,,,,,I00197969
Q128381,Q118203735,,,,,,,,,,,,,,,,,,,,,,,,,,,,,p=jolante;n=von urach,,,,,,,,,,,,,Yolande_Arberg_(1),,Urach-1,
Q128383,Q62732386,,,,,,,,,,,,,,,,,,,,,,,,,,,1161593,,p=heilwig;n=von urach,,,,,,,,,,,,,Heilwig_Von_Urach_(1),,Urach-11,I00026679
Q128385,Q61140580,,,,,,,,,,,,,,,,,,,,,,,,,,,403082,,p=ulrich;n=von kyburg;oc=3,,,dw.8204,,,,,,,,,p11382.htm#i113816,Ulrich_Kyburg_(1),,Kyburg-3,I00313660
Q128387,Q61576937,,,,,,,,,,,,,,,,,,,,,,,,,,,403069,,p=heilwig;n=von kyburg,,,dw.8144,,,,,,,,,p11382.htm#i113815,Hedwige_Kyburg_(1),,Kyburg-1,I00060862
Q128389,Q61140578,,,,,,,,,,,,,,,,,,,,,,,,,,,,,p=werner;n=von kyburg,,,,,,,,,,,,p932.htm#i9319,,,Kyburg-9,I00164864
Q128391,Q2477025,,,,,,,,,,,,,,,,,,,,,,,,,,,,,,,,,,,,,,,,,,,,,
Q128393,Q75248240,,,,,,,,,,,,,,,,,,,,,,,,,,,,,p=hartmann;n=von kyburg,,,,,,,,,,,,p932.htm#i9317,,,,I00478353
Q128395,Q116004766,,,,,,,,,,,,,,,,,,,,,,,,,,,,,,,,,,,,,,,,,,,,,I00314070
Q128397,Q110562127,,,,,,,,,,,,,,,,,,,,,,,,,,,,,p=ne;n=n;oc=1704,,,,,,,,,,,,,,,,I00111076
Q128399,Q1782079,,,,,,,,,,,,,,,,,,,,,,,,,,,893814,,p=konrad;n=von teck,,,,,,,,,,,,,,,,I00111073
Q128401,Q827938,,,,,,,,,,,,,,,,,,,,,,,,,,,893839,,,,,,,,,,,,,,,,,,
Q128403,Q118364774,,,,,,,,,,,,,,,,,,,,,,,,,,,,,,,,,,,,,,,,,,,,,I00534116
Q128405,Q118364954,,,,,,,,,,,,,,,,,,,,,,,,,,,893825,,p=adalbert;n=von calw;oc=1,,,,,,,,,,,,,,,Calw-6,I00534142
Q128407,Q65224492,,,,,,,,,,,,,,,,,,,,,,,,,,,,,p=adalbert;n=von achalm,,,,,,,,,,,,,,,Gammertingen-3,
Q128409,Q1587283,,,,,,,,,,,,,,,,,,,,,,,,,,,826973,,p=hartman i;n=von dillingen,,,,,,,,,,,,,Hartmann_Dillingen_(1),,Dillingen-4,I00313655
Q128411,Q70316220,,,,,,,,,,,,,,,,,,,,,,,,,,,826974,,p=adelheid;n=von winterthur,,,,,,,,,,,,,Adeleid_Kyburg_(1),,Udalrichinger-1,I00313656
Q128413,Q60617646,,,,,,,,,,,,,,,,,,,,,,,,,,,826957,,p=heinrich;n=von ronsberg,,,,,,,,,,,,,,,Ronsberg-4,I00313133
Q128415,Q61577876,,,,,,,,,,,,,,,,,,,,,,,,,,,893819,,p=mechtild;n=von ronsberg,,,,,,,,,,,,,Countess_Adelheid_(4),,,I00152832
Q128417,Q116004752,,,,,,,,,,,,,,,,,,,,,,,,,,,913490,,p=udihild;n=von ronsberg,,,,,,,,,,,,,,,Ronsberg-5,I00313132
Q128419,Q75291476,,,,,,,,,,,,,,,,,,,,,,,,,,,999570,,p=robert;n=de florange;oc=2,,,,,,,,,,,,p4255.htm#i42545,,,,
Q128421,Q75291482,,,,,,,,,,,,,,,,,,,,,,,,,,,999571,,p=hedwige;n=de lorraine;oc=1,,,,,,,,,,,,p4255.htm#i42549,,,,
Q128423,Q76196133,,,,,,,,,,,,,,,,,,,,,,,,,,,,,,,,,,,,,,,,,p59666.htm#i596659,Princess_Mathilde_(3),,Lorraine-266,I00021703
Q128425,Q692868,,,,,,,,,,,,,,,,,,,,,,,,,,,,,,,,,,,,,,,,,,,,Van_Holland-78,I00104707
Q128427,Q77248,,,,,,,,,,,,,,,,,,,,,,,,,,,87932,,p=thierry;n=de hollande;oc=6,,,sw.212708,,,,,,,,,p15048.htm#i150479,Dirk_VI_van_Holland_(1),,Holland-87,I00018667
Q128431,Q98738871,,,,,,,,,,,,,,,,,,,,,,,,,,,804626,,p=swanhilde;n=n,,,,,,,,,,,,p4256.htm#i42551,,,,I00026291
Q128433,Q75291485,,,,,,,,,,,,,,,,,,,,,,,,,,,,,p=baudouin;n=de lorraine;oc=1,,,,,,,,,,,,p4256.htm#i42553,,,,I00026306
Q128435,Q15845559,,,,,,,,,,,,,,,,,,,,,,,,,,,,,p=bernard;n=de brancion,,,,,,,,,,,,,,,,
Q128437,Q116119462,,,,,,,,,,,,,,,,,,,,,,,,,,,,,p=amulrada;n=von moorsleben,,,,,,,,,,,,,,,Ammensleben-4,I00310952
Q128439,Q116119453,,,,,,,,,,,,,,,,,,,,,,,,,,,1028279,,p=oda;n=von ammensleben,,,,,,,,,,,,,,,Ammensleben-1,I00105657
Q128441,Q118876520,,,,,,,,,,,,,,,,,,,,,,,,,,,,,,,,,,,,,,,,,,,,Von_Ammensleben-1,I00310963
Q128443,Q59391966,,,,,,,,,,,,,,,,,,,,,,,,,,,,,,,,,,,,,,,,,,,,Ammensleben-8,I00125072
Q128445,Q116030624,,,,,,,,,,,,,,,,,,,,,,,,,,,235136,,,,,,,,,,,,,,,Elli_von_Reinhausen_(2),,,I00541876
Q128447,Q1620545,,,,,,,,,,,,,,,,,,,,,,,,person/7e8aea66-97ec-4a02-b7d4-fbf362fbbaad,,,,,,,,,,,,,,,,,,,,,
Q128449,Q7608137,,,,,,,,,,,,,,,,,,,,,,,,,,,742086,,p=stefan;n=von sponheim,,,,,,,,,,,,p64710.htm#i647095,Stephen_Von_Sponheim_(6),,,
Q128451,Q76105304,,,,,,,,,,,,,,,,,,,,,,,,,,,,,p=sofia;n=von hamm;oc=1,,,,,,,,,,,,p53438.htm#i534377,Sophia_Hamm_(2),,Hamm-145,I00021699
Q128453,Q116052229,,,,,,,,,,,,,,,,,,,,,,,,,,,,,p=gerard;n=von vianden;oc=1,,,,,,,,,,,,,,,Sponheim-17,I00121822
Q128455,Q76162138,,,,,,,,,,,,,,,,,,,,,,,,,,,,,,,,,,,,,,,,,p57302.htm#i573011,,,,
Q128457,Q25896133,,,,,,,,,,,,,,,,,,,,,,,,,,,603828|723403,,p=gottfried;n=von sponheim;oc=2,,,,,,,,,,,,p53438.htm#i534376,Count_Gottfried_(2),,Sponheim-37,I00021702
Q128461,Q323836,,,,,,,,,,,,,,,,,,,,,,,,,,,,,,,,,,,,,,,,,p37950.htm#i379494,Boudewijn_van_Holland_(1),,Holland-2235,I00104711
Q128463,Q1341798,,,,,,,,,,,,,,,,,,,,,,,,,,,87934,,p=othon;n=de hollande,,,,,,,,,,,,p54322.htm#i543217,Otto_Van_Bentheim_(1),,Holland-2234,I00036670
Q128465,Q2418892,,,,,,,,,,,,,,,,,,,,,,,,,,,,,,,,,,,,,,,,,,Count_Dirk_(3),,Holland-2236,I00104712
Q128467,Q98617,,,,,,,,,,,,,,,,,,,,,,,,,,,,,,,,,,,,,,,,,,,,,
Q128469,Q82557046,,,,,,,,,,,,,,,,,,,,,,,,,,,89930,,p=gottfried;n=von heinsberg;oc=2,,,,,,,,,,,,,,,Heinsberg-13,I00148881
Q128471,Q76191575,,,,,,,,,,,,,,,,,,,,,,,,,,,,,,,,,,,,,,,,,p59354.htm#i593533,,,Van_Randerode-5,
Q128473,Q105983225,,,,,,,,,,,,,,,,,,,,,,,,,,,280672,,p=beatrix;n=de namur,,,,,,,,,,,,,,,,I00027138
Q128475,Q107363936,,,,,,,,,,,,,,,,,,,,,,,,,,,124152,,p=mathilde;n=de namur,,,,,,,,,,,,,Mathilde_De_La_Roche_(1),,Roche-162,I00027142
Q128477,Q368221,,,,,,,,,,,,,,,,,,,,,,,,,,,,,,,,,,,,,,,,,,,,,I00027144
Q128479,Q113633097,,,,,,,,,,,,,,,,,,,,,,,,,,,,,,,,,,,,,,,,,,,,,I00027102
Q128481,Q113633098,,,,,,,,,,,,,,,,,,,,,,,,,,,,,,,,,,,,,,,,,,,,Rethel-12,I00027103
Q128483,Q108577322,,,,,,,,,,,,,,,,,,,,,,,,,,,526685,,p=hugues;n=de pierrepont,,,,,,,,,,,,p463.htm#i4626,Hugh_De_Pierrepont_(2)|Unknown_Hugues_(8),,Pierrepont-2,I00139692
Q128485,Q62931397,,,,,,,,,,,,,,,,,,,,,,,,,,,,,p=beatrice;n=de pierrepont;oc=1,,,,,,,,,,,,p463.htm#i4625,Beatrix_De_Pierrepont_(1),,Pierrepont-1,I00139691
Q128487,Q1873075,,,,,,,,,,,,,,,,,,,,,,,,,,,,,p=hugues;n=de pierrepont;oc=7,,,,,,,,,,,,,,,Pierrepont-75,
Q128489,Q110537416,,,,,,,,,,,,,,,,,,,,,,,,,,,705076,,p=roger;n=de rozoy,,,,,,,,,,,,,,,Rozoy-6,I00027114
Q128491,Q116005441,,,,,,,,,,,,,,,,,,,,,,,,,,,,,,,,,,,,,,,,,,,,Espinoy-2,I00163335
Q128493,Q110378001,,,,,,,,,,,,,,,,,,,,,,,,,,,,,p=alard;n=d+antoing;,,,,,,,,,,,,,,,,I00113063
Q128495,Q5658,,,,,,,,,,,,,,,,,,,,,,,,,,,12913,,p=hugues;n=d oisy,,,,,,,,,,,,p4258.htm#i42571,,,,I00026953
Q128497,Q107529276,,,,,,,,,,,,,,,,,,,,,,,,,,,382691,,p=sibylle;n=de lorraine,,,,,,,,,,,,,Sibylle_De_Lorraine_(1),,,I00026309
Q128499,Q593217,,,,,,,,,,,,,,,,,,,,,,,,,,,737871,,p=baudouin;n=de gand;oc=2,,,,,,,,,,,,,,,Aalst-4,I00092006
Q128501,Q134532509,,,,,,,,,,,,,,,,,,,,,,,,,,,,,,,,,,,,,,,,,,,,,
Q128503,Q76207793,,,,,,,,,,,,,,,,,,,,,,,,,,,92375,,p=jutta;n=de limbourg,,,,,,,,,,,,p60455.htm#i604548,,,,I00029134
Q128505,Q70895877,,,,,,,,,,,,,,,,,,,,,,,,,,,,,,,,,,,,,,,,,p60453.htm#i604528,,,Limburg-53,I00064105
Q128507,Q134532610,,,,,,,,,,,,,,,,,,,,,,,,,,,,,,,,,,,,,,,,,,,,,
Q128509,Q134532647,,,,,,,,,,,,,,,,,,,,,,,,,,,,,,,,,,,,,,,,,,,,,
Q128511,Q202239,,,,,,,,,,,,,,,,,,,,,,,,,,,10184,,p=henri;n=de limbourg,,,,,,,,,,,,p60449.htm#i604486,"Henry_IV,_Duke_of_Limburg_(1)",,Limburg-37,I00064107
Q128513,Q1720680,,,,,,,,,,,,,,,,,,,,,,,,,,,10391,,p=valeran;n=de limbourg,,,,,,,,,,,,p4298.htm#i42973,Waleran_of_Limburg_(1),,Limburg-41,I00026540
Q128515,Q75292434,,,,,,,,,,,,,,,,,,,,,,,,,,,374329,,p=sophie;n=de limbourg,,,,,,,,,,,,p4314.htm#i43132,Sophie_of_Limburg_(1),,Limburg-63,I00050071
Q128517,Q22674564,,,,,,,,,,,,,,,,,,,,,,,,,,,645396,,p=ermesinde;n=de brienne,,,,,,,,,,,,p11998.htm#i119973,Ermensinde_de_Bar-sur-Seine_(1)|Isabel_Bar_sur-Seine_(1),,Brienne-64,I00026500
Q128519,Q573433,,,,,,,,,,,,,,,,,,,,,,,,,,,12842,,p=henri;n=de bar;oc=2,,,,,,,,,,,,p366.htm#i3654,Henry_II_of_Bar_(1),,Bar-le-Duc-11,I00026216
Q128521,Q22328257,,,,,,,,,,,,,,,,,,,,,,,,,,,336928,,p=agnes;n=de bar,,,sw.107596,,,,,,,,,p4246.htm#i42454,Agnes_of_Bar_(1),,Bar-le-Duc-19,I00026275
Q128523,Q22674570,,,,,,,,,,,,,,,,,,,,,,,,,,,907320,,,,,,,,,,,,,,,Agnes_of_Bar_(3),,,I00026505
Q128525,Q108346757,,,,,,,,,,,,,,,,,,,,,,,,,,,10336|907321,,p=marguerite;n=de bar;oc=2,,,,,,,,,,,,,,,Bar-370,I00026407
Q128527,Q75887479,,,,,,,,,,,,,,,,,,,,,,,,,,,,,,,,,,,,,,,,,p38181.htm#i381805,,,Kleve-81,I00012360
Q128529,Q75887482,,,,,,,,,,,,,,,,,,,,,,,,,,,,,p=marguerite;n=de+luxembourg;oc=4,,,,,,,,,,,,p38181.htm#i381808,,,Luxembourg-116,I00027447
Q128531,Q76207801,,,,,,,,,,,,,,,,,,,,,,,,,,,,,,,,,,,,,,,,,p60456.htm#i604554,,,Durbuy-1,
Q128533,Q76207823,,,,,,,,,,,,,,,,,,,,,,,,,,,,,p=ermesinde;n=de luxembourg,,,,,,,,,,,,p60458.htm#i604573,,,,I00112452
Q128535,Q110377910,,,,,,,,,,,,,,,,,,,,,,,,,,,,,,,,,,,,,,,,,,,,,I00174770
Q128537,Q1911611,,,,,,,,,,,,,,,,,,,,,,,,,,,10484,,p=marguerite;n=de bar,,,,,,,,,,,,p365.htm#i3650,Margaret_of_Bar_(1),,Bar-le-Duc-13,I00026503
Q128539,Q67112,,,,,,,,,,,,,,,,,,,,,,,,,,,,,,,,,,,,,,,,,,,,,
Q128541,Q478034,,,,,,,,,,,,,,,,,,,,,,,,,,,,,,,,,,,,,,,,,p60457.htm#i604570,Waleran_of_Luxembourg_(1),,Luxembourg-79,I00050315
Q128543,Q2266324,,,,,,,,,,,,,,,,,,,,,,,,,,,10498,,p=isabelle;n=de luxembourg;oc=1,,,,,,,,,,,,p493.htm#i4928,Isabelle_of_Luxembourg_(1),,Luxembourg-37,I00014209
Q128545,Q3492362,,,,,,,,,,,,,,,,,,,,,,,,,,,10496,,p=philippa;n=de luxembourg,,,sg.134855,,,,,,,,,p359.htm#i3581,Philippa_of_Luxembourg_(1),,Luxembourg-99,I00012275
Q128547,Q76355937,,,,,,,,,,,,,,,,,,,,,,,,,,,,,p=baudouin;n=de+blondel+de+luxembourg;,,,,,,,,,,,,p70900.htm#i708995,,,,
Q128549,Q110377913,,,,,,,,,,,,,,,,,,,,,,,,,,,,,,,,,,,,,,,,,,,,,I00064514
Q128551,Q571439,,,,,,,,,,,,,,,,,,,,,,,,,,,10374,,p=mathieu;n=de lorraine;oc=4,,,lu.70,,,,,,,,,p4246.htm#i42459,"Mattias_II,_Duke_of_Lorraine_(1)",,Lorraine-262,I00026276
Q128553,Q574017,,,,,,,,,,,,,,,,,,,,,,,,,,,10376,,p=ferry;n=de lorraine;oc=3,,,dw.9141,,,,,,,,,p4247.htm#i42461,"Frederick_III,_Duke_of_Lorraine_(1)",,Lorraine-263,I00026278
Q128555,Q75291421,,,,,,,,,,,,,,,,,,,,,,,,,,,10377,,p=laure;n=de lorraine,,,,,,,,,,,,p4251.htm#i42507,,,,I00026428
Q128557,Q75291425,,,,,,,,,,,,,,,,,,,,,,,,,,,10378,,p=isabelle;n=de lorraine;oc=4,,,,,,,,,,,,p4251.htm#i42510,,,,I00026446
Q128559,Q75291430,,,,,,,,,,,,,,,,,,,,,,,,,,,10379,,,,,,,,,,,,,,p4252.htm#i42513,,,,
Q128561,Q75291433,,,,,,,,,,,,,,,,,,,,,,,,,,,10380,,p=adele;n=de lorraine,,,,,,,,,,,,p4252.htm#i42515,,,,I00432977
Q128563,Q826057,,,,,,,,,,,,,,,,,,,,,,,,,,,1019181,,p=henri;n=de vaudemont;oc=1,,,,,,,,,,,,,Henry_of_Vaudémont_(1),,,I00163409
Q128565,Q75292170,,,,,,,,,,,,,,,,,,,,,,,,,,,,,,,,,,,,,,,,,p4298.htm#i42972,,,Limburg-49,I00021713
Q128567,Q76207798,,,,,,,,,,,,,,,,,,,,,,,,,,,,,,,,,,,,,,,,,p60456.htm#i604552,,,,
Q128571,Q467014,,,,,,,,LBYY-GYZ,,,,,,,,,,,,,,,,,,,10461,,p=marguerite;n=de hainaut,,,,,,,,,,,,p365.htm#i3645,"Margaret_II,_Countess_of_Flanders_(1)",,Henegouwen-32,I00014201
Q128573,Q1385797,,,,,,,,,,,,,,,,,,,,,,,,,,,632549,,p=philippe;n=de courtenay,,,,,,,,,,,,p12002.htm#i120020,Philip_II_of_Namur_(1),,Courtenay-662,I00075140
Q128577,Q1385783,,,,,,,,,,,,,,,,,,,,,,,,,,,632548,,p=henri;n=de courtenay;oc=1,,,,,,,,,,,,p24823.htm#i248224,Henry_II_of_Namur_(1),,Courtenay-651,I00013807
Q128581,Q441872,,,,,,,,,,,,,,,,,,,,,,,,,,,10273,,p=marguerite;n=de courtenay,,,,,,,,,,,,p24825.htm#i248246,"Margaret,_Marchioness_of_Namur_(1)",,Courtenay-661,I00075136
Q128583,Q3656161,,,,,,,,,,,,,,,,,,,,,,,,,,,920046,,p=elisabeth;n=de courtenay;oc=1,,,,,,,,,,,,p24825.htm#i248249,Elisabeth_of_Courtenay_(1),,Courtenay-667,I00013806
Q128585,Q256692,,,,,,,,,,,,,,,,,,I2633,,,,,,,,,56955,,p=yolande;n=de courtenay,,,dw.1257,,,,,,,,,p11412.htm#i114114,Yolande_of_Courtenay_(1),,Courtenay-273,I00004824
Q128589,Q20748129,,,,,,,,,,,,,,,,,,,,,,,,,,,632550,,p=agnes;n=de courtenay;oc=1,,,,,,,,,,,,p24826.htm#i248253,Ines_de_Courtenay_(1),,Courtenay-649,I00013802
Q128591,Q16590220,,,,,,,,,,,,,,,,,,,,,,,,,,,464139,,p=eleonore;n=de courtenay,,,sw.215266,,,,,,,,,p24826.htm#i248255,Eleanor_of_Courtenay_(1),,Courtenay-509,I00013804
Q128593,Q2704768,,,,,,,,,,,,,,,,,,I3223,,,,,,,,,10457,,p=marie;n=capetiens;oc=1,,,,,,,,,,,,p10521.htm#i105203,"Marie_France_(12)|Marie_of_France,_Duchess_of_Brabant_(1)",,Capet-668,I00012284
Q128595,Q461196,,,,,,,,,,,,,,,,,,,,,,,,,,,,,p=marija;n=asen;oc=1,,,,,,,,,,,,,Princess_Marija_(1),,,
Q128597,Q1553443,,,,,,,,,,,,,,,,,,,,,,,,,,,12897,,p=guichard;n=de beaujeu;oc=4,,,,,,,,,,,,,Guichard_Unknown_(2),,Beaujeu-2,I00026299
Q128599,Q88320933,,,,,,,,,,,,,,,,,,,,,,,,,,,,,p=guichard;n=de beaujeu;oc=1,,,,,,,,,,,,,Guichard_Unknown_(1),,Beaujeu-27,I00026302
Q128601,Q101467118,,,,,,,,,,,,,,,,,,,,,,,,,,,,,p=sibylle;n=de beaujeu;oc=1,,,,,,,,,,,,,,,,I00201678
Q128603,Q1636826,,,,,,,,,,,,,,,,,,,,,,,,,,,315712,,p=humbert;n=de beaujeu;oc=5,,,,,,,,,,,,,Humbert_de_Beaujeu_(1),,Beaujeu-20,I00026301
Q128605,Q3220244,,,,,,,,,,,,,,,,,,,,,,,,,,,644301,,p=anselme;n=de saint pol;oc=1,,,,,,,,,,,,,Anselme_St_Pol_(1),,St_Pol-10,I00120724
Q128607,Q110509711,,,,,,,,,,,,,,,,,,,,,,,,,,,,,,,,,,,,,,,,,,,,,I00120725
Q128609,Q1388916,,,,,,,,,,,,,,,,,,,,,,,,,,,722256,,p=gaucher;n=de chatillon;oc=3,,,,,,,,,,,,p70904.htm#i709034,Walter_III_of_Châtillon_(1),,Châtillon-22,I00027534
Q128611,Q106615063,,,,,,,,,,,,,,,,,,,,,,,,,,,,,p=jean;n=de bethune;oc=4,,,,,,,,,,,,,,,,I00120713
Q128613,Q1374053,,,,,,,,,,,,,,,,,,,,,,,,,,,306136|754687,,p=hugues;n=de chatillon;oc=5,,,,,,,,,,,,p70906.htm#i709053,"Hugh_I,_Count_of_Blois_(1)|Hugues_de_Chatillon_(1)",,Châtillon-23,I00026506
Q128615,Q3121850,,,,,,,,,,,,,,,,,,,,,,,,,,,918710,,p=guy;n=de chatillon;oc=3,,,,,,,,,,,,p48341.htm#i483407,Guy_Unknown_(20),,Châtillon-42,I00028318
Q128617,Q76356034,,,,,,,,,,,,,,,,,,,,,,,,,,,13029,,p=eustachie;n=de chatillon,,,,,,,,,,,,p70905.htm#i709050,,,,I00163352
Q128619,Q1694730,,,,,,,,,,,,,,,,,,,,,,,,,,,,,p=jean;n=de nesle;oc=1,,,,,,,,,,,,,,,,
Q128621,Q2827024,,,,,,,,,,,,,,,,,,,,,,,,,,,919840,,p=agnes;n=de coucy;oc=1,,,,,,,,,,,,,,,Coucy-35,I00218954
Q128623,Q24928547,,,,,,,,,,,,,,,,,,,,,,,,,,,500089,,p=thomas;n=de coucy;oc=2,,,,,,,,,,,,,Thomas_De_Coucy_Vervins_(1),,Coucy-26,I00028231
Q128625,Q109494334,,,,,,,,,,,,,,,,,,,,,,,,,,,919839,,p=robert;n=de coucy;oc=5,,,,,,,,,,,,,,,,
Q128627,Q1388854,,,,,,,,,,91657636,,,,,,,,,,,,,,,,,11575,,p=robert;n=de dreux;oc=3,,,,,,,,,,,,p372.htm#i3717,Robert_III_of_Dreux_(1),,Dreux-32,I00026899
Q128629,Q465182,,,,,,,,,,,,,,,,,,,,,,,,,,,11568,,p=pierre;n=de dreux;oc=1,,,,,,,,,,,,p10680.htm#i106796,"Peter_I,_Duke_of_Brittany_(1)",,Dreux-7,I00005246
Q128635,Q75532192,,,,,,,,,,,,,,,,,,,,,,,,,,,11572,,p=alienor;n=de dreux;oc=3,,,,,,,,,,,,p19833.htm#i198329,Eleanor_Dreux_(1),,Dreux-8,
Q128637,Q96245024,,,,,,,,,,,,,,,,,,,,,,,,,,,11571,,p=yolande;n=de dreux;oc=2,,,,,,,,,,,,,,,Dreux-33,I00064499
Q128639,Q106768073,,,,,,,,,,,,,,,,,,,,,,,,,,,11570,,p=isabeau;n=de dreux,,,,,,,,,,,,,,,Dreux-77,
Q128641,Q106768119,,,,,,,,,,,,,,,,,,,,,,,,,,,11569,,p=agnes;n=de dreux,,,,,,,,,,,,,,,Dreux-57,I00627664
Q128643,Q110537837,,,,,,,,,,,,,,,,,,,,,,,,,,,737855,,p=thierry;n=de beveren;oc=2,,,,,,,,,,,,,Diederik_III_van_Beveren_(1),,Beveren-1,I00112440
Q128645,Q110377993,,,,,,,,,,,,,,,,,,,,,,,,,,,,,,,,,,,,,,,,,,,,,I00112442
Q128647,Q303703,,,,,,,,,,,,,,,,,,,,,,,,,,,311985,,p=simon;n=de montfort;oc=4,,,,,,,,,,,,p453.htm#i4527,"Simon_de_Montfort,_5th_Earl_of_Leicester_(1)",,Montfort-120,I00120980
Q128651,Q453363,,,,,,,,,,,,,,,,,,,,,,,,,,,464121,,p=amaury;n=de montfort;oc=6,,,,,,,,,,,,p453.htm#i4523,Amaury_de_Montfort_(3),,Montfort-118,I00120880
Q128653,Q984470,,,,,,,,,,,,,,,,,,,,,,,,,,,,,p=guy;n=de montfort;oc=1,,,,,,,,,,,,,Guy_of_Bigorre_(1),,Montfort-179,I00122146
Q128655,Q470821,,,,,,,,,,,,,,,,,,,,,,,,,,,,,p=amicie;n=de montfort,,,,,,,,,,,,p4208.htm#i42077,Amicie_de_Montfort_(1),,Montfort-178,I00115664
Q128657,Q115633967,,,,,,,,,,,,,,,,,,,,,,,,,,,,,p=laure;n=de montfort;oc=2,,,,,,,,,,,,,,,,I00295525
Q128659,Q3104397,,,,,,,,,,,,,,,,,,,,,,,,,,,485972,,p=gertrude;n=de nesle;oc=1,,,,,,,,,,,,p39191.htm#i391906,Gertrude_De_Soissons_(1),,Soissons-39,I00026380
Q128663,Q894966,,,,,,,,,,,,,,,,,,,,,,,,,,,485937,,p=bouchard;n=de montmorency,,,,,,,,,,,,p29787.htm#i297870,B_De_Montmorency_(1),,Montmorency-29,I00026382
Q128665,Q3122185,,,,,,,,,,,,,,,,,,,,,,,,,,,485979,,p=guy;n=de laval;oc=7,,,,,,,,,,,,p4272.htm#i42713,Guy_de_Montmorency-Laval_(1),,Montmorency-43,I00026323
Q128667,Q102832992,,,,,,,,,,,,,,,,,,,,,,,,,,,998921,,p=avoise;n=de montmorency;oc=2,,,,,,,,,,,,,,,De_Montmorency-Laval-2,I00026321
Q128669,Q111235942,,,,,,,,,,,,,,,,,,,,,,,,,,,10626,,p=mathieu;n=de montmorency;oc=6,,,,,,,,,,,,,,,Montmorency-27,I00013718
Q128671,Q110602339,,,,,,,,,,,,,,,,,,,,,,,,,,,1127257,,p=marsilie;n=de montmorency,,,,,,,,,,,,,,,,I00113060
Q128673,Q113011166,,,,,,,,,,,,,,,,,,,,,,,,,,,998922,,p=alix;n=de+montmorency;oc=5,,,,,,,,,,,,,,,,I00205384
Q128675,Q116003744,,,,,,,,,,,,,,,,,,,,,,,,,,,,,,,,,,,,,,,,,,,,,I00501295
Q128677,Q115634204,,,,,,,,,,,,,,,,,,,,,,,,,,,,,p=marie;n=de strepy,,,,,,,,,,,,,,,,I00761943
Q128679,Q115634122,,,,,,,,,,,,,,,,,,,,,,,,,,,,,p=alix;n=de hainaut;oc=1,,,,,,,,,,,,,,,,I00711931
Q128681,Q44191846,,,,,,,,,,,,,,,,,,,,,,,,,,,10338,,p=heinrich;n=von blieskastel,,,,,,,,,,,,,,,Blieskastel-4,I00106499
Q128683,Q96271380,,,,,,,,,,,,,,,,,,,,,,,,,,,,,,,,,,,,,,,,,,,,Lützelstein-2,I00302923
Q128685,Q933742,,,,,,,,,,,,,,,,,,,,,,,,,,,124662,,p=arnold;n=de looz;oc=2,,,sw.212786,,,,,,,,,,Arnold_II_of_Loon_(1),,Loon-4,I00106443
Q128687,Q110459015,,,,,,,,,,,,,,,,,,,,,,,,,,,90290,,p=agnes;n=de mayence,,,,,,,,,,,,,Adelheid_von_Mainz_(1),,Mainz-3,I00106444
Q128689,Q76102498,,,,,,,,,,,,,,,,,,,,,,,,,,,737537,,p=guillaume;n=de perwez,,,,,,,,,,,,p53225.htm#i532241,Wilhelm_Von_Perweys-Brabant_(1),,Leuven-26,I00064397
Q128691,Q76102500,,,,,,,,,,,,,,,,,,I3102,,,,,,,,,311091,,p=godfrey;n=de lovaine,,,,,,,,,,,,p53225.htm#i532242,Godfrey_De_Louvain_(1),,Louvain-35,I00064398
Q128693,Q26223012,,,,,,,,,,,,,,,,,,,,,,,,,,,,,p=gilles;n=de clermont en argonne,,,,,,,,,,,,,Gilles_de_Montaigu_(1),,,I00165099
Q128695,Q3099477,,,,,,,,,,,,,,,,,,,,,,,,,,,122820,,,,,,,,,,,,,,,,,Berthout-3,I00164694
Q128697,Q3099484,,,,,,,,,,,,,,,,,,,,,,,,,,,1096662,,,,,,,,,,,,,,,,,Berthout-4,I00164688
Q128699,Q44191413,,,,,,,,,,,,,,,,,,,,,,,,,,,143296,,,,,,,,,,,,,,,Bernhard_von_Northeim_(1),,Von_Northeim-4,I00165036
Q128701,Q110426572,,,,,,,,,,,,,,,,,,,,,,,,,,,143295,,,,,,,,,,,,,,,,,Von_Braunschweig-7,I00165037
Q128703,Q31192694,,,,,,,,,,,,,,,,,,,,,,,,,,,1171676,,,,,,,,,,,,,,,Herman_of_Calvelage_(1),,,I00124982
Q128705,Q1405015,,,,,,,,,,,,,,,,,,,,,,,,,,,1230600,,p=hermann;n=von calvelage,,,,,,,,,,,,,Hermann_of_Ravensberg_(1),,,I00124982
Q128707,Q116134382,,,,,,,,,,,,,,,,,,,,,,,,,,,,,,,,,,,,,,,,,,,,,I00570040
Q128709,Q2283443,,,,,,,,,,,,,,,,,,,,,,,,,,,1101797,,,,,,,,,,,,,,,Siegfried_IV_von_Boyneburg_(1),,,I00570042
Q128711,Q2151099,,,,,,,,,,,,,,,,,,,,,,,,,,,,,p=richenza;n=von boyneburg,,,,,,,,,,,,,Richenza_von_Boyneburg_(1),,,I00105680
Q128713,Q1454792,,,,,,,,,,,,,,,,,,,,,,,,,,,,,,,,,,,,,,,,,,,,,
Q128715,Q1148219,,,,,,,,,,,,,,,,,,,,,,,,,,,,,,,,,,,,,,,,,,,,,
Q128717,Q18237899,,,,,,,,,,,,,,,,,,,,,,,,,,,,,p=hilperich;n=von plotzkau,,,,,,,,,,,,,,,,I00330360
Q128719,Q1907239,,,,,,,,,,,,,,,,,,,,,,,,,,,707803,,p=konrad;n=von plotzkau,,,,,,,,,,,,,,,,
Q128721,Q18236519,,,,,,,,,,,,,,,,,,,,,,,,,,,,,p=bernhard;n=von plotzkau,,,,,,,,,,,,,,,,
Q128723,Q25418063,,,,,,,,,,,,,,,,,,,,,,,,,,,651508,,p=gunther;n=von schwarzburg;oc=10,,,,,,,,,,,,,,,Schwarzburg-26,I00330356
Q128725,Q131444340,,,,,,,,,,,,,,,,,,,,,,,,,,,,,,,,,,,,,,,,,,,,,
Q128727,Q1386429,,,,,,,,,,,,,,,,,,,,,,,,,,,123288,,p=jacques;n=d avesnes,,,,,,,,,,,,,Jacques_d'Avesnes_(1),,Avesnes-24,I00020643
Q128729,Q2131262,,,,,,,,,,,,,,,,,,,,,,,,,,,910158,,p=raoul;n=de nesle;oc=3,,,,,,,,,,,,p70904.htm#i709031|p4216.htm#i42158,"Ralph,_Count_of_Soissons_(1)",,Nesle-18|Soissons-6,I00026381
Q128731,Q110377908,,,,,,,,,,,,,,,,,,,,,,,,,,,,,p=marie;n=de garlande,,,,,,,,,,,,,Marie_De_Garlande_(1),,,I00139788
Q128733,Q75402970,,,,,,,,,,,,,,,,,,,,,,,,,,,,,p=henri;n=de grandpre,,,,,,,,,,,,p12002.htm#i120012,,,,I00139785
Q128735,Q22678433,,,,,,,,,,,,,,,,,,,,,,,,,,,10620,,p=alix;n=de grandpre,,,,,,,,,,,,,Alix_of_Grandpré_(1),,,I00263314
Q128737,Q1979505,,,,,,,,,,,,,,,,,,,,,,,,,,,910175,,p=jean;n=de nesle;oc=2,,,,,,,,,,,,p58192.htm#i581917,"Jean_Unknown_(51)|John_II,_Count_of_Soissons_(1)",,,I00113074
Q128739,Q1380850,,,,,,,,,,,,,,,,,,,,,,,,,,,910156,,p=raoul;n=de nesle;oc=4,,,,,,,,,,,,,Raoul_de_Soissons_(1),,,I00027084
Q128741,Q108432340,,,,,,,,,,,,,,,,,,,,,,,,,,,,,p=elisabeth;n=de nesle,,,,,,,,,,,,,,,,I00112568
Q128743,Q2173021,,,,,,,,,,,,,,,,,,,,,,,,,,,,,p=rudolf;n=von tubingen;oc=1,,,,,,,,,,,,,,,,I00590991
Q128745,Q61577816,,,,,,,,,,,,,,,,,,,,,,,,,,,111183,,p=mechtild;n=von tubingen,,,sw.212450,,,,,,,,,,Countess_Mathilde_(1),,Tübingen-1,I00060863
Q128747,Q31192901,,,,,,,,,,,,,,,,,,,,,,,,,,,893817,,,,,,,,,,,,,,,Hugo_von_Tubingen_(1),,,I00303228
Q128749,Q116007777,,,,,,,,,,,,,,,,,,,,,,,,,,,893823,,p=willibirg;n=von wurttemberg,,,,,,,,,,,,,,,,I00101763
Q128751,Q44192527,,,,,,,,,,,,,,,,,,,,,,,,,,,893824,,p=rudolf;n=von tubingen,,,,,,,,,,,,,,,,I00458252
Q128753,Q110603857,,,,,,,,,,,,,,,,,,,,,,,,,,,,,p=heilwig;n=von tubingen,,,,,,,,,,,,,,,,I00101761
Q128755,Q18220991,,,,,,,,,,,,,,,,,,,,,,,,,,,,,,,,,,,,,,,,,,,,,
Q128757,Q2476028,,,,,,,,,,,,,,,,,,,,,,,,,,,,,,,,,,,,,,,,,,,,,
Q128759,Q29424555,,,,,,,,,,,,,,,,,,,,,,,,,,,,,,,,,,,,,,,,,p11717.htm#i117167,,,,I00279677
Q128761,Q110537158,,,,,,,,,,,,,,,,,,,,,,,,,,,1171668,,p=regenwiza;n=von diepenheim,,,,,,,,,,,,,,,,I00174894
Q128763,Q76185858,,,,,,,,,,,,,,,,,,,,,,,,,,,10535,,p=otto;n=von dale;oc=1,,,,,,,,,,,,p58967.htm#i589667,,,,I00174895
Q128765,Q59154776,,,,,,,,L8YM-JSK,,,,,,,,,,I5103,,,,,,,,,145575,,p=amicie;n=de gael,,,,,,,,,,,,p381.htm#i3807,Amice_de_Gael_(1),,Gael-3,I00120988
Q128769,Q75104430,,,,,,,,,,,,,,,,,,,,,,,,,,,,,p=margaret;n=bigod,,,,,,,,,,,,p15834.htm#i158336,Mary_Bigod_(1),,Bigod-8,I00430235
Q128771,Q76324644,,,,,,,,,,,,,,,,,,,,,,,,,,,,,,,,,,,,,,,,,p68959.htm#i689581,,,,
Q128773,Q116028787,,,,,,,,,,,,,,,,,,,,,,,,,,,,,,,,,,,,,,,,,,,,,I00430269
Q128775,Q76174309,,,,,,,,,,,,,,,,,,,,,,,,,,,,,p=raoul;n=de tosny;oc=5,,,,,,,,,,,,p58174.htm#i581738,Ralph_de_Tosny_(1),,Toeni-26,I00177592
Q128777,Q113815060,,,,,,,,,,,,,,,,,,,,,,,,,,,,,p=marguerite;n=de tosny,,,,,,,,,,,,,Marguerite_de_Tosny_(1),,,I00330829
Q128781,Q96481095,,,,,,,,,,,,,,,,,,,,,,,,,,,,,,,,,,,,,,,,,p58735.htm#i587346,,,Mohun-4,I00199068
Q128783,Q111452964,,,,,,,,,,,,,,,,,,,,,,,,,,,,,,,,,,,,,,,,,,,,,I00748387
Q128785,Q122464332,,,,,,,,,,,,,,,,,,,,,,,,,,,,,p=oda;n=de duras;oc=11|p=oda;n=de jodoigne,,,,,,,,,,,,,,,Duras-10,I00174594
Q128787,Q26905935,,,,,,,,,,,,,,,,,,,,,,,,,,,,,p=lambert;n=de montaigu,,,,,,,,,,,,,Lambert_De_Montaigu_(1),,Montaigu-11,I00141436
Q128789,Q27062956,,,,,,,,,,,,,,,,,,,,,,,,,,,,,,,,,,,,,,,,,,,,,
Q128791,Q110537452,,,,,,,,,,,,,,,,,,,,,,,,,,,737535,,p=godefroy;n=de perwez,,,,,,,,,,,,,,,Perwez-1,I00064401
Q128794,Q116005493,,,,,,,,,,,,,,,,,,,,,,,,,,,,,,,,,,,,,,,,,,,,,I00174529
Q128796,Q116005496,,,,,,,,,,,,,,,,,,,,,,,,,,,,,,,,,,,,,,,,,,,,,I00174530
Q128798,Q113950194,,,,,,,,,,,,,,,,,,,,,,,,,,,11629,,p=guillaume;n=de bethune;oc=1,,,,,,,,,,,,,Guillaume_Unknown_(16),,Bethune-25,I00122024
Q128800,Q107359034,,,,,,,,,,,,,,,,,,,,,,,,,,,11631,,p=clemence;n=d oisy,,,,,,,,,,,,,Clemence_d'Oisy_(1),,D'Oisy-6,I00122025
Q128802,Q110520581,,,,,,,,,,,,,,,,,,,,,,,,,,,322178,,p=gertrude;n=de montaigu,,,,,,,,,,,,,Gertrude_De_Montaigu_(1),,Montaigu-15,I00120737
Q128804,Q3061665,,,,,,,,,,,,,,,,,,,,,,,,,,,,,p=evrard;n=de tournai,,,,,,,,,,,,,,,Mortagne-17,I00174588
Q128806,Q110377930,,,,,,,,,,,,,,,,,,,,,,,,,,,778756,,p=adelaide;n=de zotteghem,,,,,,,,,,,,,,,Zotteghem-2,I00106854
Q128808,Q110536845,,,,,,,,,,,,,,,,,,,,,,,,,,,,,p=everard;n=van oudenaarde,,,,,,,,,,,,,,,Oudenaarde-9,I00196693
Q128810,Q2281380,,,,,,,,,,,,,,,,,,,,,,,,,,,10284,,p=arnoul;n=van oudenaarde,,,,,,,,,,,,p11520.htm#i115192,,,Oudenaarde-5,I00163341
Q128812,Q116150269,,,,,,,,,,,,,,,,,,,,,,,,,,,138817,,,,,,,,,,,,,,,Herman_van_Nifterlake_(1),,Nifterlake-1,I00312982
Q128814,Q2039290,,,,,,,,,,,,,,,,,,,,,,,,,,,1230598,,p=otto;n=von calvelage,,,,,,,,,,,,,Otto_of_Ravensberg_(1),,Calvelage-36,I00124984
Q128816,Q76299448,,,,,,,,,,,,,,,,,,,,,,,,,,,134439,,p=arnold;n=von arnstein,,,,,,,,,,,,p67220.htm#i672200,,,Arnstein-8,
Q128818,Q76300894,,,,,,,,,,,,,,,,,,,,,,,,,,,1376823,,p=jutta;n=van zutphen,,,,,,,,,,,,p67335.htm#i673345,Jutta_van_Zutphen_(1),,Zutphen-2,
Q128820,Q99203007,,,,,,,,,,,,,,,,,,,,,,,,,,,,,,,,,,,,,,,,,,,,Zutphen-2,I00313138
Q128822,Q99203003,,,,,,,,,,,,,,,,,,,,,,,,,,,486554,,p=demudis;n=von arnstein;oc=1|p=ne;n=von arnstein,,,,,,,,,,,,,Anastasia_of_Arnstein_An_der_Lahn_(1),,Von_Arnstein-6,I00105669
Q128823,Q101353201,,,,,,,,,,,,,,,,,,,,,,,,,,,1376848,,p=katharina;n=von arnstein,,,,,,,,,,,,,,,Arnstein-34,I00101751
Q128825,Q76299450,,,,,,,,,,,,,,,,,,,,,,,,,,,,,,,,,,,,,,,,,p67221.htm#i672201,,,,I00107937
Q128827,Q116030646,,,,,,,,,,,,,,,,,,,,,,,,,,,,,,,,,,,,,,,,,,,,Von_Arnstein-4|Von_Arnstein-9,I00021977
Q128829,Q15832906,,,,,,,,,,,,,,,,,,,,,,,,,,,,,,,,,,,,,,,,,,Ludwig_III_von_Arnstein_(1),,Arnstein-69,I00101752
Q128831,Q2693634,,,,,,,,,,,,,,,,,,,,,,,,,,,973154,,,,,,,,,,,,,,,,,,
Q128833,Q14852996,,,,,,,,,,,,,,,,,,,,,,,,,,,10153,,p=marguerite;n=de brabant;oc=2,,,,,,,,,,,,p53230.htm#i532297,Margarethe_of_Brabant_(1),,Brabant-22,I00013569
Q128835,Q60845,,,,,,,,,,,,,,,,,,,,,,,,,,,,,,,,,,,,,,,,,,,,,
Q128837,Q247432,,,,,,,,,,,,,,,,,,,,,,,,,,,,,,,,,,,,,,,,,p59444.htm#i594436,,,,I00262736
Q128839,Q70894634,,,,,,,,,,,,,,,,,,,,,,,,,,,10398,,,,,,,,,,,,,,p4305.htm#i43049,,,Wassenberg-15,I00027166
Q128841,Q75292323,,,,,,,,,,,,,,,,,,,,,,,,,,,,,,,,,,,,,,,,,p4305.htm#i43048,,,,I00121844
Q128846,Q59707,,,,,,,,,,,,,,,,,,,,,,,,,,,,,,,,,,,,,,,,,,,,,
Q128848,Q94900,,,,,,,,,,,,,,,,,,,,,,,,,,,,,,,,,,,,,,,,,,,,,
Q128850,Q2680947,,,,,,,,,,,,,,,,,,,,,,,,,,,,,,,,,,,,,,,,,p62944.htm#i629437,,,Van_Holland-104,I00104746
Q128852,Q83960,,,,,,,,,,,,,,,,,,,,,,,,,,,,,,,,psb.15779.1,,,,,,,,,,,,,
Q128854,Q99206,,,,,,,,,,,,,,,,,,,,,,,,,,,520251,,,,,,,,,,,,,,p58968.htm#i589679,Otto_van_der_Mark_(1),,,
Q128856,Q76165626,,,,,,,,,,,,,,,,,,,,,,,,,,,10181,,p=richarda;n=de la mark;oc=1,,,,,,,,,,,,p57551.htm#i575502,,,,I00174896
Q128858,Q75247119,,,,,,,,,,,,,,,,,,,,,,,,,,,10180,,,,,,,,,,,,,,p844.htm#i8433,,,,
Q128860,Q76185869,,,,,,,,,,,,,,,,,,,,,,,,,,,10179,,p=adelheid;n=de la mark,,,,,,,,,,,,p58968.htm#i589676,,,Mark-609,I00065113
Q128862,Q58347,,,,,,,,,,,,,,,,,,,,,,,,,,,,,,,,,,,,,,,,,,,,,
Q128864,Q884527,,,,,,,,,,,,,,,,,,,,,,,,,,,520249,,,,,,,,,,,,,,p58968.htm#i589680,,,,
Q128866,Q317007,,,,,,,,,,,,,,,,,,,,,,,,,,,10254,,p=heinrich;n=von nassau,,,,,,,,,,,,p11501.htm#i115010,Heinrich_II_von_Nassau_(1),,Nassau-91,I00021623
Q128868,Q469260,,,,,,,,,,,,,,,,,,,,,,,,,,,10256,,p=walram;n=von nassau,,,dw.8190,,,,,,,,,p11502.htm#i115013,Walram_II_of_Nassau_(1),,Von_Nassau-11,I00021636
Q128870,Q462493,,,,,,,,,,,,,,,,,,,,,,,,,,,10255,,p=otto;n=von nassau,,,,,,,,,,,,p11501.htm#i115007,Otto_van_Nassau_(1),,Nassau-43,I00021625
Q128872,Q831419,,,,,,,,,,,,,,,,,,,,,,,,,,,10260,,,,,,,,,,,,,,p11502.htm#i115011,"John_I,_Bishop-Elect_of_Utrecht_(1)",,Von_Nassau-20,I00021817
Q128874,Q46708989,,,,,,,,,,,,,,,,,,,,,,,,,,,10259,,,,,,,,,,,,,,,,,,I00438966
Q128876,Q55149551,,,,,,,,,,,,,,,,,,,,,,,,,,,10261|1029435,,p=elisabeth;n=von nassau;oc=1,,,,,,,,,,,,,,,Nassau-90,I00021940
Q128878,Q94577228,,,,,,,,,,,,,,,,,,,,,,,,,,,10258,,p=rupert;n=von nassau;oc=1,,,,,,,,,,,,p11502.htm#i115012,,,,I00438964
Q128880,Q94577530,,,,,,,,,,,,,,,,,,,,,,,,,,,1032999,,,,,,,,,,,,,,,,,,I00438965
Q128882,Q94577804,,,,,,,,,,,,,,,,,,,,,,,,,,,1033002,,,,,,,,,,,,,,,,,,I00438967
Q128884,Q94577978,,,,,,,,,,,,,,,,,,,,,,,,,,,10257,,p=jutta;n=von nassau;oc=1,,,,,,,,,,,,,Jutta_van_Nassau-Wiesbaden_(1),,Nassau-79,I00121893
Q128886,Q1694682,,,,,,,,,,,,,,,,,,,,,,,,,,,10452,,p=johann;n=von sponheim;oc=3,,,,,,,,,,,,p58968.htm#i589677,Johann_von_Sponheim_(2),,Sayn-16,I00065111
Q128888,Q61140236,,,,,,,,,,,,,,,,,,,,,,,,,,,10192,,,,,,,,,,,,,,p59444.htm#i594435,Lothar_von_Hochstaden_(1),,Hochstaden-5,
Q128890,Q110260801,,,,,,,,,,,,,,,,,,,,,,,,,,,10600,,,,,,,,,,,,,,,,,Hochstaden-6,I00028206
Q128892,Q258257,,,,,,,,,,,,,,,,,,,,,,,,,,,871421,,,,,,,,,,,,,,p58948.htm#i589478,Bruno_III_of_Berg_(1),,,I00570865
Q128894,Q696687,,,,,,,,,,,,,,,,,,,,,,,,,,,,,,,,,,,,,,,,,p58948.htm#i589479,,,,I00570866
Q128896,Q57936,,,,,,,,,,,,,,,,SCHERGJO60LN,,,,,,,,,,,,,,,,,,,,,,,,,,,,,
Q128897,Q896411,,,,,,,,,,,,,,,,,,,,,,,,,,,,,,,,,,,,,,,,,p58946.htm#i589457,Frederick_II_(Archbishop_of_Cologne)_(1),,,I00570864
Q128899,Q16062347,,,,,,,,,,,,,,,,,,,,,,,,,,,,,,,,,,,,,,,,,,,,,
Q128901,Q364701,,,,,,,,,,,,,,,,,,,,,,,,,,,,,p=adolf;n=von berg;oc=4,,,,,,,,,,,,p73505.htm#i735045,,,,I00570863
Q128903,Q115485131,,,,,,,,,,,,,,,,,,,,,,,,,,,1376906|520305,,p=bertha;n=von sayn,,,,,,,,,,,,p58960.htm#i589594,,,Von_Sayn-5,I00064116
Q128905,Q1673032,,,,,,,,,,,,,,,,,,,,,,,,,,,10185,,p=irmgard;n=von berg;oc=1,,,,,,,,,,,,p60457.htm#i604566,Irmgard_of_Berg_(1),,Berg-1513,I00064108
Q128907,Q1831372,,,,,,,,,,,,,,,,,,,,,,,,,,,,,p=ludwig;n=von rieneck;oc=1,,,,,,,,,,,,,,,Looz-25,I00140998
Q128909,Q654092,,,,,,,,,,,,,,,,,,,,,,,,,,,120920,,p=arnold;n=de looz;oc=1,,,,,,,,,,,,,Arnold_of_Loon_(2),,Looz-15,I00121894
Q128913,Q1668773,,,,,,,,,,,,,,,,,,,,,,,,,,,10188,,p=mechtild;n=von vianden,,,,,,,,,,,,,Mathilde_of_Vianden_(1),,Vianden-12,I00141016
Q128915,Q1878465,,,,,,,,,,,,,,,,,,,,,,,,,,,10154,,p=adelaide;n=de brabant;oc=1,,,,,,,,,,,,,Aleidis_de_Brabant_(1),,Brabant-23,I00140378
Q128917,Q22256538,,,,,,,,,,,,,,,,,,,,,,,,,,,,,p=guillaume;n=de saint omer;oc=5,,,,,,,,,,,,,,,,
Q128919,Q76185715,,,,,,,,,,,,,,,,,,,,,,,,,,,453642,,p=oda;n=von altena,,,,,,,,,,,,p58957.htm#i589569,Oda_Unknown_(29),,Altena-12,I00079790
Q128921,Q239674,,,,,,,,,,,,,,,,,,,,,,,,,,,,,,,,,,,,,,,,,,,,,
Q128923,Q2014048,,,,,,,,,,,,,,,,,,,,,,,,,,,453619,,p=oda;n=von tecklenburg,,,,,,,,,,,,p73498.htm#i734972,Oda_of_Tecklenburg_(1),,Tecklenburg-14,I00064151
Q128925,Q2039295,,,,,,,,,,,,,,,,,,,,,,,,,,,10508,,p=otto;n=von tecklenburg;oc=3,,,,,,,,,,,,p833.htm#i8326,,,,I00163355
Q128927,Q20500319,,,,,,,,,,,,,,,,,,,,,,,,,,,,,,,,,,,,,,,,,,,,,
Q128929,Q75247061,,,,,,,,,,,,,,,,,,,,,,,,,,,338578,,p=kunigunde;n=n;oc=6|p=kunigunde;n=von versfleth,,,,,,,,,,,,p839.htm#i8385,,,Kunigunde-3,I00060566
Q128931,Q1082525,,,,,,,,,,,,,,,,,,,,,,,,,,,338576,,,,,,,,,,,,,,p840.htm#i8398,,,Von_Süderbrok_of_Oldenburg-1,
Q128933,Q72191,,,,,,,,,,,,,,,,,,,,,,,,,,,,,,,,,,,,,,,,,,,,,
Q128935,Q75247113,,,,,,,,,,,,,,,,,,,,,,,,,,,,,p=ermentrud;n=von stotel,,,,,,,,,,,,p843.htm#i8429,,,,I00327000
Q128937,Q34493842,,,,,,,,,,,,,,,,,,,,,,,,,,,803279,,,,,,,,,,,,,,p843.htm#i8430,,,,
Q128939,Q75247120,,,,,,,,,,,,,,,,,,,,,,,,,,,,,,,,,,,,,,,,,p844.htm#i8434,,,,
Q128941,Q42899504,,,,,,,,,,,,,,,,,,,,,,,,,,,,,p=ludolf;n=von oldenburg,,,,,,,,,,,,p844.htm#i8436,,,,I00060563
Q128943,Q75247110,,,,,,,,,,,,,,,,,,,,,,,,,,,,,,,,,,,,,,,,,p843.htm#i8427,,,Schoten-3,I00326998
Q128945,Q1597832,,,,,,,,,,,,,,,,,,,,,,,,,,,,,,,,,,,,,,,,,p833.htm#i8324,Heinrich_Oldenburg_Wildehausen_(1),,,I00326990
Q128947,Q75247116,,,,,,,,,,,,,,,,,,,,,,,,,,,,,,,,,,,,,,,,,p844.htm#i8431,,,,
Q128949,Q75247117,,,,,,,,,,,,,,,,,,,,,,,,,,,,,,,,,,,,,,,,,p844.htm#i8432,,,,
Q128951,Q31191241,,,,,,,,,,,,,,,,,,,,,,,,,,,,,,,,,,,,,,,,,,,,,I00570185
Q128953,Q116150238,,,,,,,,,,,,,,,,,,,,,,,,,,,1230605,,,,,,,,,,,,,,,,,,I00107045
Q128955,Q1597750,,,,,,,,,,,,,,,,,,,,,,,,,,,803275,,p=heinrich;n=von hoya,,,,,,,,,,,,p834.htm#i8333,,,Hoya-12,I00107046
Q128957,Q1512862,,,,,,,,,,,,,,,,,,,,,,,,,,,,,,,,,,,,,,,,,,,,,
Q128959,Q2553913,,,,,,,,,,,,,,,,,,,,,,,,,,,,,,,,,,,,,,,,,,,,,
Q128961,Q116177449,,,,,,,,,,,,,,,,,,,,,,,,,,,,,,,,,,,,,,,,,,,,,I00316643
Q128963,Q76207659,,,,,,,,,,,,,,,,,,,,,,,,,,,,,,,,,,,,,,,,,p60445.htm#i604450,,,,
Q128965,Q1710666,,,,,,,,,,,,,,,,,,,,,,,,,,,,,,,,,,,,,,,,,,,,Von_Veckenstedt-2,I00310962|I00570595
Q128967,Q69434,,,,,,,,,,,,,,,,,,,,,,,,,,,,,p=konrad;n=von dachau;oc=1,,,,,,,,,,,,p60446.htm#i604455,,,Count_of_Dachau-1,I00444570
Q128969,Q76207683,,,,,,,,,,,,,,,,,,,,,,,,,,,,,,,,,,,,,,,,,p60447.htm#i604467,,,Count_of_Horburg-1,I00444569
Q128971,Q1656558,,,,,,,,,,,,,,,,,,,,,,,,,,,8545,,p=jutta;n=von arnsberg,,,,,,,,,,,,,Ida_von_Arnsberg_(1),,Arnsberg-7,I00139697
Q128973,Q61140521,,,,,,,,,,,,,,,,,,,,,,,,,,,742025,,p=hermann;n=von saffenberg,,,,,,,,,,,,,Hermann_von_Saffenberg_(1),,Hermann-86,I00174424
Q128975,Q116086869,,,,,,,,,,,,,,,,,,,,,,,,,,,,,p=adolf;n=von saffenberg,,,,,,,,,,,,,Adolf_Unknown_(4),,Saffenberg-9,I00174429
Q128977,Q117863616,,,,,,,,,,,,,,,,,,,,,,,,,,,,,p=adalbert;n=von saffenberg;oc=2,,,,,,,,,,,,,,,,I00076594
Q128979,Q1527623,,,,,,,,,,,,,,,,,,,,,,,,,,,,,,,,,,,,,,,,,,,,,
Q128981,Q1527627,,,,,,,,,,,,,,,,,,,,,,,,,,,591368,,,,,,,,,,,,,,,"Giso_IV,_Count_of_Gudensberg_(1)",,,
Q128983,Q96415648,,,,,,,,,,,,,,,,,,,,,,,,,,,520057,,p=engelbert;n=von regensburg,,,,,,,,,,,,,Engelbert_Von_Schwarzenburg_(6),,Von_Schwarzenburg-2,I00174599
Q128985,Q102393976,,,,,,,,,,,,,,,,,,,,,,,,,,,682452,,p=margarete;n=von mullenark,,,,,,,,,,,,,,,,I00174600
Q128987,Q4361338,,,,,,,,,,,,,,,,,,,,,,,,,,,,,,,,,,,,,,,,,p59435.htm#i594348,,,,
Q128989,Q76207713,,,,,,,,,,,,,,,,,,,,,,,,,,,,,p=ne;n=de chiny,,,,,,,,,,,,p60449.htm#i604490,,,Chiny-9,I00503559
Q128991,Q107211654,,,,,,,,,,,,,,,,,,,,,,,,,,,,,,,,,,,,,,,,,,,,Limburg-43,I00196696
Q128993,Q122330487,,,,,,,,,,,,,,,,,,,,,,,,,,,903450,,,,,,,,,,,,,,,,,Van_Merheim-2,I00503562
Q128995,Q16034142,,,,,,,,,,,,,,,,,,,,,,,,,,,374336,,p=elisabeth;n=de brabant,,,,,,,,,,,,p4292.htm#i42914,Élisabeth_de_Brabant_(1),,Brabant-257,I00012355
Q128997,Q1827260,,,,,,,,,,,,,,,,,,,,,,,,,,,10387,,p=dietrich;n=von kleve;oc=8,,,,,,,,,,,,p4297.htm#i42964,,,Kleve-69,I00021708
Q128999,Q75292165,,,,,,,,,,,,,,,,,,,,,,,,,,,,,,,,,,,,,,,,,p4297.htm#i42968,,,,
Q129001,Q75292166,,,,,,,,,,,,,,,,,,,,,,,,,,,10389,,p=agnes;n=von kleve;oc=2,,,,,,,,,,,,p4297.htm#i42969,,,Kleve-67,I00021696
Q129003,Q75387872,,,,,,,,,,,,,,,,,,,,,,,,,,,8593,,p=mechtilde;n=von kleve,,,,,,,,,,,,p10778.htm#i107772,,,Van_Heinsberg-1,I00186455
Q129005,Q224685,,,,,,,,,,,,,,,,,,I3224,,,,,,,,,10150,,p=marie;n=de brabant;oc=2,,,dw.7521,,,,,,,,,p10679.htm#i106790,"Marie_of_Brabant,_Holy_Roman_Empress_(1)",,Brabant-20,I00013572
Q129007,Q533353,,,,,,,,,,5615,,,,,,,,I3215,,,,,,,,,10151,,p=henri;n=de brabant;oc=2,,,dw.3825,,,,,,,,,p10686.htm#i106853,"Henry_II,_Duke_of_Brabant_(1)",,Brabant-8,I00008759
Q129009,Q2679174,,,,,,,,,,,,,,,,,,,,,,,,,,,10149,,p=godefroy;n=de louvain,,,,,,,,,,,,p53184.htm#i531840,Godfried_van_Leuven_(1),,Brabant-19,I00021688
Q129011,Q2377871,,,,,,,,,,,,,,,,,,I3333,,,,,,,,,10152,,p=mathilde;n=de brabant,,,dw.8035,,,,,,,,,p365.htm#i3648,Matilda_of_Brabant_(3),,Brabant-4,I00012278
Q129013,Q76102567,,,,,,,,,,,,,,,,,,,,,,,,,,,912695,,,,,,,,,,,,,,p53230.htm#i532299,,,Brabant-24,I00012353
Q129015,Q763289,,,,,,,,,,,,,,,,,,,,,,,,,,,600014,,,,,,,,,,,,,,,,,Von_Siegen-1,
Q129017,Q25895918,,,,,,,,,,,,,,,,,,,,,,,,,,,1101314,,p=embricho;n=von diez,,,,,,,,,,,,,,,Embricho-1,I00125326
Q129019,Q25355556,,,,,,,,,,,,,,,,,,,,,,,,,,,1101294,,p=heinrich;n=von diez,,,,,,,,,,,,,,,Von_Dietz-1,I00125324
Q129021,Q7345778,,,,,,,,,,,,,,,,,,,,,,,,,,,10253|1029434,,p=rupert;n=von nassau,,,,,,,,,,,,p11502.htm#i115015,,,,I00021621
Q129023,Q93879672,,,,,,,,,,,,,,,,,,,,,,,,,,,10252|1029433,,,,,,,,,,,,,,,,,,I00021620
Q129025,Q61140956,,,,,,,,,,,,,,,,,,,,,,,,,,,1093272|600022,,p=elisabeth;n=von leiningen;oc=3,,,,,,,,,,,,,Elisabeth_von_Leiningen_(1),,Leiningen-8,I00105674
Q129027,Q25344205,,,,,,,,,,,,,,,,,,,,,,,,,,,1093270|600618,,p=lukardis;n=von nassau,,,,,,,,,,,,,Lukardis_von_Nassau_(1),,Nassau-53,I00105665
Q129029,Q46700288,,,,,,,,,,,,,,,,,,,,,,,,,,,803013,,p=hermann;n=von nassau,,,,,,,,,,,,p11503.htm#i115022,,,,
Q129031,Q2260355,,,,,,,,,,,,,,,,,,,,,,,,,,,,,,,,,,,,,,,,,,,,,
Q129033,Q2397914,,,,,,,,,,,,,,,,,,,,,,,,,,,,,,,,,,,,,,,,,,,,,
Q129035,Q107211752,,,,,,,,,,,,,,,,,,,,,,,,,,,797308,,p=ne;n=von zweibrucken,,,,,,,,,,,,,,,Zweibrücken-17,I00106244
Q129037,Q31192413,,,,,,,,,,,,,,,,,,,,,,,,,,,797309,,p=johann;n=von reifferscheid;oc=6,,,,,,,,,,,,,,,Reifferscheid-4,I00106245
Q129039,Q15820411,,,,,,,,,,,,,,,,,,,,,,,,,,,,,,,,,,,,,,,,,,,,,I00209002
Q129041,Q120689825,,,,,,,,,,,,,,,,,,,,,,,,,,,,,,,,,,,,,,,,,,,,,I00209004
Q129043,Q116030594,,,,,,,,,,,,,,,,,,,,,,,,,,,,,,,,,,,,,,,,,,,,Bücken-70,I00107421
Q129045,Q131314318,,,,,,,,,,,,,,,,,,,,,,,,,,,,,,,,,,,,,,,,,,,,,
Q129047,Q469187,,,,,,,,,,,,,,,,,,,,,,,,,,,645712,,p=henri burwin;n=von mecklenburg;oc=1,,,dw.5273,,,,,,,,,p796.htm#i7954,"Henry_Borwin_I,_Lord_of_Mecklenburg_(1)",,Mecklenburg-55,I00023788
Q129049,Q471162,,,,,,,,,,,,,,,,,,,,,,,,,,,645711,,p=heinrich burwin;n=von mecklenburg;oc=2,,,dw.1805,,,,,,,,,,"Henry_Borwin_II,_Lord_of_Mecklenburg_(1)",,Mecklenburg-53,I00023784
Q129051,Q1991513,,,,,,,,,,,,,,,,,,,,,,,,,,,,,p=nicolas;n=von mecklenburg;oc=2,,,dw.5275,,,,,,,,,,,,,I00023792
Q129053,Q111948659,,,,,,,,,,,,,,,,,,,,,,,,,,,,,p=hamelin;n=de langeais,,,,,,,,,,,,,,,,I00111110
Q129055,Q110520503,,,,,,,,,,,,,,,,,,,,,,,,,,,,,p=ada;n=n;oc=4,,,,,,,,,,,,,,,,I00111119
Q129057,Q110520499,,,,,,,,,,,,,,,,,,,,,,,,,,,,,p=philippe;n=de montoire;oc=1,,,,,,,,,,,,,,,Montoire-3,I00111120
Q129059,Q111942542,,,,,,,,,,,,,,,,,,,,,,,,,,,,,p=hugues;n=doubleau,,,,,,,,,,,,,,,,I00474354
Q129061,Q111923217,,,,,,,,,,,,,,,,,,,,,,,,,,,,,p=nihard;n=de montoire,,,,,,,,,,,,,,,,I00474355
Q129063,Q2870634,,,,,,,,,,,,,,,,,,,,,,,,,,,,,p=aubry;n=n,,,,,,,,,,,,,,,,
Q129065,Q110578298,,,,,,,,,,,,,,,,,,,,,,,,,,,,,p=nivelon;n=de+freteval;oc=1,,,,,,,,,,,,,,,Fréteval-4,I00298502
Q129067,Q116005818,,,,,,,,,,,,,,,,,,,,,,,,,,,,,,,,,,,,,,,,,,,,,I00079544
Q129069,Q48180315,,,,,,,,,,,,,,,,,,,,,,,,,,,,,p=mainier;n=de montfort,,,,,,,,,,,,,Mainer_De_Montfort_(1),,Montfort-125,
Q129071,Q116005817,,,,,,,,,,,,,,,,,,,,,,,,,,,883514,,p=eve;n=de montfort;oc=2,,,,,,,,,,,,,Eve_De_Montfort_(1),,Montfort-30,I00079549
Q129073,Q48546321,,,,,,,,,,,,,,,,,,,,,,,,,,,311973,,p=mahaut;n=n;oc=11,,,,,,,,,,,,p21589.htm#i215881,Maud_Unknown_(104),,Evreux-47,I00120977
Q129075,Q75565562,,,,,,,,,,,,,,,,,,,,,,,,,,,,,,,,,,,,,,,,,p21589.htm#i215882,,,,
Q129077,Q453338,,,,,,,,,,,,,,,,,,,,,,,,,,,1093033,,p=amaury;n=de montfort;oc=50,,,,,,,,,,,,p46408.htm#i464080,Amaury_de_Montfort_(1),,Montfort-34,I00139249
Q129079,Q2287587,,,,,,,,,,,,,,,,,,,,,,,,,,,311977,,p=simon;n=de montfort;oc=50,,,,,,,,,,,,p1700.htm#i16993,Simon_Montfort_(2),,Montfort-66,I00120978
Q129083,Q6078295,,,,,,,,9C4Q-K8M,,,,,,,,,,,,,,,,,,,322987,,p=isabelle;n=de beaumont le roger,,,,,,,,,,,,,Isabelle_de_Beaumont_(1),,Meulan-16,I00124710
Q129085,Q2841401,,,,,,,,,,,,,,,,,,,,,,,,,,,951487,,p=amaury;n=de meulan;oc=2,,,,,,,,,,,,,Amaury_de_Meulan_(1),,Meulan-32,I00046813
Q129087,Q3439613,,,,,,,,,,,,,,,,,,,,,,,,,,,1012547,,p=roger;n=de beaumont le roger;oc=2,,,,,,,,,,,,,Roger_de_Meulan_(1),,Meulan-33,
Q129089,Q56647838,,,,,,,,,,,,,,,,,,,,,,,,,,,738163,,p=anseau;n=de trainel;oc=8,,,,,,,,,,,,p12000.htm#i119994,,,,I00161549
Q129091,Q56647818,,,,,,,,,,,,,,,,,,,,,,,,,,,738162,,p=adelais;n=de venisy,,,,,,,,,,,,p347.htm#i3464,,,,I00122050
Q129093,Q2181481,,,,,,,,,,,,,,,,,,,,,,,,,,,739946|739949,,p=engelbert;n=de brienne;oc=3,,,,,,,,,,,,p11993.htm#i119929,Englebert_Brienne_(1),,Brienne-21,I00165105|I00199428
Q129095,Q75402842,,,,,,,,,,,,,,,,,,,,,,,,,,,155536|1372185,,p=wandelmodis;n=n;oc=1,,,,,,,,,,,,p11994.htm#i119935,Windismodis_Salins_(1),,Salins-1,I00199429
Q129097,Q22678375,,,,,,,,,,,,,,,,,,,,,,,,,,,1372192,,p=ne;n=de brienne;oc=99,,,,,,,,,,,,p11995.htm#i119943,Unknown_de_Brienne_(1),,Brienne-70,I00165101
Q129099,Q75402874,,,,,,,,,,,,,,,,,,,,,,,,,,,,,p=mathilde;n=de noyers,,,,,,,,,,,,p11996.htm#i119953,Maud_Noyers_(1),,Noyers-2,I00029162
Q129101,Q48755107,,,,,,,,,,,,,,,,,,,,,,,,,,,553245,,p=guy;n=de brienne,,,,,,,,,,,,p11996.htm#i119954,Guy_Bar-Sur-Seine_(1),,Bar-sur-Seine-1,I00029157
Q129103,Q3421208,,,,,,,,,,,,,,,,,,,,,,,,,,,,,p=rainard;n=de brienne,,,,,,,,,,,,p11998.htm#i119976,,,,
Q129105,Q75402912,,,,,,,,,,,,,,,,,,,,,,,,,,,,,p=herbert;n=de brienne,,,,,,,,,,,,p11998.htm#i119977,,,,
Q129107,Q3016528,,,,,,,,,,,,,,,,,,,,,,,,,,,909616,,p=archambaud;n=de bourbon;oc=2,,,,,,,,,,,,,Archambaud_Unknown_(4),,Bourbon-40,I00120919
Q129109,Q2874980,,,,,,,,,,,,,,,,,,,,,,,,,,,,,p=aymon;n=de bourbon,,,,,,,,,,,,,Aymon_de_Bourbon_(1),,,
Q129111,Q3926135,,,,,,,,,,,,,,,,,,,,,,,,,,,,,,,,,,,,,,,,,,,,,
Q129113,Q3190405,,,,,,,,,,,,,,,,,,,,,,,,,,,11479,,p=archambaud;n=de bourbon;oc=6,,,,,,,,,,,,,Archambaud_de_Bourbon_(2),,,
Q129115,Q3503521,,,,,,,,,,,,,,,,,,,,,,,,,,,,,p=sulpice;n=d amboise;oc=1,,,,,,,,,,,,,Sulpice_De_Amboise_(1)|Sulpice_d'Amboise_(2),,Amboise-28,I00197065
Q129117,Q110578259,,,,,,,,,,,,,,,,,,,,,,,,,,,,,p=denise;n=de fougeres,,,,,,,,,,,,,Denise_De_Fougeres_(1),,Fougères-10,I00197066
Q129119,Q3142569,,,,,,,,,,,,,,,,,,,,,,,,,,,1236864,,p=hugues;n=d amboise;oc=3,,,,,,,,,,,,,Hugues_d'Ambois_(1),,Amboise-47,I00140020
Q129121,Q111976619,,,,,,,,,,,,,,,,,,,,,,,,,,,,,p=denise;n=d amboise;oc=1,,,,,,,,,,,,,,,Amboise-23,I00197159
Q129123,Q116007366,,,,,,,,,,,,,,,,,,,,,,,,,,,,,,,,,,,,,,,,,,,,,I00029101
Q129125,Q548798,,,,,,,,,,,,,,,,,,,,,,,,,,,,,,,,,,,,,,,,,,Alexios_Komnenos_(8),,,
Q129127,Q12900547,,,,,,,,,,,,,,,,,,,,,,,,,,,,,,,,,,,,,,,,,,,,,
Q129129,Q2929511,,,,,,,,,,,,,,,,,,,,,,,,,,,396875,,p=beatrix;n=n;oc=56,,,,,,,,,,,,p24821.htm#i248207,Béatrice_de_Saône_(1),,Unknown-285356,I00076113
Q129131,Q503875,,,,,,,,,,,,,,,,,,,,,,,,,,,349344,,p=josselin;n=de courtenay;oc=1,,,,,,,,,,,,p24821.htm#i248209,Joscelin_III_of_Edessa_(1),,Courtenay-654,I00076120
Q129133,Q15648958,,,,,,,,,,,,,,,,,,,,,,,,,,,,,p=isabelle;n=d edesse,,,,,,,,,,,,,Isabelle_de_Courtenay_(1),,Courtenay-745,I00076118
Q129135,Q52158453,,,,,,,,,,,,,,,,,,,,,,,,,,,,,p=renaud;n=de marach,,,,,,,,,,,,p19069.htm#i190687,,,,I00076114
Q129137,Q1495759,,,,,,,,,,,,,,,,,,,,,,,,,,,579499,,p=hugues;n=ibelin;oc=1,,,,,,,,,,,,p24821.htm#i248210,Hugh_of_Ibelin_(1),,Ibelin-17,I00076115
Q129139,Q1388825,,,,,,,,,,,,,,,,,,,,,,,,,,,,,p=renaud;n=grenier,,,,,,,,,,,,p24822.htm#i248211,Reginald_of_Sidon_(1),,Grenier-778,I00076117
Q129141,Q374385,,,,,,,,,,,,,,,,,,,,,,,,,,,466504,,,,,,,,,,,,,,,Balian_of_Ibelin_(1),,Ibelin-5,I00049924
Q129143,Q176312,,,,,,,,,,,,,,,,,,,,,,,,,,,,,p=archambaud;n=de perigord;oc=22,,,,,,,,,,,,,Archambaud_de_Périgord_(7),,,
Q129145,Q1329158,,,,,,,,,,,,,,,,,,,,,,,,,,,480587,,p=helie;n=de perigord;oc=66,,,,,,,,,,,,,Helie_de_Périgord_(7),,,I00580176
Q129147,Q4083744,,,,,,,,,,,,,,,,,,,,,,,,,,,307914,,p=budic;n=de cornouailles;oc=3,,,,,,,,,,,,,Unknown_Benedict_(2),,Cornouaille-2,I00616868
Q129149,Q110611888,,,,,,,,,,,,,,,,,,,,,,,,,,,307940,,p=guigoeden;n=n,,,,,,,,,,,,,Guinodeon_Pornoet_(1),,Unknown-700555,I00616869
Q129151,Q110264654,,,,,,,,,,,,,,,,,,,,,,,,,,,,,p=orscand;n=de cornouailles,,,,,,,,,,,,,Orscand_Unknown_(1),,,
Q129153,Q943936,,,,,,,,,,,,,,,,,,,,,,,,,,,,,p=robert;n=d oilly;oc=2,,,,,,,,,,,,p62.htm#i613,Robert_D'Oyly_(1),,D'Oilly-2,
Q129155,Q16198031,,,,,,,,,,,,,,,,,,,,,,,,,,,,,p=milo;n=crispin,,,,,,,,,,,,p62.htm#i614,,,Crispin-402,
Q129157,Q3186103,,,,,,,,,,,,,,,,,,,,,,,,,,,919856,,p=josselin;n=de porhoet;oc=1,,,,,,,,,,,,,Joscelin_de_Bretagne_et_de_Rennes_(1),,Porhoët-9,I00046744
Q129159,Q112961135,,,,,,,,,,,,,,,,,,,,,,,,,,,919860,,p=mainguy;n=de porhoet,,,,,,,,,,,,,Mainguy_de_Bretagne_et_de_Rennes_(1),,,
Q129161,Q4141243,,,,,,,,,,,,,,,,,,,,,,,,,,,,,p=josselin;n=de porhoet,,,,,,,,,,,,,Joscelin_de_Porhoët_(2),,,
Q129163,Q3122346,,,,,,,,,,,,,,,,,,,,,,,,,,,1371648,,p=guyomarch;n=de leon;oc=1,,,,,,,,,,,,,Guiomarch_Unknown_(3),,León-150,I00351913
Q129165,Q2829919,,,,,,,,,,,,,,,,,,,,,,,,,,,505383,,p=alain;n=de rohan;oc=2,,,,,,,,,,,,,Alain_De_Rohan_(4),,,I00046731
Q129167,Q113134588,,,,,,,,,,,,,,,,,,,,,,,,,,,1203446,,p=guillaume;n=de montfort,,,,,,,,,,,,,Guillaume_de_Montfort_(2),,,I00471138
Q129169,Q113135086,,,,,,,,,,,,,,,,,,,,,,,,,,,1203445,,p=geoffroy;n=de montfort;oc=2,,,,,,,,,,,,,Godefroy_Unknown_(10),,,I00471140
Q129171,Q110351536,,,,,,,,,,,,,,,,,,,,,,,,,,,,,,,,,,,,,,,,,,,,,I00330913
Q129173,Q4284810,,,,,,,,,,,,,,,,,,,,,,,,,,,309915,,p=mathilde;n=de porhoet,,,,,,,,,,,,,Maud_De_Porhoet_(1),,Porhoët-5,I00275035
Q129175,Q4531164,,,,,,,,,,,,,,,,,,,,,,,,,,,,,p=alienor;n=de porhoet,,,,,,,,,,,,,Alianor_De_Porhoet_(1),,,I00046727
Q129177,Q116005190,,,,,,,,,,,,,,,,,,,,,,,,,,,,,,,,,,,,,,,,,,,,,I00046823
Q129179,Q75301629,,,,,,,,,,,,,,,,,,,,,,,,,,,,,,,,,,,,,,,,,p41104.htm#i411033|p4898.htm#i48977,,,Belmeis-1,I00175548
Q129181,Q56526057,,,,,,,,,,,,,,,,,,,,,,,,,,,,,,,,,,,,,,,,,p41104.htm#i411034|p4898.htm#i48976,,,Meschines-43,I00175549|I00175558
Q129183,Q75088897,,,,,,,,,,,,,,,,,,,,,,,,,,,261432,,p=margaret annora;n=biset,,,,,,,,,,,,p40566.htm#i405651,Margaret_Unknown_(1051),,Biset-18,I00139404
Q129185,Q21031557,,,,,,,,,,,,,,,,,,,,,,,,,,,617141,,p=alain;n=de la zouche;oc=1,,,,,,,,,,,,p40565.htm#i405648|p22658.htm#i226580,Alan_la_Zouche_(2),,Zouche-4,I00027696
Q129187,Q18576158,,,,,,,,,,,,,,,,,,I5640,,,,,,,,,617137,,p=eon;n=la zouche,,,,,,,,,,,,p66.htm#i652,Eon_La_Zouche_(1),,Zouche-148,I00139405
Q129189,Q76100963,,,,,,,,,,,,,,,,,,,,,,,,,,,,,p=william;n=la zouche,,,,,,,,,,,,p53113.htm#i531125,William_la_Zouche_(1)|William_La_Zouche_(1),,Zouche-18,I00377312
Q129191,Q76100985,,,,,,,,,,,,,,,,,,,,,,,,,,,,,p=alice;n=de la zouche,,,,,,,,,,,,p53115.htm#i531142,Alice_La_Zouche_(1),,Zouche-11,I00029005
Q129193,Q75940772,,,,,,,,,,,,,,,,,,,,,,,,,,,261316,,p=lore;n=de la zouche,,,,,,,,,,,,p53114.htm#i531140|p41716.htm#i417151,Loretta_La_Zouche_(1),,Zouche-15,I00177425
Q129195,Q76100273,,,,,,,,,,,,,,,,,,,,,,,,,,,,,p=bonendee;n=n,,,,,,,,,,,,p53071.htm#i530706,,,,
Q129201,Q2829920,,,,,,,,,,,,,,,,,,,,,,,,,,,472448,,p=alain;n=de rohan;oc=4,,,,,,,,,,,,,Alain_De_Rohan_(2),,,I00046737
Q129203,Q110509666,,,,,,,,,,,,,,,,,,,,,,,,,,,1239476,,p=marguerite;n=de rohan;oc=10,,,,,,,,,,,,,,,Rohan-20,I00330938
Q129205,Q52046055,,,,,,,,,,,,,,,,,,,,,,,,,,,,,p=clemence;n=de mayenne,,,,,,,,,,,,,Clemence_De_Mayenne_(1),,Mayenne-8,I00122085
Q129209,Q41964321,,,,,,,,,,,,,,,,,,,,,,,,,,,1239513,,p=andre;n=de vitre|p=andre;n=de vitre;oc=99,,,,,,,,,,,,,Andre_II_de_Vitré_(1),,Vitré-28,I00313139
Q129211,Q28768123,,,,,,,,,,,,,,,,,,,,,,,,,,,,,p=thibaut;n=de mathefelon;oc=5,,,,,,,,,,,,,,,,
Q129217,Q381851,,,,,,,,,,,,,,,,,,,,,,,,,,,60888,,p=jean;n=de dreux;oc=1,,,sw.214280,,,,,,,,,p408.htm#i4072,"John_I,_Duke_of_Brittany_(1)",,Bretagne-29,I00005252
Q129221,Q15973251,,,,,,,,,,,,,,,,,,,,,,,,,,,1206246,,p=andre;n=de vitre;oc=4,,,,,,,,,,,,p10680.htm#i106798,Andre_III_de_Vitré_(1),,Vitré-27,I00048761
Q129223,Q16136837,,,,,,,,,,,,,,,,,,,,,,,,,,,998923,,p=philippa;n=de vitre,,,,,,,,,,,,p4272.htm#i42714,Philippa_De_Vitre_(1),,Vitré-25,I00026346
Q129225,Q113994693,,,,,,,,,,,,,,,,,,,,,,,,,,,1206245,,p=alix;n=de vitre,,,,,,,,,,,,,,,,
Q129227,Q3101179,,,,,,,,,,,,,,,,,,,,,,,,,,,,,p=geoffroi;n=de rohan,,,,,,,,,,,,,,,,I00046751
Q129229,Q110509553,,,,,,,,,,,,,,,,,,,,,,,,,,,,,p=guy;n=de chemille,,,,,,,,,,,,,,,,I00613402
Q129231,Q110508930,,,,,,,,,,,,,,,,,,,,,,,,,,,,,p=alix;n=de mauleon,,,,,,,,,,,,,Alix_De_Mauleon_(1),,,I00208547
Q129233,Q2828006,,,,,,,,,,,,,,,,,,,,,,,,,,,968981,,p=aimery;n=de thouars;oc=9,,,,,,,,,,,,p10682.htm#i106815,Aimery_De_Thouars_(1)|Aymer_Thouars_(1),,Thouars-9,I00208548
Q129235,Q2536420,,,,,,,,,,,,,,,,,,,,,,,,,,,968982,,p=renaud;n=de thouars;oc=2,,,,,,,,,,,,,,,,
Q129237,Q2129052,,,,,,,,,,,,,,,,,,,,,,,,,,,968983,,p=savary;n=de thouars,,,,,,,,,,,,,,,,I00300381
Q129239,Q110315187,,,,,,,,,,,,,,,,,,,,,,,,,,,376965,,p=beatrix;n=de machecoul,,,,,,,,,,,,,,,,I00254457
Q129241,Q110315185,,,,,,,,,,,,,,,,,,,,,,,,,,,441987,,p=jeanne;n=de thouars,,,,,,,,,,,,,,,,I00254455
Q129243,Q116005999,,,,,,,,,,,,,,,,,,,,,,,,,,,,,,,,,,,,,,,,,,,,,I00005249
Q129245,Q116006000,,,,,,,,,,,,,,,,,,,,,,,,,,,,,,,,,,,,,,,,,,,,,I00005250
Q129247,Q16667937,,,,,,,,,,,,,,,,,,,,,,,,,,,147587,,p=olivier;n=de braine,,,,,,,,,,,,,Olivier_Unknown_(3),,Machecoul-4,I00296799
Q129249,Q10298765,,,,,,,,,,,,,,,,,,,,,,,,,,,144467,,p=hugues;n=de la roche;oc=2,,,sw.214260,,,,,,,,,p242.htm#i2416,,,Châtellerault-17,I00121004
Q129251,Q56285199,,,,,,,,,,,,,,,,,,,,,,,,,,,144471,,p=gerberge;n=d angouleme;oc=1,,,sw.213034,,,,,,,,,p389.htm#i3882,,,Rochefoucauld-2,I00121005
Q129253,Q75562033,,,,,,,,,,,,,,,,,,,,,,,,,,,516495,,p=aimery;n=de chatellerault,,,,,,,,,,,,p21387.htm#i213868,Aimeri_Unknown_(1),,Châtellerault-29,I00124172
Q129255,Q61466744,,,,,,,,,,,,,,,,,,,,,,,,,,,,,p=archambaud;n=de+bueil;,,,,,,,,,,,,,,,Borel-3,I00208069
Q129257,Q61466773,,,,,,,,,,,,,,,,,,,,,,,,,,,,,p=agnes;n=de+l+isle+bouchard;,,,,,,,,,,,,,,,,I00208070
Q129259,Q108533644,,,,,,,,,,,,,,,,,,,,,,,,,,,,,p=elisabeth;n=d amboise|p=elisabeth;n=d amboise;oc=4,,,,,,,,,,,,,,,,I00139566
Q129261,Q1908742,,,,,,,,,,,,,,,,,,,,,,,,,,,261461,,p=mathilde;n=d angouleme,,,,,,,,,,,,p458.htm#i4573,Mathilde_of_Angoulême_(1),,Angoulême-36,I00064437
Q129263,Q15030274,,,,,,,,,,,,,,,,,,,,,,,,,,,888589,,p=amanieu;n=d albret;oc=8,,,,,,,,,,,,,Amadieu_Albert_(1)|Amanieu_d'Albret_(3),,Albret-6,I00139428
Q129265,Q108532697,,,,,,,,,,,,,,,,,,,,,,,,,,,,,p=bernard;n=de brosse;oc=3,,,,,,,,,,,,,Bernard_Brosse_(1),,Brosse-8,I00208039
Q129267,Q1925915,,,,,,,,,,,,,,,,,,,,,,,,,,,721677,,p=amanieu;n=d albret;oc=5,,,,,,,,,,,,,Amanieu_d'Albret_(2),,Albret-9,I00139430
Q129269,Q19007,,,,,,,,,,,,,,,,,,,,,,,,,,,486403,,p=philippe;n=capetiens;oc=13,,,sw.980558,,,,,,,,,p10312.htm#i103120,Philip_Hurepel_(1)|Philippe_France_(54),,Capet-413,I00161626
Q129271,Q446765,,,,,,,,,,,,,,,,,,,,,,,,,,,,,p=pierre charlot;n=capetiens,,,,,,,,,,,,,Pierre_France_(27),,Capet-411,
Q129275,Q881512,,,,,,,,,,,,,,,,,,,,,,,,,,,718029,,p=theodore;n=branas d andrinople,,,,,,,,,,,,p11360.htm#i113596,Theodore_Branas_(1),,,I00020914
Q129277,Q848948,,,,,,,,,,,,,,,,,,,,,,,,,,,,,p=ne;n=branas d andrinople,,,,,,,,,,,,,Unknown_Branas_(1),,,I00208129
Q129279,Q3124450,,,,,,,,,,,,,,,,,,,,,,,,,,,,,p=gerard;n=de bourgogne;oc=2,,,,,,,,,,,,,Géraud_of_Mâcon_(1),,Mâcon-155,I00027390
Q129281,Q110602457,,,,,,,,,,,,,,,,,,,,,,,,,,,1370037,,p=beatrix;n=de bourgogne;oc=4,,,,,,,,,,,,,,,,I00163394
Q129283,Q1340184,,,,,,,,,,,,,,,,,,,,,,,,,,,624238,,p=thibaut;n=de blois,,,,,,,,,,,,,"Theobald_VI,_Count_of_Blois_(1)",,Blois-216,I00330780
Q129285,Q327171,,,,,,,,,,,,,,,,,,,,,,,,,,,704597,,p=gauthier;n=d avesnes;oc=2,,,,,,,,,,,,,"Gauthier,_Count_of_Blois_(1)",,Avesnes-25,I00020648
Q129287,Q274783,,,,,,,,,,,,,,,,,,,,,,,,,,,306137,,p=marie;n=d avesnes;oc=1,,,,,,,,,,,,p70906.htm#i709054,"Mary,_Countess_of_Blois_(1)",,Avesnes-68,I00027531
Q129289,Q3172652,,,,,,,,,,,,,,,,,,,,,,,,,,,,,p=jean;n=de montmirail,,,,,,,,,,,,,,,,I00330783
Q129291,Q9181,,alvin-person:33285,,,,,,,,,,,,,,,,,,,,,,term/3D5F75DB-0B47-4CAC-BB33-85DF68A9C991,,,79267|361361|372320,,,,,,,,,,,,,,,,,,
Q129293,Q586541,,,,,,,,,,,,,,,,,,,,,,,,,,,381145|79265,,,,,,,,,,,,,,,,,,
Q129295,Q33205630,,,,,,,,,,,,,,,,,,,,,,,,,,,,,,,,,,,,,,,,,,,,,
Q129297,Q6323112,,,,,,,,,,,,,,,,,,,,,,,,,,,79268,,,,,,,,,,,,,,,,,,
Q129299,Q1199156,,,,,,,,,,,,,,,,,,,,,,,,,,,79269,,,,,,,,,,,,,,,,,,
Q129301,Q194808,,,,,,,,,,,,,,,,,,,,,,,,,,,79480|386576,,,,,,,,,,,,,,,,,,
Q129303,Q214617,,,,,,,,,,,,,,,,,,,,,,,,,,,79277|386678|662431,,,,,,,,,,,,,,,,,,
Q129305,Q908531,,,,,,,,,,,,,,,,,,,,,,,,,,,79331,,,,,,,,,,,,,,,,,,
Q129307,Q183403,,,,,,,,,,,,,,,,,,,,,,,,,,,79274,,,,,,,,,,,,,,,,,,
Q129309,Q671872,,,,,,,,,,,,,,,,,,,,,,,,term/3e12fd0e-ff2e-4dd2-ab64-cca290b0462d,,,336060|79273|322093,,,,,,,,,,,,,,,,,,
Q129311,Q786540,,,,,,,,,,,,,,,,,,,,,,,,,,,79332,,,,,,,,,,,,,,,,,,
Q129313,Q737548,,,,,,,,,,,,,,,,,,,,,,,,,,,79333,,,,,,,,,,,,,,,,,,
Q129315,Q1212757,,,,,,,,,,,,,,,,,,,,,,,,,,,,,,,,,,,,,,,,,,,,,
Q129317,Q755316,,,,,,,,,,,,,,,,,,,,,,,,,,,,,,,,,,,,,,,,,,,,,
Q129319,Q594903,,,,,,,,,,,,,,,,,,,,,,,,,,,,,,,,,,,,,,,,,,,,,
Q129321,Q369850,,,,,,,,,,,,,,,,,,,,,,,,,,,,,,,,,,,,,,,,,,,,,
Q129323,Q109375725,,,,,,,,,,,,,,,,,,,,,,,,,,,,,,,,,,,,,,,,,,,,,
Q129325,Q888890,,,,,,,,,,,,,,,,,,,,,,,,,,,79264|381144,,,,,,,,,,,,,,,,,,
Q129327,Q33205768,,,,,,,,,,,,,,,,,,,,,,,,,,,,,,,,,,,,,,,,,,,,,
Q129329,Q108773808,,,,,,,,,,,,,,,,,,,,,,,,,,,,,,,,,,,,,,,,,,,,,
Q129331,Q11944206,,,,,,,,,,,,,,,,,,,,,,,,,,,,,,,,,,,,,,,,,,,,,
Q129333,Q47010789,,,,,,,,,,,,,,,,,,,,,,,,,,,,,,,,,,,,,,,,,,,,,
Q129335,Q114056663,,,,,,,,,,,,,,,,,,,,,,,,,,,,,,,,,,,,,,,,,,,,,
Q129337,Q114056787,,,,,,,,,,,,,,,,,,,,,,,,,,,,,,,,,,,,,,,,,,,,,
Q129339,Q114056831,,,,,,,,,,,,,,,,,,,,,,,,,,,,,,,,,,,,,,,,,,,,,
Q129341,Q125072190,,,,,,,,,,,,,,,,,,,,,,,,,,,,,,,,,,,,,,,,,,,,,
Q129343,Q125150030,,,,,,,,,,,,,,,,,,,,,,,,,,,,,,,,,,,,,,,,,,,,,
Q129345,Q125188731,,,,,,,,,,,,,,,,,,,,,,,,,,,,,,,,,,,,,,,,,,,,,
Q129347,Q125295940,,,,,,,,,,,,,,,,,,,,,,,,,,,,,,,,,,,,,,,,,,,,,
Q129349,Q14923275,,,,,,,,,,,,,,,,,,,,,,,,,,,,,,,,,,,,,,,,,,,,,
Q129351,Q125484379,,,,,,,,,,,,,,,,,,,,,,,,,,,,,,,,,,,,,,,,,,,,,
Q129353,Q6079192,,,,,,,,,,,,,,,,,,,,,,,,,,,,,,,,,,,,,,,,,,,,,
Q129355,Q1642480,,,,,,,,,,,,,,,,,,,,,,,,,,,361748,,,,,,,,,,,,,,,,,,
Q129357,Q47036567,,,,,,,,,,,,,,,,,,,,,,,,,,,,,,,,,,,,,,,,,,,,,
Q129359,Q60609325,,,,,,,,,,,,,,,,,,,,,,,,,,,,,,,,,,,,,,,,,,,,,
Q129361,Q3773487,,,,,,,,,,,,,,,,,,,,,,,,,,,,,,,,,,,,,,,,,,,,,
Q129363,Q2669401,,,,,,,,,,,,,,,,,,,,,,,,,,,,,,,,,,,,,,,,,,,,,
Q129365,Q3320047,,,,,,,,,,,,,,,,,,,,,,,,,,,596725,,,,,,,,,,,,,,,,,,
Q129367,Q5313606,,,,,,,,,,,,,,,,,,,,,,,,,,,,,,,,,,,,,,,,,,,,,
Q129369,Q24238724,,,,,,,,,,,,,,,,,,,,,,,,,,,,,,,,,,,,,,,,,,,,,
Q129371,Q10335361,,,,,,,,,,,,,,,,,,,,,,,,,,,,,,,,,,,,,,,,,,,,,
Q129373,Q14925213,,,,,,,,,,,,,,,,,,,,,,,,,,,,,,,,,,,,,,,,,,,,,
Q129375,Q20101216,,,,,,,,,,,,,,,,,,,,,,,,,,,,,,,,,,,,,,,,,,,,,
Q129377,Q21087988,,,,,,,,,,,,,,,,,,,,,,,,,,,,,,,,,,,,,,,,,,,,,
Q129379,Q22004334,,,,,,,,,,,,,,,,,,,,,,,,,,,,,,,,,,,,,,,,,,,,,
Q129381,Q20101919,,,,,,,,,,,,,,,,,,,,,,,,,,,,,,,,,,,,,,,,,,,,,
Q129383,Q11944201,,,,,,,,,,,,,,,,,,,,,,,,,,,,,,,,,,,,,,,,,,,,,
Q129385,Q11927540,,,,,,,,,,,,,,,,,,,,,,,,,,,,,,,,,,,,,,,,,,,,,
Q129387,Q21087985,,,,,,,,,,,,,,,,,,,,,,,,,,,,,,,,,,,,,,,,,,,,,
Q129389,Q9332549,,,,,,,,,,,,,,,,,,,,,,,,,,,,,,,,,,,,,,,,,,,,,
Q129391,Q124819618,,,,,,,,,,,,,,,,,,,,,,,,,,,,,,,,,,,,,,,,,,,,,
Q129393,Q3314892,,,,,,,,,,,,,,,,,,,,,,,,,,,,,,,,,,,,,,,,,,,,,
Q129395,Q5382125,,,,,,,,,,,,,,,,,,,,,,,,,,,,,,,,,,,,,,,,,,,,,
Q129397,Q5382171,,,,,,,,,,,,,,,,,,,,,,,,,,,,,,,,,,,,,,,,,,,,,
Q129399,Q124325068,,,,,,,,,,,,,,,,,,,,,,,,,,,,,,,,,,,,,,,,,,,,,
Q129401,Q108207665,,,,,,,,,,,,,,,,,,,,,,,,,,,,,,,,,,,,,,,,,,,,,
Q129403,Q24578452,,,,,,,,,,,,,,,,,,,,,,,,,,,79337,,,,,,,,,,,,,,,,,,
Q129405,Q1161313,,,,,,,,,,,,,,,,,,,,,,,,,,,381143|79263,,,,,,,,,,,,,,,,,,
Q129407,Q2903219,,,,,,,,,,,,,,,,,,,,,,,,,,,,,,,,,,,,,,,,,,,,,
Q129409,Q2575060,,,,,,,,,,,,,,,,,,,,,,,,,,,,,,,,,,,,,,,,,,,,,
Q129411,Q1585141,,,,,,,,,,,,,,,,,,,,,,,,,,,,,,,,,,,,,,,,,,,,,
Q129413,Q9168580,,,,,,,,,,,,,,,,,,,,,,,,,,,,,,,,,,,,,,,,,,,,,
Q129415,Q109496487,,,,,,,,,,,,,,,,,,,,,,,,,,,,,,,,,,,,,,,,,,,,,
Q129417,Q109496488,,,,,,,,,,,,,,,,,,,,,,,,,,,,,,,,,,,,,,,,,,,,,
Q129419,Q1768161,,,,,,,,,,,,,,,,,,,,,,,,,,,372322|661769,,,,,,,,,,,,,,,,,,
Q129421,Q470988,,,,,,,,,,,,,,,,,,,,,,,,,,,,,,,,,,,,,,,,,,,,,
Q129423,Q2513598,,,,,,,,,,,,,,,,,,,,,,,,,,,361750,,,,,,,,,,,,,,,,,,
Q129425,Q334857,,,,,,,,,,,,,,,,,,,,,,,,,,,,,,,,,,,,,,,,,,,,,
Q129427,Q201861,,,,,,,,,,,,,,,,,,,,,,,,,,,79284,,,,,,,,,,,,,,,,,,
Q129429,Q12243529,,,,,,,,,,,,,,,,,,,,,,,,,,,,,,,,,,,,,,,,,,,,,
Q129431,Q65252558,,,,,,,,,,,,,,,,,,,,,,,,,,,,,,,,,,,,,,,,,,,,,
Q129433,Q32979741,,,,,,,,,,,,,,,,,,,,,,,,,,,,,,,,,,,,,,,,,,,,,
Q129435,Q794991,,,,,,,,,,,,,,,,,,,,,,,,,,,79548|1220130,,,,,,,,,,,,,,,,,,
Q129437,Q221826,,,,,,,,,,,,,,,,,,,,,,,,,,,79523|1220131,,,,,,,,,,,,,,,,,,
Q129439,Q122035,,,,,,,,,,,,,,,,,,,,,,,,,,,,,,,,,,,,,,,,,,,,,
Q129441,Q145746,,,,,,,,,,,,,,,,,,,,,,,,term/476b06d8-bae3-4c3f-90c1-ddaab327619a,,,79493|323804,,,,,,,,,,,,,,,,,,
Q129443,Q3187975,,,,,,,,,,,,,,,,,,,,,,,,,,,,,,,,,,,,,,,,,,,,,
Q129445,Q10306885,,,,,,,,,,,,,,,,,,,,,,,,,,,,,,,,,,,,,,,,,,,,,
Q129447,Q85774893,,,,,,,,,,,,,,,,,,,,,,,,,,,,,,,,,,,,,,,,,,,,,
Q129449,Q125263542,,,,,,,,,,,,,,,,,,,,,,,,,,,,,,,,,,,,,,,,,,,,,
Q129451,Q44126905,,,,,,,,,,,,,,,,,,,,,,,,,,,,,,,,,,,,,,,,,,,,,
Q129453,Q2040793,,,,,,,,,,,,,,,,,,,,,,,,,,,79262,,,,,,,,,,,,,,,,,,
Q129455,Q47011321,,,,,,,,,,,,,,,,,,,,,,,,,,,,,,,,,,,,,,,,,,,,,
Q129457,Q1711668,,,,,,,,,,,,,,,,,,,,,,,,,,,,,,,,,,,,,,,,,,,,,
Q129459,Q563644,,,,,,,,,,,,,,,,,,,,,,,,,,,361752,,,,,,,,,,,,,,,,,,
Q129461,Q1138595,,,,,,,,,,,,,,,,,,,,,,,,,,,79258,,,,,,,,,,,,,,,,,,
Q129463,Q14933103,,,,,,,,,,,,,,,,,,,,,,,,,,,,,,,,,,,,,,,,,,,,,
Q129465,Q6884915,,,,,,,,,,,,,,,,,,,,,,,,,,,,,,,,,,,,,,,,,,,,,
Q129467,Q108487406,,,,,,,,,,,,,,,,,,,,,,,,,,,,,,,,,,,,,,,,,,,,,
Q129469,Q108487424,,,,,,,,,,,,,,,,,,,,,,,,,,,,,,,,,,,,,,,,,,,,,
Q129471,Q114627891,,,,,,,,,,,,,,,,,,,,,,,,,,,,,,,,,,,,,,,,,,,,,
Q129473,Q24954387,,,,,,,,,,,,,,,,,,,,,,,,,,,,,,,,,,,,,,,,,,,,,
Q129475,Q11716821,,,,,,,,,,,,,,,,,,,,,,,,,,,,,,,,,,,,,,,,,,,,,
Q129477,Q65124128,,,,,,,,,,,,,,,,,,,,,,,,,,,,,,,,,,,,,,,,,,,,,
Q129479,Q18088109,,,,,,,,,,,,,,,,,,,,,,,,,,,,,,,,,,,,,,,,,,,,,
Q129481,Q65124445,,,,,,,,,,,,,,,,,,,,,,,,,,,,,,,,,,,,,,,,,,,,,
Q129483,Q65125957,,,,,,,,,,,,,,,,,,,,,,,,,,,,,,,,,,,,,,,,,,,,,
Q129485,Q6940768,,,,,,,,,,,,,,,,,,,,,,,,,,,,,,,,,,,,,,,,,,,,,
Q129487,Q3223065,,,,,,,,,,,,,,,,,,,,,,,,,,,,,,,,,,,,,,,,,,,,,
Q129489,Q1347943,,,,,,,,,,,,,,,,,,,,,,,,,,,79559|397528,,,,,,,,,,,,,,,,,,
Q129491,Q661074,,,,,,,,,,,,,,,,,,,,,,,,,,,397531,,,,,,,,,,,,,,,,,,
Q129493,Q1294423,,,,,,,,,,,,,,,,,,,,,,,,,,,79514,,,,,,,,,,,,,,,,,,
Q129495,Q44123796,,,,,,,,,,,,,,,,,,,,,,,,,,,,,,,,,,,,,,,,,,,,,
Q129496,Q3992381,,,,,,,,,,,,,,,,,,,,,,,,,,,,,,,,,,,,,,,,,,,,,
Q129498,Q85854338,,,,,,,,,,,,,,,,,,,,,,,,,,,,,,,,,,,,,,,,,,,,,
Q129500,Q85853555,,,,,,,,,,,,,,,,,,,,,,,,,,,,,,,,,,,,,,,,,,,,,
Q129502,Q85854694,,,,,,,,,,,,,,,,,,,,,,,,,,,,,,,,,,,,,,,,,,,,,
Q129504,Q44127088,,,,,,,,,,,,,,,,,,,,,,,,,,,,,,,,,,,,,,,,,,,,,
Q129506,Q44126900,,,,,,,,,,,,,,,,,,,,,,,,,,,,,,,,,,,,,,,,,,,,,
Q129508,Q44126901,,,,,,,,,,,,,,,,,,,,,,,,,,,,,,,,,,,,,,,,,,,,,
Q129510,Q44126902,,,,,,,,,,,,,,,,,,,,,,,,,,,,,,,,,,,,,,,,,,,,,
Q129512,Q723681,,,,,,,,,,,,,,,,,,,,,,,,,,,79500,,,,,,,,,,,,,,,,,,
Q129514,Q1056931,,,,,,,,,,,,,,,,,,,,,,,,,,,79535,,,,,,,,,,,,,,,,,,
Q129516,Q203251,,,,,,,,,,,,,,,,,,,,,,,,,,,79536|361788,,,,,,,,,,,,,,,,,,
Q129518,Q638332,,,,,,,,,,,,,,,,,,,,,,,,,,,,,,,,,,,,,,,,,,,,,
Q129520,Q22018139,,,,,,,,,,,,,,,,,,,,,,,,,,,,,,,,,,,,,,,,,,,,,
Q129522,Q31841835,,,,,,,,,,,,,,,,,,,,,,,,,,,,,,,,,,,,,,,,,,,,,
Q129524,Q85852881,,,,,,,,,,,,,,,,,,,,,,,,,,,,,,,,,,,,,,,,,,,,,
Q129526,Q85852737,,,,,,,,,,,,,,,,,,,,,,,,,,,,,,,,,,,,,,,,,,,,,
Q129528,Q85853373,,,,,,,,,,,,,,,,,,,,,,,,,,,,,,,,,,,,,,,,,,,,,
Q129530,Q85853140,,,,,,,,,,,,,,,,,,,,,,,,,,,,,,,,,,,,,,,,,,,,,
Q129532,Q85854575,,,,,,,,,,,,,,,,,,,,,,,,,,,,,,,,,,,,,,,,,,,,,
Q129534,Q85854185,,,,,,,,,,,,,,,,,,,,,,,,,,,,,,,,,,,,,,,,,,,,,
Q129536,Q85853451,,,,,,,,,,,,,,,,,,,,,,,,,,,,,,,,,,,,,,,,,,,,,
Q129538,Q2899037,,,,,,,,,,,,,,,,,,,,,,,,,,,,,,,,,,,,,,,,,,,,,
Q129540,Q67219745,,,,,,,,,,,,,,,,,,,,,,,,,,,,,,,,,,,,,,,,,,,,,
Q129542,Q67219744,,,,,,,,,,,,,,,,,,,,,,,,,,,,,,,,,,,,,,,,,,,,,
Q129544,Q67219746,,,,,,,,,,,,,,,,,,,,,,,,,,,,,,,,,,,,,,,,,,,,,
Q129546,Q85852816,,,,,,,,,,,,,,,,,,,,,,,,,,,,,,,,,,,,,,,,,,,,,
Q129548,Q67219740,,,,,,,,,,,,,,,,,,,,,,,,,,,,,,,,,,,,,,,,,,,,,
Q129550,Q80198030,,,,,,,,,,,,,,,,,,,,,,,,,,,,,,,,,,,,,,,,,,,,,
Q129552,Q67219747,,,,,,,,,,,,,,,,,,,,,,,,,,,,,,,,,,,,,,,,,,,,,
Q129554,Q85854718,,,,,,,,,,,,,,,,,,,,,,,,,,,,,,,,,,,,,,,,,,,,,
Q129556,Q85854942,,,,,,,,,,,,,,,,,,,,,,,,,,,,,,,,,,,,,,,,,,,,,
Q129558,Q85853387,,,,,,,,,,,,,,,,,,,,,,,,,,,,,,,,,,,,,,,,,,,,,
Q129560,Q85854721,,,,,,,,,,,,,,,,,,,,,,,,,,,,,,,,,,,,,,,,,,,,,
Q129562,Q85853189,,,,,,,,,,,,,,,,,,,,,,,,,,,,,,,,,,,,,,,,,,,,,
Q129564,Q85853183,,,,,,,,,,,,,,,,,,,,,,,,,,,,,,,,,,,,,,,,,,,,,
Q129566,Q85852721,,,,,,,,,,,,,,,,,,,,,,,,,,,,,,,,,,,,,,,,,,,,,
Q129568,Q85852725,,,,,,,,,,,,,,,,,,,,,,,,,,,,,,,,,,,,,,,,,,,,,
Q129570,Q6582523,,,,,,,,,,,,,,,,,,,,,,,,,,,,,,,,,,,,,,,,,,,,,
Q129572,Q44098537,,,,,,,,,,,,,,,,,,,,,,,,,,,,,,,,,,,,,,,,,,,,,
Q129574,Q20757870,,,,,,,,,,,,,,,,,,,,,,,,,,,,,,,,,,,,,,,,,,,,,
Q129576,Q65128328,,,,,,,,,,,,,,,,,,,,,,,,,,,,,,,,,,,,,,,,,,,,,
Q129578,Q85853423,,,,,,,,,,,,,,,,,,,,,,,,,,,,,,,,,,,,,,,,,,,,,
Q129580,Q85853675,,,,,,,,,,,,,,,,,,,,,,,,,,,,,,,,,,,,,,,,,,,,,
Q129582,Q44123793,,,,,,,,,,,,,,,,,,,,,,,,,,,,,,,,,,,,,,,,,,,,,
Q129584,Q2915121,,,,,,,,,,,,,,,,,,,,,,,,,,,79511|1220158,,,,,,,,,,,,,,,,,,
Q129586,Q2914557,,,,,,,,,,,,,,,,,,,,,,,,,,,79512,,,,,,,,,,,,,,,,,,
Q129588,Q2670550,,,,,,,,,,,,,,,,,,,,,,,,,,,79513,,,,,,,,,,,,,,,,,,
Q129590,Q594805,,,,,,,,,,,,,,,,,,,,,,,,,,,82271,,,,,,,,,,,,,,,,,,
Q129592,Q124751781,,,,,,,,,,,,,,,,,,,,,,,,,,,,,,,,,,,,,,,,,,,,,
Q129594,Q372091,,,,,,,,,,,,,,,,,,,,,,,,,,,,,,,,,,,,,,,,,,,,,
Q129596,Q7089609,,,,,,,,,,,,,,,,,,,,,,,,,,,,,,,,,,,,,,,,,,,,,
Q129598,Q134715631,,,,,,,,,,,,,,,,,,,,,,,,,,,,,,,,,,,,,,,,,,,,,
Q129600,Q106145044,,,,,,,,,,,,,,,,,,,,,,,,,,,79353,,,,,,,,,,,,,,,,,,
Q129602,Q8069299,,,,,,,,,,,,,,,,,,,,,,,,,,,,,,,,,,,,,,,,,,,,,
Q129604,Q114627203,,,,,,,,,,,,,,,,,,,,,,,,,,,,,,,,,,,,,,,,,,,,,
Q129606,Q2344483,,,,,,,,,,,,,,,,,,,,,,,,,,,79690,,,,,,,,,,,,,,,,,,
Q129608,Q11684128,,,,,,,,,,,,,,,,,,,,,,,,,,,,,,,,,,,,,,,,,,,,,
Q129610,Q1648259,,,,,,,,,,,,,,,,,,,,,,,,,,,78271,,,,,,,,,,,,,,,,,,
Q129612,Q118929721,,,,,,,,,,,,,,,,,,,,,,,,,,,,,,,,,,,,,,,,,,,,,
Q129614,Q229702,,,,,,,,,,,,,,,,,,,,,,,,term/7857b082-e4cb-4b90-944f-0d7f7c930925,,,79257,,,,,,,,,,,,,,,,,,
Q129616,Q1369215,,,,,,,,,,,,,,,,,,,,,,,,,,,79259,,,,,,,,,,,,,,,,,,
Q129618,Q204797,,,,,,,,,,,,,,,,,,,,,,,,,,,,,,,,,,,,,,,,,,,,,
Q129620,Q946939,,,,,,,,,,,,,,,,,,,,,,,,,,,,,,,,,,,,,,,,,,,,,
Q129622,Q23639444,,,,,,,,,,,,,,,,,,,,,,,,,,,,,,,,,,,,,,,,,,,,,
Q129624,Q32945196,,,,,,,,,,,,,,,,,,,,,,,,,,,,,,,,,,,,,,,,,,,,,
Q129626,Q13143737,,,,,,,,,,,,,,,,,,,,,,,,,,,,,,,,,,,,,,,,,,,,,
Q129628,Q3085764,,,,,,,,,,,,,,,,,,,,,,,,,,,,,,,,,,,,,,,,,,,,,
Q129630,Q124169540,,,,,,,,,,,,,,,,,,,,,,,,,,,,,,,,,,,,,,,,,,,,,
Q129632,Q125295448,,,,,,,,,,,,,,,,,,,,,,,,,,,,,,,,,,,,,,,,,,,,,
Q129634,Q30226376,,,,,,,,,,,,,,,,,,,,,,,,,,,,,,,,,,,,,,,,,,,,,
Q129636,Q1030008,,,,,,,,,,,,,,,,,,,,,,,,,,,79364|397529,,,,,,,,,,,,,,,,,,
Q129638,Q4177234,,,,,,,,,,,,,,,,,,,,,,,,,,,79367|361775,,,,,,,,,,,,,,,,,,
Q129640,Q65129982,,,,,,,,,,,,,,,,,,,,,,,,,,,,,,,,,,,,,,,,,,,,,
Q129642,Q114671090,,,,,,,,,,,,,,,,,,,,,,,,,,,,,,,,,,,,,,,,,,,,,
Q129644,Q22054796,,,,,,,,,,,,,,,,,,,,,,,,,,,,,,,,,,,,,,,,,,,,,
Q129646,Q7234956,,,,,,,,,,,,,,,,,,,,,,,,,,,,,,,,,,,,,,,,,,,,,
Q129648,Q85854026,,,,,,,,,,,,,,,,,,,,,,,,,,,,,,,,,,,,,,,,,,,,,
Q129650,Q110159933,,,,,,,,,,,,,,,,,,,,,,,,,,,,,,,,,,,,,,,,,,,,,
Q129652,Q29167793,,,,,,,,,,,,,,,,,,,,,,,,,,,,,,,,,,,,,,,,,,,,,
Q129654,Q85854722,,,,,,,,,,,,,,,,,,,,,,,,,,,,,,,,,,,,,,,,,,,,,
Q129656,Q85852878,,,,,,,,,,,,,,,,,,,,,,,,,,,,,,,,,,,,,,,,,,,,,
Q129658,Q85854843,,,,,,,,,,,,,,,,,,,,,,,,,,,,,,,,,,,,,,,,,,,,,
Q129660,Q22017204,,,,,,,,,,,,,,,,,,,,,,,,,,,,,,,,,,,,,,,,,,,,,
Q129662,Q47008639,,,,,,,,,,,,,,,,,,,,,,,,,,,,,,,,,,,,,,,,,,,,,
Q129664,Q123168777,,,,,,,,,,,,,,,,,,,,,,,,,,,,,,,,,,,,,,,,,,,,,
Q129666,Q85853470,,,,,,,,,,,,,,,,,,,,,,,,,,,,,,,,,,,,,,,,,,,,,
Q129668,Q85854115,,,,,,,,,,,,,,,,,,,,,,,,,,,,,,,,,,,,,,,,,,,,,
Q129670,Q2112850,,,,,,,,,,,,,,,,,,,,,,,,,,,,,,,,,,,,,,,,,,,,,
Q129672,Q65128117,,,,,,,,,,,,,,,,,,,,,,,,,,,,,,,,,,,,,,,,,,,,,
Q129674,Q3482128,,,,,,,,,,,,,,,,,,,,,,,,,,,,,,,,,,,,,,,,,,,,,
Q129676,Q85853840,,,,,,,,,,,,,,,,,,,,,,,,,,,,,,,,,,,,,,,,,,,,,
Q129678,Q477527,,,,,,,,,,,,,,,,,,,,,,,,,,,81010,,,,,,,,,,,,,,,,,,
Q129680,Q2210407,,,,,,,,,,,,,,,,,,,,,,,,,,,597520,,,,,,,,,,,,,,,,,,
Q129682,Q1800542,,,,,,,,,,,,,,,,,,,,,,,,,,,,,,,,,,,,,,,,,,,,,
Q129684,Q4207606,,,,,,,,,,,,,,,,,,,,,,,,,,,,,,,,,,,,,,,,,,,,,
Q129686,Q85854044,,,,,,,,,,,,,,,,,,,,,,,,,,,,,,,,,,,,,,,,,,,,,
Q129688,Q85854187,,,,,,,,,,,,,,,,,,,,,,,,,,,,,,,,,,,,,,,,,,,,,
Q129690,Q9077,,,,,,,,,,,,,,,,,,,,,,,,term/003824d8-3877-4e33-8982-4b08f0235052,,,81015|361771,,,,,,,,,,,,,,,,,,
Q129692,Q51676,,,,,,,,,,,,,,,,,,,,,,,,term/d21001f5-ed9d-49a7-bf04-e9d23510ef6a,,,81014|361772|1227329,,,,,,,,,,,,,,,,,,
Q129694,Q1938388,,,,,,,,,,,,,,,,,,,,,,,,,,,421535,,,,,,,,,,,,,,,,,,
Q129696,Q380714,,,,,,,,,,,,,,,,,,,,,,,,,,,,,,,,,,,,,,,,,,,,,
Q129698,Q1990155,,,,,,,,,,,,,,,,,,,,,,,,,,,,,,,,,,,,,,,,,,,,,
Q129700,Q42532204,,,,,,,,,,,,,,,,,,,,,,,,,,,,,,,,,,,,,,,,,,,,,
Q129702,Q42532440,,,,,,,,,,,,,,,,,,,,,,,,,,,,,,,,,,,,,,,,,,,,,
Q129704,Q124821119,,,,,,,,,,,,,,,,,,,,,,,,,,,,,,,,,,,,,,,,,,,,,
Q129706,Q1337316,,,,,,,,,,,,,,,,,,,,,,,,,,,,,,,,,,,,,,,,,,,,,
Q129708,Q115091192,,,,,,,,,,,,,,,,,,,,,,,,,,,,,,,,,,,,,,,,,,,,,
Q129710,Q502282,,,,,,,,,,,,,,,,,,,,,,,,,,,,,,,,,,,,,,,,,,,,,
Q129712,Q1553059,,,,,,,,,,,,,,,,,,,,,,,,,,,78270,,,,,,,,,,,,,,,,,,
Q129714,Q123333509,,,,,,,,,,,,,,,,,,,,,,,,,,,,,,,,,,,,,,,,,,,,,
Q129716,Q81422,,,,,,,,,,,,,,,,,,,,,,,,term/c174a101-c41e-4a4c-b041-912dc67e3d73,,,32411|103818,,,,,,,,,,,,,,,,,,
Q129718,Q200902,,,,,,,,,,,,,,,,,,,,,,,,term/84355a9f-2037-4f5d-b44a-1ce8a506a63b,,,32470|372328,,,,,,,,,,,,,,,,,,
Q129720,Q200637,,,,,,,,,,,,,,,,,,,,,,,,term/45d9eff8-23c9-4b8d-b9cf-003b6be9adc9,,,32414|365582,,,,,,,,,,,,,,,,,,
Q129722,Q11938321,,,,,,,,,,,,,,,,,,,,,,,,,,,,,,,,,,,,,,,,,,,,,
Q129724,Q1647375,,,,,,,,,,,,,,,,,,,,,,,,,,,79287,,,,,,,,,,,,,,,,,,
Q129726,Q3294442,,,,,,,,,,,,,,,,,,,,,,,,,,,,,,,,,,,,,,,,,,,,,
Q129728,Q7144855,,,,,,,,,,,,,,,,,,,,,,,,,,,,,,,,,,,,,,,,,,,,,
Q129730,Q5048978,,,,,,,,,,,,,,,,,,,,,,,,,,,,,,,,,,,,,,,,,,,,,
Q129732,Q4217735,,,,,,,,,,,,,,,,,,,,,,,,,,,,,,,,,,,,,,,,,,,,,
Q129734,Q21087113,,,,,,,,,,,,,,,,,,,,,,,,,,,,,,,,,,,,,,,,,,,,,
Q129737,Q3541553,,,,,,,,,,,,,,,,,,,,,,,,,,,,,,,,,,,,,,,,,,,,,
Q129739,Q2335214,,,,,,,,,,,,,,,,,,,,,,,,,,,,,,,,,,,,,,,,,,,,,
Q129741,Q125399193,,,,,,,,,,,,,,,,,,,,,,,,,,,,,,,,,,,,,,,,,,,,,
Q129743,Q124305605,,,,,,,,,,,,,,,,,,,,,,,,,,,,,,,,,,,,,,,,,,,,,
Q129745,Q1147704,,,,,,,,,,,,,,,,,,,,,,,,,,,,,,,,,,,,,,,,,,,,,
Q129747,Q85853398,,,,,,,,,,,,,,,,,,,,,,,,,,,,,,,,,,,,,,,,,,,,,
Q129749,Q1824842,,,,,,,,,,,,,,,,,,,,,,,,,,,79368|361776,,,,,,,,,,,,,,,,,,
Q129751,Q1687510,,,,,,,,,,,,,,,,,,,,,,,,,,,,,,,,,,,,,,,,,,,,,
Q129753,Q16938772,,,,,,,,,,,,,,,,,,,,,,,,,,,,,,,,,,,,,,,,,,,,,
Q129755,Q85854804,,,,,,,,,,,,,,,,,,,,,,,,,,,,,,,,,,,,,,,,,,,,,
Q129757,Q114932946,,,,,,,,,,,,,,,,,,,,,,,,,,,,,,,,,,,,,,,,,,,,,
Q129759,Q115481149,,,,,,,,,,,,,,,,,,,,,,,,,,,,,,,,,,,,,,,,,,,,,
Q129761,Q114672619,,,,,,,,,,,,,,,,,,,,,,,,,,,,,,,,,,,,,,,,,,,,,
Q129763,Q1573937,,,,,,,,,,,,,,,,,,,,,,,,,,,,,,,,,,,,,,,,,,,,,
Q129765,Q85853273,,,,,,,,,,,,,,,,,,,,,,,,,,,,,,,,,,,,,,,,,,,,,
Q129767,Q85853185,,,,,,,,,,,,,,,,,,,,,,,,,,,,,,,,,,,,,,,,,,,,,
Q129769,Q125480519,,,,,,,,,,,,,,,,,,,,,,,,,,,,,,,,,,,,,,,,,,,,,
Q129771,Q2238834,,,,,,,,,,,,,,,,,,,,,,,,,,,,,,,,,,,,,,,,,,,,,
Q129773,Q9560907,,,,,,,,,,,,,,,,,,,,,,,,,,,,,,,,,,,,,,,,,,,,,
Q129775,Q106808575,,,,,,,,,,,,,,,,,,,,,,,,,,,,,,,,,,,,,,,,,,,,,
Q129777,Q117054231,,,,,,,,,,,,,,,,,,,,,,,,,,,,,,,,,,,,,,,,,,,,,
Q129779,Q125566789,,,,,,,,,,,,,,,,,,,,,,,,,,,,,,,,,,,,,,,,,,,,,
Q129781,Q125749992,,,,,,,,,,,,,,,,,,,,,,,,,,,,,,,,,,,,,,,,,,,,,
Q129783,Q110158985,,,,,,,,,,,,,,,,,,,,,,,,,,,,,,,,,,,,,,,,,,,,,
Q129785,Q6533529,,,,,,,,,,,,,,,,,,,,,,,,,,,,,,,,,,,,,,,,,,,,,
Q129787,Q125747962,,,,,,,,,,,,,,,,,,,,,,,,,,,,,,,,,,,,,,,,,,,,,
Q129789,Q205523,,,,,,,,,,,,,,,,,,,,,,,,,,,404510|421529,,,,,,,,,,,,,,,,,,
Q129791,Q7710759,,,,,,,,,,,,,,,,,,,,,,,,,,,,,,,,,,,,,,,,,,,,,
Q129793,Q1514983,,,,,,,,,,,,,,,,,,,,,,,,,,,404509,,,,,,,,,,,,,,,,,,
Q129795,Q1195680,,,,,,,,,,,,,,,,,,,,,,,,,,,,,,,,,,,,,,,,,,,,,
Q129797,Q1675214,,,,,,,,,,,,,,,,,,,,,,,,,,,81021,,,,,,,,,,,,,,,,,,
Q129799,Q1941782,,,,,,,,,,,,,,,,,,,,,,,,,,,81017,,,,,,,,,,,,,,,,,,
Q129801,Q321166,,,,,,,,,,,,,,,,,,,,,,,,,,,81018,,,,,,,,,,,,,,,,,,
Q129803,Q922184,,,,,,,,,,,,,,,,,,,,,,,,,,,,,,,,,,,,,,,,,,,,,
Q129805,Q42532003,,,,,,,,,,,,,,,,,,,,,,,,,,,,,,,,,,,,,,,,,,,,,
Q129807,Q42532277,,,,,,,,,,,,,,,,,,,,,,,,,,,,,,,,,,,,,,,,,,,,,
Q129809,Q42532300,,,,,,,,,,,,,,,,,,,,,,,,,,,,,,,,,,,,,,,,,,,,,
Q129811,Q125499036,,,,,,,,,,,,,,,,,,,,,,,,,,,,,,,,,,,,,,,,,,,,,
Q129813,Q125504223,,,,,,,,,,,,,,,,,,,,,,,,,,,,,,,,,,,,,,,,,,,,,
Q129815,Q115091142,,,,,,,,,,,,,,,,,,,,,,,,,,,,,,,,,,,,,,,,,,,,,
Q129817,Q1827950,,,,,,,,,,,,,,,,,,,,,,,,,,,78266,,,,,,,,,,,,,,,,,,
Q129819,Q2905798,,,,,,,,,,,,,,,,,,,,,,,,,,,,,,,,,,,,,,,,,,,,,
Q129821,Q7493584,,,,,,,,,,,,,,,,,,,,,,,,,,,,,,,,,,,,,,,,,,,,,
Q129823,Q2905463,,,,,,,,,,,,,,,,,,,,,,,,,,,,,,,,,,,,,,,,,,,,,
Q129825,Q5638029,,,,,,,,,,,,,,,,,,,,,,,,,,,,,,,,,,,,,,,,,,,,,
Q129827,Q7904500,,,,,,,,,,,,,,,,,,,,,,,,,,,,,,,,,,,,,,,,,,,,,
Q129829,Q14925390,,,,,,,,,,,,,,,,,,,,,,,,,,,,,,,,,,,,,,,,,,,,,
Q129831,Q44123555,,,,,,,,,,,,,,,,,,,,,,,,,,,,,,,,,,,,,,,,,,,,,
Q129833,Q63433898,,,,,,,,,,,,,,,,,,,,,,,,,,,,,,,,,,,,,,,,,,,,,
Q129835,Q115760490,,,,,,,,,,,,,,,,,,,,,,,,,,,,,,,,,,,,,,,,,,,,,
Q129837,Q18276083,,,,,,,,,,,,,,,,,,,,,,,,,,,,,,,,,,,,,,,,,,,,,
Q129839,Q125345983,,,,,,,,,,,,,,,,,,,,,,,,,,,,,,,,,,,,,,,,,,,,,
Q129841,Q10921342,,,,,,,,,,,,,,,,,,,,,,,,,,,,,,,,,,,,,,,,,,,,,
Q129843,Q123349986,,,,,,,,,,,,,,,,,,,,,,,,,,,,,,,,,,,,,,,,,,,,,
Q129845,Q1542154,,,,,,,,,,,,,,,,,,,,,,,,,,,,,,,,,,,,,,,,,,,,,
Q129847,Q108664,,,,,,,,,,,,,,,,,,,,,,,,person/9E1C0441-C265-4136-9D36-2AD5DBE56475,,,,,,,,,,,,,,,,,,,,,
Q129849,Q161419,,,,,,,,,,,,,,,,,,,,,,,,,,,27712,,,,,,,,,,,,,,,,,,
Q129851,Q184216,,,,,,,,,,,,,,,,,,,,,,,,,,,27717,,,,,,,,,,,,,,,,,,
Q129853,Q30308913,,,,,,,,,,,,,,,,,,,,,,,,,,,,,,,,,,,,,,,,,,,,,
Q129855,Q878793,,,,,,,,,,,,,,,,,,,,,,,,,,,,,,,,,,,,,,,,,,,,,
Q129857,Q127786991,,,,,,,,,,,,,,,,,,,,,,,,,,,,,,,,,,,,,,,,,,,,,
Q129859,Q2426606,,,,,,,,,,,,,,,,,,,,,,,,,,,78258,,,,,,,,,,,,,,,,,,
Q129861,Q457520,,,,,,,,,,,,,,,,,,,,,,,,,,,32472,,,,,,,,,,,,,,,,,,
Q129863,Q1815870,,,,,,,,,,,,,,,,,,,,,,,,,,,78259,,,,,,,,,,,,,,,,,,
Q129865,Q625667,,,,,,,,,,,,,,,,,,,,,,,,,,,78260,,,,,,,,,,,,,,,,,,
Q129867,Q1148172,,,,,,,,,,,,,,,,,,,,,,,,,,,32417,,,,,,,,,,,,,,,,,,
Q129869,Q1964706,,,,,,,,,,,,,,,,,,,,,,,,,,,366253,,,,,,,,,,,,,,,,,,
Q129871,Q1790796,,,,,,,,,,,,,,,,,,,,,,,,,,,366261|79247,,,,,,,,,,,,,,,,,,
Q129873,Q1684266,,,,,,,,,,,,,,,,,,,,,,,,,,,79248|366295,,,,,,,,,,,,,,,,,,
Q129875,Q1481766,,,,,,,,,,,,,,,,,,,,,,,,,,,79250,,,,,,,,,,,,,,,,,,
Q129877,Q30973,,,,,,,,,,,,,,,,,,,,,,,,,,,79251,,,,,,,,,,,,,,,,,,
Q129879,Q1481751,,,,,,,,,,,,,,,,,,,,,,,,,,,79252,,,,,,,,,,,,,,,,,,
Q129881,Q70483897,,,,,,,,,,,,,,,,,,,,,,,,,,,,,,,,,,,,,,,,,,,,,
Q129883,Q70486112,,,,,,,,,,,,,,,,,,,,,,,,,,,,,,,,,,,,,,,,,,,,,
Q129885,Q70486625,,,,,,,,,,,,,,,,,,,,,,,,,,,,,,,,,,,,,,,,,,,,,
Q129887,Q2038223,,,,,,,,,,,,,,,,,,,,,,,,,,,79369|361777|1221519,,,,,,,,,,,,,,,,,,
Q129889,Q115481907,,,,,,,,,,,,,,,,,,,,,,,,,,,,,,,,,,,,,,,,,,,,,
Q129891,Q2590260,,,,,,,,,,,,,,,,,,,,,,,,,,,,,,,,,,,,,,,,,,,,,
Q129893,Q4997414,,,,,,,,,,,,,,,,,,,,,,,,,,,,,,,,,,,,,,,,,,,,,
Q129895,Q115481377,,,,,,,,,,,,,,,,,,,,,,,,,,,,,,,,,,,,,,,,,,,,,
Q129897,Q115481436,,,,,,,,,,,,,,,,,,,,,,,,,,,,,,,,,,,,,,,,,,,,,
Q129899,Q115481492,,,,,,,,,,,,,,,,,,,,,,,,,,,,,,,,,,,,,,,,,,,,,
Q129901,Q115481992,,,,,,,,,,,,,,,,,,,,,,,,,,,,,,,,,,,,,,,,,,,,,
Q129903,Q1296510,,,,,,,,,,,,,,,,,,,,,,,,,,,,,,,,,,,,,,,,,,,,,
Q129905,Q65129931,,,,,,,,,,,,,,,,,,,,,,,,,,,,,,,,,,,,,,,,,,,,,
Q129907,Q492665,,,,,,,,,,,,,,,,,,,,,,,,,,,,,,,,,,,,,,,,,,,,,
Q129909,Q85853544,,,,,,,,,,,,,,,,,,,,,,,,,,,,,,,,,,,,,,,,,,,,,
Q129911,Q114932684,,,,,,,,,,,,,,,,,,,,,,,,,,,,,,,,,,,,,,,,,,,,,
Q129913,Q115481221,,,,,,,,,,,,,,,,,,,,,,,,,,,,,,,,,,,,,,,,,,,,,
Q129915,Q2659583,,,,,,,,,,,,,,,,,,,,,,,,,,,,,,,,,,,,,,,,,,,,,
Q129917,Q27587063,,,,,,,,,,,,,,,,,,,,,,,,,,,,,,,,,,,,,,,,,,,,,
Q129919,Q20501924,,,,,,,,,,,,,,,,,,,,,,,,,,,,,,,,,,,,,,,,,,,,,
Q129921,Q85854716,,,,,,,,,,,,,,,,,,,,,,,,,,,,,,,,,,,,,,,,,,,,,
Q129923,Q85853471,,,,,,,,,,,,,,,,,,,,,,,,,,,,,,,,,,,,,,,,,,,,,
Q129925,Q1889647,,,,,,,,,,,,,,,,,,,,,,,,,,,,,,,,,,,,,,,,,,,,,
Q129927,Q85853477,,,,,,,,,,,,,,,,,,,,,,,,,,,,,,,,,,,,,,,,,,,,,
Q129929,Q28221953,,,,,,,,,,,,,,,,,,,,,,,,,,,,,,,,,,,,,,,,,,,,,
Q129931,Q133885934,,,,,,,,,,,,,,,,,,,,,,,,,,,,,,,,,,,,,,,,,,,,,
Q129933,Q62788,,,,,,,,,,,,,,,,,,,,,,,,,,,421530|361757,,,,,,,,,,,,,,,,,,
Q129935,Q6394968,,,,,,,,,,,,,,,,,,,,,,,,,,,,,,,,,,,,,,,,,,,,,
Q129937,Q16595329,,,,,,,,,,,,,,,,,,,,,,,,,,,,,,,,,,,,,,,,,,,,,
Q129939,Q1784980,,,,,,,,,,,,,,,,,,,,,,,,,,,79370|1221524|361778,,,,,,,,,,,,,,,,,,
Q129941,Q123118736,,,,,,,,,,,,,,,,,,,,,,,,,,,,,,,,,,,,,,,,,,,,,
Q129943,Q124761249,,,,,,,,,,,,,,,,,,,,,,,,,,,,,,,,,,,,,,,,,,,,,
Q129945,Q2829011,,,,,,,,,,,,,,,,,,,,,,,,,,,,,,,,,,,,,,,,,,,,,
Q129947,Q123189281,,,,,,,,,,,,,,,,,,,,,,,,,,,,,,,,,,,,,,,,,,,,,
Q129949,Q6684617,,,,,,,,,,,,,,,,,,,,,,,,,,,,,,,,,,,,,,,,,,,,,
Q129951,Q124820244,,,,,,,,,,,,,,,,,,,,,,,,,,,,,,,,,,,,,,,,,,,,,
Q129953,Q125423902,,,,,,,,,,,,,,,,,,,,,,,,,,,,,,,,,,,,,,,,,,,,,
Q129955,Q10274802,,,,,,,,,,,,,,,,,,,,,,,,,,,,,,,,,,,,,,,,,,,,,
Q129957,Q115091088,,,,,,,,,,,,,,,,,,,,,,,,,,,,,,,,,,,,,,,,,,,,,
Q129959,Q4208533,,,,,,,,,,,,,,,,,,,,,,,,,,,78265,,,,,,,,,,,,,,,,,,
Q129961,Q156290,,,,,,,,,,,,,,,,,,,,,,,,,,,32389,,,,,,,,,,,,,,,,,,
Q129963,Q114702828,,,,,,,,,,,,,,,,,,,,,,,,,,,,,,,,,,,,,,,,,,,,,
Q129965,Q155852,,,,,,,,,,,,,,,,,,,,,,,,term/862c8c0d-f342-40c4-8dce-d36a3a7d7f1c,,,32439,,,,,,,,,,,,,,,,,,
Q129967,Q203082,,,,,,,,,,,,,,,,,,,,,,,,,,,32444,,,,,,,,,,,,,,,,,,
Q129969,Q1356181,,,,,,,,,,,,,,,,,,,,,,,,term/074dfc3d-eff4-4c51-9762-d09164fe3257,,,32443,,,,,,,,,,,,,,,,,,
Q129971,Q1676803,,,,,,,,,,,,,,,,,,,,,,,,,,,32440,,,,,,,,,,,,,,,,,,
Q129973,Q1432204,,,,,,,,,,,,,,,,,,,,,,,,,,,32442|365370,,,,,,,,,,,,,,,,,,
Q129975,Q75382544,,,,,,,,,,,,,,,,,,,,,,,,,,,,,,,,,,,,,,,,,p10266.htm#i102659,,,UNKNOWN-89356,
Q129977,Q79999,,,,,,,,,,,,,,,,,,,,,,,,,,,26824|1222096,,,,,,,,,,,,,,,,,,
Q129979,Q93172,,,,,,,,,,,,,,,,,,,,,,,,,,,26825,,,,,,,,,,,,,,,,,,
Q129981,Q96761,,,,,,,,,,46692087,,,,,,,,,,,,,,,,,,,,,,,,,,,,,,,,,,,
Q129983,Q44204,,,,,,,,,,,,,,,,,,,,,,,,,,,26822|1222095,,,,,,,,,,,,,,,,,,
Q129985,Q179543,,,,,,,,,,,,,,,,,,,,,,,,,,,288742,,,,,,,,,,,,,,,,,,
Q129987,Q179209,,,,,,,,,,,,,,,,,,,,,,,,,,,27710,,,,,,,,,,,,,,,,,,
Q129989,Q159168,,,,,,,,,,,,,,,,,,,,,,,,,,,,,,,,,,,,,,,,,,,,,
Q129991,Q184232,,,,,,,,,,,,,,,,,,,,,,,,,,,,,,,,,,,,,,,,,,,,,
Q129993,Q105226882,,,,,,,,,,,,,,,,,,,,,,,,,,,,,,,,,,,,,,,,,,,,,
Q129995,Q836792,,,,,,,,,,,,,,,,,,,,,,,,,,,,,,,,,,,,,,,,,,,,,
Q129997,Q185747,,,,,,,,,,,,,,,,,,,,,,,,,,,,,,,,,,,,,,,,,,,,,
Q129999,Q48961,,,,,,,,,,,,,,,,,,,,,,,,,,,,,,,,,,,,,,,,,,,,,
Q130001,Q96124,,,,,,,,,,,,,,,,,,,,,,,,,,,613388,,,,,,,,,,,,,,,,,Hohenlohe-Weikersheim-6,
Q130003,Q11921267,,,,,,,,,,,,,,,,,,,,,,,,,,,,,,,,,,,,,,,,,,,,,
Q130005,Q180222,,,,,,,,,,,,,,,,,,,,,,,,,,,,,,,,,,,,,,,,,,,,,
Q130007,Q190565,,,,,,,,,,,,,,,,,,,,,,,,,,,26836,,,,,,,,,,,,,,,,,,
Q130009,Q213440,,,,,,,,,,,,,,,,,,,,,,,,,,,,,,,,,,,,,,,,,,,,,
Q130011,Q398524,,,,,,,,,,,,,,,,,,,,,,,,,,,,,,,,,,,,,,,,,,,,,
Q130013,Q410531,,,,,,,,,,,,,,,,,,,,,,,,,,,,,,,,,,,,,,,,,,,,,
Q130015,Q463865,,,,,,,,,,,,,,,,,,,,,,,,,,,,,,,,,,,,,,,,,,,,,
Q130017,Q542758,,,,,,,,,,,,,,,,,,,,,,,,,,,,,,,,,,,,,,,,,,,,,
Q130019,Q605744,,,,,,,,,,,,,,,,,,,,,,,,,,,,,,,,,,,,,,,,,,,,,
Q130021,Q57424690,,,,,,,,,,,,,,,,,,,,,,,,,,,,,,,,,,,,,,,,,,,,,
Q130023,Q611171,,,,,,,,,,,,,,,,,,,,,,,,,,,,,,,,,,,,,,,,,,,,,
Q130025,Q641286,,,,,,,,,,,,,,,,,,,,,,,,,,,,,,,,,,,,,,,,,,,,,
Q130027,Q662968,,,,,,,,,,,,,,,,,,,,,,,,,,,,,,,,,,,,,,,,,,,,,
Q130029,Q726279,,,,,,,,,,,,,,,,,,,,,,,,,,,,,,,,,,,,,,,,,,,,,
Q130031,Q866674,,,,,,,,,,,,,,,,,,,,,,,,,,,,,,,,,,,,,,,,,,,,,
Q130033,Q913161,,,,,,,,,,,,,,,,,,,,,,,,,,,,,,,,,,,,,,,,,,,,,
Q130035,Q949290,,,,,,,,,,,,,,,,,,,,,,,,,,,,,,,,,,,,,,,,,,,,,
Q130037,Q1244430,,,,,,,,,,,,,,,,,,,,,,,,,,,,,,,,,,,,,,,,,,,,,
Q130039,Q1267349,,,,,,,,,,,,,,,,,,,,,,,,,,,,,,,,,,,,,,,,,,,,,
Q130041,Q2293877,,,,,,,,,,,,,,,,,,,,,,,,,,,,,,,,,,,,,,,,,,,,,
Q130043,Q3411899,,,,,,,,,,,,,,,,,,,,,,,,,,,,,,,,,,,,,,,,,,,,,
Q130045,Q4668463,,,,,,,,,,,,,,,,,,,,,,,,,,,,,,,,,,,,,,,,,,,,,
Q130047,Q4810860,,,,,,,,,,,,,,,,,,,,,,,,,,,,,,,,,,,,,,,,,,,,,
Q130049,Q5065673,,,,,,,,,,,,,,,,,,,,,,,,,,,,,,,,,,,,,,,,,,,,,
Q130051,Q197039,,,,,,,,,,,,,,,,,,,,,,,,,,,,,,,,,,,,,,,,,,,,,
Q130053,Q4679171,,,,,,,,,,,,,,,,,,,,,,,,,,,,,,,,,,,,,,,,,,,,,
Q130055,Q548099,,,,,,,,,,,,,,,,,,,,,,,,,,,,,,,,,,,,,,,,,,,,,
Q130057,Q4057954,,,,,,,,,,,,,,,,,,,,,,,,,,,,,,,,,,,,,,,,,,,,,
Q130059,Q391379,,,,,,,,,,,,,,,,,,,,,,,,,,,,,,,,,,,,,,,,,,,,,
Q130061,Q685243,,,,,,,,,,,,,,,,,,,,,,,,,,,,,,,,,,,,,,,,,,,,,
Q130063,Q735623,,,,,,,,,,,,,,,,,,,,,,,,,,,,,,,,,,,,,,,,,,,,,
Q130065,Q911084,,,,,,,,,,,,,,,,,,,,,,,,,,,,,,,,,,,,,,,,,,,,,
Q130067,Q1134694,,,,,,,,,,,,,,,,,,,,,,,,,,,,,,,,,,,,,,,,,,,,,
Q130069,Q1158902,,,,,,,,,,,,,,,,,,,,,,,,,,,,,,,,,,,,,,,,,,,,,
Q130071,Q1364612,,,,,,,,,,,,,,,,,,,,,,,,,,,,,,,,,,,,,,,,,,,,,
Q130073,Q1417280,,,,,,,,,,,,,,,,,,,,,,,,,,,,,,,,,,,,,,,,,,,,,
Q130075,Q1787973,,,,,,,,,,,,,,,,,,,,,,,,,,,,,,,,,,,,,,,,,,,,,
Q130077,Q2479077,,,,,,,,,,,,,,,,,,,,,,,,,,,,,,,,,,,,,,,,,,,,,
Q130079,Q2890661,,,,,,,,,,,,,,,,,,,,,,,,,,,,,,,,,,,,,,,,,,,,,
Q130081,Q3625559,,,,,,,,,,,,,,,,,,,,,,,,,,,,,,,,,,,,,,,,,,,,,
Q130083,Q4810678,,,,,,,,,,,,,,,,,,,,,,,,,,,,,,,,,,,,,,,,,,,,,
Q130085,Q4830640,,,,,,,,,,,,,,,,,,,,,,,,,,,,,,,,,,,,,,,,,,,,,
Q130087,Q3825406,,,,,,,,,,,,,,,,,,,,,,,,,,,,,,,,,,,,,,,,,,,,,
Q130089,Q427122,,,,,,,,,,,,,,,,,,,,,,,,,,,,,,,,,,,,,,,,,,,,,
Q130091,Q199923,,,,,,,,,,,,,,,,,,,,,,,,,,,,,,,,,,,,,,,,,,,,,
Q130093,Q2937275,,,,,,,,,,,,,,,,,,,,,,,,,,,,,,,,,,,,,,,,,,,,,
Q130095,Q106620096,,,,,,,,,,,,,,,,,,,,,,,,,,,,,,,,,,,,,,,,,,,,,
Q130097,Q1438693,,,,,,,,,,,,,,,,,,,,,,,,,,,,,,,,,,,,,,,,,,,,,
Q130099,Q644354,,,,,,,,,,,,,,,,,,,,,,,,,,,,,,,,,,,,,,,,,,,,,
Q130101,Q631865,,,,,,,,,,,,,,,,,,,,,,,,,,,,,,,,,,,,,,,,,,,,,
Q130103,Q1135146,,,,,,,,,,,,,,,,,,,,,,,,,,,,,,,,,,,,,,,,,,,,,
Q130105,Q622781,,,,,,,,,,,,,,,,,,,,,,,,,,,,,,,,,,,,,,,,,,,,,
Q130107,Q5195604,,,,,,,,,,,,,,,,,,,,,,,,,,,,,,,,,,,,,,,,,,,,,
Q130109,Q8203830,,,,,,,,,,,,,,,,,,,,,,,,,,,,,,,,,,,,,,,,,,,,,
Q130111,Q12647129,,,,,,,,,,,,,,,,,,,,,,,,,,,,,,,,,,,,,,,,,,,,,
Q130113,Q12647143,,,,,,,,,,,,,,,,,,,,,,,,,,,,,,,,,,,,,,,,,,,,,
Q130115,Q21548009,,,,,,,,,,,,,,,,,,,,,,,,,,,,,,,,,,,,,,,,,,,,,
Q130117,Q1372323,,,,,,,,,,,,,,,,,,,,,,,,,,,,,,,,,,,,,,,,,,,,,
Q130119,Q12872570,,,,,,,,,,,,,,,,,,,,,,,,,,,,,,,,,,,,,,,,,,,,,
Q130121,Q28563696,,,,,,,,,,,,,,,,,,,,,,,,,,,,,,,,,,,,,,,,,,,,,
Q130123,Q1737602,,,,,,,,,,,,,,,,,,,,,,,,,,,,,,,,,,,,,,,,,,,,,
Q130125,Q4154083,,,,,,,,,,,,,,,,,,,,,,,,,,,,,,,,,,,,,,,,,,,,,
Q130127,Q2305446,,,,,,,,,,,,,,,,,,,,,,,,,,,,,,,,,,,,,,,,,,,,,
Q130129,Q46132004,,,,,,,,,,,,,,,,,,,,,,,,,,,,,,,,,,,,,,,,,,,,,
Q130131,Q1232622,,,,,,,,,,,,,,,,,,,,,,,,,,,,,,,,,,,,,,,,,,,,,
Q130133,Q12760031,,,,,,,,,,,,,,,,,,,,,,,,,,,,,,,,,,,,,,,,,,,,,
Q130135,Q29463635,,,,,,,,,,,,,,,,,,,,,,,,,,,,,,,,,,,,,,,,,,,,,
Q130137,Q7188515,,,,,,,,,,,,,,,,,,,,,,,,,,,,,,,,,,,,,,,,,,,,,
Q130139,Q1768771,,,,,,,,,,,,,,,,,,,,,,,,,,,,,,,,,,,,,,,,,,,,,
Q130141,Q1744187,,,,,,,,,,,,,,,,,,,,,,,,,,,,,,,,,,,,,,,,,,,,,
Q130143,Q10451485,,,,,,,,,,,,,,,,,,,,,,,,,,,,,,,,,,,,,,,,,,,,,
Q130145,Q782481,,,,,,,,,,,,,,,,,,,,,,,,,,,,,,,,,,,,,,,,,,,,,
Q130147,Q1478704,,,,,,,,,,,,,,,,,,,,,,,,,,,,,,,,,,,,,,,,,,,,,
Q130149,Q2943528,,,,,,,,,,,,,,,,,,,,,,,,,,,,,,,,,,,,,,,,,,,,,
Q130151,Q51078734,,,,,,,,,,,,,,,,,,,,,,,,,,,,,,,,,,,,,,,,,,,,,
Q130153,Q1035630,,,,,,,,,,,,,,,,,,,,,,,,,,,,,,,,,,,,,,,,,,,,,
Q130155,Q10527935,,,,,,,,,,,,,,,,,,,,,,,,,,,,,,,,,,,,,,,,,,,,,
Q130157,Q12347561,,,,,,,,,,,,,,,,,,,,,,,,,,,,,,,,,,,,,,,,,,,,,
Q130159,Q3611634,,,,,,,,,,,,,,,,,,,,,,,,,,,,,,,,,,,,,,,,,,,,,
Q130161,Q8213847,,,,,,,,,,,,,,,,,,,,,,,,,,,,,,,,,,,,,,,,,,,,,
Q130163,Q3493453,,,,,,,,,,,,,,,,,,,,,,,,,,,,,,,,,,,,,,,,,,,,,
Q130165,Q12649956,,,,,,,,,,,,,,,,,,,,,,,,,,,,,,,,,,,,,,,,,,,,,
Q130167,Q12651378,,,,,,,,,,,,,,,,,,,,,,,,,,,,,,,,,,,,,,,,,,,,,
Q130169,Q12654001,,,,,,,,,,,,,,,,,,,,,,,,,,,,,,,,,,,,,,,,,,,,,
Q130171,Q12654068,,,,,,,,,,,,,,,,,,,,,,,,,,,,,,,,,,,,,,,,,,,,,
Q130173,Q12649338,,,,,,,,,,,,,,,,,,,,,,,,,,,,,,,,,,,,,,,,,,,,,
Q130175,Q8202607,,,,,,,,,,,,,,,,,,,,,,,,,,,,,,,,,,,,,,,,,,,,,
Q130177,Q12648311,,,,,,,,,,,,,,,,,,,,,,,,,,,,,,,,,,,,,,,,,,,,,
Q130179,Q12648474,,,,,,,,,,,,,,,,,,,,,,,,,,,,,,,,,,,,,,,,,,,,,
Q130181,Q486110,,,,,,,,,,,,,,,,,,,,,,,,,,,,,,,,,,,,,,,,,,,,,
Q130183,Q12648275,,,,,,,,,,,,,,,,,,,,,,,,,,,,,,,,,,,,,,,,,,,,,
Q130185,Q624551,,,,,,,,,,,,,,,,,,,,,,,,,,,,,,,,,,,,,,,,,,,,,
Q130187,Q912408,,,,,,,,,,,,,,,,,,,,,,,,,,,,,,,,,,,,,,,,,,,,,
Q130189,Q979627,,,,,,,,,,,,,,,,,,,,,,,,,,,,,,,,,,,,,,,,,,,,,
Q130191,Q1088464,,,,,,,,,,,,,,,,,,,,,,,,,,,,,,,,,,,,,,,,,,,,,
Q130193,Q2048662,,,,,,,,,,,,,,,,,,,,,,,,,,,,,,,,,,,,,,,,,,,,,
Q130195,Q2602177,,,,,,,,,,,,,,,,,,,,,,,,,,,,,,,,,,,,,,,,,,,,,
Q130197,Q3635513,,,,,,,,,,,,,,,,,,,,,,,,,,,,,,,,,,,,,,,,,,,,,
Q130199,Q12626619,,,,,,,,,,,,,,,,,,,,,,,,,,,,,,,,,,,,,,,,,,,,,
Q130201,Q20575671,,,,,,,,,,,,,,,,,,,,,,,,,,,,,,,,,,,,,,,,,,,,,
Q130203,Q21051010,,,,,,,,,,,,,,,,,,,,,,,,,,,,,,,,,,,,,,,,,,,,,
Q130205,Q33191300,,,,,,,,,,,,,,,,,,,,,,,,,,,,,,,,,,,,,,,,,,,,,
Q130207,Q3739958,,,,,,,,,,,,,,,,,,,,,,,,,,,,,,,,,,,,,,,,,,,,,
Q130209,Q6048797,,,,,,,,,,,,,,,,,,,,,,,,,,,,,,,,,,,,,,,,,,,,,
Q130211,Q582643,,,,,,,,,,,,,,,,,,,,,,,,,,,,,,,,,,,,,,,,,,,,,
Q130213,Q1984901,,,,,,,,,,,,,,,,,,,,,,,,,,,,,,,,,,,,,,,,,,,,,
Q130215,Q269243,,,,,,,,,,,,,,,,,,,,,,,,,,,,,,,,,,,,,,,,,,,,,
Q130217,Q4733856,,,,,,,,,,,,,,,,,,,,,,,,,,,,,,,,,,,,,,,,,,,,,
Q130219,Q3567491,,,,,,,,,,,,,,,,,,,,,,,,,,,,,,,,,,,,,,,,,,,,,
Q130221,Q2171892,,,,,,,,,,,,,,,,,,,,,,,,,,,,,,,,,,,,,,,,,,,,,
Q130223,Q748574,,,,,,,,,,,,,,,,,,,,,,,,,,,,,,,,,,,,,,,,,,,,,
Q130225,Q826973,,,,,,,,,,,,,,,,,,,,,,,,,,,,,,,,,,,,,,,,,,,,,
Q130227,Q3645274,,,,,,,,,,,,,,,,,,,,,,,,,,,,,,,,,,,,,,,,,,,,,
Q130229,Q58818193,,,,,,,,,,,,,,,,,,,,,,,,,,,,,,,,,,,,,,,,,,,,,
Q130231,Q9207922,,,,,,,,,,,,,,,,,,,,,,,,,,,,,,,,,,,,,,,,,,,,,
Q130233,Q60180178,,,,,,,,,,,,,,,,,,,,,,,,,,,,,,,,,,,,,,,,,,,,,
Q130235,Q16331050,,,,,,,,,,,,,,,,,,,,,,,,,,,,,,,,,,,,,,,,,,,,,
Q130237,Q12751671,,,,,,,,,,,,,,,,,,,,,,,,,,,,,,,,,,,,,,,,,,,,,
Q130239,Q12751390,,,,,,,,,,,,,,,,,,,,,,,,,,,,,,,,,,,,,,,,,,,,,
Q130241,Q60691484,,,,,,,,,,,,,,,,,,,,,,,,,,,,,,,,,,,,,,,,,,,,,
Q130243,Q60695348,,,,,,,,,,,,,,,,,,,,,,,,,,,,,,,,,,,,,,,,,,,,,
Q130245,Q60950192,,,,,,,,,,,,,,,,,,,,,,,,,,,,,,,,,,,,,,,,,,,,,
Q130247,Q61670746,,,,,,,,,,,,,,,,,,,,,,,,,,,,,,,,,,,,,,,,,,,,,
Q130249,Q63242595,,,,,,,,,,,,,,,,,,,,,,,,,,,,,,,,,,,,,,,,,,,,,
Q130251,Q182406,,,,,,,,,,,,,,,,,,,,,,,,,,,,,,,,,,,,,,,,,,,,,
Q130253,Q12879053,,,,,,,,,,,,,,,,,,,,,,,,,,,,,,,,,,,,,,,,,,,,,
Q130255,Q2197827,,,,,,,,,,,,,,,,,,,,,,,,,,,,,,,,,,,,,,,,,,,,,
Q130256,Q105348967,,,,,,,,,,,,,,,,,,,,,,,,,,,,,,,,,,,,,,,,,,,,,
Q130258,Q7797097,,,,,,,,,,,,,,,,,,,,,,,,,,,,,,,,,,,,,,,,,,,,,
Q130260,Q2859285,,,,,,,,,,,,,,,,,,,,,,,,,,,,,,,,,,,,,,,,,,,,,
Q130262,Q2163700,,,,,,,,,,,,,,,,,,,,,,,,,,,,,,,,,,,,,,,,,,,,,
Q130264,Q106076553,,,,,,,,,,,,,,,,,,,,,,,,,,,,,,,,,,,,,,,,,,,,,
Q130266,Q106076725,,,,,,,,,,,,,,,,,,,,,,,,,,,,,,,,,,,,,,,,,,,,,
Q130268,Q2597703,,,,,,,,,,,,,,,,,,,,,,,,,,,,,,,,,,,,,,,,,,,,,
Q130270,Q106079915,,,,,,,,,,,,,,,,,,,,,,,,,,,,,,,,,,,,,,,,,,,,,
Q130272,Q106079953,,,,,,,,,,,,,,,,,,,,,,,,,,,,,,,,,,,,,,,,,,,,,
Q130274,Q106634143,,,,,,,,,,,,,,,,,,,,,,,,,,,,,,,,,,,,,,,,,,,,,
Q130276,Q118471372,,,,,,,,,,,,,,,,,,,,,,,,,,,,,,,,,,,,,,,,,,,,,
Q130278,Q28112243,,,,,,,,,,,,,,,,,,,,,,,,,,,,,,,,,,,,,,,,,,,,,
Q130280,Q2495582,,,,,,,,,,,,,,,,,,,,,,,,,,,,,,,,,,,,,,,,,,,,,
Q130282,Q189527,,,,,,,,,,,,,,,,,,,,,,,,,,,27725,,,,,,,,,,,,,,,,,,
Q130284,Q3027575,,,,,,,,,,,,,,,,,,,,,,,,,,,,,,,,,,,,,,,,,,,,,
Q130286,Q12752525,,,,,,,,,,,,,,,,,,,,,,,,,,,,,,,,,,,,,,,,,,,,,
Q130288,Q126670238,,,,,,,,,,,,,,,,,,,,,,,,,,,,,,,,,,,,,,,,,,,,,
Q130290,Q126709504,,,,,,,,,,,,,,,,,,,,,,,,,,,,,,,,,,,,,,,,,,,,,
Q130292,Q126709553,,,,,,,,,,,,,,,,,,,,,,,,,,,,,,,,,,,,,,,,,,,,,
Q130294,Q126711878,,,,,,,,,,,,,,,,,,,,,,,,,,,,,,,,,,,,,,,,,,,,,
Q130296,Q126912661,,,,,,,,,,,,,,,,,,,,,,,,,,,,,,,,,,,,,,,,,,,,,
Q130298,Q1057039,,,,,,,,,,,,,,,,,,,,,,,,,,,,,,,,,,,,,,,,,,,,,
Q130300,Q2558734,,,,,,,,,,,,,,,,,,,,,,,,,,,,,,,,,,,,,,,,,,,,,
Q130302,Q2898616,,,,,,,,,,,,,,,,,,,,,,,,,,,,,,,,,,,,,,,,,,,,,
Q130304,Q2910407,,,,,,,,,,,,,,,,,,,,,,,,,,,,,,,,,,,,,,,,,,,,,
Q130306,Q13418757,,,,,,,,,,,,,,,,,,,,,,,,,,,,,,,,,,,,,,,,,,,,,
Q130308,Q2918052,,,,,,,,,,,,,,,,,,,,,,,,,,,32418,,,,,,,,,,,,,,,,,,
Q130310,Q1068499,,,,,,,,,,,,,,,,,,,,,,,,,,,79604|409059,,,,,,,,,,,,,,,,,,
Q130312,Q722770,,,,,,,,,,,,,,,,,,,,,,,,,,,79243,,,,,,,,,,,,,,,,,,
Q130314,Q1330627,,,,,,,,,,,,,,,,,,,,,,,,,,,79253|1181986,,,,,,,,,,,,,,,,,,
Q130316,Q125487467,,,,,,,,,,,,,,,,,,,,,,,,,,,,,,,,,,,,,,,,,,,,,
Q130318,Q1743921,,,,,,,,,,,,,,,,,,,,,,,,,,,,,,,,,,,,,,,,,,,,,
Q130320,Q1518112,,,,,,,,,,,,,,,,,,,,,,,,,,,79256,,,,,,,,,,,,,,,,,,
Q130322,Q24238356,,,,,,,,,,,,,,,,,,,,,,,,,,,,,,,,,,,,,,,,,,,,,
Q130324,Q115482106,,,,,,,,,,,,,,,,,,,,,,,,,,,,,,,,,,,,,,,,,,,,,
Q130326,Q115482179,,,,,,,,,,,,,,,,,,,,,,,,,,,,,,,,,,,,,,,,,,,,,
Q130328,Q115482260,,,,,,,,,,,,,,,,,,,,,,,,,,,,,,,,,,,,,,,,,,,,,
Q130330,Q115482364,,,,,,,,,,,,,,,,,,,,,,,,,,,,,,,,,,,,,,,,,,,,,
Q130332,Q6121173,,,,,,,,,,,,,,,,,,,,,,,,,,,,,,,,,,,,,,,,,,,,,
Q130334,Q117212391,,,,,,,,,,,,,,,,,,,,,,,,,,,,,,,,,,,,,,,,,,,,,
Q130336,Q66919839,,,,,,,,,,,,,,,,,,,,,,,,,,,,,,,,,,,,,,,,,,,,,
Q130338,Q4293448,,,,,,,,,,,,,,,,,,,,,,,,,,,,,,,,,,,,,,,,,,,,,
Q130340,Q4285720,,,,,,,,,,,,,,,,,,,,,,,,,,,,,,,,,,,,,,,,,,,,,
Q130342,Q4498664,,,,,,,,,,,,,,,,,,,,,,,,,,,,,,,,,,,,,,,,,,,,,
Q130344,Q27587242,,,,,,,,,,,,,,,,,,,,,,,,,,,,,,,,,,,,,,,,,,,,,
Q130346,Q27587326,,,,,,,,,,,,,,,,,,,,,,,,,,,,,,,,,,,,,,,,,,,,,
Q130348,Q85854727,,,,,,,,,,,,,,,,,,,,,,,,,,,,,,,,,,,,,,,,,,,,,
Q130350,Q117054240,,,,,,,,,,,,,,,,,,,,,,,,,,,,,,,,,,,,,,,,,,,,,
Q130352,Q14925385,,,,,,,,,,,,,,,,,,,,,,,,,,,,,,,,,,,,,,,,,,,,,
Q130354,Q1771358,,,,,,,,,,,,,,,,,,,,,,,,,,,1221537|79371|361779,,,,,,,,,,,,,,,,,,
Q130356,Q363660,,,,,,,,,,,,,,,,,,,,,,,,,,,,,,,,,,,,,,,,,,,,,
Q130358,Q117865594,,,,,,,,,,,,,,,,,,,,,,,,,,,,,,,,,,,,,,,,,,,,,
Q130360,Q2338482,,,,,,,,,,,,,,,,,,,,,,,,,,,81023|424327,,,,,,,,,,,,,,,,,,
Q130362,Q536485,,,,,,,,,,,,,,,,,,,,,,,,,,,,,,,,,,,,,,,,,,,,,
Q130364,Q106084820,,,,,,,,,,,,,,,,,,,,,,,,,,,,,,,,,,,,,,,,,,,,,
Q130366,Q125038626,,,,,,,,,,,,,,,,,,,,,,,,,,,,,,,,,,,,,,,,,,,,,
Q130368,Q125263780,,,,,,,,,,,,,,,,,,,,,,,,,,,,,,,,,,,,,,,,,,,,,
Q130370,Q125045346,,,,,,,,,,,,,,,,,,,,,,,,,,,,,,,,,,,,,,,,,,,,,
Q130372,Q125315789,,,,,,,,,,,,,,,,,,,,,,,,,,,,,,,,,,,,,,,,,,,,,
Q130374,Q124552466,,,,,,,,,,,,,,,,,,,,,,,,,,,,,,,,,,,,,,,,,,,,,
Q130376,Q125498533,,,,,,,,,,,,,,,,,,,,,,,,,,,,,,,,,,,,,,,,,,,,,
Q130378,Q115091034,,,,,,,,,,,,,,,,,,,,,,,,,,,,,,,,,,,,,,,,,,,,,
Q130380,Q213027,,,,,,,,,,,,,,,,,,,,,,,,term/1d95afb2-1fd7-4956-ab79-eee4183d3a7b,,,32385,,,,,,,,,,,,,,,,,,
Q130382,Q114679500,,,,,,,,,,,,,,,,,,,,,,,,,,,,,,,,,,,,,,,,,,,,,
Q130384,Q10329289,,,,,,,,,,,,,,,,,,,,,,,,,,,32438,,,,,,,,,,,,,,,,,,
Q130386,Q1809123,,,,,,,,,,,,,,,,,,,,,,,,,,,32441,,,,,,,,,,,,,,,,,,
Q130388,Q75382543,,,,,,,,,,,,,,,,,,,,,,,,,,,,,,,,,,,,,,,,,p10266.htm#i102658,,,UNKNOWN-89355,
Q130390,Q131090,,,,,,,,,,,,,,,,,,,,,,,,,,,336195,,,,,,,,,,,,,,,,,,
Q130392,Q189175,,,,,,,,,,,,,,,,,,,,,,,,,,,177438,,,,,,,,,,,,,,,,,,
Q130394,Q1053307,,,,,,,,,,,,,,,,,,,,,,,,,,,,,,,,,,,,,,,,,,,,,
Q130396,Q192107,,,,,,,,,,,,,,,,,,,,,,,,,,,,,,,,,,,,,,,,,,,,,
Q130398,Q1191947,,,,,,,,,,,,,,,,,,,,,,,,,,,,,,,,,,,,,,,,,,,,,
Q130400,Q190563,,,,,,,,,,,,,,,,,,,,,,,,,,,27724,,,,,,,,,,,,,,,,,,
Q130402,Q35500,,,,,,,,,,,,,,,,,,,,,,,,,,,,,,,,,,,,,,,,,,,,,
Q130404,Q2291710,,,,,,,,,,,,,,,,,,,,,,,,,,,,,,,,,,,,,,,,,,,,,
Q130406,Q3553687,,,,,,,,,,,,,,,,,,,,,,,,,,,,,,,,,,,,,,,,,,,,,
Q130408,Q119608,,,,,,,,,,,,,,,,,,,,,,,,,,,,,,,,,,,,,,,,,,,,,
Q130411,Q653681,,,,,,,,,,,,,,,,,,,,,,,,,,,,,,,,,,,,,,,,,,,,,
Q130413,Q926123,,,,,,,,,,,,,,,,,,,,,,,,,,,27735,,,,,,,,,,,,,,,,,,
Q130415,Q845112,,,,,,,,,,,,,,,,,,,,,,,,,,,27737,,,,,,,,,,,,,,,,,,
Q130417,Q3060927,,,,,,,,,,,,,,,,,,,,,,,,,,,,,,,,,,,,,,,,,,,,,
Q130419,Q1543617,,,,,,,,,,,,,,,,,,,,,,,,,,,27743,,,,,,,,,,,,,,,,,,
Q130421,Q1620048,,,,,,,,,,,,,,,,,,,,,,,,,,,27745,,,,,,,,,,,,,,,,,,
Q130423,Q1045732,,,,,,,,,,,,,,,,,,,,,,,,,,,,,,,,,,,,,,,,,,,,,
Q130425,Q2463695,,,,,,,,,,,,,,,,,,,,,,,,,,,27747,,,,,,,,,,,,,,,,,,
Q130427,Q3411759,,,,,,,,,,,,,,,,,,,,,,,,,,,,,,,,,,,,,,,,,,,,,
Q130429,Q1233841,,,,,,,,,,,,,,,,,,,,,,,,,,,27748,,,,,,,,,,,,,,,,,,
Q130431,Q1421201,,,,,,,,,,,,,,,,,,,,,,,,,,,,,,,,,,,,,,,,,,,,,
Q130433,Q2303713,,,,,,,,,,,,,,,,,,,,,,,,,,,,,,,,,,,,,,,,,,,,,
Q130435,Q901487,,,,,,,,,,,,,,,,,,,,,,,,,,,,,,,,,,,,,,,,,,,,,
Q130437,Q1206054,,,,,,,,,,,,,,,,,,,,,,,,,,,,,,,,,,,,,,,,,,,,,
Q130439,Q1249106,,,,,,,,,,,,,,,,,,,,,,,,,,,,,,,,,,,,,,,,,,,,,
Q130441,Q3140400,,,,,,,,,,,,,,,,,,,,,,,,,,,27744,,,,,,,,,,,,,,,,,,
Q130443,Q1414119,,,,,,,,,,,,,,,,,,,,,,,,,,,,,,,,,,,,,,,,,,,,,
Q130444,Q3357697,,,,,,,,,,,,,,,,,,,,,,,,,,,,,,,,,,,,,,,,,,,,,
Q130446,Q849647,,,,,,,,,,,,,,,,,,,,,,,,,,,,,,,,,,,,,,,,,,,,,
Q130448,Q3318918,,,,,,,,,,,,,,,,,,,,,,,,,,,,,,,,,,,,,,,,,,,,,
Q130450,Q1187298,,,,,,,,,,,,,,,,,,,,,,,,,,,,,,,,,,,,,,,,,,,,,
Q130452,Q182837,,,,,,,,,,,,,,,,,,,,,,,,,,,,,,,,,,,,,,,,,,,,,
Q130454,Q192136,,,,,,,,,,,,,,,,,,,,,,,,,,,27709,,,,,,,,,,,,,,,,,,
Q130456,Q183281,,,,,,,,,,,,,,,,,,,,,,,,,,,,,,,,,,,,,,,,,,,,,
Q130458,Q91204,,,,,,,,,,,,,,,,,,,,,,,,,,,114445,,,,,,,,,,,,,,,,,,
Q130460,Q1643451,,,,,,,,,,,,,,,,,,,,,,,,,,,,,,,,,,,,,,,,,,,,,
Q130462,Q371545,,,,,,,,,,,,,,,,,,,,,,,,,,,,,,,,,,,,,,,,,,,,,
Q130464,Q420269,,,,,,,,,,,,,,,,,,,,,,,,,,,,,,,,,,,,,,,,,,,,,
Q130466,Q3991817,,,,,,,,,,,,,,,,,,,,,,,,,,,,,,,,,,,,,,,,,,,,,
Q130468,Q2868617,,,,,,,,,,,,,,,,,,,,,,,,,,,,,,,,,,,,,,,,,,,,,
Q130470,Q1134605,,,,,,,,,,,,,,,,,,,,,,,,,,,,,,,,,,,,,,,,,,,,,
Q130472,Q1084868,,,,,,,,,,,,,,,,,,,,,,,,,,,,,,,,,,,,,,,,,,,,,
Q130474,Q3603818,,,,,,,,,,,,,,,,,,,,,,,,,,,,,,,,,,,,,,,,,,,,,
Q130476,Q10686799,,,,,,,,,,,,,,,,,,,,,,,,,,,,,,,,,,,,,,,,,,,,,
Q130478,Q352278,,,,,,,,,,,,,,,,,,,,,,,,,,,,,,,,,,,,,,,,,,,,,
Q130480,Q2861418,,,,,,,,,,,,,,,,,,,,,,,,,,,,,,,,,,,,,,,,,,,,,
Q130482,Q1530080,,,,,,,,,,,,,,,,,,,,,,,,,,,,,,,,,,,,,,,,,,,,,
Q130484,Q404208,,,,,,,,,,,,,,,,,,,,,,,,,,,,,,,,,,,,,,,,,,,,,
Q130486,Q634575,,,,,,,,,,,,,,,,,,,,,,,,,,,,,,,,,,,,,,,,,,,,,
Q130488,Q3314441,,,,,,,,,,,,,,,,,,,,,,,,,,,,,,,,,,,,,,,,,,,,,
Q130490,Q4078991,,,,,,,,,,,,,,,,,,,,,,,,,,,,,,,,,,,,,,,,,,,,,
Q130492,Q5409866,,,,,,,,,,,,,,,,,,,,,,,,,,,,,,,,,,,,,,,,,,,,,
Q130494,Q781977,,,,,,,,,,,,,,,,,,,,,,,,,,,,,,,,,,,,,,,,,,,,,
Q130496,Q4286521,,,,,,,,,,,,,,,,,,,,,,,,,,,,,,,,,,,,,,,,,,,,,
Q130498,Q119541,,,,,,,,,,,,,,,,,,,,,,,,,,,,,,,,,,,,,,,,,,,,,
Q130500,Q121973,,,,,,,,,,,,,,,,,,,,,,,,,,,288737,,,,,,,,,,,,,,,,,,
Q130502,Q89643,,,,,,,,,,,,,,,,,,,,,,,,,,,,,,,,,,,,,,,,,,,,,
Q130504,Q180237,,,,,,,,,,,,,,,,,,,,,,,,,,,,,,,,,,,,,,,,,,,,,
Q130506,Q200382,,,,,,,,,,,,,,,,,,,,,,,,,,,27727,,,,,,,,,,,,,,,,,,
Q130508,Q209489,,,,,,,,,,,,,,,,,,,,,,,,,,,27728,,,,,,,,,,,,,,,,,,
Q130510,Q326767,,,,,,,,,,,,,,,,,,,,,,,,,,,,,,,,,,,,,,,,,,,,,
Q130512,Q506285,,,,,,,,,,,,,,,,,,,,,,,,,,,27729,,,,,,,,,,,,,,,,,,
Q130514,Q272006,,,,,,,,,,,,,,,,,,,,,,,,,,,,,,,,,,,,,,,,,,,,,
Q130516,Q2631851,,,,,,,,,,,,,,,,,,,,,,,,,,,,,,,,,,,,,,,,,,,,,
Q130518,Q2144233,,,,,,,,,,,,,,,,,,,,,,,,,,,,,,,,,,,,,,,,,,,,,
Q130520,Q5081127,,,,,,,,,,,,,,,,,,,,,,,,,,,,,,,,,,,,,,,,,,,,,
Q130522,Q41505787,,,,,,,,,,,,,,,,,,,,,,,,,,,,,,,,,,,,,,,,,,,,,
Q130524,Q21548374,,,,,,,,,,,,,,,,,,,,,,,,,,,,,,,,,,,,,,,,,,,,,
Q130526,Q58456671,,,,,,,,,,,,,,,,,,,,,,,,,,,,,,,,,,,,,,,,,,,,,
Q130528,Q58813570,,,,,,,,,,,,,,,,,,,,,,,,,,,,,,,,,,,,,,,,,,,,,
Q130530,Q3012621,,,,,,,,,,,,,,,,,,,,,,,,,,,,,,,,,,,,,,,,,,,,,
Q130532,Q194015,,,,,,,,,,,,,,,,,,,,,,,,,,,,,,,,,,,,,,,,,,,,,
Q130534,Q21768383,,,,,,,,,,,,,,,,,,,,,,,,,,,,,,,,,,,,,,,,,,,,,
Q130536,Q60173545,,,,,,,,,,,,,,,,,,,,,,,,,,,,,,,,,,,,,,,,,,,,,
Q130538,Q1236399,,,,,,,,,,,,,,,,,,,,,,,,,,,,,,,,,,,,,,,,,,,,,
Q130540,Q60182613,,,,,,,,,,,,,,,,,,,,,,,,,,,,,,,,,,,,,,,,,,,,,
Q130542,Q185670,,,,,,,,,,,,,,,,,,,,,,,,,,,,,,,,,,,,,,,,,,,,,
Q130544,Q60236031,,,,,,,,,,,,,,,,,,,,,,,,,,,,,,,,,,,,,,,,,,,,,
Q130546,Q1339235,,,,,,,,,,,,,,,,,,,,,,,,,,,,,,,,,,,,,,,,,,,,,
Q130548,Q16329518,,,,,,,,,,,,,,,,,,,,,,,,,,,,,,,,,,,,,,,,,,,,,
Q130550,Q106624735,,,,,,,,,,,,,,,,,,,,,,,,,,,,,,,,,,,,,,,,,,,,,
Q130552,Q192082,,,,,,,,,,,,,,,,,,,,,,,,,,,,,,,,,,,,,,,,,,,,,
Q130554,Q656887,,,,,,,,,,,,,,,,,,,,,,,,,,,,,,,,,,,,,,,,,,,,,
Q130556,Q180262,,,,,,,,,,,,,,,,,,,,,,,,,,,,,,,,,,,,,,,,,,,,,
Q130558,Q34201,,,,,,,,,,,,,,,,,,,,,,,,term/8f020ef4-94ab-4c6b-9f41-5b2bb2caaa89,,,26821|1221839,,,,,,,,,,,,,,,,,,
Q130560,Q38012,,,,,,,,,,,,,,,,,,,,,,,,term/2552880a-3f7a-411d-b220-eef81a993e2a,,,26826,,,,,,,,,,,,,,,,,,
Q130562,Q40730,,,,,,,,,,,,,,,,,,,,,,,,,,,26840,,,,,,,,,,,,,,,,,,
Q130566,Q41410,,,,,,,,,,,,,,,,,,,,,,,,,,,26939,,,,,,,,,,,,,,,,,,
Q130568,Q41419,,,,,,,,,,,,,,,,,,,,,,,,,,,26945,,,,,,,,,,,,,,,,,,
Q130570,Q1345963,,,,,,,,,,,,,,,,,,,,,,,,,,,,,,,,,,,,,,,,,,,,,
Q130572,Q32102,,,,,,,,,,,,,,,,,,,,,,,,,,,,,,,,,,,,,,,,,,,,,
Q130574,Q183417,,,,,,,,,,,,,,,,,,,,,,,,,,,,,,,,,,,,,,,,,,,,,
Q130576,Q60181989,,,,,,,,,,,,,,,,,,,,,,,,,,,,,,,,,,,,,,,,,,,,,
Q130578,Q180287,,,,,,,,,,,,,,,,,,,,,,,,,,,,,,,,,,,,,,,,,,,,,
Q130580,Q122899806,,,,,,,,,,,,,,,,,,,,,,,,,,,,,,,,,,,,,,,,,,,,,
Q130582,Q130818,,,,,,,,,,,,,,,,,,,,,,,,,,,288741,,,,,,,,,,,,,,,,,,
Q130584,Q41054,,,,,,,,,,,,,,,,,,,,,,,,,,,403726,,,,,,,,,,,,,,,,,,
Q130586,Q83160,,,,,,,,,,,,,,,,,,,,,,,,,,,288743|444672,,,,,,,,,,,,,,,,,,
Q130588,Q8140979,,,,,,,,,,,,,,,,,,,,,,,,,,,403724,,,,,,,,,,,,,,,,,,
Q130590,Q59697,,,,,,,,,,,,,,,,,,,,,,,,,,,,,,,,,,,,,,,,,,,,,
Q130592,Q10856281,,,,,,,,,,,,,,,,,,,,,,,,,,,,,,,,,,,,,,,,,,,,,
Q130594,Q12280005,,,,,,,,,,,,,,,,,,,,,,,,,,,,,,,,,,,,,,,,,,,,,
Q130596,Q61049896,,,,,,,,,,,,,,,,,,,,,,,,,,,,,,,,,,,,,,,,,,,,,
Q130598,Q134270,,,,,,,,,,,,,,,,,,,,,,,,,,,403719,,,,,,,,,,,,,,,,,,
Q130600,Q178417,,,,,,,,,,,,,,,,,,,,,,,,,,,403723,,,,,,,,,,,,,,,,,,
Q130602,Q119922,,,,,,,,,,,,,,,,,,,,,,,,,,,,,,,,,,,,,,,,,,,,,
Q130604,Q178831,,,,,,,,,,,,,,,,,,,,,,,,,,,,,,,,,,,,,,,,,,,,,
Q130606,Q201411,,,,,,,,,,,,,,,,,,,,,,,,,,,,,,,,,,,,,,,,,,,,,
Q130608,Q165938,,,,,,,,,,,,,,,,,,,,,,,,,,,,,,,,,,,,,,,,,,,,,
Q130610,Q16737262,,,,,,,,,,,,,,,,,,,,,,,,,,,,,,,,,,,,,,,,,,,,,
Q130612,Q214987,,,,,,,,,,,,,,,,,,,,,,,,,,,,,,,,,,,,,,,,,,,,,
Q130614,Q465875,,,,,,,,,,,,,,,,,,,,,,,,,,,,,,,,,,,,,,,,,,,,,
Q130616,Q920416,,,,,,,,,,,,,,,,,,,,,,,,,,,,,,,,,,,,,,,,,,,,,
Q130618,Q742680,,,,,,,,,,,,,,,,,,,,,,,,,,,,,,,,,,,,,,,,,,,,,
Q130620,Q829669,,,,,,,,,,,,,,,,,,,,,,,,,,,,,,,,,,,,,,,,,,,,,
Q130622,Q898947,,,,,,,,,,,,,,,,,,,,,,,,,,,,,,,,,,,,,,,,,,,,,
Q130624,Q753294,,,,,,,,,,,,,,,,,,,,,,,,,,,,,,,,,,,,,,,,,,,,,
Q130626,Q10385917,,,,,,,,,,,,,,,,,,,,,,,,,,,,,,,,,,,,,,,,,,,,,
Q130628,Q42325304,,,,,,,,,,,,,,,,,,,,,,,,,,,,,,,,,,,,,,,,,,,,,
Q130630,Q789715,,,,,,,,,,,,,,,,,,,,,,,,,,,,,,,,,,,,,,,,,,,,,
Q130632,Q1245211,,,,,,,,,,,,,,,,,,,,,,,,,,,,,,,,,,,,,,,,,,,,,
Q130634,Q20021007,,,,,,,,,,,,,,,,,,,,,,,,,,,,,,,,,,,,,,,,,,,,,
Q130636,Q676834,,,,,,,,,,,,,,,,,,,,,,,,,,,,,,,,,,,,,,,,,,,,,
Q130638,Q9581080,,,,,,,,,,,,,,,,,,,,,,,,,,,,,,,,,,,,,,,,,,,,,
Q130640,Q203480,,,,,,,,,,,,,,,,,,,,,,,,,,,,,,,,,,,,,,,,,,,,,
Q130642,Q404396,,,,,,,,,,,,,,,,,,,,,,,,,,,,,,,,,,,,,,,,,,,,,
Q130644,Q207715,,,,,,,,,,,,,,,,,,,,,,,,,,,,,,,,,,,,,,,,,,,,,
Q130646,Q12653025,,,,,,,,,,,,,,,,,,,,,,,,,,,,,,,,,,,,,,,,,,,,,
Q130648,Q336428,,,,,,,,,,,,,,,,,,,,,,,,,,,394196,,,,,,,,,,,,,,,,,,
Q130650,Q12656412,,,,,,,,,,,,,,,,,,,,,,,,,,,,,,,,,,,,,,,,,,,,,
Q130652,Q131122,,,,,,,,,,,,,,,,,,,,,,,,,,,27758,,,,,,,,,,,,,,,,,,
Q130654,Q164061,,,,,,,,,,,,,,,,,,,,,,,,person/8FA43461-36B1-4CDE-93BE-D41BD2F5CE7E,,,334295,,,,,,,,,,,,,,,,,,
Q130656,Q3337178,,,,,,,,,,,,,,,,,,,,,,,,,,,,,,,,,,,,,,,,,,,,,
Q130658,Q682332,,,,,,,,,,,,,,,,,,,,,,,,,,,,,,,,,,,,,,,,,,,,,
Q130660,Q782308,,,,,,,,,,,,,,,,,,,,,,,,,,,,,,,,,,,,,,,,,,,,,
Q130662,Q779406,,,,,,,,,,,,,,,,,,,,,,,,,,,,,,,,,,,,,,,,,,,,,
Q130664,Q1333887,,,,,,,,,,,,,,,,,,,,,,,,,,,,,,,,,,,,,,,,,,,,,
Q130666,Q1919444,,,,,,,,,,,,,,,,,,,,,,,,,,,,,,,,,,,,,,,,,,,,,
Q130668,Q21710921,,,,,,,,,,,,,,,,,,,,,,,,,,,,,,,,,,,,,,,,,,,,,
Q130670,Q3954,,,,,,,,,,,,,,,,,,,,,,,,,,,,,,,,,,,,,,,,,,,,,
Q130672,Q148030,,,,,,,,,,,,,,,,,,,,,,,,,,,,,,,,,,,,,,,,,,,,,
Q130674,Q793088,,,,,,,,,,,,,,,,,,,,,,,,,,,,,,,,,,,,,,,,,,,,,
Q130676,Q844867,,,,,,,,,,,,,,,,,,,,,,,,,,,,,,,,,,,,,,,,,,,,,
Q130678,Q37122,,,,,,,,,,,,,,,,,,,,,,,,,,,26835,,,,,,,,,,,,,,,,,,
Q130680,Q4251796,,,,,,,,,,,,,,,,,,,,,,,,,,,,,,,,,,,,,,,,,,,,,
Q130682,Q966521,,,,,,,,,,,,,,,,,,,,,,,,,,,,,,,,,,,,,,,,,,,,,
Q130684,Q126916,,,,,,,,,,,,,,,,,,,,,,,,,,,,,,,,,,,,,,,,,,,,,
Q130686,Q22776,,,,,,,,,,,,,,,,,,,,,,,,,,,,,,,,,,,,,,,,,,,,,
Q130688,Q646049,,,,,,,,,,,,,,,,,,,,,,,,,,,,,,,,,,,,,,,,,,,,,
Q130690,Q1639787,,,,,,,,,,,,,,,,,,,,,,,,,,,,,,,,,,,,,,,,,,,,,
Q130692,Q1226931,,,,,,,,,,,,,,,,,,,,,,,,,,,,,,,,,,,,,,,,,,,,,
Q130694,Q1566330,,,,,,,,,,,,,,,,,,,,,,,,,,,,,,,,,,,,,,,,,,,,,
Q130696,Q3613853,,,,,,,,,,,,,,,,,,,,,,,,,,,,,,,,,,,,,,,,,,,,,
Q130698,Q10854746,,,,,,,,,,,,,,,,,,,,,,,,,,,,,,,,,,,,,,,,,,,,,
Q130700,Q17354329,,,,,,,,,,,,,,,,,,,,,,,,,,,,,,,,,,,,,,,,,,,,,
Q130702,Q21548011,,,,,,,,,,,,,,,,,,,,,,,,,,,,,,,,,,,,,,,,,,,,,
Q130704,Q735518,,,,,,,,,,,,,,,,,,,,,,,,,,,,,,,,,,,,,,,,,,,,,
Q130706,Q100338,,,,,,,,,,,,,,,,,,,,,,,,,,,,,,,,,,,,,,,,,,,,,
Q130708,Q205233,,,,,,,,,,,,,,,,,,,,,,,,,,,,,,,,,,,,,,,,,,,,,
Q130710,Q686174,,,,,,,,,,,,,,,,,,,,,,,,,,,,,,,,,,,,,,,,,,,,,
Q130712,Q763268,,,,,,,,,,,,,,,,,,,,,,,,,,,,,,,,,,,,,,,,,,,,,
Q130714,Q748963,,,,,,,,,,,,,,,,,,,,,,,,,,,,,,,,,,,,,,,,,,,,,
Q130716,Q858663,,,,,,,,,,,,,,,,,,,,,,,,,,,,,,,,,,,,,,,,,,,,,
Q130718,Q60691481,,,,,,,,,,,,,,,,,,,,,,,,,,,,,,,,,,,,,,,,,,,,,
Q130720,Q457294,,,,,,,,,,,,,,,,,,,,,,,,,,,,,,,,,,,,,,,,,,,,,
Q130722,Q165023,,,,,,,,,,,,,,,,,,,,,,,,,,,,,,,,,,,,,,,,,,,,,
Q130724,Q189208,,,,,,,,,,,,,,,,,,,,,,,,,,,,,,,,,,,,,,,,,,,,,
Q130726,Q237224,,,,,,,,,,,,,,,,,,,,,,,,,,,,,,,,,,,,,,,,,,,,,
Q130728,Q334447,,,,,,,,,,,,,,,,,,,,,,,,,,,,,,,,,,,,,,,,,,,,,
Q130730,Q61640774,,,,,,,,,,,,,,,,,,,,,,,,,,,,,,,,,,,,,,,,,,,,,
Q130732,Q1676112,,,,,,,,,,,,,,,,,,,,,,,,,,,,,,,,,,,,,,,,,,,,,
Q130734,Q3611629,,,,,,,,,,,,,,,,,,,,,,,,,,,,,,,,,,,,,,,,,,,,,
Q130736,Q3539467,,,,,,,,,,,,,,,,,,,,,,,,,,,,,,,,,,,,,,,,,,,,,
Q130738,Q1215951,,,,,,,,,,,,,,,,,,,,,,,,,,,,,,,,,,,,,,,,,,,,,
Q130740,Q2471013,,,,,,,,,,,,,,,,,,,,,,,,,,,,,,,,,,,,,,,,,,,,,
Q130742,Q2595275,,,,,,,,,,,,,,,,,,,,,,,,,,,,,,,,,,,,,,,,,,,,,
Q130744,Q2657834,,,,,,,,,,,,,,,,,,,,,,,,,,,,,,,,,,,,,,,,,,,,,
Q130746,Q2986809,,,,,,,,,,,,,,,,,,,,,,,,,,,,,,,,,,,,,,,,,,,,,
Q130748,Q426041,,,,,,,,,,,,,,,,,,,,,,,,,,,,,,,,,,,,,,,,,,,,,
Q130750,Q5976691,,,,,,,,,,,,,,,,,,,,,,,,,,,,,,,,,,,,,,,,,,,,,
Q130752,Q6817243,,,,,,,,,,,,,,,,,,,,,,,,,,,,,,,,,,,,,,,,,,,,,
Q130754,Q9090441,,,,,,,,,,,,,,,,,,,,,,,,,,,,,,,,,,,,,,,,,,,,,
Q130756,Q8209012,,,,,,,,,,,,,,,,,,,,,,,,,,,,,,,,,,,,,,,,,,,,,
Q130758,Q2043578,,,,,,,,,,,,,,,,,,,,,,,,,,,,,,,,,,,,,,,,,,,,,
Q130760,Q241070,,,,,,,,,,,,,,,,,,,,,,,,,,,,,,,,,,,,,,,,,,,,,
Q130762,Q12898582,,,,,,,,,,,,,,,,,,,,,,,,,,,,,,,,,,,,,,,,,,,,,
Q130764,Q643456,,,,,,,,,,,,,,,,,,,,,,,,,,,,,,,,,,,,,,,,,,,,,
Q130766,Q391614,,,,,,,,,,,,,,,,,,,,,,,,,,,,,,,,,,,,,,,,,,,,,
Q130768,Q12898684,,,,,,,,,,,,,,,,,,,,,,,,,,,,,,,,,,,,,,,,,,,,,
Q130770,Q12898698,,,,,,,,,,,,,,,,,,,,,,,,,,,,,,,,,,,,,,,,,,,,,
Q130772,Q12898780,,,,,,,,,,,,,,,,,,,,,,,,,,,,,,,,,,,,,,,,,,,,,
Q130774,Q51846366,,,,,,,,,,,,,,,,,,,,,,,,,,,,,,,,,,,,,,,,,,,,,
Q130776,Q12898908,,,,,,,,,,,,,,,,,,,,,,,,,,,,,,,,,,,,,,,,,,,,,
Q130778,Q12878672,,,,,,,,,,,,,,,,,,,,,,,,,,,,,,,,,,,,,,,,,,,,,
Q130780,Q12899376,,,,,,,,,,,,,,,,,,,,,,,,,,,,,,,,,,,,,,,,,,,,,
Q130782,Q2344103,,,,,,,,,,,,,,,,,,,,,,,,,,,,,,,,,,,,,,,,,,,,,
Q130784,Q12899524,,,,,,,,,,,,,,,,,,,,,,,,,,,,,,,,,,,,,,,,,,,,,
Q130786,Q12752732,,,,,,,,,,,,,,,,,,,,,,,,,,,,,,,,,,,,,,,,,,,,,
Q130788,Q15711583,,,,,,,,,,,,,,,,,,,,,,,,,,,,,,,,,,,,,,,,,,,,,
Q130790,Q15711584,,,,,,,,,,,,,,,,,,,,,,,,,,,,,,,,,,,,,,,,,,,,,
Q130792,Q15711586,,,,,,,,,,,,,,,,,,,,,,,,,,,,,,,,,,,,,,,,,,,,,
Q130794,Q12899636,,,,,,,,,,,,,,,,,,,,,,,,,,,,,,,,,,,,,,,,,,,,,
Q130796,Q12899696,,,,,,,,,,,,,,,,,,,,,,,,,,,,,,,,,,,,,,,,,,,,,
Q130798,Q12876506,,,,,,,,,,,,,,,,,,,,,,,,,,,,,,,,,,,,,,,,,,,,,
Q130800,Q12899700,,,,,,,,,,,,,,,,,,,,,,,,,,,,,,,,,,,,,,,,,,,,,
Q130802,Q761597,,,,,,,,,,,,,,,,,,,,,,,,,,,,,,,,,,,,,,,,,,,,,
Q130804,Q12899740,,,,,,,,,,,,,,,,,,,,,,,,,,,,,,,,,,,,,,,,,,,,,
Q130806,Q12899799,,,,,,,,,,,,,,,,,,,,,,,,,,,,,,,,,,,,,,,,,,,,,
Q130808,Q12899823,,,,,,,,,,,,,,,,,,,,,,,,,,,,,,,,,,,,,,,,,,,,,
Q130810,Q12899827,,,,,,,,,,,,,,,,,,,,,,,,,,,,,,,,,,,,,,,,,,,,,
Q130812,Q12899828,,,,,,,,,,,,,,,,,,,,,,,,,,,,,,,,,,,,,,,,,,,,,
Q130814,Q12899836,,,,,,,,,,,,,,,,,,,,,,,,,,,,,,,,,,,,,,,,,,,,,
Q130816,Q1030030,,,,,,,,,,,,,,,,,,,,,,,,,,,,,,,,,,,,,,,,,,,,,
Q130818,Q12900082,,,,,,,,,,,,,,,,,,,,,,,,,,,,,,,,,,,,,,,,,,,,,
Q130820,Q12900083,,,,,,,,,,,,,,,,,,,,,,,,,,,,,,,,,,,,,,,,,,,,,
Q130822,Q1571021,,,,,,,,,,,,,,,,,,,,,,,,,,,,,,,,,,,,,,,,,,,,,
Q130824,Q3611796,,,,,,,,,,,,,,,,,,,,,,,,,,,,,,,,,,,,,,,,,,,,,
Q130826,Q12900271,,,,,,,,,,,,,,,,,,,,,,,,,,,,,,,,,,,,,,,,,,,,,
Q130828,Q12900273,,,,,,,,,,,,,,,,,,,,,,,,,,,,,,,,,,,,,,,,,,,,,
Q130830,Q10299840,,,,,,,,,,,,,,,,,,,,,,,,,,,,,,,,,,,,,,,,,,,,,
Q130832,Q12900353,,,,,,,,,,,,,,,,,,,,,,,,,,,,,,,,,,,,,,,,,,,,,
Q130834,Q12900349,,,,,,,,,,,,,,,,,,,,,,,,,,,,,,,,,,,,,,,,,,,,,
Q130836,Q12900788,,,,,,,,,,,,,,,,,,,,,,,,,,,,,,,,,,,,,,,,,,,,,
Q130838,Q739768,,,,,,,,,,,,,,,,,,,,,,,,,,,,,,,,,,,,,,,,,,,,,
Q130840,Q1226617,,,,,,,,,,,,,,,,,,,,,,,,,,,,,,,,,,,,,,,,,,,,,
Q130842,Q1878960,,,,,,,,,,,,,,,,,,,,,,,,,,,,,,,,,,,,,,,,,,,,,
Q130844,Q3854797,,,,,,,,,,,,,,,,,,,,,,,,,,,,,,,,,,,,,,,,,,,,,
Q130846,Q12901014,,,,,,,,,,,,,,,,,,,,,,,,,,,,,,,,,,,,,,,,,,,,,
Q130848,Q15711623,,,,,,,,,,,,,,,,,,,,,,,,,,,,,,,,,,,,,,,,,,,,,
Q130850,Q12881707,,,,,,,,,,,,,,,,,,,,,,,,,,,,,,,,,,,,,,,,,,,,,
Q130852,Q1216049,,,,,,,,,,,,,,,,,,,,,,,,,,,,,,,,,,,,,,,,,,,,,
Q130854,Q12901294,,,,,,,,,,,,,,,,,,,,,,,,,,,,,,,,,,,,,,,,,,,,,
Q130856,Q12901309,,,,,,,,,,,,,,,,,,,,,,,,,,,,,,,,,,,,,,,,,,,,,
Q130858,Q12901503,,,,,,,,,,,,,,,,,,,,,,,,,,,,,,,,,,,,,,,,,,,,,
Q130860,Q12901556,,,,,,,,,,,,,,,,,,,,,,,,,,,,,,,,,,,,,,,,,,,,,
Q130862,Q12901568,,,,,,,,,,,,,,,,,,,,,,,,,,,,,,,,,,,,,,,,,,,,,
Q130864,Q5623747,,,,,,,,,,,,,,,,,,,,,,,,,,,,,,,,,,,,,,,,,,,,,
Q130866,Q4408014,,,,,,,,,,,,,,,,,,,,,,,,,,,,,,,,,,,,,,,,,,,,,
Q130868,Q1245790,,,,,,,,,,,,,,,,,,,,,,,,,,,,,,,,,,,,,,,,,,,,,
Q130870,Q1241338,,,,,,,,,,,,,,,,,,,,,,,,,,,,,,,,,,,,,,,,,,,,,
Q130872,Q184437,,,,,,,,,,,,,,,,,,,,,,,,,,,,,,,,,,,,,,,,,,,,,
Q130874,Q7786636,,,,,,,,,,,,,,,,,,,,,,,,,,,,,,,,,,,,,,,,,,,,,
Q130876,Q12902665,,,,,,,,,,,,,,,,,,,,,,,,,,,,,,,,,,,,,,,,,,,,,
Q130878,Q269058,,,,,,,,,,,,,,,,,,,,,,,,,,,,,,,,,,,,,,,,,,,,,
Q130880,Q1235584,,,,,,,,,,,,,,,,,,,,,,,,,,,,,,,,,,,,,,,,,,,,,
Q130882,Q12900350,,,,,,,,,,,,,,,,,,,,,,,,,,,,,,,,,,,,,,,,,,,,,
Q130884,Q1232517,,,,,,,,,,,,,,,,,,,,,,,,,,,,,,,,,,,,,,,,,,,,,
Q130886,Q1378437,,,,,,,,,,,,,,,,,,,,,,,,,,,,,,,,,,,,,,,,,,,,,
Q130888,Q5518406,,,,,,,,,,,,,,,,,,,,,,,,,,,,,,,,,,,,,,,,,,,,,
Q130890,Q342316,,,,,,,,,,,,,,,,,,,,,,,,,,,,,,,,,,,,,,,,,,,,,
Q130892,Q21452535,,,,,,,,,,,,,,,,,,,,,,,,,,,,,,,,,,,,,,,,,,,,,
Q130894,Q3611665,,,,,,,,,,,,,,,,,,,,,,,,,,,,,,,,,,,,,,,,,,,,,
Q130896,Q3564989,,,,,,,,,,,,,,,,,,,,,,,,,,,,,,,,,,,,,,,,,,,,,
Q130898,Q58838290,,,,,,,,,,,,,,,,,,,,,,,,,,,,,,,,,,,,,,,,,,,,,
Q130900,Q58840962,,,,,,,,,,,,,,,,,,,,,,,,,,,,,,,,,,,,,,,,,,,,,
Q130902,Q59617288,,,,,,,,,,,,,,,,,,,,,,,,,,,,,,,,,,,,,,,,,,,,,
Q130904,Q59661541,,,,,,,,,,,,,,,,,,,,,,,,,,,,,,,,,,,,,,,,,,,,,
Q130906,Q59773387,,,,,,,,,,,,,,,,,,,,,,,,,,,,,,,,,,,,,,,,,,,,,
Q130908,Q60172446,,,,,,,,,,,,,,,,,,,,,,,,,,,,,,,,,,,,,,,,,,,,,
Q130910,Q60669292,,,,,,,,,,,,,,,,,,,,,,,,,,,,,,,,,,,,,,,,,,,,,
Q130912,Q60777068,,,,,,,,,,,,,,,,,,,,,,,,,,,,,,,,,,,,,,,,,,,,,
Q130914,Q60958660,,,,,,,,,,,,,,,,,,,,,,,,,,,,,,,,,,,,,,,,,,,,,
Q130916,Q61830228,,,,,,,,,,,,,,,,,,,,,,,,,,,,,,,,,,,,,,,,,,,,,
Q130918,Q97485552,,,,,,,,,,,,,,,,,,,,,,,,,,,,,,,,,,,,,,,,,,,,,
Q130920,Q97485551,,,,,,,,,,,,,,,,,,,,,,,,,,,,,,,,,,,,,,,,,,,,,
Q130922,Q70202866,,,,,,,,,,,,,,,,,,,,,,,,,,,,,,,,,,,,,,,,,,,,,
Q130924,Q51845575,,,,,,,,,,,,,,,,,,,,,,,,,,,,,,,,,,,,,,,,,,,,,
Q130926,Q97629224,,,,,,,,,,,,,,,,,,,,,,,,,,,,,,,,,,,,,,,,,,,,,
Q130928,Q97629381,,,,,,,,,,,,,,,,,,,,,,,,,,,,,,,,,,,,,,,,,,,,,
Q130930,Q97629593,,,,,,,,,,,,,,,,,,,,,,,,,,,,,,,,,,,,,,,,,,,,,
Q130932,Q97630551,,,,,,,,,,,,,,,,,,,,,,,,,,,,,,,,,,,,,,,,,,,,,
Q130934,Q97649797,,,,,,,,,,,,,,,,,,,,,,,,,,,,,,,,,,,,,,,,,,,,,
Q130936,Q97650384,,,,,,,,,,,,,,,,,,,,,,,,,,,,,,,,,,,,,,,,,,,,,
Q130938,Q97650796,,,,,,,,,,,,,,,,,,,,,,,,,,,,,,,,,,,,,,,,,,,,,
Q130940,Q97653378,,,,,,,,,,,,,,,,,,,,,,,,,,,,,,,,,,,,,,,,,,,,,
Q130942,Q97630135,,,,,,,,,,,,,,,,,,,,,,,,,,,,,,,,,,,,,,,,,,,,,
Q130944,Q97667465,,,,,,,,,,,,,,,,,,,,,,,,,,,,,,,,,,,,,,,,,,,,,
Q130946,Q97667477,,,,,,,,,,,,,,,,,,,,,,,,,,,,,,,,,,,,,,,,,,,,,
Q130948,Q1375640,,,,,,,,,,,,,,,,,,,,,,,,,,,,,,,,,,,,,,,,,,,,,
Q130950,Q2866192,,,,,,,,,,,,,,,,,,,,,,,,,,,,,,,,,,,,,,,,,,,,,
Q130952,Q6029215,,,,,,,,,,,,,,,,,,,,,,,,,,,,,,,,,,,,,,,,,,,,,
Q130954,Q3628093,,,,,,,,,,,,,,,,,,,,,,,,,,,,,,,,,,,,,,,,,,,,,
Q130956,Q5101421,,,,,,,,,,,,,,,,,,,,,,,,,,,,,,,,,,,,,,,,,,,,,
Q130958,Q71804,,,,,,,,,,,,,,,,,,,,,,,,,,,,,,,,,,,,,,,,,,,,,
Q130960,Q241971,,,,,,,,,,,,,,,,,,,,,,,,,,,,,,,,,,,,,,,,,,,,,
Q130962,Q174278,,,,,,,,,,,,,,,,,,,,,,,,,,,,,,,,,,,,,,,,,,,,,
Q130964,Q391010,,,,,,,,,,,,,,,,,,,,,,,,,,,,,,,,,,,,,,,,,,,,,
Q130966,Q774101,,,,,,,,,,,,,,,,,,,,,,,,,,,,,,,,,,,,,,,,,,,,,
Q130968,Q2069546,,,,,,,,,,,,,,,,,,,,,,,,,,,,,,,,,,,,,,,,,,,,,
Q130970,Q8193547,,,,,,,,,,,,,,,,,,,,,,,,,,,,,,,,,,,,,,,,,,,,,
Q130972,Q689422,,,,,,,,,,,,,,,,,,,,,,,,,,,,,,,,,,,,,,,,,,,,,
Q130974,Q1260484,,,,,,,,,,,,,,,,,,,,,,,,,,,,,,,,,,,,,,,,,,,,,
Q130976,Q4439972,,,,,,,,,,,,,,,,,,,,,,,,,,,,,,,,,,,,,,,,,,,,,
Q130978,Q184353,,,,,,,,,,,,,,,,,,,,,,,,,,,,,,,,,,,,,,,,,,,,,
Q130980,Q1235379,,,,,,,,,,,,,,,,,,,,,,,,,,,,,,,,,,,,,,,,,,,,,
Q130982,Q3147753,,,,,,,,,,,,,,,,,,,,,,,,,,,,,,,,,,,,,,,,,,,,,
Q130984,Q106515828,,,,,,,,,,,,,,,,,,,,,,,,,,,,,,,,,,,,,,,,,,,,,
Q130986,Q2346159,,,,,,,,,,,,,,,,,,,,,,,,,,,,,,,,,,,,,,,,,,,,,
Q130988,Q92318,,,,,,,,,,,,,,,,,,,,,,,,,,,,,,,,,,,,,,,,,,,,,
Q130990,Q92368,,,,,,,,,,,,,,,,,,,,,,,,,,,,,,,,,,,,,,,,,,,,Speer-1333,
Q130992,Q103975,,,,,,,,,,,,,,,,,,,,,,,,,,,,,,,,,,,,,,,,,,,,,
Q130994,Q2070945,,,,,,,,,,,,,,,,,,,,,,,,,,,,,,,,,,,,,,,,,,,,,
Q130996,Q179844,,,,,,,,,,,,,,,,,,,,,,,,,,,,,,,,,,,,,,,,,,,,,
Q130998,Q1722503,,,,,,,,,,,,,,,,,,,,,,,,,,,,,,,,,,,,,,,,,,,,,
Q131000,Q170053,,,,,,,,,,,,,,,,,,,,,,,,,,,,,,,,,,,,,,,,,,,,,
Q131002,Q4843985,,,,,,,,,,,,,,,,,,,,,,,,,,,,,,,,,,,,,,,,,,,,,
Q131004,Q536141,,,,,,,,,,,,,,,,,,,,,,,,,,,,,,,,,,,,,,,,,,,,,
Q131006,Q1245697,,,,,,,,,,,,,,,,,,,,,,,,,,,,,,,,,,,,,,,,,,,,,
Q131008,Q669495,,,,,,,,,,,,,,,,,,,,,,,,,,,,,,,,,,,,,,,,,,,,,
Q131010,Q12901072,,,,,,,,,,,,,,,,,,,,,,,,,,,,,,,,,,,,,,,,,,,,,
Q131012,Q1245648,,,,,,,,,,,,,,,,,,,,,,,,,,,,,,,,,,,,,,,,,,,,,
Q131014,Q21548117,,,,,,,,,,,,,,,,,,,,,,,,,,,,,,,,,,,,,,,,,,,,,
Q131016,Q3361417,,,,,,,,,,,,,,,,,,,,,,,,,,,,,,,,,,,,,,,,,,,,,
Q131018,Q2633927,,,,,,,,,,,,,,,,,,,,,,,,,,,,,,,,,,,,,,,,,,,,,
Q131020,Q15815634,,,,,,,,,,,,,,,,,,,,,,,,,,,,,,,,,,,,,,,,,,,,,
Q131022,Q60617943,,,,,,,,,,,,,,,,,,,,,,,,,,,,,,,,,,,,,,,,,,,,,
Q131024,Q3615214,,,,,,,,,,,,,,,,,,,,,,,,,,,,,,,,,,,,,,,,,,,,,
Q131026,Q2559167,,,,,,,,,,,,,,,,,,,,,,,,,,,,,,,,,,,,,,,,,,,,,
Q131028,Q2103187,,,,,,,,,,,,,,,,,,,,,,,,,,,,,,,,,,,,,,,,,,,,,
Q131030,Q788268,,,,,,,,,,,,,,,,,,,,,,,,,,,,,,,,,,,,,,,,,,,,,
Q131032,Q10411954,,,,,,,,,,,,,,,,,,,,,,,,,,,,,,,,,,,,,,,,,,,,,
Q131034,Q21548160,,,,,,,,,,,,,,,,,,,,,,,,,,,,,,,,,,,,,,,,,,,,,
Q131036,Q111802091,,,,,,,,,,,,,,,,,,,,,,,,,,,,,,,,,,,,,,,,,,,,,
Q131038,Q21548774,,,,,,,,,,,,,,,,,,,,,,,,,,,,,,,,,,,,,,,,,,,,,
Q131040,Q1422648,,,,,,,,,,,,,,,,,,,,,,,,,,,,,,,,,,,,,,,,,,,,,
Q131042,Q1956583,,,,,,,,,,,,,,,,,,,,,,,,,,,,,,,,,,,,,,,,,,,,,
Q131044,Q189821,,,,,,,,,,,,,,,,,,,,,,,,,,,,,,,,,,,,,,,,,,,,,
Q131046,Q9259795,,,,,,,,,,,,,,,,,,,,,,,,,,,,,,,,,,,,,,,,,,,,,
Q131048,Q2067352,,,,,,,,,,,,,,,,,,,,,,,,,,,,,,,,,,,,,,,,,,,,,
Q131050,Q16523316,,,,,,,,,,,,,,,,,,,,,,,,,,,,,,,,,,,,,,,,,,,,,
Q131052,Q2401584,,,,,,,,,,,,,,,,,,,,,,,,,,,,,,,,,,,,,,,,,,,,,
Q131054,Q1446575,,,,,,,,,,,,,,,,,,,,,,,,,,,,,,,,,,,,,,,,,,,,,
Q131056,Q2329005,,,,,,,,,,,,,,,,,,,,,,,,,,,,,,,,,,,,,,,,,,,,,
Q131058,Q6009377,,,,,,,,,,,,,,,,,,,,,,,,,,,,,,,,,,,,,,,,,,,,,
Q131060,Q10466497,,,,,,,,,,,,,,,,,,,,,,,,,,,,,,,,,,,,,,,,,,,,,
Q131062,Q10592638,,,,,,,,,,,,,,,,,,,,,,,,,,,,,,,,,,,,,,,,,,,,,
Q131064,Q2007963,,,,,,,,,,,,,,,,,,,,,,,,,,,,,,,,,,,,,,,,,,,,,
Q131066,Q1513788,,,,,,,,,,,,,,,,,,,,,,,,,,,,,,,,,,,,,,,,,,,,,
Q131068,Q1361804,,,,,,,,,,,,,,,,,,,,,,,,,,,,,,,,,,,,,,,,,,,,,
Q131070,Q1688206,,,,,,,,,,,,,,,,,,,,,,,,,,,,,,,,,,,,,,,,,,,,,
Q131072,Q5567263,,,,,,,,,,,,,,,,,,,,,,,,,,,,,,,,,,,,,,,,,,,,,
Q131074,Q761106,,,,,,,,,,,,,,,,,,,,,,,,,,,,,,,,,,,,,,,,,,,,,
Q131076,Q3060381,,,,,,,,,,,,,,,,,,,,,,,,,,,,,,,,,,,,,,,,,,,,,
Q131078,Q3349027,,,,,,,,,,,,,,,,,,,,,,,,,,,,,,,,,,,,,,,,,,,,,
Q131080,Q193433,,,,,,,,,,,,,,,,,,,,,,,,,,,167219,,,,,,,,,,,,,,,,,,
Q131082,Q844313,,,,,,,,,,,,,,,,,,,,,,,,,,,,,,,,,,,,,,,,,,,,,
Q131084,Q3948364,,,,,,,,,,,,,,,,,,,,,,,,,,,,,,,,,,,,,,,,,,,,,
Q131086,Q1179038,,,,,,,,,,,,,,,,,,,,,,,,,,,,,,,,,,,,,,,,,,,,,
Q131088,Q4817519,,,,,,,,,,,,,,,,,,,,,,,,,,,,,,,,,,,,,,,,,,,,,
Q131090,Q13553691,,,,,,,,,,,,,,,,,,,,,,,,,,,,,,,,,,,,,,,,,,,,,
Q131092,Q503500,,,,,,,,,,,,,,,,,,,,,,,,,,,,,,,,,,,,,,,,,,,,,
Q131094,Q393261,,,,,,,,,,,,,,,,,,,,,,,,,,,,,,,,,,,,,,,,,,,,,
Q131096,Q22965471,,,,,,,,,,,,,,,,,,,,,,,,,,,,,,,,,,,,,,,,,,,,,
Q131098,Q20827327,,,,,,,,,,,,,,,,,,,,,,,,,,,,,,,,,,,,,,,,,,,,,
Q131100,Q858671,,,,,,,,,,,,,,,,,,,,,,,,,,,,,,,,,,,,,,,,,,,,,
Q131102,Q1615646,,,,,,,,,,,,,,,,,,,,,,,,,,,,,,,,,,,,,,,,,,,,,
Q131104,Q55814369,,,,,,,,,,,,,,,,,,,,,,,,,,,,,,,,,,,,,,,,,,,,,
Q131106,Q15543320,,,,,,,,,,,,,,,,,,,,,,,,,,,,,,,,,,,,,,,,,,,,,
Q131108,Q12884308,,,,,,,,,,,,,,,,,,,,,,,,,,,,,,,,,,,,,,,,,,,,,
Q131110,Q1721947,,,,,,,,,,,,,,,,,,,,,,,,,,,,,,,,,,,,,,,,,,,,,
Q131112,Q56452106,,,,,,,,,,,,,,,,,,,,,,,,,,,,,,,,,,,,,,,,,,,,,
Q131114,Q752353,,,,,,,,,,,,,,,,,,,,,,,,,,,,,,,,,,,,,,,,,,,,,
Q131116,Q1617512,,,,,,,,,,,,,,,,,,,,,,,,,,,,,,,,,,,,,,,,,,,,,
Q131118,Q3040215,,,,,,,,,,,,,,,,,,,,,,,,,,,,,,,,,,,,,,,,,,,,,
Q131120,Q3854654,,,,,,,,,,,,,,,,,,,,,,,,,,,,,,,,,,,,,,,,,,,,,
Q131122,Q12750909,,,,,,,,,,,,,,,,,,,,,,,,,,,,,,,,,,,,,,,,,,,,,
Q131124,Q1259960,,,,,,,,,,,,,,,,,,,,,,,,,,,,,,,,,,,,,,,,,,,,,
Q131126,Q1061782,,,,,,,,,,,,,,,,,,,,,,,,,,,,,,,,,,,,,,,,,,,,,
Q131128,Q3643742,,,,,,,,,,,,,,,,,,,,,,,,,,,,,,,,,,,,,,,,,,,,,
Q131130,Q2404406,,,,,,,,,,,,,,,,,,,,,,,,,,,,,,,,,,,,,,,,,,,,,
Q131132,Q12873255,,,,,,,,,,,,,,,,,,,,,,,,,,,,,,,,,,,,,,,,,,,,,
Q131134,Q1372112,,,,,,,,,,,,,,,,,,,,,,,,,,,,,,,,,,,,,,,,,,,,,
Q131136,Q29856413,,,,,,,,,,,,,,,,,,,,,,,,,,,,,,,,,,,,,,,,,,,,,
Q131138,Q10420711,,,,,,,,,,,,,,,,,,,,,,,,,,,,,,,,,,,,,,,,,,,,,
Q131140,Q17166540,,,,,,,,,,,,,,,,,,,,,,,,,,,,,,,,,,,,,,,,,,,,,
Q131142,Q16332739,,,,,,,,,,,,,,,,,,,,,,,,,,,,,,,,,,,,,,,,,,,,,
Q131144,Q66488848,,,,,,,,,,,,,,,,,,,,,,,,,,,,,,,,,,,,,,,,,,,,,
Q131146,Q1702894,,,,,,,,,,,,,,,,,,,,,,,,,,,,,,,,,,,,,,,,,,,,,
Q131148,Q846129,,,,,,,,,,,,,,,,,,,,,,,,,,,,,,,,,,,,,,,,,,,,,
Q131150,Q42710540,,,,,,,,,,,,,,,,,,,,,,,,,,,,,,,,,,,,,,,,,,,,,
Q131152,Q41680,,alvin-person:33540,,,,,,,,,,,,,,,,,,,,,,,,,26841,,,,,,,,,,,,,,,,,,
Q131154,Q213621,,,,,,,,,,,,,,,,,,,,,,,,,,,338279,,,,,,,,,,,,,,,,,,
Q131156,Q4779733,,,,,,,,,,,,,,,,,,,,,,,,,,,,,,,,,,,,,,,,,,,,,
Q131158,Q184570,,,,,,,,,,,,,,,,,,,,,,,,,,,,,,,,,,,,,,,,,,,,,
Q131160,Q4069374,,,,,,,,,,,,,,,,,,,,,,,,,,,,,,,,,,,,,,,,,,,,,
Q131162,Q21547793,,,,,,,,,,,,,,,,,,,,,,,,,,,,,,,,,,,,,,,,,,,,,
Q131164,Q380832,,,,,,,,,,,,,,,,,,,,,,,,,,,,,,,,,,,,,,,,,,,,,
Q131166,Q3141720,,,,,,,,,,,,,,,,,,,,,,,,,,,,,,,,,,,,,,,,,,,,,
Q131168,Q2723576,,,,,,,,,,,,,,,,,,,,,,,,,,,,,,,,,,,,,,,,,,,,,
Q131170,Q753903,,,,,,,,,,,,,,,,,,,,,,,,,,,,,,,,,,,,,,,,,,,,,
Q131172,Q3605939,,,,,,,,,,,,,,,,,,,,,,,,,,,,,,,,,,,,,,,,,,,,,
Q131174,Q181360,,,,,,,,,,,,,,,,,,,,,,,,,,,,,,,,,,,,,,,,,,,,,
Q131176,Q404275,,,,,,,,,,,,,,,,,,,,,,,,,,,,,,,,,,,,,,,,,,,,,
Q131178,Q3575332,,,,,,,,,,,,,,,,,,,,,,,,,,,,,,,,,,,,,,,,,,,,,
Q131180,Q2071595,,,,,,,,,,,,,,,,,,,,,,,,,,,,,,,,,,,,,,,,,,,,,
Q131182,Q57157139,,,,,,,,,,,,,,,,,,,,,,,,,,,,,,,,,,,,,,,,,,,,,
Q131184,Q12029578,,,,,,,,,,,,,,,,,,,,,,,,,,,,,,,,,,,,,,,,,,,,,
Q131186,Q461439,,,,,,,,,,,,,,,,,,,,,,,,,,,,,,,,,,,,,,,,,,,,,
Q131188,Q644692,,,,,,,,,,,,,,,,,,,,,,,,,,,,,,,,,,,,,,,,,,,,,
Q131190,Q2349443,,,,,,,,,,,,,,,,,,,,,,,,,,,,,,,,,,,,,,,,,,,,,
Q131192,Q321298,,,,,,,,,,,,,,,,,,,,,,,,,,,423175|1083319,,,,,,,,,,,,,,,,,,
Q131194,Q1539539,,,,,,,,,,,,,,,,,,,,,,,,,,,,,,,,,,,,,,,,,,,,,
Q131196,Q3514925,,,,,,,,,,,,,,,,,,,,,,,,,,,,,,,,,,,,,,,,,,,,,
Q131198,Q3200444,,,,,,,,,,,,,,,,,,,,,,,,,,,,,,,,,,,,,,,,,,,,,
Q131200,Q2416381,,,,,,,,,,,,,,,,,,,,,,,,,,,,,,,,,,,,,,,,,,,,,
Q131202,Q1372109,,,,,,,,,,,,,,,,,,,,,,,,,,,,,,,,,,,,,,,,,,,,,
Q131204,Q2754601,,,,,,,,,,,,,,,,,,,,,,,,,,,,,,,,,,,,,,,,,,,,,
Q131206,Q5739811,,,,,,,,,,,,,,,,,,,,,,,,,,,,,,,,,,,,,,,,,,,,,
Q131208,Q6053186,,,,,,,,,,,,,,,,,,,,,,,,,,,,,,,,,,,,,,,,,,,,,
Q131210,Q6143496,,,,,,,,,,,,,,,,,,,,,,,,,,,,,,,,,,,,,,,,,,,,,
Q131212,Q15543628,,,,,,,,,,,,,,,,,,,,,,,,,,,,,,,,,,,,,,,,,,,,,
Q131214,Q3684005,,,,,,,,,,,,,,,,,,,,,,,,,,,,,,,,,,,,,,,,,,,,,
Q131216,Q1977078,,,,,,,,,,,,,,,,,,,,,,,,,,,,,,,,,,,,,,,,,,,,,
Q131218,Q5837114,,,,,,,,,,,,,,,,,,,,,,,,,,,,,,,,,,,,,,,,,,,,,
Q131220,Q6078094,,,,,,,,,,,,,,,,,,,,,,,,,,,,,,,,,,,,,,,,,,,,,
Q131222,Q30058278,,,,,,,,,,,,,,,,,,,,,,,,,,,,,,,,,,,,,,,,,,,,,
Q131224,Q16933131,,,,,,,,,,,,,,,,,,,,,,,,,,,,,,,,,,,,,,,,,,,,,
Q131226,Q279782,,,,,,,,,,,,,,,,,,,,,,,,,,,,,,,,,,,,,,,,,,,,,
Q131228,Q40901,,,,,,,,,,,,,,,,,,,,,,,,,,,26832|1222093,,,,,,,,,,,,,,,,,,
Q131230,Q1186488,,,,,,,,,,,,,,,,,,,,,,,,,,,,,,,,,,,,,,,,,,,,,
Q131232,Q12762159,,,,,,,,,,,,,,,,,,,,,,,,,,,,,,,,,,,,,,,,,,,,,
Q131234,Q932325,,,,,,,,,,,,,,,,,,,,,,,,,,,,,,,,,,,,,,,,,,,,,
Q131236,Q1604499,,,,,,,,,,,,,,,,,,,,,,,,,,,,,,,,,,,,,,,,,,,,,
Q131238,Q10404083,,,,,,,,,,,,,,,,,,,,,,,,,,,,,,,,,,,,,,,,,,,,,
Q131240,Q1328260,,,,,,,,,,,,,,,,,,,,,,,,,,,,,,,,,,,,,,,,,,,,,
Q131242,Q390448,,,,,,,,,,,,,,,,,,,,,,,,,,,,,,,,,,,,,,,,,,,,,
Q131244,Q10419837,,,,,,,,,,,,,,,,,,,,,,,,,,,,,,,,,,,,,,,,,,,,,
Q131246,Q50946651,,,,,,,,,,,,,,,,,,,,,,,,,,,,,,,,,,,,,,,,,,,,,
Q131248,Q10696861,,,,,,,,,,,,,,,,,,,,,,,,,,,,,,,,,,,,,,,,,,,,,
Q131250,Q10490777,,,,,,,,,,,,,,,,,,,,,,,,,,,,,,,,,,,,,,,,,,,,,
Q131252,Q28224106,,,,,,,,,,,,,,,,,,,,,,,,,,,,,,,,,,,,,,,,,,,,,
Q131254,Q60173910,,,,,,,,,,,,,,,,,,,,,,,,,,,,,,,,,,,,,,,,,,,,,
Q131256,Q58461839,,,,,,,,,,,,,,,,,,,,,,,,,,,,,,,,,,,,,,,,,,,,,
Q131258,Q179256,,,,,,,,,,,,,,,,,,,,,,,,,,,,,,,,,,,,,,,,,,,,,
Q131260,Q337894,,,,,,,,,,,,,,,,,,,,,,,,,,,,,,,,,,,,,,,,,,,,,
Q131262,Q949266,,,,,,,,,,,,,,,,,,,,,,,,,,,,,,,,,,,,,,,,,,,,,
Q131264,Q460094,,,,,,,,,,,,,,,,,,,,,,,,,,,,,,,,,,,,,,,,,,,,,
Q131266,Q17461398,,,,,,,,,,,,,,,,,,,,,,,,,,,,,,,,,,,,,,,,,,,,,
Q131268,Q2659035,,,,,,,,,,,,,,,,,,,,,,,,,,,,,,,,,,,,,,,,,,,,,
Q131270,Q3722961,,,,,,,,,,,,,,,,,,,,,,,,,,,,,,,,,,,,,,,,,,,,,
Q131272,Q2108224,,,,,,,,,,,,,,,,,,,,,,,,,,,,,,,,,,,,,,,,,,,,,
Q131274,Q21548796,,,,,,,,,,,,,,,,,,,,,,,,,,,,,,,,,,,,,,,,,,,,,
Q131276,Q3661549,,,,,,,,,,,,,,,,,,,,,,,,,,,,,,,,,,,,,,,,,,,,,
Q131278,Q6085037,,,,,,,,,,,,,,,,,,,,,,,,,,,,,,,,,,,,,,,,,,,,,
Q131280,Q850192,,,,,,,,,,,,,,,,,,,,,,,,,,,,,,,,,,,,,,,,,,,,,
Q131282,Q5261718,,,,,,,,,,,,,,,,,,,,,,,,,,,,,,,,,,,,,,,,,,,,,
Q131284,Q304227,,,,,,,,,,,,,,,,,,,,,,,,,,,,,,,,,,,,,,,,,,,,,
Q131286,Q2391785,,,,,,,,,,,,,,,,,,,,,,,,,,,,,,,,,,,,,,,,,,,,,
Q131288,Q3891746,,,,,,,,,,,,,,,,,,,,,,,,,,,,,,,,,,,,,,,,,,,,,
Q131290,Q3510841,,,,,,,,,,,,,,,,,,,,,,,,,,,,,,,,,,,,,,,,,,,,,
Q131292,Q10622216,,,,,,,,,,,,,,,,,,,,,,,,,,,,,,,,,,,,,,,,,,,,,
Q131294,Q1246185,,,,,,,,,,,,,,,,,,,,,,,,,,,,,,,,,,,,,,,,,,,,,
Q131296,Q4946887,,,,,,,,,,,,,,,,,,,,,,,,,,,,,,,,,,,,,,,,,,,,,
Q131298,Q57245646,,,,,,,,,,,,,,,,,,,,,,,,,,,,,,,,,,,,,,,,,,,,,
Q131300,Q21548611,,,,,,,,,,,,,,,,,,,,,,,,,,,,,,,,,,,,,,,,,,,,,
Q131302,Q3640600,,,,,,,,,,,,,,,,,,,,,,,,,,,,,,,,,,,,,,,,,,,,,
Q131304,Q97172059,,,,,,,,,,,,,,,,,,,,,,,,,,,,,,,,,,,,,,,,,,,,,
Q131306,Q10592812,,,,,,,,,,,,,,,,,,,,,,,,,,,,,,,,,,,,,,,,,,,,,
Q131308,Q22906376,,,,,,,,,,,,,,,,,,,,,,,,,,,,,,,,,,,,,,,,,,,,,
Q131310,Q1423058,,,,,,,,,,,,,,,,,,,,,,,,,,,,,,,,,,,,,,,,,,,,,
Q131312,Q4747416,,,,,,,,,,,,,,,,,,,,,,,,,,,,,,,,,,,,,,,,,,,,,
Q131314,Q10546716,,,,,,,,,,,,,,,,,,,,,,,,,,,,,,,,,,,,,,,,,,,,,
Q131316,Q143880,,,,,,,,,,,,,,,,,,,,,,,,,,,,,,,,,,,,,,,,,,,,,
Q131318,Q743482,,,,,,,,,,,,,,,,,,,,,,,,,,,,,,,,,,,,,,,,,,,,,
Q131320,Q638578,,,,,,,,,,,,,,,,,,,,,,,,,,,,,,,,,,,,,,,,,,,,,
Q131322,Q18224132,,,,,,,,,,,,,,,,,,,,,,,,,,,,,,,,,,,,,,,,,,,,,
Q131324,Q37340,,,,,,,,,,,,,,,,,,,,,,,,term/033500A3-823A-4C3A-AC53-6DBB935F2B5C,,,26830|288718,,,,,,,,,,,,,,,,,,
Q131326,Q660924,,,,,,,,,,,,,,,,,,,,,,,,,,,288773,,,,,,,,,,,,,,,,,,
Q131328,Q5047755,,,,,,,,,,,,,,,,,,,,,,,,,,,,,,,,,,,,,,,,,,,,,
Q131330,Q11912343,,,,,,,,,,,,,,,,,,,,,,,,,,,,,,,,,,,,,,,,,,,,,
Q131332,Q406388,,,,,,,,,,,,,,,,,,,,,,,,,,,385100,,,,,,,,,,,,,,,,,,
Q131334,Q514746,,,,,,,,,,,,,,,,,,,,,,,,,,,,,,,,,,,,,,,,,,,,,
Q131336,Q1636827,,,,,,,,,,,,,,,,,,,,,,,,,,,,,,,,,,,,,,,,,,,,,
Q131338,Q501667,,,,,,,,,,,,,,,,,,,,,,,,,,,,,,,,,,,,,,,,,,,,,
Q131340,Q3604319,,,,,,,,,,,,,,,,,,,,,,,,,,,,,,,,,,,,,,,,,,,,,
Q131342,Q1538275,,,,,,,,,,,,,,,,,,,,,,,,,,,,,,,,,,,,,,,,,,,,,
Q131344,Q1294888,,,,,,,,,,,,,,,,,,,,,,,,,,,,,,,,,,,,,,,,,,,,,
Q131346,Q1141300,,,,,,,,,,,,,,,,,,,,,,,,,,,,,,,,,,,,,,,,,,,,,
Q131348,Q1147081,,,,,,,,,,,,,,,,,,,,,,,,,,,,,,,,,,,,,,,,,,,,,
Q131350,Q7844848,,,,,,,,,,,,,,,,,,,,,,,,,,,,,,,,,,,,,,,,,,,,,
Q131352,Q4162118,,,,,,,,,,,,,,,,,,,,,,,,,,,,,,,,,,,,,,,,,,,,,
Q131354,Q40114098,,,,,,,,,,,,,,,,,,,,,,,,,,,,,,,,,,,,,,,,,,,,,
Q131356,Q1469456,,,,,,,,,,,,,,,,,,,,,,,,,,,,,,,,,,,,,,,,,,,,,
Q131358,Q3698275,,,,,,,,,,,,,,,,,,,,,,,,,,,,,,,,,,,,,,,,,,,,,
Q131360,Q60181015,,,,,,,,,,,,,,,,,,,,,,,,,,,,,,,,,,,,,,,,,,,,,
Q131362,Q16329661,,,,,,,,,,,,,,,,,,,,,,,,,,,,,,,,,,,,,,,,,,,,,
Q131364,Q107389789,,,,,,,,,,,,,,,,,,,,,,,,,,,,,,,,,,,,,,,,,,,,,
Q131366,Q1806391,,,,,,,,,,,,,,,,,,,,,,,,,,,,,,,,,,,,,,,,,,,,,
Q131368,Q333658,,,,,,,,,,,,,,,,,,,,,,,,,,,,,,,,,,,,,,,,,,,,,
Q131370,Q1825523,,,,,,,,,,,,,,,,,,,,,,,,,,,,,,,,,,,,,,,,,,,,,
Q131372,Q19610036,,,,,,,,,,,,,,,,,,,,,,,,,,,,,,,,,,,,,,,,,,,,,
Q131374,Q165170,,,,,,,,,,,,,,,,,,,,,,,,,,,,,,,,,,,,,,,,,,,,,
Q131376,Q29165739,,,,,,,,,,,,,,,,,,,,,,,,,,,,,,,,,,,,,,,,,,,,,
Q131378,Q6691,,alvin-person:51177,,,,,,,,104368337,,,,,,,,,,,,,,person/870D2671-A9ED-49BA-9410-4E09D3A1E7BA,,,,,,,,,,,,,,,,,,,,,
Q131380,Q6776727,,,,,,,,,,,,,,,,,,,,,,,,,,,,,,,,,,,,,,,,,,,,,
Q131382,Q785620,,,,,,,,,,,,,,,,,,,,,,,,,,,79605,,,,,,,,,,,,,,,,,,
Q131384,Q2601799,,,,,,,,,,,,,,,,,,,,,,,,,,,79614,,,,,,,,,,,,,,,,,,
Q131386,Q5054250,,,,,,,,,,,,,,,,,,,,,,,,,,,,,,,,,,,,,,,,,,,,,
Q131388,Q12862429,,,,,,,,,,,,,,,,,,,,,,,,,,,,,,,,,,,,,,,,,,,,,
Q131390,Q3651684,,,,,,,,,,,,,,,,,,,,,,,,,,,,,,,,,,,,,,,,,,,,,
Q131392,Q12863981,,,,,,,,,,,,,,,,,,,,,,,,,,,,,,,,,,,,,,,,,,,,,
Q131394,Q12867045,,,,,,,,,,,,,,,,,,,,,,,,,,,,,,,,,,,,,,,,,,,,,
Q131396,Q12871708,,,,,,,,,,,,,,,,,,,,,,,,,,,,,,,,,,,,,,,,,,,,,
Q131398,Q115750291,,,,,,,,,,,,,,,,,,,,,,,,,,,,,,,,,,,,,,,,,,,,,
Q131400,Q4667955,,,,,,,,,,,,,,,,,,,,,,,,,,,,,,,,,,,,,,,,,,,,,
Q131402,Q853439,,,,,,,,,,,,,,,,,,,,,,,,,,,,,,,,,,,,,,,,,,,,,
Q131404,Q117054247,,,,,,,,,,,,,,,,,,,,,,,,,,,,,,,,,,,,,,,,,,,,,
Q131406,Q1135632,,,,,,,,,,,,,,,,,,,,,,,,,,,,,,,,,,,,,,,,,,,,,
Q131408,Q2596433,,,,,,,,,,,,,,,,,,,,,,,,,,,,,,,,,,,,,,,,,,,,,
Q131410,Q9026972,,,,,,,,,,,,,,,,,,,,,,,,,,,,,,,,,,,,,,,,,,,,,
Q131412,Q30246326,,,,,,,,,,,,,,,,,,,,,,,,,,,,,,,,,,,,,,,,,,,,,
Q131414,Q2836764,,,,,,,,,,,,,,,,,,,,,,,,,,,81025,,,,,,,,,,,,,,,,,,
Q131416,Q115091007,,,,,,,,,,,,,,,,,,,,,,,,,,,,,,,,,,,,,,,,,,,,,
Q131418,Q927410,,,,,,,,,,,,,,,,,,,,,,,,,,,32382,,,,,,,,,,,,,,,,,,
Q131420,Q47142202,,,,,,,,,,,,,,,,,,,,,,,,,,,,,,,,,,,,,,,,,,,,,
Q131422,Q10329365,,,,,,,,,,,,,,,,,,,,,,,,,,,32394,,,,,,,,,,,,,,,,,,
Q131424,Q75382542,,,,,,,,,,,,,,,,,,,,,,,,,,,,,,,,,,,,,,,,,p10266.htm#i102657,,,UNKNOWN-89354,
Q131426,Q272918,,,,,,,,,,,,,,,,,,,,,,,,,,,,,,,,,,,,,,,,,,,,,
Q131428,Q332246,,,,,,,,,,,,,,,,,,,,,,,,,,,,,,,,,,,,,,,,,,,,,
Q131430,Q18206465,,,,,,,,,,,,,,,,,,,,,,,,,,,,,,,,,,,,,,,,,,,,,
Q131432,Q659437,,,,,,,,,,,,,,,,,,,,,,,,,,,,,,,,,,,,,,,,,,,,,
Q131434,Q4072434,,,,,,,,,,,,,,,,,,,,,,,,,,,,,,,,,,,,,,,,,,,,,
Q131436,Q3844469,,,,,,,,,,,,,,,,,,,,,,,,,,,,,,,,,,,,,,,,,,,,,
Q131438,Q3360794,,,,,,,,,,,,,,,,,,,,,,,,,,,,,,,,,,,,,,,,,,,,,
Q131440,Q270867,,,,,,,,,,,,,,,,,,,,,,,,,,,,,,,,,,,,,,,,,,,,,
Q131442,Q9022308,,,,,,,,,,,,,,,,,,,,,,,,,,,,,,,,,,,,,,,,,,,,,
Q131444,Q16555158,,,,,,,,,,,,,,,,,,,,,,,,,,,,,,,,,,,,,,,,,,,,,
Q131446,Q21547898,,,,,,,,,,,,,,,,,,,,,,,,,,,,,,,,,,,,,,,,,,,,,
Q131448,Q1374029,,,,,,,,,,,,,,,,,,,,,,,,,,,,,,,,,,,,,,,,,,,,,
Q131450,Q44384,,,,,,,,,,,,,,,,,,,,,,,,,,,26940,,,,,,,,,,,,,,,,,,
Q131452,Q572133,,,,,,,,,,,,,,,,,,,,,,,,,,,,,,,,,,,,,,,,,,,,,
Q131454,Q106240,,,,,,,,,,,,,,,,,,,,,,,,,,,,,,,,,,,,,,,,,,,,,
Q131456,Q105019,,,,,,,,,,,,,,,,,,,,,,,,,,,,,,,,,,,,,,,,,,,,,
Q131458,Q978079,,,,,,,,,,,,,,,,,,,,,,,,,,,288757,,,,,,,,,,,,,,,,,,
Q131460,Q1425549,,,,,,,,,,,,,,,,,,,,,,,,,,,,,,,,,,,,,,,,,,,,,
Q131462,Q204146,,,,,,,,,,,,,,,,,,,,,,,,,,,,,,,,,,,,,,,,,,,,,
Q131464,Q506770,,,,,,,,,,,,,,,,,,,,,,,,,,,,,,,,,,,,,,,,,,,,,
Q131466,Q206878,,,,,,,,,,,,,,,,,,,,,,,,,,,,,,,,,,,,,,,,,,,,,
Q131468,Q430157,,,,,,,,,,,,,,,,,,,,,,,,,,,,,,,,,,,,,,,,,,,,,
Q131470,Q65714,,,,,,,,,,,,,,,,,,,,,,,,,,,,,,,,,,,,,,,,,,,,,
Q131472,Q2102874,,,,,,,,,,,,,,,,,,,,,,,,,,,,,,,,,,,,,,,,,,,,,
Q131474,Q2280696,,,,,,,,,,,,,,,,,,,,,,,,,,,,,,,,,,,,,,,,,,,,,
Q131476,Q4217252,,,,,,,,,,,,,,,,,,,,,,,,,,,,,,,,,,,,,,,,,,,,,
Q131478,Q3833335,,,,,,,,,,,,,,,,,,,,,,,,,,,,,,,,,,,,,,,,,,,,,
Q131480,Q1465871,,,,,,,,,,,,,,,,,,,,,,,,,,,,,,,,,,,,,,,,,,,,,
Q131482,Q19800714,,,,,,,,,,,,,,,,,,,,,,,,,,,,,,,,,,,,,,,,,,,,,
Q131484,Q2350201,,,,,,,,,,,,,,,,,,,,,,,,,,,,,,,,,,,,,,,,,,,,,
Q131486,Q18642288,,,,,,,,,,,,,,,,,,,,,,,,,,,,,,,,,,,,,,,,,,,,,
Q131488,Q12748391,,,,,,,,,,,,,,,,,,,,,,,,,,,,,,,,,,,,,,,,,,,,,
Q131490,Q1088971,,,,,,,,,,,,,,,,,,,,,,,,,,,,,,,,,,,,,,,,,,,,,
Q131492,Q3855694,,,,,,,,,,,,,,,,,,,,,,,,,,,,,,,,,,,,,,,,,,,,,
Q131494,Q21548257,,,,,,,,,,,,,,,,,,,,,,,,,,,,,,,,,,,,,,,,,,,,,
Q131496,Q60194233,,,,,,,,,,,,,,,,,,,,,,,,,,,,,,,,,,,,,,,,,,,,,
Q131498,Q70075276,,,,,,,,,,,,,,,,,,,,,,,,,,,,,,,,,,,,,,,,,,,,,
Q131500,Q10420712,,,,,,,,,,,,,,,,,,,,,,,,,,,,,,,,,,,,,,,,,,,,,
Q131502,Q697942,,,,,,,,,,,,,,,,,,,,,,,,,,,,,,,,,,,,,,,,,,,,,
Q131504,Q844870,,,,,,,,,,,,,,,,,,,,,,,,,,,,,,,,,,,,,,,,,,,,,
Q131506,Q3960045,,,,,,,,,,,,,,,,,,,,,,,,,,,,,,,,,,,,,,,,,,,,,
Q131508,Q18642285,,,,,,,,,,,,,,,,,,,,,,,,,,,288769,,,,,,,,,,,,,,,,,,
Q131510,Q12958119,,,,,,,,,,,,,,,,,,,,,,,,,,,,,,,,,,,,,,,,,,,,,
Q131512,Q3270327,,,,,,,,,,,,,,,,,,,,,,,,,,,,,,,,,,,,,,,,,,,,,
Q131514,Q55323614,,,,,,,,,,,,,,,,,,,,,,,,,,,,,,,,,,,,,,,,,,,,,
Q131516,Q103107,,,,,,,,,,,,,,,,,,,,,,,,,,,26831|288719,,,,,,,,,,,,,,,,,,
Q131518,Q250588,,,,,,,,,,,,,,,,,,,,,,,,,,,,,,,,,,,,,,,,,,,,,
Q131520,Q92294,,,,,,,,,,,,,,,,,,,,,,,,,,,,,,,,,,,,,,,,,,,,,
Q131522,Q92328,,,,,,,,,,,,,,,,,,,,,,,,,,,,,,,,,,,,,,,,,,,,,
Q131524,Q92338,,,,,,,,,,,,,,,,,,,,I9371,,,,,,,722190,,,,,,,,,,,,,,,,,,I00442249
Q131526,Q104413,,alvin-person:33282,,,,,,,,,,,,,,,,,,,,,,,,,,,,,,,,,,,,,,,,,,,
Q131528,Q104425,,,,,,,,,,,,,,,,,,,,,,,,,,,,,,,,,,,,,,,,,,,,,
Q131530,Q96358,,,,,,,,,,,,,,,,,,,,,,,,,,,,,,,,,,,,,,,,,,,,,
Q131532,Q176283,,,,,,,,,,,,,,,,,,,,,,,,,,,,,,,,,,,,,,,,,,,,,
Q131534,Q505207,,,,,,,,,,,,,,,,,,,,,,,,,,,,,,,,,,,,,,,,,,,,,
Q131536,Q690388,,,,,,,,,,,,,,,,,,,,,,,,,,,,,,,,,,,,,,,,,,,,,
Q131538,Q3523555,,,,,,,,,,,,,,,,,,,,,,,,,,,,,,,,,,,,,,,,,,,,,
Q131540,Q684590,,,,,,,,,,,,,,,,,,,,,,,,,,,,,,,,,,,,,,,,,,,,,
Q131542,Q55964637,,,,,,,,,,,,,,,,,,,,,,,,,,,,,,,,,,,,,,,,,,,,,
Q131544,Q55964567,,,,,,,,,,,,,,,,,,,,,,,,,,,,,,,,,,,,,,,,,,,,,
Q131546,Q59780666,,,,,,,,,,,,,,,,,,,,,,,,,,,,,,,,,,,,,,,,,,,,,
Q131548,Q591622,,,,,,,,,,,,,,,,,,,,,,,,,,,,,,,,,,,,,,,,,,,,,
Q131550,Q55973572,,,,,,,,,,,,,,,,,,,,,,,,,,,,,,,,,,,,,,,,,,,,,
Q131552,Q6612,,,,,,,,,,,,,,,,,,,,,,,,,,,,,,,,,,,,,,,,,,,,,
Q131554,Q140001,,,,,,,,,,,,,,,,,,,,,,,,,,,,,,,,,,,,,,,,,,,,,
Q131556,Q189347,,,,,,,,,,,,,,,,,,,,,,,,,,,,,,,,,,,,,,,,,,,,,
Q131558,Q194012,,,,,,,,,,,,,,,,,,,,,,,,,,,,,,,,,,,,,,,,,,,,,
Q131560,Q199647,,,,,,,,,,,,,,,,,,,,,,,,,,,,,,,,,,,,,,,,,,,,,
Q131562,Q465518,,,,,,,,,,,,,,,,,,,,,,,,,,,,,,,,,,,,,,,,,,,,,
Q131564,Q617977,,,,,,,,,,,,,,,,,,,,,,,,,,,,,,,,,,,,,,,,,,,,,
Q131566,Q1052301,,,,,,,,,,,,,,,,,,,,,,,,,,,,,,,,,,,,,,,,,,,,,
Q131568,Q578584,,,,,,,,,,,,,,,,,,,,,,,,,,,,,,,,,,,,,,,,,,,,,
Q131570,Q403964,,,,,,,,,,,,,,,,,,,,,,,,,,,,,,,,,,,,,,,,,,,,,
Q131572,Q975581,,,,,,,,,,,,,,,,,,,,,,,,,,,,,,,,,,,,,,,,,,,,,
Q131574,Q1065802,,,,,,,,,,,,,,,,,,,,,,,,,,,,,,,,,,,,,,,,,,,,,
Q131576,Q1365927,,,,,,,,,,,,,,,,,,,,,,,,,,,,,,,,,,,,,,,,,,,,,
Q131578,Q5383161,,,,,,,,,,,,,,,,,,,,,,,,,,,,,,,,,,,,,,,,,,,,,
Q131580,Q936486,,,,,,,,,,,,,,,,,,,,,,,,,,,,,,,,,,,,,,,,,,,,,
Q131582,Q364688,,,,,,,,,,,,,,,,,,,,,,,,,,,,,,,,,,,,,,,,,,,,,
Q131584,Q14321610,,,,,,,,,,,,,,,,,,,,,,,,,,,,,,,,,,,,,,,,,,,,,
Q131586,Q21548455,,,,,,,,,,,,,,,,,,,,,,,,,,,,,,,,,,,,,,,,,,,,,
Q131588,Q58619665,,,,,,,,,,,,,,,,,,,,,,,,,,,,,,,,,,,,,,,,,,,,,
Q131590,Q60199020,,,,,,,,,,,,,,,,,,,,,,,,,,,,,,,,,,,,,,,,,,,,,
Q131592,Q60464709,,,,,,,,,,,,,,,,,,,,,,,,,,,,,,,,,,,,,,,,,,,,,
Q131594,Q60957766,,,,,,,,,,,,,,,,,,,,,,,,,,,,,,,,,,,,,,,,,,,,,
Q131596,Q3134740,,,,,,,,,,,,,,,,,,,,,,,,,,,,,,,,,,,,,,,,,,,,,
Q131598,Q467515,,,,,,,,,,,,,,,,,,,,,,,,,,,,,,,,,,,,,,,,,,,,,
Q131600,Q3899052,,,,,,,,,,,,,,,,,,,,,,,,,,,,,,,,,,,,,,,,,,,,,
Q131602,Q1539632,,,,,,,,,,,,,,,,,,,,,,,,,,,,,,,,,,,,,,,,,,,,,
Q131604,Q843382,,,,,,,,,,,,,,,,,,,,,,,,,,,,,,,,,,,,,,,,,,,,,
Q131606,Q651660,,,,,,,,,,,,,,,,,,,,,,,,,,,,,,,,,,,,,,,,,,,,,
Q131608,Q2713107,,,,,,,,,,,,,,,,,,,,,,,,,,,,,,,,,,,,,,,,,,,,,
Q131610,Q151480,,,,,,,,,,,,,,,,,,,,,,,,,,,,,,,,,,,,,,,,,,,,,
Q131612,Q336230,,,,,,,,,,,,,,,,,,,,,,,,,,,,,,,,,,,,,,,,,,,,,
Q131614,Q66841,,,,,,,,,,,,,,,,,,,,,,,,,,,,,,,,,,,,,,,,,,,,,
Q131616,Q170379,,,,,,,,,,,,,,,,,,,,,,,,,,,,,,,,,,,,,,,,,,,,,
Q131618,Q182790,,,,,,,,,,,,,,,,,,,,,,,,,,,,,,,,,,,,,,,,,,,,,
Q131620,Q1371462,,,,,,,,,,,,,,,,,,,,,,,,,,,,,,,,,,,,,,,,,,,,,
Q131622,Q1751992,,,,,,,,,,,,,,,,,,,,,,,,,,,,,,,,,,,,,,,,,,,,,
Q131624,Q274600,,,,,,,,,,,,,,,,,,,,,,,,,,,,,,,,,,,,,,,,,,,,,
Q131626,Q47730356,,,,,,,,,,,,,,,,,,,,,,,,,,,,,,,,,,,,,,,,,,,,,
Q131628,Q199438,,,,,,,,,,,,,,,,,,,,,,,,,,,,,,,,,,,,,,,,,,,,,
Q131630,Q4228783,,,,,,,,,,,,,,,,,,,,,,,,,,,,,,,,,,,,,,,,,,,,,
Q131632,Q193115,,,,,,,,,,,,,,,,,,,,,,,,,,,,,,,,,,,,,,,,,,,,,
Q131634,Q61856582,,,,,,,,,,,,,,,,,,,,,,,,,,,,,,,,,,,,,,,,,,,,,
Q131636,Q2634447,,,,,,,,,,,,,,,,,,,,,,,,,,,,,,,,,,,,,,,,,,,,,
Q131638,Q160730,,,,,,,,,,,,,,,,,,,,,,,,,,,,,,,,,,,,,,,,,,,,,
Q131640,Q257768,,,,,,,,,,,,,,,,,,,,,,,,,,,,,,,,,,,,,,,,,,,,,
Q131642,Q836140,,,,,,,,,,,,,,,,,,,,,,,,,,,,,,,,,,,,,,,,,,,,,
Q131644,Q843514,,,,,,,,,,,,,,,,,,,,,,,,,,,,,,,,,,,,,,,,,,,,,
Q131646,Q1052877,,,,,,,,,,,,,,,,,,,,,,,,,,,,,,,,,,,,,,,,,,,,,
Q131648,Q1645883,,,,,,,,,,,,,,,,,,,,,,,,,,,,,,,,,,,,,,,,,,,,,
Q131650,Q3725417,,,,,,,,,,,,,,,,,,,,,,,,,,,,,,,,,,,,,,,,,,,,,
Q131652,Q3899048,,,,,,,,,,,,,,,,,,,,,,,,,,,,,,,,,,,,,,,,,,,,,
Q131654,Q2713002,,,,,,,,,,,,,,,,,,,,,,,,,,,,,,,,,,,,,,,,,,,,,
Q131656,Q2525222,,,,,,,,,,,,,,,,,,,,,,,,,,,,,,,,,,,,,,,,,,,,,
Q131658,Q23168,,,,,,,,,,,,,,,,,,,,,,,,,,,,,,,,,,,,,,,,,,,,,
Q131660,Q1065774,,,,,,,,,,,,,,,,,,,,,,,,,,,,,,,,,,,,,,,,,,,,,
Q131662,Q11762480,,,,,,,,,,,,,,,,,,,,,,,,,,,,,,,,,,,,,,,,,,,,,
Q131664,Q12046224,,,,,,,,,,,,,,,,,,,,,,,,,,,,,,,,,,,,,,,,,,,,,
Q131666,Q130832,,,,,,,,,,,,,,,,,,,,,,,,,,,,,,,,,,,,,,,,,,,,,
Q131667,Q119463,,,,,,,,,,,,,,,,,,,,,,,,,,,,,,,,,,,,,,,,,,,,,
Q131669,Q1493870,,,,,,,,,,,,,,,,,,,,,,,,,,,,,,,,,,,,,,,,,,,,,
Q131671,Q206187,,,,,,,,,,,,,,,,,,,,,,,,,,,96037|87800,,,,,,,,,,,,,,,,,,
Q131673,Q210871,,,,,,,,,,,,,,,,,,,,,,,,,,,,,,,,,,,,,,,,,,,,,
Q131675,Q2294502,,,,,,,,,,,,,,,,,,,,,,,,,,,,,,,,,,,,,,,,,,,,,
Q131677,Q2445677,,,,,,,,,,,,,,,,,,,,,,,,,,,,,,,,,,,,,,,,,,,,,
Q131679,Q3088918,,,,,,,,,,,,,,,,,,,,,,,,,,,,,,,,,,,,,,,,,,,,,
Q131681,Q45967,,,,,,,,,,,,,,,,,,,,,,,,,,,403669,,,,,,,,,,,,,,,,,,
Q131683,Q461212,,,,,,,,,,,,,,,,,,,,,,,,,,,82924,,,,,,,,,,,,,,,,,,
Q131685,Q649476,,,,,,,,,,,,,,,,,,,,,,,,,,,,,,,,,,,,,,,,,,,,,
Q131687,Q94066,,,,,,,,,,,,,,,,,,,,,,,,,,,,,,,,,,,,,,,,,,,,,
Q131689,Q420264,,,,,,,,,,,,,,,,,,,,,,,,,,,,,,,,,,,,,,,,,,,,,
Q131691,Q482039,,,,,,,,,,,,,,,,,,,,,,,,,,,,,,,,,,,,,,,,,,,,,
Q131693,Q320660,,,,,,,,,,,,,,,,,,,,,,,,,,,,,,,,,,,,,,,,,,,,,
Q131695,Q47501478,,,,,,,,,,,,,,,,,,,,,,,,,,,,,,,,,,,,,,,,,,,,,
Q131697,Q16640745,,,,,,,,,,,,,,,,,,,,,,,,,,,,,,,,,,,,,,,,,,,,,
Q131699,Q3606383,,,,,,,,,,,,,,,,,,,,,,,,,,,,,,,,,,,,,,,,,,,,,
Q131701,Q2293438,,,,,,,,,,,,,,,,,,,,,,,,,,,,,,,,,,,,,,,,,,,,,
Q131703,Q106624763,,,,,,,,,,,,,,,,,,,,,,,,,,,,,,,,,,,,,,,,,,,,,
Q131705,Q1133495,,,,,,,,,,,,,,,,,,,,,,,,,,,,,,,,,,,,,,,,,,,,,
Q131707,Q116214099,,,,,,,,,,,,,,,,,,,,,,,,,,,,,,,,,,,,,,,,,,,,,
Q131709,Q3060743,,,,,,,,,,,,,,,,,,,,,,,,,,,,,,,,,,,,,,,,,,,,,
Q131711,Q4422449,,,,,,,,,,,,,,,,,,,,,,,,,,,,,,,,,,,,,,,,,,,,,
Q131713,Q39503,,,,,,,,,,,,,,,,,,,,,,,,term/266156e9-e8df-44f3-b2fd-c10ae44e9128,,,26834,,,,,,,,,,,,,,,,,,
Q131715,Q110596,,,,,,,,,,,,,,,,,,,,,,,,,,,,,,,,,,,,,,,,,,,,,
Q131717,Q182101,,,,,,,,,,,,,,,,,,,,,,,,,,,338270,,,,,,,,,,,,,,,,,,
Q131719,Q242835,,,,,,,,,,,,,,,,,,,,,,,,,,,,,,,,,,,,,,,,,,,,,
Q131721,Q2849878,,,,,,,,,,,,,,,,,,,,,,,,,,,,,,,,,,,,,,,,,,,,,
Q131723,Q196865,,,,,,,,,,,,,,,,,,,,,,,,,,,,,,,,,,,,,,,,,,,,,
Q131725,Q747657,,,,,,,,,,,,,,,,,,,,,,,,,,,,,,,,,,,,,,,,,,,,,
Q131727,Q21547790,,,,,,,,,,,,,,,,,,,,,,,,,,,,,,,,,,,,,,,,,,,,,
Q131729,Q502156,,,,,,,,,,,,,,,,,,,,,,,,,,,,,,,,,,,,,,,,,,,,,
Q131731,Q3884191,,,,,,,,,,,,,,,,,,,,,,,,,,,,,,,,,,,,,,,,,,,,,
Q131733,Q606422,,,,,,,,,,,,,,,,,,,,,,,,,,,,,,,,,,,,,,,,,,,,,
Q131735,Q831577,,,,,,,,,,,,,,,,,,,,,,,,,,,,,,,,,,,,,,,,,,,,,
Q131737,Q22965389,,,,,,,,,,,,,,,,,,,,,,,,,,,,,,,,,,,,,,,,,,,,,
Q131739,Q7559062,,,,,,,,,,,,,,,,,,,,,,,,,,,,,,,,,,,,,,,,,,,,,
Q131741,Q849438,,,,,,,,,,,,,,,,,,,,,,,,,,,,,,,,,,,,,,,,,,,,,
Q131743,Q31256,,,,,,,,,,,,,,,,,,,,,,,,,,,,,,,,,,,,,,,,,,,,,
Q131745,Q16939289,,,,,,,,,,,,,,,,,,,,,,,,,,,,,,,,,,,,,,,,,,,,,
Q131747,Q917719,,,,,,,,,,,,,,,,,,,,,,,,,,,,,,,,,,,,,,,,,,,,,
Q131749,Q193609,,,,,,,,,,,,,,,,,,,,,,,,,,,,,,,,,,,,,,,,,,,,,
Q131751,Q6411764,,,,,,,,,,,,,,,,,,,,,,,,,,,,,,,,,,,,,,,,,,,,,
Q131753,Q1663351,,,,,,,,,,,,,,,,,,,,,,,,,,,,,,,,,,,,,,,,,,,,,
Q131755,Q5184296,,,,,,,,,,,,,,,,,,,,,,,,,,,,,,,,,,,,,,,,,,,,,
Q131757,Q675699,,,,,,,,,,,,,,,,,,,,,,,,,,,288786,,,,,,,,,,,,,,,,,,
Q131759,Q2723170,,,,,,,,,,,,,,,,,,,,,,,,,,,,,,,,,,,,,,,,,,,,,
Q131761,Q47456662,,,,,,,,,,,,,,,,,,,,,,,,,,,,,,,,,,,,,,,,,,,,,
Q131763,Q587457,,,,,,,,,,,,,,,,,,,,,,,,,,,,,,,,,,,,,,,,,,,,,
Q131765,Q762520,,,,,,,,,,,,,,,,,,,,,,,,,,,,,,,,,,,,,,,,,,,,,
Q131767,Q1919421,,,,,,,,,,,,,,,,,,,,,,,,,,,,,,,,,,,,,,,,,,,,,
Q131769,Q3218512,,,,,,,,,,,,,,,,,,,,,,,,,,,,,,,,,,,,,,,,,,,,,
Q131771,Q3303321,,,,,,,,,,,,,,,,,,,,,,,,,,,,,,,,,,,,,,,,,,,,,
Q131773,Q140406,,,,,,,,,,,,,,,,,,,,,,,,,,,,,,,,,,,,,,,,,,,,,
Q131775,Q381931,,,,,,,,,,,,,,,,,,,,,,,,,,,88665,,,,,,,,,,,,,,,,,,
Q131777,Q180325,,,,,,,,,,,,,,,,,,,,,,,,,,,,,,,,,,,,,,,,,,,,,
Q131779,Q1073827,,,,,,,,,,,,,,,,,,,,,,,,,,,,,,,,,,,,,,,,,,,,,
Q131781,Q1884324,,,,,,,,,,,,,,,,,,,,,,,,,,,,,,,,,,,,,,,,,,,,,
Q131783,Q3043953,,,,,,,,,,,,,,,,,,,,,,,,,,,,,,,,,,,,,,,,,,,,,
Q131785,Q7674863,,,,,,,,,,,,,,,,,,,,,,,,,,,,,,,,,,,,,,,,,,,,,
Q131787,Q5185729,,,,,,,,,,,,,,,,,,,,,,,,,,,,,,,,,,,,,,,,,,,,,
Q131789,Q272047,,,,,,,,,,,,,,,,,,,,,,,,,,,395119,,,,,,,,,,,,,,,,,,
Q131791,Q12873353,,,,,,,,,,,,,,,,,,,,,,,,,,,,,,,,,,,,,,,,,,,,,
Q131793,Q3178796,,,,,,,,,,,,,,,,,,,,,,,,,,,,,,,,,,,,,,,,,,,,,
Q131795,Q607170,,,,,,,,,,,,,,,,,,,,,,,,,,,,,,,,,,,,,,,,,,,,,
Q131797,Q9164605,,,,,,,,,,,,,,,,,,,,,,,,,,,,,,,,,,,,,,,,,,,,,
Q131799,Q21560612,,,,,,,,,,,,,,,,,,,,,,,,,,,,,,,,,,,,,,,,,,,,,
Q131801,Q5039725,,,,,,,,,,,,,,,,,,,,,,,,,,,,,,,,,,,,,,,,,,,,,
Q131803,Q1317994,,,,,,,,,,,,,,,,,,,,,,,,,,,,,,,,,,,,,,,,,,,,,
Q131805,Q2991388,,,,,,,,,,,,,,,,,,,,,,,,,,,,,,,,,,,,,,,,,,,,,
Q131807,Q2705874,,,,,,,,,,,,,,,,,,,,,,,,,,,,,,,,,,,,,,,,,,,,,
Q131809,Q615912,,,,,,,,,,,,,,,,,,,,,,,,,,,,,,,,,,,,,,,,,,,,,
Q131811,Q119912,,,,,,,,,,,,,,,,,,,,,,,,,,,,,,,,,,,,,,,,,,,,,
Q131813,Q1917132,,,,,,,,,,,,,,,,,,,,,,,,,,,,,,,,,,,,,,,,,,,,,
Q131815,Q132582,,,,,,,,,,,,,,,,,,,,,,,,,,,,,,,,,,,,,,,,,,,,,
Q131817,Q11710892,,,,,,,,,,,,,,,,,,,,,,,,,,,,,,,,,,,,,,,,,,,,,
Q131819,Q1509780,,,,,,,,,,,,,,,,,,,,,,,,,,,,,,,,,,,,,,,,,,,,,
Q131821,Q16328302,,,,,,,,,,,,,,,,,,,,,,,,,,,,,,,,,,,,,,,,,,,,,
Q131823,Q15837391,,,,,,,,,,,,,,,,,,,,,,,,,,,,,,,,,,,,,,,,,,,,,
Q131825,Q26276980,,,,,,,,,,,,,,,,,,,,,,,,,,,,,,,,,,,,,,,,,,,,,
Q131827,Q21548017,,,,,,,,,,,,,,,,,,,,,,,,,,,,,,,,,,,,,,,,,,,,,
Q131829,Q55413484,,,,,,,,,,,,,,,,,,,,,,,,,,,,,,,,,,,,,,,,,,,,,
Q131831,Q4998063,,,,,,,,,,,,,,,,,,,,,,,,,,,,,,,,,,,,,,,,,,,,,
Q131833,Q16329811,,,,,,,,,,,,,,,,,,,,,,,,,,,,,,,,,,,,,,,,,,,,,
Q131835,Q3658525,,,,,,,,,,,,,,,,,,,,,,,,,,,,,,,,,,,,,,,,,,,,,
Q131837,Q56703482,,,,,,,,,,,,,,,,,,,,,,,,,,,,,,,,,,,,,,,,,,,,,
Q131839,Q2361827,,,,,,,,,,,,,,,,,,,,,,,,,,,92296,,,,,,,,,,,,,,,,,,
Q131841,Q5115016,,,,,,,,,,,,,,,,,,,,,,,,,,,,,,,,,,,,,,,,,,,,,
Q131843,Q631406,,,,,,,,,,,,,,,,,,,,,,,,,,,,,,,,,,,,,,,,,,,,,
Q131845,Q2753233,,,,,,,,,,,,,,,,,,,,,,,,,,,,,,,,,,,,,,,,,,,,,
Q131847,Q58919198,,,,,,,,,,,,,,,,,,,,,,,,,,,,,,,,,,,,,,,,,,,,,
Q131849,Q59221715,,,,,,,,,,,,,,,,,,,,,,,,,,,,,,,,,,,,,,,,,,,,,
Q131851,Q59551326,,,,,,,,,,,,,,,,,,,,,,,,,,,,,,,,,,,,,,,,,,,,,
Q131853,Q16191019,,,,,,,,,,,,,,,,,,,,,,,,,,,,,,,,,,,,,,,,,,,,,
Q131855,Q60180121,,,,,,,,,,,,,,,,,,,,,,,,,,,,,,,,,,,,,,,,,,,,,
Q131857,Q20190414,,,,,,,,,,,,,,,,,,,,,,,,,,,,,,,,,,,,,,,,,,,,,
Q131859,Q60320570,,,,,,,,,,,,,,,,,,,,,,,,,,,,,,,,,,,,,,,,,,,,,
Q131861,Q60633511,,,,,,,,,,,,,,,,,,,,,,,,,,,,,,,,,,,,,,,,,,,,,
Q131863,Q60686327,,,,,,,,,,,,,,,,,,,,,,,,,,,,,,,,,,,,,,,,,,,,,
Q131865,Q61673683,,,,,,,,,,,,,,,,,,,,,,,,,,,,,,,,,,,,,,,,,,,,,
Q131867,Q190103,,,,,,,,,,,,,,,,,,,,,,,,,,,,,,,,,,,,,,,,,,,,,
Q131869,Q106091023,,,,,,,,,,,,,,,,,,,,,,,,,,,,,,,,,,,,,,,,,,,,,
Q131871,Q111210877,,,,,,,,,,,,,,,,,,,,,,,,,,,,,,,,,,,,,,,,,,,,,
Q131873,Q120629586,,,,,,,,,,,,,,,,,,,,,,,,,,,,,,,,,,,,,,,,,,,,,
Q131875,Q122901236,,,,,,,,,,,,,,,,,,,,,,,,,,,,,,,,,,,,,,,,,,,,,
Q131877,Q128900636,,,,,,,,,,,,,,,,,,,,,,,,,,,,,,,,,,,,,,,,,,,,,
Q131879,Q205251,,,,,,,,,,,,,,,,,,,,,,,,,,,,,,,,,,,,,,,,,,,,,
Q131881,Q22046827,,,,,,,,,,,,,,,,,,,,,,,,,,,,,,,,,,,,,,,,,,,,,
Q131884,Q842435,,,,,,,,,,,,,,,,,,,,,,,,,,,,,,,,,,,,,,,,,,,,,
Q131886,Q1146978,,,,,,,,,,,,,,,,,,,,,,,,,,,,,,,,,,,,,,,,,,,,,
Q131888,Q1128685,,,,,,,,,,,,,,,,,,,,,,,,,,,,,,,,,,,,,,,,,,,,,
Q131890,Q1352687,,,,,,,,,,,,,,,,,,,,,,,,,,,,,,,,,,,,,,,,,,,,,
Q131892,Q9191502,,,,,,,,,,,,,,,,,,,,,,,,,,,,,,,,,,,,,,,,,,,,,
Q131894,Q1627764,,,,,,,,,,,,,,,,,,,,,,,,,,,,,,,,,,,,,,,,,,,,,
Q131896,Q1126715,,,,,,,,,,,,,,,,,,,,,,,,,,,,,,,,,,,,,,,,,,,,,
Q131897,Q19681430,,,,,,,,,,,,,,,,,,,,,,,,,,,,,,,,,,,,,,,,,,,,,
Q131898,Q2715013,,,,,,,,,,,,,,,,,,,,,,,,,,,,,,,,,,,,,,,,,,,,,
Q131899,Q1471633,,,,,,,,,,,,,,,,,,,,,,,,,,,,,,,,,,,,,,,,,,,,,
Q131900,Q10396307,,,,,,,,,,,,,,,,,,,,,,,,,,,,,,,,,,,,,,,,,,,,,
Q131901,Q193567,,,,,,,,,,,,,,,,,,,,,,,,,,,,,,,,,,,,,,,,,,,,,
Q131902,Q637955,,,,,,,,,,,,,,,,,,,,,,,,,,,,,,,,,,,,,,,,,,,,,
Q131903,Q191481,,,,,,,,,,,,,,,,,,,,,,,,,,,,,,,,,,,,,,,,,,,,,
Q131904,Q592348,,,,,,,,,,,,,,,,,,,,,,,,,,,,,,,,,,,,,,,,,,,,,
Q131905,Q7179974,,,,,,,,,,,,,,,,,,,,,,,,,,,,,,,,,,,,,,,,,,,,,
Q131906,Q3342132,,,,,,,,,,,,,,,,,,,,,,,,,,,,,,,,,,,,,,,,,,,,,
Q131907,Q17521227,,,,,,,,,,,,,,,,,,,,,,,,,,,,,,,,,,,,,,,,,,,,,
Q131908,Q182439,,,,,,,,,,,,,,,,,,,,,,,,,,,,,,,,,,,,,,,,,,,,,
Q131909,Q271949,,,,,,,,,,,,,,,,,,,,,,,,,,,,,,,,,,,,,,,,,,,,,
Q131910,Q1372039,,,,,,,,,,,,,,,,,,,,,,,,,,,,,,,,,,,,,,,,,,,,,
Q131911,Q15838246,,,,,,,,,,,,,,,,,,,,,,,,,,,,,,,,,,,,,,,,,,,,,
Q131912,Q833826,,,,,,,,,,,,,,,,,,,,,,,,,,,,,,,,,,,,,,,,,,,,,
Q131913,Q757089,,,,,,,,,,,,,,,,,,,,,,,,,,,,,,,,,,,,,,,,,,,,,
Q131914,Q4673231,,,,,,,,,,,,,,,,,,,,,,,,,,,,,,,,,,,,,,,,,,,,,
Q131915,Q29654939,,,,,,,,,,,,,,,,,,,,,,,,,,,,,,,,,,,,,,,,,,,,,
Q131916,Q28075412,,,,,,,,,,,,,,,,,,,,,,,,,,,,,,,,,,,,,,,,,,,,,
Q131917,Q392631,,,,,,,,,,,,,,,,,,,,,,,,,,,,,,,,,,,,,,,,,,,,,
Q131918,Q10487485,,,,,,,,,,,,,,,,,,,,,,,,,,,,,,,,,,,,,,,,,,,,,
Q131919,Q1320718,,,,,,,,,,,,,,,,,,,,,,,,,,,89100,,,,,,,,,,,,,,,,,,
Q131920,Q905409,,,,,,,,,,,,,,,,,,,,,,,,,,,,,,,,,,,,,,,,,,,,,
Q131921,Q21547870,,,,,,,,,,,,,,,,,,,,,,,,,,,,,,,,,,,,,,,,,,,,,
Q131922,Q26611664,,,,,,,,,,,,,,,,,,,,,,,,,,,,,,,,,,,,,,,,,,,,,
Q131923,Q15709147,,,,,,,,,,,,,,,,,,,,,,,,,,,,,,,,,,,,,,,,,,,,,
Q131924,Q1817912,,,,,,,,,,,,,,,,,,,,,,,,,,,,,,,,,,,,,,,,,,,,,
Q131925,Q3618450,,,,,,,,,,,,,,,,,,,,,,,,,,,,,,,,,,,,,,,,,,,,,
Q131926,Q1304531,,,,,,,,,,,,,,,,,,,,,,,,,,,,,,,,,,,,,,,,,,,,,
Q131927,Q740468,,,,,,,,,,,,,,,,,,,,,,,,,,,,,,,,,,,,,,,,,,,,,
Q131928,Q1136130,,,,,,,,,,,,,,,,,,,,,,,,,,,,,,,,,,,,,,,,,,,,,
Q131929,Q1349772,,,,,,,,,,,,,,,,,,,,,,,,,,,,,,,,,,,,,,,,,,,,,
Q131930,Q1378556,,,,,,,,,,,,,,,,,,,,,,,,,,,,,,,,,,,,,,,,,,,,,
Q131931,Q1606756,,,,,,,,,,,,,,,,,,,,,,,,,,,,,,,,,,,,,,,,,,,,,
Q131932,Q16331922,,,,,,,,,,,,,,,,,,,,,,,,,,,,,,,,,,,,,,,,,,,,,
Q131933,Q43986,,,,,,,,,,,,,,,,,,,,,,,,,,,,,,,,,,,,,,,,,,,,,
Q131934,Q1466343,,,,,,,,,,,,,,,,,,,,,,,,,,,,,,,,,,,,,,,,,,,,,
Q131935,Q25433606,,,,,,,,,,,,,,,,,,,,,,,,,,,,,,,,,,,,,,,,,,,,,
Q131936,Q2632716,,,,,,,,,,,,,,,,,,,,,,,,,,,,,,,,,,,,,,,,,,,,,
Q131937,Q1347568,,,,,,,,,,,,,,,,,,,,,,,,,,,,,,,,,,,,,,,,,,,,,
Q131938,Q3346641,,,,,,,,,,,,,,,,,,,,,,,,,,,,,,,,,,,,,,,,,,,,,
Q131939,Q3268519,,,,,,,,,,,,,,,,,,,,,,,,,,,,,,,,,,,,,,,,,,,,,
Q131940,Q3060919,,,,,,,,,,,,,,,,,,,,,,,,,,,,,,,,,,,,,,,,,,,,,
Q131941,Q2352974,,,,,,,,,,,,,,,,,,,,,,,,,,,,,,,,,,,,,,,,,,,,,
Q131942,Q771241,,,,,,,,,,,,,,,,,,,,,,,,,,,,,,,,,,,,,,,,,,,,,
Q131943,Q863859,,,,,,,,,,,,,,,,,,,,,,,,,,,,,,,,,,,,,,,,,,,,,
Q131944,Q1125049,,,,,,,,,,,,,,,,,,,,,,,,,,,,,,,,,,,,,,,,,,,,,
Q131945,Q23818209,,,,,,,,,,,,,,,,,,,,,,,,,,,,,,,,,,,,,,,,,,,,,
Q131946,Q44418388,,,,,,,,,,,,,,,,,,,,,,,,,,,,,,,,,,,,,,,,,,,,,
Q131947,Q1924572,,,,,,,,,,,,,,,,,,,,,,,,,,,,,,,,,,,,,,,,,,,,,
Q131948,Q12873066,,,,,,,,,,,,,,,,,,,,,,,,,,,,,,,,,,,,,,,,,,,,,
Q131949,Q749123,,,,,,,,,,,,,,,,,,,,,,,,,,,,,,,,,,,,,,,,,,,,,
Q131950,Q12877646,,,,,,,,,,,,,,,,,,,,,,,,,,,,,,,,,,,,,,,,,,,,,
Q131951,Q189872,,,,,,,,,,,,,,,,,,,,,,,,,,,156589,,,,,,,,,,,,,,,,,,
Q131952,Q2578114,,,,,,,,,,,,,,,,,,,,,,,,,,,,,,,,,,,,,,,,,,,,,
Q131953,Q7124089,,,,,,,,,,,,,,,,,,,,,,,,,,,,,,,,,,,,,,,,,,,,,
Q131954,Q362738,,,,,,,,,,,,,,,,,,,,,,,,,,,,,,,,,,,,,,,,,,,,,
Q131955,Q18551588,,,,,,,,,,,,,,,,,,,,,,,,,,,,,,,,,,,,,,,,,,,,,
Q131956,Q957340,,,,,,,,,,,,,,,,,,,,,,,,,,,,,,,,,,,,,,,,,,,,,
Q131957,Q4063102,,,,,,,,,,,,,,,,,,,,,,,,,,,,,,,,,,,,,,,,,,,,,
Q131958,Q1657298,,,,,,,,,,,,,,,,,,,,,,,,,,,,,,,,,,,,,,,,,,,,,
Q131959,Q162797,,,,,,,,,,,,,,,,,,,,,,,,,,,,,,,,,,,,,,,,,,,,,
Q131960,Q5349850,,,,,,,,,,,,,,,,,,,,,,,,,,,,,,,,,,,,,,,,,,,,,
Q131961,Q2322448,,,,,,,,,,,,,,,,,,,,,,,,,,,,,,,,,,,,,,,,,,,,,
Q131962,Q4292726,,,,,,,,,,,,,,,,,,,,,,,,,,,,,,,,,,,,,,,,,,,,,
Q131963,Q10715158,,,,,,,,,,,,,,,,,,,,,,,,,,,,,,,,,,,,,,,,,,,,,
Q131964,Q3699000,,,,,,,,,,,,,,,,,,,,,,,,,,,,,,,,,,,,,,,,,,,,,
Q131965,Q6019601,,,,,,,,,,,,,,,,,,,,,,,,,,,,,,,,,,,,,,,,,,,,,
Q131966,Q247446,,,,,,,,,,,,,,,,,,,,,,,,,,,,,,,,,,,,,,,,,,,,,
Q131967,Q6050752,,,,,,,,,,,,,,,,,,,,,,,,,,,,,,,,,,,,,,,,,,,,,
Q131968,Q4421209,,,,,,,,,,,,,,,,,,,,,,,,,,,,,,,,,,,,,,,,,,,,,
Q131969,Q62944,,,,,,,,,,,,,,,,,,,,,,,,,,,,,,,,,,,,,,,,,,,,,
Q131970,Q3620546,,,,,,,,,,,,,,,,,,,,,,,,,,,,,,,,,,,,,,,,,,,,,
Q131971,Q3381352,,,,,,,,,,,,,,,,,,,,,,,,,,,,,,,,,,,,,,,,,,,,,
Q131972,Q679716,,,,,,,,,,,,,,,,,,,,,,,,,,,,,,,,,,,,,,,,,,,,,
Q131973,Q2167123,,,,,,,,,,,,,,,,,,,,,,,,,,,,,,,,,,,,,,,,,,,,,
Q131974,Q1066344,,,,,,,,,,,,,,,,,,,,,,,,,,,,,,,,,,,,,,,,,,,,,
Q131975,Q1088981,,,,,,,,,,,,,,,,,,,,,,,,,,,,,,,,,,,,,,,,,,,,,
Q131976,Q3198070,,,,,,,,,,,,,,,,,,,,,,,,,,,,,,,,,,,,,,,,,,,,,
Q131977,Q308055,,,,,,,,,,,,,,,,,,,,,,,,,,,,,,,,,,,,,,,,,,,,,
Q131978,Q1074481,,,,,,,,,,,,,,,,,,,,,,,,,,,,,,,,,,,,,,,,,,,,,
Q131979,Q18816362,,,,,,,,,,,,,,,,,,,,,,,,,,,,,,,,,,,,,,,,,,,,,
Q131980,Q392412,,,,,,,,,,,,,,,,,,,,,,,,,,,,,,,,,,,,,,,,,,,,,
Q131981,Q541061,,,,,,,,,,,,,,,,,,,,,,,,,,,,,,,,,,,,,,,,,,,,,
Q131982,Q4891678,,,,,,,,,,,,,,,,,,,,,,,,,,,,,,,,,,,,,,,,,,,,,
Q131983,Q22906256,,,,,,,,,,,,,,,,,,,,,,,,,,,,,,,,,,,,,,,,,,,,,
Q131984,Q4259170,,,,,,,,,,,,,,,,,,,,,,,,,,,,,,,,,,,,,,,,,,,,,
Q131985,Q28126889,,,,,,,,,,,,,,,,,,,,,,,,,,,,,,,,,,,,,,,,,,,,,
Q131986,Q641065,,,,,,,,,,,,,,,,,,,,,,,,,,,154587,,,,,,,,,,,,,,,,,,
Q131987,Q3907701,,,,,,,,,,,,,,,,,,,,,,,,,,,,,,,,,,,,,,,,,,,,,
Q131988,Q3950582,,,,,,,,,,,,,,,,,,,,,,,,,,,,,,,,,,,,,,,,,,,,,
Q131989,Q1469237,,,,,,,,,,,,,,,,,,,,,,,,,,,,,,,,,,,,,,,,,,,,,
Q131990,Q843335,,,,,,,,,,,,,,,,,,,,,,,,,,,404380,,,,,,,,,,,,,,,,,,
Q131991,Q532251,,,,,,,,,,,,,,,,,,,,,,,,,,,,,,,,,,,,,,,,,,,,,
Q131992,Q1301972,,,,,,,,,,,,,,,,,,,,,,,,,,,,,,,,,,,,,,,,,,,,,
Q131993,Q207663,,,,,,,,,,,,,,,,,,,,,,,,,,,,,,,,,,,,,,,,,,,,,
Q131994,Q5873881,,,,,,,,,,,,,,,,,,,,,,,,,,,,,,,,,,,,,,,,,,,,,
Q131995,Q1088867,,,,,,,,,,,,,,,,,,,,,,,,,,,,,,,,,,,,,,,,,,,,,
Q131996,Q12757032,,,,,,,,,,,,,,,,,,,,,,,,,,,,,,,,,,,,,,,,,,,,,
Q131997,Q11941123,,,,,,,,,,,,,,,,,,,,,,,,,,,,,,,,,,,,,,,,,,,,,
Q131998,Q4749584,,,,,,,,,,,,,,,,,,,,,,,,,,,,,,,,,,,,,,,,,,,,,
Q131999,Q5712975,,,,,,,,,,,,,,,,,,,,,,,,,,,,,,,,,,,,,,,,,,,,,
Q132000,Q6885930,,,,,,,,,,,,,,,,,,,,,,,,,,,,,,,,,,,,,,,,,,,,,
Q132001,Q16328054,,,,,,,,,,,,,,,,,,,,,,,,,,,,,,,,,,,,,,,,,,,,,
Q132002,Q15825733,,,,,,,,,,,,,,,,,,,,,,,,,,,,,,,,,,,,,,,,,,,,,
Q132003,Q53271809,,,,,,,,,,,,,,,,,,,,,,,,,,,,,,,,,,,,,,,,,,,,,
Q132004,Q5869976,,,,,,,,,,,,,,,,,,,,,,,,,,,,,,,,,,,,,,,,,,,,,
Q132005,Q4419033,,,,,,,,,,,,,,,,,,,,,,,,,,,,,,,,,,,,,,,,,,,,,
Q132006,Q21548810,,,,,,,,,,,,,,,,,,,,,,,,,,,,,,,,,,,,,,,,,,,,,
Q132007,Q21548578,,,,,,,,,,,,,,,,,,,,,,,,,,,,,,,,,,,,,,,,,,,,,
Q132008,Q55590474,,,,,,,,,,,,,,,,,,,,,,,,,,,,,,,,,,,,,,,,,,,,,
Q132009,Q21548702,,,,,,,,,,,,,,,,,,,,,,,,,,,,,,,,,,,,,,,,,,,,,
Q132010,Q15543116,,,,,,,,,,,,,,,,,,,,,,,,,,,,,,,,,,,,,,,,,,,,,
Q132011,Q21548259,,,,,,,,,,,,,,,,,,,,,,,,,,,,,,,,,,,,,,,,,,,,,
Q132012,Q55962319,,,,,,,,,,,,,,,,,,,,,,,,,,,,,,,,,,,,,,,,,,,,,
Q132013,Q56246406,,,,,,,,,,,,,,,,,,,,,,,,,,,,,,,,,,,,,,,,,,,,,
Q132014,Q57208772,,,,,,,,,,,,,,,,,,,,,,,,,,,,,,,,,,,,,,,,,,,,,
Q132015,Q57426646,,,,,,,,,,,,,,,,,,,,,,,,,,,,,,,,,,,,,,,,,,,,,
Q132016,Q58918959,,,,,,,,,,,,,,,,,,,,,,,,,,,,,,,,,,,,,,,,,,,,,
Q132017,Q5805573,,,,,,,,,,,,,,,,,,,,,,,,,,,,,,,,,,,,,,,,,,,,,
Q132018,Q60185226,,,,,,,,,,,,,,,,,,,,,,,,,,,,,,,,,,,,,,,,,,,,,
Q132019,Q60219445,,,,,,,,,,,,,,,,,,,,,,,,,,,,,,,,,,,,,,,,,,,,,
Q132020,Q61241198,,,,,,,,,,,,,,,,,,,,,,,,,,,,,,,,,,,,,,,,,,,,,
Q132021,Q385397,,,,,,,,,,,,,,,,,,,,,,,,,,,,,,,,,,,,,,,,,,,,,
Q132022,Q106619538,,,,,,,,,,,,,,,,,,,,,,,,,,,,,,,,,,,,,,,,,,,,,
Q132023,Q28224981,,,,,,,,,,,,,,,,,,,,,,,,,,,,,,,,,,,,,,,,,,,,,
Q132024,Q111511213,,,,,,,,,,,,,,,,,,,,,,,,,,,,,,,,,,,,,,,,,,,,,
Q132025,Q106521686,,,,,,,,,,,,,,,,,,,,,,,,,,,,,,,,,,,,,,,,,,,,,
Q132026,Q200073,,,,,,,,,,,,,,,,,,,,,,,,,,,,,,,,,,,,,,,,,,,,,
Q132027,Q3274055,,,,,,,,,,,,,,,,,,,,,,,,,,,,,,,,,,,,,,,,,,,,,
Q132028,Q134388,,,,,,,,,,,,,,,,,,,,,,,,,,,,,,,,,,,,,,,,,,,,,
Q132029,Q859392,,,,,,,,,,,,,,,,,,,,,,,,,,,,,,,,,,,,,,,,,,,,,
Q132030,Q178710,,,,,,,,,,,,,,,,,,,,,,,,,,,,,,,,,,,,,,,,,,,,,
Q132031,Q152262,,,,,,,,,,,,,,,,,,,,,,,,,,,,,,,,,,,,,,,,,,,,,
Q132032,Q4649,,,,,,,,,,,,,,,,,,,,,,,,,,,,,,,,,,,,,,,,,,,,,
Q132033,Q125046,,,,,,,,,,,,,,,,,,,,,,,,,,,,,,,,,,,,,,,,,,,,,
Q132034,Q14515330,,,,,,,,,,,,,,,,,,,,,,,,,,,,,,,,,,,,,,,,,,,,,
Q132035,Q1373648,,,,,,,,,,,,,,,,,,,,,,,,,,,,,,,,,,,,,,,,,,,,,
Q132036,Q2293816,,,,,,,,,,,,,,,,,,,,,,,,,,,423174,,,,,,,,,,,,,,,,,,
Q132037,Q57338191,,,,,,,,,,,,,,,,,,,,,,,,,,,,,,,,,,,,,,,,,,,,,
Q132038,Q16697870,,,,,,,,,,,,,,,,,,,,,,,,,,,,,,,,,,,,,,,,,,,,,
Q132039,Q60172164,,,,,,,,,,,,,,,,,,,,,,,,,,,,,,,,,,,,,,,,,,,,,
Q132040,Q3854794,,,,,,,,,,,,,,,,,,,,,,,,,,,,,,,,,,,,,,,,,,,,,
Q132041,Q131346,,,,,,,,,,,,,,,,,,,,,,,,,,,403728,,,,,,,,,,,,,,,,,,
Q132042,Q622809,,,,,,,,,,,,,,,,,,,,,,,,,,,,,,,,,,,,,,,,,,,,,
Q132043,Q7250258,,,,,,,,,,,,,,,,,,,,,,,,,,,,,,,,,,,,,,,,,,,,,
Q132044,Q3407456,,,,,,,,,,,,,,,,,,,,,,,,,,,,,,,,,,,,,,,,,,,,,
Q132045,Q55996286,,,,,,,,,,,,,,,,,,,,,,,,,,,,,,,,,,,,,,,,,,,,,
Q132046,Q2416378,,,,,,,,,,,,,,,,,,,,,,,,,,,,,,,,,,,,,,,,,,,,,
Q132047,Q3674732,,,,,,,,,,,,,,,,,,,,,,,,,,,,,,,,,,,,,,,,,,,,,
Q132048,Q17381978,,,,,,,,,,,,,,,,,,,,,,,,,,,,,,,,,,,,,,,,,,,,,
Q132049,Q404076,,,,,,,,,,,,,,,,,,,,,,,,,,,,,,,,,,,,,,,,,,,,,
Q132050,Q643504,,,,,,,,,,,,,,,,,,,,,,,,,,,,,,,,,,,,,,,,,,,,,
Q132051,Q3010239,,,,,,,,,,,,,,,,,,,,,,,,,,,,,,,,,,,,,,,,,,,,,
Q132052,Q1775444,,,,,,,,,,,,,,,,,,,,,,,,,,,,,,,,,,,,,,,,,,,,,
Q132053,Q901224,,,,,,,,,,,,,,,,,,,,,,,,,,,,,,,,,,,,,,,,,,,,,
Q132054,Q21272183,,,,,,,,,,,,,,,,,,,,,,,,,,,,,,,,,,,,,,,,,,,,,
Q132055,Q134297110,,,,,,,,,,,,,,,,,,,,,,,,,,,,,,,,,,,,,,,,,,,,,
Q132056,Q122829761,,,,,,,,,,,,,,,,,,,,,,,,,,,,,,,,,,,,,,,,,,,,,
Q132057,Q1921959,,,,,,,,,,,,,,,,,,,,,,,,,,,,,,,,,,,,,,,,,,,,,
Q132058,Q1119537,,,,,,,,,,,,,,,,,,,,,,,,,,,,,,,,,,,,,,,,,,,,,
Q132059,Q1638536,,,,,,,,,,,,,,,,,,,,,,,,,,,,,,,,,,,,,,,,,,,,,
Q132060,Q2071913,,,,,,,,,,,,,,,,,,,,,,,,,,,,,,,,,,,,,,,,,,,,,
Q132061,Q187602,,,,,,,,,,,,,,,,,,,,,,,,,,,,,,,,,,,,,,,,,,,,,
Q132062,Q203236,,,,,,,,,,,,,,,,,,,,,,,,,,,,,,,,,,,,,,,,,,,,,
Q132063,Q1381908,,,,,,,,,,,,,,,,,,,,,,,,,,,,,,,,,,,,,,,,,,,,,
Q132064,Q12647151,,,,,,,,,,,,,,,,,,,,,,,,,,,,,,,,,,,,,,,,,,,,,
Q132065,Q3563229,,,,,,,,,,,,,,,,,,,,,,,,,,,,,,,,,,,,,,,,,,,,,
Q132066,Q4687519,,,,,,,,,,,,,,,,,,,,,,,,,,,,,,,,,,,,,,,,,,,,,
Q132067,Q24936674,,,,,,,,,,,,,,,,,,,,,,,,,,,,,,,,,,,,,,,,,,,,,
Q132068,Q1419059,,,,,,,,,,,,,,,,,,,,,,,,,,,,,,,,,,,,,,,,,,,,,
Q132069,Q737306,,,,,,,,,,,,,,,,,,,,,,,,,,,141276,,,,,,,,,,,,,,,,,,
Q132070,Q97562,,,,,,,,,,,,,,,,,,,,,,,,,,,,,,,,,,,,,,,,,,,,,
Q132071,Q903273,,,,,,,,,,,,,,,,,,,,,,,,,,,,,,,,,,,,,,,,,,,,,
Q132072,Q3378668,,,,,,,,,,,,,,,,,,,,,,,,,,,,,,,,,,,,,,,,,,,,,
Q132073,Q2245728,,,,,,,,,,,,,,,,,,,,,,,,,,,,,,,,,,,,,,,,,,,,,
Q132074,Q836518,,,,,,,,,,,,,,,,,,,,,,,,,,,,,,,,,,,,,,,,,,,,,
Q132075,Q1721421,,,,,,,,,,,,,,,,,,,,,,,,,,,,,,,,,,,,,,,,,,,,,
Q132076,Q1740184,,,,,,,,,,,,,,,,,,,,,,,,,,,,,,,,,,,,,,,,,,,,,
Q132077,Q9337884,,,,,,,,,,,,,,,,,,,,,,,,,,,,,,,,,,,,,,,,,,,,,
Q132078,Q7263645,,,,,,,,,,,,,,,,,,,,,,,,,,,,,,,,,,,,,,,,,,,,,
Q132079,Q7180028,,,,,,,,,,,,,,,,,,,,,,,,,,,,,,,,,,,,,,,,,,,,,
Q132080,Q7616947,,,,,,,,,,,,,,,,,,,,,,,,,,,,,,,,,,,,,,,,,,,,,
Q132081,Q16331689,,,,,,,,,,,,,,,,,,,,,,,,,,,,,,,,,,,,,,,,,,,,,
Q132082,Q17138459,,,,,,,,,,,,,,,,,,,,,,,,,,,,,,,,,,,,,,,,,,,,,
Q132083,Q506781,,,,,,,,,,,,,,,,,,,,,,,,,,,131916,,,,,,,,,,,,,,,,,,
Q132084,Q55529508,,,,,,,,,,,,,,,,,,,,,,,,,,,,,,,,,,,,,,,,,,,,,
Q132085,Q5369058,,,,,,,,,,,,,,,,,,,,,,,,,,,,,,,,,,,,,,,,,,,,,
Q132086,Q1199937,,,,,,,,,,,,,,,,,,,,,,,,,,,,,,,,,,,,,,,,,,,,,
Q132087,Q1235172,,,,,,,,,,,,,,,,,,,,,,,,,,,,,,,,,,,,,,,,,,,,,
Q132088,Q2859290,,,,,,,,,,,,,,,,,,,,,,,,,,,,,,,,,,,,,,,,,,,,,
Q132089,Q4347724,,,,,,,,,,,,,,,,,,,,,,,,,,,,,,,,,,,,,,,,,,,,,
Q132090,Q611138,,,,,,,,,,,,,,,,,,,,,,,,,,,,,,,,,,,,,,,,,,,,,
Q132091,Q1928517,,,,,,,,,,,,,,,,,,,,,,,,,,,,,,,,,,,,,,,,,,,,,
Q132092,Q6682784,,,,,,,,,,,,,,,,,,,,,,,,,,,,,,,,,,,,,,,,,,,,,
Q132093,Q61410291,,,,,,,,,,,,,,,,,,,,,,,,,,,,,,,,,,,,,,,,,,,,,
Q132094,Q105773233,,,,,,,,,,,,,,,,,,,,,,,,,,,,,,,,,,,,,,,,,,,,,
Q132095,Q60585538,,,,,,,,,,,,,,,,,,,,,,,,,,,,,,,,,,,,,,,,,,,,,
Q132096,Q912904,,,,,,,,,,,,,,,,,,,,,,,,,,,,,,,,,,,,,,,,,,,,,
Q132097,Q212818,,,,,,,,,,,,,,,,,,,,,,,,,,,,,,,,,,,,,,,,,,,,,
Q132098,Q474854,,,,,,,,,,,,,,,,,,,,,,,,,,,,,,,,,,,,,,,,,,,,,
Q132099,Q43891313,,,,,,,,,,,,,,,,,,,,,,,,,,,,,,,,,,,,,,,,,,,,,
Q132100,Q1388093,,,,,,,,,,,,,,,,,,,,,,,,,,,,,,,,,,,,,,,,,,,,,
Q132101,Q3854114,,,,,,,,,,,,,,,,,,,,,,,,,,,,,,,,,,,,,,,,,,,,,
Q132102,Q1572248,,,,,,,,,,,,,,,,,,,,,,,,,,,,,,,,,,,,,,,,,,,,,
Q132103,Q16330016,,,,,,,,,,,,,,,,,,,,,,,,,,,,,,,,,,,,,,,,,,,,,
Q132104,Q56634453,,,,,,,,,,,,,,,,,,,,,,,,,,,,,,,,,,,,,,,,,,,,,
Q132105,Q3085116,,,,,,,,,,,,,,,,,,,,,,,,,,,,,,,,,,,,,,,,,,,,,
Q132106,Q1651665,,,,,,,,,,,,,,,,,,,,,,,,,,,,,,,,,,,,,,,,,,,,,
Q132107,Q3086735,,,,,,,,,,,,,,,,,,,,,,,,,,,,,,,,,,,,,,,,,,,,,
Q132108,Q21030618,,,,,,,,,,,,,,,,,,,,,,,,,,,,,,,,,,,,,,,,,,,,,
Q132109,Q182019,,,,,,,,,,,,,,,,,,,,,,,,term/4d11ff46-aea2-4a39-a462-b04c34d57341,,,423197,,,,,,,,,,,,,,,,,,
Q132110,Q11294144,,,,,,,,,,,,,,,,,,,,,,,,,,,,,,,,,,,,,,,,,,,,,
Q132111,Q119495,,,,,,,,,,,,,,,,,,,,,,,,,,,,,,,,,,,,,,,,,,,,,
Q132112,Q171839,,,,,,,,,,,,,,,,,,,,,,,,,,,334298,,,,,,,,,,,,,,,,,,
Q132113,Q167646,,,,,,,,,,,,,,,,,,,,,,,,person/39C81003-3E84-454B-8B04-85A24B2E89A3,,,87806|406131,,,,,,,,,,,,,,,,,,
Q132114,Q736813,,,,,,,,,,,,,,,,,,,,,,,,,,,406334,,,,,,,,,,,,,,,,,,
Q132115,Q41746,,,,,,,,,,,,,,,,,,,,,,,,,,,,,,,,,,,,,,,,,,,,,
Q132116,Q192673,,,,,,,,,,,,,,,,,,,,,,,,,,,,,,,,,,,,,,,,,,,,,
Q132117,Q658523,,,,,,,,,,,,,,,,,,,,,,,,,,,423559,,,,,,,,,,,,,,,,,,
Q132118,Q3392477,,,,,,,,,,,,,,,,,,,,,,,,,,,,,,,,,,,,,,,,,,,,,
Q132119,Q12881223,,,,,,,,,,,,,,,,,,,,,,,,,,,,,,,,,,,,,,,,,,,,,
Q132120,Q410424,,,,,,,,,,,,,,,,,,,,,,,,,,,,,,,,,,,,,,,,,,,,,
Q132121,Q58821297,,,,,,,,,,,,,,,,,,,,,,,,,,,,,,,,,,,,,,,,,,,,,
Q132122,Q59238305,,,,,,,,,,,,,,,,,,,,,,,,,,,,,,,,,,,,,,,,,,,,,
Q132123,Q1154304,,,,,,,,,,,,,,,,,,,,,,,,,,,,,,,,,,,,,,,,,,,,,
Q132124,Q20828900,,,,,,,,,,,,,,,,,,,,,,,,,,,,,,,,,,,,,,,,,,,,,
Q132125,Q3646670,,,,,,,,,,,,,,,,,,,,,,,,,,,,,,,,,,,,,,,,,,,,,
Q132126,Q390461,,,,,,,,,,,,,,,,,,,,,,,,,,,,,,,,,,,,,,,,,,,,,
Q132127,Q62344048,,,,,,,,,,,,,,,,,,,,,,,,,,,,,,,,,,,,,,,,,,,,,
Q132128,Q3734203,,,,,,,,,,,,,,,,,,,,,,,,,,,,,,,,,,,,,,,,,,,,,
Q132129,Q47231,,,,,,,,,,,,,,,,,,,,,,,,,,,,,,,,,,,,,,,,,,,,,
Q132130,Q2722978,,,,,,,,,,,,,,,,,,,,,,,,,,,,,,,,,,,,,,,,,,,,,
Q132131,Q9021947,,,,,,,,,,,,,,,,,,,,,,,,,,,,,,,,,,,,,,,,,,,,,
Q132132,Q3833201,,,,,,,,,,,,,,,,,,,,,,,,,,,,,,,,,,,,,,,,,,,,,
Q132133,Q192482,,,,,,,,,,,,,,,,,,,,,,,,,,,,,,,,,,,,,,,,,,,,,
Q132134,Q3089703,,,,,,,,,,,,,,,,,,,,,,,,,,,,,,,,,,,,,,,,,,,,,
Q132135,Q1546675,,,,,,,,,,,,,,,,,,,,,,,,,,,,,,,,,,,,,,,,,,,,,
Q132136,Q1401858,,,,,,,,,,,,,,,,,,,,,,,,,,,,,,,,,,,,,,,,,,,,,
Q132137,Q1137364,,,,,,,,,,,,,,,,,,,,,,,,,,,87808|89099,,,,,,,,,,,,,,,,,,
Q132138,Q2107379,,,,,,,,,,,,,,,,,,,,,,,,,,,,,,,,,,,,,,,,,,,,,
Q132139,Q165769,,,,,,,,,,,,,,,,,,,,,,,,,,,,,,,,,,,,,,,,,,,,,
Q132140,Q3854231,,,,,,,,,,,,,,,,,,,,,,,,,,,,,,,,,,,,,,,,,,,,,
Q132141,Q2987780,,,,,,,,,,,,,,,,,,,,,,,,,,,,,,,,,,,,,,,,,,,,,
Q132142,Q1133514,,,,,,,,,,,,,,,,,,,,,,,,,,,,,,,,,,,,,,,,,,,,,
Q132143,Q3609647,,,,,,,,,,,,,,,,,,,,,,,,,,,,,,,,,,,,,,,,,,,,,
Q132144,Q2276869,,,,,,,,,,,,,,,,,,,,,,,,,,,,,,,,,,,,,,,,,,,,,
Q132145,Q7844262,,,,,,,,,,,,,,,,,,,,,,,,,,,,,,,,,,,,,,,,,,,,,
Q132146,Q12725881,,,,,,,,,,,,,,,,,,,,,,,,,,,,,,,,,,,,,,,,,,,,,
Q132147,Q66488374,,,,,,,,,,,,,,,,,,,,,,,,,,,,,,,,,,,,,,,,,,,,,
Q132148,Q37330653,,,,,,,,,,,,,,,,,,,,,,,,,,,,,,,,,,,,,,,,,,,,,
Q132149,Q202257,,,,,,,,,,,,,,,,,,,,,,,,,,,,,,,,,,,,,,,,,,,,,
Q132150,Q574825,,,,,,,,,,,,,,,,,,,,,,,,,,,,,,,,,,,,,,,,,,,,,
Q132151,Q4089734,,,,,,,,,,,,,,,,,,,,,,,,,,,,,,,,,,,,,,,,,,,,,
Q132152,Q463107,,,,,,,,,,,,,,,,,,,,,,,,,,,,,,,,,,,,,,,,,,,,,
Q132153,Q3731822,,,,,,,,,,,,,,,,,,,,,,,,,,,,,,,,,,,,,,,,,,,,,
Q132154,Q4762641,,,,,,,,,,,,,,,,,,,,,,,,,,,,,,,,,,,,,,,,,,,,,
Q132155,Q3676567,,,,,,,,,,,,,,,,,,,,,,,,,,,,,,,,,,,,,,,,,,,,,
Q132156,Q838393,,,,,,,,,,,,,,,,,,,,,,,,,,,,,,,,,,,,,,,,,,,,,
Q132157,Q3545323,,,,,,,,,,,,,,,,,,,,,,,,,,,,,,,,,,,,,,,,,,,,,
Q132158,Q410417,,,,,,,,,,,,,,,,,,,,,,,,,,,,,,,,,,,,,,,,,,,,,
Q132159,Q2661436,,,,,,,,,,,,,,,,,,,,,,,,,,,,,,,,,,,,,,,,,,,,,
Q132160,Q3701217,,,,,,,,,,,,,,,,,,,,,,,,,,,,,,,,,,,,,,,,,,,,,
Q132161,Q5488708,,,,,,,,,,,,,,,,,,,,,,,,,,,,,,,,,,,,,,,,,,,,,
Q132162,Q977434,,,,,,,,,,,,,,,,,,,,,,,,,,,,,,,,,,,,,,,,,,,,,
Q132163,Q1246244,,,,,,,,,,,,,,,,,,,,,,,,,,,,,,,,,,,,,,,,,,,,,
Q132164,Q1331224,,,,,,,,,,,,,,,,,,,,,,,,,,,,,,,,,,,,,,,,,,,,,
Q132165,Q4068355,,,,,,,,,,,,,,,,,,,,,,,,,,,,,,,,,,,,,,,,,,,,,
Q132166,Q741627,,,,,,,,,,,,,,,,,,,,,,,,,,,,,,,,,,,,,,,,,,,,,
Q132167,Q464091,,,,,,,,,,,,,,,,,,,,,,,,,,,,,,,,,,,,,,,,,,,,,
Q132168,Q20102086,,,,,,,,,,,,,,,,,,,,,,,,,,,,,,,,,,,,,,,,,,,,,
Q132169,Q21548732,,,,,,,,,,,,,,,,,,,,,,,,,,,,,,,,,,,,,,,,,,,,,
Q132170,Q55403968,,,,,,,,,,,,,,,,,,,,,,,,,,,,,,,,,,,,,,,,,,,,,
Q132171,Q59215634,,,,,,,,,,,,,,,,,,,,,,,,,,,,,,,,,,,,,,,,,,,,,
Q132172,Q60181962,,,,,,,,,,,,,,,,,,,,,,,,,,,,,,,,,,,,,,,,,,,,,
Q132173,Q1378487,,,,,,,,,,,,,,,,,,,,,,,,,,,,,,,,,,,,,,,,,,,,,
Q132174,Q61014715,,,,,,,,,,,,,,,,,,,,,,,,,,,,,,,,,,,,,,,,,,,,,
Q132175,Q4408015,,,,,,,,,,,,,,,,,,,,,,,,,,,,,,,,,,,,,,,,,,,,,
Q132176,Q59533019,,,,,,,,,,,,,,,,,,,,,,,,,,,,,,,,,,,,,,,,,,,,,
Q132177,Q3130217,,,,,,,,,,,,,,,,,,,,,,,,,,,,,,,,,,,,,,,,,,,,,
Q132178,Q111996140,,,,,,,,,,,,,,,,,,,,,,,,,,,,,,,,,,,,,,,,,,,,,
Q132179,Q120581634,,,,,,,,,,,,,,,,,,,,,,,,,,,,,,,,,,,,,,,,,,,,,
Q132180,Q12748856,,,,,,,,,,,,,,,,,,,,,,,,,,,,,,,,,,,,,,,,,,,,,
Q132181,Q102561,,,,,,,,,,,,,,,,,,,,,,,,,,,,,,,,,,,,,,,,,,,,,
Q132182,Q2031315,,,,,,,,,,,,,,,,,,,,,,,,,,,,,,,,,,,,,,,,,,,,,
Q132183,Q1158901,,,,,,,,,,,,,,,,,,,,,,,,,,,,,,,,,,,,,,,,,,,,,
Q132184,Q10380878,,,,,,,,,,,,,,,,,,,,,,,,,,,,,,,,,,,,,,,,,,,,,
Q132185,Q1232714,,,,,,,,,,,,,,,,,,,,,,,,,,,,,,,,,,,,,,,,,,,,,
Q132186,Q3056180,,,,,,,,,,,,,,,,,,,,,,,,,,,,,,,,,,,,,,,,,,,,,
Q132187,Q449951,,,,,,,,,,,,,,,,,,,,,,,,,,,,,,,,,,,,,,,,,,,,,
Q132188,Q122879569,,,,,,,,,,,,,,,,,,,,,,,,,,,,,,,,,,,,,,,,,,,,,
Q132189,Q847890,,,,,,,,,,,,,,,,,,,,,,,,,,,338269,,,,,,,,,,,,,,,,,,
Q132190,Q207368,,,,,,,,,,,,,,,,,,,,,,,,,,,,,,,,,,,,,,,,,,,,,
Q132191,Q5796486,,,,,,,,,,,,,,,,,,,,,,,,,,,,,,,,,,,,,,,,,,,,,
Q132192,Q12899143,,,,,,,,,,,,,,,,,,,,,,,,,,,,,,,,,,,,,,,,,,,,,
Q132193,Q3791456,,,,,,,,,,,,,,,,,,,,,,,,,,,,,,,,,,,,,,,,,,,,,
Q132194,Q2188311,,,,,,,,,,,,,,,,,,,,,,,,,,,,,,,,,,,,,,,,,,,,,
Q132195,Q5768990,,,,,,,,,,,,,,,,,,,,,,,,,,,,,,,,,,,,,,,,,,,,,
Q132196,Q10583099,,,,,,,,,,,,,,,,,,,,,,,,,,,,,,,,,,,,,,,,,,,,,
Q132197,Q6019598,,,,,,,,,,,,,,,,,,,,,,,,,,,,,,,,,,,,,,,,,,,,,
Q132198,Q12881464,,,,,,,,,,,,,,,,,,,,,,,,,,,,,,,,,,,,,,,,,,,,,
Q132199,Q1821520,,,,,,,,,,,,,,,,,,,,,,,,,,,,,,,,,,,,,,,,,,,,,
Q132200,Q390334,,,,,,,,,,,,,,,,,,,,,,,,,,,,,,,,,,,,,,,,,,,,,
Q132201,Q60585399,,,,,,,,,,,,,,,,,,,,,,,,,,,,,,,,,,,,,,,,,,,,,
Q132202,Q2322495,,,,,,,,,,,,,,,,,,,,,,,,,,,,,,,,,,,,,,,,,,,,,
Q132203,Q1258941,,,,,,,,,,,,,,,,,,,,,,,,,,,,,,,,,,,,,,,,,,,,,
Q132204,Q1477143,,,,,,,,,,,,,,,,,,,,,,,,,,,,,,,,,,,,,,,,,,,,,
Q132205,Q17486774,,,,,,,,,,,,,,,,,,,,,,,,,,,,,,,,,,,,,,,,,,,,,
Q132206,Q836311,,,,,,,,,,,,,,,,,,,,,,,,,,,,,,,,,,,,,,,,,,,,,
Q132207,Q178641,,,,,,,,,,,,,,,,,,,,,,,,,,,96035|87801,,,,,,,,,,,,,,,,,,
Q132208,Q42401759,,,,,,,,,,,,,,,,,,,,,,,,,,,,,,,,,,,,,,,,,,,,,
Q132209,Q786573,,,,,,,,,,,,,,,,,,,,,,,,,,,,,,,,,,,,,,,,,,,,,
Q132210,Q176758,,,,,,,,,,,,,,,,,,,,,,,,,,,,,,,,,,,,,,,,,,,,,
Q132211,Q54230,,,,,,,,,,,,,,,,,,,,,,,,,,,,,,,,,,,,,,,,,,,,,
Q132212,Q486698,,,,,,,,,,,,,,,,,,,,,,,,person/A91428CD-ED29-4A02-BFAE-A79B0DFA2EF3,,,,,,,,,,,,,,,,,,,,,
Q132213,Q887785,,,,,,,,,,,,,,,,,,,,,,,,,,,,,,,,,,,,,,,,,,,,,
Q132214,Q1400413,,,,,,,,,,,,,,,,,,,,,,,,,,,,,,,,,,,,,,,,,,,,,
Q132215,Q5837293,,,,,,,,,,,,,,,,,,,,,,,,,,,,,,,,,,,,,,,,,,,,,
Q132216,Q1333108,,,,,,,,,,,,,,,,,,,,,,,,,,,,,,,,,,,,,,,,,,,,,
Q132217,Q58324367,,,,,,,,,,,,,,,,,,,,,,,,,,,,,,,,,,,,,,,,,,,,,
Q132218,Q1378483,,,,,,,,,,,,,,,,,,,,,,,,,,,,,,,,,,,,,,,,,,,,,
Q132219,Q128903579,,,,,,,,,,,,,,,,,,,,,,,,,,,,,,,,,,,,,,,,,,,,,
Q132220,Q191725,,,,,,,,,,,,,,,,,,,,,,,,,,,89101,,,,,,,,,,,,,,,,,,
Q132221,Q13635441,,,,,,,,,,,,,,,,,,,,,,,,,,,,,,,,,,,,,,,,,,,,,
Q132222,Q11921796,,,,,,,,,,,,,,,,,,,,,,,,,,,,,,,,,,,,,,,,,,,,,
Q132223,Q1851846,,,,,,,,,,,,,,,,,,,,,,,,,,,,,,,,,,,,,,,,,,,,,
Q132224,Q2832183,,,,,,,,,,,,,,,,,,,,,,,,,,,,,,,,,,,,,,,,,,,,,
Q132225,Q27963635,,,,,,,,,,,,,,,,,,,,,,,,,,,,,,,,,,,,,,,,,,,,,
Q132226,Q18281031,,,,,,,,,,,,,,,,,,,,,,,,,,,,,,,,,,,,,,,,,,,,,
Q132227,Q60589121,,,,,,,,,,,,,,,,,,,,,,,,,,,,,,,,,,,,,,,,,,,,,
Q132228,Q16169688,,,,,,,,,,,,,,,,,,,,,,,,,,,,,,,,,,,,,,,,,,,,,
Q132229,Q1862400,,,,,,,,,,,,,,,,,,,,,,,,,,,,,,,,,,,,,,,,,,,,,
Q132230,Q1170101,,,,,,,,,,,,,,,,,,,,,,,,,,,,,,,,,,,,,,,,,,,,,
Q132231,Q3678283,,,,,,,,,,,,,,,,,,,,,,,,,,,,,,,,,,,,,,,,,,,,,
Q132232,Q59772172,,,,,,,,,,,,,,,,,,,,,,,,,,,,,,,,,,,,,,,,,,,,,
Q132233,Q3910877,,,,,,,,,,,,,,,,,,,,,,,,,,,,,,,,,,,,,,,,,,,,,
Q132234,Q21547936,,,,,,,,,,,,,,,,,,,,,,,,,,,,,,,,,,,,,,,,,,,,,
Q132235,Q3314305,,,,,,,,,,,,,,,,,,,,,,,,,,,,,,,,,,,,,,,,,,,,,
Q132236,Q2723769,,,,,,,,,,,,,,,,,,,,,,,,,,,,,,,,,,,,,,,,,,,,,
Q132237,Q3314298,,,,,,,,,,,,,,,,,,,,,,,,,,,,,,,,,,,,,,,,,,,,,
Q132238,Q3321564,,,,,,,,,,,,,,,,,,,,,,,,,,,,,,,,,,,,,,,,,,,,,
Q132239,Q1178970,,,,,,,,,,,,,,,,,,,,,,,,,,,393648,,,,,,,,,,,,,,,,,,
Q132240,Q15838272,,,,,,,,,,,,,,,,,,,,,,,,,,,,,,,,,,,,,,,,,,,,,
Q132241,Q1109958,,,,,,,,,,,,,,,,,,,,,,,,,,,,,,,,,,,,,,,,,,,,,
Q132242,Q749966,,,,,,,,,,,,,,,,,,,,,,,,,,,393649,,,,,,,,,,,,,,,,,,
Q132243,Q396862,,,,,,,,,,,,,,,,,,,,,,,,,,,,,,,,,,,,,,,,,,,,,
Q132244,Q1821528,,,,,,,,,,,,,,,,,,,,,,,,,,,,,,,,,,,,,,,,,,,,,
Q132245,Q1539620,,,,,,,,,,,,,,,,,,,,,,,,,,,,,,,,,,,,,,,,,,,,,
Q132246,Q174353,,,,,,,,,,,,,,,,,,,,,,,,,,,,,,,,,,,,,,,,,,,,,
Q132247,Q3241660,,,,,,,,,,,,,,,,,,,,,,,,,,,,,,,,,,,,,,,,,,,,,
Q132248,Q5340195,,,,,,,,,,,,,,,,,,,,,,,,,,,,,,,,,,,,,,,,,,,,,
Q132249,Q3147223,,,,,,,,,,,,,,,,,,,,,,,,,,,,,,,,,,,,,,,,,,,,,
Q132250,Q128911395,,,,,,,,,,,,,,,,,,,,,,,,,,,,,,,,,,,,,,,,,,,,,
Q132251,Q48665,,,,,,,,,,,,,,,,,,,,,,,,,,,,,,,,,,,,,,,,,,,,,
Q132252,Q591089,,,,,,,,,,,,,,,,,,,,,,,,,,,438151,,,,,,,,,,,,,,,,,,
Q132253,Q221925,,,,,,,,,,,,,,,,,,,,,,,,,,,,,,,,,,,,,,,,,,,,,
Q132254,Q981302,,,,,,,,,,,,,,,,,,,,,,,,,,,,,,,,,,,,,,,,,,,,,
Q132255,Q210883,,,,,,,,,,,,,,,,,,,,,,,,,,,,,,,,,,,,,,,,,,,,,
Q132256,Q404844,,,,,,,,,,,,,,,,,,,,,,,,,,,,,,,,,,,,,,,,,,,,,
Q132257,Q858116,,,,,,,,,,,,,,,,,,,,,,,,,,,,,,,,,,,,,,,,,,,,,
Q132258,Q1471454,,,,,,,,,,,,,,,,,,,,,,,,,,,,,,,,,,,,,,,,,,,,,
Q132259,Q1378477,,,,,,,,,,,,,,,,,,,,,,,,,,,,,,,,,,,,,,,,,,,,,
Q132260,Q3796601,,,,,,,,,,,,,,,,,,,,,,,,,,,,,,,,,,,,,,,,,,,,,
Q132261,Q10624134,,,,,,,,,,,,,,,,,,,,,,,,,,,,,,,,,,,,,,,,,,,,,
Q132262,Q10522424,,,,,,,,,,,,,,,,,,,,,,,,,,,,,,,,,,,,,,,,,,,,,
Q132263,Q3715345,,,,,,,,,,,,,,,,,,,,,,,,,,,,,,,,,,,,,,,,,,,,,
Q132264,Q3909492,,,,,,,,,,,,,,,,,,,,,,,,,,,,,,,,,,,,,,,,,,,,,
Q132265,Q3678228,,,,,,,,,,,,,,,,,,,,,,,,,,,,,,,,,,,,,,,,,,,,,
Q132266,Q10568251,,,,,,,,,,,,,,,,,,,,,,,,,,,,,,,,,,,,,,,,,,,,,
Q132267,Q10534686,,,,,,,,,,,,,,,,,,,,,,,,,,,,,,,,,,,,,,,,,,,,,
Q132268,Q10436013,,,,,,,,,,,,,,,,,,,,,,,,,,,,,,,,,,,,,,,,,,,,,
Q132269,Q1767878,,,,,,,,,,,,,,,,,,,,,,,,,,,,,,,,,,,,,,,,,,,,,
Q132270,Q1088982,,,,,,,,,,,,,,,,,,,,,,,,,,,,,,,,,,,,,,,,,,,,,
Q132271,Q15269077,,,,,,,,,,,,,,,,,,,,,,,,,,,,,,,,,,,,,,,,,,,,,
Q132272,Q787996,,,,,,,,,,,,,,,,,,,,,,,,,,,,,,,,,,,,,,,,,,,,,
Q132273,Q1378450,,,,,,,,,,,,,,,,,,,,,,,,,,,,,,,,,,,,,,,,,,,,,
Q132274,Q1246743,,,,,,,,,,,,,,,,,,,,,,,,,,,,,,,,,,,,,,,,,,,,,
Q132275,Q813558,,,,,,,,,,,,,,,,,,,,,,,,,,,,,,,,,,,,,,,,,,,,,
Q132276,Q4771566,,,,,,,,,,,,,,,,,,,,,,,,,,,,,,,,,,,,,,,,,,,,,
Q132277,Q7629355,,,,,,,,,,,,,,,,,,,,,,,,,,,,,,,,,,,,,,,,,,,,,
Q132278,Q15249163,,,,,,,,,,,,,,,,,,,,,,,,,,,,,,,,,,,,,,,,,,,,,
Q132279,Q15249154,,,,,,,,,,,,,,,,,,,,,,,,,,,,,,,,,,,,,,,,,,,,,
Q132280,Q15269070,,,,,,,,,,,,,,,,,,,,,,,,,,,,,,,,,,,,,,,,,,,,,
Q132281,Q15273559,,,,,,,,,,,,,,,,,,,,,,,,,,,,,,,,,,,,,,,,,,,,,
Q132282,Q15276620,,,,,,,,,,,,,,,,,,,,,,,,,,,,,,,,,,,,,,,,,,,,,
Q132283,Q1129914,,,,,,,,,,,,,,,,,,,,,,,,,,,,,,,,,,,,,,,,,,,,,
Q132284,Q48869837,,,,,,,,,,,,,,,,,,,,,,,,,,,,,,,,,,,,,,,,,,,,,
Q132285,Q1704642,,,,,,,,,,,,,,,,,,,,,,,,,,,,,,,,,,,,,,,,,,,,,
Q132286,Q20100759,,,,,,,,,,,,,,,,,,,,,,,,,,,,,,,,,,,,,,,,,,,,,
Q132287,Q654037,,,,,,,,,,,,,,,,,,,,,,,,,,,,,,,,,,,,,,,,,,,,,
Q132288,Q2067632,,,,,,,,,,,,,,,,,,,,,,,,,,,,,,,,,,,,,,,,,,,,,
Q132289,Q1132071,,,,,,,,,,,,,,,,,,,,,,,,,,,,,,,,,,,,,,,,,,,,,
Q132290,Q45910480,,,,,,,,,,,,,,,,,,,,,,,,,,,,,,,,,,,,,,,,,,,,,
Q132291,Q1959568,,,,,,,,,,,,,,,,,,,,,,,,,,,,,,,,,,,,,,,,,,,,,
Q132292,Q429064,,,,,,,,,,,,,,,,,,,,,,,,,,,,,,,,,,,,,,,,,,,,,
Q132293,Q40120625,,,,,,,,,,,,,,,,,,,,,,,,,,,,,,,,,,,,,,,,,,,,,
Q132294,Q5064045,,,,,,,,,,,,,,,,,,,,,,,,,,,,,,,,,,,,,,,,,,,,,
Q132295,Q3564956,,,,,,,,,,,,,,,,,,,,,,,,,,,,,,,,,,,,,,,,,,,,,
Q132296,Q57519954,,,,,,,,,,,,,,,,,,,,,,,,,,,,,,,,,,,,,,,,,,,,,
Q132297,Q23055018,,,,,,,,,,,,,,,,,,,,,,,,,,,,,,,,,,,,,,,,,,,,,
Q132298,Q618662,,,,,,,,,,,,,,,,,,,,,,,,,,,,,,,,,,,,,,,,,,,,,
Q132299,Q1072573,,,,,,,,,,,,,,,,,,,,,,,,,,,,,,,,,,,,,,,,,,,,,
Q132300,Q1377131,,,,,,,,,,,,,,,,,,,,,,,,,,,,,,,,,,,,,,,,,,,,,
Q132301,Q6070881,,,,,,,,,,,,,,,,,,,,,,,,,,,,,,,,,,,,,,,,,,,,,
Q132302,Q1728858,,,,,,,,,,,,,,,,,,,,,,,,,,,,,,,,,,,,,,,,,,,,,
Q132303,Q1088972,,,,,,,,,,,,,,,,,,,,,,,,,,,,,,,,,,,,,,,,,,,,,
Q132304,Q58316648,,,,,,,,,,,,,,,,,,,,,,,,,,,,,,,,,,,,,,,,,,,,,
Q132305,Q25486480,,,,,,,,,,,,,,,,,,,,,,,,,,,,,,,,,,,,,,,,,,,,,
Q132306,Q115484947,,,,,,,,,,,,,,,,,,,,,,,,,,,,,,,,,,,,,,,,,,,,,
Q132307,Q2316900,,,,,,,,,,,,,,,,,,,,,,,,,,,,,,,,,,,,,,,,,,,,,
Q132308,Q383960,,,,,,,,,,,,,,,,,,,,,,,,,,,,,,,,,,,,,,,,,,,,,
Q132309,Q3499887,,,,,,,,,,,,,,,,,,,,,,,,,,,,,,,,,,,,,,,,,,,,,
Q132310,Q9160370,,,,,,,,,,,,,,,,,,,,,,,,,,,,,,,,,,,,,,,,,,,,,
Q132311,Q12873481,,,,,,,,,,,,,,,,,,,,,,,,,,,,,,,,,,,,,,,,,,,,,
Q132312,Q1226883,,,,,,,,,,,,,,,,,,,,,,,,,,,,,,,,,,,,,,,,,,,,,
Q132313,Q1916711,,,,,,,,,,,,,,,,,,,,,,,,,,,,,,,,,,,,,,,,,,,,,
Q132314,Q1246082,,,,,,,,,,,,,,,,,,,,,,,,,,,,,,,,,,,,,,,,,,,,,
Q132315,Q21548368,,,,,,,,,,,,,,,,,,,,,,,,,,,,,,,,,,,,,,,,,,,,,
Q132316,Q3923920,,,,,,,,,,,,,,,,,,,,,,,,,,,,,,,,,,,,,,,,,,,,,
Q132317,Q1408258,,,,,,,,,,,,,,,,,,,,,,,,,,,,,,,,,,,,,,,,,,,,,
Q132318,Q704966,,,,,,,,,,,,,,,,,,,,,,,,,,,,,,,,,,,,,,,,,,,,,
Q132319,Q55996281,,,,,,,,,,,,,,,,,,,,,,,,,,,,,,,,,,,,,,,,,,,,,
Q132320,Q123471077,,,,,,,,,,,,,,,,,,,,,,,,,,,,,,,,,,,,,,,,,,,,,
Q132321,Q192485,,,,,,,,,,,,,,,,,,,,,,,,,,,338265,,,,,,,,,,,,,,,,,,
Q132322,Q1043413,,,,,,,,,,,,,,,,,,,,,,,,,,,423643,,,,,,,,,,,,,,,,,,
Q132323,Q16600792,,,,,,,,,,,,,,,,,,,,,,,,,,,,,,,,,,,,,,,,,,,,,
Q132324,Q126319,,,,,,,,,,,,,,,,,,,,,,,,,,,,,,,,,,,,,,,,,,,,,
Q132325,Q17561717,,,,,,,,,,,,,,,,,,,,,,,,,,,,,,,,,,,,,,,,,,,,,
Q132326,Q55590418,,,,,,,,,,,,,,,,,,,,,,,,,,,,,,,,,,,,,,,,,,,,,
Q132327,Q599482,,,,,,,,,,,,,,,,,,,,,,,,,,,,,,,,,,,,,,,,,,,,,
Q132328,Q1353705,,,,,,,,,,,,,,,,,,,,,,,,,,,,,,,,,,,,,,,,,,,,,
Q132329,Q739359,,,,,,,,,,,,,,,,,,,,,,,,,,,,,,,,,,,,,,,,,,,,,
Q132330,Q131588,,,,,,,,,,,,,,,,,,,,,,,,person/1CBB5677-CA6F-4632-AA33-2324C5E8B64F,,,,,,,,,,,,,,,,,,,,,
Q132331,Q105412604,,,,,,,,,,,,,,,,,,,,,,,,,,,,,,,,,,,,,,,,,,,,,
Q132332,Q332324,,,,,,,,,,,,,,,,,,,,,,,,,,,,,,,,,,,,,,,,,,,,,
Q132333,Q990991,,,,,,,,,,,,,,,,,,,,,,,,,,,,,,,,,,,,,,,,,,,,,
Q132334,Q170473,,,,,,,,,,,,,,,,,,,,,,,,,,,423875,,,,,,,,,,,,,,,,,,
Q132335,Q3043276,,,,,,,,,,,,,,,,,,,,,,,,,,,,,,,,,,,,,,,,,,,,,
Q132336,Q262016,,,,,,,,,,,,,,,,,,,,,,,,,,,,,,,,,,,,,,,,,,,,,
Q132337,Q2259929,,,,,,,,,,,,,,,,,,,,,,,,,,,,,,,,,,,,,,,,,,,,,
Q132338,Q7695796,,,,,,,,,,,,,,,,,,,,,,,,,,,,,,,,,,,,,,,,,,,,,
Q132339,Q17277174,,,,,,,,,,,,,,,,,,,,,,,,,,,,,,,,,,,,,,,,,,,,,
Q132340,Q1154473,,,,,,,,,,,,,,,,,,,,,,,,,,,,,,,,,,,,,,,,,,,,,
Q132341,Q729332,,,,,,,,,,,,,,,,,,,,,,,,,,,,,,,,,,,,,,,,,,,,,
Q132342,Q1178583,,,,,,,,,,,,,,,,,,,,,,,,,,,,,,,,,,,,,,,,,,,,,
Q132343,Q375174,,,,,,,,,,,,,,,,,,,,,,,,,,,91200,,,,,,,,,,,,,,,,,,
Q132344,Q346634,,,,,,,,,,,,,,,,,,,,,,,,,,,,,,,,,,,,,,,,,,,,,
Q132345,Q1658551,,,,,,,,,,,,,,,,,,,,,,,,,,,,,,,,,,,,,,,,,,,,,
Q132346,Q582141,,,,,,,,,,,,,,,,,,,,,,,,,,,,,,,,,,,,,,,,,,,,,
Q132347,Q6081853,,,,,,,,,,,,,,,,,,,,,,,,,,,,,,,,,,,,,,,,,,,,,
Q132348,Q246663,,,,,,,,,,,,,,,,,,,,,,,,,,,,,,,,,,,,,,,,,,,,,
Q132349,Q2826489,,,,,,,,,,,,,,,,,,,,,,,,,,,,,,,,,,,,,,,,,,,,,
Q132350,Q129261406,,,,,,,,,,,,,,,,,,,,,,,,,,,,,,,,,,,,,,,,,,,,,
Q132351,Q170779,,,,,,,,,,,,,,,,,,,,,,,,,,,406229,,,,,,,,,,,,,,,,,,
Q132352,Q159666,,,,,,,,,,,,,,,,,,,,,,,,,,,87804,,,,,,,,,,,,,,,,,,
Q132353,Q750236,,,,,,,,,,,,,,,,,,,,,,,,,,,,,,,,,,,,,,,,,,,,,
Q132354,Q867342,,,,,,,,,,,,,,,,,,,,,,,,,,,,,,,,,,,,,,,,,,,,,
Q132355,Q188236,,,,,,,,,,,,,,,,,,,,,,,,,,,,,,,,,,,,,,,,,,,,,
Q132356,Q3565120,,,,,,,,,,,,,,,,,,,,,,,,,,,,,,,,,,,,,,,,,,,,,
Q132357,Q18643251,,,,,,,,,,,,,,,,,,,,,,,,,,,,,,,,,,,,,,,,,,,,,
Q132358,Q1458587,,,,,,,,,,,,,,,,,,,,,,,,,,,,,,,,,,,,,,,,,,,,,
Q132359,Q55834957,,,,,,,,,,,,,,,,,,,,,,,,,,,,,,,,,,,,,,,,,,,,,
Q132360,Q2468258,,,,,,,,,,,,,,,,,,,,,,,,,,,,,,,,,,,,,,,,,,,,,
Q132361,Q1132772,,,,,,,,,,,,,,,,,,,,,,,,,,,,,,,,,,,,,,,,,,,,,
Q132362,Q12875835,,,,,,,,,,,,,,,,,,,,,,,,,,,,,,,,,,,,,,,,,,,,,
Q132363,Q1319998,,,,,,,,,,,,,,,,,,,,,,,,,,,,,,,,,,,,,,,,,,,,,
Q132364,Q392435,,,,,,,,,,,,,,,,,,,,,,,,,,,156536,,,,,,,,,,,,,,,,,,
Q132365,Q3606849,,,,,,,,,,,,,,,,,,,,,,,,,,,,,,,,,,,,,,,,,,,,,
Q132366,Q15784800,,,,,,,,,,,,,,,,,,,,,,,,,,,,,,,,,,,,,,,,,,,,,
Q132367,Q1131643,,,,,,,,,,,,,,,,,,,,,,,,,,,629238,,,,,,,,,,,,,,,,,,
Q132368,Q2665478,,,,,,,,,,,,,,,,,,,,,,,,,,,,,,,,,,,,,,,,,,,,,
Q132369,Q409520,,,,,,,,,,,,,,,,,,,,,,,,,,,,,,,,,,,,,,,,,,,,,
Q132370,Q2470261,,,,,,,,,,,,,,,,,,,,,,,,,,,,,,,,,,,,,,,,,,,,,
Q132371,Q855426,,,,,,,,,,,,,,,,,,,,,,,,,,,,,,,,,,,,,,,,,,,,,
Q132372,Q1647297,,,,,,,,,,,,,,,,,,,,,,,,,,,,,,,,,,,,,,,,,,,,,
Q132373,Q14702439,,,,,,,,,,,,,,,,,,,,,,,,,,,,,,,,,,,,,,,,,,,,,
Q132374,Q16327859,,,,,,,,,,,,,,,,,,,,,,,,,,,,,,,,,,,,,,,,,,,,,
Q132375,Q16523359,,,,,,,,,,,,,,,,,,,,,,,,,,,,,,,,,,,,,,,,,,,,,
Q132376,Q55815456,,,,,,,,,,,,,,,,,,,,,,,,,,,,,,,,,,,,,,,,,,,,,
Q132377,Q55815624,,,,,,,,,,,,,,,,,,,,,,,,,,,,,,,,,,,,,,,,,,,,,
Q132378,Q4705405,,,,,,,,,,,,,,,,,,,,,,,,,,,,,,,,,,,,,,,,,,,,,
Q132379,Q20018046,,,,,,,,,,,,,,,,,,,,,,,,,,,,,,,,,,,,,,,,,,,,,
Q132380,Q28088612,,,,,,,,,,,,,,,,,,,,,,,,,,,,,,,,,,,,,,,,,,,,,
Q132381,Q5796484,,,,,,,,,,,,,,,,,,,,,,,,,,,,,,,,,,,,,,,,,,,,,
Q132382,Q910403,,,,,,,,,,,,,,,,,,,,,,,,,,,,,,,,,,,,,,,,,,,,,
Q132383,Q3696428,,,,,,,,,,,,,,,,,,,,,,,,,,,,,,,,,,,,,,,,,,,,,
Q132384,Q104989,,,,,,,,,,,,,,,,,,,,,,,,,,,,,,,,,,,,,,,,,,,,,
Q132385,Q122782861,,,,,,,,,,,,,,,,,,,,,,,,,,,,,,,,,,,,,,,,,,,,,
Q132386,Q1322319,,,,,,,,,,,,,,,,,,,,,,,,,,,,,,,,,,,,,,,,,,,,,
Q132387,Q955408,,,,,,,,,,,,,,,,,,,,,,,,,,,,,,,,,,,,,,,,,,,,,
Q132388,Q3726853,,,,,,,,,,,,,,,,,,,,,,,,,,,,,,,,,,,,,,,,,,,,,
Q132389,Q12296369,,,,,,,,,,,,,,,,,,,,,,,,,,,,,,,,,,,,,,,,,,,,,
Q132390,Q60250593,,,,,,,,,,,,,,,,,,,,,,,,,,,,,,,,,,,,,,,,,,,,,
Q132391,Q4068782,,,,,,,,,,,,,,,,,,,,,,,,,,,,,,,,,,,,,,,,,,,,,
Q132392,Q764932,,,,,,,,,,,,,,,,,,,,,,,,,,,,,,,,,,,,,,,,,,,,,
Q132393,Q748909,,,,,,,,,,,,,,,,,,,,,,,,,,,,,,,,,,,,,,,,,,,,,
Q132394,Q7124087,,,,,,,,,,,,,,,,,,,,,,,,,,,,,,,,,,,,,,,,,,,,,
Q132395,Q6487935,,,,,,,,,,,,,,,,,,,,,,,,,,,,,,,,,,,,,,,,,,,,,
Q132396,Q776139,,,,,,,,,,,,,,,,,,,,,,,,,,,288755,,,,,,,,,,,,,,,,,,
Q132397,Q184874,,,,,,,,,,,,,,,,,,,,,,,,,,,,,,,,,,,,,,,,,,,,,
Q132398,Q1230535,,,,,,,,,,,,,,,,,,,,,,,,,,,,,,,,,,,,,,,,,,,,,
Q132399,Q419156,,,,,,,,,,,,,,,,,,,,,,,,,,,,,,,,,,,,,,,,,,,,,
Q132400,Q2332185,,,,,,,,,,,,,,,,,,,,,,,,,,,,,,,,,,,,,,,,,,,,,
Q132401,Q11940870,,,,,,,,,,,,,,,,,,,,,,,,,,,,,,,,,,,,,,,,,,,,,
Q132402,Q937216,,,,,,,,,,,,,,,,,,,,,,,,,,,,,,,,,,,,,,,,,,,,,
Q132403,Q149792,,,,,,,,,,,,,,,,,,,,,,,,,,,,,,,,,,,,,,,,,,,,,
Q132404,Q16331627,,,,,,,,,,,,,,,,,,,,,,,,,,,,,,,,,,,,,,,,,,,,,
Q132405,Q12877329,,,,,,,,,,,,,,,,,,,,,,,,,,,,,,,,,,,,,,,,,,,,,
Q132406,Q3664982,,,,,,,,,,,,,,,,,,,,,,,,,,,,,,,,,,,,,,,,,,,,,
Q132407,Q3624035,,,,,,,,,,,,,,,,,,,,,,,,,,,,,,,,,,,,,,,,,,,,,
Q132408,Q272000,,,,,,,,,,,,,,,,,,,,,,,,,,,403758,,,,,,,,,,,,,,,,,,
Q132409,Q3660198,,,,,,,,,,,,,,,,,,,,,,,,,,,,,,,,,,,,,,,,,,,,,
Q132410,Q16330183,,,,,,,,,,,,,,,,,,,,,,,,,,,,,,,,,,,,,,,,,,,,,
Q132411,Q60728397,,,,,,,,,,,,,,,,,,,,,,,,,,,,,,,,,,,,,,,,,,,,,
Q132412,Q105752840,,,,,,,,,,,,,,,,,,,,,,,,,,,,,,,,,,,,,,,,,,,,,
Q132413,Q12873486,,,,,,,,,,,,,,,,,,,,,,,,,,,,,,,,,,,,,,,,,,,,,
Q132414,Q1539124,,,,,,,,,,,,,,,,,,,,,,,,,,,,,,,,,,,,,,,,,,,,,
Q132415,Q2289902,,,,,,,,,,,,,,,,,,,,,,,,,,,,,,,,,,,,,,,,,,,,,
Q132416,Q482042,,,,,,,,,,,,,,,,,,,,,,,,,,,,,,,,,,,,,,,,,,,,,
Q132417,Q9147465,,,,,,,,,,,,,,,,,,,,,,,,,,,,,,,,,,,,,,,,,,,,,
Q132418,Q9201009,,,,,,,,,,,,,,,,,,,,,,,,,,,,,,,,,,,,,,,,,,,,,
Q132419,Q11714191,,,,,,,,,,,,,,,,,,,,,,,,,,,,,,,,,,,,,,,,,,,,,
Q132420,Q9355541,,,,,,,,,,,,,,,,,,,,,,,,,,,,,,,,,,,,,,,,,,,,,
Q132421,Q9257700,,,,,,,,,,,,,,,,,,,,,,,,,,,,,,,,,,,,,,,,,,,,,
Q132422,Q11711658,,,,,,,,,,,,,,,,,,,,,,,,,,,,,,,,,,,,,,,,,,,,,
Q132423,Q3874207,,,,,,,,,,,,,,,,,,,,,,,,,,,,,,,,,,,,,,,,,,,,,
Q132424,Q15782882,,,,,,,,,,,,,,,,,,,,,,,,,,,,,,,,,,,,,,,,,,,,,
Q132425,Q55421369,,,,,,,,,,,,,,,,,,,,,,,,,,,,,,,,,,,,,,,,,,,,,
Q132426,Q55421412,,,,,,,,,,,,,,,,,,,,,,,,,,,,,,,,,,,,,,,,,,,,,
Q132427,Q55836513,,,,,,,,,,,,,,,,,,,,,,,,,,,,,,,,,,,,,,,,,,,,,
Q132428,Q55853786,,,,,,,,,,,,,,,,,,,,,,,,,,,,,,,,,,,,,,,,,,,,,
Q132429,Q55857244,,,,,,,,,,,,,,,,,,,,,,,,,,,,,,,,,,,,,,,,,,,,,
Q132430,Q57385095,,,,,,,,,,,,,,,,,,,,,,,,,,,,,,,,,,,,,,,,,,,,,
Q132431,Q12752798,,,,,,,,,,,,,,,,,,,,,,,,,,,,,,,,,,,,,,,,,,,,,
Q132432,Q21051042,,,,,,,,,,,,,,,,,,,,,,,,,,,,,,,,,,,,,,,,,,,,,
Q132433,Q60633635,,,,,,,,,,,,,,,,,,,,,,,,,,,,,,,,,,,,,,,,,,,,,
Q132434,Q60957926,,,,,,,,,,,,,,,,,,,,,,,,,,,,,,,,,,,,,,,,,,,,,
Q132435,Q122782813,,,,,,,,,,,,,,,,,,,,,,,,,,,,,,,,,,,,,,,,,,,,,
Q132436,Q122782882,,,,,,,,,,,,,,,,,,,,,,,,,,,,,,,,,,,,,,,,,,,,,
Q132437,Q122841403,,,,,,,,,,,,,,,,,,,,,,,,,,,,,,,,,,,,,,,,,,,,,
Q132438,Q126898714,,,,,,,,,,,,,,,,,,,,,,,,,,,,,,,,,,,,,,,,,,,,,
Q132439,Q129261099,,,,,,,,,,,,,,,,,,,,,,,,,,,,,,,,,,,,,,,,,,,,,
Q132440,Q2738502,,,,,,,,,,,,,,,,,,,,,,,,,,,,,,,,,,,,,,,,,,,,,
Q132441,Q20100469,,,,,,,,,,,,,,,,,,,,,,,,,,,,,,,,,,,,,,,,,,,,,
Q132442,Q7696424,,,,,,,,,,,,,,,,,,,,,,,,,,,,,,,,,,,,,,,,,,,,,
Q132443,Q1318307,,,,,,,,,,,,,,,,,,,,,,,,,,,,,,,,,,,,,,,,,,,,,
Q132444,Q741155,,,,,,,,,,,,,,,,,,,,,,,,,,,176280,,,,,,,,,,,,,,,,,,
Q132445,Q2103193,,,,,,,,,,,,,,,,,,,,,,,,,,,,,,,,,,,,,,,,,,,,,
Q132446,Q581743,,,,,,,,,,,,,,,,,,,,,,,,,,,,,,,,,,,,,,,,,,,,,
Q132447,Q496595,,,,,,,,,,,,,,,,,,,,,,,,,,,,,,,,,,,,,,,,,,,,,
Q132448,Q2473937,,,,,,,,,,,,,,,,,,,,,,,,,,,,,,,,,,,,,,,,,,,,,
Q132449,Q1920680,,,,,,,,,,,,,,,,,,,,,,,,,,,,,,,,,,,,,,,,,,,,,
Q132450,Q7663536,,,,,,,,,,,,,,,,,,,,,,,,,,,,,,,,,,,,,,,,,,,,,
Q132451,Q4348382,,,,,,,,,,,,,,,,,,,,,,,,,,,,,,,,,,,,,,,,,,,,,
Q132452,Q16330193,,,,,,,,,,,,,,,,,,,,,,,,,,,,,,,,,,,,,,,,,,,,,
Q132453,Q1419140,,,,,,,,,,,,,,,,,,,,,,,,,,,,,,,,,,,,,,,,,,,,,
Q132454,Q41505034,,,,,,,,,,,,,,,,,,,,,,,,,,,,,,,,,,,,,,,,,,,,,
Q132455,Q21272233,,,,,,,,,,,,,,,,,,,,,,,,,,,,,,,,,,,,,,,,,,,,,
Q132456,Q17278854,,,,,,,,,,,,,,,,,,,,,,,,,,,,,,,,,,,,,,,,,,,,,
Q132457,Q17282468,,,,,,,,,,,,,,,,,,,,,,,,,,,,,,,,,,,,,,,,,,,,,
Q132458,Q831583,,,,,,,,,,,,,,,,,,,,,,,,,,,,,,,,,,,,,,,,,,,,,
Q132459,Q580862,,,,,,,,,,,,,,,,,,,,,,,,,,,,,,,,,,,,,,,,,,,,,
Q132460,Q3268334,,,,,,,,,,,,,,,,,,,,,,,,,,,,,,,,,,,,,,,,,,,,,
Q132461,Q210303,,,,,,,,,,,,,,,,,,,,,,,,,,,,,,,,,,,,,,,,,,,,,
Q132462,Q379828,,,,,,,,,,,,,,,,,,,,,,,,,,,,,,,,,,,,,,,,,,,,,
Q132463,Q2919160,,,,,,,,,,,,,,,,,,,,,,,,,,,,,,,,,,,,,,,,,,,,,
Q132464,Q3854106,,,,,,,,,,,,,,,,,,,,,,,,,,,,,,,,,,,,,,,,,,,,,
Q132465,Q26647461,,,,,,,,,,,,,,,,,,,,,,,,,,,,,,,,,,,,,,,,,,,,,
Q132466,Q12773270,,,,,,,,,,,,,,,,,,,,,,,,,,,,,,,,,,,,,,,,,,,,,
Q132467,Q4058052,,,,,,,,,,,,,,,,,,,,,,,,,,,,,,,,,,,,,,,,,,,,,
Q132468,Q1640434,,,,,,,,,,,,,,,,,,,,,,,,,,,,,,,,,,,,,,,,,,,,,
Q132469,Q321541,,,,,,,,,,,,,,,,,,,,,,,,,,,403896,,,,,,,,,,,,,,,,,,
Q132470,Q393186,,,,,,,,,,,,,,,,,,,,,,,,,,,,,,,,,,,,,,,,,,,,,
Q132471,Q660196,,,,,,,,,,,,,,,,,,,,,,,,,,,,,,,,,,,,,,,,,,,,,
Q132472,Q1655397,,,,,,,,,,,,,,,,,,,,,,,,,,,,,,,,,,,,,,,,,,,,,
Q132473,Q1128942,,,,,,,,,,,,,,,,,,,,,,,,,,,,,,,,,,,,,,,,,,,,,
Q132474,Q13566990,,,,,,,,,,,,,,,,,,,,,,,,,,,,,,,,,,,,,,,,,,,,,
Q132475,Q16823358,,,,,,,,,,,,,,,,,,,,,,,,,,,,,,,,,,,,,,,,,,,,,
Q132476,Q3893249,,,,,,,,,,,,,,,,,,,,,,,,,,,,,,,,,,,,,,,,,,,,,
Q132477,Q768822,,,,,,,,,,,,,,,,,,,,,,,,,,,156457|423651,,,,,,,,,,,,,,,,,,
Q132478,Q7263103,,,,,,,,,,,,,,,,,,,,,,,,,,,,,,,,,,,,,,,,,,,,,
Q132479,Q1149595,,,,,,,,,,,,,,,,,,,,,,,,,,,,,,,,,,,,,,,,,,,,,
Q132480,Q677278,,,,,,,,,,,,,,,,,,,,,,,,,,,,,,,,,,,,,,,,,,,,,
Q132481,Q17381988,,,,,,,,,,,,,,,,,,,,,,,,,,,,,,,,,,,,,,,,,,,,,
Q132482,Q271891,,,,,,,,,,,,,,,,,,,,,,,,,,,,,,,,,,,,,,,,,,,,,
Q132483,Q28121924,,,,,,,,,,,,,,,,,,,,,,,,,,,,,,,,,,,,,,,,,,,,,
Q132484,Q21548281,,,,,,,,,,,,,,,,,,,,,,,,,,,,,,,,,,,,,,,,,,,,,
Q132485,Q577245,,,,,,,,,,,,,,,,,,,,,,,,,,,,,,,,,,,,,,,,,,,,,
Q132486,Q1138506,,,,,,,,,,,,,,,,,,,,,,,,,,,,,,,,,,,,,,,,,,,,,
Q132487,Q17996944,,,,,,,,,,,,,,,,,,,,,,,,,,,,,,,,,,,,,,,,,,,,,
Q132488,Q12882112,,,,,,,,,,,,,,,,,,,,,,,,,,,,,,,,,,,,,,,,,,,,,
Q132489,Q3293764,,,,,,,,,,,,,,,,,,,,,,,,,,,,,,,,,,,,,,,,,,,,,
Q132490,Q56098761,,,,,,,,,,,,,,,,,,,,,,,,,,,,,,,,,,,,,,,,,,,,,
Q132491,Q57306291,,,,,,,,,,,,,,,,,,,,,,,,,,,,,,,,,,,,,,,,,,,,,
Q132492,Q60669035,,,,,,,,,,,,,,,,,,,,,,,,,,,,,,,,,,,,,,,,,,,,,
Q132493,Q1128887,,,,,,,,,,,,,,,,,,,,,,,,,,,,,,,,,,,,,,,,,,,,,
Q132494,Q11910914,,,,,,,,,,,,,,,,,,,,,,,,,,,,,,,,,,,,,,,,,,,,,
Q132495,Q2832180,,,,,,,,,,,,,,,,,,,,,,,,,,,,,,,,,,,,,,,,,,,,,
Q132496,Q122850364,,,,,,,,,,,,,,,,,,,,,,,,,,,,,,,,,,,,,,,,,,,,,
Q132497,Q129167577,,,,,,,,,,,,,,,,,,,,,,,,,,,,,,,,,,,,,,,,,,,,,
Q132498,Q392617,,,,,,,,,,,,,,,,,,,,,,,,,,,,,,,,,,,,,,,,,,,,,
Q132499,Q1347046,,,,,,,,,,,,,,,,,,,,,,,,,,,,,,,,,,,,,,,,,,,,,
Q132500,Q1774178,,,,,,,,,,,,,,,,,,,,,,,,,,,,,,,,,,,,,,,,,,,,,
Q132501,Q1142802,,,,,,,,,,,,,,,,,,,,,,,,,,,,,,,,,,,,,,,,,,,,,
Q132502,Q625051,,,,,,,,,,,,,,,,,,,,,,,,,,,,,,,,,,,,,,,,,,,,,
Q132503,Q1815682,,,,,,,,,,,,,,,,,,,,,,,,,,,,,,,,,,,,,,,,,,,,,
Q132504,Q59218004,,,,,,,,,,,,,,,,,,,,,,,,,,,,,,,,,,,,,,,,,,,,,
Q132505,Q125086835,,,,,,,,,,,,,,,,,,,,,,,,,,,,,,,,,,,,,,,,,,,,,
Q132506,Q15847734,,,,,,,,,,,,,,,,,,,,,,,,,,,,,,,,,,,,,,,,,,,,,
Q132507,Q3734544,,,,,,,,,,,,,,,,,,,,,,,,,,,,,,,,,,,,,,,,,,,,,
Q132508,Q108336421,,,,,,,,,,,,,,,,,,,,,,,,,,,,,,,,,,,,,,,,,,,,,
Q132509,Q301219,,,,,,,,,,,,,,,,,,,,,,,,,,,406001,,,,,,,,,,,,,,,,,,
Q132510,Q2428721,,,,,,,,,,,,,,,,,,,,,,,,,,,,,,,,,,,,,,,,,,,,,
Q132511,Q591842,,,,,,,,,,,,,,,,,,,,,,,,,,,406003,,,,,,,,,,,,,,,,,,
Q132512,Q952188,,,,,,,,,,,,,,,,,,,,,,,,,,,,,,,,,,,,,,,,,,,,,
Q132513,Q1985130,,,,,,,,,,,,,,,,,,,,,,,,,,,,,,,,,,,,,,,,,,,,,
Q132514,Q1139470,,,,,,,,,,,,,,,,,,,,,,,,,,,,,,,,,,,,,,,,,,,,,
Q132515,Q1129489,,,,,,,,,,,,,,,,,,,,,,,,,,,,,,,,,,,,,,,,,,,,,
Q132516,Q974346,,,,,,,,,,,,,,,,,,,,,,,,,,,89103,,,,,,,,,,,,,,,,,,
Q132517,Q2196048,,,,,,,,,,,,,,,,,,,,,,,,,,,,,,,,,,,,,,,,,,,,,
Q132518,Q1088978,,,,,,,,,,,,,,,,,,,,,,,,,,,,,,,,,,,,,,,,,,,,,
Q132519,Q4381823,,,,,,,,,,,,,,,,,,,,,,,,,,,,,,,,,,,,,,,,,,,,,
Q132520,Q4343930,,,,,,,,,,,,,,,,,,,,,,,,,,,,,,,,,,,,,,,,,,,,,
Q132521,Q1921961,,,,,,,,,,,,,,,,,,,,,,,,,,,,,,,,,,,,,,,,,,,,,
Q132522,Q16166151,,,,,,,,,,,,,,,,,,,,,,,,,,,,,,,,,,,,,,,,,,,,,
Q132523,Q21548278,,,,,,,,,,,,,,,,,,,,,,,,,,,,,,,,,,,,,,,,,,,,,
Q132524,Q10548629,,,,,,,,,,,,,,,,,,,,,,,,,,,,,,,,,,,,,,,,,,,,,
Q132525,Q1047047,,,,,,,,,,,,,,,,,,,,,,,,,,,,,,,,,,,,,,,,,,,,,
Q132526,Q1393416,,,,,,,,,,,,,,,,,,,,,,,,,,,,,,,,,,,,,,,,,,,,,
Q132527,Q1967929,,,,,,,,,,,,,,,,,,,,,,,,,,,,,,,,,,,,,,,,,,,,,
Q132528,Q17625356,,,,,,,,,,,,,,,,,,,,,,,,,,,,,,,,,,,,,,,,,,,,,
Q132529,Q17561737,,,,,,,,,,,,,,,,,,,,,,,,,,,,,,,,,,,,,,,,,,,,,
Q132530,Q546636,,,,,,,,,,,,,,,,,,,,,,,,,,,,,,,,,,,,,,,,,,,,,
Q132531,Q10721972,,,,,,,,,,,,,,,,,,,,,,,,,,,,,,,,,,,,,,,,,,,,,
Q132532,Q223690,,,,,,,,,,,,,,,,,,,,,,,,,,,,,,,,,,,,,,,,,,,,,
Q132533,Q61862484,,,,,,,,,,,,,,,,,,,,,,,,,,,,,,,,,,,,,,,,,,,,,
Q132534,Q1462644,,,,,,,,,,,,,,,,,,,,,,,,,,,,,,,,,,,,,,,,,,,,,
Q132535,Q738007,,,,,,,,,,,,,,,,,,,,,,,,,,,,,,,,,,,,,,,,,,,,,
Q132536,Q7257118,,,,,,,,,,,,,,,,,,,,,,,,,,,,,,,,,,,,,,,,,,,,,
Q132537,Q2640491,,,,,,,,,,,,,,,,,,,,,,,,,,,,,,,,,,,,,,,,,,,,,
Q132538,Q12877296,,,,,,,,,,,,,,,,,,,,,,,,,,,,,,,,,,,,,,,,,,,,,
Q132539,Q51371908,,,,,,,,,,,,,,,,,,,,,,,,,,,,,,,,,,,,,,,,,,,,,
Q132540,Q60619241,,,,,,,,,,,,,,,,,,,,,,,,,,,,,,,,,,,,,,,,,,,,,
Q132541,Q59199404,,,,,,,,,,,,,,,,,,,,,,,,,,,,,,,,,,,,,,,,,,,,,
Q132542,Q1654068,,,,,,,,,,,,,,,,,,,,,,,,,,,,,,,,,,,,,,,,,,,,,
Q132543,Q66431,,,,,,,,,,,,,,,,,,,,,,,,,,,,,,,,,,,,,,,,,,,,,
Q132544,Q853462,,,,,,,,,,,,,,,,,,,,,,,,,,,,,,,,,,,,,,,,,,,,,
Q132545,Q604672,,,,,,,,,,,,,,,,,,,,,,,,,,,,,,,,,,,,,,,,,,,,,
Q132546,Q1887300,,,,,,,,,,,,,,,,,,,,,,,,,,,,,,,,,,,,,,,,,,,,,
Q132547,Q647496,,,,,,,,,,,,,,,,,,,,,,,,,,,,,,,,,,,,,,,,,,,,,
Q132548,Q4675035,,,,,,,,,,,,,,,,,,,,,,,,,,,,,,,,,,,,,,,,,,,,,
Q132549,Q2310293,,,,,,,,,,,,,,,,,,,,,,,,,,,,,,,,,,,,,,,,,,,,,
Q132550,Q1163391,,,,,,,,,,,,,,,,,,,,,,,,,,,,,,,,,,,,,,,,,,,,,
Q132551,Q3758170,,,,,,,,,,,,,,,,,,,,,,,,,,,,,,,,,,,,,,,,,,,,,
Q132552,Q3870523,,,,,,,,,,,,,,,,,,,,,,,,,,,,,,,,,,,,,,,,,,,,,
Q132553,Q1328289,,,,,,,,,,,,,,,,,,,,,,,,,,,,,,,,,,,,,,,,,,,,,
Q132554,Q2420316,,,,,,,,,,,,,,,,,,,,,,,,,,,,,,,,,,,,,,,,,,,,,
Q132555,Q12882096,,,,,,,,,,,,,,,,,,,,,,,,,,,,,,,,,,,,,,,,,,,,,
Q132556,Q748144,,,,,,,,,,,,,,,,,,,,,,,,,,,,,,,,,,,,,,,,,,,,,
Q132557,Q53606,,,,,,,,,,,,,,,,,,,,,,,,,,,,,,,,,,,,,,,,,,,,,
Q132558,Q1582249,,,,,,,,,,,,,,,,,,,,,,,,,,,,,,,,,,,,,,,,,,,,,
Q132559,Q12138988,,,,,,,,,,,,,,,,,,,,,,,,,,,,,,,,,,,,,,,,,,,,,
Q132560,Q3832028,,,,,,,,,,,,,,,,,,,,,,,,,,,,,,,,,,,,,,,,,,,,,
Q132561,Q1655431,,,,,,,,,,,,,,,,,,,,,,,,,,,,,,,,,,,,,,,,,,,,,
Q132562,Q330584,,,,,,,,,,,,,,,,,,,,,,,,,,,156572,,,,,,,,,,,,,,,,,,
Q132563,Q4198963,,,,,,,,,,,,,,,,,,,,,,,,,,,,,,,,,,,,,,,,,,,,,
Q132564,Q1330532,,,,,,,,,,,,,,,,,,,,,,,,,,,,,,,,,,,,,,,,,,,,,
Q132565,Q14601907,,,,,,,,,,,,,,,,,,,,,,,,,,,,,,,,,,,,,,,,,,,,,
Q132566,Q14601959,,,,,,,,,,,,,,,,,,,,,,,,,,,,,,,,,,,,,,,,,,,,,
Q132567,Q426788,,,,,,,,,,,,,,,,,,,,,,,,,,,,,,,,,,,,,,,,,,,,,
Q132568,Q3833059,,,,,,,,,,,,,,,,,,,,,,,,,,,,,,,,,,,,,,,,,,,,,
Q132569,Q374275,,,,,,,,,,,,,,,,,,,,,,,,,,,,,,,,,,,,,,,,,,,,,
Q132570,Q197033,,,,,,,,,,,,,,,,,,,,,,,,,,,,,,,,,,,,,,,,,,,,,
Q132571,Q3667219,,,,,,,,,,,,,,,,,,,,,,,,,,,,,,,,,,,,,,,,,,,,,
Q132572,Q1166183,,,,,,,,,,,,,,,,,,,,,,,,,,,,,,,,,,,,,,,,,,,,,
Q132573,Q12885291,,,,,,,,,,,,,,,,,,,,,,,,,,,,,,,,,,,,,,,,,,,,,
Q132574,Q618664,,,,,,,,,,,,,,,,,,,,,,,,,,,,,,,,,,,,,,,,,,,,,
Q132575,Q3567601,,,,,,,,,,,,,,,,,,,,,,,,,,,,,,,,,,,,,,,,,,,,,
Q132576,Q208588,,,,,,,,,,,,,,,,,,,,,,,,,,,,,,,,,,,,,,,,,,,,,
Q132577,Q1996222,,,,,,,,,,,,,,,,,,,,,,,,,,,,,,,,,,,,,,,,,,,,,
Q132578,Q2993240,,,,,,,,,,,,,,,,,,,,,,,,,,,,,,,,,,,,,,,,,,,,,
Q132579,Q12885691,,,,,,,,,,,,,,,,,,,,,,,,,,,,,,,,,,,,,,,,,,,,,
Q132580,Q16332222,,,,,,,,,,,,,,,,,,,,,,,,,,,,,,,,,,,,,,,,,,,,,
Q132581,Q5813592,,,,,,,,,,,,,,,,,,,,,,,,,,,,,,,,,,,,,,,,,,,,,
Q132582,Q4687813,,,,,,,,,,,,,,,,,,,,,,,,,,,,,,,,,,,,,,,,,,,,,
Q132583,Q12874911,,,,,,,,,,,,,,,,,,,,,,,,,,,,,,,,,,,,,,,,,,,,,
Q132584,Q55410919,,,,,,,,,,,,,,,,,,,,,,,,,,,,,,,,,,,,,,,,,,,,,
Q132585,Q878246,,,,,,,,,,,,,,,,,,,,,,,,,,,457740,,,,,,,,,,,,,,,,,,
Q132586,Q4095839,,,,,,,,,,,,,,,,,,,,,,,,,,,,,,,,,,,,,,,,,,,,,
Q132587,Q56936702,,,,,,,,,,,,,,,,,,,,,,,,,,,,,,,,,,,,,,,,,,,,,
Q132588,Q2606272,,,,,,,,,,,,,,,,,,,,,,,,,,,,,,,,,,,,,,,,,,,,,
Q132589,Q16826167,,,,,,,,,,,,,,,,,,,,,,,,,,,,,,,,,,,,,,,,,,,,,
Q132590,Q4780401,,,,,,,,,,,,,,,,,,,,,,,,,,,,,,,,,,,,,,,,,,,,,
Q132591,Q57385922,,,,,,,,,,,,,,,,,,,,,,,,,,,,,,,,,,,,,,,,,,,,,
Q132592,Q4501406,,,,,,,,,,,,,,,,,,,,,,,,,,,,,,,,,,,,,,,,,,,,,
Q132593,Q12879793,,,,,,,,,,,,,,,,,,,,,,,,,,,,,,,,,,,,,,,,,,,,,
Q132594,Q1795211,,,,,,,,,,,,,,,,,,,,,,,,,,,,,,,,,,,,,,,,,,,,,
Q132595,Q60589120,,,,,,,,,,,,,,,,,,,,,,,,,,,,,,,,,,,,,,,,,,,,,
Q132596,Q61014736,,,,,,,,,,,,,,,,,,,,,,,,,,,,,,,,,,,,,,,,,,,,,
Q132597,Q12879305,,,,,,,,,,,,,,,,,,,,,,,,,,,,,,,,,,,,,,,,,,,,,
Q132598,Q109802111,,,,,,,,,,,,,,,,,,,,,,,,,,,,,,,,,,,,,,,,,,,,,
Q132599,Q131694431,,,,,,,,,,,,,,,,,,,,,,,,,,,,,,,,,,,,,,,,,,,,,
Q132600,Q127782068,,,,,,,,,,,,,,,,,,,,,,,,,,,,,,,,,,,,,,,,,,,,,
Q132601,Q4187165,,,,,,,,,,,,,,,,,,,,,,,,,,,,,,,,,,,,,,,,,,,,,
Q132602,Q1805706,,,,,,,,,,,,,,,,,,,,,,,,,,,,,,,,,,,,,,,,,,,,,
Q132603,Q342343,,,,,,,,,,,,,,,,,,,,,,,,,,,,,,,,,,,,,,,,,,,,,
Q132604,Q869665,,,,,,,,,,,,,,,,,,,,,,,,,,,629257|385099,,,,,,,,,,,,,,,,,,
Q132605,Q1183342,,,,,,,,,,,,,,,,,,,,,,,,,,,,,,,,,,,,,,,,,,,,,
Q132606,Q1362409,,,,,,,,,,,,,,,,,,,,,,,,,,,,,,,,,,,,,,,,,,,,,
Q132607,Q1722781,,,,,,,,,,,,,,,,,,,,,,,,,,,,,,,,,,,,,,,,,,,,,
Q132608,Q10330161,,,,,,,,,,,,,,,,,,,,,,,,,,,,,,,,,,,,,,,,,,,,,
Q132609,Q57253725,,,,,,,,,,,,,,,,,,,,,,,,,,,,,,,,,,,,,,,,,,,,,
Q132610,Q3028712,,,,,,,,,,,,,,,,,,,,,,,,,,,,,,,,,,,,,,,,,,,,,
Q132611,Q404962,,,,,,,,,,,,,,,,,,,,,,,,,,,,,,,,,,,,,,,,,,,,,
Q132612,Q16327264,,,,,,,,,,,,,,,,,,,,,,,,,,,,,,,,,,,,,,,,,,,,,
Q132613,Q2597713,,,,,,,,,,,,,,,,,,,,,,,,,,,,,,,,,,,,,,,,,,,,,
Q132614,Q3850519,,,,,,,,,,,,,,,,,,,,,,,,,,,,,,,,,,,,,,,,,,,,,
Q132615,Q16539324,,,,,,,,,,,,,,,,,,,,,,,,,,,,,,,,,,,,,,,,,,,,,
Q132616,Q7595427,,,,,,,,,,,,,,,,,,,,,,,,,,,,,,,,,,,,,,,,,,,,,
Q132617,Q3546799,,,,,,,,,,,,,,,,,,,,,,,,,,,,,,,,,,,,,,,,,,,,,
Q132618,Q106866753,,,,,,,,,,,,,,,,,,,,,,,,,,,,,,,,,,,,,,,,,,,,,
Q132619,Q3144947,,,,,,,,,,,,,,,,,,,,,,,,,,,,,,,,,,,,,,,,,,,,,
Q132620,Q10323875,,,,,,,,,,,,,,,,,,,,,,,,,,,,,,,,,,,,,,,,,,,,,
Q132621,Q7139775,,,,,,,,,,,,,,,,,,,,,,,,,,,,,,,,,,,,,,,,,,,,,
Q132622,Q16610335,,,,,,,,,,,,,,,,,,,,,,,,,,,,,,,,,,,,,,,,,,,,,
Q132623,Q6035819,,,,,,,,,,,,,,,,,,,,,,,,,,,,,,,,,,,,,,,,,,,,,
Q132624,Q11904101,,,,,,,,,,,,,,,,,,,,,,,,,,,,,,,,,,,,,,,,,,,,,
Q132625,Q3982573,,,,,,,,,,,,,,,,,,,,,,,,,,,,,,,,,,,,,,,,,,,,,
Q132626,Q5829322,,,,,,,,,,,,,,,,,,,,,,,,,,,,,,,,,,,,,,,,,,,,,
Q132627,Q5849951,,,,,,,,,,,,,,,,,,,,,,,,,,,,,,,,,,,,,,,,,,,,,
Q132628,Q3892261,,,,,,,,,,,,,,,,,,,,,,,,,,,,,,,,,,,,,,,,,,,,,
Q132629,Q21547930,,,,,,,,,,,,,,,,,,,,,,,,,,,,,,,,,,,,,,,,,,,,,
Q132630,Q12872985,,,,,,,,,,,,,,,,,,,,,,,,,,,,,,,,,,,,,,,,,,,,,
Q132631,Q22965477,,,,,,,,,,,,,,,,,,,,,,,,,,,,,,,,,,,,,,,,,,,,,
Q132632,Q43891318,,,,,,,,,,,,,,,,,,,,,,,,,,,,,,,,,,,,,,,,,,,,,
Q132633,Q5708021,,,,,,,,,,,,,,,,,,,,,,,,,,,,,,,,,,,,,,,,,,,,,
Q132634,Q5640489,,,,,,,,,,,,,,,,,,,,,,,,,,,,,,,,,,,,,,,,,,,,,
Q132635,Q5392510,,,,,,,,,,,,,,,,,,,,,,,,,,,,,,,,,,,,,,,,,,,,,
Q132636,Q5799614,,,,,,,,,,,,,,,,,,,,,,,,,,,,,,,,,,,,,,,,,,,,,
Q132637,Q5894803,,,,,,,,,,,,,,,,,,,,,,,,,,,,,,,,,,,,,,,,,,,,,
Q132638,Q5898457,,,,,,,,,,,,,,,,,,,,,,,,,,,,,,,,,,,,,,,,,,,,,
Q132639,Q5988689,,,,,,,,,,,,,,,,,,,,,,,,,,,,,,,,,,,,,,,,,,,,,
Q132640,Q203673,,,,,,,,,,,,,,,,,,,,,,,,,,,,,,,,,,,,,,,,,,,,,
Q132641,Q4726821,,,,,,,,,,,,,,,,,,,,,,,,,,,,,,,,,,,,,,,,,,,,,
Q132642,Q11916385,,,,,,,,,,,,,,,,,,,,,,,,,,,,,,,,,,,,,,,,,,,,,
Q132643,Q12879790,,,,,,,,,,,,,,,,,,,,,,,,,,,,,,,,,,,,,,,,,,,,,
Q132644,Q12755125,,,,,,,,,,,,,,,,,,,,,,,,,,,,,,,,,,,,,,,,,,,,,
Q132645,Q2715690,,,,,,,,,,,,,,,,,,,,,,,,,,,,,,,,,,,,,,,,,,,,,
Q132646,Q21844796,,,,,,,,,,,,,,,,,,,,,,,,,,,,,,,,,,,,,,,,,,,,,
Q132647,Q12883447,,,,,,,,,,,,,,,,,,,,,,,,,,,,,,,,,,,,,,,,,,,,,
Q132648,Q12760567,,,,,,,,,,,,,,,,,,,,,,,,,,,,,,,,,,,,,,,,,,,,,
Q132649,Q16331608,,,,,,,,,,,,,,,,,,,,,,,,,,,,,,,,,,,,,,,,,,,,,
Q132650,Q16331636,,,,,,,,,,,,,,,,,,,,,,,,,,,,,,,,,,,,,,,,,,,,,
Q132651,Q12882012,,,,,,,,,,,,,,,,,,,,,,,,,,,,,,,,,,,,,,,,,,,,,
Q132652,Q15054729,,,,,,,,,,,,,,,,,,,,,,,,,,,,,,,,,,,,,,,,,,,,,
Q132653,Q55414765,,,,,,,,,,,,,,,,,,,,,,,,,,,,,,,,,,,,,,,,,,,,,
Q132654,Q56206086,,,,,,,,,,,,,,,,,,,,,,,,,,,,,,,,,,,,,,,,,,,,,
Q132655,Q56435423,,,,,,,,,,,,,,,,,,,,,,,,,,,,,,,,,,,,,,,,,,,,,
Q132656,Q56703654,,,,,,,,,,,,,,,,,,,,,,,,,,,,,,,,,,,,,,,,,,,,,
Q132657,Q3680855,,,,,,,,,,,,,,,,,,,,,,,,,,,,,,,,,,,,,,,,,,,,,
Q132658,Q58642091,,,,,,,,,,,,,,,,,,,,,,,,,,,,,,,,,,,,,,,,,,,,,
Q132659,Q60649168,,,,,,,,,,,,,,,,,,,,,,,,,,,,,,,,,,,,,,,,,,,,,
Q132660,Q60776877,,,,,,,,,,,,,,,,,,,,,,,,,,,,,,,,,,,,,,,,,,,,,
Q132661,Q60777424,,,,,,,,,,,,,,,,,,,,,,,,,,,,,,,,,,,,,,,,,,,,,
Q132662,Q65053880,,,,,,,,,,,,,,,,,,,,,,,,,,,,,,,,,,,,,,,,,,,,,
Q132663,Q105972986,,,,,,,,,,,,,,,,,,,,,,,,,,,,,,,,,,,,,,,,,,,,,
Q132664,Q105973241,,,,,,,,,,,,,,,,,,,,,,,,,,,,,,,,,,,,,,,,,,,,,
Q132665,Q105973988,,,,,,,,,,,,,,,,,,,,,,,,,,,,,,,,,,,,,,,,,,,,,
Q132666,Q105974115,,,,,,,,,,,,,,,,,,,,,,,,,,,,,,,,,,,,,,,,,,,,,
Q132667,Q105974182,,,,,,,,,,,,,,,,,,,,,,,,,,,,,,,,,,,,,,,,,,,,,
Q132668,Q105974222,,,,,,,,,,,,,,,,,,,,,,,,,,,,,,,,,,,,,,,,,,,,,
Q132669,Q106411342,,,,,,,,,,,,,,,,,,,,,,,,,,,,,,,,,,,,,,,,,,,,,
Q132670,Q107240931,,,,,,,,,,,,,,,,,,,,,,,,,,,,,,,,,,,,,,,,,,,,,
Q132671,Q107240934,,,,,,,,,,,,,,,,,,,,,,,,,,,,,,,,,,,,,,,,,,,,,
Q132672,Q107240944,,,,,,,,,,,,,,,,,,,,,,,,,,,,,,,,,,,,,,,,,,,,,
Q132673,Q107240922,,,,,,,,,,,,,,,,,,,,,,,,,,,,,,,,,,,,,,,,,,,,,
Q132674,Q107240981,,,,,,,,,,,,,,,,,,,,,,,,,,,,,,,,,,,,,,,,,,,,,
Q132675,Q107240951,,,,,,,,,,,,,,,,,,,,,,,,,,,,,,,,,,,,,,,,,,,,,
Q132676,Q118144703,,,,,,,,,,,,,,,,,,,,,,,,,,,,,,,,,,,,,,,,,,,,,
Q132677,Q118144710,,,,,,,,,,,,,,,,,,,,,,,,,,,,,,,,,,,,,,,,,,,,,
Q132678,Q107240924,,,,,,,,,,,,,,,,,,,,,,,,,,,,,,,,,,,,,,,,,,,,,
Q132679,Q107240947,,,,,,,,,,,,,,,,,,,,,,,,,,,,,,,,,,,,,,,,,,,,,
Q132680,Q118144747,,,,,,,,,,,,,,,,,,,,,,,,,,,,,,,,,,,,,,,,,,,,,
Q132681,Q118144787,,,,,,,,,,,,,,,,,,,,,,,,,,,,,,,,,,,,,,,,,,,,,
Q132682,Q107240949,,,,,,,,,,,,,,,,,,,,,,,,,,,,,,,,,,,,,,,,,,,,,
Q132683,Q122783003,,,,,,,,,,,,,,,,,,,,,,,,,,,,,,,,,,,,,,,,,,,,,
Q132684,Q107240941,,,,,,,,,,,,,,,,,,,,,,,,,,,,,,,,,,,,,,,,,,,,,
Q132685,Q2655419,,,,,,,,,,,,,,,,,,,,,,,,,,,,,,,,,,,,,,,,,,,,,
Q132686,Q1475776,,,,,,,,,,,,,,,,,,,,,,,,,,,,,,,,,,,,,,,,,,,,,
Q132687,Q4161961,,,,,,,,,,,,,,,,,,,,,,,,,,,,,,,,,,,,,,,,,,,,,
Q132688,Q1773975,,,,,,,,,,,,,,,,,,,,,,,,,,,,,,,,,,,,,,,,,,,,,
Q132689,Q1722467,,,,,,,,,,,,,,,,,,,,,,,,,,,,,,,,,,,,,,,,,,,,,
Q132690,Q1185808,,,,,,,,,,,,,,,,,,,,,,,,,,,,,,,,,,,,,,,,,,,,,
Q132691,Q1722501,,,,,,,,,,,,,,,,,,,,,,,,,,,,,,,,,,,,,,,,,,,,,
Q132692,Q16328138,,,,,,,,,,,,,,,,,,,,,,,,,,,,,,,,,,,,,,,,,,,,,
Q132693,Q114289252,,,,,,,,,,,,,,,,,,,,,,,,,,,,,,,,,,,,,,,,,,,,,
Q132694,Q16825281,,,,,,,,,,,,,,,,,,,,,,,,,,,,,,,,,,,,,,,,,,,,,
Q132695,Q239633,,,,,,,,,,,,,,,,,,,,,,,,,,,,,,,,,,,,,,,,,,,,,
Q132696,Q3514860,,,,,,,,,,,,,,,,,,,,,,,,,,,,,,,,,,,,,,,,,,,,,
Q132697,Q850078,,,,,,,,,,,,,,,,,,,,,,,,,,,,,,,,,,,,,,,,,,,,,
Q132698,Q853437,,,,,,,,,,,,,,,,,,,,,,,,,,,,,,,,,,,,,,,,,,,,,
Q132699,Q4687914,,,,,,,,,,,,,,,,,,,,,,,,,,,,,,,,,,,,,,,,,,,,,
Q132700,Q2070948,,,,,,,,,,,,,,,,,,,,,,,,,,,,,,,,,,,,,,,,,,,,,
Q132701,Q616782,,,,,,,,,,,,,,,,,,,,,,,,,,,,,,,,,,,,,,,,,,,,,
Q132702,Q27613,,,,,,,,,,,,,,,,,,,,,,,,,,,288756,,,,,,,,,,,,,,,,,,
Q132703,Q1145956,,,,,,,,,,,,,,,,,,,,,,,,,,,,,,,,,,,,,,,,,,,,,
Q132704,Q23162,,,,,,,,,,,,,,,,,,,,,,,,,,,,,,,,,,,,,,,,,,,,,
Q132705,Q4068494,,,,,,,,,,,,,,,,,,,,,,,,,,,,,,,,,,,,,,,,,,,,,
Q132706,Q20508460,,,,,,,,,,,,,,,,,,,,,,,,,,,,,,,,,,,,,,,,,,,,,
Q132707,Q40360514,,,,,,,,,,,,,,,,,,,,,,,,,,,,,,,,,,,,,,,,,,,,,
Q132708,Q16393134,,,,,,,,,,,,,,,,,,,,,,,,,,,,,,,,,,,,,,,,,,,,,
Q132709,Q13055196,,,,,,,,,,,,,,,,,,,,,,,,,,,,,,,,,,,,,,,,,,,,,
Q132710,Q41110601,,,,,,,,,,,,,,,,,,,,,,,,,,,,,,,,,,,,,,,,,,,,,
Q132711,Q2859473,,,,,,,,,,,,,,,,,,,,,,,,,,,,,,,,,,,,,,,,,,,,,
Q132712,Q3327311,,,,,,,,,,,,,,,,,,,,,,,,,,,,,,,,,,,,,,,,,,,,,
Q132713,Q3095359,,,,,,,,,,,,,,,,,,,,,,,,,,,,,,,,,,,,,,,,,,,,,
Q132714,Q16371017,,,,,,,,,,,,,,,,,,,,,,,,,,,,,,,,,,,,,,,,,,,,,
Q132715,Q12866069,,,,,,,,,,,,,,,,,,,,,,,,,,,,,,,,,,,,,,,,,,,,,
Q132716,Q12863064,,,,,,,,,,,,,,,,,,,,,,,,,,,,,,,,,,,,,,,,,,,,,
Q132717,Q115750534,,,,,,,,,,,,,,,,,,,,,,,,,,,,,,,,,,,,,,,,,,,,,
Q132718,Q14920605,,,,,,,,,,,,,,,,,,,,,,,,,,,,,,,,,,,,,,,,,,,,,
Q132719,Q9138251,,,,,,,,,,,,,,,,,,,,,,,,,,,,,,,,,,,,,,,,,,,,,
Q132720,Q115750442,,,,,,,,,,,,,,,,,,,,,,,,,,,,,,,,,,,,,,,,,,,,,
Q132721,Q115750475,,,,,,,,,,,,,,,,,,,,,,,,,,,,,,,,,,,,,,,,,,,,,
Q132722,Q117054252,,,,,,,,,,,,,,,,,,,,,,,,,,,,,,,,,,,,,,,,,,,,,
Q132723,Q1163352,,,,,,,,,,,,,,,,,,,,,,,,,,,,,,,,,,,,,,,,,,,,,
Q132724,Q1697019,,,,,,,,,,,,,,,,,,,,,,,,,,,,,,,,,,,,,,,,,,,,,
Q132725,Q28665879,,,,,,,,,,,,,,,,,,,,,,,,,,,81027,,,,,,,,,,,,,,,,,,
Q132726,Q115054087,,,,,,,,,,,,,,,,,,,,,,,,,,,,,,,,,,,,,,,,,,,,,
Q132727,Q10297002,,,,,,,,,,,,,,,,,,,,,,,,,,,32379|335685,,,,,,,,,,,,,,,,,,
Q132728,Q3364264,,,,,,,,,,,,,,,,,,,,,,,,,,,32393,,,,,,,,,,,,,,,,,,
Q132729,Q75382540,,,,,,,,,,,,,,,,,,,,,,,,,,,,,,,,,,,,,,,,,p10266.htm#i102656,,,UNKNOWN-89353,
Q132730,Q12656482,,,,,,,,,,,,,,,,,,,,,,,,,,,,,,,,,,,,,,,,,,,,,
Q132731,Q167685,,,,,,,,,,,,,,,,,,,,,,,,,,,,,,,,,,,,,,,,,,,,,
Q132732,Q3502332,,,,,,,,,,,,,,,,,,,,,,,,,,,,,,,,,,,,,,,,,,,,,
Q132733,Q4157003,,,,,,,,,,,,,,,,,,,,,,,,,,,,,,,,,,,,,,,,,,,,,
Q132734,Q60849902,,,,,,,,,,,,,,,,,,,,,,,,,,,,,,,,,,,,,,,,,,,,,
Q132735,Q1108130,,,,,,,,,,,,,,,,,,,,,,,,,,,,,,,,,,,,,,,,,,,,,
Q132736,Q11733247,,,,,,,,,,,,,,,,,,,,,,,,,,,,,,,,,,,,,,,,,,,,,
Q132737,Q644921,,,,,,,,,,,,,,,,,,,,,,,,,,,,,,,,,,,,,,,,,,,,,
Q132738,Q3621840,,,,,,,,,,,,,,,,,,,,,,,,,,,,,,,,,,,,,,,,,,,,,
Q132739,Q3086495,,,,,,,,,,,,,,,,,,,,,,,,,,,,,,,,,,,,,,,,,,,,,
Q132740,Q21548046,,,,,,,,,,,,,,,,,,,,,,,,,,,,,,,,,,,,,,,,,,,,,
Q132741,Q12884060,,,,,,,,,,,,,,,,,,,,,,,,,,,,,,,,,,,,,,,,,,,,,
Q132742,Q61045445,,,,,,,,,,,,,,,,,,,,,,,,,,,,,,,,,,,,,,,,,,,,,
Q132743,Q3891708,,,,,,,,,,,,,,,,,,,,,,,,,,,,,,,,,,,,,,,,,,,,,
Q132744,Q65124873,,,,,,,,,,,,,,,,,,,,,,,,,,,,,,,,,,,,,,,,,,,,,
Q132745,Q129263873,,,,,,,,,,,,,,,,,,,,,,,,,,,,,,,,,,,,,,,,,,,,,
Q132746,Q1061554,,,,,,,,,,,,,,,,,,,,,,,,,,,,,,,,,,,,,,,,,,,,,
Q132747,Q381459,,,,,,,,,,,,,,,,,,,,,,,,,,,,,,,,,,,,,,,,,,,,,
Q132748,Q94072,,,,,,,,,,,,,,,,,,,,,,,,,,,,,,,,,,,,,,,,,,,,,
Q132749,Q10323051,,,,,,,,,,,,,,,,,,,,,,,,,,,,,,,,,,,,,,,,,,,,,
Q132750,Q7382381,,,,,,,,,,,,,,,,,,,,,,,,,,,,,,,,,,,,,,,,,,,,,
Q132751,Q105975176,,,,,,,,,,,,,,,,,,,,,,,,,,,,,,,,,,,,,,,,,,,,,
Q132752,Q211953,,,,,,,,,,,,,,,,,,,,,,,,,,,,,,,,,,,,,,,,,,,,,
Q132753,Q1378429,,,,,,,,,,,,,,,,,,,,,,,,,,,,,,,,,,,,,,,,,,,,,
Q132754,Q135479720,,,,,,,,,,,,,,,,,,,,,,,,,,,,,,,,,,,,,,,,,,,,,
Q132755,Q655566,,,,,,,,,,,,,,,,,,,,,,,,,,,87809|404113,,,,,,,,,,,,,,,,,,
Q132756,Q3733768,,,,,,,,,,,,,,,,,,,,,,,,,,,,,,,,,,,,,,,,,,,,,
Q132757,Q209398,,,,,,,,,,,,,,,,,,,,,,,,,,,87810|404095,,,,,,,,,,,,,,,,,,
Q132758,Q110964745,,,,,,,,,,,,,,,,,,,,,,,,,,,,,,,,,,,,,,,,,,,,,
Q132759,Q125243728,,,,,,,,,,,,,,,,,,,,,,,,,,,,,,,,,,,,,,,,,,,,,
Q132760,Q17376007,,,,,,,,,,,,,,,,,,,,,,,,,,,,,,,,,,,,,,,,,,,,,
Q132761,Q163920,,,,,,,,,,,,,,,,,,,,,,,,,,,,,,,,,,,,,,,,,,,,,
Q132762,Q2930007,,,,,,,,,,,,,,,,,,,,,,,,,,,,,,,,,,,,,,,,,,,,,
Q132763,Q56098449,,,,,,,,,,,,,,,,,,,,,,,,,,,,,,,,,,,,,,,,,,,,,
Q132764,Q56240737,,,,,,,,,,,,,,,,,,,,,,,,,,,,,,,,,,,,,,,,,,,,,
Q132765,Q132543,,,,,,,,,,,,,,,,,,,,,,,,term/4190f14b-e865-41d5-9767-0475fa68b2b0,,,,,,,,,,,,,,,,,,,,,
Q132766,Q476682,,,,,,,,,,,,,,,,,,,,,,,,,,,,,,,,,,,,,,,,,,,,,
Q132767,Q5709717,,,,,,,,,,,,,,,,,,,,,,,,,,,,,,,,,,,,,,,,,,,,,
Q132768,Q207273,,,,,,,,,,,,,,,,,,,,,,,,,,,,,,,,,,,,,,,,,,,,,
Q132769,Q111010180,,,,,,,,,,,,,,,,,,,,,,,,,,,,,,,,,,,,,,,,,,,,,
Q132770,Q366533,,,,,,,,,,,,,,,,,,,,,,,,,,,,,,,,,,,,,,,,,,,,,
Q132771,Q1375734,,,,,,,,,,,,,,,,,,,,,,,,,,,,,,,,,,,,,,,,,,,,,
Q132772,Q174190,,,,,,,,,,,,,,,,,,,,,,,,,,,,,,,,,,,,,,,,,,,,,
Q132773,Q175450,,,,,,,,,,,,,,,,,,,,,,,,,,,,,,,,,,,,,,,,,,,,,
Q132774,Q1138207,,,,,,,,,,,,,,,,,,,,,,,,,,,,,,,,,,,,,,,,,,,,,
Q132775,Q3289828,,,,,,,,,,,,,,,,,,,,,,,,,,,,,,,,,,,,,,,,,,,,,
Q132776,Q3320210,,,,,,,,,,,,,,,,,,,,,,,,,,,,,,,,,,,,,,,,,,,,,
Q132777,Q4251777,,,,,,,,,,,,,,,,,,,,,,,,,,,,,,,,,,,,,,,,,,,,,
Q132778,Q4759471,,,,,,,,,,,,,,,,,,,,,,,,,,,,,,,,,,,,,,,,,,,,,
Q132779,Q5962290,,,,,,,,,,,,,,,,,,,,,,,,,,,,,,,,,,,,,,,,,,,,,
Q132780,Q7187284,,,,,,,,,,,,,,,,,,,,,,,,,,,,,,,,,,,,,,,,,,,,,
Q132781,Q7254930,,,,,,,,,,,,,,,,,,,,,,,,,,,,,,,,,,,,,,,,,,,,,
Q132782,Q10514702,,,,,,,,,,,,,,,,,,,,,,,,,,,,,,,,,,,,,,,,,,,,,
Q132783,Q1547161,,,,,,,,,,,,,,,,,,,,,,,,,,,,,,,,,,,,,,,,,,,,,
Q132784,Q2824393,,,,,,,,,,,,,,,,,,,,,,,,,,,,,,,,,,,,,,,,,,,,,
Q132785,Q10405146,,,,,,,,,,,,,,,,,,,,,,,,,,,,,,,,,,,,,,,,,,,,,
Q132786,Q1133738,,,,,,,,,,,,,,,,,,,,,,,,,,,,,,,,,,,,,,,,,,,,,
Q132787,Q610197,,,,,,,,,,,,,,,,,,,,,,,,,,,,,,,,,,,,,,,,,,,,,
Q132788,Q5319563,,,,,,,,,,,,,,,,,,,,,,,,,,,,,,,,,,,,,,,,,,,,,
Q132789,Q5173416,,,,,,,,,,,,,,,,,,,,,,,,,,,,,,,,,,,,,,,,,,,,,
Q132790,Q1075258,,,,,,,,,,,,,,,,,,,,,,,,,,,,,,,,,,,,,,,,,,,,,
Q132791,Q2182453,,,,,,,,,,,,,,,,,,,,,,,,,,,,,,,,,,,,,,,,,,,,,
Q132792,Q2642812,,,,,,,,,,,,,,,,,,,,,,,,,,,,,,,,,,,,,,,,,,,,,
Q132793,Q3846620,,,,,,,,,,,,,,,,,,,,,,,,,,,,,,,,,,,,,,,,,,,,,
Q132794,Q5011,,,,,,,,,,,,,,,,,,,,,,,,term/3CD56FEF-63E3-48FF-94D0-591030A99C70,,,,,,,,,,,,,,,,,,,,,
Q132795,Q654379,,,,,,,,,,,,,,,,,,,,,,,,,,,,,,,,,,,,,,,,,,,,,
Q132796,Q391089,,,,,,,,,,,,,,,,,,,,,,,,,,,,,,,,,,,,,,,,,,,,,
Q132797,Q6850942,,,,,,,,,,,,,,,,,,,,,,,,,,,,,,,,,,,,,,,,,,,,,
Q132798,Q58852759,,,,,,,,,,,,,,,,,,,,,,,,,,,,,,,,,,,,,,,,,,,,,
Q132799,Q18021097,,,,,,,,,,,,,,,,,,,,,,,,,,,,,,,,,,,,,,,,,,,,,
Q132800,Q754835,,,,,,,,,,,,,,,,,,,,,,,,,,,,,,,,,,,,,,,,,,,,,
Q132801,Q1488658,,,,,,,,,,,,,,,,,,,,,,,,,,,,,,,,,,,,,,,,,,,,,
Q132802,Q6994910,,,,,,,,,,,,,,,,,,,,,,,,,,,,,,,,,,,,,,,,,,,,,
Q132803,Q904515,,,,,,,,,,,,,,,,,,,,,,,,,,,,,,,,,,,,,,,,,,,,,
Q132804,Q512388,,,,,,,,,,,,,,,,,,,,,,,,,,,,,,,,,,,,,,,,,,,,,
Q132805,Q978017,,,,,,,,,,,,,,,,,,,,,,,,,,,,,,,,,,,,,,,,,,,,,
Q132806,Q947753,,,,,,,,,,,,,,,,,,,,,,,,,,,,,,,,,,,,,,,,,,,,,
Q132807,Q3571099,,,,,,,,,,,,,,,,,,,,,,,,,,,,,,,,,,,,,,,,,,,,,
Q132808,Q5414643,,,,,,,,,,,,,,,,,,,,,,,,,,,,,,,,,,,,,,,,,,,,,
Q132809,Q852301,,,,,,,,,,,,,,,,,,,,,,,,,,,,,,,,,,,,,,,,,,,,,
Q132810,Q3745492,,,,,,,,,,,,,,,,,,,,,,,,,,,,,,,,,,,,,,,,,,,,,
Q132811,Q42372544,,,,,,,,,,,,,,,,,,,,,,,,,,,,,,,,,,,,,,,,,,,,,
Q132812,Q55816153,,,,,,,,,,,,,,,,,,,,,,,,,,,,,,,,,,,,,,,,,,,,,
Q132813,Q56162726,,,,,,,,,,,,,,,,,,,,,,,,,,,,,,,,,,,,,,,,,,,,,
Q132814,Q62132619,,,,,,,,,,,,,,,,,,,,,,,,,,,,,,,,,,,,,,,,,,,,,
Q132815,Q10317929,,,,,,,,,,,,,,,,,,,,,,,,,,,,,,,,,,,,,,,,,,,,,
Q132816,Q12766862,,,,,,,,,,,,,,,,,,,,,,,,,,,,,,,,,,,,,,,,,,,,,
Q132817,Q2002158,,,,,,,,,,,,,,,,,,,,,,,,,,,,,,,,,,,,,,,,,,,,,
Q132818,Q192946,,,,,,,,,,,,,,,,,,,,,,,,,,,334300,,,,,,,,,,,,,,,,,,
Q132819,Q107389124,,,,,,,,,,,,,,,,,,,,,,,,,,,,,,,,,,,,,,,,,,,,,
Q132820,Q90878161,,,,,,,,,,,,,,,,,,,,,,,,,,,,,,,,,,,,,,,,,,,,,
Q132821,Q190582,,,,,,,,,,,,,,,,,,,,,,,,,,,154282,,,,,,,,,,,,,,,,,,
Q132822,Q161582,,,,,,,,,,,,,,,,,,,,,,,,,,,154349|423638,,,,,,,,,,,,,,,,,,
Q132823,Q950523,,,,,,,,,,,,,,,,,,,,,,,,,,,,,,,,,,,,,,,,,,,,,
Q132824,Q1351992,,,,,,,,,,,,,,,,,,,,,,,,,,,,,,,,,,,,,,,,,,,,,
Q132825,Q142739,,,,,,,,,,,,,,,,,,,,,,,,,,,,,,,,,,,,,,,,,,,,,
Q132826,Q26296,,,,,,,,,,,,,,,,,,,,,,,,,,,154280,,,,,,,,,,,,,,,,,,
Q132827,Q1705660,,,,,,,,,,,,,,,,,,,,,,,,,,,,,,,,,,,,,,,,,,,,,
Q132828,Q166155,,,,,,,,,,,,,,,,,,,,,,,,,,,,,,,,,,,,,,,,,,,,,
Q132829,Q4826203,,,,,,,,,,,,,,,,,,,,,,,,,,,,,,,,,,,,,,,,,,,,,
Q132830,Q5200183,,,,,,,,,,,,,,,,,,,,,,,,,,,,,,,,,,,,,,,,,,,,,
Q132831,Q1062299,,,,,,,,,,,,,,,,,,,,,,,,,,,423637,,,,,,,,,,,,,,,,,,
Q132832,Q60619064,,,,,,,,,,,,,,,,,,,,,,,,,,,,,,,,,,,,,,,,,,,,,
Q132833,Q31841846,,,,,,,,,,,,,,,,,,,,,,,,,,,,,,,,,,,,,,,,,,,,,
Q132834,Q2644073,,,,,,,,,,,,,,,,,,,,,,,,,,,,,,,,,,,,,,,,,,,,,
Q132835,Q3617449,,,,,,,,,,,,,,,,,,,,,,,,,,,,,,,,,,,,,,,,,,,,,
Q132836,Q1655701,,,,,,,,,,,,,,,,,,,,,,,,,,,,,,,,,,,,,,,,,,,,,
Q132837,Q331327,,,,,,,,,,,,,,,,,,,,,,,,,,,,,,,,,,,,,,,,,,,,,
Q132838,Q122816612,,,,,,,,,,,,,,,,,,,,,,,,,,,,,,,,,,,,,,,,,,,,,
Q132839,Q161096,,,,,,,,,,,,,,,,,,,,,,,,,,,,,,,,,,,,,,,,,,,,,
Q132840,Q109288759,,,,,,,,,,,,,,,,,,,,,,,,,,,,,,,,,,,,,,,,,,,,,
Q132841,Q57558535,,,,,,,,,,,,,,,,,,,,,,,,,,,,,,,,,,,,,,,,,,,,,
Q132842,Q124411944,,,,,,,,,,,,,,,,,,,,,,,,,,,,,,,,,,,,,,,,,,,,,
Q132843,Q1059810,,,,,,,,,,,,,,,,,,,,,,,,,,,,,,,,,,,,,,,,,,,,,
Q132844,Q748296,,,,,,,,,,,,,,,,,,,,,,,,,,,,,,,,,,,,,,,,,,,,,
Q132845,Q29464889,,,,,,,,,,,,,,,,,,,,,,,,,,,,,,,,,,,,,,,,,,,,,
Q132846,Q2823762,,,,,,,,,,,,,,,,,,,,,,,,,,,,,,,,,,,,,,,,,,,,,
Q132847,Q14915797,,,,,,,,,,,,,,,,,,,,,,,,,,,,,,,,,,,,,,,,,,,,,
Q132848,Q12877384,,,,,,,,,,,,,,,,,,,,,,,,,,,,,,,,,,,,,,,,,,,,,
Q132849,Q899184,,,,,,,,,,,,,,,,,,,,,,,,,,,,,,,,,,,,,,,,,,,,,
Q132850,Q3606858,,,,,,,,,,,,,,,,,,,,,,,,,,,154254,,,,,,,,,,,,,,,,,,
Q132851,Q1088483,,,,,,,,,,,,,,,,,,,,,,,,,,,,,,,,,,,,,,,,,,,,,
Q132852,Q638979,,,,,,,,,,,,,,,,,,,,,,,,,,,,,,,,,,,,,,,,,,,,,
Q132853,Q8065259,,,,,,,,,,,,,,,,,,,,,,,,,,,,,,,,,,,,,,,,,,,,,
Q132854,Q1568394,,,,,,,,,,,,,,,,,,,,,,,,,,,,,,,,,,,,,,,,,,,,,
Q132855,Q12277794,,,,,,,,,,,,,,,,,,,,,,,,,,,,,,,,,,,,,,,,,,,,,
Q132856,Q21400464,,,,,,,,,,,,,,,,,,,,,,,,,,,,,,,,,,,,,,,,,,,,,
Q132857,Q11815440,,,,,,,,,,,,,,,,,,,,,,,,,,,,,,,,,,,,,,,,,,,,,
Q132858,Q1085790,,,,,,,,,,,,,,,,,,,,,,,,,,,,,,,,,,,,,,,,,,,,,
Q132859,Q1647552,,,,,,,,,,,,,,,,,,,,,,,,,,,,,,,,,,,,,,,,,,,,,
Q132860,Q1466824,,,,,,,,,,,,,,,,,,,,,,,,,,,,,,,,,,,,,,,,,,,,,
Q132861,Q644030,,,,,,,,,,,,,,,,,,,,,,,,,,,,,,,,,,,,,,,,,,,,,
Q132862,Q12142063,,,,,,,,,,,,,,,,,,,,,,,,,,,,,,,,,,,,,,,,,,,,,
Q132863,Q1805698,,,,,,,,,,,,,,,,,,,,,,,,,,,,,,,,,,,,,,,,,,,,,
Q132864,Q12754538,,,,,,,,,,,,,,,,,,,,,,,,,,,,,,,,,,,,,,,,,,,,,
Q132865,Q16332688,,,,,,,,,,,,,,,,,,,,,,,,,,,,,,,,,,,,,,,,,,,,,
Q132866,Q5663136,,,,,,,,,,,,,,,,,,,,,,,,,,,,,,,,,,,,,,,,,,,,,
Q132867,Q1940891,,,,,,,,,,,,,,,,,,,,,,,,,,,,,,,,,,,,,,,,,,,,,
Q132868,Q4207037,,,,,,,,,,,,,,,,,,,,,,,,,,,,,,,,,,,,,,,,,,,,,
Q132869,Q47467143,,,,,,,,,,,,,,,,,,,,,,,,,,,,,,,,,,,,,,,,,,,,,
Q132870,Q116232654,,,,,,,,,,,,,,,,,,,,,,,,,,,,,,,,,,,,,,,,,,,,,
Q132871,Q190543,,,,,,,,,,,,,,,,,,,,,,,,,,,154277|385081,,,,,,,,,,,,,,,,,,
Q132872,Q738862,,,,,,,,,,,,,,,,,,,,,,,,,,,,,,,,,,,,,,,,,,,,,
Q132873,Q929768,,,,,,,,,,,,,,,,,,,,,,,,,,,,,,,,,,,,,,,,,,,,,
Q132874,Q392384,,,,,,,,,,,,,,,,,,,,,,,,,,,,,,,,,,,,,,,,,,,,,
Q132875,Q2647366,,,,,,,,,,,,,,,,,,,,,,,,,,,,,,,,,,,,,,,,,,,,,
Q132876,Q15790205,,,,,,,,,,,,,,,,,,,,,,,,,,,,,,,,,,,,,,,,,,,,,
Q132877,Q3618704,,,,,,,,,,,,,,,,,,,,,,,,,,,,,,,,,,,,,,,,,,,,,
Q132878,Q3607060,,,,,,,,,,,,,,,,,,,,,,,,,,,,,,,,,,,,,,,,,,,,,
Q132879,Q12750238,,,,,,,,,,,,,,,,,,,,,,,,,,,,,,,,,,,,,,,,,,,,,
Q132880,Q847268,,,,,,,,,,,,,,,,,,,,,,,,,,,87849,,,,,,,,,,,,,,,,,,
Q132881,Q11798351,,,,,,,,,,,,,,,,,,,,,,,,,,,,,,,,,,,,,,,,,,,,,
Q132882,Q1550960,,,,,,,,,,,,,,,,,,,,,,,,,,,403899,,,,,,,,,,,,,,,,,,
Q132883,Q16190194,,,,,,,,,,,,,,,,,,,,,,,,,,,,,,,,,,,,,,,,,,,,,
Q132884,Q17542056,,,,,,,,,,,,,,,,,,,,,,,,,,,,,,,,,,,,,,,,,,,,,
Q132885,Q3696990,,,,,,,,,,,,,,,,,,,,,,,,,,,,,,,,,,,,,,,,,,,,,
Q132886,Q11916782,,,,,,,,,,,,,,,,,,,,,,,,,,,,,,,,,,,,,,,,,,,,,
Q132887,Q690613,,,,,,,,,,,,,,,,,,,,,,,,,,,,,,,,,,,,,,,,,,,,,
Q132888,Q916442,,,,,,,,,,,,,,,,,,,,,,,,,,,,,,,,,,,,,,,,,,,,,
Q132889,Q2112714,,,,,,,,,,,,,,,,,,,,,,,,,,,,,,,,,,,,,,,,,,,,,
Q132890,Q12769166,,,,,,,,,,,,,,,,,,,,,,,,,,,,,,,,,,,,,,,,,,,,,
Q132891,Q27916706,,,,,,,,,,,,,,,,,,,,,,,,,,,,,,,,,,,,,,,,,,,,,
Q132892,Q7130455,,,,,,,,,,,,,,,,,,,,,,,,,,,,,,,,,,,,,,,,,,,,,
Q132893,Q1717053,,,,,,,,,,,,,,,,,,,,,,,,,,,,,,,,,,,,,,,,,,,,,
Q132894,Q1465809,,,,,,,,,,,,,,,,,,,,,,,,,,,,,,,,,,,,,,,,,,,,,
Q132895,Q18643761,,,,,,,,,,,,,,,,,,,,,,,,,,,,,,,,,,,,,,,,,,,,,
Q132896,Q1378543,,,,,,,,,,,,,,,,,,,,,,,,,,,,,,,,,,,,,,,,,,,,,
Q132897,Q15052142,,,,,,,,,,,,,,,,,,,,,,,,,,,,,,,,,,,,,,,,,,,,,
Q132898,Q12748274,,,,,,,,,,,,,,,,,,,,,,,,,,,,,,,,,,,,,,,,,,,,,
Q132899,Q20437956,,,,,,,,,,,,,,,,,,,,,,,,,,,,,,,,,,,,,,,,,,,,,
Q132900,Q3734522,,,,,,,,,,,,,,,,,,,,,,,,,,,,,,,,,,,,,,,,,,,,,
Q132901,Q6008518,,,,,,,,,,,,,,,,,,,,,,,,,,,,,,,,,,,,,,,,,,,,,
Q132902,Q1746218,,,,,,,,,,,,,,,,,,,,,,,,,,,,,,,,,,,,,,,,,,,,,
Q132903,Q4067044,,,,,,,,,,,,,,,,,,,,,,,,,,,,,,,,,,,,,,,,,,,,,
Q132904,Q21548753,,,,,,,,,,,,,,,,,,,,,,,,,,,,,,,,,,,,,,,,,,,,,
Q132905,Q9250158,,,,,,,,,,,,,,,,,,,,,,,,,,,,,,,,,,,,,,,,,,,,,
Q132906,Q12878452,,,,,,,,,,,,,,,,,,,,,,,,,,,,,,,,,,,,,,,,,,,,,
Q132907,Q1995551,,,,,,,,,,,,,,,,,,,,,,,,,,,,,,,,,,,,,,,,,,,,,
Q132908,Q1501571,,,,,,,,,,,,,,,,,,,,,,,,,,,,,,,,,,,,,,,,,,,,,
Q132909,Q41510110,,,,,,,,,,,,,,,,,,,,,,,,,,,1302829,,,,,,,,,,,,,,,,,,
Q132910,Q12873234,,,,,,,,,,,,,,,,,,,,,,,,,,,,,,,,,,,,,,,,,,,,,
Q132911,Q12874311,,,,,,,,,,,,,,,,,,,,,,,,,,,,,,,,,,,,,,,,,,,,,
Q132912,Q22965429,,,,,,,,,,,,,,,,,,,,,,,,,,,,,,,,,,,,,,,,,,,,,
Q132913,Q21548083,,,,,,,,,,,,,,,,,,,,,,,,,,,,,,,,,,,,,,,,,,,,,
Q132914,Q21548726,,,,,,,,,,,,,,,,,,,,,,,,,,,,,,,,,,,,,,,,,,,,,
Q132915,Q21547799,,,,,,,,,,,,,,,,,,,,,,,,,,,,,,,,,,,,,,,,,,,,,
Q132916,Q4740603,,,,,,,,,,,,,,,,,,,,,,,,,,,,,,,,,,,,,,,,,,,,,
Q132917,Q21548447,,,,,,,,,,,,,,,,,,,,,,,,,,,,,,,,,,,,,,,,,,,,,
Q132918,Q21548741,,,,,,,,,,,,,,,,,,,,,,,,,,,,,,,,,,,,,,,,,,,,,
Q132919,Q55421303,,,,,,,,,,,,,,,,,,,,,,,,,,,,,,,,,,,,,,,,,,,,,
Q132920,Q55803636,,,,,,,,,,,,,,,,,,,,,,,,,,,,,,,,,,,,,,,,,,,,,
Q132921,Q12359854,,,,,,,,,,,,,,,,,,,,,,,,,,,,,,,,,,,,,,,,,,,,,
Q132922,Q3644279,,,,,,,,,,,,,,,,,,,,,,,,,,,,,,,,,,,,,,,,,,,,,
Q132923,Q56152419,,,,,,,,,,,,,,,,,,,,,,,,,,,,,,,,,,,,,,,,,,,,,
Q132924,Q56224238,,,,,,,,,,,,,,,,,,,,,,,,,,,,,,,,,,,,,,,,,,,,,
Q132925,Q56613301,,,,,,,,,,,,,,,,,,,,,,,,,,,,,,,,,,,,,,,,,,,,,
Q132926,Q57908759,,,,,,,,,,,,,,,,,,,,,,,,,,,,,,,,,,,,,,,,,,,,,
Q132927,Q3731077,,,,,,,,,,,,,,,,,,,,,,,,,,,,,,,,,,,,,,,,,,,,,
Q132928,Q21095226,,,,,,,,,,,,,,,,,,,,,,,,,,,,,,,,,,,,,,,,,,,,,
Q132929,Q55421278,,,,,,,,,,,,,,,,,,,,,,,,,,,,,,,,,,,,,,,,,,,,,
Q132930,Q55590329,,,,,,,,,,,,,,,,,,,,,,,,,,,,,,,,,,,,,,,,,,,,,
Q132931,Q55964636,,,,,,,,,,,,,,,,,,,,,,,,,,,,,,,,,,,,,,,,,,,,,
Q132932,Q56056114,,,,,,,,,,,,,,,,,,,,,,,,,,,,,,,,,,,,,,,,,,,,,
Q132933,Q57384036,,,,,,,,,,,,,,,,,,,,,,,,,,,,,,,,,,,,,,,,,,,,,
Q132934,Q59012634,,,,,,,,,,,,,,,,,,,,,,,,,,,,,,,,,,,,,,,,,,,,,
Q132935,Q59661163,,,,,,,,,,,,,,,,,,,,,,,,,,,,,,,,,,,,,,,,,,,,,
Q132936,Q21548783,,,,,,,,,,,,,,,,,,,,,,,,,,,,,,,,,,,,,,,,,,,,,
Q132937,Q59780229,,,,,,,,,,,,,,,,,,,,,,,,,,,,,,,,,,,,,,,,,,,,,
Q132938,Q60219404,,,,,,,,,,,,,,,,,,,,,,,,,,,,,,,,,,,,,,,,,,,,,
Q132939,Q60449765,,,,,,,,,,,,,,,,,,,,,,,,,,,,,,,,,,,,,,,,,,,,,
Q132940,Q57170754,,,,,,,,,,,,,,,,,,,,,,,,,,,,,,,,,,,,,,,,,,,,,
Q132941,Q56749570,,,,,,,,,,,,,,,,,,,,,,,,,,,,,,,,,,,,,,,,,,,,,
Q132942,Q60541302,,,,,,,,,,,,,,,,,,,,,,,,,,,,,,,,,,,,,,,,,,,,,
Q132943,Q60541681,,,,,,,,,,,,,,,,,,,,,,,,,,,,,,,,,,,,,,,,,,,,,
Q132944,Q60544950,,,,,,,,,,,,,,,,,,,,,,,,,,,,,,,,,,,,,,,,,,,,,
Q132945,Q60541249,,,,,,,,,,,,,,,,,,,,,,,,,,,,,,,,,,,,,,,,,,,,,
Q132946,Q60544229,,,,,,,,,,,,,,,,,,,,,,,,,,,,,,,,,,,,,,,,,,,,,
Q132947,Q60542128,,,,,,,,,,,,,,,,,,,,,,,,,,,,,,,,,,,,,,,,,,,,,
Q132948,Q60541525,,,,,,,,,,,,,,,,,,,,,,,,,,,,,,,,,,,,,,,,,,,,,
Q132949,Q60542396,,,,,,,,,,,,,,,,,,,,,,,,,,,,,,,,,,,,,,,,,,,,,
Q132950,Q60542743,,,,,,,,,,,,,,,,,,,,,,,,,,,,,,,,,,,,,,,,,,,,,
Q132951,Q60543242,,,,,,,,,,,,,,,,,,,,,,,,,,,,,,,,,,,,,,,,,,,,,
Q132952,Q60542226,,,,,,,,,,,,,,,,,,,,,,,,,,,,,,,,,,,,,,,,,,,,,
Q132953,Q60541477,,,,,,,,,,,,,,,,,,,,,,,,,,,,,,,,,,,,,,,,,,,,,
Q132954,Q60544634,,,,,,,,,,,,,,,,,,,,,,,,,,,,,,,,,,,,,,,,,,,,,
Q132955,Q60544796,,,,,,,,,,,,,,,,,,,,,,,,,,,,,,,,,,,,,,,,,,,,,
Q132956,Q60541839,,,,,,,,,,,,,,,,,,,,,,,,,,,,,,,,,,,,,,,,,,,,,
Q132957,Q60584178,,,,,,,,,,,,,,,,,,,,,,,,,,,,,,,,,,,,,,,,,,,,,
Q132958,Q1372307,,,,,,,,,,,,,,,,,,,,,,,,,,,,,,,,,,,,,,,,,,,,,
Q132959,Q60695663,,,,,,,,,,,,,,,,,,,,,,,,,,,,,,,,,,,,,,,,,,,,,
Q132960,Q61050396,,,,,,,,,,,,,,,,,,,,,,,,,,,,,,,,,,,,,,,,,,,,,
Q132961,Q61415463,,,,,,,,,,,,,,,,,,,,,,,,,,,,,,,,,,,,,,,,,,,,,
Q132962,Q16332208,,,,,,,,,,,,,,,,,,,,,,,,,,,,,,,,,,,,,,,,,,,,,
Q132963,Q61721870,,,,,,,,,,,,,,,,,,,,,,,,,,,,,,,,,,,,,,,,,,,,,
Q132964,Q61830233,,,,,,,,,,,,,,,,,,,,,,,,,,,,,,,,,,,,,,,,,,,,,
Q132965,Q12760076,,,,,,,,,,,,,,,,,,,,,,,,,,,,,,,,,,,,,,,,,,,,,
Q132966,Q108365571,,,,,,,,,,,,,,,,,,,,,,,,,,,,,,,,,,,,,,,,,,,,,
Q132967,Q108281053,,,,,,,,,,,,,,,,,,,,,,,,,,,,,,,,,,,,,,,,,,,,,
Q132968,Q108281058,,,,,,,,,,,,,,,,,,,,,,,,,,,,,,,,,,,,,,,,,,,,,
Q132969,Q118143559,,,,,,,,,,,,,,,,,,,,,,,,,,,,,,,,,,,,,,,,,,,,,
Q132970,Q108239230,,,,,,,,,,,,,,,,,,,,,,,,,,,,,,,,,,,,,,,,,,,,,
Q132971,Q108281114,,,,,,,,,,,,,,,,,,,,,,,,,,,,,,,,,,,,,,,,,,,,,
Q132972,Q120540701,,,,,,,,,,,,,,,,,,,,,,,,,,,,,,,,,,,,,,,,,,,,,
Q132973,Q128605822,,,,,,,,,,,,,,,,,,,,,,,,,,,,,,,,,,,,,,,,,,,,,
Q132974,Q130705979,,,,,,,,,,,,,,,,,,,,,,,,,,,,,,,,,,,,,,,,,,,,,
Q132975,Q58318523,,,,,,,,,,,,,,,,,,,,,,,,,,,,,,,,,,,,,,,,,,,,,
Q132976,Q12877390,,,,,,,,,,,,,,,,,,,,,,,,,,,,,,,,,,,,,,,,,,,,,
Q132977,Q1001060,,,,,,,,,,,,,,,,,,,,,,,,,,,,,,,,,,,,,,,,,,,,,
Q132978,Q368853,,,,,,,,,,,,,,,,,,,,,,,,,,,,,,,,,,,,,,,,,,,,,
Q132979,Q1675357,,,,,,,,,,,,,,,,,,,,,,,,,,,,,,,,,,,,,,,,,,,,,
Q132980,Q2006592,,,,,,,,,,,,,,,,,,,,,,,,,,,,,,,,,,,,,,,,,,,,,
Q132981,Q18470264,,,,,,,,,,,,,,,,,,,,,,,,,,,,,,,,,,,,,,,,,,,,,
Q132982,Q2103073,,,,,,,,,,,,,,,,,,,,,,,,,,,,,,,,,,,,,,,,,,,,,
Q132983,Q12879792,,,,,,,,,,,,,,,,,,,,,,,,,,,,,,,,,,,,,,,,,,,,,
Q132984,Q3697327,,,,,,,,,,,,,,,,,,,,,,,,,,,,,,,,,,,,,,,,,,,,,
Q132985,Q782764,,,,,,,,,,,,,,,,,,,,,,,,,,,,,,,,,,,,,,,,,,,,,
Q132986,Q12760231,,,,,,,,,,,,,,,,,,,,,,,,,,,,,,,,,,,,,,,,,,,,,
Q132987,Q793560,,,,,,,,,,,,,,,,,,,,,,,,,,,,,,,,,,,,,,,,,,,,,
Q132988,Q4826358,,,,,,,,,,,,,,,,,,,,,,,,,,,,,,,,,,,,,,,,,,,,,
Q132989,Q60617711,,,,,,,,,,,,,,,,,,,,,,,,,,,,,,,,,,,,,,,,,,,,,
Q132990,Q106446748,,,,,,,,,,,,,,,,,,,,,,,,,,,,,,,,,,,,,,,,,,,,,
Q132991,Q122980967,,,,,,,,,,,,,,,,,,,,,,,,,,,,,,,,,,,,,,,,,,,,,
Q132992,Q1734053,,,,,,,,,,,,,,,,,,,,,,,,,,,,,,,,,,,,,,,,,,,,,
Q132993,Q18481886,,,,,,,,,,,,,,,,,,,,,,,,,,,,,,,,,,,,,,,,,,,,,
Q132994,Q4233066,,,,,,,,,,,,,,,,,,,,,,,,,,,,,,,,,,,,,,,,,,,,,
Q132995,Q190323,,,,,,,,,,,,,,,,,,,,,,,,,,,,,,,,,,,,,,,,,,,,,
Q132996,Q1638952,,,,,,,,,,,,,,,,,,,,,,,,,,,,,,,,,,,,,,,,,,,,,
Q132997,Q472774,,,,,,,,,,,,,,,,,,,,,,,,,,,,,,,,,,,,,,,,,,,,,
Q132998,Q20100675,,,,,,,,,,,,,,,,,,,,,,,,,,,,,,,,,,,,,,,,,,,,,
Q132999,Q3483923,,,,,,,,,,,,,,,,,,,,,,,,,,,,,,,,,,,,,,,,,,,,,
Q133000,Q17200894,,,,,,,,,,,,,,,,,,,,,,,,,,,,,,,,,,,,,,,,,,,,,
Q133001,Q20577402,,,,,,,,,,,,,,,,,,,,,,,,,,,,,,,,,,,,,,,,,,,,,
Q133002,Q61863067,,,,,,,,,,,,,,,,,,,,,,,,,,,,,,,,,,,,,,,,,,,,,
Q133003,Q764777,,,,,,,,,,,,,,,,,,,,,,,,,,,,,,,,,,,,,,,,,,,,,
Q133004,Q1627823,,,,,,,,,,,,,,,,,,,,,,,,,,,,,,,,,,,,,,,,,,,,,
Q133005,Q12880246,,,,,,,,,,,,,,,,,,,,,,,,,,,,,,,,,,,,,,,,,,,,,
Q133006,Q11906626,,,,,,,,,,,,,,,,,,,,,,,,,,,,,,,,,,,,,,,,,,,,,
Q133007,Q657174,,,,,,,,,,,,,,,,,,,,,,,,,,,,,,,,,,,,,,,,,,,,,
Q133008,Q3982385,,,,,,,,,,,,,,,,,,,,,,,,,,,,,,,,,,,,,,,,,,,,,
Q133009,Q1237345,,,,,,,,,,,,,,,,,,,,,,,,,,,,,,,,,,,,,,,,,,,,,
Q133010,Q5741709,,,,,,,,,,,,,,,,,,,,,,,,,,,,,,,,,,,,,,,,,,,,,
Q133011,Q1601938,,,,,,,,,,,,,,,,,,,,,,,,,,,,,,,,,,,,,,,,,,,,,
Q133012,Q1183173,,,,,,,,,,,,,,,,,,,,,,,,,,,,,,,,,,,,,,,,,,,,,
Q133013,Q581858,,,,,,,,,,,,,,,,,,,,,,,,,,,,,,,,,,,,,,,,,,,,,
Q133014,Q3357642,,,,,,,,,,,,,,,,,,,,,,,,,,,,,,,,,,,,,,,,,,,,,
Q133015,Q3665076,,,,,,,,,,,,,,,,,,,,,,,,,,,,,,,,,,,,,,,,,,,,,
Q133016,Q27055643,,,,,,,,,,,,,,,,,,,,,,,,,,,,,,,,,,,,,,,,,,,,,
Q133017,Q106258606,,,,,,,,,,,,,,,,,,,,,,,,,,,,,,,,,,,,,,,,,,,,,
Q133018,Q131673781,,,,,,,,,,,,,,,,,,,,,,,,,,,,,,,,,,,,,,,,,,,,,
Q133019,Q21567935,,,,,,,,,,,,,,,,,,,,,,,,,,,,,,,,,,,,,,,,,,,,,
Q133020,Q3567413,,,,,,,,,,,,,,,,,,,,,,,,,,,,,,,,,,,,,,,,,,,,,
Q133021,Q7195037,,,,,,,,,,,,,,,,,,,,,,,,,,,,,,,,,,,,,,,,,,,,,
Q133022,Q4891287,,,,,,,,,,,,,,,,,,,,,,,,,,,,,,,,,,,,,,,,,,,,,
Q133023,Q61014868,,,,,,,,,,,,,,,,,,,,,,,,,,,,,,,,,,,,,,,,,,,,,
Q133024,Q1326748,,,,,,,,,,,,,,,,,,,,,,,,,,,,,,,,,,,,,,,,,,,,,
Q133025,Q5113800,,,,,,,,,,,,,,,,,,,,,,,,,,,,,,,,,,,,,,,,,,,,,
Q133026,Q55813594,,,,,,,,,,,,,,,,,,,,,,,,,,,,,,,,,,,,,,,,,,,,,
Q133027,Q410748,,,,,,,,,,,,,,,,,,,,,,,,,,,,,,,,,,,,,,,,,,,,,
Q133028,Q687206,,,,,,,,,,,,,,,,,,,,,,,,,,,,,,,,,,,,,,,,,,,,,
Q133029,Q1378472,,,,,,,,,,,,,,,,,,,,,,,,,,,,,,,,,,,,,,,,,,,,,
Q133030,Q7124090,,,,,,,,,,,,,,,,,,,,,,,,,,,,,,,,,,,,,,,,,,,,,
Q133031,Q3621412,,,,,,,,,,,,,,,,,,,,,,,,,,,,,,,,,,,,,,,,,,,,,
Q133032,Q12874093,,,,,,,,,,,,,,,,,,,,,,,,,,,,,,,,,,,,,,,,,,,,,
Q133033,Q1477743,,,,,,,,,,,,,,,,,,,,,,,,,,,,,,,,,,,,,,,,,,,,,
Q133034,Q3411841,,,,,,,,,,,,,,,,,,,,,,,,,,,,,,,,,,,,,,,,,,,,,
Q133035,Q58619667,,,,,,,,,,,,,,,,,,,,,,,,,,,,,,,,,,,,,,,,,,,,,
Q133036,Q1790716,,,,,,,,,,,,,,,,,,,,,,,,,,,,,,,,,,,,,,,,,,,,,
Q133037,Q12875424,,,,,,,,,,,,,,,,,,,,,,,,,,,,,,,,,,,,,,,,,,,,,
Q133038,Q21548593,,,,,,,,,,,,,,,,,,,,,,,,,,,,,,,,,,,,,,,,,,,,,
Q133039,Q61046103,,,,,,,,,,,,,,,,,,,,,,,,,,,,,,,,,,,,,,,,,,,,,
Q133040,Q20100712,,,,,,,,,,,,,,,,,,,,,,,,,,,,,,,,,,,,,,,,,,,,,
Q133041,Q58852764,,,,,,,,,,,,,,,,,,,,,,,,,,,,,,,,,,,,,,,,,,,,,
Q133042,Q6949042,,,,,,,,,,,,,,,,,,,,,,,,,,,,,,,,,,,,,,,,,,,,,
Q133043,Q12884196,,,,,,,,,,,,,,,,,,,,,,,,,,,,,,,,,,,,,,,,,,,,,
Q133044,Q59221658,,,,,,,,,,,,,,,,,,,,,,,,,,,,,,,,,,,,,,,,,,,,,
Q133045,Q11933884,,,,,,,,,,,,,,,,,,,,,,,,,,,,,,,,,,,,,,,,,,,,,
Q133046,Q4202635,,,,,,,,,,,,,,,,,,,,,,,,,,,,,,,,,,,,,,,,,,,,,
Q133047,Q7137015,,,,,,,,,,,,,,,,,,,,,,,,,,,,,,,,,,,,,,,,,,,,,
Q133048,Q11912529,,,,,,,,,,,,,,,,,,,,,,,,,,,,,,,,,,,,,,,,,,,,,
Q133049,Q4532166,,,,,,,,,,,,,,,,,,,,,,,,,,,,,,,,,,,,,,,,,,,,,
Q133050,Q59775048,,,,,,,,,,,,,,,,,,,,,,,,,,,,,,,,,,,,,,,,,,,,,
Q133051,Q410082,,,,,,,,,,,,,,,,,,,,,,,,,,,,,,,,,,,,,,,,,,,,,
Q133052,Q482134,,,,,,,,,,,,,,,,,,,,,,,,,,,385097,,,,,,,,,,,,,,,,,,
Q133053,Q731181,,,,,,,,,,,,,,,,,,,,,,,,,,,,,,,,,,,,,,,,,,,,,
Q133054,Q12841832,,,,,,,,,,,,,,,,,,,,,,,,,,,,,,,,,,,,,,,,,,,,,
Q133055,Q1672201,,,,,,,,,,,,,,,,,,,,,,,,,,,,,,,,,,,,,,,,,,,,,
Q133056,Q1295433,,,,,,,,,,,,,,,,,,,,,,,,,,,,,,,,,,,,,,,,,,,,,
Q133057,Q4344106,,,,,,,,,,,,,,,,,,,,,,,,,,,,,,,,,,,,,,,,,,,,,
Q133058,Q3801330,,,,,,,,,,,,,,,,,,,,,,,,,,,,,,,,,,,,,,,,,,,,,
Q133059,Q4132258,,,,,,,,,,,,,,,,,,,,,,,,,,,,,,,,,,,,,,,,,,,,,
Q133060,Q12872407,,,,,,,,,,,,,,,,,,,,,,,,,,,,,,,,,,,,,,,,,,,,,
Q133061,Q1619989,,,,,,,,,,,,,,,,,,,,,,,,,,,,,,,,,,,,,,,,,,,,,
Q133062,Q28122362,,,,,,,,,,,,,,,,,,,,,,,,,,,,,,,,,,,,,,,,,,,,,
Q133063,Q193267,,,,,,,,,,,,,,,,,,,,,,,,,,,,,,,,,,,,,,,,,,,,,
Q133064,Q281670,,,,,,,,,,,,,,,,,,,,,,,,,,,,,,,,,,,,,,,,,,,,,
Q133065,Q3607816,,,,,,,,,,,,,,,,,,,,,,,,,,,,,,,,,,,,,,,,,,,,,
Q133066,Q3899862,,,,,,,,,,,,,,,,,,,,,,,,,,,,,,,,,,,,,,,,,,,,,
Q133067,Q1087718,,,,,,,,,,,,,,,,,,,,,,,,,,,,,,,,,,,,,,,,,,,,,
Q133068,Q12762664,,,,,,,,,,,,,,,,,,,,,,,,,,,,,,,,,,,,,,,,,,,,,
Q133069,Q12765504,,,,,,,,,,,,,,,,,,,,,,,,,,,,,,,,,,,,,,,,,,,,,
Q133070,Q12765554,,,,,,,,,,,,,,,,,,,,,,,,,,,,,,,,,,,,,,,,,,,,,
Q133071,Q15534154,,,,,,,,,,,,,,,,,,,,,,,,,,,,,,,,,,,,,,,,,,,,,
Q133072,Q15534201,,,,,,,,,,,,,,,,,,,,,,,,,,,,,,,,,,,,,,,,,,,,,
Q133073,Q15401590,,,,,,,,,,,,,,,,,,,,,,,,,,,,,,,,,,,,,,,,,,,,,
Q133074,Q15402317,,,,,,,,,,,,,,,,,,,,,,,,,,,,,,,,,,,,,,,,,,,,,
Q133075,Q4492507,,,,,,,,,,,,,,,,,,,,,,,,,,,,,,,,,,,,,,,,,,,,,
Q133076,Q7188180,,,,,,,,,,,,,,,,,,,,,,,,,,,,,,,,,,,,,,,,,,,,,
Q133077,Q117508,,,,,,,,,,,,,,,,,,,,,,,,,,,,,,,,,,,,,,,,,,,,,
Q133078,Q106448339,,,,,,,,,,,,,,,,,,,,,,,,,,,,,,,,,,,,,,,,,,,,,
Q133079,Q2024668,,,,,,,,,,,,,,,,,,,,,,,,,,,,,,,,,,,,,,,,,,,,,
Q133080,Q3649172,,,,,,,,,,,,,,,,,,,,,,,,,,,,,,,,,,,,,,,,,,,,,
Q133081,Q45910483,,,,,,,,,,,,,,,,,,,,,,,,,,,,,,,,,,,,,,,,,,,,,
Q133082,Q106218908,,,,,,,,,,,,,,,,,,,,,,,,,,,,,,,,,,,,,,,,,,,,,
Q133083,Q106448330,,,,,,,,,,,,,,,,,,,,,,,,,,,,,,,,,,,,,,,,,,,,,
Q133084,Q65117306,,,,,,,,,,,,,,,,,,,,,,,,,,,,,,,,,,,,,,,,,,,,,
Q133085,Q19828106,,,,,,,,,,,,,,,,,,,,,,,,,,,,,,,,,,,,,,,,,,,,,
Q133086,Q488624,,,,,,,,,,,,,,,,,,,,,,,,,,,,,,,,,,,,,,,,,,,,,
Q133087,Q2089271,,,,,,,,,,,,,,,,,,,,,,,,,,,,,,,,,,,,,,,,,,,,,
Q133088,Q1790858,,,,,,,,,,,,,,,,,,,,,,,,,,,,,,,,,,,,,,,,,,,,,
Q133089,Q416384,,,,,,,,,,,,,,,,,,,,,,,,,,,,,,,,,,,,,,,,,,,,,
Q133090,Q2068266,,,,,,,,,,,,,,,,,,,,,,,,,,,,,,,,,,,,,,,,,,,,,
Q133091,Q1496858,,,,,,,,,,,,,,,,,,,,,,,,,,,,,,,,,,,,,,,,,,,,,
Q133092,Q320449,,,,,,,,,,,,,,,,,,,,,,,,,,,,,,,,,,,,,,,,,,,,,
Q133093,Q26690189,,,,,,,,,,,,,,,,,,,,,,,,,,,,,,,,,,,,,,,,,,,,,
Q133094,Q21708016,,,,,,,,,,,,,,,,,,,,,,,,,,,,,,,,,,,,,,,,,,,,,
Q133095,Q21548509,,,,,,,,,,,,,,,,,,,,,,,,,,,,,,,,,,,,,,,,,,,,,
Q133096,Q748980,,,,,,,,,,,,,,,,,,,,,,,,,,,,,,,,,,,,,,,,,,,,,
Q133097,Q1235772,,,,,,,,,,,,,,,,,,,,,,,,,,,,,,,,,,,,,,,,,,,,,
Q133098,Q128612107,,,,,,,,,,,,,,,,,,,,,,,,,,,,,,,,,,,,,,,,,,,,,
Q133099,Q13101643,,,,,,,,,,,,,,,,,,,,,,,,,,,,,,,,,,,,,,,,,,,,,
Q133100,Q14904528,,,,,,,,,,,,,,,,,,,,,,,,,,,,,,,,,,,,,,,,,,,,,
Q133101,Q59538003,,,,,,,,,,,,,,,,,,,,,,,,,,,,,,,,,,,,,,,,,,,,,
Q133102,Q25393568,,,,,,,,,,,,,,,,,,,,,,,,,,,,,,,,,,,,,,,,,,,,,
Q133103,Q2634102,,,,,,,,,,,,,,,,,,,,,,,,,,,,,,,,,,,,,,,,,,,,,
Q133104,Q482096,,,,,,,,,,,,,,,,,,,,,,,,,,,,,,,,,,,,,,,,,,,,,
Q133105,Q16332805,,,,,,,,,,,,,,,,,,,,,,,,,,,,,,,,,,,,,,,,,,,,,
Q133106,Q26621646,,,,,,,,,,,,,,,,,,,,,,,,,,,,,,,,,,,,,,,,,,,,,
Q133107,Q252387,,,,,,,,,,,,,,,,,,,,,,,,,,,,,,,,,,,,,,,,,,,,,
Q133108,Q11291639,,,,,,,,,,,,,,,,,,,,,,,,,,,,,,,,,,,,,,,,,,,,,
Q133109,Q3136179,,,,,,,,,,,,,,,,,,,,,,,,,,,,,,,,,,,,,,,,,,,,,
Q133110,Q3676266,,,,,,,,,,,,,,,,,,,,,,,,,,,,,,,,,,,,,,,,,,,,,
Q133111,Q128921248,,,,,,,,,,,,,,,,,,,,,,,,,,,,,,,,,,,,,,,,,,,,,
Q133112,Q9026462,,,,,,,,,,,,,,,,,,,,,,,,,,,,,,,,,,,,,,,,,,,,,
Q133113,Q12872871,,,,,,,,,,,,,,,,,,,,,,,,,,,,,,,,,,,,,,,,,,,,,
Q133114,Q3395650,,,,,,,,,,,,,,,,,,,,,,,,,,,,,,,,,,,,,,,,,,,,,
Q133115,Q21437825,,,,,,,,,,,,,,,,,,,,,,,,,,,,,,,,,,,,,,,,,,,,,
Q133116,Q21548637,,,,,,,,,,,,,,,,,,,,,,,,,,,,,,,,,,,,,,,,,,,,,
Q133117,Q55858386,,,,,,,,,,,,,,,,,,,,,,,,,,,,,,,,,,,,,,,,,,,,,
Q133118,Q55836509,,,,,,,,,,,,,,,,,,,,,,,,,,,,,,,,,,,,,,,,,,,,,
Q133119,Q118951707,,,,,,,,,,,,,,,,,,,,,,,,,,,,,,,,,,,,,,,,,,,,,
Q133120,Q128920985,,,,,,,,,,,,,,,,,,,,,,,,,,,,,,,,,,,,,,,,,,,,,
Q133121,Q17581463,,,,,,,,,,,,,,,,,,,,,,,,,,,,,,,,,,,,,,,,,,,,,
Q133122,Q1275070,,,,,,,,,,,,,,,,,,,,,,,,,,,,,,,,,,,,,,,,,,,,,
Q133123,Q2608087,,,,,,,,,,,,,,,,,,,,,,,,,,,,,,,,,,,,,,,,,,,,,
Q133124,Q12878193,,,,,,,,,,,,,,,,,,,,,,,,,,,,,,,,,,,,,,,,,,,,,
Q133125,Q1326394,,,,,,,,,,,,,,,,,,,,,,,,,,,,,,,,,,,,,,,,,,,,,
Q133126,Q11921121,,,,,,,,,,,,,,,,,,,,,,,,,,,404339,,,,,,,,,,,,,,,,,,
Q133127,Q338201,,,,,,,,,,,,,,,,,,,,,,,,,,,,,,,,,,,,,,,,,,,,,
Q133128,Q22986507,,,,,,,,,,,,,,,,,,,,,,,,,,,,,,,,,,,,,,,,,,,,,
Q133129,Q348668,,,,,,,,,,,,,,,,,,,,,,,,,,,,,,,,,,,,,,,,,,,,,
Q133130,Q912376,,,,,,,,,,,,,,,,,,,,,,,,,,,,,,,,,,,,,,,,,,,,,
Q133131,Q26621078,,,,,,,,,,,,,,,,,,,,,,,,,,,,,,,,,,,,,,,,,,,,,
Q133132,Q390348,,,,,,,,,,,,,,,,,,,,,,,,,,,,,,,,,,,,,,,,,,,,,
Q133133,Q3680908,,,,,,,,,,,,,,,,,,,,,,,,,,,,,,,,,,,,,,,,,,,,,
Q133134,Q201261,,,,,,,,,,,,,,,,,,,,,,,,,,,,,,,,,,,,,,,,,,,,,
Q133135,Q120542657,,,,,,,,,,,,,,,,,,,,,,,,,,,,,,,,,,,,,,,,,,,,,
Q133136,Q2825686,,,,,,,,,,,,,,,,,,,,,,,,,,,,,,,,,,,,,,,,,,,,,
Q133137,Q657562,,,,,,,,,,,,,,,,,,,,,,,,,,,,,,,,,,,,,,,,,,,,,
Q133138,Q16515493,,,,,,,,,,,,,,,,,,,,,,,,,,,,,,,,,,,,,,,,,,,,,
Q133139,Q578378,,,,,,,,,,,,,,,,,,,,,,,,,,,,,,,,,,,,,,,,,,,,,
Q133140,Q641993,,,,,,,,,,,,,,,,,,,,,,,,,,,,,,,,,,,,,,,,,,,,,
Q133141,Q1124866,,,,,,,,,,,,,,,,,,,,,,,,,,,,,,,,,,,,,,,,,,,,,
Q133142,Q125814303,,,,,,,,,,,,,,,,,,,,,,,,,,,,,,,,,,,,,,,,,,,,,
Q133143,Q2640841,,,,,,,,,,,,,,,,,,,,,,,,,,,,,,,,,,,,,,,,,,,,,
Q133144,Q22965476,,,,,,,,,,,,,,,,,,,,,,,,,,,,,,,,,,,,,,,,,,,,,
Q133145,Q4095840,,,,,,,,,,,,,,,,,,,,,,,,,,,,,,,,,,,,,,,,,,,,,
Q133146,Q4068816,,,,,,,,,,,,,,,,,,,,,,,,,,,,,,,,,,,,,,,,,,,,,
Q133147,Q371206,,,,,,,,,,,,,,,,,,,,,,,,,,,,,,,,,,,,,,,,,,,,,
Q133148,Q21051017,,,,,,,,,,,,,,,,,,,,,,,,,,,,,,,,,,,,,,,,,,,,,
Q133149,Q1059784,,,,,,,,,,,,,,,,,,,,,,,,,,,,,,,,,,,,,,,,,,,,,
Q133150,Q3618377,,,,,,,,,,,,,,,,,,,,,,,,,,,,,,,,,,,,,,,,,,,,,
Q133151,Q18279487,,,,,,,,,,,,,,,,,,,,,,,,,,,,,,,,,,,,,,,,,,,,,
Q133152,Q21548371,,,,,,,,,,,,,,,,,,,,,,,,,,,,,,,,,,,,,,,,,,,,,
Q133153,Q56125227,,,,,,,,,,,,,,,,,,,,,,,,,,,,,,,,,,,,,,,,,,,,,
Q133154,Q5741517,,,,,,,,,,,,,,,,,,,,,,,,,,,,,,,,,,,,,,,,,,,,,
Q133155,Q44060,,,,,,,,,,,,,,,,,,,,,,,,,,,,,,,,,,,,,,,,,,,,,
Q133156,Q58399705,,,,,,,,,,,,,,,,,,,,,,,,,,,,,,,,,,,,,,,,,,,,,
Q133157,Q4337246,,,,,,,,,,,,,,,,,,,,,,,,,,,,,,,,,,,,,,,,,,,,,
Q133158,Q28672720,,,,,,,,,,,,,,,,,,,,,,,,,,,,,,,,,,,,,,,,,,,,,
Q133159,Q3609013,,,,,,,,,,,,,,,,,,,,,,,,,,,,,,,,,,,,,,,,,,,,,
Q133160,Q2980441,,,,,,,,,,,,,,,,,,,,,,,,,,,,,,,,,,,,,,,,,,,,,
Q133161,Q105686593,,,,,,,,,,,,,,,,,,,,,,,,,,,,,,,,,,,,,,,,,,,,,
Q133162,Q3922437,,,,,,,,,,,,,,,,,,,,,,,,,,,,,,,,,,,,,,,,,,,,,
Q133163,Q5862013,,,,,,,,,,,,,,,,,,,,,,,,,,,,,,,,,,,,,,,,,,,,,
Q133164,Q256115,,,,,,,,,,,,,,,,,,,,,,,,,,,,,,,,,,,,,,,,,,,,,
Q133165,Q30097019,,,,,,,,,,,,,,,,,,,,,,,,,,,,,,,,,,,,,,,,,,,,,
Q133166,Q12751581,,,,,,,,,,,,,,,,,,,,,,,,,,,,,,,,,,,,,,,,,,,,,
Q133167,Q1821517,,,,,,,,,,,,,,,,,,,,,,,,,,,,,,,,,,,,,,,,,,,,,
Q133168,Q1106075,,,,,,,,,,,,,,,,,,,,,,,,,,,,,,,,,,,,,,,,,,,,,
Q133169,Q9259413,,,,,,,,,,,,,,,,,,,,,,,,,,,,,,,,,,,,,,,,,,,,,
Q133170,Q16328105,,,,,,,,,,,,,,,,,,,,,,,,,,,,,,,,,,,,,,,,,,,,,
Q133171,Q18410648,,,,,,,,,,,,,,,,,,,,,,,,,,,,,,,,,,,,,,,,,,,,,
Q133172,Q129262270,,,,,,,,,,,,,,,,,,,,,,,,,,,,,,,,,,,,,,,,,,,,,
Q133173,Q956831,,,,,,,,,,,,,,,,,,,,,,,,,,,,,,,,,,,,,,,,,,,,,
Q133174,Q21548251,,,,,,,,,,,,,,,,,,,,,,,,,,,,,,,,,,,,,,,,,,,,,
Q133175,Q126899134,,,,,,,,,,,,,,,,,,,,,,,,,,,,,,,,,,,,,,,,,,,,,
Q133176,Q3043322,,,,,,,,,,,,,,,,,,,,,,,,,,,,,,,,,,,,,,,,,,,,,
Q133177,Q3180516,,,,,,,,,,,,,,,,,,,,,,,,,,,,,,,,,,,,,,,,,,,,,
Q133178,Q127922830,,,,,,,,,,,,,,,,,,,,,,,,,,,,,,,,,,,,,,,,,,,,,
Q133179,Q1640087,,,,,,,,,,,,,,,,,,,,,,,,,,,,,,,,,,,,,,,,,,,,,
Q133180,Q3155123,,,,,,,,,,,,,,,,,,,,,,,,,,,,,,,,,,,,,,,,,,,,,
Q133181,Q3135998,,,,,,,,,,,,,,,,,,,,,,,,,,,,,,,,,,,,,,,,,,,,,
Q133182,Q16737446,,,,,,,,,,,,,,,,,,,,,,,,,,,,,,,,,,,,,,,,,,,,,
Q133183,Q1620067,,,,,,,,,,,,,,,,,,,,,,,,,,,,,,,,,,,,,,,,,,,,,
Q133184,Q1424817,,,,,,,,,,,,,,,,,,,,,,,,,,,,,,,,,,,,,,,,,,,,,
Q133185,Q106514537,,,,,,,,,,,,,,,,,,,,,,,,,,,,,,,,,,,,,,,,,,,,,
Q133186,Q2980787,,,,,,,,,,,,,,,,,,,,,,,,,,,,,,,,,,,,,,,,,,,,,
Q133187,Q2900876,,,,,,,,,,,,,,,,,,,,,,,,,,,,,,,,,,,,,,,,,,,,,
Q133188,Q16188357,,,,,,,,,,,,,,,,,,,,,,,,,,,,,,,,,,,,,,,,,,,,,
Q133189,Q16327666,,,,,,,,,,,,,,,,,,,,,,,,,,,,,,,,,,,,,,,,,,,,,
Q133190,Q16329997,,,,,,,,,,,,,,,,,,,,,,,,,,,,,,,,,,,,,,,,,,,,,
Q133191,Q423424,,,,,,,,,,,,,,,,,,,,,,,,,,,,,,,,,,,,,,,,,,,,,
Q133192,Q4300425,,,,,,,,,,,,,,,,,,,,,,,,,,,,,,,,,,,,,,,,,,,,,
Q133193,Q14702573,,,,,,,,,,,,,,,,,,,,,,,,,,,,,,,,,,,,,,,,,,,,,
Q133194,Q1995961,,,,,,,,,,,,,,,,,,,,,,,,,,,,,,,,,,,,,,,,,,,,,
Q133195,Q14690266,,,,,,,,,,,,,,,,,,,,,,,,,,,,,,,,,,,,,,,,,,,,,
Q133196,Q5676461,,,,,,,,,,,,,,,,,,,,,,,,,,,,,,,,,,,,,,,,,,,,,
Q133197,Q21548493,,,,,,,,,,,,,,,,,,,,,,,,,,,,,,,,,,,,,,,,,,,,,
Q133198,Q12878271,,,,,,,,,,,,,,,,,,,,,,,,,,,,,,,,,,,,,,,,,,,,,
Q133199,Q1564159,,,,,,,,,,,,,,,,,,,,,,,,,,,,,,,,,,,,,,,,,,,,,
Q133200,Q12163200,,,,,,,,,,,,,,,,,,,,,,,,,,,,,,,,,,,,,,,,,,,,,
Q133201,Q1455747,,,,,,,,,,,,,,,,,,,,,,,,,,,438189,,,,,,,,,,,,,,,,,,
Q133202,Q51476625,,,,,,,,,,,,,,,,,,,,,,,,,,,,,,,,,,,,,,,,,,,,,
Q133203,Q60649035,,,,,,,,,,,,,,,,,,,,,,,,,,,,,,,,,,,,,,,,,,,,,
Q133204,Q29654988,,,,,,,,,,,,,,,,,,,,,,,,,,,,,,,,,,,,,,,,,,,,,
Q133205,Q4342721,,,,,,,,,,,,,,,,,,,,,,,,,,,,,,,,,,,,,,,,,,,,,
Q133206,Q1334087,,,,,,,,,,,,,,,,,,,,,,,,,,,,,,,,,,,,,,,,,,,,,
Q133207,Q122871605,,,,,,,,,,,,,,,,,,,,,,,,,,,,,,,,,,,,,,,,,,,,,
Q133208,Q4348406,,,,,,,,,,,,,,,,,,,,,,,,,,,,,,,,,,,,,,,,,,,,,
Q133209,Q2112871,,,,,,,,,,,,,,,,,,,,,,,,,,,,,,,,,,,,,,,,,,,,,
Q133210,Q2421647,,,,,,,,,,,,,,,,,,,,,,,,,,,,,,,,,,,,,,,,,,,,,
Q133211,Q1530085,,,,,,,,,,,,,,,,,,,,,,,,,,,,,,,,,,,,,,,,,,,,,
Q133212,Q1063189,,,,,,,,,,,,,,,,,,,,,,,,,,,,,,,,,,,,,,,,,,,,,
Q133213,Q7426963,,,,,,,,,,,,,,,,,,,,,,,,,,,,,,,,,,,,,,,,,,,,,
Q133214,Q2934559,,,,,,,,,,,,,,,,,,,,,,,,,,,,,,,,,,,,,,,,,,,,,
Q133215,Q106521685,,,,,,,,,,,,,,,,,,,,,,,,,,,,,,,,,,,,,,,,,,,,,
Q133216,Q61749452,,,,,,,,,,,,,,,,,,,,,,,,,,,,,,,,,,,,,,,,,,,,,
Q133217,Q7661261,,,,,,,,,,,,,,,,,,,,,,,,,,,,,,,,,,,,,,,,,,,,,
Q133218,Q16064262,,,,,,,,,,,,,,,,,,,,,,,,,,,,,,,,,,,,,,,,,,,,,
Q133219,Q60588819,,,,,,,,,,,,,,,,,,,,,,,,,,,,,,,,,,,,,,,,,,,,,
Q133220,Q126945536,,,,,,,,,,,,,,,,,,,,,,,,,,,,,,,,,,,,,,,,,,,,,
Q133221,Q752338,,,,,,,,,,,,,,,,,,,,,,,,,,,,,,,,,,,,,,,,,,,,,
Q133222,Q11905735,,,,,,,,,,,,,,,,,,,,,,,,,,,,,,,,,,,,,,,,,,,,,
Q133223,Q542356,,,,,,,,,,,,,,,,,,,,,,,,,,,,,,,,,,,,,,,,,,,,,
Q133224,Q3623705,,,,,,,,,,,,,,,,,,,,,,,,,,,,,,,,,,,,,,,,,,,,,
Q133225,Q30061650,,,,,,,,,,,,,,,,,,,,,,,,,,,,,,,,,,,,,,,,,,,,,
Q133226,Q4343925,,,,,,,,,,,,,,,,,,,,,,,,,,,,,,,,,,,,,,,,,,,,,
Q133227,Q2099433,,,,,,,,,,,,,,,,,,,,,,,,,,,,,,,,,,,,,,,,,,,,,
Q133228,Q58836969,,,,,,,,,,,,,,,,,,,,,,,,,,,,,,,,,,,,,,,,,,,,,
Q133229,Q124155345,,,,,,,,,,,,,,,,,,,,,,,,,,,,,,,,,,,,,,,,,,,,,
Q133230,Q3411223,,,,,,,,,,,,,,,,,,,,,,,,,,,,,,,,,,,,,,,,,,,,,
Q133231,Q22965478,,,,,,,,,,,,,,,,,,,,,,,,,,,,,,,,,,,,,,,,,,,,,
Q133232,Q116692937,,,,,,,,,,,,,,,,,,,,,,,,,,,,,,,,,,,,,,,,,,,,,
Q133233,Q2022766,,,,,,,,,,,,,,,,,,,,,,,,,,,404379,,,,,,,,,,,,,,,,,,
Q133234,Q28114282,,,,,,,,,,,,,,,,,,,,,,,,,,,,,,,,,,,,,,,,,,,,,
Q133235,Q1641282,,,,,,,,,,,,,,,,,,,,,,,,,,,,,,,,,,,,,,,,,,,,,
Q133236,Q22965548,,,,,,,,,,,,,,,,,,,,,,,,,,,,,,,,,,,,,,,,,,,,,
Q133237,Q1641568,,,,,,,,,,,,,,,,,,,,,,,,,,,,,,,,,,,,,,,,,,,,,
Q133238,Q2723619,,,,,,,,,,,,,,,,,,,,,,,,,,,,,,,,,,,,,,,,,,,,,
Q133239,Q1779164,,,,,,,,,,,,,,,,,,,,,,,,,,,,,,,,,,,,,,,,,,,,,
Q133240,Q1347041,,,,,,,,,,,,,,,,,,,,,,,,,,,,,,,,,,,,,,,,,,,,,
Q133241,Q6174374,,,,,,,,,,,,,,,,,,,,,,,,,,,,,,,,,,,,,,,,,,,,,
Q133242,Q4482867,,,,,,,,,,,,,,,,,,,,,,,,,,,,,,,,,,,,,,,,,,,,,
Q133243,Q58024617,,,,,,,,,,,,,,,,,,,,,,,,,,,,,,,,,,,,,,,,,,,,,
Q133244,Q4040541,,,,,,,,,,,,,,,,,,,,,,,,,,,,,,,,,,,,,,,,,,,,,
Q133245,Q65581250,,,,,,,,,,,,,,,,,,,,,,,,,,,,,,,,,,,,,,,,,,,,,
Q133246,Q16607057,,,,,,,,,,,,,,,,,,,,,,,,,,,,,,,,,,,,,,,,,,,,,
Q133247,Q1088827,,,,,,,,,,,,,,,,,,,,,,,,,,,,,,,,,,,,,,,,,,,,,
Q133248,Q3664963,,,,,,,,,,,,,,,,,,,,,,,,,,,,,,,,,,,,,,,,,,,,,
Q133249,Q3618401,,,,,,,,,,,,,,,,,,,,,,,,,,,,,,,,,,,,,,,,,,,,,
Q133250,Q1372117,,,,,,,,,,,,,,,,,,,,,,,,,,,,,,,,,,,,,,,,,,,,,
Q133251,Q1183352,,,,,,,,,,,,,,,,,,,,,,,,,,,,,,,,,,,,,,,,,,,,,
Q133252,Q1544642,,,,,,,,,,,,,,,,,,,,,,,,,,,,,,,,,,,,,,,,,,,,,
Q133253,Q3545810,,,,,,,,,,,,,,,,,,,,,,,,,,,,,,,,,,,,,,,,,,,,,
Q133254,Q32859452,,,,,,,,,,,,,,,,,,,,,,,,,,,,,,,,,,,,,,,,,,,,,
Q133255,Q32859646,,,,,,,,,,,,,,,,,,,,,,,,,,,,,,,,,,,,,,,,,,,,,
Q133256,Q32859654,,,,,,,,,,,,,,,,,,,,,,,,,,,,,,,,,,,,,,,,,,,,,
Q133257,Q61749450,,,,,,,,,,,,,,,,,,,,,,,,,,,,,,,,,,,,,,,,,,,,,
Q133258,Q4640,,,,,,,,,,,,,,,,,,,,,,,,,,,,,,,,,,,,,,,,,,,,,
Q133259,Q240679,,,,,,,,,,,,,,,,,,,,,,,,,,,,,,,,,,,,,,,,,,,,,
Q133260,Q645312,,,,,,,,,,,,,,,,,,,,,,,,,,,,,,,,,,,,,,,,,,,,,
Q133261,Q1367680,,,,,,,,,,,,,,,,,,,,,,,,,,,,,,,,,,,,,,,,,,,,,
Q133262,Q112,,,,,,,,,,,,,,,,,,,,,,,,,,,,,,,,,,,,,,,,,,,,,
Q133263,Q207234,,,,,,,,,,,,,,,,,,,,,,,,,,,,,,,,,,,,,,,,,,,,,
Q133264,Q1150,,,,,,,,,,,,,,,,,,,,,,,,,,,,,,,,,,,,,,,,,,,,,
Q133265,Q1145491,,,,,,,,,,,,,,,,,,,,,,,,,,,,,,,,,,,,,,,,,,,,,
Q133266,Q3731168,,,,,,,,,,,,,,,,,,,,,,,,,,,,,,,,,,,,,,,,,,,,,
Q133267,Q3951778,,,,,,,,,,,,,,,,,,,,,,,,,,,,,,,,,,,,,,,,,,,,,
Q133268,Q3830028,,,,,,,,,,,,,,,,,,,,,,,,,,,,,,,,,,,,,,,,,,,,,
Q133269,Q3605352,,,,,,,,,,,,,,,,,,,,,,,,,,,,,,,,,,,,,,,,,,,,,
Q133270,Q1525379,,,,,,,,,,,,,,,,,,,,,,,,,,,,,,,,,,,,,,,,,,,,,
Q133271,Q2718542,,,,,,,,,,,,,,,,,,,,,,,,,,,,,,,,,,,,,,,,,,,,,
Q133272,Q108597292,,,,,,,,,,,,,,,,,,,,,,,,,,,,,,,,,,,,,,,,,,,,,
Q133273,Q16641710,,,,,,,,,,,,,,,,,,,,,,,,,,,,,,,,,,,,,,,,,,,,,
Q133274,Q578888,,,,,,,,,,,,,,,,,,,,,,,,,,,,,,,,,,,,,,,,,,,,,
Q133275,Q15825732,,,,,,,,,,,,,,,,,,,,,,,,,,,,,,,,,,,,,,,,,,,,,
Q133276,Q15077045,,,,,,,,,,,,,,,,,,,,,,,,,,,,,,,,,,,,,,,,,,,,,
Q133277,Q2827213,,,,,,,,,,,,,,,,,,,,,,,,,,,,,,,,,,,,,,,,,,,,,
Q133278,Q4787871,,,,,,,,,,,,,,,,,,,,,,,,,,,,,,,,,,,,,,,,,,,,,
Q133279,Q11905701,,,,,,,,,,,,,,,,,,,,,,,,,,,,,,,,,,,,,,,,,,,,,
Q133280,Q58852762,,,,,,,,,,,,,,,,,,,,,,,,,,,,,,,,,,,,,,,,,,,,,
Q133281,Q118206,,,,,,,,,,,,,,,,,,,,,,,,,,,,,,,,,,,,,,,,,,,,,
Q133282,Q1602501,,,,,,,,,,,,,,,,,,,,,,,,,,,,,,,,,,,,,,,,,,,,,
Q133283,Q2980753,,,,,,,,,,,,,,,,,,,,,,,,,,,,,,,,,,,,,,,,,,,,,
Q133284,Q2102913,,,,,,,,,,,,,,,,,,,,,,,,,,,,,,,,,,,,,,,,,,,,,
Q133285,Q1938691,,,,,,,,,,,,,,,,,,,,,,,,,,,,,,,,,,,,,,,,,,,,,
Q133286,Q1767884,,,,,,,,,,,,,,,,,,,,,,,,,,,,,,,,,,,,,,,,,,,,,
Q133287,Q124512305,,,,,,,,,,,,,,,,,,,,,,,,,,,,,,,,,,,,,,,,,,,,,
Q133288,Q1334961,,,,,,,,,,,,,,,,,,,,,,,,,,,,,,,,,,,,,,,,,,,,,
Q133289,Q893473,,,,,,,,,,,,,,,,,,,,,,,,,,,,,,,,,,,,,,,,,,,,,
Q133290,Q4024302,,,,,,,,,,,,,,,,,,,,,,,,,,,,,,,,,,,,,,,,,,,,,
Q133291,Q505171,,,,,,,,,,,,,,,,,,,,,,,,,,,,,,,,,,,,,,,,,,,,,
Q133292,Q5898666,,,,,,,,,,,,,,,,,,,,,,,,,,,,,,,,,,,,,,,,,,,,,
Q133293,Q28123288,,,,,,,,,,,,,,,,,,,,,,,,,,,,,,,,,,,,,,,,,,,,,
Q133294,Q12880258,,,,,,,,,,,,,,,,,,,,,,,,,,,,,,,,,,,,,,,,,,,,,
Q133295,Q62132565,,,,,,,,,,,,,,,,,,,,,,,,,,,,,,,,,,,,,,,,,,,,,
Q133296,Q2868633,,,,,,,,,,,,,,,,,,,,,,,,,,,,,,,,,,,,,,,,,,,,,
Q133297,Q1419104,,,,,,,,,,,,,,,,,,,,,,,,,,,,,,,,,,,,,,,,,,,,,
Q133298,Q10299241,,,,,,,,,,,,,,,,,,,,,,,,,,,,,,,,,,,,,,,,,,,,,
Q133299,Q4237581,,,,,,,,,,,,,,,,,,,,,,,,,,,,,,,,,,,,,,,,,,,,,
Q133300,Q4205332,,,,,,,,,,,,,,,,,,,,,,,,,,,,,,,,,,,,,,,,,,,,,
Q133301,Q17591061,,,,,,,,,,,,,,,,,,,,,,,,,,,,,,,,,,,,,,,,,,,,,
Q133302,Q129167544,,,,,,,,,,,,,,,,,,,,,,,,,,,,,,,,,,,,,,,,,,,,,
Q133303,Q11926250,,,,,,,,,,,,,,,,,,,,,,,,,,,,,,,,,,,,,,,,,,,,,
Q133304,Q106638723,,,,,,,,,,,,,,,,,,,,,,,,,,,,,,,,,,,,,,,,,,,,,
Q133305,Q59618605,,,,,,,,,,,,,,,,,,,,,,,,,,,,,,,,,,,,,,,,,,,,,
Q133306,Q440440,,,,,,,,,,,,,,,,,,,,,,,,,,,,,,,,,,,,,,,,,,,,,
Q133307,Q3291388,,,,,,,,,,,,,,,,,,,,,,,,,,,,,,,,,,,,,,,,,,,,,
Q133308,Q3382098,,,,,,,,,,,,,,,,,,,,,,,,,,,,,,,,,,,,,,,,,,,,,
Q133309,Q16821458,,,,,,,,,,,,,,,,,,,,,,,,,,,,,,,,,,,,,,,,,,,,,
Q133310,Q26690165,,,,,,,,,,,,,,,,,,,,,,,,,,,,,,,,,,,,,,,,,,,,,
Q133311,Q116515,,,,,,,,,,,,,,,,,,,,,,,,,,,,,,,,,,,,,,,,,,,,,
Q133312,Q25074,,,,,,,,,,,,,,,,,,,,,,,,,,,,,,,,,,,,,,,,,,,,,
Q133313,Q192407,,,,,,,,,,,,,,,,,,,,,,,,,,,,,,,,,,,,,,,,,,,,,
Q133314,Q1146076,,,,,,,,,,,,,,,,,,,,,,,,,,,,,,,,,,,,,,,,,,,,,
Q133315,Q119988,,,,,,,,,,,,,,,,,,,,,,,,,,,,,,,,,,,,,,,,,,,,,
Q133316,Q1353815,,,,,,,,,,,,,,,,,,,,,,,,,,,,,,,,,,,,,,,,,,,,,
Q133317,Q28362963,,,,,,,,,,,,,,,,,,,,,,,,,,,,,,,,,,,,,,,,,,,,,
Q133318,Q62344029,,,,,,,,,,,,,,,,,,,,,,,,,,,,,,,,,,,,,,,,,,,,,
Q133319,Q1166189,,,,,,,,,,,,,,,,,,,,,,,,,,,,,,,,,,,,,,,,,,,,,
Q133320,Q192469,,,,,,,,,,,,,,,,,,,,,,,,,,,334297,,,,,,,,,,,,,,,,,,
Q133321,Q508543,,,,,,,,,,,,,,,,,,,,,,,,,,,423198,,,,,,,,,,,,,,,,,,
Q133322,Q284487,,,,,,,,,,,,,,,,,,,,,,,,,,,,,,,,,,,,,,,,,,,,,
Q133323,Q1240153,,,,,,,,,,,,,,,,,,,,,,,,,,,,,,,,,,,,,,,,,,,,,
Q133324,Q431387,,,,,,,,,,,,,,,,,,,,,,,,,,,,,,,,,,,,,,,,,,,,,
Q133325,Q322639,,,,,,,,,,,,,,,,,,,,,,,,,,,139903|96032,,,,,,,,,,,,,,,,,,
Q133326,Q2803572,,,,,,,,,,,,,,,,,,,,,,,,,,,,,,,,,,,,,,,,,,,,,
Q133327,Q128602510,,,,,,,,,,,,,,,,,,,,,,,,,,,,,,,,,,,,,,,,,,,,,
Q133328,Q576170,,,,,,,,,,,,,,,,,,,,,,,,,,,,,,,,,,,,,,,,,,,,,
Q133329,Q1790803,,,,,,,,,,,,,,,,,,,,,,,,,,,,,,,,,,,,,,,,,,,,,
Q133330,Q3830649,,,,,,,,,,,,,,,,,,,,,,,,,,,,,,,,,,,,,,,,,,,,,
Q133331,Q3830648,,,,,,,,,,,,,,,,,,,,,,,,,,,,,,,,,,,,,,,,,,,,,
Q133332,Q3907372,,,,,,,,,,,,,,,,,,,,,,,,,,,,,,,,,,,,,,,,,,,,,
Q133333,Q3907369,,,,,,,,,,,,,,,,,,,,,,,,,,,,,,,,,,,,,,,,,,,,,
Q133334,Q3621444,,,,,,,,,,,,,,,,,,,,,,,,,,,,,,,,,,,,,,,,,,,,,
Q133335,Q1635138,,,,,,,,,,,,,,,,,,,,,,,,,,,,,,,,,,,,,,,,,,,,,
Q133336,Q135224,,,,,,,,,,,,,,,,,,,,,,,,,,,,,,,,,,,,,,,,,,,,,
Q133337,Q1540948,,,,,,,,,,,,,,,,,,,,,,,,,,,,,,,,,,,,,,,,,,,,,
Q133338,Q2116260,,,,,,,,,,,,,,,,,,,,,,,,,,,,,,,,,,,,,,,,,,,,,
Q133339,Q235724,,,,,,,,,,,,,,,,,,,,,,,,,,,,,,,,,,,,,,,,,,,,,
Q133340,Q2261732,,,,,,,,,,,,,,,,,,,,,,,,,,,,,,,,,,,,,,,,,,,,,
Q133341,Q1042300,,,,,,,,,,,,,,,,,,,,,,,,,,,,,,,,,,,,,,,,,,,,,
Q133342,Q60198210,,,,,,,,,,,,,,,,,,,,,,,,,,,,,,,,,,,,,,,,,,,,,
Q133343,Q3981176,,,,,,,,,,,,,,,,,,,,,,,,,,,,,,,,,,,,,,,,,,,,,
Q133344,Q1658054,,,,,,,,,,,,,,,,,,,,,,,,,,,,,,,,,,,,,,,,,,,,,
Q133345,Q2102882,,,,,,,,,,,,,,,,,,,,,,,,,,,,,,,,,,,,,,,,,,,,,
Q133346,Q1337525,,,,,,,,,,,,,,,,,,,,,,,,,,,,,,,,,,,,,,,,,,,,,
Q133347,Q19819302,,,,,,,,,,,,,,,,,,,,,,,,,,,,,,,,,,,,,,,,,,,,,
Q133348,Q633549,,,,,,,,,,,,,,,,,,,,,,,,,,,,,,,,,,,,,,,,,,,,,
Q133349,Q139448,,,,,,,,,,,,,,,,,,,,,,,,,,,,,,,,,,,,,,,,,,,,,
Q133350,Q244318,,,,,,,,,,,,,,,,,,,,,,,,,,,,,,,,,,,,,,,,,,,,,
Q133351,Q10384895,,,,,,,,,,,,,,,,,,,,,,,,,,,,,,,,,,,,,,,,,,,,,
Q133352,Q2089459,,,,,,,,,,,,,,,,,,,,,,,,,,,,,,,,,,,,,,,,,,,,,
Q133353,Q674319,,,,,,,,,,,,,,,,,,,,,,,,,,,,,,,,,,,,,,,,,,,,,
Q133354,Q605797,,,,,,,,,,,,,,,,,,,,,,,,,,,,,,,,,,,,,,,,,,,,,
Q133355,Q453201,,,,,,,,,,,,,,,,,,,,,,,,,,,,,,,,,,,,,,,,,,,,,
Q133356,Q3586199,,,,,,,,,,,,,,,,,,,,,,,,,,,,,,,,,,,,,,,,,,,,,
Q133357,Q850227,,,,,,,,,,,,,,,,,,,,,,,,,,,,,,,,,,,,,,,,,,,,,
Q133358,Q1294659,,,,,,,,,,,,,,,,,,,,,,,,,,,,,,,,,,,,,,,,,,,,,
Q133359,Q1071946,,,,,,,,,,,,,,,,,,,,,,,,,,,,,,,,,,,,,,,,,,,,,
Q133360,Q13442268,,,,,,,,,,,,,,,,,,,,,,,,,,,,,,,,,,,,,,,,,,,,,
Q133361,Q7186128,,,,,,,,,,,,,,,,,,,,,,,,,,,,,,,,,,,,,,,,,,,,,
Q133362,Q474965,,,,,,,,,,,,,,,,,,,,,,,,,,,,,,,,,,,,,,,,,,,,,
Q133363,Q2290455,,,,,,,,,,,,,,,,,,,,,,,,,,,,,,,,,,,,,,,,,,,,,
Q133364,Q3874208,,,,,,,,,,,,,,,,,,,,,,,,,,,,,,,,,,,,,,,,,,,,,
Q133365,Q12883613,,,,,,,,,,,,,,,,,,,,,,,,,,,,,,,,,,,,,,,,,,,,,
Q133366,Q409895,,,,,,,,,,,,,,,,,,,,,,,,,,,,,,,,,,,,,,,,,,,,,
Q133367,Q610692,,,,,,,,,,,,,,,,,,,,,,,,,,,,,,,,,,,,,,,,,,,,,
Q133368,Q12271661,,,,,,,,,,,,,,,,,,,,,,,,,,,,,,,,,,,,,,,,,,,,,
Q133369,Q827221,,,,,,,,,,,,,,,,,,,,,,,,,,,,,,,,,,,,,,,,,,,,,
Q133370,Q1588153,,,,,,,,,,,,,,,,,,,,,,,,,,,,,,,,,,,,,,,,,,,,,
Q133371,Q12872571,,,,,,,,,,,,,,,,,,,,,,,,,,,,,,,,,,,,,,,,,,,,,
Q133372,Q633120,,,,,,,,,,,,,,,,,,,,,,,,,,,,,,,,,,,,,,,,,,,,,
Q133373,Q584492,,,,,,,,,,,,,,,,,,,,,,,,,,,,,,,,,,,,,,,,,,,,,
Q133374,Q18552931,,,,,,,,,,,,,,,,,,,,,,,,,,,,,,,,,,,,,,,,,,,,,
Q133375,Q3907331,,,,,,,,,,,,,,,,,,,,,,,,,,,,,,,,,,,,,,,,,,,,,
Q133376,Q9348775,,,,,,,,,,,,,,,,,,,,,,,,,,,,,,,,,,,,,,,,,,,,,
Q133377,Q1135152,,,,,,,,,,,,,,,,,,,,,,,,,,,,,,,,,,,,,,,,,,,,,
Q133378,Q15806234,,,,,,,,,,,,,,,,,,,,,,,,,,,,,,,,,,,,,,,,,,,,,
Q133379,Q3830167,,,,,,,,,,,,,,,,,,,,,,,,,,,,,,,,,,,,,,,,,,,,,
Q133380,Q7320391,,,,,,,,,,,,,,,,,,,,,,,,,,,,,,,,,,,,,,,,,,,,,
Q133381,Q4291630,,,,,,,,,,,,,,,,,,,,,,,,,,,,,,,,,,,,,,,,,,,,,
Q133382,Q118076,,,,,,,,,,,,,,,,,,,,,,,,,,,,,,,,,,,,,,,,,,,,,
Q133383,Q3611637,,,,,,,,,,,,,,,,,,,,,,,,,,,,,,,,,,,,,,,,,,,,,
Q133384,Q1319159,,,,,,,,,,,,,,,,,,,,,,,,,,,,,,,,,,,,,,,,,,,,,
Q133385,Q108911095,,,,,,,,,,,,,,,,,,,,,,,,,,,,,,,,,,,,,,,,,,,,,
Q133386,Q1088456,,,,,,,,,,,,,,,,,,,,,,,,,,,,,,,,,,,,,,,,,,,,,
Q133387,Q5852253,,,,,,,,,,,,,,,,,,,,,,,,,,,,,,,,,,,,,,,,,,,,,
Q133388,Q12877345,,,,,,,,,,,,,,,,,,,,,,,,,,,,,,,,,,,,,,,,,,,,,
Q133389,Q328354,,,,,,,,,,,,,,,,,,,,,,,,,,,338268,,,,,,,,,,,,,,,,,,
Q133390,Q1821522,,,,,,,,,,,,,,,,,,,,,,,,,,,,,,,,,,,,,,,,,,,,,
Q133391,Q60219568,,,,,,,,,,,,,,,,,,,,,,,,,,,,,,,,,,,,,,,,,,,,,
Q133392,Q12880012,,,,,,,,,,,,,,,,,,,,,,,,,,,,,,,,,,,,,,,,,,,,,
Q133393,Q1731974,,,,,,,,,,,,,,,,,,,,,,,,,,,,,,,,,,,,,,,,,,,,,
Q133394,Q7688713,,,,,,,,,,,,,,,,,,,,,,,,,,,,,,,,,,,,,,,,,,,,,
Q133395,Q4825833,,,,,,,,,,,,,,,,,,,,,,,,,,,,,,,,,,,,,,,,,,,,,
Q133396,Q7169610,,,,,,,,,,,,,,,,,,,,,,,,,,,,,,,,,,,,,,,,,,,,,
Q133397,Q1171961,,,,,,,,,,,,,,,,,,,,,,,,,,,,,,,,,,,,,,,,,,,,,
Q133398,Q16326956,,,,,,,,,,,,,,,,,,,,,,,,,,,,,,,,,,,,,,,,,,,,,
Q133399,Q12875576,,,,,,,,,,,,,,,,,,,,,,,,,,,,,,,,,,,,,,,,,,,,,
Q133400,Q5375414,,,,,,,,,,,,,,,,,,,,,,,,,,,,,,,,,,,,,,,,,,,,,
Q133401,Q131676115,,,,,,,,,,,,,,,,,,,,,,,,,,,,,,,,,,,,,,,,,,,,,
Q133402,Q5058577,,,,,,,,,,,,,,,,,,,,,,,,,,,,,,,,,,,,,,,,,,,,,
Q133403,Q7782254,,,,,,,,,,,,,,,,,,,,,,,,,,,,,,,,,,,,,,,,,,,,,
Q133404,Q2868652,,,,,,,,,,,,,,,,,,,,,,,,,,,,,,,,,,,,,,,,,,,,,
Q133405,Q1445864,,,,,,,,,,,,,,,,,,,,,,,,,,,,,,,,,,,,,,,,,,,,,
Q133406,Q3893378,,,,,,,,,,,,,,,,,,,,,,,,,,,,,,,,,,,,,,,,,,,,,
Q133407,Q5741650,,,,,,,,,,,,,,,,,,,,,,,,,,,,,,,,,,,,,,,,,,,,,
Q133408,Q575455,,,,,,,,,,,,,,,,,,,,,,,,,,,423176,,,,,,,,,,,,,,,,,,
Q133409,Q1624175,,,,,,,,,,,,,,,,,,,,,,,,,,,,,,,,,,,,,,,,,,,,,
Q133410,Q11942207,,,,,,,,,,,,,,,,,,,,,,,,,,,,,,,,,,,,,,,,,,,,,
Q133411,Q16516305,,,,,,,,,,,,,,,,,,,,,,,,,,,,,,,,,,,,,,,,,,,,,
Q133412,Q1921955,,,,,,,,,,,,,,,,,,,,,,,,,,,,,,,,,,,,,,,,,,,,,
Q133413,Q3801762,,,,,,,,,,,,,,,,,,,,,,,,,,,,,,,,,,,,,,,,,,,,,
Q133414,Q21548505,,,,,,,,,,,,,,,,,,,,,,,,,,,,,,,,,,,,,,,,,,,,,
Q133415,Q2112711,,,,,,,,,,,,,,,,,,,,,,,,,,,,,,,,,,,,,,,,,,,,,
Q133416,Q775296,,,,,,,,,,,,,,,,,,,,,,,,,,,,,,,,,,,,,,,,,,,,,
Q133417,Q1373992,,,,,,,,,,,,,,,,,,,,,,,,,,,,,,,,,,,,,,,,,,,,,
Q133418,Q1183358,,,,,,,,,,,,,,,,,,,,,,,,,,,,,,,,,,,,,,,,,,,,,
Q133419,Q1073743,,,,,,,,,,,,,,,,,,,,,,,,,,,,,,,,,,,,,,,,,,,,,
Q133420,Q55525572,,,,,,,,,,,,,,,,,,,,,,,,,,,,,,,,,,,,,,,,,,,,,
Q133421,Q1076578,,,,,,,,,,,,,,,,,,,,,,,,,,,89102,,,,,,,,,,,,,,,,,,
Q133422,Q12757284,,,,,,,,,,,,,,,,,,,,,,,,,,,,,,,,,,,,,,,,,,,,,
Q133423,Q1200671,,,,,,,,,,,,,,,,,,,,,,,,,,,,,,,,,,,,,,,,,,,,,
Q133424,Q1136201,,,,,,,,,,,,,,,,,,,,,,,,,,,,,,,,,,,,,,,,,,,,,
Q133425,Q1924653,,,,,,,,,,,,,,,,,,,,,,,,,,,,,,,,,,,,,,,,,,,,,
Q133426,Q2947800,,,,,,,,,,,,,,,,,,,,,,,,,,,,,,,,,,,,,,,,,,,,,
Q133427,Q20064555,,,,,,,,,,,,,,,,,,,,,,,,,,,,,,,,,,,,,,,,,,,,,
Q133428,Q110289446,,,,,,,,,,,,,,,,,,,,,,,,,,,,,,,,,,,,,,,,,,,,,
Q133429,Q2980443,,,,,,,,,,,,,,,,,,,,,,,,,,,,,,,,,,,,,,,,,,,,,
Q133430,Q28708770,,,,,,,,,,,,,,,,,,,,,,,,,,,,,,,,,,,,,,,,,,,,,
Q133431,Q2647407,,,,,,,,,,,,,,,,,,,,,,,,,,,,,,,,,,,,,,,,,,,,,
Q133432,Q12754448,,,,,,,,,,,,,,,,,,,,,,,,,,,,,,,,,,,,,,,,,,,,,
Q133433,Q55287297,,,,,,,,,,,,,,,,,,,,,,,,,,,,,,,,,,,,,,,,,,,,,
Q133434,Q60727605,,,,,,,,,,,,,,,,,,,,,,,,,,,,,,,,,,,,,,,,,,,,,
Q133435,Q130386221,,,,,,,,,,,,,,,,,,,,,,,,,,,,,,,,,,,,,,,,,,,,,
Q133436,Q6072426,,,,,,,,,,,,,,,,,,,,,,,,,,,,,,,,,,,,,,,,,,,,,
Q133437,Q1776653,,,,,,,,,,,,,,,,,,,,,,,,,,,,,,,,,,,,,,,,,,,,,
Q133438,Q1538212,,,,,,,,,,,,,,,,,,,,,,,,,,,,,,,,,,,,,,,,,,,,,
Q133439,Q1427622,,,,,,,,,,,,,,,,,,,,,,,,,,,,,,,,,,,,,,,,,,,,,
Q133440,Q1237732,,,,,,,,,,,,,,,,,,,,,,,,,,,,,,,,,,,,,,,,,,,,,
Q133441,Q20101247,,,,,,,,,,,,,,,,,,,,,,,,,,,,,,,,,,,,,,,,,,,,,
Q133442,Q392387,,,,,,,,,,,,,,,,,,,,,,,,,,,,,,,,,,,,,,,,,,,,,
Q133443,Q250506,,,,,,,,,,,,,,,,,,,,,,,,,,,416969,,,,,,,,,,,,,,,,,,
Q133444,Q61043833,,,,,,,,,,,,,,,,,,,,,,,,,,,,,,,,,,,,,,,,,,,,,
Q133445,Q17622153,,,,,,,,,,,,,,,,,,,,,,,,,,,,,,,,,,,,,,,,,,,,,
Q133446,Q1045730,,,,,,,,,,,,,,,,,,,,,,,,,,,,,,,,,,,,,,,,,,,,,
Q133447,Q15838255,,,,,,,,,,,,,,,,,,,,,,,,,,,,,,,,,,,,,,,,,,,,,
Q133448,Q15838250,,,,,,,,,,,,,,,,,,,,,,,,,,,,,,,,,,,,,,,,,,,,,
Q133449,Q3664253,,,,,,,,,,,,,,,,,,,,,,,,,,,,,,,,,,,,,,,,,,,,,
Q133450,Q11931896,,,,,,,,,,,,,,,,,,,,,,,,,,,,,,,,,,,,,,,,,,,,,
Q133451,Q15838263,,,,,,,,,,,,,,,,,,,,,,,,,,,,,,,,,,,,,,,,,,,,,
Q133452,Q17389291,,,,,,,,,,,,,,,,,,,,,,,,,,,,,,,,,,,,,,,,,,,,,
Q133453,Q122842113,,,,,,,,,,,,,,,,,,,,,,,,,,,,,,,,,,,,,,,,,,,,,
Q133454,Q64002918,,,,,,,,,,,,,,,,,,,,,,,,,,,,,,,,,,,,,,,,,,,,,
Q133455,Q56452104,,,,,,,,,,,,,,,,,,,,,,,,,,,,,,,,,,,,,,,,,,,,,
Q133456,Q1125040,,,,,,,,,,,,,,,,,,,,,,,,,,,438153,,,,,,,,,,,,,,,,,,
Q133457,Q474888,,,,,,,,,,,,,,,,,,,,,,,,,,,,,,,,,,,,,,,,,,,,,
Q133458,Q1332949,,,,,,,,,,,,,,,,,,,,,,,,,,,,,,,,,,,,,,,,,,,,,
Q133459,Q474879,,,,,,,,,,,,,,,,,,,,,,,,,,,,,,,,,,,,,,,,,,,,,
Q133460,Q1776654,,,,,,,,,,,,,,,,,,,,,,,,,,,,,,,,,,,,,,,,,,,,,
Q133461,Q2436714,,,,,,,,,,,,,,,,,,,,,,,,,,,,,,,,,,,,,,,,,,,,,
Q133462,Q12883477,,,,,,,,,,,,,,,,,,,,,,,,,,,,,,,,,,,,,,,,,,,,,
Q133463,Q15208147,,,,,,,,,,,,,,,,,,,,,,,,,,,,,,,,,,,,,,,,,,,,,
Q133464,Q15208115,,,,,,,,,,,,,,,,,,,,,,,,,,,,,,,,,,,,,,,,,,,,,
Q133465,Q15290623,,,,,,,,,,,,,,,,,,,,,,,,,,,,,,,,,,,,,,,,,,,,,
Q133466,Q15631124,,,,,,,,,,,,,,,,,,,,,,,,,,,,,,,,,,,,,,,,,,,,,
Q133467,Q3626277,,,,,,,,,,,,,,,,,,,,,,,,,,,,,,,,,,,,,,,,,,,,,
Q133468,Q15131054,,,,,,,,,,,,,,,,,,,,,,,,,,,,,,,,,,,,,,,,,,,,,
Q133469,Q21548041,,,,,,,,,,,,,,,,,,,,,,,,,,,,,,,,,,,,,,,,,,,,,
Q133470,Q65238073,,,,,,,,,,,,,,,,,,,,,,,,,,,,,,,,,,,,,,,,,,,,,
Q133471,Q787120,,,,,,,,,,,,,,,,,,,,,,,,,,,,,,,,,,,,,,,,,,,,,
Q133472,Q1242207,,,,,,,,,,,,,,,,,,,,,,,,,,,,,,,,,,,,,,,,,,,,,
Q133473,Q1538239,,,,,,,,,,,,,,,,,,,,,,,,,,,,,,,,,,,,,,,,,,,,,
Q133474,Q5114612,,,,,,,,,,,,,,,,,,,,,,,,,,,,,,,,,,,,,,,,,,,,,
Q133475,Q12873052,,,,,,,,,,,,,,,,,,,,,,,,,,,,,,,,,,,,,,,,,,,,,
Q133476,Q12879132,,,,,,,,,,,,,,,,,,,,,,,,,,,,,,,,,,,,,,,,,,,,,
Q133477,Q12884412,,,,,,,,,,,,,,,,,,,,,,,,,,,,,,,,,,,,,,,,,,,,,
Q133478,Q12885610,,,,,,,,,,,,,,,,,,,,,,,,,,,,,,,,,,,,,,,,,,,,,
Q133479,Q12885680,,,,,,,,,,,,,,,,,,,,,,,,,,,,,,,,,,,,,,,,,,,,,
Q133480,Q15131078,,,,,,,,,,,,,,,,,,,,,,,,,,,,,,,,,,,,,,,,,,,,,
Q133481,Q15138293,,,,,,,,,,,,,,,,,,,,,,,,,,,,,,,,,,,,,,,,,,,,,
Q133482,Q15208184,,,,,,,,,,,,,,,,,,,,,,,,,,,,,,,,,,,,,,,,,,,,,
Q133483,Q15303803,,,,,,,,,,,,,,,,,,,,,,,,,,,,,,,,,,,,,,,,,,,,,
Q133484,Q15360016,,,,,,,,,,,,,,,,,,,,,,,,,,,,,,,,,,,,,,,,,,,,,
Q133485,Q15393721,,,,,,,,,,,,,,,,,,,,,,,,,,,,,,,,,,,,,,,,,,,,,
Q133486,Q15401591,,,,,,,,,,,,,,,,,,,,,,,,,,,,,,,,,,,,,,,,,,,,,
Q133487,Q15406622,,,,,,,,,,,,,,,,,,,,,,,,,,,,,,,,,,,,,,,,,,,,,
Q133488,Q15406636,,,,,,,,,,,,,,,,,,,,,,,,,,,,,,,,,,,,,,,,,,,,,
Q133489,Q15613794,,,,,,,,,,,,,,,,,,,,,,,,,,,,,,,,,,,,,,,,,,,,,
Q133490,Q15613798,,,,,,,,,,,,,,,,,,,,,,,,,,,,,,,,,,,,,,,,,,,,,
Q133491,Q15617990,,,,,,,,,,,,,,,,,,,,,,,,,,,,,,,,,,,,,,,,,,,,,
Q133492,Q15631110,,,,,,,,,,,,,,,,,,,,,,,,,,,,,,,,,,,,,,,,,,,,,
Q133493,Q15631131,,,,,,,,,,,,,,,,,,,,,,,,,,,,,,,,,,,,,,,,,,,,,
Q133494,Q15631154,,,,,,,,,,,,,,,,,,,,,,,,,,,,,,,,,,,,,,,,,,,,,
Q133495,Q15631158,,,,,,,,,,,,,,,,,,,,,,,,,,,,,,,,,,,,,,,,,,,,,
Q133496,Q15712521,,,,,,,,,,,,,,,,,,,,,,,,,,,,,,,,,,,,,,,,,,,,,
Q133497,Q15703295,,,,,,,,,,,,,,,,,,,,,,,,,,,,,,,,,,,,,,,,,,,,,
Q133498,Q15703319,,,,,,,,,,,,,,,,,,,,,,,,,,,,,,,,,,,,,,,,,,,,,
Q133499,Q15703340,,,,,,,,,,,,,,,,,,,,,,,,,,,,,,,,,,,,,,,,,,,,,
Q133500,Q15220128,,,,,,,,,,,,,,,,,,,,,,,,,,,,,,,,,,,,,,,,,,,,,
Q133501,Q15631138,,,,,,,,,,,,,,,,,,,,,,,,,,,,,,,,,,,,,,,,,,,,,
Q133502,Q18642287,,,,,,,,,,,,,,,,,,,,,,,,,,,,,,,,,,,,,,,,,,,,,
Q133503,Q472784,,,,,,,,,,,,,,,,,,,,,,,,,,,,,,,,,,,,,,,,,,,,,
Q133504,Q15712534,,,,,,,,,,,,,,,,,,,,,,,,,,,,,,,,,,,,,,,,,,,,,
Q133505,Q20480656,,,,,,,,,,,,,,,,,,,,,,,,,,,,,,,,,,,,,,,,,,,,,
Q133506,Q12878181,,,,,,,,,,,,,,,,,,,,,,,,,,,,,,,,,,,,,,,,,,,,,
Q133507,Q21547777,,,,,,,,,,,,,,,,,,,,,,,,,,,,,,,,,,,,,,,,,,,,,
Q133508,Q55412260,,,,,,,,,,,,,,,,,,,,,,,,,,,,,,,,,,,,,,,,,,,,,
Q133509,Q55590497,,,,,,,,,,,,,,,,,,,,,,,,,,,,,,,,,,,,,,,,,,,,,
Q133510,Q57442525,,,,,,,,,,,,,,,,,,,,,,,,,,,,,,,,,,,,,,,,,,,,,
Q133511,Q57831375,,,,,,,,,,,,,,,,,,,,,,,,,,,,,,,,,,,,,,,,,,,,,
Q133512,Q58893036,,,,,,,,,,,,,,,,,,,,,,,,,,,,,,,,,,,,,,,,,,,,,
Q133513,Q59538199,,,,,,,,,,,,,,,,,,,,,,,,,,,,,,,,,,,,,,,,,,,,,
Q133514,Q59771485,,,,,,,,,,,,,,,,,,,,,,,,,,,,,,,,,,,,,,,,,,,,,
Q133515,Q59772641,,,,,,,,,,,,,,,,,,,,,,,,,,,,,,,,,,,,,,,,,,,,,
Q133516,Q60677560,,,,,,,,,,,,,,,,,,,,,,,,,,,,,,,,,,,,,,,,,,,,,
Q133517,Q60822360,,,,,,,,,,,,,,,,,,,,,,,,,,,,,,,,,,,,,,,,,,,,,
Q133518,Q60894217,,,,,,,,,,,,,,,,,,,,,,,,,,,,,,,,,,,,,,,,,,,,,
Q133519,Q62124325,,,,,,,,,,,,,,,,,,,,,,,,,,,,,,,,,,,,,,,,,,,,,
Q133520,Q65048268,,,,,,,,,,,,,,,,,,,,,,,,,,,,,,,,,,,,,,,,,,,,,
Q133521,Q65052982,,,,,,,,,,,,,,,,,,,,,,,,,,,,,,,,,,,,,,,,,,,,,
Q133522,Q106518547,,,,,,,,,,,,,,,,,,,,,,,,,,,,,,,,,,,,,,,,,,,,,
Q133523,Q120197190,,,,,,,,,,,,,,,,,,,,,,,,,,,,,,,,,,,,,,,,,,,,,
Q133524,Q5980683,,,,,,,,,,,,,,,,,,,,,,,,,,,,,,,,,,,,,,,,,,,,,
Q133525,Q59585770,,,,,,,,,,,,,,,,,,,,,,,,,,,,,,,,,,,,,,,,,,,,,
Q133526,Q100717953,,,,,,,,,,,,,,,,,,,,,,,,,,,,,,,,,,,,,,,,,,,,,
Q133527,Q135473245,,,,,,,,,,,,,,,,,,,,,,,,,,,,,,,,,,,,,,,,,,,,,
Q133528,Q15303784,,,,,,,,,,,,,,,,,,,,,,,,,,,,,,,,,,,,,,,,,,,,,
Q133529,Q12873965,,,,,,,,,,,,,,,,,,,,,,,,,,,,,,,,,,,,,,,,,,,,,
Q133530,Q15290607,,,,,,,,,,,,,,,,,,,,,,,,,,,,,,,,,,,,,,,,,,,,,
Q133531,Q15138273,,,,,,,,,,,,,,,,,,,,,,,,,,,,,,,,,,,,,,,,,,,,,
Q133532,Q390441,,,,,,,,,,,,,,,,,,,,,,,,,,,,,,,,,,,,,,,,,,,,,
Q133533,Q1017629,,,,,,,,,,,,,,,,,,,,,,,,,,,,,,,,,,,,,,,,,,,,,
Q133534,Q7877819,,,,,,,,,,,,,,,,,,,,,,,,,,,,,,,,,,,,,,,,,,,,,
Q133535,Q15073808,,,,,,,,,,,,,,,,,,,,,,,,,,,,,,,,,,,,,,,,,,,,,
Q133536,Q15113335,,,,,,,,,,,,,,,,,,,,,,,,,,,,,,,,,,,,,,,,,,,,,
Q133537,Q15130985,,,,,,,,,,,,,,,,,,,,,,,,,,,,,,,,,,,,,,,,,,,,,
Q133538,Q15131063,,,,,,,,,,,,,,,,,,,,,,,,,,,,,,,,,,,,,,,,,,,,,
Q133539,Q15138255,,,,,,,,,,,,,,,,,,,,,,,,,,,,,,,,,,,,,,,,,,,,,
Q133540,Q15208186,,,,,,,,,,,,,,,,,,,,,,,,,,,,,,,,,,,,,,,,,,,,,
Q133541,Q15220152,,,,,,,,,,,,,,,,,,,,,,,,,,,,,,,,,,,,,,,,,,,,,
Q133542,Q15290611,,,,,,,,,,,,,,,,,,,,,,,,,,,,,,,,,,,,,,,,,,,,,
Q133543,Q15290612,,,,,,,,,,,,,,,,,,,,,,,,,,,,,,,,,,,,,,,,,,,,,
Q133544,Q15290613,,,,,,,,,,,,,,,,,,,,,,,,,,,,,,,,,,,,,,,,,,,,,
Q133545,Q15303768,,,,,,,,,,,,,,,,,,,,,,,,,,,,,,,,,,,,,,,,,,,,,
Q133546,Q15359952,,,,,,,,,,,,,,,,,,,,,,,,,,,,,,,,,,,,,,,,,,,,,
Q133547,Q15360043,,,,,,,,,,,,,,,,,,,,,,,,,,,,,,,,,,,,,,,,,,,,,
Q133548,Q15360046,,,,,,,,,,,,,,,,,,,,,,,,,,,,,,,,,,,,,,,,,,,,,
Q133549,Q15360098,,,,,,,,,,,,,,,,,,,,,,,,,,,,,,,,,,,,,,,,,,,,,
Q133550,Q15406656,,,,,,,,,,,,,,,,,,,,,,,,,,,,,,,,,,,,,,,,,,,,,
Q133551,Q15613776,,,,,,,,,,,,,,,,,,,,,,,,,,,,,,,,,,,,,,,,,,,,,
Q133552,Q15613793,,,,,,,,,,,,,,,,,,,,,,,,,,,,,,,,,,,,,,,,,,,,,
Q133553,Q15617983,,,,,,,,,,,,,,,,,,,,,,,,,,,,,,,,,,,,,,,,,,,,,
Q133554,Q15631096,,,,,,,,,,,,,,,,,,,,,,,,,,,,,,,,,,,,,,,,,,,,,
Q133555,Q15631102,,,,,,,,,,,,,,,,,,,,,,,,,,,,,,,,,,,,,,,,,,,,,
Q133556,Q15631129,,,,,,,,,,,,,,,,,,,,,,,,,,,,,,,,,,,,,,,,,,,,,
Q133557,Q15631133,,,,,,,,,,,,,,,,,,,,,,,,,,,,,,,,,,,,,,,,,,,,,
Q133558,Q15631137,,,,,,,,,,,,,,,,,,,,,,,,,,,,,,,,,,,,,,,,,,,,,
Q133559,Q15631155,,,,,,,,,,,,,,,,,,,,,,,,,,,,,,,,,,,,,,,,,,,,,
Q133560,Q15631159,,,,,,,,,,,,,,,,,,,,,,,,,,,,,,,,,,,,,,,,,,,,,
Q133561,Q15703292,,,,,,,,,,,,,,,,,,,,,,,,,,,,,,,,,,,,,,,,,,,,,
Q133562,Q15703323,,,,,,,,,,,,,,,,,,,,,,,,,,,,,,,,,,,,,,,,,,,,,
Q133563,Q15703337,,,,,,,,,,,,,,,,,,,,,,,,,,,,,,,,,,,,,,,,,,,,,
Q133564,Q15632034,,,,,,,,,,,,,,,,,,,,,,,,,,,,,,,,,,,,,,,,,,,,,
Q133565,Q15208061,,,,,,,,,,,,,,,,,,,,,,,,,,,,,,,,,,,,,,,,,,,,,
Q133566,Q15138279,,,,,,,,,,,,,,,,,,,,,,,,,,,,,,,,,,,,,,,,,,,,,
Q133567,Q38058744,,,,,,,,,,,,,,,,,,,,,,,,,,,,,,,,,,,,,,,,,,,,,
Q133568,Q15712533,,,,,,,,,,,,,,,,,,,,,,,,,,,,,,,,,,,,,,,,,,,,,
Q133569,Q392614,,,,,,,,,,,,,,,,,,,,,,,,,,,,,,,,,,,,,,,,,,,,,
Q133570,Q512824,,,,,,,,,,,,,,,,,,,,,,,,,,,,,,,,,,,,,,,,,,,,,
Q133571,Q21548747,,,,,,,,,,,,,,,,,,,,,,,,,,,,,,,,,,,,,,,,,,,,,
Q133572,Q21768379,,,,,,,,,,,,,,,,,,,,,,,,,,,,,,,,,,,,,,,,,,,,,
Q133573,Q19921698,,,,,,,,,,,,,,,,,,,,,,,,,,,,,,,,,,,,,,,,,,,,,
Q133574,Q55297639,,,,,,,,,,,,,,,,,,,,,,,,,,,,,,,,,,,,,,,,,,,,,
Q133575,Q55590351,,,,,,,,,,,,,,,,,,,,,,,,,,,,,,,,,,,,,,,,,,,,,
Q133576,Q55809760,,,,,,,,,,,,,,,,,,,,,,,,,,,,,,,,,,,,,,,,,,,,,
Q133577,Q55964491,,,,,,,,,,,,,,,,,,,,,,,,,,,,,,,,,,,,,,,,,,,,,
Q133578,Q56928254,,,,,,,,,,,,,,,,,,,,,,,,,,,,,,,,,,,,,,,,,,,,,
Q133579,Q58417710,,,,,,,,,,,,,,,,,,,,,,,,,,,,,,,,,,,,,,,,,,,,,
Q133580,Q59436273,,,,,,,,,,,,,,,,,,,,,,,,,,,,,,,,,,,,,,,,,,,,,
Q133581,Q59741444,,,,,,,,,,,,,,,,,,,,,,,,,,,,,,,,,,,,,,,,,,,,,
Q133582,Q60180871,,,,,,,,,,,,,,,,,,,,,,,,,,,,,,,,,,,,,,,,,,,,,
Q133583,Q60228179,,,,,,,,,,,,,,,,,,,,,,,,,,,,,,,,,,,,,,,,,,,,,
Q133584,Q60690763,,,,,,,,,,,,,,,,,,,,,,,,,,,,,,,,,,,,,,,,,,,,,
Q133585,Q61050357,,,,,,,,,,,,,,,,,,,,,,,,,,,,,,,,,,,,,,,,,,,,,
Q133586,Q63489571,,,,,,,,,,,,,,,,,,,,,,,,,,,,,,,,,,,,,,,,,,,,,
Q133587,Q63489064,,,,,,,,,,,,,,,,,,,,,,,,,,,,,,,,,,,,,,,,,,,,,
Q133588,Q63533722,,,,,,,,,,,,,,,,,,,,,,,,,,,,,,,,,,,,,,,,,,,,,
Q133589,Q65246885,,,,,,,,,,,,,,,,,,,,,,,,,,,,,,,,,,,,,,,,,,,,,
Q133590,Q65238604,,,,,,,,,,,,,,,,,,,,,,,,,,,,,,,,,,,,,,,,,,,,,
Q133591,Q63615609,,,,,,,,,,,,,,,,,,,,,,,,,,,,,,,,,,,,,,,,,,,,,
Q133592,Q65243924,,,,,,,,,,,,,,,,,,,,,,,,,,,,,,,,,,,,,,,,,,,,,
Q133593,Q65227397,,,,,,,,,,,,,,,,,,,,,,,,,,,,,,,,,,,,,,,,,,,,,
Q133594,Q65244032,,,,,,,,,,,,,,,,,,,,,,,,,,,,,,,,,,,,,,,,,,,,,
Q133595,Q65243886,,,,,,,,,,,,,,,,,,,,,,,,,,,,,,,,,,,,,,,,,,,,,
Q133596,Q65244042,,,,,,,,,,,,,,,,,,,,,,,,,,,,,,,,,,,,,,,,,,,,,
Q133597,Q65244056,,,,,,,,,,,,,,,,,,,,,,,,,,,,,,,,,,,,,,,,,,,,,
Q133598,Q65244174,,,,,,,,,,,,,,,,,,,,,,,,,,,,,,,,,,,,,,,,,,,,,
Q133599,Q65244220,,,,,,,,,,,,,,,,,,,,,,,,,,,,,,,,,,,,,,,,,,,,,
Q133600,Q207681,,,,,,,,,,,,,,,,,,,,,,,,,,,,,,,,,,,,,,,,,,,,,
Q133601,Q18246355,,,,,,,,,,,,,,,,,,,,,,,,,,,,,,,,,,,,,,,,,,,,,
Q133602,Q1601964,,,,,,,,,,,,,,,,,,,,,,,,,,,,,,,,,,,,,,,,,,,,,
Q133603,Q2887338,,,,,,,,,,,,,,,,,,,,,,,,,,,,,,,,,,,,,,,,,,,,,
Q133604,Q56452108,,,,,,,,,,,,,,,,,,,,,,,,,,,,,,,,,,,,,,,,,,,,,
Q133605,Q11704754,,,,,,,,,,,,,,,,,,,,,,,,,,,,,,,,,,,,,,,,,,,,,
Q133606,Q18414574,,,,,,,,,,,,,,,,,,,,,,,,,,,,,,,,,,,,,,,,,,,,,
Q133607,Q12762572,,,,,,,,,,,,,,,,,,,,,,,,,,,,,,,,,,,,,,,,,,,,,
Q133608,Q1478155,,,,,,,,,,,,,,,,,,,,,,,,,,,,,,,,,,,,,,,,,,,,,
Q133609,Q1924155,,,,,,,,,,,,,,,,,,,,,,,,,,,588826,,,,,,,,,,,,,,,,,,
Q133610,Q1132777,,,,,,,,,,,,,,,,,,,,,,,,,,,,,,,,,,,,,,,,,,,,,
Q133611,Q1604805,,,,,,,,,,,,,,,,,,,,,,,,,,,,,,,,,,,,,,,,,,,,,
Q133612,Q5721807,,,,,,,,,,,,,,,,,,,,,,,,,,,,,,,,,,,,,,,,,,,,,
Q133613,Q6012680,,,,,,,,,,,,,,,,,,,,,,,,,,,,,,,,,,,,,,,,,,,,,
Q133614,Q45902301,,,,,,,,,,,,,,,,,,,,,,,,,,,,,,,,,,,,,,,,,,,,,
Q133615,Q51316046,,,,,,,,,,,,,,,,,,,,,,,,,,,,,,,,,,,,,,,,,,,,,
Q133616,Q12884306,,,,,,,,,,,,,,,,,,,,,,,,,,,,,,,,,,,,,,,,,,,,,
Q133617,Q1756679,,,,,,,,,,,,,,,,,,,,,,,,,,,,,,,,,,,,,,,,,,,,,
Q133618,Q576173,,,,,,,,,,,,,,,,,,,,,,,,,,,,,,,,,,,,,,,,,,,,,
Q133619,Q1343776,,,,,,,,,,,,,,,,,,,,,,,,,,,,,,,,,,,,,,,,,,,,,
Q133620,Q21051020,,,,,,,,,,,,,,,,,,,,,,,,,,,,,,,,,,,,,,,,,,,,,
Q133621,Q931321,,,,,,,,,,,,,,,,,,,,,,,,,,,423646,,,,,,,,,,,,,,,,,,
Q133622,Q750580,,,,,,,,,,,,,,,,,,,,,,,,,,,404382,,,,,,,,,,,,,,,,,,
Q133623,Q7844953,,,,,,,,,,,,,,,,,,,,,,,,,,,,,,,,,,,,,,,,,,,,,
Q133624,Q622504,,,,,,,,,,,,,,,,,,,,,,,,,,,338281,,,,,,,,,,,,,,,,,,
Q133625,Q1417968,,,,,,,,,,,,,,,,,,,,,,,,,,,,,,,,,,,,,,,,,,,,,
Q133626,Q3026358,,,,,,,,,,,,,,,,,,,,,,,,,,,,,,,,,,,,,,,,,,,,,
Q133627,Q2641203,,,,,,,,,,,,,,,,,,,,,,,,,,,,,,,,,,,,,,,,,,,,,
Q133628,Q11938698,,,,,,,,,,,,,,,,,,,,,,,,,,,423636,,,,,,,,,,,,,,,,,,
Q133629,Q752337,,,,,,,,,,,,,,,,,,,,,,,,,,,,,,,,,,,,,,,,,,,,,
Q133630,Q3707741,,,,,,,,,,,,,,,,,,,,,,,,,,,,,,,,,,,,,,,,,,,,,
Q133631,Q203420,,,,,,,,,,,,,,,,,,,,,,,,,,,,,,,,,,,,,,,,,,,,,
Q133632,Q1754201,,,,,,,,,,,,,,,,,,,,,,,,,,,,,,,,,,,,,,,,,,,,,
Q133633,Q1065234,,,,,,,,,,,,,,,,,,,,,,,,,,,,,,,,,,,,,,,,,,,,,
Q133634,Q3801661,,,,,,,,,,,,,,,,,,,,,,,,,,,,,,,,,,,,,,,,,,,,,
Q133635,Q3621557,,,,,,,,,,,,,,,,,,,,,,,,,,,,,,,,,,,,,,,,,,,,,
Q133636,Q55281301,,,,,,,,,,,,,,,,,,,,,,,,,,,,,,,,,,,,,,,,,,,,,
Q133637,Q55521245,,,,,,,,,,,,,,,,,,,,,,,,,,,,,,,,,,,,,,,,,,,,,
Q133638,Q21855525,,,,,,,,,,,,,,,,,,,,,,,,,,,,,,,,,,,,,,,,,,,,,
Q133639,Q106262972,,,,,,,,,,,,,,,,,,,,,,,,,,,,,,,,,,,,,,,,,,,,,
Q133640,Q128912472,,,,,,,,,,,,,,,,,,,,,,,,,,,,,,,,,,,,,,,,,,,,,
Q133641,Q38716201,,,,,,,,,,,,,,,,,,,,,,,,,,,,,,,,,,,,,,,,,,,,,
Q133642,Q4671657,,,,,,,,,,,,,,,,,,,,,,,,,,,,,,,,,,,,,,,,,,,,,
Q133643,Q1495743,,,,,,,,,,,,,,,,,,,,,,,,,,,,,,,,,,,,,,,,,,,,,
Q133644,Q1774149,,,,,,,,,,,,,,,,,,,,,,,,,,,,,,,,,,,,,,,,,,,,,
Q133645,Q3680852,,,,,,,,,,,,,,,,,,,,,,,,,,,,,,,,,,,,,,,,,,,,,
Q133646,Q571969,,,,,,,,,,,,,,,,,,,,,,,,,,,,,,,,,,,,,,,,,,,,,
Q133647,Q652220,,,,,,,,,,,,,,,,,,,,,,,,,,,,,,,,,,,,,,,,,,,,,
Q133648,Q23818213,,,,,,,,,,,,,,,,,,,,,,,,,,,,,,,,,,,,,,,,,,,,,
Q133649,Q2934546,,,,,,,,,,,,,,,,,,,,,,,,,,,,,,,,,,,,,,,,,,,,,
Q133650,Q40219631,,,,,,,,,,,,,,,,,,,,,,,,,,,,,,,,,,,,,,,,,,,,,
Q133651,Q575456,,,,,,,,,,,,,,,,,,,,,,,,,,,,,,,,,,,,,,,,,,,,,
Q133652,Q2980449,,,,,,,,,,,,,,,,,,,,,,,,,,,,,,,,,,,,,,,,,,,,,
Q133653,Q12879977,,,,,,,,,,,,,,,,,,,,,,,,,,,,,,,,,,,,,,,,,,,,,
Q133654,Q1131939,,,,,,,,,,,,,,,,,,,,,,,,,,,,,,,,,,,,,,,,,,,,,
Q133655,Q15816270,,,,,,,,,,,,,,,,,,,,,,,,,,,,,,,,,,,,,,,,,,,,,
Q133656,Q4137657,,,,,,,,,,,,,,,,,,,,,,,,,,,423874,,,,,,,,,,,,,,,,,,
Q133657,Q12878573,,,,,,,,,,,,,,,,,,,,,,,,,,,,,,,,,,,,,,,,,,,,,
Q133658,Q28008183,,,,,,,,,,,,,,,,,,,,,,,,,,,,,,,,,,,,,,,,,,,,,
Q133659,Q109179,,,,,,,,,,,,,,,,,,,,,,,,,,,,,,,,,,,,,,,,,,,,,
Q133660,Q54149,,,,,,,,,,,,,,,,,,,,,,,,,,,,,,,,,,,,,,,,,,,,,
Q133661,Q1206546,,,,,,,,,,,,,,,,,,,,,,,,,,,,,,,,,,,,,,,,,,,,,
Q133662,Q1331212,,,,,,,,,,,,,,,,,,,,,,,,,,,,,,,,,,,,,,,,,,,,,
Q133663,Q17115124,,,,,,,,,,,,,,,,,,,,,,,,,,,,,,,,,,,,,,,,,,,,,
Q133664,Q20801797,,,,,,,,,,,,,,,,,,,,,,,,,,,,,,,,,,,,,,,,,,,,,
Q133665,Q3705324,,,,,,,,,,,,,,,,,,,,,,,,,,,,,,,,,,,,,,,,,,,,,
Q133666,Q15816374,,,,,,,,,,,,,,,,,,,,,,,,,,,,,,,,,,,,,,,,,,,,,
Q133667,Q29626641,,,,,,,,,,,,,,,,,,,,,,,,,,,,,,,,,,,,,,,,,,,,,
Q133668,Q655184,,,,,,,,,,,,,,,,,,,,,,,,,,,,,,,,,,,,,,,,,,,,,
Q133669,Q1087725,,,,,,,,,,,,,,,,,,,,,,,,,,,,,,,,,,,,,,,,,,,,,
Q133670,Q3037285,,,,,,,,,,,,,,,,,,,,,,,,,,,,,,,,,,,,,,,,,,,,,
Q133671,Q1077936,,,,,,,,,,,,,,,,,,,,,,,,,,,,,,,,,,,,,,,,,,,,,
Q133672,Q3136176,,,,,,,,,,,,,,,,,,,,,,,,,,,,,,,,,,,,,,,,,,,,,
Q133673,Q3892897,,,,,,,,,,,,,,,,,,,,,,,,,,,,,,,,,,,,,,,,,,,,,
Q133674,Q3155610,,,,,,,,,,,,,,,,,,,,,,,,,,,,,,,,,,,,,,,,,,,,,
Q133675,Q1530099,,,,,,,,,,,,,,,,,,,,,,,,,,,,,,,,,,,,,,,,,,,,,
Q133676,Q15736237,,,,,,,,,,,,,,,,,,,,,,,,,,,,,,,,,,,,,,,,,,,,,
Q133677,Q3735178,,,,,,,,,,,,,,,,,,,,,,,,,,,,,,,,,,,,,,,,,,,,,
Q133678,Q3622225,,,,,,,,,,,,,,,,,,,,,,,,,,,,,,,,,,,,,,,,,,,,,
Q133679,Q15816336,,,,,,,,,,,,,,,,,,,,,,,,,,,,,,,,,,,,,,,,,,,,,
Q133680,Q15816339,,,,,,,,,,,,,,,,,,,,,,,,,,,,,,,,,,,,,,,,,,,,,
Q133681,Q15816352,,,,,,,,,,,,,,,,,,,,,,,,,,,,,,,,,,,,,,,,,,,,,
Q133682,Q15736227,,,,,,,,,,,,,,,,,,,,,,,,,,,,,,,,,,,,,,,,,,,,,
Q133683,Q1878963,,,,,,,,,,,,,,,,,,,,,,,,,,,,,,,,,,,,,,,,,,,,,
Q133684,Q1609412,,,,,,,,,,,,,,,,,,,,,,,,,,,,,,,,,,,,,,,,,,,,,
Q133685,Q1924574,,,,,,,,,,,,,,,,,,,,,,,,,,,,,,,,,,,,,,,,,,,,,
Q133686,Q3332745,,,,,,,,,,,,,,,,,,,,,,,,,,,,,,,,,,,,,,,,,,,,,
Q133687,Q3715373,,,,,,,,,,,,,,,,,,,,,,,,,,,,,,,,,,,,,,,,,,,,,
Q133688,Q3718501,,,,,,,,,,,,,,,,,,,,,,,,,,,,,,,,,,,,,,,,,,,,,
Q133689,Q3747915,,,,,,,,,,,,,,,,,,,,,,,,,,,,,,,,,,,,,,,,,,,,,
Q133690,Q4408851,,,,,,,,,,,,,,,,,,,,,,,,,,,,,,,,,,,,,,,,,,,,,
Q133691,Q7226532,,,,,,,,,,,,,,,,,,,,,,,,,,,,,,,,,,,,,,,,,,,,,
Q133692,Q13419376,,,,,,,,,,,,,,,,,,,,,,,,,,,,,,,,,,,,,,,,,,,,,
Q133693,Q14601881,,,,,,,,,,,,,,,,,,,,,,,,,,,,,,,,,,,,,,,,,,,,,
Q133694,Q15816269,,,,,,,,,,,,,,,,,,,,,,,,,,,,,,,,,,,,,,,,,,,,,
Q133695,Q15816305,,,,,,,,,,,,,,,,,,,,,,,,,,,,,,,,,,,,,,,,,,,,,
Q133696,Q15816312,,,,,,,,,,,,,,,,,,,,,,,,,,,,,,,,,,,,,,,,,,,,,
Q133697,Q15816322,,,,,,,,,,,,,,,,,,,,,,,,,,,,,,,,,,,,,,,,,,,,,
Q133698,Q15816329,,,,,,,,,,,,,,,,,,,,,,,,,,,,,,,,,,,,,,,,,,,,,
Q133699,Q15816362,,,,,,,,,,,,,,,,,,,,,,,,,,,,,,,,,,,,,,,,,,,,,
Q133700,Q15816366,,,,,,,,,,,,,,,,,,,,,,,,,,,,,,,,,,,,,,,,,,,,,
Q133701,Q17115343,,,,,,,,,,,,,,,,,,,,,,,,,,,,,,,,,,,,,,,,,,,,,
Q133702,Q21548096,,,,,,,,,,,,,,,,,,,,,,,,,,,,,,,,,,,,,,,,,,,,,
Q133703,Q19259287,,,,,,,,,,,,,,,,,,,,,,,,,,,,,,,,,,,,,,,,,,,,,
Q133704,Q22965422,,,,,,,,,,,,,,,,,,,,,,,,,,,,,,,,,,,,,,,,,,,,,
Q133705,Q55287285,,,,,,,,,,,,,,,,,,,,,,,,,,,,,,,,,,,,,,,,,,,,,
Q133706,Q55421302,,,,,,,,,,,,,,,,,,,,,,,,,,,,,,,,,,,,,,,,,,,,,
Q133707,Q21548762,,,,,,,,,,,,,,,,,,,,,,,,,,,,,,,,,,,,,,,,,,,,,
Q133708,Q55855188,,,,,,,,,,,,,,,,,,,,,,,,,,,,,,,,,,,,,,,,,,,,,
Q133709,Q55996294,,,,,,,,,,,,,,,,,,,,,,,,,,,,,,,,,,,,,,,,,,,,,
Q133710,Q56153963,,,,,,,,,,,,,,,,,,,,,,,,,,,,,,,,,,,,,,,,,,,,,
Q133711,Q3656611,,,,,,,,,,,,,,,,,,,,,,,,,,,,,,,,,,,,,,,,,,,,,
Q133712,Q57436428,,,,,,,,,,,,,,,,,,,,,,,,,,,,,,,,,,,,,,,,,,,,,
Q133713,Q59746195,,,,,,,,,,,,,,,,,,,,,,,,,,,,,,,,,,,,,,,,,,,,,
Q133714,Q59773036,,,,,,,,,,,,,,,,,,,,,,,,,,,,,,,,,,,,,,,,,,,,,
Q133715,Q3708571,,,,,,,,,,,,,,,,,,,,,,,,,,,,,,,,,,,,,,,,,,,,,
Q133716,Q60181410,,,,,,,,,,,,,,,,,,,,,,,,,,,,,,,,,,,,,,,,,,,,,
Q133717,Q60221584,,,,,,,,,,,,,,,,,,,,,,,,,,,,,,,,,,,,,,,,,,,,,
Q133718,Q60649443,,,,,,,,,,,,,,,,,,,,,,,,,,,,,,,,,,,,,,,,,,,,,
Q133719,Q91121889,,,,,,,,,,,,,,,,,,,,,,,,,,,,,,,,,,,,,,,,,,,,,
Q133720,Q106866423,,,,,,,,,,,,,,,,,,,,,,,,,,,,,,,,,,,,,,,,,,,,,
Q133721,Q12751541,,,,,,,,,,,,,,,,,,,,,,,,,,,,,,,,,,,,,,,,,,,,,
Q133722,Q126127861,,,,,,,,,,,,,,,,,,,,,,,,,,,,,,,,,,,,,,,,,,,,,
Q133723,Q3605023,,,,,,,,,,,,,,,,,,,,,,,,,,,,,,,,,,,,,,,,,,,,,
Q133724,Q3742484,,,,,,,,,,,,,,,,,,,,,,,,,,,,,,,,,,,,,,,,,,,,,
Q133725,Q3858182,,,,,,,,,,,,,,,,,,,,,,,,,,,,,,,,,,,,,,,,,,,,,
Q133726,Q3044434,,,,,,,,,,,,,,,,,,,,,,,,,,,,,,,,,,,,,,,,,,,,,
Q133727,Q4067738,,,,,,,,,,,,,,,,,,,,,,,,,,,,,,,,,,,,,,,,,,,,,
Q133728,Q16330878,,,,,,,,,,,,,,,,,,,,,,,,,,,,,,,,,,,,,,,,,,,,,
Q133729,Q2317917,,,,,,,,,,,,,,,,,,,,,,,,,,,,,,,,,,,,,,,,,,,,,
Q133730,Q1516141,,,,,,,,,,,,,,,,,,,,,,,,,,,,,,,,,,,,,,,,,,,,,
Q133731,Q1782641,,,,,,,,,,,,,,,,,,,,,,,,,,,,,,,,,,,,,,,,,,,,,
Q133732,Q2497780,,,,,,,,,,,,,,,,,,,,,,,,,,,,,,,,,,,,,,,,,,,,,
Q133733,Q19946249,,,,,,,,,,,,,,,,,,,,,,,,,,,,,,,,,,,,,,,,,,,,,
Q133734,Q2547185,,,,,,,,,,,,,,,,,,,,,,,,,,,,,,,,,,,,,,,,,,,,,
Q133735,Q12879057,,,,,,,,,,,,,,,,,,,,,,,,,,,,,,,,,,,,,,,,,,,,,
Q133736,Q19376,,,,,,,,,,,,,,,,,,,,,,,,,,,406122,,,,,,,,,,,,,,,,,,
Q133737,Q1045153,,,,,,,,,,,,,,,,,,,,,,,,,,,334304,,,,,,,,,,,,,,,,,,
Q133738,Q368128,,,,,,,,,,,,,,,,,,,,,,,,,,,,,,,,,,,,,,,,,,,,,
Q133739,Q2288153,,,,,,,,,,,,,,,,,,,,,,,,,,,,,,,,,,,,,,,,,,,,,
Q133740,Q912769,,,,,,,,,,,,,,,,,,,,,,,,,,,,,,,,,,,,,,,,,,,,,
Q133741,Q123341907,,,,,,,,,,,,,,,,,,,,,,,,,,,,,,,,,,,,,,,,,,,,,
Q133742,Q3546597,,,,,,,,,,,,,,,,,,,,,,,,,,,,,,,,,,,,,,,,,,,,,
Q133743,Q12882487,,,,,,,,,,,,,,,,,,,,,,,,,,,,,,,,,,,,,,,,,,,,,
Q133744,Q334787,,,,,,,,,,,,,,,,,,,,,,,,,,,406336,,,,,,,,,,,,,,,,,,
Q133745,Q3886839,,,,,,,,,,,,,,,,,,,,,,,,,,,,,,,,,,,,,,,,,,,,,
Q133746,Q43305145,,,,,,,,,,,,,,,,,,,,,,,,,,,,,,,,,,,,,,,,,,,,,
Q133747,Q21548502,,,,,,,,,,,,,,,,,,,,,,,,,,,,,,,,,,,,,,,,,,,,,
Q133748,Q21548229,,,,,,,,,,,,,,,,,,,,,,,,,,,,,,,,,,,,,,,,,,,,,
Q133749,Q308398,,,,,,,,,,,,,,,,,,,,,,,,,,,,,,,,,,,,,,,,,,,,,
Q133750,Q108443979,,,,,,,,,,,,,,,,,,,,,,,,,,,,,,,,,,,,,,,,,,,,,
Q133751,Q131630730,,,,,,,,,,,,,,,,,,,,,,,,,,,,,,,,,,,,,,,,,,,,,
Q133752,Q4775067,,,,,,,,,,,,,,,,,,,,,,,,,,,,,,,,,,,,,,,,,,,,,
Q133753,Q223152,,,,,,,,,,,,,,,,,,,,,,,,,,,156501|385094,,,,,,,,,,,,,,,,,,
Q133754,Q56246129,,,,,,,,,,,,,,,,,,,,,,,,,,,,,,,,,,,,,,,,,,,,,
Q133755,Q4530734,,,,,,,,,,,,,,,,,,,,,,,,,,,,,,,,,,,,,,,,,,,,,
Q133756,Q1784645,,,,,,,,,,,,,,,,,,,,,,,,,,,,,,,,,,,,,,,,,,,,,
Q133757,Q60448477,,,,,,,,,,,,,,,,,,,,,,,,,,,,,,,,,,,,,,,,,,,,,
Q133758,Q1242355,,,,,,,,,,,,,,,,,,,,,,,,,,,,,,,,,,,,,,,,,,,,,
Q133759,Q1301614,,,,,,,,,,,,,,,,,,,,,,,,,,,,,,,,,,,,,,,,,,,,,
Q133760,Q208531,,,,,,,,,,,,,,,,,,,,,,,,,,,,,,,,,,,,,,,,,,,,,
Q133761,Q12885984,,,,,,,,,,,,,,,,,,,,,,,,,,,,,,,,,,,,,,,,,,,,,
Q133762,Q56435820,,,,,,,,,,,,,,,,,,,,,,,,,,,,,,,,,,,,,,,,,,,,,
Q133763,Q31498,,,,,,,,,,,,,,,,,,,,,,,,,,,,,,,,,,,,,,,,,,,,,
Q133764,Q1292797,,,,,,,,,,,,,,,,,,,,,,,,,,,,,,,,,,,,,,,,,,,,,
Q133765,Q55436726,,,,,,,,,,,,,,,,,,,,,,,,,,,,,,,,,,,,,,,,,,,,,
Q133766,Q12876784,,,,,,,,,,,,,,,,,,,,,,,,,,,,,,,,,,,,,,,,,,,,,
Q133767,Q2112864,,,,,,,,,,,,,,,,,,,,,,,,,,,,,,,,,,,,,,,,,,,,,
Q133768,Q108619595,,,,,,,,,,,,,,,,,,,,,,,,,,,,,,,,,,,,,,,,,,,,,
Q133769,Q27921410,,,,,,,,,,,,,,,,,,,,,,,,,,,,,,,,,,,,,,,,,,,,,
Q133770,Q939149,,,,,,,,,,,,,,,,,,,,,,,,,,,27740,,,,,,,,,,,,,,,,,,
Q133771,Q17516300,,,,,,,,,,,,,,,,,,,,,,,,,,,,,,,,,,,,,,,,,,,,,
Q133772,Q894066,,,,,,,,,,,,,,,,,,,,,,,,,,,,,,,,,,,,,,,,,,,,,
Q133773,Q131674836,,,,,,,,,,,,,,,,,,,,,,,,,,,,,,,,,,,,,,,,,,,,,
Q133774,Q122152608,,,,,,,,,,,,,,,,,,,,,,,,,,,,,,,,,,,,,,,,,,,,,
Q133775,Q56255638,,,,,,,,,,,,,,,,,,,,,,,,,,,,,,,,,,,,,,,,,,,,,
Q133776,Q1781668,,,,,,,,,,,,,,,,,,,,,,,,,,,,,,,,,,,,,,,,,,,,,
Q133777,Q3562783,,,,,,,,,,,,,,,,,,,,,,,,,,,,,,,,,,,,,,,,,,,,,
Q133778,Q19828218,,,,,,,,,,,,,,,,,,,,,,,,,,,,,,,,,,,,,,,,,,,,,
Q133779,Q119285922,,,,,,,,,,,,,,,,,,,,,,,,,,,,,,,,,,,,,,,,,,,,,
Q133780,Q1088898,,,,,,,,,,,,,,,,,,,,,,,,,,,,,,,,,,,,,,,,,,,,,
Q133781,Q1782599,,,,,,,,,,,,,,,,,,,,,,,,,,,,,,,,,,,,,,,,,,,,,
Q133782,Q128612546,,,,,,,,,,,,,,,,,,,,,,,,,,,,,,,,,,,,,,,,,,,,,
Q133783,Q917417,,,,,,,,,,,,,,,,,,,,,,,,,,,,,,,,,,,,,,,,,,,,,
Q133784,Q754714,,,,,,,,,,,,,,,,,,,,,,,,,,,,,,,,,,,,,,,,,,,,,
Q133785,Q18816354,,,,,,,,,,,,,,,,,,,,,,,,,,,,,,,,,,,,,,,,,,,,,
Q133786,Q107392615,,,,,,,,,,,,,,,,,,,,,,,,,,,,,,,,,,,,,,,,,,,,,
Q133787,Q106322045,,,,,,,,,,,,,,,,,,,,,,,,,,,,,,,,,,,,,,,,,,,,,
Q133788,Q1738025,,,,,,,,,,,,,,,,,,,,,,,,,,,,,,,,,,,,,,,,,,,,,
Q133789,Q29654284,,,,,,,,,,,,,,,,,,,,,,,,,,,,,,,,,,,,,,,,,,,,,
Q133790,Q12875832,,,,,,,,,,,,,,,,,,,,,,,,,,,,,,,,,,,,,,,,,,,,,
Q133791,Q106779267,,,,,,,,,,,,,,,,,,,,,,,,,,,,,,,,,,,,,,,,,,,,,
Q133792,Q3610598,,,,,,,,,,,,,,,,,,,,,,,,,,,,,,,,,,,,,,,,,,,,,
Q133793,Q16332252,,,,,,,,,,,,,,,,,,,,,,,,,,,,,,,,,,,,,,,,,,,,,
Q133794,Q568768,,,,,,,,,,,,,,,,,,,,,,,,,,,,,,,,,,,,,,,,,,,,,
Q133795,Q5385947,,,,,,,,,,,,,,,,,,,,,,,,,,,,,,,,,,,,,,,,,,,,,
Q133796,Q208017,,,,,,,,,,,,,,,,,,,,,,,,,,,32451,,,,,,,,,,,,,,,,,,
Q133797,Q1088990,,,,,,,,,,,,,,,,,,,,,,,,,,,,,,,,,,,,,,,,,,,,,
Q133798,Q2409327,,,,,,,,,,,,,,,,,,,,,,,,,,,,,,,,,,,,,,,,,,,,,
Q133799,Q847005,,,,,,,,,,,,,,,,,,,,,,,,,,,153824,,,,,,,,,,,,,,,,,,
Q133800,Q3698712,,,,,,,,,,,,,,,,,,,,,,,,,,,,,,,,,,,,,,,,,,,,,
Q133801,Q3622209,,,,,,,,,,,,,,,,,,,,,,,,,,,,,,,,,,,,,,,,,,,,,
Q133802,Q5772732,,,,,,,,,,,,,,,,,,,,,,,,,,,,,,,,,,,,,,,,,,,,,
Q133803,Q5969992,,,,,,,,,,,,,,,,,,,,,,,,,,,,,,,,,,,,,,,,,,,,,
Q133804,Q3611817,,,,,,,,,,,,,,,,,,,,,,,,,,,,,,,,,,,,,,,,,,,,,
Q133805,Q18018199,,,,,,,,,,,,,,,,,,,,,,,,,,,,,,,,,,,,,,,,,,,,,
Q133806,Q2629041,,,,,,,,,,,,,,,,,,,,,,,,,,,,,,,,,,,,,,,,,,,,,
Q133807,Q38795854,,,,,,,,,,,,,,,,,,,,,,,,,,,,,,,,,,,,,,,,,,,,,
Q133808,Q1128881,,,,,,,,,,,,,,,,,,,,,,,,,,,423177,,,,,,,,,,,,,,,,,,
Q133809,Q11921099,,,,,,,,,,,,,,,,,,,,,,,,,,,,,,,,,,,,,,,,,,,,,
Q133810,Q3381167,,,,,,,,,,,,,,,,,,,,,,,,,,,,,,,,,,,,,,,,,,,,,
Q133811,Q186271,,,,,,,,,,,,,,,,,,,,,,,,,,,,,,,,,,,,,,,,,,,,,
Q133812,Q5066581,,,,,,,,,,,,,,,,,,,,,,,,,,,,,,,,,,,,,,,,,,,,,
Q133813,Q368157,,,,,,,,,,,,,,,,,,,,,,,,,,,,,,,,,,,,,,,,,,,,,
Q133814,Q762272,,,,,,,,,,,,,,,,,,,,,,,,,,,,,,,,,,,,,,,,,,,,,
Q133815,Q60186769,,,,,,,,,,,,,,,,,,,,,,,,,,,,,,,,,,,,,,,,,,,,,
Q133816,Q725286,,,,,,,,,,,,,,,,,,,,,,,,,,,,,,,,,,,,,,,,,,,,,
Q133817,Q3555024,,,,,,,,,,,,,,,,,,,,,,,,,,,,,,,,,,,,,,,,,,,,,
Q133818,Q7102883,,,,,,,,,,,,,,,,,,,,,,,,,,,,,,,,,,,,,,,,,,,,,
Q133819,Q1509662,,,,,,,,,,,,,,,,,,,,,,,,,,,,,,,,,,,,,,,,,,,,,
Q133820,Q4688387,,,,,,,,,,,,,,,,,,,,,,,,,,,,,,,,,,,,,,,,,,,,,
Q133821,Q2993260,,,,,,,,,,,,,,,,,,,,,,,,,,,,,,,,,,,,,,,,,,,,,
Q133822,Q122829898,,,,,,,,,,,,,,,,,,,,,,,,,,,,,,,,,,,,,,,,,,,,,
Q133823,Q3907292,,,,,,,,,,,,,,,,,,,,,,,,,,,,,,,,,,,,,,,,,,,,,
Q133824,Q26399341,,,,,,,,,,,,,,,,,,,,,,,,,,,,,,,,,,,,,,,,,,,,,
Q133825,Q15634657,,,,,,,,,,,,,,,,,,,,,,,,,,,,,,,,,,,,,,,,,,,,,
Q133826,Q15360381,,,,,,,,,,,,,,,,,,,,,,,,,,,,,,,,,,,,,,,,,,,,,
Q133827,Q12757138,,,,,,,,,,,,,,,,,,,,,,,,,,,,,,,,,,,,,,,,,,,,,
Q133828,Q668054,,,,,,,,,,,,,,,,,,,,,,,,,,,385095|156503,,,,,,,,,,,,,,,,,,
Q133829,Q12755124,,,,,,,,,,,,,,,,,,,,,,,,,,,,,,,,,,,,,,,,,,,,,
Q133830,Q58055171,,,,,,,,,,,,,,,,,,,,,,,,,,,,,,,,,,,,,,,,,,,,,
Q133831,Q519168,,,,,,,,,,,,,,,,,,,,,,,,,,,,,,,,,,,,,,,,,,,,,
Q133832,Q12760106,,,,,,,,,,,,,,,,,,,,,,,,,,,,,,,,,,,,,,,,,,,,,
Q133833,Q5597629,,,,,,,,,,,,,,,,,,,,,,,,,,,,,,,,,,,,,,,,,,,,,
Q133834,Q58893034,,,,,,,,,,,,,,,,,,,,,,,,,,,,,,,,,,,,,,,,,,,,,
Q133835,Q14602040,,,,,,,,,,,,,,,,,,,,,,,,,,,,,,,,,,,,,,,,,,,,,
Q133836,Q1378562,,,,,,,,,,,,,,,,,,,,,,,,,,,,,,,,,,,,,,,,,,,,,
Q133837,Q15905727,,,,,,,,,,,,,,,,,,,,,,,,,,,,,,,,,,,,,,,,,,,,,
Q133838,Q1378551,,,,,,,,,,,,,,,,,,,,,,,,,,,,,,,,,,,,,,,,,,,,,
Q133839,Q969168,,,,,,,,,,,,,,,,,,,,,,,,,,,,,,,,,,,,,,,,,,,,,
Q133840,Q4205397,,,,,,,,,,,,,,,,,,,,,,,,,,,,,,,,,,,,,,,,,,,,,
Q133841,Q2446962,,,,,,,,,,,,,,,,,,,,,,,,,,,,,,,,,,,,,,,,,,,,,
Q133842,Q1641030,,,,,,,,,,,,,,,,,,,,,,,,,,,,,,,,,,,,,,,,,,,,,
Q133843,Q42709250,,,,,,,,,,,,,,,,,,,,,,,,,,,,,,,,,,,,,,,,,,,,,
Q133844,Q11910913,,,,,,,,,,,,,,,,,,,,,,,,,,,,,,,,,,,,,,,,,,,,,
Q133845,Q17381947,,,,,,,,,,,,,,,,,,,,,,,,,,,,,,,,,,,,,,,,,,,,,
Q133846,Q30024297,,,,,,,,,,,,,,,,,,,,,,,,,,,,,,,,,,,,,,,,,,,,,
Q133847,Q1819543,,,,,,,,,,,,,,,,,,,,,,,,,,,,,,,,,,,,,,,,,,,,,
Q133848,Q3991786,,,,,,,,,,,,,,,,,,,,,,,,,,,,,,,,,,,,,,,,,,,,,
Q133849,Q16671639,,,,,,,,,,,,,,,,,,,,,,,,,,,,,,,,,,,,,,,,,,,,,
Q133850,Q11909453,,,,,,,,,,,,,,,,,,,,,,,,,,,,,,,,,,,,,,,,,,,,,
Q133851,Q1231743,,,,,,,,,,,,,,,,,,,,,,,,,,,,,,,,,,,,,,,,,,,,,
Q133852,Q1675360,,,,,,,,,,,,,,,,,,,,,,,,,,,,,,,,,,,,,,,,,,,,,
Q133853,Q108597160,,,,,,,,,,,,,,,,,,,,,,,,,,,,,,,,,,,,,,,,,,,,,
Q133854,Q29470201,,,,,,,,,,,,,,,,,,,,,,,,,,,,,,,,,,,,,,,,,,,,,
Q133855,Q12748550,,,,,,,,,,,,,,,,,,,,,,,,,,,,,,,,,,,,,,,,,,,,,
Q133856,Q1411680,,,,,,,,,,,,,,,,,,,,,,,,,,,,,,,,,,,,,,,,,,,,,
Q133857,Q1722780,,,,,,,,,,,,,,,,,,,,,,,,,,,,,,,,,,,,,,,,,,,,,
Q133858,Q406348,,,,,,,,,,,,,,,,,,,,,,,,,,,,,,,,,,,,,,,,,,,,,
Q133859,Q368994,,,,,,,,,,,,,,,,,,,,,,,,,,,,,,,,,,,,,,,,,,,,,
Q133860,Q3629742,,,,,,,,,,,,,,,,,,,,,,,,,,,,,,,,,,,,,,,,,,,,,
Q133861,Q390789,,,,,,,,,,,,,,,,,,,,,,,,,,,,,,,,,,,,,,,,,,,,,
Q133862,Q865111,,,,,,,,,,,,,,,,,,,,,,,,,,,,,,,,,,,,,,,,,,,,,
Q133863,Q3562019,,,,,,,,,,,,,,,,,,,,,,,,,,,406002,,,,,,,,,,,,,,,,,,
Q133864,Q58457360,,,,,,,,,,,,,,,,,,,,,,,,,,,,,,,,,,,,,,,,,,,,,
Q133865,Q1668454,,,,,,,,,,,,,,,,,,,,,,,,,,,,,,,,,,,,,,,,,,,,,
Q133866,Q27056217,,,,,,,,,,,,,,,,,,,,,,,,,,,,,,,,,,,,,,,,,,,,,
Q133867,Q134756,,,,,,,,,,,,,,,,,,,,,,,,,,,405993,,,,,,,,,,,,,,,,,,
Q133868,Q3889357,,,,,,,,,,,,,,,,,,,,,,,,,,,,,,,,,,,,,,,,,,,,,
Q133869,Q33195778,,,,,,,,,,,,,,,,,,,,,,,,,,,,,,,,,,,,,,,,,,,,,
Q133870,Q12286358,,,,,,,,,,,,,,,,,,,,,,,,,,,,,,,,,,,,,,,,,,,,,
Q133871,Q394171,,,,,,,,,,,,,,,,,,,,,,,,,,,,,,,,,,,,,,,,,,,,,
Q133872,Q1372119,,,,,,,,,,,,,,,,,,,,,,,,,,,,,,,,,,,,,,,,,,,,,
Q133873,Q15834136,,,,,,,,,,,,,,,,,,,,,,,,,,,,,,,,,,,,,,,,,,,,,
Q133874,Q3339693,,,,,,,,,,,,,,,,,,,,,,,,,,,,,,,,,,,,,,,,,,,,,
Q133875,Q16330076,,,,,,,,,,,,,,,,,,,,,,,,,,,,,,,,,,,,,,,,,,,,,
Q133876,Q12878574,,,,,,,,,,,,,,,,,,,,,,,,,,,,,,,,,,,,,,,,,,,,,
Q133877,Q12751527,,,,,,,,,,,,,,,,,,,,,,,,,,,,,,,,,,,,,,,,,,,,,
Q133878,Q28000730,,,,,,,,,,,,,,,,,,,,,,,,,,,,,,,,,,,,,,,,,,,,,
Q133879,Q12774686,,,,,,,,,,,,,,,,,,,,,,,,,,,,,,,,,,,,,,,,,,,,,
Q133880,Q21548714,,,,,,,,,,,,,,,,,,,,,,,,,,,,,,,,,,,,,,,,,,,,,
Q133881,Q55414783,,,,,,,,,,,,,,,,,,,,,,,,,,,,,,,,,,,,,,,,,,,,,
Q133882,Q55527383,,,,,,,,,,,,,,,,,,,,,,,,,,,,,,,,,,,,,,,,,,,,,
Q133883,Q55802221,,,,,,,,,,,,,,,,,,,,,,,,,,,,,,,,,,,,,,,,,,,,,
Q133884,Q57423967,,,,,,,,,,,,,,,,,,,,,,,,,,,,,,,,,,,,,,,,,,,,,
Q133885,Q58318702,,,,,,,,,,,,,,,,,,,,,,,,,,,,,,,,,,,,,,,,,,,,,
Q133886,Q60458339,,,,,,,,,,,,,,,,,,,,,,,,,,,,,,,,,,,,,,,,,,,,,
Q133887,Q60486876,,,,,,,,,,,,,,,,,,,,,,,,,,,,,,,,,,,,,,,,,,,,,
Q133888,Q60560721,,,,,,,,,,,,,,,,,,,,,,,,,,,,,,,,,,,,,,,,,,,,,
Q133889,Q60544892,,,,,,,,,,,,,,,,,,,,,,,,,,,,,,,,,,,,,,,,,,,,,
Q133890,Q60544275,,,,,,,,,,,,,,,,,,,,,,,,,,,,,,,,,,,,,,,,,,,,,
Q133891,Q60543538,,,,,,,,,,,,,,,,,,,,,,,,,,,,,,,,,,,,,,,,,,,,,
Q133892,Q60543084,,,,,,,,,,,,,,,,,,,,,,,,,,,,,,,,,,,,,,,,,,,,,
Q133893,Q60542508,,,,,,,,,,,,,,,,,,,,,,,,,,,,,,,,,,,,,,,,,,,,,
Q133894,Q60542184,,,,,,,,,,,,,,,,,,,,,,,,,,,,,,,,,,,,,,,,,,,,,
Q133895,Q60541627,,,,,,,,,,,,,,,,,,,,,,,,,,,,,,,,,,,,,,,,,,,,,
Q133896,Q60541213,,,,,,,,,,,,,,,,,,,,,,,,,,,,,,,,,,,,,,,,,,,,,
Q133897,Q60541162,,,,,,,,,,,,,,,,,,,,,,,,,,,,,,,,,,,,,,,,,,,,,
Q133898,Q63413025,,,,,,,,,,,,,,,,,,,,,,,,,,,,,,,,,,,,,,,,,,,,,
Q133899,Q107031014,,,,,,,,,,,,,,,,,,,,,,,,,,,,,,,,,,,,,,,,,,,,,
Q133900,Q107031138,,,,,,,,,,,,,,,,,,,,,,,,,,,,,,,,,,,,,,,,,,,,,
Q133901,Q107031162,,,,,,,,,,,,,,,,,,,,,,,,,,,,,,,,,,,,,,,,,,,,,
Q133902,Q107144073,,,,,,,,,,,,,,,,,,,,,,,,,,,,,,,,,,,,,,,,,,,,,
Q133903,Q107144089,,,,,,,,,,,,,,,,,,,,,,,,,,,,,,,,,,,,,,,,,,,,,
Q133904,Q107144068,,,,,,,,,,,,,,,,,,,,,,,,,,,,,,,,,,,,,,,,,,,,,
Q133905,Q107144081,,,,,,,,,,,,,,,,,,,,,,,,,,,,,,,,,,,,,,,,,,,,,
Q133906,Q118143603,,,,,,,,,,,,,,,,,,,,,,,,,,,,,,,,,,,,,,,,,,,,,
Q133907,Q120197424,,,,,,,,,,,,,,,,,,,,,,,,,,,,,,,,,,,,,,,,,,,,,
Q133908,Q107144074,,,,,,,,,,,,,,,,,,,,,,,,,,,,,,,,,,,,,,,,,,,,,
Q133909,Q107144058,,,,,,,,,,,,,,,,,,,,,,,,,,,,,,,,,,,,,,,,,,,,,
Q133910,Q107144062,,,,,,,,,,,,,,,,,,,,,,,,,,,,,,,,,,,,,,,,,,,,,
Q133911,Q107144067,,,,,,,,,,,,,,,,,,,,,,,,,,,,,,,,,,,,,,,,,,,,,
Q133912,Q107144071,,,,,,,,,,,,,,,,,,,,,,,,,,,,,,,,,,,,,,,,,,,,,
Q133913,Q107144072,,,,,,,,,,,,,,,,,,,,,,,,,,,,,,,,,,,,,,,,,,,,,
Q133914,Q107144078,,,,,,,,,,,,,,,,,,,,,,,,,,,,,,,,,,,,,,,,,,,,,
Q133915,Q107176172,,,,,,,,,,,,,,,,,,,,,,,,,,,,,,,,,,,,,,,,,,,,,
Q133916,Q118143548,,,,,,,,,,,,,,,,,,,,,,,,,,,,,,,,,,,,,,,,,,,,,
Q133917,Q118143570,,,,,,,,,,,,,,,,,,,,,,,,,,,,,,,,,,,,,,,,,,,,,
Q133918,Q124821879,,,,,,,,,,,,,,,,,,,,,,,,,,,,,,,,,,,,,,,,,,,,,
Q133919,Q125087467,,,,,,,,,,,,,,,,,,,,,,,,,,,,,,,,,,,,,,,,,,,,,
Q133920,Q132174834,,,,,,,,,,,,,,,,,,,,,,,,,,,,,,,,,,,,,,,,,,,,,
Q133921,Q2551733,,,,,,,,,,,,,,,,,,,,,,,,,,,,,,,,,,,,,,,,,,,,,
Q133922,Q3855596,,,,,,,,,,,,,,,,,,,,,,,,,,,,,,,,,,,,,,,,,,,,,
Q133923,Q13156677,,,,,,,,,,,,,,,,,,,,,,,,,,,,,,,,,,,,,,,,,,,,,
Q133924,Q638008,,,,,,,,,,,,,,,,,,,,,,,,,,,,,,,,,,,,,,,,,,,,,
Q133925,Q58700935,,,,,,,,,,,,,,,,,,,,,,,,,,,,,,,,,,,,,,,,,,,,,
Q133926,Q48078385,,,,,,,,,,,,,,,,,,,,,,,,,,,,,,,,,,,,,,,,,,,,,
Q133927,Q104845868,,,,,,,,,,,,,,,,,,,,,,,,,,,,,,,,,,,,,,,,,,,,,
Q133928,Q128903893,,,,,,,,,,,,,,,,,,,,,,,,,,,,,,,,,,,,,,,,,,,,,
Q133929,Q3140410,,,,,,,,,,,,,,,,,,,,,,,,,,,,,,,,,,,,,,,,,,,,,
Q133930,Q3144437,,,,,,,,,,,,,,,,,,,,,,,,,,,,,,,,,,,,,,,,,,,,,
Q133931,Q2446699,,,,,,,,,,,,,,,,,,,,,,,,,,,,,,,,,,,,,,,,,,,,,
Q133932,Q12882668,,,,,,,,,,,,,,,,,,,,,,,,,,,,,,,,,,,,,,,,,,,,,
Q133933,Q123116501,,,,,,,,,,,,,,,,,,,,,,,,,,,,,,,,,,,,,,,,,,,,,
Q133934,Q2394140,,,,,,,,,,,,,,,,,,,,,,,,,,,,,,,,,,,,,,,,,,,,,
Q133935,Q2623901,,,,,,,,,,,,,,,,,,,,,,,,,,,,,,,,,,,,,,,,,,,,,
Q133936,Q12879064,,,,,,,,,,,,,,,,,,,,,,,,,,,,,,,,,,,,,,,,,,,,,
Q133937,Q3924991,,,,,,,,,,,,,,,,,,,,,,,,,,,,,,,,,,,,,,,,,,,,,
Q133938,Q106405710,,,,,,,,,,,,,,,,,,,,,,,,,,,,,,,,,,,,,,,,,,,,,
Q133939,Q3609014,,,,,,,,,,,,,,,,,,,,,,,,,,,,,,,,,,,,,,,,,,,,,
Q133940,Q725527,,,,,,,,,,,,,,,,,,,,,,,,,,,,,,,,,,,,,,,,,,,,,
Q133941,Q4256655,,,,,,,,,,,,,,,,,,,,,,,,,,,,,,,,,,,,,,,,,,,,,
Q133942,Q29705010,,,,,,,,,,,,,,,,,,,,,,,,,,,,,,,,,,,,,,,,,,,,,
Q133943,Q305613,,,,,,,,,,,,,,,,,,,,,,,,,,,,,,,,,,,,,,,,,,,,,
Q133944,Q18642292,,,,,,,,,,,,,,,,,,,,,,,,,,,,,,,,,,,,,,,,,,,,,
Q133945,Q574828,,,,,,,,,,,,,,,,,,,,,,,,,,,,,,,,,,,,,,,,,,,,,
Q133946,Q59241276,,,,,,,,,,,,,,,,,,,,,,,,,,,,,,,,,,,,,,,,,,,,,
Q133947,Q3622436,,,,,,,,,,,,,,,,,,,,,,,,,,,,,,,,,,,,,,,,,,,,,
Q133948,Q853014,,,,,,,,,,,,,,,,,,,,,,,,,,,,,,,,,,,,,,,,,,,,,
Q133949,Q57438557,,,,,,,,,,,,,,,,,,,,,,,,,,,,,,,,,,,,,,,,,,,,,
Q133950,Q1801511,,,,,,,,,,,,,,,,,,,,,,,,,,,,,,,,,,,,,,,,,,,,,
Q133951,Q1784227,,,,,,,,,,,,,,,,,,,,,,,,,,,,,,,,,,,,,,,,,,,,,
Q133952,Q520551,,,,,,,,,,,,,,,,,,,,,,,,,,,,,,,,,,,,,,,,,,,,,
Q133953,Q1358973,,,,,,,,,,,,,,,,,,,,,,,,,,,156574,,,,,,,,,,,,,,,,,,
Q133954,Q10265000,,,,,,,,,,,,,,,,,,,,,,,,,,,,,,,,,,,,,,,,,,,,,
Q133955,Q2942951,,,,,,,,,,,,,,,,,,,,,,,,,,,,,,,,,,,,,,,,,,,,,
Q133956,Q4721376,,,,,,,,,,,,,,,,,,,,,,,,,,,,,,,,,,,,,,,,,,,,,
Q133957,Q1317369,,,,,,,,,,,,,,,,,,,,,,,,,,,,,,,,,,,,,,,,,,,,,
Q133958,Q122782820,,,,,,,,,,,,,,,,,,,,,,,,,,,,,,,,,,,,,,,,,,,,,
Q133959,Q43349849,,,,,,,,,,,,,,,,,,,,,,,,,,,,,,,,,,,,,,,,,,,,,
Q133960,Q3616362,,,,,,,,,,,,,,,,,,,,,,,,,,,,,,,,,,,,,,,,,,,,,
Q133961,Q8146057,,,,,,,,,,,,,,,,,,,,,,,,,,,,,,,,,,,,,,,,,,,,,
Q133962,Q3562344,,,,,,,,,,,,,,,,,,,,,,,,,,,,,,,,,,,,,,,,,,,,,
Q133963,Q12667161,,,,,,,,,,,,,,,,,,,,,,,,,,,,,,,,,,,,,,,,,,,,,
Q133964,Q105805848,,,,,,,,,,,,,,,,,,,,,,,,,,,,,,,,,,,,,,,,,,,,,
Q133965,Q110384638,,,,,,,,,,,,,,,,,,,,,,,,,,,,,,,,,,,,,,,,,,,,,
Q133966,Q12777065,,,,,,,,,,,,,,,,,,,,,,,,,,,,,,,,,,,,,,,,,,,,,
Q133967,Q3984506,,,,,,,,,,,,,,,,,,,,,,,,,,,,,,,,,,,,,,,,,,,,,
Q133968,Q1294873,,,,,,,,,,,,,,,,,,,,,,,,,,,,,,,,,,,,,,,,,,,,,
Q133969,Q390363,,,,,,,,,,,,,,,,,,,,,,,,,,,,,,,,,,,,,,,,,,,,,
Q133970,Q1546368,,,,,,,,,,,,,,,,,,,,,,,,,,,,,,,,,,,,,,,,,,,,,
Q133971,Q27926189,,,,,,,,,,,,,,,,,,,,,,,,,,,,,,,,,,,,,,,,,,,,,
Q133972,Q85803704,,,,,,,,,,,,,,,,,,,,,,,,,,,,,,,,,,,,,,,,,,,,,
Q133973,Q4741703,,,,,,,,,,,,,,,,,,,,,,,,,,,,,,,,,,,,,,,,,,,,,
Q133974,Q4687786,,,,,,,,,,,,,,,,,,,,,,,,,,,,,,,,,,,,,,,,,,,,,
Q133975,Q56046846,,,,,,,,,,,,,,,,,,,,,,,,,,,,,,,,,,,,,,,,,,,,,
Q133976,Q122981651,,,,,,,,,,,,,,,,,,,,,,,,,,,,,,,,,,,,,,,,,,,,,
Q133977,Q15782893,,,,,,,,,,,,,,,,,,,,,,,,,,,,,,,,,,,,,,,,,,,,,
Q133978,Q3298501,,,,,,,,,,,,,,,,,,,,,,,,,,,,,,,,,,,,,,,,,,,,,
Q133979,Q9951207,,,,,,,,,,,,,,,,,,,,,,,,,,,,,,,,,,,,,,,,,,,,,
Q133980,Q771366,,,,,,,,,,,,,,,,,,,,,,,,,,,,,,,,,,,,,,,,,,,,,
Q133981,Q12754463,,,,,,,,,,,,,,,,,,,,,,,,,,,,,,,,,,,,,,,,,,,,,
Q133982,Q12773129,,,,,,,,,,,,,,,,,,,,,,,,,,,,,,,,,,,,,,,,,,,,,
Q133983,Q5733665,,,,,,,,,,,,,,,,,,,,,,,,,,,,,,,,,,,,,,,,,,,,,
Q133984,Q1417142,,,,,,,,,,,,,,,,,,,,,,,,,,,,,,,,,,,,,,,,,,,,,
Q133985,Q419120,,,,,,,,,,,,,,,,,,,,,,,,,,,,,,,,,,,,,,,,,,,,,
Q133986,Q16737306,,,,,,,,,,,,,,,,,,,,,,,,,,,,,,,,,,,,,,,,,,,,,
Q133987,Q59219061,,,,,,,,,,,,,,,,,,,,,,,,,,,,,,,,,,,,,,,,,,,,,
Q133988,Q58693793,,,,,,,,,,,,,,,,,,,,,,,,,,,,,,,,,,,,,,,,,,,,,
Q133989,Q4424511,,,,,,,,,,,,,,,,,,,,,,,,,,,,,,,,,,,,,,,,,,,,,
Q133990,Q3874213,,,,,,,,,,,,,,,,,,,,,,,,,,,,,,,,,,,,,,,,,,,,,
Q133991,Q16329137,,,,,,,,,,,,,,,,,,,,,,,,,,,,,,,,,,,,,,,,,,,,,
Q133992,Q611124,,,,,,,,,,,,,,,,,,,,,,,,,,,,,,,,,,,,,,,,,,,,,
Q133993,Q29670538,,,,,,,,,,,,,,,,,,,,,,,,,,,,,,,,,,,,,,,,,,,,,
Q133994,Q794091,,,,,,,,,,,,,,,,,,,,,,,,,,,,,,,,,,,,,,,,,,,,,
Q133995,Q27977483,,,,,,,,,,,,,,,,,,,,,,,,,,,,,,,,,,,,,,,,,,,,,
Q133996,Q57843568,,,,,,,,,,,,,,,,,,,,,,,,,,,,,,,,,,,,,,,,,,,,,
Q133997,Q127782088,,,,,,,,,,,,,,,,,,,,,,,,,,,,,,,,,,,,,,,,,,,,,
Q133998,Q12882571,,,,,,,,,,,,,,,,,,,,,,,,,,,,,,,,,,,,,,,,,,,,,
Q133999,Q3705346,,,,,,,,,,,,,,,,,,,,,,,,,,,,,,,,,,,,,,,,,,,,,
Q134000,Q752330,,,,,,,,,,,,,,,,,,,,,,,,,,,,,,,,,,,,,,,,,,,,,
Q134001,Q116757536,,,,,,,,,,,,,,,,,,,,,,,,,,,,,,,,,,,,,,,,,,,,,
Q134002,Q14602056,,,,,,,,,,,,,,,,,,,,,,,,,,,,,,,,,,,,,,,,,,,,,
Q134003,Q14602065,,,,,,,,,,,,,,,,,,,,,,,,,,,,,,,,,,,,,,,,,,,,,
Q134004,Q394174,,,,,,,,,,,,,,,,,,,,,,,,,,,,,,,,,,,,,,,,,,,,,
Q134005,Q16327549,,,,,,,,,,,,,,,,,,,,,,,,,,,,,,,,,,,,,,,,,,,,,
Q134006,Q106406443,,,,,,,,,,,,,,,,,,,,,,,,,,,,,,,,,,,,,,,,,,,,,
Q134007,Q106411176,,,,,,,,,,,,,,,,,,,,,,,,,,,,,,,,,,,,,,,,,,,,,
Q134008,Q106411249,,,,,,,,,,,,,,,,,,,,,,,,,,,,,,,,,,,,,,,,,,,,,
Q134009,Q12880560,,,,,,,,,,,,,,,,,,,,,,,,,,,,,,,,,,,,,,,,,,,,,
Q134010,Q1646229,,,,,,,,,,,,,,,,,,,,,,,,,,,,,,,,,,,,,,,,,,,,,
Q134011,Q18026718,,,,,,,,,,,,,,,,,,,,,,,,,,,,,,,,,,,,,,,,,,,,,
Q134012,Q13053204,,,,,,,,,,,,,,,,,,,,,,,,,,,,,,,,,,,,,,,,,,,,,
Q134013,Q4068492,,,,,,,,,,,,,,,,,,,,,,,,,,,,,,,,,,,,,,,,,,,,,
Q134014,Q12871565,,,,,,,,,,,,,,,,,,,,,,,,,,,,,,,,,,,,,,,,,,,,,
Q134015,Q16376683,,,,,,,,,,,,,,,,,,,,,,,,,,,,,,,,,,,,,,,,,,,,,
Q134016,Q20578659,,,,,,,,,,,,,,,,,,,,,,,,,,,,,,,,,,,,,,,,,,,,,
Q134017,Q115750627,,,,,,,,,,,,,,,,,,,,,,,,,,,,,,,,,,,,,,,,,,,,,
Q134018,Q117054261,,,,,,,,,,,,,,,,,,,,,,,,,,,,,,,,,,,,,,,,,,,,,
Q134019,Q45090,,,,,,,,,,,,,,,,,,,,,,,,term/f37adbbb-0b2d-42a3-91ba-d1dac8c1bd7b|term/f3eed605-767c-4f0e-908f-63f243eb104d,,,361782|79376,,,,,,,,,,,,,,,,,,
Q134020,Q114681466,,,,,,,,,,,,,,,,,,,,,,,,,,,,,,,,,,,,,,,,,,,,,
Q134021,Q123159077,,,,,,,,,,,,,,,,,,,,,,,,,,,,,,,,,,,,,,,,,,,,,
Q134022,Q844433,,,,,,,,,,,,,,,,,,,,,,,,,,,32377|361714|335686,,,,,,,,,,,,,,,,,,
Q134023,Q96030784,,,,,,,,,,,,,,,,,,,,,,,,,,,,,,,,,,,,,,,,,,,,,
Q134024,Q2495184,,,,,,,,,,,,,,,,,,,,,,,,,,,32392,,,,,,,,,,,,,,,,,,
Q134025,Q5738168,,,,,,,,,,,,,,,,,,,,,,,,,,,,,,,,,,,,,,,,,p10266.htm#i102655,,,UNKNOWN-89352,
Q134026,Q3822612,,,,,,,,,,,,,,,,,,,,,,,,,,,,,,,,,,,,,,,,,,,,,
Q134027,Q1349003,,,,,,,,,,,,,,,,,,,,,,,,,,,,,,,,,,,,,,,,,,,,,
Q134028,Q1136019,,,,,,,,,,,,,,,,,,,,,,,,,,,,,,,,,,,,,,,,,,,,,
Q134029,Q582918,,,,,,,,,,,,,,,,,,,,,,,,,,,,,,,,,,,,,,,,,,,,,
Q134030,Q2875987,,,,,,,,,,,,,,,,,,,,,,,,,,,,,,,,,,,,,,,,,,,,,
Q134031,Q9143571,,,,,,,,,,,,,,,,,,,,,,,,,,,,,,,,,,,,,,,,,,,,,
Q134032,Q9143575,,,,,,,,,,,,,,,,,,,,,,,,,,,,,,,,,,,,,,,,,,,,,
Q134033,Q9143580,,,,,,,,,,,,,,,,,,,,,,,,,,,,,,,,,,,,,,,,,,,,,
Q134034,Q13058657,,,,,,,,,,,,,,,,,,,,,,,,,,,,,,,,,,,,,,,,,,,,,
Q134035,Q1280725,,,,,,,,,,,,,,,,,,,,,,,,,,,,,,,,,,,,,,,,,,,,,
Q134036,Q16328876,,,,,,,,,,,,,,,,,,,,,,,,,,,,,,,,,,,,,,,,,,,,,
Q134037,Q391091,,,,,,,,,,,,,,,,,,,,,,,,,,,,,,,,,,,,,,,,,,,,,
Q134038,Q2075786,,,,,,,,,,,,,,,,,,,,,,,,,,,,,,,,,,,,,,,,,,,,,
Q134039,Q107305829,,,,,,,,,,,,,,,,,,,,,,,,,,,,,,,,,,,,,,,,,,,,,
Q134040,Q60589123,,,,,,,,,,,,,,,,,,,,,,,,,,,,,,,,,,,,,,,,,,,,,
Q134041,Q15121256,,,,,,,,,,,,,,,,,,,,,,,,,,,,,,,,,,,,,,,,,,,,,
Q134042,Q2454536,,,,,,,,,,,,,,,,,,,,,,,,,,,,,,,,,,,,,,,,,,,,,
Q134043,Q994929,,,,,,,,,,,,,,,,,,,,,,,,,,,,,,,,,,,,,,,,,,,,,
Q134044,Q380923,,,,,,,,,,,,,,,,,,,,,,,,,,,87811,,,,,,,,,,,,,,,,,,
Q134045,Q32979104,,,,,,,,,,,,,,,,,,,,,,,,,,,,,,,,,,,,,,,,,,,,,
Q134046,Q599513,,,,,,,,,,,,,,,,,,,,,,,,,,,,,,,,,,,,,,,,,,,,,
Q134047,Q47652,,,,,,,,,,,,,,,,,,,,,,,,,,,,,,,,,,,,,,,,,,,,,
Q134048,Q12351562,,,,,,,,,,,,,,,,,,,,,,,,,,,,,,,,,,,,,,,,,,,,,
Q134049,Q618175,,,,,,,,,,,,,,,,,,,,,,,,,,,,,,,,,,,,,,,,,,,,,
Q134050,Q2980439,,,,,,,,,,,,,,,,,,,,,,,,,,,,,,,,,,,,,,,,,,,,,
Q134051,Q440422,,,,,,,,,,,,,,,,,,,,,,,,,,,,,,,,,,,,,,,,,,,,,
Q134052,Q12757019,,,,,,,,,,,,,,,,,,,,,,,,,,,,,,,,,,,,,,,,,,,,,
Q134053,Q1774144,,,,,,,,,,,,,,,,,,,,,,,,,,,,,,,,,,,,,,,,,,,,,
Q134054,Q570434,,,,,,,,,,,,,,,,,,,,,,,,,,,,,,,,,,,,,,,,,,,,,
Q134055,Q1943680,,,,,,,,,,,,,,,,,,,,,,,,,,,,,,,,,,,,,,,,,,,,,
Q134056,Q58852761,,,,,,,,,,,,,,,,,,,,,,,,,,,,,,,,,,,,,,,,,,,,,
Q134057,Q3608941,,,,,,,,,,,,,,,,,,,,,,,,,,,,,,,,,,,,,,,,,,,,,
Q134058,Q728851,,,,,,,,,,,,,,,,,,,,,,,,,,,,,,,,,,,,,,,,,,,,,
Q134059,Q12345268,,,,,,,,,,,,,,,,,,,,,,,,,,,,,,,,,,,,,,,,,,,,,
Q134060,Q734411,,,,,,,,,,,,,,,,,,,,,,,,,,,,,,,,,,,,,,,,,,,,,
Q134061,Q17575929,,,,,,,,,,,,,,,,,,,,,,,,,,,,,,,,,,,,,,,,,,,,,
Q134062,Q810744,,,,,,,,,,,,,,,,,,,,,,,,,,,,,,,,,,,,,,,,,,,,,
Q134063,Q85869629,,,,,,,,,,,,,,,,,,,,,,,,,,,,,,,,,,,,,,,,,,,,,
Q134064,Q59616973,,,,,,,,,,,,,,,,,,,,,,,,,,,,,,,,,,,,,,,,,,,,,
Q134065,Q65998275,,,,,,,,,,,,,,,,,,,,,,,,,,,,,,,,,,,,,,,,,,,,,
Q134066,Q342279,,,,,,,,,,,,,,,,,,,,,,,,,,,,,,,,,,,,,,,,,,,,,
Q134067,Q18410650,,,,,,,,,,,,,,,,,,,,,,,,,,,,,,,,,,,,,,,,,,,,,
Q134068,Q1271565,,,,,,,,,,,,,,,,,,,,,,,,,,,,,,,,,,,,,,,,,,,,,
Q134069,Q206214,,,,,,,,,,,,,,,,,,,,,,,,,,,,,,,,,,,,,,,,,,,,,
Q134070,Q488703,,,,,,,,,,,,,,,,,,,,,,,,,,,,,,,,,,,,,,,,,,,,,
Q134071,Q3899889,,,,,,,,,,,,,,,,,,,,,,,,,,,,,,,,,,,,,,,,,,,,,
Q134072,Q17395799,,,,,,,,,,,,,,,,,,,,,,,,,,,,,,,,,,,,,,,,,,,,,
Q134073,Q17395802,,,,,,,,,,,,,,,,,,,,,,,,,,,,,,,,,,,,,,,,,,,,,
Q134074,Q17395807,,,,,,,,,,,,,,,,,,,,,,,,,,,,,,,,,,,,,,,,,,,,,
Q134075,Q16087959,,,,,,,,,,,,,,,,,,,,,,,,,,,,,,,,,,,,,,,,,,,,,
Q134076,Q17375970,,,,,,,,,,,,,,,,,,,,,,,,,,,,,,,,,,,,,,,,,,,,,
Q134077,Q2335647,,,,,,,,,,,,,,,,,,,,,,,,,,,,,,,,,,,,,,,,,,,,,
Q134078,Q17375981,,,,,,,,,,,,,,,,,,,,,,,,,,,,,,,,,,,,,,,,,,,,,
Q134079,Q17375980,,,,,,,,,,,,,,,,,,,,,,,,,,,,,,,,,,,,,,,,,,,,,
Q134080,Q17395812,,,,,,,,,,,,,,,,,,,,,,,,,,,,,,,,,,,,,,,,,,,,,
Q134081,Q17416444,,,,,,,,,,,,,,,,,,,,,,,,,,,,,,,,,,,,,,,,,,,,,
Q134082,Q55281299,,,,,,,,,,,,,,,,,,,,,,,,,,,,,,,,,,,,,,,,,,,,,
Q134083,Q212087,,,,,,,,,,,,,,,,,,,,,,,,,,,423640,,,,,,,,,,,,,,,,,,
Q134084,Q11926420,,,,,,,,,,,,,,,,,,,,,,,,,,,,,,,,,,,,,,,,,,,,,
Q134085,Q3627547,,,,,,,,,,,,,,,,,,,,,,,,,,,,,,,,,,,,,,,,,,,,,
Q134086,Q4062501,,,,,,,,,,,,,,,,,,,,,,,,,,,,,,,,,,,,,,,,,,,,,
Q134087,Q126947503,,,,,,,,,,,,,,,,,,,,,,,,,,,,,,,,,,,,,,,,,,,,,
Q134088,Q21547854,,,,,,,,,,,,,,,,,,,,,,,,,,,,,,,,,,,,,,,,,,,,,
Q134089,Q1295435,,,,,,,,,,,,,,,,,,,,,,,,,,,,,,,,,,,,,,,,,,,,,
Q134090,Q878184,,,,,,,,,,,,,,,,,,,,,,,,,,,,,,,,,,,,,,,,,,,,,
Q134091,Q4461865,,,,,,,,,,,,,,,,,,,,,,,,,,,,,,,,,,,,,,,,,,,,,
Q134092,Q172725,,,,,,,,,,,,,,,,,,,,,,,,,,,,,,,,,,,,,,,,,,,,,
Q134093,Q975447,,,,,,,,,,,,,,,,,,,,,,,,,,,154255,,,,,,,,,,,,,,,,,,
Q134094,Q3381171,,,,,,,,,,,,,,,,,,,,,,,,,,,,,,,,,,,,,,,,,,,,,
Q134095,Q3907330,,,,,,,,,,,,,,,,,,,,,,,,,,,,,,,,,,,,,,,,,,,,,
Q134096,Q18629526,,,,,,,,,,,,,,,,,,,,,,,,,,,,,,,,,,,,,,,,,,,,,
Q134097,Q58299980,,,,,,,,,,,,,,,,,,,,,,,,,,,,,,,,,,,,,,,,,,,,,
Q134098,Q1784620,,,,,,,,,,,,,,,,,,,,,,,,,,,,,,,,,,,,,,,,,,,,,
Q134099,Q21548295,,,,,,,,,,,,,,,,,,,,,,,,,,,,,,,,,,,,,,,,,,,,,
Q134100,Q106923031,,,,,,,,,,,,,,,,,,,,,,,,,,,,,,,,,,,,,,,,,,,,,
Q134101,Q2872677,,,,,,,,,,,,,,,,,,,,,,,,,,,,,,,,,,,,,,,,,,,,,
Q134102,Q504076,,,,,,,,,,,,,,,,,,,,,,,,,,,,,,,,,,,,,,,,,,,,,
Q134103,Q732066,,,,,,,,,,,,,,,,,,,,,,,,,,,,,,,,,,,,,,,,,,,,,
Q134104,Q2393201,,,,,,,,,,,,,,,,,,,,,,,,,,,,,,,,,,,,,,,,,,,,,
Q134105,Q7181590,,,,,,,,,,,,,,,,,,,,,,,,,,,,,,,,,,,,,,,,,,,,,
Q134106,Q744147,,,,,,,,,,,,,,,,,,,,,,,,,,,286791,,,,,,,,,,,,,,,,,,
Q134107,Q329690,,,,,,,,,,,,,,,,,,,,,,,,,,,,,,,,,,,,,,,,,,,,,
Q134108,Q17516397,,,,,,,,,,,,,,,,,,,,,,,,,,,,,,,,,,,,,,,,,,,,,
Q134109,Q48774282,,,,,,,,,,,,,,,,,,,,,,,,,,,,,,,,,,,,,,,,,,,,,
Q134110,Q1431067,,,,,,,,,,,,,,,,,,,,,,,,,,,,,,,,,,,,,,,,,,,,,
Q134111,Q16567939,,,,,,,,,,,,,,,,,,,,,,,,,,,,,,,,,,,,,,,,,,,,,
Q134112,Q760213,,,,,,,,,,,,,,,,,,,,,,,,,,,,,,,,,,,,,,,,,,,,,
Q134113,Q5752987,,,,,,,,,,,,,,,,,,,,,,,,,,,,,,,,,,,,,,,,,,,,,
Q134114,Q3622437,,,,,,,,,,,,,,,,,,,,,,,,,,,,,,,,,,,,,,,,,,,,,
Q134115,Q1056143,,,,,,,,,,,,,,,,,,,,,,,,,,,,,,,,,,,,,,,,,,,,,
Q134116,Q1194399,,,,,,,,,,,,,,,,,,,,,,,,,,,,,,,,,,,,,,,,,,,,,
Q134117,Q4741707,,,,,,,,,,,,,,,,,,,,,,,,,,,,,,,,,,,,,,,,,,,,,
Q134118,Q2148266,,,,,,,,,,,,,,,,,,,,,,,,,,,,,,,,,,,,,,,,,,,,,
Q134119,Q44420027,,,,,,,,,,,,,,,,,,,,,,,,,,,,,,,,,,,,,,,,,,,,,
Q134120,Q3744924,,,,,,,,,,,,,,,,,,,,,,,,,,,,,,,,,,,,,,,,,,,,,
Q134121,Q4067134,,,,,,,,,,,,,,,,,,,,,,,,,,,,,,,,,,,,,,,,,,,,,
Q134122,Q2085442,,,,,,,,,,,,,,,,,,,,,,,,,,,,,,,,,,,,,,,,,,,,,
Q134123,Q16329951,,,,,,,,,,,,,,,,,,,,,,,,,,,,,,,,,,,,,,,,,,,,,
Q134124,Q111019958,,,,,,,,,,,,,,,,,,,,,,,,,,,,,,,,,,,,,,,,,,,,,
Q134125,Q22965401,,,,,,,,,,,,,,,,,,,,,,,,,,,,,,,,,,,,,,,,,,,,,
Q134126,Q22965487,,,,,,,,,,,,,,,,,,,,,,,,,,,,,,,,,,,,,,,,,,,,,
Q134127,Q10399416,,,,,,,,,,,,,,,,,,,,,,,,,,,,,,,,,,,,,,,,,,,,,
Q134128,Q11813034,,,,,,,,,,,,,,,,,,,,,,,,,,,,,,,,,,,,,,,,,,,,,
Q134129,Q106779439,,,,,,,,,,,,,,,,,,,,,,,,,,,,,,,,,,,,,,,,,,,,,
Q134130,Q115795580,,,,,,,,,,,,,,,,,,,,,,,,,,,,,,,,,,,,,,,,,,,,,
Q134131,Q3268516,,,,,,,,,,,,,,,,,,,,,,,,,,,,,,,,,,,,,,,,,,,,,
Q134132,Q1428276,,,,,,,,,,,,,,,,,,,,,,,,,,,,,,,,,,,,,,,,,,,,,
Q134133,Q116482987,,,,,,,,,,,,,,,,,,,,,,,,,,,,,,,,,,,,,,,,,,,,,
Q134134,Q8470507,,,,,,,,,,,,,,,,,,,,,,,,,,,,,,,,,,,,,,,,,,,,,
Q134135,Q106584309,,,,,,,,,,,,,,,,,,,,,,,,,,,,,,,,,,,,,,,,,,,,,
Q134136,Q775176,,,,,,,,,,,,,,,,,,,,,,,,,,,,,,,,,,,,,,,,,,,,,
Q134137,Q406434,,,,,,,,,,,,,,,,,,,,,,,,,,,,,,,,,,,,,,,,,,,,,
Q134138,Q2479189,,,,,,,,,,,,,,,,,,,,,,,,,,,,,,,,,,,,,,,,,,,,,
Q134139,Q3899772,,,,,,,,,,,,,,,,,,,,,,,,,,,,,,,,,,,,,,,,,,,,,
Q134140,Q59200471,,,,,,,,,,,,,,,,,,,,,,,,,,,,,,,,,,,,,,,,,,,,,
Q134141,Q52791788,,,,,,,,,,,,,,,,,,,,,,,,,,,,,,,,,,,,,,,,,,,,,
Q134142,Q368423,,,,,,,,,,,,,,,,,,,,,,,,,,,156579,,,,,,,,,,,,,,,,,,
Q134143,Q106462936,,,,,,,,,,,,,,,,,,,,,,,,,,,,,,,,,,,,,,,,,,,,,
Q134144,Q16559355,,,,,,,,,,,,,,,,,,,,,,,,,,,,,,,,,,,,,,,,,,,,,
Q134145,Q197028,,,,,,,,,,,,,,,,,,,,,,,,,,,,,,,,,,,,,,,,,,,,,
Q134146,Q16328670,,,,,,,,,,,,,,,,,,,,,,,,,,,,,,,,,,,,,,,,,,,,,
Q134147,Q65120973,,,,,,,,,,,,,,,,,,,,,,,,,,,,,,,,,,,,,,,,,,,,,
Q134148,Q135482356,,,,,,,,,,,,,,,,,,,,,,,,,,,,,,,,,,,,,,,,,,,,,
Q134149,Q1373650,,,,,,,,,,,,,,,,,,,,,,,,,,,,,,,,,,,,,,,,,,,,,
Q134150,Q12762435,,,,,,,,,,,,,,,,,,,,,,,,,,,,,,,,,,,,,,,,,,,,,
Q134151,Q3603901,,,,,,,,,,,,,,,,,,,,,,,,,,,,,,,,,,,,,,,,,,,,,
Q134152,Q57208774,,,,,,,,,,,,,,,,,,,,,,,,,,,,,,,,,,,,,,,,,,,,,
Q134153,Q57387435,,,,,,,,,,,,,,,,,,,,,,,,,,,,,,,,,,,,,,,,,,,,,
Q134154,Q57521382,,,,,,,,,,,,,,,,,,,,,,,,,,,,,,,,,,,,,,,,,,,,,
Q134155,Q58457726,,,,,,,,,,,,,,,,,,,,,,,,,,,,,,,,,,,,,,,,,,,,,
Q134156,Q60193693,,,,,,,,,,,,,,,,,,,,,,,,,,,,,,,,,,,,,,,,,,,,,
Q134157,Q56162605,,,,,,,,,,,,,,,,,,,,,,,,,,,,,,,,,,,,,,,,,,,,,
Q134158,Q29788497,,,,,,,,,,,,,,,,,,,,,,,,,,,,,,,,,,,,,,,,,,,,,
Q134159,Q7086722,,,,,,,,,,,,,,,,,,,,,,,,,,,,,,,,,,,,,,,,,,,,,
Q134160,Q122964728,,,,,,,,,,,,,,,,,,,,,,,,,,,,,,,,,,,,,,,,,,,,,
Q134161,Q2112872,,,,,,,,,,,,,,,,,,,,,,,,,,,,,,,,,,,,,,,,,,,,,
Q134162,Q12748334,,,,,,,,,,,,,,,,,,,,,,,,,,,,,,,,,,,,,,,,,,,,,
Q134163,Q21548292,,,,,,,,,,,,,,,,,,,,,,,,,,,,,,,,,,,,,,,,,,,,,
Q134164,Q123333787,,,,,,,,,,,,,,,,,,,,,,,,,,,,,,,,,,,,,,,,,,,,,
Q134165,Q3565937,,,,,,,,,,,,,,,,,,,,,,,,,,,,,,,,,,,,,,,,,,,,,
Q134166,Q12878717,,,,,,,,,,,,,,,,,,,,,,,,,,,,,,,,,,,,,,,,,,,,,
Q134167,Q12765189,,,,,,,,,,,,,,,,,,,,,,,,,,,,,,,,,,,,,,,,,,,,,
Q134168,Q394159,,,,,,,,,,,,,,,,,,,,,,,,,,,,,,,,,,,,,,,,,,,,,
Q134169,Q855509,,,,,,,,,,,,,,,,,,,,,,,,,,,385096,,,,,,,,,,,,,,,,,,
Q134170,Q602258,,,,,,,,,,,,,,,,,,,,,,,,,,,156506,,,,,,,,,,,,,,,,,,
Q134171,Q192109,,,,,,,,,,,,,,,,,,,,,,,,,,,,,,,,,,,,,,,,,,,,,
Q134172,Q11906117,,,,,,,,,,,,,,,,,,,,,,,,,,,,,,,,,,,,,,,,,,,,,
Q134173,Q10273658,,,,,,,,,,,,,,,,,,,,,,,,,,,,,,,,,,,,,,,,,,,,,
Q134174,Q4056685,,,,,,,,,,,,,,,,,,,,,,,,,,,,,,,,,,,,,,,,,,,,,
Q134175,Q474917,,,,,,,,,,,,,,,,,,,,,,,,,,,,,,,,,,,,,,,,,,,,,
Q134176,Q1378452,,,,,,,,,,,,,,,,,,,,,,,,,,,,,,,,,,,,,,,,,,,,,
Q134177,Q488626,,,,,,,,,,,,,,,,,,,,,,,,,,,,,,,,,,,,,,,,,,,,,
Q134178,Q577552,,,,,,,,,,,,,,,,,,,,,,,,,,,,,,,,,,,,,,,,,,,,,
Q134179,Q956906,,,,,,,,,,,,,,,,,,,,,,,,,,,,,,,,,,,,,,,,,,,,,
Q134180,Q1766777,,,,,,,,,,,,,,,,,,,,,,,,,,,,,,,,,,,,,,,,,,,,,
Q134181,Q1760397,,,,,,,,,,,,,,,,,,,,,,,,,,,,,,,,,,,,,,,,,,,,,
Q134182,Q1748027,,,,,,,,,,,,,,,,,,,,,,,,,,,,,,,,,,,,,,,,,,,,,
Q134183,Q1280297,,,,,,,,,,,,,,,,,,,,,,,,,,,,,,,,,,,,,,,,,,,,,
Q134184,Q999531,,,,,,,,,,,,,,,,,,,,,,,,,,,,,,,,,,,,,,,,,,,,,
Q134185,Q643509,,,,,,,,,,,,,,,,,,,,,,,,,,,,,,,,,,,,,,,,,,,,,
Q134186,Q643503,,,,,,,,,,,,,,,,,,,,,,,,,,,,,,,,,,,,,,,,,,,,,
Q134187,Q3830288,,,,,,,,,,,,,,,,,,,,,,,,,,,,,,,,,,,,,,,,,,,,,
Q134188,Q3622125,,,,,,,,,,,,,,,,,,,,,,,,,,,,,,,,,,,,,,,,,,,,,
Q134189,Q7289051,,,,,,,,,,,,,,,,,,,,,,,,,,,,,,,,,,,,,,,,,,,,,
Q134190,Q2069420,,,,,,,,,,,,,,,,,,,,,,,,,,,,,,,,,,,,,,,,,,,,,
Q134191,Q754476,,,,,,,,,,,,,,,,,,,,,,,,,,,,,,,,,,,,,,,,,,,,,
Q134192,Q15713724,,,,,,,,,,,,,,,,,,,,,,,,,,,,,,,,,,,,,,,,,,,,,
Q134193,Q17521118,,,,,,,,,,,,,,,,,,,,,,,,,,,,,,,,,,,,,,,,,,,,,
Q134194,Q1686620,,,,,,,,,,,,,,,,,,,,,,,,,,,,,,,,,,,,,,,,,,,,,
Q134195,Q21867003,,,,,,,,,,,,,,,,,,,,,,,,,,,,,,,,,,,,,,,,,,,,,
Q134196,Q1415180,,,,,,,,,,,,,,,,,,,,,,,,,,,,,,,,,,,,,,,,,,,,,
Q134197,Q1972016,,,,,,,,,,,,,,,,,,,,,,,,,,,,,,,,,,,,,,,,,,,,,
Q134198,Q6038851,,,,,,,,,,,,,,,,,,,,,,,,,,,,,,,,,,,,,,,,,,,,,
Q134199,Q65118729,,,,,,,,,,,,,,,,,,,,,,,,,,,,,,,,,,,,,,,,,,,,,
Q134200,Q3781309,,,,,,,,,,,,,,,,,,,,,,,,,,,,,,,,,,,,,,,,,,,,,
Q134201,Q106595231,,,,,,,,,,,,,,,,,,,,,,,,,,,,,,,,,,,,,,,,,,,,,
Q134202,Q639755,,,,,,,,,,,,,,,,,,,,,,,,,,,,,,,,,,,,,,,,,,,,,
Q134203,Q17639619,,,,,,,,,,,,,,,,,,,,,,,,,,,,,,,,,,,,,,,,,,,,,
Q134204,Q16328136,,,,,,,,,,,,,,,,,,,,,,,,,,,,,,,,,,,,,,,,,,,,,
Q134205,Q1144291,,,,,,,,,,,,,,,,,,,,,,,,,,,,,,,,,,,,,,,,,,,,,
Q134206,Q56634359,,,,,,,,,,,,,,,,,,,,,,,,,,,,,,,,,,,,,,,,,,,,,
Q134207,Q9336298,,,,,,,,,,,,,,,,,,,,,,,,,,,,,,,,,,,,,,,,,,,,,
Q134208,Q37945070,,,,,,,,,,,,,,,,,,,,,,,,,,,,,,,,,,,,,,,,,,,,,
Q134209,Q37945081,,,,,,,,,,,,,,,,,,,,,,,,,,,,,,,,,,,,,,,,,,,,,
Q134210,Q17622158,,,,,,,,,,,,,,,,,,,,,,,,,,,,,,,,,,,,,,,,,,,,,
Q134211,Q1328257,,,,,,,,,,,,,,,,,,,,,,,,,,,,,,,,,,,,,,,,,,,,,
Q134212,Q17277178,,,,,,,,,,,,,,,,,,,,,,,,,,,,,,,,,,,,,,,,,,,,,
Q134213,Q3655814,,,,,,,,,,,,,,,,,,,,,,,,,,,,,,,,,,,,,,,,,,,,,
Q134214,Q1640709,,,,,,,,,,,,,,,,,,,,,,,,,,,,,,,,,,,,,,,,,,,,,
Q134215,Q12873400,,,,,,,,,,,,,,,,,,,,,,,,,,,,,,,,,,,,,,,,,,,,,
Q134216,Q57027573,,,,,,,,,,,,,,,,,,,,,,,,,,,,,,,,,,,,,,,,,,,,,
Q134217,Q38356,,,,,,,,,,,,,,,,,,,,,,,,,,,,,,,,,,,,,,,,,,,,,
Q134218,Q1554419,,,,,,,,,,,,,,,,,,,,,,,,,,,,,,,,,,,,,,,,,,,,,
Q134219,Q3801670,,,,,,,,,,,,,,,,,,,,,,,,,,,,,,,,,,,,,,,,,,,,,
Q134220,Q1075260,,,,,,,,,,,,,,,,,,,,,,,,,,,,,,,,,,,,,,,,,,,,,
Q134221,Q126901874,,,,,,,,,,,,,,,,,,,,,,,,,,,,,,,,,,,,,,,,,,,,,
Q134222,Q1404904,,,,,,,,,,,,,,,,,,,,,,,,,,,,,,,,,,,,,,,,,,,,,
Q134223,Q13375989,,,,,,,,,,,,,,,,,,,,,,,,,,,,,,,,,,,,,,,,,,,,,
Q134224,Q7832603,,,,,,,,,,,,,,,,,,,,,,,,,,,,,,,,,,,,,,,,,,,,,
Q134225,Q6070954,,,,,,,,,,,,,,,,,,,,,,,,,,,,,,,,,,,,,,,,,,,,,
Q134226,Q2627407,,,,,,,,,,,,,,,,,,,,,,,,,,,,,,,,,,,,,,,,,,,,,
Q134227,Q1456409,,,,,,,,,,,,,,,,,,,,,,,,,,,,,,,,,,,,,,,,,,,,,
Q134228,Q18642291,,,,,,,,,,,,,,,,,,,,,,,,,,,,,,,,,,,,,,,,,,,,,
Q134229,Q1081453,,,,,,,,,,,,,,,,,,,,,,,,,,,,,,,,,,,,,,,,,,,,,
Q134230,Q1660879,,,,,,,,,,,,,,,,,,,,,,,,,,,,,,,,,,,,,,,,,,,,,
Q134231,Q17395798,,,,,,,,,,,,,,,,,,,,,,,,,,,,,,,,,,,,,,,,,,,,,
Q134232,Q1087715,,,,,,,,,,,,,,,,,,,,,,,,,,,,,,,,,,,,,,,,,,,,,
Q134233,Q17416449,,,,,,,,,,,,,,,,,,,,,,,,,,,,,,,,,,,,,,,,,,,,,
Q134234,Q1924576,,,,,,,,,,,,,,,,,,,,,,,,,,,,,,,,,,,,,,,,,,,,,
Q134235,Q17416446,,,,,,,,,,,,,,,,,,,,,,,,,,,,,,,,,,,,,,,,,,,,,
Q134236,Q1372305,,,,,,,,,,,,,,,,,,,,,,,,,,,,,,,,,,,,,,,,,,,,,
Q134237,Q110289833,,,,,,,,,,,,,,,,,,,,,,,,,,,,,,,,,,,,,,,,,,,,,
Q134238,Q12879143,,,,,,,,,,,,,,,,,,,,,,,,,,,,,,,,,,,,,,,,,,,,,
Q134239,Q107315501,,,,,,,,,,,,,,,,,,,,,,,,,,,,,,,,,,,,,,,,,,,,,
Q134240,Q134291876,,,,,,,,,,,,,,,,,,,,,,,,,,,,,,,,,,,,,,,,,,,,,
Q134241,Q3706015,,,,,,,,,,,,,,,,,,,,,,,,,,,,,,,,,,,,,,,,,,,,,
Q134242,Q58032732,,,,,,,,,,,,,,,,,,,,,,,,,,,,,,,,,,,,,,,,,,,,,
Q134243,Q1158737,,,,,,,,,,,,,,,,,,,,,,,,,,,,,,,,,,,,,,,,,,,,,
Q134244,Q5696179,,,,,,,,,,,,,,,,,,,,,,,,,,,,,,,,,,,,,,,,,,,,,
Q134245,Q403401,,,,,,,,,,,,,,,,,,,,,,,,,,,,,,,,,,,,,,,,,,,,,
Q134246,Q122983331,,,,,,,,,,,,,,,,,,,,,,,,,,,,,,,,,,,,,,,,,,,,,
Q134247,Q3043279,,,,,,,,,,,,,,,,,,,,,,,,,,,,,,,,,,,,,,,,,,,,,
Q134248,Q103790,,,,,,,,,,,,,,,,,,,,,,,,,,,,,,,,,,,,,,,,,,,,,
Q134249,Q654257,,,,,,,,,,,,,,,,,,,,,,,,,,,,,,,,,,,,,,,,,,,,,
Q134250,Q133842754,,,,,,,,,,,,,,,,,,,,,,,,,,,,,,,,,,,,,,,,,,,,,
Q134251,Q3907401,,,,,,,,,,,,,,,,,,,,,,,,,,,,,,,,,,,,,,,,,,,,,
Q134252,Q15870579,,,,,,,,,,,,,,,,,,,,,,,,,,,,,,,,,,,,,,,,,,,,,
Q134253,Q2300199,,,,,,,,,,,,,,,,,,,,,,,,,,,,,,,,,,,,,,,,,,,,,
Q134254,Q15808903,,,,,,,,,,,,,,,,,,,,,,,,,,,,,,,,,,,,,,,,,,,,,
Q134255,Q582177,,,,,,,,,,,,,,,,,,,,,,,,,,,,,,,,,,,,,,,,,,,,,
Q134256,Q648537,,,,,,,,,,,,,,,,,,,,,,,,,,,,,,,,,,,,,,,,,,,,,
Q134257,Q754686,,,,,,,,,,,,,,,,,,,,,,,,,,,,,,,,,,,,,,,,,,,,,
Q134258,Q3625035,,,,,,,,,,,,,,,,,,,,,,,,,,,1302043,,,,,,,,,,,,,,,,,,
Q134259,Q110469170,,,,,,,,,,,,,,,,,,,,,,,,,,,,,,,,,,,,,,,,,,,,,
Q134260,Q1780711,,,,,,,,,,,,,,,,,,,,,,,,,,,,,,,,,,,,,,,,,,,,,
Q134261,Q1787622,,,,,,,,,,,,,,,,,,,,,,,,,,,,,,,,,,,,,,,,,,,,,
Q134262,Q5864024,,,,,,,,,,,,,,,,,,,,,,,,,,,,,,,,,,,,,,,,,,,,,
Q134263,Q837699,,,,,,,,,,,,,,,,,,,,,,,,,,,,,,,,,,,,,,,,,,,,,
Q134264,Q2633166,,,,,,,,,,,,,,,,,,,,,,,,,,,,,,,,,,,,,,,,,,,,,
Q134265,Q3028716,,,,,,,,,,,,,,,,,,,,,,,,,,,,,,,,,,,,,,,,,,,,,
Q134266,Q871361,,,,,,,,,,,,,,,,,,,,,,,,,,,393952,,,,,,,,,,,,,,,,,,
Q134267,Q1206572,,,,,,,,,,,,,,,,,,,,,,,,,,,,,,,,,,,,,,,,,,,,,
Q134268,Q500739,,,,,,,,,,,,,,,,,,,,,,,,,,,,,,,,,,,,,,,,,,,,,
Q134269,Q491615,,,,,,,,,,,,,,,,,,,,,,,,,,,,,,,,,,,,,,,,,,,,,
Q134270,Q11925672,,,,,,,,,,,,,,,,,,,,,,,,,,,,,,,,,,,,,,,,,,,,,
Q134271,Q746198,,,,,,,,,,,,,,,,,,,,,,,,,,,,,,,,,,,,,,,,,,,,,
Q134272,Q57391922,,,,,,,,,,,,,,,,,,,,,,,,,,,,,,,,,,,,,,,,,,,,,
Q134273,Q928411,,,,,,,,,,,,,,,,,,,,,,,,,,,,,,,,,,,,,,,,,,,,,
Q134274,Q4347884,,,,,,,,,,,,,,,,,,,,,,,,,,,,,,,,,,,,,,,,,,,,,
Q134275,Q3332931,,,,,,,,,,,,,,,,,,,,,,,,,,,,,,,,,,,,,,,,,,,,,
Q134276,Q18018814,,,,,,,,,,,,,,,,,,,,,,,,,,,,,,,,,,,,,,,,,,,,,
Q134277,Q55857733,,,,,,,,,,,,,,,,,,,,,,,,,,,,,,,,,,,,,,,,,,,,,
Q134278,Q61060088,,,,,,,,,,,,,,,,,,,,,,,,,,,,,,,,,,,,,,,,,,,,,
Q134279,Q1336476,,,,,,,,,,,,,,,,,,,,,,,,,,,,,,,,,,,,,,,,,,,,,
Q134280,Q494886,,,,,,,,,,,,,,,,,,,,,,,,,,,,,,,,,,,,,,,,,,,,,
Q134281,Q3332707,,,,,,,,,,,,,,,,,,,,,,,,,,,,,,,,,,,,,,,,,,,,,
Q134282,Q1431607,,,,,,,,,,,,,,,,,,,,,,,,,,,,,,,,,,,,,,,,,,,,,
Q134283,Q212091,,,,,,,,,,,,,,,,,,,,,,,,,,,,,,,,,,,,,,,,,,,,,
Q134284,Q12879535,,,,,,,,,,,,,,,,,,,,,,,,,,,,,,,,,,,,,,,,,,,,,
Q134285,Q515531,,,,,,,,,,,,,,,,,,,,,,,,,,,,,,,,,,,,,,,,,,,,,
Q134286,Q1421896,,,,,,,,,,,,,,,,,,,,,,,,,,,,,,,,,,,,,,,,,,,,,
Q134287,Q752340,,,,,,,,,,,,,,,,,,,,,,,,,,,,,,,,,,,,,,,,,,,,,
Q134288,Q105773029,,,,,,,,,,,,,,,,,,,,,,,,,,,,,,,,,,,,,,,,,,,,,
Q134289,Q1801762,,,,,,,,,,,,,,,,,,,,,,,,,,,,,,,,,,,,,,,,,,,,,
Q134290,Q2622614,,,,,,,,,,,,,,,,,,,,,,,,,,,,,,,,,,,,,,,,,,,,,
Q134291,Q2362553,,,,,,,,,,,,,,,,,,,,,,,,,,,,,,,,,,,,,,,,,,,,,
Q134292,Q2097787,,,,,,,,,,,,,,,,,,,,,,,,,,,,,,,,,,,,,,,,,,,,,
Q134293,Q21040931,,,,,,,,,,,,,,,,,,,,,,,,,,,,,,,,,,,,,,,,,,,,,
Q134294,Q20850881,,,,,,,,,,,,,,,,,,,,,,,,,,,,,,,,,,,,,,,,,,,,,
Q134295,Q20190341,,,,,,,,,,,,,,,,,,,,,,,,,,,,,,,,,,,,,,,,,,,,,
Q134296,Q20190389,,,,,,,,,,,,,,,,,,,,,,,,,,,,,,,,,,,,,,,,,,,,,
Q134297,Q20190400,,,,,,,,,,,,,,,,,,,,,,,,,,,,,,,,,,,,,,,,,,,,,
Q134298,Q20190422,,,,,,,,,,,,,,,,,,,,,,,,,,,,,,,,,,,,,,,,,,,,,
Q134299,Q20190434,,,,,,,,,,,,,,,,,,,,,,,,,,,,,,,,,,,,,,,,,,,,,
Q134300,Q42709229,,,,,,,,,,,,,,,,,,,,,,,,,,,,,,,,,,,,,,,,,,,,,
Q134301,Q15206082,,,,,,,,,,,,,,,,,,,,,,,,,,,,,,,,,,,,,,,,,,,,,
Q134302,Q15206125,,,,,,,,,,,,,,,,,,,,,,,,,,,,,,,,,,,,,,,,,,,,,
Q134303,Q15206133,,,,,,,,,,,,,,,,,,,,,,,,,,,,,,,,,,,,,,,,,,,,,
Q134304,Q107389778,,,,,,,,,,,,,,,,,,,,,,,,,,,,,,,,,,,,,,,,,,,,,
Q134305,Q993387,,,,,,,,,,,,,,,,,,,,,,,,,,,,,,,,,,,,,,,,,,,,,
Q134306,Q1029600,,,,,,,,,,,,,,,,,,,,,,,,,,,,,,,,,,,,,,,,,,,,,
Q134307,Q3650858,,,,,,,,,,,,,,,,,,,,,,,,,,,,,,,,,,,,,,,,,,,,,
Q134308,Q118645506,,,,,,,,,,,,,,,,,,,,,,,,,,,,,,,,,,,,,,,,,,,,,
Q134309,Q171239,,,,,,,,,,,,,,,,,,,,,,,,,,,,,,,,,,,,,,,,,,,,,
Q134310,Q748578,,,,,,,,,,,,,,,,,,,,,,,,,,,,,,,,,,,,,,,,,,,,,
Q134311,Q2421660,,,,,,,,,,,,,,,,,,,,,,,,,,,,,,,,,,,,,,,,,,,,,
Q134312,Q1224032,,,,,,,,,,,,,,,,,,,,,,,,,,,,,,,,,,,,,,,,,,,,,
Q134313,Q1635169,,,,,,,,,,,,,,,,,,,,,,,,,,,,,,,,,,,,,,,,,,,,,
Q134314,Q455387,,,,,,,,,,,,,,,,,,,,,,,,,,,,,,,,,,,,,,,,,,,,,
Q134315,Q2084760,,,,,,,,,,,,,,,,,,,,,,,,,,,,,,,,,,,,,,,,,,,,,
Q134316,Q2085543,,,,,,,,,,,,,,,,,,,,,,,,,,,,,,,,,,,,,,,,,,,,,
Q134317,Q450556,,,,,,,,,,,,,,,,,,,,,,,,,,,,,,,,,,,,,,,,,,,,,
Q134318,Q1158259,,,,,,,,,,,,,,,,,,,,,,,,,,,,,,,,,,,,,,,,,,,,,
Q134319,Q1659824,,,,,,,,,,,,,,,,,,,,,,,,,,,,,,,,,,,,,,,,,,,,,
Q134320,Q2641182,,,,,,,,,,,,,,,,,,,,,,,,,,,,,,,,,,,,,,,,,,,,,
Q134321,Q1698724,,,,,,,,,,,,,,,,,,,,,,,,,,,,,,,,,,,,,,,,,,,,,
Q134322,Q1878655,,,,,,,,,,,,,,,,,,,,,,,,,,,,,,,,,,,,,,,,,,,,,
Q134323,Q3331425,,,,,,,,,,,,,,,,,,,,,,,,,,,,,,,,,,,,,,,,,,,,,
Q134324,Q1408128,,,,,,,,,,,,,,,,,,,,,,,,,,,,,,,,,,,,,,,,,,,,,
Q134325,Q1723235,,,,,,,,,,,,,,,,,,,,,,,,,,,,,,,,,,,,,,,,,,,,,
Q134326,Q1538180,,,,,,,,,,,,,,,,,,,,,,,,,,,,,,,,,,,,,,,,,,,,,
Q134327,Q1406849,,,,,,,,,,,,,,,,,,,,,,,,,,,,,,,,,,,,,,,,,,,,,
Q134328,Q106778666,,,,,,,,,,,,,,,,,,,,,,,,,,,,,,,,,,,,,,,,,,,,,
Q134329,Q24055295,,,,,,,,,,,,,,,,,,,,,,,,,,,,,,,,,,,,,,,,,,,,,
Q134330,Q609650,,,,,,,,,,,,,,,,,,,,,,,,,,,,,,,,,,,,,,,,,,,,,
Q134331,Q663792,,,,,,,,,,,,,,,,,,,,,,,,,,,,,,,,,,,,,,,,,,,,,
Q134332,Q125246712,,,,,,,,,,,,,,,,,,,,,,,,,,,,,,,,,,,,,,,,,,,,,
Q134333,Q121890801,,,,,,,,,,,,,,,,,,,,,,,,,,,,,,,,,,,,,,,,,,,,,
Q134334,Q122811605,,,,,,,,,,,,,,,,,,,,,,,,,,,,,,,,,,,,,,,,,,,,,
Q134335,Q28708771,,,,,,,,,,,,,,,,,,,,,,,,,,,,,,,,,,,,,,,,,,,,,
Q134336,Q3630519,,,,,,,,,,,,,,,,,,,,,,,,,,,,,,,,,,,,,,,,,,,,,
Q134337,Q59218325,,,,,,,,,,,,,,,,,,,,,,,,,,,,,,,,,,,,,,,,,,,,,
Q134338,Q56152551,,,,,,,,,,,,,,,,,,,,,,,,,,,,,,,,,,,,,,,,,,,,,
Q134339,Q19259285,,,,,,,,,,,,,,,,,,,,,,,,,,,,,,,,,,,,,,,,,,,,,
Q134340,Q50839884,,,,,,,,,,,,,,,,,,,,,,,,,,,,,,,,,,,,,,,,,,,,,
Q134341,Q617160,,,,,,,,,,,,,,,,,,,,,,,,,,,,,,,,,,,,,,,,,,,,,
Q134342,Q278930,,,,,,,,,,,,,,,,,,,,,,,,,,,,,,,,,,,,,,,,,,,,,
Q134343,Q429306,,,,,,,,,,,,,,,,,,,,,,,,,,,404364,,,,,,,,,,,,,,,,,,
Q134344,Q3429330,,,,,,,,,,,,,,,,,,,,,,,,,,,,,,,,,,,,,,,,,,,,,
Q134345,Q55073720,,,,,,,,,,,,,,,,,,,,,,,,,,,,,,,,,,,,,,,,,,,,,
Q134346,Q14183768,,,,,,,,,,,,,,,,,,,,,,,,,,,,,,,,,,,,,,,,,,,,,
Q134347,Q14195804,,,,,,,,,,,,,,,,,,,,,,,,,,,,,,,,,,,,,,,,,,,,,
Q134348,Q14324181,,,,,,,,,,,,,,,,,,,,,,,,,,,,,,,,,,,,,,,,,,,,,
Q134349,Q12873065,,,,,,,,,,,,,,,,,,,,,,,,,,,,,,,,,,,,,,,,,,,,,
Q134350,Q1269165,,,,,,,,,,,,,,,,,,,,,,,,,,,,,,,,,,,,,,,,,,,,,
Q134351,Q16335866,,,,,,,,,,,,,,,,,,,,,,,,,,,,,,,,,,,,,,,,,,,,,
Q134352,Q1367871,,,,,,,,,,,,,,,,,,,,,,,,,,,,,,,,,,,,,,,,,,,,,
Q134353,Q279566,,,,,,,,,,,,,,,,,,,,,,,,,,,,,,,,,,,,,,,,,,,,,
Q134354,Q208256,,,,,,,,,,,,,,,,,,,,,,,,,,,416968,,,,,,,,,,,,,,,,,,
Q134355,Q58461840,,,,,,,,,,,,,,,,,,,,,,,,,,,,,,,,,,,,,,,,,,,,,
Q134356,Q656881,,,,,,,,,,,,,,,,,,,,,,,,,,,,,,,,,,,,,,,,,,,,,
Q134357,Q3015888,,,,,,,,,,,,,,,,,,,,,,,,,,,,,,,,,,,,,,,,,,,,,
Q134358,Q1929263,,,,,,,,,,,,,,,,,,,,,,,,,,,,,,,,,,,,,,,,,,,,,
Q134359,Q305607,,,,,,,,,,,,,,,,,,,,,,,,,,,,,,,,,,,,,,,,,,,,,
Q134360,Q63615624,,,,,,,,,,,,,,,,,,,,,,,,,,,,,,,,,,,,,,,,,,,,,
Q134361,Q38366,,,,,,,,,,,,,,,,,,,,,,,,,,,,,,,,,,,,,,,,,,,,,
Q134362,Q4243301,,,,,,,,,,,,,,,,,,,,,,,,,,,,,,,,,,,,,,,,,,,,,
Q134363,Q21548723,,,,,,,,,,,,,,,,,,,,,,,,,,,,,,,,,,,,,,,,,,,,,
Q134364,Q19610022,,,,,,,,,,,,,,,,,,,,,,,,,,,,,,,,,,,,,,,,,,,,,
Q134365,Q1075014,,,,,,,,,,,,,,,,,,,,,,,,,,,,,,,,,,,,,,,,,,,,,
Q134366,Q12353585,,,,,,,,,,,,,,,,,,,,,,,,,,,,,,,,,,,,,,,,,,,,,
Q134367,Q1159894,,,,,,,,,,,,,,,,,,,,,,,,,,,,,,,,,,,,,,,,,,,,,
Q134368,Q16515491,,,,,,,,,,,,,,,,,,,,,,,,,,,,,,,,,,,,,,,,,,,,,
Q134369,Q26488759,,,,,,,,,,,,,,,,,,,,,,,,,,,,,,,,,,,,,,,,,,,,,
Q134370,Q110276324,,,,,,,,,,,,,,,,,,,,,,,,,,,,,,,,,,,,,,,,,,,,,
Q134371,Q110276336,,,,,,,,,,,,,,,,,,,,,,,,,,,,,,,,,,,,,,,,,,,,,
Q134372,Q12770183,,,,,,,,,,,,,,,,,,,,,,,,,,,,,,,,,,,,,,,,,,,,,
Q134373,Q11940784,,,,,,,,,,,,,,,,,,,,,,,,,,,,,,,,,,,,,,,,,,,,,
Q134374,Q3606586,,,,,,,,,,,,,,,,,,,,,,,,,,,,,,,,,,,,,,,,,,,,,
Q134375,Q3392478,,,,,,,,,,,,,,,,,,,,,,,,,,,,,,,,,,,,,,,,,,,,,
Q134376,Q124985567,,,,,,,,,,,,,,,,,,,,,,,,,,,,,,,,,,,,,,,,,,,,,
Q134377,Q128827370,,,,,,,,,,,,,,,,,,,,,,,,,,,,,,,,,,,,,,,,,,,,,
Q134378,Q105720836,,,,,,,,,,,,,,,,,,,,,,,,,,,,,,,,,,,,,,,,,,,,,
Q134379,Q12752432,,,,,,,,,,,,,,,,,,,,,,,,,,,,,,,,,,,,,,,,,,,,,
Q134380,Q3650899,,,,,,,,,,,,,,,,,,,,,,,,,,,,,,,,,,,,,,,,,,,,,
Q134381,Q107315591,,,,,,,,,,,,,,,,,,,,,,,,,,,,,,,,,,,,,,,,,,,,,
Q134382,Q3680510,,,,,,,,,,,,,,,,,,,,,,,,,,,,,,,,,,,,,,,,,,,,,
Q134383,Q3411991,,,,,,,,,,,,,,,,,,,,,,,,,,,,,,,,,,,,,,,,,,,,,
Q134384,Q3734550,,,,,,,,,,,,,,,,,,,,,,,,,,,,,,,,,,,,,,,,,,,,,
Q134385,Q4223631,,,,,,,,,,,,,,,,,,,,,,,,,,,,,,,,,,,,,,,,,,,,,
Q134386,Q1378445,,,,,,,,,,,,,,,,,,,,,,,,,,,,,,,,,,,,,,,,,,,,,
Q134387,Q2262531,,,,,,,,,,,,,,,,,,,,,,,,,,,,,,,,,,,,,,,,,,,,,
Q134388,Q4688595,,,,,,,,,,,,,,,,,,,,,,,,,,,,,,,,,,,,,,,,,,,,,
Q134389,Q1173681,,,,,,,,,,,,,,,,,,,,,,,,,,,,,,,,,,,,,,,,,,,,,
Q134390,Q1330702,,,,,,,,,,,,,,,,,,,,,,,,,,,,,,,,,,,,,,,,,,,,,
Q134391,Q3411690,,,,,,,,,,,,,,,,,,,,,,,,,,,,,,,,,,,,,,,,,,,,,
Q134392,Q3266310,,,,,,,,,,,,,,,,,,,,,,,,,,,,,,,,,,,,,,,,,,,,,
Q134393,Q3604317,,,,,,,,,,,,,,,,,,,,,,,,,,,,,,,,,,,,,,,,,,,,,
Q134394,Q18672436,,,,,,,,,,,,,,,,,,,,,,,,,,,,,,,,,,,,,,,,,,,,,
Q134395,Q14601860,,,,,,,,,,,,,,,,,,,,,,,,,,,,,,,,,,,,,,,,,,,,,
Q134396,Q11931905,,,,,,,,,,,,,,,,,,,,,,,,,,,,,,,,,,,,,,,,,,,,,
Q134397,Q48807563,,,,,,,,,,,,,,,,,,,,,,,,,,,,,,,,,,,,,,,,,,,,,
Q134398,Q304525,,,,,,,,,,,,,,,,,,,,,,,,,,,,,,,,,,,,,,,,,,,,,
Q134399,Q3712723,,,,,,,,,,,,,,,,,,,,,,,,,,,,,,,,,,,,,,,,,,,,,
Q134400,Q3854104,,,,,,,,,,,,,,,,,,,,,,,,,,,,,,,,,,,,,,,,,,,,,
Q134401,Q91121085,,,,,,,,,,,,,,,,,,,,,,,,,,,,,,,,,,,,,,,,,,,,,
Q134402,Q2060754,,,,,,,,,,,,,,,,,,,,,,,,,,,,,,,,,,,,,,,,,,,,,
Q134403,Q18010293,,,,,,,,,,,,,,,,,,,,,,,,,,,,,,,,,,,,,,,,,,,,,
Q134404,Q15980401,,,,,,,,,,,,,,,,,,,,,,,,,,,,,,,,,,,,,,,,,,,,,
Q134405,Q572212,,,,,,,,,,,,,,,,,,,,,,,,,,,,,,,,,,,,,,,,,,,,,
Q134406,Q4057953,,,,,,,,,,,,,,,,,,,,,,,,,,,,,,,,,,,,,,,,,,,,,
Q134407,Q21548530,,,,,,,,,,,,,,,,,,,,,,,,,,,,,,,,,,,,,,,,,,,,,
Q134408,Q1539642,,,,,,,,,,,,,,,,,,,,,,,,,,,,,,,,,,,,,,,,,,,,,
Q134409,Q2647181,,,,,,,,,,,,,,,,,,,,,,,,,,,,,,,,,,,,,,,,,,,,,
Q134410,Q7134950,,,,,,,,,,,,,,,,,,,,,,,,,,,,,,,,,,,,,,,,,,,,,
Q134411,Q3850790,,,,,,,,,,,,,,,,,,,,,,,,,,,,,,,,,,,,,,,,,,,,,
Q134412,Q3663043,,,,,,,,,,,,,,,,,,,,,,,,,,,,,,,,,,,,,,,,,,,,,
Q134413,Q3796598,,,,,,,,,,,,,,,,,,,,,,,,,,,,,,,,,,,,,,,,,,,,,
Q134414,Q12751644,,,,,,,,,,,,,,,,,,,,,,,,,,,,,,,,,,,,,,,,,,,,,
Q134415,Q667189,,,,,,,,,,,,,,,,,,,,,,,,,,,,,,,,,,,,,,,,,,,,,
Q134416,Q1069769,,,,,,,,,,,,,,,,,,,,,,,,,,,,,,,,,,,,,,,,,,,,,
Q134417,Q3559088,,,,,,,,,,,,,,,,,,,,,,,,,,,,,,,,,,,,,,,,,,,,,
Q134418,Q7226295,,,,,,,,,,,,,,,,,,,,,,,,,,,,,,,,,,,,,,,,,,,,,
Q134419,Q1413020,,,,,,,,,,,,,,,,,,,,,,,,,,,,,,,,,,,,,,,,,,,,,
Q134420,Q48744251,,,,,,,,,,,,,,,,,,,,,,,,,,,,,,,,,,,,,,,,,,,,,
Q134421,Q2446665,,,,,,,,,,,,,,,,,,,,,,,,,,,,,,,,,,,,,,,,,,,,,
Q134422,Q3615271,,,,,,,,,,,,,,,,,,,,,,,,,,,,,,,,,,,,,,,,,,,,,
Q134423,Q128908760,,,,,,,,,,,,,,,,,,,,,,,,,,,,,,,,,,,,,,,,,,,,,
Q134424,Q61046075,,,,,,,,,,,,,,,,,,,,,,,,,,,,,,,,,,,,,,,,,,,,,
Q134425,Q17416441,,,,,,,,,,,,,,,,,,,,,,,,,,,,,,,,,,,,,,,,,,,,,
Q134426,Q42063304,,,,,,,,,,,,,,,,,,,,,,,,,,,,,,,,,,,,,,,,,,,,,
Q134427,Q644385,,,,,,,,,,,,,,,,,,,,,,,,,,,385093,,,,,,,,,,,,,,,,,,
Q134428,Q41311,,,,,,,,,,,,,,,,,,,,,,,,,,,,,,,,,,,,,,,,,,,,,
Q134429,Q10966726,,,,,,,,,,,,,,,,,,,,,,,,,,,,,,,,,,,,,,,,,,,,,
Q134430,Q12769972,,,,,,,,,,,,,,,,,,,,,,,,,,,,,,,,,,,,,,,,,,,,,
Q134431,Q18412438,,,,,,,,,,,,,,,,,,,,,,,,,,,,,,,,,,,,,,,,,,,,,
Q134432,Q16488015,,,,,,,,,,,,,,,,,,,,,,,,,,,,,,,,,,,,,,,,,,,,,
Q134433,Q57844325,,,,,,,,,,,,,,,,,,,,,,,,,,,,,,,,,,,,,,,,,,,,,
Q134434,Q22878,,,,,,,,,,,,,,,,,,,,,,,,person/E64219B3-226A-4C6C-904A-0B4B889C60A0,,,,,,,,,,,,,,,,,,,,,
Q134435,Q22906403,,,,,,,,,,,,,,,,,,,,,,,,,,,,,,,,,,,,,,,,,,,,,
Q134436,Q2980451,,,,,,,,,,,,,,,,,,,,,,,,,,,,,,,,,,,,,,,,,,,,,
Q134437,Q1672196,,,,,,,,,,,,,,,,,,,,,,,,,,,,,,,,,,,,,,,,,,,,,
Q134438,Q105805766,,,,,,,,,,,,,,,,,,,,,,,,,,,,,,,,,,,,,,,,,,,,,
Q134439,Q575252,,,,,,,,,,,,,,,,,,,,,,,,,,,,,,,,,,,,,,,,,,,,,
Q134440,Q12880070,,,,,,,,,,,,,,,,,,,,,,,,,,,,,,,,,,,,,,,,,,,,,
Q134441,Q1796218,,,,,,,,,,,,,,,,,,,,,,,,,,,,,,,,,,,,,,,,,,,,,
Q134442,Q1414963,,,,,,,,,,,,,,,,,,,,,,,,,,,,,,,,,,,,,,,,,,,,,
Q134443,Q2029543,,,,,,,,,,,,,,,,,,,,,,,,,,,,,,,,,,,,,,,,,,,,,
Q134444,Q54563381,,,,,,,,,,,,,,,,,,,,,,,,,,,,,,,,,,,,,,,,,,,,,
Q134445,Q636796,,,,,,,,,,,,,,,,,,,,,,,,,,,87845|823377,,,,,,,,,,,,,,,,,,
Q134446,Q4810,,,,,,,,,,,,,,,,,,,,,,,,,,,,,,,,,,,,,,,,,,,,,
Q134447,Q116435,,,,,,,,,,,,,,,,,,,,,,,,,,,,,,,,,,,,,,,,,,,,,
Q134448,Q4784290,,,,,,,,,,,,,,,,,,,,,,,,,,,,,,,,,,,,,,,,,,,,,
Q134449,Q115379640,,,,,,,,,,,,,,,,,,,,,,,,,,,,,,,,,,,,,,,,,,,,,
Q134450,Q608800,,,,,,,,,,,,,,,,,,,,,,,,,,,,,,,,,,,,,,,,,,,,,
Q134451,Q644604,,,,,,,,,,,,,,,,,,,,,,,,,,,,,,,,,,,,,,,,,,,,,
Q134452,Q390439,,,,,,,,,,,,,,,,,,,,,,,,,,,,,,,,,,,,,,,,,,,,,
Q134453,Q2365262,,,,,,,,,,,,,,,,,,,,,,,,,,,,,,,,,,,,,,,,,,,,,
Q134454,Q463898,,,,,,,,,,,,,,,,,,,,,,,,,,,173761,,,,,,,,,,,,,,,,,,
Q134455,Q22344543,,,,,,,,,,,,,,,,,,,,,,,,,,,,,,,,,,,,,,,,,,,,,
Q134456,Q125856691,,,,,,,,,,,,,,,,,,,,,,,,,,,,,,,,,,,,,,,,,,,,,
Q134457,Q42120790,,,,,,,,,,,,,,,,,,,,,,,,,,,,,,,,,,,,,,,,,,,,,
Q134458,Q3734628,,,,,,,,,,,,,,,,,,,,,,,,,,,,,,,,,,,,,,,,,,,,,
Q134459,Q1774119,,,,,,,,,,,,,,,,,,,,,,,,,,,,,,,,,,,,,,,,,,,,,
Q134460,Q4067040,,,,,,,,,,,,,,,,,,,,,,,,,,,,,,,,,,,,,,,,,,,,,
Q134461,Q15849193,,,,,,,,,,,,,,,,,,,,,,,,,,,,,,,,,,,,,,,,,,,,,
Q134462,Q106461691,,,,,,,,,,,,,,,,,,,,,,,,,,,,,,,,,,,,,,,,,,,,,
Q134463,Q2823758,,,,,,,,,,,,,,,,,,,,,,,,,,,,,,,,,,,,,,,,,,,,,
Q134464,Q443432,,,,,,,,,,,,,,,,,,,,,,,,,,,,,,,,,,,,,,,,,,,,,
Q134465,Q1968413,,,,,,,,,,,,,,,,,,,,,,,,,,,,,,,,,,,,,,,,,,,,,
Q134466,Q13581387,,,,,,,,,,,,,,,,,,,,,,,,,,,,,,,,,,,,,,,,,,,,,
Q134467,Q3555090,,,,,,,,,,,,,,,,,,,,,,,,,,,156563,,,,,,,,,,,,,,,,,,
Q134468,Q976463,,,,,,,,,,,,,,,,,,,,,,,,,,,,,,,,,,,,,,,,,,,,,
Q134469,Q55854121,,,,,,,,,,,,,,,,,,,,,,,,,,,,,,,,,,,,,,,,,,,,,
Q134470,Q16515495,,,,,,,,,,,,,,,,,,,,,,,,,,,,,,,,,,,,,,,,,,,,,
Q134471,Q55973606,,,,,,,,,,,,,,,,,,,,,,,,,,,,,,,,,,,,,,,,,,,,,
Q134472,Q122812917,,,,,,,,,,,,,,,,,,,,,,,,,,,,,,,,,,,,,,,,,,,,,
Q134473,Q2113658,,,,,,,,,,,,,,,,,,,,,,,,,,,,,,,,,,,,,,,,,,,,,
Q134474,Q33192667,,,,,,,,,,,,,,,,,,,,,,,,,,,,,,,,,,,,,,,,,,,,,
Q134475,Q3337163,,,,,,,,,,,,,,,,,,,,,,,,,,,,,,,,,,,,,,,,,,,,,
Q134476,Q34041,,,,,,,,,,,,,,,,,,,,,,,,,,,405994,,,,,,,,,,,,,,,,,,
Q134477,Q108336485,,,,,,,,,,,,,,,,,,,,,,,,,,,,,,,,,,,,,,,,,,,,,
Q134478,Q108281061,,,,,,,,,,,,,,,,,,,,,,,,,,,,,,,,,,,,,,,,,,,,,
Q134479,Q108365616,,,,,,,,,,,,,,,,,,,,,,,,,,,,,,,,,,,,,,,,,,,,,
Q134480,Q108281052,,,,,,,,,,,,,,,,,,,,,,,,,,,,,,,,,,,,,,,,,,,,,
Q134481,Q781867,,,,,,,,,,,,,,,,,,,,,,,,,,,,,,,,,,,,,,,,,,,,,
Q134482,Q21548512,,,,,,,,,,,,,,,,,,,,,,,,,,,,,,,,,,,,,,,,,,,,,
Q134483,Q44222212,,,,,,,,,,,,,,,,,,,,,,,,,,,,,,,,,,,,,,,,,,,,,
Q134484,Q105772859,,,,,,,,,,,,,,,,,,,,,,,,,,,,,,,,,,,,,,,,,,,,,
Q134485,Q581853,,,,,,,,,,,,,,,,,,,,,,,,,,,,,,,,,,,,,,,,,,,,,
Q134486,Q3575333,,,,,,,,,,,,,,,,,,,,,,,,,,,,,,,,,,,,,,,,,,,,,
Q134487,Q1289213,,,,,,,,,,,,,,,,,,,,,,,,,,,,,,,,,,,,,,,,,,,,,
Q134488,Q1788541,,,,,,,,,,,,,,,,,,,,,,,,,,,,,,,,,,,,,,,,,,,,,
Q134489,Q3528137,,,,,,,,,,,,,,,,,,,,,,,,,,,,,,,,,,,,,,,,,,,,,
Q134490,Q57038422,,,,,,,,,,,,,,,,,,,,,,,,,,,,,,,,,,,,,,,,,,,,,
Q134491,Q57038412,,,,,,,,,,,,,,,,,,,,,,,,,,,,,,,,,,,,,,,,,,,,,
Q134492,Q1378499,,,,,,,,,,,,,,,,,,,,,,,,,,,,,,,,,,,,,,,,,,,,,
Q134493,Q1347034,,,,,,,,,,,,,,,,,,,,,,,,,,,,,,,,,,,,,,,,,,,,,
Q134494,Q59771423,,,,,,,,,,,,,,,,,,,,,,,,,,,,,,,,,,,,,,,,,,,,,
Q134495,Q192343,,,,,,,,,,,,,,,,,,,,,,,,,,,,,,,,,,,,,,,,,,,,,
Q134496,Q3757460,,,,,,,,,,,,,,,,,,,,,,,,,,,,,,,,,,,,,,,,,,,,,
Q134497,Q18642294,,,,,,,,,,,,,,,,,,,,,,,,,,,,,,,,,,,,,,,,,,,,,
Q134498,Q415628,,,,,,,,,,,,,,,,,,,,,,,,,,,,,,,,,,,,,,,,,,,,,
Q134499,Q1172040,,,,,,,,,,,,,,,,,,,,,,,,,,,,,,,,,,,,,,,,,,,,,
Q134500,Q3735337,,,,,,,,,,,,,,,,,,,,,,,,,,,,,,,,,,,,,,,,,,,,,
Q134501,Q9254264,,,,,,,,,,,,,,,,,,,,,,,,,,,,,,,,,,,,,,,,,,,,,
Q134502,Q13052776,,,,,,,,,,,,,,,,,,,,,,,,,,,,,,,,,,,,,,,,,,,,,
Q134503,Q13054328,,,,,,,,,,,,,,,,,,,,,,,,,,,,,,,,,,,,,,,,,,,,,
Q134504,Q4063976,,,,,,,,,,,,,,,,,,,,,,,,,,,,,,,,,,,,,,,,,,,,,
Q134505,Q115754089,,,,,,,,,,,,,,,,,,,,,,,,,,,,,,,,,,,,,,,,,,,,,
Q134506,Q5404150,,,,,,,,,,,,,,,,,,,,,,,,,,,,,,,,,,,,,,,,,,,,,
Q134507,Q41370,,alvin-person:28170,,,,,,,,8422,,,,,,,,,,,,,,term/f70f2172-2914-4fa6-963a-d434490fa480,,,79377,,,,,,,,,,,,,,,,,,
Q134508,Q2603903,,,,,,,,,,,,,,,,,,,,,,,,,,,,,,,,,,,,,,,,,,,,,
Q134509,Q115053965,,,,,,,,,,,,,,,,,,,,,,,,,,,,,,,,,,,,,,,,,,,,,
Q134510,Q682531,,,,,,,,,,,,,,,,,,,,,,,,,,,32375|361715,,,,,,,,,,,,,,,,,,
Q134511,Q97662470,,,,,,,,,,,,,,,,,,,,,,,,,,,32376,,,,,,,,,,,,,,,,,,
Q134512,Q205365,,,,,,,,,,,,,,,,,,,,,,,,term/2a24083b-1a91-4c6c-aafd-2140a7b3b1fe,,,32371|335688,,,,,,,,,,,,,,,,,,
Q134513,Q9639242,,,,,,,,,,,,,,,,,,,,,,,,,,,,,,,,,,,,,,,,,,,,,
Q134514,Q5681043,,,,,,,,,,,,,,,,,,,,,,,,,,,,,,,,,,,,,,,,,,,,,
Q134515,Q134373856,,,,,,,,,,,,,,,,,,,,,,,,,,,,,,,,,,,,,,,,,,,,,
Q134516,Q75382536,,,,,,,,,,,,,,,,,,,,,,,,,,,,,,,,,,,,,,,,,p10266.htm#i102654,,,UNKNOWN-89351,
Q134517,Q48808671,,,,,,,,,,,,,,,,,,,,,,,,,,,,,,,,,,,,,,,,,,,,,
Q134518,Q16329939,,,,,,,,,,,,,,,,,,,,,,,,,,,,,,,,,,,,,,,,,,,,,
Q134519,Q132181471,,,,,,,,,,,,,,,,,,,,,,,,,,,,,,,,,,,,,,,,,,,,,
Q134520,Q16867439,,,,,,,,,,,,,,,,,,,,,,,,,,,,,,,,,,,,,,,,,,,,,
Q134521,Q2830792,,,,,,,,,,,,,,,,,,,,,,,,,,,,,,,,,,,,,,,,,,,,,
Q134522,Q2282686,,,,,,,,,,,,,,,,,,,,,,,,,,,,,,,,,,,,,,,,,,,,,
Q134523,Q1402198,,,,,,,,,,,,,,,,,,,,,,,,,,,167128,,,,,,,,,,,,,,,,,,
Q134524,Q21188702,,,,,,,,,,,,,,,,,,,,,,,,,,,,,,,,,,,,,,,,,,,,,
Q134525,Q4055896,,,,,,,,,,,,,,,,,,,,,,,,,,,,,,,,,,,,,,,,,,,,,
Q134526,Q3853493,,,,,,,,,,,,,,,,,,,,,,,,,,,,,,,,,,,,,,,,,,,,,
Q134527,Q11689890,,,,,,,,,,,,,,,,,,,,,,,,,,,,,,,,,,,,,,,,,,,,,
Q134528,Q3791772,,,,,,,,,,,,,,,,,,,,,,,,,,,,,,,,,,,,,,,,,,,,,
Q134529,Q3680836,,,,,,,,,,,,,,,,,,,,,,,,,,,,,,,,,,,,,,,,,,,,,
Q134530,Q12872578,,,,,,,,,,,,,,,,,,,,,,,,,,,,,,,,,,,,,,,,,,,,,
Q134531,Q12755131,,,,,,,,,,,,,,,,,,,,,,,,,,,,,,,,,,,,,,,,,,,,,
Q134532,Q367819,,,,,,,,,,,,,,,,,,,,,,,,,,,,,,,,,,,,,,,,,,,,,
Q134533,Q3609040,,,,,,,,,,,,,,,,,,,,,,,,,,,,,,,,,,,,,,,,,,,,,
Q134534,Q15073503,,,,,,,,,,,,,,,,,,,,,,,,,,,,,,,,,,,,,,,,,,,,,
Q134535,Q15847062,,,,,,,,,,,,,,,,,,,,,,,,,,,,,,,,,,,,,,,,,,,,,
Q134536,Q12751045,,,,,,,,,,,,,,,,,,,,,,,,,,,,,,,,,,,,,,,,,,,,,
Q134537,Q11917689,,,,,,,,,,,,,,,,,,,,,,,,,,,,,,,,,,,,,,,,,,,,,
Q134538,Q15075926,,,,,,,,,,,,,,,,,,,,,,,,,,,,,,,,,,,,,,,,,,,,,
Q134539,Q5375236,,,,,,,,,,,,,,,,,,,,,,,,,,,,,,,,,,,,,,,,,,,,,
Q134540,Q15119700,,,,,,,,,,,,,,,,,,,,,,,,,,,,,,,,,,,,,,,,,,,,,
Q134541,Q15088991,,,,,,,,,,,,,,,,,,,,,,,,,,,,,,,,,,,,,,,,,,,,,
Q134542,Q15111308,,,,,,,,,,,,,,,,,,,,,,,,,,,,,,,,,,,,,,,,,,,,,
Q134543,Q15058977,,,,,,,,,,,,,,,,,,,,,,,,,,,,,,,,,,,,,,,,,,,,,
Q134544,Q15111365,,,,,,,,,,,,,,,,,,,,,,,,,,,,,,,,,,,,,,,,,,,,,
Q134545,Q15113329,,,,,,,,,,,,,,,,,,,,,,,,,,,,,,,,,,,,,,,,,,,,,
Q134546,Q15131083,,,,,,,,,,,,,,,,,,,,,,,,,,,,,,,,,,,,,,,,,,,,,
Q134547,Q18018281,,,,,,,,,,,,,,,,,,,,,,,,,,,,,,,,,,,,,,,,,,,,,
Q134548,Q106540916,,,,,,,,,,,,,,,,,,,,,,,,,,,,,,,,,,,,,,,,,,,,,
Q134549,Q26279264,,,,,,,,,,,,,,,,,,,,,,,,,,,,,,,,,,,,,,,,,,,,,
Q134550,Q1178176,,,,,,,,,,,,,,,,,,,,,,,,,,,,,,,,,,,,,,,,,,,,,
Q134551,Q129262821,,,,,,,,,,,,,,,,,,,,,,,,,,,,,,,,,,,,,,,,,,,,,
Q134552,Q2641175,,,,,,,,,,,,,,,,,,,,,,,,,,,,,,,,,,,,,,,,,,,,,
Q134553,Q3854076,,,,,,,,,,,,,,,,,,,,,,,,,,,,,,,,,,,,,,,,,,,,,
Q134554,Q15783911,,,,,,,,,,,,,,,,,,,,,,,,,,,,,,,,,,,,,,,,,,,,,
Q134555,Q15835164,,,,,,,,,,,,,,,,,,,,,,,,,,,,,,,,,,,,,,,,,,,,,
Q134556,Q3618707,,,,,,,,,,,,,,,,,,,,,,,,,,,,,,,,,,,,,,,,,,,,,
Q134557,Q17748154,,,,,,,,,,,,,,,,,,,,,,,,,,,,,,,,,,,,,,,,,,,,,
Q134558,Q1378537,,,,,,,,,,,,,,,,,,,,,,,,,,,,,,,,,,,,,,,,,,,,,
Q134559,Q927322,,,,,,,,,,,,,,,,,,,,,,,,,,,,,,,,,,,,,,,,,,,,,
Q134560,Q3609794,,,,,,,,,,,,,,,,,,,,,,,,,,,,,,,,,,,,,,,,,,,,,
Q134561,Q61023560,,,,,,,,,,,,,,,,,,,,,,,,,,,,,,,,,,,,,,,,,,,,,
Q134562,Q130890,,,,,,,,,,,,,,,,,,,,,,,,,,,156461,,,,,,,,,,,,,,,,,,
Q134563,Q12877823,,,,,,,,,,,,,,,,,,,,,,,,,,,,,,,,,,,,,,,,,,,,,
Q134564,Q1378566,,,,,,,,,,,,,,,,,,,,,,,,,,,,,,,,,,,,,,,,,,,,,
Q134565,Q1615450,,,,,,,,,,,,,,,,,,,,,,,,,,,,,,,,,,,,,,,,,,,,,
Q134566,Q242319,,,,,,,,,,,,,,,,,,,,,,,,,,,154256,,,,,,,,,,,,,,,,,,
Q134567,Q4287919,,,,,,,,,,,,,,,,,,,,,,,,,,,160118,,,,,,,,,,,,,,,,,,
Q134568,Q22965489,,,,,,,,,,,,,,,,,,,,,,,,,,,,,,,,,,,,,,,,,,,,,
Q134569,Q18413093,,,,,,,,,,,,,,,,,,,,,,,,,,,,,,,,,,,,,,,,,,,,,
Q134570,Q106922918,,,,,,,,,,,,,,,,,,,,,,,,,,,,,,,,,,,,,,,,,,,,,
Q134571,Q22965457,,,,,,,,,,,,,,,,,,,,,,,,,,,,,,,,,,,,,,,,,,,,,
Q134572,Q1378457,,,,,,,,,,,,,,,,,,,,,,,,,,,,,,,,,,,,,,,,,,,,,
Q134573,Q733985,,,,,,,,,,,,,,,,,,,,,,,,,,,139918,,,,,,,,,,,,,,,,,,
Q134574,Q744871,,,,,,,,,,,,,,,,,,,,,,,,,,,,,,,,,,,,,,,,,,,,,
Q134575,Q11925399,,,,,,,,,,,,,,,,,,,,,,,,,,,,,,,,,,,,,,,,,,,,,
Q134576,Q15262316,,,,,,,,,,,,,,,,,,,,,,,,,,,,,,,,,,,,,,,,,,,,,
Q134577,Q6808829,,,,,,,,,,,,,,,,,,,,,,,,,,,,,,,,,,,,,,,,,,,,,
Q134578,Q64073707,,,,,,,,,,,,,,,,,,,,,,,,,,,,,,,,,,,,,,,,,,,,,
Q134579,Q1620063,,,,,,,,,,,,,,,,,,,,,,,,,,,,,,,,,,,,,,,,,,,,,
Q134580,Q21548243,,,,,,,,,,,,,,,,,,,,,,,,,,,,,,,,,,,,,,,,,,,,,
Q134581,Q311536,,,,,,,,,,,,,,,,,,,,,,,,,,,87847,,,,,,,,,,,,,,,,,,
Q134582,Q17516371,,,,,,,,,,,,,,,,,,,,,,,,,,,,,,,,,,,,,,,,,,,,,
Q134583,Q3744926,,,,,,,,,,,,,,,,,,,,,,,,,,,,,,,,,,,,,,,,,,,,,
Q134584,Q1395752,,,,,,,,,,,,,,,,,,,,,,,,,,,,,,,,,,,,,,,,,,,,,
Q134585,Q21548557,,,,,,,,,,,,,,,,,,,,,,,,,,,,,,,,,,,,,,,,,,,,,
Q134586,Q1537937,,,,,,,,,,,,,,,,,,,,,,,,,,,,,,,,,,,,,,,,,,,,,
Q134587,Q3744925,,,,,,,,,,,,,,,,,,,,,,,,,,,,,,,,,,,,,,,,,,,,,
Q134588,Q15781890,,,,,,,,,,,,,,,,,,,,,,,,,,,,,,,,,,,,,,,,,,,,,
Q134589,Q21547783,,,,,,,,,,,,,,,,,,,,,,,,,,,,,,,,,,,,,,,,,,,,,
Q134590,Q1171925,,,,,,,,,,,,,,,,,,,,,,,,,,,,,,,,,,,,,,,,,,,,,
Q134591,Q1921966,,,,,,,,,,,,,,,,,,,,,,,,,,,,,,,,,,,,,,,,,,,,,
Q134592,Q3623432,,,,,,,,,,,,,,,,,,,,,,,,,,,,,,,,,,,,,,,,,,,,,
Q134593,Q1774159,,,,,,,,,,,,,,,,,,,,,,,,,,,,,,,,,,,,,,,,,,,,,
Q134594,Q21051033,,,,,,,,,,,,,,,,,,,,,,,,,,,,,,,,,,,,,,,,,,,,,
Q134595,Q4223977,,,,,,,,,,,,,,,,,,,,,,,,,,,,,,,,,,,,,,,,,,,,,
Q134596,Q547698,,,,,,,,,,,,,,,,,,,,,,,,,,,,,,,,,,,,,,,,,,,,,
Q134597,Q18009936,,,,,,,,,,,,,,,,,,,,,,,,,,,,,,,,,,,,,,,,,,,,,
Q134598,Q2826403,,,,,,,,,,,,,,,,,,,,,,,,,,,,,,,,,,,,,,,,,,,,,
Q134599,Q3773593,,,,,,,,,,,,,,,,,,,,,,,,,,,,,,,,,,,,,,,,,,,,,
Q134600,Q2634988,,,,,,,,,,,,,,,,,,,,,,,,,,,,,,,,,,,,,,,,,,,,,
Q134601,Q27949366,,,,,,,,,,,,,,,,,,,,,,,,,,,,,,,,,,,,,,,,,,,,,
Q134602,Q3792157,,,,,,,,,,,,,,,,,,,,,,,,,,,156519,,,,,,,,,,,,,,,,,,
Q134603,Q12878274,,,,,,,,,,,,,,,,,,,,,,,,,,,,,,,,,,,,,,,,,,,,,
Q134604,Q28362782,,,,,,,,,,,,,,,,,,,,,,,,,,,,,,,,,,,,,,,,,,,,,
Q134605,Q58023450,,,,,,,,,,,,,,,,,,,,,,,,,,,,,,,,,,,,,,,,,,,,,
Q134606,Q61046105,,,,,,,,,,,,,,,,,,,,,,,,,,,,,,,,,,,,,,,,,,,,,
Q134607,Q3078974,,,,,,,,,,,,,,,,,,,,,,,,,,,,,,,,,,,,,,,,,,,,,
Q134608,Q3747924,,,,,,,,,,,,,,,,,,,,,,,,,,,,,,,,,,,,,,,,,,,,,
Q134609,Q126935768,,,,,,,,,,,,,,,,,,,,,,,,,,,,,,,,,,,,,,,,,,,,,
Q134610,Q124515782,,,,,,,,,,,,,,,,,,,,,,,,,,,,,,,,,,,,,,,,,,,,,
Q134611,Q2466253,,,,,,,,,,,,,,,,,,,,,,,,,,,,,,,,,,,,,,,,,,,,,
Q134612,Q12878265,,,,,,,,,,,,,,,,,,,,,,,,,,,,,,,,,,,,,,,,,,,,,
Q134613,Q1632703,,,,,,,,,,,,,,,,,,,,,,,,,,,156575,,,,,,,,,,,,,,,,,,
Q134614,Q1645481,,,,,,,,,,,,,,,,,,,,,,,,,,,,,,,,,,,,,,,,,,,,,
Q134615,Q4071638,,,,,,,,,,,,,,,,,,,,,,,,,,,,,,,,,,,,,,,,,,,,,
Q134616,Q14329405,,,,,,,,,,,,,,,,,,,,,,,,,,,,,,,,,,,,,,,,,,,,,
Q134617,Q1422908,,,,,,,,,,,,,,,,,,,,,,,,,,,,,,,,,,,,,,,,,,,,,
Q134618,Q7124088,,,,,,,,,,,,,,,,,,,,,,,,,,,,,,,,,,,,,,,,,,,,,
Q134619,Q3483917,,,,,,,,,,,,,,,,,,,,,,,,,,,,,,,,,,,,,,,,,,,,,
Q134620,Q15987308,,,,,,,,,,,,,,,,,,,,,,,,,,,,,,,,,,,,,,,,,,,,,
Q134621,Q4223629,,,,,,,,,,,,,,,,,,,,,,,,,,,,,,,,,,,,,,,,,,,,,
Q134622,Q1347038,,,,,,,,,,,,,,,,,,,,,,,,,,,,,,,,,,,,,,,,,,,,,
Q134623,Q22965379,,,,,,,,,,,,,,,,,,,,,,,,,,,,,,,,,,,,,,,,,,,,,
Q134624,Q894065,,,,,,,,,,,,,,,,,,,,,,,,,,,,,,,,,,,,,,,,,,,,,
Q134625,Q3564602,,,,,,,,,,,,,,,,,,,,,,,,,,,,,,,,,,,,,,,,,,,,,
Q134626,Q23818214,,,,,,,,,,,,,,,,,,,,,,,,,,,,,,,,,,,,,,,,,,,,,
Q134627,Q7800294,,,,,,,,,,,,,,,,,,,,,,,,,,,,,,,,,,,,,,,,,,,,,
Q134628,Q618434,,,,,,,,,,,,,,,,,,,,,,,,,,,,,,,,,,,,,,,,,,,,,
Q134629,Q938228,,,,,,,,,,,,,,,,,,,,,,,,,,,,,,,,,,,,,,,,,,,,,
Q134630,Q1280292,,,,,,,,,,,,,,,,,,,,,,,,,,,,,,,,,,,,,,,,,,,,,
Q134631,Q15646810,,,,,,,,,,,,,,,,,,,,,,,,,,,,,,,,,,,,,,,,,,,,,
Q134632,Q31537,,,,,,,,,,,,,,,,,,,,,,,,,,,,,,,,,,,,,,,,,,,,,
Q134633,Q492938,,,,,,,,,,,,,,,,,,,,,,,,,,,,,,,,,,,,,,,,,,,,,
Q134634,Q12760862,,,,,,,,,,,,,,,,,,,,,,,,,,,,,,,,,,,,,,,,,,,,,
Q134635,Q16874310,,,,,,,,,,,,,,,,,,,,,,,,,,,,,,,,,,,,,,,,,,,,,
Q134636,Q3859687,,,,,,,,,,,,,,,,,,,,,,,,,,,,,,,,,,,,,,,,,,,,,
Q134637,Q1378541,,,,,,,,,,,,,,,,,,,,,,,,,,,,,,,,,,,,,,,,,,,,,
Q134638,Q2113027,,,,,,,,,,,,,,,,,,,,,,,,,,,,,,,,,,,,,,,,,,,,,
Q134639,Q612763,,,,,,,,,,,,,,,,,,,,,,,,,,,,,,,,,,,,,,,,,,,,,
Q134640,Q5676469,,,,,,,,,,,,,,,,,,,,,,,,,,,,,,,,,,,,,,,,,,,,,
Q134641,Q2335996,,,,,,,,,,,,,,,,,,,,,,,,,,,,,,,,,,,,,,,,,,,,,
Q134642,Q3734129,,,,,,,,,,,,,,,,,,,,,,,,,,,,,,,,,,,,,,,,,,,,,
Q134643,Q55836507,,,,,,,,,,,,,,,,,,,,,,,,,,,,,,,,,,,,,,,,,,,,,
Q134644,Q11942680,,,,,,,,,,,,,,,,,,,,,,,,,,,,,,,,,,,,,,,,,,,,,
Q134645,Q1024984,,,,,,,,,,,,,,,,,,,,,,,,,,,,,,,,,,,,,,,,,,,,,
Q134646,Q113027477,,,,,,,,,,,,,,,,,,,,,,,,,,,,,,,,,,,,,,,,,,,,,
Q134647,Q113027497,,,,,,,,,,,,,,,,,,,,,,,,,,,,,,,,,,,,,,,,,,,,,
Q134648,Q7450768,,,,,,,,,,,,,,,,,,,,,,,,,,,,,,,,,,,,,,,,,,,,,
Q134649,Q12134676,,,,,,,,,,,,,,,,,,,,,,,,,,,,,,,,,,,,,,,,,,,,,
Q134650,Q684225,,,,,,,,,,,,,,,,,,,,,,,,,,,,,,,,,,,,,,,,,,,,,
Q134651,Q2048018,,,,,,,,,,,,,,,,,,,,,,,,,,,,,,,,,,,,,,,,,,,,,
Q134652,Q12109441,,,,,,,,,,,,,,,,,,,,,,,,,,,,,,,,,,,,,,,,,,,,,
Q134653,Q17521119,,,,,,,,,,,,,,,,,,,,,,,,,,,,,,,,,,,,,,,,,,,,,
Q134654,Q495133,,,,,,,,,,,,,,,,,,,,,,,,,,,,,,,,,,,,,,,,,,,,,
Q134655,Q58837212,,,,,,,,,,,,,,,,,,,,,,,,,,,,,,,,,,,,,,,,,,,,,
Q134656,Q117310397,,,,,,,,,,,,,,,,,,,,,,,,,,,,,,,,,,,,,,,,,,,,,
Q134657,Q17635079,,,,,,,,,,,,,,,,,,,,,,,,,,,,,,,,,,,,,,,,,,,,,
Q134658,Q1280277,,,,,,,,,,,,,,,,,,,,,,,,,,,,,,,,,,,,,,,,,,,,,
Q134659,Q1158255,,,,,,,,,,,,,,,,,,,,,,,,,,,,,,,,,,,,,,,,,,,,,
Q134660,Q2640982,,,,,,,,,,,,,,,,,,,,,,,,,,,,,,,,,,,,,,,,,,,,,
Q134661,Q7861520,,,,,,,,,,,,,,,,,,,,,,,,,,,,,,,,,,,,,,,,,,,,,
Q134662,Q374311,,,,,,,,,,,,,,,,,,,,,,,,,,,,,,,,,,,,,,,,,,,,,
Q134663,Q1378547,,,,,,,,,,,,,,,,,,,,,,,,,,,,,,,,,,,,,,,,,,,,,
Q134664,Q13408695,,,,,,,,,,,,,,,,,,,,,,,,,,,,,,,,,,,,,,,,,,,,,
Q134665,Q3055822,,,,,,,,,,,,,,,,,,,,,,,,,,,,,,,,,,,,,,,,,,,,,
Q134666,Q3701234,,,,,,,,,,,,,,,,,,,,,,,,,,,,,,,,,,,,,,,,,,,,,
Q134667,Q122827979,,,,,,,,,,,,,,,,,,,,,,,,,,,,,,,,,,,,,,,,,,,,,
Q134668,Q122829774,,,,,,,,,,,,,,,,,,,,,,,,,,,,,,,,,,,,,,,,,,,,,
Q134669,Q2446902,,,,,,,,,,,,,,,,,,,,,,,,,,,,,,,,,,,,,,,,,,,,,
Q134670,Q3664177,,,,,,,,,,,,,,,,,,,,,,,,,,,,,,,,,,,,,,,,,,,,,
Q134671,Q60506600,,,,,,,,,,,,,,,,,,,,,,,,,,,,,,,,,,,,,,,,,,,,,
Q134672,Q124435227,,,,,,,,,,,,,,,,,,,,,,,,,,,,,,,,,,,,,,,,,,,,,
Q134673,Q2532069,,,,,,,,,,,,,,,,,,,,,,,,,,,,,,,,,,,,,,,,,,,,,
Q134674,Q56240735,,,,,,,,,,,,,,,,,,,,,,,,,,,,,,,,,,,,,,,,,,,,,
Q134675,Q58417712,,,,,,,,,,,,,,,,,,,,,,,,,,,,,,,,,,,,,,,,,,,,,
Q134676,Q833806,,,,,,,,,,,,,,,,,,,,,,,,,,,438158,,,,,,,,,,,,,,,,,,
Q134677,Q14565968,,,,,,,,,,,,,,,,,,,,,,,,,,,,,,,,,,,,,,,,,,,,,
Q134678,Q1373647,,,,,,,,,,,,,,,,,,,,,,,,,,,,,,,,,,,,,,,,,,,,,
Q134679,Q60032550,,,,,,,,,,,,,,,,,,,,,,,,,,,,,,,,,,,,,,,,,,,,,
Q134680,Q1444498,,,,,,,,,,,,,,,,,,,,,,,,,,,,,,,,,,,,,,,,,,,,,
Q134681,Q1372311,,,,,,,,,,,,,,,,,,,,,,,,,,,,,,,,,,,,,,,,,,,,,
Q134682,Q4358140,,,,,,,,,,,,,,,,,,,,,,,,,,,,,,,,,,,,,,,,,,,,,
Q134683,Q12878236,,,,,,,,,,,,,,,,,,,,,,,,,,,,,,,,,,,,,,,,,,,,,
Q134684,Q937512,,,,,,,,,,,,,,,,,,,,,,,,,,,,,,,,,,,,,,,,,,,,,
Q134685,Q4821765,,,,,,,,,,,,,,,,,,,,,,,,,,,,,,,,,,,,,,,,,,,,,
Q134686,Q122167835,,,,,,,,,,,,,,,,,,,,,,,,,,,,,,,,,,,,,,,,,,,,,
Q134687,Q3013,,,,,,,,,,,,,,,,,,,,,,,,,,,,,,,,,,,,,,,,,,,,,
Q134688,Q1249335,,,,,,,,,,,,,,,,,,,,,,,,,,,,,,,,,,,,,,,,,,,,,
Q134689,Q2824994,,,,,,,,,,,,,,,,,,,,,,,,,,,,,,,,,,,,,,,,,,,,,
Q134690,Q1619985,,,,,,,,,,,,,,,,,,,,,,,,,,,,,,,,,,,,,,,,,,,,,
Q134691,Q115575312,,,,,,,,,,,,,,,,,,,,,,,,,,,,,,,,,,,,,,,,,,,,,
Q134692,Q3294469,,,,,,,,,,,,,,,,,,,,,,,,,,,,,,,,,,,,,,,,,,,,,
Q134693,Q56367596,,,,,,,,,,,,,,,,,,,,,,,,,,,,,,,,,,,,,,,,,,,,,
Q134694,Q111655123,,,,,,,,,,,,,,,,,,,,,,,,,,,,,,,,,,,,,,,,,,,,,
Q134695,Q4167385,,,,,,,,,,,,,,,,,,,,,,,,,,,,,,,,,,,,,,,,,,,,,
Q134696,Q12878810,,,,,,,,,,,,,,,,,,,,,,,,,,,,,,,,,,,,,,,,,,,,,
Q134697,Q12880323,,,,,,,,,,,,,,,,,,,,,,,,,,,,,,,,,,,,,,,,,,,,,
Q134698,Q334817,,,,,,,,,,,,,,,,,,,,,,,,,,,156462,,,,,,,,,,,,,,,,,,
Q134699,Q21547914,,,,,,,,,,,,,,,,,,,,,,,,,,,,,,,,,,,,,,,,,,,,,
Q134700,Q18410302,,,,,,,,,,,,,,,,,,,,,,,,,,,,,,,,,,,,,,,,,,,,,
Q134701,Q48966196,,,,,,,,,,,,,,,,,,,,,,,,,,,,,,,,,,,,,,,,,,,,,
Q134702,Q122829861,,,,,,,,,,,,,,,,,,,,,,,,,,,,,,,,,,,,,,,,,,,,,
Q134703,Q12748409,,,,,,,,,,,,,,,,,,,,,,,,,,,,,,,,,,,,,,,,,,,,,
Q134704,Q3903040,,,,,,,,,,,,,,,,,,,,,,,,,,,,,,,,,,,,,,,,,,,,,
Q134705,Q14702443,,,,,,,,,,,,,,,,,,,,,,,,,,,,,,,,,,,,,,,,,,,,,
Q134706,Q15260531,,,,,,,,,,,,,,,,,,,,,,,,,,,,,,,,,,,,,,,,,,,,,
Q134707,Q18450783,,,,,,,,,,,,,,,,,,,,,,,,,,,,,,,,,,,,,,,,,,,,,
Q134708,Q1788026,,,,,,,,,,,,,,,,,,,,,,,,,,,95752,,,,,,,,,,,,,,,,,,
Q134709,Q632587,,,,,,,,,,,,,,,,,,,,,,,,,,,,,,,,,,,,,,,,,,,,,
Q134710,Q1518328,,,,,,,,,,,,,,,,,,,,,,,,,,,,,,,,,,,,,,,,,,,,,
Q134711,Q1378552,,,,,,,,,,,,,,,,,,,,,,,,,,,,,,,,,,,,,,,,,,,,,
Q134712,Q16330320,,,,,,,,,,,,,,,,,,,,,,,,,,,,,,,,,,,,,,,,,,,,,
Q134713,Q17516325,,,,,,,,,,,,,,,,,,,,,,,,,,,,,,,,,,,,,,,,,,,,,
Q134714,Q17516333,,,,,,,,,,,,,,,,,,,,,,,,,,,,,,,,,,,,,,,,,,,,,
Q134715,Q17516337,,,,,,,,,,,,,,,,,,,,,,,,,,,,,,,,,,,,,,,,,,,,,
Q134716,Q17516332,,,,,,,,,,,,,,,,,,,,,,,,,,,,,,,,,,,,,,,,,,,,,
Q134717,Q830706,,,,,,,,,,,,,,,,,,,,,,,,,,,,,,,,,,,,,,,,,,,,,
Q134718,Q392391,,,,,,,,,,,,,,,,,,,,,,,,,,,,,,,,,,,,,,,,,,,,,
Q134719,Q313910,,,,,,,,,,,,,,,,,,,,,,,,,,,823360|87836,,,,,,,,,,,,,,,,,,
Q134720,Q29529739,,,,,,,,,,,,,,,,,,,,,,,,,,,,,,,,,,,,,,,,,,,,,
Q134721,Q135460,,,,,,,,,,,,,,,,,,,,,,,,,,,,,,,,,,,,,,,,,,,,,
Q134722,Q119782,,,,,,,,,,,,,,,,,,,,,,,,,,,,,,,,,,,,,,,,,,,,,
Q134723,Q30279469,,,,,,,,,,,,,,,,,,,,,,,,,,,,,,,,,,,,,,,,,,,,,
Q134724,Q1378407,,,,,,,,,,,,,,,,,,,,,,,,,,,,,,,,,,,,,,,,,,,,,
Q134725,Q10317982,,,,,,,,,,,,,,,,,,,,,,,,,,,,,,,,,,,,,,,,,,,,,
Q134726,Q2102808,,,,,,,,,,,,,,,,,,,,,,,,,,,,,,,,,,,,,,,,,,,,,
Q134727,Q608951,,,,,,,,,,,,,,,,,,,,,,,,,,,,,,,,,,,,,,,,,,,,,
Q134728,Q2365581,,,,,,,,,,,,,,,,,,,,,,,,,,,,,,,,,,,,,,,,,,,,,
Q134729,Q42708477,,,,,,,,,,,,,,,,,,,,,,,,,,,,,,,,,,,,,,,,,,,,,
Q134730,Q106779178,,,,,,,,,,,,,,,,,,,,,,,,,,,,,,,,,,,,,,,,,,,,,
Q134731,Q105772874,,,,,,,,,,,,,,,,,,,,,,,,,,,,,,,,,,,,,,,,,,,,,
Q134732,Q1619987,,,,,,,,,,,,,,,,,,,,,,,,,,,,,,,,,,,,,,,,,,,,,
Q134733,Q784528,,,,,,,,,,,,,,,,,,,,,,,,,,,,,,,,,,,,,,,,,,,,,
Q134734,Q1474700,,,,,,,,,,,,,,,,,,,,,,,,,,,,,,,,,,,,,,,,,,,,,
Q134735,Q22806260,,,,,,,,,,,,,,,,,,,,,,,,,,,,,,,,,,,,,,,,,,,,,
Q134736,Q120197406,,,,,,,,,,,,,,,,,,,,,,,,,,,,,,,,,,,,,,,,,,,,,
Q134737,Q1061747,,,,,,,,,,,,,,,,,,,,,,,,,,,,,,,,,,,,,,,,,,,,,
Q134738,Q3696513,,,,,,,,,,,,,,,,,,,,,,,,,,,,,,,,,,,,,,,,,,,,,
Q134739,Q1588440,,,,,,,,,,,,,,,,,,,,,,,,,,,,,,,,,,,,,,,,,,,,,
Q134740,Q4134684,,,,,,,,,,,,,,,,,,,,,,,,,,,,,,,,,,,,,,,,,,,,,
Q134741,Q116729008,,,,,,,,,,,,,,,,,,,,,,,,,,,,,,,,,,,,,,,,,,,,,
Q134742,Q117054281,,,,,,,,,,,,,,,,,,,,,,,,,,,,,,,,,,,,,,,,,,,,,
Q134744,Q37085,,alvin-person:28381,,,,,,,,,,,,,,,,,,,,,,term/18d8fa22-4905-49f0-b783-f177b2dbbb6a,,,322350|79379,,,,,,,,,,,,,,,,,,
Q134745,Q114878222,,,,,,,,,,,,,,,,,,,,,,,,,,,,,,,,,,,,,,,,,,,,,
Q134746,Q115053944,,,,,,,,,,,,,,,,,,,,,,,,,,,,,,,,,,,,,,,,,,,,,
Q134747,Q107626,,,,,,,,LZQC-KGM|LKYG-Y9K|LJB7-DZH|LZ8C-H2T,,,,,,,,,,,,,,,,,,,32373|372337|361717,,,,,,,,,,,,,,,,,,
Q134748,Q9641412,,,,,,,,,,,,,,,,,,,,,,,,,,,32374,,,,,,,,,,,,,,,,,,
Q134749,Q114934025,,,,,,,,,,,,,,,,,,,,,,,,,,,,,,,,,,,,,,,,,,,,,
Q134750,Q52450,,,,,,,,,,,,,,,,,,,,,,,,,,,,,,,,,,,,,,,,,,,,,
Q134751,Q830183,,,,,,,,L8R2-JBH|LJYV-GRB|LR35-F8Z,,,,,,,,,,,,,,,,term/A1D53604-DF15-49A1-8B35-6F7B7A7D3AED,,,103833|32370|361720,,,,,,,,,,,,,,,,,,
Q134752,Q313421,,,,,,,,,,,,,,,,,,,,,,,,term/03452fd3-e6c9-4323-83c6-0da4d9867c65,,,32372|335691,,,,,,,,,,,,,,,,,,
Q134753,Q3638423,,,,,,,,,,,,,,,,,,,,,,,,,,,,,,,,,,,,,,,,,p10266.htm#i102653,,,UNKNOWN-89349,
Q134754,Q115813683,,,,,,,,,,,,,,,,,,,,,,,,,,,,,,,,,,,,,,,,,,,,,
Q134755,Q1520951,,,,,,,,,,,,,,,,,,,,,,,,,,,,,,,,,,,,,,,,,,,,,
Q134756,Q2897927,,,,,,,,,,,,,,,,,,,,,,,,,,,,,,,,,,,,,,,,,,,,,
Q134757,Q2001302,,,,,,,,,,,,,,,,,,,,,,,,,,,,,,,,,,,,,,,,,,,,,
Q134758,Q5638421,,,,,,,,,,,,,,,,,,,,,,,,,,,,,,,,,,,,,,,,,,,,,
Q134759,Q3219705,,,,,,,,,,,,,,,,,,,,,,,,,,,1211051,,,,,,,,,,,,,,,,,,
Q134760,Q2197,,,,,,,,,,,,,,,,,,,,,,,,,,,,,,,,,,,,,,,,,,,,,
Q134761,Q960039,,,,,,,,,,,,,,,,,,,,,,,,,,,167078,,,,,,,,,,,,,,,,,,
Q134762,Q2739033,,,,,,,,,,,,,,,,,,,,,,,,,,,,,,,,,,,,,,,,,,,,,
Q134763,Q1378458,,,,,,,,,,,,,,,,,,,,,,,,,,,,,,,,,,,,,,,,,,,,,
Q134764,Q753902,,,,,,,,,,,,,,,,,,,,,,,,,,,,,,,,,,,,,,,,,,,,,
Q134765,Q506550,,,,,,,,,,,,,,,,,,,,,,,,,,,156481,,,,,,,,,,,,,,,,,,
Q134766,Q119688,,,,,,,,,,,,,,,,,,,,,,,,,,,,,,,,,,,,,,,,,,,,,
Q134767,Q28708026,,,,,,,,,,,,,,,,,,,,,,,,,,,,,,,,,,,,,,,,,,,,,
Q134768,Q10796858,,,,,,,,,,,,,,,,,,,,,,,,,,,,,,,,,,,,,,,,,,,,,
Q134769,Q122872595,,,,,,,,,,,,,,,,,,,,,,,,,,,,,,,,,,,,,,,,,,,,,
Q134770,Q22002221,,,,,,,,,,,,,,,,,,,,,,,,,,,,,,,,,,,,,,,,,,,,,
Q134771,Q106922722,,,,,,,,,,,,,,,,,,,,,,,,,,,,,,,,,,,,,,,,,,,,,
Q134772,Q28708764,,,,,,,,,,,,,,,,,,,,,,,,,,,,,,,,,,,,,,,,,,,,,
Q134773,Q603937,,,,,,,,,,,,,,,,,,,,,,,,,,,,,,,,,,,,,,,,,,,,,
Q134774,Q666525,,,,,,,,,,,,,,,,,,,,,,,,,,,,,,,,,,,,,,,,,,,,,
Q134775,Q912772,,,,,,,,,,,,,,,,,,,,,,,,,,,,,,,,,,,,,,,,,,,,,
Q134776,Q44416438,,,,,,,,,,,,,,,,,,,,,,,,,,,,,,,,,,,,,,,,,,,,,
Q134777,Q962546,,,,,,,,,,,,,,,,,,,,,,,,,,,,,,,,,,,,,,,,,,,,,
Q134778,Q16566384,,,,,,,,,,,,,,,,,,,,,,,,,,,,,,,,,,,,,,,,,,,,,
Q134779,Q106413024,,,,,,,,,,,,,,,,,,,,,,,,,,,,,,,,,,,,,,,,,,,,,
Q134780,Q646733,,,,,,,,,,,,,,,,,,,,,,,,,,,,,,,,,,,,,,,,,,,,,
Q134781,Q488558,,,,,,,,,,,,,,,,,,,,,,,,,,,438394,,,,,,,,,,,,,,,,,,
Q134782,Q122981030,,,,,,,,,,,,,,,,,,,,,,,,,,,,,,,,,,,,,,,,,,,,,
Q134783,Q22965421,,,,,,,,,,,,,,,,,,,,,,,,,,,,,,,,,,,,,,,,,,,,,
Q134784,Q44221696,,,,,,,,,,,,,,,,,,,,,,,,,,,,,,,,,,,,,,,,,,,,,
Q134785,Q1337820,,,,,,,,,,,,,,,,,,,,,,,,,,,,,,,,,,,,,,,,,,,,,
Q134786,Q22965458,,,,,,,,,,,,,,,,,,,,,,,,,,,,,,,,,,,,,,,,,,,,,
Q134787,Q1255043,,,,,,,,,,,,,,,,,,,,,,,,,,,,,,,,,,,,,,,,,,,,,
Q134788,Q397395,,,,,,,,,,,,,,,,,,,,,,,,,,,,,,,,,,,,,,,,,,,,,
Q134789,Q372562,,,,,,,,,,,,,,,,,,,,,,,,,,,,,,,,,,,,,,,,,,,,,
Q134790,Q15726833,,,,,,,,,,,,,,,,,,,,,,,,,,,,,,,,,,,,,,,,,,,,,
Q134791,Q31541,,,,,,,,,,,,,,,,,,,,,,,,,,,,,,,,,,,,,,,,,,,,,
Q134792,Q474920,,,,,,,,,,,,,,,,,,,,,,,,,,,,,,,,,,,,,,,,,,,,,
Q134793,Q55810471,,,,,,,,,,,,,,,,,,,,,,,,,,,,,,,,,,,,,,,,,,,,,
Q134794,Q1245012,,,,,,,,,,,,,,,,,,,,,,,,,,,,,,,,,,,,,,,,,,,,,
Q134795,Q1337269,,,,,,,,,,,,,,,,,,,,,,,,,,,,,,,,,,,,,,,,,,,,,
Q134796,Q12880670,,,,,,,,,,,,,,,,,,,,,,,,,,,,,,,,,,,,,,,,,,,,,
Q134797,Q114309871,,,,,,,,,,,,,,,,,,,,,,,,,,,,,,,,,,,,,,,,,,,,,
Q134798,Q12873360,,,,,,,,,,,,,,,,,,,,,,,,,,,,,,,,,,,,,,,,,,,,,
Q134799,Q18412433,,,,,,,,,,,,,,,,,,,,,,,,,,,,,,,,,,,,,,,,,,,,,
Q134800,Q18018460,,,,,,,,,,,,,,,,,,,,,,,,,,,,,,,,,,,,,,,,,,,,,
Q134801,Q1543376,,,,,,,,,,,,,,,,,,,,,,,,,,,,,,,,,,,,,,,,,,,,,
Q134802,Q12873026,,,,,,,,,,,,,,,,,,,,,,,,,,,,,,,,,,,,,,,,,,,,,
Q134803,Q390492,,,,,,,,,,,,,,,,,,,,,,,,,,,,,,,,,,,,,,,,,,,,,
Q134804,Q204857,,,,,,,,,,,,,,,,,,,,,,,,,,,,,,,,,,,,,,,,,,,,,
Q134805,Q1142062,,,,,,,,,,,,,,,,,,,,,,,,,,,,,,,,,,,,,,,,,,,,,
Q134806,Q1060267,,,,,,,,,,,,,,,,,,,,,,,,,,,,,,,,,,,,,,,,,,,,,
Q134807,Q16327406,,,,,,,,,,,,,,,,,,,,,,,,,,,,,,,,,,,,,,,,,,,,,
Q134808,Q16190493,,,,,,,,,,,,,,,,,,,,,,,,,,,,,,,,,,,,,,,,,,,,,
Q134809,Q4002579,,,,,,,,,,,,,,,,,,,,,,,,,,,,,,,,,,,,,,,,,,,,,
Q134810,Q106779384,,,,,,,,,,,,,,,,,,,,,,,,,,,,,,,,,,,,,,,,,,,,,
Q134811,Q3410251,,,,,,,,,,,,,,,,,,,,,,,,,,,,,,,,,,,,,,,,,,,,,
Q134812,Q12748314,,,,,,,,,,,,,,,,,,,,,,,,,,,,,,,,,,,,,,,,,,,,,
Q134813,Q21286562,,,,,,,,,,,,,,,,,,,,,,,,,,,,,,,,,,,,,,,,,,,,,
Q134814,Q21286569,,,,,,,,,,,,,,,,,,,,,,,,,,,,,,,,,,,,,,,,,,,,,
Q134815,Q21286572,,,,,,,,,,,,,,,,,,,,,,,,,,,,,,,,,,,,,,,,,,,,,
Q134816,Q21286585,,,,,,,,,,,,,,,,,,,,,,,,,,,,,,,,,,,,,,,,,,,,,
Q134817,Q21286610,,,,,,,,,,,,,,,,,,,,,,,,,,,,,,,,,,,,,,,,,,,,,
Q134818,Q29490124,,,,,,,,,,,,,,,,,,,,,,,,,,,,,,,,,,,,,,,,,,,,,
Q134819,Q108146166,,,,,,,,,,,,,,,,,,,,,,,,,,,,,,,,,,,,,,,,,,,,,
Q134820,Q1886507,,,,,,,,,,,,,,,,,,,,,,,,,,,,,,,,,,,,,,,,,,,,,
Q134821,Q406443,,,,,,,,,,,,,,,,,,,,,,,,,,,,,,,,,,,,,,,,,,,,,
Q134822,Q2147429,,,,,,,,,,,,,,,,,,,,,,,,,,,,,,,,,,,,,,,,,,,,,
Q134823,Q17542231,,,,,,,,,,,,,,,,,,,,,,,,,,,,,,,,,,,,,,,,,,,,,
Q134824,Q17516399,,,,,,,,,,,,,,,,,,,,,,,,,,,,,,,,,,,,,,,,,,,,,
Q134825,Q17516372,,,,,,,,,,,,,,,,,,,,,,,,,,,,,,,,,,,,,,,,,,,,,
Q134826,Q17454800,,,,,,,,,,,,,,,,,,,,,,,,,,,,,,,,,,,,,,,,,,,,,
Q134827,Q383036,,,,,,,,,,,,,,,,,,,,,,,,,,,87839|823371,,,,,,,,,,,,,,,,,,
Q134828,Q280616,,,,,,,,,,,,,,,,,,,,,,,,,,,,,,,,,,,,,,,,,,,,,
Q134829,Q280621,,,,,,,,,,,,,,,,,,,,,,,,,,,,,,,,,,,,,,,,,,,,,
Q134830,Q51371291,,,,,,,,,,,,,,,,,,,,,,,,,,,,,,,,,,,,,,,,,,,,,
Q134831,Q3028708,,,,,,,,,,,,,,,,,,,,,,,,,,,,,,,,,,,,,,,,,,,,,
Q134832,Q644374,,,,,,,,,,,,,,,,,,,,,,,,,,,,,,,,,,,,,,,,,,,,,
Q134833,Q603759,,,,,,,,,,,,,,,,,,,,,,,,,,,,,,,,,,,,,,,,,,,,,
Q134834,Q7530757,,,,,,,,,,,,,,,,,,,,,,,,,,,,,,,,,,,,,,,,,,,,,
Q134835,Q12079056,,,,,,,,,,,,,,,,,,,,,,,,,,,,,,,,,,,,,,,,,,,,,
Q134836,Q116729011,,,,,,,,,,,,,,,,,,,,,,,,,,,,,,,,,,,,,,,,,,,,,
Q134837,Q116729013,,,,,,,,,,,,,,,,,,,,,,,,,,,,,,,,,,,,,,,,,,,,,
Q134838,Q117054285,,,,,,,,,,,,,,,,,,,,,,,,,,,,,,,,,,,,,,,,,,,,,
Q134839,Q114878230,,,,,,,,,,,,,,,,,,,,,,,,,,,,,,,,,,,,,,,,,,,,,
Q134840,Q115052712,,,,,,,,,,,,,,,,,,,,,,,,,,,,,,,,,,,,,,,,,,,,,
Q134841,Q16277823,,,,,,,,,,,,,,,,,,,,,,,,,,,,,,,,,,,,,,,,,,,,,
Q134842,Q114934178,,,,,,,,,,,,,,,,,,,,,,,,,,,,,,,,,,,,,,,,,,,,,
Q134843,Q180627,,,,,,,,,,,,,,,,,,,,,,,,,,,32368|1181855,,,,,,,,,,,,,,,,,,
Q134844,Q75382533,,,,,,,,,,,,,,,,,,,,,,,,,,,,,,,,,,,,,,,,,p10266.htm#i102652,,,UNKNOWN-89348,
Q134845,Q2052042,,,,,,,,,,,,,,,,,,,,,,,,,,,,,,,,,,,,,,,,,,,,,
Q134846,Q758300,,,,,,,,,,,,,,,,,,,,,,,,,,,87827,,,,,,,,,,,,,,,,,,
Q134847,Q887384,,,,,,,,,,,,,,,,,,,,,,,,,,,89095,,,,,,,,,,,,,,,,,,
Q134848,Q889656,,,,,,,,,,,,,,,,,,,,,,,,,,,89096,,,,,,,,,,,,,,,,,,
Q134849,Q128900251,,,,,,,,,,,,,,,,,,,,,,,,,,,,,,,,,,,,,,,,,,,,,
Q134850,Q18759343,,,,,,,,,,,,,,,,,,,,,,,,,,,,,,,,,,,,,,,,,,,,,
Q134851,Q765456,,,,,,,,,,,,,,,,,,,,,,,,,,,,,,,,,,,,,,,,,,,,,
Q134852,Q12885284,,,,,,,,,,,,,,,,,,,,,,,,,,,,,,,,,,,,,,,,,,,,,
Q134853,Q16327560,,,,,,,,,,,,,,,,,,,,,,,,,,,,,,,,,,,,,,,,,,,,,
Q134854,Q1676086,,,,,,,,,,,,,,,,,,,,,,,,,,,,,,,,,,,,,,,,,,,,,
Q134855,Q1164796,,,,,,,,,,,,,,,,,,,,,,,,,,,,,,,,,,,,,,,,,,,,,
Q134856,Q960237,,,,,,,,,,,,,,,,,,,,,,,,,,,,,,,,,,,,,,,,,,,,,
Q134857,Q4138835,,,,,,,,,,,,,,,,,,,,,,,,,,,,,,,,,,,,,,,,,,,,,
Q134858,Q2626787,,,,,,,,,,,,,,,,,,,,,,,,,,,,,,,,,,,,,,,,,,,,,
Q134859,Q1052888,,,,,,,,,,,,,,,,,,,,,,,,,,,,,,,,,,,,,,,,,,,,,
Q134860,Q114309884,,,,,,,,,,,,,,,,,,,,,,,,,,,,,,,,,,,,,,,,,,,,,
Q134861,Q2780953,,,,,,,,,,,,,,,,,,,,,,,,,,,,,,,,,,,,,,,,,,,,,
Q134862,Q254381,,,,,,,,,,,,,,,,,,,,,,,,,,,,,,,,,,,,,,,,,,,,,
Q134863,Q7781546,,,,,,,,,,,,,,,,,,,,,,,,,,,,,,,,,,,,,,,,,,,,,
Q134864,Q2104755,,,,,,,,,,,,,,,,,,,,,,,,,,,,,,,,,,,,,,,,,,,,,
Q134865,Q2860691,,,,,,,,,,,,,,,,,,,,,,,,,,,,,,,,,,,,,,,,,,,,,
Q134866,Q696330,,,,,,,,,,,,,,,,,,,,,,,,,,,,,,,,,,,,,,,,,,,,,
Q134867,Q1702408,,,,,,,,,,,,,,,,,,,,,,,,,,,,,,,,,,,,,,,,,,,,,
Q134868,Q1795033,,,,,,,,,,,,,,,,,,,,,,,,,,,,,,,,,,,,,,,,,,,,,
Q134869,Q1247318,,,,,,,,,,,,,,,,,,,,,,,,,,,,,,,,,,,,,,,,,,,,,
Q134870,Q6081792,,,,,,,,,,,,,,,,,,,,,,,,,,,,,,,,,,,,,,,,,,,,,
Q134871,Q838383,,,,,,,,,,,,,,,,,,,,,,,,,,,,,,,,,,,,,,,,,,,,,
Q134872,Q2446711,,,,,,,,,,,,,,,,,,,,,,,,,,,,,,,,,,,,,,,,,,,,,
Q134873,Q726358,,,,,,,,,,,,,,,,,,,,,,,,,,,87840,,,,,,,,,,,,,,,,,,
Q134874,Q251844,,,,,,,,,,,,,,,,,,,,,,,,,,,,,,,,,,,,,,,,,,,,,
Q134875,Q923898,,,,,,,,,,,,,,,,,,,,,,,,,,,,,,,,,,,,,,,,,,,,,
Q134876,Q12078913,,,,,,,,,,,,,,,,,,,,,,,,,,,,,,,,,,,,,,,,,,,,,
Q134877,Q319116,,,,,,,,,,,,,,,,,,,,,,,,,,,,,,,,,,,,,,,,,,,,,
Q134878,Q117066407,,,,,,,,,,,,,,,,,,,,,,,,,,,,,,,,,,,,,,,,,,,,,
Q134880,Q115052531,,,,,,,,,,,,,,,,,,,,,,,,,,,,,,,,,,,,,,,,,,,,,
Q134881,Q779725,,,,,,,,,,,,,,,,,,,,,,,,,,,,,,,,,,,,,,,,,,,,,
Q134882,Q75382531,,,,,,,,,,,,,,,,,,,,,,,,,,,,,,,,,,,,,,,,,p10266.htm#i102651,,,UNKNOWN-89347,
Q134883,Q2168182,,,,,,,,,,,,,,,,,,,,,,,,,,,,,,,,,,,,,,,,,,,,,
Q134884,Q1035224,,,,,,,,,,,,,,,,,,,,,,,,,,,87828,,,,,,,,,,,,,,,,,,
Q134885,Q782871,,,,,,,,,,,,,,,,,,,,,,,,,,,89097,,,,,,,,,,,,,,,,,,
Q134886,Q2852749,,,,,,,,,,,,,,,,,,,,,,,,,,,1211058,,,,,,,,,,,,,,,,,,
Q134887,Q200031,,,,,,,,,,,,,,,,,,,,,,,,,,,,,,,,,,,,,,,,,,,,,
Q134888,Q21710836,,,,,,,,,,,,,,,,,,,,,,,,,,,,,,,,,,,,,,,,,,,,,
Q134889,Q98356360,,,,,,,,,,,,,,,,,,,,,,,,,,,,,,,,,,,,,,,,,,,,,
Q134890,Q98356753,,,,,,,,,,,,,,,,,,,,,,,,,,,,,,,,,,,,,,,,,,,,,
Q134891,Q18588408,,,,,,,,,,,,,,,,,,,,,,,,,,,,,,,,,,,,,,,,,,,,,
Q134892,Q11934764,,,,,,,,,,,,,,,,,,,,,,,,,,,,,,,,,,,,,,,,,,,,,
Q134893,Q643575,,,,,,,,,,,,,,,,,,,,,,,,,,,,,,,,,,,,,,,,,,,,,
Q134894,Q392395,,,,,,,,,,,,,,,,,,,,,,,,,,,,,,,,,,,,,,,,,,,,,
Q134895,Q2417746,,,,,,,,,,,,,,,,,,,,,,,,,,,,,,,,,,,,,,,,,,,,,
Q134896,Q12880073,,,,,,,,,,,,,,,,,,,,,,,,,,,,,,,,,,,,,,,,,,,,,
Q134897,Q394074,,,,,,,,,,,,,,,,,,,,,,,,,,,,,,,,,,,,,,,,,,,,,
Q134898,Q406441,,,,,,,,,,,,,,,,,,,,,,,,,,,,,,,,,,,,,,,,,,,,,
Q134899,Q1476546,,,,,,,,,,,,,,,,,,,,,,,,,,,,,,,,,,,,,,,,,,,,,
Q134900,Q122005198,,,,,,,,,,,,,,,,,,,,,,,,,,,,,,,,,,,,,,,,,,,,,
Q134901,Q1463103,,,,,,,,,,,,,,,,,,,,,,,,,,,,,,,,,,,,,,,,,,,,,
Q134902,Q16516576,,,,,,,,,,,,,,,,,,,,,,,,,,,,,,,,,,,,,,,,,,,,,
Q134903,Q4224738,,,,,,,,,,,,,,,,,,,,,,,,,,,,,,,,,,,,,,,,,,,,,
Q134904,Q512545,,,,,,,,,,,,,,,,,,,,,,,,,,,,,,,,,,,,,,,,,,,,,
Q134905,Q12875569,,,,,,,,,,,,,,,,,,,,,,,,,,,,,,,,,,,,,,,,,,,,,
Q134906,Q121999977,,,,,,,,,,,,,,,,,,,,,,,,,,,,,,,,,,,,,,,,,,,,,
Q134907,Q122000039,,,,,,,,,,,,,,,,,,,,,,,,,,,,,,,,,,,,,,,,,,,,,
Q134908,Q107096618,,,,,,,,,,,,,,,,,,,,,,,,,,,,,,,,,,,,,,,,,,,,,
Q134909,Q107096815,,,,,,,,,,,,,,,,,,,,,,,,,,,,,,,,,,,,,,,,,,,,,
Q134910,Q107097291,,,,,,,,,,,,,,,,,,,,,,,,,,,,,,,,,,,,,,,,,,,,,
Q134911,Q3610613,,,,,,,,,,,,,,,,,,,,,,,,,,,,,,,,,,,,,,,,,,,,,
Q134912,Q1312704,,,,,,,,,,,,,,,,,,,,,,,,,,,,,,,,,,,,,,,,,,,,,
Q134913,Q2194100,,,,,,,,,,,,,,,,,,,,,,,,,,,,,,,,,,,,,,,,,,,,,
Q134914,Q33530429,,,,,,,,,,,,,,,,,,,,,,,,,,,,,,,,,,,,,,,,,,,,,
Q134915,Q17381960,,,,,,,,,,,,,,,,,,,,,,,,,,,,,,,,,,,,,,,,,,,,,
Q134916,Q1371026,,,,,,,,,,,,,,,,,,,,,,,,,,,,,,,,,,,,,,,,,,,,,
Q134917,Q11682562,,,,,,,,,,,,,,,,,,,,,,,,,,,,,,,,,,,,,,,,,,,,,
Q134918,Q1638693,,,,,,,,,,,,,,,,,,,,,,,,,,,,,,,,,,,,,,,,,,,,,
Q134919,Q381655,,,,,,,,,,,,,,,,,,,,,,,,,,,,,,,,,,,,,,,,,,,,,
Q134920,Q5527585,,,,,,,,,,,,,,,,,,,,,,,,,,,87851,,,,,,,,,,,,,,,,,,
Q134921,Q1340816,,,,,,,,,,,,,,,,,,,,,,,,,,,,,,,,,,,,,,,,,,,,,
Q134922,Q4687553,,,,,,,,,,,,,,,,,,,,,,,,,,,,,,,,,,,,,,,,,,,,,
Q134923,Q745637,,,,,,,,,,,,,,,,,,,,,,,,,,,,,,,,,,,,,,,,,,,,,
Q134924,Q11955535,,,,,,,,,,,,,,,,,,,,,,,,,,,,,,,,,,,,,,,,,,,,,
Q134925,Q117066963,,,,,,,,,,,,,,,,,,,,,,,,,,,,,,,,,,,,,,,,,,,,,
Q134926,Q16128781,,,,,,,,,,,,,,,,,,,,,,,,,,,,,,,,,,,,,,,,,,,,,
Q134927,Q132154410,,,,,,,,,,,,,,,,,,,,,,,,,,,,,,,,,,,,,,,,,,,,,
Q134928,Q9302723,,,,,,,,,,,,,,,,,,,,,,,,,,,,,,,,,,,,,,,,,,,,,
Q134929,Q6710215,,,,,,,,,,,,,,,,,,,,,,,,,,,,,,,,,,,,,,,,,,,,,
Q134930,Q115052422,,,,,,,,,,,,,,,,,,,,,,,,,,,,,,,,,,,,,,,,,,,,,
Q134931,Q16839490,,,,,,,,,,,,,,,,,,,,,,,,,,,,,,,,,,,,,,,,,p10265.htm#i102650,,,UNKNOWN-89346,
Q134932,Q2448083,,,,,,,,,,,,,,,,,,,,,,,,,,,,,,,,,,,,,,,,,,,,,
Q134933,Q653264,,,,,,,,,,,,,,,,,,,,,,,,,,,87829,,,,,,,,,,,,,,,,,,
Q134934,Q887068,,,,,,,,,,,,,,,,,,,,,,,,,,,87833,,,,,,,,,,,,,,,,,,
Q134935,Q98350736,,,,,,,,,,,,,,,,,,,,,,,,,,,,,,,,,,,,,,,,,,,,,
Q134936,Q98357965,,,,,,,,,,,,,,,,,,,,,,,,,,,,,,,,,,,,,,,,,,,,,
Q134937,Q582268,,,,,,,,,,,,,,,,,,,,,,,,,,,,,,,,,,,,,,,,,,,,,
Q134938,Q764629,,,,,,,,,,,,,,,,,,,,,,,,,,,,,,,,,,,,,,,,,,,,,
Q134939,Q206741,,,,,,,,,,,,,,,,,,,,,,,,,,,167147,,,,,,,,,,,,,,,,,,
Q134940,Q90776918,,,,,,,,,,,,,,,,,,,,,,,,,,,,,,,,,,,,,,,,,,,,,
Q134941,Q2114493,,,,,,,,,,,,,,,,,,,,,,,,,,,,,,,,,,,,,,,,,,,,,
Q134942,Q1266363,,,,,,,,,,,,,,,,,,,,,,,,,,,,,,,,,,,,,,,,,,,,,
Q134943,Q31790230,,,,,,,,,,,,,,,,,,,,,,,,,,,,,,,,,,,,,,,,,,,,,
Q134944,Q47005693,,,,,,,,,,,,,,,,,,,,,,,,,,,,,,,,,,,,,,,,,,,,,
Q134945,Q1280328,,,,,,,,,,,,,,,,,,,,,,,,,,,,,,,,,,,,,,,,,,,,,
Q134946,Q106541771,,,,,,,,,,,,,,,,,,,,,,,,,,,,,,,,,,,,,,,,,,,,,
Q134947,Q416323,,,,,,,,,,,,,,,,,,,,,,,,,,,,,,,,,,,,,,,,,,,,,
Q134948,Q15059758,,,,,,,,,,,,,,,,,,,,,,,,,,,,,,,,,,,,,,,,,,,,,
Q134949,Q634361,,,,,,,,,,,,,,,,,,,,,,,,,,,,,,,,,,,,,,,,,,,,,
Q134950,Q5734880,,,,,,,,,,,,,,,,,,,,,,,,,,,,,,,,,,,,,,,,,,,,,
Q134951,Q1251156,,,,,,,,,,,,,,,,,,,,,,,,,,,,,,,,,,,,,,,,,,,,,
Q134952,Q252091,,,,,,,,,,,,,,,,,,,,,,,,,,,87854,,,,,,,,,,,,,,,,,,
Q134953,Q611509,,,,,,,,,,,,,,,,,,,,,,,,,,,,,,,,,,,,,,,,,,,,,
Q134954,Q106541037,,,,,,,,,,,,,,,,,,,,,,,,,,,,,,,,,,,,,,,,,,,,,
Q134955,Q116729102,,,,,,,,,,,,,,,,,,,,,,,,,,,,,,,,,,,,,,,,,,,,,
Q134956,Q117067059,,,,,,,,,,,,,,,,,,,,,,,,,,,,,,,,,,,,,,,,,,,,,
Q134957,Q3541493,,,,,,,,,,,,,,,,,,,,,,,,,,,,,,,,,,,,,,,,,,,,,
Q134958,Q30526936,,,,,,,,,,,,,,,,,,,,,,,,,,,,,,,,,,,,,,,,,,,,,
Q134959,Q11936413,,,,,,,,,,,,,,,,,,,,,,,,,,,,,,,,,,,,,,,,,,,,,
Q134960,Q6182499,,,,,,,,,,,,,,,,,,,,,,,,,,,,,,,,,,,,,,,,,,,,,
Q134961,Q75382528,,,,,,,,,,,,,,,,,,,,,,,,,,,,,,,,,,,,,,,,,p10265.htm#i102649,,,UNKNOWN-89345,
Q134962,Q673959,,,,,,,,,,,,,,,,,,,,,,,,,,,,,,,,,,,,,,,,,,,,,
Q134963,Q878527,,,,,,,,,,,,,,,,,,,,,,,,,,,87830,,,,,,,,,,,,,,,,,,
Q134964,Q396998,,,,,,,,,,,,,,,,,,,,,,,,,,,87831,,,,,,,,,,,,,,,,,,
Q134965,Q11955670,,,,,,,,,,,,,,,,,,,,,,,,,,,1210656,,,,,,,,,,,,,,,,,,
Q134966,Q4281794,,,,,,,,,,,,,,,,,,,,,,,,,,,,,,,,,,,,,,,,,,,,,
Q134967,Q3563956,,,,,,,,,,,,,,,,,,,,,,,,,,,,,,,,,,,,,,,,,,,,,
Q134968,Q804274,,,,,,,,,,,,,,,,,,,,,,,,,,,,,,,,,,,,,,,,,,,,,
Q134969,Q2537664,,,,,,,,,,,,,,,,,,,,,,,,,,,,,,,,,,,,,,,,,,,,,
Q134970,Q31789655,,,,,,,,,,,,,,,,,,,,,,,,,,,,,,,,,,,,,,,,,,,,,
Q134971,Q1433820,,,,,,,,,,,,,,,,,,,,,,,,,,,,,,,,,,,,,,,,,,,,,
Q134972,Q3616667,,,,,,,,,,,,,,,,,,,,,,,,,,,,,,,,,,,,,,,,,,,,,
Q134973,Q634860,,,,,,,,,,,,,,,,,,,,,,,,,,,,,,,,,,,,,,,,,,,,,
Q134974,Q1475386,,,,,,,,,,,,,,,,,,,,,,,,,,,,,,,,,,,,,,,,,,,,,
Q134975,Q2835975,,,,,,,,,,,,,,,,,,,,,,,,,,,,,,,,,,,,,,,,,,,,,
Q134976,Q1286112,,,,,,,,,,,,,,,,,,,,,,,,,,,,,,,,,,,,,,,,,,,,,
Q134977,Q318417,,,,,,,,,,,,,,,,,,,,,,,,,,,87855,,,,,,,,,,,,,,,,,,
Q134978,Q1919738,,,,,,,,,,,,,,,,,,,,,,,,,,,,,,,,,,,,,,,,,,,,,
Q134979,Q106541051,,,,,,,,,,,,,,,,,,,,,,,,,,,,,,,,,,,,,,,,,,,,,
Q134980,Q106541078,,,,,,,,,,,,,,,,,,,,,,,,,,,,,,,,,,,,,,,,,,,,,
Q134981,Q106541096,,,,,,,,,,,,,,,,,,,,,,,,,,,,,,,,,,,,,,,,,,,,,
Q134982,Q116729115,,,,,,,,,,,,,,,,,,,,,,,,,,,,,,,,,,,,,,,,,,,,,
Q134983,Q43280403,,,,,,,,,,,,,,,,,,,,,,,,,,,,,,,,,,,,,,,,,,,,,
Q134984,Q2929707,,,,,,,,,,,,,,,,,,,,,,,,,,,,,,,,,,,,,,,,,,,,,
Q134985,Q116686349,,,,,,,,,,,,,,,,,,,,,,,,,,,,,,,,,,,,,,,,,,,,,
Q134986,Q116686355,,,,,,,,,,,,,,,,,,,,,,,,,,,,,,,,,,,,,,,,,,,,,
Q134987,Q116686363,,,,,,,,,,,,,,,,,,,,,,,,,,,,,,,,,,,,,,,,,,,,,
Q134988,Q116686368,,,,,,,,,,,,,,,,,,,,,,,,,,,,,,,,,,,,,,,,,,,,,
Q134989,Q116686376,,,,,,,,,,,,,,,,,,,,,,,,,,,,,,,,,,,,,,,,,,,,,
Q134990,Q116686382,,,,,,,,,,,,,,,,,,,,,,,,,,,,,,,,,,,,,,,,,,,,,
Q134991,Q6206582,,,,,,,,,,,,,,,,,,,,,,,,,,,,,,,,,,,,,,,,,,,,,
Q134992,Q1989339,,,,,,,,,,,,,,,,,,,,,,,,,,,,,,,,,,,,,,,,,,,,,
Q134993,Q25668639,,,,,,,,,,,,,,,,,,,,,,,,,,,,,,,,,,,,,,,,,,,,,
Q134994,Q2424977,,,,,,,,,,,,,,,,,,,,,,,,,,,,,,,,,,,,,,,,,,,,,
Q134995,Q75382527,,,,,,,,,,,,,,,,,,,,,,,,,,,,,,,,,,,,,,,,,p10265.htm#i102648,,,UNKNOWN-89344,
Q134996,Q1851709,,,,,,,,,,,,,,,,,,,,,,,,,,,,,,,,,,,,,,,,,,,,,
Q134997,Q12883286,,,,,,,,,,,,,,,,,,,,,,,,,,,,,,,,,,,,,,,,,,,,,
Q134998,Q12873129,,,,,,,,,,,,,,,,,,,,,,,,,,,,,,,,,,,,,,,,,,,,,
Q134999,Q392397,,,,,,,,,,,,,,,,,,,,,,,,,,,,,,,,,,,,,,,,,,,,,
Q135000,Q2714687,,,,,,,,,,,,,,,,,,,,,,,,,,,,,,,,,,,,,,,,,,,,,
Q135001,Q2628781,,,,,,,,,,,,,,,,,,,,,,,,,,,,,,,,,,,,,,,,,,,,,
Q135002,Q1167892,,,,,,,,,,,,,,,,,,,,,,,,,,,,,,,,,,,,,,,,,,,,,
Q135003,Q22965472,,,,,,,,,,,,,,,,,,,,,,,,,,,,,,,,,,,,,,,,,,,,,
Q135004,Q4241912,,,,,,,,,,,,,,,,,,,,,,,,,,,,,,,,,,,,,,,,,,,,,
Q135005,Q2031409,,,,,,,,,,,,,,,,,,,,,,,,,,,,,,,,,,,,,,,,,,,,,
Q135006,Q11703875,,,,,,,,,,,,,,,,,,,,,,,,,,,,,,,,,,,,,,,,,,,,,
Q135007,Q3559805,,,,,,,,,,,,,,,,,,,,,,,,,,,,,,,,,,,,,,,,,,,,,
Q135008,Q318476,,,,,,,,,,,,,,,,,,,,,,,,,,,90008,,,,,,,,,,,,,,,,,,
Q135009,Q117054203,,,,,,,,,,,,,,,,,,,,,,,,,,,,,,,,,,,,,,,,,,,,,
Q135010,Q2858222,,,,,,,,,,,,,,,,,,,,,,,,,,,,,,,,,,,,,,,,,,,,,
Q135011,Q115738659,,,,,,,,,,,,,,,,,,,,,,,,,,,,,,,,,,,,,,,,,,,,,
Q135012,Q2346367,,,,,,,,,,,,,,,,,,,,,,,,,,,,,,,,,,,,,,,,,,,,,
Q135013,Q2068934,,,,,,,,,,,,,,,,,,,,,,,,,,,,,,,,,,,,,,,,,,,,,
Q135014,Q6577515,,,,,,,,,,,,,,,,,,,,,,,,,,,894515|597222,,,,,,,,,,,,,,,,,,
Q135015,Q75382525,,,,,,,,,,,,,,,,,,,,,,,,,,,,,,,,,,,,,,,,,p10265.htm#i102647,,,,
Q135016,Q2264125,,,,,,,,,,,,,,,,,,,,,,,,,,,,,,,,,,,,,,,,,,,,,
Q135017,Q1372230,,,,,,,,,,,,,,,,,,,,,,,,,,,,,,,,,,,,,,,,,,,,,
Q135018,Q176022,,,,,,,,,,,,,,,,,,,,,,,,,,,,,,,,,,,,,,,,,,,,,
Q135019,Q393054,,,,,,,,,,,,,,,,,,,,,,,,,,,,,,,,,,,,,,,,,,,,,
Q135020,Q4811170,,,,,,,,,,,,,,,,,,,,,,,,,,,,,,,,,,,,,,,,,,,,,
Q135021,Q22965372,,,,,,,,,,,,,,,,,,,,,,,,,,,,,,,,,,,,,,,,,,,,,
Q135022,Q12765931,,,,,,,,,,,,,,,,,,,,,,,,,,,,,,,,,,,,,,,,,,,,,
Q135023,Q9061634,,,,,,,,,,,,,,,,,,,,,,,,,,,,,,,,,,,,,,,,,,,,,
Q135024,Q4067043,,,,,,,,,,,,,,,,,,,,,,,,,,,,,,,,,,,,,,,,,,,,,
Q135025,Q5675384,,,,,,,,,,,,,,,,,,,,,,,,,,,,,,,,,,,,,,,,,,,,,
Q135026,Q313901,,,,,,,,,,,,,,,,,,,,,,,,,,,90006,,,,,,,,,,,,,,,,,,
Q135027,Q117054206,,,,,,,,,,,,,,,,,,,,,,,,,,,,,,,,,,,,,,,,,,,,,
Q135028,Q313213,,,,,,,,,,,,,,,,,,,,,,,,,,,,,,,,,,,,,,,,,,,,,
Q135029,Q334739,,,,,,,,,,,,,,,,,,,,,,,,,,,407725,,,,,,,,,,,,,,,,,,
Q135030,Q313229,,,,,,,,,,,,,,,,,,,,,,,,,,,79444|174169,,,,,,,,,,,,,,,,,,
Q135031,Q115738592,,,,,,,,,,,,,,,,,,,,,,,,,,,,,,,,,,,,,,,,,,,,,
Q135032,Q3603527,,,,,,,,,,,,,,,,,,,,,,,,,,,,,,,,,,,,,,,,,,,,,
Q135033,Q20888416,,,,,,,,,,,,,,,,,,,,,,,,,,,,,,,,,,,,,,,,,,,,,
Q135034,Q75382524,,,,,,,,,,,,,,,,,,,,,,,,,,,,,,,,,,,,,,,,,p10265.htm#i102646,,,UNKNOWN-89344,
Q135035,Q1800394,,,,,,,,,,,,,,,,,,,,,,,,,,,,,,,,,,,,,,,,,,,,,
Q135036,Q666947,,,,,,,,,,,,,,,,,,,,,,,,,,,,,,,,,,,,,,,,,,,,,
Q135037,Q392414,,,,,,,,,,,,,,,,,,,,,,,,,,,,,,,,,,,,,,,,,,,,,
Q135038,Q2537646,,,,,,,,,,,,,,,,,,,,,,,,,,,,,,,,,,,,,,,,,,,,,
Q135039,Q632592,,,,,,,,,,,,,,,,,,,,,,,,,,,,,,,,,,,,,,,,,,,,,
Q135040,Q4324886,,,,,,,,,,,,,,,,,,,,,,,,,,,,,,,,,,,,,,,,,,,,,
Q135041,Q5820385,,,,,,,,,,,,,,,,,,,,,,,,,,,,,,,,,,,,,,,,,,,,,
Q135042,Q5850304,,,,,,,,,,,,,,,,,,,,,,,,,,,,,,,,,,,,,,,,,,,,,
Q135043,Q313912,,,,,,,,,,,,,,,,,,,,,,,,,,,,,,,,,,,,,,,,,,,,,I00736502
Q135044,Q117054212,,,,,,,,,,,,,,,,,,,,,,,,,,,,,,,,,,,,,,,,,,,,,
Q135045,Q313221,,,,,,,,,,,,,,,,,,,,,,,,,,,407721,,,,,,,,,,,,,,,,,,
Q135046,Q1277966,,,,,,,,,,,,,,,,,,,,,,,,,,,174177,,,,,,,,,,,,,,,,,,
Q135047,Q313237,,,,,,,,,,,,,,,,,,,,,,,,,,,79445|174167,,,,,,,,,,,,,,,,,,
Q135048,Q2060131,,,,,,,,,,,,,,,,,,,,,,,,,,,,,,,,,,,,,,,,,,,,,
Q135049,Q114905239,,,,,,,,,,,,,,,,,,,,,,,,,,,,,,,,,,,,,,,,,,,,,
Q135050,Q75382522,,,,,,,,,,,,,,,,,,,,,,,,,,,,,,,,,,,,,,,,,p10265.htm#i102645,,,UNKNOWN-89343,
Q135051,Q2451581,,,,,,,,,,,,,,,,,,,,,,,,,,,,,,,,,,,,,,,,,,,,,
Q135052,Q603537,,,,,,,,,,,,,,,,,,,,,,,,,,,,,,,,,,,,,,,,,,,,,
Q135053,Q1605643,,,,,,,,,,,,,,,,,,,,,,,,,,,,,,,,,,,,,,,,,,,,,
Q135054,Q460405,,,,,,,,,,,,,,,,,,,,,,,,,,,695191,,,,,,,,,,,,,,,,,,
Q135055,Q1258032,,,,,,,,,,,,,,,,,,,,,,,,,,,,,,,,,,,,,,,,,,,,,
Q135056,Q12764674,,,,,,,,,,,,,,,,,,,,,,,,,,,,,,,,,,,,,,,,,,,,,
Q135057,Q10350845,,,,,,,,,,,,,,,,,,,,,,,,,,,,,,,,,,,,,,,,,,,,,
Q135058,Q5733718,,,,,,,,,,,,,,,,,,,,,,,,,,,,,,,,,,,,,,,,,,,,,
Q135059,Q116471088,,,,,,,,,,,,,,,,,,,,,,,,,,,,,,,,,,,,,,,,,,,,,I00736503
Q135060,Q297086,,alvin-person:51062,,,,,,,,,,,,,,,,,,,,,,person/b135959f-16cd-4e4b-b8e3-aca0c76a2bb7,,,,,,,,,,,,,,,,,,,,,I00736504
Q135061,Q5624097,,,,,,,,,,,,,,,,,,,,,,,,,,,,,,,,,,,,,,,,,,,,,
Q135062,Q9160299,,,,,,,,,,,,,,,,,,,,,,,,,,,,,,,,,,,,,,,,,,,,,
Q135063,Q117054223,,,,,,,,,,,,,,,,,,,,,,,,,,,,,,,,,,,,,,,,,,,,,
Q135064,Q17012506,,,,,,,,,,,,,,,,,,,,,,,,,,,,,,,,,,,,,,,,,,,,,
Q135065,Q1561954,,,,,,,,,,,,,,,,,,,,,,,,,,,440567,,,,,,,,,,,,,,,,,,
Q135066,Q20502646,,,,,,,,,,,,,,,,,,,,,,,,,,,,,,,,,,,,,,,,,,,,,
Q135067,Q313216,,,,,,,,,,,,,,,,,,,,,,,,,,,79446,,,,,,,,,,,,,,,,,,
Q135068,Q188794,,,,,,,,,,,,,,,,,,,,,,,,term/d32f1972-55ff-45cf-b233-28e9d481e3d9,,,174165,,,,,,,,,,,,,,,,,,
Q135069,Q114905078,,,,,,,,,,,,,,,,,,,,,,,,,,,,,,,,,,,,,,,,,,,,,
Q135070,Q18221342,,,,,,,,,,,,,,,,,,,,,,,,,,,,,,,,,,,,,,,,,p10265.htm#i102644,,,Freawineasson-5,
Q135071,Q18417535,,,,,,,,,,,,,,,,,,,,,,,,,,,,,,,,,,,,,,,,,p18359.htm#i183590,,,,
Q135072,Q4018734,,,,,,,,,,,,,,,,,,,,,,,,,,,,,,,,,,,,,,,,,,,,Wodensson-4,
Q135073,Q18327079,,,,,,,,,,,,,,,,,,,,,,,,,,,,,,,,,,,,,,,,,,,,Wodning-2,
Q135074,Q21011015,,,,,,,,,,,,,,,,,,,,,,,,,,,,,,,,,,,,,,,,,,,,,
Q135075,Q21006602,,,,,,,,,,,,,,,,,,,,,,,,,,,,,,,,,,,,,,,,,,,,,
Q135076,Q16385853,,,,,,,,,,,,,,,,,,,,,,,,,,,,,,,,,,,,,,,,,,,,,
Q135077,Q7307943,,,,,,,,,,,,,,,,,,,,,,,,,,,,,,,,,,,,,,,,,,,,,
Q135078,Q31790240,,,,,,,,,,,,,,,,,,,,,,,,,,,,,,,,,,,,,,,,,,,,,
Q135079,Q488567,,,,,,,,,,,,,,,,,,,,,,,,,,,,,,,,,,,,,,,,,,,,,
Q135080,Q31790239,,,,,,,,,,,,,,,,,,,,,,,,,,,,,,,,,,,,,,,,,,,,,
Q135081,Q1258989,,,,,,,,,,,,,,,,,,,,,,,,,,,,,,,,,,,,,,,,,,,,,
Q135082,Q12765778,,,,,,,,,,,,,,,,,,,,,,,,,,,,,,,,,,,,,,,,,,,,,
Q135083,Q5817064,,,,,,,,,,,,,,,,,,,,,,,,,,,,,,,,,,,,,,,,,,,,,
Q135084,Q469703,,,,,,,,,,,,,,,,,,,,,,,,,,,823341,,,,,,,,,,,,,,,,,,I00736505
Q135085,Q318426,,,,,,,,,,,,,,,,,,,,,,,,person/89e8f464-4e28-4763-8b69-605cea64c144,,,,,,,,,,,,,,,,,,,,,
Q135086,Q11921050,,,,,,,,,,,,,,,,,,,,,,,,,,,,,,,,,,,,,,,,,,,,,
Q135087,Q1345898,,,,,,,,,,,,,,,,,,,,,,,,,,,,,,,,,,,,,,,,,,,,,
Q135088,Q10328651,,,,,,,,,,,,,,,,,,,,,,,,,,,,,,,,,,,,,,,,,,,,,I00736506
Q135089,Q997387,,,,,,,,,,,,,,,,,,,,,,,,,,,,,,,,,,,,,,,,,,,,,
Q135090,Q27958068,,,,,,,,,,,,,,,,,,,,,,,,,,,,,,,,,,,,,,,,,,,,,
Q135091,Q117195731,,,,,,,,,,,,,,,,,,,,,,,,,,,,,,,,,,,,,,,,,,,,,
Q135092,Q104536612,,,,,,,,,,,,,,,,,,,,,,,,,,,,,,,,,,,,,,,,,,,,,
Q135093,Q888557,,,,,,,,,,,,,,,,,,,,,,,,,,,440568,,,,,,,,,,,,,,,,,,
Q135094,Q2903829,,,,,,,,,,,,,,,,,,,,,,,,,,,,,,,,,,,,,,,,,,,,,
Q135095,Q18192190,,,,,,,,,,,,,,,,,,,,,,,,,,,,,,,,,,,,,,,,,,,,,
Q135096,Q4430779,,,,,,,,,,,,,,,,,,,,,,,,,,,,,,,,,,,,,,,,,,,,,
Q135097,Q3276278,,,,,,,,,,,,,,,,,,,,,,,,,,,596901,,,,,,,,,,,,,,,,,,
Q135098,Q75382513,,,,,,,,,,,,,,,,,,,,,,,,,,,,,,,,,,,,,,,,,p10264.htm#i102639,,,Freawineasson-4,
Q135099,Q75507666,,,,,,,,,,,,,,,,,,,,,,,,,,,,,,,,,,,,,,,,,p18360.htm#i183593,,,,
Q135100,Q75507660,,,,,,,,,,,,,,,,,,,,,,,,,,,,,,,,,,,,,,,,,p18359.htm#i183589,,,,
Q135101,Q3568011,,,,,,,,,,,,,,,,,,,,,,,,,,,126865,,,,,,,,,,,,,,,Wihtlæg_Unknown_(1),,Ap_Woden-2,
Q135102,Q76974727,,,,,,,,,,,,,,,,,,,,,,,,,,,,,,,,,,,,,,,,,,,,,
Q135103,Q47008706,,,,,,,,,,,,,,,,,,,,,,,,,,,,,,,,,,,,,,,,,,,,,
Q135104,Q1266218,,,,,,,,,,,,,,,,,,,,,,,,,,,,,,,,,,,,,,,,,,,,,
Q135105,Q1463572,,,,,,,,,,,,,,,,,,,,,,,,,,,,,,,,,,,,,,,,,,,,,
Q135106,Q38503550,,,,,,,,,,,,,,,,,,,,,,,,,,,,,,,,,,,,,,,,,,,,,
Q135107,Q2861389,,,,,,,,,,,,,,,,,,,,,,,,,,,,,,,,,,,,,,,,,,,,,
Q135108,Q18120443,,,,,,,,,,,,,,,,,,,,,,,,,,,,,,,,,,,,,,,,,,,,,
Q135109,Q84722094,,,,,,,,,,,,,,,,,,,,,,,,,,,,,,,,,,,,,,,,,,,,,
Q135110,Q26846,,,,,,,,,,,,,,,,,,,,,,,,,,,823354,,,,,,,,,,,,,,,,,,
Q135111,Q346476,,,,,,,,,,,,,,,,,,,,,,,,,,,,,,,,,,,,,,,,,,,,,
Q135112,Q705260,,,,,,,,,,,,,,,,,,,,,,,,,,,,,,,,,,,,,,,,,,,,,
Q135113,Q374667,,,,,,,,,,,,,,,,,,,,,,,,,,,,,,,,,,,,,,,,,,,,,
Q135114,Q116471085,,,,,,,,,,,,,,,,,,,,,,,,,,,,,,,,,,,,,,,,,,,,,I00786179
Q135115,Q1917012,,,,,,,,,,,,,,,,,,,,,,,,,,,,,,,,,,,,,,,,,,,,,
Q135116,Q117195738,,,,,,,,,,,,,,,,,,,,,,,,,,,,,,,,,,,,,,,,,,,,,
Q135117,Q313225,,,,,,,,,,,,,,,,,,,,,,,,,,,,,,,,,,,,,,,,,,,,,
Q135118,Q1879787,,,,,,,,,,,,,,,,,,,,,,,,,,,440569,,,,,,,,,,,,,,,,,,
Q135119,Q905162,,,,,,,,,,,,,,,,,,,,,,,,,,,440570,,,,,,,,,,,,,,,,,,
Q135120,Q108612981,,,,,,,,,,,,,,,,,,,,,,,,,,,,,,,,,,,,,,,,,,,,,
Q135121,Q114904917,,,,,,,,,,,,,,,,,,,,,,,,,,,,,,,,,,,,,,,,,,,,,
Q135122,Q3761553,,,,,,,,,,,,,,,,,,,,,,,,,,,,,,,,,,,,,,,,,p10264.htm#i102638,,,Saxony-187,
Q135123,Q75507667,,,,,,,,,,,,,,,,,,,,,,,,,,,,,,,,,,,,,,,,,p18360.htm#i183594,,,,
Q135124,Q75507658,,,,,,,,,,,,,,,,,,,,,,,,,,,,,,,,,,,,,,,,,p18359.htm#i183588,,,,
Q135125,Q5742110,,,,,,,,,,,,,,,,,,,,,,,,,,,,,,,,,,,,,,,,,,,,,
Q135126,Q1065492,,,,,,,,,,,,,,,,,,,,,,,,,,,126864,,,,,,,,,,,,,,,Wæmund_Unknown_(1),,Ap_Wihtlaeg-1,
Q135127,Q76974737,,,,,,,,,,,,,,,,,,,,,,,,,,,,,,,,,,,,,,,,,,,,,
Q135128,Q12762271,,,,,,,,,,,,,,,,,,,,,,,,,,,,,,,,,,,,,,,,,,,,,
Q135129,Q1266225,,,,,,,,,,,,,,,,,,,,,,,,,,,,,,,,,,,,,,,,,,,,,
Q135130,Q509010,,,,,,,,,,,,,,,,,,,,,,,,,,,,,,,,,,,,,,,,,,,,,
Q135131,Q16518569,,,,,,,,,,,,,,,,,,,,,,,,,,,,,,,,,,,,,,,,,,,,,
Q135132,Q12878149,,,,,,,,,,,,,,,,,,,,,,,,,,,,,,,,,,,,,,,,,,,,,
Q135133,Q359583,,,,,,,,,,,,,,,,,,,,,,,,,,,,,,,,,,,,,,,,,,,,,
Q135134,Q116549,,,,,,,,,,,,,,,,,,,,,,,,,,,,,,,,,,,,,,,,,,,,,
Q135135,Q2671359,,,,,,,,,,,,,,,,,,,,,,,,,,,,,,,,,,,,,,,,,,,,,
Q135136,Q610906,,,,,,,,,,,,,,,,,,,,,,,,,,,,,,,,,,,,,,,,,,,,,
Q135137,Q6736971,,,,,,,,,,,,,,,,,,,,,,,,,,,,,,,,,,,,,,,,,,,,,
Q135138,Q346460,,,,,,,,,,,,,,,,,,,,,,,,,,,,,,,,,,,,,,,,,,,,,I00786254
Q135139,Q125178688,,,,,,,,,,,,,,,,,,,,,,,,,,,,,,,,,,,,,,,,,,,,,
Q135140,Q116471084,,,,,,,,,,,,,,,,,,,,,,,,,,,,,,,,,,,,,,,,,,,,,I00786180
Q135141,Q313907,,,,,,,,,,,,,,,,,,,,,,,,person/fd3b96f3-2751-4e0c-8455-c86539b0c698,,,89999,,,,,,,,,,,,,,,Amyntas_III_of_Macedon_(1),,,I00736508
Q135142,Q221304,,,,,,,,,,,,,,,,,,,,,,,,,,,,,,,,,,,,,,,,,,,,,
Q135143,Q117195741,,,,,,,,,,,,,,,,,,,,,,,,,,,,,,,,,,,,,,,,,,,,,
Q135144,Q334729,,,,,,,,,,,,,,,,,,,,,,,,,,,,,,,,,,,,,,,,,,,,,
Q135145,Q3627484,,,,,,,,,,,,,,,,,,,,,,,,,,,,,,,,,,,,,,,,,,,,,
Q135146,Q3633296,,,,,,,,,,,,,,,,,,,,,,,,,,,,,,,,,,,,,,,,,,,,,
Q135147,Q743216,,,,,,,,,,,,,,,,,,,,,,,,,,,,,,,,,,,,,,,,,,,,,
Q135148,Q559304,,,,,,,,,,,,,,,,,,,,,,,,,,,,,,,,,,,,,,,,,,,,,
Q135149,Q2060196,,,,,,,,,,,,,,,,,,,,,,,,,,,,,,,,,,,,,,,,,,,,,
Q135150,Q367565,,,,,,,,,,,,,,,,,,,,,,,,,,,440571,,,,,,,,,,,,,,,,,,
Q135151,Q18192237,,,,,,,,,,,,,,,,,,,,,,,,,,,,,,,,,,,,,,,,,,,,,
Q135152,Q9252684,,,,,,,,,,,,,,,,,,,,,,,,,,,,,,,,,,,,,,,,,,,,,
Q135153,Q76141707,,,,,,,,,,,,,,,,,,,,,,,,,,,,,,,,,,,,,,,,,p56017.htm#i560170,,,Gewisson-1,
Q135154,Q75507669,,,,,,,,,,,,,,,,,,,,,,,,,,,,,,,,,,,,,,,,,p18360.htm#i183595,,,,
Q135155,Q75507657,,,,,,,,,,,,,,,,,,,,,,,,,,,,,,,,,,,,,,,,,p18359.htm#i183587,,,,
Q135157,Q462225,,,,,,,,,,,,,,,,,,,,,,,,,,,134889,,,,,,,,,,,,,,,,,,
Q135158,Q1417254,,,,,,,,,,,,,,,,,,,,,,,,,,,126863|842622,,,,,,,,,,,,,,,Offa_Unknown_(2),,Ap_Wermund-1,
Q135159,Q76974743,,,,,,,,,,,,,,,,,,,,,,,,,,,,,,,,,,,,,,,,,,,,,
Q135160,Q2542457,,,,,,,,,,,,,,,,,,,,,,,,,,,,,,,,,,,,,,,,,,,,,
Q135161,Q1263112,,,,,,,,,,,,,,,,,,,,,,,,,,,,,,,,,,,,,,,,,,,,,
Q135162,Q488602,,,,,,,,,,,,,,,,,,,,,,,,,,,,,,,,,,,,,,,,,,,,,
Q135163,Q12761959,,,,,,,,,,,,,,,,,,,,,,,,,,,,,,,,,,,,,,,,,,,,,
Q135164,Q666652,,,,,,,,,,,,,,,,,,,,,,,,,,,,,,,,,,,,,,,,,,,,,
Q135165,Q1172765,,,,,,,,,,,,,,,,,,,,,,,,,,,,,,,,,,,,,,,,,,,,,
Q135166,Q1263300,,,,,,,,,,,,,,,,,,,,,,,,,,,,,,,,,,,,,,,,,,,,,
Q135167,Q1266318,,,,,,,,,,,,,,,,,,,,,,,,,,,,,,,,,,,,,,,,,,,,,
Q135168,Q1266803,,,,,,,,,,,,,,,,,,,,,,,,,,,,,,,,,,,,,,,,,,,,,
Q135169,Q653464,,,,,,,,,,,,,,,,,,,,,,,,,,,,,,,,,,,,,,,,,,,,,
Q135170,Q16983268,,,,,,,,,,,,,,,,,,,,,,,,,,,,,,,,,,,,,,,,,,,,,I00786255
Q135171,Q241293,,,,,,,,,,,,,,,,,,,,,,,,,,,623639|351146,,,,,,,,,,,,,,,,,,I00567220
Q135172,Q957489,,,,,,,,,,,,,,,,,,,,,,,,,,,,,,,,,,,,,,,,,,,,,I00786679
Q135173,Q242295,,,,,,,,,,,,,,,,,,,,,,,,,,,286779,,,,,,,,,,,,,,,Eurydice_I_of_Macedon_(1),,,I00736509
Q135174,Q17315632,,,,,,,,,,,,,,,,,,,,,,,,,,,,,,,,,,,,,,,,,,,,,
Q135175,Q318466,,,,,,,,,,,,,,,,,,,,,,,,,,,666969,,,,,,,,,,,,,,,Perdiccas_III_of_Macedon_(1),,,I00736514
Q135176,Q313883,,,,,,,,,,,,,,,,,,,,,,,,,,,,,,,,,,,,,,,,,,Alexander_II_of_Macedon_(1),,,I00736513
Q135177,Q130650,,alvin-person:51063,,,,,,,,,,,,,,,,,,,,,,person/ddc257ce-61c0-45ec-bbf9-3c85bc123213,,,89997,,,,,,,,,,,,,,,Philip_II_of_Macedon_(1),,,I00712875
Q135178,Q6816891,,,,,,,,,,,,,,,,,,,,,,,,,,,,,,,,,,,,,,,,,,,,,
Q135179,Q19997970,,,,,,,,,,,,,,,,,,,,,,,,,,,,,,,,,,,,,,,,,,,,,
Q135180,Q355799,,,,,,,,,,,,,,,,,,,,,,,,,,,95864,,,,,,,,,,,,,,,,,,I00736339
Q135181,Q117212369,,,,,,,,,,,,,,,,,,,,,,,,,,,,,,,,,,,,,,,,,,,,,
Q135182,Q334736,,,,,,,,,,,,,,,,,,,,,,,,,,,,,,,,,,,,,,,,,,,,,
Q135183,Q123167260,,,,,,,,,,,,,,,,,,,,,,,,,,,,,,,,,,,,,,,,,,,,,
Q135184,Q156328,,,,,,,,,,,,,,,,,,,,,,,,,,,79450,,,,,,,,,,,,,,,,,,
Q135185,Q115750166,,,,,,,,,,,,,,,,,,,,,,,,,,,,,,,,,,,,,,,,,,,,,
Q135186,Q6176509,,,,,,,,,,,,,,,,,,,,,,,,,,,,,,,,,,,,,,,,,,,,,
Q135187,Q191787,,,,,,,,,,,,,,,,,,,,,,,,,,,82347|427787,,,,,,,,,,,,,,,,,,
Q135188,Q130270587,,,,,,,,,,,,,,,,,,,,,,,,,,,,,,,,,,,,,,,,,,,,,
Q135189,Q75382510,,,,,,,,,,,,,,,,,,,,,,,,,,,,,,,,,,,,,,,,,p10264.htm#i102637,,,Sachsen-98,
Q135190,Q75507671,,,,,,,,,,,,,,,,,,,,,,,,,,,,,,,,,,,,,,,,,p18360.htm#i183596,,,,
Q135191,Q75507655,,,,,,,,,,,,,,,,,,,,,,,,,,,,,,,,,,,,,,,,,p18359.htm#i183586,,,,
Q135193,Q644262,,,,,,,,,,,,,,,,,,,,,,,,,,,,,,,,,,,,,,,,,,,,,
Q135194,Q3617317,,,,,,,,,,,,,,,,,,,,,,,,,,,,,,,,,,,,,,,,,,Angeltheow_Unknown_(1),,Ap_Offa-1,
Q135195,Q76974754,,,,,,,,,,,,,,,,,,,,,,,,,,,,,,,,,,,,,,,,,,,,,
Q135196,Q12766866,,,,,,,,,,,,,,,,,,,,,,,,,,,,,,,,,,,,,,,,,,,,,
Q135197,Q741632,,,,,,,,,,,,,,,,,,,,,,,,,,,,,,,,,,,,,,,,,,,,,
Q135198,Q1528104,,,,,,,,,,,,,,,,,,,,,,,,,,,,,,,,,,,,,,,,,,,,,
Q135199,Q777923,,,,,,,,,,,,,,,,,,,,,,,,,,,,,,,,,,,,,,,,,,,,,
Q135200,Q12761989,,,,,,,,,,,,,,,,,,,,,,,,,,,,,,,,,,,,,,,,,,,,,
Q135201,Q113738479,,,,,,,,,,,,,,,,,,,,,,,,,,,,,,,,,,,,,,,,,,,,,
Q135202,Q113745445,,,,,,,,,,,,,,,,,,,,,,,,,,,,,,,,,,,,,,,,,,,,,
Q135203,Q125182112,,,,,,,,,,,,,,,,,,,,,,,,,,,,,,,,,,,,,,,,,,,,,
Q135204,Q11946593,,,,,,,,,,,,,,,,,,,,,,,,,,,,,,,,,,,,,,,,,,,,,
Q135205,Q7702077,,,,,,,,,,,,,,,,,,,,,,,,,,,,,,,,,,,,,,,,,,,,,
Q135206,Q1263290,,,,,,,,,,,,,,,,,,,,,,,,,,,,,,,,,,,,,,,,,,,,,
Q135207,Q116471089,,,,,,,,,,,,,,,,,,,,,,,,,,,,,,,,,,,,,,,,,,,,,I00786181
Q135208,Q168261,,alvin-person:50798,,,,,,,,,,,,,,,,,,,,,,person/5370a06a-7ee0-4f68-9975-ca2e2e850526,,,351145,,,,,,,,,,,,,,,,,,I00567221
Q135209,Q1227205,,,,,,,,,,,,,,,,,,,,,,,,,,,,,,,,,,,,,,,,,,,,,
Q135210,Q804609,,alvin-person:52163,,,,,,,,,,,,,,,,,,,,,,,,,,,,,,,,,,,,,,,,,,,I00737568
Q135211,Q1522999,,,,,,,,,,,,,,,,,,,,,,,,,,,,,,,,,,,,,,,,,,,,,I00736510
Q135212,Q1199983,,,,,,,,,,,,,,,,,,,,,,,,,,,,,,,,,,,,,,,,,,,,,
Q135213,Q175811,,,,,,,,,,,,,,,,,,,,,,,,,,,666967,,,,,,,,,,,,,,,Amyntas_IV_of_Macedon_(1),,,I00736515
Q135214,Q291784,,,,,,,,,,,,,,,,,,,,,,,,,,,666943,,,,,,,,,,,,,,,Audata_(1),,,I00736500
Q135215,Q1266822,,,,,,,,,,,,,,,,,,,,,,,,,,,,,,,,,,,,,,,,,,,,,
Q135216,Q453968,,,,,,,,,,,,,,,,,,,,,,,,,,,,,,,,,,,,,,,,,,,,,I00736325
Q135217,Q458602,,,,,,,,,,,,,,,,,,,,,,,,,,,,,,,,,,,,,,,,,,,,,I00736501
Q135218,Q223134,,,,,,,,,,,,,,,,,,,,,,,,,,,139895|90691,,,,,,,,,,,,,,,Olympias_(1),,,I00712876
Q135219,Q1567598,,,,,,,,,,,,,,,,,,,,,,,,,,,,,,,,,,,,,,,,,,,,,
Q135220,Q257526,,,,,,,,,,,,,,,,,,,,,,,,,,,,,,,,,,,,,,,,,,,,,
Q135221,Q295530,,alvin-person:51938,,,,,,,,,,,,,,,,,,,,,,person/61b85481-828f-4dae-9f99-d1e012c08e20,,,,,,,,,,,,,,,,,,,,,I00737567
Q135222,Q242293,,,,,,,,,,,,,,,,,,,,,,,,,,,420115,,,,,,,,,,,,,,,,,,I00736324
Q135223,Q8409,,alvin-person:50797,,,,,,,,8246022,,,,,,,,,,,,,,person/CA210868-0317-461F-AA81-A25A96B8223E,,,89965,,,,,,,,,,,,,,,Alexander_the_Great_(1),,,I00712874
Q135224,Q235588,,,,,,,,,,,,,,,,,,,,,,,,,,,666960,,,,,,,,,,,,,,,Cynane_(1),,,I00737564
Q135225,Q230258,,,,,,,,,,,,,,,,,,,,,,,,,,,,,,,,,,,,,,,,,,,,,I00736413
Q135226,Q5412073,,,,,,,,,,,,,,,,,,,,,,,,,,,,,,,,,,,,,,,,,,,,,
Q135227,Q2937876,,,,,,,,,,,,,,,,,,,,,,,,,,,,,,,,,,,,,,,,,,,,,
Q135228,Q336436,,,,,,,,,,,,,,,,,,,,,,,,,,,95865,,,,,,,,,,,,,,,,,,I00736338
Q135229,Q379863,,,,,,,,,,,,,,,,,,,,,,,,,,,95781,,,,,,,,,,,,,,,,,,I00736340
Q135230,Q975898,,,,,,,,,,,,,,,,,,,,,,,,,,,,,,,,,,,,,,,,,,,,,I00736341
Q135231,Q313232,,,,,,,,,,,,,,,,,,,,,,,,,,,,,,,,,,,,,,,,,,,,,
Q135232,Q313423,,,,,,,,,,,,,,,,,,,,,,,,,,,79451,,,,,,,,,,,,,,,,,,
Q135233,Q130564123,,,,,,,,,,,,,,,,,,,,,,,,,,,,,,,,,,,,,,,,,,,,,
Q135234,Q115750150,,,,,,,,,,,,,,,,,,,,,,,,,,,,,,,,,,,,,,,,,,,,,
Q135235,Q783824,,,,,,,,,,,,,,,,,,,,,,,,,,,970864,,,,,,,,,,,,,,,,,,
Q135236,Q75382547,,,,,,,,,,,,,,,,,,,,,,,,,,,,,,,,,,,,,,,,,p10267.htm#i102661,,,Sachsen-109,
Q135237,Q366048,,,,,,,,,,,,,,,,,,I2565,,,,,,,,,92210,,,,,,,,,,,,,,p10264.htm#i102633,Cerdic_of_Wessex_(1),,Wessex-349,
Q135238,Q75507672,,,,,,,,,,,,,,,,,,,,,,,,,,,,,,,,,,,,,,,,,p18360.htm#i183597,,,Bernicia-20,
Q135239,Q75507653,,,,,,,,,,,,,,,,,,,,,,,,,,,,,,,,,,,,,,,,,p18359.htm#i183585,,,,
Q135240,Q3742434,,,,,,,,,,,,,,,,,,,,,,,,,,,,,,,,,,,,,,,,,,,,,
Q135241,Q12719645,,,,,,,,,,,,,,,,,,,,,,,,,,,126861,,,,,,,,,,,,,,,Eomer_Unknown_(2),,Ap_Angeltheow-1,
Q135242,Q76974760,,,,,,,,,,,,,,,,,,,,,,,,,,,,,,,,,,,,,,,,,,,,,
Q135243,Q13368593,,,,,,,,,,,,,,,,,,,,,,,,,,,,,,,,,,,,,,,,,,,,,
Q135244,Q1266372,,,,,,,,,,,,,,,,,,,,,,,,,,,,,,,,,,,,,,,,,,,,,
Q135245,Q440230,,,,,,,,,,,,,,,,,,,,,,,,,,,824617,,,,,,,,,,,,,,,,,,
Q135246,Q607128,,,,,,,,,,,,,,,,,,,,,,,,,,,,,,,,,,,,,,,,,,,,,
Q135247,Q108442037,,,,,,,,,,,,,,,,,,,,,,,,,,,,,,,,,,,,,,,,,,,,,
Q135248,Q4069180,,,,,,,,,,,,,,,,,,,,,,,,,,,,,,,,,,,,,,,,,,,,,
Q135249,Q253628,,,,,,,,,,,,,,,,,,,,,,,,,,,,,,,,,,,,,,,,,,,,,
Q135250,Q104879,,,,,,,,,,,,,,,,,,,,,,,,,,,,,,,,,,,,,,,,,,,,,
Q135251,Q887051,,,,,,,,,,,,,,,,,,,,,,,,,,,,,,,,,,,,,,,,,,,,,
Q135252,Q745160,,,,,,,,,,,,,,,,,,,,,,,,,,,,,,,,,,,,,,,,,,,,,I00567223
Q135253,Q233771,,,,,,,,,,,,,,,,,,,,,,,,,,,351151,,,,,,,,,,,,,,,,,,I00567225
Q135254,Q39962,,,,,,,,,,,,,,,,,,,,,,,,,,,351148,,,,,,,,,,,,,,,,,,I00567222
Q135255,Q39576,,alvin-person:50796,,,,,,,,,,,,,,,,,,,,,,person/8f082513-2934-4103-9498-36b8c2862fd4,,,115913,,,,,,,,,,,,,,,,,,I00567190
Q135256,Q40234,,,,,,,,,,,,,,,,,,,,,,,,,,,351152,,,,,,,,,,,,,,,,,,I00715465
Q135257,Q299387,,,,,,,,,,,,,,,,,,,,,,,,,,,115885,,,,,,,,,,,,,,,,,,I00567226
Q135258,Q347176,,,,,,,,,,,,,,,,,,,,,,,,,,,371604,,,,,,,,,,,,,,,,,,
Q135259,Q289276,,,,,,,,,,,,,,,,,,,,,,,,,,,420113,,,,,,,,,,,,,,,,,,I00736331
Q135260,Q469070,,,,,,,,,,,,,,,,,,,,,,,,,,,,,,,,,,,,,,,,,,,,,I00736292
Q135261,Q6398587,,,,,,,,,,,,,,,,,,,,,,,,,,,,,,,,,,,,,,,,,,,,,
Q135262,Q16331573,,,,,,,,,,,,,,,,,,,,,,,,,,,,,,,,,,,,,,,,,,,,,
Q135263,Q1310565,,,,,,,,,,,,,,,,,,,,,,,,,,,,,,,,,,,,,,,,,,,,,
Q135264,Q85681788,,,,,,,,,,,,,,,,,,,,,,,,,,,,,,,,,,,,,,,,,,,,,
Q135265,Q20100899,,,,,,,,,,,,,,,,,,,,,,,,,,,,,,,,,,,,,,,,,,,,,
Q135266,Q269964,,,,,,,,,,,,,,,,,,,,,,,,,,,667006|753365,,,,,,,,,,,,,,,Phila_(daughter_of_Antipater)_(1),,,I00736322
Q135267,Q2087883,,,,,,,,,,,,,,,,,,,,,,,,,,,,,,,,,,,,,,,,,,,,,
Q135268,Q125655343,,,,,,,,,,,,,,,,,,,,,,,,,,,,,,,,,,,,,,,,,,,,,
Q135269,Q1199977,,,,,,,,,,,,,,,,,,,,,,,,,,,,,,,,,,,,,,,,,,,,,
Q135270,Q1199978,,,,,,,,,,,,,,,,,,,,,,,,,,,,,,,,,,,,,,,,,,,,,
Q135271,Q6723466,,,,,,,,,,,,,,,,,,,,,,,,,,,467851,,,,,,,,,,,,,,,,,,
Q135272,Q292317,,,,,,,,,,,,,,,,,,,,,,,,,,,,,,,,,,,,,,,,,,,,,I00736516
Q135273,Q808052,,,,,,,,,,,,,,,,,,,,,,,,,,,,,,,,,,,,,,,,,,Bardyllis_(1),,,I00786218
Q135274,Q13230617,,,,,,,,,,,,,,,,,,,,,,,,,,,139896,,,,,,,,,,,,,,,,,,I00738438
Q135275,Q335658,,,,,,,,,,,,,,,,,,,,,,,,,,,96030,,,,,,,,,,,,,,,,,,I00736414
Q135276,Q3539799,,,,,,,,,,,,,,,,,,,,,,,,,,,482220,,,,,,,,,,,,,,,,,,I00738436
Q135277,Q12283915,,,,,,,,,,,,,,,,,,,,,,,,,,,,,,,,,,,,,,,,,,,,,
Q135278,Q207183,,alvin-person:51940,,,,,,,,,,,,,,,,,,,,,,person/7fa063ee-ae6d-42ce-a116-d4ee9863e147,,,351150,,,,,,,,,,,,,,,,,,I00736323
Q135279,Q347144,,,,,,,,,,,,,,,,,,,,,,,,,,,420127,,,,,,,,,,,,,,,,,,I00736326
Q135280,Q347170,,,,,,,,,,,,,,,,,,,,,,,,,,,482207,,,,,,,,,,,,,,,,,,I00736330
Q135281,Q8636269,,,,,,,,,,,,,,,,,,,,,,,,,,,420128,,,,,,,,,,,,,,,,,,I00736327
Q135282,Q190055,,,,,,,,,,,,,,,,,,,,,,,,,,,90274,,,,,,,,,,,,,,,Roxana_(1),,,I00736564
Q135283,Q5429464,,,,,,,,,,,,,,,,,,,,,,,,,,,,,,,,,,,,,,,,,,,,,I00736566
Q135284,Q434369,,,,,,,,,,,,,,,,,,,,,,,,,,,,,,,,,,,,,,,,,,,,,I00736568
Q135285,Q207847,,,,,,,,,,,,,,,,,,,,,,,,,,,90690,,,,,,,,,,,,,,,,,,I00737565
Q135286,Q447770,,,,,,,,,,,,,,,,,,,,,,,,,,,452026,,,,,,,,,,,,,,,,,,
Q135287,Q1130494,,,,,,,,,,,,,,,,,,,,,,,,,,,90692,,,,,,,,,,,,,,,,,,I00737566
Q135288,Q12878606,,,,,,,,,,,,,,,,,,,,,,,,,,,,,,,,,,,,,,,,,,,,,
Q135289,Q310095,,,,,,,,,,,,,,,,,,,,,,,,,,,95863,,,,,,,,,,,,,,,,,,I00736337
Q135290,Q131732241,,,,,,,,,,,,,,,,,,,,,,,,,,,,,,,,,,,,,,,,,,,,,I00738066
Q135291,Q295225,,,,,,,,,,,,,,,,,,,,,,,,,,,96053,,,,,,,,,,,,,,,,,,I00736399
Q135292,Q131732243,,,,,,,,,,,,,,,,,,,,,,,,,,,,,,,,,,,,,,,,,,,,,I00738045
Q135293,Q28169574,,,,,,,,,,,,,,,,,,,,,,,,,,,,,,,,,,,,,,,,,,,,,
Q135294,Q43985,,,,,,,,,,,,,,,,,,,,,,,,,,,,,,,,,,,,,,,,,,,,,
Q135295,Q312893,,,,,,,,,,,,,,,,,,,,,,,,,,,,,,,,,,,,,,,,,,,,,I00737239
Q135296,Q4896825,,,,,,,,,,,,,,,,,,,,,,,,,,,,,,,,,,,,,,,,,,,,,I00253191
Q135297,Q11906721,,,,,,,,,,,,,,,,,,,,,,,,,,,,,,,,,,,,,,,,,,,,,
Q135298,Q102865,,,,,,,,,,,,,,,,,,,,,,,,,,,96045,,,,,,,,,,,,,,,,,,I00737913
Q135299,Q347628,,,,,,,,,,,,,,,,,,,,,,,,,,,,,,,,,,,,,,,,,,,,,I00736342
Q135300,Q334726,,,,,,,,,,,,,,,,,,,,,,,,,,,,,,,,,,,,,,,,,,,,,
Q135301,Q313228,,,,,,,,,,,,,,,,,,,,,,,,,,,79453|32711,,,,,,,,,,,,,,,,,,
Q135302,Q115749766,,,,,,,,,,,,,,,,,,,,,,,,,,,,,,,,,,,,,,,,,,,,,
Q135303,Q11979099,,,,,,,,,,,,,,,,,,,,,,,,,,,970865,,,,,,,,,,,,,,,,,,
Q135304,Q75382548,,,,,,,,,,,,,,,,,,,,,,,,,,,,,,,,,,,,,,,,,p10267.htm#i102662,,,,
Q135305,Q75382550,,,,,,,,,,,,,,,,,,,,,,,,,,,,,,,,,,,,,,,,,p10267.htm#i102663,,,Wihtgar-1,
Q135306,Q96074675,,,,,,,,,,,,,,,,,,I2566,,,,,,,,,,,,,,,,,,,,,,,,,,,
Q135307,Q454047,,,,,,,,,,,,,,,,,,I2563,,,,,,,,,92209,,,,,,,,,,,,,,p10264.htm#i102634,Cynric_of_Wessex_(1),,Wessex-365,
Q135308,Q5184195,,,,,,,,,,,,,,,,,,I2564,,,,,,,,,92210,,,,,,,,,,,,,,p17579.htm#i175789,Creoda_of_Wessex_(1),,Wessex-366,
Q135309,Q75507674,,,,,,,,,,,,,,,,,,,,,,,,,,,842617,,,,,,,,,,,,,,p18360.htm#i183599,,,Bernicia-19,
Q135310,Q75507652,,,,,,,,,,,,,,,,,,,,,,,,,,,,,,,,,,,,,,,,,p18359.htm#i183584,,,,
Q135314,Q738812,,,,,,,,,,,,,,,,,,,,,,,,,,,126860,,,,,,,,,,,,,,,Icel_De_Mercia_(2),,Mercia-228,
Q135315,Q728080,,,,,,,,,,,,,,,,,,,,,,,,,,,950566,,,,,,,,,,,,,,,Wehha_of_East_Anglia_(1),,,
Q135316,Q12771373,,,,,,,,,,,,,,,,,,,,,,,,,,,,,,,,,,,,,,,,,,,,,
Q135317,Q334478,,,,,,,,,,,,,,,,,,,,,,,,,,,,,,,,,,,,,,,,,,,,,
Q135318,Q349897,,,,,,,,,,,,,,,,,,,,,,,,,,,695218,,,,,,,,,,,,,,,,,,
Q135319,Q4335370,,,,,,,,,,,,,,,,,,,,,,,,,,,,,,,,,,,,,,,,,,,,,
Q135320,Q2071073,,,,,,,,,,,,,,,,,,,,,,,,,,,,,,,,,,,,,,,,,,,,,
Q135321,Q4336453,,,,,,,,,,,,,,,,,,,,,,,,,,,,,,,,,,,,,,,,,,,,,
Q135322,Q3555333,,,,,,,,,,,,,,,,,,,,,,,,,,,,,,,,,,,,,,,,,,,,,
Q135323,Q878522,,,,,,,,,,,,,,,,,,,,,,,,,,,,,,,,,,,,,,,,,,,,,
Q135324,Q463760,,,,,,,,,,,,,,,,,,,,,,,,,,,,,,,,,,,,,,,,,,,,,I00736346
Q135325,Q740013,,,,,,,,,,,,,,,,,,,,,,,,,,,,,,,,,,,,,,,,,,,,,
Q135326,Q233783,,,,,,,,,,,,,,,,,,,,,,,,,,,,,,,,,,,,,,,,,,,,,
Q135327,Q20669247,,,,,,,,,,,,,,,,,,,,,,,,,,,,,,,,,,,,,,,,,,,,,
Q135328,Q204760,,,,,,,,,,,,,,,,,,,,,,,,,,,371595,,,,,,,,,,,,,,,,,,I00700798
Q135329,Q441885,,,,,,,,,,,,,,,,,,,,,,,,,,,667004,,,,,,,,,,,,,,,,,,I00736329
Q135330,Q1671982,,,,,,,,,,,,,,,,,,,,,,,,,,,,,,,,,,,,,,,,,,Iollas_Of_Macedonia_(1),,,
Q135331,Q518039,,,,,,,,,,,,,,,,,,,,,,,,,,,351149,,,,,,,,,,,,,,,,,,I00700799
Q135332,Q878392,,,,,,,,,,,,,,,,,,,,,,,,,,,541059,,,,,,,,,,,,,,,Magas_of_Cyrene_(1),,,I00700800
Q135333,Q269946,,,,,,,,,,,,,,,,,,,,,,,,,,,,,,,,,,,,,,,,,,,,,I00736302
Q135334,Q3299484,,,,,,,,,,,,,,,,,,,,,,,,,,,541079,,,,,,,,,,,,,,,,,,I00736563
Q135335,Q231668,,,,,,,,,,,,,,,,,,,,,,,,,,,351146,,,,,,,,,,,,,,,,,,I00567191
Q135336,Q39602,,alvin-person:50799,,,,,,,,,,,,,,,,,,,,,,person/9be36637-f569-40d6-81a2-eb89fb499c47,,,351153,,,,,,,,,,,,,,,Ptolemy_III_Euergetes_(1),,,I00567192
Q135337,Q237136,,,,,,,,,,,,,,,,,,,,,,,,,,,,,,,,,,,,,,,,,,,,,I00567229
Q135338,Q3554962,,,,,,,,,,,,,,,,,,,,,,,,,,,,,,,,,,,,,,,,,,,,,I00567228
Q135339,Q2116229,,,,,,,,,,,,,,,,,,,,,,,,,,,,,,,,,,,,,,,,,,,,,
Q135340,Q32133,,alvin-person:51058,,,,,,,,,,,,,,,,,,,,,,,,,351147|420103,,,,,,,,,,,,,,,,,,I00715466
Q135341,Q1934546,,,,,,,,,,,,,,,,,,,,,,,,,,,,,,,,,,,,,,,,,,,,,I00736468
Q135342,Q6710205,,,,,,,,,,,,,,,,,,,,,,,,,,,,,,,,,,,,,,,,,,,,,
Q135343,Q7183088,,,,,,,,,,,,,,,,,,,,,,,,,,,,,,,,,,,,,,,,,,,,,
Q135344,Q391454,,,,,,,,,,,,,,,,,,,,,,,,,,,488515|420107,,,,,,,,,,,,,,,,,,I00736334
Q135345,Q59734,,,,,,,,,,,,,,,,,,,,,,,,,,,401550,,,,,,,,,,,,,,,Demetrius_I_of_Macedon_(1),,,I00736293
Q135346,Q878405,,,,,,,,,,,,,,,,,,,,,,,,,,,,,,,,,,,,,,,,,,,,,I00736294
Q135347,Q267733,,,,,,,,,,,,,,,,,,,,,,,,,,,,,,,,,,,,,,,,,,,,,I00567224
Q135348,Q1374006,,,,,,,,,,,,,,,,,,,,,,,,,,,,,,,,,,,,,,,,,,,,,
Q135349,Q297390,,,,,,,,,,,,,,,,,,,,,,,,,,,667018,,,,,,,,,,,,,,,,,,I00736460
Q135350,Q241386,,alvin-person:51942,,,,,,,,,,,,,,,,,,,,,,,,,465423,,,,,,,,,,,,,,,,,,I00736312
Q135351,Q235061,,,,,,,,,,,,,,,,,,,,,,,,,,,139881,,,,,,,,,,,,,,,Stratonice_of_Syria_(1),,,I00736321
Q135352,Q1120892,,,,,,,,,,,,,,,,,,,,,,,,,,,465440,,,,,,,,,,,,,,,,,,I00736459
Q135353,Q1850877,,,,,,,,,,,,,,,,,,,,,,,,,,,1224209|465426,,,,,,,,,,,,,,,,,,I00738584
Q135354,Q462994,,,,,,,,,,,,,,,,,,,,,,,,,,,,,,,,,,,,,,,,,,,,,
Q135355,Q3269324,,,,,,,,,,,,,,,,,,,,,,,,,,,,,,,,,,,,,,,,,,Cleitus_the_Illyrian_(1),,,
Q135356,Q729118,,,,,,,,,,,,,,,,,,,,,,,,,,,96014,,,,,,,,,,,,,,,,,,I00738435
Q135357,Q511880,,,,,,,,,,,,,,,,,,,,,,,,,,,96015,,,,,,,,,,,,,,,,,,I00738434
Q135358,Q403377,,,,,,,,,,,,,,,,,,,,,,,,,,,96017|482223|970863,,,,,,,,,,,,,,,,,,I00738431
Q135359,Q560625,,,,,,,,,,,,,,,,,,,,,,,,,,,,,,,,,,,,,,,,,,,,,
Q135360,Q11938756,,,,,,,,,,,,,,,,,,,,,,,,,,,,,,,,,,,,,,,,,,,,,
Q135361,Q4721242,,,,,,,,,,,,,,,,,,,,,,,,,,,,,,,,,,,,,,,,,,,,,
Q135362,Q458544,,,,,,,,,,,,,,,,,,,,,,,,,,,667057,,,,,,,,,,,,,,,,,,I00736328
Q135363,Q551847,,,,,,,,,,,,,,,,,,,,,,,,,,,90689,,,,,,,,,,,,,,,Oxyartes_Sogdiana_(1),,,I00736565
Q135364,Q470337,,,,,,,,,,,,,,,,,,,,,,,,,,,,,,,,,,,,,,,,,,,,,I00736567
Q135365,Q6048491,,,,,,,,,,,,,,,,,,,,,,,,,,,,,,,,,,,,,,,,,,,,,I00737917
Q135366,Q3243260,,,,,,,,,,,,,,,,,,,,,,,,,,,,,,,,,,,,,,,,,,,,,I00737918
Q135367,Q109312801,,,,,,,,,,,,,,,,,,,,,,,,,,,,,,,,,,,,,,,,,,,,,
Q135368,Q192867,,,,,,,,,,,,,,,,,,,,,,,,,,,96049,,,,,,,,,,,,,,,,,,I00736410
Q135369,Q260783,,,,,,,,,,,,,,,,,,,,,,,,,,,495647,,,,,,,,,,,,,,,,,,I00737837
Q135370,Q16177979,,,,,,,,,,,,,,,,,,,,,,,,,,,,,,,,,,,,,,,,,,,,,
Q135371,Q312032,,,,,,,,,,,,,,,,,,,,,,,,,,,95791,,,,,,,,,,,,,,,,,,I00736336
Q135372,Q131732242,,,,,,,,,,,,,,,,,,,,,,,,,,,,,,,,,,,,,,,,,,,,,I00738067
Q135373,Q271260,,,,,,,,,,,,,,,,,,,,,,,,,,,95787,,,,,,,,,,,,,,,,,,I00736401
Q135374,Q299428,,,,,,,,,,,,,,,,,,,,,,,,,,,95790,,,,,,,,,,,,,,,,,,I00736400
Q135375,Q716428,,,,,,,,,,,,,,,,,,,,,,,,,,,667073,,,,,,,,,,,,,,,,,,
Q135376,Q233359,,,,,,,,,,,,,,,,,,,,,,,,,,,,,,,,,,,,,,,,,,,,,I00736405
Q135377,Q262739,,,,,,,,,,,,,,,,,,,,,,,,,,,587236,,,,,,,,,,,,,,,,,,I00738039
Q135378,Q264576,,,,,,,,,,,,,,,,,,,,,,,,,,,,,,,,,,,,,,,,,,,,,I00738038
Q135379,Q7180014,,,,,,,,,,,,,,,,,,,,,,,,,,,644339,,,,,,,,,,,,,,,,,,I00738483
Q135380,Q20001806,,,,,,,,,,,,,,,,,,,,,,,,,,,,,,,,,,,,,,,,,,,,,
Q135381,Q129165,,,,,,,,,,8153452,,,,,,,,,,,,,,,,,95779,,,,,,,,,,,,,,,,,,I00736406
Q135382,Q331517,,,,,,,,,,,,,,,,,,,,,,,,,,,,,,,,,,,,,,,,,,,,,I00738564
Q135383,Q11906699,,,,,,,,,,,,,,,,,,,,,,,,,,,597620,,,,,,,,,,,,,,,,,,I00738562
Q135384,Q4927914,,,,,,,,,,,,,,,,,,,,,,,,,,,,,,,,,,,,,,,,,,,,,I00738563
Q135385,Q5896993,,,,,,,,,,,,,,,,,,,,,,,,,,,,,,,,,,,,,,,,,,,,,I00738154
Q135386,Q2861160,,,,,,,,,,,,,,,,,,,,,,,,,,,,,,,,,,,,,,,,,,,,,
Q135387,Q454906,,,,,,,,,,,,,,,,,,,,,,,,,,,597622,,,,,,,,,,,,,,,,,,I00738043
Q135388,Q539806,,,,,,,,,,,,,,,,,,,,,,,,,,,,,,,,,,,,,,,,,,,,,I00737927
Q135389,Q561925,,,,,,,,,,,,,,,,,,,,,,,,,,,,,,,,,,,,,,,,,,,,,
Q135390,Q5957727,,,,,,,,,,,,,,,,,,,,,,,,,,,,,,,,,,,,,,,,,,,,,
Q135391,Q15858840,,,,,,,,,,,,,,,,,,,,,,,,,,,,,,,,,,,,,,,,,,,,,I00786248
Q135392,Q18384750,,,,,,,,,,,,,,,,,,,,,,,,,,,,,,,,,,,,,,,,,,,,,
Q135393,Q262243,,,,,,,,,,,,,,,,,,,,,,,,,,,,,,,,,,,,,,,,,,,,,I00738561
Q135394,Q2428648,,,,,,,,,,,,,,,,,,,,,,,,,,,,,,,,,,,,,,,,,,,,,I00737254
Q135395,Q1666220,,,,,,,,,,,,,,,,,,,,,,,,,,,,,,,,,,,,,,,,,,,,,
Q135396,Q16171389,,,,,,,,,,,,,,,,,,,,,,,,,,,,,,,,,,,,,,,,,,,,,
Q135397,Q8204395,,,,,,,,,,,,,,,,,,,,,,,,,,,,,,,,,,,,,,,,,,,,,
Q135398,Q15632748,,,,,,,,,,,,,,,,,,,,,,,,,,,,,,,,,,,,,,,,,,,,,I00737914
Q135399,Q242340,,,,,,,,,,,,,,,,,,,,,,,,,,,111188,,,,,,,,,,,,,,,,,,I00736411
Q135400,Q665965,,,,,,,,,,,,,,,,,,,,,,,,,,,,,,,,,,,,,,,,,,,,,I00736412
Q135401,Q109547894,,,,,,,,,,,,,,,,,,,,,,,,,,,,,,,,,,,,,,,,,,,,,
Q135402,Q96782428,,,,,,,,,,,,,,,,,,,,,,,,,,,,,,,,,,,,,,,,,,,,,
Q135403,Q147164,,,,,,,,,,,,,,,,,,,,,,,,,,,,,,,,,,,,,,,,,,,,,I00736343
Q135404,Q135454557,,,,,,,,,,,,,,,,,,,,,,,,,,,,,,,,,,,,,,,,,,,,,
Q135405,Q16573951,,,,,,,,,,,,,,,,,,,,,,,,,,,,,,,,,,,,,,,,,,,,,
Q135406,Q319034,,,,,,,,,,,,,,,,,,,,,,,,,,,79455,,,,,,,,,,,,,,,,,,
Q135407,Q184273,,,,,,,,,,,,,,,,,,,,,,,,,,,79457|32550|1227547,,,,,,,,,,,,,,,,,,
Q135408,Q336832,,,,,,,,,,,,,,,,,,,,,,,,,,,79456|1228677,,,,,,,,,,,,,,,,,,
Q135409,Q115762115,,,,,,,,,,,,,,,,,,,,,,,,,,,,,,,,,,,,,,,,,,,,,
Q135410,Q86006677,,,,,,,,,,,,,,,,,,,,,,,,,,,,,,,,,,,,,,,,,,,,,
Q135411,Q1761359,,,,,,,,,,,,,,,,,,,,,,,,term/8dad7f4b-a250-462d-b3e9-7f964b7dc71b,,,,,,,,,,,,,,,,,,,,,
Q135412,Q9252723,,,,,,,,,,,,,,,,,,,,,,,,,,,970866,,,,,,,,,,,,,,,,,,
Q135413,Q96074676,,,,,,,,,,,,,,,,,,I2567,,,,,,,,,240260,,,,,,,,,,,,,,,,,Wessex-152,
Q135414,Q96074677,,,,,,,,,,,,,,,,,,I2568,,,,,,,,,,,,,,,,,,,,,,,,,,,
Q135415,Q363849,,,,,,,,,,,,,,,,,,I2562,,,,,,,,,92208,,,,,,,,,,,,,,p10264.htm#i102635,Ceawlin_of_Wessex_(1),,Wessex-25,
Q135416,Q45824969,,,,,,,,,,,,,,,,,,I2569,,,,,,,,,126847,,,,,,,,,,,,,,p10264.htm#i102636,Cuthwulf_Wessex_(1),,Wessex-367,
Q135417,Q77482534,,,,,,,,,,,,,,,,,,,,,,,,,,,,,,,,,,,,,,,,,,,,,
Q135418,Q11919680,,,,,,,,,,,,,,,,,,,,,,,,,,,132178,,,,,,,,,,,,,,p18360.htm#i183598,,,Inguisson-1,
Q135419,Q116147854,,,,,,,,,,,,,,,,,,,,,,,,,,,,,,,,,,,,,,,,,,,,,I00759114
Q135420,Q211396,,alvin-person:50444,,,,,,,,,,,,,,,,,,,,,,person/e9eb373b-2747-432d-afc4-2bd8ac8b2153,,,132309,,,,,,,,,,,,,,,,,Maximus-1,I00716776|I00768446
Q135421,Q1327859,,,,,,,,,,,,,,,,,,,,,,,,,,,,,,,,,,,,,,,,,,Elen_Eudaf_(1),,Einudd-7,
Q135422,Q17984835,,,,,,,,,,,,,,,,,,,,,,,,,,,,,,,,,,,,,,,,,,,,,
Q135423,Q2511778,,,,,,,,,,,,,,,,,,,,,,,,,,,,,,,,,,,,,,,,,,,,Ap_Cynderin-2,I00768443
Q135424,Q2575163,,,,,,,,,,,,,,,,,,,,,,,,,,,,,,,,,,,,,,,,,,,,Ap_Cadeyrn-2,I00206930|I00754932
Q135425,Q3405065,,,,,,,,,,,,,,,,,,,,,,,,,,,,,,,,,,,,,,,,,,,,,
Q135426,Q2727075,,,,,,,,,,,,,,,,,,,,,,,,,,,,,,,,,,,,,,,,,,,,,
Q135427,Q1772594,,,,,,,,,,,,,,,,,,,,,,,,,,,,,p=asa;n=d agder,,,,,,,,,,,,,Asa_Haraldsdottir_(1),,Haraldsdottir-6,I00220732
Q135428,Q130320413,,,,,,,,,,,,,,,,,,,,,,,,,,,,,,,,,,,,,,,,,,,,Haraldsson-27,
Q135429,Q1421647,,,,,,,,,,,,,,,,,,,,,,,,,,,323121,,,,,,,,,,,,,,,Halfdan_the_Valiant_(1),,,
Q135430,Q360151,,,,,,,,,,,,,,,,,,,,,,,,,,,,,,,,,,,,,,,,,,,,,
Q135431,Q718102,,,,,,,,,,,,,,,,,,,,,,,,,,,1028089,,,,,,,,,,,,,,,,,,
Q135432,Q44228,,,,,,,,,,,,,,,,,,,,,,,,,,,695214,,,,,,,,,,,,,,,,,,
Q135433,Q44005,,,,,,,,,,,,,,,,,,,,,,,,,,,695217,,,,,,,,,,,,,,,,,,
Q135434,Q943883,,,,,,,,,,,,,,,,,,,,,,,,,,,1262329,,,,,,,,,,,,,,,,,,
Q135435,Q2998631,,,,,,,,,,,,,,,,,,,,,,,,,,,,,,,,,,,,,,,,,,,,,
Q135436,Q114356953,,,,,,,,,,,,,,,,,,,,,,,,,,,,,,,,,,,,,,,,,,,,,
Q135437,Q458256,,,,,,,,,,,,,,,,,,,,,,,,,,,,,,,,,,,,,,,,,,,,,I00736345
Q135438,Q11906173,,,,,,,,,,,,,,,,,,,,,,,,,,,,,,,,,,,,,,,,,,,,,I00736552
Q135439,Q131563309,,,,,,,,,,,,,,,,,,,,,,,,,,,,,,,,,,,,,,,,,,,,,
Q135440,Q553304,,,,,,,,,,,,,,,,,,,,,,,,,,,,,,,,,,,,,,,,,,,,,
Q135441,Q319378,,,,,,,,,,,,,,,,,,,,,,,,,,,,,,,,,,,,,,,,,,,,,
Q135442,Q297366,,,,,,,,,,,,,,,,,,,,,,,,,,,,,,,,,,,,,,,,,,,,,
Q135443,Q113834692,,,,,,,,,,,,,,,,,,,,,,,,,,,,,,,,,,,,,,,,,,,,,
Q135444,Q5049217,,,,,,,,,,,,,,,,,,,,,,,,,,,,,,,,,,,,,,,,,,,,,I00736304
Q135445,Q1489064,,,,,,,,,,,,,,,,,,,,,,,,,,,,,,,,,,,,,,,,,,,,,
Q135446,Q3621605,,,,,,,,,,,,,,,,,,,,,,,,,,,,,,,,,,,,,,,,,,,,,
Q135447,Q11941236,,,,,,,,,,,,,,,,,,,,,,,,,,,,,,,,,,,,,,,,,,,,,
Q135448,Q451066,,,,,,,,,,,,,,,,,,,,,,,,,,,1253599|588853,,,,,,,,,,,,,,,Apama_II_(1),,,I00715471
Q135449,Q40010,,alvin-person:50803,,,,,,,,,,,,,,,,,,,,,,,,,581581,,,,,,,,,,,,,,,Berenice_II_(1),,,I00567193
Q135450,Q172353,,alvin-person:26400,,,,,,,,,,,,,,,,,,,,,,person/7a8d6d13-05be-40f2-861e-5e015cd6e20c,,,96019|482226,,,,,,,,,,,,,,,,,,I00736301
Q135451,Q3235790,,,,,,,,,,,,,,,,,,,,,,,,,,,883413,,,,,,,,,,,,,,,,,,I00736300
Q135452,Q3563389,,,,,,,,,,,,,,,,,,,,,,,,,,,541071,,,,,,,,,,,,,,,,,,I00737573
Q135453,Q312326,,alvin-person:51049,,,,,,,,,,,,,,,,,,,,,,person/b0647ca8-e87e-4851-91cf-f4a8a6c04b74,,,883429,,,,,,,,,,,,,,,,,,I00737574
Q135454,Q3621403,,,,,,,,,,,,,,,,,,,,,,,,,,,1261219,,,,,,,,,,,,,,,,,,I00737578
Q135455,Q7782484,,,,,,,,,,,,,,,,,,,,,,,,,,,883436,,,,,,,,,,,,,,,,,,I00736562
Q135456,Q886688,,,,,,,,,,,,,,,,,,,,,,,,,,,420109,,,,,,,,,,,,,,,,,,
Q135457,Q39595,,alvin-person:50800,,,,,,,,,,,,,,,,,,,,,,,,,351154,,,,,,,,,,,,,,,Ptolemy_IV_Philopator_(1),,,I00567194
Q135458,Q40258,,,,,,,,,,,,,,,,,,,,,,,,,,,115884,,,,,,,,,,,,,,,Arsinoe_III_of_Egypt_(1),,,I00567195
Q135459,Q12873284,,,,,,,,,,,,,,,,,,,,,,,,,,,,,,,,,,,,,,,,,,,,,
Q135460,Q3233494,,,,,,,,,,,,,,,,,,,,,,,,,,,,,,,,,,,,,,,,,,,,,I00567197
Q135461,Q222930,,alvin-person:52175,,,,,,,,,,,,,,,,,,,,,,,,,139879,,,,,,,,,,,,,,,Antiochus_II_Theos_(1),,,I00736276
Q135462,Q12873721,,,,,,,,,,,,,,,,,,,,,,,,,,,,,,,,,,,,,,,,,,,,,I00736595
Q135463,Q468821,,,,,,,,,,,,,,,,,,,,,,,,,,,,,,,,,,,,,,,,,,,,,
Q135464,Q4691548,,,,,,,,,,,,,,,,,,,,,,,,,,,1254322,,,,,,,,,,,,,,,,,,I00736332
Q135465,Q23938,,,,,,,,,,,,,,,,,,,,,,,,,,,,,,,,,,,,,,,,,,,,,
Q135466,Q176912,,,,,,,,,,,,,,,,,,,,,,,,,,,,,,,,,,,,,,,,,,,,,
Q135467,Q24254,,,,,,,,,,,,,,,,,,,,,,,,,,,,,,,,,,,,,,,,,,,,,
Q135468,Q262329,,,,,,,,,,,,,,,,,,,,,,,,,,,,,,,,,,,,,,,,,,,,,I00736592
Q135469,Q21095831,,,,,,,,,,,,,,,,,,,,,,,,,,,,,,,,,,,,,,,,,,,,,
Q135470,Q131720555,,,,,,,,,,,,,,,,,,,,,,,,,,,,,,,,,,,,,,,,,,,,,
Q135471,Q6710208,,,,,,,,,,,,,,,,,,,,,,,,,,,,,,,,,,,,,,,,,,,,,I00736467
Q135472,Q5382918,,,,,,,,,,,,,,,,,,,,,,,,,,,,,,,,,,,,,,,,,,,,,
Q135473,Q200401,,,,,,,,,,,,,,,,,,,,,,,,,,,465425,,,,,,,,,,,,,,,,,,I00737941
Q135474,Q270585,,,,,,,,,,,,,,,,,,,,,,,,,,,,,,,,,,,,,,,,,,,,,I00737942
Q135475,Q248817,,,,,,,,,,,,,,,,,,,,,,,,,,,1224220,,,,,,,,,,,,,,,,,,
Q135476,Q437598,,,,,,,,,,,,,,,,,,,,,,,,,,,,,,,,,,,,,,,,,,,,,
Q135477,Q437342,,,,,,,,,,,,,,,,,,,,,,,,,,,883392,,,,,,,,,,,,,,,,,,
Q135478,Q286973,,,,,,,,,,,,,,,,,,,,,,,,,,,883427,,,,,,,,,,,,,,,,,,I00738714
Q135479,Q12876059,,,,,,,,,,,,,,,,,,,,,,,,,,,,,,,,,,,,,,,,,,,,,
Q135480,Q2641655,,,,,,,,,,,,,,,,,,,,,,,,,,,883400,,,,,,,,,,,,,,,,,,
Q135481,Q12879766,,,,,,,,,,,,,,,,,,,,,,,,,,,,,,,,,,,,,,,,,,,,,
Q135482,Q3625023,,,,,,,,,,,,,,,,,,,,,,,,,,,,,,,,,,,,,,,,,,,,,
Q135483,Q10340775,,,,,,,,,,,,,,,,,,,,,,,,,,,,,,,,,,,,,,,,,,,,,I00736295
Q135484,Q108816,,,,,,,,,,,,,,,,,,,,,,,,,,,,,,,,,,,,,,,,,,,,,I00736297
Q135485,Q9250168,,,,,,,,,,,,,,,,,,,,,,,,,,,,,,,,,,,,,,,,,,,,,I00786275
Q135486,Q2055583,,,,,,,,,,,,,,,,,,,,,,,,,,,,,,,,,,,,,,,,,,,,,
Q135487,Q116469247,,,,,,,,,,,,,,,,,,,,,,,,,,,,,,,,,,,,,,,,,,,,,I00736461
Q135488,Q477165,,,,,,,,,,,,,,,,,,,,,,,,,,,,,,,,,,,,,,,,,,,,,
Q135489,Q1090478,,,,,,,,,,,,,,,,,,,,,,,,,,,,,,,,,,,,,,,,,,,,,I00736313
Q135490,Q313847,,alvin-person:51943,,,,,,,,,,,,,,,,,,,,,,,,,465422,,,,,,,,,,,,,,,,,,I00736311
Q135491,Q949786,,,,,,,,,,,,,,,,,,,,,,,,,,,,,,,,,,,,,,,,,,,,,
Q135492,Q184176,,,,,,,,,,,,,,,,,,,,,,,,person/dce55806-63b6-482f-afe0-69b262ff6ef6,,,139884|696416,,,,,,,,,,,,,,,Seleucus_I_Nicator_(1),,,I00736272
Q135493,Q211488,,alvin-person:52174,,,,,,,,,,,,,,,,,,,,,,person/0a8867e2-88b4-4f1f-bfa8-543f7b23601f,,,139880,,,,,,,,,,,,,,,Antiochus_I_Soter_(1),,,I00736274
Q135494,Q2297951,,,,,,,,,,,,,,,,,,,,,,,,,,,465443,,,,,,,,,,,,,,,,,,I00189101
Q135495,Q16328349,,,,,,,,,,,,,,,,,,,,,,,,,,,,,,,,,,,,,,,,,,,,,
Q135496,Q888435,,,,,,,,,,,,,,,,,,,,,,,,,,,,,,,,,,,,,,,,,,,,,I00736275
Q135497,Q2643839,,,,,,,,,,,,,,,,,,,,,,,,,,,,,,,,,,,,,,,,,,,,,I00736458
Q135498,Q1293791,,,,,,,,,,,,,,,,,,,,,,,,,,,,,,,,,,,,,,,,,,,,,
Q135499,Q4860246,,,,,,,,,,,,,,,,,,,,,,,,,,,,,,,,,,,,,,,,,,Bardyllis_II_(1),,,
Q135500,Q598904,,,,,,,,,,,,,,,,,,,,,,,,,,,96016,,,,,,,,,,,,,,,,,,
Q135501,Q125182113,,,,,,,,,,,,,,,,,,,,,,,,,,,,,,,,,,,,,,,,,,,,,
Q135502,Q3239160,,,,,,,,,,,,,,,,,,,,,,,,,,,96020|482227,,,,,,,,,,,,,,,,,,I00738432
Q135503,Q16330136,,,,,,,,,,,,,,,,,,,,,,,,,,,,,,,,,,,,,,,,,,,,,
Q135504,Q16332004,,,,,,,,,,,,,,,,,,,,,,,,,,,,,,,,,,,,,,,,,,,,,
Q135505,Q122999752,,,,,,,,,,,,,,,,,,,,,,,,,,,,,,,,,,,,,,,,,,,,,
Q135506,Q122999769,,,,,,,,,,,,,,,,,,,,,,,,,,,,,,,,,,,,,,,,,,,,,
Q135507,Q310739,,,,,,,,,,,,,,,,,,,,,,,,,,,538359,,,,,,,,,,,,,,,,,,I00737919
Q135508,Q188472,,,,,,,,,,,,,,,,,,,,,,,,,,,96048,,,,,,,,,,,,,,,,,,I00736409
Q135509,Q453117,,,,,,,,,,,,,,,,,,,,,,,,,,,,,,,,,,,,,,,,,,,,,I00736553
Q135510,Q18331511,,,,,,,,,,,,,,,,,,,,,,,,,,,,,,,,,,,,,,,,,,,,,
Q135511,Q14505105,,,,,,,,,,,,,,,,,,,,,,,,,,,,,,,,,,,,,,,,,,,,,I00736423
Q135512,Q5955546,,,,,,,,,,,,,,,,,,,,,,,,,,,,,,,,,,,,,,,,,,,,,I00737839
Q135513,Q271527,,,,,,,,,,,,,,,,,,,,,,,,,,,95786,,,,,,,,,,,,,,,,,,I00738295
Q135514,Q435246,,,,,,,,,,,,,,,,,,,,,,,,,,,,,,,,,,,,,,,,,,,,,I00738287
Q135515,Q482131,,,,,,,,,,,,,,,,,,,,,,,,,,,406957,,,,,,,,,,,,,,,,,,
Q135516,Q8423,,,,,,,,,,12077,,,,,,,,,,,,,,,,,95780,,,,,,,,,,,,,,,,,,I00736402
Q135517,Q442401,,,,,,,,,,,,,,,,,,,,,,,,,,,506367,,,,,,,,,,,,,,,,,,I00736403
Q135518,Q542520,,,,,,,,,,,,,,,,,,,,,,,,,,,,,,,,,,,,,,,,,,,,,
Q135519,Q182483,,,,,,,,,,,,,,,,,,,,,,,,,,,1380242|95775,,,,,,,,,,,,,,,,,,I00736404
Q135520,Q242267,,,,,,,,,,,,,,,,,,,,,,,,,,,95782,,,,,,,,,,,,,,,,,,I00738037
Q135521,Q557609,,,,,,,,,,,,,,,,,,,,,,,,,,,,,,,,,,,,,,,,,,,,,
Q135522,Q19513557,,,,,,,,,,,,,,,,,,,,,,,,,,,139857,,,,,,,,,,,,,,,,,,I00737922
Q135523,Q271376,,,,,,,,,,,,,,,,,,,,,,,,,,,139856,,,,,,,,,,,,,,,,,,I00737921
Q135524,Q16022999,,,,,,,,,,,,,,,,,,,,,,,,,,,,,,,,,,,,,,,,,,,,,I00738155
Q135525,Q10264223,,,,,,,,,,,,,,,,,,,,,,,,,,,,,,,,,,,,,,,,,,,,,I00737925
Q135526,Q3012214,,,,,,,,,,,,,,,,,,,,,,,,,,,1380241,,,,,,,,,,,,,,,,,,
Q135527,Q189689,,,,,,,,,,,,,,,,,,,,,,,,,,,96046,,,,,,,,,,,,,,,,,,I00736407
Q135528,Q2917844,,,,,,,,,,,,,,,,,,,,,,,,,,,,,,,,,,,,,,,,,,,,,I00738576
Q135529,Q3306534,,,,,,,,,,,,,,,,,,,,,,,,,,,,,,,,,,,,,,,,,,,,,I00738575
Q135530,Q706107,,,,,,,,,,,,,,,,,,,,,,,,,,,,,,,,,,,,,,,,,,,,,
Q135531,Q262745,,,,,,,,,,,,,,,,,,,,,,,,,,,,,,,,,,,,,,,,,,,,,
Q135532,Q15851032,,,,,,,,,,,,,,,,,,,,,,,,,,,,,,,,,,,,,,,,,,,,,
Q135533,Q155063,,,,,,,,,,,,,,,,,,,,,,,,,,,,,,,,,,,,,,,,,,,,,I00738042
Q135534,Q106874673,,,,,,,,,,,,,,,,,,,,,,,,,,,,,,,,,,,,,,,,,,,,,
Q135535,Q4797368,,,,,,,,,,,,,,,,,,,,,,,,,,,,,,,,,,,,,,,,,,,,,I00737926
Q135536,Q963666,,,,,,,,,,,,,,,,,,,,,,,,,,,,,,,,,,,,,,,,,,,,,I00786247
Q135537,Q3497574,,,,,,,,,,,,,,,,,,,,,,,,,,,,,,,,,,,,,,,,,,,,,I00737915
Q135538,Q627458,,,,,,,,,,,,,,,,,,,,,,,,,,,,,,,,,,,,,,,,,,,,,I00736344
Q135539,Q319049,,,,,,,,,,,,,,,,,,,,,,,,,,,79458,,,,,,,,,,,,,,,,,,
Q135540,Q115945589,,,,,,,,,,,,,,,,,,,,,,,,,,,,,,,,,,,,,,,,,,,,,
Q135541,Q6933911,,,,,,,,,,,,,,,,,,,,,,,,,,,,,,,,,,,,,,,,,,,,,
Q135542,Q6268944,,,,,,,,,,,,,,,,,,,,,,,,,,,970867,,,,,,,,,,,,,,,,,,
Q135543,Q96074680,,,,,,,,,,,,,,,,,,I2572,,,,,,,,,,,,,,,,,,,,,,,,,,,
Q135544,Q3847844,,,,,,,,,,,,,,,,,,I2561,,,,,,,,,92207,,,,,,,,,,,,,,p10268.htm#i102679,Cuthwine_(1),,Wessex-23,
Q135545,Q75382554,,,,,,,,,,,,,,,,,,,,,,,,,,,,,,,,,,,,,,,,,p10268.htm#i102672,,,Cathwulf-4,
Q135546,Q96074678,,,,,,,,,,,,,,,,,,I2570,,,,,,,,,,,,,,,,,,,,,,,,,,,
Q135547,Q75468891,,,,,,,,,,,,,,,,,,,,,,,,,,,,,,,,,,,,,,,,,p16132.htm#i161313,,,,
Q135549,Q116147855,,,,,,,,,,,,,,,,,,,,,,,,,,,,,,,,,,,,,,,,,,,,,I00759115
Q135550,Q507675,,,,,,,,,,,,,,,,,,,,,,,,person/afc5e41f-f21e-40fc-b23a-6365e0c586b7,,,,,,,,,,,,,,,,,,,,Theodosian-1,
Q135551,Q3887731,,,,,,,,,,,,,,,,,,,,,,,,,,,,,,,,,,,,,,,,,,,,,
Q135552,Q4067684,,,,,,,,,,,,,,,,,,,,,,,,,,,,,,,,,,,,,,,,,,,,,
Q135553,Q13130598,,,,,,,,,,,,,,,,,,,,,,,,,,,,,,,,,,,,,,,,,,,,,
Q135554,Q3699742,,,,,,,,,,,,,,,,,,,,,,,,,,,,,,,,,,,,,,,,,,,,,
Q135555,Q1320730,,,,,,,,,,,,,,,,,,,,,,,,,,,,,,,,,,,,,,,,,,Octavius_of_the_Britons_(1),,Hen-5,I00759143
Q135556,Q979146,,,,,,,,,,,,,,,,,,,,,,,,,,,,,,,,,,,,,,,,,,Conan_Meriadoc_(1),,Ap_Gereint-3,
Q135557,Q2511802,,,,,,,,,,,,,,,,,,,,,,,,,,,,,,,,,,,,,,,,,,,,Ap_Rhyddfedd-2,I00690784
Q135558,Q116147846,,,,,,,,,,,,,,,,,,,,,,,,,,,,,,,,,,,,,,,,,,,,,I00768442
Q135559,Q116109754,,,,,,,,,,,,,,,,,,,,,,,,,,,,,,,,,,,,,,,,,,,,,I00768441
Q135560,Q23927301,,,,,,,,,,,,,,,,,,,,,,,,,,,,,,,,,,,,,,,,,,,,,
Q135561,Q116109751,,,,,,,,,,,,,,,,,,,,,,,,,,,,,,,,,,,,,,,,,,,,,I00768434
Q135562,Q116147826,,,,,,,,,,,,,,,,,,,,,,,,,,,,,,,,,,,,,,,,,,,,,I00758638
Q135563,Q133462482,,,,,,,,,,,,,,,,,,,,,,,,,,,,,,,,,,,,,,,,,,,,,I00754931
Q135564,Q3404131,,,,,,,,,,,,,,,,,,,,,,,,,,,,,,,,,,,,,,,,,,,,,
Q135565,Q3791777,,,,,,,,,,,,,,,,,,,,,,,,,,,,,,,,,,,,,,,,,,,,,
Q135566,Q1035345,,,,,,,,,,,,,,,,,,,,,,,,,,,,,,,,,,,,,,,,,,,,Ap_Llyr_Merini-1,I00754523
Q135567,Q1772605,,,,,,,,,,,,,,,,,,,,,,,,,,,,,,,,,,,,,,,,,,Harald_Granraude_(3),,Herbrandsson-1,
Q135570,Q130320412,,,,,,,,,,,,,,,,,,,,,,,,,,,,,,,,,,,,,,,,,,,,Solgasson-1,
Q135571,Q2895486,,,,,,,,,,,,,,,,,,,,,,,,,,,,,,,,,,,,,,,,,,Harald_the_Old_(1),,,
Q135572,Q972157,,,,,,,,,,,,,,,,,,,,,,,,,,,,,,,,,,,,,,,,,,Guðröðr_of_Scania_(1),,,
Q135573,Q2993092,,,,,,,,,,,,,,,,,,,,,,,,,,,53426,,,,,,,,,,,,,,,Ingvar_(1),,Eysteinsson-216,
Q135575,Q4177485,,,,,,,,,,,,,,,,,,,,,,,,,,,,,,,,,,,,,,,,,,,,,
Q135576,Q15987062,,,,,,,,,,,,,,,,,,,,,,,,,,,,,,,,,,,,,,,,,,,,,
Q135577,Q16327475,,,,,,,,,,,,,,,,,,,,,,,,,,,1266710,,,,,,,,,,,,,,,,,,
Q135578,Q314518,,,,,,,,,,,,,,,,,,,,,,,,,,,1028090,,,,,,,,,,,,,,,,,,
Q135579,Q10336801,,,,,,,,,,,,,,,,,,,,,,,,,,,1266712,,,,,,,,,,,,,,,,,,
Q135580,Q236557,,,,,,,,,,,,,,,,,,,,,,,,,,,695216,,,,,,,,,,,,,,,,,,
Q135581,Q438856,,,,,,,,,,,,,,,,,,,,,,,,,,,695215,,,,,,,,,,,,,,,,,,
Q135582,Q1378410,,,,,,,,,,,,,,,,,,,,,,,,,,,1266700,,,,,,,,,,,,,,,,,,
Q135583,Q7285226,,,,,,,,,,,,,,,,,,,,,,,,,,,,,,,,,,,,,,,,,,,,,
Q135584,Q14475787,,,,,,,,,,,,,,,,,,,,,,,,,,,,,,,,,,,,,,,,,,,,,I00738756
Q135585,Q3526192,,,,,,,,,,,,,,,,,,,,,,,,,,,,,,,,,,,,,,,,,,,,,
Q135586,Q386723,,,,,,,,,,,,,,,,,,,,,,,,,,,,,,,,,,,,,,,,,,,,,
Q135587,Q3299317,,,,,,,,,,,,,,,,,,,,,,,,,,,,,,,,,,,,,,,,,,Bircenna_(1),,,
Q135588,Q112687,,,,,,,,,,,,,,,,,,,,,,,,,,,,,,,,,,,,,,,,,,,,,
Q135589,Q3721758,,,,,,,,,,,,,,,,,,,,,,,,,,,,,,,,,,,,,,,,,,,,,
Q135590,Q2622061,,,,,,,,,,,,,,,,,,,,,,,,,,,,,,,,,,,,,,,,,,,,,I00736469
Q135591,Q94848,,,,,,,,,,,,,,,,,,,,,,,,,,,,,,,,,,,,,,,,,,,,,I00737576
Q135592,Q3239153,,,,,,,,,,,,,,,,,,,,,,,,,,,,,,,,,,,,,,,,,,,,,I00736298
Q135593,Q572956,,,,,,,,,,,,,,,,,,,,,,,,,,,1261211,,,,,,,,,,,,,,,,,,
Q135594,Q38201307,,,,,,,,,,,,,,,,,,,,,,,,,,,883432,,,,,,,,,,,,,,,,,,
Q135595,Q38201375,,,,,,,,,,,,,,,,,,,,,,,,,,,1261202,,,,,,,,,,,,,,,,,,
Q135596,Q2050698,,,,,,,,,,,,,,,,,,,,,,,,,,,1261204,,,,,,,,,,,,,,,,,,
Q135597,Q11925523,,,,,,,,,,,,,,,,,,,,,,,,,,,1261208,,,,,,,,,,,,,,,,,,
Q135598,Q33189058,,,,,,,,,,,,,,,,,,,,,,,,,,,1261216,,,,,,,,,,,,,,,,,,
Q135599,Q7622230,,,,,,,,,,,,,,,,,,,,,,,,,,,1261220,,,,,,,,,,,,,,,,,,I00737579
Q135600,Q611724,,,,,,,,,,,,,,,,,,,,,,,,,,,,,,,,,,,,,,,,,,,,,I00736561
Q135601,Q12874612,,,,,,,,,,,,,,,,,,,,,,,,,,,,,,,,,,,,,,,,,,,,,
Q135602,Q237156,,,,,,,,,,,,,,,,,,,,,,,,,,,139882,,,,,,,,,,,,,,,Laodice_I_(1),,,I00736573
Q135603,Q3373,,alvin-person:52176,,,,,,,,,,,,,,,,,,,,,,,,,376461,,,,,,,,,,,,,,,Seleucus_II_Callinicus_(1),,,I00736277
Q135604,Q355917,,,,,,,,,,,,,,,,,,,,,,,,,,,,,,,,,,,,,,,,,,,,,I00736574
Q135605,Q450841,,,,,,,,,,,,,,,,,,,,,,,,,,,,,,,,,,,,,,,,,,Laodice_(wife_of_Mithridates_II_of_Pontus)_(1),,,I00736358
Q135606,Q16331361,,,,,,,,,,,,,,,,,,,,,,,,,,,,,,,,,,,,,,,,,,,,,I00737662
Q135607,Q3624248,,,,,,,,,,,,,,,,,,,,,,,,,,,,,,,,,,,,,,,,,,Stratonice_of_Cappadocia_(1),,,I00737584
Q135608,Q4681517,,,,,,,,,,,,,,,,,,,,,,,,,,,,,,,,,,,,,,,,,,,,,
Q135609,Q7183087,,,,,,,,,,,,,,,,,,,,,,,,,,,,,,,,,,,,,,,,,,,,,
Q135610,Q643379,,,,,,,,,,,,,,,,,,,,,,,,,,,667031,,,,,,,,,,,,,,,,,,I00736593
Q135611,Q436840,,,,,,,,,,,,,,,,,,,,,,,,,,,,,,,,,,,,,,,,,,,,,
Q135612,Q7115788,,,,,,,,,,,,,,,,,,,,,,,,,,,,,,,,,,,,,,,,,,,,,I00736591
Q135613,Q64830832,,,,,,,,,,,,,,,,,,,,,,,,,,,,,,,,,,,,,,,,,,,,,
Q135614,Q554861,,,,,,,,,,,,,,,,,,,,,,,,,,,,,,,,,,,,,,,,,,,,,
Q135615,Q7257104,,,,,,,,,,,,,,,,,,,,,,,,,,,,,,,,,,,,,,,,,,,,,I00736466
Q135616,Q4775081,,,,,,,,,,,,,,,,,,,,,,,,,,,,,,,,,,,,,,,,,,,,,
Q135617,Q115747078,,,,,,,,,,,,,,,,,,,,,,,,,,,,,,,,,,,,,,,,,,,,,
Q135618,Q115747052,,,,,,,,,,,,,,,,,,,,,,,,,,,,,,,,,,,,,,,,,,,,,
Q135619,Q107097873,,,,,,,,,,,,,,,,,,,,,,,,,,,,,,,,,,,,,,,,,,,,,
Q135620,Q117562239,,,,,,,,,,,,,,,,,,,,,,,,,,,,,,,,,,,,,,,,,,,,,
Q135621,Q978418,,,,,,,,,,,,,,,,,,,,,,,,,,,,,,,,,,,,,,,,,,,,,
Q135622,Q116474581,,,,,,,,,,,,,,,,,,,,,,,,,,,,,,,,,,,,,,,,,,,,,I00738582
Q135623,Q437631,,,,,,,,,,,,,,,,,,,,,,,,,,,,,,,,,,,,,,,,,,,,,
Q135624,Q11942248,,,,,,,,,,,,,,,,,,,,,,,,,,,,,,,,,,,,,,,,,,,,,
Q135625,Q12886245,,,,,,,,,,,,,,,,,,,,,,,,,,,,,,,,,,,,,,,,,,,,,I00736310
Q135626,Q9618505,,,,,,,,,,,,,,,,,,,,,,,,,,,,,,,,,,,,,,,,,,,,,I00786276
Q135627,Q1229271,,,,,,,,,,,,,,,,,,,,,,,,,,,,,,,,,,,,,,,,,,,,,
Q135628,Q437829,,,,,,,,,,,,,,,,,,,,,,,,,,,,,,,,,,,,,,,,,,,,,I00736457
Q135629,Q237248,,alvin-person:34820,,,,,,,,,,,,,,,,,,,,,,person/2ad49451-4a34-4f55-965f-ebfb86b01d67,,,465420,,,,,,,,,,,,,,,,,,I00736309
Q135630,Q3555455,,,,,,,,,,,,,,,,,,,,,,,,,,,465439,,,,,,,,,,,,,,,,,,I00564691
Q135631,Q12876143,,,,,,,,,,,,,,,,,,,,,,,,,,,,,,,,,,,,,,,,,,,,,
Q135632,Q446503,,,,,,,,,,,,,,,,,,,,,,,,,,,753364,,,,,,,,,,,,,,,,,,I00738581
Q135633,Q5274260,,,,,,,,,,,,,,,,,,,,,,,,,,,954045,,,,,,,,,,,,,,,,,,
Q135634,Q237626,,,,,,,,,,,,,,,,,,,,,,,,,,,139886,,,,,,,,,,,,,,,Apama_(1),,,I00736273
Q135635,Q1897013,,,,,,,,,,,,,,,,,,,,,,,,,,,139883,,,,,,,,,,,,,,,Achaeus_(son_of_Seleucus_I_Nicator)_(1),,,I00736572
Q135636,Q131452481,,,,,,,,,,,,,,,,,,,,,,,,,,,,,,,,,,,,,,,,,,,,,
Q135637,Q5980894,,,,,,,,,,,,,,,,,,,,,,,,,,,,,,,,,,,,,,,,,,,,,
Q135638,Q195601,,,,,,,,,,,,,,,,,,,,,,,,,,,96022,,,,,,,,,,,,,,,,,,
Q135639,Q429596,,,,,,,,,,,,,,,,,,,,,,,,,,,139908,,,,,,,,,,,,,,,,,,
Q135640,Q1344624,,,,,,,,,,,,,,,,,,,,,,,,,,,482228,,,,,,,,,,,,,,,,,,I00738433
Q135641,Q10854634,,,,,,,,,,,,,,,,,,,,,,,,,,,,,,,,,,,,,,,,,,,,,
Q135642,Q202236,,,,,,,,,,,,,,,,,,,,,,,,,,,,,,,,,,,,,,,,,,,,,I00736408
Q135643,Q237851,,,,,,,,,,,,,,,,,,,,,,,,,,,139864,,,,,,,,,,,,,,,,,,I00737916
Q135644,Q297960,,,,,,,,,,,,,,,,,,,,,,,,,,,,,,,,,,,,,,,,,,,,,I00737976
Q135645,Q23936662,,,,,,,,,,,,,,,,,,,,,,,,,,,,,,,,,,,,,,,,,,,,,I00737977
Q135646,Q16171823,,,,,,,,,,,,,,,,,,,,,,,,,,,,,,,,,,,,,,,,,,,,,
Q135647,Q9609958,,,,,,,,,,,,,,,,,,,,,,,,,,,,,,,,,,,,,,,,,,,,,I00737978
Q135648,Q10264221,,,,,,,,,,,,,,,,,,,,,,,,,,,,,,,,,,,,,,,,,,,,,
Q135649,Q15783921,,,,,,,,,,,,,,,,,,,,,,,,,,,,,,,,,,,,,,,,,,,,,
Q135650,Q3143661,,,,,,,,,,,,,,,,,,,,,,,,,,,,,,,,,,,,,,,,,,,,,I00737986
Q135651,Q3518384,,,,,,,,,,,,,,,,,,,,,,,,,,,,,,,,,,,,,,,,,,,,,I00737987
Q135652,Q355727,,,,,,,,,,,,,,,,,,,,,,,,,,,,,,,,,,,,,,,,,,,,,
Q135653,Q711577,,,,,,,,,,,,,,,,,,,,,,,,,,,139831,,,,,,,,,,,,,,,Orontes_I_(1),,,I00736424
Q135654,Q1382490,,,,,,,,,,,,,,,,,,,,,,,,,,,139830,,,,,,,,,,,,,,,Orontes_II_(1),,,I00736422
Q135655,Q297855,,,,,,,,,,,,,,,,,,,,,,,,,,,95784,,,,,,,,,,,,,,,,,,I00738293
Q135656,Q131732244,,,,,,,,,,,,,,,,,,,,,,,,,,,,,,,,,,,,,,,,,,,,,I00738479
Q135657,Q1574056,,,,,,,,,,,,,,,,,,,,,,,,,,,,,,,,,,,,,,,,,,,,,I00738294
Q135658,Q299551,,alvin-person:52151,,,,,,,,,,,,,,,,,,,,,,,,,,,,,,,,,,,,,,,,,,,I00738286
Q135659,Q184462,,,,,,,,,,,,,,,,,,,,,,,,person/13DA75DF-2245-425F-B0F6-BBAEF4FBC54F,,,139852,,,,,,,,,,,,,,,,,,I00738288
Q135660,Q1648889,,,,,,,,,,,,,,,,,,,,,,,,,,,,,,,,,,,,,,,,,,,,,
Q135661,Q21011250,,,,,,,,,,,,,,,,,,,,,,,,,,,,,,,,,,,,,,,,,,,,,I00738357
Q135662,Q13229447,,,,,,,,,,,,,,,,,,,,,,,,,,,,,,,,,,,,,,,,,,,,,I00738054
Q135663,Q116474334,,,,,,,,,,,,,,,,,,,,,,,,,,,,,,,,,,,,,,,,,,,,,I00737923
Q135664,Q3435383,,,,,,,,,,,,,,,,,,,,,,,,,,,,,,,,,,,,,,,,,,,,,I00738546
Q135665,Q298631,,,,,,,,,,,,,,,,,,,,,,,,,,,,,,,,,,,,,,,,,,,,,I00738549
Q135666,Q272043,,,,,,,,,,,,,,,,,,,,,,,,,,,,,,,,,,,,,,,,,,,,,I00738547
Q135667,Q705061,,,,,,,,,,,,,,,,,,,,,,,,,,,,,,,,,,,,,,,,,,,,,I00738577
Q135668,Q386532,,,,,,,,,,,,,,,,,,,,,,,,,,,534181,,,,,,,,,,,,,,,,,,
Q135669,Q220452,,,,,,,,,,,,,,,,,,,,,,,,,,,,,,,,,,,,,,,,,,,,,
Q135670,Q11193135,,,,,,,,,,,,,,,,,,,,,,,,,,,,,,,,,,,,,,,,,,,,,
Q135671,Q2892161,,,,,,,,,,,,,,,,,,,,,,,,,,,,,,,,,,,,,,,,,,,,,
Q135672,Q662006,,,,,,,,,,,,,,,,,,,,,,,,,,,,,,,,,,,,,,,,,,Ariobarzanes_I_of_Cius_(1),,,I00736348
Q135673,Q2256348,,,,,,,,,,,,,,,,,,,,,,,,,,,79459|32754,,,,,,,,,,,,,,,,,,
Q135674,Q116923284,,,,,,,,,,,,,,,,,,,,,,,,,,,,,,,,,,,,,,,,,,,,,
Q135675,Q116923335,,,,,,,,,,,,,,,,,,,,,,,,,,,,,,,,,,,,,,,,,,,,,
Q135676,Q116923358,,,,,,,,,,,,,,,,,,,,,,,,,,,,,,,,,,,,,,,,,,,,,
Q135677,Q116923398,,,,,,,,,,,,,,,,,,,,,,,,,,,,,,,,,,,,,,,,,,,,,
Q135678,Q116923405,,,,,,,,,,,,,,,,,,,,,,,,,,,,,,,,,,,,,,,,,,,,,
Q135679,Q116923485,,,,,,,,,,,,,,,,,,,,,,,,,,,,,,,,,,,,,,,,,,,,,
Q135680,Q116923509,,,,,,,,,,,,,,,,,,,,,,,,,,,,,,,,,,,,,,,,,,,,,
Q135681,Q6215520,,,,,,,,,,,,,,,,,,,,,,,,,,,970868,,,,,,,,,,,,,,,,,,
Q135682,Q114931909,,,,,,,,,,,,,,,,,,,,,,,,,,,,,,,,,,,,,,,,,,,,,
Q135683,Q96074681,,,,,,,,,,,,,,,,,,I2574,,,,,,,,,,,,,,,,,,,,,,,,,,,
Q135684,Q5057034,,,,,,,,,,,,,,,,,,,,,,,,,,,324182,,,,,,,,,,,,,,p10268.htm#i102680,Cedda_(1),,Wessex-285,
Q135685,Q5196756,,,,,,,,,,,,,,,,,,I2560,,,,,,,,,92206,,,,,,,,,,,,,,p10269.htm#i102682,Cutha_Cathwulf_(2),,Wessex-22,
Q135686,Q45827415,,,,,,,,,,,,,,,,,,,,,,,,,,,,,,,,,,,,,,,,,p10269.htm#i102681,,,Wessex-283,
Q135687,Q75382551,,,,,,,,,,,,,,,,,,,,,,,,,,,,,,,,,,,,,,,,,p10267.htm#i102669,,,Prince_of_Wessex-15,
Q135691,Q3862809,,,,,,,,,,,,,,,,,,,,,,,,,,,,,,,,,,,,,,,,,,,,,
Q135692,Q3719510,,,,,,,,,,,,,,,,,,,,,,,,,,,,,,,,,,,,,,,,,,,,,
Q135693,Q1035330,,,,,,,,,,,,,,,,,,,,,,,,,,,,,,,,,,,,,,,,,,,,,
Q135694,Q116052774,,,,,,,,,,,,,,,,,,,,,,,,,,,,,,,,,,,,,,,,,,,,,I00759142
Q135695,Q369691,,,,,,,,,,,,,,,,,,,,,,,,term/bff5007e-6670-4dd3-ae4c-5324f0aac580|term/FBE1A4DE-483C-46AF-AC3C-E930F2165C12,,,,,,,,,,,,,,,,,,,,,
Q135696,Q3016039,,,,,,,,,,,,,,,,,,,,,,,,,,,413108,,,,,,,,,,,,,,,,,,
Q135697,Q2567607,,,,,,,,,,,,,,,,,,,,,,,,,,,,,,,,,,,,,,,,,,Gradlon_Unknown_(2),,Ap_Conan-1,
Q135698,Q4957715,,,,,,,,,,,,,,,,,,,,,,,,,,,,,,,,,,,,,,,,,,,,,
Q135699,Q3756847,,,,,,,,,,,,,,,,,,,,,,,,,,,,,,,,,,,,,,,,,,,,,
Q135700,Q53718889,,,,,,,,,,,,,,,,,,,,,,,,,,,,,,,,,,,,,,,,,,,,,
Q135701,Q2716990,,,,,,,,,,,,,,,,,,,,,,,,,,,,,,,,,,,,,,,,,,,,,
Q135702,Q2714345,,,,,,,,,,,,,,,,,,,,,,,,,,,,,,,,,,,,,,,,,,,,Ap_Cyngen-2,I00755489
Q135703,Q23927294,,,,,,,,,,,,,,,,,,,,,,,,,,,,,,,,,,,,,,,,,,,,,
Q135704,Q116109748,,,,,,,,,,,,,,,,,,,,,,,,,,,,,,,,,,,,,,,,,,,,,I00768435
Q135705,Q116147825,,,,,,,,,,,,,,,,,,,,,,,,,,,,,,,,,,,,,,,,,,,,,I00758637
Q135706,Q133462476,,,,,,,,,,,,,,,,,,,,,,,,,,,,,,,,,,,,,,,,,,,,Ap_Cadwaladr-7,I00754929
Q135707,Q3024021,,,,,,,,,,,,,,,,,,,,,,,,,,,,,,,,,,,,,,,,,,,,,
Q135708,Q56303890,,,,,,,,,,,,,,,,,,,,,,,,,,,,,,,,,,,,,,,,,,,,,
Q135709,Q53720089,,,,,,,,,,,,,,,,,,,,,,,,,,,,,,,,,,,,,,,,,,,,,
Q135710,Q116053006,,,,,,,,,,,,,,,,,,,,,,,,,,,,,,,,,,,,,,,,,,,,Ap_Meirchion-11,I00206938
Q135711,Q116052762,,,,,,,,,,,,,,,,,,,,,,,,,,,,,,,,,,,,,,,,,,,,,I00756386
Q135712,Q42313714,,,,,,,,,,,,,,,,,,,,,,,,,,,,,,,,,,,,,,,,,,,,,I00754524
Q135713,Q3945679,,,,,,,,,,,,,,,,,,,,,,,,,,,1371333,,,,,,,,,,,,,,,,,,
Q135714,Q16859956,,,,,,,,,,,,,,,,,,,,,,,,,,,,,,,,,,,,,,,,,,,,,I00753470
Q135715,Q110152937,,,,,,,,,,,,,,,,,,,,,,,,,,,,,,,,,,,,,,,,,,,,,I00752360
Q135716,Q112532302,,,,,,,,,,,,,,,,,,,,,,,,,,,,,,,,,,,,,,,,,,,,,I00756818
Q135717,Q5894743,,,,,,,,,,,,,,,,,,,,,,,,,,,,,,,,,,,,,,,,,,,,,
Q135718,Q5890284,,,,,,,,,,,,,,,,,,,,,,,,,,,,,,,,,,,,,,,,,,,,,
Q135719,Q2521540,,,,,,,,,,,,,,,,,,,,,,,,,,,53434,,p=halfdan;n=de jutland,,,,,,,,,,,,p4286.htm#i42857,Halfdan_the_Mild_(1),,Eysteinsson-214,
Q135722,Q11996956,,,,,,,,,,,,,,,,,,,,,,,,,,,,,p=ragnhild haralddotter;n=af sogn,,,,,,,,,,,,,,,,
Q135724,Q16537926,,,,,,,,,,,,,,,,,,,,,,,,,,,,,,,,,,,,,,,,,,,,Hrolfsson-5,
Q135725,Q2626721,,,,,,18739,,,,,,,,,,,,,,,,,,,,,53427,,,,,,,,,,,,,,,Anund_(1),,,
Q135726,Q2771157,,,,,,,,,,,,,,,,,,,,,,,,,,,,,,,,,,,,,,,,,,Gondebald_Unknown_(1),,,
Q135727,Q2624915,,,,,,,,,,,,,,,,,,,,,,,,,,,,,,,,,,,,,,,,,,Radboud_II_(1),,,
Q135732,Q313731,,,,,,,,,,,,,,,,,,,,,,,,,,,695187,,,,,,,,,,,,,,,,,,
Q135733,Q202826,,,,,,,,,,,,,,,,,,,,,,,,,,,,,,,,,,,,,,,,,,,,,
Q135734,Q202262,,,,,,,,,,,,,,,,,,,,,,,,,,,,,,,,,,,,,,,,,,,,,
Q135735,Q371564,,,,,,,,,,,,,,,,,,,,,,,,,,,1028091,,,,,,,,,,,,,,,,,,
Q135736,Q109495272,,,,,,,,,,,,,,,,,,,,,,,,,,,,,,,,,,,,,,,,,,,,,
Q135737,Q5175909,,,,,,,,,,,,,,,,,,,,,,,,,,,,,,,,,,,,,,,,,,,,,
Q135738,Q105062545,,,,,,,,,,,,,,,,,,,,,,,,,,,,,,,,,,,,,,,,,,,,,
Q135739,Q114356969,,,,,,,,,,,,,,,,,,,,,,,,,,,,,,,,,,,,,,,,,,,,,
Q135740,Q4363470,,,,,,,,,,,,,,,,,,,,,,,,,,,,,,,,,,,,,,,,,,,,,
Q135741,Q2993209,,,,,,,,,,,,,,,,,,,,,,,,,,,,,,,,,,,,,,,,,,,,,I00737577
Q135742,Q12881713,,,,,,,,,,,,,,,,,,,,,,,,,,,883378,,,,,,,,,,,,,,,,,,I00738782
Q135743,Q33189140,,,,,,,,,,,,,,,,,,,,,,,,,,,1261203,,,,,,,,,,,,,,,,,,
Q135744,Q4785538,,,,,,,,,,,,,,,,,,,,,,,,,,,1261206,,,,,,,,,,,,,,,,,,
Q135745,Q11939253,,,,,,,,,,,,,,,,,,,,,,,,,,,883455,,,,,,,,,,,,,,,,,,I00736560
Q135746,Q391426,,,,,,,,,,,,,,,,,,,,,,,,,,,,,,,,,,,,,,,,,,,,,I00567196
Q135747,Q391458,,,,,,,,,,,,,,,,,,,,,,,,,,,883453,,,,,,,,,,,,,,,,,,
Q135748,Q40247,,,,,,,,,,,,,,,,,,,,,,,,,,,,,,,,,,,,,,,,,,Cleopatra_II_of_Egypt_(1),,,I00567201
Q135749,Q39952,,alvin-person:50804,,,,,,,,,,,,,,,,,,,,,,person/e383315f-78ea-4c12-b452-bb66ab8ecd92,,,,,,,,,,,,,,,,,,Ptolemy_VI_Philometor_(1),,,I00567164
Q135750,Q269950,,,,,,,,,,,,,,,,,,,,,,,,,,,,,,,,,,,,,,,,,,Laodice_II_(1),,,I00736278
Q135751,Q3371,,,,,,,,,,,,,,,,,,,,,,,,person/7eee5aa6-4dbc-45db-9d3b-c08fd4eabc43,,,,,,,,,,,,,,,,,,,,,I00736280
Q135752,Q3365,,alvin-person:52177,,,,,,,,,,,,,,,,,,,,,,,,,115881,,,,,,,,,,,,,,,Antiochus_III_the_Great_(1),,,I00736281
Q135753,Q468775,,,,,,,,,,,,,,,,,,,,,,,,,,,1491920,,,,,,,,,,,,,,,,,,I00736279
Q135754,Q359014,,,,,,,,,,,,,,,,,,,,,,,,,,,,,,,,,,,,,,,,,,Mithridates_II_of_Pontus_(1),,,I00736357
Q135755,Q350769,,,,,,,,,,,,,,,,,,,,,,,,,,,401536,,,,,,,,,,,,,,,Mithridates_III_of_Pontus_(1),,,I00737587
Q135756,Q237642,,,,,,,,,,,,,,,,,,,,,,,,,,,115882|376477,,,,,,,,,,,,,,,Laodice_III_(1),,,I00737585
Q135757,Q448188,,,,,,,,,,,,,,,,,,,,,,,,,,,,,,,,,,,,,,,,,,,,,I00737586
Q135758,Q380378,,,,,,,,,,,,,,,,,,,,,,,,,,,1007616,,,,,,,,,,,,,,,Ariarathes_III_of_Cappadocia_(1),,,I00736450
Q135759,Q380368,,,,,,,,,,,,,,,,,,,,,,,,,,,,,,,,,,,,,,,,,,Ariarathes_IV_of_Cappadocia_(1),,,I00736449
Q135760,Q6710240,,,,,,,,,,,,,,,,,,,,,,,,,,,,,,,,,,,,,,,,,,,,,
Q135761,Q984187,,,,,,,,,,,,,,,,,,,,,,,,,,,667032,,,,,,,,,,,,,,,,,,I00736594
Q135762,Q4891265,,,,,,,,,,,,,,,,,,,,,,,,,,,,,,,,,,,,,,,,,,,,,I00736465
Q135763,Q1227416,,,,,,,,,,,,,,,,,,,,,,,,,,,,,,,,,,,,,,,,,,,,,
Q135764,Q1227075,,,,,,,,,,,,,,,,,,,,,,,,,,,,,,,,,,,,,,,,,,,,,
Q135765,Q7226248,,,,,,,,,,,,,,,,,,,,,,,,,,,,,,,,,,,,,,,,,,,,,I00737722
Q135766,Q207363,,,,,,,,,,,,,,,,,,,,,,,,,,,1497797,,,,,,,,,,,,,,,Perseus_of_Macedon_(1),,,I00736308
Q135767,Q3304410,,,,,,,,,,,,,,,,,,,,,,,,,,,465418,,,,,,,,,,,,,,,,,,I00736319
Q135768,Q1185467,,,,,,,,,,,,,,,,,,,,,,,,,,,,,,,,,,,,,,,,,,,,,I00737723
Q135769,Q4357331,,,,,,,,,,,,,,,,,,,,,,,,,,,,,,,,,,,,,,,,,,,,,I00737724
Q135770,Q372361,,,,,,,,,,,,,,,,,,,,,,,,,,,465431,,,,,,,,,,,,,,,,,,I00347053
Q135771,Q359222,,alvin-person:51972,,,,,,,,,,,,,,,,,,,,,,person/1d9adfd6-9e27-46c1-822a-40680b47dcd5,,,465416,,,,,,,,,,,,,,,,,,I00736318
Q135772,Q1885925,,,,,,,,,,,,,,,,,,,,,,,,,,,,,,,,,,,,,,,,,,,,,
Q135773,Q529850,,,,,,,,,,,,,,,,,,,,,,,,,,,,,,,,,,,,,,,,,,,,,I00737920
Q135774,Q125131848,,,,,,,,,,,,,,,,,,,,,,,,,,,,,,,,,,,,,,,,,,,,,
Q135775,Q2853301,,,,,,,,,,,,,,,,,,,,,,,,,,,,,,,,,,,,,,,,,,,,,I00736583
Q135776,Q1345852,,,,,,,,,,,,,,,,,,,,,,,,,,,,,,,,,,,,,,,,,,,,,I00736571
Q135777,Q1064651,,,,,,,,,,,,,,,,,,,,,,,,,,,,,,,,,,,,,,,,,,,,,
Q135778,Q8351317,,,,,,,,,,,,,,,,,,,,,,,,,,,,,,,,,,,,,,,,,,,,,I00737829
Q135779,Q17192312,,,,,,,,,,,,,,,,,,,,,,,,,,,,,,,,,,,,,,,,,,,,,
Q135780,Q19568922,,,,,,,,,,,,,,,,,,,,,,,,,,,,,,,,,,,,,,,,,,,,,
Q135781,Q706174,,,,,,,,,,,,,,,,,,,,,,,,,,,,,,,,,,,,,,,,,,Artasyrus_(1),,,I00737834
Q135782,Q1491305,,,,,,,,,,,,,,,,,,,,,,,,,,,139829,,,,,,,,,,,,,,,Mithrenes_(1),,,I00736421
Q135783,Q12591,,,,,,,,,,,,,,,,,,,,,,,,,,,406958,,,,,,,,,,,,,,,,,,I00738387
Q135784,Q313234,,,,,,,,,,,,,,,,,,,,,,,,,,,32756,,,,,,,,,,,,,,,,,,I00738388
Q135785,Q9250030,,,,,,,,,,,,,,,,,,,,,,,,,,,,,,,,,,,,,,,,,,,,,
Q135786,Q372441,,,,,,,,,,,,,,,,,,,,,,,,,,,,,,,,,,,,,,,,,,,,,I00738393
Q135787,Q11736824,,,,,,,,,,,,,,,,,,,,,,,,,,,,,,,,,,,,,,,,,,,,,
Q135788,Q11767982,,,,,,,,,,,,,,,,,,,,,,,,,,,,,,,,,,,,,,,,,,,,,
Q135789,Q374756,,,,,,,,,,,,,,,,,,,,,,,,,,,96077,,,,,,,,,,,,,,,,,,I00738285
Q135790,Q3625909,,,,,,,,,,,,,,,,,,,,,,,,,,,,,,,,,,,,,,,,,,,,,I00738289
Q135791,Q349291,,,,,,,,,,,,,,,,,,,,,,,,,,,376509,,,,,,,,,,,,,,,,,,
Q135792,Q13438390,,,,,,,,,,,,,,,,,,,,,,,,,,,,,,,,,,,,,,,,,,,,,
Q135793,Q220454,,,,,,,,,,,,,,,,,,,,,,,,,,,,,,,,,,,,,,,,,,,,,
Q135794,Q887415,,,,,,,,,,,,,,,,,,,,,,,,,,,,,,,,,,,,,,,,,,Mithridates_I_of_Cius_(1),,,I00736349
Q135795,Q25668652,,,,,,,,,,,,,,,,,,,,,,,,,,,,,,,,,,,,,,,,,,,,,
Q135796,Q320139,,,,,,,,,,,,,,,,,,,,,,,,,,,79644,,,,,,,,,,,,,,,,,,
Q135797,Q116923523,,,,,,,,,,,,,,,,,,,,,,,,,,,,,,,,,,,,,,,,,,,,,
Q135798,Q2723012,,,,,,,,,,,,,,,,,,,,,,,,,,,970869,,,,,,,,,,,,,,,,,,
Q135799,Q11907447,,,,,,,,,,,,,,,,,,,,,,,,,,,,,,,,,,,,,,,,,,,,,
Q135800,Q18699268,,,,,,,,,,,,,,,,,,,,,,,,,,,,,,,,,,,,,,,,,,,,,
Q135801,Q888826,,,,,,,,,,,,,,,,,,,,,,,,,,,324189,,,,,,,,,,,,,,p10269.htm#i102683,Cenberht_(1),,Wessex-286,
Q135802,Q96074764,,,,,,,,,,,,,,,,,,I2575,,,,,,,,,,,,,,,,,,,,,,,,,,,
Q135803,Q75382565,,,,,,,,,,,,,,,,,,,,,,,,,,,,,,,,,,,,,,,,,p10269.htm#i102687,,,Prince_of_Wessex-18,
Q135804,Q322048,,,,,,,,,,,,,,,,,,,,,,,,,,,,,,,,,,,,,,,,,p10267.htm#i102668,,,Wessex-356,
Q135810,Q3964440,,,,,,,,,,,,,,,,,,,,,,,,,,,,,,,,,,,,,,,,,,,,,
Q135811,Q3542445,,,,,,,,,,,,,,,,,,,,,,,,,,,186190,,,,,,,,,,,,,,,,,Ap_Ednyfed-4,
Q135812,Q598810,,,,,,,,,,,,,,,,,,,,,,,,,,,,,,,,,,,,,,,,,,,,Ap_Siluria-1,
Q135813,Q116052772,,,,,,,,,,,,,,,,,,,,,,,,,,,,,,,,,,,,,,,,,,,,,I00759141
Q135814,Q3779835,,,,,,,,,,,,,,,,,,,,,,,,,,,,,,,,,,,,,,,,,,,,,I00773007
Q135815,Q125867448,,,,,,,,,,,,,,,,,,,,,,,,,,,,,,,,,,,,,,,,,,,,,
Q135816,Q2672554,,,,,,,,,,,,,,,,,,,,,,,,,,,,,,,,,,,,,,,,,,,,,
Q135817,Q130536201,,,,,,,,,,,,,,,,,,,,,,,,,,,,,,,,,,,,,,,,,,,,,
Q135818,Q130536129,,,,,,,,,,,,,,,,,,,,,,,,,,,,,,,,,,,,,,,,,,,,,
Q135819,Q15223068,,,,,,,,,,,,,,,,,,,,,,,,,,,,,,,,,,,,,,,,,,,,Ap_Gradlon-3,
Q135820,Q2398021,,,,,,,,,,,,,,,,,,,,,,,,,,,414220|509257,,,,,,,,,,,,,,,Brychan_Unknown_(1),,Ap_Anlach-1,I00759078
Q135821,Q101221023,,,,,,,,,,,,,,,,,,,,,,,,,,,,,,,,,,,,,,,,,,,,Ferch_Brychan-12,I00759440
Q135822,Q20562503,,,,,,,,,,,,,,,,,,,,,,,,,,,,,,,,,,,,,,,,,,,,,
Q135823,Q13129708,,,,,,,,,,,,,,,,,,,,,,,,,,,1084525,,p=lleian;n=of manau guotodin,,,,,,,,,,,,,,,Ferch_Brychan-16,
Q135824,Q53570396,,,,,,,,,,,,,,,,,,,,,,,,,,,1225172,,,,,,,,,,,,,,,,,,I00759138
Q135825,Q22955657,,,,,,,,,,,,,,,,,,,,,,,,,,,,,,,,,,,,,,,,,,,,,
Q135826,Q4218975,,,,,,,,,,,,,,,,,,,,,,,,,,,,,,,,,,,,,,,,,,,,,
Q135827,Q27924032,,,,,,,,,,,,,,,,,,,,,,,,,,,,,,,,,,,,,,,,,,,,,
Q135828,Q2535993,,,,,,,,,,,,,,,,,,,,,,,,,,,,,,,,,,,,,,,,,,,,,
Q135829,Q4457143,,,,,,,,,,,,,,,,,,,,,,,,,,,,,,,,,,,,,,,,,,,,,I00690785
Q135830,Q56300759,,,,,,,,,,,,,,,,,,,,,,,,,,,,,,,,,,,,,,,,,,,,,I00693578
Q135831,Q2575137,,,,,,,,,,,,,,,,,,,,,,,,,,,132190,,,,,,,,,,,,,,,,,Ap_Brochwel-11,I00773705
Q135832,Q1293017,,,,,,,,,,,,,,,,,,,,,,,,,,,,,,,,,,,,,,,,,,,,,
Q135833,Q116055654,,,,,,,,,,,,,,,,,,,,,,,,,,,,,,,,,,,,,,,,,,,,,I00755488
Q135834,Q116109744,,,,,,,,,,,,,,,,,,,,,,,,,,,,,,,,,,,,,,,,,,,,,I00768436
Q135835,Q116147823,,,,,,,,,,,,,,,,,,,,,,,,,,,,,,,,,,,,,,,,,,,,,I00751477
Q135836,Q133462477,,,,,,,,,,,,,,,,,,,,,,,,,,,,,,,,,,,,,,,,,,,,,I00754930
Q135837,Q133462475,,,,,,,,,,,,,,,,,,,,,,,,,,,,,,,,,,,,,,,,,,,,Ap_Ynyr_Farfdrwch-1,I00713758
Q135838,Q3386694,,,,,,,,,,,,,,,,,,,,,,,,,,,413621,,,,,,,,,,,,,,,,,Ap_Aldroen-1,
Q135839,Q2086826,,,,,,,,,,,,,,,,,,,,,,,,,,,147716,,,,,,,,,,,,,,,,,,
Q135840,Q3387038,,,,,,,,,,,,,,,,,,,,,,,,,,,307936,,,,,,,,,,,,,,,,,,
Q135841,Q55636506,,,,,,,,,,,,,,,,,,,,,,,,,,,,,,,,,,,,,,,,,,,,,
Q135842,Q776228,,,,,,,,,,,,,,,,,,,,,,,,,,,1225158,,,,,,,,,,,,,,,Meirchion_Gul_(1),,Ap_Gwrwst-1,I00750073
Q135843,Q4064406,,,,,,,,,,,,,,,,,,,,,,,,,,,,,,,,,,,,,,,,,,,,Ap_Cynwal-1,I00756387
Q135844,Q116052766,,,,,,,,,,,,,,,,,,,,,,,,,,,,,,,,,,,,,,,,,,,,,I00774511
Q135845,Q110153003,,,,,,,,,,,,,,,,,,,,,,,,,,,,,,,,,,,,,,,,,,,,,I00754525
Q135846,Q18536058,,,,,,,,,,,,,,,,,,,,,,,,,,,,,,,,,,,,,,,,,,,,,
Q135847,Q13126938,,,,,,,,,,,,,,,,,,,,,,,,,,,,,,,,,,,,,,,,,,,,,
Q135848,Q122260583,,,,,,,,,,,,,,,,,,,,,,,,,,,,,,,,,,,,,,,,,,,,,I00753469
Q135849,Q56174297,,,,,,,,,,,,,,,,,,,,,,,,,,,,,,,,,,,,,,,,,,,,Ap_Maenyrch-1,I00752359
Q135850,Q110560369,,,,,,,,,,,,,,,,,,,,,,,,,,,,,,,,,,,,,,,,,,,,,I00758938
Q135851,Q111455153,,,,,,,,,,,,,,,,,,,,,,,,,,,,,,,,,,,,,,,,,,,,,I00639809
Q135852,Q5854197,,,,,,,,,,,,,,,,,,,,,,,,,,,,,,,,,,,,,,,,,,,,,
Q135853,Q2581232,,,,,,,,,,,,,,,,,,,,,,,,,,,53432,,p=eysteinn;n=de jutland,,,,,,,,,,,,p67329.htm#i673285,Eysteinn_Halfdansson_(4),,Halfdansson-51,I00220742
Q135854,Q75292013,,,,,,,,,,,,,,,,,,,,,,,,,,,58447,,p=hlif;n=dagsdatter,,,,,,,,,,,,p4286.htm#i42858,Lifa_Dagsdotter_(1),,Dagsdatter-19,
Q135855,Q2078430,,,,,,,,,,,,,,,,,,,,,,,,,,,,,,,,,,,,,,,,,,Sigfred_Unknown_(1),,Ongendusson-1,
Q135856,Q5666589,,,,,,,,,,,,,,,,,,,,,,,,,,,,,,,,,,,,,,,,,,,,Eysteinsson-221,
Q135858,Q263550,,,,,,,,,,,,,,,,,,,,,,,,,,,134552,,,,,,,,,,,,,,,Sigurd_Hart_(1),,Helgisson-4,
Q135859,Q5892228,,,,,,,,,,,,,,,,,,,,,,,,,,,,,,,,,,,,,,,,,,,,,
Q135889,Q5853737,,,,,,,,,,,,,,,,,,,,,,,,,,,,,,,,,,,,,,,,,,,,Bjarnarson-5,
Q135890,Q16640097,,,,,,,,,,,,,,,,,,,,,,,,,,,,,,,,,,,,,,,,,,,,Bjarnarson-12,
Q135893,Q3962596,,,,,,,,,,,,,,,,,,,,,,,,,,,,,,,,,,,,,,,,,,Skuld_Yngling_(1),,,
Q135894,Q130896,,,,,,11964,,,,,,,,,,,,,,,,,,,,,53429,,,,,,,,,,,,,,,Ingjald_(1)|Ingjald_Sweden_(2),,Anundsson-9,I00220744
Q135895,Q91392,,,,,,,,,,131325529,,,,,,,,,,,,,,,,,28956,,p=pepin;n=de herstal;oc=1,,,dw.7673,,,,,,,,,p41714.htm#i417134,Pépin_de_Herstal_(1),,Pippinid-3,I00020925
Q135898,Q15987053,,,,,,,,,,,,,,,,,,,,,,,,,,,,,,,,,,,,,,,,,,,,,
Q135899,Q271850,,,,,,,,,,,,,,,,,,,,,,,,,,,,,,,,,,,,,,,,,,,,,
Q135900,Q267195,,,,,,,,,,,,,,,,,,,,,,,,,,,695186,,,,,,,,,,,,,,,,,,
Q135901,Q2360710,,,,,,,,,,,,,,,,,,,,,,,,,,,,,,,,,,,,,,,,,,,,,
Q135902,Q15217846,,,,,,,,,,,,,,,,,,,,,,,,,,,,,,,,,,,,,,,,,,,,,
Q135903,Q3255290,,,,,,,,,,,,,,,,,,,,,,,,,,,,,,,,,,,,,,,,,,,,,
Q135904,Q15633620,,,,,,,,,,,,,,,,,,,,,,,,,,,1266714,,,,,,,,,,,,,,,,,,
Q135905,Q433408,,,,,,,,,,,,,,,,,,,,,,,,,,,1028092,,,,,,,,,,,,,,,,,,
Q135906,Q7320430,,,,,,,,,,,,,,,,,,,,,,,,,,,,,,,,,,,,,,,,,,,,,
Q135907,Q109534964,,,,,,,,,,,,,,,,,,,,,,,,,,,,,,,,,,,,,,,,,,,,,
Q135908,Q1073680,,,,,,,,,,,,,,,,,,,,,,,,,,,,,,,,,,,,,,,,,,,,,I00738783
Q135909,Q2485987,,,,,,,,,,,,,,,,,,,,,,,,,,,,,,,,,,,,,,,,,,,,,I00738781
Q135910,Q451082,,,,,,,,,,,,,,,,,,,,,,,,,,,376483,,,,,,,,,,,,,,,Laodice_IV_(1),,,I00736286
Q135911,Q3362,,alvin-person:52183,,,,,,,,,,,,,,,,,,,,,,,,,376481,,,,,,,,,,,,,,,Seleucus_IV_Philopator_(1),,,I00736285
Q135912,Q3356,,alvin-person:52184,,,,,,,,,,,,,,,,,,,,,,,,,463413,,,,,,,,,,,,,,,Antiochus_IV_Epiphanes_(1),,,I00736284
Q135913,Q451051,,,,,,,,,,,,,,,,,,,,,,,,,,,1491689,,,,,,,,,,,,,,,Antiochis_(1),,,I00736282
Q135914,Q2045778,,,,,,,,,,,,,,,,,,,,,,,,,,,139867,,,,,,,,,,,,,,,Antiochus_(son_of_Antiochus_III_the_Great)_(1),,,I00736283
Q135915,Q888492,,,,,,,,,,,,,,,,,,,,,,,,,,,,,,,,,,,,,,,,,,Ptolemy_Eupator_(1),,,I00688306
Q135916,Q231682,,,,,,,,,,,,,,,,,,,,,,,,,,,376419|463408,,,,,,,,,,,,,,,Cleopatra_Thea_(1),,,I00736291
Q135917,Q39976,,,,,,,,,,,,,,,,,,,,,,,,,,,,,,,,,,,,,,,,,,,,,I00567202
Q135918,Q886894,,,,,,,,,,,,,,,,,,,,,,,,,,,,,,,,,,,,,,,,,,,,,I00738555
Q135919,Q3340,,alvin-person:50807,,,,,,,,,,,,,,,,,,,,,,,,,153526,,,,,,,,,,,,,,,,,,I00567206
Q135920,Q3345,,alvin-person:50808,,,,,,,,,,,,,,,,,,,,,,,,,623572,,,,,,,,,,,,,,,,,,I00567207
Q135921,Q40023,,,,,,,,,,,,,,,,,,,,,,,,,,,,,,,,,,,,,,,,,,,,,I00567208
Q135922,Q40027,,,,,,,,,,,,,,,,,,,,,,,,,,,,,,,,,,,,,,,,,,,,,I00567209
Q135923,Q12874613,,,,,,,,,,,,,,,,,,,,,,,,,,,,,,,,,,,,,,,,,,,,,
Q135924,Q16332356,,,,,,,,,,,,,,,,,,,,,,,,,,,,,,,,,,,,,,,,,,,,,
Q135925,Q12872331,,,,,,,,,,,,,,,,,,,,,,,,,,,,,,,,,,,,,,,,,,,,,
Q135926,Q744212,,,,,,,,,,,,,,,,,,,,,,,,,,,,,,,,,,,,,,,,,,,,,I00737725
Q135927,Q353675,,,,,,,,,,,,,,,,,,,,,,,,,,,,,,,,,,,,,,,,,,Ariobarzanes_of_Pontus_(1),,,I00736356
Q135928,Q3624266,,,,,,,,,,,,,,,,,,,,,,,,,,,,,,,,,,,,,,,,,,Laodice_(wife_of_Mithridates_III_of_Pontus)_(1),,,
Q135929,Q359215,,,,,,,,,,,,,,,,,,,,,,,,,,,401535,,,,,,,,,,,,,,,Pharnaces_I_of_Pontus_(1),,,I00736359
Q135930,Q350749,,,,,,,,,,,,,,,,,,,,,,,,,,,379629,,,,,,,,,,,,,,,Mithridates_IV_of_Pontus_(1),,,I00736361
Q135931,Q432114,,,,,,,,,,,,,,,,,,,,,,,,,,,,,,,,,,,,,,,,,,Laodice_(sister-wife_of_Mithridates_IV_of_Pontus)_(1),,,I00736362
Q135932,Q535413,,,,,,,,,,,,,,,,,,,,,,,,,,,,,,,,,,,,,,,,,,,,,I00736569
Q135933,Q547879,,,,,,,,,,,,,,,,,,,,,,,,,,,,,,,,,,,,,,,,,,Ariamnes_of_Cappadocia_(1),,,I00736451
Q135934,Q526962,,,,,,,,,,,,,,,,,,,,,,,,,,,1491692,,,,,,,,,,,,,,,,,,I00737729
Q135935,Q3122635,,,,,,,,,,,,,,,,,,,,,,,,,,,,,,,,,,,,,,,,,,,,,I00736577
Q135936,Q337108,,,,,,,,,,,,,,,,,,,,,,,,person/ebad5885-bafb-48b9-83a8-f1526eea9f34,,,1007608,,,,,,,,,,,,,,,Ariarathes_V_of_Cappadocia_(1),,,I00736447
Q135937,Q112996336,,,,,,,,,,,,,,,,,,,,,,,,,,,,,,,,,,,,,,,,,,,,,
Q135938,Q9285995,,,,,,,,,,,,,,,,,,,,,,,,,,,,,,,,,,,,,,,,,,,,,
Q135939,Q1100648,,,,,,,,,,,,,,,,,,,,,,,,,,,,,,,,,,,,,,,,,,,,,
Q135940,Q3621304,,,,,,,,,,,,,,,,,,,,,,,,,,,,,,,,,,,,,,,,,,,,,
Q135941,Q433363,,,,,,,,,,,,,,,,,,,,,,,,,,,376492,,,,,,,,,,,,,,,Laodice_V_(1),,,I00736307
Q135942,Q4718158,,,,,,,,,,,,,,,,,,,,,,,,,,,,,,,,,,,,,,,,,,,,,I00736306
Q135943,Q362068,,,,,,,,,,,,,,,,,,,,,,,,,,,,,,,,,,,,,,,,,,,,,I00799524
Q135944,Q113394546,,,,,,,,,,,,,,,,,,,,,,,,,,,,,,,,,,,,,,,,,,,,,
Q135945,Q465838,,alvin-person:51974,,,,,,,,,,,,,,,,,,,,,,,,,465414,,,,,,,,,,,,,,,,,,I00736320
Q135946,Q198293,,,,,,,,,,,,,,,,,,,,,,,,,,,,,,,,,,,,,,,,,,,,,I00737582
Q135947,Q28836567,,,,,,,,,,,,,,,,,,,,,,,,,,,,,,,,,,,,,,,,,,,,,
Q135948,Q27979883,,,,,,,,,,,,,,,,,,,,,,,,,,,,,,,,,,,,,,,,,,,,,I00736582
Q135949,Q99084,,,,,,,,,,,,,,,,,,,,,,,,,,,,,,,,,,,,,,,,,,,,,
Q135950,Q1265303,,,,,,,,,,,,,,,,,,,,,,,,,,,,,,,,,,,,,,,,,,,,,I00737983
Q135951,Q1342141,,,,,,,,,,,,,,,,,,,,,,,,,,,139828,,,,,,,,,,,,,,,Orontes_III_(1),,,I00736420
Q135952,Q134988446,,,,,,,,,,,,,,,,,,,,,,,,,,,,,,,,,,,,,,,,,,,,,
Q135953,Q273514,,,,,,,,,,,,,,,,,,,,,,,,,,,406959,,,,,,,,,,,,,,,,,,I00738385
Q135954,Q11788594,,,,,,,,,,,,,,,,,,,,,,,,,,,,,,,,,,,,,,,,,,,,,
Q135955,Q97331420,,,,,,,,,,,,,,,,,,,,,,,,,,,,,,,,,,,,,,,,,,,,,
Q135956,Q239414,,,,,,,,,,,,,,,,,,,,,,,,,,,451990,,,,,,,,,,,,,,,,,,I00738394
Q135957,Q225198,,,,,,,,,,,,,,,,,,,,,,,,,,,451989,,,,,,,,,,,,,,,,,,I00738398
Q135958,Q1339859,,,,,,,,,,,,,,,,,,,,,,,,,,,,,,,,,,,,,,,,,,,,,
Q135959,Q3321618,,,,,,,,,,,,,,,,,,,,,,,,,,,,,,,,,,,,,,,,,,,,,
Q135960,Q379716,,,,,,,,,,,,,,,,,,,,,,,,,,,,,,,,,,,,,,,,,,,,,I00738390
Q135961,Q906677,,,,,,,,,,,,,,,,,,,,,,,,,,,678955,,,,,,,,,,,,,,,,,,I00738392
Q135962,Q16549442,,,,,,,,,,,,,,,,,,,,,,,,,,,,,,,,,,,,,,,,,,,,,
Q135963,Q640203,,,,,,,,,,,,,,,,,,,,,,,,,,,96079,,,,,,,,,,,,,,,,,,I00738284
Q135964,Q7263911,,,,,,,,,,,,,,,,,,,,,,,,,,,410251,,,,,,,,,,,,,,,,,,I00738290
Q135965,Q373521,,,,,,,,,,,,,,,,,,,,,,,,,,,376511,,,,,,,,,,,,,,,,,,
Q135966,Q1852762,,,,,,,,,,,,,,,,,,,,,,,,,,,,,,,,,,,,,,,,,,,,,
Q135967,Q430647,,,,,,,,,,,,,,,,,,,,,,,,,,,,,,,,,,,,,,,,,,,,,
Q135968,Q662214,,,,,,,,,,,,,,,,,,,,,,,,,,,,,,,,,,,,,,,,,,Ariobarzanes_II_of_Cius_(1),,,I00736354
Q135969,Q25668653,,,,,,,,,,,,,,,,,,,,,,,,,,,,,,,,,,,,,,,,,,,,,
Q135970,Q321170,,,,,,,,,,,,,,,,,,,,,,,,,,,,,,,,,,,,,,,,,,,,,
Q135971,Q7080648,,,,,,,,,,,,,,,,,,,,,,,,,,,,,,,,,,,,,,,,,,,,,
Q135972,Q25668655,,,,,,,,,,,,,,,,,,,,,,,,,,,,,,,,,,,,,,,,,,,,,
Q135973,Q115037483,,,,,,,,,,,,,,,,,,,,,,,,,,,,,,,,,,,,,,,,,,,,,
Q135974,Q115037653,,,,,,,,,,,,,,,,,,,,,,,,,,,,,,,,,,,,,,,,,,,,,
Q135975,Q115804946,,,,,,,,,,,,,,,,,,,,,,,,,,,,,,,,,,,,,,,,,,,,,
Q135976,Q115805040,,,,,,,,,,,,,,,,,,,,,,,,,,,,,,,,,,,,,,,,,,,,,
Q135977,Q115805117,,,,,,,,,,,,,,,,,,,,,,,,,,,,,,,,,,,,,,,,,,,,,
Q135978,Q115805223,,,,,,,,,,,,,,,,,,,,,,,,,,,,,,,,,,,,,,,,,,,,,
Q135979,Q115858848,,,,,,,,,,,,,,,,,,,,,,,,,,,,,,,,,,,,,,,,,,,,,
Q135980,Q2219992,,,,,,,,,,,,,,,,,,,,,,,,,,,970881|695213,,,,,,,,,,,,,,,,,,
Q135981,Q6747024,,,,,,,,,,,,,,,,,,,,,,,,,,,970883,,,,,,,,,,,,,,,,,,
Q135982,Q12876922,,,,,,,,,,,,,,,,,,,,,,,,,,,,,,,,,,,,,,,,,,,,,
Q135983,Q11906322,,,,,,,,,,,,,,,,,,,,,,,,,,,,,,,,,,,,,,,,,,,,,
Q135984,Q545062,,,,,,,,,,,,,,,,,,,,,,,,,,,324191,,,,,,,,,,,,,,p10269.htm#i102684,Cædwalla_of_Wessex_(1),,Wessex-354,
Q135985,Q323409,,,,,,,,,,,,,,,,,,,,,,,,,,,,,,,,,,,,,,,,,p10269.htm#i102685,Mul_of_Kent_(1),,Wessex-353,
Q135986,Q75382564,,,,,,,,,,,,,,,,,,,,,,,,,,,,,,,,,,,,,,,,,p10269.htm#i102686,,,Prince_of_Wessex-20,
Q135987,Q3476862,,,,,,,,,,,,,,,,,,,,,,,,,,,374647,,,,,,,,,,,,,,p15038.htm#i150372,Seaxburh_of_Wessex_(1),,Wessex-377,
Q135988,Q1146468,,,,,,,,,,,,,,,,,,,,,,,,,,,842620,,,,,,,,,,,,,,p10268.htm#i102675,,,Prince_of_Wessex-12,
Q135989,Q272142,,,,,,,,,,,,,,,,,,,,,,,,,,,,,,,,,,,,,,,,,p10267.htm#i102667,,,Wessex-355,
Q135990,Q966807,,,,,,,,,,,,,,,,,,,,,,,,,,,152985,,,,,,,,,,,,,,,Hering_of_Bernicia_(1),,,
Q135991,Q75451533,,,,,,,,,,,,,,,,,,,,,,,,,,,,,,,,,,,,,,,,,p15031.htm#i150309,,,,I00349146
Q135992,Q75451541,,,,,,,,,,,,,,,,,,,,,,,,,,,,,,,,,,,,,,,,,p15032.htm#i150317,,,,I00349160
Q136008,Q3772557,,,,,,,,,,,,,,,,,,,,,,,,,,,,,,,,,,,,,,,,,,,,,
Q136009,Q101246469,,,,,,,,,,,,,,,,,,,,,,,,,,,,,,,,,,,,,,,,,,,,Ap_Tudwal-2,
Q136010,Q1761627,,,,,,,,,,,,,,,,,,,,,,,,,,,,,,,,,,,,,,,,,,,,,
Q136011,Q425627,,,,,,,,,,,,,,,,,,,,,,,,,,,411063,,,,,,,,,,,,,,,,,,
Q136012,Q116052770,,,,,,,,,,,,,,,,,,,,,,,,,,,,,,,,,,,,,,,,,,,,Coel-3,I00774512
Q136013,Q2944234,,,,,,,,,,,,,,,,,,,,,,,,,,,132200,,,,,,,,,,,,,,,,,,I00750075
Q136014,Q3891153,,,,,,,,,,,,,,,,,,,,,,,,,,,,,,,,,,,,,,,,,,,,,
Q136015,Q116052765,,,,,,,,,,,,,,,,,,,,,,,,,,,,,,,,,,,,,,,,,,,,,I00774514
Q136016,Q2304442,,,,,,,,,,,,,,,,,,,,,,,,,,,132201,,,,,,,,,,,,,,,Coel_Unknown_(1),,,I00750076
Q136017,Q170164,,alvin-person:35373,,,,,,,,10694843|36709110,,,,,,,,,,,,,,person/ca3b1488-b012-4fa3-93ea-ab5e305dc504,,,179089,,,,,,,,,,,,,,,Helena_Unknown_(8),,Unknown-322710,I00313515
Q136018,Q645109,,,,,,,,,,,,,,,,,,,,,,,,,,,997591,,,,,,,,,,,,,,,,,,
Q136019,Q2920656,,,,,,,,,,,,,,,,,,,,,,,,,,,,,,,,,,,,,,,,,,,,,
Q136020,Q7444813,,,,,,,,,,,,,,,,,,,,,,,,,,,,,,,,,,,,,,,,,,,,,
Q136021,Q2832345,,,,,,,,,,,,,,,,,,,,,,,,,,,,,,,,,,,,,,,,,,,,Ap_Selyfan-1,
Q136022,Q116055661,,,,,,,,,,,,,,,,,,,,,,,,,,,,,,,,,,,,,,,,,,,,,I00759080
Q136023,Q116055662,,,,,,,,,,,,,,,,,,,,,,,,,,,,,,,,,,,,,,,,,,,,Ferch_Tewdrig-1,I00759079
Q136024,Q2488951,,,,,,,,,,,,,,,,,,,,,,,,,,,509331,,,,,,,,,,,,,,,,,,
Q136025,Q4161903,,,,,,,,,,,,,,,,,,,,,,,,,,,,,,,,,,,,,,,,,,,,,
Q136026,Q2449206,,,,,,,,,,,,,,,,,,,,,,,,,,,,,,,,,,,,,,,,,,,,,
Q136027,Q2287423,,,,,,,,,,,,,,,,,,,,,,,,,,,,,,,,,,,,,,,,,,,,,
Q136028,Q4530046,,,,,,,,,,,,,,,,,,,,,,,,,,,,,,,,,,,,,,,,,,,,,
Q136029,Q2062366,,,,,,,,,,,,,,,,,,,,,,,,,,,,,,,,,,,,,,,,,,,,,
Q136030,Q13132095,,,,,,,,,,,,,,,,,,,,,,,,,,,,,,,,,,,,,,,,,,,,,
Q136031,Q4223189,,,,,,,,,,,,,,,,,,,,,,,,,,,,,,,,,,,,,,,,,,,,,
Q136032,Q1258743,,,,,,,,,,,,,,,,,,,,,,,,,,,,,,,,,,,,,,,,,,,,,
Q136033,Q53191106,,,,,,,,,,,,,,,,,,,,,,,,,,,,,,,,,,,,,,,,,,,,Ferch_Brychan-4,
Q136034,Q51908481,,,,,,,,,,,,,,,,,,,,,,,,,,,,,,,,,,,,,,,,,,,,,
Q136035,Q51954783,,,,,,,,,,,,,,,,,,,,,,,,,,,,,,,,,,,,,,,,,,,,,
Q136036,Q19600732,,,,,,,,,,,,,,,,,,,,,,,,,,,,,,,,,,,,,,,,,,,,,
Q136037,Q24558760,,,,,,,,,,,,,,,,,,,,,,,,,,,,,,,,,,,,,,,,,,,,,I00759140
Q136038,Q2308964,,,,,,,,,,9735626,,,,,,,,,,,,,,,,,,,,,,,,,,,,,,,,,,,
Q136039,Q4161262,,,,,,,,,,,,,,,,,,,,,,,,,,,,,,,,,,,,,,,,,,,,,
Q136040,Q7401897,,,,,,,,,,,,,,,,,,,,,,,,,,,,,,,,,,,,,,,,,,,,,
Q136041,Q20949696,,,,,,,,,,,,,,,,,,,,,,,,,,,,,,,,,,,,,,,,,,,,,
Q136042,Q27686597,,,,,,,,,,,,,,,,,,,,,,,,,,,,,,,,,,,,,,,,,,,,,
Q136043,Q61107830,,,,,,,,,,,,,,,,,,,,,,,,,,,,,,,,,,,,,,,,,,,,,
Q136044,Q18535981,,,,,,,,,,,,,,,,,,,,,,,,,,,,,,,,,,,,,,,,,,,,,
Q136045,Q116112682,,,,,,,,,,,,,,,,,,,,,,,,,,,,,,,,,,,,,,,,,,,,,I00759139
Q136046,Q116113333,,,,,,,,,,,,,,,,,,,,,,,,,,,,,,,,,,,,,,,,,,,,,I00753859
Q136047,Q17984465,,,,,,,,,,,,,,,,,,,,,,,,,,,,,,,,,,,,,,,,,,,,,
Q136048,Q375287,,,,,,,,,,,,,,,,,,,,,,,,,,,141446,,p=gabran;n=of scotland,,,,,,,,,,,,,Gabrán_mac_Domangairt_(1),,Mac_Domangairt-2,I00561417
Q136049,Q378755,,,,,,,,,,,,,,,,,,,,,,,,,,,141444,,p=aidan;n=of scotland,,,,,,,,,,,,,Áedán_mac_Gabráin_(1),,Macgabrain-1,I00561416
Q136050,Q2663897,,,,,,,,,,,,,,,,,,,,,,,,,,,1225170|508351,,,,,,,,,,,,,,,Cynfarch_Oer_(1),,,I00759137
Q136051,Q20561507,,,,,,,,,,,,,,,,,,,,,,,,,,,,,,,,,,,,,,,,,,,,,
Q136052,Q27031328,,,,,,,,,,,,,,,,,,,,,,,,,,,,,,,,,,,,,,,,,,,,,
Q136053,Q53779022,,,,,,,,,,,,,,,,,,,,,,,,,,,,,,,,,,,,,,,,,,,,,
Q136054,Q886405,,,,,,,,,,,,,,,,,,,,,,,,,,,,,,,,,,,,,,,,,,Cyngen_ap_Cadell_(1),,Ap_Cadell-23,
Q136055,Q2253832,,,,,,,,,,,,,,,,,,,,,,,,,,,,,,,,,,,,,,,,,,,,,I00693579
Q136056,Q2519772,,,,,,,,,,,,,,,,,,,,,,,,,,,,,,,,,,,,,,,,,,,,,
Q136057,Q2426687,,,,,,,,,,,,,,,,,,,,,,,,,,,,,,,,,,,,,,,,,,,,Ap_Cynan-8,I00773704
Q136058,Q2295986,,,,,,,,,,,,,,,,,,,,,,,,,,,,,,,,,,,,,,,,,,,,,
Q136059,Q4220781,,,,,,,,,,,,,,,,,,,,,,,,,,,,,,,,,,,,,,,,,,,,,
Q136060,Q612390,,,,,,,,,,9700426,,,,,,,,,,,,,,,,,,,,,,,,,,,,,,,,,,,
Q136061,Q116055022,,,,,,,,,,,,,,,,,,,,,,,,,,,,,,,,,,,,,,,,,,,,,I00755487
Q136062,Q116109741,,,,,,,,,,,,,,,,,,,,,,,,,,,,,,,,,,,,,,,,,,,,,I00768437
Q136063,Q116054550,,,,,,,,,,,,,,,,,,,,,,,,,,,,,,,,,,,,,,,,,,,,,I00750515
Q136064,Q133462478,,,,,,,,,,,,,,,,,,,,,,,,,,,,,,,,,,,,,,,,,,,,,I00766770
Q136065,Q110582889,,,,,,,,,,,,,,,,,,,,,,,,,,,,,,,,,,,,,,,,,,,,,I00713757
Q136066,Q3463997,,,,,,,,,,,,,,,,,,,,,,,,,,,413629,,,,,,,,,,,,,,,,,,
Q136067,Q3780157,,,,,,,,,,,,,,,,,,,,,,,,,,,997594,,,,,,,,,,,,,,,,,Ap_Ceneu-3,I00750074
Q136068,Q1120124,,,,,,,,,,,,,,,,,,,,,,,,,,,1225167,,,,,,,,,,,,,,,,,,I00750072
Q136069,Q116052764,,,,,,,,,,,,,,,,,,,,,,,,,,,,,,,,,,,,,,,,,,,,,I00774513
Q136070,Q3780158,,,,,,,,,,,,,,,,,,,,,,,,,,,,,,,,,,,,,,,,,,,,,
Q136071,Q675705,,,,,,,,,,,,,,,,,,,,,,,,,,,132199|508217,,,,,,,,,,,,,,,,,,
Q136072,Q106720691,,,,,,,,,,,,,,,,,,,,,,,,,,,,,,,,,,,,,,,,,,,,,
Q136073,Q2487300,,,,,,,,,,,,,,,,,,,,,,,,,,,136985|997595,,p=cunedda;n=of gwynedd,,,,,,,,,,,,,Cunedda_ap_Edern_(1),,Ap_Edern-3,I00753306
Q136074,Q122260582,,,,,,,,,,,,,,,,,,,,,,,,,,,,,,,,,,,,,,,,,,,,,I00753468
Q136075,Q110152941,,,,,,,,,,,,,,,,,,,,,,,,,,,,,,,,,,,,,,,,,,,,Ferch_Einion-15,I00759427
Q136076,Q110152935,,,,,,,,,,,,,,,,,,,,,,,,,,,,,,,,,,,,,,,,,,,,Ap_Bleddyn-25,I00755215
Q136077,Q110560387,,,,,,,,,,,,,,,,,,,,,,,,,,,,,,,,,,,,,,,,,,,,,I00708909
Q136078,Q97532306,,,,,,,,,,,,,,,,,,,,,,,,,,,,,,,,,,,,,,,,,,,,,I00708869
Q136079,Q110560368,,,,,,,,,,,,,,,,,,,,,,,,,,,,,,,,,,,,,,,,,,,,,I00758933
Q136080,Q110622028,,,,,,,,,,,,,,,,,,,,,,,,,,,,,,,,,,,,,,,,,,,,,I00759950
Q136081,Q56185060,,,,,,,,,,,,,,,,,,,,,,,,,,,,,p=tudur trefor;n=n,,,,,,,,,,,,p60231.htm#i602309,Tudor_Ap_Ynyr_(1),,Ab_Ynyr-1,I00751004
Q136082,Q2521523,,,,,,,,,,,,,,,,,,,,,,,,,,,,,,,,,,,,,,,,,,Halfdan_Hvitbeinn_(1),,Olafsson-307,I00220734
Q136083,Q76300818,,,,,,,,,,,,,,,,,,,,,,,,,,,,,,,,,,,,,,,,,p67329.htm#i673287,,,,
Q136084,Q76299830,,,,,,,,,,,,,,,,,,,,,,,,,,,,,,,,,,,,,,,,,p67251.htm#i672503,,,,
Q136085,Q76298981,,,,,,,,,,,,,,,,,,,,,,,,,,,58442,,p=hildi;n=eiriksdatter,,,,,,,,,,,,p67188.htm#i671876,Hildi_Eiriksdatter_(1),,Eiriksdatter-47,I00220743
Q136086,Q75292025,,,,,,,,,,,,,,,,,,,,,,,,,,,212973,,p=geva;n=eysteinsdotter,,,,,,,,,,,,p67329.htm#i673286,Geva_Eysteinsdotter_(1)|Geva_of_Denmark_(1),,Unknown-701014,
Q136087,Q75292019,,,,,,,,,,,,,,,,,,,,,,,,,,,940272,,,,,,,,,,,,,,p4287.htm#i42863,Harold_Haithabu_(1),,Eysteinsson-29,
Q136088,Q75292014,,,,,,,,,,,,,,,,,,,,,,,,,,,,,,,,,,,,,,,,,p4286.htm#i42859,,,Unknown-433937,
Q136089,Q461614,,,,,,,,,,,,,,,,,,,,,,,,,,,918635|134561,,,,,,,,,,,,,,p4286.htm#i42856,Gudfred_Unknown_(1),,Unknown-689401,
Q136090,Q75292030,,,,,,,,,,,,,,,,,,,,,,,,,,,,,,,,,,,,,,,,,p4287.htm#i42870,,,,
Q136091,Q4133209,,,,,,,,,,,,,,,,,,,,,,,,,,,,,,,,,,,,,,,,,,,,,
Q136092,Q5704672,,,,,,,,,,,,,,,,,,,,,,,,,,,,,,,,,,,,,,,,,,Helgi_the_Sharp_(1),,,
Q136093,Q6441507,,,,,,,,,,,,,,,,,,,,,,,,,,,,,,,,,,,,,,,,,,,,Sigurdsson-133,
Q136094,Q12215791,,,,,,,,,,,,,,,,,,,,,,,,,,,,,,,,,,,,,,,,,,,,,
Q136097,Q5959250,,,,,,,,,,,,,,,,,,,,,,,,,,,,,,,,,,,,,,,,,,,,,
Q136100,Q2667498,,,,,,,,,,,,,,,,,,,,,,,,,,,270843,,,,,,,,,,,,,,,,,,
Q136101,Q5479451,,,,,,,,,,,,,,,,,,,,,,,,,,,,,,,,,,,,,,,,,p4274.htm#i42738,,,,I00636737
Q136102,Q6136596,,,,,,,,,,,,,,,,,,,,,,,,,,,,,,,,,,,,,,,,,p4274.htm#i42736,,,Unknown-709021,I00636735
Q136113,Q16635049,,,,,,,,,,,,,,,,,,,,,,,,,,,,,,,,,,,,,,,,,,,,Eyvindsson-4,
Q136114,Q11708852,,,,,,,,,,,,,,,,,,,,,,,,,,,,,,,,,,,,,,,,,,,,Eyvindsson-3,
Q136115,Q130320401,,,,,,,,,,,,,,,,,,,,,,,,,,,,,,,,,,,,,,,,,,,,,
Q136116,Q1402591,,,,,,7845,,,,,,,,,,,,,,,,,,,,,,,,,,,,,,,,,,,,Ottar_Egilsson_(2),,,
Q136117,Q5325613,,,,,,,,,,,,,,,,,,,,,,,,,,,,,,,,,,,,,,,,,,Eanmund_Unknown_(1),,,
Q136118,Q5527923,,,,,,,,,,,,,,,,,,,,,,,,,,,57408,,,,,,,,,,,,,,,Gauthildr_Algautsdóttir_(1),,Algautsdatter-2,I00220745
Q136119,Q2664809,,,,,,7751,,,,,,,,,,,,,,,,,,,,,,,,,,,,,,,,,,,,Olof_Trätälja_(1),,Ingjaldsson-57,I00220738
Q136120,Q18450739,,,,,,,,,,,,,,,,,,,,,,,,,,,,,,,,,,,,,,,,,,,,Ingjaldsdotter-1,
Q136124,Q63559,,,,,,,,,,,,,,,,,,,,,,,,,,,,,,,,,,,,,,,,,,,,,
Q136128,Q134725101,,,,,,,,,,,,,,,,,,,,,,,,,,,,,,,,,,,,,,,,,,,,,
Q136129,Q448580,,,,,,,,,,,,,,,,,,,,,,,,,,,,,,,,,,,,,,,,,,,,,
Q136130,Q187982,,,,,,,,,,,,,,,,,,,,,,,,,,,482157,,,,,,,,,,,,,,,,,,
Q136131,Q373660,,,,,,,,,,,,,,,,,,,,,,,,,,,1028094,,,,,,,,,,,,,,,,,,
Q136132,Q357594,,,,,,,,,,,,,,,,,,,,,,,,,,,1028093,,,,,,,,,,,,,,,,,,
Q136133,Q4740618,,,,,,,,,,,,,,,,,,,,,,,,,,,,,,,,,,,,,,,,,,,,,
Q136134,Q4894298,,,,,,,,,,,,,,,,,,,,,,,,,,,,,,,,,,,,,,,,,,,,,I00509554
Q136135,Q313675,,alvin-person:51051,,,,,,,,,,,,,,,,,,,,,,person/037992f9-c031-477d-9c87-7d244c584244,,,566263,,,,,,,,,,,,,,,,,,I00738784
Q136136,Q7185568,,,,,,,,,,,,,,,,,,,,,,,,,,,,,,,,,,,,,,,,,,,,,
Q136137,Q8354571,,,,,,,,,,,,,,,,,,,,,,,,,,,,,,,,,,,,,,,,,,,,,
Q136138,Q11925437,,,,,,,,,,,,,,,,,,,,,,,,,,,,,,,,,,,,,,,,,,,,,
Q136139,Q5659199,,,,,,,,,,,,,,,,,,,,,,,,,,,,,,,,,,,,,,,,,,,,,I00738780
Q136140,Q109298494,,,,,,,,,,,,,,,,,,,,,,,,,,,,,,,,,,,,,,,,,,,,,
Q136141,Q296304,,alvin-person:52185,,,,,,,,,,,,,,,,,,,,,,,,,376489,,,,,,,,,,,,,,,Demetrius_I_Soter_(1),,,I00736288
Q136142,Q298628,,,,,,,,,,,,,,,,,,,,,,,,,,,1510580,,,,,,,,,,,,,,,Antiochus_V_(1),,,I00737734
Q136143,Q269928,,,,,,,,,,,,,,,,,,,,,,,,,,,497389,,,,,,,,,,,,,,,Laodice_Vi_(1),,,I00737733
Q136144,Q1091124,,,,,,,,,,,,,,,,,,,,,,,,,,,497395,,,,,,,,,,,,,,,Nysa_(wife_of_Pharnaces_I_of_Pontus)_(1),,,I00736360
Q136145,Q2653436,,,,,,,,,,,,,,,,,,,,,,,,,,,,,,,,,,,,,,,,,,,,,I00736287
Q136146,Q297657,,,,,,,,,,,,,,,,,,,,,,,,,,,463412,,,,,,,,,,,,,,,Alexander_Balas_(1),,,I00737732
Q136147,Q309719,,,,,,,,,,,,,,,,,,,,,,,,person/1d74c596-0c33-42c8-bb38-452bb38939e6,,,376418,,,,,,,,,,,,,,,Demetrius_II_Nicator_(1),,,I00736289
Q136148,Q294945,,alvin-person:52186,,,,,,,,,,,,,,,,,,,,,,person/b9f1444f-a747-47b7-8cbe-d28f11898cbc,,,1224230,,,,,,,,,,,,,,,Antiochus_VII_Sidetes_(1),,,I00736290
Q136149,Q296446,,,,,,,,,,,,,,,,,,,,,,,,,,,,,,,,,,,,,,,,,,Antiochus_IX_Cyzicenus_(1),,,I00567212
Q136150,Q298624,,,,,,,,,,,,,,,,,,,,,,,,,,,463410,,,,,,,,,,,,,,,,,,I00732642
Q136151,Q310805,,,,,,,,,,,,,,,,,,,,,,,,,,,497475,,,,,,,,,,,,,,,Seleucus_V_Philometor_(1),,,I00732698
Q136152,Q311112,,,,,,,,,,,,,,,,,,,,,,,,,,,376414,,,,,,,,,,,,,,,Antiochus_VIII_Grypus_(1),,,I00567210
Q136153,Q11948119,,,,,,,,,,,,,,,,,,,,,,,,,,,,,,,,,,,,,,,,,,,,,
Q136154,Q1310559,,,,,,,,,,,,,,,,,,,,,,,,,,,,,,,,,,,,,,,,,,,,,
Q136155,Q231688,,,,,,,,,,,,,,,,,,,,,,,,,,,,,,,,,,,,,,,,,,,,,I00715474
Q136156,Q39991,,,,,,,,,,,,,,,,,,,,,,,,,,,103775,,,,,,,,,,,,,,,Ptolemy_Auletes_(2),,,I00567214
Q136157,Q39996,,,,,,,,,,,,,,,,,,,,,,,,,,,,,,,,,,,,,,,,,,,,,I00715475
Q136158,Q40020,,,,,,,,,,,,,,,,,,,,,,,,,,,,,,,,,,,,,,,,,,,,,
Q136159,Q40242,,,,,,,,,,,,,,,,,,,,,,,,,,,,,,,,,,,,,,,,,,Cleopatra_Tryphaeana_(1),,,I00567215
Q136160,Q310808,,,,,,,,,,,,,,,,,,,,,,,,,,,,,,,,,,,,,,,,,,,,,I00736316
Q136161,Q39669,,,,,,,,,,,,,,,,,,,,,,,,,,,,,,,,,,,,,,,,,,,,,
Q136162,Q313733,,,,,,,,,,,,,,,,,,,,,,,,,,,,,,,,,,,,,,,,,,,,,I00736600
Q136163,Q312809,,,,,,,,,,,,,,,,,,,,,,,,,,,,,,,,,,,,,,,,,,Demetrius_III_Eucaerus_(1),,,I00786173
Q136164,Q288177,,,,,,,,,,,,,,,,,,,,,,,,,,,376412,,,,,,,,,,,,,,,Laodice_VII_Thea_(1),,,I00736609
Q136165,Q311107,,,,,,,,,,,,,,,,,,,,,,,,,,,,,,,,,,,,,,,,,,Antiochus_XII_Dionysus_(1),,,I00736601
Q136166,Q299618,,,,,,,,,,,,,,,,,,,,,,,,,,,,,,,,,,,,,,,,,,Antiochus_XI_Epiphanes_(1),,,I00786172
Q136167,Q299007,,,,,,,,,,,,,,,,,,,,,,,,,,,,,,,,,,,,,,,,,,Seleucus_VI_Epiphanes_(1),,,I00786170
Q136168,Q263489,,alvin-person:52189,,,,,,,,,,,,,,,,,,,,,,,,,,,,,,,,,,,,,,,,Philip_I_Philadelphus_(1),,,I00786171
Q136169,Q11914079,,,,,,,,,,,,,,,,,,,,,,,,,,,,,,,,,,,,,,,,,,,,,
Q136170,Q1290772,,,,,,,,,,,,,,,,,,,,,,,,,,,139826,,,,,,,,,,,,,,,Arsames_I_(1),,,I00736418
Q136171,Q1382437,,,,,,,,,,,,,,,,,,,,,,,,,,,409662,,,,,,,,,,,,,,,,,,I00736417
Q136172,Q6881678,,,,,,,,,,,,,,,,,,,,,,,,,,,,,,,,,,,,,,,,,,,,,I00738765
Q136173,Q308231,,,,,,,,,,,,,,,,,,,,,,,,,,,,,,,,,,,,,,,,,,,,,I00738441
Q136174,Q318021,,,,,,,,,,,,,,,,,,,,,,,,,,,,,,,,,,,,,,,,,,Mithridates_I_of_Pontus_(1),,,I00736355
Q136175,Q373015,,,,,,,,,,,,,,,,,,,,,,,,,,,,,,,,,,,,,,,,,,Mithridates_V_of_Pontus_(1),,,I00732454
Q136176,Q4893550,,,,,,,,,,,,,,,,,,,,,,,,,,,,,,,,,,,,,,,,,,Nysa_of_Cappadocia_(1),,,I00736446
Q136177,Q469746,,,,,,,,,,,,,,,,,,,,,,,,,,,,,,,,,,,,,,,,,,Ariarathes_II_of_Cappadocia_(1),,,I00736452
Q136178,Q270678,,,,,,,,,,,,,,,,,,,,,,,,,,,,,,,,,,,,,,,,,,,,,I00736578
Q136179,Q312431,,,,,,,,,,,,,,,,,,,,,,,,,,,,,,,,,,,,,,,,,,,,,I00732455
Q136180,Q309804,,,,,,,,,,,,,,,,,,,,,,,,,,,,,,,,,,,,,,,,,,,,,I00736576
Q136181,Q359573,,alvin-person:52166,,,,,,,,,,,,,,,,,,,,,,,,,523995,,,,,,,,,,,,,,,Ariarathes_VI_of_Cappadocia_(1),,,I00736445
Q136182,Q11916837,,,,,,,,,,,,,,,,,,,,,,,,,,,,,,,,,,,,,,,,,,,,,
Q136183,Q317331,,,,,,,,,,,,,,,,,,,,,,,,,,,,,,,,,,,,,,,,,,,,,
Q136184,Q121259370,,,,,,,,,,,,,,,,,,,,,,,,,,,,,,,,,,,,,,,,,,,,,
Q136185,Q119167145,,,,,,,,,,,,,,,,,,,,,,,,,,,1497784,,,,,,,,,,,,,,,,,,
Q136186,Q131730118,,,,,,,,,,,,,,,,,,,,,,,,,,,,,,,,,,,,,,,,,,,,,I00799523
Q136187,Q353702,,alvin-person:51973,,,,,,,,,,,,,,,,,,,,,,,,,465409,,,,,,,,,,,,,,,,,,I00736442
Q136188,Q343604,,,,,,,,,,,,,,,,,,,,,,,,,,,465434,,,,,,,,,,,,,,,,,,I00738158
Q136189,Q12308960,,,,,,,,,,,,,,,,,,,,,,,,,,,,,,,,,,,,,,,,,,,,,I00738157
Q136190,Q65150280,,,,,,,,,,,,,,,,,,,,,,,,,,,,,,,,,,,,,,,,,,,,,
Q136191,Q3575604,,,,,,,,,,,,,,,,,,,,,,,,,,,,,,,,,,,,,,,,,,,,,
Q136192,Q29167056,,,,,,,,,,,,,,,,,,,,,,,,,,,,,,,,,,,,,,,,,,,,,
Q136193,Q314341,,,,,,,,,,,,,,,,,,,,,,,,,,,,,,,,,,,,,,,,,,,,,
Q136194,Q2593673,,,,,,,,,,,,,,,,,,,,,,,,,,,,,,,,,,,,,,,,,,,,,I00736579
Q136195,Q16172234,,,,,,,,,,,,,,,,,,,,,,,,,,,,,,,,,,,,,,,,,,,,,
Q136196,Q11922074,,,,,,,,,,,,,,,,,,,,,,,,,,,,,,,,,,,,,,,,,,,,,
Q136197,Q12627506,,,,,,,,,,,,,,,,,,,,,,,,,,,,,,,,,,,,,,,,,,,,,I00737982
Q136198,Q261592,,,,,,,,,,,,,,,,,,,,,,,,,,,139827,,,,,,,,,,,,,,,Sames_of_Commagene_(1),,,I00736419
Q136199,Q134988448,,,,,,,,,,,,,,,,,,,,,,,,,,,,,,,,,,,,,,,,,,,,,
Q136200,Q1624360,,,,,,,,,,,,,,,,,,,,,,,,,,,,,,,,,,,,,,,,,,,,,
Q136201,Q346539,,,,,,,,,,,,,,,,,,,,,,,,,,,,,,,,,,,,,,,,,,,,,I00738396
Q136202,Q1889603,,,,,,,,,,,,,,,,,,,,,,,,,,,,,,,,,,,,,,,,,,,,,
Q136203,Q312537,,,,,,,,,,,,,,,,,,,,,,,,,,,96080|410244,,,,,,,,,,,,,,,,,,I00738283
Q136204,Q18720650,,,,,,,,,,,,,,,,,,,,,,,,,,,,,,,,,,,,,,,,,,,,,I00738476
Q136205,Q125102,,,,,,,,,,,,,,,,,,,,,,,,,,,376515,,,,,,,,,,,,,,,,,,
Q136206,Q1058360,,,,,,,,,,,,,,,,,,,,,,,,,,,,,,,,,,,,,,,,,,,,,
Q136207,Q443170,,,,,,,,,,,,,,,,,,,,,,,,,,,643452,,,,,,,,,,,,,,,,,,
Q136208,Q887445,,,,,,,,,,,,,,,,,,,,,,,,,,,,,,,,,,,,,,,,,,Mithridates_II_of_Cius_(1),,,I00736352
Q136209,Q25668651,,,,,,,,,,,,,,,,,,,,,,,,,,,,,,,,,,,,,,,,,,,,,
Q136210,Q25668656,,,,,,,,,,,,,,,,,,,,,,,,,,,,,,,,,,,,,,,,,,,,,
Q136211,Q115805414,,,,,,,,,,,,,,,,,,,,,,,,,,,,,,,,,,,,,,,,,,,,,
Q136212,Q115805441,,,,,,,,,,,,,,,,,,,,,,,,,,,,,,,,,,,,,,,,,,,,,
Q136213,Q115805500,,,,,,,,,,,,,,,,,,,,,,,,,,,,,,,,,,,,,,,,,,,,,
Q136214,Q115805592,,,,,,,,,,,,,,,,,,,,,,,,,,,,,,,,,,,,,,,,,,,,,
Q136215,Q115805629,,,,,,,,,,,,,,,,,,,,,,,,,,,,,,,,,,,,,,,,,,,,,
Q136216,Q115805652,,,,,,,,,,,,,,,,,,,,,,,,,,,,,,,,,,,,,,,,,,,,,
Q136217,Q5354447,,,,,,,,,,,,,,,,,,,,,,,,,,,970885,,,,,,,,,,,,,,,,,,
Q136218,Q2683160,,,,,,,,,,,,,,,,,,,,,,,,,,,506073|970884,,,,,,,,,,,,,,,,,,
Q136219,Q18699272,,,,,,,,,,,,,,,,,,,,,,,,,,,,,,,,,,,,,,,,,,,,,
Q136220,Q75494058,,,,,,,,,,,,,,,,,,,,,,,,,,,,,,,,,,,,,,,,,p17580.htm#i175794,,,Wessex-376,
Q136222,Q75451535,,,,,,,,,,,,,,,,,,,,,,,,,,,,,,,,,,,,,,,,,p15031.htm#i150310,,,,I00349148
Q136223,Q75451543,,,,,,,,,,,,,,,,,,,,,,,,,,,,,,,,,,,,,,,,,p15032.htm#i150318,,,,I00349162
Q136234,Q887660,,,,,,,,,,,,,,,,,,,,,,,,,,,,,,,,,,,,,,,,,p15257.htm#i152567,,,,
Q136235,Q888863,,,,,,,,,,,,,,,,,,,,,,,,,,,,,,,,,,,,,,,,,p15027.htm#i150269,,,,
Q136236,Q468184,,,,,,,,,,,,,,,,,,,,,,,,,,,,,,,,,,,,,,,,,p15038.htm#i150375,,,,
Q136237,Q534049,,,,,,,,,,,,,,,,,,,,,,,,,,,,,,,,,,,,,,,,,,,,,
Q136238,Q1063350,,,,,,,,,,,,,,,,,,,,,,,,,,,,,,,,,,,,,,,,,,,,,
Q136239,Q507705,,,,,,,,,,,,,,,,,,,,,,,,,,,,,,,,,,,,,,,,,,,,,
Q136240,Q4291193,,,,,,,,,,,,,,,,,,,,,,,,,,,,,,,,,,,,,,,,,,,,,
Q136241,Q4347164,,,,,,,,,,,,,,,,,,,,,,,,,,,,,,,,,,,,,,,,,,,,,
Q136242,Q3478806,,,,,,,,,,,,,,,,,,,,,,,,,,,,,,,,,,,,,,,,,,,,Ap_Dingad-1,
Q136243,Q123175112,,,,,,,,,,,,,,,,,,,,,,,,,,,,,,,,,,,,,,,,,,,,,
Q136244,Q815575,,,,,,,,,,,,,,,,,,,,,,,,,,,,,,,,,,,,,,,,,,,Space:Beli_Mawr,,I00706440
Q136245,Q1620097,,,,,,,,,,,,,,,,,,,,,,,,,,,,,,,,,,,,,,,,,,,,,
Q136246,Q1296422,,,,,,,,,,,,,,,,,,,,,,,,,,,411183,,,,,,,,,,,,,,,,,,
Q136247,Q2705888,,,,,,,,,,,,,,,,,,,,,,,,,,,136983,,p=einion yrth;n=ap cunedda,,,,,,,,,,,,,Einion_Gwledig_(1),,Ap_Cunedda-10,I00753305
Q136248,Q116112813,,,,,,,,,,,,,,,,,,,,,,,,,,,,,,,,,,,,,,,,,,,,,I00752914
Q136249,Q3862811,,,,,,,,,,,,,,,,,,,,,,,,,,,,,,,,,,,,,,,,,,,,,
Q136250,Q116055633,,,,,,,,,,,,,,,,,,,,,,,,,,,,,,,,,,,,,,,,,,,,,I00750400
Q136251,Q2253798,,,,,,,,,,,,,,,,,,,,,,,,,,,,,,,,,,,,,,,,,,,,,
Q136252,Q5197272,,,,,,,,,,,,,,,,,,,,,,,,,,,1225154,,,,,,,,,,,,,,,,,,
Q136253,Q17479585,,,,,,,,,,,,,,,,,,,,,,,,,,,1225153,,,,,,,,,,,,,,,,,,
Q136254,Q20568444,,,,,,,,,,,,,,,,,,,,,,,,,,,1225152,,,,,,,,,,,,,,,,,,
Q136255,Q119533,,,,,,,,,,,,,,,,,,,,,,,,,,,,,,,,,,,,,,,,,,,,Tellenbach-7,
Q136256,Q2426699,,,,,,,,,,,,,,,,,,,,,,,,,,,,,,,,,,,,,,,,,,,,,
Q136257,Q3056490,,,,,,,,,,,,,,,,,,,,,,,,,,,,,,,,,,,,,,,,,,,,Aldrien-1,
Q136258,Q3386687,,,,,,,,,,,,,,,,,,,,,,,,,,,,,,,,,,,,,,,,,,,,,
Q136259,Q116112668,,,,,,,,,,,,,,,,,,,,,,,,,,,,,,,,,,,,,,,,,,,,,I00759081
Q136260,Q116112673,,,,,,,,,,,,,,,,,,,,,,,,,,,,,,,,,,,,,,,,,,,,,I00759083
Q136261,Q936150,,,,,,,,,,,,,,,,,,,,,,,,,,,,,,,,,,,,,,,,,,,,,
Q136262,Q18589182,,,,,,,,,,,,,,,,,,,,,,,,,,,,,,,,,,,,,,,,,,,,,
Q136263,Q2500792,,,,,,,,,,,,,,,,,,,,,,,,,,,509421,,,,,,,,,,,,,,,,,,
Q136264,Q2512103,,,,,,,,,,,,,,,,,,,,,,,,,,,509415,,,,,,,,,,,,,,,,,,
Q136265,Q24555718,,,,,,,,,,,,,,,,,,,,,,,,,,,,,,,,,,,,,,,,,,,,,
Q136266,Q1889720,,,,,,,,,,,,,,,,,,,,,,,,,,,,,,,,,,,,,,,,,,,,,
Q136267,Q2641763,,,,,,,,,,,,,,,,,,,,,,,,,,,1225127,,,,,,,,,,,,,,,Ceredig_Gwledig_(1),,Ap_Cunedda-9,
Q136268,Q122733481,,,,,,,,,,,,,,,,,,,,,,,,,,,,,,,,,,,,,,,,,,,,,
Q136269,Q51954656,,,,,,,,,,,,,,,,,,,,,,,,,,,,,,,,,,,,,,,,,,,,,
Q136270,Q1434699,,,,,,,,,,,,,,,,,,,,,,,,,,,1225168,,,,,,,,,,,,,,,Llywarch_Hen_(1),,Ab_Elidyr-3,I00750071
Q136271,Q4205959,,,,,,,,,,,,,,,,,,,,,,,,,,,,,,,,,,,,,,,,,,Iorwerth_Tegonwy_(1),,Ap_Tegonwy-4,I00753848
Q136272,Q116113331,,,,,,,,,,,,,,,,,,,,,,,,,,,,,,,,,,,,,,,,,,,,,I00760194
Q136273,Q878700,,,,,,,,,,,,,,,,,,,,,,,,,,,141447,,p=domangart;n=of scotland;oc=1,,,,,,,,,,,,,Domangart_Réti_(1),,Macfeargusa-1,I00561418
Q136274,Q878696,,,,,,,,,,,,,,,,,,,,,,,,,,,150554,,,,,,,,,,,,,,,Comgall_mac_Domangairt_(1),,Mac_Domangart-1,
Q136275,Q712976,,,,,,,,,,,,,,,,,,,,,,,,,,,141443,,p=eochaid;n=of scotland;oc=3,,,,,,,,,,,,,Donald_Scotland_(2),,Mac_Aedain-1,I00561415
Q136276,Q2550970,,,,,,,,,,,,,,,,,,,,,,,,,,,,,,,,,,,,,,,,,,,,,
Q136277,Q61832439,,,,,,,,,,,,,,,,,,,,,,,,,,,374601,,,,,,,,,,,,,,,,,,
Q136278,Q1544010,,,,,,,,,,,,,,,,,,,,,,,,,,,1225183,,,,,,,,,,,,,,,,,,
Q136279,Q4346495,,,,,,,,,,,,,,,,,,,,,,,,,,,,,,,,,,,,,,,,,,,,,I00759133
Q136280,Q3405959,,,,,,,,,,,,,,,,,,,,,,,,,,,1225182,,,,,,,,,,,,,,,,,,
Q136281,Q51907633,,,,,,,,,,,,,,,,,,,,,,,,,,,,,,,,,,,,,,,,,,,,,
Q136282,Q888771,,,,,,,,,,,,,,,,,,,,,,,,,,,,,,,,,,,,,,,,,,Cadell_ap_Elisedd_(1),,Ap_Brochwel-9,I00456164
Q136283,Q449092,,,,,,,,,,,,,,,,,,,,,,,,,,,322631,,p=nest;n=.,,,,,,,,,,,,p38003.htm#i380021,Nest_ferch_Cadell_(1),,Ferch_Cadell-3,I00139768
Q136284,Q5361690,,,,,,,,,,,,,,,,,,,,,,,,,,,,,,,,,,,,,,,,,,Elisedd_ap_Cyngen_(1),,,
Q136285,Q5611987,,,,,,,,,,,,,,,,,,,,,,,,,,,,,,,,,,,,,,,,,,,,,
Q136286,Q3624245,,,,,,,,,,,,,,,,,,,,,,,,,,,1225162,,,,,,,,,,,,,,,,,,
Q136287,Q4356466,,,,,,,,,,,,,,,,,,,,,,,,,,,,,,,,,,,,,,,,,,,,,
Q136288,Q4407768,,,,,,,,,,,,,,,,,,,,,,,,,,,,,,,,,,,,,,,,,,,,,
Q136289,Q721005,,,,,,,,,,,,,,,,,,,,,,,,,,,,,,,,,,,,,,,,,,,,,
Q136290,Q1401080,,,,,,,,,,,,,,,,,,,,,,,,,,,414228,,,,,,,,,,,,,,,,,Ap_Selyf-3,I00773703
Q136291,Q13127926,,,,,,,,,,,,,,,,,,,,,,,,,,,,,,,,,,,,,,,,,,,,,
Q136292,Q1401068,,,,,,,,,,,,,,,,,,,,,,,,,,,,,,,,,,,,,,,,,,,,Ap_Manwgan-1,I00773702
Q136293,Q1147951,,,,,,,,,,,,,,,,,,,,,,,,,,,,,,,,,,,,,,,,,,,,,
Q136294,Q1601789,,,,,,,,,,,,,,,,,,,,,,,,,,,,,,,,,,,,,,,,,,,,,
Q136295,Q23641004,,,,,,,,,,,,,,,,,,,,,,,,,,,,,,,,,,,,,,,,,,,,,
Q136296,Q116055007,,,,,,,,,,,,,,,,,,,,,,,,,,,,,,,,,,,,,,,,,,,,,I00755486
Q136297,Q116109739,,,,,,,,,,,,,,,,,,,,,,,,,,,,,,,,,,,,,,,,,,,,,I00768438
Q136298,Q116054549,,,,,,,,,,,,,,,,,,,,,,,,,,,,,,,,,,,,,,,,,,,,,I00750514
Q136299,Q133462479,,,,,,,,,,,,,,,,,,,,,,,,,,,,,,,,,,,,,,,,,,,,,I00291739
Q136300,Q110582887,,,,,,,,,,,,,,,,,,,,,,,,,,,,,,,,,,,,,,,,,,,,,I00749910
Q136301,Q3850782,,,,,,,,,,,,,,,,,,,,,,,,,,,,,,,,,,,,,,,,,,,,,
Q136302,Q657200,,,,,,,,,,,,,,,,,,,,,,,,,,,,,,,,,,,,,,,,,,,,,
Q136303,Q1538364,,,,,,,,,,,,,,,,,,,,,,,,,,,,,,,,,,,,,,,,,,,,,
Q136304,Q45792,,,,,,,,,,4554,,,,,,,,,,,,,,,,,132198,,,,,,,,,,,,,,,,,,
Q136305,Q321305,,,,,,,,,,,,,,,,,,,,,,,,,,,,,,,,,,,,,,,,,,,,,
Q136306,Q3586230,,,,,,,,,,,,,,,,,,,,,,,,,,,,,,,,,,,,,,,,,,,,,
Q136307,Q369139,,,,,,,,,,,,,,,,,,,,,,,,,,,,,,,,,,,,,,,,,,,,,
Q136308,Q1091991,,,,,,,,,,,,,,,,,,,,,,,,,,,,,,,,,,,,,,,,,,,,,
Q136309,Q1559270,,,,,,,,,,,,,,,,,,,,,,,,,,,,,,,,,,,,,,,,,,,,,
Q136310,Q107529686,,,,,,,,,,,,,,,,,,,,,,,,,,,,,,,,,,,,,,,,,,,,,I00754382
Q136311,Q116052769,,,,,,,,,,,,,,,,,,,,,,,,,,,,,,,,,,,,,,,,,,,,,I00752915
Q136312,Q2826128,,,,,,,,,,,,,,,,,,,,,,,,,,,1225146,,,,,,,,,,,,,,,,,,
Q136313,Q4205163,,,,,,,,,,,,,,,,,,,,,,,,,,,1225144,,,,,,,,,,,,,,,,,Ap_Cunedda-6,
Q136314,Q4401218,,,,,,,,,,,,,,,,,,,,,,,,,,,1225140,,,,,,,,,,,,,,,,,Ap_Cunedda-8,
Q136315,Q4164107,,,,,,,,,,,,,,,,,,,,,,,,,,,1225143,,,,,,,,,,,,,,,,,,
Q136316,Q122260577,,,,,,,,,,,,,,,,,,,,,,,,,,,,,,,,,,,,,,,,,,,,,I00753467
Q136317,Q110152943,,,,,,,,,,,,,,,,,,,,,,,,,,,,,,,,,,,,,,,,,,,,Ap_Selyf-5,I00759428
Q136318,Q116052911,,,,,,,,,,,,,,,,,,,,,,,,,,,,,,,,,,,,,,,,,,,,,I00759425
Q136319,Q116052974,,,,,,,,,,,,,,,,,,,,,,,,,,,,,,,,,,,,,,,,,,,,,I00759445
Q136320,Q116178254,,,,,,,,,,,,,,,,,,,,,,,,,,,,,,,,,,,,,,,,,,,,,I00708928
Q136321,Q110152945,,,,,,,,,,,,,,,,,,,,,,,,,,,,,,,,,,,,,,,,,,,,,I00754519
Q136322,Q110152933,,,,,,,,,,,,,,,,,,,,,,,,,,,,,,,,,,,,,,,,,,,,Ap_Gwgan-1,I00751119
Q136323,Q110622162,,,,,,,,,,,,,,,,,,,,,,,,,,,,,,,,,,,,,,,,,,,,,I00760307
Q136324,Q110622240,,,,,,,,,,,,,,,,,,,,,,,,,,,,,,,,,,,,,,,,,,,,,I00752353
Q136325,Q116052801,,,,,,,,,,,,,,,,,,,,,,,,,,,,,,,,,,,,,,,,,,,,Ap_Gwgon-7,I00754514
Q136326,Q110560386,,,,,,,,,,,,,,,,,,,,,,,,,,,,,,,,,,,,,,,,,,,,,I00708908
Q136327,Q97532297,,,,,,,,,,,,,,,,,,,,,,,,,,,,,,,,,,,,,,,,,,,,,I00708868
Q136328,Q110560351,,,,,,,,,,,,,,,,,,,,,,,,,,,,,,,,,,,,,,,,,,,,Ab_Ynyr_Fychan-1,I00758929
Q136329,Q110622140,,,,,,,,,,,,,,,,,,,,,,,,,,,,,,,,,,,,,,,,,,,,,I00752284
Q136330,Q110622096,,,,,,,,,,,,,,,,,,,,,,,,,,,,,,,,,,,,,,,,,,,,,I00752107
Q136331,Q110622027,,,,,,,,,,,,,,,,,,,,,,,,,,,,,,,,,,,,,,,,,,,,,I00753604
Q136332,Q116053003,,,,,,,,,,,,,,,,,,,,,,,,,,,,,,,,,,,,,,,,,,,,,I00759949
Q136333,Q116178238,,,,,,,,,,,,,,,,,,,,,,,,,,,,,,,,,,,,,,,,,,,,,I00760309
Q136334,Q116812336,,,,,,,,,,,,,,,,,,,,,,,,,,,,,,,,,,,,,,,,,,,,,I00764792
Q136335,Q111455150,,,,,,,,,,,,,,,,,,,,,,,,,,,,,,,,,,,,,,,,,,,,Ap_Cadfarch-3,I00486634
Q136336,Q76273200,,,,,,,,,,,,,,,,,,,,,,,,,,,,,p=angharad;n=of seisyllwg;oc=1,,,,,,,,,,,,p65425.htm#i654245,Angharad_Verch_Hywel_(1),,Ferch_Hywel_Dda-1,I00751005
Q136337,Q76204639,,,,,,,,,,,,,,,,,,,,,,,,,,,,,,,,,,,,,,,,,p60231.htm#i602308,,,,I00755807
Q136338,Q76273192,,,,,,,,,,,,,,,,,,,,,,,,,,,,,,,,,,,,,,,,,p65424.htm#i654240,Lludica_Ap_Tudor_(1),,Ap_Tudur-14,I00751002
Q136339,Q6032525,,,,,,,,,,,,,,,,,,,,,,,,,,,,,,,,,,,,,,,,,,Ingjald_Olofsson_(1),,Olafsson-6,
Q136340,Q16573125,,,,,,,,,,,,,,,,,,,,,,,,,,,,,,,,,,,,,,,,,,,,Halfdansson-325,I00220731
Q136341,Q76300777,,,,,,,,,,,,,,,,,,,,,,,,,,,,,,,,,,,,,,,,,p67326.htm#i673255,,,,
Q136342,Q76300428,,,,,,,,,,,,,,,,,,,,,,,,,,,,,,,,,,,,,,,,,p67301.htm#i673004,,,,
Q136343,Q76299833,,,,,,,,,,,,,,,,,,,,,,,,,,,,,,,,,,,,,,,,,p67251.htm#i672504,,,,
Q136345,Q76300345,,,,,,,,,,,,,,,,,,,,,,,,,,,,,,,,,,,,,,,,,p67294.htm#i672933,,,,
Q136346,Q75292029,,,,,,,,,,,,,,,,,,,,,,,,,,,940274,,,,,,,,,,,,,,p4287.htm#i42869,,,,
Q136347,Q675788,,,,,,,,,,,,,,,,,,,,,,,,term/68906374-159d-487f-a96c-43861b94fd89,,,,,,,,,,,,,,,,,,,,,
Q136348,Q2787996,,,,,,,,,,,,,,,,,,,,,,,,,,,,,,,,,,,,,,,,,p4274.htm#i42740,,,Unknown-723167,
Q136349,Q75292032,,,,,,,,,,,,,,,,,,,,,,,,,,,,,,,,,,,,,,,,,p4288.htm#i42871,,,,
Q136350,Q345762,,,,,,,,,,,,,,,,,,,,,,,,,,,,,,,,,,,,,,,,,p4288.htm#i42872,,,,
Q136351,Q12335211,,,,,,,,,,,,,,,,,,,,,,,,,,,,,,,,,,,,,,,,,p4288.htm#i42873,,,,
Q136352,Q75292039,,,,,,,,,,,,,,,,,,,,,,,,,,,,,,,,,,,,,,,,,p4288.htm#i42874,,,,
Q136353,Q75292040,,,,,,,,,,,,,,,,,,,,,,,,,,,,,,,,,,,,,,,,,p4288.htm#i42875,,,,
Q136354,Q5891353,,,,,,,,,,,,,,,,,,,,,,,,,,,,,,,,,,,,,,,,,,,,,
Q136355,Q5890153,,,,,,,,,,,,,,,,,,,,,,,,,,,,,,,,,,,,,,,,,,,,,
Q136356,Q4816931,,,,,,,,,,,,,,,,,,,,,,,,,,,,,,,,,,,,,,,,,,,,,
Q136357,Q31860,,,,,,,,,,,,,,,,,,,,,,,,,,,,,,,,,,,,,,,,,,Grjotgard_Herlaugsson_(2),,Herlaugsson-1,I00572482
Q136358,Q5885872,,,,,,,,,,,,,,,,,,,,,,,,,,,,,p=grjotgard;n=de haalogaland,,,,,,,,,,,,,,,Hakonsson-28,
Q136372,Q75292060,,,,,,,,,,,,,,,,,,,,,,,,,,,154460,,,,,,,,,,,,,,p4289.htm#i42884,,,Bjornsdottir-29,
Q136373,Q2259303,,,,,,,,,,,,,,,,,,I4003,,,,,,,,,107811,,p=harald;n=de norvege,,,,,,,,,,,,p4289.htm#i42885,Harald_Grenske_(1),,Gudrodsson-14,I00104686
Q136374,Q11959446,,,,,,,,,,,,,,,,,,,,,,,,,,,770639,,,,,,,,,,,,,,p4289.htm#i42881,Astrid_Eiriksdatter_(1),,Eiríksdóttir-176,
Q136376,Q6032078,,,,,,,,,,,,,,,,,,,,,,,,,,,107546,,,,,,,,,,,,,,,Ingeborg_Tryggvasdotter_(1),,Tryggvadóttir-2,I00614985
Q136377,Q12302384,,,,,,,,,,,,,,,,,,,,,,,,,,,,,,,,,,,,,,,,,,Astrid_Tryggvesdatter_(1),,Tryggvadóttir-3,I00711263
Q136380,Q11703445,,,,,,,,,,,,,,,,,,,,,,,,,,,,,,,,,,,,,,,,,,,,,
Q136381,Q16729143,,,,,,,,,,,,,,,,,,,,,,,,,,,1083471,,,,,,,,,,,,,,,,,Ketilsdatter-2,
Q136382,Q6032521,,,,,,,,,,,,,,,,,,,,,,,,,,,1304856|1083478,,p=ingjald;n=helgasson,,,,,,,,,,,,,,,Helgason-135,
Q136383,Q15661720,,,,,,,,,,,,,,,,,,,,,,,,,,,,,,,,,,,,,,,,,,,,Helgason-25,
Q136384,Q135529142,,,,,,,,,,,,,,,,,,,,,,,,,,,,,,,,,,,,,,,,,,,,,
Q136385,Q130320417,,,,,,,,,,,,,,,,,,,,,,,,,,,,,,,,,,,,,,,,,,,,,
Q136386,Q15709603,,,,,,,,,,,,,,,,,,,,,,,,,,,,,,,,,,,,,,,,,,,,,
Q136387,Q130320407,,,,,,,,,,,,,,,,,,,,,,,,,,,,,,,,,,,,,,,,,,,,,
Q136388,Q940593,,,,,,5830,,,,15926973,,,,,,,,,,,,,,,,,126862,,,,,,,,,,,,,,,Egil_Aunsson_(2),,,
Q136389,Q2293179,,,,,,5650,,,,,,,,,,,,,,,,,,,,,,,,,,,,,,,,,,,,,,,
Q136390,Q1459392,,,,,,,,,,,,,,,,,,,,,,,,,,,57409,,,,,,,,,,,,,,,Algaut_(1),,Gautreksson-5,I00220746
Q136401,Q75451570,,,,,,,,,,,,,,,,,,,,,,,,,,,,,,,,,,,,,,,,,p15037.htm#i150363,Cundwalh_De_Mercia_(1),,Mercia-222,
Q136402,Q962398,,,,,,,,,,,,,,,,,,,,,,,,,,,137276,,p=cadwallon;n=of gwynedd;oc=1,,,,,,,,,,,,,Cadwallon_ap_Cadfan_(1),,Ap_Cadfan-1,I00163443
Q136403,Q1974236,,,,,,,,,,,,,,,,,,,,,,,,,,,,,,,,,,,,,,,,,,,,,
Q136404,Q106515535,,,,,,,,,,,,,,,,,,,,,,,,,,,,,,,,,,,,,,,,,,,,,
Q136405,Q604024,,,,,,,,,,,,,,,,,,,,,,,,,,,,,,,,,,,,,,,,,,,,,
Q136406,Q314364,,,,,,,,,,,,,,,,,,,,,,,,,,,,,,,,,,,,,,,,,,,,,
Q136407,Q124769793,,,,,,,,,,,,,,,,,,,,,,,,,,,,,,,,,,,,,,,,,,,,,
Q136408,Q2979291,,,,,,,,,,,,,,,,,,,,,,,,,,,,,,,,,,,,,,,,,,,,,
Q136409,Q3028433,,,,,,,,,,,,,,,,,,,,,,,,,,,,,,,,,,,,,,,,,,,,,
Q136410,Q2979279,,,,,,,,,,,,,,,,,,,,,,,,,,,,,,,,,,,,,,,,,,,,,
Q136411,Q2894230,,,,,,,,,,,,,,,,,,,,,,,,,,,482154,,,,,,,,,,,,,,,,,,
Q136412,Q15984269,,,,,,,,,,,,,,,,,,,,,,,,,,,,,,,,,,,,,,,,,,,,,
Q136413,Q464632,,,,,,,,,,,,,,,,,,,,,,,,,,,1028098,,,,,,,,,,,,,,,,,,
Q136414,Q393079,,,,,,,,,,,,,,,,,,,,,,,,,,,1028096,,,,,,,,,,,,,,,,,,
Q136415,Q114357065,,,,,,,,,,,,,,,,,,,,,,,,,,,,,,,,,,,,,,,,,,,,,
Q136416,Q3625079,,,,,,,,,,,,,,,,,,,,,,,,,,,,,,,,,,,,,,,,,,,,,
Q136417,Q109347053,,,,,,,,,,,,,,,,,,,,,,,,,,,,,,,,,,,,,,,,,,,,,
Q136418,Q2252722,,,,,,,,,,,,,,,,,,,,,,,,,,,,,,,,,,,,,,,,,,,,,
Q136419,Q21662991,,,,,,,,,,,,,,,,,,,,,,,,,,,,,,,,,,,,,,,,,,,,,
Q136420,Q21662993,,,,,,,,,,,,,,,,,,,,,,,,,,,,,,,,,,,,,,,,,,,,,
Q136421,Q185126,,alvin-person:51965,,,,,,,,,,,,,,,,,,,,,,,,,401531,,,,,,,,,,,,,,,Mithridates_VI_of_Pontus_(1),,,I00736373
Q136422,Q261769,,,,,,,,,,,,,,,,,,,,,,,,,,,,,,,,,,,,,,,,,,Laodice_of_Cappadocia_(1),,,I00736444
Q136423,Q3317104,,,,,,,,,,,,,,,,,,,,,,,,,,,753363,,,,,,,,,,,,,,,Mithridates_Chrestus_(1),,,I00737790
Q136424,Q446544,,,,,,,,,,,,,,,,,,,,,,,,,,,,,,,,,,,,,,,,,,Laodice_(sister-wife_of_Mithridates_VI_of_Pontus)_(1),,,I00737789
Q136425,Q11938847,,,,,,,,,,,,,,,,,,,,,,,,,,,,,,,,,,,,,,,,,,,,,
Q136426,Q467918,,,,,,,,,,,,,,,,,,,,,,,,,,,,,,,,,,,,,,,,,,,,,I00736610
Q136427,Q130392661,,,,,,,,,,,,,,,,,,,,,,,,,,,,,,,,,,,,,,,,,,,,,
Q136428,Q130392648,,,,,,,,,,,,,,,,,,,,,,,,,,,,,,,,,,,,,,,,,,,,,
Q136429,Q18244320,,,,,,,,,,,,,,,,,,,,,,,,,,,,,,,,,,,,,,,,,,,,,
Q136430,Q40022,,,,,,,,,,,,,,,,,,,,,,,,,,,,,,,,,,,,,,,,,,Berenice_IV_of_Egypt_(1),,,I00736314
Q136431,Q635,,alvin-person:50810,,,,,,,,8384583,,,,,,,,,,,,,,person/14F382C3-44A6-4C8F-9E97-6183C056F945,,,66527,,,,,,,,,,,,,,,Cleopatra_VII_(1),,,I00567218
Q136432,Q40013,,,,,,,,,,,,,,,,,,,,,,,,,,,,,,,,,,,,,,,,,,Arsinoe_IV_of_Egypt_(1),,,I00446793
Q136433,Q39938,,,,,,,,,,,,,,,,,,,,,,,,,,,153516,,,,,,,,,,,,,,,Ptolemy_XIII_Theos_Philopator_(1),,,I00567217
Q136434,Q40017,,,,,,,,,,,,,,,,,,,,,,,,,,,153518,,,,,,,,,,,,,,,Ptolemy_XIV_of_Egypt_(1),,,I00737330
Q136435,Q470087,,,,,,,,,,,,,,,,,,,,,,,,,,,139822,,,,,,,,,,,,,,,Mithridates_I_Callinicus_(1),,,I00736539
Q136436,Q462768,,,,,,,,,,,,,,,,,,,,,,,,,,,139821,,,,,,,,,,,,,,,Antiochus_I_Theos_of_Commagene_(1),,,I00736540
Q136437,Q315776,,,,,,,,,,,,,,,,,,,,,,,,,,,,,,,,,,,,,,,,,,,,,I00786174
Q136438,Q557215,,,,,,,,,,,,,,,,,,,,,,,,,,,139824,,,,,,,,,,,,,,,Ptolemaeus_of_Commagene_(1),,,I00736537
Q136439,Q131730192,,,,,,,,,,,,,,,,,,,,,,,,,,,,,,,,,,,,,,,,,,,,,I00736453
Q136440,Q350388,,,,,,,,,,,,,,,,,,,,,,,,,,,,,,,,,,,,,,,,,,,,,I00737298
Q136441,Q15623586,,,,,,,,,,,,,,,,,,,,,,,,,,,,,,,,,,,,,,,,,,,,,I00736575
Q136442,Q359570,,,,,,,,,,,,,,,,,,,,,,,,,,,,,,,,,,,,,,,,,,Ariarathes_VII_of_Cappadocia_(1),,,I00737787
Q136443,Q1266634,,,,,,,,,,,,,,,,,,,,,,,,,,,,,,,,,,,,,,,,,,Ariarathes_VIII_of_Cappadocia_(1),,,I00737788
Q136444,Q7071266,,,,,,,,,,,,,,,,,,,,,,,,,,,465411,,,,,,,,,,,,,,,,,,I00736443
Q136445,Q2390163,,,,,,,,,,,,,,,,,,,,,,,,,,,,,,,,,,,,,,,,,,,,,
Q136446,Q121344812,,,,,,,,,,,,,,,,,,,,,,,,,,,,,,,,,,,,,,,,,,,,,I00737299
Q136447,Q315480,,,,,,,,,,,,,,,,,,,,,,,,,,,,,,,,,,,,,,,,,,,,,I00737300
Q136448,Q7071264,,,,,,,,,,,,,,,,,,,,,,,,,,,,,,,,,,,,,,,,,,,,,I00736441
Q136449,Q2499623,,,,,,,,,,,,,,,,,,,,,,,,,,,465133,,,,,,,,,,,,,,,,,,I00737786
Q136450,Q11832173,,,,,,,,,,,,,,,,,,,,,,,,,,,,,,,,,,,,,,,,,,,,,
Q136451,Q205468,,,,,,,,,,,,,,,,,,,,,,,,,,,,,,,,,,,,,,,,,,,,,
Q136452,Q1288680,,,,,,,,,,,,,,,,,,,,,,,,,,,,,,,,,,,,,,,,,,,,,
Q136453,Q1289132,,,,,,,,,,,,,,,,,,,,,,,,,,,,,,,,,,,,,,,,,,,,,
Q136454,Q109485735,,,,,,,,,,,,,,,,,,,,,,,,,,,,,,,,,,,,,,,,,,,,,
Q136455,Q29166980,,,,,,,,,,,,,,,,,,,,,,,,,,,,,,,,,,,,,,,,,,,,,
Q136456,Q11955853,,,,,,,,,,,,,,,,,,,,,,,,,,,,,,,,,,,,,,,,,,,,,
Q136457,Q312452,,alvin-person:51991,,,,,,,,,,,,,,,,,,,,,,,,,,,,,,,,,,,,,,,,,,,
Q136458,Q90048838,,,,,,,,,,,,,,,,,,,,,,,,,,,,,,,,,,,,,,,,,,,,,
Q136459,Q105376982,,,,,,,,,,,,,,,,,,,,,,,,,,,,,,,,,,,,,,,,,,,,,
Q136460,Q1370497,,,,,,,,,,,,,,,,,,,,,,,,term/ada0da27-8326-42da-ad14-210a25ccec9f,,,,,,,,,,,,,,,,,,,,,
Q136461,Q1171928,,,,,,,,,,,,,,,,,,,,,,,,,,,,,,,,,,,,,,,,,,,,,
Q136462,Q434217,,,,,,,,,,,,,,,,,,,,,,,,,,,410258,,,,,,,,,,,,,,,,,,I00738477
Q136463,Q328763,,,,,,,,,,,,,,,,,,,,,,,,,,,,,,,,,,,,,,,,,,,,,
Q136464,Q531941,,,,,,,,,,,,,,,,,,,,,,,,,,,,,,,,,,,,,,,,,,,,,
Q136465,Q25668650,,,,,,,,,,,,,,,,,,,,,,,,,,,,,,,,,,,,,,,,,,,,,
Q136466,Q25668658,,,,,,,,,,,,,,,,,,,,,,,,,,,,,,,,,,,,,,,,,,,,,
Q136467,Q115805697,,,,,,,,,,,,,,,,,,,,,,,,,,,,,,,,,,,,,,,,,,,,,
Q136468,Q2512375,,,,,,,,,,,,,,,,,,,,,,,,,,,970886,,,,,,,,,,,,,,,,,,
Q136469,Q18699300,,,,,,,,,,,,,,,,,,,,,,,,,,,,,,,,,,,,,,,,,,,,,
Q136470,Q4532956,,,,,,,,,,,,,,,,,,,,,,,,,,,,,,,,,,,,,,,,,p16052.htm#i160516,Æthelburg_of_Wessex_(1),,Wessex-343,
Q136471,Q96074768,,,,,,,,,,,,,,,,,,I2579,,,,,,,,,,,,,,,,,,,,,,,,Ethelburth_of_Wessex_(1),,Wessex-107,
Q136472,Q5381849,,,,,,,,,,,,,,,,,,I2556,,,,,,,,,152981,,,,,,,,,,,,,,p10270.htm#i102698,Eoppa_of_Wessex_(1),,Wessex-326,I00049994
Q136473,Q75451536,,,,,,,,,,,,,,,,,,,,,,,,,,,,,,,,,,,,,,,,,p15032.htm#i150311,,,,I00349150
Q136474,Q75451545,,,,,,,,,,,,,,,,,,,,,,,,,,,,,,,,,,,,,,,,,p15032.htm#i150319,,,,I00349164
Q136485,Q1729271,,,,,,,,,,,,,,,,,,,,,,,,,,,,,,,,,,,,,,,,,p15259.htm#i152581,,,,
Q136486,Q5199926,,,,,,,,,,,,,,,,,,,,,,,,,,,,,,,,,,,,,,,,,,,,,
Q136487,Q20562131,,,,,,,,,,,,,,,,,,,,,,,,,,,,,,,,,,,,,,,,,,,,,
Q136488,Q1753089,,,,,,,,,,,,,,,,,,,,,,,,,,,,,,,,,,,,,,,,,,,,,
Q136489,Q116052797,,,,,,,,,,,,,,,,,,,,,,,,,,,,,,,,,,,,,,,,,,,,,
Q136490,Q3404342,,,,,,,,,,,,,,,,,,,,,,,,,,,411186,,,,,,,,,,,,,,,,,,
Q136491,Q2705895,,,,,,,,,,,,,,,,,,,,,,,,,,,136982,,p=cadwallon;n=of gwynedd,,,,,,,,,,,,,Cadwallon_Yrth_(1),,Ab_Einion-20,
Q136492,Q116055585,,,,,,,,,,,,,,,,,,,,,,,,,,,,,,,,,,,,,,,,,,,,,I00400861
Q136493,Q2527369,,,,,,,,,,,,,,,,,,,,,,,,,,,137005,,,,,,,,,,,,,,,Owain_Yrth_(1),,Ab_Einion-17,I00753304
Q136494,Q116112810,,,,,,,,,,,,,,,,,,,,,,,,,,,,,,,,,,,,,,,,,,,,,I00752913
Q136495,Q4530068,,,,,,,,,,,,,,,,,,,,,,,,,,,,,,,,,,,,,,,,,,,,,
Q136496,Q116055632,,,,,,,,,,,,,,,,,,,,,,,,,,,,,,,,,,,,,,,,,,,,,I00750399
Q136497,Q2692282,,,,,,,,,,,,,,,,,,,,,,,,,,,,,,,,,,,,,,,,,,,,,
Q136498,Q514591,,,,,,,,,,,,,,,,,,,,,,,,,,,,,,,,,,,,,,,,,,Constantine_Unknown_(15),,,I00773005
Q136499,Q3464100,,,,,,,,,,,,,,,,,,,,,,,,,,,,,,,,,,,,,,,,,,,,,
Q136500,Q17984884,,,,,,,,,,,,,,,,,,,,,,,,,,,,,,,,,,,,,,,,,,,,,
Q136501,Q20558584,,,,,,,,,,,,,,,,,,,,,,,,,,,,,,,,,,,,,,,,,,,,,
Q136502,Q1001936,,,,,,,,,,,,,,,,,,,,,,,,,,,,,,,,,,,,,,,,,,,,,
Q136503,Q46768,,alvin-person:34002,,,,,,,,,,,,,,,,,,,,,,person/EBB34873-B5D9-4143-8680-770AA7C10409,,,144087|561531,,,,,,,,,,,,,,,Maximian_(1),,Maximian-1,I00446941
Q136504,Q867859,,,,,,,,,,,,,,,,,,,,,,,,,,,,,,,,,,,,,,,,,,Unknown Claudia Crispina (1),,,
Q136505,Q232094,,,,,,,,,,,,,,,,,,,,,,,,person/dc49f1af-01de-48e5-b2a5-792deb75be0b,,,169516,,,,,,,,,,,,,,,Flavia_Unknown_(2),,Theodora-2,I00313516
Q136506,Q238023,,,,,,,,,,,,,,,,,,,,,,,,,,,144091,,,,,,,,,,,,,,,Flavia_Julia_Constantia_(1),,Rome-138,I00446946
Q136507,Q486630,,,,,,,,,,,,,,,,,,,,,,,,,,,,,,,,,,,,,,,,,,Anastasia_(sister_of_Constantine_I)_(1),,,
Q136508,Q291738,,,,,,,,,,,,,,,,,,,,,,,,,,,,,,,,,,,,,,,,,,Eutropia_(princess)_(1),,,
Q136509,Q450702,,,,,,,,,,,,,,,,,,,,,,,,,,,144084,,,,,,,,,,,,,,,Julius_Constantius_(11),,Constantius-16,I00446947
Q136510,Q504556,,,,,,,,,,,,,,,,,,,,,,,,,,,,,,,,,,,,,,,,,,Flavius_Dalmatius_(1),,,
Q136511,Q1427539,,,,,,,,,,,,,,,,,,,,,,,,,,,,,,,,,,,,,,,,,,,,,
Q136512,Q45522,,,,,,,,,,,,,,,,,,,,,,,,,,,169510,,,,,,,,,,,,,,,Minervina_(1),,,I00313512
Q136513,Q231063,,alvin-person:35457,,,,,,,,,,,,,,,,,,,,,,person/fd07e051-aa27-4dec-bf68-3fbd5a20e826,,,144086,,,,,,,,,,,,,,,Fausta_(1),,Fausta-1,I00313513
Q136516,Q3699891,,,,,,,,,,,,,,,,,,,,,,,,,,,,,,,,,,,,,,,,,,,,,
Q136517,Q3643598,,,,,,,,,,,,,,,,,,,,,,,,,,,,,,,,,,,,,,,,,,,,,
Q136518,Q3141679,,,,,,,,,,,,,,,,,,,,,,,,,,,,,,,,,,,,,,,,,,,,Ap_Budic-1,
Q136519,Q116112671,,,,,,,,,,,,,,,,,,,,,,,,,,,,,,,,,,,,,,,,,,,,,I00759082
Q136520,Q116112677,,,,,,,,,,,,,,,,,,,,,,,,,,,,,,,,,,,,,,,,,,,,,I00759084
Q136521,Q2381536,,,,,,,,,,,,,,,,,,,,,,,,,,,,,,,,,,,,,,,,,,,,,
Q136522,Q53196467,,,,,,,,,,,,,,,,,,,,,,,,,,,,,,,,,,,,,,,,,,,,,
Q136523,Q16323098,,,,,,,,,,,,,,,,,,,,,,,,,,,1225128,,,,,,,,,,,,,,,,,Ap_Ceredig-2,
Q136524,Q3948100,,,,,,,,,,,,,,,,,,,,,,,,,,,1225130,,,,,,,,,,,,,,,,,,
Q136525,Q2758802,,,,,,,,,,,,,,,,,,,,,,,,,,,,,,,,,,,,,,,,,,,,,
Q136526,Q20732908,,,,,,,,,,,,,,,,,,,,,,,,,,,,,,,,,,,,,,,,,,,,,
Q136527,Q112640610,,,,,,,,,,,,,,,,,,,,,,,,,,,,,,,,,,,,,,,,,,,,,I00750070
Q136528,Q116112642,,,,,,,,,,,,,,,,,,,,,,,,,,,,,,,,,,,,,,,,,,,,,I00760189
Q136529,Q116052928,,,,,,,,,,,,,,,,,,,,,,,,,,,,,,,,,,,,,,,,,,,,Ap_Teon-4,I00753860
Q136530,Q116109716,,,,,,,,,,,,,,,,,,,,,,,,,,,,,,,,,,,,,,,,,,,,,I00753847
Q136531,Q116113328,,,,,,,,,,,,,,,,,,,,,,,,,,,,,,,,,,,,,,,,,,,,,I00760195
Q136532,Q558767,,,,,,,,,,,,,,,,,,,,,,,,,,,141448,,p=fergus mor mac erc;n=of scotland,,,,,,,,,,,,,Fergus_Mór_(1),,Mac_Erc-3,I00561419
Q136533,Q729736,,,,,,,,,,,,,,,,,,,,,,,,,,,150587,,,,,,,,,,,,,,,Conall_mac_Comgaill_(1),,MacComgall-1,
Q136534,Q712949,,,,,,,,,,,,,,,,,,,,,,,,,,,141442,,p=donald;n=of scotland;oc=3,,,,,,,,,,,,,Domnall_Brecc_(1),,Mac_Echdach_Buide-1,I00561414
Q136535,Q879099,,,,,,,,,,,,,,,,,,,,,,,,,,,,,,,,,,,,,,,,,,Conall_Crandomna_(1),,Mac_Echdach-4,
Q136536,Q739838,,,,,,,,,,,,,,,,,,,,,,,,,,,150588,,,,,,,,,,,,,,,,,Cear-1,
Q136537,Q110622327,,,,,,,,,,,,,,,,,,,,,,,,,,,,,,,,,,,,,,,,,,,,,I00759135
Q136538,Q110622305,,,,,,,,,,,,,,,,,,,,,,,,,,,,,,,,,,,,,,,,,,,,,I00759132
Q136539,Q116052963,,,,,,,,,,,,,,,,,,,,,,,,,,,,,,,,,,,,,,,,,,,,,I00759320
Q136540,Q116146052,,,,,,,,,,,,,,,,,,,,,,,,,,,,,,,,,,,,,,,,,,,,,I00760142
Q136541,Q4454645,,,,,,,,,,,,,,,,,,,,,,,,,,,152975|1225189,,,,,,,,,,,,,,,Theneva_(1),,,
Q136542,Q545175,,,,,,,,,,6137028,,,,,,,,,,,,,,,,,152978,,,,,,,,,,,,,,,Saint_Mungo_(1),,,
Q136543,Q4531356,,,,,,,,,,,,,,,,,,,,,,,,,,,1225187,,,,,,,,,,,,,,,,,,
Q136544,Q4220848,,,,,,,,,,,,,,,,,,,,,,,,,,,,,,,,,,,,,,,,,,,,,
Q136545,Q2487289,,,,,,,,,,,,,,,,,,,,,,,,,,,415184|1225132,,,,,,,,,,,,,,,,,,
Q136546,Q24635388,,,,,,,,,,,,,,,,,,,,,,,,,,,509465,,,,,,,,,,,,,,,,,,
Q136547,Q888051,,,,,,,,,,,,,,,,,,,,,,,,,,,,,,,,,,,,,,,,,,Brochfael_ap_Elisedd_(1),,Ab_Elisedd-1,I00456165
Q136548,Q886414,,,,,,,,L172-TT3,,,,,,,,,,,,,,,,,,,136961,,p=merfyn;n=of gwynedd,,,,,,,,,,,,p40333.htm#i403323,Merfyn_Frych_(1),,Ap_Gwriad-12,I00139767
Q136549,Q470862,,,,,,,,LDQ1-TMR,,,,,,,,,,,,,,,,,,,136952,,p=rhodri;n=of gwynedd;oc=1,,,,,,,,,,,,p10258.htm#i102580,Rhodri_the_Great_(1),,Ap_Merfyn-19,I00139769
Q136550,Q5623740,,,,,,,,,,,,,,,,,,,,,,,,,,,,,p=gwriad;n=of gwynedd,,,,,,,,,,,,,,,,
Q136551,Q97159685,,,,,,,,,,,,,,,,,,,,,,,,,,,,,,,,,,,,,,,,,,,,,
Q136552,Q45217222,,,,,,,,,,,,,,,,,,,,,,,,,,,,,,,,,,,,,,,,,,,,,
Q136553,Q13128004,,,,,,,,,,,,,,,,,,,,,,,,,,,,,,,,,,,,,,,,,,,,,
Q136554,Q1183310,,,,,,,,,,,,,,,,,,,,,,,,,,,,,,,,,,,,,,,,,,,,,
Q136555,Q114774971,,,,,,,,,,,,,,,,,,,,,,,,,,,,,,,,,,,,,,,,,,,,,
Q136556,Q2295972,,,,,,,,,,,,,,,,,,,,,,,,,,,,,,,,,,,,,,,,,,,,Ap_Beli-3,I00773701
Q136557,Q116055006,,,,,,,,,,,,,,,,,,,,,,,,,,,,,,,,,,,,,,,,,,,,,I00599777
Q136558,Q116109695,,,,,,,,,,,,,,,,,,,,,,,,,,,,,,,,,,,,,,,,,,,,,I00768440
Q136559,Q116054548,,,,,,,,,,,,,,,,,,,,,,,,,,,,,,,,,,,,,,,,,,,,,I00758027
Q136560,Q116147845,,,,,,,,,,,,,,,,,,,,,,,,,,,,,,,,,,,,,,,,,,,,,I00755665
Q136561,Q116147905,,,,,,,,,,,,,,,,,,,,,,,,,,,,,,,,,,,,,,,,,,,,,I00751478
Q136562,Q2258265,,,,,,,,,,,,,,,,,,,,,,,,,,,414214,,,,,,,,,,,,,,,Dyfnwal_Unknown_(1),,,I00774653
Q136563,Q110582716,,,,,,,,,,,,,,,,,,,,,,,,,,,,,,,,,,,,,,,,,,,,,I00713756
Q136564,Q3835721,,,,,,,,,,,,,,,,,,,,,,,,,,,,,,,,,,,,,,,,,,,,,
Q136565,Q459606,,,,,,,,,,,,,,,,,,,,,,,,,,,,,,,,,,,,,,,,,,,,,
Q136566,Q2093405,,,,,,,,,,,,,,,,,,,,,,,,,,,,,,,,,,,,,,,,,,,,,
Q136567,Q3855161,,,,,,,,,,,,,,,,,,,,,,,,,,,,,,,,,,,,,,,,,,,,,I00773004
Q136568,Q3731162,,,,,,,,,,,,,,,,,,,,,,,,,,,,,,,,,,,,,,,,,,Erbin_Unknown_(1),,,
Q136569,Q6728331,,,,,,,,,,,,,,,,,,,,,,,,,,,,,,,,,,,,,,,,,,,,,
Q136570,Q272054,,,,,,,,,,4555,,,,,,,,,,,,,,,,,144726,,,,,,,,,,,,,,,,,,
Q136571,Q1866811,,,,,,,,,,,,,,,,,,,,,,,,,,,,,,,,,,,,,,,,,,,,,
Q136572,Q1406372,,,,,,,,,,,,,,,,,,,,,,,,,,,144603,,,,,,,,,,,,,,,,,,
Q136573,Q3258097,,,,,,,,,,,,,,,,,,,,,,,,,,,,,,,,,,,,,,,,,,,,,
Q136574,Q43401974,,,,,,,,,,,,,,,,,,,,,,,,,,,,,,,,,,,,,,,,,,,,,
Q136575,Q6129446,,,,,,,,,,,,,,,,,,,,,,,,,,,,,,,,,,,,,,,,,,,,,
Q136576,Q3874643,,,,,,,,,,,,,,,,,,,,,,,,,,,,,,,,,,,,,,,,,,,,,
Q136577,Q3586229,,,,,,,,,,,,,,,,,,,,,,,,,,,,,,,,,,,,,,,,,,,,,
Q136578,Q5518484,,,,,,,,,,,,,,,,,,,,,,,,,,,,,,,,,,,,,,,,,,,,,
Q136579,Q1584977,,,,,,,,,,,,,,,,,,,,,,,,,,,,,,,,,,,,,,,,,,King_Lot_(1),,,
Q136580,Q831685,,,,,,,,,,,,,,,,,,,,,,,,,,,144617|508237,,,,,,,,,,,,,,,,,,
Q136581,Q1987228,,,,,,,,,,,,,,,,,,,,,,,,,,,,,,,,,,,,,,,,,,,,,
Q136582,Q1413003,,,,,,,,,,,,,,,,,,,,,,,,,,,,,,,,,,,,,,,,,,,,,
Q136583,Q1987269,,,,,,,,,,,,,,,,,,,,,,,,,,,144635,,,,,,,,,,,,,,,,,,
Q136584,Q3888709,,,,,,,,,,,,,,,,,,,,,,,,,,,136986,,,,,,,,,,,,,,,,,Ap_Tegid-9,I00754383
Q136585,Q4289095,,,,,,,,,,,,,,,,,,,,,,,,,,,,,,,,,,,,,,,,,,,,Ap_Gwron-1,
Q136586,Q20561997,,,,,,,,,,,,,,,,,,,,,,,,,,,,,,,,,,,,,,,,,,,,,
Q136587,Q20559608,,,,,,,,,,,,,,,,,,,,,,,,,,,,,,,,,,,,,,,,,,,,,
Q136588,Q122260576,,,,,,,,,,,,,,,,,,,,,,,,,,,,,,,,,,,,,,,,,,,,,I00753466
Q136589,Q110153004,,,,,,,,,,,,,,,,,,,,,,,,,,,,,,,,,,,,,,,,,,,,,I00759429
Q136590,Q128855780,,,,,,,,,,,,,,,,,,,,,,,,,,,,,,,,,,,,,,,,,,,,,I00760377
Q136591,Q56181001,,,,,,,,,,,,,,,,,,,,,,,,,,,,,,,,,,,,,,,,,,,,Ap_Dryffin-2,I00759426
Q136592,Q116052901,,,,,,,,,,,,,,,,,,,,,,,,,,,,,,,,,,,,,,,,,,,,,I00759424
Q136593,Q116478762,,,,,,,,,,,,,,,,,,,,,,,,,,,,,,,,,,,,,,,,,,,,,I00761355
Q136594,Q116052973,,,,,,,,,,,,,,,,,,,,,,,,,,,,,,,,,,,,,,,,,,,,,I00759444
Q136595,Q116052998,,,,,,,,,,,,,,,,,,,,,,,,,,,,,,,,,,,,,,,,,,,,,I00759596
Q136596,Q116178253,,,,,,,,,,,,,,,,,,,,,,,,,,,,,,,,,,,,,,,,,,,,,I00708927
Q136597,Q61060419,,,,,,,,,,,,,,,,,,,,,,,,,,,926260,,p=tewdwr;n=of seisyllwg,,,,,,,,,,,,p10283.htm#i102825,Tewdyr_ap_Cadell_(1),,Ap_Cadell-24,I00117280
Q136598,Q110152948,,,,,,,,,,,,,,,,,,,,,,,,,,,,,,,,,,,,,,,,,,,,Ferch_Philip-10,I00754516
Q136599,Q110152932,,,,,,,,,,,,,,,,,,,,,,,,,,,,,,,,,,,,,,,,,,,,Ferch_Thomas-14,I00426327
Q136600,Q110622161,,,,,,,,,,,,,,,,,,,,,,,,,,,,,,,,,,,,,,,,,,,,,I00760306
Q136601,Q56177971,,,,,,,,,,,,,,,,,,,,,,,,,,,,,,,,,,,,,,,,,,,,Ap_Cydifor-8,I00710750
Q136602,Q116146072,,,,,,,,,,,,,,,,,,,,,,,,,,,,,,,,,,,,,,,,,,,,,I00761073
Q136603,Q97532134,,,,,,,,,,,,,,,,,,,,,,,,,,,,,,,,,,,,,,,,,,,,Ap_Trahaearn-8,I00708861
Q136604,Q116478765,,,,,,,,,,,,,,,,,,,,,,,,,,,,,,,,,,,,,,,,,,,,,I00761361
Q136605,Q116812138,,,,,,,,,,,,,,,,,,,,,,,,,,,,,,,,,,,,,,,,,,,,,I00776393
Q136606,Q110560384,,,,,,,,,,,,,,,,,,,,,,,,,,,,,,,,,,,,,,,,,,,,Ap_Hywel-85,I00708907
Q136607,Q97532285,,,,,,,,,,,,,,,,,,,,,,,,,,,,,,,,,,,,,,,,,,,,,I00708867
Q136608,Q110560353,,,,,,,,,,,,,,,,,,,,,,,,,,,,,,,,,,,,,,,,,,,,Ap_Meurig-23,I00758932
Q136609,Q110560350,,,,,,,,,,,,,,,,,,,,,,,,,,,,,,,,,,,,,,,,,,,,Ap_Caradog-21,I00758928
Q136610,Q110622033,,,,,,,,,,,,,,,,,,,,,,,,,,,,,,,,,,,,,,,,,,,,,I00753606
Q136611,Q110622138,,,,,,,,,,,,,,,,,,,,,,,,,,,,,,,,,,,,,,,,,,,,Ap_Madog-25,I00706996
Q136612,Q110622094,,,,,,,,,,,,,,,,,,,,,,,,,,,,,,,,,,,,,,,,,,,,,I00752106
Q136613,Q110622029,,,,,,,,,,,,,,,,,,,,,,,,,,,,,,,,,,,,,,,,,,,,,I00759951
Q136614,Q110622026,,,,,,,,,,,,,,,,,,,,,,,,,,,,,,,,,,,,,,,,,,,,,I00752668
Q136615,Q110622104,,,,,,,,,,,,,,,,,,,,,,,,,,,,,,,,,,,,,,,,,,,,,I00752646
Q136616,Q127225289,,,,,,,,,,,,,,,,,,,,,,,,,,,,,,,,,,,,,,,,,,,,,I00764758
Q136617,Q99086809,,,,,,,,,,,,,,,,,,,,,,,,,,,,,,,,,,,,,,,,,,,,,I00759947
Q136618,Q99239201,,,,,,,,,,,,,,,,,,,,,,,,,,,,,,,,,,,,,,,,,,,,,I00708873
Q136619,Q116178205,,,,,,,,,,,,,,,,,,,,,,,,,,,,,,,,,,,,,,,,,,,,,I00760310
Q136620,Q116478756,,,,,,,,,,,,,,,,,,,,,,,,,,,,,,,,,,,,,,,,,,,,,I00708876
Q136621,Q116178237,,,,,,,,,,,,,,,,,,,,,,,,,,,,,,,,,,,,,,,,,,,,,I00760298
Q136622,Q116812335,,,,,,,,,,,,,,,,,,,,,,,,,,,,,,,,,,,,,,,,,,,,,I00764791
Q136623,Q112532299,,,,,,,,,,,,,,,,,,,,,,,,,,,,,,,,,,,,,,,,,,,,,I00222609
Q136624,Q422205,,,,,,,,L134-D1P,,,,,,,,,,,,,,,,,,,121934,,p=hywel;n=of seisyllwg,,,,,,,,,,,,p10258.htm#i102578,Hywel_ap_Cadell_(1)|Hywell_Ap_Cadell_(1),,Ap_Cadell-25,I00163435
Q136625,Q20577082,,,,,,,,,,,,,,,,,,,,,,,,,,,121937,,p=elen;n=of dyfed,,,,,,,,,,,,p40342.htm#i403413,Elen_verch_Llywarch_(1),,Ferch_Llywarch-5,I00163436
Q136626,Q76204632,,,,,,,,,,,,,,,,,,,,,,,,,,,,,,,,,,,,,,,,,p60231.htm#i602302,,,Ap_Cynwrig-18,I00753768
Q136627,Q76273195,,,,,,,,,,,,,,,,,,,,,,,,,,,,,,,,,,,,,,,,,p65425.htm#i654241,,,Ap_Lluddica-1,I00750998
Q136628,Q112532293,,,,,,,,,,,,,,,,,,,,,,,,,,,,,,,,,,,,,,,,,,,,,I00755902
Q136629,Q76300411,,,,,,,,,,,,,,,,,,,,,,,,,,,,,,,,,,,,,,,,,p67300.htm#i672992,,,,
Q136630,Q76299809,,,,,,,,,,,,,,,,,,,,,,,,,,,,,,,,,,,,,,,,,p67249.htm#i672485,,,,
Q136631,Q76300426,,,,,,,,,,,,,,,,,,,,,,,,,,,,,,,,,,,,,,,,,p67301.htm#i673003,,,,
Q136632,Q76300322,,,,,,,,,,,,,,,,,,,,,,,,,,,,,,,,,,,,,,,,,p67292.htm#i672913,,,Von_Dreini-2,
Q136634,Q75292043,,,,,,,,,,,,,,,,,,,,,,,,,,,,,,,,,,,,,,,,,p4288.htm#i42878,,,,
Q136635,Q75292020,,,,,,,,,,,,,,,,,,,,,,,,,,,,,,,,,,,,,,,,,p4287.htm#i42864,,,,
Q136636,Q16574141,,,,,,,,,,,,,,,,,,,,,,,,,,,,,,,,,,,,,,,,,,,,,
Q136637,Q31871,,,,,,,,,,,,,,,,,,,,,,,,,,,,,,,,,,,,,,,,,,Herlaug_Grjotgardsson_(2),,Haraldsson-135,
Q136638,Q31695,,,,,,,,,,,,,,,,,,,,,,,,,,,142697|769971,,p=haakon;n=de haalogaland,,,,,,,,,,,,p4273.htm#i42721,Håkon_Grjotgardsson_(1),,Grjótgarðsson-8,I00141510
Q136653,Q19949677,,,,,,,,,,,,,,,,,,,,,,,,,,,,,,,,,,,,,,,,,,,,,
Q136654,Q29351,,,,,,,,,,,,,,,,,,,,,,,,,,,,,,,,,,,,,,,,,,,,,
Q136655,Q19950422,,,,,,,,,,,,,,,,,,,,,,,,,,,,,,,,,,,,,,,,,,,,,
Q136656,Q116940269,,,,,,,,,,,,,,,,,,,,,,,,,,,,,,,,,,,,,,,,,,,,,
Q136659,Q8772694,,,,,,,,,,,,,,,,,,,,,,,,,,,,,,,,,,,,,,,,,p4289.htm#i42882,Eirik_Bjodaskalle_(1),,Kárason-5,
Q136660,Q5857781,,,,,,,,,,,,,,,,,,,,,,,,,,,,,,,,,,,,,,,,,,,,,
Q136661,Q5981396,,,,,,,,,,,,,,,,,,,,,,,,,,,,,,,,,,,,,,,,,,,,,
Q136662,Q6146163,,,,,,,,,,,,,,,,,,,,,,,,,,,,,,,,,,,,,,,,,,,,,
Q136664,Q16596797,,,,,,,,,,,,,,,,,,,,,,,,,,,,,,,,,,,,,,,,,,,,Skeggjadóttir-2,
Q136665,Q2016354,,,,,,,,,,,,,,,,,,,,,,,,,,,,,,,,,,,,,,,,,,,,Olafsson-292,
Q136666,Q166572,,alvin-person:28295,,,,7500,,,,,,,,,,,,,,,,,,,,,107541,,p=ragnvald;n=.,,,dw.7065,,,,,,,,,p11306.htm#i113056,Ragnvald_Ulfsson_(1),,Ulfsson-5,I00416642|I00791662
Q136667,Q10708694,,,,,,,,,,,,,,,,,,,,,,,,,,,107542,,,,,,,,,,,,,,,,,Ragnvaldsson-16,I00614987
Q136668,Q5628913,,,,,,,,,,,,,,,,,,,,,,,,,,,107543,,,,,,,,,,,,,,,,,,I00614988
Q136669,Q110703075,,,,,,,,,,,,,,,,,,,,,,,,,,,,,,,,,,,,,,,,,,,,,I00711266
Q136670,Q936090,,,,,,,,,,,,,,,,,,,,,,,,,,,,,,,,,,,,,,,,,,Erling_Sjalgson_(2),,Skjalgsson-9,I00711262
Q136671,Q110703067,,,,,,,,,,,,,,,,,,,,,,,,,,,,,,,,,,,,,,,,,,,,Erlingsdottir-1,I00711267
Q136675,Q75291923,,,,,,,,,,,,,,,,,,,,,,,,,,,1470036,,,,,,,,,,,,,,p4283.htm#i42827,Ingrid_Sigurdsdottir_(1),,Sigurdsdatter-85,I00104687
Q136676,Q610698,,,,,,,,LTXV-1JH,,,,,,,,,,,,,,,,,,,142768,,p=ketill;n=bjǫrnsson,,,,,,,,,,,,,Ketill_Flatnose_(1),,Bjørnsson-230,
Q136677,Q16728867,,,,,,,,,,,,,,,,,,,,,,,,,,,142781,,p=yngvild;n=ketilsdottir,,,,,,,,,,,,,,,Ketilsdotter-2,
Q136678,Q13611173,,,,,,,,,,,,,,,,,,,,,,,,,,,1083470,,,,,,,,,,,,,,,,,Ketilsson-22,
Q136679,Q3481428,,,,,,,,,,,,,,,,,,,,,,,,,,,1083469,,,,,,,,,,,,,,,,,Ketilsson-2,
Q136680,Q611633,,,,,,,,,,,,,,,,,,,,,,,,,,,142767,,p=aud;n=ketilsdatter,,,,,,,,,,,,,Aud_the_Deep-Minded_(1),,Ketilsdatter-4,
Q136681,Q16729386,,,,,,,,,,,,,,,,,,,,,,,,,,,1083472,,,,,,,,,,,,,,,,,Ketilsdatter-15,
Q136682,Q11162089,,,,,,,,,,,,,,,,,,,,,,,,,,,1304850,,p=olaf;n=helgasson,,,,,,,,,,,,,Olaf_the_White_(1),,Ingjaldsson-10,
Q136683,Q16578735,,,,,,,,,,,,,,,,,,,,,,,,,,,,,,,,,,,,,,,,,,,,,
Q136684,Q16427456,,,,,,,,,,,,,,,,,,,,,,,,,,,,,,,,,,,,,,,,,,,,,
Q136685,Q135529141,,,,,,,,,,,,,,,,,,,,,,,,,,,,,,,,,,,,,,,,,,,,,
Q136686,Q773609,,,,,,,,,,,,,,,,,,,,,,,,,,,,,p=cearbhall;n=mac dunlainge,,,,,,,,,,,,p71096.htm#i710951,Cerball_mac_Dúnlainge_(1),,Mac_Dúnlainge-12,
Q136687,Q11705582,,,,,,,,,,,,,,,,,,,,,,,,,,,,,,,,,,,,,,,,,,,,,
Q136688,Q15709594,,,,,,,,,,,,,,,,,,,,,,,,,,,,,,,,,,,,,,,,,,,,,
Q136689,Q16421105,,,,,,,,,,,,,,,,,,,,,,,,,,,,,,,,,,,,,,,,,,,,,
Q136690,Q3773422,,,,,,20341,,,,15926927,,,,,,,,,,,,,,,,,,,,,,,,,,,,,,,,Aun_Jorundsson_(3),,Jorundsson-34,
Q136691,Q2519089,,,,,,,,,,,,,,,,,,,,,,,,,,,,,,,,,,,,,,,,,,,,,
Q136692,Q2312958,,,,,,,,,,,,,,,,,,,,,,,,,,,57410,,,,,,,,,,,,,,,Gautrek_Gautsson_(2),,Gautsson-3,
Q136703,Q272148,,,,,,,,,,6531617,,,,,,,,,,,,,,,,,376858,,,,,,,,,,,,,,p15036.htm#i150352,,,,
Q136704,Q5691626,,,,,,,,,,,,,,,,,,,,,,,,,,,,,,,,,,,,,,,,,,,,,
Q136705,Q75451563,,,,,,,,,,,,,,,,,,,,,,,,,,,126852,,,,,,,,,,,,,,p15036.htm#i150356,Eanulf_Mercia_(1),,,
Q136706,Q75451568,,,,,,,,,,,,,,,,,,,,,,,,,,,,,,,,,,,,,,,,,p15037.htm#i150362,Centwine_De_Mercia_(1),,Mercia-221,
Q136707,Q2011924,,,,,,,,,,,,,,,,,,,,,,,,,,,137279,,p=cadfan;n=of gwynedd,,,,,,,,,,,,,Cadfan_ap_Iago_(1),,Ap_Iago-17,I00163444
Q136708,Q2454699,,,,,,,,,,,,,,,,,,,,,,,,,,,137275,,p=cadwaladr;n=of gwynedd,,,,,,,,,,,,,Cadwaladr_Unknown_(3),,Ap_Cadwallon-4,I00139775
Q136709,Q2492493,,,,,,,,,,,,,,,,,,,,,,,,,,,,,,,,,,,,,,,,,,,,,
Q136710,Q456953,,,,,,,,,,,,,,,,,,,,,,,,,,,824627,,,,,,,,,,,,,,,,,,
Q136711,Q393081,,,,,,,,,,,,,,,,,,,,,,,,,,,,,,,,,,,,,,,,,,,,,
Q136712,Q3606512,,,,,,,,,,,,,,,,,,,,,,,,,,,,,,,,,,,,,,,,,,,,,
Q136713,Q15984271,,,,,,,,,,,,,,,,,,,,,,,,,,,,,,,,,,,,,,,,,,,,,
Q136714,Q4830524,,,,,,,,,,,,,,,,,,,,,,,,,,,,,,,,,,,,,,,,,,,,,
Q136715,Q13410600,,,,,,,,,,,,,,,,,,,,,,,,,,,,,,,,,,,,,,,,,,,,,
Q136716,Q606604,,,,,,,,,,,,,,,,,,,,,,,,,,,,,,,,,,,,,,,,,,,,,
Q136717,Q15985037,,,,,,,,,,,,,,,,,,,,,,,,,,,,,,,,,,,,,,,,,,,,,
Q136718,Q11944102,,,,,,,,,,,,,,,,,,,,,,,,,,,,,,,,,,,,,,,,,,,,,
Q136719,Q15975732,,,,,,,,,,,,,,,,,,,,,,,,,,,,,,,,,,,,,,,,,,,,,
Q136720,Q1347613,,,,,,,,,,,,,,,,,,,,,,,,,,,480597,,,,,,,,,,,,,,,,,,
Q136721,Q421190,,,,,,,,,,,,,,,,,,,,,,,,,,,1028100,,,,,,,,,,,,,,,,,,
Q136722,Q930518,,,,,,,,,,,,,,,,,,,,,,,,,,,1028104,,,,,,,,,,,,,,,,,,
Q136723,Q6900291,,,,,,,,,,,,,,,,,,,,,,,,,,,,,,,,,,,,,,,,,,Monime_(1),,,I00736269
Q136724,Q5961731,,,,,,,,,,,,,,,,,,,,,,,,,,,,,,,,,,,,,,,,,,,,,
Q136725,Q512689,,,,,,,,,,,,,,,,,,,,,,,,,,,,,,,,,,,,,,,,,,,,,
Q136726,Q4893357,,,,,,,,,,,,,,,,,,,,,,,,,,,976943,,,,,,,,,,,,,,,,,,
Q136727,Q313052,,,,,,,,,,,,,,,,,,,,,,,,,,,401529,,,,,,,,,,,,,,,Pharnaces_II_of_Pontus_(1),,,I00736375
Q136728,Q11783606,,,,,,,,,,,,,,,,,,,,,,,,,,,,,,,,,,,,,,,,,,,,,I00737809
Q136729,Q461784,,,,,,,,,,,,,,,,,,,,,,,,,,,,,,,,,,,,,,,,,,Cleopatra_of_Pontus_(1),,,I00737794
Q136730,Q2349623,,,,,,,,,,,,,,,,,,,,,,,,,,,,,,,,,,,,,,,,,,Arcathius_(1),,,
Q136731,Q2064634,,,,,,,,,,,,,,,,,,,,,,,,,,,,,,,,,,,,,,,,,,Machares_(1),,,I00736374
Q136732,Q878437,,,,,,,,,,,,,,,,,,,,,,,,,,,,,,,,,,,,,,,,,,,,,
Q136733,Q5307778,,,,,,,,,,,,,,,,,,,,,,,,,,,,,,,,,,,,,,,,,,,,,
Q136734,Q1259636,,,,,,,,,,,,,,,,,,,,,,,,,,,,,,,,,,,,,,,,,,,,,
Q136735,Q18639401,,,,,,,,,,,,,,,,,,,,,,,,,,,,,,,,,,,,,,,,,,,,,
Q136736,Q4813408,,,,,,,,,,,,,,,,,,,,,,,,,,,,,,,,,,,,,,,,,,Athenais_Philostorgos_II_(1),,,I00736268
Q136737,Q11938849,,,,,,,,,,,,,,,,,,,,,,,,,,,,,,,,,,,,,,,,,,,,,
Q136738,Q2003480,,,,,,,,,,,,,,,,,,,,,,,,,,,976944,,,,,,,,,,,,,,,,,,
Q136739,Q7104122,,,,,,,,,,,,,,,,,,,,,,,,,,,803168,,,,,,,,,,,,,,,,,,I00738760
Q136740,Q18224605,,,,,,,,,,,,,,,,,,,,,,,,,,,,,,,,,,,,,,,,,,,,,
Q136741,Q20100534,,,,,,,,,,,,,,,,,,,,,,,,,,,,,,,,,,,,,,,,,,,,,
Q136742,Q109490629,,,,,,,,,,,,,,,,,,,,,,,,,,,,,,,,,,,,,,,,,,,,,
Q136743,Q312442,,alvin-person:52218,,,,,,,,,,,,,,,,,,,,,,person/aa4e17c9-1de5-4888-9dcf-bf3fe4a0d42e,,,,,,,,,,,,,,,,,,,,,I00717541
Q136744,Q317020,,,,,,,,,,,,,,,,,,,,,,,,,,,,,,,,,,,,,,,,,,,,,I00717540
Q136745,Q632595,,,,,,,,,,,,,,,,,,,,,,,,,,,,,,,,,,,,,,,,,,,,,I00736317
Q136746,Q51673,,alvin-person:25729,,,,,,,,,,,,,,,,,,,,,,,,,86068,,,,,,,,,,,,,,,Mark_Antony_(1),,,I00446765
Q136747,Q20938,,,,,,,,,,,,,,,,,,,,,,,,,,,,,,,,,,,,,,,,,,,,,
Q136748,Q351538,,,,,,,,,,,,,,,,,,,,,,,,,,,286920,,,,,,,,,,,,,,,Alexander_Helios_(1),,,I00736194
Q136749,Q350246,,,,,,,,,,,,,,,,,,,,,,,,,,,,,,,,,,,,,,,,,,Ptolemy_Philadelphus_(Cleopatra)_(1),,,I00736195
Q136750,Q887967,,,,,,,,,,,,,,,,,,,,,,,,,,,,,,,,,,,,,,,,,,Sames_II_Theosebes_Dikaios_(1),,,I00736538
Q136751,Q2495012,,,,,,,,,,,,,,,,,,,,,,,,,,,,,,,,,,,,,,,,,,Isias_(1),,,I00736266
Q136752,Q734029,,,,,,,,,,,,,,,,,,,,,,,,,,,169091,,,,,,,,,,,,,,,Mithridates_II_of_Commagene_(1),,,I00738596
Q136753,Q2457060,,,,,,,,,,,,,,,,,,,,,,,,,,,139820,,,,,,,,,,,,,,,Antiochus_II_of_Commagene_(1),,,
Q136754,Q3626128,,,,,,,,,,,,,,,,,,,,,,,,,,,169078,,,,,,,,,,,,,,,Antiochis_of_Commagene_(1),,,
Q136755,Q3626138,,,,,,,,,,,,,,,,,,,,,,,,,,,,,,,,,,,,,,,,,,Laodice_of_Parthia_(1),,,I00736584
Q136756,Q4813409,,,,,,,,,,,,,,,,,,,,,,,,,,,,,,,,,,,,,,,,,,,,,I00736587
Q136757,Q168186,,,,,,,,,,,,,,,,,,,,,,,,,,,,,,,,,,,,,,,,,,,,,I00736454
Q136758,Q132652423,,,,,,,,,,,,,,,,,,,,,,,,,,,,,,,,,,,,,,,,,,,,,
Q136759,Q65157878,,,,,,,,,,,,,,,,,,,,,,,,,,,,,,,,,,,,,,,,,,,,,
Q136760,Q121345081,,,,,,,,,,,,,,,,,,,,,,,,,,,,,,,,,,,,,,,,,,,,,
Q136761,Q121345007,,,,,,,,,,,,,,,,,,,,,,,,,,,,,,,,,,,,,,,,,,,,,I00732697
Q136762,Q9161798,,,,,,,,,,,,,,,,,,,,,,,,,,,,,,,,,,,,,,,,,,,,,
Q136763,Q515392,,,,,,,,,,,,,,,,,,,,,,,,,,,465437,,,,,,,,,,,,,,,,,,
Q136764,Q106963975,,,,,,,,,,,,,,,,,,,,,,,,,,,,,,,,,,,,,,,,,,,,,
Q136765,Q732413,,,,,,,,,,,,,,,,,,,,,,,,term/02df8ee0-abb5-4505-a065-bfd907c6789e,,,139859,,,,,,,,,,,,,,,,,,
Q136766,Q2573783,,,,,,,,,,,,,,,,,,,,,,,,,,,410263,,,,,,,,,,,,,,,,,,I00738478
Q136767,Q455594,,,,,,,,,,,,,,,,,,,,,,,,,,,376527,,,,,,,,,,,,,,,,,,
Q136768,Q433816,,,,,,,,,,,,,,,,,,,,,,,,,,,451984,,,,,,,,,,,,,,,,,,
Q136769,Q25668649,,,,,,,,,,,,,,,,,,,,,,,,,,,,,,,,,,,,,,,,,,,,,
Q136770,Q25668657,,,,,,,,,,,,,,,,,,,,,,,,,,,,,,,,,,,,,,,,,,,,,
Q136771,Q115806723,,,,,,,,,,,,,,,,,,,,,,,,,,,,,,,,,,,,,,,,,,,,,
Q136772,Q115806778,,,,,,,,,,,,,,,,,,,,,,,,,,,,,,,,,,,,,,,,,,,,,
Q136773,Q115806861,,,,,,,,,,,,,,,,,,,,,,,,,,,,,,,,,,,,,,,,,,,,,
Q136774,Q115806942,,,,,,,,,,,,,,,,,,,,,,,,,,,,,,,,,,,,,,,,,,,,,
Q136775,Q115807054,,,,,,,,,,,,,,,,,,,,,,,,,,,,,,,,,,,,,,,,,,,,,
Q136776,Q2901724,,,,,,,,,,,,,,,,,,,,,,,,,,,970888,,,,,,,,,,,,,,,,,,
Q136777,Q11936164,,,,,,,,,,,,,,,,,,,,,,,,,,,,,,,,,,,,,,,,,,,,,
Q136778,Q272197,,,,,,,,,,,,,,,,,,,,,,,,,,,,,,,,,,,,,,,,,p15038.htm#i150373,,,,
Q136779,Q96074770,,,,,,,,,,,,,,,,,,I2580,,,,,,,,,,,,,,,,,,,,,,,,Unknown_of_Wessex_(1),,UNKNOWN-76080,
Q136780,Q3567571,,,,,,,,,,,,,,,,,,I2555,,,,,,,,,92201,,,,,,,,,,,,,,p10270.htm#i102697,Eaba_of_Wessex_(1),,Wessex-18,I00049995
Q136781,Q75451525,,,,,,,,,,,,,,,,,,,,,,,,,,,141986,,,,,,,,,,,,,,p15031.htm#i150301,,,,I00349152
Q136782,Q75451538,,,,,,,,,,,,,,,,,,,,,,,,,,,,,,,,,,,,,,,,,p15032.htm#i150312,,,,I00349156
Q136783,Q75451547,,,,,,,,,,,,,,,,,,,,,,,,,,,,,,,,,,,,,,,,,p15032.htm#i150320,,,,I00349166
Q136795,Q75454851,,,,,,,,,,,,,,,,,,,,,,,,,,,,,,,,,,,,,,,,,p15256.htm#i152558,Saethryth_Unknown_(1),,,
Q136796,Q20562480,,,,,,,,,,,,,,,,,,,,,,,,,,,,,,,,,,,,,,,,,,,,,
Q136797,Q886399,,,,,,,,,,,,,,,,,,,,,,,,,,,136981,,p=maelgwn;n=of gwynedd;oc=1,,,,,,,,,,,,,Maelgwn_Gwynedd_(1),,Ap_Cadwallon-5,
Q136798,Q116055587,,,,,,,,,,,,,,,,,,,,,,,,,,,,,,,,,,,,,,,,,,,,,I00777307
Q136799,Q116055583,,,,,,,,,,,,,,,,,,,,,,,,,,,,,,,,,,,,,,,,,,,,,I00773188
Q136800,Q7446899,,,,,,,,,,,,,,,,,,,,,,,,,,,,,,,,,,,,,,,,,,,,,I00753303
Q136801,Q1089089,,,,,,,,,,,,,,,,,,,,,,,,,,,186171,,,,,,,,,,,,,,,,,Cuneglasus-1,
Q136802,Q19872950,,,,,,,,,,,,,,,,,,,,,,,,,,,1225212,,,,,,,,,,,,,,,,,,
Q136803,Q116112807,,,,,,,,,,,,,,,,,,,,,,,,,,,,,,,,,,,,,,,,,,,,,I00752909
Q136804,Q3398155,,,,,,,,,,,,,,,,,,,,,,,,,,,,,,,,,,,,,,,,,,,,,
Q136805,Q4218947,,,,,,,,,,,,,,,,,,,,,,,,,,,,,,,,,,,,,,,,,,,,,
Q136806,Q116055631,,,,,,,,,,,,,,,,,,,,,,,,,,,,,,,,,,,,,,,,,,,,,I00750398
Q136807,Q129955,,,,,,,,,,,,,,,,,,,,,,,,,,,,,,,,,,,,,,,,,,,,,
Q136808,Q352995,,,,,,,,,,,,,,,,,,,,,,,,,,,,,,,,,,,,,,,,,,,,Ap_Caunus-1,
Q136809,Q18124532,,,,,,,,,,,,,,,,,,,,,,,,,,,,,,,,,,,,,,,,,,,,,
Q136810,Q43107,,alvin-person:33989,,,,,,,,35785081,,,,,,,,,,,,,,person/28772678-5E68-4552-B091-9D35E76493C3,,,,,,,,,,,,,,,,,,,,,I00446934
Q136811,Q317232,,,,,,,,,,,,,,,,,,,,,,,,person/9c38fdcc-b2a0-42e7-b0db-e1995439e401,,,,,,,,,,,,,,,,,,,,,
Q136812,Q108329803,,,,,,,,,,,,,,,,,,,,,,,,,,,,,,,,,,,,,,,,,,,,,
Q136813,Q45530,,,,,,,,,,,,,,,,,,,,,,,,,,,561529,,,,,,,,,,,,,,,Eutropia_(1),,Crispus-1,I00446940
Q136814,Q182070,,alvin-person:35390,,,,,,,,,,,,,,,,,,,,,,person/acc3766c-7ffe-49d9-ba1c-7832adeb7dad,,,930967,,,,,,,,,,,,,,,,,Maxentius-1,I00446942
Q136815,Q16190110,,,,,,,,,,,,,,,,,,,,,,,,,,,187064,,,,,,,,,,,,,,,,,,
Q136816,Q46762,,alvin-person:35262,,,,,,,,,,,,,,,,,,,,,,person/8af49a86-f970-4c78-93a3-e746f275b7d9,,,,,,,,,,,,,,,,,,,,,I00716766
Q136817,Q109793322,,,,,,,,,,,,,,,,,,,,,,,,,,,353024,,,,,,,,,,,,,,,,,,
Q136818,Q166731,,,,,,,,,,,,,,,,,,,,,,,,person/04b46e43-8c01-4e27-9f5d-44dbcf6b6a1c,,,930971,,,,,,,,,,,,,,,Licinius_II_(1),,Di_Roma-5,I00446950
Q136819,Q731546,,,,,,,,,,,,,,,,,,,,,,,,,,,,,,,,,,,,,,,,,,,,,
Q136820,Q1115070,,,,,,,,,,,,,,,,,,,,,,,,,,,,,,,,,,,,,,,,,,,,,
Q136821,Q367598,,,,,,,,,,,,,,,,,,,,,,,,,,,146348,,,,,,,,,,,,,,,Nepotianus_(1),,,
Q136822,Q653221,,,,,,,,,,,,,,,,,,,,,,,,,,,,,,,,,,,,,,,,,,,,,I00446948
Q136823,Q260258,,,,,,,,,,,,,,,,,,,,,,,,,,,587289|930978,,,,,,,,,,,,,,,Basilina_(1),,,I00446949
Q136824,Q352506,,alvin-person:41379,,,,,,,,,,,,,,,,,,,,,,person/5ffbfafd-c4b9-48c1-84e9-5a7fe8d579cb,,,,,,,,,,,,,,,,,,,,,I00446955
Q136825,Q4957545,,,,,,,,,,,,,,,,,,,,,,,,,,,,,,,,,,,,,,,,,,,,,I00709557
Q136826,Q126107314,,,,,,,,,,,,,,,,,,,,,,,,,,,,,,,,,,,,,,,,,,,,,
Q136827,Q33941,,alvin-person:50434,,,,,,,,37038391,,,,,,,,,,,,,,person/34B7F597-9659-44E0-B154-F615809AE884,,,930979,,,,,,,,,,,,,,,Julian_the_Apostate_(1),,,I00446953
Q136828,Q354415,,,,,,,,,,,,,,,,,,,,,,,,person/c400243b-6387-4047-8813-8b4ef0882adf,,,,,,,,,,,,,,,,,,Dalmatius_(1),,,
Q136829,Q319252,,,,,,,,,,,,,,,,,,,,,,,,person/573fb4fb-b684-419f-85b9-f3e5673bcfe7,,,,,,,,,,,,,,,,,,Hannibalianus_(1),,,
Q136830,Q63970512,,,,,,,,,,,,,,,,,,,,,,,,,,,,,,,,,,,,,,,,,,,,,
Q136831,Q114712200,,,,,,,,,,,,,,,,,,,,,,,,,,,,,,,,,,,,,,,,,,,,,
Q136832,Q114689847,,,,,,,,,,,,,,,,,,,,,,,,,,,,,,,,,,,,,,,,,,,,,
Q136833,Q110956047,,,,,,,,,,,,,,,,,,,,,,,,,,,,,,,,,,,,,,,,,,,,,
Q136834,Q273627,,,,,,,,,,,,,,,,,,,,,,,,,,,,,,,,,,,,,,,,,,,,,I00313509
Q136835,Q63533,,,,,,,,,,,,,,,,,,,,,,,,,,,,,,,,,,,,,,,,,,Faustina_(1),,Rome-144,I00313510
Q136837,Q114712319,,,,,,,,,,,,,,,,,,,,,,,,,,,,,,,,,,,,,,,,,,,,,
Q136838,Q3328010,,,,,,,,,,,,,,,,,,,,,,,,,,,,,,,,,,,,,,,,,,,,,
Q136839,Q3682566,,,,,,,,,,,,,,,,,,,,,,,,,,,,,,,,,,,,,,,,,,,,,
Q136840,Q737268,,,,,,,,,,,,,,,,,,,,,,,,,,,,,,,,,,,,,,,,,,,,,
Q136841,Q4241293,,,,,,,,,,,,,,,,,,,,,,,,,,,,,,,,,,,,,,,,,,,,,
Q136842,Q19665654,,,,,,,,,,,,,,,,,,,,,,,,,,,,,,,,,,,,,,,,,,,,,
Q136843,Q20569683,,,,,,,,,,,,,,,,,,,,,,,,,,,,,,,,,,,,,,,,,,,,,
Q136844,Q7401174,,,,,,,,,,,,,,,,,,,,,,,,,,,,,,,,,,,,,,,,,,,,,
Q136845,Q6449987,,,,,,,,,,,,,,,,,,,,,,,,,,,,,,,,,,,,,,,,,,,,,
Q136846,Q3428284,,,,,,,,,,,,,,,,,,,,,,,,,,,,,,,,,,,,,,,,,,,,,
Q136847,Q3141674,,,,,,,,,,,,,,,,,,,,,,,,,,,,,p=hoel;n=de cornouaille,,,,,,,,,,,,,,,Ap_Hywel-84,
Q136848,Q116112679,,,,,,,,,,,,,,,,,,,,,,,,,,,,,,,,,,,,,,,,,,,,,I00759085
Q136849,Q16323100,,,,,,,,,,,,,,,,,,,,,,,,,,,,,,,,,,,,,,,,,,,,Ab_Uffa-1,
Q136850,Q331697,,,,,,,,,,,,,,,,,,,,,,,,,,,1225131,,,,,,,,,,,,,,,,,,
Q136851,Q112640609,,,,,,,,,,,,,,,,,,,,,,,,,,,,,,,,,,,,,,,,,,,,,I00750069
Q136852,Q116112640,,,,,,,,,,,,,,,,,,,,,,,,,,,,,,,,,,,,,,,,,,,,,I00760188
Q136853,Q116052929,,,,,,,,,,,,,,,,,,,,,,,,,,,,,,,,,,,,,,,,,,,,Ap_Gwineu-4,I00753861
Q136854,Q116052927,,,,,,,,,,,,,,,,,,,,,,,,,,,,,,,,,,,,,,,,,,,,,I00753853
Q136855,Q116109593,,,,,,,,,,,,,,,,,,,,,,,,,,,,,,,,,,,,,,,,,,,,,I00753846
Q136856,Q116113230,,,,,,,,,,,,,,,,,,,,,,,,,,,,,,,,,,,,,,,,,,,,,I00760196
Q136857,Q1270060,,,,,,,,,,,,,,,,,,,,,,,,,,,1496492,,p=erc;n=of dalriata,,,,,,,,,,,,,Earc_Mac_Eochaid_(1),,Maceochaid-3,
Q136858,Q951677,,,,,,,,,,,,,,,,,,,,,,,,,,,,,,,,,,,,,,,,,,Loarn_mac_Eirc_(1),,MacErc-2,
Q136859,Q881179,,,,,,,,,,,,,,,,,,,,,,,,,,,141441,,p=domangart;n=of scotland,,,,,,,,,,,,,Domangart_mac_Domnaill_(1),,Mac_Domnaill-6,I00561413
Q136860,Q2306302,,,,,,,,,,,,,,,,,,,,,,,,,,,,,,,,,,,,,,,,,,,,,
Q136861,Q2305771,,,,,,,,,,,,,,,,,,,,,,,,,,,,,,,,,,,,,,,,,,,,,
Q136862,Q881203,,,,,,,,,,,,,,,,,,,,,,,,,,,,,,,,,,,,,,,,,,Máel_Dúin_mac_Conaill_(1),,,
Q136863,Q881463,,,,,,,,,,,,,,,,,,,,,,,,,,,,,,,,,,,,,,,,,,Domnall_Donn_(2),,,
Q136864,Q878693,,,,,,,,,,,,,,,,,,,,,,,,,,,150589,,,,,,,,,,,,,,,,,,
Q136865,Q116146055,,,,,,,,,,,,,,,,,,,,,,,,,,,,,,,,,,,,,,,,,,,,,I00759136
Q136866,Q110622304,,,,,,,,,,,,,,,,,,,,,,,,,,,,,,,,,,,,,,,,,,,,,I00759131
Q136867,Q116052962,,,,,,,,,,,,,,,,,,,,,,,,,,,,,,,,,,,,,,,,,,,,,I00759321
Q136868,Q116146051,,,,,,,,,,,,,,,,,,,,,,,,,,,,,,,,,,,,,,,,,,,,,I00760141
Q136869,Q3464537,,,,,,,,,,,,,,,,,,,,,,,,,,,509313,,,,,,,,,,,,,,,,,,
Q136870,Q3945687,,,,,,,,,,,,,,,,,,,,,,,,,,,,,,,,,,,,,,,,,,,,,
Q136871,Q3399340,,,,,,,,,,,,,,,,,,,,,,,,,,,,,,,,,,,,,,,,,,,,,
Q136872,Q53573757,,,,,,,,,,,,,,,,,,,,,,,,,,,,,,,,,,,,,,,,,,,,,
Q136873,Q886395,,,,,,,,,,10858645,,,,,,,,,,,,,,,,,414231,,,,,,,,,,,,,,,Elisedd_ap_Gwylog_(1),,Ap_Gwylog-4,I00773700
Q136874,Q5623736,,,,,,,,,,,,,,,,,,,,,,,,,,,136962,,p=gwriad;n=of man,,,,,,,,,,,,p40333.htm#i403324,Gwriad_ap_Elidir_(1),,Ab_Elidir-4,I00139772
Q136875,Q19560438,,,,,,,,,,,,,,,,,,,,,,,,,,,137068,,p=ethyllt;n=of gwynedd,,,,,,,,,,,,p40333.htm#i403325,Essylt_verch_Cynan_(1),,Ferch_Cynan-4,I00139773
Q136876,Q4763163,,,,,,,,,,,,,,,,,,,,,,,,,,,136956,,p=angharad;n=of seisyllwg,,,,,,,,,,,,p40333.htm#i403328,Angharad_Meurig_(1),,Ferch_Meurig-4,I00139770
Q136877,Q486165,,,,,,,,,,,,,,,,,,,,,,,,,,,121943,,p=anarawd;n=of gwynedd,,,,,,,,,,,,p10259.htm#i102581,Anarawd_ap_Rhodri_(1),,Ap_Rhodri-35,I00139763
Q136878,Q886387,,,,,,,,L1YH-R4C,,,,,,,,,,,,,,,,,,,136951,,p=cadell;n=of seisyllwg,,,,,,,,,,,,p10258.htm#i102579,Cadell_ap_Rhodri_(1),,Ap_Rhodri_Mawr-6,I00163434
Q136879,Q2557442,,,,,,,,,,,,,,,,,,,,,,,,,,,137152,,p=merfyn;n=of powys,,,,,,,,,,,,p40333.htm#i403330,Merfyn_ap_Rhodri_(1),,Ap_Rhodri-28,
Q136880,Q13406412,,,,,,,,,,,,,,,,,,,,,,,,,,,,,p=tydwel gloff;n=of gwynedd,,,,,,,,,,,,,Tudwal_Unknown_(1),,Ap_Rhodri-31,I00759470
Q136881,Q1271354,,,,,,,,,,,,,,,,,,,,,,,,,,,,,,,,,,,,,,,,,,,,,
Q136882,Q2278971,,,,,,,,,,,,,,,,,,,,,,,,,,,,,,,,,,,,,,,,,,,,,
Q136883,Q13127839,,,,,,,,,,,,,,,,,,,,,,,,,,,,,,,,,,,,,,,,,,,,,
Q136884,Q110585204,,,,,,,,,,,,,,,,,,,,,,,,,,,,,,,,,,,,,,,,,,,,,I00750829
Q136885,Q116109691,,,,,,,,,,,,,,,,,,,,,,,,,,,,,,,,,,,,,,,,,,,,,I00768439
Q136886,Q116054541,,,,,,,,,,,,,,,,,,,,,,,,,,,,,,,,,,,,,,,,,,,,,I00751463
Q136887,Q116147822,,,,,,,,,,,,,,,,,,,,,,,,,,,,,,,,,,,,,,,,,,,,,I00751476
Q136888,Q116147904,,,,,,,,,,,,,,,,,,,,,,,,,,,,,,,,,,,,,,,,,,,,,I00750513
Q136889,Q3677330,,,,,,,,,,,,,,,,,,,,,,,,,,,150575,,,,,,,,,,,,,,,Cinuit_Unknown_(1),,,I00774654
Q136890,Q3680783,,,,,,,,,,,,,,,,,,,,,,,,,,,150580,,,,,,,,,,,,,,,Clinoch_Unknown_(1),,,
Q136891,Q110582715,,,,,,,,,,,,,,,,,,,,,,,,,,,,,,,,,,,,,,,,,,,,,I00673886
Q136892,Q1462742,,,,,,,,,,,,,,,,,,,,,,,,,,,,,,,,,,,,,,,,,,,,,I00773001
Q136893,Q16711442,,,,,,,,,,,,,,,,,,,,,,,,,,,,,,,,,,,,,,,,,,,,,
Q136894,Q1511145,,,,,,,,,,,,,,,,,,,,,,,,,,,,,,,,,,,,,,,,,,Geraint_Unknown_(2),,,
Q136895,Q5319611,,,,,,,,,,,,,,,,,,,,,,,,,,,,,,,,,,,,,,,,,,Dywel_fab_Erbin_(1),,,
Q136896,Q5362018,,,,,,,,,,,,,,,,,,,,,,,,,,,,,,,,,,,,,,,,,,,,,
Q136897,Q1585666,,,,,,,,,,,,,,,,,,,,,,,,,,,,,,,,,,,,,,,,,,,,,
Q136898,Q265973,,,,,,,,,,,,,,,,,,,,,,,,,,,,,,,,,,,,,,,,,,,,,
Q136899,Q3218591,,,,,,,,,,,,,,,,,,,,,,,,,,,,,,,,,,,,,,,,,,,,,
Q136900,Q43376180,,,,,,,,,,,,,,,,,,,,,,,,,,,,,,,,,,,,,,,,,,,,,
Q136901,Q1254862,,,,,,,,,,,,,,,,,,,,,,,,,,,,,,,,,,,,,,,,,,,,,
Q136902,Q40329915,,,,,,,,,,,,,,,,,,,,,,,,,,,,,,,,,,,,,,,,,,,,,
Q136903,Q116052779,,,,,,,,,,,,,,,,,,,,,,,,,,,,,,,,,,,,,,,,,,,,,I00754384
Q136904,Q20559023,,,,,,,,,,,,,,,,,,,,,,,,,,,,,,,,,,,,,,,,,,,,Ap_Meilyr-1,
Q136905,Q10963012,,,,,,,,,,,,,,,,,,,,,,,,,,,,,,,,,,,,,,,,,,,,,I00775818
Q136906,Q4220784,,,,,,,,,,,,,,,,,,,,,,,,,,,,,,,,,,,,,,,,,,,,,
Q136907,Q122260575,,,,,,,,,,,,,,,,,,,,,,,,,,,,,,,,,,,,,,,,,,,,,I00753465
Q136908,Q116052952,,,,,,,,,,,,,,,,,,,,,,,,,,,,,,,,,,,,,,,,,,,,,I00759430
Q136909,Q128855777,,,,,,,,,,,,,,,,,,,,,,,,,,,,,,,,,,,,,,,,,,,,,I00760376
Q136910,Q128855798,,,,,,,,,,,,,,,,,,,,,,,,,,,,,,,,,,,,,,,,,,,,,I00761108
Q136911,Q116052939,,,,,,,,,,,,,,,,,,,,,,,,,,,,,,,,,,,,,,,,,,,,,I00759432
Q136912,Q116052945,,,,,,,,,,,,,,,,,,,,,,,,,,,,,,,,,,,,,,,,,,,,Ferch_Iago-3,I00759433
Q136913,Q116052900,,,,,,,,,,,,,,,,,,,,,,,,,,,,,,,,,,,,,,,,,,,,,I00759422
Q136914,Q116478761,,,,,,,,,,,,,,,,,,,,,,,,,,,,,,,,,,,,,,,,,,,,,I00761357
Q136915,Q116052975,,,,,,,,,,,,,,,,,,,,,,,,,,,,,,,,,,,,,,,,,,,,,I00759446
Q136916,Q116052910,,,,,,,,,,,,,,,,,,,,,,,,,,,,,,,,,,,,,,,,,,,,,I00708665
Q136917,Q116052999,,,,,,,,,,,,,,,,,,,,,,,,,,,,,,,,,,,,,,,,,,,,,I00759597
Q136918,Q99086817,,,,,,,,,,,,,,,,,,,,,,,,,,,,,,,,,,,,,,,,,,,,,I00759948
Q136919,Q116147095,,,,,,,,,,,,,,,,,,,,,,,,,,,,,,,,,,,,,,,,,,,,,I00759595
Q136920,Q116812199,,,,,,,,,,,,,,,,,,,,,,,,,,,,,,,,,,,,,,,,,,,,,I00760370
Q136921,Q116178252,,,,,,,,,,,,,,,,,,,,,,,,,,,,,,,,,,,,,,,,,,,,,I00708926
Q136922,Q3403488,,,,,,,,,,,,,,,,,,,,,,,,,,,323142,,p=cadell;n=of seisyllwg;oc=1,,,,,,,,,,,,p10283.htm#i102826,Cadell_ap_Edwin_of_Gwynedd_(1),,Ab_Einion-30,I00401931
Q136923,Q110152920,,,,,,,,,,,,,,,,,,,,,,,,,,,,,,,,,,,,,,,,,,,,Ferch_Gwerystan-2,I00706752
Q136924,Q116052972,,,,,,,,,,,,,,,,,,,,,,,,,,,,,,,,,,,,,,,,,,,,,I00751035
Q136925,Q117307093,,,,,,,,,,,,,,,,,,,,,,,,,,,,,,,,,,,,,,,,,,,,,I00759344
Q136926,Q110152950,,,,,,,,,,,,,,,,,,,,,,,,,,,,,,,,,,,,,,,,,,,,,I00754517
Q136927,Q110152871,,,,,,,,,,,,,,,,,,,,,,,,,,,,,,,,,,,,,,,,,,,,Ferch_Rhys_Gryg-1,I00586411
Q136928,Q4394788,,,,,,,,,,,,,,,,,,,,,,,,,,,,,p=rhys mechyll ap rhys;n=gryg,,,,,,,,,,,,p21341.htm#i213405,Rhys_Mechyll_(1),,Ap_Rhys_Gryg-2,I00198830
Q136929,Q110636694,,,,,,,,,,,,,,,,,,,,,,,,,,,,,,,,,,,,,,,,,,,,,I00754762
Q136930,Q116052891,,,,,,,,,,,,,,,,,,,,,,,,,,,,,,,,,,,,,,,,,,,,,I00774845
Q136931,Q11935381,,,,,,,,,,,,,,,,,,,,,,,,,,,,,p=maredudd;n=of south wales;oc=3,,,,,,,,,,,,,,,Ap_Rhys-92,I00751513
Q136932,Q116178194,,,,,,,,,,,,,,,,,,,,,,,,,,,,,,,,,,,,,,,,,,,,,I00752305
Q136933,Q116812203,,,,,,,,,,,,,,,,,,,,,,,,,,,,,,,,,,,,,,,,,,,,,I00754018
Q136934,Q116812368,,,,,,,,,,,,,,,,,,,,,,,,,,,,,,,,,,,,,,,,,,,,,I00570138
Q136935,Q116812411,,,,,,,,,,,,,,,,,,,,,,,,,,,,,,,,,,,,,,,,,,,,,I00760945
Q136936,Q127413861,,,,,,,,,,,,,,,,,,,,,,,,,,,,,,,,,,,,,,,,,,,,,I00759944
Q136937,Q128855674,,,,,,,,,,,,,,,,,,,,,,,,,,,,,,,,,,,,,,,,,,,,,I00761354
Q136938,Q110622155,,,,,,,,,,,,,,,,,,,,,,,,,,,,,,,,,,,,,,,,,,,,,I00760517
Q136939,Q116178240,,,,,,,,,,,,,,,,,,,,,,,,,,,,,,,,,,,,,,,,,,,,,I00760300
Q136940,Q110622243,,,,,,,,,,,,,,,,,,,,,,,,,,,,,,,,,,,,,,,,,,,,,I00752354
Q136941,Q110622237,,,,,,,,,,,,,,,,,,,,,,,,,,,,,,,,,,,,,,,,,,,,Ap_Gruffudd-60,I00714653
Q136942,Q110413744,,,,,,,,,,,,,,,,,,,,,,,,,,,,,,,,,,,,,,,,,,,,,I00752348
Q136943,Q110636629,,,,,,,,,,,,,,,,,,,,,,,,,,,,,,,,,,,,,,,,,,,,Ferch_Gruffudd_Gwyr-1,I00754508
Q136944,Q116146071,,,,,,,,,,,,,,,,,,,,,,,,,,,,,,,,,,,,,,,,,,,,,I00761071
Q136945,Q116052802,,,,,,,,,,,,,,,,,,,,,,,,,,,,,,,,,,,,,,,,,,,,,I00761362
Q136946,Q97532125,,,,,,,,,,,,,,,,,,,,,,,,,,,,,,,,,,,,,,,,,,,,Ap_Hywel-46,I00708860
Q136947,Q110582548,,,,,,,,,,,,,,,,,,,,,,,,,,,,,,,,,,,,,,,,,,,,Ferch_Hywel-16,I00750376
Q136948,Q116478759,,,,,,,,,,,,,,,,,,,,,,,,,,,,,,,,,,,,,,,,,,,,Ap_Madog-45,I00708669
Q136949,Q116812137,,,,,,,,,,,,,,,,,,,,,,,,,,,,,,,,,,,,,,,,,,,,,I00776392
Q136950,Q110560389,,,,,,,,,,,,,,,,,,,,,,,,,,,,,,,,,,,,,,,,,,,,,I00759304
Q136951,Q110560205,,,,,,,,,,,,,,,,,,,,,,,,,,,,,,,,,,,,,,,,,,,,Ap_Hywel_Fychan-6,I00759300
Q136952,Q99084968,,,,,,,,,,,,,,,,,,,,,,,,,,,,,,,,,,,,,,,,,,,,,I00708906
Q136953,Q116469756,,,,,,,,,,,,,,,,,,,,,,,,,,,,,,,,,,,,,,,,,,,,,I00708930
Q136954,Q117277455,,,,,,,,,,,,,,,,,,,,,,,,,,,,,,,,,,,,,,,,,,,,,I00708931
Q136955,Q97532276,,,,,,,,,,,,,,,,,,,,,,,,,,,,,,,,,,,,,,,,,,,,,I00708866
Q136956,Q99239214,,,,,,,,,,,,,,,,,,,,,,,,,,,,,,,,,,,,,,,,,,,,,I00760291
Q136957,Q110560357,,,,,,,,,,,,,,,,,,,,,,,,,,,,,,,,,,,,,,,,,,,,Ab_Ynyr-2,I00758934
Q136958,Q110560366,,,,,,,,,,,,,,,,,,,,,,,,,,,,,,,,,,,,,,,,,,,,Ferch_Ednyfed-3,I00758935
Q136959,Q110560373,,,,,,,,,,,,,,,,,,,,,,,,,,,,,,,,,,,,,,,,,,,,,I00758930
Q136960,Q110560349,,,,,,,,,,,,,,,,,,,,,,,,,,,,,,,,,,,,,,,,,,,,,I00706260
Q136961,Q112964834,,,,,,,,,,,,,,,,,,,,,,,,,,,,,,,,,,,,,,,,,,,,,I00764888
Q136962,Q110622032,,,,,,,,,,,,,,,,,,,,,,,,,,,,,,,,,,,,,,,,,,,,,I00753609
Q136963,Q110622139,,,,,,,,,,,,,,,,,,,,,,,,,,,,,,,,,,,,,,,,,,,,,I00706997
Q136964,Q99084481,,,,,,,,,,,,,,,,,,,,,,,,,,,,,,,,,,,,,,,,,,,,Ap_Hywel-45,I00706995
Q136965,Q110622101,,,,,,,,,,,,,,,,,,,,,,,,,,,,,,,,,,,,,,,,,,,,,I00752113
Q136966,Q110622086,,,,,,,,,,,,,,,,,,,,,,,,,,,,,,,,,,,,,,,,,,,,,I00752104
Q136967,Q110622030,,,,,,,,,,,,,,,,,,,,,,,,,,,,,,,,,,,,,,,,,,,,,I00759952
Q136968,Q110622031,,,,,,,,,,,,,,,,,,,,,,,,,,,,,,,,,,,,,,,,,,,,,I00753605
Q136969,Q110622025,,,,,,,,,,,,,,,,,,,,,,,,,,,,,,,,,,,,,,,,,,,,,I00714697
Q136970,Q116469772,,,,,,,,,,,,,,,,,,,,,,,,,,,,,,,,,,,,,,,,,,,,,I00752667
Q136971,Q110622103,,,,,,,,,,,,,,,,,,,,,,,,,,,,,,,,,,,,,,,,,,,,,I00752645
Q136972,Q127225288,,,,,,,,,,,,,,,,,,,,,,,,,,,,,,,,,,,,,,,,,,,,,I00764756
Q136973,Q99086799,,,,,,,,,,,,,,,,,,,,,,,,,,,,,,,,,,,,,,,,,,,,,I00314022
Q136974,Q116178236,,,,,,,,,,,,,,,,,,,,,,,,,,,,,,,,,,,,,,,,,,,,,I00760295
Q136975,Q127413856,,,,,,,,,,,,,,,,,,,,,,,,,,,,,,,,,,,,,,,,,,,,,I00708882
Q136976,Q99239200,,,,,,,,,,,,,,,,,,,,,,,,,,,,,,,,,,,,,,,,,,,,,I00708872
Q136977,Q110560271,,,,,,,,,,,,,,,,,,,,,,,,,,,,,,,,,,,,,,,,,,,,,I00749584
Q136978,Q116478755,,,,,,,,,,,,,,,,,,,,,,,,,,,,,,,,,,,,,,,,,,,,,I00708888
Q136979,Q116812143,,,,,,,,,,,,,,,,,,,,,,,,,,,,,,,,,,,,,,,,,,,,,I00715029
Q136980,Q110560222,,,,,,,,,,,,,,,,,,,,,,,,,,,,,,,,,,,,,,,,,,,,,I00760297
Q136981,Q131741094,,,,,,,,,,,,,,,,,,,,,,,,,,,,,,,,,,,,,,,,,,,,,I00764878
Q136982,Q116812334,,,,,,,,,,,,,,,,,,,,,,,,,,,,,,,,,,,,,,,,,,,,,I00764790
Q136983,Q116109688,,,,,,,,,,,,,,,,,,,,,,,,,,,,,,,,,,,,,,,,,,,,,I00722261
Q136984,Q20558822,,,,,,,,,,,,,,,,,,,,,,,,,,,,,p=clydog;n=of seisyllwg,,,,,,,,,,,,,Clydod_Ap_Cadell_(1)|Clydog_Ap_Cadell_(2),,,
Q136985,Q15707351,,,,,,,,GGFR-5CF,,,,,,,,,,,,,,,,,,,121931,,p=owen;n=of seisyllwg,,,,,,,,,,,,p10258.htm#i102577,Owain_ap_Hywel_(1),,Ap_Hywel-56,I00163438
Q136986,Q2564740,,,,,,,,,,,,,,,,,,,,,,,,,,,414196,,p=rhodri;n=of seisyllwg,,,,,,,,,,,,p40342.htm#i403414,Rhodri_ap_Hywel_(1),,Ap_Hywel_Dda-3,
Q136987,Q2076198,,,,,,,,,,,,,,,,,,,,,,,,,,,414197,,p=edwin;n=of seisyllwg,,,,,,,,,,,,p40342.htm#i403415,Edwin_ap_Hywel_(1),,Ap_Hywel_Dda-4,
Q136988,Q75976208,,,,,,,,,,,,,,,,,,,,,,,,,,,,,,,,,,,,,,,,,p44275.htm#i442741,,,,
Q136989,Q116470832,,,,,,,,,,,,,,,,,,,,,,,,,,,,,,,,,,,,,,,,,,,,,I00776248
Q136990,Q1281127,,,,,,,,,,,,,,,,,,,,,,,,,,,137154,,p=llywarch;n=of dyfed,,,,,,,,,,,,p41568.htm#i415677,Llywarch_ap_Hyfaidd_(1),,Ap_Hyfaidd-5,I00163437
Q136991,Q110662989,,,,,,,,,,,,,,,,,,,,,,,,,,,,,,,,,,,,,,,,,,,,,I00706886
Q136992,Q76204630,,,,,,,,,,,,,,,,,,,,,,,,,,,,,,,,,,,,,,,,,p60231.htm#i602301,,,Ap_Rhiwallon-2,I00753767
Q136993,Q116478907,,,,,,,,,,,,,,,,,,,,,,,,,,,,,,,,,,,,,,,,,,,,,I00776710
Q136994,Q110582806,,,,,,,,,,,,,,,,,,,,,,,,,,,,,,,,,,,,,,,,,,,,Ferch_Iago-1,I00751003
Q136995,Q76273196,,,,,,,,,,,,,,,,,,,,,,,,,,,,,p=ednyfed;n=n,,,,,,,,,,,,p65425.htm#i654242,Edynfeld_Ap_Llywarch_(1),,Ap_Llywarch-13,I00750994
Q136996,Q110622211,,,,,,,,,,,,,,,,,,,,,,,,,,,,,,,,,,,,,,,,,,,,,I00758940
Q136997,Q112532269,,,,,,,,,,,,,,,,,,,,,,,,,,,,,,,,,,,,,,,,,,,,,I00749261
Q136998,Q116111573,,,,,,,,,,,,,,,,,,,,,,,,,,,,,,,,,,,,,,,,,,,,,I00749262
Q136999,Q116147123,,,,,,,,,,,,,,,,,,,,,,,,,,,,,,,,,,,,,,,,,,,,,I00755165
Q137000,Q110582386,,,,,,,,,,,,,,,,,,,,,,,,,,,,,,,,,,,,,,,,,,,,,I00750521
Q137001,Q116812464,,,,,,,,,,,,,,,,,,,,,,,,,,,,,,,,,,,,,,,,,,,,,I00774555
Q137002,Q76300403,,,,,,,,,,,,,,,,,,,,,,,,,,,,,,,,,,,,,,,,,p67299.htm#i672985,,,,
Q137003,Q76299810,,,,,,,,,,,,,,,,,,,,,,,,,,,,,,,,,,,,,,,,,p67249.htm#i672486,,,,
Q137004,Q76300325,,,,,,,,,,,,,,,,,,,,,,,,,,,,,,,,,,,,,,,,,p67292.htm#i672916,,,,
Q137005,Q18239110,,,,,,,,,,,,,,,,,,,,,,,,,,,,,,,,,,,,,,,,,p67238.htm#i672373,Bruno_Lord_(1),,Engern-4,
Q137006,Q826238,,,,,,,,,,,,,,,,,,,,,,,,,,,141790,,p=bernard;n=de pont audemer,,,,,,,,,,,,p65458.htm#i654576,Bernard_the_Dane_(1),,Harcourt-5,
Q137008,Q5712436,,,,,,,,,,,,,,,,,,,,,,,,,,,,,,,,,,,,,,,,,,,,,
Q137009,Q2841528,,,,,,,,,,,,,,,,,,,,,,,,,,,940278,,,,,,,,,,,,,,,,,,
Q137010,Q719517,,,,,,,,,,,,,,,,,,,,,,,,,,,488860|940279,,,,,,,,,,,,,,,,,,
Q137011,Q75292022,,,,,,,,,,,,,,,,,,,,,,,,,,,,,,,,,,,,,,,,,p4287.htm#i42865,,,,
Q137012,Q19950045,,,,,,,,,,,,,,,,,,,,,,,,,,,,,,,,,,,,,,,,,,Harald_Trondsson_(2),,Trondsson-1,
Q137013,Q131341093,,,,,,,,,,,,,,,,,,,,,,,,,,,,,,,,,,,,,,,,,,,,,
Q137019,Q31706,,,,,,,,,,,,,,,,,,,,,,,,,,,,,,,,,,,,,,,,,,Einar_Tambarskjelve_(1),,Eindridesson-1,
Q137020,Q12341816,,,,,,,,,,,,,,,,,,,,,,,,,,,,,,,,,,,,,,,,,,Ålov_Einarsdatter_(1),,,
Q137021,Q30325673,,,,,,,,,,,,,,,,,,,,,,,,,,,,,,,,,,,,,,,,,,Eindride_Einarsson_(3),,,
Q137022,Q98697971,,,,,,,,,,,,,,,,,,,,,,,,,,,,,,,,,,,,,,,,,,,,,I00079510
Q137024,Q9053166,,,,,,,,,,,,,,,,,,,,,,,,,,,,,,,,,,,,,,,,,,,,,I00507624
Q137025,Q11684521,,,,,,,,,,,,,,,,,,,,,,,,,,,,,,,,,,,,,,,,,,,,Asbjørnsson-1,
Q137026,Q5923300,,,,,,,,,,,,,,,,,,,,,,,,,,,,,,,,,,,,,,,,,,Ivar The White (1)|Ivar_Jarnskjeggesson_(2),,Unknown-719364,I00308293
Q137027,Q3142702,,,,,,,,,,,,,,,,,,,,,,,,,,,,,p=hugues;n=de calvacamp;oc=1,,,,,,,,,,,,p9181.htm#i91809,Hugh_Unknown_(5),,,
Q137041,Q19949686,,,,,,,,,,,,,,,,,,,,,,,,,,,,,,,,,,,,,,,,,,,,,
Q137042,Q19950726,,,,,,,,,,,,,,,,,,,,,,,,,,,,,,,,,,,,,,,,,,,,Ogmundsson-17,I00711261
Q137043,Q5960192,,,,,,,,,,,,,,,,,,,,,,,,,,,,,,,,,,,,,,,,,,,,,
Q137044,Q11682241,,,,,,,,,,,,,,,,,,,,,,,,,,,,,,,,,,,,,,,,,p4276.htm#i42758,,,Unknown-484052,I00140267
Q137046,Q310999,,alvin-person:67635,,,,,,,,9503644,,,,,,,,I4032,,,,,,person/8F7B1F71-9E1F-4818-8D3B-96B0B5F24F4D,,,48921,,p=magnus;n=de norvege,,,sw.980523,,,,,,,,,p4290.htm#i42894,Magnus_The_Good_(1),,Olafsson-129,I00308281
Q137048,Q6161921,,,,,,,,,,,,,,,,,,,,,,,,,,,,,,,,,,,,,,,,,,,,Sigurdsson-19,
Q137049,Q1618976,,,,,,,,,,,,,,,,,,,,,,,,,,,107548|137694,,,,,,,,,,,,,,,Ulf_Tostesson_(1),,Tostesson-1,I00614982
Q137050,Q362163,,,,,,20139,,,,,,,,,,,,,,,,,,,,,107544,,p=stenkil;n=ragnvaldsson,,,dw.5990,,,,,,,,,p11306.htm#i113053,Stenkil_Sweden_(1),,Ragnvaldsson-54,I00049970
Q137051,Q4571352,,,,,,,,,,,,,,,,,,,,,,,,,,,,,,,,,,,,,,,,,p11298.htm#i112978,,,Arnesson-77,I00704845
Q137053,Q8960628,,,,,,,,,,,,,,,,,,,,,,,,,,,,,,,,,,,,,,,,,,,,,I00711268
Q137054,Q16726140,,,,,,,,,,,,,,,,,,,,,,,,,,,972600,,,,,,,,,,,,,,p10771.htm#i107708,Bergljot_Halvdansdottir_(1),,Halfdansdottir-2,I00022599
Q137060,Q75291924,,,,,,,,,,,,,,,,,,,,,,,,,,,,,,,,,,,,,,,,,p4283.htm#i42828,Nevstein_Unknown_(1),,Unknown-186792,I00544770
Q137062,Q5729472,,,,,,,,,,,,,,,,,,,,,,,,,,,142770,,p=bjǫrn;n=grimmson,,,,,,,,,,,,,,,Grimsson-25,
Q137063,Q16728989,,,,,,,,,,,,,,,,,,,,,,,,,,,,,,,,,,,,,,,,,,,,Wether-3,
Q137065,Q500833,,,,,,,,,,,,,,,,,,,,,,,,,,,142759,,p=thorstein;n=olafsson,,,,,,,,,,,,,Thorstein_the_Red_(1),,Olafsson-9,
Q137066,Q4898536,,,,,,,,,,,,,,,,,,,,,,,,,,,471006,,,,,,,,,,,,,,,,,Olafsson-284,
Q137067,Q15550853,,,,,,,,,,,,,,,,,,,,,,,,,,,1083473,,,,,,,,,,,,,,,,,,
Q137068,Q135529140,,,,,,,,,,,,,,,,,,,,,,,,,,,,,,,,,,,,,,,,,,,,,
Q137069,Q20639052,,,,,,,,G8NP-3GG,,,,,,,,,,,,,,,,,,,,,p=dunghal;n=mac fearghal,,,,,,,,,,,,,Dúnlang_Mac_Fergaile_(1),,MacFearghal-2,
Q137070,Q20713330,,,,,,,,,,,,,,,,,,,,,,,,,,,,,,,,,,,,,,,,,,Riacán_Mac_Dúngaile_(1),,,
Q137071,Q20713310,,,,,,,,,,,,,,,,,,,,,,,,,,,,,p=ceallach;n=mac cerbaill,,,,,,,,,,,,p54618.htm#i546178,Cellach_Mac_Cerbaill_(1),,Mac_Cearbhall-1,
Q137072,Q20713317,,,,,,,,,,,,,,,,,,,,,,,,,,,,,,,,,,,,,,,,,,Diarmait_Mac_Cerbaill_(2),,Maccearbhall-4,
Q137073,Q16201846,,,,,,,,,,,,,,,,,,,,,,,,,,,,,,,,,,,,,,,,,,,,,
Q137074,Q135529251,,,,,,,,,,,,,,,,,,,,,,,,,,,,,,,,,,,,,,,,,,,,,
Q137075,Q15709591,,,,,,,,,,,,,,,,,,,,,,,,,,,,,,,,,,,,,,,,,,,,,
Q137076,Q172345,,,,,,,,,,8183677,,,,,,,,,,,,,,,,,,,,,,,,,,,,,,,,,,Thorvaldsson-17,
Q137077,Q1960347,,,,,,,,,,,,,,,,,,,,,,,,,,,,,,,,,,,,,,,,,,,,,
Q137078,Q42838,,,,,,,,,,22103714,,,,,,,,,,,,,,,,,,,,,,,,,,,,,,,,,,Eiríksson-79,
Q137079,Q1771200,,,,,,,,,,,,,,,,,,,,,,,,,,,145243,,,,,,,,,,,,,,,,,,
Q137080,Q451114,,,,,,,,,,,,,,,,,,,,,,,,,,,,,,,,,,,,,,,,,,,,,
Q137081,Q80518,,,,,,,,,,,,,,,,,,,,,,,,,,,,,,,,,,,,,,,,,,Jorund_Yngvasson_(2),,Yngvisson-2,
Q137082,Q1402029,,,,,,,,,,,,,,,,,,,,,,,,,,,,,,,,,,,,,,,,,,,,Unknown-227487,
Q137083,Q510179,,,,,,,,,,,,,,,,,,,,,,,,,,,,,,,,,,,,,,,,,,,,,
Q137084,Q5959253,,,,,,,,,,,,,,,,,,,,,,,,,,,,,,,,,,,,,,,,,,,,,
Q137098,Q3524601,,,,,,,,,,,,,,,,,,,,,,,,,,,1371423,,p=theoderic;n=de herstal|p=thierry;n=d autun;oc=5,,,,,,,,,,,,,Thierry_Unknown_(7),,Autun-20|Autun-57|Bourgogne-355,
Q137099,Q3046904,,,,,,,,,,,,,,,,,,,,,,,,,,,,,p=eccard;n=d autun|p=ecchard;n=de herstal,,,,,,,,,,,,,,,Autun-33,
Q137100,Q2898859,,,,,,,,,,,,,,,,,,,,,,,,,,,,,p=bernard;n=.;oc=3|p=bernhard;n=de herstal,,,,,,,,,,,,,,,,
Q137101,Q23015567,,,,,,,,,,,,,,,,,,,,,,,,,,,,,p=ada;n=.;oc=1,,,,,,,,,,,,,,,,
Q137102,Q1058209,,,,,,16059,,,,,,,,,,,,,,,,,,,,,,,,,,,,,,,,,,,,,,,
Q137103,Q1400410,,,,,,15406,,,,,,,,,,,,,,,,,,,,,,,,,,,,,,,,,,,,,,,
Q137104,Q16934477,,,,,,,,,,,,,,,,,,,,,,,,,,,112281,,,,,,,,,,,,,,p15036.htm#i150357,Thingfrith_Mercia_(1),,,I00706583
Q137105,Q75451567,,,,,,,,,,,,,,,,,,,,,,,,,,,,,,,,,,,,,,,,,p15037.htm#i150361,Cynreow_De_Mercia_(1),,Mercia-220,
Q137106,Q2419470,,,,,,,,,,,,,,,,,,,,,,,,,,,137280,,p=iago;n=of gwynedd,,,,,,,,,,,,,Iago_ap_Beli_(1),,Ap_Beli-16,I00163445
Q137107,Q664568,,,,,,,,,,,,,,,,,,,,,,,,,,,137273,,p=idwal;n=of gwynedd,,,,,,,,,,,,,Idwal_Iwrch_(1),,Ap_Cadwaladr-12,I00139776
Q137108,Q20560509,,,,,,,,,,,,,,,,,,,,,,,,,,,,,,,,,,,,,,,,,,,,,
Q137109,Q889042,,,,,,,,,,,,,,,,,,,,,,,,,,,,,,,,,,,,,,,,,,,,,
Q137110,Q299479,,,,,,,,,,,,,,,,,,,,,,,,,,,824632,,,,,,,,,,,,,,,,,,
Q137111,Q771518,,,,,,,,,,,,,,,,,,,,,,,,,,,,,,,,,,,,,,,,,,,,,
Q137112,Q3136171,,,,,,,,,,,,,,,,,,,,,,,,,,,,,,,,,,,,,,,,,,,,,
Q137113,Q17897906,,,,,,,,,,,,,,,,,,,,,,,,,,,,,,,,,,,,,,,,,,,,,
Q137114,Q207634,,,,,,,,,,,,,,,,,,,,,,,,,,,482511,,,,,,,,,,,,,,,,,,
Q137115,Q10295838,,,,,,,,,,,,,,,,,,,,,,,,,,,,,,,,,,,,,,,,,,,,,
Q137116,Q970958,,,,,,,,,,,,,,,,,,,,,,,,,,,,,,,,,,,,,,,,,,,,,
Q137117,Q270287,,,,,,,,,,,,,,,,,,,,,,,,,,,481818,,,,,,,,,,,,,,,,,,
Q137118,Q80398,,,,,,,,,,,,,,,,,,,,,,,,,,,482541,,,,,,,,,,,,,,,,,,
Q137119,Q1372571,,,,,,,,,,,,,,,,,,,,,,,,,,,,,,,,,,,,,,,,,,,,,
Q137120,Q10261582,,,,,,,,,,,,,,,,,,,,,,,,,,,,,,,,,,,,,,,,,,,,,
Q137121,Q21093591,,,,,,,,,,,,,,,,,,,,,,,,,,,,,,,,,,,,,,,,,,,,,
Q137122,Q1119292,,,,,,,,,,,,,,,,,,,,,,,,,,,,,,,,,,,,,,,,,,,,,
Q137123,Q521565,,,,,,,,,,,,,,,,,,,,,,,,,,,1028101,,,,,,,,,,,,,,,,,,
Q137124,Q459354,,,,,,,,,,,,,,,,,,,,,,,,,,,,,,,,,,,,,,,,,,,,,
Q137125,Q173795,,,,,,,,,,,,,,,,,,,,,,,,,,,695210,,,,,,,,,,,,,,,,,,
Q137126,Q273612,,,,,,,,,,,,,,,,,,,,,,,,,,,401227,,,,,,,,,,,,,,,,,,I00736376
Q137127,Q2352675,,,,,,,,,,,,,,,,,,,,,,,,,,,497381,,,,,,,,,,,,,,,,,,I00737810
Q137128,Q4796329,,,,,,,,,,,,,,,,,,,,,,,,,,,,,,,,,,,,,,,,,,,,,I00737812
Q137129,Q201303,,,,,,,,,,,,,,,,,,,,,,,,,,,1105040|600373,,,,,,,,,,,,,,,Tigranes_the_Great_(1),,,I00736429
Q137130,Q363394,,,,,,,,,,,,,,,,,,,,,,,,,,,,,,,,,,,,,,,,,,,,,I00736431
Q137131,Q3528340,,,,,,,,,,,,,,,,,,,,,,,,,,,,,,,,,,,,,,,,,,,,,I00737911
Q137132,Q18639399,,,,,,,,,,,,,,,,,,,,,,,,,,,,,,,,,,,,,,,,,,,,,
Q137133,Q16188102,,,,,,,,,,,,,,,,,,,,,,,,,,,,,,,,,,,,,,,,,,,,,
Q137134,Q9203376,,,,,,,,,,,,,,,,,,,,,,,,,,,,,,,,,,,,,,,,,,,,,
Q137135,Q662209,,,,,,,,,,,,,,,,,,,,,,,,,,,,,,,,,,,,,,,,,,Ariobarzanes_II_of_Cappadocia_(1),,,I00736267
Q137136,Q662267,,,,,,,,,,,,,,,,,,,,,,,,,,,,,,,,,,,,,,,,,,Ariobarzanes_III_of_Cappadocia_(1),,,I00736270
Q137137,Q469714,,alvin-person:52167,,,,,,,,,,,,,,,,,,,,,,,,,,,,,,,,,,,,,,,,Ariarathes_X_of_Cappadocia_(1),,,I00736271
Q137138,Q6707324,,,,,,,,,,,,,,,,,,,,,,,,,,,,,,,,,,,,,,,,,,,,,I00739733
Q137139,Q16931515,,,,,,,,,,,,,,,,,,,,,,,,,,,,,,,,,,,,,,,,,,,,,
Q137140,Q320090,,,,,,,,,,,,,,,,,,,,,,,,,,,,,,,,,,,,,,,,,,,,,I00717539
Q137141,Q345053,,,,,,,,,,,,,,,,,,,,,,,,,,,,,,,,,,,,,,,,,,,,,I00717537
Q137142,Q320029,,,,,,,,,,,,,,,,,,,,,,,,,,,,,,,,,,,,,,,,,,,,,I00717542
Q137143,Q105424944,,,,,,,,,,,,,,,,,,,,,,,,,,,,,,,,,,,,,,,,,,,,,
Q137144,Q632585,,,,,,,,,,,,,,,,,,,,,,,,,,,,,,,,,,,,,,,,,,,,,
Q137145,Q357585,,,,,,,,,,,,,,,,,,,,,,,,,,,90693,,,,,,,,,,,,,,,Marcus_Antonius_Creticus_(1),,,I00695420
Q137146,Q6485329,,,,,,,,,,,,,,,,,,,,,,,,,,,164839,,,,,,,,,,,,,,,Julia_Antonia_(1),,,I00695421
Q137147,Q3618991,,,,,,,,,,,,,,,,,,,,,,,,,,,,,,,,,,,,,,,,,,,,,I00736101
Q137148,Q507578,,,,,,,,,,,,,,,,,,,,,,,,,,,,,,,,,,,,,,,,,,Gaius_Antonius_(1),,,
Q137149,Q318803,,,,,,,,,,,,,,,,,,,,,,,,,,,,,,,,,,,,,,,,,,Lucius_Antonius_(brother_of_Mark_Antony)_(1),,,
Q137150,Q11923347,,,,,,,,,,,,,,,,,,,,,,,,,,,,,,,,,,,,,,,,,,,,,
Q137151,Q598225,,,,,,,,,,,,,,,,,,,,,,,,,,,,,,,,,,,,,,,,,,,,,I00735988
Q137152,Q233077,,,,,,,,,,,,,,,,,,,,,,,,,,,286899,,,,,,,,,,,,,,,,,,I00735489
Q137153,Q229483,,,,,,,,,,,,,,,,,,,,,,,,,,,86056,,,,,,,,,,,,,,,Octavia_the_Younger_(1),,,I00446766
Q137154,Q458397,,,,,,,,,,,,,,,,,,,,,,,,,,,401232,,,,,,,,,,,,,,,"Antonia,_daughter_of_Mark_Antony_(1)",,,I00736182
Q137155,Q576388,,,,,,,,,,,,,,,,,,,,,,,,,,,,,,,,,,,,,,,,,,,,,I00738166
Q137156,Q460160,,,,,,,,,,,,,,,,,,,,,,,,,,,,,,,,,,,,,,,,,,,,,I00735510
Q137157,Q233704,,,,,,,,,,,,,,,,,,,,,,,,,,,167458,,,,,,,,,,,,,,,Antonia_Major_(1),,,I00695413
Q137158,Q1048,,alvin-person:25707,,,,,,,,7181,,,,,,,,,,,,,,person/9F25A47F-9F7B-4EF0-9B0A-CDD251DF1FA4,,,4464,,,,,,,,,,,,,,,Julius_Caesar_(1),,,I00446749
Q137159,Q235087,,,,,,,,,,,,,,,,,,,,,,,,,,,,,,,,,,,,,,,,,,Julia_(daughter_of_Julius_Caesar)_(1),,,I00446751
Q137160,Q939773,,,,,,,,,,,,,,,,,,,,,,,,,,,,,,,,,,,,,,,,,,Drusilla_of_Mauretania_(2),,,
Q137161,Q2502297,,,,,,,,,,,,,,,,,,,,,,,,,,,,,,,,,,,,,,,,,,,,,
Q137162,Q380371,,alvin-person:52165,,,,,,,,,,,,,,,,,,,,,,,,,,,,,,,,,,,,,,,,Ariobarzanes_I_of_Cappadocia_(1),,,I00736265
Q137163,Q4813407,,,,,,,,,,,,,,,,,,,,,,,,,,,,,,,,,,,,,,,,,,Athenais_Philostorgos_I_(1),,,I00736264
Q137164,Q6487856,,,,,,,,,,,,,,,,,,,,,,,,,,,,,,,,,,,,,,,,,,Laodice_(wife_of_Mithridates_II_of_Commagene)_(1),,,I00738597
Q137165,Q5805745,,,,,,,,,,,,,,,,,,,,,,,,,,,,,,,,,,,,,,,,,,,,,
Q137166,Q200922,,,,,,,,,,,,,,,,,,,,,,,,,,,169098,,,,,,,,,,,,,,,Mithridates_III_of_Commagene_(1),,,I00736542
Q137167,Q3623185,,,,,,,,,,,,,,,,,,,,,,,,,,,,,,,,,,,,,,,,,,Aka_I_of_Commagene_(1),,,
Q137168,Q313933,,alvin-person:52231,,,,,,,,,,,,,,,,,,,,,,,,,,,,,,,,,,,,,,,,Orodes_II_of_Parthia_(1),,,I00717527
Q137169,Q358097,,,,,,,,,,,,,,,,,,,,,,,,,,,,,,,,,,,,,,,,,,Pacorus_I_of_Parthia_(1),,,I00717528
Q137170,Q312430,,alvin-person:52232,,,,,,,,,,,,,,,,,,,,,,,,,139819,,,,,,,,,,,,,,,Phraates_IV_of_Parthia_(1),,,I00717521
Q137171,Q706206,,,,,,,,,,,,,,,,,,,,,,,,,,,,,,,,,,,,,,,,,,Artavasdes_I_of_Media_Atropatene_(1),,,I00736588
Q137172,Q13426498,,,,,,,,,,,,,,,,,,,,,,,,,,,,,,,,,,,,,,,,,,"Iotapa,_Daughter_of_Artavasdes_I_of_Media_Atropatene_(1)",,,I00737827
Q137173,Q2258574,,,,,,,,,,,,,,,,,,,,,,,,,,,,,,,,,,,,,,,,,,,,,I00736586
Q137174,Q5222939,,,,,,,,,,,,,,,,,,,,,,,,,,,,,,,,,,,,,,,,,,,,,
Q137175,Q963816,,alvin-person:52162,,,,,,,,,,,,,,,,,,,,,,,,,,,,,,,,,,,,,,,,,,,I00736455
Q137176,Q318445,,,,,,,,,,,,,,,,,,,,,,,,,,,,,,,,,,,,,,,,,,,,,I00738061
Q137177,Q28405515,,,,,,,,,,,,,,,,,,,,,,,,,,,,,,,,,,,,,,,,,,,,,
Q137178,Q131840721,,,,,,,,,,,,,,,,,,,,,,,,,,,,,,,,,,,,,,,,,,,,,
Q137179,Q428645,,,,,,,,,,,,,,,,,,,,,,,,,,,410265,,,,,,,,,,,,,,,,,,
Q137180,Q888600,,,,,,,,,,,,,,,,,,,,,,,,,,,376531,,,,,,,,,,,,,,,,,,
Q137181,Q1175568,,,,,,,,,,,,,,,,,,,,,,,,,,,,,,,,,,,,,,,,,,,,,
Q137182,Q25668648,,,,,,,,,,,,,,,,,,,,,,,,,,,,,,,,,,,,,,,,,,,,,
Q137183,Q25668659,,,,,,,,,,,,,,,,,,,,,,,,,,,,,,,,,,,,,,,,,,,,,
Q137184,Q115807184,,,,,,,,,,,,,,,,,,,,,,,,,,,,,,,,,,,,,,,,,,,,,
Q137185,Q115807230,,,,,,,,,,,,,,,,,,,,,,,,,,,,,,,,,,,,,,,,,,,,,
Q137186,Q115807389,,,,,,,,,,,,,,,,,,,,,,,,,,,,,,,,,,,,,,,,,,,,,
Q137187,Q740779,,,,,,,,,,,,,,,,,,,,,,,,,,,,,,,,,,,,,,,,,,,,,
Q137188,Q2462642,,,,,,,,,,,,,,,,,,,,,,,,,,,,,,,,,,,,,,,,,,,,,
Q137189,Q114865583,,,,,,,,,,,,,,,,,,,,,,,,,,,,,,,,,,,,,,,,,,,,,
Q137190,Q11927082,,,,,,,,,,,,,,,,,,,,,,,,,,,,,,,,,,,,,,,,,,,,,
Q137191,Q465506,,,,,,,,,,,,,,,,,,,,,,,,,,,,,,,,,,,,,,,,,p15038.htm#i150374,,,,
Q137192,Q5504765,,,,,,,,,,,,,,,,,,,,,,,,,,,,,,,,,,,,,,,,,p17580.htm#i175795,,,,
Q137193,Q96074771,,,,,,,,,,,,,,,,,,I2581,,,,,,,,,,,,,,,,,,,,,,,,Unknown_Princess_of_Kent_(1),,Of_Kent-36,
Q137194,Q889974,,,,,,,,,,,,,,,,,,,,,,,,,,,141992,,,,,,,,,,,,,,p15030.htm#i150300,,,,I00349154
Q137195,Q729480,,,,,,,,,,10142301,,,,,,,,,,,,,,,,,141985,,,,,,,,,,,,,,p15031.htm#i150307,,,,I00349155
Q137196,Q880235,,,,,,,,,,,,,,,,,,,,,,,,,,,,,,,,,,,,,,,,,p15032.htm#i150313,,,,I00349174
Q137197,Q3049131,,,,,,,,,,,,,,,,,,,,,,,,,,,,,,,,,,,,,,,,,,,,,I00349172
Q137198,Q879978,,,,,,,,,,,,,,,,,,,,,,,,,,,,,,,,,,,,,,,,,p15033.htm#i150321,,,,I00349168
Q137203,Q4063418,,,,,,,,,,,,,,,,,,,,,,,,,,,,,,,,,,,,,,,,,p10643.htm#i106428,Æthelburh_of_Wilton_(1),,,
Q137205,Q75386319,,,,,,,,,,,,,,,,,,,,,,,,,,,,,p=edith;n=of england,,,,,,,,,,,,p10644.htm#i106431,Edith_Wessex_(1),,Wessex-98,
Q137206,Q1272157,,,,,,,,,,,,,,,,,,,,,,,,,,,87866,,,,,,,,,,,,,,p15006.htm#i150053,Muirchertach_mac_Muiredaig_(1),,Mac_Muiredaig-4,
Q137207,Q76121903,,,,,,,,,,,,,,,,,,,,,,,,,,,,,,,,,,,,,,,,,p54613.htm#i546123,,,,
Q137208,Q1563850,,,,,,,,,,,,,,,,,,,,,,,,,,,,,,,,,,,,,,,,,p24833.htm#i248322,,,Mac_Ailill-5,
Q137209,Q75617723,,,,,,,,,,,,,,,,,,,,,,,,,,,,,,,,,,,,,,,,,p24833.htm#i248324,,,,
Q137210,Q818588,,,,,,,,,,,,,,,,,,,,,,,,,,,584277,,,,,,,,,,,,,,p15037.htm#i150369,,,Mercia-262,
Q137211,Q75454854,,,,,,,,,,,,,,,,,,,,,,,,,,,,,,,,,,,,,,,,,p15256.htm#i152559,,,,
Q137212,Q75454857,,,,,,,,,,,,,,,,,,,,,,,,,,,584284,,,,,,,,,,,,,,p15256.htm#i152560,,,,
Q137213,Q75454868,,,,,,,,,,,,,,,,,,,,,,,,,,,,,,,,,,,,,,,,,p15259.htm#i152583,,,,
Q137214,Q20563248,,,,,,,,,,,,,,,,,,,,,,,,,,,,,,,,,,,,,,,,,,,,,
Q137215,Q2705883,,,,,,,,,,,,,,,,,,,,,,,,,,,137044,,p=rhun;n=of gwynedd,,,,,,,,,,,,,Rhun_ap_Maelgwn_(1),,Maelgwn-5,
Q137216,Q2588211,,,,,,,,,,,,,,,,,,,,,,,,,,,137042,,p=brude;n=of the picts;oc=2,,,,,,,,,,,,,,,,
Q137217,Q116055588,,,,,,,,,,,,,,,,,,,,,,,,,,,,,,,,,,,,,,,,,,,,,I00777308
Q137218,Q116055582,,,,,,,,,,,,,,,,,,,,,,,,,,,,,,,,,,,,,,,,,,,,,I00773187
Q137219,Q122361645,,,,,,,,,,,,,,,,,,,,,,,,,,,,,,,,,,,,,,,,,,,,,I00753302
Q137220,Q20559551,,,,,,,,,,,,,,,,,,,,,,,,,,,,,,,,,,,,,,,,,,,,,
Q137221,Q116112805,,,,,,,,,,,,,,,,,,,,,,,,,,,,,,,,,,,,,,,,,,,,,I00752908
Q137222,Q983627,,,,,,,,,,,,,,,,,,,,,,,,,,,,,,,,,,,,,,,,,,,,,
Q137223,Q116055630,,,,,,,,,,,,,,,,,,,,,,,,,,,,,,,,,,,,,,,,,,,,,I00750397
Q137224,Q3274749,,,,,,,,,,,,,,,,,,,,,,,,,,,,,,,,,,,,,,,,,,,,,
Q137225,Q195980,,,,,,,,,,,,,,,,,,,,,,,,,,,,,,,,,,,,,,,,,,,,,
Q137226,Q106406089,,,,,,,,,,,,,,,,,,,,,,,,,,,,,,,,,,,,,,,,,,,,,
Q137227,Q164210,,,,,,,,,,,,,,,,,,,,,,,,,,,,,,,,,,,,,,,,,,,,,I00446935
Q137228,Q535053,,,,,,,,,,,,,,,,,,,,,,,,,,,,,,,,,,,,,,,,,,,,,
Q137229,Q234562,,,,,,,,,,,,,,,,,,,,,,,,person/d653e5e2-d056-497b-9967-1ad55c877422,,,360556,,,,,,,,,,,,,,,,,,I00446938
Q137230,Q172168,,,,,,,,,,35827724,,,,,,,,,,,,,,person/ae32cac4-eecd-4b36-9aff-9bcb4374b63d,,,360563,,,,,,,,,,,,,,,,,Maximianus-1,I00446936
Q137231,Q107680478,,,,,,,,,,,,,,,,,,,,,,,,,,,,,,,,,,,,,,,,,,,,,
Q137232,Q607934,,,,,,,,,,,,,,,,,,,,,,,,,,,,,,,,,,,,,,,,,,,,Hanniballianus-1,I00446939
Q137233,Q45535,,,,,,,,,,,,,,,,,,,,,,,,,,,,,,,,,,,,,,,,,,,,Maximilla-1,I00446943
Q137234,Q443147,,alvin-person:35395,,,,,,,,,,,,,,,,,,,,,,person/bf76e225-1e73-40ae-be5a-3534a822fe9f,,,,,,,,,,,,,,,,,,,,,I00446944
Q137235,Q185844,,alvin-person:35270,,,,,,,,,,,,,,,,,,,,,,person/55340115-0671-4D00-8A53-6D74930547C8,,,,,,,,,,,,,,,,,,,,Claudius-4,I00716767
Q137236,Q114690128,,,,,,,,,,,,,,,,,,,,,,,,,,,,,,,,,,,,,,,,,,,,,
Q137237,Q716684,,,,,,,,,,,,,,,,,,,,,,,,,,,,,,,,,,,,,,,,,,,,,
Q137238,Q657687,,,,,,,,,,,,,,,,,,,,,,,,,,,,,,,,,,,,,,,,,,,,,
Q137239,Q718779,,,,,,,,,,,,,,,,,,,,,,,,,,,,,,,,,,,,,,,,,,,,,
Q137240,Q1229801,,,,,,,,,,,,,,,,,,,,,,,,,,,,,,,,,,,,,,,,,,,,,
Q137241,Q1541651,,,,,,,,,,,,,,,,,,,,,,,,,,,,,,,,,,,,,,,,,,,,,
Q137242,Q666885,,,,,,,,,,,,,,,,,,,,,,,,,,,,,,,,,,,,,,,,,,,,,
Q137243,Q47036883,,,,,,,,,,,,,,,,,,,,,,,,,,,,,,,,,,,,,,,,,,,,,
Q137244,Q29603990,,,,,,,,,,,,,,,,,,,,,,,,,,,143782,,,,,,,,,,,,,,,,,,
Q137245,Q254471,,,,,,,,,,,,,,,,,,,,,,,,,,,31824,,,,,,,,,,,,,,,Justina_Of_Rome_(1),,Justina-5,I00248957
Q137246,Q3854359,,,,,,,,,,,,,,,,,,,,,,,,,,,,,,,,,,,,,,,,,,,,,
Q137247,Q12292735,,,,,,,,,,,,,,,,,,,,,,,,,,,,,,,,,,,,,,,,,,,,,
Q137248,Q114689945,,,,,,,,,,,,,,,,,,,,,,,,,,,,,,,,,,,,,,,,,,,,,
Q137249,Q715508,,,,,,,,,,,,,,,,,,,,,,,,,,,,,,,,,,,,,,,,,,,,,
Q137250,Q316284,,alvin-person:69379,,,,,,,,,,,,,,,,,,,,,,,,,,,,,,,,,,,,,,,,,,,
Q137252,Q3862855,,,,,,,,,,,,,,,,,,,,,,,,,,,,,,,,,,,,,,,,,,,,,
Q137253,Q3404543,,,,,,,,,,,,,,,,,,,,,,,,,,,,,,,,,,,,,,,,,,,,,
Q137254,Q954012,,,,,,,,,,,,,,,,,,,,,,,,,,,,,,,,,,,,,,,,,,,,,
Q137255,Q25397580,,,,,,,,,,,,,,,,,,,,,,,,,,,1371297,,p=alain;n=de cornouaille,,,,,,,,,,,,,,,Hoel-4,
Q137256,Q116112714,,,,,,,,,,,,,,,,,,,,,,,,,,,,,,,,,,,,,,,,,,,,,I00759086
Q137257,Q20558281,,,,,,,,,,,,,,,,,,,,,,,,,,,,,,,,,,,,,,,,,,,,Ap_Serwyl-1,
Q137258,Q122733442,,,,,,,,,,,,,,,,,,,,,,,,,,,,,,,,,,,,,,,,,,,,,
Q137259,Q112640608,,,,,,,,,,,,,,,,,,,,,,,,,,,,,,,,,,,,,,,,,,,,,I00750068
Q137260,Q116112638,,,,,,,,,,,,,,,,,,,,,,,,,,,,,,,,,,,,,,,,,,,,,I00760187
Q137261,Q116052930,,,,,,,,,,,,,,,,,,,,,,,,,,,,,,,,,,,,,,,,,,,,,I00753862
Q137262,Q116052926,,,,,,,,,,,,,,,,,,,,,,,,,,,,,,,,,,,,,,,,,,,,,I00753858
Q137263,Q108180089,,,,,,,,,,,,,,,,,,,,,,,,,,,,,,,,,,,,,,,,,,,,,I00753845
Q137264,Q116113227,,,,,,,,,,,,,,,,,,,,,,,,,,,,,,,,,,,,,,,,,,,,,I00760197
Q137265,Q117846333,,,,,,,,,,,,,,,,,,,,,,,,,,,1496493,,,,,,,,,,,,,,,,,Muinremur-1,
Q137266,Q124655862,,,,,,,,,,,,,,,,,,,,,,,,,,,,,,,,,,,,,,,,,,Muiredach_Mac_Loarn_(1),,,
Q137267,Q881482,,,,,,,,,,,,,,,,,,,,,,,,,,,141440,,p=eochaid;n=of scotland;oc=2,,,,,,,,,,,,,Eochaid_mac_Domangairt_(1),,MacDomangairt-2,I00561412
Q137268,Q110622303,,,,,,,,,,,,,,,,,,,,,,,,,,,,,,,,,,,,,,,,,,,,,I00759130
Q137269,Q116052961,,,,,,,,,,,,,,,,,,,,,,,,,,,,,,,,,,,,,,,,,,,,,I00759322
Q137270,Q116146050,,,,,,,,,,,,,,,,,,,,,,,,,,,,,,,,,,,,,,,,,,,,,I00760140
Q137271,Q13128270,,,,,,,,,,,,,,,,,,,,,,,,,,,,,,,,,,,,,,,,,,,,,
Q137272,Q116110945,,,,,,,,,,,,,,,,,,,,,,,,,,,,,,,,,,,,,,,,,,,,,I00416779
Q137273,Q101246520,,,,,,,,,,,,,,,,,,,,,,,,,,,136963,,,,,,,,,,,,,,,,,Ap_Sandde-6,I00750066
Q137274,Q116113098,,,,,,,,,,,,,,,,,,,,,,,,,,,,,,,,,,,,,,,,,,,,,I00750063
Q137275,Q2670643,,,,,,,,,,,,,,,,,,,,,,,,,,,137069,,p=cynan;n=of gwynedd,,,,,,,,,,,,p40333.htm#i403326,Cynan_Dindaethwy_ap_Rhodri_(1),,Ap_Rhodri-33,I00139774
Q137276,Q20561826,,,,,,,,,,,,,,,,,,,,,,,,,,,136958,,p=meurig;n=.,,,,,,,,,,,,,Meurig_Dyfnwallon_(1),,Ap_Dyfnwallon-11,I00139771
Q137277,Q110153007,,,,,,,,,,,,,,,,,,,,,,,,,,,,,,,,,,,,,,,,,,,,,I00706596
Q137278,Q2707095,,,,,,,,,,,,,,,,,,,,,,,,,,,137168,,p=idwal;n=of gwynedd;oc=1,,,,,,,,,,,,p10259.htm#i102582,Idwal_Foel_(1),,Ab_Anarawd-2,I00163454
Q137279,Q2343906,,,,,,,,,,,,,,,,,,,,,,,,,,,121940,,p=llywelyn;n=of powys,,,,,,,,,,,,,Llewelyn_Merfyn_(1),,Ap_Merfyn-21,
Q137280,Q116146049,,,,,,,,,,,,,,,,,,,,,,,,,,,,,,,,,,,,,,,,,,,,,I00759471
Q137281,Q116052983,,,,,,,,,,,,,,,,,,,,,,,,,,,,,,,,,,,,,,,,,,,,,I00759469
Q137282,Q85853375,,,,,,,,,,,,,,,,,,,,,,,,,,,,,,,,,,,,,,,,,,,,,
Q137283,Q3122589,,,,,,,,,,,,,,,,,,,,,,,,,,,,,,,,,,,,,,,,,,,,,
Q137284,Q2606192,,,,,,,,,,,,,,,,,,,,,,,,,,,,,,,,,,,,,,,,,,,,,
Q137285,Q110583474,,,,,,,,,,,,,,,,,,,,,,,,,,,,,,,,,,,,,,,,,,,,,I00753725
Q137286,Q116054542,,,,,,,,,,,,,,,,,,,,,,,,,,,,,,,,,,,,,,,,,,,,,I00751462
Q137287,Q116054540,,,,,,,,,,,,,,,,,,,,,,,,,,,,,,,,,,,,,,,,,,,,,I00751464
Q137288,Q116147797,,,,,,,,,,,,,,,,,,,,,,,,,,,,,,,,,,,,,,,,,,,,,I00772970
Q137289,Q116147788,,,,,,,,,,,,,,,,,,,,,,,,,,,,,,,,,,,,,,,,,,,,,I00750512
Q137290,Q1089042,,,,,,,,,,,,,,,,,,,,,,,,,,,150576,,,,,,,,,,,,,,,Ceretic_Unknown_(1),,,I00774655
Q137291,Q2519763,,,,,,,,,,,,,,,,,,,,,,,,,,,150581,,,,,,,,,,,,,,,Tutagual_Unknown_(1),,,
Q137292,Q4416150,,,,,,,,,,,,,,,,,,,,,,,,,,,,,,,,,,,,,,,,,,,,,
Q137293,Q110582675,,,,,,,,,,,,,,,,,,,,,,,,,,,,,,,,,,,,,,,,,,,,,I00673885
Q137294,Q572381,,,,,,,,,,,,,,,,,,,,,,,,,,,,,,,,,,,,,,,,,,,,,I00773002
Q137295,Q112532090,,,,,,,,,,,,,,,,,,,,,,,,,,,,,,,,,,,,,,,,,,,,,I00773000
Q137296,Q3854230,,,,,,,,,,,,,,,,,,,,,,,,,,,,,,,,,,,,,,,,,,,,,
Q137297,Q1272509,,,,,,,,,,,,,,,,,,,,,,,,,,,,,,,,,,,,,,,,,,,,,
Q137298,Q116052782,,,,,,,,,,,,,,,,,,,,,,,,,,,,,,,,,,,,,,,,,,,,,I00754385
Q137299,Q116156561,,,,,,,,,,,,,,,,,,,,,,,,,,,,,,,,,,,,,,,,,,,,,I00775819
Q137300,Q5250464,,,,,,,,,,,,,,,,,,,,,,,,,,,,,,,,,,,,,,,,,,,,,I00775817
Q137301,Q4302367,,,,,,,,,,,,,,,,,,,,,,,,,,,,,,,,,,,,,,,,,,,,,
Q137302,Q122260574,,,,,,,,,,,,,,,,,,,,,,,,,,,,,,,,,,,,,,,,,,,,,I00753464
Q137303,Q116052953,,,,,,,,,,,,,,,,,,,,,,,,,,,,,,,,,,,,,,,,,,,,,I00759431
Q137304,Q128855774,,,,,,,,,,,,,,,,,,,,,,,,,,,,,,,,,,,,,,,,,,,,,I00760375
Q137305,Q128855671,,,,,,,,,,,,,,,,,,,,,,,,,,,,,,,,,,,,,,,,,,,,,I00761353
Q137306,Q116052940,,,,,,,,,,,,,,,,,,,,,,,,,,,,,,,,,,,,,,,,,,,,,I00759434
Q137307,Q32735,,,,,,,,LD3L-3N3,,,,,,,,,,,,,,,,,,,137165,,p=iago;n=of gwynedd;oc=2,,,,,,,,,,,,p10260.htm#i102591,Iago_ab_Idwal_ap_Meurig_(1),,Ab_Idwal-7,I00140287
Q137308,Q110152921,,,,,,,,,,,,,,,,,,,,,,,,,,,,,,,,,,,,,,,,,,,,,I00760860
Q137309,Q116052718,,,,,,,,,,,,,,,,,,,,,,,,,,,,,,,,,,,,,,,,,,,,,I00759415
Q137310,Q116478760,,,,,,,,,,,,,,,,,,,,,,,,,,,,,,,,,,,,,,,,,,,,,I00761356
Q137311,Q116052969,,,,,,,,,,,,,,,,,,,,,,,,,,,,,,,,,,,,,,,,,,,,,I00755199
Q137312,Q116052909,,,,,,,,,,,,,,,,,,,,,,,,,,,,,,,,,,,,,,,,,,,,,I00759443
Q137313,Q116052894,,,,,,,,,,,,,,,,,,,,,,,,,,,,,,,,,,,,,,,,,,,,,I00708664
Q137314,Q116812389,,,,,,,,,,,,,,,,,,,,,,,,,,,,,,,,,,,,,,,,,,,,,I00759458
Q137315,Q1087998,,,,,,,,,,,,,,,,,,,,,,,,,,,409708,,,,,,,,,,,,,,p44294.htm#i442935,,,Ap_Gwrgan-4,I00755210
Q137316,Q116147084,,,,,,,,,,,,,,,,,,,,,,,,,,,,,,,,,,,,,,,,,,,,,I00706751
Q137317,Q116812198,,,,,,,,,,,,,,,,,,,,,,,,,,,,,,,,,,,,,,,,,,,,,I00760369
Q137318,Q116178249,,,,,,,,,,,,,,,,,,,,,,,,,,,,,,,,,,,,,,,,,,,,,I00708921
Q137319,Q3049458,,,,,,,,93QT-3QP,,,,,,,,,,,,,,,,,,,137176,,p=einion;n=of seisyllwg,,,,,,,,,,,,p10283.htm#i102827|p44272.htm#i442718,Einion_Ap_Owain_(5),,Ab_Owain-10,I00663851
Q137320,Q110153008,,,,,,,,,,,,,,,,,,,,,,,,,,,,,,,,,,,,,,,,,,,,,I00751036
Q137321,Q110153009,,,,,,,,,,,,,,,,,,,,,,,,,,,,,,,,,,,,,,,,,,,,,I00758943
Q137322,Q117307092,,,,,,,,,,,,,,,,,,,,,,,,,,,,,,,,,,,,,,,,,,,,,I00759345
Q137323,Q3399280,,,,,,,,,,,,,,,,,,,,,,,,,,,,,p=rhys;n=of south wales;oc=1,,,,,,,,,,,,p41689.htm#i416885,Rhys_Gryg_(1),,Ap_Rhys-51,I00198832
Q137324,Q110152869,,,,,,,,,,,,,,,,,,,,,,,,,,,,,,,,,,,,,,,,,,,,,I00586413
Q137325,Q116146047,,,,,,,,,,,,,,,,,,,,,,,,,,,,,,,,,,,,,,,,,,,,,I00759726
Q137326,Q116054880,,,,,,,,,,,,,,,,,,,,,,,,,,,,,,,,,,,,,,,,,,,,,I00759915
Q137327,Q110413740,,,,,,,,,,,,,,,,,,,,,,,,,,,,,,,,,,,,,,,,,,,,Ap_Richard-19,I00586416
Q137328,Q110383094,,,,,,,,,,,,,,,,,,,,,,,,,,,,,,,,,,,,,,,,,,,,,I00586417
Q137329,Q116812401,,,,,,,,,,,,,,,,,,,,,,,,,,,,,,,,,,,,,,,,,,,,,I00586412
Q137330,Q6787522,,,,,,,,,,,,,,,,,,,,,,,,,,,,,p=matilda;n=de braose,,,,,,,,,,,,,Matilda_De_Braose_(3),,Braose-110,I00198831
Q137331,Q75561239,,,,,,,,,,,,,,,,,,,,,,,,,,,926250,,p=gwenllian;n=verch rhys,,,,,,,,,,,,p21341.htm#i213404,Gwenllian_Verch_Rhys_(3),,Ferch_Rhys-31,I00198829
Q137332,Q110585554,,,,,,,,,,,,,,,,,,,,,,,,,,,,,,,,,,,,,,,,,,,,,I00309488
Q137333,Q110636691,,,,,,,,,,,,,,,,,,,,,,,,,,,,,,,,,,,,,,,,,,,,,I00750923
Q137334,Q110636952,,,,,,,,,,,,,,,,,,,,,,,,,,,,,,,,,,,,,,,,,,,,,I00755681
Q137335,Q3404186,,,,,,,,,,,,,,,,,,,,,,,,,,,,,,,,,,,,,,,,,p47144.htm#i471433,,,Ap_Maredydd-13,I00751512
Q137336,Q116178193,,,,,,,,,,,,,,,,,,,,,,,,,,,,,,,,,,,,,,,,,,,,,I00752304
Q137337,Q116178212,,,,,,,,,,,,,,,,,,,,,,,,,,,,,,,,,,,,,,,,,,,,,I00749594
Q137338,Q116178227,,,,,,,,,,,,,,,,,,,,,,,,,,,,,,,,,,,,,,,,,,,,,I00749591
Q137339,Q128855701,,,,,,,,,,,,,,,,,,,,,,,,,,,,,,,,,,,,,,,,,,,,,I00314012
Q137340,Q116812202,,,,,,,,,,,,,,,,,,,,,,,,,,,,,,,,,,,,,,,,,,,,,I00774843
Q137341,Q116146087,,,,,,,,,,,,,,,,,,,,,,,,,,,,,,,,,,,,,,,,,,,,,I00760382
Q137342,Q110413016,,,,,,,,,,,,,,,,,,,,,,,,,,,,,,,,,,,,,,,,,,,,,I00706511
Q137343,Q99086964,,,,,,,,,,,,,,,,,,,,,,,,,,,,,,,,,,,,,,,,,,,,,I00705604
Q137344,Q127413857,,,,,,,,,,,,,,,,,,,,,,,,,,,,,,,,,,,,,,,,,,,,,I00759943
Q137345,Q128855668,,,,,,,,,,,,,,,,,,,,,,,,,,,,,,,,,,,,,,,,,,,,,I00708661
Q137346,Q110622156,,,,,,,,,,,,,,,,,,,,,,,,,,,,,,,,,,,,,,,,,,,,,I00760305
Q137347,Q110622153,,,,,,,,,,,,,,,,,,,,,,,,,,,,,,,,,,,,,,,,,,,,,I00760515
Q137348,Q112964843,,,,,,,,,,,,,,,,,,,,,,,,,,,,,,,,,,,,,,,,,,,,,I00752313
Q137349,Q116178239,,,,,,,,,,,,,,,,,,,,,,,,,,,,,,,,,,,,,,,,,,,,,I00760299
Q137350,Q116469753,,,,,,,,,,,,,,,,,,,,,,,,,,,,,,,,,,,,,,,,,,,,,I00708925
Q137351,Q110622244,,,,,,,,,,,,,,,,,,,,,,,,,,,,,,,,,,,,,,,,,,,,,I00752355
Q137352,Q110622246,,,,,,,,,,,,,,,,,,,,,,,,,,,,,,,,,,,,,,,,,,,,,I00702414
Q137353,Q110560172,,,,,,,,,,,,,,,,,,,,,,,,,,,,,,,,,,,,,,,,,,,,Ap_Hywel-68,I00714652
Q137354,Q99084676,,,,,,,,,,,,,,,,,,,,,,,,,,,,,,,,,,,,,,,,,,,,Ap_Gruffudd_FAB-1,I00752341
Q137355,Q110585346,,,,,,,,,,,,,,,,,,,,,,,,,,,,,,,,,,,,,,,,,,,,,I00757190
Q137356,Q97532116,,,,,,,,,,,,,,,,,,,,,,,,,,,,,,,,,,,,,,,,,,,,Ap_Rhys-102,I00708859
Q137357,Q116146022,,,,,,,,,,,,,,,,,,,,,,,,,,,,,,,,,,,,,,,,,,,,,I00759955
Q137358,Q116146070,,,,,,,,,,,,,,,,,,,,,,,,,,,,,,,,,,,,,,,,,,,,,I00761069
Q137359,Q76154269,,,,,,,,,,,,,,,,,,,,,,,,,,,,,,,,,,,,,,,,,p56807.htm#i568063,Rhys_Bledri_(1),,Ap_Bledri-2,I00734566
Q137360,Q76154271,,,,,,,,,,,,,,,,,,,,,,,,,,,,,,,,,,,,,,,,,p56807.htm#i568065,Angharad_Llewelyn_(6),,Ferch_Llywelyn-14,I00755759
Q137361,Q99076451,,,,,,,,,,,,,,,,,,,,,,,,,,,,,,,,,,,,,,,,,,,,Gruffydd-113,I00751849
Q137362,Q110636504,,,,,,,,,,,,,,,,,,,,,,,,,,,,,,,,,,,,,,,,,,,,,I00750350
Q137363,Q99080876,,,,,,,,,,,,,,,,,,,,,,,,,,,,,,,,,,,,,,,,,,,,Ap_Trahaearn-5,I00708668
Q137364,Q116812136,,,,,,,,,,,,,,,,,,,,,,,,,,,,,,,,,,,,,,,,,,,,,I00774805
Q137365,Q116812484,,,,,,,,,,,,,,,,,,,,,,,,,,,,,,,,,,,,,,,,,,,,,I00777409
Q137366,Q116812139,,,,,,,,,,,,,,,,,,,,,,,,,,,,,,,,,,,,,,,,,,,,,I00776394
Q137367,Q116812119,,,,,,,,,,,,,,,,,,,,,,,,,,,,,,,,,,,,,,,,,,,,,I00776391
Q137368,Q110560390,,,,,,,,,,,,,,,,,,,,,,,,,,,,,,,,,,,,,,,,,,,,,I00759305
Q137369,Q110560391,,,,,,,,,,,,,,,,,,,,,,,,,,,,,,,,,,,,,,,,,,,,,I00759302
Q137370,Q110560383,,,,,,,,,,,,,,,,,,,,,,,,,,,,,,,,,,,,,,,,,,,,Ferch_Aron-4,I00718314
Q137371,Q116469742,,,,,,,,,,,,,,,,,,,,,,,,,,,,,,,,,,,,,,,,,,,,,I00707895
Q137372,Q99084960,,,,,,,,,,,,,,,,,,,,,,,,,,,,,,,,,,,,,,,,,,,,,I00700889
Q137373,Q116146117,,,,,,,,,,,,,,,,,,,,,,,,,,,,,,,,,,,,,,,,,,,,,I00586489
Q137374,Q116170859,,,,,,,,,,,,,,,,,,,,,,,,,,,,,,,,,,,,,,,,,,,,,I00710945
Q137375,Q130340911,,,,,,,,,,,,,,,,,,,,,,,,,,,,,,,,,,,,,,,,,,,,,I00761871
Q137376,Q116469755,,,,,,,,,,,,,,,,,,,,,,,,,,,,,,,,,,,,,,,,,,,,,I00708929
Q137377,Q116470803,,,,,,,,,,,,,,,,,,,,,,,,,,,,,,,,,,,,,,,,,,,,,I00776220
Q137378,Q117277454,,,,,,,,,,,,,,,,,,,,,,,,,,,,,,,,,,,,,,,,,,,,,I00700894
Q137379,Q97532265,,,,,,,,,,,,,,,,,,,,,,,,,,,,,,,,,,,,,,,,,,,,,I00700883
Q137380,Q99239212,,,,,,,,,,,,,,,,,,,,,,,,,,,,,,,,,,,,,,,,,,,,Ap_Rhys-62,I00708875
Q137381,Q110560228,,,,,,,,,,,,,,,,,,,,,,,,,,,,,,,,,,,,,,,,,,,,,I00760290
Q137382,Q110560361,,,,,,,,,,,,,,,,,,,,,,,,,,,,,,,,,,,,,,,,,,,,Gwent-7,I00758936
Q137383,Q110560364,,,,,,,,,,,,,,,,,,,,,,,,,,,,,,,,,,,,,,,,,,,,,I00758937
Q137384,Q110152975,,,,,,,,,,,,,,,,,,,,,,,,,,,,,,,,,,,,,,,,,,,,,I00752132
Q137385,Q110560367,,,,,,,,,,,,,,,,,,,,,,,,,,,,,,,,,,,,,,,,,,,,Ap_Iorwerth-36,I00758939
Q137386,Q110560374,,,,,,,,,,,,,,,,,,,,,,,,,,,,,,,,,,,,,,,,,,,,,I00758931
Q137387,Q110560375,,,,,,,,,,,,,,,,,,,,,,,,,,,,,,,,,,,,,,,,,,,,,I00764891
Q137388,Q99211920,,,,,,,,,,,,,,,,,,,,,,,,,,,,,,,,,,,,,,,,,,,,,I00706259
Q137389,Q110152887,,,,,,,,,,,,,,,,,,,,,,,,,,,,,,,,,,,,,,,,,,,,,I00764886
Q137390,Q75875777,,,,,,,,,,,,,,,,,,,,,,,,,,,,,,,,,,,,,,,,,p37318.htm#i373180,,,,I00756689
Q137391,Q110622035,,,,,,,,,,,,,,,,,,,,,,,,,,,,,,,,,,,,,,,,,,,,,I00753607
Q137392,Q116052705,,,,,,,,,,,,,,,,,,,,,,,,,,,,,,,,,,,,,,,,,,,,,I00764582
Q137393,Q56180821,,,,,,,,,,,,,,,,,,,,,,,,,,,,,,,,,,,,,,,,,,,,Ap_Cynwrig-11,I00706994
Q137394,Q110622137,,,,,,,,,,,,,,,,,,,,,,,,,,,,,,,,,,,,,,,,,,,,,I00760521
Q137395,Q110622166,,,,,,,,,,,,,,,,,,,,,,,,,,,,,,,,,,,,,,,,,,,,Ap_Cynwrig-19,I00760507
Q137396,Q116146031,,,,,,,,,,,,,,,,,,,,,,,,,,,,,,,,,,,,,,,,,,,,Ap_Cynwrig_of_Radur-1,I00581020
Q137397,Q130338178,,,,,,,,,,,,,,,,,,,,,,,,,,,,,,,,,,,,,,,,,,,,,I00775022
Q137398,Q110152977,,,,,,,,,,,,,,,,,,,,,,,,,,,,,,,,,,,,,,,,,,,,,I00752114
Q137399,Q110622087,,,,,,,,,,,,,,,,,,,,,,,,,,,,,,,,,,,,,,,,,,,,,I00752105
Q137400,Q5991243,,,,,,,,,,,,,,,,,,,,,,,,,,,,,,,,,,,,,,,,,,,,,I00581028
Q137401,Q110622036,,,,,,,,,,,,,,,,,,,,,,,,,,,,,,,,,,,,,,,,,,,,,I00752311
Q137402,Q110622024,,,,,,,,,,,,,,,,,,,,,,,,,,,,,,,,,,,,,,,,,,,,,I00714696
Q137403,Q116469771,,,,,,,,,,,,,,,,,,,,,,,,,,,,,,,,,,,,,,,,,,,,,I00755316
Q137404,Q99211912,,,,,,,,,,,,,,,,,,,,,,,,,,,,,,,,,,,,,,,,,,,,Ap_Rhun-16,I00714353
Q137405,Q110622106,,,,,,,,,,,,,,,,,,,,,,,,,,,,,,,,,,,,,,,,,,,,,I00706989
Q137406,Q99211910,,,,,,,,,,,,,,,,,,,,,,,,,,,,,,,,,,,,,,,,,,,,,I00706909
Q137407,Q112490123,,,,,,,,,,,,,,,,,,,,,,,,,,,,,,,,,,,,,,,,,,,,,I00752644
Q137408,Q131741095,,,,,,,,,,,,,,,,,,,,,,,,,,,,,,,,,,,,,,,,,,,,,I00764875
Q137409,Q131741106,,,,,,,,,,,,,,,,,,,,,,,,,,,,,,,,,,,,,,,,,,,,,I00777320
Q137410,Q127225291,,,,,,,,,,,,,,,,,,,,,,,,,,,,,,,,,,,,,,,,,,,,,I00764759
Q137411,Q127225287,,,,,,,,,,,,,,,,,,,,,,,,,,,,,,,,,,,,,,,,,,,,,I00764754
Q137412,Q75905268,,,,,,,,,,,,,,,,,,,,,,,,,,,,,,,,,,,,,,,,,p39433.htm#i394329,,,Ab_Elidyr-2,I00707412
Q137413,Q110413092,,,,,,,,,,,,,,,,,,,,,,,,,,,,,,,,,,,,,,,,,,,,,I00755198
Q137414,Q110636913,,,,,,,,,,,,,,,,,,,,,,,,,,,,,,,,,,,,,,,,,,,,,I00705952
Q137415,Q110413665,,,,,,,,,,,,,,,,,,,,,,,,,,,,,,,,,,,,,,,,,,,,,I00708478
Q137416,Q76154289,,,,,,,,,,,,,,,,,,,,,,,,,,,,,,,,,,,,,,,,,p56808.htm#i568077,,,,I00755746
Q137417,Q128855562,,,,,,,,,,,,,,,,,,,,,,,,,,,,,,,,,,,,,,,,,,,,,I00761284
Q137418,Q131347181,,,,,,,,,,,,,,,,,,,,,,,,,,,,,,,,,,,,,,,,,,,,,I00761290
Q137419,Q110560221,,,,,,,,,,,,,,,,,,,,,,,,,,,,,,,,,,,,,,,,,,,,,I00760296
Q137420,Q127413855,,,,,,,,,,,,,,,,,,,,,,,,,,,,,,,,,,,,,,,,,,,,,I00708881
Q137421,Q116146075,,,,,,,,,,,,,,,,,,,,,,,,,,,,,,,,,,,,,,,,,,,,,I00704921
Q137422,Q99087150,,,,,,,,,,,,,,,,,,,,,,,,,,,,,,,,,,,,,,,,,,,,,I00708871
Q137423,Q110560254,,,,,,,,,,,,,,,,,,,,,,,,,,,,,,,,,,,,,,,,,,,,,I00751646
Q137424,Q116146074,,,,,,,,,,,,,,,,,,,,,,,,,,,,,,,,,,,,,,,,,,,,,I00761070
Q137425,Q110560270,,,,,,,,,,,,,,,,,,,,,,,,,,,,,,,,,,,,,,,,,,,,,I00754752
Q137426,Q116478757,,,,,,,,,,,,,,,,,,,,,,,,,,,,,,,,,,,,,,,,,,,,,I00708877
Q137427,Q116478754,,,,,,,,,,,,,,,,,,,,,,,,,,,,,,,,,,,,,,,,,,,,,I00708887
Q137428,Q116812141,,,,,,,,,,,,,,,,,,,,,,,,,,,,,,,,,,,,,,,,,,,,,I00701121
Q137429,Q116812354,,,,,,,,,,,,,,,,,,,,,,,,,,,,,,,,,,,,,,,,,,,,,I00715030
Q137430,Q110560220,,,,,,,,,,,,,,,,,,,,,,,,,,,,,,,,,,,,,,,,,,,,,I00760294
Q137431,Q131741055,,,,,,,,,,,,,,,,,,,,,,,,,,,,,,,,,,,,,,,,,,,,,I00764873
Q137432,Q116812323,,,,,,,,,,,,,,,,,,,,,,,,,,,,,,,,,,,,,,,,,,,,,I00764789
Q137433,Q2670611,,,,,,,,,,,,,,,,,,,,,,,,,,,121928,,p=maredudd;n=of seisyllwg,,,,,,,,,,,,p10258.htm#i102576,Maredudd_Ap_Owain_(1),,Ab_Owain-1,I00139757
Q137434,Q116470831,,,,,,,,,,,,,,,,,,,,,,,,,,,,,,,,,,,,,,,,,,,,,I00776247
Q137435,Q3019286,,,,,,,,,,,,,,,,,,,,,,,,,,,137155,,p=hyfaidd ap bledrig;n=of dyfed,,,,,,,,,,,,,Hyfaidd_Bleiddig_(1),,Ap_Bledri-4,I00424545
Q137436,Q16203580,,,,,,,,,,,,,,,,,,,,,,,,,,,,,,,,,,,,,,,,,,Rhodri_Hyfaidd_(1),,,
Q137437,Q108180088,,,,,,,,,,,,,,,,,,,,,,,,,,,,,,,,,,,,,,,,,,,,Ap_Cadwr-2,I00752297
Q137438,Q110662895,,,,,,,,,,,,,,,,,,,,,,,,,,,,,,,,,,,,,,,,,,,,,I00706507
Q137439,Q76204624,,,,,,,,,,,,,,,,,,,,,,,,,,,,,,,,,,,,,,,,,p60230.htm#i602297,,,,I00002753
Q137440,Q106703131,,,,,,,,,,,,,,,,,,,,,,,,,,,,,,,,,,,,,,,,,,Ednyfed_Cynwrig_(2),,Ap_Cynwrig-17,I00753766
Q137441,Q110662892,,,,,,,,,,,,,,,,,,,,,,,,,,,,,,,,,,,,,,,,,,,,Ap_Cynwrig-24,I00759342
Q137442,Q116055046,,,,,,,,,,,,,,,,,,,,,,,,,,,,,,,,,,,,,,,,,,,,,I00759484
Q137443,Q116109584,,,,,,,,,,,,,,,,,,,,,,,,,,,,,,,,,,,,,,,,,,,,,I00760168
Q137444,Q116146917,,,,,,,,,,,,,,,,,,,,,,,,,,,,,,,,,,,,,,,,,,,,,I00701106
Q137445,Q130338955,,,,,,,,,,,,,,,,,,,,,,,,,,,,,,,,,,,,,,,,,,,,,I00483847
Q137446,Q130339192,,,,,,,,,,,,,,,,,,,,,,,,,,,,,,,,,,,,,,,,,,,,,I00760201
Q137447,Q110585546,,,,,,,,,,,,,,,,,,,,,,,,,,,,,,,,,,,,,,,,,,,,,I00706086
Q137448,Q116478906,,,,,,,,,,,,,,,,,,,,,,,,,,,,,,,,,,,,,,,,,,,,,I00776709
Q137449,Q110582810,,,,,,,,,,,,,,,,,,,,,,,,,,,,,,,,,,,,,,,,,,,,,I00750999
Q137450,Q76273197,,,,,,,,,,,,,,,,,,,,,,,,,,,,,p=rhys sais;n=n,,,,,,,,,,,,p65425.htm#i654243,Rhys_Ap_Edynfed_(1),,Ab_Ednyfed-1,I00718319
Q137451,Q112532274,,,,,,,,,,,,,,,,,,,,,,,,,,,,,,,,,,,,,,,,,,,,,I00750522
Q137452,Q112531636,,,,,,,,,,,,,,,,,,,,,,,,,,,,,,,,,,,,,,,,,,,,,I00754543
Q137453,Q75961200,,,,,,,,,,,,,,,,,,,,,,,,,,,,,,,,,,,,,,,,,p43220.htm#i432192,,,Ap_Hwfa-2,I00749256
Q137454,Q110441641,,,,,,,,,,,,,,,,,,,,,,,,,,,,,,,,,,,,,,,,,,,,,I00749839
Q137455,Q116111569,,,,,,,,,,,,,,,,,,,,,,,,,,,,,,,,,,,,,,,,,,,,,I00754253
Q137456,Q116148050,,,,,,,,,,,,,,,,,,,,,,,,,,,,,,,,,,,,,,,,,,,,,I00758667
Q137457,Q116147111,,,,,,,,,,,,,,,,,,,,,,,,,,,,,,,,,,,,,,,,,,,,,I00750301
Q137458,Q116112413,,,,,,,,,,,,,,,,,,,,,,,,,,,,,,,,,,,,,,,,,,,,,I00759577
Q137459,Q110582382,,,,,,,,,,,,,,,,,,,,,,,,,,,,,,,,,,,,,,,,,,,,,I00755898
Q137460,Q116812463,,,,,,,,,,,,,,,,,,,,,,,,,,,,,,,,,,,,,,,,,,,,,I00774554
Q137461,Q76300414,,,,,,,,,,,,,,,,,,,,,,,,,,,,,,,,,,,,,,,,,p67300.htm#i672994,,,,
Q137462,Q76299806,,,,,,,,,,,,,,,,,,,,,,,,,,,,,,,,,,,,,,,,,p67249.htm#i672483,,,,
Q137466,Q1942268,,,,,,,,,,,,,,,,,,,,,,,,,,,,,,,,,,,,,,,,,,,,,
Q137467,Q6146201,,,,,,,,,,,,,,,,,,,,,,,,,,,,,,,,,,,,,,,,,,Trond_Haraldsson_(2),,Haraldsson-24,
Q137473,Q5654629,,,,,,,,,,,,,,,,,,,,,,,,,,,,,,,,,,,,,,,,,,Tord_Folesson_(1),,,
Q137474,Q98697958,,,,,,,,,,,,,,,,,,,,,,,,,,,,,,,,,,,,,,,,,,,,,I00507626
Q137475,Q5905955,,,,,,,,,,,,,,,,,,,,,,,,,,,48918,,p=haakon;n=ivarsson;oc=1,,,,,,,,,,,,p19828.htm#i198271,Hakon Ivarsson (1),,Ivarson-29,I00308283
Q137508,Q22248006,,,,,,,,,,,,,,,,,,,,,,,,,,,121752,,p=richard turstain;n=de bastembourg,,,,,,,,,,,,p41396.htm#i413960,Thurstin_de_Bastembourg_(1),,Bastembourg-1,I00485330
Q137509,Q56546023,,,,,,,,,,,,,,,,,,,,,,,,,,,,,,,,,,,,,,,,,p46487.htm#i464864,,,Goz-2,
Q137510,Q116005829,,,,,,,,,,,,,,,,,,,,,,,,,,,,,,,,,,,,,,,,,,,,,I00079571
Q137511,Q116005814,,,,,,,,,,,,,,,,,,,,,,,,,,,,,,,,,,,,,,,,,,,,,I00079573
Q137512,Q5101519,,,,,,,,,,,,,,,,,,,,,,,,,,,,,,,,,,,,,,,,,,,,,
Q137513,Q13424614,,,,,,,,,,,,,,,,,,,,,,,,,,,,,,,,,,,,,,,,,,Udo_of_The_Obotrites_(1),,,
Q137521,Q59418722,,,,,,,,,,,,,,,,,,,,,,,,,,,,,,,,,,,,,,,,,,,,,
Q137522,Q75437282,,,,,,,,,,,,,,,,,,,,,,,,,,,,,,,,,,,,,,,,,p14114.htm#i141132,,,Unknown-199558,
Q137524,Q2450837,,,,,,,,,,,,,,,,,,,,,,,,,,,471563,,,,,,,,,,,,,,,,,,
Q137525,Q16726148,,,,,,,,,,,,,,,,,,,,,,,,,,,471211,,p=ne;n=of scotland;oc=2,,,,,,,,,,,,,Olith_of_Alba_(1),,MacAlpin-13,
Q137526,Q75240461,,,,,,,,,,,,,,,,,,,,,,,,,,,,,p=donada;n=of scotland,,,,,,,,,,,,p262.htm#i2611,Donada_Unknown_(1)|Donalda_Scotland_(1),,MacAlpin-66,I00022613
Q137527,Q719528,,,,,,,,,,,,,,,,,,,,,,,,,,,,,,,,,,,,,,,,,p10767.htm#i107666,Thorfinn_the_Mighty_(1),,Sigurdsson-17,I00022601
Q137528,Q3503594,,,,,,,,,,,,,,,,,,,,,,,,,,,,,,,,,,,,,,,,,,Sumarlidi_Sigurdsson_(1),,,
Q137529,Q2927059,,,,,,,,,,,,,,,,,,,,,,,,,,,,,,,,,,,,,,,,,,Brusi_Sigurdsson_(1),,Sigurdsson-106,
Q137530,Q3049450,,,,,,,,,,,,,,,,,,,,,,,,,,,,,,,,,,,,,,,,,,Einar_Sigurdsson_(1),,Sigurdsson-131,
Q137531,Q19950426,,,,,,,,,,,,,,,,,,,,,,,,,,,,,,,,,,,,,,,,,,,,,
Q137532,Q15831028,,,,,,,,,,,,,,,,,,,,,,,,,,,,,,,,,,,,,,,,,,,,,
Q137534,Q106608743,,,,,,,,,,,,,,,,,,,,,,,,,,,48920,,p=alfhild;n=n,,,,,,,,,,,,,,,Unknown-357728,I00104685
Q137535,Q24056435,,,,,,,,,,,,,,,,,,,,,,,,,,,48923,,p=ragnhild;n=de norvege,,,,,,,,,,,,p10767.htm#i107663,Ragnhild_Magnusdottir_(1),,Magnusdottir-40,I00308284
Q137536,Q16539547,,,,,,,,,,,,,,,,,,,,,,,,,,,,,,,,,,,,,,,,,,,,,
Q137537,Q110384614,,,,,,,,,,,,,,,,,,,,,,,,,,,,,,,,,,,,,,,,,,,,Finnsson-5,I00708279
Q137538,Q375664,,,,,,12456,,,,,,,,,,,,,,,,,,,,,346754,,p=halsten;n=stenkilska atten,,,dw.751,,,,,,,,,p11306.htm#i113057,Halsten_Stenkilsson_(1),,Stenkilsson-3,I00279860
Q137540,Q1049817,,,,,,,,,,,,,,,,,,,,,,,,,,,,,p=erik vii;n=ragnvaldsson,,,,,,,,,,,,,,,Steinkilsson-1,
Q137541,Q16532663,,,,,,,,,,,,,,,,,,,,,,,,,,,,,,,,,,,,,,,,,,,,Arnmodsson-17,I00637277
Q137542,Q16726143,,,,,,,,,,,,,,,,,,,,,,,,,,,,,,,,,,,,,,,,,,Tora Torsteinsdotter (2),,Thorsteinsdatter-1,I00637278
Q137543,Q101003176,,,,,,,,,,,,,,,,,,,,,,,,,,,,,,,,,,,,,,,,,,,,,
Q137544,Q1775368,,,,,,,,,,,,,,,,,,,,,,,,,,,972599,,,,,,,,,,,,,,p10287.htm#i102867,Finn_Arnesson_(1),,Arnesson-3,I00022598
Q137546,Q98697974,,,,,,,,,,,,,,,,,,,,,,,,,,,,,,,,,,,,,,,,,,,,,I00507625
Q137555,Q1752172,,,,,,,,,,,,,,,,,,,,,,,,,,,,,p=haakon;n=yngling;oc=1,,,,,,,,,,,,p11299.htm#i112981,Haakon_Magnusson_of_Norway_(1),,Magnusson-365,I00279859
Q137557,Q311996,,,,,,,,,,62091299,,,,,,,,,,,,,,,,,57359,,p=magnus;n=yngling;oc=3,,,dw.510,,,,,,,,,p11299.htm#i112984,Magnus_III_of_Norway_(1),,Olavsson-35,I00140273
Q137560,Q122231634,,,,,,,,,,,,,,,,,,,,,,,,,,,142771,,,,,,,,,,,,,,,,,Hjaldursson-1,
Q137561,Q122254684,,,,,,,,,,,,,,,,,,,,,,,,,,,142777,,,,,,,,,,,,,,,,,,
Q137562,Q15889379,,,,,,,,,,,,,,,,,,,,,,,,,,,,,,,,,,,,,,,,,,,,,
Q137563,Q16726161,,,,,,,,,,,,,,,,,,,,,,,,,,,142784,,p=thurid;n=n,,,,,,,,,,,,,Thorida_Eyrindsdottir_(7),,Eyvindardóttir-7,
Q137564,Q5390740,,,,,,,,,,,,,,,,,,,,,,,,,,,195635,,,,,,,,,,,,,,,Olaf_Feilan_(1),,Thorsteinsson-13,
Q137565,Q2437780,,,,,,,,,,,,,,,,,,,,,,,,,,,471008,,,,,,,,,,,,,,p54617.htm#i546165,,,Dublin-16,
Q137566,Q121826725,,,,,,,,,,,,,,,,,,,,,,,,,,,,,,,,,,,,,,,,,,,,,
Q137567,Q135529139,,,,,,,,,,,,,,,,,,,,,,,,,,,,,,,,,,,,,,,,,,,,,
Q137568,Q135529150,,,,,,,,,,,,,,,,,,,,,,,,,,,,,,,,,,,,,,,,,,,,,
Q137569,Q5444126,,,,,,,,G6HL-ZT8,,,,,,,,,,,,,,,,,,,,,p=fergal;n=mac anmohaid,,,,,,,,,,,,,Fergal_Mac_Anmchada_(1),,Mac_Anmchada-1,
Q137570,Q22083954,,,,,,,,GZB6-SZ9,,,,,,,,,,,,,,,,,,,,,p=flanna;n=of ossory|p=flanna;n=ossory,,,,,,,,,,,,,Flann_Dunghal_(1)|Land_ingen_Dúngaile_(1),,Ingen_Dúnlainge-1,
Q137571,Q76121981,,,,,,,,,,,,,,,,,,,,,,,,,,,,,,,,,,,,,,,,,p54618.htm#i546179,,,,
Q137572,Q106046254,,,,,,,,,,,,,,,,,,,,,,,,,,,,,p=donnchadh;n=mac ceallach,,,,,,,,,,,,,Donnchad_Mac_Cellaig_(1),,MacCellaig-1,
Q137573,Q126422229,,,,,,,,,,,,,,,,,,,,,,,,,,,,,,,,,,,,,,,,,,,,,
Q137574,Q135529250,,,,,,,,,,,,,,,,,,,,,,,,,,,,,,,,,,,,,,,,,,,,,
Q137575,Q16652403,,,,,,,,,,,,,,,,,,,,,,,,,,,,,,,,,,,,,,,,,,,,,
Q137576,Q16573640,,,,,,,,,,,,,,,,,,,,,,,,,,,,,,,,,,,,,,,,,,,,,
Q137577,Q715004,,,,,,,,,,,,,,,,,,,,,,,,,,,,,,,,,,,,,,,,,,,,,
Q137578,Q467469,,,,,,,,,,,,,,,,,,,,,,,,,,,,,,,,,,,,,,,,,,,,,
Q137579,Q20019277,,,,,,,,,,,,,,,,,,,,,,,,,,,,,,,,,,,,,,,,,,,,Alreksson-36,
Q137580,Q5495416,,,,,,,,,,,,,,,,,,,,,,,,,,,,,,,,,,,,,,,,,,,,,
Q137581,Q20045834,,,,,,,,,,,,,,,,,,,,,,,,,,,,,,,,,,,,,,,,,,,,,
Q137592,Q559062,,,,,,,,LCZN-T6T,,,,,,,,,,,,,,,,,,,8671,,p=pepin;n=de vermandois;oc=2,,,dw.7757,,,,,,,,,p64.htm#i636,Pepin d'Italie_(1),,Vermandois-246,I00020185
Q137602,Q76298617,,,,,,,,,,,,,,,,,,,,,,,,,,,,,,,,,,,,,,,,,p67166.htm#i671652,,,,
Q137603,Q76298876,,,,,,,,,,,,,,,,,,,,,,,,,,,,,,,,,,,,,,,,,p67181.htm#i671810,,,,
Q137604,Q76300585,,,,,,,,,,,,,,,,,,,,,,,,,,,,,,,,,,,,,,,,,p67313.htm#i673121,,,,
Q137605,Q76300212,,,,,,,,,,,,,,,,,,,,,,,,,,,,,,,,,,,,,,,,,p67284.htm#i672831,,,,
Q137606,Q76298750,,,,,,,,,,,,,,,,,,,,,,,,,,,,,,,,,,,,,,,,,p67174.htm#i671734,,,,
Q137607,Q76299360,,,,,,,,,,,,,,,,,,,,,,,,,,,,,,,,,,,,,,,,,p67213.htm#i672129,,,,
Q137608,Q76299629,,,,,,,,,,,,,,,,,,,,,,,,,,,,,,,,,,,,,,,,,p67234.htm#i672334,,,,
Q137609,Q76299538,,,,,,,,,,,,,,,,,,,,,,,,,,,,,,,,,,,,,,,,,p67227.htm#i672264,,,,
Q137613,Q19660888,,,,,,,,,,,,,,,,,,,,,,,,,,,,,p=agana;n=de bourges,,,,,,,,,,,,,Agane_de_Bourges_(1),,,
Q137614,Q23015553,,,,,,,,,,,,,,,,,,,,,,,,,,,1371422,,p=richard;n=d autun;oc=1,,,,,,,,,,,,,Richard_De_Chaunois_(1),,,
Q137615,Q23015558,,,,,,,,,,,,,,,,,,,,,,,,,,,,,p=thierry;n=d autun;oc=6,,,,,,,,,,,,,,,De_Chaunois-1,
Q137616,Q23015580,,,,,,,,,,,,,,,,,,,,,,,,,,,,,p=albegonde;n=.,,,,,,,,,,,,,,,UNKNOWN-83635,
Q137617,Q23015581,,,,,,,,,,,,,,,,,,,,,,,,,,,,,p=richilde;n=bosonides;oc=1,,,,,,,,,,,,,,,Amiens-30,
Q137620,Q233573,,,,,,,,,,,,,,,,,,,,,,,,person/c481b3f1-2d15-44b7-b3e7-6356382896ab,,,35417,,,,,,,,,,,,,,p15036.htm#i150358,Offa_Mercia_(1),,Mercia-264,I00706582
Q137621,Q75451565,,,,,,,,,,,,,,,,,,,,,,,,,,,,,,,,,,,,,,,,,p15036.htm#i150360,Bassa_De_Mercia_(1),,Mercia-110,
Q137622,Q2631966,,,,,,,,,,,,,,,,,,,,,,,,,,,137282,,p=beli;n=of gwynedd,,,,,,,,,,,,,Beli_ap_Rhun_(1),,Rhun-24,I00618320
Q137623,Q669275,,,,,,,,,,,,,,,,,,,,,,,,,,,137070,,p=rhodri;n=of gwynedd,,,,,,,,,,,,,Rhodri_Molwynog_ap_Idwal_(1),,Ap_Iutgual-1,I00139777
Q137624,Q15217119,,,,,,,,,,,,,,,,,,,,,,,,,,,,,,,,,,,,,,,,,,,,,
Q137625,Q911113,,,,,,,,,,,,,,,,,,,,,,,,,,,,,,,,,,,,,,,,,,,,,
Q137626,Q1471656,,,,,,,,,,,,,,,,,,,,,,,,,,,482497,,,,,,,,,,,,,,,,,,
Q137627,Q390680,,,,,,,,,,,,,,,,,,,,,,,,,,,482502,,,,,,,,,,,,,,,,,,
Q137628,Q13410541,,,,,,,,,,,,,,,,,,,,,,,,,,,,,,,,,,,,,,,,,,,,,
Q137629,Q3332771,,,,,,,,,,,,,,,,,,,,,,,,,,,482174,,,,,,,,,,,,,,,,,,
Q137630,Q390670,,,,,,,,,,,,,,,,,,,,,,,,,,,,,,,,,,,,,,,,,,,,,
Q137631,Q3062638,,,,,,,,,,,,,,,,,,,,,,,,,,,,,,,,,,,,,,,,,,,,,
Q137632,Q210350,,,,,,,,,,,,,,,,,,,,,,,,,,,481726,,,,,,,,,,,,,,,,,,
Q137633,Q218102,,,,,,,,,,,,,,,,,,,,,,,,,,,481712,,,,,,,,,,,,,,,,,,
Q137634,Q380401,,,,,,,,,,,,,,,,,,,,,,,,,,,,,,,,,,,,,,,,,,,,,
Q137635,Q12762590,,,,,,,,,,,,,,,,,,,,,,,,,,,,,,,,,,,,,,,,,,,,,
Q137636,Q228564,,,,,,,,,,,,,,,,,,,,,,,,,,,,,,,,,,,,,,,,,,,,,
Q137637,Q421184,,,,,,,,,,,,,,,,,,,,,,,,,,,1028102,,,,,,,,,,,,,,,,,,
Q137638,Q643609,,,,,,,,,,,,,,,,,,,,,,,,,,,1028103,,,,,,,,,,,,,,,,,,
Q137639,Q15217091,,,,,,,,,,,,,,,,,,,,,,,,,,,,,,,,,,,,,,,,,,,,,
Q137640,Q2913728,,,,,,,,,,,,,,,,,,,,,,,,,,,,,,,,,,,,,,,,,,,,,
Q137641,Q310811,,,,,,,,,,,,,,,,,,,,,,,,,,,695209,,,,,,,,,,,,,,,,,,
Q137642,Q954786,,,,,,,,,,,,,,,,,,,,,,,,,,,,,,,,,,,,,,,,,,,,,
Q137643,Q720863,,,,,,,,,,,,,,,,,,,,,,,,,,,,,,,,,,,,,,,,,,,,,I00736377
Q137644,Q589734,,,,,,,,,,,,,,,,,,,,,,,,,,,,,,,,,,,,,,,,,,,,,
Q137645,Q325921,,,,,,,,,,,,,,,,,,,,,,,,,,,401238,,,,,,,,,,,,,,,Polemon_I_of_Pontus_(1),,,I00737817
Q137646,Q2866901,,,,,,,,,,,,,,,,,,,,,,,,,,,401221,,,,,,,,,,,,,,,,,,I00736378
Q137647,Q28194537,,,,,,,,,,,,,,,,,,,,,,,,,,,,,,,,,,,,,,,,,,,,,
Q137648,Q598373,,,,,,,,,,,,,,,,,,,,,,,,,,,,,,,,,,,,,,,,,,,,,I00591172
Q137649,Q111264896,,,,,,,,,,,,,,,,,,,,,,,,,,,,,,,,,,,,,,,,,,,,,
Q137650,Q75863100,,,,,,,,,,,,,,,,,,,,,,,,,,,,,,,,,,,,,,,,,,,,,
Q137651,Q6881693,,,,,,,,,,,,,,,,,,,,,,,,,,,,,,,,,,,,,,,,,,,,,I00736590
Q137652,Q561316,,,,,,,,,,,,,,,,,,,,,,,,,,,654945,,,,,,,,,,,,,,,,,,I00736433
Q137653,Q442772,,,,,,,,,,,,,,,,,,,,,,,,,,,1105042,,,,,,,,,,,,,,,,,,I00736432
Q137654,Q2864795,,,,,,,,,,,,,,,,,,,,,,,,,,,,,,,,,,,,,,,,,,,,,
Q137655,Q1183348,,,,,,,,,,,,,,,,,,,,,,,,,,,,,,,,,,,,,,,,,,,,,
Q137656,Q11950901,,,,,,,,,,,,,,,,,,,,,,,,,,,,,,,,,,,,,,,,,,,,,
Q137657,Q116472007,,,,,,,,,,,,,,,,,,,,,,,,,,,,,,,,,,,,,,,,,,,,,I00426884
Q137658,Q28502125,,,,,,,,,,,,,,,,,,,,,,,,,,,,,,,,,,,,,,,,,,,,,I00717538
Q137659,Q297763,,alvin-person:52220,,,,,,,,,,,,,,,,,,,,,,person/63c7fb74-e46b-4e7f-8ebb-d76aafd5ff93,,,,,,,,,,,,,,,,,,,,,I00717535
Q137660,Q317699,,,,,,,,,,,,,,,,,,,,,,,,,,,,,,,,,,,,,,,,,,,,,I00717530
Q137661,Q3623273,,,,,,,,,,,,,,,,,,,,,,,,,,,,,,,,,,,,,,,,,,,,,
Q137662,Q16190874,,,,,,,,,,,,,,,,,,,,,,,,,,,,,,,,,,,,,,,,,,,,,
Q137663,Q346463,,,,,,,,,,,,,,,,,,,,,,,,,,,379616,,,,,,,,,,,,,,,Archelaus_of_Cappadocia_(1),,,I00737824
Q137664,Q176122,,,,,,,,,,,,,,,,,,,,,,,,,,,153536,,,,,,,,,,,,,,,Marcus_Orator_(2),,,I00736018
Q137665,Q110737976,,,,,,,,,,,,,,,,,,,,,,,,,,,,,,,,,,,,,,,,,,,,,I00738182
Q137666,Q598254,,,,,,,,,,,,,,,,,,,,,,,,,,,,,,,,,,,,,,,,,,,,,
Q137667,Q435213,,,,,,,,,,,,,,,,,,,,,,,,,,,164817,,,,,,,,,,,,,,,Gaius_Antonius_Hybrida_(1),,,I00736019
Q137668,Q100701245,,,,,,,,,,,,,,,,,,,,,,,,,,,,,,,,,,,,,,,,,,,,,
Q137669,Q465074,,,,,,,,,,,,,,,,,,,,,,,,,,,164834,,,,,,,,,,,,,,,Lucius_Julius_Caesar_III_(1),,,I00695422
Q137670,Q12297787,,,,,,,,,,,,,,,,,,,,,,,,,,,1209094,,,,,,,,,,,,,,,,,,I00695423
Q137671,Q515204,,,,,,,,,,,,,,,,,,,,,,,,,,,164835,,,,,,,,,,,,,,,Lucius_Julius_Caesar_IV_(1),,,I00695424
Q137672,Q366203,,,,,,,,,,,,,,,,,,,,,,,,,,,1465130,,,,,,,,,,,,,,,,,,I00241342
Q137673,Q521446,,,,,,,,,,,,,,,,,,,,,,,,,,,,,,,,,,,,,,,,,,,,,I00736100
Q137674,Q11944259,,,,,,,,,,,,,,,,,,,,,,,,,,,,,,,,,,,,,,,,,,,,,
Q137675,Q12272207,,,,,,,,,,,,,,,,,,,,,,,,,,,,,,,,,,,,,,,,,,,,,
Q137676,Q174265,,,,,,,,,,,,,,,,,,,,,,,,,,,,,,,,,,,,,,,,,,,,,I00735490
Q137677,Q12293562,,,,,,,,,,,,,,,,,,,,,,,,,,,,,,,,,,,,,,,,,,,,,I00735491
Q137678,Q313664,,,,,,,,,,,,,,,,,,,,,,,,,,,286903,,,,,,,,,,,,,,,Publius_Clodius_Pulcher_(1),,,I00735488
Q137679,Q451516,,,,,,,,,,,,,,,,,,,,,,,,,,,,,,,,,,,,,,,,,,,,,I00736041
Q137680,Q3625067,,,,,,,,,,,,,,,,,,,,,,,,,,,,,,,,,,,,,,,,,,,,,I00736134
Q137681,Q237618,,,,,,,,,,,,,,,,,,,,,,,,,,,,,,,,,,,,,,,,,,,,,I00446787
Q137682,Q85850645,,,,,,,,,,,,,,,,,,,,,,,,,,,,,,,,,,,,,,,,,,,,,I00736040
Q137683,Q363084,,,,,,,,,,,,,,,,,,,,,,,,,,,86055,,,,,,,,,,,,,,,Gaius_Octavius_(3),,,I00446754
Q137684,Q231696,,,,,,,,,,,,,,,,,,,,,,,,,,,86052,,,,,,,,,,,,,,,Atia_Balba_Caesonia_(1),,,I00446755
Q137685,Q517380,,,,,,,,,,,,,,,,,,,,,,,,,,,,,,,,,,,,,,,,,,Octavia_the_Elder_(1),,,I00735969
Q137686,Q1405,,alvin-person:25738,,,,,,,,8215554,,,,,,,,,,,,,,person/FDACED7B-6536-4714-BCEE-DB772BB08EC5,,,86054,,,,,,,,,,,,,,,Augustus_(1),,,I00446756
Q137687,Q367828,,,,,,,,,,,,,,,,,,,,,,,,,,,,,,,,,,,,,,,,,,Gaius_Claudius_Marcellus_Minor_(1),,,I00695432
Q137688,Q180807,,,,,,,,,,,,,,,,,,,,,,,,,,,,,,,,,,,,,,,,,,,,,I00735507
Q137689,Q8265475,,,,,,,,,,,,,,,,,,,,,,,,,,,,,,,,,,,,,,,,,,,,,I00695433
Q137690,Q315492,,,,,,,,,,,,,,,,,,,,,,,,,,,,,,,,,,,,,,,,,,Marcus_Claudius_Marcellus_(Julio-Claudian_dynasty)_(1),,,I00446788
Q137691,Q3298190,,,,,,,,,,,,,,,,,,,,,,,,,,,401236,,,,,,,,,,,,,,,Pythodoros_of_Tralles_(1),,,I00738165
Q137692,Q2280204,,,,,,,,,,,,,,,,,,,,,,,,,,,401237,,,,,,,,,,,,,,,Pythodorida_of_Pontus_(1),,,I00736181
Q137693,Q12275939,,,,,,,,,,,,,,,,,,,,,,,,,,,,,,,,,,,,,,,,,,,,,
Q137694,Q3658638,,,,,,,,,,,,,,,,,,,,,,,,,,,,,,,,,,,,,,,,,,,,,I00735512
Q137695,Q3655924,,,,,,,,,,,,,,,,,,,,,,,,,,,,,,,,,,,,,,,,,,,,,I00735511
Q137696,Q351495,,,,,,,,,,,,,,,,,,,,,,,,,,,167459,,,,,,,,,,,,,,,Lucius_Domitius_Ahenobarbus_(consul_16_BC)_(1),,,I00695411
Q137697,Q107718375,,,,,,,,,,,,,,,,,,,,,,,,,,,,,,,,,,,,,,,,,,,,,
Q137698,Q107718297,,,,,,,,,,,,,,,,,,,,,,,,,,,,,,,,,,,,,,,,,,,,,
Q137699,Q433381,,,,,,,,,,,,,,,,,,,,,,,,,,,,,,,,,,,,,,,,,,Domitia_Lepida_the_Elder_(1),,,I00735925
Q137700,Q351503,,,,,,,,,,,,,,,,,,,,,,,,,,,,,,,,,,,,,,,,,,Gnaeus_Domitius_Ahenobarbus_(consul_32)_(1),,,I00446774
Q137701,Q268964,,,,,,,,,,,,,,,,,,,,,,,,,,,167457,,,,,,,,,,,,,,,Domitia_Lepida_the_Younger_(1),,,I00695428
Q137702,Q156778,,alvin-person:26412,,,,,,,,,,,,,,,,,,,,,,,,,86070,,,,,,,,,,,,,,,Nero_Claudius_Drusus_(1),,,I00446767
Q137703,Q191039,,alvin-person:26356|alvin-person:35144,,,,,,,,33304798,,,,,,,,,,,,,,person/65D2BE23-19FE-4F38-9F09-4A3F3567A2CB,,,86091|86074,,,,,,,,,,,,,,,Germanicus_(1),,,I00446769
Q137704,Q234665,,,,,,,,,,,,,,,,,,,,,,,,,,,,,,,,,,,,,,,,,,Livilla_(sister_of_Claudius)_(1),,,I00735605
Q137705,Q1411,,alvin-person:26410,,,,,,,,34123121|8784267,,,,,,,,,,,,,,person/36D85C50-7ECA-4C84-8F2B-965D18429A49,,,86071,,,,,,,,,,,,,,,Claudius_(1),,,I00446771
Q137706,Q314710,,,,,,,,,,,,,,,,,,,,,,,,,,,4194,,,,,,,,,,,,,,,Gaius_Julius_Caesar_(4),,,I00446752
Q137707,Q232725,,,,,,,,,,,,,,,,,,,,,,,,,,,63769,,,,,,,,,,,,,,,Aurelia_Cotta_(8),,,I00695372
Q137708,Q2743448,,,,,,,,,,,,,,,,,,,,,,,,,,,,,,,,,,,,,,,,,,,,,I00735482
Q137709,Q241143,,,,,,,,,,,,,,,,,,,,,,,,,,,4459,,,,,,,,,,,,,,,Julia_Caesaris_(2),,,I00446753
Q137710,Q235423,,,,,,,,,,,,,,,,,,,,,,,,,,,86082,,,,,,,,,,,,,,,Cornelia_Cinna_minor_(1),,,I00446790
Q137711,Q234825,,,,,,,,,,,,,,,,,,,,,,,,,,,,,,,,,,,,,,,,,,Pompeia_Sulla_(1),,,I00446791
Q137712,Q235627,,,,,,,,,,,,,,,,,,,,,,,,,,,,,,,,,,,,,,,,,,Calpurnia_(1),,,I00446792
Q137713,Q125414,,alvin-person:61601,,,,,,,,,,,,,,,,,,,,,,,,,86084,,,,,,,,,,,,,,,Pompey_(1),,,I00446750
Q137714,Q55832253,,,,,,,,,,,,,,,,,,,,,,,,,,,,,,,,,,,,,,,,,,,,,
Q137715,Q263515,,,,,,,,,,,,,,,,,,,,,,,,,,,379614,,,,,,,,,,,,,,,Glaphyra_(1),,,I00736436
Q137716,Q5309410,,,,,,,,,,,,,,,,,,,,,,,,,,,,,,,,,,,,,,,,,,Drusilla_of_Mauretania_(1),,,I00736186
Q137717,Q13426522,,,,,,,,,,,,,,,,,,,,,,,,,,,,,,,,,,,,,,,,,,Iotapa_of_Commagene_(1),,,I00737828
Q137718,Q406789,,,,,,,,,,,,,,,,,,,,,,,,,,,,,,,,,,,,,,,,,,,,,I00736190
Q137719,Q2396281,,,,,,,,,,,,,,,,,,,,,,,,,,,,,,,,,,,,,,,,,,,,,I00738788
Q137720,Q579949,,,,,,,,,,,,,,,,,,,,,,,,,,,497889,,,,,,,,,,,,,,,Antiochus_III_of_Commagene_(1),,,I00736543
Q137721,Q310978,,alvin-person:52230,,,,,,,,,,,,,,,,,,,,,,,,,,,,,,,,,,,,,,,,Phraates_III_of_Parthia_(1),,,I00717529
Q137722,Q317695,,,,,,,,,,,,,,,,,,,,,,,,,,,402416,,,,,,,,,,,,,,,Mithridates_III_of_Parthia_(1),,,I00717502
Q137723,Q467466,,alvin-person:52235,,,,,,,,,,,,,,,,,,,,,,,,,,,,,,,,,,,,,,,,Musa_of_Parthia_(1),,,I00717523
Q137724,Q314793,,alvin-person:52234,,,,,,,,,,,,,,,,,,,,,,,,,,,,,,,,,,,,,,,,Phraates_V_of_Parthia_(1),,,I00717524
Q137725,Q253888,,alvin-person:52237,,,,,,,,,,,,,,,,,,,,,,,,,,,,,,,,,,,,,,,,Vonones_I_of_Parthia_(1),,,I00717515
Q137726,Q3381648,,,,,,,,,,,,,,,,,,,,,,,,,,,,,,,,,,,,,,,,,,,,,
Q137727,Q116474340,,,,,,,,,,,,,,,,,,,,,,,,,,,,,,,,,,,,,,,,,,,,,I00736605
Q137728,Q2861293,,,,,,,,,,,,,,,,,,,,,,,,,,,,,,,,,,,,,,,,,,,,,
Q137729,Q116474571,,,,,,,,,,,,,,,,,,,,,,,,,,,,,,,,,,,,,,,,,,,,,I00591164
Q137730,Q2864802,,,,,,,,,,,,,,,,,,,,,,,,,,,,,,,,,,,,,,,,,,,,,I00736585
Q137731,Q345134,,,,,,,,,,,,,,,,,,,,,,,,,,,402419,,,,,,,,,,,,,,,,,,I00717516
Q137732,Q318152,,,,,,,,,,,,,,,,,,,,,,,,,,,139816,,,,,,,,,,,,,,,,,,I00717501
Q137733,Q3269786,,,,,,,,,,,,,,,,,,,,,,,,,,,,,,,,,,,,,,,,,,,,,I00736456
Q137734,Q110581647,,,,,,,,,,,,,,,,,,,,,,,,,,,,,,,,,,,,,,,,,,,,,I00738430
Q137735,Q4161332,,,,,,,,,,,,,,,,,,,,,,,,,,,,,,,,,,,,,,,,,,,,,
Q137736,Q123128651,,,,,,,,,,,,,,,,,,,,,,,,,,,,,,,,,,,,,,,,,,,,,
Q137737,Q85853547,,,,,,,,,,,,,,,,,,,,,,,,,,,,,,,,,,,,,,,,,,,,,
Q137738,Q1143326,,,,,,,,,,,,,,,,,,,,,,,,,,,410268,,,,,,,,,,,,,,,,,,
Q137739,Q25668647,,,,,,,,,,,,,,,,,,,,,,,,,,,,,,,,,,,,,,,,,,,,,
Q137740,Q25668660,,,,,,,,,,,,,,,,,,,,,,,,,,,,,,,,,,,,,,,,,,,,,
Q137741,Q115858871,,,,,,,,,,,,,,,,,,,,,,,,,,,,,,,,,,,,,,,,,,,,,
Q137742,Q115858878,,,,,,,,,,,,,,,,,,,,,,,,,,,,,,,,,,,,,,,,,,,,,
Q137743,Q115858883,,,,,,,,,,,,,,,,,,,,,,,,,,,,,,,,,,,,,,,,,,,,,
Q137744,Q115858892,,,,,,,,,,,,,,,,,,,,,,,,,,,,,,,,,,,,,,,,,,,,,
Q137745,Q115858899,,,,,,,,,,,,,,,,,,,,,,,,,,,,,,,,,,,,,,,,,,,,,
Q137746,Q115858908,,,,,,,,,,,,,,,,,,,,,,,,,,,,,,,,,,,,,,,,,,,,,
Q137747,Q115858915,,,,,,,,,,,,,,,,,,,,,,,,,,,,,,,,,,,,,,,,,,,,,
Q137748,Q2136320,,,,,,,,,,,,,,,,,,,,,,,,,,,970891,,,,,,,,,,,,,,,,,,
Q137749,Q2474891,,,,,,,,LD84-QG9,,,,,,,,,,,,,,,,,,,,,,,,,,,,,,,,,,,,,
Q137750,Q314700,,,,,,,,,,,,,,,,,,,,,,,,term/ff7c4b80-e886-434e-8597-fac991d548a1,,,80035|407793,,,,,,,,,,,,,,,,,,
Q137751,Q128267,,,,,,,,M1XP-LBX,,23718573,,,,,,,,,,,,,,term/041dccbc-e2b8-46a6-a785-981a96f693b4,,,80036,,,,,,,,,,,,,,,,,,
Q137752,Q96074772,,,,,,,,,,,,,,,,,,I2582,,,,,,,,,,,,,,,,,,,,,,,,,,,
Q137753,Q96074773,,,,,,,,,,,,,,,,,,I2583,,,,,,,,,,,,,,,,,,,,,,,,,,,
Q137754,Q667227,,,,,,,,,,,,,,,,,,,,,,,,,,,,,,,,,,,,,,,,,p15032.htm#i150314,,,,I00349176
Q137755,Q11799550,,,,,,,,,,,,,,,,,,,,,,,,,,,,,,,,,,,,,,,,,p15259.htm#i152589,,,,I00349169
Q137756,Q11800902,,,,,,,,,,,,,,,,,,,,,,,,,,,,,,,,,,,,,,,,,,,,,
Q137757,Q362867,,,,,,,,,,,,,,,,,,,,,,,,,,,,,,,,,,,,,,,,,,,,,I00349171
Q137758,Q132175,,,,,,,,,,,,,,,,,,,,,,,,,,,,,,,,,,,,,,,,,p15033.htm#i150324,,,,I00349170
Q137761,Q76298685,,,,,,,,,,,,,,,,,,,,,,,,,,,,,,,,,,,,,,,,,p67170.htm#i671693,,,,
Q137763,Q8039190,,,,,,,,,,,,,,,,,,,,,,,,,,,,,,,,,,,,,,,,,p10643.htm#i106429,Wulfstan_of_Wiltshire_(1),,,
Q137767,Q2805230,,,,,,,,,,,,,,,,,,,,,,,,,,,87864|153005,,,,,,,,,,,,,,p54612.htm#i546111,Muiredach_mac_Eógain_(1),,Mac_Eógain-4,
Q137768,Q5312653,,,,,,,,,,,,,,,,,,,,,,,,,,,921114,,,,,,,,,,,,,,,Duinseach_ingen_Duach_(1),,Ingen_Duach-1,
Q137769,Q1260260,,,,,,,,,,,,,,,,,,,,,,,,,,,87873,,,,,,,,,,,,,,p15006.htm#i150059,Domnall_Ilchelgach_(1),,Mac_Muirchertaig-4,
Q137770,Q1261445,,,,,,,,,,,,,,,,,,,,,,,,,,,87874,,,,,,,,,,,,,,p15006.htm#i150058,Forggus_mac_Muirchertaig_(1),,Mac_Muirchertach-1,
Q137771,Q818595,,,,,,,,,,,,,,,,,,,,,,,,,,,186087,,,,,,,,,,,,,,p15037.htm#i150366,,,,
Q137772,Q75454870,,,,,,,,,,,,,,,,,,,,,,,,,,,,,,,,,,,,,,,,,p15259.htm#i152584,,,,
Q137773,Q4066508,,,,,,,,,,,,,,,,,,,,,,,,,,,,,,,,,,,,,,,,,,,,,
Q137774,Q116055581,,,,,,,,,,,,,,,,,,,,,,,,,,,,,,,,,,,,,,,,,,,,,I00773186
Q137775,Q122361642,,,,,,,,,,,,,,,,,,,,,,,,,,,,,,,,,,,,,,,,,,,,,I00753301
Q137776,Q116112802,,,,,,,,,,,,,,,,,,,,,,,,,,,,,,,,,,,,,,,,,,,,,I00752907
Q137777,Q109040253,,,,,,,,,,,,,,,,,,,,,,,,,,,,,,,,,,,,,,,,,,,,,
Q137778,Q116055617,,,,,,,,,,,,,,,,,,,,,,,,,,,,,,,,,,,,,,,,,,,,,I00750396
Q137779,Q3566370,,,,,,,,,,,,,,,,,,,,,,,,,,,,,,,,,,,,,,,,,,,,,
Q137780,Q884910,,,,,,,,,,,,,,,,,,,,,,,,,,,,,,,,,,,,,,,,,,,,,
Q137781,Q109447064,,,,,,,,,,,,,,,,,,,,,,,,,,,,,,,,,,,,,,,,,,,,,
Q137782,Q109446884,,,,,,,,,,,,,,,,,,,,,,,,,,,,,,,,,,,,,,,,,,,,,
Q137783,Q947726,,,,,,,,,,,,,,,,,,,,,,,,,,,,,,,,,,,,,,,,,,,,,I00446856
Q137784,Q242466,,alvin-person:33645,,,,,,,,,,,,,,,,,,,,,,person/391CA6E1-AD9C-4FAB-9BB7-87FB75ECCEA6,,,246096,,,,,,,,,,,,,,,Lucilla_(1),,,I00446855
Q137785,Q12271064,,,,,,,,,,,,,,,,,,,,,,,,,,,,,,,,,,,,,,,,,,,,,
Q137786,Q109789767,,,,,,,,,,,,,,,,,,,,,,,,,,,,,,,,,,,,,,,,,,,,,I00736226
Q137787,Q109789516,,,,,,,,,,,,,,,,,,,,,,,,,,,,,,,,,,,,,,,,,,,,,
Q137788,Q103831206,,,,,,,,,,,,,,,,,,,,,,,,,,,,,,,,,,,,,,,,,,,,,
Q137789,Q1174079,,,,,,,,,,,,,,,,,,,,,,,,,,,,,,,,,,,,,,,,,,,,,
Q137791,Q46720,,,,,,,,,,37079307,,,,,,,,,,,,,,person/4c279701-12c2-4af7-9906-ca1d191a3122,,,31823,,,,,,,,,,,,,,,Valentinian_I_(1),,Valentinianus-1,I00248950
Q137794,Q355720,,alvin-person:56147,,,,,,,,,,,,,,,,,,,,,,,,,405537,,,,,,,,,,,,,,,,,,
Q137795,Q12276089,,,,,,,,,,,,,,,,,,,,,,,,,,,,,,,,,,,,,,,,,,,,,
Q137796,Q1454825,,,,,,,,,,,,,,,,,,,,,,,,,,,405536,,,,,,,,,,,,,,,,,,
Q137797,Q716670,,,,,,,,,,,,,,,,,,,,,,,,,,,,,,,,,,,,,,,,,,,,,
Q137798,Q718532,,,,,,,,,,,,,,,,,,,,,,,,,,,,,,,,,,,,,,,,,,,,,
Q137799,Q126126787,,,,,,,,,,,,,,,,,,,,,,,,,,,,,,,,,,,,,,,,,,,,,
Q137800,Q118176559,,,,,,,,,,,,,,,,,,,,,,,,,,,,,,,,,,,,,,,,,,,,,
Q137801,Q3398098,,,,,,,,,,,,,,,,,,,,,,,,,,,,,,,,,,,,,,,,,,,,,
Q137802,Q16636868,,,,,,,,,,,,,,,,,,,,,,,,,,,,,,,,,,,,,,,,,,,,,
Q137803,Q4411544,,,,,,,,,,,,,,,,,,,,,,,,,,,,,,,,,,,,,,,,,,,,,
Q137804,Q75382645,,,,,,,,,,,,,,,,,,,,,,,,,,,409710,,p=gwenllian;n=of south wales,,,,,,,,,,,,p10283.htm#i102821,Gwenllian_ferch_Rhys_(2),,Ferch_Rhys-2,I00059418
Q137805,Q76154270,,,,,,,,,,,,,,,,,,,,,,,,,,,,,,,,,,,,,,,,,p56807.htm#i568064,Llywelyn_Rhys_(1),,,I00755747
Q137806,Q110582693,,,,,,,,,,,,,,,,,,,,,,,,,,,,,,,,,,,,,,,,,,,,,I00759592
Q137807,Q110585307,,,,,,,,,,,,,,,,,,,,,,,,,,,,,,,,,,,,,,,,,,,,,I00750661
Q137808,Q116116127,,,,,,,,,,,,,,,,,,,,,,,,,,,,,,,,,,,,,,,,,,,,,I00760228
Q137809,Q116146146,,,,,,,,,,,,,,,,,,,,,,,,,,,,,,,,,,,,,,,,,,,,,I00760662
Q137810,Q19956167,,,,,,,,,,,,,,,,,,,,,,,,,,,1371296,,p=hoel;n=de cornouaille;oc=2,,,,,,,,,,,,,,,Alain-4,
Q137811,Q116112718,,,,,,,,,,,,,,,,,,,,,,,,,,,,,,,,,,,,,,,,,,,,,I00759087
Q137812,Q112640606,,,,,,,,,,,,,,,,,,,,,,,,,,,,,,,,,,,,,,,,,,,,,I00750067
Q137813,Q116112636,,,,,,,,,,,,,,,,,,,,,,,,,,,,,,,,,,,,,,,,,,,,,I00760186
Q137814,Q116052931,,,,,,,,,,,,,,,,,,,,,,,,,,,,,,,,,,,,,,,,,,,,,I00753863
Q137815,Q110152968,,,,,,,,,,,,,,,,,,,,,,,,,,,,,,,,,,,,,,,,,,,,,I00753857
Q137816,Q116113223,,,,,,,,,,,,,,,,,,,,,,,,,,,,,,,,,,,,,,,,,,,,,I00753854
Q137817,Q117846225,,,,,,,,,,,,,,,,,,,,,,,,,,,1496494,,,,,,,,,,,,,,,,,Fedelmid-2,
Q137818,Q124656056,,,,,,,,,,,,,,,,,,,,,,,,,,,,,,,,,,,,,,,,,,Eochaid_Mac_Muiredaich_(1),,,
Q137819,Q3576971,,,,,,,,,,,,,,,,,,,,,,,,,,,,,p=alpin;n=of scotland;oc=1,,,,,,,,,,,,,,,,
Q137820,Q1284529,,,,,,,,,,,,,,,,,,,,,,,,,,,141438,,p=eochaid;n=of scotland;oc=1,,,,,,,,,,,,,Eochaid_mac_Echdach_(1),,Mac_Eochaid-1,I00561411
Q137821,Q2306363,,,,,,,,,,,,,,,,,,,,,,,,,,,,,,,,,,,,,,,,,,,,,
Q137822,Q110622302,,,,,,,,,,,,,,,,,,,,,,,,,,,,,,,,,,,,,,,,,,,,,I00759129
Q137823,Q116052960,,,,,,,,,,,,,,,,,,,,,,,,,,,,,,,,,,,,,,,,,,,,,I00759323
Q137824,Q110152907,,,,,,,,,,,,,,,,,,,,,,,,,,,,,,,,,,,,,,,,,,,,,I00752126
Q137825,Q116148084,,,,,,,,,,,,,,,,,,,,,,,,,,,,,,,,,,,,,,,,,,,,,I00760139
Q137826,Q116110884,,,,,,,,,,,,,,,,,,,,,,,,,,,,,,,,,,,,,,,,,,,,,I00741095
Q137827,Q101246522,,,,,,,,,,,,,,,,,,,,,,,,,,,,,,,,,,,,,,,,,,,,,
Q137828,Q116113095,,,,,,,,,,,,,,,,,,,,,,,,,,,,,,,,,,,,,,,,,,,,,I00749941
Q137829,Q2670597,,,,,,,,,,,,,,,,,,,,,,,,,,,,,p=hywel;n=of gwynedd,,,,,,,,,,,,,Hywel_ap_Rhodri_Molwynog_(1),,,
Q137830,Q109021203,,,,,,,,,,,,,,,,,,,,,,,,,,,,,,,,,,,,,,,,,,,,,
Q137831,Q3330999,,,,,,,,,,,,,,,,,,,,,,,,,,,,,,,,,,,,,,,,,,Gwgon_Meurig_(1),,Ap_Meurig-29,
Q137832,Q110153006,,,,,,,,,,,,,,,,,,,,,,,,,,,,,,,,,,,,,,,,,,,,,I00708236
Q137833,Q116052946,,,,,,,,,,,,,,,,,,,,,,,,,,,,,,,,,,,,,,,,,,,,,I00139764
Q137834,Q75382466,,,,,,,,,,,,,,,,,,,,,,,,,,,,,,,,,,,,,,,,,p10259.htm#i102583,,,,
Q137835,Q2670623,,,,,,,,,,,,,,,,,,,,,,,,,,,414222,,p=iago;n=of gwynedd;oc=1,,,,,,,,,,,,p10259.htm#i102584,Iago_ap_Idwal_(1),,Ab_Idwal-1,
Q137836,Q2250822,,,,,,,,,,,,,,,,,,,,,,,,,,,414221,,p=ieuaf;n=of gwynedd,,,,,,,,,,,,p10259.htm#i102585,Ieuaf_ap_Idwal_(1),,Ab_Idwal-3,
Q137837,Q7321252,,,,,,,,,,,,,,,,,,,,,,,,,,,,,p=rhodri;n=of gwynedd;oc=2,,,,,,,,,,,,,Rhodri_Idwal_(2),,Ab_Idwal-4,
Q137838,Q15879340,,,,,,,,,,,,,,,,,,,,,,,,,,,137167,,p=meurig;n=of gwynedd,,,,,,,,,,,,p10259.htm#i102586,Meurig_Idwal_(1),,Ab_Idwal-6,I00163455
Q137839,Q75919089,,,,,,,,,,,,,,,,,,,,,,,,,,,121942,,p=elisedd;n=of gwynedd,,,,,,,,,,,,p40341.htm#i403410,Eliseg_Anarawd_(1),,Ab_Anarawd-1,I00139765
Q137840,Q116052982,,,,,,,,,,,,,,,,,,,,,,,,,,,,,,,,,,,,,,,,,,,,,I00759468
Q137841,Q110583426,,,,,,,,,,,,,,,,,,,,,,,,,,,,,,,,,,,,,,,,,,,,,I00708244
Q137842,Q116054543,,,,,,,,,,,,,,,,,,,,,,,,,,,,,,,,,,,,,,,,,,,,,I00751461
Q137843,Q116054546,,,,,,,,,,,,,,,,,,,,,,,,,,,,,,,,,,,,,,,,,,,,,I00759578
Q137844,Q116054552,,,,,,,,,,,,,,,,,,,,,,,,,,,,,,,,,,,,,,,,,,,,,I00758026
Q137845,Q116054538,,,,,,,,,,,,,,,,,,,,,,,,,,,,,,,,,,,,,,,,,,,,,I00751465
Q137846,Q116147796,,,,,,,,,,,,,,,,,,,,,,,,,,,,,,,,,,,,,,,,,,,,,I00772971
Q137847,Q116147787,,,,,,,,,,,,,,,,,,,,,,,,,,,,,,,,,,,,,,,,,,,,,I00750511
Q137848,Q887367,,,,,,,,,,,,,,,,,,,,,,,,,,,150582,,,,,,,,,,,,,,,,,,
Q137849,Q4327923,,,,,,,,,,,,,,,,,,,,,,,,,,,,,,,,,,,,,,,,,,,,,
Q137850,Q75919231,,,,,,,,,,,,,,,,,,,,,,,,,,,121918,,p=seisyll;n=.;oc=1,,,,,,,,,,,,p40351.htm#i403509,Seisyll_Ednywain_(1),,Unknown-688389,I00750356
Q137851,Q112532107,,,,,,,,,,,,,,,,,,,,,,,,,,,,,,,,,,,,,,,,,,,,,I00773003
Q137852,Q596672,,,,,,,,,,,,,,,,,,,,,,,,,,,,,,,,,,,,,,,,,,,,,
Q137853,Q112532086,,,,,,,,,,,,,,,,,,,,,,,,,,,,,,,,,,,,,,,,,,,,,I00769335
Q137854,Q4231329,,,,,,,,,,,,,,,,,,,,,,,,,,,509305,,,,,,,,,,,,,,,Custennin_Cadwy_(1),,Dumnonia-1,
Q137855,Q116052783,,,,,,,,,,,,,,,,,,,,,,,,,,,,,,,,,,,,,,,,,,,,,I00754386
Q137856,Q116156562,,,,,,,,,,,,,,,,,,,,,,,,,,,,,,,,,,,,,,,,,,,,,I00775820
Q137857,Q116156543,,,,,,,,,,,,,,,,,,,,,,,,,,,,,,,,,,,,,,,,,,,,,I00775816
Q137858,Q122260573,,,,,,,,,,,,,,,,,,,,,,,,,,,,,,,,,,,,,,,,,,,,,I00753463
Q137859,Q128855771,,,,,,,,,,,,,,,,,,,,,,,,,,,,,,,,,,,,,,,,,,,,,I00760374
Q137860,Q128855804,,,,,,,,,,,,,,,,,,,,,,,,,,,,,,,,,,,,,,,,,,,,,I00761113
Q137861,Q116052941,,,,,,,,,,,,,,,,,,,,,,,,,,,,,,,,,,,,,,,,,,,,,I00774881
Q137862,Q15876603,,,,,,,,,,,,,,,,,,,,,,,,,,,137166,,p=idwal;n=of gwynedd;oc=2,,,,,,,,,,,,p10259.htm#i102590,Idwal_Meurig_(1),,Ap_Meurig-27,I00163456
Q137863,Q3008718,,,,,,,,9CS6-TP3,,,,,,,,,,,,,,,,,,,137162,,p=cynan;n=of gwynedd;oc=3,,,,,,,,,,,,p10260.htm#i102592|p40342.htm#i403416,Cynan_ab_Iago_(1),,Ab_Iago-1,I00140283
Q137864,Q110636435,,,,,,,,,,,,,,,,,,,,,,,,,,,,,,,,,,,,,,,,,,,,,I00760859
Q137865,Q110582897,,,,,,,,,,,,,,,,,,,,,,,,,,,,,,,,,,,,,,,,,,,,,I00760921
Q137866,Q116052902,,,,,,,,,,,,,,,,,,,,,,,,,,,,,,,,,,,,,,,,,,,,,I00759423
Q137867,Q116052717,,,,,,,,,,,,,,,,,,,,,,,,,,,,,,,,,,,,,,,,,,,,,I00759413
Q137868,Q110636942,,,,,,,,,,,,,,,,,,,,,,,,,,,,,,,,,,,,,,,,,,,,,I00759451
Q137869,Q116478763,,,,,,,,,,,,,,,,,,,,,,,,,,,,,,,,,,,,,,,,,,,,,I00761358
Q137870,Q3429526,,,,,,,,,,,,,,,,,,,,,,,,,,,322630,,p=rhiwallon;n=of powys,,,,,,,,,,,,p40493.htm#i404924,Rhiwallon_ap_Cynfyn_(1),,Ap_Cynfyn-12,I00117283
Q137871,Q97534136,,,,,,,,,,,,,,,,,,,,,,,,,,,,,,,,,,,,,,,,,,,,,I00636945
Q137872,Q116052970,,,,,,,,,,,,,,,,,,,,,,,,,,,,,,,,,,,,,,,,,,,,,I00751033
Q137873,Q116052908,,,,,,,,,,,,,,,,,,,,,,,,,,,,,,,,,,,,,,,,,,,,,I00759442
Q137874,Q116052893,,,,,,,,,,,,,,,,,,,,,,,,,,,,,,,,,,,,,,,,,,,,,I00711439
Q137875,Q116812388,,,,,,,,,,,,,,,,,,,,,,,,,,,,,,,,,,,,,,,,,,,,,I00759457
Q137876,Q75976282,,,,,,,,,,,,,,,,,,,,,,,,,,,,,,,,,,,,,,,,,p44280.htm#i442795,,,Ab_Ithel-2,I00758942
Q137877,Q108180070,,,,,,,,,,,,,,,,,,,,,,,,,,,,,,,,,,,,,,,,,,,,,I00752121
Q137878,Q116052822,,,,,,,,,,,,,,,,,,,,,,,,,,,,,,,,,,,,,,,,,,,,,I00774757
Q137879,Q18526703,,,,,,,,,,,,,,,,,,,,,,,,,,,,,,,,,,,,,,,,,,,,Ap_Iestyn-4,I00748546
Q137880,Q110152912,,,,,,,,,,,,,,,,,,,,,,,,,,,,,,,,,,,,,,,,,,,,,I00759035
Q137881,Q110582711,,,,,,,,,,,,,,,,,,,,,,,,,,,,,,,,,,,,,,,,,,,,,I00759593
Q137882,Q110622203,,,,,,,,,,,,,,,,,,,,,,,,,,,,,,,,,,,,,,,,,,,,,I00760528
Q137883,Q116111783,,,,,,,,,,,,,,,,,,,,,,,,,,,,,,,,,,,,,,,,,,,,,I00755209
Q137884,Q116469836,,,,,,,,,,,,,,,,,,,,,,,,,,,,,,,,,,,,,,,,,,,,,I00763007
Q137885,Q116147085,,,,,,,,,,,,,,,,,,,,,,,,,,,,,,,,,,,,,,,,,,,,,I00759594
Q137886,Q116147083,,,,,,,,,,,,,,,,,,,,,,,,,,,,,,,,,,,,,,,,,,,,,I00708125
Q137887,Q116812201,,,,,,,,,,,,,,,,,,,,,,,,,,,,,,,,,,,,,,,,,,,,,I00760371
Q137888,Q116812170,,,,,,,,,,,,,,,,,,,,,,,,,,,,,,,,,,,,,,,,,,,,,I00774841
Q137889,Q116812446,,,,,,,,,,,,,,,,,,,,,,,,,,,,,,,,,,,,,,,,,,,,,I00760368
Q137890,Q116178250,,,,,,,,,,,,,,,,,,,,,,,,,,,,,,,,,,,,,,,,,,,,,I00708922
Q137891,Q99085058,,,,,,,,,,,,,,,,,,,,,,,,,,,,,,,,,,,,,,,,,,,,,I00708920
Q137892,Q116812322,,,,,,,,,,,,,,,,,,,,,,,,,,,,,,,,,,,,,,,,,,,,,I00764788
Q137893,Q110153005,,,,,,,,,,,,,,,,,,,,,,,,,,,,,,,,,,,,,,,,,,,,,I00760039
Q137894,Q3403432,,,,,,,,,,,,,,,,,,,,,,,,,,,414198,,,,,,,,,,,,,,,Edwin_Ap_Einion_(1),,UNKNOWN-130356,
Q137895,Q75241711,,,,,,,,,,,,,,,,,,,,,,,,,,,,,,,,,,,,,,,,,p399.htm#i3984,Gwenllian_Verch_Einion_(1),,Ferch_Einion-3,I00754102
Q137896,Q110582678,,,,,,,,,,,,,,,,,,,,,,,,,,,137175,,,,,,,,,,,,,,,Gronwy_Ap_Einion_(1),,Ab_Einion-31,I00750877
Q137897,Q116052915,,,,,,,,,,,,,,,,,,,,,,,,,,,323144,,,,,,,,,,,,,,,Tewdwr_Ap_Einion_(1),,Ab_Einion-18,I00751519
Q137898,Q99239149,,,,,,,,,,,,,,,,,,,,,,,,,,,,,,,,,,,,,,,,,,,,,I00753849
Q137899,Q110152973,,,,,,,,,,,,,,,,,,,,,,,,,,,,,,,,,,,,,,,,,,,,,I00752131
Q137900,Q5199943,,,,,,,,,,,,,,,,,,,,,,,,,,,136939|322629,,p=cynfyn;n=of powys,,,,,,,,,,,,p10258.htm#i102574,Cynfyn_Ap_Gwerystan_(1),,Ap_Gwerystan-10,I00163462
Q137901,Q116113232,,,,,,,,,,,,,,,,,,,,,,,,,,,,,,,,,,,,,,,,,,,,,I00760175
Q137902,Q117307091,,,,,,,,,,,,,,,,,,,,,,,,,,,,,,,,,,,,,,,,,,,,,I00759346
Q137903,Q741855,,,,,,,,LBHH-2Q5,,,,,,,,,,,,,,,,,,,409711,,p=rhys;n=of south wales,,,,,,,,,,,,p61056.htm#i610556,Rhys_ap_Gruffydd_(1),,Ap_Gruffydd-59,I00059420
Q137904,Q96311952,,,,,,,,,,,,,,,,,,,,,,,,,,,926268,,p=gwenllian;n=of powys,,,,,,,,,,,,,Gwenllian_verch_Madog_(1),,Ferch_Madog-20,I00059421
Q137905,Q20171452,,,,,,,,,,,,,,,,,,,,,,,,,,,,,p=joane;n=de clare,,,,,,,,,,,,p64747.htm#i647462,Joane_De_Clare_(1)|Maud_De_Clare_(2),,Clare-672,I00146982
Q137906,Q110152870,,,,,,,,,,,,,,,,,,,,,,,,,,,,,,,,,,,,,,,,,,,,Ab_Einion-1,I00586410
Q137907,Q110152868,,,,,,,,,,,,,,,,,,,,,,,,,,,,,,,,,,,,,,,,,,,,,I00759034
Q137908,Q99084985,,,,,,,,,,,,,,,,,,,,,,,,,,,,,,,,,,,,,,,,,,,,,I00708911
Q137909,Q116469773,,,,,,,,,,,,,,,,,,,,,,,,,,,,,,,,,,,,,,,,,,,,,I00764565
Q137910,Q99239154,,,,,,,,,,,,,,,,,,,,,,,,,,,,,,,,,,,,,,,,,,,,,I00759723
Q137911,Q99239164,,,,,,,,,,,,,,,,,,,,,,,,,,,,,,,,,,,,,,,,,,,,,I00751318
Q137912,Q128856030,,,,,,,,,,,,,,,,,,,,,,,,,,,,,,,,,,,,,,,,,,,,,I00789171
Q137913,Q110413738,,,,,,,,,,,,,,,,,,,,,,,,,,,,,,,,,,,,,,,,,,,,Ap_Caradog-26,I00714658
Q137914,Q110383092,,,,,,,,,,,,,,,,,,,,,,,,,,,,,,,,,,,,,,,,,,,,,I00707373
Q137915,Q116812397,,,,,,,,,,,,,,,,,,,,,,,,,,,,,,,,,,,,,,,,,,,,,I00759287
Q137916,Q7308920,,,,,,,,,,,,,,,,,,,,,,,,,,,,,p=reginald;n=de braose,,,,,,,,,,,,p10256.htm#i102554,Reginald_de_Braose_(1),,Braose-12,I00139665
Q137917,Q56285114,,,,,,,,,,,,,,,,,,,,,,,,,,,,,,,,,,,,,,,,,p65.htm#i641,,,Briwere-11,I00139666
Q137918,Q75561238,,,,,,,,,,,,,,,,,,,,,,,,,,,926231,,p=gilbert;n=talbot;oc=4,,,,,,,,,,,,p21341.htm#i213403,Gilbert_Talbot_(9),,Talbot-202,I00198828
Q137919,Q75561232,,,,,,,,,,,,,,,,,,,,,,,,,,,,,,,,,,,,,,,,,p21340.htm#i213400|p21562.htm#i215616,,,Talbot-72,I00198825
Q137920,Q99071544,,,,,,,,,,,,,,,,,,,,,,,,,,,,,,,,,,,,,,,,,,,,,I00616457
Q137921,Q110635431,,,,,,,,,,,,,,,,,,,,,,,,,,,,,,,,,,,,,,,,,,,,,I00706506
Q137922,Q110636817,,,,,,,,,,,,,,,,,,,,,,,,,,,,,,,,,,,,,,,,,,,,,I00705941
Q137923,Q116468939,,,,,,,,,,,,,,,,,,,,,,,,,,,,,,,,,,,,,,,,,,,,,I00705493
Q137924,Q110636693,,,,,,,,,,,,,,,,,,,,,,,,,,,,,,,,,,,,,,,,,,,,,I00750924
Q137925,Q110636690,,,,,,,,,,,,,,,,,,,,,,,,,,,,,,,,,,,,,,,,,,,,,I00750922
Q137926,Q116052889,,,,,,,,,,,,,,,,,,,,,,,,,,,,,,,,,,,,,,,,,,,,,I00755682
Q137927,Q99086896,,,,,,,,,,,,,,,,,,,,,,,,,,,,,,,,,,,,,,,,,,,,,I00755673
Q137928,Q116052712,,,,,,,,,,,,,,,,,,,,,,,,,,,,,,,,,,,,,,,,,,,,,I00759474
Q137929,Q133462383,,,,,,,,,,,,,,,,,,,,,,,,,,,,,,,,,,,,,,,,,,,,,I00759278
Q137930,Q116147979,,,,,,,,,,,,,,,,,,,,,,,,,,,,,,,,,,,,,,,,,,,,,I00706094
Q137931,Q75257225,,,,,,,,,,,,,,,,,,,,,,,,,,,,,,,,,,,,,,,,,p1667.htm#i16663,,,,I00706092
Q137932,Q110662750,,,,,,,,,,,,,,,,,,,,,,,,,,,,,,,,,,,,,,,,,,,,,I00751511
Q137933,Q116178196,,,,,,,,,,,,,,,,,,,,,,,,,,,,,,,,,,,,,,,,,,,,,I00749592
Q137934,Q116178169,,,,,,,,,,,,,,,,,,,,,,,,,,,,,,,,,,,,,,,,,,,,,I00760501
Q137935,Q116812105,,,,,,,,,,,,,,,,,,,,,,,,,,,,,,,,,,,,,,,,,,,,,I00752303
Q137936,Q110560272,,,,,,,,,,,,,,,,,,,,,,,,,,,,,,,,,,,,,,,,,,,,,I00749585
Q137937,Q116178226,,,,,,,,,,,,,,,,,,,,,,,,,,,,,,,,,,,,,,,,,,,,,I00749590
Q137938,Q128855690,,,,,,,,,,,,,,,,,,,,,,,,,,,,,,,,,,,,,,,,,,,,,I00710004
Q137939,Q131347177,,,,,,,,,,,,,,,,,,,,,,,,,,,,,,,,,,,,,,,,,,,,,I00761288
Q137940,Q116812204,,,,,,,,,,,,,,,,,,,,,,,,,,,,,,,,,,,,,,,,,,,,,I00774846
Q137941,Q116812171,,,,,,,,,,,,,,,,,,,,,,,,,,,,,,,,,,,,,,,,,,,,,I00774842
Q137942,Q116812367,,,,,,,,,,,,,,,,,,,,,,,,,,,,,,,,,,,,,,,,,,,,,I00706512
Q137943,Q116146085,,,,,,,,,,,,,,,,,,,,,,,,,,,,,,,,,,,,,,,,,,,,,I00708693
Q137944,Q116812365,,,,,,,,,,,,,,,,,,,,,,,,,,,,,,,,,,,,,,,,,,,,,I00750436
Q137945,Q110413015,,,,,,,,,,,,,,,,,,,,,,,,,,,,,,,,,,,,,,,,,,,,,I00706510
Q137946,Q130359170,,,,,,,,,,,,,,,,,,,,,,,,,,,,,,,,,,,,,,,,,,,,,I00710084
Q137947,Q99086974,,,,,,,,,,,,,,,,,,,,,,,,,,,,,,,,,,,,,,,,,,,,,I00705605
Q137948,Q99086951,,,,,,,,,,,,,,,,,,,,,,,,,,,,,,,,,,,,,,,,,,,,Dwnn-3,I00705603
Q137949,Q127413868,,,,,,,,,,,,,,,,,,,,,,,,,,,,,,,,,,,,,,,,,,,,,I00759945
Q137950,Q99080612,,,,,,,,,,,,,,,,,,,,,,,,,,,,,,,,,,,,,,,,,,,,,I00708880
Q137951,Q128855665,,,,,,,,,,,,,,,,,,,,,,,,,,,,,,,,,,,,,,,,,,,,,I00788899
Q137952,Q130359112,,,,,,,,,,,,,,,,,,,,,,,,,,,,,,,,,,,,,,,,,,,,,I00708660
Q137953,Q110622157,,,,,,,,,,,,,,,,,,,,,,,,,,,,,,,,,,,,,,,,,,,,,I00760308
Q137954,Q110622154,,,,,,,,,,,,,,,,,,,,,,,,,,,,,,,,,,,,,,,,,,,,,I00760516
Q137955,Q110622152,,,,,,,,,,,,,,,,,,,,,,,,,,,,,,,,,,,,,,,,,,,,,I00760514
Q137956,Q27578364,,,,,,,,,,,,,,,,,,,,,,,,,,,,,,,,,,,,,,,,,,,,,I00714346
Q137957,Q112964842,,,,,,,,,,,,,,,,,,,,,,,,,,,,,,,,,,,,,,,,,,,,,I00752312
Q137958,Q116178241,,,,,,,,,,,,,,,,,,,,,,,,,,,,,,,,,,,,,,,,,,,,,I00760301
Q137959,Q116469752,,,,,,,,,,,,,,,,,,,,,,,,,,,,,,,,,,,,,,,,,,,,,I00708924
Q137960,Q110622272,,,,,,,,,,,,,,,,,,,,,,,,,,,,,,,,,,,,,,,,,,,,,I00751320
Q137961,Q110622249,,,,,,,,,,,,,,,,,,,,,,,,,,,,,,,,,,,,,,,,,,,,,I00752352
Q137962,Q99084628,,,,,,,,,,,,,,,,,,,,,,,,,,,,,,,,,,,,,,,,,,,,Ab_Einion-23,I00714651
Q137963,Q110413745,,,,,,,,,,,,,,,,,,,,,,,,,,,,,,,,,,,,,,,,,,,,,I00752350
Q137964,Q99084668,,,,,,,,,,,,,,,,,,,,,,,,,,,,,,,,,,,,,,,,,,,,Ferch_Hywel-14,I00714660
Q137965,Q110383104,,,,,,,,,,,,,,,,,,,,,,,,,,,,,,,,,,,,,,,,,,,,,I00752338
Q137966,Q130359406,,,,,,,,,,,,,,,,,,,,,,,,,,,,,,,,,,,,,,,,,,,,,I00789163
Q137967,Q116115869,,,,,,,,,,,,,,,,,,,,,,,,,,,,,,,,,,,,,,,,,,,,,I00715061
Q137968,Q97532103,,,,,,,,,,,,,,,,,,,,,,,,,,,,,,,,,,,,,,,,,,,,,I00291759
Q137969,Q99080685,,,,,,,,,,,,,,,,,,,,,,,,,,,,,,,,,,,,,,,,,,,,Ab_Einion-22,I00707774
Q137970,Q116146078,,,,,,,,,,,,,,,,,,,,,,,,,,,,,,,,,,,,,,,,,,,,,I00715001
Q137971,Q131138472,,,,,,,,,,,,,,,,,,,,,,,,,,,,,,,,,,,,,,,,,,,,,I00803157
Q137972,Q99085024,,,,,,,,,,,,,,,,,,,,,,,,,,,,,,,,,,,,,,,,,,,,,I00708916
Q137973,Q116469724,,,,,,,,,,,,,,,,,,,,,,,,,,,,,,,,,,,,,,,,,,,,,I00714694
Q137974,Q127413851,,,,,,,,,,,,,,,,,,,,,,,,,,,,,,,,,,,,,,,,,,,,,I00759954
Q137975,Q116146073,,,,,,,,,,,,,,,,,,,,,,,,,,,,,,,,,,,,,,,,,,,,,I00761072
Q137976,Q116146069,,,,,,,,,,,,,,,,,,,,,,,,,,,,,,,,,,,,,,,,,,,,,I00708515
Q137977,Q76154265,,,,,,,,,,,,,,,,,,,,,,,,,,,,,,,,,,,,,,,,,p56806.htm#i568060,,,Ap_Cydifor-7,I00706629
Q137978,Q76154268,,,,,,,,,,,,,,,,,,,,,,,,,,,,,,,,,,,,,,,,,p56807.htm#i568062,,,Ferch_Gruffudd-11,I00736930
Q137979,Q76154274,,,,,,,,,,,,,,,,,,,,,,,,,,,,,,,,,,,,,,,,,p56807.htm#i568066,,,Ap_Rhys-61,I00734565
Q137980,Q76326174,,,,,,,,,,,,,,,,,,,,,,,,,,,,,,,,,,,,,,,,,p69045.htm#i690441,,,,
Q137981,Q76281195,,,,,,,,,,,,,,,,,,,,,,,,,,,,,,,,,,,,,,,,,p65967.htm#i659668,,,,I00750375
Q137982,Q99071848,,,,,,,,,,,,,,,,,,,,,,,,,,,,,,,,,,,,,,,,,,,,Hywel-51,I00751848
Q137983,Q110413107,,,,,,,,,,,,,,,,,,,,,,,,,,,,,,,,,,,,,,,,,,,,,I00750344
Q137984,Q99080862,,,,,,,,,,,,,,,,,,,,,,,,,,,,,,,,,,,,,,,,,,,,Ferch_Ieuan-17,I00708890
Q137985,Q130359119,,,,,,,,,,,,,,,,,,,,,,,,,,,,,,,,,,,,,,,,,,,,,I00708667
Q137986,Q105819614,,,,,,,,,,,,,,,,,,,,,,,,,,,,,,,,,,,,,,,,,,,,,I00715155
Q137987,Q116812482,,,,,,,,,,,,,,,,,,,,,,,,,,,,,,,,,,,,,,,,,,,,,I00777406
Q137988,Q116812142,,,,,,,,,,,,,,,,,,,,,,,,,,,,,,,,,,,,,,,,,,,,,I00776395
Q137989,Q116812118,,,,,,,,,,,,,,,,,,,,,,,,,,,,,,,,,,,,,,,,,,,,,I00776390
Q137990,Q110560392,,,,,,,,,,,,,,,,,,,,,,,,,,,,,,,,,,,,,,,,,,,,,I00759303
Q137991,Q110560206,,,,,,,,,,,,,,,,,,,,,,,,,,,,,,,,,,,,,,,,,,,,,I00759301
Q137992,Q76018965,,,,,,,,,,,,,,,,,,,,,,,,,,,,,,,,,,,,,,,,,p47159.htm#i471583,,,Ferch_Rhun-6,I00706630
Q137993,Q110621969,,,,,,,,,,,,,,,,,,,,,,,,,,,,,,,,,,,,,,,,,,,,,I00706988
Q137994,Q116054837,,,,,,,,,,,,,,,,,,,,,,,,,,,,,,,,,,,,,,,,,,,,,I00706753
Q137995,Q99211640,,,,,,,,,,,,,,,,,,,,,,,,,,,,,,,,,,,,,,,,,,,,Ap_Rhun-15,I00714341
Q137996,Q117307105,,,,,,,,,,,,,,,,,,,,,,,,,,,,,,,,,,,,,,,,,,,,,I00710068
Q137997,Q116469744,,,,,,,,,,,,,,,,,,,,,,,,,,,,,,,,,,,,,,,,,,,,,I00752023
Q137998,Q116469716,,,,,,,,,,,,,,,,,,,,,,,,,,,,,,,,,,,,,,,,,,,,,I00714659
Q137999,Q99084973,,,,,,,,,,,,,,,,,,,,,,,,,,,,,,,,,,,,,,,,,,,,,I00708910
Q138000,Q99084908,,,,,,,,,,,,,,,,,,,,,,,,,,,,,,,,,,,,,,,,,,,,,I00696708
Q138001,Q116052694,,,,,,,,,,,,,,,,,,,,,,,,,,,,,,,,,,,,,,,,,,,,,I00708913
Q138002,Q99084722,,,,,,,,,,,,,,,,,,,,,,,,,,,,,,,,,,,,,,,,,,,,,I00707755
Q138003,Q116146119,,,,,,,,,,,,,,,,,,,,,,,,,,,,,,,,,,,,,,,,,,,,,I00751904
Q138004,Q99084139,,,,,,,,,,,,,,,,,,,,,,,,,,,,,,,,,,,,,,,,,,,,Rayne-6,I00706448
Q138005,Q130340910,,,,,,,,,,,,,,,,,,,,,,,,,,,,,,,,,,,,,,,,,,,,,I00761870
Q138006,Q116469757,,,,,,,,,,,,,,,,,,,,,,,,,,,,,,,,,,,,,,,,,,,,,I00776173
Q138007,Q116469751,,,,,,,,,,,,,,,,,,,,,,,,,,,,,,,,,,,,,,,,,,,,,I00774652
Q138008,Q117277451,,,,,,,,,,,,,,,,,,,,,,,,,,,,,,,,,,,,,,,,,,,,,I00700893
Q138009,Q116470801,,,,,,,,,,,,,,,,,,,,,,,,,,,,,,,,,,,,,,,,,,,,,I00776218
Q138010,Q117277453,,,,,,,,,,,,,,,,,,,,,,,,,,,,,,,,,,,,,,,,,,,,,I00696712
Q138011,Q97532251,,,,,,,,,,,,,,,,,,,,,,,,,,,,,,,,,,,,,,,,,,,,,I00696704
Q138012,Q99087173,,,,,,,,,,,,,,,,,,,,,,,,,,,,,,,,,,,,,,,,,,,,,I00291732
Q138013,Q110621972,,,,,,,,,,,,,,,,,,,,,,,,,,,,,,,,,,,,,,,,,,,,Ferch_Lewys-1,I00752278
Q138014,Q110560227,,,,,,,,,,,,,,,,,,,,,,,,,,,,,,,,,,,,,,,,,,,,,I00760289
Q138015,Q116812113,,,,,,,,,,,,,,,,,,,,,,,,,,,,,,,,,,,,,,,,,,,,,I00714997
Q138016,Q116052878,,,,,,,,,,,,,,,,,,,,,,,,,,,,,,,,,,,,,,,,,,,,,I00775025
Q138017,Q110560376,,,,,,,,,,,,,,,,,,,,,,,,,,,,,,,,,,,,,,,,,,,,,I00764892
Q138018,Q99083938,,,,,,,,,,,,,,,,,,,,,,,,,,,,,,,,,,,,,,,,,,,,,I00718313
Q138019,Q112964835,,,,,,,,,,,,,,,,,,,,,,,,,,,,,,,,,,,,,,,,,,,,,I00764889
Q138020,Q99084211,,,,,,,,,,,,,,,,,,,,,,,,,,,,,,,,,,,,,,,,,,,,,I00764881
Q138021,Q75875766,,,,,,,,,,,,,,,,,,,,,,,,,,,,,,,,,,,,,,,,,p37318.htm#i373172,,,,I00759031
Q138022,Q110622049,,,,,,,,,,,,,,,,,,,,,,,,,,,,,,,,,,,,,,,,,,,,,I00753608
Q138023,Q110582884,,,,,,,,,,,,,,,,,,,,,,,,,,,,,,,,,,,,,,,,,,,,,I00752366
Q138024,Q116052704,,,,,,,,,,,,,,,,,,,,,,,,,,,,,,,,,,,,,,,,,,,,,I00752310
Q138025,Q99084101,,,,,,,,,,,,,,,,,,,,,,,,,,,,,,,,,,,,,,,,,,,,Ap_Llewelyn-44,I00706993
Q138026,Q99084460,,,,,,,,,,,,,,,,,,,,,,,,,,,,,,,,,,,,,,,,,,,,Ap_Llywelyn-24,I00707737
Q138027,Q99084731,,,,,,,,,,,,,,,,,,,,,,,,,,,,,,,,,,,,,,,,,,,,,I00751905
Q138028,Q116469745,,,,,,,,,,,,,,,,,,,,,,,,,,,,,,,,,,,,,,,,,,,,,I00752022
Q138029,Q116470948,,,,,,,,,,,,,,,,,,,,,,,,,,,,,,,,,,,,,,,,,,,,,I00776147
Q138030,Q127225293,,,,,,,,,,,,,,,,,,,,,,,,,,,,,,,,,,,,,,,,,,,,,I00764757
Q138031,Q99211908,,,,,,,,,,,,,,,,,,,,,,,,,,,,,,,,,,,,,,,,,,,,,I00760513
Q138032,Q110621960,,,,,,,,,,,,,,,,,,,,,,,,,,,,,,,,,,,,,,,,,,,,,I00760506
Q138033,Q110621987,,,,,,,,,,,,,,,,,,,,,,,,,,,,,,,,,,,,,,,,,,,,Ferch_Cynwrig-1,I00753840
Q138034,Q112490301,,,,,,,,,,,,,,,,,,,,,,,,,,,,,,,,,,,,,,,,,,,,Ap_Hywel-35,I00581022
Q138035,Q130338162,,,,,,,,,,,,,,,,,,,,,,,,,,,,,,,,,,,,,,,,,,,,,I00775021
Q138036,Q110152976,,,,,,,,,,,,,,,,,,,,,,,,,,,,,,,,,,,,,,,,,,,,,I00753634
Q138037,Q110622088,,,,,,,,,,,,,,,,,,,,,,,,,,,,,,,,,,,,,,,,,,,,,I00752115
Q138038,Q110622093,,,,,,,,,,,,,,,,,,,,,,,,,,,,,,,,,,,,,,,,,,,,,I00752116
Q138039,Q110622064,,,,,,,,,,,,,,,,,,,,,,,,,,,,,,,,,,,,,,,,,,,,,I00752293
Q138040,Q110622037,,,,,,,,,,,,,,,,,,,,,,,,,,,,,,,,,,,,,,,,,,,,,I00754510
Q138041,Q110621950,,,,,,,,,,,,,,,,,,,,,,,,,,,,,,,,,,,,,,,,,,,,,I00752277
Q138042,Q116469770,,,,,,,,,,,,,,,,,,,,,,,,,,,,,,,,,,,,,,,,,,,,,I00755315
Q138043,Q99211677,,,,,,,,,,,,,,,,,,,,,,,,,,,,,,,,,,,,,,,,,,,,Ap_Rhun-17,I00714352
Q138044,Q110621965,,,,,,,,,,,,,,,,,,,,,,,,,,,,,,,,,,,,,,,,,,,,,I00706990
Q138045,Q110621966,,,,,,,,,,,,,,,,,,,,,,,,,,,,,,,,,,,,,,,,,,,,,I00706991
Q138046,Q110622124,,,,,,,,,,,,,,,,,,,,,,,,,,,,,,,,,,,,,,,,,,,,,I00707381
Q138047,Q99211662,,,,,,,,,,,,,,,,,,,,,,,,,,,,,,,,,,,,,,,,,,,,,I00706908
Q138048,Q112490120,,,,,,,,,,,,,,,,,,,,,,,,,,,,,,,,,,,,,,,,,,,,,I00752643
Q138049,Q131741056,,,,,,,,,,,,,,,,,,,,,,,,,,,,,,,,,,,,,,,,,,,,,I00764874
Q138050,Q131741104,,,,,,,,,,,,,,,,,,,,,,,,,,,,,,,,,,,,,,,,,,,,,I00777318
Q138051,Q127225292,,,,,,,,,,,,,,,,,,,,,,,,,,,,,,,,,,,,,,,,,,,,,I00764578
Q138052,Q127225286,,,,,,,,,,,,,,,,,,,,,,,,,,,,,,,,,,,,,,,,,,,,,I00764751
Q138053,Q75905265,,,,,,,,,,,,,,,,,,,,,,,,,,,,,,,,,,,,,,,,,p39433.htm#i394328|p56808.htm#i568076,,,Ab_Elidyr-1,I00707413
Q138054,Q75905269,,,,,,,,,,,,,,,,,,,,,,,,,,,,,,,,,,,,,,,,,p39433.htm#i394330,,,Ap_Philip-9,I00586429
Q138055,Q99800565,,,,,,,,,,,,,,,,,,,,,,,,,,,,,,,,,,,,,,,,,,,,,I00705500
Q138056,Q110413681,,,,,,,,,,,,,,,,,,,,,,,,,,,,,,,,,,,,,,,,,,,,,I00700841
Q138057,Q130359310,,,,,,,,,,,,,,,,,,,,,,,,,,,,,,,,,,,,,,,,,,,,,I00762973
Q138058,Q110413078,,,,,,,,,,,,,,,,,,,,,,,,,,,,,,,,,,,,,,,,,,,,,I00706514
Q138059,Q110413356,,,,,,,,,,,,,,,,,,,,,,,,,,,,,,,,,,,,,,,,,,,,,I00709005
Q138060,Q99071425,,,,,,,,,,,,,,,,,,,,,,,,,,,,,,,,,,,,,,,,,,,,,I00708663
Q138061,Q110413692,,,,,,,,,,,,,,,,,,,,,,,,,,,,,,,,,,,,,,,,,,,,,I00760966
Q138062,Q99302460,,,,,,,,,,,,,,,,,,,,,,,,,,,,,,,,,,,,,,,,,,,,,I00751855
Q138063,Q133461350,,,,,,,,,,,,,,,,,,,,,,,,,,,,,,,,,,,,,,,,,,,,,I00755857
Q138064,Q133461363,,,,,,,,,,,,,,,,,,,,,,,,,,,,,,,,,,,,,,,,,,,,,I00761436
Q138065,Q133461339,,,,,,,,,,,,,,,,,,,,,,,,,,,,,,,,,,,,,,,,,,,,,I00768380
Q138066,Q133461583,,,,,,,,,,,,,,,,,,,,,,,,,,,,,,,,,,,,,,,,,,,,,I00709753
Q138067,Q110413663,,,,,,,,,,,,,,,,,,,,,,,,,,,,,,,,,,,,,,,,,,,,,I00759410
Q138068,Q133462366,,,,,,,,,,,,,,,,,,,,,,,,,,,,,,,,,,,,,,,,,,,,,I00708477
Q138069,Q76154286,,,,,,,,,,,,,,,,,,,,,,,,,,,,,,,,,,,,,,,,,p56808.htm#i568075,,,,I00708973
Q138070,Q76154290,,,,,,,,,,,,,,,,,,,,,,,,,,,,,,,,,,,,,,,,,p56808.htm#i568078,,,Ap_Madog-59,I00708972
Q138071,Q110383120,,,,,,,,,,,,,,,,,,,,,,,,,,,,,,,,,,,,,,,,,,,,,I00755663
Q138072,Q128855557,,,,,,,,,,,,,,,,,,,,,,,,,,,,,,,,,,,,,,,,,,,,,I00761280
Q138073,Q131347162,,,,,,,,,,,,,,,,,,,,,,,,,,,,,,,,,,,,,,,,,,,,,I00761292
Q138074,Q116146076,,,,,,,,,,,,,,,,,,,,,,,,,,,,,,,,,,,,,,,,,,,,,I00690058
Q138075,Q110560264,,,,,,,,,,,,,,,,,,,,,,,,,,,,,,,,,,,,,,,,,,,,,I00709825
Q138076,Q99087139,,,,,,,,,,,,,,,,,,,,,,,,,,,,,,,,,,,,,,,,,,,,,I00700884
Q138077,Q110560250,,,,,,,,,,,,,,,,,,,,,,,,,,,,,,,,,,,,,,,,,,,,,I00706063
Q138078,Q116812343,,,,,,,,,,,,,,,,,,,,,,,,,,,,,,,,,,,,,,,,,,,,,I00715007
Q138079,Q110560269,,,,,,,,,,,,,,,,,,,,,,,,,,,,,,,,,,,,,,,,,,,,,I00754753
Q138080,Q116478758,,,,,,,,,,,,,,,,,,,,,,,,,,,,,,,,,,,,,,,,,,,,,I00708878
Q138081,Q99080820,,,,,,,,,,,,,,,,,,,,,,,,,,,,,,,,,,,,,,,,,,,,,I00708886
Q138082,Q116812140,,,,,,,,,,,,,,,,,,,,,,,,,,,,,,,,,,,,,,,,,,,,,I00714990
Q138083,Q116812353,,,,,,,,,,,,,,,,,,,,,,,,,,,,,,,,,,,,,,,,,,,,,I00714982
Q138084,Q110560217,,,,,,,,,,,,,,,,,,,,,,,,,,,,,,,,,,,,,,,,,,,,,I00760287
Q138085,Q130359049,,,,,,,,,,,,,,,,,,,,,,,,,,,,,,,,,,,,,,,,,,,,,I00709993
Q138086,Q131741093,,,,,,,,,,,,,,,,,,,,,,,,,,,,,,,,,,,,,,,,,,,,,I00764877
Q138087,Q131741053,,,,,,,,,,,,,,,,,,,,,,,,,,,,,,,,,,,,,,,,,,,,,I00764869
Q138088,Q116812321,,,,,,,,,,,,,,,,,,,,,,,,,,,,,,,,,,,,,,,,,,,,,I00777349
Q138089,Q116812348,,,,,,,,,,,,,,,,,,,,,,,,,,,,,,,,,,,,,,,,,,,,,I00764787
Q138090,Q15870029,,,,,,,,,,,,,,,,,,,,,,,,,,,108079,,p=angharad;n=of seisyllwg;oc=2,,,,,,,,,,,,p10258.htm#i102573,Angharad_(1),,Ferch_Maredudd-4,I00139760
Q138091,Q116470830,,,,,,,,,,,,,,,,,,,,,,,,,,,,,,,,,,,,,,,,,,,,,I00776246
Q138092,Q116052955,,,,,,,,,,,,,,,,,,,,,,,,,,,,,,,,,,,,,,,,,,,,,I00424546
Q138093,Q116052956,,,,,,,,,,,,,,,,,,,,,,,,,,,,,,,,,,,,,,,,,,,,,I00424547
Q138094,Q108180087,,,,,,,,,,,,,,,,,,,,,,,,,,,,,,,,,,,,,,,,,,,,,I00752296
Q138095,Q110662990,,,,,,,,,,,,,,,,,,,,,,,,,,,,,,,,,,,,,,,,,,,,,I00755141
Q138096,Q110585312,,,,,,,,,,,,,,,,,,,,,,,,,,,,,,,,,,,,,,,,,,,,Ferch_Idnerth-1,I00759343|I00776711
Q138097,Q76204611,,,,,,,,,,,,,,,,,,,,,,,,,,,,,,,,,,,,,,,,,p60229.htm#i602287,,,,I00265062
Q138098,Q110585313,,,,,,,,,,,,,,,,,,,,,,,,,,,,,,,,,,,,,,,,,,Gwladus_Aldud_(1),,Ferch_Aldud-1,I00713470
Q138099,Q106703096,,,,,,,,,,,,,,,,,,,,,,,,,,,,,,,,,,,,,,,,,,,,Ferch_Ednyfed-7,I00753765
Q138100,Q116112376,,,,,,,,,,,,,,,,,,,,,,,,,,,,,,,,,,,,,,,,,,,,,I00713469
Q138101,Q116116506,,,,,,,,,,,,,,,,,,,,,,,,,,,,,,,,,,,,,,,,,,,,,I00755804
Q138102,Q110582535,,,,,,,,,,,,,,,,,,,,,,,,,,,,,,,,,,,,,,,,,,,,Ferch_Hwfa-2,I00759341
Q138103,Q116054843,,,,,,,,,,,,,,,,,,,,,,,,,,,,,,,,,,,,,,,,,,,,,I00753721
Q138104,Q116109191,,,,,,,,,,,,,,,,,,,,,,,,,,,,,,,,,,,,,,,,,,,,,I00760167
Q138105,Q116146916,,,,,,,,,,,,,,,,,,,,,,,,,,,,,,,,,,,,,,,,,,,,,I00701107
Q138106,Q130338938,,,,,,,,,,,,,,,,,,,,,,,,,,,,,,,,,,,,,,,,,,,,,I00322777
Q138107,Q130339191,,,,,,,,,,,,,,,,,,,,,,,,,,,,,,,,,,,,,,,,,,,,,I00760200
Q138108,Q110585543,,,,,,,,,,,,,,,,,,,,,,,,,,,,,,,,,,,,,,,,,,,,,I00708196
Q138109,Q116478904,,,,,,,,,,,,,,,,,,,,,,,,,,,,,,,,,,,,,,,,,,,,,I00776707
Q138110,Q110582811,,,,,,,,,,,,,,,,,,,,,,,,,,,,,,,,,,,,,,,,,,,,,I00750995
Q138111,Q76273201,,,,,,,,,,,,,,,,,,,,,,,,,,,,,,,,,,,,,,,,,p65425.htm#i654246,,,Ferch_Gruffydd-32,I00750986
Q138112,Q76273198,,,,,,,,,,,,,,,,,,,,,,,,,,,,,,,,,,,,,,,,,p65425.htm#i654244,"Tudur_Ap_Rhys_""Sais""_(1)",,Ap_Rhys-55,I00750988
Q138113,Q99198891,,,,,,,,,,,,,,,,,,,,,,,,,,,,,,,,,,,,,,,,,,,,Ap_Rhys_Sais-2,I00737965
Q138114,Q111455145,,,,,,,,,,,,,,,,,,,,,,,,,,,,,,,,,,,,,,,,,,,,,I00764569
Q138115,Q116156551,,,,,,,,,,,,,,,,,,,,,,,,,,,,,,,,,,,,,,,,,,,,,I00775911
Q138116,Q129172033,,,,,,,,,,,,,,,,,,,,,,,,,,,,,,,,,,,,,,,,,,"Angharad_Ferch_Rhys_""Sais""_(1)",,Rhys-115,I00798380
Q138117,Q112532278,,,,,,,,,,,,,,,,,,,,,,,,,,,,,,,,,,,,,,,,,,,,,I00749900
Q138118,Q108180068,,,,,,,,,,,,,,,,,,,,,,,,,,,,,,,,,,,,,,,,,,,,,I00754101
Q138119,Q75961199,,,,,,,,,,,,,,,,,,,,,,,,,,,,,,,,,,,,,,,,,p43220.htm#i432191,,,Ap_Cynddelw-5,I00749260
Q138120,Q110663129,,,,,,,,,,,,,,,,,,,,,,,,,,,,,,,,,,,,,,,,,,,,,I00754542
Q138121,Q75961203,,,,,,,,,,,,,,,,,,,,,,,,,,,,,,,,,,,,,,,,,p43220.htm#i432193,,,Ap_Matusalem-1,I00749253
Q138122,Q110290583,,,,,,,,,,,,,,,,,,,,,,,,,,,,,,,,,,,,,,,,,,,,,I00749838
Q138123,Q116111566,,,,,,,,,,,,,,,,,,,,,,,,,,,,,,,,,,,,,,,,,,,,,I00754257
Q138124,Q116148049,,,,,,,,,,,,,,,,,,,,,,,,,,,,,,,,,,,,,,,,,,,,,I00758669
Q138125,Q116147122,,,,,,,,,,,,,,,,,,,,,,,,,,,,,,,,,,,,,,,,,,,,,I00755164
Q138126,Q116147110,,,,,,,,,,,,,,,,,,,,,,,,,,,,,,,,,,,,,,,,,,,,,I00750300
Q138127,Q116112410,,,,,,,,,,,,,,,,,,,,,,,,,,,,,,,,,,,,,,,,,,,,,I00759576
Q138128,Q110582388,,,,,,,,,,,,,,,,,,,,,,,,,,,,,,,,,,,,,,,,,,,,,I00755438
Q138129,Q110582380,,,,,,,,,,,,,,,,,,,,,,,,,,,,,,,,,,,,,,,,,,,,Ab_Iorwerth-2,I00750520
Q138130,Q116812458,,,,,,,,,,,,,,,,,,,,,,,,,,,,,,,,,,,,,,,,,,,,,I00774553
Q138131,Q76300408,,,,,,,,,,,,,,,,,,,,,,,,,,,,,,,,,,,,,,,,,p67299.htm#i672989,,,,
Q138132,Q76299807,,,,,,,,,,,,,,,,,,,,,,,,,,,,,,,,,,,,,,,,,p67249.htm#i672484,,,,
Q138133,Q131716922,,,,,,,,,,,,,,,,,,,,,,,,,,,,,,,,,,,,,,,,,,,,,
Q138142,Q19950046,,,,,,,,,,,,,,,,,,,,,,,,,,,,,,,,,,,,,,,,,,Harald_Haavardsson_(2),,Haavardsson-4,
Q138143,Q18573690,,,,,,,,,,,,,,,,,,,,,,,,,,,769948,,,,,,,,,,,,,,,,,Unknown-477241,I00079495
Q138144,Q11231795,,,,,,,,,,,,,,,,,,,,,,,,,,,,,,,,dw.5340,,,,,,,,,p11287.htm#i112864,,,Ulfsson-6,I00079488
Q138148,Q98697956,,,,,,,,,,,,,,,,,,,,,,,,,,,,,,,,,,,,,,,,,,,,,I00507628
Q138149,Q75532099,,,,,,,,,,,,,,,,,,,,,,,,,,,,,,,,,,,,,,,,,p19828.htm#i198272,Ragnhild Haakonsdatter (1),,,I00308286
Q138150,Q110566491,,,,,,,,,,,,,,,,,,,,,,,,,,,,,,,,,,,,,,,,,,,,Hakonsdottir-9,
Q138152,Q116028789,,,,,,,,,,,,,,,,,,,,,,,,,,,,,p=ne;n=n;oc=6185,,,,,,,,,,,,,,,,I00553581
Q138202,Q22248920,,,,,,,,,,,,,,,,,,,,,,,,,,,141798,,p=hugues;n=de montfort;oc=2,,,,,,,,,,,,,Hugues_de_Montfort-sur-Risle_(1),,Montfort-70,I00485328
Q138203,Q56545996,,,,,,,,,,,,,,,,,,,,,,,,,,,,,p=thurstan;n=de goz,,,,,,,,,,,,p21689.htm#i216882,,,,
Q138204,Q116005813,,,,,,,,,,,,,,,,,,,,,,,,,,,,,,,,,,,,,,,,,,,,,I00079577
Q138205,Q1982338,,,,,,,,,,,,,,,,,,,,,,,,,,,,,,,,,,,,,,,,,,,,,
Q138206,Q5101510,,,,,,,,,,,,,,,,,,,,,,,,,,,,,,,,,,,,,,,,,,,,,
Q138207,Q28041750,,,,,,,,,,,,,,,,,,,,,,,,,,,,,,,,,,,,,,,,,,,,,
Q138208,Q535823,,,,,,,,,,,,,,,,,,,,,,,,,,,,,,,,dw.5921,,,,,,,,,,Gottschalk_of_The_Obotrites_(1),,,I00300673
Q138209,Q360112,,,,,,,,LDMN-5Y4,,,,,,,,,,,,,,,,person/cfe52868-3a28-4cd0-a355-21f9d840d7a8,,,35675,,p=boleslav;n=premyslide;oc=4,,,dw.15,,,,,,,,,p10132.htm#i101315,Boleslav_I._von_Böhmen_(1),,Přemyslovci-8,I00020256
Q138210,Q3490470,,,,,,,,,,,,,,,,,,,,,,,,,,,45468,,p=biagota;n=n,,,dw.16,,,,,,,,,p67197.htm#i671963,Biagota_(1),,Unknown-151869,I00020257
Q138211,Q455487,,,,,,,,,,,,,,,,,,,,,,,,,,,909449,,,,,dw.19,,,,,,,,,,Mlada_Maria_(1),,Přemyslovci-11,I00705813
Q138212,Q456174,,,,,,,,LYZH-4RG,,,,,,,,,,,,,,,,person/47cab0b3-39f7-483d-85b2-f676041130d1,,,45467,,p=boleslav;n=premyslide;oc=3,,,dw.17,,,,,,,,,p15003.htm#i150028,"Boleslaus_II,_Duke_of_Bohemia_(1)",,Přemyslovci-10,I00020259
Q138213,Q1369897,,,,,,,,,,,,,,,,,,,,,,,,,,,909451,,,,,dw.18,,,,,,,,,,Strachkvas_(1),,Přemyslovci-3,I00020258
Q138218,Q1304149,,,,,,,,,,,,,,,,,,,,,,,,,,,,,,,,,,,,,,,,,,Eilward_Unknown_(1),,,
Q138219,Q600618,,,,,,,,,,,,,,,,,,,,,,,,,,,,,,,,,,,,,,,,,,Gunther_Unknown_(1),,,
Q138220,Q44927,,,,,,,,,,8066804|39919326,,,,,,,,,,,,,,,,,,,,,,,,,,,,,,,,,,,
Q138223,Q332136,,,,,,,,LZ19-924,,8622045,,,,,,,,,,,,,,,,,141429,,p=mael coluim mac cinaeda;n=of scotland,,,,,,,,,,,,p10289.htm#i102888,Malcolm_II_of_Scotland_(1),,MacAlpin-34,I00022605
Q138224,Q1779282,,,,,,,,,,,,,,,,,,,,,,,,,,,110781,,p=bethoc ingen mail coluim meic cinaeda;n=of scotland;oc=1,,,,,,,,,,,,p10289.htm#i102883,Bethóc_of_Scotland_(1),,MacAlpin-33,I00022603
Q138225,Q325259,,,,,,,,,,,,,,,,,,,,,,,,,,,141521,,p=findlaech;n=of moray,,,,,,,,,,,,p10767.htm#i107664,Findláech_of_Moray_(1)|Unknown_Finlaech_(1),,Mac_Ruaidrí-1,
Q138226,Q244403,,,,,,,,LZJH-C1Z,,8886907,,,,,,,,,,,,,,,,,141520,,p=macbeth;n=of moray,,,,,,,,,,,,p10289.htm#i102887,Macbeth_of_Scotland_(1),,Scotland-163,I00076177
Q138229,Q3372291,,,,,,,,,,,,,,,,,,,,,,,,,,,,,,,,,,,,,,,,,,,,,
Q138230,Q3439700,,,,,,,,,,,,,,,,,,,,,,,,,,,,,,,,,,,,,,,,,,,,Brusesson-4,
Q138231,Q19950707,,,,,,,,,,,,,,,,,,,,,,,,,,,,,,,,,,,,,,,,,,,,,
Q138232,Q15831023,,,,,,,,,,,,,,,,,,,,,,,,,,,,,,,,,,,,,,,,,,,,,
Q138237,Q471475,,,,,,14102,,,,,,,,,,,,,,,,,,person/d0751cf2-62f0-4913-8b1c-629b9659ead4,,,346740,,p=inge;n=stenkilska atten;oc=2,,,dw.512,,,,,,,,,p11306.htm#i113058,Inge_the_Younger_(1),,Halstensson-10,I00500657
Q138238,Q75393589,,,,,,,,,,,,,,,,,,,,,,,,,,,,,p=maer;n=sverkeratten,,,,,,,,,,,,p11305.htm#i113050,,,,
Q138240,Q16532667,,,,,,,,,,,,,,,,,,,,,,,,,,,,,,,,,,,,,,,,,,,,Arnviðarson-1,I00500653
Q138241,Q57909,,,,,,,,,,,,,,,,,,,,,,,,,,,134174,,p=joseph ferdinand;n=von wittelsbach,,,dw.4691,,,,,,,,,p10307.htm#i103069,"Joseph_Ferdinand_of_Bavaria,_Prince_of_Asturias_(1)",,Von_Bayern-69,I00036424
Q138242,Q101248140,,,,,,,,,,,,,,,,,,,,,,,,,,,,,,,,,,,,,,,,,,,,,I00710316
Q138243,Q101248726,,,,,,,,,,,,,,,,,,,,,,,,,,,,,,,,,,,,,,,,,,,,Arnesdatter-2,I00500652
Q138244,Q16640088,,,,,,,,,,,,,,,,,,,,,,,,,,,,,,,,,,,,,,,,,,,,Galge-14,I00637279
Q138245,Q135416042,,,,,,,,,,,,,,,,,,,,,,,,,,,,,,,,,,,,,,,,,,,,,
Q138247,Q127427240,,,,,,,,,,,,,,,,,,,,,,,,,,,,,,,,,,,,,,,,,,,,,
Q138261,Q12006903,,,,,,,,,,,,,,,,,,,,,,,,,,,57358,,p=thorn;n=jonsdatter,,,sw.107576,,,,,,,,,p11299.htm#i112985,,,Jonsdottir-63,I00140272
Q138262,Q314595,,,,,,,,,,9503972,,,,,,,,,,,,,,,,,,,p=eystein;n=yngling;oc=1,,,sw.980529,,,,,,,,,p11301.htm#i113003,Eystein_Magnusson_(1),,Magnusson-169,I00692069
Q138264,Q350385,,,,,,,,,,9503963,,,,,,,,,,,,,,,,,,,p=olav;n=yngling;oc=4,,,sw.980531,,,,,,,,,p11301.htm#i113006,Olav_Magnusson_(1),,Magnusson-174,I00279864
Q138265,Q4809203,,,,,,,,,,,,,,,,,,,,,,,,,,,,,,,,,,,,,,,,,,Thora_Magnusdt_(1),,Magnusdottir-25,I00279867
Q138266,Q463505,,,,,,,,,,,,,,,,,,,,,,,,,,,,,,,,,,,,,,,,,,Sigurd_Slembe_(1),,,
Q138267,Q260543,,,,,,,,,,,,,,,,,,,,,,,,,,,57361|557879,,p=harald;n=yngling;oc=4,,,dw.7493,,,,,,,,,p11299.htm#i112988,Harald_IV_of_Norway_(1),,Magnusson-346,I00091795
Q138268,Q31080455,,,,,,,,,,,,,,,,,,,,,,,,,,,,,,,,dw.5323,,,,,,,,,,Ragnhild_Magnusdt_(1),,Magnusdottir-24,I00279875
Q138270,Q75291931,,,,,,,,,,,,,,,,,,,,,,,,,,,,,p=thora;n=ogmundson,,,,,,,,,,,,p4284.htm#i42832,Tora_Skoftesdotter_(1),,Skoftesdatter-2,
Q138271,Q19061035,,,,,,,,,,,,,,,,,,,,,,,,,,,,,p=gutthorm;n=of rein,,,,,,,,,,,,p4284.htm#i42833,Guttorm_Rein_(2),,Asulfsson-1,I00361712
Q138272,Q75291987,,,,,,,,,,,,,,,,,,,,,,,,,,,,,,,,,,,,,,,,,p4285.htm#i42842,Sigrid_Asulvsdt_(1),,Asulfsdatter-7,
Q138273,Q16574548,,,,,,,,,,,,,,,,,,,,,,,,,,,,,,,,,,,,,,,,,,,,,
Q138274,Q6175110,,,,,,,,,,,,,,,,,,,,,,,,,,,,,,,,,,,,,,,,,,,,Olafsson-154,
Q138275,Q4844977,,,,,,,,GLX7-J7M,,,,,,,,,,,,,,,,,,,471010,,,,,,,,,,,,,,,,,Godfrey-676,
Q138276,Q2871732,,,,,,,,,,,,,,,,,,,,,,,,,,,92197,,,,,,,,,,,,,,,,,Gudrødsson-75,
Q138277,Q76121960,,,,,,,,,,,,,,,,,,,,,,,,,,,,,,,,,,,,,,,,,p54617.htm#i546164,,,,
Q138278,Q135529137,,,,,,,,,,,,,,,,,,,,,,,,,,,,,,,,,,,,,,,,,,,,,
Q138279,Q135529148,,,,,,,,,,,,,,,,,,,,,,,,,,,,,,,,,,,,,,,,,,,,,
Q138280,Q4766151,,,,,,,,,,,,,,,,,,,,,,,,,,,,,p=anmchadh;n=mac cucaircheach,,,,,,,,,,,,,Anmchaid_Mac_Con_Cercca_(1),,Mac_Con_Cherca-1,
Q138281,Q1271722,,,,,,,,GGRG-Z11,,,,,,,,,,,,,,,,,,,,,p=aed;n=findliath,,,,,,,,,,,,p15012.htm#i150117,Áed_Findliath_(1),,Mac_Niall-2,
Q138282,Q16705878,,,,,,,,,,,,,,,,,,,,,,,,,,,,,p=mael sechnaill;n=o neill|p=mael;n=sechnaill,,,,,,,,,,,,p15012.htm#i150116,Máel_Sechnaill_mac_Máele_Ruanaid_(1)|Maelsechlainn_Mac_Maelruanaid_(1),,Mac_Máele_Ruanaid-1,
Q138283,Q1277664,,,,,,,,,,,,,,,,,,,,,,,,,,,,,p=flann;n=sinna,,,,,,,,,,,,p15012.htm#i150118,Flann_Sinna_(1),,Mac_Máel_Sechnaill-2,
Q138284,Q30323879,,,,,,,,,,,,,,,,,,,,,,,,,,,,,p=gilla patraic;n=mac donnchadh,,,,,,,,,,,,,Gilla_Mac_Donnchad_(1),,MacDonnchada-3,
Q138285,Q135529235,,,,,,,,,,,,,,,,,,,,,,,,,,,,,,,,,,,,,,,,,,,,,
Q138286,Q135529220,,,,,,,,,,,,,,,,,,,,,,,,,,,,,,,,,,,,,,,,,,,,,
Q138287,Q618606,,,,,,,,,,,,,,,,,,,,,,,,,,,,,,,,,,,,,,,,,,,,,
Q138288,Q132128908,,,,,,,,,,,,,,,,,,,,,,,,,,,,,,,,,,,,,,,,,,,,,
Q138289,Q16128485,,,,,,,,,,,,,,,,,,,,,,,,,,,,,,,,,,,,,,,,,,,,,
Q138290,Q137732,,,,,,,,,,,,,,,,,,,,,,,,,,,,,,,,,,,,,,,,,,,,,
Q138291,Q597962,,,,,,,,,,,,,,,,,,,,,,,,,,,,,,,,,,,,,,,,,,,,Þorfinnsson-47,
Q138292,Q20019270,,,,,,,,,,,,,,,,,,,,,,,,,,,,,,,,,,,,,,,,,,,,Agnisson-2,
Q138293,Q20019278,,,,,,,,,,,,,,,,,,,,,,,,,,,,,,,,,,,,,,,,,,,,Alriksson-1,
Q138294,Q152127,,,,,,,,,,,,,,,,,,,,,,,,,,,103228,,p=geiseric;n=hasdingi,,,,,,,,,,,,,Genseric_Unknown_(1),,Vandals-25,I00248940
Q138295,Q170026,,alvin-person:50457,,,,,,,,40143328,,,,,,,,,,,,,,person/ECC187BF-19DB-4CF6-9F00-F435FFEECC0D,,,103236,,,,,,,,,,,,,,,Valentinian_III_(1),,Flavii-1,I00248941
Q138296,Q232329,,,,,,,,,,,,,,,,,,,,,,,,,,,143778,,,,,,,,,,,,,,,Licinia_Eudoxia_(5),,Theodosian-4,I00248942
Q138297,Q16546975,,,,,,,,,,,,,,,,,,,,,,,,,,,,,,,,,,,,,,,,,,,,,
Q138298,Q10698896,,,,,,,,,,,,,,,,,,,,,,,,,,,,,,,,,,,,,,,,,,,,,
Q138307,Q1617324,,,,,,,,,,,,,,,,,,,,,,,,,,,683512,,,,,,,,,,,,,,p67192.htm#i671918,,,,
Q138308,Q76298797,,,,,,,,,,,,,,,,,,,,,,,,,,,683513,,,,,,,,,,,,,,p67177.htm#i671761,,,,
Q138309,Q76298529,,,,,,,,,,,,,,,,,,,,,,,,,,,683506,,,,,,,,,,,,,,p67160.htm#i671599,,,,
Q138310,Q76300343,,,,,,,,,,,,,,,,,,,,,,,,,,,,,,,,,,,,,,,,,p67294.htm#i672932,,,,
Q138311,Q76299630,,,,,,,,,,,,,,,,,,,,,,,,,,,,,,,,,,,,,,,,,p67234.htm#i672335,,,,
Q138314,Q2823903,,,,,,,,,,,,,,,,,,,,,,,,,,,,,p=adalhelm;n=de laon,,,,,,,,,,,,,,,,
Q138315,Q745499,,,,,,,,,,,,,,,,,,,,,,,,,,,722765,,,,,,,,,,,,,,p15043.htm#i150421,,,,
Q138316,Q76299127,,,,,,,,,,,,,,,,,,,,,,,,,,,,,,,,,,,,,,,,,p67198.htm#i671976,,,,
Q138317,Q76300377,,,,,,,,,,,,,,,,,,,,,,,,,,,,,,,,,,,,,,,,,p67297.htm#i672964,,,,
Q138318,Q76300538,,,,,,,,,,,,,,,,,,,,,,,,,,,682465|164425,,p=dietburga;n=von thurgau,,,,,,,,,,,,p67309.htm#i673087|p67270.htm#i672698,Dietbirg_Von_Thurgau_(1)|Dietpirch_of_Swabia_(1),,Schwaben-11,I00599823
Q138319,Q76300364,,,,,,,,,,,,,,,,,,,,,,,,,,,,,,,,,,,,,,,,,p67295.htm#i672949,,,,
Q138320,Q76300358,,,,,,,,,,,,,,,,,,,,,,,,,,,,,,,,,,,,,,,,,p67295.htm#i672945,,,,
Q138326,Q271786,,,,,,,,,,,,,,,,,,,,,,,,,,,112273,,,,,,,,,,,,,,p17537.htm#i175370,Cynethryth_Unknown_(2),,,I00759013
Q138327,Q380758,,,,,,,,,,,,,,,,,,,,,,,,,,,112276,,,,,,,,,,,,,,p15260.htm#i152592,,,,
Q138328,Q727889,,,,,,,,,,,,,,,,,,,,,,,,,,,112280,,,,,,,,,,,,,,p15036.htm#i150359,Ecfrith_Mercia_(1),,,
Q138329,Q2481162,,,,,,,,,,,,,,,,,,,,,,,,,,,,,,,,,,,,,,,,,,,,,
Q138330,Q75493340,,,,,,,,,,,,,,,,,,,,,,,,,,,,,,,,,,,,,,,,,p17538.htm#i175372,,,,
Q138331,Q962190,,,,,,,,,,,,,,,,,,,,,,,,,,,112275,,,,,,,,,,,,,,p17538.htm#i175371,,,,
Q138332,Q5196755,,,,,,,,,,,,,,,,,,,,,,,,,,,203766,,p=cuthberht;n=of mercia,,,,,,,,,,,,p15028.htm#i150273,Cuthbert_Of_Mercia_(2),,Mercia-172,
Q138333,Q75454845,,,,,,,,,,,,,,,,,,,,,,,,,,,,,,,,,,,,,,,,,p15256.htm#i152553,,,,
Q138334,Q75454843,,,,,,,,,,,,,,,,,,,,,,,,,,,,,,,,,,,,,,,,,p15256.htm#i152552,,,,
Q138335,Q3609024,,,,,,,,,,,,,,,,,,,,,,,,,,,629197,,,,,,,,,,,,,,,,,,
Q138336,Q359545,,,,,,,,,,,,,,,,,,,,,,,,,,,482507,,,,,,,,,,,,,,,,,,
Q138337,Q242172,,,,,,,,,,,,,,,,,,,,,,,,,,,,,,,,,,,,,,,,,,,,,
Q138338,Q15983986,,,,,,,,,,,,,,,,,,,,,,,,,,,,,,,,,,,,,,,,,,,,,
Q138339,Q21106683,,,,,,,,,,,,,,,,,,,,,,,,,,,,,,,,,,,,,,,,,,,,,
Q138340,Q2934135,,,,,,,,,,,,,,,,,,,,,,,,,,,,,,,,,,,,,,,,,,,,,
Q138341,Q5978421,,,,,,,,,,,,,,,,,,,,,,,,,,,,,,,,,,,,,,,,,,,,,
Q138342,Q14278582,,,,,,,,,,,,,,,,,,,,,,,,,,,,,,,,,,,,,,,,,,,,,
Q138343,Q14623912,,,,,,,,,,,,,,,,,,,,,,,,,,,,,,,,,,,,,,,,,,,,,
Q138344,Q9002378,,,,,,,,,,,,,,,,,,,,,,,,,,,,,,,,,,,,,,,,,,,,,
Q138345,Q112992735,,,,,,,,,,,,,,,,,,,,,,,,,,,,,,,,,,,,,,,,,,,,,
Q138346,Q15983987,,,,,,,,,,,,,,,,,,,,,,,,,,,,,,,,,,,,,,,,,,,,,
Q138347,Q4253257,,,,,,,,,,,,,,,,,,,,,,,,,,,,,,,,,,,,,,,,,,,,,
Q138348,Q107480985,,,,,,,,,,,,,,,,,,,,,,,,,,,,,,,,,,,,,,,,,,,,,
Q138349,Q123482169,,,,,,,,,,,,,,,,,,,,,,,,,,,,,,,,,,,,,,,,,,,,,
Q138350,Q131904275,,,,,,,,,,,,,,,,,,,,,,,,,,,,,,,,,,,,,,,,,,,,,
Q138351,Q11906465,,,,,,,,,,,,,,,,,,,,,,,,,,,,,,,,,,,,,,,,,,,,,
Q138352,Q1620003,,,,,,,,,,,,,,,,,,,,,,,,,,,,,,,,,,,,,,,,,,,,,
Q138353,Q793862,,,,,,,,,,,,,,,,,,,,,,,,,,,,,,,,,,,,,,,,,,,,,
Q138354,Q11936346,,,,,,,,,,,,,,,,,,,,,,,,,,,,,,,,,,,,,,,,,,,,,
Q138355,Q887780,,,,,,,,,,,,,,,,,,,,,,,,,,,1028105,,,,,,,,,,,,,,,,,,
Q138356,Q393058,,,,,,,,,,,,,,,,,,,,,,,,,,,1028106,,,,,,,,,,,,,,,,,,
Q138357,Q1245141,,,,,,,,,,,,,,,,,,,,,,,,,,,,,,,,,,,,,,,,,,,,,
Q138358,Q110737969,,,,,,,,,,,,,,,,,,,,,,,,,,,,,,,,,,,,,,,,,,,,,I00737816
Q138359,Q1280736,,,,,,,,,,,,,,,,,,,,,,,,,,,401242,,,,,,,,,,,,,,,Artaxias_III_(1),,,I00738742
Q138360,Q452712,,,,,,,,,,,,,,,,,,,,,,,,,,,401245,,,,,,,,,,,,,,,Antonia_Tryphaena_(1),,,I00736180
Q138361,Q3290242,,,,,,,,,,,,,,,,,,,,,,,,,,,,,,,,,,,,,,,,,,,,,
Q138362,Q2319252,,,,,,,,,,,,,,,,,,,,,,,,,,,401243,,,,,,,,,,,,,,,Polemon_II_of_Pontus_(1),,,I00738738
Q138363,Q2720247,,,,,,,,,,,,,,,,,,,,,,,,,,,401223,,,,,,,,,,,,,,,Gepaepyris_(1),,,I00736379
Q138364,Q2381819,,,,,,,,,,,,,,,,,,,,,,,,,,,401230,,,,,,,,,,,,,,,,,,I00736380
Q138365,Q2711623,,alvin-person:51962,,,,,,,,,,,,,,,,,,,,,,,,,401217,,,,,,,,,,,,,,,,,Cotys-2,I00736381
Q138366,Q319478,,,,,,,,,,,,,,,,,,,,,,,,,,,600380,,,,,,,,,,,,,,,,,,I00736426
Q138367,Q3850963,,,,,,,,,,,,,,,,,,,,,,,,,,,,,,,,,,,,,,,,,,,,,I00736427
Q138368,Q1265161,,,,,,,,,,,,,,,,,,,,,,,,,,,,,,,,,,,,,,,,,,,,,I00736428
Q138369,Q2864792,,,,,,,,,,,,,,,,,,,,,,,,,,,,,,,,,,,,,,,,,,,,,
Q138370,Q2357126,,,,,,,,,,,,,,,,,,,,,,,,,,,,,,,,,,,,,,,,,,,,,I00738117
Q138371,Q2357160,,,,,,,,,,,,,,,,,,,,,,,,,,,,,,,,,,,,,,,,,,,,,I00736434
Q138372,Q4684015,,,,,,,,,,,,,,,,,,,,,,,,,,,,,,,,,,,,,,,,,,,,,
Q138373,Q11916791,,,,,,,,,,,,,,,,,,,,,,,,,,,,,,,,,,,,,,,,,,,,,
Q138374,Q116472008,,,,,,,,,,,,,,,,,,,,,,,,,,,,,,,,,,,,,,,,,,,,,I00738407
Q138375,Q345094,,,,,,,,,,,,,,,,,,,,,,,,,,,,,,,,,,,,,,,,,,,,,I00717531
Q138376,Q27786529,,,,,,,,,,,,,,,,,,,,,,,,,,,,,,,,,,,,,,,,,,,,,I00717545
Q138377,Q542658,,,,,,,,,,,,,,,,,,,,,,,,,,,,,,,,,,,,,,,,,,,,,
Q138378,Q762889,,,,,,,,,,,,,,,,,,,,,,,,,,,,,,,,,,,,,,,,,,,,,I00738730
Q138379,Q94697095,,,,,,,,,,,,,,,,,,,,,,,,person/63CDE9FD-27F2-4217-8798-DC2C135D0A35,,,153537,,,,,,,,,,,,,,,,,,I00736017
Q138380,Q110737979,,,,,,,,,,,,,,,,,,,,,,,,,,,,,,,,,,,,,,,,,,,,,I00738181
Q138381,Q20108545,,,,,,,,,,,,,,,,,,,,,,,,,,,,,,,,,,,,,,,,,,,,,
Q138382,Q888672,,,,,,,,,,,,,,,,,,,,,,,,,,,164828,,,,,,,,,,,,,,,,,,I00500063
Q138383,Q3623564,,,,,,,,,,,,,,,,,,,,,,,,,,,,,,,,,,,,,,,,,,,,,I00500064
Q138384,Q1491473,,,,,,,,,,,,,,,,,,,,,,,,,,,,,,,,,,,,,,,,,,Gaius_Julius_Caesar_Strabo_Vopiscus_(1),,,
Q138385,Q6306323,,,,,,,,,,,,,,,,,,,,,,,,,,,,,,,,,,,,,,,,,,Julia_Cornelia_(1),,,I00735995
Q138386,Q352035,,,,,,,,,,,,,,,,,,,,,,,,,,,,,,,,,,,,,,,,,,,,,I00735888
Q138387,Q712202,,,,,,,,,,,,,,,,,,,,,,,,,,,,,,,,,,,,,,,,,,,,,
Q138388,Q1873595,,,,,,,,,,,,,,,,,,,,,,,,,,,,,,,,,,,,,,,,,,,,,
Q138389,Q89676815,,,,,,,,,,,,,,,,,,,,,,,,,,,,,,,,,,,,,,,,,,,,,
Q138390,Q1234276,,,,,,,,,,,,,,,,,,,,,,,,,,,,,,,,,,,,,,,,,,,,,
Q138391,Q15733166,,,,,,,,,,,,,,,,,,,,,,,,,,,1465129,,,,,,,,,,,,,,,,,,
Q138392,Q15733162,,,,,,,,,,,,,,,,,,,,,,,,,,,1465128,,,,,,,,,,,,,,,,,,
Q138393,Q123700690,,,,,,,,,,,,,,,,,,,,,,,,,,,,,,,,,,,,,,,,,,,,,
Q138394,Q1338903,,,,,,,,,,,,,,,,,,,,,,,,,,,,,,,,,,,,,,,,,,Lucius_Caninius_Gallus_(1),,,
Q138395,Q1385959,,,,,,,,,,,,,,,,,,,,,,,,,,,,,,,,,,,,,,,,,,,,,
Q138396,Q19947698,,,,,,,,,,,,,,,,,,,,,,,,,,,,,,,,,,,,,,,,,,,,,
Q138397,Q531923,,alvin-person:25625,,,,,,,,,,,,,,,,,,,,,,,,,165698,,,,,,,,,,,,,,,Appius_Claudius_Pulcher_(4),,,I00735660
Q138398,Q11943255,,,,,,,,,,,,,,,,,,,,,,,,,,,,,,,,,,,,,,,,,,,,,
Q138399,Q6454825,,,,,,,,,,,,,,,,,,,,,,,,,,,,,,,,,,,,,,,,,,Caecilia_Metella_Balearica_(1),,,I00735659
Q138400,Q1102155,,,,,,,,,,,,,,,,,,,,,,,,,,,1465793,,,,,,,,,,,,,,,Clodia_(1),,,I00735670
Q138401,Q465262,,,,,,,,,,,,,,,,,,,,,,,,,,,1465828,,,,,,,,,,,,,,,,,,I00735667
Q138402,Q445758,,,,,,,,,,,,,,,,,,,,,,,,,,,165701,,,,,,,,,,,,,,,Appius_Claudius_Pulcher_(5),,,I00735662
Q138403,Q16542257,,,,,,,,,,,,,,,,,,,,,,,,,,,1465199,,,,,,,,,,,,,,,,,,I00735457
Q138404,Q12899377,,,,,,,,,,,,,,,,,,,,,,,,,,,,,,,,,,,,,,,,,,,,,I00735668
Q138405,Q1401126,,,,,,,,,,,,,,,,,,,,,,,,,,,,,,,,,,,,,,,,,,,,,I00736043
Q138406,Q113698107,,,,,,,,,,,,,,,,,,,,,,,,,,,,,,,,,,,,,,,,,,,,,
Q138407,Q4068176,,,,,,,,,,,,,,,,,,,,,,,,,,,,,,,,,,,,,,,,,,,,,I00736133
Q138408,Q449587,,,,,,,,,,,,,,,,,,,,,,,,,,,,,,,,,,,,,,,,,,,,,
Q138409,Q108944058,,,,,,,,,,,,,,,,,,,,,,,,,,,,,,,,,,,,,,,,,,,,,
Q138410,Q12284680,,,,,,,,,,,,,,,,,,,,,,,,,,,,,,,,,,,,,,,,,,,,,
Q138411,Q11923628,,,,,,,,,,,,,,,,,,,,,,,,,,,,,,,,,,,,,,,,,,,,,
Q138412,Q12272217,,,,,,,,,,,,,,,,,,,,,,,,,,,132722,,,,,,,,,,,,,,,,,,I00735968
Q138413,Q285148,,,,,,,,,,,,,,,,,,,,,,,,,,,86053,,,,,,,,,,,,,,,Marcus_Atius_Balbus_(1),,,I00695436
Q138414,Q25338418,,,,,,,,,,,,,,,,,,,,,,,,,,,,,,,,,,,,,,,,,,,,,I00735634
Q138415,Q107351913,,,,,,,,,,,,,,,,,,,,,,,,,,,,,,,,,,,,,,,,,,,,,
Q138416,Q707738,,,,,,,,,,,,,,,,,,,,,,,,,,,,,,,,,,,,,,,,,,,,,I00735597
Q138417,Q2469317,,,,,,,,,,,,,,,,,,,,,,,,,,,,,,,,,,,,,,,,,,,,,I00735970
Q138418,Q1112719,,,,,,,,,,,,,,,,,,,,,,,,,,,,,,,,,,,,,,,,,,,,,I00735971
Q138419,Q1216120,,,,,,,,,,,,,,,,,,,,,,,,,,,,,,,,,,,,,,,,,,,,,
Q138420,Q233444,,,,,,,,,,,,,,,,,,,,,,,,,,,,,,,,,,,,,,,,,,Scribonia_Unknown_(1),,,I00446757
Q138421,Q469701,,,,,,,,,,13140151,,,,,,,,,,,,,,,,,86065,,,,,,,,,,,,,,,Livia_Drusilla_(2),,,I00446759
Q138422,Q2259,,,,,,,,,,,,,,,,,,,,,,,,,,,86058,,,,,,,,,,,,,,,Julia_the_Elder_(1),,,I00446761
Q138423,Q298162,,alvin-person:26315,,,,,,,,32572395,,,,,,,,,,,,,,,,,86096,,,,,,,,,,,,,,,Gaius_Caesar_(1),,,I00446783
Q138424,Q313735,,alvin-person:26314,,,,,,,,,,,,,,,,,,,,,,,,,,,,,,,,,,,,,,,,Lucius_Caesar_(1),,,I00446784
Q138425,Q1407,,,,,,,,,,8245972,,,,,,,,,,,,,,person/004DB1B8-3A37-45F6-9FEB-72EF7270FA3F,,,86067,,,,,,,,,,,,,,,Tiberius_(1),,,I00446762
Q138426,Q325906,,,,,,,,,,,,,,,,,,,,,,,,,,,,,,,,,,,,,,,,,,Agrippa_Postumus_(1),,,I00446785
Q138427,Q857036,,,,,,,,,,,,,,,,,,,,,,,,,,,,,,,,,,,,,,,,,,,,,I00735966
Q138428,Q11929531,,,,,,,,,,,,,,,,,,,,,,,,,,,,,,,,,,,,,,,,,,,,,I00735967
Q138429,Q111419899,,,,,,,,,,,,,,,,,,,,,,,,,,,,,,,,,,,,,,,,,,,,,I00735954
Q138430,Q48174,,alvin-person:26313,,,,,,,,,,,,,,,,,,,,,,person/0DC22F18-BD82-4184-AA1E-1E33A9DAAF5B,,,86072,,,,,,,,,,,,,,,Marcus_Vipsanius_Agrippa_(1),,,I00446760
Q138431,Q4111991,,,,,,,,,,,,,,,,,,,,,,,,,,,,,,,,,,,,,,,,,,,,,I00735508
Q138432,Q2171665,,,,,,,,,,,,,,,,,,,,,,,,,,,,,,,,,,,,,,,,,,,,,I00735538
Q138433,Q705383,,,,,,,,,,,,,,,,,,,,,,,,,,,,,,,,,,,,,,,,,,,,,I00695430
Q138434,Q375849,,alvin-person:25687,,,,,,,,,,,,,,,,,,,,,,person/3D97D89A-0E45-49DF-9AAC-C096ACB11ABC,,,,,,,,,,,,,,,,,,Lucius_Aemilius_Lepidus_Paullus_(2),,,I00735539
Q138435,Q1232435,,,,,,,,,,,,,,,,,,,,,,,,,,,167472,,,,,,,,,,,,,,,Marcus_Valerius_Messalla_Messallinus_(1),,,I00736171
Q138436,Q1246807,,,,,,,,,,,,,,,,,,,,,,,,,,,,,,,,,,,,,,,,,,Marcus_Valerius_Messalla_Barbatus_(1),,,I00695431
Q138437,Q4341271,,,,,,,,,,,,,,,,,,,,,,,,,,,,,,,,,,,,,,,,,,,,,I00736174
Q138438,Q91361630,,,,,,,,,,,,,,,,,,,,,,,,,,,,,,,,,,,,,,,,,,,,,I00736172
Q138439,Q12282864,,,,,,,,,,,,,,,,,,,,,,,,,,,,,,,,,,,,,,,,,,,,,
Q138440,Q360920,,,,,,,,,,,,,,,,,,,,,,,,,,,167460,,,,,,,,,,,,,,,Gnaeus_Domitius_Ahenobarbus_(consul_32_BC)_(1),,,I00695414
Q138441,Q9253607,,,,,,,,,,,,,,,,,,,,,,,,,,,,,,,,,,,,,,,,,,,,,I00695415
Q138442,Q763627,,,,,,,,,,,,,,,,,,,,,,,,,,,167468,,,,,,,,,,,,,,,,,,I00735926
Q138443,Q1247347,,,,,,,,,,,,,,,,,,,,,,,,,,,,,,,,,,,,,,,,,,,,,
Q138444,Q718165,,,,,,,,,,,,,,,,,,,,,,,,,,,,,,,,,,,,,,,,,,Gaius_Sallustius_Crispus_Passienus_(1),,,
Q138445,Q1229378,,,,,,,,,,,,,,,,,,,,,,,,,,,167470,,,,,,,,,,,,,,,,,,I00735924
Q138446,Q98276100,,,,,,,,,,,,,,,,,,,,,,,,,,,,,,,,,,,,,,,,,,,,,
Q138447,Q154732,,,,,,,,,,,,,,,,,,,,,,,,person/4523f9b5-d130-4378-bbab-8701b7c5bc79,,,86076,,,,,,,,,,,,,,,Agrippina_the_Younger_(1),,,I00446773
Q138448,Q1413,,alvin-person:26381,,,,,,,,,,,,,,,,,,,,,,person/713376E7-E801-43F3-83C6-806FCDEB586C,,,86079,,,,,,,,,,,,,,,Nero_(1),,,I00446775
Q138449,Q1365457,,,,,,,,,,,,,,,,,,,,,,,,,,,,,,,,,,,,,,,,,,,,,I00735464
Q138450,Q721170,,,,,,,,,,,,,,,,,,,,,,,,,,,,,,,,,,,,,,,,,,Appius_Junius_Silanus_(1),,,
Q138451,Q229871,,,,,,,,,,110006817,,,,,,,,,,,,,,,,,,,,,,,,,,,,,,,,Valeria_Messalina_(1),,Messalina-1,I00446772
Q138452,Q1229464,,,,,,,,,,,,,,,,,,,,,,,,,,,,,,,,,,,,,,,,,,Marcus_Valerius_Messala_Corvinus_(1),,,
Q138453,Q705117,,,,,,,,,,,,,,,,,,,,,,,,,,,167455,,,,,,,,,,,,,,,Faustus_Cornelius_Sulla_Felix_(1),,,I00735469
Q138454,Q106443828,,,,,,,,,,,,,,,,,,,,,,,,,,,,,,,,,,,,,,,,,,,,,
Q138455,Q342512,,,,,,,,,,,,,,,,,,,,,,,,,,,86066,,,,,,,,,,,,,,,Tiberius_Claudius_Nero_(1),,,I00446758
Q138456,Q229413,,,,,,,,,,,,,,,,,,,,,,,,,,,86073,,,,,,,,,,,,,,,Agrippina_the_Elder_(1),,,I00446770
Q138457,Q1409,,alvin-person:26369,,,,,,,,,,,,,,,,,,,,,,person/754D4073-A569-47B4-AA23-8530FB424F69,,,86075,,,,,,,,,,,,,,,Caligula_(1),,Germanicus-11,I00446780
Q138458,Q370363,,,,,,,,,,,,,,,,,,,,,,,,,,,,,,,,,,,,,,,,,,Nero_Julius_Caesar_Germanicus_(1),,Caesar-155,I00446782
Q138459,Q241036,,alvin-person:26373,,,,,,,,190201855,,,,,,,,,,,,,,,,,86100,,,,,,,,,,,,,,,Drusilla_(sister_of_Caligula)_(1),,,I00446799
Q138460,Q237629,,alvin-person:26374,,,,,,,,,,,,,,,,,,,,,,,,,,,,,,,,,,,,,,,,Livilla_(1),,Livilla-1,
Q138461,Q165448,,,,,,,,,,,,,,,,,,,,,,,,,,,,,,,,,,,,,,,,,,Drusus_Caesar_(1),,Caesar-156,I00446781
Q138462,Q91339267,,,,,,,,,,,,,,,,,,,,,,,,,,,,,,,,,,,,,,,,,,,,,
Q138463,Q91340775,,,,,,,,,,,,,,,,,,,,,,,,,,,,,,,,,,,,,,,,,,,,,
Q138464,Q91340806,,,,,,,,,,,,,,,,,,,,,,,,,,,,,,,,,,,,,,,,,,,,,
Q138465,Q313737,,alvin-person:26354|alvin-person:26378,,,,,,,,,,,,,,,,,,,,,,,,,86088,,,,,,,,,,,,,,,Drusus_Julius_Caesar_(1),,,I00446764
Q138466,Q108361,,,,,,,,,,,,,,,,,,,,,,,,,,,,,,,,,,,,,,,,,,,,,
Q138467,Q266030,,,,,,,,,,,,,,,,,,,,,,,,,,,,,,,,,,,,,,,,,,,,,I00735606
Q138468,Q319410,,,,,,,,,,,,,,,,,,,,,,,,,,,,,,,,,,,,,,,,,,,,,I00801091
Q138469,Q1970370,,,,,,,,,,,,,,,,,,,,,,,,,,,,,,,,,,,,,,,,,,,,,
Q138470,Q236259,,,,,,,,,,,,,,,,,,,,,,,,,,,187146,,,,,,,,,,,,,,,Plautia_Urgulanilla_(1),,,I00446801
Q138471,Q238448,,,,,,,,,,,,,,,,,,,,,,,,,,,,,,,,,,,,,,,,,,Aelia_Paetina_(3),,,I00446802
Q138472,Q2975271,,,,,,,,,,,,,,,,,,,,,,,,,,,,,,,,,,,,,,,,,,,,,I00446803
Q138473,Q30026262,,,,,,,,,,,,,,,,,,,,,,,,,,,,,,,,,,,,,,,,,,,,,
Q138474,Q255410,,,,,,,,,,,,,,,,,,,,,,,,person/d4c90951-31d0-4fbf-946a-da9e801117b0,,,86113,,,,,,,,,,,,,,,Claudia_Antonia_(3),,,I00735467
Q138475,Q231262,,,,,,,,,,,,,,,,,,,,,,,,,,,86104,,,,,,,,,,,,,,,Claudia_Octavia_(1),,Octavia-5,I00446776
Q138476,Q313115,,,,,,,,,,,,,,,,,,,,,,,,,,,86103,,,,,,,,,,,,,,,Britannicus_(1),,Brittanicus-1,I00446777
Q138477,Q651208,,,,,,,,,,,,,,,,,,,,,,,,,,,,,,,,,,,,,,,,,,,,,I00735685
Q138478,Q1893528,,,,,,,,,,,,,,,,,,,,,,,,,,,,,,,,,,,,,,,,,,,,,I00735686
Q138479,Q255870,,,,,,,,,,,,,,,,,,,,,,,,,,,,,,,,,,,,,,,,,,Julia_Caesaris_(1),,,I00735692
Q138480,Q302813,,,,,,,,,,,,,,,,,,,,,,,,,,,,,,,,,,,,,,,,,,,,,I00735691
Q138481,Q705425,,,,,,,,,,,,,,,,,,,,,,,,,,,168152,,,,,,,,,,,,,,,,,,
Q138482,Q720859,,,,,,,,,,,,,,,,,,,,,,,,,,,,,,,,,,,,,,,,,,,,,
Q138483,Q720840,,,,,,,,,,,,,,,,,,,,,,,,,,,,,,,,,,,,,,,,,,,,,
Q138484,Q93714494,,,,,,,,,,,,,,,,,,,,,,,,,,,,,,,,,,,,,,,,,,,,,I00735979
Q138485,Q255465,,,,,,,,,,,,,,,,,,,,,,,,,,,167370,,,,,,,,,,,,,,,,,,I00735978
Q138486,Q171083,,,,,,,,,,,,,,,,,,,,,,,,,,,167448,,,,,,,,,,,,,,,Lucius_Cornelius_Cinna_(1),,,I00446789
Q138487,Q4066696,,,,,,,,,,,,,,,,,,,,,,,,,,,270872,,,,,,,,,,,,,,,,,,I00735879
Q138488,Q3031793,,,,,,,,,,,,,,,,,,,,,,,,,,,,,,,,,,,,,,,,,,,,,
Q138489,Q646993,,,,,,,,,,,,,,,,,,,,,,,,,,,,,,,,,,,,,,,,,,Lucius_Cornelius_Cinna_(suffect_consul)_(1),,,I00735992
Q138490,Q11768202,,,,,,,,,,,,,,,,,,,,,,,,,,,,,,,,,,,,,,,,,,,,,I00736008
Q138491,Q16188661,,,,,,,,,,,,,,,,,,,,,,,,,,,,,,,,,,,,,,,,,,,,,
Q138492,Q19716301,,,,,,,,,,,,,,,,,,,,,,,,,,,,,,,,,,,,,,,,,,,,,I00735486
Q138493,Q2126654,,,,,,,,,,,,,,,,,,,,,,,,,,,,,,,,,,,,,,,,,,Cornelia_(daughter_of_Sulla)_(1),,,I00735485
Q138494,Q2123402,,,,,,,,,,,,,,,,,,,,,,,,,,,,,,,,,,,,,,,,,,,,,I00738400
Q138495,Q365840,,,,,,,,,,,,,,,,,,,,,,,,,,,,,,,,,,,,,,,,,,,,,I00735948
Q138496,Q100783236,,,,,,,,,,,,,,,,,,,,,,,,,,,,,,,,,,,,,,,,,,,,,
Q138497,Q709811,,,,,,,,,,,,,,,,,,,,,,,,,,,,,,,,,,,,,,,,,,,,,I00735947
Q138498,Q336538,,,,,,,,,,,,,,,,,,,,,,,,,,,167359,,,,,,,,,,,,,,,Pompeius_Strabo_(1),,,I00735470
Q138499,Q56259966,,,,,,,,,,,,,,,,,,,,,,,,,,,,,,,,,,,,,,,,,,,,,I00735471
Q138500,Q435946,,,,,,,,,,,,,,,,,,,,,,,,,,,,,,,,,,,,,,,,,,"Pompeia,_sister_of_triumvir_Pompey_(1)",,,I00735474
Q138501,Q518068,,,,,,,,,,,,,,,,,,,,,,,,,,,,,,,,,,,,,,,,,,,,,
Q138502,Q380857,,,,,,,,,,,,,,,,,,,,,,,,,,,167417,,,,,,,,,,,,,,,Aemilia_Scaura_(1),,,I00736102
Q138503,Q273616,,,,,,,,,,,,,,,,,,,,,,,,,,,167419,,,,,,,,,,,,,,,Mucia_Tertia_(1),,,I00735551
Q138504,Q270384,,,,,,,,,,,,,,,,,,,,,,,,,,,167423,,,,,,,,,,,,,,,,,,I00735586
Q138505,Q473280,,,,,,,,,,,,,,,,,,,,,,,,,,,,,,,,,,,,,,,,,,Gnaeus_Pompeius_(1),,,I00735666
Q138506,Q295228,,alvin-person:25741,,,,,,,,,,,,,,,,,,,,,,,,,167426,,,,,,,,,,,,,,,Sextus_Pompey_(1),,,I00735554
Q138507,Q442503,,,,,,,,,,,,,,,,,,,,,,,,,,,167431,,,,,,,,,,,,,,,Pompeia_(daughter_of_Pompey_the_Great)_(1),,,I00735550
Q138508,Q244345,,,,,,,,,,,,,,,,,,,,,,,,person/B6276AEB-A187-4EC8-AF8D-C172AB2A2AF0,,,,,,,,,,,,,,,,,,Herod_Archelaus_(1),,,I00738156
Q138509,Q2610351,,,,,,,,,,,,,,,,,,,,,,,,,,,,,,,,,,,,,,,,,,,,,I00736437
Q138510,Q2066272,,,,,,,,,,,,,,,,,,,,,,,,,,,,,,,,,,,,,,,,,,,,,I00736438
Q138511,Q316915,,,,,,,,,,,,,,,,,,,,,,,,person/dcf4253a-43b1-4dbc-a45a-e0edfe8d424a,,,933435,,,,,,,,,,,,,,,Antonius_Felix_(1),,,I00736187
Q138512,Q1639311,,,,,,,,,,,,,,,,,,,,,,,,,,,156351,,,,,,,,,,,,,,,Sohaemus_of_Emesa_(1),,,I00736188
Q138513,Q5517437,,,,,,,,,,,,,,,,,,,,,,,,,,,,,,,,,,,,,,,,,,,,,I00736191
Q138514,Q521819,,,,,,,,,,,,,,,,,,,,,,,,,,,,,,,,,,,,,,,,,,,,,I00736545
Q138515,Q580014,,,,,,,,,,,,,,,,,,,,,,,,,,,497887,,,,,,,,,,,,,,,Antiochus_IV_of_Commagene_(1),,,I00736544
Q138516,Q3624485,,,,,,,,,,,,,,,,,,,,,,,,,,,497883,,,,,,,,,,,,,,,Gaius_Julius_Archelaus_Antiochus_Epiphanes_(1),,,I00738046
Q138517,Q3946551,,,,,,,,,,,,,,,,,,,,,,,,,,,,,,,,,,,,,,,,,,,,,I00736189
Q138518,Q3801454,,,,,,,,,,,,,,,,,,,,,,,,,,,,,,,,,,,,,,,,,,,,,I00738731
Q138519,Q2875177,,,,,,,,,,,,,,,,,,,,,,,,,,,,,,,,,,,,,,,,,,,,,I00738833
Q138520,Q13427665,,,,,,,,,,,,,,,,,,,,,,,,,,,956456,,,,,,,,,,,,,,,,,,I00738739
Q138521,Q725225,,,,,,,,,,,,,,,,,,,,,,,,,,,169086,,,,,,,,,,,,,,,,,,I00738787
Q138522,Q389558,,,,,,,,,,,,,,,,,,,,,,,,,,,,,,,,,,,,,,,,,,,,,I00738786
Q138523,Q107486109,,,,,,,,,,,,,,,,,,,,,,,,,,,,,,,,,,,,,,,,,,,,,
Q138524,Q2750023,,,,,,,,,,,,,,,,,,,,,,,,,,,,,,,,,,,,,,,,,,,,,I00717514
Q138525,Q116474341,,,,,,,,,,,,,,,,,,,,,,,,,,,,,,,,,,,,,,,,,,,,,I00738553
Q138526,Q353680,,,,,,,,,,,,,,,,,,,,,,,,,,,,,,,,,,,,,,,,,,,,,I00717517
Q138527,Q342802,,alvin-person:52238,,,,,,,,,,,,,,,,,,,,,,,,,,,,,,,,,,,,,,,,,,,I00717518
Q138528,Q2716107,,,,,,,,,,,,,,,,,,,,,,,,,,,,,,,,,,,,,,,,,,,,,I00738273
Q138529,Q2381958,,,,,,,,,,,,,,,,,,,,,,,,,,,,,,,,,,,,,,,,,,,,,I00738274
Q138530,Q312446,,,,,,,,,,,,,,,,,,,,,,,,,,,139815,,,,,,,,,,,,,,,,,Of_Parthia-3,I00303232
Q138531,Q317042,,,,,,,,,,,,,,,,,,,,,,,,,,,339150,,,,,,,,,,,,,,,,,,I00738275
Q138532,Q318162,,,,,,,,,,,,,,,,,,,,,,,,,,,,,,,,,,,,,,,,,,,,,I00717508
Q138533,Q123128660,,,,,,,,,,,,,,,,,,,,,,,,,,,,,,,,,,,,,,,,,,,,,
Q138534,Q1136380,,,,,,,,,,,,,,,,,,,,,,,,,,,,,,,,,,,,,,,,,,,,,
Q138535,Q25668646,,,,,,,,,,,,,,,,,,,,,,,,,,,,,,,,,,,,,,,,,,,,,
Q138536,Q25668661,,,,,,,,,,,,,,,,,,,,,,,,,,,,,,,,,,,,,,,,,,,,,
Q138537,Q4751409,,,,,,,,,,,,,,,,,,,,,,,,,,,970893,,,,,,,,,,,,,,,,,,
Q138538,Q164294,,,,,,,,,,,,,,,,,,,,,,,,term/1F92AF47-A1D4-4855-A1B6-8A1F4D213007,,,407807|174329,,,,,,,,,,,,,,,,,,
Q138539,Q345,,,,,,,,M1XP-LRY,,6018,,,,,,,,,,,,,,term/2BABF61C-44E3-45E1-9C3E-2B50CD257305|term/7AD73796-9AFF-4280-AA5C-E8C0ACCFAAE4|term/EABDDD17-7E83-45D8-B459-39770D2D4E17,,,90682,,,,,,,,,,,,,,,,,,
Q138540,Q26925,,,,,,,,,,,,,,,,,,,,,,,,,,,407825,,,,,,,,,,,,,,,,,,
Q138541,Q3099259,,,,,,,,,,,,,,,,,,,,,,,,,,,505653|753371|407827,,,,,,,,,,,,,,,,,,
Q138542,Q2464332,,,,,,,,,,,,,,,,,,,,,,,,,,,,,,,,,,,,,,,,,,,,,
Q138543,Q2721201,,,,,,,,,,,,,,,,,,,,,,,,,,,,,,,,,,,,,,,,,,,,,
Q138544,Q983883,,,,,,,,,,,,,,,,,,,,,,,,,,,,,,,,,,,,,,,,,,,,,
Q138545,Q2474,,,,,,,,,,,,,,,,,,,,,,,,,,,,,,,,,,,,,,,,,,,,,
Q138546,Q271379,,,,,,,,,,,,,,,,,,,,,,,,,,,,,,,,,,,,,,,,,p15033.htm#i150323,,,,I00349178
Q138550,Q261136,,,,,,,,,,,,,,,,,,,,,,,,,,,364430,,,,,,,,,,,,,,,,,,
Q138551,Q3983843,,,,,,,,,,,,,,,,,,,,,,,,,,,,,,,,,,,,,,,,,,,,,
Q138552,Q3618369,,,,,,,,,,,,,,,,,,,,,,,,,,,,,,,,,,,,,,,,,,,,,
Q138553,Q2192525,,,,,,,,,,,,,,,,,,,,,,,,,,,131121,,p=pedro;n=de cantabria,,,,,,,,,,,,p15271.htm#i152710,Pedro_De_Cantabria_(2)|Peter_of_Cantabria_(1),,Cantabria-17,I00120398
Q138554,Q333609,,,,,,,,,,,,,,,,,,,,,,,,,,,131122,,p=alfonso;n=de asturias;oc=1,,,,,,,,,,,,p15271.htm#i152708,Alfonso_I_of_Asturias_(1),,Asturias-10,I00120400
Q138555,Q1231049,,,,,,,,,,,,,,,,,,,,,,,,,,,139009,,p=garcia iniguez;n=de pamplona;oc=1,,,,,,,,,,,,p15274.htm#i152733,García_Íñiguez_of_Pamplona_(1),,Pamplona-6,I00106656
Q138559,Q3726692,,,,,,,,,,,,,,,,,,,,,,,,,,,87863,,,,,,,,,,,,,,p15025.htm#i150245,Eógan_mac_Néill_(1),,Mac_Néill-417,
Q138560,Q75451259,,,,,,,,,,,,,,,,,,,,,,,,,,,,,,,,,,,,,,,,,p15008.htm#i150075,,,,
Q138561,Q76121905,,,,,,,,,,,,,,,,,,,,,,,,,,,,,,,,,,,,,,,,,p54613.htm#i546124,,,,
Q138562,Q5228115,,,,,,,,,,,,,,,,,,,,,,,,,,,921112,,,,,,,,,,,,,,p28412.htm#i284112,Dui_Uma_(1),,Mac_Bruin-1,
Q138563,Q1274119,,,,,,,,,,,,,,,,,,,,,,,,,,,,,,,,,,,,,,,,,p15008.htm#i150073,Áed_Uaridnach_(1),,Mac_Domnaill-11,
Q138564,Q1260251,,,,,,,,,,,,,,,,,,,,,,,,,,,87876,,,,,,,,,,,,,,p15007.htm#i150065,,,Mac_Domnaill-8,
Q138565,Q5142154,,,,,,,,,,,,,,,,,,,,,,,,,,,,,,,,,,,,,,,,,p54612.htm#i546116,,,Mac_Domnaill-10,
Q138566,Q518935,,,,,,,,,,6531618,,,,,,,,,,,,,,,,,203764,,p=wiglaf;n=of mercia,,,,,,,,,,,,p15037.htm#i150368,Wiglaf_of_Mercia_(1),,Mercia-113,
Q138567,Q75454875,,,,,,,,,,,,,,,,,,,,,,,,,,,,,,,,,,,,,,,,,p15259.htm#i152588,,,,
Q138568,Q20559009,,,,,,,,,,,,,,,,,,,,,,,,,,,,,,,,,,,,,,,,,,,,,
Q138569,Q116055580,,,,,,,,,,,,,,,,,,,,,,,,,,,,,,,,,,,,,,,,,,,,,I00773185
Q138570,Q122361640,,,,,,,,,,,,,,,,,,,,,,,,,,,,,,,,,,,,,,,,,,,,,I00753300
Q138571,Q116112784,,,,,,,,,,,,,,,,,,,,,,,,,,,,,,,,,,,,,,,,,,,,,I00752906
Q138572,Q116055616,,,,,,,,,,,,,,,,,,,,,,,,,,,,,,,,,,,,,,,,,,,,,I00750395
Q138573,Q189095,,alvin-person:35388,,,,,,,,35941160,,,,,,,,,,,,,,person/e370f0e0-7beb-4b52-a791-81f97e7f66ae,,,,,,,,,,,,,,,,,,,,,I00696007
Q138574,Q1430,,alvin-person:28399,,,,,,,,35001023,,,,,,,,,,,,,,person/70DC1938-A059-4BAD-AEDF-6586BD3EE3C9,,,246074,,,,,,,,,,,,,,,Marcus_Aurelius_(1),,Aurelius-1,I00446847
Q138575,Q236936,,alvin-person:33586,,,,,,,,,,,,,,,,,,,,,,person/C3A24E7F-7641-4551-A991-662A52060022|term/4804AC12-15FD-4BAB-986E-B4DD93DB26B1,,,246077,,,,,,,,,,,,,,,Faustina_Unknown_(1),,Faustina-1,I00446848
Q138576,Q1434,,alvin-person:28400,,,,,,,,35047920,,,,,,,,,,,,,,person/76abe2b6-7958-4ead-a2b9-8c30fb88d234,,,246094,,,,,,,,,,,,,,,Commodus_(1),,Commodus-1,I00446857
Q138577,Q3655950,,,,,,,,,,,,,,,,,,,,,,,,,,,,,,,,,,,,,,,,,,Annia_Aurelia_Galeria_Faustina_(1),,,I00736212
Q138578,Q3656003,,,,,,,,,,,,,,,,,,,,,,,,,,,,,,,,,,,,,,,,,,Vibia_Aurelia_Sabina_(1),,,
Q138579,Q2055853,,,,,,,,,,,,,,,,,,,,,,,,,,,,,,,,,,,,,,,,,,Fadilla_(1),,,I00736219
Q138580,Q441706,,,,,,,,,,,,,,,,,,,,,,,,,,,,,,,,,,,,,,,,,,Annia_Cornificia_Faustina_Minor_(1),,,
Q138581,Q567222,,,,,,,,,,,,,,,,,,,,,,,,,,,,,,,,,,,,,,,,,,Marcus_Annius_Verus_Caesar_(1),,,
Q138582,Q16167328,,,,,,,,,,,,,,,,,,,,,,,,,,,,,,,,,,,,,,,,,,,,,
Q138583,Q12278990,,,,,,,,,,,,,,,,,,,,,,,,,,,,,,,,,,,,,,,,,,,,,
Q138584,Q1433,,alvin-person:33569,,,,,,,,34940383,,,,,,,,,,,,,,person/92c21a92-7351-4d80-aa2a-27d33ddaee2d,,,246098|246101,,,,,,,,,,,,,,,Lucius_Verus_(1),,,I00446854
Q138585,Q12285207,,,,,,,,,,,,,,,,,,,,,,,,,,,,,,,,,,,,,,,,,,,,,
Q138586,Q353938,,,,,,,,,,,,,,,,,,,,,,,,,,,,,,,,,,,,,,,,,,,,,
Q138587,Q1131441,,,,,,,,,,,,,,,,,,,,,,,,,,,,,,,,,,,,,,,,,,,,,
Q138588,Q459845,,,,,,,,,,,,,,,,,,,,,,,,person/37562d03-6c70-4e13-90f4-2dce9ff36646,,,,,,,,,,,,,,,,,,,,,
Q138589,Q1254885,,,,,,,,,,,,,,,,,,,,,,,,,,,,,,,,,,,,,,,,,,Gratian_the_Elder_(1),,Of_Rome-64,I00248955
Q138591,Q15697,,,,,,,,,,,,,,,,,,,,,,,,,,,,,,,,,,,,,,,,,,,,,
Q138593,Q936716,,,,,,,,,,,,,,,,,,,,,,,,,,,405538,,,,,,,,,,,,,,,,,,
Q138594,Q3655740,,,,,,,,,,,,,,,,,,,,,,,,,,,,,,,,,,,,,,,,,,,,,
Q138595,Q1605274,,,,,,,,,,,,,,,,,,,,,,,,,,,405535,,,,,,,,,,,,,,,,,,
Q138596,Q3655796,,,,,,,,,,,,,,,,,,,,,,,,,,,402892,,,,,,,,,,,,,,,Son_Procopius_(1),,Byzantium-7,
Q138597,Q2639031,,,,,,,,,,,,,,,,,,,,,,,,,,,,,,,,,,,,,,,,,,,,,
Q138598,Q450826,,,,,,,,LDMG-1WC,,,,,,,,,,,,,,,,,,,137147|926265,,p=gwenllian;n=of gwynedd,,,,,,,,,,,,p40494.htm#i404935,Gwenllian_ferch_Gruffydd_(1),,Ferch_Gruffydd-20,I00005927
Q138599,Q2253176,,,,,,,,,,,,,,,,,,,,,,,,,,,414207,,,,,,,,,,,,,,,Maredudd_Gruffydd_(2),,Gruffydd-108,
Q138600,Q2519789,,,,,,,,,,,,,,,,,,,,,,,,,,,414205,,p=anarawd;n=of south wales,,,,,,,,,,,,,Anarawd_ap_Gruffydd_(1),,Ap_Gruffudd-82,
Q138601,Q2519799,,,,,,,,,,,,,,,,,,,,,,,,,,,414206,,p=cadell;n=of south wales,,,,,,,,,,,,,Cadell_Gruffydd_(1),,Ap_Gruffydd-69,
Q138602,Q97534108,,,,,,,,,,,,,,,,,,,,,,,,,,,,,,,,,,,,,,,,,,,,Ferch_Gruffudd-33,I00581029
Q138603,Q116470717,,,,,,,,,,,,,,,,,,,,,,,,,,,,,,,,,,,,,,,,,,,,,I00762410
Q138604,Q117307098,,,,,,,,,,,,,,,,,,,,,,,,,,,,,,,,,,,,,,,,,,,,,I00759027
Q138605,Q128855807,,,,,,,,,,,,,,,,,,,,,,,,,,,,,,,,,,,,,,,,,,,,,I00761114
Q138608,Q2745179,,,,,,,,LCYS-L2D,,,,,,,,,,,,,,,,,,,409701,,p=ednyfed;n=ap cynwrig,,,,,,,,,,,,p60991.htm#i609902|p56807.htm#i568067,Ednyfed_Fychan_ap_Cynwrig_(1),,Ap_Cynwrig-12,I00059417
Q138609,Q5586828,,,,,,,,,,,,,,,,,,,,,,,,,,,409700,,p=goronwy ap ednyfed;n=fychan,,,,,,,,,,,,p10282.htm#i102819,Grono_Ap_Ednyfed_Vychan_(1),,Ab_Ednyfed-5,I00059419
Q138610,Q13128785,,,,,,,,,,,,,,,,,,,,,,,,,,,,,p=griffith;n=fychan,,,,,,,,,,,,p60993.htm#i609924,Gruffudd_Unknown_(21),,Ab_Ednyfed-3,
Q138611,Q76214342,,,,,,,,,,,,,,,,,,,,,,,,,,,,,p=rhys;n=ap ednyfed fychan,,,,,,,,,,,,p60993.htm#i609926,Rhys_Unknown_(6),,,
Q138612,Q76214344,,,,,,,,,,,,,,,,,,,,,,,,,,,,,,,,,,,,,,,,,p67269.htm#i672690,Anghard_Unknown_(1),,,
Q138613,Q76214323,,,,,,,,,,,,,,,,,,,,,,,,,,,,,p=gwenhwyfar;n=fychan,,,,,,,,,,,,p60992.htm#i609911,Gwenllian_Unknown_(24),,Ferch_Ednyfed-8,I00753016
Q138614,Q116052807,,,,,,,,,,,,,,,,,,,,,,,,,,,,,,,,,,,,,,,,,,,,,I00755748
Q138615,Q110582689,,,,,,,,,,,,,,,,,,,,,,,,,,,,,,,,,,,,,,,,,,,,Ferch_Gwrgeneu-3,I00163449
Q138616,Q116054844,,,,,,,,,,,,,,,,,,,,,,,,,,,,,,,,,,,,,,,,,,,,,I00759591
Q138617,Q110585306,,,,,,,,,,,,,,,,,,,,,,,,,,,,,,,,,,,,,,,,,,,,,I00759496
Q138618,Q110636927,,,,,,,,,,,,,,,,,,,,,,,,,,,,,,,,,,,,,,,,,,,,,I00709766
Q138619,Q116115291,,,,,,,,,,,,,,,,,,,,,,,,,,,,,,,,,,,,,,,,,,,,,I00760227
Q138620,Q116146145,,,,,,,,,,,,,,,,,,,,,,,,,,,,,,,,,,,,,,,,,,,,,I00760663
Q138621,Q25397562,,,,,,,,,,,,,,,,,,,,,,,,,,,1371327,,p=salomon;n=de cornouaille,,,,,,,,,,,,,,,Salomon-85,
Q138622,Q3552305,,,,,,,,,,,,,,,,,,,,,,,,,,,,,,,,,,,,,,,,,,,,,
Q138623,Q4457150,,,,,,,,,,,,,,,,,,,,,,,,,,,,,,,,,,,,,,,,,,,,,
Q138624,Q53719817,,,,,,,,,,,,,,,,,,,,,,,,,,,,,,,,,,,,,,,,,,,,,
Q138625,Q116112633,,,,,,,,,,,,,,,,,,,,,,,,,,,,,,,,,,,,,,,,,,,,,I00760185
Q138626,Q116052932,,,,,,,,,,,,,,,,,,,,,,,,,,,,,,,,,,,,,,,,,,,,,I00753864
Q138627,Q110152965,,,,,,,,,,,,,,,,,,,,,,,,,,,,,,,,,,,,,,,,,,,,,I00760193
Q138628,Q116113221,,,,,,,,,,,,,,,,,,,,,,,,,,,,,,,,,,,,,,,,,,,,Ap_Gwyn-9,I00751679
Q138629,Q124656157,,,,,,,,,,,,,,,,,,,,,,,,,,,,,,,,,,,,,,,,,,Baetan_Mac_Echach_(1),,,
Q138630,Q1284541,,,,,,,,,,,,,,,,,,,,,,,,,,,141437,,p=aed find;n=of scotland,,,,,,,,,,,,,Áed_Find_(1),,Find-16,I00022596
Q138631,Q2551953,,,,,,,,,,,,,,,,,,,,,,,,,,,,,p=fergus;n=of scotland,,,,,,,,,,,,p880.htm#i8794,Fergus_mac_Echdach_(1),,Macaed-1,
Q138632,Q110622301,,,,,,,,,,,,,,,,,,,,,,,,,,,,,,,,,,,,,,,,,,,,,I00759128
Q138633,Q116052959,,,,,,,,,,,,,,,,,,,,,,,,,,,,,,,,,,,,,,,,,,,,,I00759324
Q138634,Q110152906,,,,,,,,,,,,,,,,,,,,,,,,,,,,,,,,,,,,,,,,,,,,Ap_Cadfael-4,I00752125
Q138635,Q112532330,,,,,,,,,,,,,,,,,,,,,,,,,,,,,,,,,,,,,,,,,,,,,I00760138
Q138636,Q116110881,,,,,,,,,,,,,,,,,,,,,,,,,,,,,,,,,,,,,,,,,,,,,I00711860
Q138637,Q4535441,,,,,,,,,,,,,,,,,,,,,,,,,,,,,,,,,,,,,,,,,,,,Ap_Anarawd-14,
Q138638,Q116113093,,,,,,,,,,,,,,,,,,,,,,,,,,,,,,,,,,,,,,,,,,,,,I00749940
Q138639,Q4505352,,,,,,,,,,,,,,,,,,,,,,,,,,,136960,,,,,,,,,,,,,,,Arthen_Ap_Seisyll_(3),,Ap_Seisyll-13,I00753297
Q138640,Q15874136,,,,,,,,,,,,,,,,,,,,,,,,,,,,,,,,,,,,,,,,,,Custennin_Iago_(1),,Ab_Iago-5,
Q138641,Q2253191,,,,,,,,,,,,,,,,,,,,,,,,,,,414223,,p=hywel;n=of gwynedd;oc=1,,,,,,,,,,,,p10259.htm#i102587,Hywel_ap_Ieuaf_(1),,Iefan-1,
Q138642,Q2178315,,,,,,,,,,,,,,,,,,,,,,,,,,,414224,,p=cadwallon;n=of gwynedd;oc=2,,,,,,,,,,,,p10259.htm#i102588,Cadwallon_ab_Ieuaf_(1),,,
Q138643,Q15879008,,,,,,,,,,,,,,,,,,,,,,,,,,,,,,,,,,,,,,,,,,,,,
Q138644,Q116113282,,,,,,,,,,,,,,,,,,,,,,,,,,,,,,,,,,,,,,,,,,,,Ferch_Elise-1,I00139762
Q138645,Q116052981,,,,,,,,,,,,,,,,,,,,,,,,,,,,,,,,,,,,,,,,,,,,,I00759467
Q138646,Q110662823,,,,,,,,,,,,,,,,,,,,,,,,,,,,,,,,,,,,,,,,,,,,,I00759730
Q138647,Q116147602,,,,,,,,,,,,,,,,,,,,,,,,,,,,,,,,,,,,,,,,,,,,,I00759927
Q138648,Q116054840,,,,,,,,,,,,,,,,,,,,,,,,,,,,,,,,,,,,,,,,,,,,,I00583196
Q138649,Q110583424,,,,,,,,,,,,,,,,,,,,,,,,,,,,,,,,,,,,,,,,,,,,,I00706231
Q138650,Q110413397,,,,,,,,,,,,,,,,,,,,,,,,,,,,,,,,,,,,,,,,,,,,,I00708243
Q138651,Q116054856,,,,,,,,,,,,,,,,,,,,,,,,,,,,,,,,,,,,,,,,,,,,,I00761794
Q138652,Q116055005,,,,,,,,,,,,,,,,,,,,,,,,,,,,,,,,,,,,,,,,,,,,,I00760474
Q138653,Q116055021,,,,,,,,,,,,,,,,,,,,,,,,,,,,,,,,,,,,,,,,,,,,,I00757723
Q138654,Q116055628,,,,,,,,,,,,,,,,,,,,,,,,,,,,,,,,,,,,,,,,,,,,,I00764222
Q138655,Q116115713,,,,,,,,,,,,,,,,,,,,,,,,,,,,,,,,,,,,,,,,,,,,,I00775229
Q138656,Q116116004,,,,,,,,,,,,,,,,,,,,,,,,,,,,,,,,,,,,,,,,,,,,,I00758132
Q138657,Q116054544,,,,,,,,,,,,,,,,,,,,,,,,,,,,,,,,,,,,,,,,,,,,,I00751460
Q138658,Q116054545,,,,,,,,,,,,,,,,,,,,,,,,,,,,,,,,,,,,,,,,,,,,,I00759581
Q138659,Q116112401,,,,,,,,,,,,,,,,,,,,,,,,,,,,,,,,,,,,,,,,,,,,,I00723204
Q138660,Q116147591,,,,,,,,,,,,,,,,,,,,,,,,,,,,,,,,,,,,,,,,,,,,,I00764434
Q138661,Q116148186,,,,,,,,,,,,,,,,,,,,,,,,,,,,,,,,,,,,,,,,,,,,,I00757599
Q138662,Q687930,,,,,,,,,,,,,,,,,,,,,,,,,,,137148,,p=gruffydd;n=of gwynedd,,,,,,,,,,,,p10260.htm#i102593,Gruffydd_ap_Cynan_(1),,Ap_Cynan-17,I00140281
Q138663,Q116054547,,,,,,,,,,,,,,,,,,,,,,,,,,,,,,,,,,,,,,,,,,,,,I00759579
Q138664,Q99302516,,,,,,,,,,,,,,,,,,,,,,,,,,,,,,,,,,,,,,,,,,,,,I00706565
Q138665,Q116054528,,,,,,,,,,,,,,,,,,,,,,,,,,,,,,,,,,,,,,,,,,,,,I00750837
Q138666,Q116054553,,,,,,,,,,,,,,,,,,,,,,,,,,,,,,,,,,,,,,,,,,,,,I00713242
Q138667,Q116054483,,,,,,,,,,,,,,,,,,,,,,,,,,,,,,,,,,,,,,,,,,,,,I00706262
Q138668,Q116147793,,,,,,,,,,,,,,,,,,,,,,,,,,,,,,,,,,,,,,,,,,,,,I00758633
Q138669,Q129257252,,,,,,,,,,,,,,,,,,,,,,,,,,,,,,,,,,,,,,,,,,,,,I00772972
Q138670,Q116147785,,,,,,,,,,,,,,,,,,,,,,,,,,,,,,,,,,,,,,,,,,,,,I00750510
Q138671,Q4249310,,,,,,,,,,,,,,,,,,,,,,,,,,,,,,,,,,,,,,,,,,,,,
Q138672,Q4411562,,,,,,,,,,,,,,,,,,,,,,,,,,,,,,,,,,,,,,,,,,,,,
Q138673,Q110582677,,,,,,,,,,,,,,,,,,,,,,,,,,,,,,,,,,,,,,,,,,,,,I00706595
Q138674,Q953828,,,,,,,,,,,,,,,,,,,,,,,,,,,108078,,p=llywelyn;n=of deheubarth,,,,,,,,,,,,p40493.htm#i404927|p10258.htm#i102572,Llywelyn_ap_Seisyll_(1),,Ap_Seisyll-16,I00139759
Q138675,Q76215115,,,,,,,,,,,,,,,,,,,,,,,,,,,,,,,,,,,,,,,,,p61056.htm#i610559,,,Ap_Seisyll-14,I00750355
Q138676,Q112532082,,,,,,,,,,,,,,,,,,,,,,,,,,,,,,,,,,,,,,,,,,,,,I00769334
Q138677,Q374489,,,,,,,,,,,,,,,,,,,,,,,,,,,331169,,,,,,,,,,,,,,,,,Dumnonia-2,
Q138678,Q4135931,,,,,,,,,,,,,,,,,,,,,,,,,,,,,,,,,,,,,,,,,,,,,
Q138679,Q116052784,,,,,,,,,,,,,,,,,,,,,,,,,,,,,,,,,,,,,,,,,,,,,I00754387
Q138680,Q116156542,,,,,,,,,,,,,,,,,,,,,,,,,,,,,,,,,,,,,,,,,,,,,I00775815
Q138681,Q122260571,,,,,,,,,,,,,,,,,,,,,,,,,,,,,,,,,,,,,,,,,,,,,I00753462
Q138682,Q128855768,,,,,,,,,,,,,,,,,,,,,,,,,,,,,,,,,,,,,,,,,,,,,I00760373
Q138683,Q116052942,,,,,,,,,,,,,,,,,,,,,,,,,,,,,,,,,,,,,,,,,,,,,I00774882
Q138684,Q75936128,,,,,,,,,,,,,,,,,,,,,,,,,,,,,,,,,,,,,,,,,p41396.htm#i413958,,,Unknown-232910,
Q138685,Q13130929,,,,,,,,,,,,,,,,,,,,,,,,,,,137163,,p=ranult ingen olaf;n=of dublin,,,,,,,,,,,,p40493.htm#i404930,Rhanullt_O'Olaf_(5),,Olafsdotter-45,I00140284
Q138686,Q110636431,,,,,,,,,,,,,,,,,,,,,,,,,,,,,,,,,,,,,,,,,,,,,I00749254
Q138687,Q110582658,,,,,,,,,,,,,,,,,,,,,,,,,,,,,,,,,,,,,,,,,,,,,I00760177
Q138688,Q112532020,,,,,,,,,,,,,,,,,,,,,,,,,,,,,,,,,,,,,,,,,,,,,I00760922
Q138689,Q110636448,,,,,,,,,,,,,,,,,,,,,,,,,,,,,,,,,,,,,,,,,,,,,I00711661
Q138690,Q110636449,,,,,,,,,,,,,,,,,,,,,,,,,,,,,,,,,,,,,,,,,,,,,I00759317
Q138691,Q116052719,,,,,,,,,,,,,,,,,,,,,,,,,,,,,,,,,,,,,,,,,,,,,I00759414
Q138692,Q110413661,,,,,,,,,,,,,,,,,,,,,,,,,,,,,,,,,,,,,,,,,,,,,I00759411
Q138693,Q130358499,,,,,,,,,,,,,,,,,,,,,,,,,,,,,,,,,,,,,,,,,,,,,I00761332
Q138694,Q110636940,,,,,,,,,,,,,,,,,,,,,,,,,,,,,,,,,,,,,,,,,,,,,I00759450
Q138695,Q116478764,,,,,,,,,,,,,,,,,,,,,,,,,,,,,,,,,,,,,,,,,,,,,I00761359
Q138696,Q545850,,,,,,,,,,,,,,,,,,,,,,,,,,,108081,,p=bleddyn;n=of powys,,,,,,,,,,,,p10258.htm#i102575,Bleddyn_ap_Cynfyn_(1),,Ap_Cynfyn-13,I00163459
Q138697,Q727897,,,,,,,,M1W5-BFF,,,,,,,,,,I26434,,,,,,,,,67366,,p=gruffydd;n=of deheubarth,,,,,,,,,,,,p10257.htm#i102570,Gruffydd_ap_Llywelyn_(1),,Ap_Llywelyn-14,I00027749
Q138698,Q116052971,,,,,,,,,,,,,,,,,,,,,,,,,,,,,,,,,,,,,,,,,,,,,I00751034
Q138699,Q116052907,,,,,,,,,,,,,,,,,,,,,,,,,,,,,,,,,,,,,,,,,,,,,I00759435
Q138700,Q116052892,,,,,,,,,,,,,,,,,,,,,,,,,,,,,,,,,,,,,,,,,,,,,I00710128
Q138701,Q116812387,,,,,,,,,,,,,,,,,,,,,,,,,,,,,,,,,,,,,,,,,,,,,I00759456
Q138702,Q108180091,,,,,,,,,,,,,,,,,,,,,,,,,,,,,,,,,,,,,,,,,,,,,I00758941
Q138703,Q75976249,,,,,,,,,,,,,,,,,,,,,,,,,,,,,,,,,,,,,,,,,p44278.htm#i442772,Efa_verch_Gwrgan_(1),,Ferch_Gwrgan-1,
Q138704,Q108180095,,,,,,,,,,,,,,,,,,,,,,,,,,,,,,,,,,,,,,,,,,,,,I00752122
Q138705,Q110622082,,,,,,,,,,,,,,,,,,,,,,,,,,,,,,,,,,,,,,,,,,,,Ferch_Elystan-1,I00707775
Q138706,Q15835633,,,,,,,,,,,,,,,,,,,,,,,,,,,,,,,,,,,,,,,,,,,,,I00748545
Q138707,Q110582881,,,,,,,,,,,,,,,,,,,,,,,,,,,,,,,,,,,,,,,,,,,,,I00757029
Q138708,Q112964838,,,,,,,,,,,,,,,,,,,,,,,,,,,,,,,,,,,,,,,,,,,,,I00754512
Q138709,Q117307113,,,,,,,,,,,,,,,,,,,,,,,,,,,,,,,,,,,,,,,,,,,,,I00760441
Q138710,Q110622120,,,,,,,,,,,,,,,,,,,,,,,,,,,,,,,,,,,,,,,,,,,,,I00760527
Q138711,Q110622190,,,,,,,,,,,,,,,,,,,,,,,,,,,,,,,,,,,,,,,,,,,,,I00710069
Q138712,Q131346826,,,,,,,,,,,,,,,,,,,,,,,,,,,,,,,,,,,,,,,,,,,,,I00755208
Q138713,Q116469835,,,,,,,,,,,,,,,,,,,,,,,,,,,,,,,,,,,,,,,,,,,,,I00705543
Q138714,Q116147086,,,,,,,,,,,,,,,,,,,,,,,,,,,,,,,,,,,,,,,,,,,,,I00759598
Q138715,Q116147090,,,,,,,,,,,,,,,,,,,,,,,,,,,,,,,,,,,,,,,,,,,,,I00759599
Q138716,Q116147097,,,,,,,,,,,,,,,,,,,,,,,,,,,,,,,,,,,,,,,,,,,,,I00759590
Q138717,Q116054891,,,,,,,,,,,,,,,,,,,,,,,,,,,,,,,,,,,,,,,,,,,,,I00706605
Q138718,Q112608564,,,,,,,,,,,,,,,,,,,,,,,,,,,,,,,,,,,,,,,,,,,,,I00705621
Q138719,Q116812443,,,,,,,,,,,,,,,,,,,,,,,,,,,,,,,,,,,,,,,,,,,,,I00738328
Q138720,Q128855693,,,,,,,,,,,,,,,,,,,,,,,,,,,,,,,,,,,,,,,,,,,,,I00710005
Q138721,Q116146089,,,,,,,,,,,,,,,,,,,,,,,,,,,,,,,,,,,,,,,,,,,,,I00760363
Q138722,Q99085048,,,,,,,,,,,,,,,,,,,,,,,,,,,,,,,,,,,,,,,,,,,,,I00708919
Q138723,Q2519809,,,,,,,,,,,,,,,,,,,,,,,,,,,,,,,,,,,,,,,,,,Hywal_Ap_Edwin_(1),,,
Q138724,Q4281296,,,,,,,,,,,,,,,,,,,,,,,,,,,,,,,,,,,,,,,,,,Maredudd_Unknown_(32),,,
Q138725,Q13130553,,,,,,,,,,,,,,,,,,,,,,,,,,,,,,,,,,,,,,,,,,Owain_Unknown_(19),,,
Q138726,Q3400896,,,,,,,,,,,,,,,,,,,,,,,,,,,,,,,,,,,,,,,,,p19781.htm#i197809,Elystan_ap_Cuhelyn_(1),,Ap_Gwrydr-11,I00750303
Q138727,Q75531288,,,,,,,,,,,,,,,,,,,,,,,,,,,,,,,,,,,,,,,,,p19780.htm#i197800,Cadwgon_Ap_Elystan_(1),,Ab_Elystan-3,I00750302
Q138728,Q5346938,,,,,,,,,,,,,,,,,,,,,,,,,,,137171,,,,,,,,,,,,,,,Edwin_Ap_Gronwy_(1),,Ap_Gronwy-26,I00750876
Q138729,Q116052916,,,,,,,,,,,,,,,,,,,,,,,,,,,,,,,,,,,,,,,,,,,,,I00714473
Q138730,Q110636677,,,,,,,,,,,,,,,,,,,,,,,,,,,,,,,,,,,,,,,,,,,,,I00714475
Q138731,Q110152961,,,,,,,,,,,,,,,,,,,,,,,,,,,,,,,,,,,,,,,,,,,,,I00753850
Q138732,Q110152969,,,,,,,,,,,,,,,,,,,,,,,,,,,,,,,,,,,,,,,,,,,,,I00752129
Q138733,Q99239148,,,,,,,,,,,,,,,,,,,,,,,,,,,,,,,,,,,,,,,,,,,,,I00314034
Q138734,Q110152958,,,,,,,,,,,,,,,,,,,,,,,,,,,,,,,,,,,,,,,,,,,,,I00753633
Q138735,Q110622090,,,,,,,,,,,,,,,,,,,,,,,,,,,,,,,,,,,,,,,,,,,,,I00752123
Q138736,Q116053045,,,,,,,,,,,,,,,,,,,,,,,,,,,,,,,,,,,,,,,,,,,,,I00764609
Q138737,Q116055525,,,,,,,,,,,,,,,,,,,,,,,,,,,,,,,,,,,,,,,,,,,,,I00757106
Q138738,Q116115949,,,,,,,,,,,,,,,,,,,,,,,,,,,,,,,,,,,,,,,,,,,,,I00754092
Q138739,Q97534149,,,,,,,,,,,,,,,,,,,,,,,,,,,137180,,,,,,,,,,,,,,,Iwerydd_verch_Cynfyn_(1),,Ferch_Cynfyn-2,I00163440
Q138740,Q110582748,,,,,,,,,,,,,,,,,,,,,,,,,,,,,,,,,,,,,,,,,,,,,I00758128
Q138741,Q116156549,,,,,,,,,,,,,,,,,,,,,,,,,,,,,,,,,,,,,,,,,,,,,I00775912
Q138742,Q591291,,,,,,,,,,,,,,,,,,,,,,,,,,,137187,,,,,,,,,,,,,,p40493.htm#i404925,Trahaiarn_Caradawg_(1),,Ap_Caradog-24,I00397873
Q138743,Q117307076,,,,,,,,,,,,,,,,,,,,,,,,,,,,,,,,,,,,,,,,,,,,,I00761345
Q138744,Q130340486,,,,,,,,,,,,,,,,,,,,,,,,,,,,,,,,,,,,,,,,,,,,,I00759347
Q138745,Q2253212,,,,,,,,,,,,,,,,,,,,,,,,,,,414208,,p=gruffydd;n=of south wales,,,,,,,,,,,,,Gruffydd_ap_Rhys_II_(1),,Ap_Rhys-53,I00059422
Q138746,Q20641831,,,,,,,,,,,,,,,,,,,,,,,,,,,,,p=cynwrig;n=of south wales,,,,,,,,,,,,,Cynwrig_Unknown_(6),,,
Q138747,Q3399393,,,,,,,,,,,,,,,,,,,,,,,,,,,,,p=maelgwn;n=of south wales,,,,,,,,,,,,p48084.htm#i480838,Maelgwn_ap_Rhys_(1),,Ap_Rhys-64,I00286704
Q138748,Q76215113,,,,,,,,,,,,,,,,,,,,,,,,,,,,,,,,,,,,,,,,,p61056.htm#i610557,Gwenllian_Ferch_Rhys_(1),,,I00465264
Q138749,Q110641411,,,,,,,,,,,,,,,,,,,,,,,,,,,,,,,,,,,,,,,,,,,,,I00753362
Q138750,Q110662777,,,,,,,,,,,,,,,,,,,,,,,,,,,,,,,,,,,,,,,,,,,,,I00751515
Q138751,Q110662799,,,,,,,,,,,,,,,,,,,,,,,,,,,,,,,,,,,,,,,,,,,,,I00759014
Q138752,Q110636699,,,,,,,,,,,,,,,,,,,,,,,,,,,,,,,,,,,,,,,,,,,,,I00759917
Q138753,Q116054828,,,,,,,,,,,,,,,,,,,,,,,,,,,,,,,,,,,,,,,,,,,,Ap_Rhys-45,I00736948
Q138754,Q99302524,,,,,,,,,,,,,,,,,,,,,,,,,,,,,,,,,,,,,,,,,,,,,I00706575
Q138755,Q116812400,,,,,,,,,,,,,,,,,,,,,,,,,,,,,,,,,,,,,,,,,,,,,I00759290
Q138756,Q116146058,,,,,,,,,,,,,,,,,,,,,,,,,,,,,,,,,,,,,,,,,,,,,I00708898
Q138757,Q131346761,,,,,,,,,,,,,,,,,,,,,,,,,,,,,,,,,,,,,,,,,,,,,I00777759
Q138758,Q131346778,,,,,,,,,,,,,,,,,,,,,,,,,,,,,,,,,,,,,,,,,,,,,I00777776
Q138759,Q2670614,,,,,,,,KZJK-YSV,,,,,,,,,,,,,,,,,,,137194,,p=madog;n=of powys,,,,,,,,,,,,p40494.htm#i404939|p46159.htm#i461581,Madog_ap_Maredudd_(1),,Ap_Maredudd-21,I00163457
Q138760,Q56526331,,,,,,,,,,,,,,,,,,,,,,,,,,,137221,,p=susanna;n=of gwynedd,,,,,,,,,,,,p40494.htm#i404934,Susanna_Gruffydd_(1),,Ferch_Gruffudd-8,I00163458|I00424524
Q138761,Q2151007,,,,,,,,,,,,,,,,,,I5427,,,,,,,,,309559,,p=richard;n=de clare;oc=1,,,,,,,,,,,,p408.htm#i4074,Richard_de_Clare_(3),,Clare-651,I00027606
Q138762,Q15854698,,,,,,,,,,,,,,,,,,,,,,,,,,,,,,,,,,,,,,,,,p64.htm#i637,,,Braose-11,I00146981
Q138763,Q3768457,,,,,,,,,,,,,,,,,,,,,,,,,,,,,p=john;n=de braose;oc=1,,,,,,,,,,,,p64.htm#i640,John_De_Breuse_(1),,Braose-104,I00146985
Q138764,Q26237383,,,,,,,,,,,,,,,,,,,,,,,,,,,,,,,,,,,,,,,,,,,,,
Q138765,Q56176615,,,,,,,,,,,,,,,,,,,,,,,,,,,,,,,,,,,,,,,,,,,,Gollwyn-1,I00586409
Q138766,Q75875765,,,,,,,,,,,,,,,,,,,,,,,,,,,,,,,,,,,,,,,,,p37318.htm#i373171,,,Ap_Cynhaethwy-2,I00706643
Q138767,Q116469759,,,,,,,,,,,,,,,,,,,,,,,,,,,,,,,,,,,,,,,,,,,,,I00707758
Q138768,Q116146041,,,,,,,,,,,,,,,,,,,,,,,,,,,,,,,,,,,,,,,,,,,,,I00759725
Q138769,Q99087012,,,,,,,,,,,,,,,,,,,,,,,,,,,,,,,,,,,,,,,,,,,,,I00705609
Q138770,Q116146037,,,,,,,,,,,,,,,,,,,,,,,,,,,,,,,,,,,,,,,,,,,,,I00706839
Q138771,Q116054879,,,,,,,,,,,,,,,,,,,,,,,,,,,,,,,,,,,,,,,,,,,,,I00751319
Q138772,Q99087091,,,,,,,,,,,,,,,,,,,,,,,,,,,,,,,,,,,,,,,,,,,,,I00751317
Q138773,Q116054877,,,,,,,,,,,,,,,,,,,,,,,,,,,,,,,,,,,,,,,,,,,,,I00759912
Q138774,Q128855682,,,,,,,,,,,,,,,,,,,,,,,,,,,,,,,,,,,,,,,,,,,,,I00789170
Q138775,Q99084656,,,,,,,,,,,,,,,,,,,,,,,,,,,,,,,,,,,,,,,,,,,,Gronwy-12,I00714657
Q138776,Q110383091,,,,,,,,,,,,,,,,,,,,,,,,,,,,,,,,,,,,,,,,,,,,,I00586419
Q138777,Q116812398,,,,,,,,,,,,,,,,,,,,,,,,,,,,,,,,,,,,,,,,,,,,,I00759288
Q138778,Q116812396,,,,,,,,,,,,,,,,,,,,,,,,,,,,,,,,,,,,,,,,,,,,,I00759286
Q138779,Q110413019,,,,,,,,,,,,,,,,,,,,,,,,,,,,,,,,,,,,,,,,,,,,,I00749773
Q138780,Q3779058,,,,,,,,9HTG-9V9,,,,,,,,,,,,,,,,,,,926271|259129,,p=william;n=de braose;oc=4,,,,,,,,,,,,p10257.htm#i102562,William_de_Braose_(2),,Braose-170,I00146979
Q138781,Q942269,,,,,,,,99KP-CPN,,,,,,,,,,,,,,,,,,,259131|926273,,p=mathilde;n=de saint valery,,,,,,,,,,,,p10253.htm#i102521,Maud_de_Braose_(1),,St_Valéry-37,I00146980
Q138782,Q3846848,,,,,,,,,,,,,,,,,,,,,,,,,,,,,,,,,,,,,,,,,p27440.htm#i274391,Margaret_de_Braose_(1),,Braose-55,I00110868
Q138783,Q3764336,,,,,,,,,,,,,,,,,,,,,,,,,,,,,,,,,,,,,,,,,p64.htm#i638,Giles_de_Braose_(1),,,I00397924
Q138784,Q449142,,,,,,,,,,,,,,,,,,,,,,,,,,,48838,,p=gwladus;n=of gwynedd,,,,,,,,,,,,p10256.htm#i102553,Gwladus_ferch_Llywelyn_(2),,Ferch_Llywelyn-6,I00113865
Q138785,Q3402278,,,,,,,,,,,,,,,,,,,,,,,,,,,309761,,,,,,,,,,,,,,p2358.htm#i23572,William_de_Braose_(3),,Braose-138,I00029155
Q138786,Q3568456,,,,,,,,,,,,,,,,,,,,,,,,,,,,,,,,,,,,,,,,,p4174.htm#i41732,William_Brewer_(27),,Briwere-2,I00199070
Q138787,Q75561244,,,,,,,,,,,,,,,,,,,,,,,,,,,926232,,,,,,,,,,,,,,p21341.htm#i213406,,,Talbot-200,I00337612
Q138788,Q75561245,,,,,,,,,,,,,,,,,,,,,,,,,,,926245,,,,,,,,,,,,,,p21341.htm#i213407,,,Basset-480,I00337613
Q138789,Q75561234,,,,,,,,,,,,,,,,,,,,,,,,,,,,,,,,,,,,,,,,,p21341.htm#i213401|p21562.htm#i215617,,,Beauchamp-147,I00198826
Q138790,Q75940395,,,,,,,,,,,,,,,,,,,,,,,,,,,,,,,,,,,,,,,,,p41689.htm#i416886,,,,
Q138791,Q18527814,,,,,,,,,,,,,,,,,,,,,,,,,,,,,,,,,,,,,,,,,p20347.htm#i203466,,,Talbot-62,I00198823
Q138792,Q75565110,,,,,,,,,,,,,,,,,,,,,,,,,,,,,,,,,,,,,,,,,p21562.htm#i215615,,,Talbot-59,
Q138793,Q99084357,,,,,,,,,,,,,,,,,,,,,,,,,,,,,,,,,,,,,,,,,,,,Talbot-63,I00282616
Q138794,Q110585565,,,,,,,,,,,,,,,,,,,,,,,,,,,,,,,,,,,,,,,,,,,,Ferch_Gruffudd-15,I00309489
Q138795,Q25269457,,,,,,,,,,,,,,,,,,,,,,,,,,,,,,,,,,,,,,,,,,,,Ap_Gruffudd-63,I00616458
Q138796,Q2350765,,,,,,,,,,,,,,,,,,,,,,,,,,,,,p=madog crippil;n=fychan,,,,,,,,,,,,,Madog_ap_Gruffudd_(2),,Ap_Gruffudd-63,I00284701
Q138797,Q99073344,,,,,,,,,,,,,,,,,,,,,,,,,,,,,,,,,,,,,,,,,,,,,I00681364
Q138798,Q116054463,,,,,,,,,,,,,,,,,,,,,,,,,,,,,,,,,,,,,,,,,,,,,I00744766
Q138799,Q116112308,,,,,,,,,,,,,,,,,,,,,,,,,,,,,,,,,,,,,,,,,,,,,I00707206
Q138800,Q110635399,,,,,,,,,,,,,,,,,,,,,,,,,,,,,,,,,,,,,,,,,,,,,I00753786
Q138801,Q110636816,,,,,,,,,,,,,,,,,,,,,,,,,,,,,,,,,,,,,,,,,,,,,I00311463
Q138802,Q110388901,,,,,,,,,,,,,,,,,,,,,,,,,,,,,,,,,,,,,,,,,,,,,I00706310
Q138803,Q116468934,,,,,,,,,,,,,,,,,,,,,,,,,,,,,,,,,,,,,,,,,,,,,I00308446
Q138804,Q110662855,,,,,,,,,,,,,,,,,,,,,,,,,,,,,,,,,,,,,,,,,,,,,I00750925
Q138805,Q110636695,,,,,,,,,,,,,,,,,,,,,,,,,,,,,,,,,,,,,,,,,,,,,I00754759
Q138806,Q110636688,,,,,,,,,,,,,,,,,,,,,,,,,,,,,,,,,,,,,,,,,,,,,I00750921
Q138807,Q110662854,,,,,,,,,,,,,,,,,,,,,,,,,,,,,,,,,,,,,,,,,,,,,I00706036
Q138808,Q116052890,,,,,,,,,,,,,,,,,,,,,,,,,,,,,,,,,,,,,,,,,,,,,I00774844
Q138809,Q110636950,,,,,,,,,,,,,,,,,,,,,,,,,,,,,,,,,,,,,,,,,,,,,I00755680
Q138810,Q99086883,,,,,,,,,,,,,,,,,,,,,,,,,,,,,,,,,,,,,,,,,,,,,I00708502
Q138811,Q116052711,,,,,,,,,,,,,,,,,,,,,,,,,,,,,,,,,,,,,,,,,,,,,I00759448
Q138812,Q133462382,,,,,,,,,,,,,,,,,,,,,,,,,,,,,,,,,,,,,,,,,,,,,I00759277
Q138813,Q731389,,,,,,,,,,,,,,,,,,I21634,,,,,,,,,12985,,p=william;n=marshal;oc=1,,,,,,,,,,,,p10153.htm#i101521,William_Marshall_(1),,Marshal-43,I00007050
Q138814,Q3133191,,,,,,,,LVM6-FBZ,,,,,,,,,,,,,,,,,,,,,,,,,,,,,,,,,p66.htm#i655,Henry_de_Hastings_(1),,Hastings-1273,I00140345|I00706093
Q138815,Q61911167,,,,,,,,,,,,,,,,,,,,,,,,,,,,,,,,,,,,,,,,,p66.htm#i653,,,Cantilupe-70,I00140346
Q138816,Q76018775,,,,,,,,,,,,,,,,,,,,,,,,,,,,,,,,,,,,,,,,,p47144.htm#i471434,,,,
Q138817,Q110662593,,,,,,,,,,,,,,,,,,,,,,,,,,,,,,,,,,,,,,,,,,,,,I00751508
Q138818,Q110290614,,,,,,,,,,,,,,,,,,,,,,,,,,,,,,,,,,,,,,,,,,,,,I00749691
Q138819,Q130648374,,,,,,,,,,,,,,,,,,,,,,,,,,,,,,,,,,,,,,,,,,,,,I00754627
Q138820,Q116178197,,,,,,,,,,,,,,,,,,,,,,,,,,,,,,,,,,,,,,,,,,,,,I00749593
Q138821,Q116178167,,,,,,,,,,,,,,,,,,,,,,,,,,,,,,,,,,,,,,,,,,,,,I00760503
Q138822,Q116812315,,,,,,,,,,,,,,,,,,,,,,,,,,,,,,,,,,,,,,,,,,,,,I00777365
Q138823,Q116812104,,,,,,,,,,,,,,,,,,,,,,,,,,,,,,,,,,,,,,,,,,,,,I00752302
Q138824,Q116812124,,,,,,,,,,,,,,,,,,,,,,,,,,,,,,,,,,,,,,,,,,,,,I00774810
Q138825,Q116812320,,,,,,,,,,,,,,,,,,,,,,,,,,,,,,,,,,,,,,,,,,,,,I00777361
Q138826,Q116178207,,,,,,,,,,,,,,,,,,,,,,,,,,,,,,,,,,,,,,,,,,,,,I00749586
Q138827,Q116178210,,,,,,,,,,,,,,,,,,,,,,,,,,,,,,,,,,,,,,,,,,,,,I00749589
Q138828,Q128855553,,,,,,,,,,,,,,,,,,,,,,,,,,,,,,,,,,,,,,,,,,,,,I00708783
Q138829,Q130358970,,,,,,,,,,,,,,,,,,,,,,,,,,,,,,,,,,,,,,,,,,,,,I00710003
Q138830,Q131347168,,,,,,,,,,,,,,,,,,,,,,,,,,,,,,,,,,,,,,,,,,,,,I00761287
Q138831,Q110636941,,,,,,,,,,,,,,,,,,,,,,,,,,,,,,,,,,,,,,,,,,,,,I00759452
Q138832,Q116054873,,,,,,,,,,,,,,,,,,,,,,,,,,,,,,,,,,,,,,,,,,,,,I00708986
Q138833,Q116146086,,,,,,,,,,,,,,,,,,,,,,,,,,,,,,,,,,,,,,,,,,,,,I00710012
Q138834,Q116146084,,,,,,,,,,,,,,,,,,,,,,,,,,,,,,,,,,,,,,,,,,,,,I00708692
Q138835,Q116812364,,,,,,,,,,,,,,,,,,,,,,,,,,,,,,,,,,,,,,,,,,,,,I00752096
Q138836,Q110413014,,,,,,,,,,,,,,,,,,,,,,,,,,,,,,,,,,,,,,,,,,,,,I00706509
Q138837,Q116147044,,,,,,,,,,,,,,,,,,,,,,,,,,,,,,,,,,,,,,,,,,,,,I00751351
Q138838,Q116479499,,,,,,,,,,,,,,,,,,,,,,,,,,,,,,,,,,,,,,,,,,,,,I00775265
Q138839,Q128857493,,,,,,,,,,,,,,,,,,,,,,,,,,,,,,,,,,,,,,,,,,,,,I00777424
Q138840,Q130358772,,,,,,,,,,,,,,,,,,,,,,,,,,,,,,,,,,,,,,,,,,,,,I00710067
Q138841,Q130359165,,,,,,,,,,,,,,,,,,,,,,,,,,,,,,,,,,,,,,,,,,,,,I00701144
Q138842,Q116146995,,,,,,,,,,,,,,,,,,,,,,,,,,,,,,,,,,,,,,,,,,,,,I00760946
Q138843,Q116812371,,,,,,,,,,,,,,,,,,,,,,,,,,,,,,,,,,,,,,,,,,,,,I00760940
Q138844,Q19959822,,,,,,,,,,,,,,,,,,,,,,,,,,,,,,,,,,,,,,,,,,,,Dwnn-2,I00705602
Q138845,Q130359282,,,,,,,,,,,,,,,,,,,,,,,,,,,,,,,,,,,,,,,,,,,,,I00774676
Q138846,Q131346912,,,,,,,,,,,,,,,,,,,,,,,,,,,,,,,,,,,,,,,,,,,,,I00805407
Q138847,Q127413869,,,,,,,,,,,,,,,,,,,,,,,,,,,,,,,,,,,,,,,,,,,,,I00759946
Q138848,Q99080585,,,,,,,,,,,,,,,,,,,,,,,,,,,,,,,,,,,,,,,,,,,,,I00708879
Q138849,Q127413853,,,,,,,,,,,,,,,,,,,,,,,,,,,,,,,,,,,,,,,,,,,,,I00759940
Q138850,Q128855662,,,,,,,,,,,,,,,,,,,,,,,,,,,,,,,,,,,,,,,,,,,,,I00788898
Q138851,Q130359111,,,,,,,,,,,,,,,,,,,,,,,,,,,,,,,,,,,,,,,,,,,,,I00708659
Q138852,Q116470946,,,,,,,,,,,,,,,,,,,,,,,,,,,,,,,,,,,,,,,,,,,,,I00776148
Q138853,Q130358665,,,,,,,,,,,,,,,,,,,,,,,,,,,,,,,,,,,,,,,,,,,,,I00761420
Q138854,Q110622135,,,,,,,,,,,,,,,,,,,,,,,,,,,,,,,,,,,,,,,,,,,,,I00760518
Q138855,Q110621958,,,,,,,,,,,,,,,,,,,,,,,,,,,,,,,,,,,,,,,,,,,,,I00760512
Q138856,Q99211647,,,,,,,,,,,,,,,,,,,,,,,,,,,,,,,,,,,,,,,,,,,,,I00714344
Q138857,Q1088032,,,,,,,,,,,,,,,,,,,,,,,,,,,,,,,,,,,,,,,,,,,,,I00764519
Q138858,Q112491197,,,,,,,,,,,,,,,,,,,,,,,,,,,,,,,,,,,,,,,,,,,,,I00764887
Q138859,Q112490289,,,,,,,,,,,,,,,,,,,,,,,,,,,,,,,,,,,,,,,,,,,,,I00752307
Q138860,Q112963881,,,,,,,,,,,,,,,,,,,,,,,,,,,,,,,,,,,,,,,,,,,,,I00764564
Q138861,Q112964836,,,,,,,,,,,,,,,,,,,,,,,,,,,,,,,,,,,,,,,,,,,,,I00754511
Q138862,Q116469754,,,,,,,,,,,,,,,,,,,,,,,,,,,,,,,,,,,,,,,,,,,,,I00760724
Q138863,Q110622273,,,,,,,,,,,,,,,,,,,,,,,,,,,,,,,,,,,,,,,,,,,,,I00751321
Q138864,Q116146994,,,,,,,,,,,,,,,,,,,,,,,,,,,,,,,,,,,,,,,,,,,,,I00759916
Q138865,Q116470797,,,,,,,,,,,,,,,,,,,,,,,,,,,,,,,,,,,,,,,,,,,,,I00709956
Q138866,Q110622252,,,,,,,,,,,,,,,,,,,,,,,,,,,,,,,,,,,,,,,,,,,,,I00753940
Q138867,Q130358928,,,,,,,,,,,,,,,,,,,,,,,,,,,,,,,,,,,,,,,,,,,,,I00774683
Q138868,Q99084620,,,,,,,,,,,,,,,,,,,,,,,,,,,,,,,,,,,,,,,,,,,,Ferch_Ieuan-24,I00714650
Q138869,Q110560170,,,,,,,,,,,,,,,,,,,,,,,,,,,,,,,,,,,,,,,,,,,,,I00752085
Q138870,Q110621994,,,,,,,,,,,,,,,,,,,,,,,,,,,,,,,,,,,,,,,,,,,,,I00754107
Q138871,Q116470949,,,,,,,,,,,,,,,,,,,,,,,,,,,,,,,,,,,,,,,,,,,,,I00776145
Q138872,Q130359296,,,,,,,,,,,,,,,,,,,,,,,,,,,,,,,,,,,,,,,,,,,,,I00776188
Q138873,Q110622283,,,,,,,,,,,,,,,,,,,,,,,,,,,,,,,,,,,,,,,,,,,,,I00752351
Q138874,Q110383107,,,,,,,,,,,,,,,,,,,,,,,,,,,,,,,,,,,,,,,,,,,,Ferch_Gwilym-8,I00752342
Q138875,Q99084637,,,,,,,,,,,,,,,,,,,,,,,,,,,,,,,,,,,,,,,,,,,,Ferch_Llywelyn-13,I00702753
Q138876,Q116470751,,,,,,,,,,,,,,,,,,,,,,,,,,,,,,,,,,,,,,,,,,,,,I00749567
Q138877,Q110383103,,,,,,,,,,,,,,,,,,,,,,,,,,,,,,,,,,,,,,,,,,,,,I00752335
Q138878,Q116146081,,,,,,,,,,,,,,,,,,,,,,,,,,,,,,,,,,,,,,,,,,,,,I00705477
Q138879,Q116470759,,,,,,,,,,,,,,,,,,,,,,,,,,,,,,,,,,,,,,,,,,,,,I00752416
Q138880,Q130359337,,,,,,,,,,,,,,,,,,,,,,,,,,,,,,,,,,,,,,,,,,,,,I00789159
Q138881,Q110585344,,,,,,,,,,,,,,,,,,,,,,,,,,,,,,,,,,,,,,,,,,,,,I00750367
Q138882,Q110585341,,,,,,,,,,,,,,,,,,,,,,,,,,,,,,,,,,,,,,,,,,,,,I00708270
Q138883,Q97532092,,,,,,,,,,,,,,,,,,,,,,,,,,,,,,,,,,,,,,,,,,,,,I00700881
Q138884,Q99080679,,,,,,,,,,,,,,,,,,,,,,,,,,,,,,,,,,,,,,,,,,,,Ap_Hywel-60,I00337229
Q138885,Q116052698,,,,,,,,,,,,,,,,,,,,,,,,,,,,,,,,,,,,,,,,,,,,,I00759472
Q138886,Q99800488,,,,,,,,,,,,,,,,,,,,,,,,,,,,,,,,,,,,,,,,,,,,,I00673061
Q138887,Q116468840,,,,,,,,,,,,,,,,,,,,,,,,,,,,,,,,,,,,,,,,,,,,,I00759157
Q138888,Q116146068,,,,,,,,,,,,,,,,,,,,,,,,,,,,,,,,,,,,,,,,,,,,,I00714981
Q138889,Q127225275,,,,,,,,,,,,,,,,,,,,,,,,,,,,,,,,,,,,,,,,,,,,,I00708514
Q138890,Q130359302,,,,,,,,,,,,,,,,,,,,,,,,,,,,,,,,,,,,,,,,,,,,,I00776189
Q138891,Q131138471,,,,,,,,,,,,,,,,,,,,,,,,,,,,,,,,,,,,,,,,,,,,,I00803155
Q138892,Q99085012,,,,,,,,,,,,,,,,,,,,,,,,,,,,,,,,,,,,,,,,,,,,,I00708915
Q138893,Q105819608,,,,,,,,,,,,,,,,,,,,,,,,,,,,,,,,,,,,,,,,,,,,,I00715150
Q138894,Q116146021,,,,,,,,,,,,,,,,,,,,,,,,,,,,,,,,,,,,,,,,,,,,,I00774705
Q138895,Q116469723,,,,,,,,,,,,,,,,,,,,,,,,,,,,,,,,,,,,,,,,,,,,,I00714693
Q138896,Q127225262,,,,,,,,,,,,,,,,,,,,,,,,,,,,,,,,,,,,,,,,,,,,,I00803536
Q138897,Q127413849,,,,,,,,,,,,,,,,,,,,,,,,,,,,,,,,,,,,,,,,,,,,,I00759939
Q138898,Q131346920,,,,,,,,,,,,,,,,,,,,,,,,,,,,,,,,,,,,,,,,,,,,,I00805410
Q138899,Q112964841,,,,,,,,,,,,,,,,,,,,,,,,,,,,,,,,,,,,,,,,,,,,,I00760303
Q138900,Q76154260,,,,,,,,,,,,,,,,,,,,,,,,,,,,,,,,,,,,,,,,,p56806.htm#i568057,,,Ap_Gollwyn-2,I00466607
Q138901,Q76154263,,,,,,,,,,,,,,,,,,,,,,,,,,,,,,,,,,,,,,,,,p56806.htm#i568059,,,,I00710450
Q138902,Q116146044,,,,,,,,,,,,,,,,,,,,,,,,,,,,,,,,,,,,,,,,,,,,,I00759729
Q138903,Q116812406,,,,,,,,,,,,,,,,,,,,,,,,,,,,,,,,,,,,,,,,,,,,,I00708932
Q138904,Q110636934,,,,,,,,,,,,,,,,,,,,,,,,,,,,,,,,,,,,,,,,,,,,,I00708195
Q138905,Q76154266,,,,,,,,,,,,,,,,,,,,,,,,,,,,,,,,,,,,,,,,,p56807.htm#i568061,,,Ap_Cydrych-6,I00736931
Q138906,Q76154276,,,,,,,,,,,,,,,,,,,,,,,,,,,,,,,,,,,,,,,,,p56807.htm#i568068,,,Ferch_Ednyfed-4,I00755753
Q138907,Q76154277,,,,,,,,,,,,,,,,,,,,,,,,,,,,,,,,,,,,,,,,,p56807.htm#i568069,,,Ab_Aron-1,I00708975
Q138908,Q99302490,,,,,,,,,,,,,,,,,,,,,,,,,,,,,,,,,,,,,,,,,,,,,I00706581
Q138909,Q116054875,,,,,,,,,,,,,,,,,,,,,,,,,,,,,,,,,,,,,,,,,,,,,I00757264
Q138910,Q110585256,,,,,,,,,,,,,,,,,,,,,,,,,,,,,,,,,,,,,,,,,,,,,I00734564
Q138911,Q116147550,,,,,,,,,,,,,,,,,,,,,,,,,,,,,,,,,,,,,,,,,,,,,I00756685
Q138912,Q116812395,,,,,,,,,,,,,,,,,,,,,,,,,,,,,,,,,,,,,,,,,,,,,I00759285
Q138913,Q76326116,,,,,,,,,,,,,,,,,,,,,,,,,,,,,,,,,,,,,,,,,p69041.htm#i690405,,,,
Q138915,Q76281194,,,,,,,,,,,,,,,,,,,,,,,,,,,,,,,,,,,,,,,,,p65967.htm#i659667,,,Ferch_Griffin-1,I00751086
Q138916,Q110636943,,,,,,,,,,,,,,,,,,,,,,,,,,,,,,,,,,,,,,,,,,,,,I00706503
Q138917,Q116052722,,,,,,,,,,,,,,,,,,,,,,,,,,,,,,,,,,,,,,,,,,,,,I00759313
Q138918,Q116055033,,,,,,,,,,,,,,,,,,,,,,,,,,,,,,,,,,,,,,,,,,,,,I00708903
Q138919,Q110582489,,,,,,,,,,,,,,,,,,,,,,,,,,,,,,,,,,,,,,,,,,,,,I00713713
Q138920,Q99071834,,,,,,,,,,,,,,,,,,,,,,,,,,,,,,,,,,,,,,,,,,,,,I00751847
Q138921,Q99154341,,,,,,,,,,,,,,,,,,,,,,,,,,,,,,,,,,,,,,,,,,,,Gruffydd-76,I00433074
Q138922,Q110347215,,,,,,,,,,,,,,,,,,,,,,,,,,,,,,,,,,,,,,,,,,,,,I00761363
Q138923,Q110636505,,,,,,,,,,,,,,,,,,,,,,,,,,,,,,,,,,,,,,,,,,,,,I00750351
Q138924,Q110413105,,,,,,,,,,,,,,,,,,,,,,,,,,,,,,,,,,,,,,,,,,,,,I00760665
Q138925,Q110441657,,,,,,,,,,,,,,,,,,,,,,,,,,,,,,,,,,,,,,,,,,,,,I00749916
Q138926,Q110636586,,,,,,,,,,,,,,,,,,,,,,,,,,,,,,,,,,,,,,,,,,,,,I00711834
Q138927,Q116054862,,,,,,,,,,,,,,,,,,,,,,,,,,,,,,,,,,,,,,,,,,,,,I00759907
Q138928,Q110637009,,,,,,,,,,,,,,,,,,,,,,,,,,,,,,,,,,,,,,,,,,,,,I00754920
Q138929,Q116155850,,,,,,,,,,,,,,,,,,,,,,,,,,,,,,,,,,,,,,,,,,,,,I00750342
Q138930,Q130358495,,,,,,,,,,,,,,,,,,,,,,,,,,,,,,,,,,,,,,,,,,,,,I00761368
Q138931,Q99080834,,,,,,,,,,,,,,,,,,,,,,,,,,,,,,,,,,,,,,,,,,,,Walbyf-2,I00337228
Q138932,Q116812477,,,,,,,,,,,,,,,,,,,,,,,,,,,,,,,,,,,,,,,,,,,,,I00777391
Q138933,Q130358998,,,,,,,,,,,,,,,,,,,,,,,,,,,,,,,,,,,,,,,,,,,,,I00708666
Q138934,Q105819611,,,,,,,,,,,,,,,,,,,,,,,,,,,,,,,,,,,,,,,,,,,,,I00715154
Q138935,Q116812107,,,,,,,,,,,,,,,,,,,,,,,,,,,,,,,,,,,,,,,,,,,,,I00774812
Q138936,Q116812483,,,,,,,,,,,,,,,,,,,,,,,,,,,,,,,,,,,,,,,,,,,,,I00777408
Q138937,Q116812481,,,,,,,,,,,,,,,,,,,,,,,,,,,,,,,,,,,,,,,,,,,,,I00777404
Q138938,Q116812117,,,,,,,,,,,,,,,,,,,,,,,,,,,,,,,,,,,,,,,,,,,,,I00776388
Q138939,Q110152878,,,,,,,,,,,,,,,,,,,,,,,,,,,,,,,,,,,,,,,,,,,,,I00759037
Q138940,Q110152883,,,,,,,,,,,,,,,,,,,,,,,,,,,,,,,,,,,,,,,,,,,,,I00709774
Q138941,Q76018968,,,,,,,,,,,,,,,,,,,,,,,,,,,,,,,,,,,,,,,,,p47159.htm#i471584,,,Ap_Gronwy-35,I00706631
Q138942,Q76018958,,,,,,,,,,,,,,,,,,,,,,,,,,,,,,,,,,,,,,,,,p47158.htm#i471577,,,Ap_Llewelyn-31,I00706625
Q138943,Q76018955,,,,,,,,,,,,,,,,,,,,,,,,,,,,,,,,,,,,,,,,,p47158.htm#i471576,,,Ap_Morgan-30,I00700208
Q138944,Q76018969,,,,,,,,,,,,,,,,,,,,,,,,,,,,,,,,,,,,,,,,,p47159.htm#i471585,,,Ap_Morgan-28,I00700193
Q138945,Q99211462,,,,,,,,,,,,,,,,,,,,,,,,,,,,,,,,,,,,,,,,,,,,,I00702669
Q138946,Q110560200,,,,,,,,,,,,,,,,,,,,,,,,,,,,,,,,,,,,,,,,,,,,,I00764725
Q138947,Q116469831,,,,,,,,,,,,,,,,,,,,,,,,,,,,,,,,,,,,,,,,,,,,,I00386671
Q138948,Q116469863,,,,,,,,,,,,,,,,,,,,,,,,,,,,,,,,,,,,,,,,,,,,,I00752118
Q138949,Q117306710,,,,,,,,,,,,,,,,,,,,,,,,,,,,,,,,,,,,,,,,,,,,,I00758095
Q138950,Q130340909,,,,,,,,,,,,,,,,,,,,,,,,,,,,,,,,,,,,,,,,,,,,,I00761327
Q138951,Q99084062,,,,,,,,,,,,,,,,,,,,,,,,,,,,,,,,,,,,,,,,,,,,Ap_Gruffydd-44,I00700250
Q138952,Q110413572,,,,,,,,,,,,,,,,,,,,,,,,,,,,,,,,,,,,,,,,,,,,,I00708598
Q138953,Q99084693,,,,,,,,,,,,,,,,,,,,,,,,,,,,,,,,,,,,,,,,,,,,,I00707751
Q138954,Q116146134,,,,,,,,,,,,,,,,,,,,,,,,,,,,,,,,,,,,,,,,,,,,,I00456255
Q138955,Q99211637,,,,,,,,,,,,,,,,,,,,,,,,,,,,,,,,,,,,,,,,,,,,Ap_Madog-66,I00714340
Q138956,Q116469812,,,,,,,,,,,,,,,,,,,,,,,,,,,,,,,,,,,,,,,,,,,,,I00714720
Q138957,Q117307101,,,,,,,,,,,,,,,,,,,,,,,,,,,,,,,,,,,,,,,,,,,,,I00710065
Q138958,Q116469715,,,,,,,,,,,,,,,,,,,,,,,,,,,,,,,,,,,,,,,,,,,,,I00714686
Q138959,Q116052695,,,,,,,,,,,,,,,,,,,,,,,,,,,,,,,,,,,,,,,,,,,,,I00761294
Q138960,Q110622069,,,,,,,,,,,,,,,,,,,,,,,,,,,,,,,,,,,,,,,,,,,,,I00748535
Q138961,Q99084921,,,,,,,,,,,,,,,,,,,,,,,,,,,,,,,,,,,,,,,,,,,,,I00700888
Q138962,Q99068236,,,,,,,,,,,,,,,,,,,,,,,,,,,,,,,,,,,,,,,,,,,,Ap_Philip_Fychan-1,I00177667
Q138963,Q130358701,,,,,,,,,,,,,,,,,,,,,,,,,,,,,,,,,,,,,,,,,,,,,I00795992
Q138964,Q56260377,,,,,,,,,,,,,,,,,,,,,,,,,,,,,,,,,,,,,,,,,p36185.htm#i361845,,,Ferch_John-17,I00041636
Q138965,Q122260613,,,,,,,,,,,,,,,,,,,,,,,,,,,,,,,,,,,,,,,,,,,,,I00705474
Q138966,Q99084684,,,,,,,,,,,,,,,,,,,,,,,,,,,,,,,,,,,,,,,,,,,,,I00700520
Q138967,Q99208465,,,,,,,,,,,,,,,,,,,,,,,,,,,,,,,,,,,,,,,,,,,,,I00751903
Q138968,Q99084149,,,,,,,,,,,,,,,,,,,,,,,,,,,,,,,,,,,,,,,,,,,,Rayne-1,I00706449
Q138969,Q99084116,,,,,,,,,,,,,,,,,,,,,,,,,,,,,,,,,,,,,,,,,,,,Ferch_Jenkin-5,I00700130
Q138970,Q130340913,,,,,,,,,,,,,,,,,,,,,,,,,,,,,,,,,,,,,,,,,,,,,I00761873
Q138971,Q130340905,,,,,,,,,,,,,,,,,,,,,,,,,,,,,,,,,,,,,,,,,,,,,I00761867
Q138972,Q116469728,,,,,,,,,,,,,,,,,,,,,,,,,,,,,,,,,,,,,,,,,,,,,I00291737
Q138973,Q117277450,,,,,,,,,,,,,,,,,,,,,,,,,,,,,,,,,,,,,,,,,,,,,I00696711
Q138974,Q116470802,,,,,,,,,,,,,,,,,,,,,,,,,,,,,,,,,,,,,,,,,,,,,I00776219
Q138975,Q116470800,,,,,,,,,,,,,,,,,,,,,,,,,,,,,,,,,,,,,,,,,,,,,I00776217
Q138976,Q117277334,,,,,,,,,,,,,,,,,,,,,,,,,,,,,,,,,,,,,,,,,,,,,I00692234
Q138977,Q97532073,,,,,,,,,,,,,,,,,,,,,,,,,,,,,,,,,,,,,,,,,,,,,I00705658
Q138978,Q116812276,,,,,,,,,,,,,,,,,,,,,,,,,,,,,,,,,,,,,,,,,,,,,I00692230
Q138979,Q116812470,,,,,,,,,,,,,,,,,,,,,,,,,,,,,,,,,,,,,,,,,,,,,I00764537
Q138980,Q99087161,,,,,,,,,,,,,,,,,,,,,,,,,,,,,,,,,,,,,,,,,,,,,I00700885
Q138981,Q110560166,,,,,,,,,,,,,,,,,,,,,,,,,,,,,,,,,,,,,,,,,,,,,I00752088
Q138982,Q99084260,,,,,,,,,,,,,,,,,,,,,,,,,,,,,,,,,,,,,,,,,,,,Ap_Madog-64,I00706651
Q138983,Q116812338,,,,,,,,,,,,,,,,,,,,,,,,,,,,,,,,,,,,,,,,,,,,,I00777353
Q138984,Q110560223,,,,,,,,,,,,,,,,,,,,,,,,,,,,,,,,,,,,,,,,,,,,,I00760288
Q138985,Q116812378,,,,,,,,,,,,,,,,,,,,,,,,,,,,,,,,,,,,,,,,,,,,,I00706652
Q138986,Q116812112,,,,,,,,,,,,,,,,,,,,,,,,,,,,,,,,,,,,,,,,,,,,,I00714996
Q138987,Q116052879,,,,,,,,,,,,,,,,,,,,,,,,,,,,,,,,,,,,,,,,,,,,,I00775026
Q138988,Q76018960,,,,,,,,,,,,,,,,,,,,,,,,,,,,,,,,,,,,,,,,,p47158.htm#i471579,,,,I00718311
Q138989,Q75875753,,,,,,,,,,,,,,,,,,,,,,,,,,,,,,,,,,,,,,,,,p37317.htm#i373163,,,Ap_Hywel-60,I00706646
Q138990,Q75875757,,,,,,,,,,,,,,,,,,,,,,,,,,,,,,,,,,,,,,,,,p37317.htm#i373166,,,Ab_Adam-22,I00706642
Q138991,Q112490292,,,,,,,,,,,,,,,,,,,,,,,,,,,,,,,,,,,,,,,,,,,,,I00752309
Q138992,Q99084092,,,,,,,,,,,,,,,,,,,,,,,,,,,,,,,,,,,,,,,,,,,,Ferch_Gawdyn-1,I00700251
Q138993,Q116052706,,,,,,,,,,,,,,,,,,,,,,,,,,,,,,,,,,,,,,,,,,,,,I00759473
Q138994,Q99084452,,,,,,,,,,,,,,,,,,,,,,,,,,,,,,,,,,,,,,,,,,,,Ap_Ieuan-22,I00700517
Q138995,Q116470944,,,,,,,,,,,,,,,,,,,,,,,,,,,,,,,,,,,,,,,,,,,,,I00776144
Q138996,Q99211909,,,,,,,,,,,,,,,,,,,,,,,,,,,,,,,,,,,,,,,,,,,,,I00760520
Q138997,Q110622178,,,,,,,,,,,,,,,,,,,,,,,,,,,,,,,,,,,,,,,,,,,,,I00760508
Q138998,Q110621959,,,,,,,,,,,,,,,,,,,,,,,,,,,,,,,,,,,,,,,,,,,,,I00760505
Q138999,Q99084600,,,,,,,,,,,,,,,,,,,,,,,,,,,,,,,,,,,,,,,,,,,,Ap_Rhys-84,I00714646
Q139000,Q116469819,,,,,,,,,,,,,,,,,,,,,,,,,,,,,,,,,,,,,,,,,,,,,I00714689
Q139001,Q116146032,,,,,,,,,,,,,,,,,,,,,,,,,,,,,,,,,,,,,,,,,,,,Ferch_Ralph-3,I00581021
Q139002,Q99080756,,,,,,,,,,,,,,,,,,,,,,,,,,,,,,,,,,,,,,,,,,,,Ap_Meurig-16,I00581025
Q139003,Q116470807,,,,,,,,,,,,,,,,,,,,,,,,,,,,,,,,,,,,,,,,,,,,,I00752397
Q139004,Q130338161,,,,,,,,,,,,,,,,,,,,,,,,,,,,,,,,,,,,,,,,,,,,,I00775020
Q139005,Q110152874,,,,,,,,,,,,,,,,,,,,,,,,,,,,,,,,,,,,,,,,,,,,,I00758786
Q139006,Q110622109,,,,,,,,,,,,,,,,,,,,,,,,,,,,,,,,,,,,,,,,,,,,,I00753630
Q139007,Q110622092,,,,,,,,,,,,,,,,,,,,,,,,,,,,,,,,,,,,,,,,,,,,Ferch_Tangno-1,I00752124
Q139008,Q15835631,,,,,,,,,,,,,,,,,,,,,,,,,,,,,,,,,,,,,,,,,,,,Ap_Caradog-27,I00748544
Q139009,Q110621948,,,,,,,,,,,,,,,,,,,,,,,,,,,,,,,,,,,,,,,,,,,,,I00752621
Q139010,Q116469818,,,,,,,,,,,,,,,,,,,,,,,,,,,,,,,,,,,,,,,,,,,,,I00714718
Q139011,Q116469767,,,,,,,,,,,,,,,,,,,,,,,,,,,,,,,,,,,,,,,,,,,,,I00755313
Q139012,Q130340920,,,,,,,,,,,,,,,,,,,,,,,,,,,,,,,,,,,,,,,,,,,,,I00761862
Q139013,Q99211675,,,,,,,,,,,,,,,,,,,,,,,,,,,,,,,,,,,,,,,,,,,,Ap_Seisyll-17,I00714351
Q139014,Q110622108,,,,,,,,,,,,,,,,,,,,,,,,,,,,,,,,,,,,,,,,,,,,,I00753603
Q139015,Q99084083,,,,,,,,,,,,,,,,,,,,,,,,,,,,,,,,,,,,,,,,,,,,Ap_Meurig-20,I00706986
Q139016,Q110622117,,,,,,,,,,,,,,,,,,,,,,,,,,,,,,,,,,,,,,,,,,,,,I00706992
Q139017,Q110622121,,,,,,,,,,,,,,,,,,,,,,,,,,,,,,,,,,,,,,,,,,,,,I00748551
Q139018,Q99211906,,,,,,,,,,,,,,,,,,,,,,,,,,,,,,,,,,,,,,,,,,,,Ap_Llywarch-18,I00706633
Q139019,Q99211658,,,,,,,,,,,,,,,,,,,,,,,,,,,,,,,,,,,,,,,,,,,,,I00706907
Q139020,Q112490117,,,,,,,,,,,,,,,,,,,,,,,,,,,,,,,,,,,,,,,,,,,,,I00752642
Q139021,Q131741105,,,,,,,,,,,,,,,,,,,,,,,,,,,,,,,,,,,,,,,,,,,,,I00777319
Q139022,Q131741064,,,,,,,,,,,,,,,,,,,,,,,,,,,,,,,,,,,,,,,,,,,,,I00777317
Q139023,Q127225294,,,,,,,,,,,,,,,,,,,,,,,,,,,,,,,,,,,,,,,,,,,,,I00764755
Q139024,Q127225264,,,,,,,,,,,,,,,,,,,,,,,,,,,,,,,,,,,,,,,,,,,,,I00803535
Q139025,Q75905264,,,,,,,,,,,,,,,,,,,,,,,,,,,,,,,,,,,,,,,,,p39433.htm#i394327,,,Ap_Rhys-66,I00314024
Q139026,Q99086779,,,,,,,,,,,,,,,,,,,,,,,,,,,,,,,,,,,,,,,,,,,,,I00314025
Q139027,Q99086830,,,,,,,,,,,,,,,,,,,,,,,,,,,,,,,,,,,,,,,,,,,,,I00705502
Q139028,Q75905272,,,,,,,,,,,,,,,,,,,,,,,,,,,,,,,,,,,,,,,,,p39434.htm#i394332,,,Ferch_Gruffydd-12,I00586430
Q139029,Q13128794,,,,,,,,LY19-JG7,,,,,,,,,,,,,,,,,,,,,,,,,,,,,,,,,p39434.htm#i394333,,,Ap_Nicolas-1,I00586407
Q139030,Q99800536,,,,,,,,,,,,,,,,,,,,,,,,,,,,,,,,,,,,,,,,,,,,,I00699775
Q139031,Q116145627,,,,,,,,,,,,,,,,,,,,,,,,,,,,,,,,,,,,,,,,,,,,,I00714953
Q139032,Q110413680,,,,,,,,,,,,,,,,,,,,,,,,,,,,,,,,,,,,,,,,,,,,,I00700836
Q139033,Q112610885,,,,,,,,,,,,,,,,,,,,,,,,,,,,,,,,,,,,,,,,,,,,,I00696672
Q139034,Q110390629,,,,,,,,,,,,,,,,,,,,,,,,,,,,,,,,,,,,,,,,,,,,,I00765507
Q139035,Q130358786,,,,,,,,,,,,,,,,,,,,,,,,,,,,,,,,,,,,,,,,,,,,,I00701152
Q139036,Q131347082,,,,,,,,,,,,,,,,,,,,,,,,,,,,,,,,,,,,,,,,,,,,,I00708376
Q139037,Q130359306,,,,,,,,,,,,,,,,,,,,,,,,,,,,,,,,,,,,,,,,,,,,,I00802228
Q139038,Q110413081,,,,,,,,,,,,,,,,,,,,,,,,,,,,,,,,,,,,,,,,,,,,,I00755197
Q139039,Q110413074,,,,,,,,,,,,,,,,,,,,,,,,,,,,,,,,,,,,,,,,,,,,Cradock-2,I00700159
Q139040,Q99239131,,,,,,,,,,,,,,,,,,,,,,,,,,,,,,,,,,,,,,,,,,,,,I00706552
Q139041,Q110635916,,,,,,,,,,,,,,,,,,,,,,,,,,,,,,,,,,,,,,,,,,,,,I00710098
Q139042,Q130340866,,,,,,,,,,,,,,,,,,,,,,,,,,,,,,,,,,,,,,,,,,,,,I00709964
Q139043,Q99071449,,,,,,,,,,,,,,,,,,,,,,,,,,,,,,,,,,,,,,,,,,,,,I00708132
Q139044,Q99071412,,,,,,,,,,,,,,,,,,,,,,,,,,,,,,,,,,,,,,,,,,,,,I00708595
Q139045,Q110412990,,,,,,,,,,,,,,,,,,,,,,,,,,,,,,,,,,,,,,,,,,,,,I00706501
Q139046,Q110413679,,,,,,,,,,,,,,,,,,,,,,,,,,,,,,,,,,,,,,,,,,,,,I00762466
Q139047,Q116147030,,,,,,,,,,,,,,,,,,,,,,,,,,,,,,,,,,,,,,,,,,,,,I00711463
Q139048,Q110636294,,,,,,,,,,,,,,,,,,,,,,,,,,,,,,,,,,,,,,,,,,,,,I00709769
Q139049,Q116469791,,,,,,,,,,,,,,,,,,,,,,,,,,,,,,,,,,,,,,,,,,,,,I00714553
Q139050,Q130359041,,,,,,,,,,,,,,,,,,,,,,,,,,,,,,,,,,,,,,,,,,,,,I00751569
Q139051,Q130358997,,,,,,,,,,,,,,,,,,,,,,,,,,,,,,,,,,,,,,,,,,,,,I00708662
Q139052,Q116478730,,,,,,,,,,,,,,,,,,,,,,,,,,,,,,,,,,,,,,,,,,,,,I00788947
Q139053,Q133462373,,,,,,,,,,,,,,,,,,,,,,,,,,,,,,,,,,,,,,,,,,,,,I00759296
Q139054,Q99302459,,,,,,,,,,,,,,,,,,,,,,,,,,,,,,,,,,,,,,,,,,,,,I00751854
Q139055,Q110413110,,,,,,,,,,,,,,,,,,,,,,,,,,,,,,,,,,,,,,,,,,,,,I00760666
Q139056,Q133461318,,,,,,,,,,,,,,,,,,,,,,,,,,,,,,,,,,,,,,,,,,,,,I00757249
Q139057,Q133461362,,,,,,,,,,,,,,,,,,,,,,,,,,,,,,,,,,,,,,,,,,,,,I00761435
Q139058,Q133461338,,,,,,,,,,,,,,,,,,,,,,,,,,,,,,,,,,,,,,,,,,,,,I00768379
Q139059,Q133461580,,,,,,,,,,,,,,,,,,,,,,,,,,,,,,,,,,,,,,,,,,,,,I00757370
Q139060,Q110413664,,,,,,,,,,,,,,,,,,,,,,,,,,,,,,,,,,,,,,,,,,,,,I00759309
Q139061,Q110413658,,,,,,,,,,,,,,,,,,,,,,,,,,,,,,,,,,,,,,,,,,,,,I00708650
Q139062,Q116052710,,,,,,,,,,,,,,,,,,,,,,,,,,,,,,,,,,,,,,,,,,,,,I00759407
Q139063,Q133462365,,,,,,,,,,,,,,,,,,,,,,,,,,,,,,,,,,,,,,,,,,,,,I00708476
Q139064,Q76154282,,,,,,,,,,,,,,,,,,,,,,,,,,,,,,,,,,,,,,,,,p56808.htm#i568072,,,Gwilym-23,I00708974
Q139065,Q76154284,,,,,,,,,,,,,,,,,,,,,,,,,,,,,,,,,,,,,,,,,p56808.htm#i568074,,,,I00753934
Q139066,Q76154292,,,,,,,,,,,,,,,,,,,,,,,,,,,,,,,,,,,,,,,,,p56808.htm#i568079,,,Ap_Madog-71,I00700909
Q139067,Q75905270,,,,,,,,,,,,,,,,,,,,,,,,,,,,,,,,,,,,,,,,,p39434.htm#i394331,,,,I00708500
Q139068,Q116812369,,,,,,,,,,,,,,,,,,,,,,,,,,,,,,,,,,,,,,,,,,,,,I00738271
Q139069,Q128855559,,,,,,,,,,,,,,,,,,,,,,,,,,,,,,,,,,,,,,,,,,,,,I00761281
Q139070,Q128855548,,,,,,,,,,,,,,,,,,,,,,,,,,,,,,,,,,,,,,,,,,,,,I00708781
Q139071,Q131347161,,,,,,,,,,,,,,,,,,,,,,,,,,,,,,,,,,,,,,,,,,,,,I00761291
Q139072,Q116146077,,,,,,,,,,,,,,,,,,,,,,,,,,,,,,,,,,,,,,,,,,,,,I00709826
Q139073,Q99087129,,,,,,,,,,,,,,,,,,,,,,,,,,,,,,,,,,,,,,,,,,,,,I00696706
Q139074,Q110560267,,,,,,,,,,,,,,,,,,,,,,,,,,,,,,,,,,,,,,,,,,,,,I00704920
Q139075,Q110560239,,,,,,,,,,,,,,,,,,,,,,,,,,,,,,,,,,,,,,,,,,,,,I00706062
Q139076,Q116812342,,,,,,,,,,,,,,,,,,,,,,,,,,,,,,,,,,,,,,,,,,,,,I00715006
Q139077,Q110560273,,,,,,,,,,,,,,,,,,,,,,,,,,,,,,,,,,,,,,,,,,,,,I00754751
Q139078,Q99080802,,,,,,,,,,,,,,,,,,,,,,,,,,,,,,,,,,,,,,,,,,,,Ap_Llewelyn-64,I00708885
Q139079,Q116812122,,,,,,,,,,,,,,,,,,,,,,,,,,,,,,,,,,,,,,,,,,,,,I00714989
Q139080,Q116812352,,,,,,,,,,,,,,,,,,,,,,,,,,,,,,,,,,,,,,,,,,,,,I00768268
Q139081,Q110560218,,,,,,,,,,,,,,,,,,,,,,,,,,,,,,,,,,,,,,,,,,,,,I00760292
Q139082,Q110560216,,,,,,,,,,,,,,,,,,,,,,,,,,,,,,,,,,,,,,,,,,,,,I00760283
Q139083,Q130358960,,,,,,,,,,,,,,,,,,,,,,,,,,,,,,,,,,,,,,,,,,,,,I00709992
Q139084,Q112490418,,,,,,,,,,,,,,,,,,,,,,,,,,,,,,,,,,,,,,,,,,,,,I00764882
Q139085,Q131741052,,,,,,,,,,,,,,,,,,,,,,,,,,,,,,,,,,,,,,,,,,,,,I00754586
Q139086,Q116812257,,,,,,,,,,,,,,,,,,,,,,,,,,,,,,,,,,,,,,,,,,,,,I00777346
Q139087,Q116812347,,,,,,,,,,,,,,,,,,,,,,,,,,,,,,,,,,,,,,,,,,,,,I00764786
Q139088,Q97534135,,,,,,,,,,,,,,,,,,,,,,,,,,,,,,,,,,,,,,,,,,,,,I00139758
Q139089,Q116470827,,,,,,,,,,,,,,,,,,,,,,,,,,,,,,,,,,,,,,,,,,,,,I00776245
Q139090,Q108180086,,,,,,,,,,,,,,,,,,,,,,,,,,,,,,,,,,,,,,,,,,,,,I00752295
Q139091,Q112532342,,,,,,,,,,,,,,,,,,,,,,,,,,,,,,,,,,,,,,,,,,,,,I00755142
Q139092,Q56178912,,,,,,,,,,,,,,,,,,,,,,,,,,,,,,,,,,,,,,,,,,,,Benfras-1,I00752605|I00776712
Q139093,Q110582830,,,,,,,,,,,,,,,,,,,,,,,,,,,,,,,,,,,,,,,,,,,,Ferch_Cadwgon_Fychan-1,I00756977
Q139094,Q76204610,,,,,,,,,,,,,,,,,,,,,,,,,,,,,,,,,,,,,,,,,p60229.htm#i602286,,,,I00708647
Q139095,Q116054899,,,,,,,,,,,,,,,,,,,,,,,,,,,,,,,,,,,,,,,,,,,,,I00757453
Q139096,Q116116172,,,,,,,,,,,,,,,,,,,,,,,,,,,,,,,,,,,,,,,,,,,,,I00706225
Q139097,Q116054537,,,,,,,,,,,,,,,,,,,,,,,,,,,,,,,,,,,,,,,,,,,,,I00759030
Q139098,Q130340331,,,,,,,,,,,,,,,,,,,,,,,,,,,,,,,,,,,,,,,,,,,,,I00760883
Q139099,Q110585314,,,,,,,,,,,,,,,,,,,,,,,,,,,,,,,,,,,,,,,,,,Aldud_Owain_(1),,Ab_Owain-12,I00760806
Q139100,Q99302520,,,,,,,,,,,,,,,,,,,,,,,,,,,,,,,,,,,,,,,,,,,,Ap_Rhirid-9,I00708271
Q139101,Q75961211,,,,,,,,,,,,,,,,,,,,,,,,,,,,,,,,,,,,,,,,,p43220.htm#i432199,,,Ferch_Rhirid_Flaidd-1,I00749178
Q139102,Q110662813,,,,,,,,,,,,,,,,,,,,,,,,,,,,,,,,,,,,,,,,,,,,,I00751503
Q139103,Q130339016,,,,,,,,,,,,,,,,,,,,,,,,,,,,,,,,,,,,,,,,,,,,,I00758316
Q139104,Q116112977,,,,,,,,,,,,,,,,,,,,,,,,,,,,,,,,,,,,,,,,,,,,,I00713574
Q139105,Q116112373,,,,,,,,,,,,,,,,,,,,,,,,,,,,,,,,,,,,,,,,,,,,,I00713468
Q139106,Q116116502,,,,,,,,,,,,,,,,,,,,,,,,,,,,,,,,,,,,,,,,,,,,,I00706317
Q139107,Q130339174,,,,,,,,,,,,,,,,,,,,,,,,,,,,,,,,,,,,,,,,,,,,,I00714438
Q139108,Q112531639,,,,,,,,,,,,,,,,,,,,,,,,,,,,,,,,,,,,,,,,,,,,,I00752285
Q139109,Q116477796,,,,,,,,,,,,,,,,,,,,,,,,,,,,,,,,,,,,,,,,,,,,,I00775805
Q139110,Q110582642,,,,,,,,,,,,,,,,,,,,,,,,,,,,,,,,,,,,,,,,,,,,,I00750364|I00777244
Q139111,Q116054841,,,,,,,,,,,,,,,,,,,,,,,,,,,,,,,,,,,,,,,,,,,,,I00753717
Q139112,Q116055518,,,,,,,,,,,,,,,,,,,,,,,,,,,,,,,,,,,,,,,,,,,,,I00762182
Q139113,Q116109186,,,,,,,,,,,,,,,,,,,,,,,,,,,,,,,,,,,,,,,,,,,,,I00760166
Q139114,Q99072149,,,,,,,,,,,,,,,,,,,,,,,,,,,,,,,,,,,,,,,,,,,,,I00705992
Q139115,Q130338937,,,,,,,,,,,,,,,,,,,,,,,,,,,,,,,,,,,,,,,,,,,,,I00224644
Q139116,Q130339171,,,,,,,,,,,,,,,,,,,,,,,,,,,,,,,,,,,,,,,,,,,,,I00714454
Q139117,Q110585542,,,,,,,,,,,,,,,,,,,,,,,,,,,,,,,,,,,,,,,,,,,,,I00714433
Q139118,Q116478905,,,,,,,,,,,,,,,,,,,,,,,,,,,,,,,,,,,,,,,,,,,,,I00776708
Q139119,Q116468938,,,,,,,,,,,,,,,,,,,,,,,,,,,,,,,,,,,,,,,,,,,,,I00749456
Q139120,Q76273203,,,,,,,,,,,,,,,,,,,,,,,,,,,,,,,,,,,,,,,,,p65425.htm#i654247,,,,I00750987
Q139121,Q76273191,,,,,,,,,,,,,,,,,,,,,,,,,,,,,,,,,,,,,,,,,p65424.htm#i654239,Bleddyn_Ap_Tudur_(1),,Ap_Tudur-11,I00750982
Q139122,Q116111631,,,,,,,,,,,,,,,,,,,,,,,,,,,,,,,,,,,,,,,,,,,,,I00714432
Q139123,Q116147373,,,,,,,,,,,,,,,,,,,,,,,,,,,,,,,,,,,,,,,,,,,,,I00750828
Q139124,Q99198887,,,,,,,,,,,,,,,,,,,,,,,,,,,,,,,,,,,,,,,,,,,,,I00714396
Q139125,Q110582838,,,,,,,,,,,,,,,,,,,,,,,,,,,,,,,,,,,,,,,,,,,,Ap_Elidir-9,I00737966
Q139126,Q116109365,,,,,,,,,,,,,,,,,,,,,,,,,,,,,,,,,,,,,,,,,,,,,I00759123
Q139127,Q130339186,,,,,,,,,,,,,,,,,,,,,,,,,,,,,,,,,,,,,,,,,,,,,I00758224
Q139128,Q111455007,,,,,,,,,,,,,,,,,,,,,,,,,,,,,,,,,,,,,,,,,,,,,I00757023
Q139129,Q116156545,,,,,,,,,,,,,,,,,,,,,,,,,,,,,,,,,,,,,,,,,,,,,I00753010
Q139130,Q110582431,,,,,,,,,,,,,,,,,,,,,,,,,,,,,,,,,,,,,,,,,,Uchdrud_Edwin_(1),,Ab_Edwin-1,I00570150|I00749909
Q139131,Q112531613,,,,,,,,,,,,,,,,,,,,,,,,,,,,,,,,,,,,,,,,,,,,,I00749899
Q139132,Q108180063,,,,,,,,,,,,,,,,,,,,,,,,,,,,,,,,,,,,,,,,,,,,,I00736938
Q139133,Q110582706,,,,,,,,,,,,,,,,,,,,,,,,,,,,,,,,,,,,,,,,,,,,,I00753360
Q139134,Q110636681,,,,,,,,,,,,,,,,,,,,,,,,,,,,,,,,,,,,,,,,,,,,,I00759318
Q139135,Q116055489,,,,,,,,,,,,,,,,,,,,,,,,,,,,,,,,,,,,,,,,,,,,,I00762192
Q139136,Q110662884,,,,,,,,,,,,,,,,,,,,,,,,,,,,,,,,,,,,,,,,,,,,,I00750985
Q139137,Q116147329,,,,,,,,,,,,,,,,,,,,,,,,,,,,,,,,,,,,,,,,,,,,,I00761005
Q139138,Q112532244,,,,,,,,,,,,,,,,,,,,,,,,,,,,,,,,,,,,,,,,,,,,Ap_Cwnws-1,I00749263
Q139139,Q110663128,,,,,,,,,,,,,,,,,,,,,,,,,,,,,,,,,,,,,,,,,,,,,I00754541
Q139140,Q112531630,,,,,,,,,,,,,,,,,,,,,,,,,,,,,,,,,,,,,,,,,,,,,I00707867
Q139141,Q110636430,,,,,,,,,,,,,,,,,,,,,,,,,,,,,,,,,,,,,,,,,,,,,I00749257
Q139142,Q75961204,,,,,,,,,,,,,,,,,,,,,,,,,,,,,,,,,,,,,,,,,p43220.htm#i432194,,,Ab_Maredudd-1,I00749249
Q139143,Q110290582,,,,,,,,,,,,,,,,,,,,,,,,,,,,,,,,,,,,,,,,,,,,,I00749837
Q139144,Q2638196,,,,,,,,,,,,,,,,,,,,,,,,,,,137195,,p=maredudd;n=of powys,,,,,,,,,,,,p41379.htm#i413785,Maredudd_ap_Bleddyn_(1),,Ap_Bleddyn-13,I00163451
Q139145,Q116111564,,,,,,,,,,,,,,,,,,,,,,,,,,,,,,,,,,,,,,,,,,,,,I00754418
Q139146,Q133462221,,,,,,,,,,,,,,,,,,,,,,,,,,,,,,,,,,,,,,,,,,,,,I00760221
Q139147,Q116147997,,,,,,,,,,,,,,,,,,,,,,,,,,,,,,,,,,,,,,,,,,,,,I00758668
Q139148,Q116147112,,,,,,,,,,,,,,,,,,,,,,,,,,,,,,,,,,,,,,,,,,,,,I00755167
Q139149,Q116147109,,,,,,,,,,,,,,,,,,,,,,,,,,,,,,,,,,,,,,,,,,,,,I00750299
Q139150,Q110582643,,,,,,,,,,,,,,,,,,,,,,,,,,,,,,,,,,,,,,,,,,,,,I00750370
Q139151,Q116112408,,,,,,,,,,,,,,,,,,,,,,,,,,,,,,,,,,,,,,,,,,,,,I00759575
Q139152,Q116147058,,,,,,,,,,,,,,,,,,,,,,,,,,,,,,,,,,,,,,,,,,,,,I00774892
Q139153,Q110582392,,,,,,,,,,,,,,,,,,,,,,,,,,,,,,,,,,,,,,,,,,,,Llewelyn-76,I00708192
Q139154,Q110582379,,,,,,,,,,,,,,,,,,,,,,,,,,,,,,,,,,,,,,,,,,,,,I00750519
Q139155,Q110582442,,,,,,,,,,,,,,,,,,,,,,,,,,,,,,,,,,,,,,,,,,,,,I00714935
Q139156,Q110585578,,,,,,,,,,,,,,,,,,,,,,,,,,,,,,,,,,,,,,,,,,,,,I00757104
Q139157,Q110636767,,,,,,,,,,,,,,,,,,,,,,,,,,,,,,,,,,,,,,,,,,,,,I00713661
Q139158,Q116812456,,,,,,,,,,,,,,,,,,,,,,,,,,,,,,,,,,,,,,,,,,,,,I00774552
Q139159,Q76300405,,,,,,,,,,,,,,,,,,,,,,,,,,,,,,,,,,,,,,,,,p67299.htm#i672987,,,,
Q139160,Q106686428,,,,,,,,,,,,,,,,,,,,,,,,,,,,,p=swanehilde;n=.,,,,,,,,,,,,,Swanhilde_Von_Hamaland_(1),,Hamaland-1,I00201291
Q139162,Q24971010,,,,,,,,,,,,,,,,,,,,,,,,,,,,,p=siegfried;n=von stade;oc=1,,,,,,,,,,,,,Siegfried_von_Stade_(1),,,
Q139164,Q19950029,,,,,,,,,,,,,,,,,,,,,,,,,,,,,,,,,,,,,,,,,,Haavard_Hergilsson_(2),,Hergilssen-1,
Q139165,Q12339267,,,,,,,,,,,,,,,,,,,,,,,,,,,,,,,,sw.213989,,,,,,,,,,,,Vagnsdatter-2,I00079489
Q139166,Q2741817,,,,,,,,,,,,,,,,,,,,,,,,,,,769898,,p=bodil;n=thrugotsdotter,,,dw.5322,,,,,,,,,p10544.htm#i105439,Boedil_Thurgotsdatter_(1),,Thrugotsdatter-2,I00079487
Q139167,Q12337982,,,,,,,,,,,,,,,,,,,,,,,,,,,,,,,,,,,,,,,,,,,,,
Q139171,Q3127251,,,,,,,,,,,,,,,,,,,,,,,,,,,1369076,,p=harald;n=de danemark;oc=1,,,dw.5319,,,,,,,,,p10545.htm#i105442,Harald_Kesja_(1),,Eriksson-5358,I00279874
Q139173,Q75385237,,,,,,,,,,,,,,,,,,,,,,,,,,,1369075,,p=ragnilde;n=de danemark,,,dw.5320,,,,,,,,,p10545.htm#i105443,Ragnhild_of_Denmark_(1),,Eriksdatter-16,I00571524
Q139174,Q1344986,,,,,,,,,,,,,,,,,,,,,,,,,,,920165,,,,,dw.5923,,,,,,,,,,Henrik_Skadelår_(1),,,I00280158
Q139177,Q75385238,,,,,,,,,,,,,,,,,,,,,,,,,,,,,,,,dw.522,,,,,,,,,p10545.htm#i105446,,,Nielsen-2056,I00535105
Q139178,Q122841529,,,,,,,,,,,,,,,,,,,,,,,,,,,,,,,,,,,,,,,,,,,,,I00535107
Q139179,Q470177,,,,,,,,,,,,,,,,,,,,,,,,person/ebe0aa46-52b8-4062-b713-207fa78c1418,,,,,,,,,,,,,,,,,,,,,
Q139181,Q5900679,,,,,,12368,,,,,,,,,,,,,,,,,,,,,,,,,,,,,,,,,,,,,,Sonasson-1,I00280165
Q139182,Q3125245,,,,,,,,,,,,,,,,,,,,,,,,,,,48975,,,,,,,,,,,,,,p10770.htm#i107700,Haakon_Paulsson_(1),,Paalson-1,I00308287
Q139183,Q16197796,,,,,,,,,,,,,,,,,,,,,,,,,,,,,p=haakon;n=de jutland,,,dw.5337,,,,,,,,,p10545.htm#i105450,Hakon_Sunnivasson_(1),,Sunnivasson-1,I00571525
Q139186,Q110578248,,,,,,,,,,,,,,,,,,,,,,,,,,,998896,,p=berthe;n=de tosny,,,,,,,,,,,,,Beatrice_De_Todeni_(1),,,I00026357
Q139187,Q62128429,,,,,,,,,,,,,,,,,,,,,,,,,,,261486,,p=adelais;n=du plessis,,,,,,,,,,,,p46696.htm#i466953,,,Plessis-33,
Q139275,Q3120070,,,,,,,,,,,,,,,,,,,,,,,,,,,,,p=guillaume;n=malet;oc=14,,,,,,,,,,,,p50868.htm#i508676|p46657.htm#i466569,William_Malet_(4),,Malet-2,I00688115
Q139276,Q76068814,,,,,,,,,,,,,,,,,,,,,,,,,,,,,,,,,,,,,,,,,p50869.htm#i508682,,,Malet-28,
Q139277,Q76068816,,,,,,,,,,,,,,,,,,,,,,,,,,,,,,,,,,,,,,,,,p50869.htm#i508683,,,,
Q139278,Q3481410,,,,,,,,,,,,,,,,,,,,,,,,,,,,,,,,,,,,,,,,,,,,Thorleiksson-1,
Q139279,Q16652425,,,,,,,,,,,,,,,,,,,,,,,,,,,,,,,,,,,,,,,,,,,,Eyjolfsson-7,
Q139280,Q16570945,,,,,,,,,,,,,,,,,,,,,,,,,,,,,,,,,,,,,,,,,,,,Þorkelsson-66,
Q139281,Q4939779,,,,,,,,,,,,,,,,,,,,,,,,,,,,,,,,,,,,,,,,,,,,Bollason-1,
Q139282,Q27991204,,,,,,,,,,,,,,,,,,,,,,,,,,,141797,,p=hugues;n=de montfort;oc=1,,,,,,,,,,,,p66330.htm#i663294,Hugh_Montfort_(1),,Montfort-64,I00485324
Q139283,Q76009540,,,,,,,,,,,,,,,,,,,,,,,,,,,,,,,,,,,,,,,,,p46487.htm#i464869,,,,
Q139284,Q21091632,,,,,,,,,,,,,,,,,,,,,,,,,,,,,,,,,,,,,,,,,,,,,
Q139285,Q61807186,,,,,,,,,,,,,,,,,,,,,,,,,,,,,,,,,,,,,,,,,p46695.htm#i466946,,,Bigod-11,
Q139286,Q135188677,,,,,,,,,,,,,,,,,,,,,,,,,,,,,,,,,,,,,,,,,,,,,
Q139287,Q47014641,,,,,,,,,,,,,,,,,,,,,,,,,,,,,,,,,,,,,,,,,,,,,
Q139288,Q116005812,,,,,,,,,,,,,,,,,,,,,,,,,,,883512,,p=guillaume;n=crespin;oc=15,,,,,,,,,,,,,William_Crispin_(4),,Crispin-26,I00079548
Q139289,Q1572424,,,,,,,,,,,,,,,,,,,,,,,,,,,,,,,,,,,,,,,,,,,,Crispin-27,
Q139290,Q1001446,,,,,,,,,,,,,,,,,,,,,,,,,,,,,,,,,,,,,,,,,,,,,
Q139291,Q28414,,,,,,,,,,,,,,,,,,,,,,,,,,,97522,,,,,lu.3,,,,,,,,,p67282.htm#i672812,Leszek_(1),,Piast-10,
Q139292,Q570504,,,,,,,,,,,,,,,,,,,,,,,,,,,146380,,p=dietrich;n=von haldensleben,,,dw.44,,,,,,,,,p892.htm#i8911,Dietrich_von_Haldensleben_(1),,Haldensleben-5,I00022887
Q139293,Q11771685,,,,,,,,,,,,,,,,,,,,,,,,,,,,,,,,,,,,,,,,,,Mathilde_Unknown_(33),,,
Q139294,Q552696,,,,,,,,L8BY-B3Y,,6871806,,,,,,,,,,,,,,,,,53552,,p=vratislav;n=premyslide;oc=4,,,dw.50,,,,,,,,,p15003.htm#i150025,Vratislav_I_von_Böhmen_(1),,Přemyslovci-6,I00020252
Q139295,Q440513,,,,,,,,,,,,,,,,,,,,,,,,,,,186200,,p=drahomira;n=n,,,dw.51,,,,,,,,,p67307.htm#i673065,Drahomíra_von_Stodor_(1),,Stodor-3,I00020253
Q139296,Q196527,,,,,,,,G62V-P61,,,,,,,,,,,,,,,,,,,53554,,p=vaclav;n=premyslide,,,dw.52,,,,,,,,,p15003.htm#i150026,"Wenceslaus_I,_Duke_of_Bohemia_(1)",,Přemyslovci-2,I00020254
Q139297,Q97313018,,,,,,,,,,,,,,,,,,,,,,,,,,,,,,,,,,,,,,,,,,,,Přemyslovci-7,
Q139298,Q2530611,,,,,,,,,,,,,,,,,,,,,,,,,,,,,,,,,,,,,,,,,,,,,
Q139299,Q3507840,,,,,,,,,,,,,,,,,,,,,,,,,,,927849,,,,,,,,,,,,,,,,,,
Q139300,Q4683102,,,,,,,,,,,,,,,,,,,,,,,,,,,,,,,,,,,,,,,,,,Adiva_(1),,,
Q139301,Q462594,,,,,,,,,,,,,,,,,,,,,,,,,,,590933,,,,,dw.58,,,,,,,,,,Emma_of_Melnik_(1),,Unknown-322801,I00020260
Q139302,Q266737,,,,,,,,,,,,,,,,,,,,,,,,,,,161208,,p=boleslav;n=premyslide;oc=5,,,dw.60,,,,,,,,,p15003.htm#i150029,"Boleslaus_III,_Duke_of_Bohemia_(1)",,Přemyslovci-13,I00020262
Q139303,Q387368,,,,,,,,,,,,,,,,,,,,,,,,person/e2bf06a9-edc5-4865-aa28-a0c400e208ff,,,161210,,p=jaromir;n=premyslide;oc=2,,,dw.61,,,,,,,,,p15003.htm#i150027,"Jaromir,_Duke_of_Bohemia_(1)",,Přemyslovci-12,I00020264
Q139304,Q95977578,,,,,,,,,,,,,,,,,,,,,,,,,,,909452,,,,,,,,,,,,,,,Wenzel_Unknown_(1),,Přemyslovci-26,I00020261
Q139305,Q21155612,,,,,,,,,,,,,,,,,,,,,,,,,,,261781|141393,,p=aelflaed;n=of bamburgh,,,,,,,,,,,,p449.htm#i4484,"Aelfled,_Ealdred's_Daughter_(1)",,Bernicia-22,I00108323
Q139306,Q7105730,,,,,,,,,,,,,,,,,,,,,,,,,,,,,,,,,,,,,,,,,,Osbeorn_Bulax_(1),,Northumbria-79,
Q139307,Q7486612,,,,,,,,,,,,,,,,,,,,,,,,,,,,,p=ethelmaer;n=n,,,,,,,,,,,,,Aethelmaer_Ciel_(2),,Surrey-11,I00291979
Q139308,Q8077325,,,,,,,,,,,,,,,,,,,,,,,,,,,,,p=elfig;n=of wessex,,,,,,,,,,,,,Abbot_Elfwig_(1),,Wessex-388,
Q139316,Q75247769,,,,,,,,,,,,,,,,,,,,,,,,,,,,,,,,,,,,,,,,,p895.htm#i8941,Rikdag_Unknown_(1),,,
Q139324,Q352800,,,,,,,,,,,,,,,,,,,,,,,,,,,141430,,p=cinaed mac mail coluim;n=of scotland,,,,,,,,,,,,p10289.htm#i102889,Kenneth_II_of_Scotland_(1),,MacAlpin-35,I00022620
Q139325,Q335885,,,,,,,,,,,,,,,,,,,,,,,,,,,141517,,p=beoedhe;n=of scotland;oc=1,,,,,,,,,,,,p10290.htm#i102895,Boite_mac_Cináeda_(1),,MacAlpin-18,I00076174
Q139326,Q1799925,,,,,,,,,,,,,,,,,,,,,,,,,,,111552,,p=crinan;n=of dunkeld,,,,,,,,,,,,p10289.htm#i102882,Crínán_of_Dunkeld_(1),,Dunkeld-9,I00022602|I00616672
Q139328,Q18123097,,,,,,,,,,,,,,,,,,,,,,,,,,,111551,,p=maldred;n=of allerdale,,,,,,,,,,,,p10665.htm#i106641,Maldred_Dunbar_(1),,Dunkeld-90,I00108330
Q139329,Q3446425,,,,,,,,,,,,,,,,,,,,,,,,,,,142608,,,,,,,,,,,,,,,,,Of_MORAY-7,
Q139330,Q272390,,,,,,,,9HYH-BLK,,,,,,,,,,,,,,,,,,,141518,,p=gruoch;n=of scotland,,,,,,,,,,,,p10529.htm#i105284,Gruoch_Unknown_(1),,Boite-6,I00076176
Q139331,Q75387810,,,,,,,,,,,,,,,,,,,,,,,,,,,,,,,,,,,,,,,,,p10772.htm#i107712,,,,I00544677
Q139332,Q522317,,alvin-person:30670,,,,,,,,,,,,,,,,,,,,,,,,,,,,,,,,,,,,,,,p19830.htm#i198300,"Magnus_Erlendsson,_Earl_of_Orkney_(1)",,,
Q139333,Q75532148,,,,,,,,,,,,,,,,,,,,,,,,,,,,,,,,,,,,,,,,,p19831.htm#i198301,,,,I00544680
Q139334,Q19949742,,,,,,,,,,,,,,,,,,,,,,,,,,,,,,,,,,,,,,,,,,,,,
Q139345,Q2303658,,,,,,7498,,,,,,,,,,,,,,,,,,term/3bd66216-5aca-4369-8d55-a07e062ffed2,,,,,,,,,,,,,,,,,,,,,I00790175
Q139346,Q1342231,,,,,,7499,,,,15927547,,,,,,,,,,,,,,,,,,,,,,,,,,,,,,,,,,,
Q139347,Q75393590,,,,,,,,,,,,,,,,,,,,,,,,,,,,,p=nn;n=sverkeratten;oc=2,,,,,,,,,,,,p11306.htm#i113051,,,,
Q139348,Q640407,,alvin-person:28296,,,,17820,,,,,,,,,,,,,,,,,,,,,268607,,p=blot sven;n=sverkeratten,,,dw.786,,,,,,,,,p11306.htm#i113052,Blot-Sweyn_(1)|Unknown_Blot-Svein_(1),,,
Q139352,Q438469,,,,,,,,,,,,,,,,,,,,,,,,,,,920166,,p=ingrid;n=stenkilska atten;oc=1,,,dw.7068,,,,,,,,,p11299.htm#i112989,Ingrid_Ragnvaldsdotter_(1),,Ragnvaldsdatter-10,I00280157
Q139353,Q2905211,,,,,,,,,,,,,,,,,,,,,,,,,,,,,p=bjorn;n=de danemark,,,dw.5326,,,,,,,,,p11308.htm#i113073,Björn_Ironside_Haraldsson_(1),,Haraldsen-62,I00122089
Q139354,Q2482366,,alvin-person:34037,,,,11769,,,,,,,,,,,,,,,,,,,,,,,p=christine;n=de danemark,,,dw.5344,,,,,,,,,p11308.htm#i113072,Christina_Björnsdotter_(1),,Bjørnsdatter-118,I00122092
Q139355,Q12000373,,,,,,,,,,,,,,,,,,,,,,,,,,,,,,,,,,,,,,,,,,,,,
Q139356,Q12176823,,,,,,,,,,,,,,,,,,,,,,,,,,,,,,,,,,,,,,,,,,,,,I00710315
Q139357,Q101247287,,,,,,,,,,,,,,,,,,,,,,,,,,,,,,,,,,,,,,,,,,,,Hareksson-1,I00500654
Q139362,Q18419296,,,,,,,,,,,,,,,,,,,,,,,,,,,926576,,,,,,,,,,,,,,,,,Sveinsson-6,
Q139379,Q3364948,,,,,,,,,,,,,,,,,,,,,,,,,,,,,p=ingeburge;n=guttorm,,,,,,,,,,,,p11301.htm#i113004,Ingeborg_Guthormsdt_(1),,Guttormsdatter-10,
Q139380,Q3494405,,,,,,,,,,,,,,,,,,,,,,,,,,,,,p=biadmuine;n=d irlande,,,,,,,,,,,,p11301.htm#i113001,Blathmin_Ua_Briain_(1),,O'Brien-1158,I00280215
Q139381,Q75393546,,,,,,,,,,,,,,,,,,,,,,,,,,,,,,,,,,,,,,,,,p11300.htm#i113000,Unknown_Cecelia_(1),,,I00280217
Q139383,Q343101,,,,,,,,,,,,,,,,,,,,,,,,,,,,,p=magnus;n=yngling;oc=4,,,dw.6506,,,,,,,,,p11287.htm#i112869,Magnus_IV_of_Norway_(1),,Sigurdsson-116,I00692070
Q139384,Q122931811,,,,,,,,,,,,,,,,,,,,,,,,,,,,,,,,,,,,,,,,,,Sigrid_Saxisdottir_(1),,Saxisdatter-1,I00279863
Q139385,Q110703077,,,,,,,,,,,,,,,,,,,,,,,,,,,,,,,,,,,,,,,,,,,,,I00279865
Q139386,Q3481458,,,,,,,,,,,,,,,,,,,,,,,,,,,,,,,,,,,,,,,,,,,,Sæmundsson-58,I00279866
Q139387,Q653125,,,,,,,,,,,,,,,,,,,,,,,,,,,,,,,,,,,,,,,,,,,,Loftsson-7,I00279868
Q139388,Q350498,,,,,,,,,,83386975,,,,,,,,,,,,,,,,,57363,,p=sigurd;n=yngling;oc=2,,,sw.107581,,,,,,,,,p11300.htm#i112995,Sigurd_II_of_Norway_(1),,Haraldsson-186,I00091797
Q139389,Q138684,,,,,,,,,,83292539,,,,,,,,,,,,,,,,,,,p=inge;n=yngling;oc=1,,,,,,,,,,,,p11300.htm#i112991,Inge_I_of_Norway_(1),,Haraldsson-154,I00280199
Q139390,Q329826,,,,,,,,,,,,,,,,,,,,,,,,,,,,,p=eystein;n=yngling;oc=2,,,,,,,,,,,,p11300.htm#i112992,Eystein_II_of_Norway_(1),,Haraldsson-184,I00280202
Q139391,Q29881,,,,,,,,,,,,,,,,,,,,,,,,,,,,,,,,,,,,,,,,,,Magnus_Haraldsson_(1),,,I00280205
Q139392,Q2925391,,,,,,16949,,,,15927823,,,,,,,,,,,,,,,,,557877,,p=birgitta;n=yngling,,,dw.7496,,,,,,,,,p15038.htm#i150379,Bridgida_Haraldsdt_(1),,Haraldsdatter-95,I00280163
Q139393,Q26965894,,,,,,,,,,,,,,,,,,,,,,,,,,,,,,,,,,,,,,,,,p4285.htm#i42845,Margaret_Haraldsdt_(1),,Haraldsdottir-24,I00280209
Q139394,Q28718414,,,,,,,,,,,,,,,,,,,,,,,,,,,,,,,,,,,,,,,,,p4285.htm#i42846,Maria_Haraldsdt_(1),,Haraldsdatter-38,I00280207
Q139395,Q101248756,,,,,,,,,,,,,,,,,,,,,,,,,,,,,,,,,,,,,,,,,,,,,I00279861
Q139396,Q2632997,,,,,,,,,,,,,,,,,,,,,,,,,,,,,p=oluf;n=de danemark;oc=1,,,,,,,,,,,,,,,Haraldsen-1,I00722372
Q139397,Q725219,,,,,,,,,,,,,,,,,,,,,,,,,,,926575,,p=erling;n=skakke,,,,,,,,,,,,p11300.htm#i112997,Erling_Skakke_(1),,Ormsson-29,I00280216
Q139398,Q12001101,,,,,,,,,,,,,,,,,,,,,,,,,,,,,,,,,,,,,,,,,,,,,
Q139399,Q1019325,,,,,,,,,,,,,,,,,,,,,,,,,,,,,p=baard;n=guttormson,,,,,,,,,,,,p11302.htm#i113014,Bård_Guttormson_(1),,Guttormsson-30,I00361704
Q139400,Q75292005,,,,,,,,,,,,,,,,,,,,,,,,,,,,,,,,,,,,,,,,,p4286.htm#i42853,,,Guthormsdottir-2,
Q139401,Q26970861,,,,,,,,,,,,,,,,,,,,,,,,,,,,,,,,,,,,,,,,,p4285.htm#i42843,Hallkjell_Huk_(1),,Huk-4,
Q139402,Q26965895,,,,,,,,,,,,,,,,,,,,,,,,,,,,,,,,,,,,,,,,,p4285.htm#i42844,Jon_Hallkjellson_(1),,Hallkjellsson-1,I00280208
Q139403,Q28717952,,,,,,,,,,,,,,,,,,,,,,,,,,,,,,,,,,,,,,,,,p4285.htm#i42847,Simon_Skalp_(1),,,I00280206
Q139404,Q9005091,,,,,,,,,,,,,,,,,,,,,,,,,,,,,,,,,,,,,,,,,,,,,
Q139405,Q16652512,,,,,,,,,,,,,,,,,,,,,,,,,,,,,,,,,,,,,,,,,,,,Þórðarson-186,
Q139406,Q16565794,,,,,,,,,,,,,,,,,,,,,,,,,,,,,,,,,,,,,,,,,,,,Þórðarson-270,
Q139407,Q15889729,,,,,,,,,,,,,,,,,,,,,,,,,,,,,,,,,,,,,,,,,,,,,
Q139408,Q3156264,,,,,,,,,,,,,,,,,,,,,,,,,,,471033,,,,,,,,,,,,,,,,,Gudrødsson-77,
Q139409,Q4898518,,,,,,,,,,,,,,,,,,,,,,,,,,,,,,,,,,,,,,,,,,,,,
Q139410,Q6949547,,,,,,,,,,,,,,,,,,,,,,,,,,,,,,,,,,,,,,,,,p54617.htm#i546161,Máel_Muire_ingen_Cináeda_(1),,MacAlpin-14,
Q139411,Q135529219,,,,,,,,,,,,,,,,,,,,,,,,,,,,,,,,,,,,,,,,,,,,,
Q139412,Q135529135,,,,,,,,,,,,,,,,,,,,,,,,,,,,,,,,,,,,,,,,,,,,,
Q139413,Q135529147,,,,,,,,,,,,,,,,,,,,,,,,,,,,,,,,,,,,,,,,,,,,,
Q139414,Q5202787,,,,,,,,,,,,,,,,,,,,,,,,,,,,,p=cucaircheach;n=mac faelan,,,,,,,,,,,,,Cú_Mac_Fáeláin_(1),,Mac_Faelain-1,
Q139415,Q608420,,,,,,,,,,,,,,,,,,,,,,,,,,,,,p=niall;n=caille,,,,,,,,,,,,p15012.htm#i150114,Niall_Mac_Aedh_(2),,Mac_Aedh-3,
Q139416,Q76121945,,,,,,,,,,,,,,,,,,,,,,,,,,,,,p=gormflaith;n=ingen donncadha|p=gormlaith;n=ingen donnchad,,,,,,,,,,,,p54616.htm#i546153,Gormliath_Donnchad_(1),,Ingen_Donnchad-2,
Q139417,Q1274033,,,,,,,,,,,,,,,,,,,,,,,,,,,,,,,,,,,,,,,,,p15012.htm#i150119,Niall_Glúndub_(1),,Mac_Aedo-2,
Q139418,Q3035608,,,,,,,,,,,,,,,,,,,,,,,,,,,,,,,,,,,,,,,,,p28410.htm#i284091,Domhnall_Mac_Aedh_(1),,Mac_Aeda-1,
Q139419,Q6949555,,,,,,,,G8WB-KPS,,,,,,,,,,,,,,,,,,,,,p=mael ruanaid;n=o neill,,,,,,,,,,,,p15012.htm#i150115,Máel_Ruanaid_mac_Donnchada_Midi_(1),,Mac_Donnchada_Midi-1,
Q139420,Q5586656,,,,,,,,,,,,,,,,,,,,,,,,,,,,,p=gormlaith;n=ingen flann mac conaing,,,,,,,,,,,,,Gormlaith_Ingen_Flainn_Mac_Conaig_(1),,Ingen_Flann_mac_Conaing-1,
Q139421,Q1274054,,,,,,,,,,,,,,,,,,,,,,,,,,,,,,,,,,,,,,,,,p15012.htm#i150120,Donnchad_Donn_(1),,Mac_Flainn-1,
Q139422,Q5586650,,,,,,,,,,,,,,,,,,,,,,,,,,,,,p=gormflaith;n=ingen flann sinna,,,,,,,,,,,,p54617.htm#i546166,"Gormflaith,_daughter_of_Flann_(1)",,Ingen_Flann_Sinna-1,
Q139423,Q1152971,,,,,,,,,,,,,,,,,,,,,,,,,,,,,,,,,,,,,,,,,p15013.htm#i150123,Domnall_ua_Néill_(1),,Ua_Néill-1,
Q139424,Q76121974,,,,,,,,,,,,,,,,,,,,,,,,,,,,,,,,,,,,,,,,,p54618.htm#i546174,,,,
Q139425,Q5474834,,,,,,,,,,,,,,,,,,,,,,,,,,,,,,,,,,,,,,,,,,,,Mýrkjartansdóttir-1,
Q139426,Q17132117,,,,,,,,,,,,,,,,,,,,,,,,,,,,,,,,,,,,,,,,,,Donnchad_macGillapatrick_(1),,Mac_Gilla_Pátraic-7,I00602901
Q139427,Q618605,,,,,,,,,,,,,,,,,,,,,,,,,,,,,,,,,,,,,,,,,,,,Bjarnarson-7,
Q139428,Q135529234,,,,,,,,,,,,,,,,,,,,,,,,,,,,,,,,,,,,,,,,,,,,Þorvaldsdóttir-33,
Q139429,Q132128931,,,,,,,,,,,,,,,,,,,,,,,,,,,,,,,,,,,,,,,,,,,,,
Q139430,Q16129001,,,,,,,,,,,,,,,,,,,,,,,,,,,,,,,,,,,,,,,,,,,,,
Q139431,Q2436711,,,,,,,,,,,,,,,,,,,,,,,,,,,,,,,,,,,,,,,,,,Agne_Unknown_(1),,Dagsson-32,
Q139432,Q20019271,,,,,,,,,,,,,,,,,,,,,,,,,,,,,,,,,,,,,,,,,,,,Agnisson-3,
Q139433,Q3480168,,,,,,,,,,,,,,,,,,,,,,,,,,,,,,,,,,,,,,,,,,,,Alfsson-4,
Q139435,Q201905,,,,,,,,,,40188285,,,,,,,,,,,,,,,,,143788|927441,,,,,,,,,,,,,,,Constantius_III_(1),,Constantius-3,I00248944
Q139436,Q160353,,,,,,,,,,,,,,,,,,,,,,,,person/97C024C4-5D1F-44F0-AE8B-4ED32219CFAC,,,143779,,,,,,,,,,,,,,,Theodosius_II_(1),,Of_Rome-67,I00248953
Q139437,Q229307,,,,,,,,,,,,,,,,,,,,,,,,person/2AA6ED00-62FD-4992-940E-723BB18A5F06,,,704500,,,,,,,,,,,,,,,Eudocia_Athenais_(1),,Eudocia-1,I00248954
Q139438,Q191940,,,,,,,,,,40495933,,,,,,,,,,,,,,,,,273264,,,,,,,,,,,,,,,Petronius_Maximus_(1),,Anicii-9,I00248943
Q139439,Q1852740,,,,,,,,,,,,,,,,,,,,,,,,,,,,,,,,,,,,,,,,,,,,,
Q139442,Q76299378,,,,,,,,,,,,,,,,,,,,,,,,,,,,,,,,,,,,,,,,,p67215.htm#i672147,,,,
Q139443,Q76298483,,,,,,,,,,,,,,,,,,,,,,,,,,,,,,,,,,,,,,,,,p67157.htm#i671567,,,,
Q139444,Q76298494,,,,,,,,,,,,,,,,,,,,,,,,,,,,,,,,,,,,,,,,,p67158.htm#i671575,,,,
Q139445,Q76298635,,,,,,,,,,,,,,,,,,,,,,,,,,,,,,,,,,,,,,,,,p67167.htm#i671663,,,,
Q139446,Q76298552,,,,,,,,,,,,,,,,,,,,,,,,,,,,,,,,,,,,,,,,,p67162.htm#i671615,,,,
Q139447,Q76298765,,,,,,,,,,,,,,,,,,,,,,,,,,,,,,,,,,,,,,,,,p67175.htm#i671742,,,,
Q139448,Q76298870,,,,,,,,,,,,,,,,,,,,,,,,,,,,,,,,,,,,,,,,,p67181.htm#i671806,,,,
Q139449,Q76299728,,,,,,,,,,,,,,,,,,,,,,,,,,,,,,,,,,,,,,,,,p67243.htm#i672422,,,,
Q139450,Q76299108,,,,,,,,,,,,,,,,,,,,,,,,,,,,,,,,,,,,,,,,,p67197.htm#i671962,,,,I00280718
Q139451,Q76299033,,,,,,,,,,,,,,,,,,,,,,,,,,,,,,,,,,,,,,,,,p67191.htm#i671908,,,,I00280719
Q139452,Q23017421,,,,,,,,,,,,,,,,,,,,,,,,,,,,,p=richarde;n=de herstal;oc=1,,,,,,,,,,,,,Richarda_Unknown_(1),,,
Q139453,Q1997366,,,,,,,,,,,,,,,,,,,,,,,,,,,926731,,p=frodald;n=n,,,,,,,,,,,,,,,,
Q139454,Q2561597,,,,,,,,,,,,,,,,,,,,,,,,,,,,,p=garnier;n=.;oc=1,,,,,,,,,,,,,Werner_Unknown_(4),,,
Q139455,Q2595778,,,,,,,,,,,,,,,,,,,,,,,,,,,,,,,,,,,,,,,,,,Siconulf_of_Salerno_(1),,Benevento-27,I00304055
Q139456,Q1284117,,,,,,,,,,,,,,,,,,,,,,,,,,,,,p=guido;n=di spoleto;oc=3,,,,,,,,,,,,,Guy_II_of_Spoleto_(1),,,I00636505
Q139457,Q515982,,,,,,,,,,,,,,,,,,,,,,,,,,,865533,,p=ageltrude;n=di benevento,,,,,,,,,,,,,Ageltruda_di_Benevento_(1),,Benevento-18,I00304052
Q139458,Q354823,,,,,,,,,,,,,,,,,,,,,,,,,,,865535,,p=lamberto;n=di spoleto;oc=2,,,,,,,,,,,,p16232.htm#i162318,,,Spoleto-10,
Q139459,Q347440,,,,,,,,,,,,,,,,,,,,,,,,,,,323068,,p=adalberto;n=di toscana;oc=1,,,,,,,,,,,,,"Adalbert_I,_Margrave_of_Tuscany_(1)",,Toscana-7,I00297755
Q139462,Q3155966,,,,,,,,,,,,,,,,,,,,,,,,,,,217399,,,,,,,,,,,,,,,Ernest_of_Nordgau_(1),,Markgrafin_of_Nordgau-2|UNKNOWN-83238,
Q139464,Q24027897,,,,,,,,,,,,,,,,,,,,,,,,,,,,,p=erchangar;n=von schwaben,,,dw.7855,,,,,,,,,,Erchanger_of_Nordgau_(1),,Alsace-47,
Q139465,Q12273180,,,,,,,,,,,,,,,,,,,,,,,,,,,,,,,,,,,,,,,,,,,,,
Q139466,Q76300893,,,,,,,,,,,,,,,,,,,,,,,,,,,,,,,,,,,,,,,,,p67335.htm#i673344,,,,
Q139467,Q3439096,,,,,,,,,,,,,,,,,,,,,,,,,,,739906,,p=roger;n=de laon,,,,,,,,,,,,,,,Laon-47,
Q139468,Q714866,,,,,,,,,,,,,,,,,,,,,,,,,,,,,,,,,,,,,,,,,p67221.htm#i672205,Ulrich_of_Augsburg_(1),,,
Q139469,Q60809240,,,,,,,,,,,,,,,,,,,,,,,,,,,,,,,,,,,,,,,,,p67236.htm#i672358,Dietwald_Dillingen_(1),,,
Q139470,Q76300097,,,,,,,,,,,,,,,,,,,,,,,,,,,,,,,,,,,,,,,,,p67273.htm#i672730,,,,
Q139471,Q5385612,,,,,,,,,,,,,,,,,,,,,,,,,,,192140,,p=erenfried;n=de maasgau;oc=1,,,sw.213326,,,,,,,,,p67227.htm#i672263,Ehrenfried_von_Bliesgau_(1),,Bliesgau-1,I00080186
Q139472,Q5331786,,,,,,,,,,,,,,,,,,,,,,,,,,,174197,,p=ebberhardt;n=de bonngau;oc=1,,,sw.213209,,,,,,,,,p67257.htm#i672561,"Eberhard_I,_Count_of_Bonngau_(1)",,Keldachgau-1,I00080188
Q139475,Q1559367,,,,,,,,,,,,,,,,,,,,,,,,,,,,,p=geraud;n=d aurillac|p=geraud;n=d aurillac;oc=2,,,,,,,,,,,,,,,,
Q139476,Q76299824,,,,,,,,,,,,,,,,,,,,,,,,,,,1174904,,,,,,,,,,,,,,p67250.htm#i672496,,,,
Q139477,Q19059793,,,,,,,,,,,,,,,,,,,,,,,,,,,1174905,,,,,,,,,,,,,,p67194.htm#i671936,Athelbert_Von_Sachsen_(1),,,
Q139479,Q76299437,,,,,,,,,,,,,,,,,,,,,,,,,,,,,,,,,,,,,,,,,p67220.htm#i672191,,,,
Q139480,Q76298616,,,,,,,,,,,,,,,,,,,,,,,,,,,,,,,,,,,,,,,,,p67166.htm#i671651,,,,
Q139481,Q76299406,,,,,,,,,,,,,,,,,,,,,,,,,,,,,,,,,,,,,,,,,p67217.htm#i672167,,,,
Q139482,Q3099537,,,,,,,,,,,,,,,,,,,,,,,,,,,,,p=gautier;n=de laon,,,,,,,,,,,,,,,,
Q139483,Q76239413,,,,,,,,,,,,,,,,,,,,,,,,,,,,,,,,,,,,,,,,,p62898.htm#i628974,,,,
Q139484,Q76300122,,,,,,,,,,,,,,,,,,,,,,,,,,,,,,,,,,,,,,,,,p67275.htm#i672749,,,,
Q139485,Q76299615,,,,,,,,,,,,,,,,,,,,,,,,,,,,,,,,,,,,,,,,,p67233.htm#i672323,,,,
Q139486,Q76299651,,,,,,,,,,,,,,,,,,,,,,,,,,,,,,,,,,,,,,,,,p67236.htm#i672352,,,,
Q139487,Q76298502,,,,,,,,,,,,,,,,,,,,,,,,,,,,,,,,,,,,,,,,,p67158.htm#i671580,,,,
Q139489,Q3064546,,,,,,,,,,,,,,,,,,,,,,,,,,,,,,,,,,,,,,,,,,,,,
Q139490,Q96748311,,,,,,,,,,,,,,,,,,,,,,,,,,,,,,,,,,,,,,,,,p10240.htm#i102394,Gunnor_De_Northumbria_(1),,Northumbria-73,
Q139491,Q18527881,,,,,,,,,,,,,,,,,,,,,,,,,,,,,,,,,,,,,,,,,,,,,
Q139492,Q272227,,,,,,,,,,,,,,,,,,,,,,,,,,,,,,,,,,,,,,,,,p15033.htm#i150322,,,,
Q139493,Q75454849,,,,,,,,,,,,,,,,,,,,,,,,,,,,,p=cynethryth;n=n,,,,,,,,,,,,p15256.htm#i152557,Cynethryth_Unknown_(1),,Mercia-29,
Q139494,Q470860,,,,,,,,,,,,,,,,,,,,,,,,,,,126867,,,,,,,,,,,,,,p15038.htm#i150376,,,,
Q139495,Q762675,,,,,,,,,,,,,,,,,,,,,,,,person/772a667d-5223-46ac-ae60-8954d642a7cd,,,203765,,p=cenwulf;n=of mercia,,,,,,,,,,,,p10646.htm#i106459,Ceonwulf_of_Mercia_(1)|Conwulf_Mercia_(1),,Mercia-244,
Q139496,Q888634,,,,,,,,,,,,,,,,,,,,,,,,person/a775611d-eb16-498a-83de-8c0cd5f27b74,,,,,p=ceowulf;n=of mercia,,,,,,,,,,,,p15037.htm#i150365,Ceolwulf_Mercia_(2),,Mercia-36,
Q139497,Q878926,,,,,,,,,,,,,,,,,,,,,,,,person/954bd9c5-11ed-409e-bf9c-ac7b70a6aaa6,,,,,p=cuthred;n=of mercia,,,,,,,,,,,,p15028.htm#i150274,Cuthræd_of_Mercia_(1),,,
Q139498,Q75454847,,,,,,,,,,,,,,,,,,,,,,,,,,,,,,,,,,,,,,,,,p15256.htm#i152554,,,,
Q139499,Q2538914,,,,,,,,,,,,,,,,,,,,,,,,,,,514905,,,,,,,,,,,,,,,,,,
Q139500,Q12079024,,,,,,,,,,,,,,,,,,,,,,,,,,,,,,,,,,,,,,,,,,,,,
Q139501,Q3563395,,,,,,,,,,,,,,,,,,,,,,,,,,,,,,,,,,,,,,,,,,,,,
Q139502,Q13414808,,,,,,,,,,,,,,,,,,,,,,,,,,,,,,,,,,,,,,,,,,,,,
Q139503,Q20070256,,,,,,,,,,,,,,,,,,,,,,,,,,,,,,,,,,,,,,,,,,,,,
Q139504,Q313467,,,,,,,,,,,,,,,,,,,,,,,,,,,,,,,,,,,,,,,,,,,,,
Q139505,Q435531,,,,,,,,,,,,,,,,,,,,,,,,,,,,,,,,,,,,,,,,,,,,,
Q139506,Q4134693,,,,,,,,,,,,,,,,,,,,,,,,,,,,,,,,,,,,,,,,,,,,,
Q139507,Q15983731,,,,,,,,,,,,,,,,,,,,,,,,,,,,,,,,,,,,,,,,,,,,,
Q139508,Q963777,,,,,,,,,,,,,,,,,,,,,,,,,,,583302,,,,,,,,,,,,,,,,,,
Q139509,Q511862,,,,,,,,,,,,,,,,,,,,,,,,,,,481806,,,,,,,,,,,,,,,,,,
Q139510,Q393082,,,,,,,,,,,,,,,,,,,,,,,,,,,1028107,,,,,,,,,,,,,,,,,,
Q139511,Q2998641,,,,,,,,,,,,,,,,,,,,,,,,,,,401247,,,,,,,,,,,,,,,Cotys_VIII_(1),,,I00737831
Q139512,Q2998635,,,,,,,,,,,,,,,,,,,,,,,,,,,,,,,,,,,,,,,,,,Cotys_IX_(1),,,I00738737
Q139513,Q7263913,,,,,,,,,,,,,,,,,,,,,,,,,,,,,,,,,,,,,,,,,,Pythodoris_II_(1),,,I00736179
Q139514,Q3429926,,,,,,,,,,,,,,,,,,,,,,,,,,,,,,,,,,,,,,,,,,Rhoemetalces_II_(1),,,I00738736
Q139515,Q3290241,,,,,,,,,,,,,,,,,,,,,,,,,,,,,,,,,,,,,,,,,,,,,
Q139516,Q16932035,,,,,,,,,,,,,,,,,,,,,,,,,,,,,,,,,,,,,,,,,,,,,I00738741
Q139517,Q16933054,,,,,,,,,,,,,,,,,,,,,,,,,,,,,,,,,,,,,,,,,,,,,I00738740
Q139518,Q5409733,,,,,,,,,,,,,,,,,,,,,,,,,,,,,,,,,,,,,,,,,,,,,I00736382
Q139519,Q769067,,alvin-person:51957,,,,,,,,,,,,,,,,,,,,,,,,,401216,,,,,,,,,,,,,,,,,,I00736383
Q139520,Q16392521,,,,,,,,,,,,,,,,,,,,,,,,,,,,,,,,,,,,,,,,,,,,,
Q139521,Q1262514,,,,,,,,,,,,,,,,,,,,,,,,,,,,,,,,,,,,,,,,,,,,,I00738133
Q139522,Q3781179,,,,,,,,,,,,,,,,,,,,,,,,,,,,,,,,,,,,,,,,,,,,,
Q139523,Q482101,,,,,,,,,,,,,,,,,,,,,,,,,,,,,,,,,,,,,,,,,,,,,
Q139524,Q116472009,,,,,,,,,,,,,,,,,,,,,,,,,,,,,,,,,,,,,,,,,,,,,I00038299
Q139525,Q68438388,,,,,,,,,,,,,,,,,,,,,,,,,,,,,,,,,,,,,,,,,,,,,
Q139526,Q315913,,alvin-person:52219,,,,,,,,,,,,,,,,,,,,,,,,,,,,,,,,,,,,,,,,,,,I00717544
Q139527,Q12286050,,,,,,,,,,,,,,,,,,,,,,,,,,,,,,,,,,,,,,,,,,,,,
Q139528,Q615040,,,,,,,,,,,,,,,,,,,,,,,,,,,,,,,,,,,,,,,,,,,,,I00619491
Q139529,Q11312209,,,,,,,,,,,,,,,,,,,,,,,,,,,,,,,,,,,,,,,,,,,,,
Q139530,Q20500760,,,,,,,,,,,,,,,,,,,,,,,,,,,,,,,,,,,,,,,,,,,,,I00735889
Q139531,Q89581370,,,,,,,,,,,,,,,,,,,,,,,,,,,,,,,,,,,,,,,,,,,,,
Q139532,Q483783,,alvin-person:25659,,,,,,,,,,,,,,,,,,,,,,,,,167376,,,,,,,,,,,,,,,Lucius_Cornelius_Sulla_(1),,,I00735453
Q139533,Q108679097,,,,,,,,,,,,,,,,,,,,,,,,,,,,,,,,,,,,,,,,,,,,,
Q139534,Q7455880,,,,,,,,,,,,,,,,,,,,,,,,,,,,,,,,,,,,,,,,,,,,,I00735886
Q139535,Q108915557,,,,,,,,,,,,,,,,,,,,,,,,,,,,,,,,,,,,,,,,,,,,,
Q139536,Q463027,,,,,,,,,,,,,,,,,,,,,,,,,,,,,,,,,,,,,,,,,,,,,I00735902
Q139537,Q12285131,,,,,,,,,,,,,,,,,,,,,,,,,,,,,,,,,,,,,,,,,,,,,I00735885
Q139538,Q12293529,,,,,,,,,,,,,,,,,,,,,,,,,,,,,,,,,,,,,,,,,,,,,
Q139539,Q568003,,,,,,,,,,,,,,,,,,,,,,,,,,,1465102,,,,,,,,,,,,,,,,,,
Q139540,Q174536,,,,,,,,,,,,,,,,,,,,,,,,,,,1465104,,,,,,,,,,,,,,,,,,
Q139541,Q958946,,,,,,,,,,,,,,,,,,,,,,,,,,,1465105,,,,,,,,,,,,,,,,,,
Q139542,Q728335,,,,,,,,,,,,,,,,,,,,,,,,,,,,,,,,,,,,,,,,,,,,,
Q139543,Q561896,,,,,,,,,,,,,,,,,,,,,,,,,,,,,,,,,,,,,,,,,,,,,I00736246
Q139544,Q12293561,,,,,,,,,,,,,,,,,,,,,,,,,,,,,,,,,,,,,,,,,,,,,
Q139545,Q445785,,,,,,,,,,,,,,,,,,,,,,,,,,,164914,,,,,,,,,,,,,,,Appius_Claudius_Pulcher_(2),,,I00735603
Q139546,Q1283518,,alvin-person:25626,,,,,,,,,,,,,,,,,,,,,,,,,,,,,,,,,,,,,,,,,,,I00736135
Q139547,Q1097304,,,,,,,,,,,,,,,,,,,,,,,,,,,,,,,,,,,,,,,,,,,,,
Q139548,Q50126003,,,,,,,,,,,,,,,,,,,,,,,,,,,,,,,,,,,,,,,,,,,,,I00735600
Q139549,Q2978432,,,,,,,,,,,,,,,,,,,,,,,,,,,,,,,,,,,,,,,,,,,,,
Q139550,Q459870,,,,,,,,,,,,,,,,,,,,,,,,,,,453849,,,,,,,,,,,,,,,Quintus_Caecilius_Metellus_Balearicus_(1),,,I00735443
Q139551,Q430644,,,,,,,,,,,,,,,,,,,,,,,,,,,,,,,,,,,,,,,,,,,,,
Q139552,Q713394,,,,,,,,,,,,,,,,,,,,,,,,,,,453850,,,,,,,,,,,,,,,Quintus_Caecilius_Metellus_Nepos_(1),,,I00736048
Q139553,Q505341,,,,,,,,,,,,,,,,,,,,,,,,,,,1465829,,,,,,,,,,,,,,,Quintus_Caecilius_Metellus_Celer_(1),,,I00736049
Q139554,Q436302,,,,,,,,,,,,,,,,,,,,,,,,,,,1465794,,,,,,,,,,,,,,,,,,I00801009
Q139555,Q11906265,,,,,,,,,,,,,,,,,,,,,,,,,,,,,,,,,,,,,,,,,,,,,
Q139556,Q621137,,,,,,,,,,,,,,,,,,,,,,,,,,,,,,,,,,,,,,,,,,,,,I00695429
Q139557,Q107316227,,,,,,,,,,,,,,,,,,,,,,,,,,,,,,,,,,,,,,,,,,,,,
Q139558,Q17428083,,,,,,,,,,,,,,,,,,,,,,,,,,,,,,,,,,,,,,,,,,,,,
Q139559,Q242819,,,,,,,,,,,,,,,,,,,,,,,,,,,1465201|412195,,,,,,,,,,,,,,,Lucullus_(1),,,I00735456
Q139560,Q113376428,,,,,,,,,,,,,,,,,,,,,,,,,,,,,,,,,,,,,,,,,,,,,
Q139561,Q568498,,,,,,,,,,,,,,,,,,,,,,,,,,,,,,,,,,,,,,,,,,,,,I00735689
Q139562,Q94526836,,,,,,,,,,,,,,,,,,,,,,,,,,,,,,,,,,,,,,,,,,,,,
Q139563,Q11923552,,,,,,,,,,,,,,,,,,,,,,,,,,,,,,,,,,,,,,,,,,,,,
Q139564,Q12285217,,,,,,,,,,,,,,,,,,,,,,,,,,,,,,,,,,,,,,,,,,,,,
Q139565,Q2472899,,,,,,,,,,,,,,,,,,,,,,,,,,,,,,,,,,,,,,,,,,,,,I00736093
Q139566,Q214765,,,,,,,,,,,,,,,,,,,,,,,,,,,,,,,,,,,,,,,,,,,,,I00735509
Q139567,Q931802,,,,,,,,,,,,,,,,,,,,,,,,,,,,,,,,,,,,,,,,,,,,,
Q139568,Q1232026,,,,,,,,,,,,,,,,,,,,,,,,,,,,,,,,,,,,,,,,,,Marcus_Plautius_Silvanus_(1),,,
Q139569,Q10325341,,,,,,,,,,,,,,,,,,,,,,,,,,,,,,,,,,,,,,,,,,,,,
Q139570,Q12291726,,,,,,,,,,,,,,,,,,,,,,,,,,,,,,,,,,,,,,,,,,,,,
Q139571,Q108541152,,,,,,,,,,,,,,,,,,,,,,,,,,,,,,,,,,,,,,,,,,,,,
Q139572,Q11923627,,,,,,,,,,,,,,,,,,,,,,,,,,,,,,,,,,,,,,,,,,,,,
Q139573,Q12286061,,,,,,,,,,,,,,,,,,,,,,,,,,,,,,,,,,,,,,,,,,,,,I00735480
Q139574,Q654576,,,,,,,,,,,,,,,,,,,,,,,,,,,167366,,,,,,,,,,,,,,,Pompeia_(sister_of_Pompeius_Strabo)_(1),,,I00735481
Q139575,Q251964,,,,,,,,,,,,,,,,,,,,,,,,,,,,,,,,,,,,,,,,,,,,,I00735596
Q139576,Q544421,,,,,,,,,,,,,,,,,,,,,,,,,,,,,,,,,,,,,,,,,,,,,I00735632
Q139577,Q107332046,,,,,,,,,,,,,,,,,,,,,,,,,,,,,,,,,,,,,,,,,,,,,
Q139578,Q108396841,,,,,,,,,,,,,,,,,,,,,,,,,,,,,,,,,,,,,,,,,,,,,
Q139579,Q387928,,,,,,,,,,,,,,,,,,,,,,,,,,,,,,,,,,,,,,,,,,,,,
Q139580,Q11944277,,,,,,,,,,,,,,,,,,,,,,,,,,,,,,,,,,,,,,,,,,,,,
Q139581,Q270591,,,,,,,,,,,,,,,,,,,,,,,,,,,,,,,,,,,,,,,,,,,,,
Q139582,Q111903040,,,,,,,,,,,,,,,,,,,,,,,,,,,,,,,,,,,,,,,,,,,,,
Q139583,Q104640766,,,,,,,,,,,,,,,,,,,,,,,,,,,,,,,,,,,,,,,,,,,,,
Q139584,Q12282872,,,,,,,,,,,,,,,,,,,,,,,,,,,,,,,,,,,,,,,,,,,,,I00735972
Q139585,Q660112,,,,,,,,,,,,,,,,,,,,,,,,,,,,,,,,,,,,,,,,,,,,,I00735973
Q139586,Q3656185,,,,,,,,,,,,,,,,,,,,,,,,,,,,,,,,,,,,,,,,,,,,,
Q139587,Q111895766,,,,,,,,,,,,,,,,,,,,,,,,,,,,,,,,,,,,,,,,,,,,,
Q139588,Q104641130,,,,,,,,,,,,,,,,,,,,,,,,,,,,,,,,,,,,,,,,,,,,,
Q139589,Q105337327,,,,,,,,,,,,,,,,,,,,,,,,,,,,,,,,,,,,,,,,,,,,,
Q139590,Q1159617,,,,,,,,,,,,,,,,,,,,,,,,,,,,,,,,,,,,,,,,,,,,,I00735558
Q139591,Q61707798,,,,,,,,,,,,,,,,,,,,,,,,,,,,,,,,,,,,,,,,,,,,,I00735535
Q139592,Q431201,,,,,,,,,,,,,,,,,,,,,,,,person/526980E2-A2D7-47A8-B188-366C221375A8,,,,,,,,,,,,,,,,,,,,,I00735556
Q139593,Q1269233,,,,,,,,,,,,,,,,,,,,,,,,,,,,,,,,,,,,,,,,,,Publius_Cornelius_Scipio_Salvito_(1),,,I00735543
Q139594,Q721788,,,,,,,,,,,,,,,,,,,,,,,,,,,,,,,,,,,,,,,,,,,,,I00735544
Q139595,Q11943246,,,,,,,,,,,,,,,,,,,,,,,,,,,,,,,,,,,,,,,,,,,,,
Q139596,Q3656096,,,,,,,,,,,,,,,,,,,,,,,,,,,,,,,,,,,,,,,,,,,,,
Q139597,Q2530944,,,,,,,,,,,,,,,,,,,,,,,,,,,,,,,,,,,,,,,,,,Cornelia_(wife_of_Aemilius_Paullus)_(1),,,I00735514
Q139598,Q4269987,,,,,,,,,,,,,,,,,,,,,,,,,,,,,,,,,,,,,,,,,,,,,
Q139599,Q720855,,,,,,,,,,,,,,,,,,,,,,,,,,,107549,,,,,,,,,,,,,,,Marcus_Livius_Drusus_Claudianus_(1),,,I00695434
Q139600,Q2268436,,,,,,,,,,,,,,,,,,,,,,,,,,,,,,,,,,,,,,,,,,Unknown_Alfidia_(2),,,I00695435
Q139601,Q544382,,,,,,,,,,,,,,,,,,,,,,,,,,,,,,,,,,,,,,,,,,,,,I00735552
Q139602,Q107218703,,,,,,,,,,,,,,,,,,,,,,,,,,,,,,,,,,,,,,,,,,,,,
Q139603,Q236459,,,,,,,,,,,,,,,,,,,,,,,,,,,86094,,,,,,,,,,,,,,,Julia_the_Younger_(1),,,I00446786
Q139604,Q4222774,,,,,,,,,,,,,,,,,,,,,,,,,,,,,,,,,,,,,,,,,,,,,I00735615
Q139605,Q232090,,,,,,,,,,,,,,,,,,,,,,,,,,,,,,,,,,,,,,,,,,Vipsania_Agrippina_(1),,,I00735998
Q139606,Q91343480,,,,,,,,,,,,,,,,,,,,,,,,,,,,,,,,,,,,,,,,,,,,,I00446763
Q139607,Q2165262,,,,,,,,,,,,,,,,,,,,,,,,,,,,,,,,,,,,,,,,,,,,,
Q139608,Q118275074,,,,,,,,,,,,,,,,,,,,,,,,,,,,,,,,,,,,,,,,,,,,,
Q139609,Q4281781,,,,,,,,,,,,,,,,,,,,,,,,,,,,,,,,,,,,,,,,,,,,,I00735964
Q139610,Q718090,,,,,,,,,,,,,,,,,,,,,,,,,,,1464985,,,,,,,,,,,,,,,,,,
Q139611,Q112085883,,,,,,,,,,,,,,,,,,,,,,,,,,,,,,,,,,,,,,,,,,,,,
Q139612,Q1181848,,,,,,,,,,,,,,,,,,,,,,,,,,,1464988,,,,,,,,,,,,,,,,,,
Q139613,Q11934108,,,,,,,,,,,,,,,,,,,,,,,,,,,,,,,,,,,,,,,,,,,,,
Q139614,Q517551,,,,,,,,,,,,,,,,,,,,,,,,,,,,,,,,,,,,,,,,,,,,,
Q139615,Q611638,,,,,,,,,,,,,,,,,,,,,,,,,,,,,,,,,,,,,,,,,,,,,
Q139616,Q91351356,,,,,,,,,,,,,,,,,,,,,,,,,,,,,,,,,,,,,,,,,,,,,
Q139617,Q12958329,,,,,,,,,,,,,,,,,,,,,,,,,,,,,,,,,,,,,,,,,,,,,
Q139618,Q2914316,,,,,,,,,,,,,,,,,,,,,,,,,,,,,,,,,,,,,,,,,,Lucius_Unknown_(4),,,I00695425
Q139619,Q111396827,,,,,,,,,,,,,,,,,,,,,,,,,,,,,,,,,,,,,,,,,,,,,
Q139620,Q956124,,,,,,,,,,,,,,,,,,,,,,,,,,,,,,,,,,,,,,,,,,Vipsania_Polla_(1),,,
Q139621,Q12285173,,,,,,,,,,,,,,,,,,,,,,,,,,,,,,,,,,,,,,,,,,,,,
Q139622,Q152626,,,,,,,,,,,,,,,,,,,,,,,,,,,,,,,,,,,,,,,,,,,,,I00735498
Q139623,Q461688,,,,,,,,,,,,,,,,,,,,,,,,,,,,,,,,,,,,,,,,,,,,,I00735537
Q139624,Q3492603,,,,,,,,,,,,,,,,,,,,,,,,,,,,,,,,,,,,,,,,,,,,,I00735536
Q139625,Q104637503,,,,,,,,,,,,,,,,,,,,,,,,,,,,,,,,,,,,,,,,,,,,,
Q139626,Q1242076,,,,,,,,,,,,,,,,,,,,,,,,,,,,,,,,,,,,,,,,,,,,,I00736168
Q139627,Q107331111,,,,,,,,,,,,,,,,,,,,,,,,,,,,,,,,,,,,,,,,,,,,,
Q139628,Q456950,,,,,,,,,,,,,,,,,,,,,,,,,,,1465057,,,,,,,,,,,,,,,Lucius_Aemilius_Lepidus_Paullus_(1),,,I00735540
Q139629,Q12293563,,,,,,,,,,,,,,,,,,,,,,,,,,,,,,,,,,,,,,,,,,,,,
Q139630,Q11919227,,,,,,,,,,,,,,,,,,,,,,,,,,,,,,,,,,,,,,,,,,,,,
Q139631,Q703580,,,,,,,,,,,,,,,,,,,,,,,,,,,,,,,,,,,,,,,,,,Lucius_Aemilius_Paullus_(1),,,I00735513
Q139632,Q508117,,,,,,,,,,,,,,,,,,,,,,,,,,,167378,,,,,,,,,,,,,,,Marcus_Valerius_Messalla_Corvinus_(1),,,I00735938
Q139633,Q95444609,,,,,,,,,,,,,,,,,,,,,,,,,,,,,,,,,,,,,,,,,,,,,I00735937
Q139634,Q12274550,,,,,,,,,,,,,,,,,,,,,,,,,,,,,,,,,,,,,,,,,,,,,I00735936
Q139635,Q1216093,,,,,,,,,,,,,,,,,,,,,,,,,,,,,,,,,,,,,,,,,,,,,I00736199
Q139636,Q29067758,,,,,,,,,,,,,,,,,,,,,,,,,,,,,,,,,,,,,,,,,,,,,
Q139637,Q11954878,,,,,,,,,,,,,,,,,,,,,,,,,,,359921,,,,,,,,,,,,,,,Lucius_Vipstanus_Gallus_(1),,,I00736173
Q139638,Q535097,,,,,,,,,,,,,,,,,,,,,,,,,,,,,,,,,,,,,,,,,,Lucius_Vipstanus_Poplicola_(1),,,
Q139639,Q721859,,,,,,,,,,,,,,,,,,,,,,,,,,,359920,,,,,,,,,,,,,,,Gaius_Vipstanus_Messalla_Gallus_(1),,,
Q139640,Q761736,,,,,,,,,,,,,,,,,,,,,,,,,,,,,,,,,,,,,,,,,,,,,I00801080
Q139641,Q465212,,,,,,,,,,,,,,,,,,,,,,,,,,,167461,,,,,,,,,,,,,,,Lucius_Domitius_Ahenobarbus_(consul_54_BC)_(1),,,I00695416
Q139642,Q2982944,,,,,,,,,,,,,,,,,,,,,,,,,,,205220,,,,,,,,,,,,,,,,,,I00695412
Q139643,Q108648027,,,,,,,,,,,,,,,,,,,,,,,,,,,,,,,,,,,,,,,,,,,,,
Q139644,Q114803466,,,,,,,,,,,,,,,,,,,,,,,,,,,,,,,,,,,,,,,,,,,,,
Q139645,Q1088287,,,,,,,,,,,,,,,,,,,,,,,,,,,167469,,,,,,,,,,,,,,,,,,I00735927
Q139646,Q104788990,,,,,,,,,,,,,,,,,,,,,,,,,,,,,,,,,,,,,,,,,,,,,
Q139647,Q79052675,,,,,,,,,,,,,,,,,,,,,,,,,,,,,,,,,,,,,,,,,,,,,
Q139648,Q121379102,,,,,,,,,,,,,,,,,,,,,,,,,,,,,,,,,,,,,,,,,,,,,
Q139649,Q453044,,,,,,,,,,,,,,,,,,,,,,,,,,,1465172,,,,,,,,,,,,,,,Junia_Calvina_(1),,,I00735519
Q139650,Q121378557,,,,,,,,,,,,,,,,,,,,,,,,,,,,,,,,,,,,,,,,,,,,,
Q139651,Q230716,,,,,,,,,,33332339,,,,,,,,,,,,,,person/1a3ccb82-2c71-4d43-a0fa-951b5f85a0f8,,,86106,,,,,,,,,,,,,,,Poppaea_Sabina_(1),,,I00446778
Q139652,Q241445,,,,,,,,,,,,,,,,,,,,,,,,,,,,,,,,,,,,,,,,,,Statilia_Messalina_(1),,,I00446779
Q139653,Q2329627,,,,,,,,,,,,,,,,,,,,,,,,,,,,,,,,,,,,,,,,,,,,,
Q139654,Q2403916,,,,,,,,,,,,,,,,,,,,,,,,,,,,,,,,,,,,,,,,,,,,,
Q139655,Q1275952,,,,,,,,,,,,,,,,,,,,,,,,,,,86108,,,,,,,,,,,,,,,,,,I00446804
Q139656,Q329572,,,,,,,,,,,,,,,,,,,,,,,,,,,,,,,,,,,,,,,,,,,,,I00735465
Q139657,Q716713,,,,,,,,,,,,,,,,,,,,,,,,,,,,,,,,,,,,,,,,,,,,,I00738411
Q139658,Q269158,,,,,,,,,,,,,,,,,,,,,,,,,,,1465789,,,,,,,,,,,,,,,,,,
Q139659,Q285517,,,,,,,,,,,,,,,,,,,,,,,,,,,,,,,,,,,,,,,,,,,,,
Q139660,Q2236673,,alvin-person:25665,,,,,,,,,,,,,,,,,,,,,,,,,,,,,,,,,,,,,,,,,,,I00695426
Q139661,Q111399005,,,,,,,,,,,,,,,,,,,,,,,,,,,,,,,,,,,,,,,,,,,,,I00695427
Q139662,Q98277986,,,,,,,,,,,,,,,,,,,,,,,,,,,,,,,,,,,,,,,,,,,,,
Q139663,Q242199,,,,,,,,,,,,,,,,,,,,,,,,,,,,,,,,,,,,,,,,,,,,,I00446794
Q139664,Q241982,,,,,,,,,,,,,,,,,,,,,,,,,,,,,,,,,,,,,,,,,,,,,I00446795
Q139665,Q256048,,,,,,,,,,,,,,,,,,,,,,,,,,,560491,,,,,,,,,,,,,,,,,,I00446796
Q139666,Q240928,,,,,,,,,,,,,,,,,,,,,,,,,,,933384,,,,,,,,,,,,,,,Milonia_Caesonia_(1),,,I00446797
Q139667,Q235586,,,,,,,,,,119911035,,,,,,,,,,,,,,,,,86111,,,,,,,,,,,,,,,,,,I00446798
Q139668,Q377356,,,,,,,,,,,,,,,,,,,,,,,,,,,86101,,,,,,,,,,,,,,,,,,I00801066
Q139669,Q878550,,,,,,,,,,,,,,,,,,,,,,,,,,,,,,,,,,,,,,,,,,Marcus_Aemilius_Lepidus_(executed_39)_(1),,,I00446800
Q139670,Q1247301,,,,,,,,,,,,,,,,,,,,,,,,,,,,,,,,,,,,,,,,,,Marcus_Vinicius_(1),,,
Q139671,Q1234657,,,,,,,,,,,,,,,,,,,,,,,,,,,,,,,,,,,,,,,,,,Gaius_Asinius_Pollio_(consul_23)_(1),,,
Q139672,Q1219206,,,,,,,,,,,,,,,,,,,,,,,,,,,,,,,,,,,,,,,,,,,,,
Q139673,Q1236482,,,,,,,,,,,,,,,,,,,,,,,,,,,412079,,,,,,,,,,,,,,,Marcus_Asinius_Agrippa_(1),,,
Q139674,Q2312825,,,,,,,,,,,,,,,,,,,,,,,,,,,,,,,,,,,,,,,,,,,,,
Q139675,Q1949987,,,,,,,,,,,,,,,,,,,,,,,,,,,,,,,,,,,,,,,,,,,,,
Q139676,Q2138352,,,,,,,,,,,,,,,,,,,,,,,,,,,,,,,,,,,,,,,,,,,,,
Q139677,Q58104048,,,,,,,,,,,,,,,,,,,,,,,,,,,,,,,,,,,,,,,,,,,,,
Q139678,Q108048689,,,,,,,,,,,,,,,,,,,,,,,,,,,,,,,,,,,,,,,,,,,,,I00736091
Q139679,Q550450,,,,,,,,,,,,,,,,,,,,,,,,,,,,,,,,,,,,,,,,,,,,,I00801084
Q139680,Q778051,,,,,,,,,,,,,,,,,,,,,,,,,,,,,,,,,,,,,,,,,,,,,I00801068
Q139681,Q98242517,,,,,,,,,,,,,,,,,,,,,,,,,,,,,,,,,,,,,,,,,,,,,I00801081
Q139682,Q928302,,,,,,,,,,,,,,,,,,,,,,,,,,,,,,,,,,,,,,,,,,,,,I00801082
Q139683,Q12279759,,,,,,,,,,,,,,,,,,,,,,,,,,,,,,,,,,,,,,,,,,,,,
Q139684,Q618583,,,,,,,,,,,,,,,,,,,,,,,,,,,,,,,,,,,,,,,,,,,,,
Q139685,Q4270014,,,,,,,,,,,,,,,,,,,,,,,,,,,,,,,,,,,,,,,,,,,,,
Q139686,Q4531268,,,,,,,,,,,,,,,,,,,,,,,,,,,,,,,,,,,,,,,,,,,,,
Q139687,Q97584701,,,,,,,,,,,,,,,,,,,,,,,,,,,,,,,,,,,,,,,,,,,,,
Q139688,Q1227324,,,,,,,,,,,,,,,,,,,,,,,,,,,,,,,,,,,,,,,,,,,,,I00735607
Q139689,Q942138,,,,,,,,,,,,,,,,,,,,,,,,,,,,,,,,,,,,,,,,,,,,,I00735609
Q139690,Q102416305,,,,,,,,,,,,,,,,,,,,,,,,,,,,,,,,,,,,,,,,,,,,,I00735608
Q139691,Q7375935,,,,,,,,,,,,,,,,,,,,,,,,,,,,,,,,,,,,,,,,,,,,,I00735611
Q139692,Q1338377,,,,,,,,,,,,,,,,,,,,,,,,,,,167452,,,,,,,,,,,,,,,Gnaeus_Pompeius_Magnus_(1),,,I00735468
Q139693,Q12119007,,,,,,,,,,,,,,,,,,,,,,,,,,,,,,,,,,,,,,,,,,,,,
Q139694,Q1872296,,,,,,,,,,,,,,,,,,,,,,,,,,,,,,,,,,,,,,,,,,,,,I00735687
Q139695,Q929593,,,,,,,,,,,,,,,,,,,,,,,,,,,,,,,,,,,,,,,,,,,,,I00735688
Q139696,Q1893525,,,,,,,,,,,,,,,,,,,,,,,,,,,,,,,,,,,,,,,,,,,,,
Q139697,Q177975,,,,,,,,,,,,,,,,,,,,,,,,,,,164905,,,,,,,,,,,,,,,Gaius_Marius_(1),,,I00735693
Q139698,Q462978,,,,,,,,,,,,,,,,,,,,,,,,,,,164906,,,,,,,,,,,,,,,,,,I00735694
Q139699,Q1329741,,,,,,,,,,,,,,,,,,,,,,,,,,,,,,,,,,,,,,,,,,,,,
Q139700,Q48961773,,,,,,,,,,,,,,,,,,,,,,,,,,,,,,,,,,,,,,,,,,,,,
Q139701,Q11216672,,,,,,,,,,,,,,,,,,,,,,,,,,,,,,,,,,,,,,,,,,,,,
Q139702,Q442449,,,,,,,,,,,,,,,,,,,,,,,,,,,168160,,,,,,,,,,,,,,,,,,I00735704
Q139703,Q28502666,,,,,,,,,,,,,,,,,,,,,,,,,,,,,,,,,,,,,,,,,,,,,
Q139704,Q93257035,,,,,,,,,,,,,,,,,,,,,,,,,,,,,,,,,,,,,,,,,,,,,I00125449
Q139705,Q3655571,,,,,,,,,,,,,,,,,,,,,,,,,,,,,,,,,,,,,,,,,,,,,I00735977
Q139706,Q720358,,,,,,,,,,,,,,,,,,,,,,,,,,,,,,,,,,,,,,,,,,,,,I00735880
Q139707,Q3656324,,,,,,,,,,,,,,,,,,,,,,,,,,,,,,,,,,,,,,,,,,,,,
Q139708,Q11923503,,,,,,,,,,,,,,,,,,,,,,,,,,,,,,,,,,,,,,,,,,,,,
Q139709,Q108330553,,,,,,,,,,,,,,,,,,,,,,,,,,,,,,,,,,,,,,,,,,,,,
Q139710,Q510243,,,,,,,,,,,,,,,,,,,,,,,,,,,246129,,,,,,,,,,,,,,,,,,I00736007
Q139711,Q579263,,,,,,,,,,,,,,,,,,,,,,,,,,,,,,,,,,,,,,,,,,Gnaeus_Domitius_Ahenobarbus_(died_81_BC)_(1),,,I00735895
Q139712,Q664229,,,,,,,,,,,,,,,,,,,,,,,,,,,580855,,,,,,,,,,,,,,,,,,
Q139713,Q3622613,,,,,,,,,,,,,,,,,,,,,,,,,,,,,,,,,,,,,,,,,,,,,I00736009
Q139714,Q1399121,,,,,,,,,,,,,,,,,,,,,,,,person/4AE5F32E-9196-4CEF-82FD-2607FBF4B8A5,,,,,,,,,,,,,,,,,,,,,I00735487
Q139715,Q5171177,,,,,,,,,,,,,,,,,,,,,,,,,,,,,,,,,,,,,,,,,,Cornelia_Postuma_(daughter_of_Sulla)_(1),,,I00736166
Q139716,Q708722,,,,,,,,,,,,,,,,,,,,,,,,person/57546EF5-16AF-428A-9BFF-87F575D3113D,,,,,,,,,,,,,,,,,,Faustus_Cornelius_Sulla_(senator)_(1),,,I00735991
Q139717,Q162456,,,,,,,,,,,,,,,,,,,,,,,,,,,,,,,,,,,,,,,,,,,,,I00736094
Q139718,Q11915650,,,,,,,,,,,,,,,,,,,,,,,,,,,,,,,,,,,,,,,,,,,,,
Q139719,Q721477,,,,,,,,,,,,,,,,,,,,,,,,,,,,,,,,,,,,,,,,,,,,,I00735588
Q139720,Q1533153,,,,,,,,,,,,,,,,,,,,,,,,,,,,,,,,,,,,,,,,,,,,,
Q139721,Q2655602,,,,,,,,,,,,,,,,,,,,,,,,,,,,,,,,,,,,,,,,,,,,,I00735949
Q139722,Q102449495,,,,,,,,,,,,,,,,,,,,,,,,,,,,,,,,,,,,,,,,,,,,,
Q139723,Q65151550,,,,,,,,,,,,,,,,,,,,,,,,,,,,,,,,,,,,,,,,,,,,,
Q139724,Q105871926,,,,,,,,,,,,,,,,,,,,,,,,,,,,,,,,,,,,,,,,,,,,,
Q139725,Q888910,,,,,,,,,,,,,,,,,,,,,,,,,,,,,,,,,,,,,,,,,,,,,I00735472
Q139726,Q11949636,,,,,,,,,,,,,,,,,,,,,,,,,,,,,,,,,,,,,,,,,,,,,
Q139727,Q123700947,,,,,,,,,,,,,,,,,,,,,,,,,,,,,,,,,,,,,,,,,,,,,
Q139728,Q11923620,,,,,,,,,,,,,,,,,,,,,,,,,,,,,,,,,,,,,,,,,,,,,
Q139729,Q113884,,,,,,,,,,,,,,,,,,,,,,,,,,,,,,,,,,,,,,,,,,,,,
Q139730,Q583860,,,,,,,,,,,,,,,,,,,,,,,,,,,,,,,,,,,,,,,,,,,,,
Q139731,Q11910936,,,,,,,,,,,,,,,,,,,,,,,,,,,,,,,,,,,,,,,,,,,,,
Q139732,Q365148,,,,,,,,,,,,,,,,,,,,,,,,,,,,,,,,,,,,,,,,,,Marcus_Aemilius_Scaurus_(2),,,I00735452
Q139733,Q6454823,,,,,,,,,,,,,,,,,,,,,,,,,,,,,,,,,,,,,,,,,,Caecilia_Metella_Dalmatica_(1),,,I00735451
Q139734,Q542038,,,,,,,,,,,,,,,,,,,,,,,,,,,416006,,,,,,,,,,,,,,,Marcus_Aemilius_Scaurus_(3),,,I00735681
Q139735,Q551225,,,,,,,,,,,,,,,,,,,,,,,,,,,,,,,,,,,,,,,,,,,,,I00736103
Q139736,Q503187,,,,,,,,,,,,,,,,,,,,,,,,,,,,,,,,,,,,,,,,,,Quintus_Mucius_Scaevola_Pontifex_(1),,,I00736047
Q139737,Q12284964,,,,,,,,,,,,,,,,,,,,,,,,,,,,,,,,,,,,,,,,,,,,,
Q139738,Q704362,,,,,,,,,,,,,,,,,,,,,,,,,,,,,,,,,,,,,,,,,,,,,I00736050
Q139739,Q3655539,,,,,,,,,,,,,,,,,,,,,,,,,,,,,,,,,,,,,,,,,,Marcus_Aemilius_Scaurus_(1),,,I00735680
Q139740,Q316825,,alvin-person:25715,,,,,,,,,,,,,,,,,,,,,,,,,,,,,,,,,,,,,,,,,,,I00735589
Q139741,Q10996733,,,,,,,,,,,,,,,,,,,,,,,,,,,,,,,,,,,,,,,,,,,,,
Q139742,Q382280,,alvin-person:25700,,,,,,,,,,,,,,,,,,,,,,,,,,,,,,,,,,,,,,,,,,,I00736015
Q139743,Q9338191,,,,,,,,,,,,,,,,,,,,,,,,,,,,,,,,,,,,,,,,,,,,,
Q139744,Q435912,,,,,,,,,,,,,,,,,,,,,,,,,,,,,,,,,,,,,,,,,,Pompeia_(daughter_of_Sextus_Pompeius)_(1),,,I00735553
Q139745,Q966342,,,,,,,,,,,,,,,,,,,,,,,,,,,364662,,,,,,,,,,,,,,,Gnaeus_Cornelius_Cinna_Magnus_(1),,,I00735994
Q139746,Q3656046,,,,,,,,,,,,,,,,,,,,,,,,,,,,,,,,,,,,,,,,,,Cornelia_Pompeia_(1),,,I00735549
Q139747,Q5438354,,,,,,,,,,,,,,,,,,,,,,,,,,,,,,,,,,,,,,,,,,Faustus_Cornelius_Sulla_(suffect_consul)_(1),,,
Q139748,Q15709216,,,,,,,,,,,,,,,,,,,,,,,,,,,,,,,,,,,,,,,,,,,,,
Q139749,Q340116,,,,,,,,,,,,,,,,,,,,,,,,,,,,,,,,,,,,,,,,,,,,,
Q139750,Q3605261,,,,,,,,,,,,,,,,,,,,,,,,,,,,,,,,,,,,,,,,,,,,,
Q139751,Q51672,,alvin-person:52208,,,,,,,,,,,,,,,,,,,,,,term/7d0e5920-56fc-4afe-ac31-53583626c4f7,,,95771,,,,,,,,,,,,,,,Herod_the_Great_(1),,,I00736481
Q139752,Q456872,,,,,,,,,,,,,,,,,,,,,,,,,,,,,,,,,,,,,,,,,,Malthace_(1),,,I00738005
Q139753,Q3267247,,,,,,,,,,,,,,,,,,,,,,,,,,,,,,,,,,,,,,,,,,,,,
Q139754,Q3881730,,,,,,,,,,,,,,,,,,,,,,,,,,,1011837,,,,,,,,,,,,,,,Olympias_(2),,,I00738004
Q139755,Q543853,,,,,,,,,,,,,,,,,,,,,,,,,,,,,,,,,,,,,,,,,,Herod_II_(1),,,I00736520
Q139756,Q192950,,,,,,,,,,,,,,,,,,,,,,,,term/c6bfd1f0-d846-4131-9257-73d28d62ad12,,,95773,,,,,,,,,,,,,,,Herod_Antipas_(1),,,
Q139757,Q581668,,,,,,,,,,,,,,,,,,,,,,,,,,,,,,,,,,,,,,,,,,Antipater_(son_of_Herod_the_Great)_(1),,,I00738010
Q139758,Q2525263,,,,,,,,,,,,,,,,,,,,,,,,,,,379608,,,,,,,,,,,,,,,"Alexander,_son_of_Herod_(1)",,,I00736480
Q139759,Q3847650,,,,,,,,,,,,,,,,,,,,,,,,,,,,,,,,,,,,,,,,,,Mariamne_III_(1),,,
Q139760,Q542065,,,,,,,,,,,,,,,,,,,,,,,,,,,379615,,,,,,,,,,,,,,,,,,I00736439
Q139761,Q955856,,,,,,,,,,,,,,,,,,,,,,,,,,,,,,,,,,,,,,,,,,,,,
Q139762,Q255778,,,,,,,,,,,,,,,,,,,,,,,,,,,,,,,,,,,,,,,,,,"Drusilla,_daughter_of_Herod_Agrippa_I_(1)",,,I00738832
Q139763,Q113559872,,,,,,,,,,,,,,,,,,,,,,,,,,,,,,,,,,,,,,,,,,,,,
Q139764,Q113559428,,,,,,,,,,,,,,,,,,,,,,,,,,,,,,,,,,,,,,,,,,,,,
Q139765,Q5517443,,,,,,,,,,,,,,,,,,,,,,,,,,,,,,,,,,,,,,,,,,,,,
Q139766,Q116474557,,,,,,,,,,,,,,,,,,,,,,,,,,,,,,,,,,,,,,,,,,,,,I00738734
Q139767,Q13427712,,,,,,,,,,,,,,,,,,,,,,,,,,,,,,,,,,,,,,,,,,,,Iotapa-2,I00738409
Q139768,Q5022209,,,,,,,,,,,,,,,,,,,,,,,,,,,,,,,,,,,,,,,,,,,,,
Q139769,Q5129141,,,,,,,,,,,,,,,,,,,,,,,,,,,497879,,,,,,,,,,,,,,,,,,I00738047
Q139770,Q441786,,,,,,,,,,,,,,,,,,,,,,,,,,,,,,,,,,,,,,,,,,,,,I00738048
Q139771,Q284747,,,,,,,,,,,,,,,,,,,,,,,,,,,,,,,,,,,,,,,,,,,,,I00738049
Q139772,Q11927036,,,,,,,,,,,,,,,,,,,,,,,,,,,,,,,,,,,,,,,,,,,,,I00738050
Q139773,Q1370654,,,,,,,,,,,,,,,,,,,,,,,,,,,,,,,,,,,,,,,,,,Aristobulus_Minor_(1),,,
Q139774,Q16563699,,,,,,,,,,,,,,,,,,,,,,,,,,,,,,,,,,,,,,,,,,,,,
Q139775,Q16931468,,,,,,,,,,,,,,,,,,,,,,,,,,,,,,,,,,,,,,,,,,,,,
Q139776,Q1257414,,,,,,,,,,,,,,,,,,,,,,,,,,,,,,,,,,,,,,,,,,,,,
Q139777,Q363104,,,,,,,,,,,,,,,,,,,,,,,,,,,139814,,,,,,,,,,,,,,,,,,I00717497
Q139778,Q887425,,,,,,,,,,,,,,,,,,,,,,,,,,,,,,,,,,,,,,,,,,,,,I00717513
Q139779,Q285839,,,,,,,,,,,,,,,,,,,,,,,,,,,,,,,,,,,,,,,,,,,,,I00717511
Q139780,Q2660531,,,,,,,,,,,,,,,,,,,,,,,,,,,,,,,,,,,,,,,,,,,,,I00738277
Q139781,Q2382597,,,,,,,,,,,,,,,,,,,,,,,,,,,,,,,,,,,,,,,,,,,,,I00738278
Q139782,Q1269411,,,,,,,,,,,,,,,,,,,,,,,,,,,,,,,,,,,,,,,,,,,,,I00717509
Q139783,Q25668645,,,,,,,,,,,,,,,,,,,,,,,,,,,,,,,,,,,,,,,,,,,,,
Q139784,Q25668662,,,,,,,,,,,,,,,,,,,,,,,,,,,,,,,,,,,,,,,,,,,,,
Q139785,Q831622,,,,,,,,,,,,,,,,,,,,,,,,term/16064f6b-93d9-468d-a3a4-6c376ff492f9,,,,,,,,,,,,,,,,,,,,,
Q139786,Q7549904,,,,,,,,,,,,,,,,,,,,,,,,,,,,,,,,,,,,,,,,,,,,,
Q139787,Q111095252,,,,,,,,,,,,,,,,,,,,,,,,term/b5e35b49-4bb5-4638-bbe8-9504087e399f,,,,,,,,,,,,,,,,,,,,,
Q139788,Q235377,,,,,,,,,,,,,,,,,,,,,,,,term/e712480f-8ac3-42e3-8c0a-4c4236439d08,,,443026|1229218,,,,,,,,,,,,,,,,,,
Q139789,Q233067,,,,,,,,,,,,,,,,,,,,,,,,term/946dd24c-115a-46f5-92bb-72f62286a6ff,,,,,,,,,,,,,,,,,,,,,
Q139790,Q186350,,,,,,,,,,,,,,,,,,,,,,,,term/12f287db-9697-403b-9c55-eb05b06be555,,,,,,,,,,,,,,,,,,,,,
Q139791,Q106075464,,,,,,,,,,,,,,,,,,,,,,,,,,,,,,,,,,,,,,,,,,,,,
Q139792,Q12957778,,,,,,,,,,,,,,,,,,,,,,,,,,,,,,,,,,,,,,,,,,,,,
Q139793,Q711072,,,,,,,,,,,,,,,,,,,,,,,,,,,407821,,,,,,,,,,,,,,,,,,
Q139794,Q2979581,,,,,,,,,,,,,,,,,,,,,,,,,,,,,,,,,,,,,,,,,,,,,
Q139795,Q99675017,,,,,,,,,,,,,,,,,,,,,,,,,,,,,,,,,,,,,,,,,,,,,
Q139796,Q9252655,,,,,,,,,,,,,,,,,,,,,,,,,,,,,,,,,,,,,,,,,p17566.htm#i175656,,,,I00349180
Q139797,Q9252665,,,,,,,,,,,,,,,,,,,,,,,,,,,,,,,,,,,,,,,,,p17566.htm#i175657,,,,I00349181
Q139800,Q235603,,alvin-person:33331,,,,,,,,,,,,,,,,,,,,,,person/03ba30d8-b779-44b1-a8cf-fc7fa0bc00e3,,,,,,,,,,,,,,,,,,Aelia_Flacilla_(1),,Flaccilla-1,I00248948
Q139802,Q60838043,,,,,,,,,,,,,,,,,,,,,,,,,,,,,,,,,,,,,,,,,,,,,
Q139803,Q1627093,,,,,,,,,,,,,,,,,,,,,,,,,,,313361,,p=ximena garcez;n=de pamplona,,,,,,,,,,,,,Ximena_Garcez-de-Pamplona_(1),,Pamplona-30,I00120397
Q139806,Q645857,,,,,,,,,,,,,,,,,,,,,,,,,,,87856,,,,,,,,,,,,,,p11402.htm#i114018,Niall_of_the_Nine_Hostages_(1),,Mac_Eochaid-15,
Q139807,Q1148875,,,,,,,,,,,,,,,,,,,,,,,,,,,87870,,,,,,,,,,,,,,p15006.htm#i150055,Conall_Cremthainne_(1),,Mac_Neill-480,
Q139808,Q3685947,,,,,,,,,,,,,,,,,,,,,,,,,,,87877,,,,,,,,,,,,,,p15006.htm#i150060,Conall_Gulban_(1),,Mac_Niall-5,
Q139809,Q1290518,,,,,,,,,,,,,,,,,,,,,,,,,,,87860,,,,,,,,,,,,,,p15005.htm#i150046,Lóegaire_mac_Néill_(1),,Mac_Néill-265,
Q139810,Q1154342,,,,,,,,,,,,,,,,,,,,,,,,,,,87867,,,,,,,,,,,,,,p15025.htm#i150246,Coirpre_mac_Néill_(1),,Mac_Néill-273,
Q139811,Q3744328,,,,,,,,,,,,,,,,,,,,,,,,,,,,,,,,,,,,,,,,,p28411.htm#i284108,Fiachu_mac_Néill_(1),,,
Q139812,Q75451220,,,,,,,,,,,,,,,,,,,,,,,,,,,,,,,,,,,,,,,,,p15006.htm#i150052,,,,
Q139813,Q76291695,,,,,,,,,,,,,,,,,,,,,,,,,,,,,,,,,,,,,,,,,p66737.htm#i667363,,,,
Q139814,Q75451261,,,,,,,,,,,,,,,,,,,,,,,,,,,,,,,,,,,,,,,,,p15008.htm#i150076,,,Mac_Feradach-1,
Q139815,Q3644835,,,,,,,,,,,,,,,,,,,,,,,,,,,151086,,,,,,,,,,,,,,p28412.htm#i284111,Brión_mac_Echach_Muigmedóin_(1),,Macechach-1,
Q139816,Q16201049,,,,,,,,,,,,,,,,,,,,,,,,,,,,,,,,,,,,,,,,,p15010.htm#i150091,Máel_Fithrich_mac_Áedo_(1),,Mac_Áed_Uaridnach-1,
Q139817,Q4291189,,,,,,,,,,,,,,,,,,,,,,,,,,,,,,,,,,,,,,,,,,,,,
Q139818,Q116055579,,,,,,,,,,,,,,,,,,,,,,,,,,,,,,,,,,,,,,,,,,,,,I00752974
Q139819,Q20558803,,,,,,,,,,,,,,,,,,,,,,,,,,,,,,,,,,,,,,,,,,Clydog_Ap_Arthlwys_(3),,Ap_Arthlwys-3,I00753299
Q139820,Q116112782,,,,,,,,,,,,,,,,,,,,,,,,,,,,,,,,,,,,,,,,,,,,,I00752903
Q139821,Q116055615,,,,,,,,,,,,,,,,,,,,,,,,,,,,,,,,,,,,,,,,,,,,,I00775747
Q139822,Q106968428,,,,,,,,,,,,,,,,,,,,,,,,,,,,,,,,,,,,,,,,,,,,,
Q139823,Q109447093,,,,,,,,,,,,,,,,,,,,,,,,,,,,,,,,,,,,,,,,,,,,,
Q139824,Q1292169,,,,,,,,,,,,,,,,,,,,,,,,,,,246072,,,,,,,,,,,,,,,Marcus_Unknown_(3),,,I00446845
Q139825,Q1429,,,,,,,,,,34872570,,,,,,,,,,,,,,person/05B32DAB-34D6-4F3D-866C-DBED9F792AC4,,,271018,,,,,,,,,,,,,,,Unknown_Antoninus_Pius_(1),,Pius-1,I00446849
Q139826,Q1815905,,,,,,,,,,,,,,,,,,,,,,,,,,,246073,,,,,,,,,,,,,,,Domitia_Unknown_(1),,Domitii-1,I00446846
Q139827,Q1284248,,,,,,,,,,,,,,,,,,,,,,,,,,,,,,,,,,,,,,,,,,Annia_Cornificia_Faustina_(1),,,I00736218
Q139828,Q234734,,alvin-person:33504,,,,,,,,197065107,,,,,,,,,,,,,,person/7b114fbb-9b11-4cd5-a3ab-f828c0085ce2,,,,,,,,,,,,,,,,,,,,Faustina-4,I00446850
Q139829,Q5687629,,,,,,,,,,,,,,,,,,,,,,,,,,,,,,,,,,,,,,,,,,,,,I00446861
Q139830,Q50077278,,,,,,,,,,,,,,,,,,,,,,,,,,,,,,,,,,,,,,,,,,,,,I00446860
Q139831,Q79410863,,,,,,,,,,,,,,,,,,,,,,,,,,,,,,,,,,,,,,,,,,,,,I00446859
Q139832,Q233578,,,,,,,,,,,,,,,,,,,,,,,,person/a00e8295-61ca-4a3a-bc75-e3cf01d55c8a,,,271016,,,,,,,,,,,,,,,Bruttia_Unknown_(1),,Crispina-2,I00446858
Q139833,Q717806,,,,,,,,,,,,,,,,,,,,,,,,,,,,,,,,,,,,,,,,,,Gnaeus_Claudius_Severus_(1),,,I00736211
Q139834,Q674757,,,,,,,,,,,,,,,,,,,,,,,,,,,,,,,,,,,,,,,,,,Tiberius_Claudius_Severus_Proculus_(1),,,I00736209
Q139835,Q544477,,,,,,,,,,,,,,,,,,,,,,,,,,,,,,,,,,,,,,,,,,Lucius_Antistius_Burrus_(1),,,
Q139836,Q106884210,,,,,,,,,,,,,,,,,,,,,,,,,,,,,,,,,,,,,,,,,,,,,
Q139837,Q333064,,,,,,,,,,,,,,,,,,,,,,,,,,,,,,,,,,,,,,,,,,Marcus_Peducaeus_Plautius_Quintillus_(1),,,I00736220
Q139838,Q12290746,,,,,,,,,,,,,,,,,,,,,,,,,,,,,,,,,,,,,,,,,,,,,
Q139839,Q1239872,,,,,,,,,,,,,,,,,,,,,,,,,,,,,,,,,,,,,,,,,,Marcus_Petronius_Sura_Mamertinus_(1),,,
Q139840,Q12285184,,,,,,,,,,,,,,,,,,,,,,,,,,,,,,,,,,,,,,,,,,,,,
Q139841,Q108479868,,,,,,,,,,,,,,,,,,,,,,,,,,,,,,,,,,,,,,,,,,,,,
Q139842,Q455034,,,,,,,,,,237356772,,,,,,,,,,,,,,person/c4707e43-b009-470e-896d-e1be214e672a,,,,,,,,,,,,,,,,,,Lucius_Aelius_(1),,,I00446853
Q139843,Q4828789,,,,,,,,,,,,,,,,,,,,,,,,,,,,,,,,,,,,,,,,,,Avidia_Plautia_(1),,,I00736223
Q139844,Q5057380,,,,,,,,,,,,,,,,,,,,,,,,,,,,,,,,,,,,,,,,,,Ceionia_Plautia_(1),,,I00736232
Q139845,Q5057381,,,,,,,,,,,,,,,,,,,,,,,,,,,,,,,,,,,,,,,,,,Ceionia_Fabia_(1),,,I00736222
Q139846,Q353219,,,,,,,,,,,,,,,,,,,,,,,,,,,,,,,,,,,,,,,,,,,,,
Q139847,Q740413,,,,,,,,,,,,,,,,,,,,,,,,,,,,,,,,,,,,,,,,,,,,,
Q139848,Q113026350,,,,,,,,,,,,,,,,,,,,,,,,,,,,,,,,,,,,,,,,,,,,,
Q139849,Q113026094,,,,,,,,,,,,,,,,,,,,,,,,,,,,,,,,,,,,,,,,,,,,,
Q139850,Q1239423,,,,,,,,,,,,,,,,,,,,,,,,,,,,,,,,,,,,,,,,,,,,,
Q139851,Q113026478,,,,,,,,,,,,,,,,,,,,,,,,,,,,,,,,,,,,,,,,,,,,,
Q139852,Q272630,,,,,,,,,,,,,,,,,,,,,,,,,,,,,,,,,,,,,,,,,,Albia_Dominica_(1),,,I00446959
Q139853,Q749909,,,,,,,,,,,,,,,,,,,,,,,,,,,,,,,,,,,,,,,,,,,,,
Q139854,Q4064906,,,,,,,,,,,,,,,,,,,,,,,,,,,,,,,,,,,,,,,,,,,,,
Q139855,Q537126,,,,,,,,,,,,,,,,,,,,,,,,,,,31820,,,,,,,,,,,,,,,Flavius_Theodosius_(14),,Theodosius-1,I00248962
Q139856,Q56305768,,,,,,,,,,,,,,,,,,,,,,,,,,,,,,,,,,,,,,,,,,,,,I00253571
Q139857,Q159369,,alvin-person:50454,,,,,,,,37123805,,,,,,,,,,,,,,person/5C125878-8576-459C-A7F4-6E45A66A04A6,,,143780,,,,,,,,,,,,,,,Arcadius_(1),,Arcadius-1,I00248951
Q139858,Q1223650,,,,,,,,,,,,,,,,,,,,,,,,,,,,,,,,,,,,,,,,,,,,,
Q139859,Q966315,,,,,,,,,,,,,,,,,,,,,,,,,,,,,,,,,,,,,,,,,,,,,
Q139860,Q631833,,,,,,,,,,,,,,,,,,,,,,,,,,,405534,,,,,,,,,,,,,,,,,,
Q139861,Q12252380,,,,,,,,,,,,,,,,,,,,,,,,,,,137161,,p=angharad;n=of tegaingl,,,,,,,,,,,,p40494.htm#i404932,Angharad_Owain_(1),,Ferch_Owain-20,I00140282
Q139863,Q2614469,,,,,,,,,,,,,,,,,,,,,,,,,,,136937,,p=cadwgan nannau;n=ap bleddyn,,,,,,,,,,,,,Cadwgan_Bleddyn_(1),,Ap_Bleddyn-20,
Q139864,Q16863293,,,,,,,,,,,,,,,,,,,,,,,,,,,,,p=enion;n=of south wales,,,,,,,,,,,,,,,,
Q139865,Q116470716,,,,,,,,,,,,,,,,,,,,,,,,,,,,,,,,,,,,,,,,,,,,,I00762409
Q139866,Q117307097,,,,,,,,,,,,,,,,,,,,,,,,,,,,,,,,,,,,,,,,,,,,,I00759026
Q139867,Q131346779,,,,,,,,,,,,,,,,,,,,,,,,,,,,,,,,,,,,,,,,,,,,,I00777770
Q139868,Q24971062,,,,,,,,,,,,,,,,,,,,,,,,,,,311270,,p=walter;n=fitzotho;oc=3,,,,,,,,,,,,p15837.htm#i158363,,,FitzOther-5,I00117223
Q139869,Q75464085,,,,,,,,,,,,,,,,,,,,,,,,,,,323135,,,,,,,,,,,,,,p15837.htm#i158364,,,,I00117224
Q139878,Q1670013,,,,,,,,,,,,,,,,,,,,,,,,,,,,,,,,,,,,,,,,,p15488.htm#i154872,,,FitzGerald-2415,
Q139879,Q75468051,,,,,,,,,,,,,,,,,,,,,,,,,,,,,,,,,,,,,,,,,p16084.htm#i160835,,,FitzWilliam-355,
Q139880,Q75382648,,,,,,,,,,,,,,,,,,,,,,,,,,,,,,,,,,,,,,,,,p10283.htm#i102823,,,,
Q139881,Q75395851,,,,,,,,,,,,,,,,,,,,,,,,,,,,,,,,,,,,,,,,,p11576.htm#i115760,,,,
Q139882,Q75458462,,,,,,,,,,,,,,,,,,,,,,,,,,,,,,,,,,,,,,,,,p15487.htm#i154869,,,,
Q139883,Q75458465,,,,,,,,,,,,,,,,,,,,,,,,,,,,,,,,,,,,,,,,,p15488.htm#i154871,,,,
Q139884,Q116469845,,,,,,,,,,,,,,,,,,,,,,,,,,,,,,,,,,,,,,,,,,,,,I00759297
Q139885,Q110560382,,,,,,,,,,,,,,,,,,,,,,,,,,,,,,,,,,,,,,,,,,,,Ab_Einion-19,I00714723
Q139886,Q116469844,,,,,,,,,,,,,,,,,,,,,,,,,,,,,,,,,,,,,,,,,,,,,I00764576
Q139887,Q110582534,,,,,,,,,,,,,,,,,,,,,,,,,,,,,,,,,,,,,,,,,,,,Ap_Iorwerth-25,I00750381
Q139888,Q76214315,,,,,,,,,,,,,,,,,,,,,,,,,,,,,p=tangwystl;n=n,,,,,,,,,,,,p60991.htm#i609904,Tanglwyst_Llywarch_(1),,Ferch_Llywarch-6,
Q139889,Q13132051,,,,,,,,,,,,,,,,,,,,,,,,,,,,,p=tudur;n=ap ednyfed fychan;oc=1,,,,,,,,,,,,p60991.htm#i609905,Tudor_Ednyfed_(1),,Ab_Ednyfed-6,I00713692
Q139890,Q76214317,,,,,,,,,,,,,,,,,,,,,,,,,,,,,p=llywelyn;n=ap ednyfed fychan,,,,,,,,,,,,p60991.htm#i609906,Llywelyn_Unknown_(14),,,
Q139891,Q76214318,,,,,,,,,,,,,,,,,,,,,,,,,,,,,p=cynwrig;n=ap ednyfed fychan,,,,,,,,,,,,p60991.htm#i609907,Cynwrig_Unknown_(5),,,
Q139892,Q13129210,,,,,,,,,,,,,,,,,,,,,,,,,,,,,p=hywel;n=ap ednyfed fychan,,,,,,,,,,,,p60991.htm#i609908,Hywel_Unknown_(16),,,
Q139893,Q76214321,,,,,,,,,,,,,,,,,,,,,,,,,,,,,p=iorwerth;n=ap ednyfed fychan,,,,,,,,,,,,p60991.htm#i609909,Iorwerth_Unknown_(20),,,
Q139894,Q76214322,,,,,,,,,,,,,,,,,,,,,,,,,,,,,,,,,,,,,,,,,p60991.htm#i609910,,,,
Q139895,Q76214325,,,,,,,,,,,,,,,,,,,,,,,,,,,,,,,,,,,,,,,,,p60992.htm#i609913,,,,
Q139896,Q116477973,,,,,,,,,,,,,,,,,,,,,,,,,,,,,,,,,,,,,,,,,,,,,I00749554
Q139897,Q117307100,,,,,,,,,,,,,,,,,,,,,,,,,,,,,,,,,,,,,,,,,,,,,I00710062
Q139898,Q130338981,,,,,,,,,,,,,,,,,,,,,,,,,,,,,,,,,,,,,,,,,,,,,I00754176
Q139899,Q76214339,,,,,,,,,,,,,,,,,,,,,,,,,,,409703,,p=morfudd;n=ferch meurig,,,,,,,,,,,,p60993.htm#i609923,Morfudd_ferch_Meurig_(1),,Ferch_Meurig-6,I00387961
Q139900,Q7851357,,,,,,,,,,,,,,,,,,,,,,,,,,,137727,,p=tudur;n=ap goronwy,,,,,,,,,,,,p10282.htm#i102818,Tudur_Gronwy_(1),,Ap_Gronwy-28,I00387959
Q139901,Q99075973,,,,,,,,,,,,,,,,,,,,,,,,,,,,,,,,,,,,,,,,,,,,,I00713703
Q139902,Q110585676,,,,,,,,,,,,,,,,,,,,,,,,,,,,,,,,,,,,,,,,,,,,,I00749800
Q139903,Q116113684,,,,,,,,,,,,,,,,,,,,,,,,,,,,,,,,,,,,,,,,,,,,,I00757406
Q139904,Q76214341,,,,,,,,,,,,,,,,,,,,,,,,,,,,,,,,,,,,,,,,,p60993.htm#i609925,,,,
Q139905,Q76214324,,,,,,,,,,,,,,,,,,,,,,,,,,,,,,,,,,,,,,,,,p60992.htm#i609912,,,,
Q139906,Q17059266,,,,,,,,,,,,,,,,,,,,,,,,,,,,,p=tegwared y bais;n=of gwynedd,,,,,,,,,,,,p55520.htm#i555195,Tegwared_Llywelyn_(1),,Ap_Llywelyn-31,I00750439
Q139907,Q110441656,,,,,,,,,,,,,,,,,,,,,,,,,,,,,,,,,,,,,,,,,,,,,I00749617
Q139908,Q110636515,,,,,,,,,,,,,,,,,,,,,,,,,,,,,,,,,,,,,,,,,,,,,I00750438
Q139909,Q116477723,,,,,,,,,,,,,,,,,,,,,,,,,,,,,,,,,,,,,,,,,,,,,I00754333
Q139910,Q117306839,,,,,,,,,,,,,,,,,,,,,,,,,,,,,,,,,,,,,,,,,,,,,I00752026
Q139911,Q116052808,,,,,,,,,,,,,,,,,,,,,,,,,,,,,,,,,,,,,,,,,,,,,I00755749
Q139912,Q110582691,,,,,,,,,,,,,,,,,,,,,,,,,,,,,,,,,,,,,,,,,,,,Ap_Hywel-83,I00163450
Q139913,Q528311,,,,,,,,,,,,,,,,,,,,,,,,,,,414388|461299,,p=owen;n=of powys,,,,,,,,,,,,p61056.htm#i610551,Owain_Ap_Gruffudd_(3),,Ap_Gruffudd-57,I00163446
Q139914,Q110585331,,,,,,,,,,,,,,,,,,,,,,,,,,,,,,,,,,,,,,,,,,,,Ap_Gruffudd-44,I00714536
Q139915,Q110635630,,,,,,,,,,,,,,,,,,,,,,,,,,,,,,,,,,,,,,,,,,,,,I00711391
Q139916,Q110583496,,,,,,,,,,,,,,,,,,,,,,,,,,,,,,,,,,,,,,,,,,,,Ab_Idnerth-3,I00736937
Q139917,Q110585305,,,,,,,,,,,,,,,,,,,,,,,,,,,,,,,,,,,,,,,,,,,,,I00759497
Q139918,Q110636633,,,,,,,,,,,,,,,,,,,,,,,,,,,,,,,,,,,,,,,,,,,,,I00759495
Q139919,Q110622489,,,,,,,,,,,,,,,,,,,,,,,,,,,,,,,,,,,,,,,,,,,,,I00760936
Q139920,Q110662797,,,,,,,,,,,,,,,,,,,,,,,,,,,,,,,,,,,,,,,,,,,,,I00709765
Q139921,Q116147116,,,,,,,,,,,,,,,,,,,,,,,,,,,,,,,,,,,,,,,,,,,,,I00753762
Q139922,Q116115290,,,,,,,,,,,,,,,,,,,,,,,,,,,,,,,,,,,,,,,,,,,,,I00760226
Q139923,Q116146144,,,,,,,,,,,,,,,,,,,,,,,,,,,,,,,,,,,,,,,,,,,,,I00760661
Q139924,Q19788084,,,,,,,,,,,,,,,,,,,,,,,,,,,147738,,,,,,,,,,,,,,,,,,
Q139925,Q116112630,,,,,,,,,,,,,,,,,,,,,,,,,,,,,,,,,,,,,,,,,,,,,I00760184
Q139926,Q116052933,,,,,,,,,,,,,,,,,,,,,,,,,,,,,,,,,,,,,,,,,,,,,I00753865
Q139927,Q110152963,,,,,,,,,,,,,,,,,,,,,,,,,,,,,,,,,,,,,,,,,,,,,I00753852
Q139928,Q124656792,,,,,,,,,,,,,,,,,,,,,,,,,,,,,,,,,,,,,,,,,,Colman_Mac_Baetain_(1),,,
Q139929,Q1770015,,,,,,,,,,,,,,,,,,,,,,,,,,,141436,,p=eochaid;n=of scotland,,,,,,,,,,,,p10209.htm#i102086,Eochaid_Of_Kintyre_(1),,MacÁeda_Find-1,I00454429
Q139930,Q2665676,,,,,,,,,,,,,,,,,,,,,,,,,,,,,,,,,,,,,,,,,,,,,
Q139931,Q2665645,,,,,,,,,,,,,,,,,,,,,,,,,,,,,,,,,,,,,,,,,,,,,
Q139932,Q75247600,,,,,,,,,,,,,,,,,,,,,,,,,,,,,p=fergusa;n=of scotland,,,,,,,,,,,,p880.htm#i8793,Fergusa_Unknown_(1),,Pict-1,I00454430
Q139933,Q110622279,,,,,,,,,,,,,,,,,,,,,,,,,,,,,,,,,,,,,,,,,,,,,I00759127
Q139934,Q116052917,,,,,,,,,,,,,,,,,,,,,,,,,,,,,,,,,,,,,,,,,,,,,I00759325
Q139935,Q76281184,,,,,,,,,,,,,,,,,,,,,,,,,,,,,,,,,,,,,,,,,p65966.htm#i659660,,,Ap_Tangno-2,I00749624
Q139936,Q116147396,,,,,,,,,,,,,,,,,,,,,,,,,,,,,,,,,,,,,,,,,,,,,I00580856
Q139937,Q112532328,,,,,,,,,,,,,,,,,,,,,,,,,,,,,,,,,,,,,,,,,,,,,I00760137
Q139938,Q116110877,,,,,,,,,,,,,,,,,,,,,,,,,,,,,,,,,,,,,,,,,,,,,I00758984
Q139939,Q107541002,,,,,,,,,,,,,,,,,,,,,,,,,,,,,,,,,,,,,,,,,,,,,
Q139940,Q116113091,,,,,,,,,,,,,,,,,,,,,,,,,,,,,,,,,,,,,,,,,,,,,I00758139
Q139941,Q116478123,,,,,,,,,,,,,,,,,,,,,,,,,,,,,,,,,,,,,,,,,,,,,I00749939
Q139942,Q3477940,,,,,,,,,,,,,,,,,,,,,,,,,,,,,,,,,,,,,,,,,,Seisyll_Ap_Clydog_(5),,Ap_Clydog-3,I00753298
Q139943,Q122361632,,,,,,,,,,,,,,,,,,,,,,,,,,,,,,,,,,,,,,,,,,,,,I00753296
Q139944,Q2454783,,,,,,,,,,,,,,,,,,,,,,,,,,,414225,,p=cynan;n=of gwynedd;oc=2,,,,,,,,,,,,p10259.htm#i102589,,,,
Q139945,Q116113286,,,,,,,,,,,,,,,,,,,,,,,,,,,,,,,,,,,,,,,,,,,,,I00139766
Q139946,Q116052980,,,,,,,,,,,,,,,,,,,,,,,,,,,,,,,,,,,,,,,,,,,,,I00759466
Q139947,Q110662821,,,,,,,,,,,,,,,,,,,,,,,,,,,,,,,,,,,,,,,,,,,,,I00759731
Q139948,Q116147601,,,,,,,,,,,,,,,,,,,,,,,,,,,,,,,,,,,,,,,,,,,,,I00759926
Q139949,Q110585207,,,,,,,,,,,,,,,,,,,,,,,,,,,,,,,,,,,,,,,,,,,,Ap_Robert-20,I00759935
Q139950,Q110583427,,,,,,,,,,,,,,,,,,,,,,,,,,,,,,,,,,,,,,,,,,,,,I00711540
Q139951,Q110583420,,,,,,,,,,,,,,,,,,,,,,,,,,,,,,,,,,,,,,,,,,,,,I00707454
Q139952,Q99302497,,,,,,,,,,,,,,,,,,,,,,,,,,,,,,,,,,,,,,,,,,,,,I00753760
Q139953,Q116052887,,,,,,,,,,,,,,,,,,,,,,,,,,,,,,,,,,,,,,,,,,,,,I00755686
Q139954,Q116147067,,,,,,,,,,,,,,,,,,,,,,,,,,,,,,,,,,,,,,,,,,,,,I00711562
Q139955,Q110413391,,,,,,,,,,,,,,,,,,,,,,,,,,,,,,,,,,,,,,,,,,,,,I00711539
Q139956,Q110585202,,,,,,,,,,,,,,,,,,,,,,,,,,,,,,,,,,,,,,,,,,,,,I00708242
Q139957,Q116054763,,,,,,,,,,,,,,,,,,,,,,,,,,,,,,,,,,,,,,,,,,,,,I00762180
Q139958,Q116146815,,,,,,,,,,,,,,,,,,,,,,,,,,,,,,,,,,,,,,,,,,,,,I00751856
Q139959,Q116147036,,,,,,,,,,,,,,,,,,,,,,,,,,,,,,,,,,,,,,,,,,,,,I00759639
Q139960,Q133461242,,,,,,,,,,,,,,,,,,,,,,,,,,,,,,,,,,,,,,,,,,,,,I00757293
Q139961,Q116054853,,,,,,,,,,,,,,,,,,,,,,,,,,,,,,,,,,,,,,,,,,,,,I00758121
Q139962,Q110413549,,,,,,,,,,,,,,,,,,,,,,,,,,,,,,,,,,,,,,,,,,,,,I00711087
Q139963,Q110413553,,,,,,,,,,,,,,,,,,,,,,,,,,,,,,,,,,,,,,,,,,,,,I00757722
Q139964,Q116055557,,,,,,,,,,,,,,,,,,,,,,,,,,,,,,,,,,,,,,,,,,,,,I00764220
Q139965,Q116115704,,,,,,,,,,,,,,,,,,,,,,,,,,,,,,,,,,,,,,,,,,,,,I00775227
Q139966,Q131138841,,,,,,,,,,,,,,,,,,,,,,,,,,,,,,,,,,,,,,,,,,,,,I00775400
Q139967,Q116115999,,,,,,,,,,,,,,,,,,,,,,,,,,,,,,,,,,,,,,,,,,,,,I00758127
Q139968,Q116112555,,,,,,,,,,,,,,,,,,,,,,,,,,,,,,,,,,,,,,,,,,,,,I00751459
Q139969,Q116112567,,,,,,,,,,,,,,,,,,,,,,,,,,,,,,,,,,,,,,,,,,,,,I00759586
Q139970,Q116112580,,,,,,,,,,,,,,,,,,,,,,,,,,,,,,,,,,,,,,,,,,,,,I00759582
Q139971,Q116112398,,,,,,,,,,,,,,,,,,,,,,,,,,,,,,,,,,,,,,,,,,,,,I00757257
Q139972,Q116148099,,,,,,,,,,,,,,,,,,,,,,,,,,,,,,,,,,,,,,,,,,,,,I00723203
Q139973,Q130340338,,,,,,,,,,,,,,,,,,,,,,,,,,,,,,,,,,,,,,,,,,,,,I00762460
Q139974,Q116147590,,,,,,,,,,,,,,,,,,,,,,,,,,,,,,,,,,,,,,,,,,,,,I00764433
Q139975,Q110663110,,,,,,,,,,,,,,,,,,,,,,,,,,,,,,,,,,,,,,,,,,,,,I00711804
Q139976,Q2280197,,,,,,,,,,,,,,,,,,,,,,,,,,,,,p=cadwaladr;n=of gwynedd;oc=1,,,,,,,,,,,,p40494.htm#i404933,Cadwalader_Griffith_(1),,Ap_Gruffydd-71,I00027637
Q139977,Q13126457,,,,,,,,,,,,,,,,,,,,,,,,,,,414372,,p=cadwallon;n=of gwynedd;oc=4,,,,,,,,,,,,p40494.htm#i404931,Cadwallon_Gruffydd_(2),,,
Q139978,Q110582648,,,,,,,,,,,,,,,,,,,,,,,,,,,,,,,,,,,,,,,,,,,,,I00750371
Q139979,Q110662789,,,,,,,,,,,,,,,,,,,,,,,,,,,,,,,,,,,,,,,,,,,,,I00750660
Q139980,Q110585537,,,,,,,,,,,,,,,,,,,,,,,,,,,,,,,,,,,,,,,,,,,,,I00758140
Q139981,Q110663043,,,,,,,,,,,,,,,,,,,,,,,,,,,,,,,,,,,,,,,,,,,,,I00759349
Q139982,Q116147335,,,,,,,,,,,,,,,,,,,,,,,,,,,,,,,,,,,,,,,,,,,,,I00759580
Q139983,Q99302517,,,,,,,,,,,,,,,,,,,,,,,,,,,,,,,,,,,,,,,,,,,,,I00706566
Q139984,Q116054527,,,,,,,,,,,,,,,,,,,,,,,,,,,,,,,,,,,,,,,,,,,,,I00750840
Q139985,Q99302515,,,,,,,,,,,,,,,,,,,,,,,,,,,,,,,,,,,,,,,,,,,,,I00706564
Q139986,Q116054529,,,,,,,,,,,,,,,,,,,,,,,,,,,,,,,,,,,,,,,,,,,,,I00750838
Q139987,Q116054532,,,,,,,,,,,,,,,,,,,,,,,,,,,,,,,,,,,,,,,,,,,,,I00757941
Q139988,Q99082473,,,,,,,,,,,,,,,,,,,,,,,,,,,,,,,,,,,,,,,,,,,,,I00706327
Q139989,Q116054554,,,,,,,,,,,,,,,,,,,,,,,,,,,,,,,,,,,,,,,,,,,,,I00758010
Q139990,Q116054480,,,,,,,,,,,,,,,,,,,,,,,,,,,,,,,,,,,,,,,,,,,,,I00756805
Q139991,Q116054500,,,,,,,,,,,,,,,,,,,,,,,,,,,,,,,,,,,,,,,,,,,,,I00755617
Q139992,Q116147798,,,,,,,,,,,,,,,,,,,,,,,,,,,,,,,,,,,,,,,,,,,,,I00772975
Q139993,Q116147792,,,,,,,,,,,,,,,,,,,,,,,,,,,,,,,,,,,,,,,,,,,,,I00758632
Q139994,Q129257251,,,,,,,,,,,,,,,,,,,,,,,,,,,,,,,,,,,,,,,,,,,,,I00776033
Q139995,Q116147784,,,,,,,,,,,,,,,,,,,,,,,,,,,,,,,,,,,,,,,,,,,,,I00750509
Q139996,Q76215116,,,,,,,,,,,,,,,,,,,,,,,,,,,,,,,,,,,,,,,,,p61056.htm#i610560,Efa_Ferch_Einion_(1),,,I00753775
Q139997,Q110582406,,,,,,,,,,,,,,,,,,,,,,,,,,,,,,,,,,,,,,,,,,,,Ab_Einion-11,I00750354
Q139998,Q130341562,,,,,,,,,,,,,,,,,,,,,,,,,,,,,,,,,,,,,,,,,,,,,I00753073
Q139999,Q112532078,,,,,,,,,,,,,,,,,,,,,,,,,,,,,,,,,,,,,,,,,,,,,I00769333
Q140000,Q3680424,,,,,,,,,,,,,,,,,,,,,,,,,,,,,,,,,,,,,,,,,,,,Dumnonia-3,
Q140001,Q116052785,,,,,,,,,,,,,,,,,,,,,,,,,,,,,,,,,,,,,,,,,,,,,I00754388
Q140002,Q116156541,,,,,,,,,,,,,,,,,,,,,,,,,,,,,,,,,,,,,,,,,,,,,I00775814
Q140003,Q122260544,,,,,,,,,,,,,,,,,,,,,,,,,,,,,,,,,,,,,,,,,,,,,I00753459
Q140004,Q116812445,,,,,,,,,,,,,,,,,,,,,,,,,,,,,,,,,,,,,,,,,,,,,I00760372
Q140005,Q116052943,,,,,,,,,,,,,,,,,,,,,,,,,,,,,,,,,,,,,,,,,,,,,I00774883
Q140007,Q97534143,,,,,,,,,,,,,,,,,,,,,,,,,,,,,p=maelcorcre ingen dunlaing;n=o muiredaig|p=maelcorcre;n=ingen dunlaing,,,,,,,,,,,,,Maelcorcre_Dunlong_(1),,O'_Tuathail-1,I00250083
Q140008,Q110636432,,,,,,,,,,,,,,,,,,,,,,,,,,,,,,,,,,,,,,,,,,,,,I00750062
Q140009,Q110582657,,,,,,,,,,,,,,,,,,,,,,,,,,,,,,,,,,,,,,,,,,,,,I00760176
Q140010,Q130338982,,,,,,,,,,,,,,,,,,,,,,,,,,,,,,,,,,,,,,,,,,,,,I00760855
Q140011,Q110582703,,,,,,,,,,,,,,,,,,,,,,,,,,,,,,,,,,,,,,,,,,,,,I00723205
Q140012,Q110636678,,,,,,,,,,,,,,,,,,,,,,,,,,,,,,,,,,,,,,,,,,,,,I00759340
Q140013,Q110635600,,,,,,,,,,,,,,,,,,,,,,,,,,,,,,,,,,,,,,,,,,,,,I00711819
Q140014,Q116052995,,,,,,,,,,,,,,,,,,,,,,,,,,,,,,,,,,,,,,,,,,,,,I00759316
Q140015,Q130358761,,,,,,,,,,,,,,,,,,,,,,,,,,,,,,,,,,,,,,,,,,,,,I00710050
Q140016,Q110636682,,,,,,,,,,,,,,,,,,,,,,,,,,,,,,,,,,,,,,,,,,,,,I00759319
Q140017,Q116052903,,,,,,,,,,,,,,,,,,,,,,,,,,,,,,,,,,,,,,,,,,,,,I00759416
Q140018,Q116052905,,,,,,,,,,,,,,,,,,,,,,,,,,,,,,,,,,,,,,,,,,,,,I00759417
Q140019,Q116052715,,,,,,,,,,,,,,,,,,,,,,,,,,,,,,,,,,,,,,,,,,,,,I00759412
Q140020,Q110413659,,,,,,,,,,,,,,,,,,,,,,,,,,,,,,,,,,,,,,,,,,,,,I00708651
Q140021,Q130358498,,,,,,,,,,,,,,,,,,,,,,,,,,,,,,,,,,,,,,,,,,,,,I00761331
Q140022,Q110636937,,,,,,,,,,,,,,,,,,,,,,,,,,,,,,,,,,,,,,,,,,,,,I00711384
Q140023,Q116052714,,,,,,,,,,,,,,,,,,,,,,,,,,,,,,,,,,,,,,,,,,,,,I00759449
Q140024,Q110383299,,,,,,,,,,,,,,,,,,,,,,,,,,,,,,,,,,,,,,,,,,,,,I00709935
Q140025,Q116478768,,,,,,,,,,,,,,,,,,,,,,,,,,,,,,,,,,,,,,,,,,,,,I00761360
Q140026,Q75921797,,,,,,,,,,,,,,,,,,,,,,,,,,,137149,,p=ne;n=haer,,,,,,,,,,,,p40493.htm#i404929,Haer_Cynyllyn_(1),,Ferch_Cillin-1,I00163460
Q140027,Q3276157,,,,,,,,,,,,,,,,,,,,,,,,,,,,,,,,,,,,,,,,,,Madog_ap_Bleddyn_(1),,Ap_Bleddyn-23,
Q140028,Q3429511,,,,,,,,,,,,,,,,,,,,,,,,,,,,,,,,,,,,,,,,,,Rhirid_Ap_Bleddyn_(1),,Ap_Bleddyn-16,I00752953
Q140029,Q529874,,,,,,,,,,,,,,,,,,,,,,,,,,,,,,,,,,,,,,,,,,Iorwerth_Bleddyn_(1),,Ap_Bleddyn-19,
Q140030,Q110622191,,,,,,,,,,,,,,,,,,,,,,,,,,,,,,,,,,,,,,,,,,,,,I00710085
Q140031,Q116477812,,,,,,,,,,,,,,,,,,,,,,,,,,,,,,,,,,,,,,,,,,,,,I00749598
Q140032,Q4763161,,,,,,,,,,,,,,,,,,,,,,,,,,,137158,,p=angharad;n=of gwynedd,,,,,,,,,,,,p10261.htm#i102601,Angharad_verch_Llewelyn_(1),,Ferch_Llywelyn-20,I00286706
Q140033,Q5358951,,,,,,,,,,,,,,,,,,,,,,,,,,,1081963,,p=elen;n=of gwynedd,,,,,,,,,,,,p10776.htm#i107759,Elen_ferch_Llywelyn_(1),,Ferch_Llewelyn-1,I00140304
Q140034,Q26972730,,,,,,,,,,,,,,,,,,,,,,,,,,,,,p=maredudd;n=of deheubarth,,,,,,,,,,,,p10669.htm#i106687,Maredudd_ap_Gruffydd_(1),,,I00027750
Q140035,Q26972731,,,,,,,,,,,,,,,,,,,,,,,,,,,,,p=idwal;n=of deheubarth,,,,,,,,,,,,p10669.htm#i106688,Idwal_ap_Gruffydd_(1),,Ap_Gruffudd-46,I00027751
Q140036,Q75382462,,,,,,,,,,,,,,,,,,,,,,,,,,,121615,,p=nesta;n=of deheubarth,,,,,,,,,,,,p10257.htm#i102569,Nest_verch_Gruffydd_(1),,Ferch_Gruffudd-18|Ferch_Gruffudd-22,I00027752
Q140037,Q110662882,,,,,,,,,,,,,,,,,,,,,,,,,,,,,,,,,,,,,,,,,,,,Ferch_Gruffudd-18,I00758141
Q140038,Q116052716,,,,,,,,,,,,,,,,,,,,,,,,,,,,,,,,,,,,,,,,,,,,,I00759441
Q140039,Q130359072,,,,,,,,,,,,,,,,,,,,,,,,,,,,,,,,,,,,,,,,,,,,,I00760386
Q140040,Q110636939,,,,,,,,,,,,,,,,,,,,,,,,,,,,,,,,,,,,,,,,,,,,,I00710127
Q140041,Q116812386,,,,,,,,,,,,,,,,,,,,,,,,,,,,,,,,,,,,,,,,,,,,,I00759455
Q140042,Q48773698,,,,,,,,,,,,,,,,,,,,,,,,,,,,,,,,,,,,,,,,,,,,,I00237863
Q140043,Q75531286,,,,,,,,,,,,,,,,,,,,,,,,,,,,,,,,,,,,,,,,,p19780.htm#i197799,Llewelyn_Cadwgan_(1),,,
Q140044,Q110582542,,,,,,,,,,,,,,,,,,,,,,,,,,,,,,,,,,,,,,,,,,,,,I00757028
Q140045,Q117307112,,,,,,,,,,,,,,,,,,,,,,,,,,,,,,,,,,,,,,,,,,,,,I00760440
Q140046,Q110622119,,,,,,,,,,,,,,,,,,,,,,,,,,,,,,,,,,,,,,,,,,,,,I00760526
Q140047,Q110622189,,,,,,,,,,,,,,,,,,,,,,,,,,,,,,,,,,,,,,,,,,,,,I00710070
Q140048,Q110622488,,,,,,,,,,,,,,,,,,,,,,,,,,,,,,,,,,,,,,,,,,,,,I00755207
Q140049,Q116469834,,,,,,,,,,,,,,,,,,,,,,,,,,,,,,,,,,,,,,,,,,,,,I00705542
Q140050,Q116147087,,,,,,,,,,,,,,,,,,,,,,,,,,,,,,,,,,,,,,,,,,,,,I00759600
Q140051,Q116147091,,,,,,,,,,,,,,,,,,,,,,,,,,,,,,,,,,,,,,,,,,,,,I00759601
Q140052,Q116054890,,,,,,,,,,,,,,,,,,,,,,,,,,,,,,,,,,,,,,,,,,,,,I00706604
Q140053,Q112608563,,,,,,,,,,,,,,,,,,,,,,,,,,,,,,,,,,,,,,,,,,,,,I00705620
Q140054,Q116812444,,,,,,,,,,,,,,,,,,,,,,,,,,,,,,,,,,,,,,,,,,,,,I00760367
Q140055,Q116812441,,,,,,,,,,,,,,,,,,,,,,,,,,,,,,,,,,,,,,,,,,,,,I00738326
Q140056,Q116146088,,,,,,,,,,,,,,,,,,,,,,,,,,,,,,,,,,,,,,,,,,,,,I00710013
Q140057,Q99085037,,,,,,,,,,,,,,,,,,,,,,,,,,,,,,,,,,,,,,,,,,,,,I00700891
Q140058,Q110560231,,,,,,,,,,,,,,,,,,,,,,,,,,,,,,,,,,,,,,,,,,,,,I00760286
Q140059,Q116812093,,,,,,,,,,,,,,,,,,,,,,,,,,,,,,,,,,,,,,,,,,,,,I00715035
Q140060,Q116812269,,,,,,,,,,,,,,,,,,,,,,,,,,,,,,,,,,,,,,,,,,,,,I00777371
Q140061,Q2253200,,,,,,,,,,,,,,,,,,,,,,,,,,,,,,,,,,,,,,,,,,Maredudd_Unknown_(33),,,
Q140062,Q2519386,,,,,,,,,,,,,,,,,,,,,,,,,,,,,,,,,,,,,,,,,,Rhys_Unknown_(33),,,
Q140063,Q75705288,,,,,,,,,,,,,,,,,,,,,,,,,,,,,,,,,,,,,,,,,p29545.htm#i295445,Idnerth_ap_Cadwgon_(1),,Ap_Cadwgon-6,
Q140064,Q75705290,,,,,,,,,,,,,,,,,,,,,,,,,,,,,,,,,,,,,,,,,p29545.htm#i295446,Gronwy_Ap_Cadwgon_(1),,,
Q140065,Q75705292,,,,,,,,,,,,,,,,,,,,,,,,,,,,,,,,,,,,,,,,,p29545.htm#i295447,Hoedlyw_Unknown_(4),,Ap_Cadwgan-3,
Q140066,Q75705295,,,,,,,,,,,,,,,,,,,,,,,,,,,,,,,,,,,,,,,,,p29545.htm#i295448,Ieuaf_Cadwgan_(1),,,
Q140067,Q116116054,,,,,,,,,,,,,,,,,,,,,,,,,,,,,,,,,,,,,,,,,,,,,I00758130
Q140068,Q7114252,,,,,,,,,,,,,,,,,,,,,,,,,,,137169,,p=owain;n=of tegaingl,,,,,,,,,,,,p40495.htm#i404941,Owain_Edwyn_(1),,Ab_Edwin-3,I00750875
Q140069,Q116052922,,,,,,,,,,,,,,,,,,,,,,,,,,,,,,,,,,,,,,,,,,,,,I00759421
Q140070,Q130358503,,,,,,,,,,,,,,,,,,,,,,,,,,,,,,,,,,,,,,,,,,,,,I00759337
Q140071,Q110152962,,,,,,,,,,,,,,,,,,,,,,,,,,,,,,,,,,,,,,,,,,,,,I00753851
Q140072,Q110152971,,,,,,,,,,,,,,,,,,,,,,,,,,,,,,,,,,,,,,,,,,,,,I00752130
Q140073,Q99086791,,,,,,,,,,,,,,,,,,,,,,,,,,,,,,,,,,,,,,,,,,,,,I00314029
Q140074,Q116469864,,,,,,,,,,,,,,,,,,,,,,,,,,,,,,,,,,,,,,,,,,,,,I00760725
Q140075,Q116053044,,,,,,,,,,,,,,,,,,,,,,,,,,,,,,,,,,,,,,,,,,,,,I00764608
Q140076,Q110585585,,,,,,,,,,,,,,,,,,,,,,,,,,,,,,,,,,,,,,,,,,,,,I00706188
Q140077,Q116115733,,,,,,,,,,,,,,,,,,,,,,,,,,,,,,,,,,,,,,,,,,,,,I00757275
Q140078,Q130358519,,,,,,,,,,,,,,,,,,,,,,,,,,,,,,,,,,,,,,,,,,,,,I00761338
Q140079,Q110582433,,,,,,,,,,,,,,,,,,,,,,,,,,,,,,,,,,,,,,,,,,Nest_Llywelyn_(1),,Ferch_Llywelyn-26,I00755805
Q140080,Q116156547,,,,,,,,,,,,,,,,,,,,,,,,,,,,,,,,,,,,,,,,,,,,,I00753011
Q140081,Q18024187,,,,,,,,,,,,,,,,,,,,,,,,,,,137186,,p=llywarch;n=n,,,,,,,,,,,,p40494.htm#i404937,Llywarch_Ap_Trahaearn_(1),,Ap_Trahaearn-10,I00140280
Q140082,Q116055450,,,,,,,,,,,,,,,,,,,,,,,,,,,,,,,,,,,,,,,,,,,,,I00749809
Q140083,Q117307075,,,,,,,,,,,,,,,,,,,,,,,,,,,,,,,,,,,,,,,,,,,,,I00761344
Q140084,Q130340485,,,,,,,,,,,,,,,,,,,,,,,,,,,,,,,,,,,,,,,,,,,,,I00759348
Q140085,Q15867490,,,,,,,,,,,,,,,,,,,,,,,,,,,967951,,p=owain;n=of south wales,,,,,,,,,,,,,Owain_ap_Gruffudd_(1),,Ap_Gruffydd-47,I00757345
Q140086,Q17325889,,,,,,,,,,,,,,,,,,,,,,,,,,,926251,,,,,,,,,,,,,,,Rhys_Gruffudd_(3),,,
Q140087,Q133462371,,,,,,,,,,,,,,,,,,,,,,,,,,,,,,,,,,,,,,,,,,,,,I00759329
Q140088,Q116055478,,,,,,,,,,,,,,,,,,,,,,,,,,,,,,,,,,,,,,,,,,,,,I00759016
Q140089,Q4274901,,,,,,,,,,,,,,,,,,,,,,,,,,,967958,,p=maelgwn;n=.,,,,,,,,,,,,p10281.htm#i102808,"Maelgwn_ap_Maelgwn_""Hen""_(1)",,Ap_Rhys-64,I00286705
Q140090,Q7818338,,,,,,,,,,,,,,,,,,,,,,,,,,,,,,,,,,,,,,,,,p61056.htm#i610558,Tomas_ap_Rhodri_ab_Owain_Gwynedd_(1),,Ap_Rhodri-32,I00465282
Q140091,Q3072975,,,,,,,,,,,,,,,,,,,,,,,,,,,461297,,p=griffith;n=of powys;oc=1,,,,,,,,,,,,p56832.htm#i568313,Gruffydd_Ap_Gwenwynwyn_(1),,Ap_Gwenwynwyn-6,I00042995
Q140092,Q110662800,,,,,,,,,,,,,,,,,,,,,,,,,,,,,,,,,,,,,,,,,,,,,I00759015
Q140093,Q110636491,,,,,,,,,,,,,,,,,,,,,,,,,,,,,,,,,,,,,,,,,,,,,I00709764
Q140094,Q116054874,,,,,,,,,,,,,,,,,,,,,,,,,,,,,,,,,,,,,,,,,,,,,I00708987
Q140095,Q116115958,,,,,,,,,,,,,,,,,,,,,,,,,,,,,,,,,,,,,,,,,,,,,I00706576
Q140096,Q130358777,,,,,,,,,,,,,,,,,,,,,,,,,,,,,,,,,,,,,,,,,,,,,I00775129
Q140097,Q130359169,,,,,,,,,,,,,,,,,,,,,,,,,,,,,,,,,,,,,,,,,,,,,I00710083
Q140098,Q116054831,,,,,,,,,,,,,,,,,,,,,,,,,,,,,,,,,,,,,,,,,,,,,I00759020
Q140099,Q116054827,,,,,,,,,,,,,,,,,,,,,,,,,,,,,,,,,,,,,,,,,,,,Ap_Hywel-38,I00736947
Q140100,Q116054830,,,,,,,,,,,,,,,,,,,,,,,,,,,,,,,,,,,,,,,,,,,,Ap_Howel_Sais-1,I00736951
Q140101,Q117307077,,,,,,,,,,,,,,,,,,,,,,,,,,,,,,,,,,,,,,,,,,,,,I00761346
Q140102,Q99211917,,,,,,,,,,,,,,,,,,,,,,,,,,,,,,,,,,,,,,,,,,,,,I00706574
Q140103,Q116111661,,,,,,,,,,,,,,,,,,,,,,,,,,,,,,,,,,,,,,,,,,,,,I00718315
Q140104,Q116470947,,,,,,,,,,,,,,,,,,,,,,,,,,,,,,,,,,,,,,,,,,,,,I00776149
Q140105,Q116812407,,,,,,,,,,,,,,,,,,,,,,,,,,,,,,,,,,,,,,,,,,,,,I00759291
Q140106,Q116812512,,,,,,,,,,,,,,,,,,,,,,,,,,,,,,,,,,,,,,,,,,,,,I00777410
Q140107,Q130342846,,,,,,,,,,,,,,,,,,,,,,,,,,,,,,,,,,,,,,,,,,,,,I00707418
Q140108,Q116146056,,,,,,,,,,,,,,,,,,,,,,,,,,,,,,,,,,,,,,,,,,,,,I00708902
Q140109,Q131346762,,,,,,,,,,,,,,,,,,,,,,,,,,,,,,,,,,,,,,,,,,,,,I00777760
Q140110,Q131346756,,,,,,,,,,,,,,,,,,,,,,,,,,,,,,,,,,,,,,,,,,,,,I00777757
Q140111,Q131346749,,,,,,,,,,,,,,,,,,,,,,,,,,,,,,,,,,,,,,,,,,,,,I00777774
Q140112,Q110152928,,,,,,,,,,,,,,,,,,,,,,,,,,,,,,,,,,,,,,,,,,,,Ferch_Einudd-2,I00163452
Q140113,Q6064812,,,,,,,,,,,,,,,,,,,,,,,,,,,973017,,,,,,,,,,,,,,,Iorwerth_Unknown_(5),,Ap_Maredudd-36,
Q140114,Q13130550,,,,,,,,,,,,,,,,,,,,,,,,,,,,,,,,,,,,,,,,,,Owain_Madog_(1),,,
Q140115,Q1033027,,,,,,,,,,,,,,,,,,,,,,,,,,,414394,,p=gruffydd;n=of powys,,,,,,,,,,,,,Gruffydd_ap_Madog_(1),,Ap_Madog-61,I00749765
Q140116,Q7114240,,,,,,,,,,,,,,,,,,,,,,,,,,,,,,,,,,,,,,,,,,Owain_Madog_(3),,Ap_Madog-28,I00705944
Q140117,Q20568315,,,,,,,,,,,,,,,,,,,,,,,,,,,,,,,,,,,,,,,,,,Llewelyn_Madog_(1),,Ap_Madog-52,
Q140118,Q13128095,,,,,,,,,,,,,,,,,,,,,,,,,,,,,,,,,,,,,,,,,,Efa_Madog_(1),,Ferch_Madog-7,
Q140119,Q56526309,,,,,,,,,,,,,,,,,,,,,,,,,,,137193,,p=margaret;n=ap madog,,,,,,,,,,,,p10260.htm#i102600,Margaret_ap_Madog_(1),,Ferch_Madog-1,I00140277
Q140120,Q116055475,,,,,,,,,,,,,,,,,,,,,,,,,,,,,,,,,,,,,,,,,,,,,I00346746
Q140121,Q110636440,,,,,,,,,,,,,,,,,,,,,,,,,,,,,,,,,,,,,,,,,,,,Ap_Madog-35,I00706360
Q140122,Q116054525,,,,,,,,,,,,,,,,,,,,,,,,,,,,,,,,,,,,,,,,,,,,,I00750841
Q140123,Q116477725,,,,,,,,,,,,,,,,,,,,,,,,,,,,,,,,,,,,,,,,,,,,,I00754334
Q140124,Q61911714,,,,,,,,,,,,,,,,,,I5087,,,,,,,,,,,p=maud;n=de+saint+hilaire;,,,,,,,,,,,,p10673.htm#i106721,,,St_Hilary-11,I00027635
Q140125,Q16209208,,,,,,,,,,,,,,,,,,,,,,,,,,,,,,,,,,,,,,,,,p462.htm#i4616,,,Clare-32,I00027607
Q140126,Q463491,,,,,,,,,,,,,,,,,,I5425,,,,,,,,,150572,,,,,,,,,,,,,,p10248.htm#i102476,Gilbert_de_Clare_(2),,Clare-673,I00027608
Q140127,Q76264293,,,,,,,,,,,,,,,,,,,,,,,,,,,,,,,,,,,,,,,,,p64747.htm#i647463,,,Clare-316,
Q140130,Q6680998,,,,,,,,,,,,,,,,,,,,,,,,,,,,,p=laurette;n=de briouze,,,,,,,,,,,,p36710.htm#i367092,Loretta_de_Braose_(1),,Braose-31,I00385038
Q140131,Q75241899,,,,,,,,,,,,,,,,,,,,,,,,,,,310516,,p=margaret;n=of gwynedd,,,,,,,,,,,,p413.htm#i4125,Margaret_verch_Llewelyn_(1),,Ferch_Llywelyn-5,I00146986
Q140132,Q8020769,,,,,,,,,,,,,,,,,,,,,,,,,,,,,,,,,,,,,,,,,p13745.htm#i137448,William_de_Braose_(5),,Braose-166,I00146988
Q140133,Q75453853,,,,,,,,,,,,,,,,,,,,,,,,,,,,,,,,,,,,,,,,,p15186.htm#i151853,,,,
Q140134,Q75397947,,,,,,,,,,,,,,,,,,,,,,,,,,,,,,,,,,,,,,,,,p15170.htm#i151700|p11701.htm#i117001,,,Braose-154,
Q140135,Q16508806,,,,,,,,,,,,,,,,,,,,,,,,,,,,,,,,,,,,,,,,,,,,London-202,
Q140136,Q110152908,,,,,,,,,,,,,,,,,,,,,,,,,,,,,,,,,,,,,,,,,,,,Ferch_Ednyfed-6,I00759036
Q140137,Q75875790,,,,,,,,,,,,,,,,,,,,,,,,,,,,,,,,,,,,,,,,,p37319.htm#i373189,,,Ap_Herbert-4,I00706644
Q140138,Q116469758,,,,,,,,,,,,,,,,,,,,,,,,,,,,,,,,,,,,,,,,,,,,,I00751640
Q140139,Q122260617,,,,,,,,,,,,,,,,,,,,,,,,,,,,,,,,,,,,,,,,,,,,,I00707757
Q140140,Q116146042,,,,,,,,,,,,,,,,,,,,,,,,,,,,,,,,,,,,,,,,,,,,,I00759727
Q140141,Q116812498,,,,,,,,,,,,,,,,,,,,,,,,,,,,,,,,,,,,,,,,,,,,,I00760236
Q140142,Q116146048,,,,,,,,,,,,,,,,,,,,,,,,,,,,,,,,,,,,,,,,,,,,,I00759724
Q140143,Q99087003,,,,,,,,,,,,,,,,,,,,,,,,,,,,,,,,,,,,,,,,,,,,,I00705608
Q140144,Q117307061,,,,,,,,,,,,,,,,,,,,,,,,,,,,,,,,,,,,,,,,,,,,,I00708991
Q140145,Q116146036,,,,,,,,,,,,,,,,,,,,,,,,,,,,,,,,,,,,,,,,,,,,,I00706838
Q140146,Q116054881,,,,,,,,,,,,,,,,,,,,,,,,,,,,,,,,,,,,,,,,,,,,,I00759913
Q140147,Q99087081,,,,,,,,,,,,,,,,,,,,,,,,,,,,,,,,,,,,,,,,,,,,,I00706607
Q140148,Q116478863,,,,,,,,,,,,,,,,,,,,,,,,,,,,,,,,,,,,,,,,,,,,,I00751316
Q140149,Q116054876,,,,,,,,,,,,,,,,,,,,,,,,,,,,,,,,,,,,,,,,,,,,,I00759911
Q140150,Q128855679,,,,,,,,,,,,,,,,,,,,,,,,,,,,,,,,,,,,,,,,,,,,,I00789169
Q140151,Q99084646,,,,,,,,,,,,,,,,,,,,,,,,,,,,,,,,,,,,,,,,,,,,Rhys-81,I00714656
Q140152,Q110383090,,,,,,,,,,,,,,,,,,,,,,,,,,,,,,,,,,,,,,,,,,,,,I00586421
Q140153,Q110560207,,,,,,,,,,,,,,,,,,,,,,,,,,,,,,,,,,,,,,,,,,,,,I00764722
Q140154,Q116812399,,,,,,,,,,,,,,,,,,,,,,,,,,,,,,,,,,,,,,,,,,,,,I00759289
Q140155,Q116812376,,,,,,,,,,,,,,,,,,,,,,,,,,,,,,,,,,,,,,,,,,,,,I00759279
Q140156,Q131347078,,,,,,,,,,,,,,,,,,,,,,,,,,,,,,,,,,,,,,,,,,,,,I00760242
Q140157,Q110413017,,,,,,,,,,,,,,,,,,,,,,,,,,,,,,,,,,,,,,,,,,,,,I00751676
Q140158,Q130358507,,,,,,,,,,,,,,,,,,,,,,,,,,,,,,,,,,,,,,,,,,,,,I00708492
Q140159,Q3779057,,,,,,,,,,,,,,,,,,,,,,,,,,,,,,,,,,,,,,,,,p10253.htm#i102522,William_de_Braose_(1),,Braose-2,I00139656
Q140160,Q3638894,,,,,,,,,,,,,,,,,,,,,,,,,,,,,,,,,,,,,,,,,p10257.htm#i102563,Bertha_of_Hereford_(1),,FitzMiles-14,I00139657
Q140161,Q61911564,,,,,,,,,,,,,,,,,,,,,,,,,,,,,,,,,,,,,,,,,p39778.htm#i397778,,,,
Q140162,Q116054867,,,,,,,,,,,,,,,,,,,,,,,,,,,,,,,,,,,,,,,,,,,,,I00059423
Q140163,Q107463395,,,,,,,,,,,,,,,,,,,,,,,,,,,,,,,,,,,,,,,,,,,,,I00174749
Q140164,Q61750996,,,,,,,,,,,,,,,,,,,,,,,,,,,259134,,p=bernard;n=de saint valery;oc=4,,,,,,,,,,,,p46992.htm#i469920,Bernald_Saint_Valérie_(1)|Bernard_Unknown_(16),,St_Valéry-14,I00143255
Q140165,Q103568200,,,,,,,,,,,,,,,,,,,,,,,,,,,,,p=matilda;n=st john,,,,,,,,,,,,,Matilda_Saint_Valérie_(1),,Unknown-273480,I00143256
Q140166,Q7966513,,,,,,,,,,,,,,,,,,,,,,,,,,,,,,,,,,,,,,,,,p27439.htm#i274390,Walter_de_Lacy_(1),,Lacy-279,I00110867
Q140167,Q3720333,,,,,,,,,,,,,,,,,,,,,,,,,,,49266,,,,,,,,,,,,,,p39099.htm#i390982,Egidia_de_Lacy_(2),,Lacy-168,I00110853
Q140168,Q62932919,,,,,,,,,,,,,,,,,,I21641,,,,,,,,,,,,,,,,,,,,,,,p27439.htm#i274389,,,Lacy-217,I00397893
Q140169,Q76174311,,,,,,,,,,,,,,,,,,,,,,,,,,,,,p=pernel;n=de lacy,,,,,,,,,,,,p58174.htm#i581740,Petronella_Lacy_(1),,Lacy-221,I00177593
Q140170,Q467685,,,,,,,,9HFS-PKH,,,,,,,,,,,,,,,,,,,123341,,p=llywelyn;n=of gwynedd,,,,,,,,,,,,p10791.htm#i107904,Llywelyn_the_Great_(1),,Ap_Iorwerth-26,I00013706
Q140171,Q1157156,,,,,,,,,,,,,,,,,,,,,,,,,,,918800,,p=dafydd;n=of gwynedd;oc=1,,,,,,,,,,,,p4179.htm#i41782,Dafydd_ap_Llywelyn_(1),,Ap_Llywelyn-18,I00139669
Q140172,Q1398384,,,,,,,,,,,,,,,,,,,,,,,,,,,,,p=gruffydd;n=of gwynedd;oc=1,,,,,,,,,,,,p10260.htm#i102599,Gruffydd_ap_Llywelyn_Fawr_(1),,Ap_Llywelyn-21,I00286709
Q140173,Q7288322,,,,,,,,,,,,,,,,,,,,,,,,,,,48837,,p=ralph;n=mortimer,,,,,,,,,,,,p65.htm#i645,Ralph_de_Mortimer_(1),,Mortimer-662,I00113864
Q140174,Q934504,,,,,,,,LD97-5H9,,,,,,,,,,,,,,,,,,,123343,,,,,,,,,,,,,,p10255.htm#i102550,Roger_de_Mortimer_(2),,Mortimer-605,I00026627
Q140175,Q61896368,,,,,,,,,,,,,,,,,,I5622,,,,,,,,,,,,,,,,,,,,,,,p352.htm#i3518,,,Rous-154,I00028329
Q140176,Q530524,,,,,,,,,,,,,,,,,,,,,,,,,,,918803,,,,,,,,,,,,,,p63.htm#i623,Eva_Marshall_(1),,Marshal-130,I00029156
Q140177,Q939952,,,,,,,,,,,,,,,,,,,,,,,,,,,,,,,,,,,,,,,,,p2358.htm#i23573,Maud_De_Braiose_(1),,Braose-8,I00026628
Q140178,Q5354427,,,,,,,,,,,,,,,,,,I7249,,,,,,,,,,,,,,,,,,,,,,,p19081.htm#i190805,,,Braose-7,I00139096
Q140179,Q5415206,,,,,,,,,,,,,,,,,,,,,,,,,,,,,,,,,,,,,,,,,p64.htm#i634,,,Braose-44,I00139668
Q140180,Q6078117,,,,,,,,,,,,,,,,,,,,,,,,,,,918801,,p=isabella;n=de braose,,,,,,,,,,,,p4179.htm#i41783,Isabell_Braose_(1),,Braose-28,
Q140181,Q75897390,,,,,,,,,,,,,,,,,,,,,,,,,,,,,,,,,,,,,,,,,p38908.htm#i389078,,,,
Q140182,Q75464049,,,,,,,,,,,,,,,,,,,,,,,,,,,,,,,,,,,,,,,,,p15835.htm#i158341,,,Briwere-13,I00510130
Q140183,Q75464051,,,,,,,,,,,,,,,,,,,,,,,,,,,,,,,,,,,,,,,,,p15835.htm#i158342,,,Walton-284,I00510131
Q140184,Q75290404,,,,,,,,,,,,,,,,,,,,,,,,,,,,,,,,,,,,,,,,,p4174.htm#i41731,,,Briwere-3,I00425411
Q140185,Q75808946,,,,,,,,,,,,,,,,,,,,,,,,,,,,,,,,,,,,,,,,,p34301.htm#i343008,,,Briwere-1,I00199069
Q140186,Q75792678,,,,,,,,,,,,,,,,,,,,,,,,,,,,,p=margaret;n=de+briwere;,,,,,,,,,,,,p56851.htm#i568501,,,,
Q140187,Q76170577,,,,,,,,,,,,,,,,,,,,,,,,,,,,,,,,,,,,,,,,,p57899.htm#i578986,,,,
Q140188,Q75103311,,,,,,,,,,,,,,,,,,,,,,,,,,,,,,,,,,,,,,,,,p15835.htm#i158345,,,Briwere-5,I00027720
Q140189,Q75791953,,,,,,,,,,,,,,,,,,,,,,,,,,,,,,,,,,,,,,,,,p33628.htm#i336278,,,,
Q140190,Q62128091,,,,,,,,,,,,,,,,,,,,,,,,,,,,,,,,,,,,,,,,,p59878.htm#i598772,,,Vaux-94,I00510103
Q140191,Q98960292,,,,,,,,,,,,,,,,,,,,,,,,,,,,,,,,,,,,,,,,,,,,,I00510104
Q140192,Q75561251,,,,,,,,,,,,,,,,,,,,,,,,,,,,,,,,,,,,,,,,,p21341.htm#i213410,,,Talbot-312,I00337614
Q140193,Q4706141,,,,,,,,,,,,,,,,,,,,,,,,,,,,,,,,,,,,,,,,,p21341.htm#i213408,,,Basset-481,I00337615|I00370351
Q140194,Q75561250,,,,,,,,,,,,,,,,,,,,,,,,,,,,,,,,,,,,,,,,,p21341.htm#i213409,,,Gai-1,I00337616
Q140195,Q76333375,,,,,,,,,,,,,,,,,,,,,,,,,,,,,,,,,,,,,,,,,p69593.htm#i695923,,,Montagu-55,
Q140196,Q8020752,,,,,,,,,,,,,,,,,,I11321,,,,,,,,,309633,,,,,,,,,,,,,,p11857.htm#i118565|p58844.htm#i588434,,,Beauchamp-109,I00174752
Q140197,Q4020193,,,,,,,,,,,,,,,,,,I5486,,,,,,,,,309631,,,,,,,,,,,,,,p2648.htm#i26478,William_de_Beauchamp_(5),,Beauchamp-1147,I00026590
Q140198,Q6792217,,,,,,,,,,,,,,,,,,I5487,,,,,,,,,309626,,,,,,,,,,,,,,p24461.htm#i244610,Maud_FitzJohn_(27),,FitzJohn-77,I00026591
Q140199,Q61911546,,,,,,,,,,,,,,,,,,I11322,,,,,,,,,,,,,,,,,,,,,,,p11857.htm#i118566,,,Mauduit-7,I00174753
Q140200,Q75561228,,,,,,,,,,,,,,,,,,,,,,,,,,,,,,,,,,,,,,,,,p21340.htm#i213398,,,Boteler-102,I00198824
Q140201,Q75541506,,,,,,,,,,,,,,,,,,,,,,,,,,,,,,,,,,,,,,,,,p20352.htm#i203519,,,Talbot-64,
Q140202,Q18576889,,,,,,,,,,,,,,,,,,,,,,,,,,,,,,,,,,,,,,,,,p21340.htm#i213397,,,Talbot-339,I00198354
Q140203,Q75565000,,,,,,,,,,,,,,,,,,,,,,,,,,,,,,,,,,,,,,,,,p21556.htm#i215552,,,Chaundos-1,
Q140204,Q99084345,,,,,,,,,,,,,,,,,,,,,,,,,,,,,,,,,,,,,,,,,,,,Ferch_Payne-1,I00282618
Q140205,Q116812190,,,,,,,,,,,,,,,,,,,,,,,,,,,,,,,,,,,,,,,,,,,,,I00700405
Q140206,Q130353952,,,,,,,,,,,,,,,,,,,,,,,,,,,,,,,,,,,,,,,,,,,,Turberville-67,I00790355
Q140207,Q110582457,,,,,,,,,,,,,,,,,,,,,,,,,,,,,,,,,,,,,,,,,,Rhanullt_Unknown_(1),,Rognvaldatter-1,I00755318
Q140208,Q5611989,,,,,,,,,,,,,,,,,,,,,,,,,,,,,,,,,,,,,,,,,,,,Ap_Madog-56,I00284677
Q140209,Q2350750,,,,,,,,,,,,,,,,,,,,,,,,,,,,,p=gruffydd;n=fychan;oc=3,,,,,,,,,,,,,Gruffydd_Vychan_(1),,Gruffydd-111,I00287609
Q140210,Q4149758,,,,,,,,,,,,,,,,,,,,,,,,,,,645944,,p=gruffydd;n=fychan;oc=2,,,,,,,,,,,,,Gruffydd_Ap_Madog_Vychan_(1),,Ap_Madog-56,
Q140211,Q110585477,,,,,,,,,,,,,,,,,,,,,,,,,,,,,,,,,,,,,,,,,,,,,I00346958
Q140212,Q99073311,,,,,,,,,,,,,,,,,,,,,,,,,,,,,,,,,,,,,,,,,,,,,I00589157
Q140213,Q110583563,,,,,,,,,,,,,,,,,,,,,,,,,,,,,,,,,,,,,,,,,,,,,I00427641
Q140214,Q99071872,,,,,,,,,,,,,,,,,,,,,,,,,,,,,,,,,,,,,,,,,,,,,I00705996
Q140215,Q129257254,,,,,,,,,,,,,,,,,,,,,,,,,,,,,,,,,,,,,,,,,,,,,I00772974
Q140216,Q110388699,,,,,,,,,,,,,,,,,,,,,,,,,,,,,,,,,,,,,,,,,,,,,I00616465
Q140217,Q116108899,,,,,,,,,,,,,,,,,,,,,,,,,,,,,,,,,,,,,,,,,,,,,I00707205
Q140218,Q117306775,,,,,,,,,,,,,,,,,,,,,,,,,,,,,,,,,,,,,,,,,,,,,I00775489
Q140219,Q99082598,,,,,,,,,,,,,,,,,,,,,,,,,,,,,,,,,,,,,,,,,,,,,I00737851
Q140220,Q116478853,,,,,,,,,,,,,,,,,,,,,,,,,,,,,,,,,,,,,,,,,,,,,I00776143
Q140221,Q110636815,,,,,,,,,,,,,,,,,,,,,,,,,,,,,,,,,,,,,,,,,,,,,I00311467
Q140222,Q110388905,,,,,,,,,,,,,,,,,,,,,,,,,,,,,,,,,,,,,,,,,,,,,I00706311
Q140223,Q75958835,,,,,,,,,,,,,,,,,,,,,,,,,,,,,,,,,,,,,,,,,p43048.htm#i430471,,,,I00467170
Q140224,Q99080930,,,,,,,,,,,,,,,,,,,,,,,,,,,,,,,,,,,,,,,,,,,,Ap_Hywel-89,I00707789
Q140225,Q116468839,,,,,,,,,,,,,,,,,,,,,,,,,,,,,,,,,,,,,,,,,,,,,I00308444
Q140226,Q130359141,,,,,,,,,,,,,,,,,,,,,,,,,,,,,,,,,,,,,,,,,,,,,I00308448
Q140227,Q110636697,,,,,,,,,,,,,,,,,,,,,,,,,,,,,,,,,,,,,,,,,,,,,I00754760
Q140228,Q110636700,,,,,,,,,,,,,,,,,,,,,,,,,,,,,,,,,,,,,,,,,,,,,I00754758
Q140229,Q110636686,,,,,,,,,,,,,,,,,,,,,,,,,,,,,,,,,,,,,,,,,,,,,I00754744
Q140230,Q110635487,,,,,,,,,,,,,,,,,,,,,,,,,,,,,,,,,,,,,,,,,,,,,I00706035
Q140231,Q110635475,,,,,,,,,,,,,,,,,,,,,,,,,,,,,,,,,,,,,,,,,,,,,I00706051
Q140232,Q116052885,,,,,,,,,,,,,,,,,,,,,,,,,,,,,,,,,,,,,,,,,,,,,I00755683
Q140233,Q116052888,,,,,,,,,,,,,,,,,,,,,,,,,,,,,,,,,,,,,,,,,,,,,I00755684
Q140234,Q99086873,,,,,,,,,,,,,,,,,,,,,,,,,,,,,,,,,,,,,,,,,,,,,I00708501
Q140235,Q110413660,,,,,,,,,,,,,,,,,,,,,,,,,,,,,,,,,,,,,,,,,,,,,I00708652
Q140236,Q133462385,,,,,,,,,,,,,,,,,,,,,,,,,,,,,,,,,,,,,,,,,,,,,I00759275
Q140237,Q133462381,,,,,,,,,,,,,,,,,,,,,,,,,,,,,,,,,,,,,,,,,,,,,I00759276
Q140238,Q348911,,,,,,,,LBGV-7WG,,4437,,,,,,,,I5121,,,,,,,,,261065,,,,,dw.8129,,,,,,,,,p64.htm#i633,William_Marshal_(17),,Marshal-4,I00028078
Q140239,Q783126,,,,,,,,K451-575,,,,,,,,,,I5120,,,,,,,,,261042,,,,,,,,,,,,,,p10292.htm#i102913,Isabel_de_Clare_(1),,Clare-22,I00028079
Q140240,Q448342,,,,,,,,,,,,,,,,,,I21644,,,,,,,,,,,p=gilbert;n=marshal,,,,,,,,,,,,p10683.htm#i106823,Gilbert_Marshall_(1),,Marshal-91,I00065027
Q140241,Q1237240,,,,,,,,,,,,,,,,,,I21638,,,,,,,,,139299,,p=maud;n=marshal,,,,,,,,,,,,p10677.htm#i106761,Matilda_Marshall_(5),,Marshal-3,I00015384
Q140242,Q262970,,,,,,,,,,,,,,,,,,I5418,,,,,,,,,,,,,,,,,,,,,,,p4271.htm#i42707,Walter_Marshall_(11),,,
Q140243,Q449884,,,,,,,,,,,,,,,,,,I5426,,,,,,,,,12857,,p=isabel;n=marshal,,,dw.8126,,,,,,,,,p10125.htm#i101241,Isabel_Marshall_(1),,Marshal-124,I00027633
Q140244,Q569572,,,,,,,,,,,,,,,,,,I21645,,,,,,,,,,,,,,,,,,,,,,,p41193.htm#i411922,Anselme_Marshall_(1),,,
Q140245,Q966269,,,,,,,,,,235698788,,,,,,,,,,,,,,,,,,,p=richard;n=marshal,,,,,,,,,,,,p41192.htm#i411919,Richard_Marshall_(1),,,I00315267
Q140246,Q12902110,,,,,,,,,,,,,,,,,,I4666,,,,,,,,,,,,,,,,,,,,,,,p4268.htm#i42677,,,Marshal-23,I00139193
Q140247,Q12900475,,,,,,,,,,,,,,,,,,I21647,,,,,,,,,,,,,,,,,,,,,,,p20345.htm#i203446,,,Marshal-31,I00198363
Q140249,Q96085137,,,,,,,,,,,,,,,,,,I21635,,,,,,,,,,,p=alix;n=de bethune,,,,,,,,,,,,,Alice_Betune_(1),,Bethune-119,I00315266
Q140250,Q23969848,,,,,,,,,,,,,,,,,,,,,,,,,,,145547,,p=henry;n=de hastings,,,,,,,,,,,,p10777.htm#i107767,Henry_Hastings_(1),,Hastings-1272,I00140344
Q140251,Q61911166,,,,,,,,,,,,,,,,,,,,,,,,,,,111084,,p=ada;n=of scotland,,,,,,,,,,,,p10777.htm#i107766,Ada_Huntingdon_(1),,Huntingdon-25,I00027703
Q140252,Q6238201,,,,,,,,9HY5-3Z3,,,,,,,,,,,,,,,,,,,,,p=john;n=de hastings;oc=1,,,,,,,,,,,,p66.htm#i654,John_Hastings_(51),,Hastings-1246,I00135220
Q140253,Q24040577,,,,,,,,,,,,,,,,,,,,,,,,,,,,,,,,,,,,,,,,,p31320.htm#i313198,Edmund_Hastings_(5),,,
Q140254,Q76018780,,,,,,,,,,,,,,,,,,,,,,,,,,,,,,,,,,,,,,,,,p47144.htm#i471438,,,,
Q140255,Q76018779,,,,,,,,,,,,,,,,,,,,,,,,,,,,,,,,,,,,,,,,,p47144.htm#i471437,,,,
Q140256,Q76018782,,,,,,,,,,,,,,,,,,,,,,,,,,,,,,,,,,,,,,,,,p47144.htm#i471439,,,,
Q140257,Q76018777,,,,,,,,,,,,,,,,,,,,,,,,,,,,,,,,,,,,,,,,,p47144.htm#i471435,,,Hastings-337,I00422644
Q140258,Q8012779,,,,,,,,LYQP-GSF,,,,,,,,,,,,,,,,,,,,,,,,,,,,,,,,,p65.htm#i644,William_de_Cantelou_(1),,Cantilupe-64,I00139667
Q140259,Q110662749,,,,,,,,,,,,,,,,,,,,,,,,,,,,,,,,,,,,,,,,,,,,,I00706083
Q140260,Q110662592,,,,,,,,,,,,,,,,,,,,,,,,,,,,,,,,,,,,,,,,,,,,,I00753007
Q140261,Q110662748,,,,,,,,,,,,,,,,,,,,,,,,,,,,,,,,,,,,,,,,,,,,,I00751502
Q140262,Q130341579,,,,,,,,,,,,,,,,,,,,,,,,,,,,,,,,,,,,,,,,,,,,,I00754859
Q140263,Q110290613,,,,,,,,,,,,,,,,,,,,,,,,,,,,,,,,,,,,,,,,,,,,,I00749690
Q140264,Q99302489,,,,,,,,,,,,,,,,,,,,,,,,,,,,,,,,,,,,,,,,,,,,,I00706351
Q140265,Q130648373,,,,,,,,,,,,,,,,,,,,,,,,,,,,,,,,,,,,,,,,,,,,,I00754626
Q140266,Q105819585,,,,,,,,,,,,,,,,,,,,,,,,,,,,,,,,,,,,,,,,,,,,,I00715017
Q140267,Q116469726,,,,,,,,,,,,,,,,,,,,,,,,,,,,,,,,,,,,,,,,,,,,,I00714666
Q140268,Q116812614,,,,,,,,,,,,,,,,,,,,,,,,,,,,,,,,,,,,,,,,,,,,,I00760496
Q140269,Q116812274,,,,,,,,,,,,,,,,,,,,,,,,,,,,,,,,,,,,,,,,,,,,,I00777364
Q140270,Q116812106,,,,,,,,,,,,,,,,,,,,,,,,,,,,,,,,,,,,,,,,,,,,,I00774811
Q140271,Q116812103,,,,,,,,,,,,,,,,,,,,,,,,,,,,,,,,,,,,,,,,,,,,,I00752301
Q140272,Q116812123,,,,,,,,,,,,,,,,,,,,,,,,,,,,,,,,,,,,,,,,,,,,,I00701122
Q140273,Q116812283,,,,,,,,,,,,,,,,,,,,,,,,,,,,,,,,,,,,,,,,,,,,,I00777360
Q140274,Q116178208,,,,,,,,,,,,,,,,,,,,,,,,,,,,,,,,,,,,,,,,,,,,,I00749587
Q140275,Q116178209,,,,,,,,,,,,,,,,,,,,,,,,,,,,,,,,,,,,,,,,,,,,,I00749588
Q140276,Q128855551,,,,,,,,,,,,,,,,,,,,,,,,,,,,,,,,,,,,,,,,,,,,,I00708782
Q140277,Q130358969,,,,,,,,,,,,,,,,,,,,,,,,,,,,,,,,,,,,,,,,,,,,,I00710002
Q140278,Q131347167,,,,,,,,,,,,,,,,,,,,,,,,,,,,,,,,,,,,,,,,,,,,,I00761286
Q140279,Q116052895,,,,,,,,,,,,,,,,,,,,,,,,,,,,,,,,,,,,,,,,,,,,,I00709986
Q140280,Q116054872,,,,,,,,,,,,,,,,,,,,,,,,,,,,,,,,,,,,,,,,,,,,,I00708677
Q140281,Q116055039,,,,,,,,,,,,,,,,,,,,,,,,,,,,,,,,,,,,,,,,,,,,,I00708985
Q140282,Q116055705,,,,,,,,,,,,,,,,,,,,,,,,,,,,,,,,,,,,,,,,,,,,,I00710052
Q140283,Q116812366,,,,,,,,,,,,,,,,,,,,,,,,,,,,,,,,,,,,,,,,,,,,,I00759454
Q140284,Q116146083,,,,,,,,,,,,,,,,,,,,,,,,,,,,,,,,,,,,,,,,,,,,,I00708691
Q140285,Q130358968,,,,,,,,,,,,,,,,,,,,,,,,,,,,,,,,,,,,,,,,,,,,,I00756205
Q140286,Q130358976,,,,,,,,,,,,,,,,,,,,,,,,,,,,,,,,,,,,,,,,,,,,,I00710011
Q140287,Q116812363,,,,,,,,,,,,,,,,,,,,,,,,,,,,,,,,,,,,,,,,,,,,,I00752095
Q140288,Q110413013,,,,,,,,,,,,,,,,,,,,,,,,,,,,,,,,,,,,,,,,,,,,,I00706508
Q140289,Q130358794,,,,,,,,,,,,,,,,,,,,,,,,,,,,,,,,,,,,,,,,,,,,,I00696903
Q140290,Q133461632,,,,,,,,,,,,,,,,,,,,,,,,,,,,,,,,,,,,,,,,,,,,,I00707414
Q140291,Q116147043,,,,,,,,,,,,,,,,,,,,,,,,,,,,,,,,,,,,,,,,,,,,,I00751350
Q140292,Q116479495,,,,,,,,,,,,,,,,,,,,,,,,,,,,,,,,,,,,,,,,,,,,,I00709918
Q140293,Q128857490,,,,,,,,,,,,,,,,,,,,,,,,,,,,,,,,,,,,,,,,,,,,,I00777423
Q140294,Q130358770,,,,,,,,,,,,,,,,,,,,,,,,,,,,,,,,,,,,,,,,,,,,,I00759722
Q140295,Q130359193,,,,,,,,,,,,,,,,,,,,,,,,,,,,,,,,,,,,,,,,,,,,,I00701141
Q140296,Q130359166,,,,,,,,,,,,,,,,,,,,,,,,,,,,,,,,,,,,,,,,,,,,,I00710080
Q140297,Q112610844,,,,,,,,,,,,,,,,,,,,,,,,,,,,,,,,,,,,,,,,,,,,,I00696898
Q140298,Q133461618,,,,,,,,,,,,,,,,,,,,,,,,,,,,,,,,,,,,,,,,,,,,,I00803757
Q140299,Q116812412,,,,,,,,,,,,,,,,,,,,,,,,,,,,,,,,,,,,,,,,,,,,,I00760941
Q140300,Q116812372,,,,,,,,,,,,,,,,,,,,,,,,,,,,,,,,,,,,,,,,,,,,,I00774677
Q140301,Q75905274,,,,,,,,,,,,,,,,,,,,,,,,,,,,,,,,,,,,,,,,,p39434.htm#i394334,,,Ap_Henry-2,I00259660
Q140302,Q112610886,,,,,,,,,,,,,,,,,,,,,,,,,,,,,,,,,,,,,,,,,,,,,I00700842
Q140303,Q130359279,,,,,,,,,,,,,,,,,,,,,,,,,,,,,,,,,,,,,,,,,,,,,I00774665
Q140304,Q131346918,,,,,,,,,,,,,,,,,,,,,,,,,,,,,,,,,,,,,,,,,,,,,I00805408
Q140305,Q131346911,,,,,,,,,,,,,,,,,,,,,,,,,,,,,,,,,,,,,,,,,,,,,I00805406
Q140306,Q122260635,,,,,,,,,,,,,,,,,,,,,,,,,,,,,,,,,,,,,,,,,,,,,I00759941
Q140307,Q99080561,,,,,,,,,,,,,,,,,,,,,,,,,,,,,,,,,,,,,,,,,,,,,I00618339
Q140308,Q127413848,,,,,,,,,,,,,,,,,,,,,,,,,,,,,,,,,,,,,,,,,,,,,I00711422
Q140309,Q128855542,,,,,,,,,,,,,,,,,,,,,,,,,,,,,,,,,,,,,,,,,,,,,I00705956
Q140310,Q130358707,,,,,,,,,,,,,,,,,,,,,,,,,,,,,,,,,,,,,,,,,,,,,I00788897
Q140311,Q130358996,,,,,,,,,,,,,,,,,,,,,,,,,,,,,,,,,,,,,,,,,,,,,I00708658
Q140312,Q116470945,,,,,,,,,,,,,,,,,,,,,,,,,,,,,,,,,,,,,,,,,,,,,I00776146
Q140313,Q130358664,,,,,,,,,,,,,,,,,,,,,,,,,,,,,,,,,,,,,,,,,,,,,I00761419
Q140314,Q110622136,,,,,,,,,,,,,,,,,,,,,,,,,,,,,,,,,,,,,,,,,,,,,I00760519
Q140315,Q110622134,,,,,,,,,,,,,,,,,,,,,,,,,,,,,,,,,,,,,,,,,,,,,I00760523
Q140316,Q99211645,,,,,,,,,,,,,,,,,,,,,,,,,,,,,,,,,,,,,,,,,,,,,I00714343
Q140317,Q116469850,,,,,,,,,,,,,,,,,,,,,,,,,,,,,,,,,,,,,,,,,,,,,I00774764
Q140318,Q112490544,,,,,,,,,,,,,,,,,,,,,,,,,,,,,,,,,,,,,,,,,,,,Ferch_Llywelyn-2,I00764518
Q140319,Q112964840,,,,,,,,,,,,,,,,,,,,,,,,,,,,,,,,,,,,,,,,,,,,,I00760302
Q140320,Q112963882,,,,,,,,,,,,,,,,,,,,,,,,,,,,,,,,,,,,,,,,,,,,Ap_Gronwy-33,I00760726
Q140321,Q110622298,,,,,,,,,,,,,,,,,,,,,,,,,,,,,,,,,,,,,,,,,,,,,I00751322
Q140322,Q116470778,,,,,,,,,,,,,,,,,,,,,,,,,,,,,,,,,,,,,,,,,,,,,I00760920
Q140323,Q110622277,,,,,,,,,,,,,,,,,,,,,,,,,,,,,,,,,,,,,,,,,,,,,I00753941
Q140324,Q75905259,,,,,,,,,,,,,,,,,,,,,,,,,,,,,,,,,,,,,,,,,p39433.htm#i394324,,,,I00753939
Q140325,Q130358926,,,,,,,,,,,,,,,,,,,,,,,,,,,,,,,,,,,,,,,,,,,,,I00774682
Q140326,Q110621988,,,,,,,,,,,,,,,,,,,,,,,,,,,,,,,,,,,,,,,,,,,,,I00764620
Q140327,Q99084594,,,,,,,,,,,,,,,,,,,,,,,,,,,,,,,,,,,,,,,,,,,,Ap_Lleision-2,I00702752
Q140328,Q116145999,,,,,,,,,,,,,,,,,,,,,,,,,,,,,,,,,,,,,,,,,,,,,I00702751
Q140329,Q122260699,,,,,,,,,,,,,,,,,,,,,,,,,,,,,,,,,,,,,,,,,,,,,I00752291
Q140330,Q110560164,,,,,,,,,,,,,,,,,,,,,,,,,,,,,,,,,,,,,,,,,,,,,I00752081
Q140331,Q116469597,,,,,,,,,,,,,,,,,,,,,,,,,,,,,,,,,,,,,,,,,,,,,I00765001
Q140332,Q110621985,,,,,,,,,,,,,,,,,,,,,,,,,,,,,,,,,,,,,,,,,,,,,I00641262
Q140333,Q116470943,,,,,,,,,,,,,,,,,,,,,,,,,,,,,,,,,,,,,,,,,,,,,I00749886
Q140334,Q130359293,,,,,,,,,,,,,,,,,,,,,,,,,,,,,,,,,,,,,,,,,,,,,I00755305
Q140335,Q110347242,,,,,,,,,,,,,,,,,,,,,,,,,,,,,,,,,,,,,,,,,,,,Ap_Jenkin-6,I00752343
Q140336,Q110347243,,,,,,,,,,,,,,,,,,,,,,,,,,,,,,,,,,,,,,,,,,,,,I00752345
Q140337,Q13637529,,,,,,,,,,,,,,,,,,,,,,,,,,,,,,,,,,,,,,,,,,,,Ieuan-39,I00700519
Q140338,Q110427972,,,,,,,,,,,,,,,,,,,,,,,,,,,,,,,,,,,,,,,,,,,,,I00706760
Q140339,Q110621986,,,,,,,,,,,,,,,,,,,,,,,,,,,,,,,,,,,,,,,,,,,,,I00697996
Q140340,Q116469705,,,,,,,,,,,,,,,,,,,,,,,,,,,,,,,,,,,,,,,,,,,,,I00714684
Q140341,Q116470749,,,,,,,,,,,,,,,,,,,,,,,,,,,,,,,,,,,,,,,,,,,,,I00752273
Q140342,Q127225276,,,,,,,,,,,,,,,,,,,,,,,,,,,,,,,,,,,,,,,,,,,,,I00706841
Q140343,Q130342847,,,,,,,,,,,,,,,,,,,,,,,,,,,,,,,,,,,,,,,,,,,,,I00707417
Q140344,Q130359333,,,,,,,,,,,,,,,,,,,,,,,,,,,,,,,,,,,,,,,,,,,,,I00789164
Q140345,Q116470750,,,,,,,,,,,,,,,,,,,,,,,,,,,,,,,,,,,,,,,,,,,,,I00756139
Q140346,Q110383108,,,,,,,,,,,,,,,,,,,,,,,,,,,,,,,,,,,,,,,,,,,,,I00760335
Q140347,Q110383101,,,,,,,,,,,,,,,,,,,,,,,,,,,,,,,,,,,,,,,,,,,,,I00755865
Q140348,Q110413743,,,,,,,,,,,,,,,,,,,,,,,,,,,,,,,,,,,,,,,,,,,,,I00752330
Q140349,Q116146080,,,,,,,,,,,,,,,,,,,,,,,,,,,,,,,,,,,,,,,,,,,,,I00705476
Q140350,Q116470727,,,,,,,,,,,,,,,,,,,,,,,,,,,,,,,,,,,,,,,,,,,,,I00752413
Q140351,Q130359335,,,,,,,,,,,,,,,,,,,,,,,,,,,,,,,,,,,,,,,,,,,,,I00789158
Q140352,Q99072032,,,,,,,,,,,,,,,,,,,,,,,,,,,,,,,,,,,,,,,,,,,,,I00708269
Q140353,Q97532143,,,,,,,,,,,,,,,,,,,,,,,,,,,,,,,,,,,,,,,,,,,,,I00291760
Q140354,Q97532083,,,,,,,,,,,,,,,,,,,,,,,,,,,,,,,,,,,,,,,,,,,,,I00696703
Q140355,Q116469618,,,,,,,,,,,,,,,,,,,,,,,,,,,,,,,,,,,,,,,,,,,,,I00706530
Q140356,Q110347134,,,,,,,,,,,,,,,,,,,,,,,,,,,,,,,,,,,,,,,,,,,,,I00752308
Q140357,Q99080671,,,,,,,,,,,,,,,,,,,,,,,,,,,,,,,,,,,,,,,,,,,,Ap_Hywel-59,I00700534
Q140358,Q110390617,,,,,,,,,,,,,,,,,,,,,,,,,,,,,,,,,,,,,,,,,,,,,I00760285
Q140359,Q116054478,,,,,,,,,,,,,,,,,,,,,,,,,,,,,,,,,,,,,,,,,,,,,I00321247
Q140360,Q116146135,,,,,,,,,,,,,,,,,,,,,,,,,,,,,,,,,,,,,,,,,,,,,I00465380
Q140361,Q116469719,,,,,,,,,,,,,,,,,,,,,,,,,,,,,,,,,,,,,,,,,,,,,I00707894
Q140362,Q116812165,,,,,,,,,,,,,,,,,,,,,,,,,,,,,,,,,,,,,,,,,,,,,I00715026
Q140363,Q99085063,,,,,,,,,,,,,,,,,,,,,,,,,,,,,,,,,,,,,,,,,,,,,I00708923
Q140364,Q116052697,,,,,,,,,,,,,,,,,,,,,,,,,,,,,,,,,,,,,,,,,,,,,I00759405
Q140365,Q99800481,,,,,,,,,,,,,,,,,,,,,,,,,,,,,,,,,,,,,,,,,,,,,I00699773
Q140366,Q112643906,,,,,,,,,,,,,,,,,,,,,,,,,,,,,,,,,,,,,,,,,,,,,I00711646
Q140367,Q130359137,,,,,,,,,,,,,,,,,,,,,,,,,,,,,,,,,,,,,,,,,,,,,I00308443
Q140368,Q116145632,,,,,,,,,,,,,,,,,,,,,,,,,,,,,,,,,,,,,,,,,,,,,I00714980
Q140369,Q116146082,,,,,,,,,,,,,,,,,,,,,,,,,,,,,,,,,,,,,,,,,,,,,I00774809
Q140370,Q116812167,,,,,,,,,,,,,,,,,,,,,,,,,,,,,,,,,,,,,,,,,,,,,I00715028
Q140371,Q130358442,,,,,,,,,,,,,,,,,,,,,,,,,,,,,,,,,,,,,,,,,,,,,I00789132
Q140372,Q127225274,,,,,,,,,,,,,,,,,,,,,,,,,,,,,,,,,,,,,,,,,,,,,I00715000
Q140373,Q131138473,,,,,,,,,,,,,,,,,,,,,,,,,,,,,,,,,,,,,,,,,,,,,I00803158
Q140374,Q131138470,,,,,,,,,,,,,,,,,,,,,,,,,,,,,,,,,,,,,,,,,,,,,I00803153
Q140375,Q99085003,,,,,,,,,,,,,,,,,,,,,,,,,,,,,,,,,,,,,,,,,,,,,I00700890
Q140376,Q116178170,,,,,,,,,,,,,,,,,,,,,,,,,,,,,,,,,,,,,,,,,,,,,I00764700
Q140377,Q116812486,,,,,,,,,,,,,,,,,,,,,,,,,,,,,,,,,,,,,,,,,,,,,I00777405
Q140378,Q127225265,,,,,,,,,,,,,,,,,,,,,,,,,,,,,,,,,,,,,,,,,,,,,I00803532
Q140379,Q105819607,,,,,,,,,,,,,,,,,,,,,,,,,,,,,,,,,,,,,,,,,,,,,I00715149
Q140380,Q116145845,,,,,,,,,,,,,,,,,,,,,,,,,,,,,,,,,,,,,,,,,,,,,I00774700
Q140381,Q116469722,,,,,,,,,,,,,,,,,,,,,,,,,,,,,,,,,,,,,,,,,,,,,I00714692
Q140382,Q127225284,,,,,,,,,,,,,,,,,,,,,,,,,,,,,,,,,,,,,,,,,,,,,I00803537
Q140383,Q127225261,,,,,,,,,,,,,,,,,,,,,,,,,,,,,,,,,,,,,,,,,,,,,I00803533
Q140384,Q127413850,,,,,,,,,,,,,,,,,,,,,,,,,,,,,,,,,,,,,,,,,,,,,I00759953
Q140385,Q131346919,,,,,,,,,,,,,,,,,,,,,,,,,,,,,,,,,,,,,,,,,,,,,I00805409
Q140386,Q110622054,,,,,,,,,,,,,,,,,,,,,,,,,,,,,,,,,,,,,,,,,,,,De_Turberville-34,I00760304
Q140387,Q101246425,,,,,,,,,,,,,,,,,,,,,,,,,,,,,,,,,,,,,,,,,,,,,I00760655
Q140388,Q110622312,,,,,,,,,,,,,,,,,,,,,,,,,,,,,,,,,,,,,,,,,,,,Ap_Gwyn-10,I00736927
Q140389,Q110636966,,,,,,,,,,,,,,,,,,,,,,,,,,,,,,,,,,,,,,,,,,,,,I00314035
Q140390,Q116052921,,,,,,,,,,,,,,,,,,,,,,,,,,,,,,,,,,,,,,,,,,,,,I00759420
Q140391,Q116055043,,,,,,,,,,,,,,,,,,,,,,,,,,,,,,,,,,,,,,,,,,,,,I00753943
Q140392,Q116812415,,,,,,,,,,,,,,,,,,,,,,,,,,,,,,,,,,,,,,,,,,,,,I00760944
Q140393,Q76154262,,,,,,,,,,,,,,,,,,,,,,,,,,,,,,,,,,,,,,,,,p56806.htm#i568058,,,,I00619658
Q140394,Q99239161,,,,,,,,,,,,,,,,,,,,,,,,,,,,,,,,,,,,,,,,,,,,,I00759295
Q140395,Q116055025,,,,,,,,,,,,,,,,,,,,,,,,,,,,,,,,,,,,,,,,,,,,Ap_Gwrwared-2,I00636981
Q140396,Q110636675,,,,,,,,,,,,,,,,,,,,,,,,,,,,,,,,,,,,,,,,,,,,,I00749455
Q140397,Q76154281,,,,,,,,,,,,,,,,,,,,,,,,,,,,,,,,,,,,,,,,,p56808.htm#i568071,,,,I00755755
Q140398,Q99302430,,,,,,,,,,,,,,,,,,,,,,,,,,,,,,,,,,,,,,,,,,,,,I00706580
Q140399,Q110585254,,,,,,,,,,,,,,,,,,,,,,,,,,,,,,,,,,,,,,,,,,,,,I00760163
Q140400,Q110635629,,,,,,,,,,,,,,,,,,,,,,,,,,,,,,,,,,,,,,,,,,,,,I00755860
Q140401,Q99302469,,,,,,,,,,,,,,,,,,,,,,,,,,,,,,,,,,,,,,,,,,,,,I00706571
Q140402,Q116054882,,,,,,,,,,,,,,,,,,,,,,,,,,,,,,,,,,,,,,,,,,,,,I00759914
Q140403,Q110636673,,,,,,,,,,,,,,,,,,,,,,,,,,,,,,,,,,,,,,,,,,,,,I00711675
Q140404,Q116147506,,,,,,,,,,,,,,,,,,,,,,,,,,,,,,,,,,,,,,,,,,,,,I00756684
Q140405,Q116812391,,,,,,,,,,,,,,,,,,,,,,,,,,,,,,,,,,,,,,,,,,,,,I00759280
Q140406,Q130359091,,,,,,,,,,,,,,,,,,,,,,,,,,,,,,,,,,,,,,,,,,,,,I00760366
Q140407,Q110622016,,,,,,,,,,,,,,,,,,,,,,,,,,,,,,,,,,,,,,,,,,,,,I00294149
Q140408,Q97532151,,,,,,,,,,,,,,,,,,,,,,,,,,,,,,,,,,,,,,,,,,,,,I00291761
Q140409,Q99084268,,,,,,,,,,,,,,,,,,,,,,,,,,,,,,,,,,,,,,,,,,,,,I00291731
Q140410,Q110622009,,,,,,,,,,,,,,,,,,,,,,,,,,,,,,,,,,,,,,,,,,,,,I00294148
Q140412,Q110582529,,,,,,,,,,,,,,,,,,,,,,,,,,,,,,,,,,,,,,,,,,,,,I00751087
Q140413,Q76281176,,,,,,,,,,,,,,,,,,,,,,,,,,,,,,,,,,,,,,,,,p65966.htm#i659654,,,Ap_Maredudd-50,I00749619
Q140414,Q76281175,,,,,,,,,,,,,,,,,,,,,,,,,,,,,,,,,,,,,,,,,p65966.htm#i659653,,,Ap_Hywel-77,
Q140415,Q76215130,,,,,,,,,,,,,,,,,,,,,,,,,,,,,,,,,,,,,,,,,p61058.htm#i610571,,,,I00713586
Q140416,Q99072686,,,,,,,,,,,,,,,,,,,,,,,,,,,,,,,,,,,,,,,,,,,,,I00749616
Q140417,Q110636485,,,,,,,,,,,,,,,,,,,,,,,,,,,,,,,,,,,,,,,,,,,,,I00750047
Q140418,Q110413683,,,,,,,,,,,,,,,,,,,,,,,,,,,,,,,,,,,,,,,,,,,,,I00711383
Q140419,Q116812416,,,,,,,,,,,,,,,,,,,,,,,,,,,,,,,,,,,,,,,,,,,,,I00774679
Q140420,Q116812437,,,,,,,,,,,,,,,,,,,,,,,,,,,,,,,,,,,,,,,,,,,,,I00705959
Q140421,Q116052720,,,,,,,,,,,,,,,,,,,,,,,,,,,,,,,,,,,,,,,,,,,,,I00759310
Q140422,Q116055023,,,,,,,,,,,,,,,,,,,,,,,,,,,,,,,,,,,,,,,,,,,,,I00709052
Q140423,Q110413676,,,,,,,,,,,,,,,,,,,,,,,,,,,,,,,,,,,,,,,,,,,,,I00708800
Q140424,Q110582549,,,,,,,,,,,,,,,,,,,,,,,,,,,,,,,,,,,,,,,,,,,,,I00713714
Q140425,Q110582490,,,,,,,,,,,,,,,,,,,,,,,,,,,,,,,,,,,,,,,,,,,,,I00761364
Q140426,Q99071826,,,,,,,,,,,,,,,,,,,,,,,,,,,,,,,,,,,,,,,,,,,,,I00705968
Q140427,Q99072218,,,,,,,,,,,,,,,,,,,,,,,,,,,,,,,,,,,,,,,,,,,,,I00751846
Q140428,Q110582483,,,,,,,,,,,,,,,,,,,,,,,,,,,,,,,,,,,,,,,,,,,,,I00755241
Q140429,Q116147171,,,,,,,,,,,,,,,,,,,,,,,,,,,,,,,,,,,,,,,,,,,,,I00708176
Q140430,Q110290400,,,,,,,,,,,,,,,,,,,,,,,,,,,,,,,,,,,,,,,,,,,,,I00757067
Q140431,Q122364432,,,,,,,,,,,,,,,,,,,,,,,,,,,,,,,,,,,,,,,,,,,,,I00759528
Q140432,Q99154359,,,,,,,,,,,,,,,,,,,,,,,,,,,,,,,,,,,,,,,,,,,,Gwrwared-1,I00679912
Q140433,Q76371195,,,,,,,,,,,,,,,,,,,,,,,,,,,,,,,,,,,,,,,,,p71770.htm#i717696,,,Griffith-240,I00433076
Q140434,Q110412996,,,,,,,,,,,,,,,,,,,,,,,,,,,,,,,,,,,,,,,,,,,,,I00759690
Q140435,Q133461661,,,,,,,,,,,,,,,,,,,,,,,,,,,,,,,,,,,,,,,,,,,,,I00803765
Q140436,Q116054866,,,,,,,,,,,,,,,,,,,,,,,,,,,,,,,,,,,,,,,,,,,,,I00750352
Q140437,Q110413109,,,,,,,,,,,,,,,,,,,,,,,,,,,,,,,,,,,,,,,,,,,,,I00750345
Q140438,Q110413101,,,,,,,,,,,,,,,,,,,,,,,,,,,,,,,,,,,,,,,,,,,,,I00706519
Q140439,Q99075772,,,,,,,,,,,,,,,,,,,,,,,,,,,,,,,,,,,,,,,,,,,,,I00749207
Q140440,Q110290493,,,,,,,,,,,,,,,,,,,,,,,,,,,,,,,,,,,,,,,,,,,,,I00706144
Q140441,Q110636300,,,,,,,,,,,,,,,,,,,,,,,,,,,,,,,,,,,,,,,,,,,,,I00753261
Q140442,Q116054859,,,,,,,,,,,,,,,,,,,,,,,,,,,,,,,,,,,,,,,,,,,,,I00759906
Q140443,Q130359075,,,,,,,,,,,,,,,,,,,,,,,,,,,,,,,,,,,,,,,,,,,,,I00760427
Q140444,Q99082557,,,,,,,,,,,,,,,,,,,,,,,,,,,,,,,,,,,,,,,,,,,,,I00706111
Q140445,Q116155849,,,,,,,,,,,,,,,,,,,,,,,,,,,,,,,,,,,,,,,,,,,,,I00750340
Q140446,Q130341456,,,,,,,,,,,,,,,,,,,,,,,,,,,,,,,,,,,,,,,,,,,,,I00774929
Q140447,Q130358490,,,,,,,,,,,,,,,,,,,,,,,,,,,,,,,,,,,,,,,,,,,,,I00708688
Q140448,Q99080848,,,,,,,,,,,,,,,,,,,,,,,,,,,,,,,,,,,,,,,,,,,,Walbyf-3,I00708889
Q140449,Q99080781,,,,,,,,,,,,,,,,,,,,,,,,,,,,,,,,,,,,,,,,,,,,Ferch_Gwilym-10,I00337226
Q140450,Q116812326,,,,,,,,,,,,,,,,,,,,,,,,,,,,,,,,,,,,,,,,,,,,,I00777348
Q140451,Q116812359,,,,,,,,,,,,,,,,,,,,,,,,,,,,,,,,,,,,,,,,,,,,,I00777291
Q140452,Q116812247,,,,,,,,,,,,,,,,,,,,,,,,,,,,,,,,,,,,,,,,,,,,,I00777389
Q140453,Q110428541,,,,,,,,,,,,,,,,,,,,,,,,,,,,,,,,,,,,,,,,,,,,,I00700838
Q140454,Q105819610,,,,,,,,,,,,,,,,,,,,,,,,,,,,,,,,,,,,,,,,,,,,,I00715153
Q140455,Q116812108,,,,,,,,,,,,,,,,,,,,,,,,,,,,,,,,,,,,,,,,,,,,,I00774804
Q140456,Q116812235,,,,,,,,,,,,,,,,,,,,,,,,,,,,,,,,,,,,,,,,,,,,,I00777398
Q140457,Q116812513,,,,,,,,,,,,,,,,,,,,,,,,,,,,,,,,,,,,,,,,,,,,,I00777411
Q140458,Q116812485,,,,,,,,,,,,,,,,,,,,,,,,,,,,,,,,,,,,,,,,,,,,,I00777407
Q140459,Q116812480,,,,,,,,,,,,,,,,,,,,,,,,,,,,,,,,,,,,,,,,,,,,,I00777403
Q140460,Q116812116,,,,,,,,,,,,,,,,,,,,,,,,,,,,,,,,,,,,,,,,,,,,,I00776384
Q140461,Q116812305,,,,,,,,,,,,,,,,,,,,,,,,,,,,,,,,,,,,,,,,,,,,,I00777290
Q140462,Q110152879,,,,,,,,,,,,,,,,,,,,,,,,,,,,,,,,,,,,,,,,,,,,,I00759038
Q140463,Q110152881,,,,,,,,,,,,,,,,,,,,,,,,,,,,,,,,,,,,,,,,,,,,,I00759039
Q140464,Q110152877,,,,,,,,,,,,,,,,,,,,,,,,,,,,,,,,,,,,,,,,,,,,,I00756688
Q140465,Q112490303,,,,,,,,,,,,,,,,,,,,,,,,,,,,,,,,,,,,,,,,,,,,Ferch_Adam-4,I00581023
Q140466,Q116469849,,,,,,,,,,,,,,,,,,,,,,,,,,,,,,,,,,,,,,,,,,,,,I00774766
Q140467,Q110152884,,,,,,,,,,,,,,,,,,,,,,,,,,,,,,,,,,,,,,,,,,,,,I00709775
Q140468,Q110152885,,,,,,,,,,,,,,,,,,,,,,,,,,,,,,,,,,,,,,,,,,,,,I00759306
Q140469,Q99083963,,,,,,,,,,,,,,,,,,,,,,,,,,,,,,,,,,,,,,,,,,,,Ap_Gronwy-32,I00706632
Q140470,Q76018959,,,,,,,,,,,,,,,,,,,,,,,,,,,,,,,,,,,,,,,,,p47158.htm#i471578,,,Ab_Ifor-2,I00706626
Q140471,Q76018970,,,,,,,,,,,,,,,,,,,,,,,,,,,,,,,,,,,,,,,,,p47159.htm#i471586,,,,I00700209
Q140472,Q76018953,,,,,,,,,,,,,,,,,,,,,,,,,,,,,,,,,,,,,,,,,p47158.htm#i471575,,,Ap_Llewelyn-62,I00198226
Q140473,Q110559659,,,,,,,,,,,,,,,,,,,,,,,,,,,,,,,,,,,,,,,,,,,,,I00752674
Q140474,Q116812543,,,,,,,,,,,,,,,,,,,,,,,,,,,,,,,,,,,,,,,,,,,,,I00766769
Q140475,Q99068347,,,,,,,,,,,,,,,,,,,,,,,,,,,,,,,,,,,,,,,,,,,,Ap_Philip-8,I00696276
Q140476,Q99208467,,,,,,,,,,,,,,,,,,,,,,,,,,,,,,,,,,,,,,,,,,,,Kemeys-1,I00697902
Q140477,Q110427966,,,,,,,,,,,,,,,,,,,,,,,,,,,,,,,,,,,,,,,,,,,,,I00706759
Q140478,Q110390644,,,,,,,,,,,,,,,,,,,,,,,,,,,,,,,,,,,,,,,,,,,,,I00752071
Q140479,Q116469821,,,,,,,,,,,,,,,,,,,,,,,,,,,,,,,,,,,,,,,,,,,,,I00386668
Q140480,Q116469858,,,,,,,,,,,,,,,,,,,,,,,,,,,,,,,,,,,,,,,,,,,,,I00752120
Q140481,Q117306709,,,,,,,,,,,,,,,,,,,,,,,,,,,,,,,,,,,,,,,,,,,,,I00757336
Q140482,Q130340906,,,,,,,,,,,,,,,,,,,,,,,,,,,,,,,,,,,,,,,,,,,,,I00761869
Q140483,Q99084073,,,,,,,,,,,,,,,,,,,,,,,,,,,,,,,,,,,,,,,,,,,,Ap_Madog-27,I00706985
Q140484,Q99084053,,,,,,,,,,,,,,,,,,,,,,,,,,,,,,,,,,,,,,,,,,,,Ap_Ieuan-19,I00700129
Q140485,Q110621961,,,,,,,,,,,,,,,,,,,,,,,,,,,,,,,,,,,,,,,,,,,,,I00696313
Q140486,Q13129242,,,,,,,,,,,,,,,,,,,,,,,,,,,,,,,,,,,,,,,,,p47159.htm#i471581,,,,I00707752
Q140487,Q110413571,,,,,,,,,,,,,,,,,,,,,,,,,,,,,,,,,,,,,,,,,,,,,I00708597
Q140488,Q116146131,,,,,,,,,,,,,,,,,,,,,,,,,,,,,,,,,,,,,,,,,,,,,I00714643
Q140489,Q99211454,,,,,,,,,,,,,,,,,,,,,,,,,,,,,,,,,,,,,,,,,,,,Ap_Hywel-92,I00702666
Q140490,Q116469811,,,,,,,,,,,,,,,,,,,,,,,,,,,,,,,,,,,,,,,,,,,,,I00702764
Q140491,Q117307102,,,,,,,,,,,,,,,,,,,,,,,,,,,,,,,,,,,,,,,,,,,,,I00710066
Q140492,Q117307056,,,,,,,,,,,,,,,,,,,,,,,,,,,,,,,,,,,,,,,,,,,,,I00710064
Q140493,Q130358788,,,,,,,,,,,,,,,,,,,,,,,,,,,,,,,,,,,,,,,,,,,,,I00710109
Q140494,Q130359308,,,,,,,,,,,,,,,,,,,,,,,,,,,,,,,,,,,,,,,,,,,,,I00762970
Q140495,Q116469717,,,,,,,,,,,,,,,,,,,,,,,,,,,,,,,,,,,,,,,,,,,,,I00707753
Q140496,Q116469714,,,,,,,,,,,,,,,,,,,,,,,,,,,,,,,,,,,,,,,,,,,,,I00714685
Q140497,Q116470952,,,,,,,,,,,,,,,,,,,,,,,,,,,,,,,,,,,,,,,,,,,,,I00611294
Q140498,Q116812155,,,,,,,,,,,,,,,,,,,,,,,,,,,,,,,,,,,,,,,,,,,,,I00705472
Q140499,Q110622071,,,,,,,,,,,,,,,,,,,,,,,,,,,,,,,,,,,,,,,,,,,,,I00748536
Q140500,Q110621953,,,,,,,,,,,,,,,,,,,,,,,,,,,,,,,,,,,,,,,,,,,,,I00748532
Q140501,Q99084932,,,,,,,,,,,,,,,,,,,,,,,,,,,,,,,,,,,,,,,,,,,,,I00708904
Q140502,Q99084940,,,,,,,,,,,,,,,,,,,,,,,,,,,,,,,,,,,,,,,,,,,,,I00708905
Q140503,Q99084808,,,,,,,,,,,,,,,,,,,,,,,,,,,,,,,,,,,,,,,,,,,,Ap_Philip-16,I00696707
Q140504,Q99068222,,,,,,,,,,,,,,,,,,,,,,,,,,,,,,,,,,,,,,,,,,,,Ferch_Thomas-13,I00177666
Q140505,Q110390630,,,,,,,,,,,,,,,,,,,,,,,,,,,,,,,,,,,,,,,,,,,,,I00702946
Q140506,Q110559685,,,,,,,,,,,,,,,,,,,,,,,,,,,,,,,,,,,,,,,,,,,,,I00713974
Q140507,Q116812240,,,,,,,,,,,,,,,,,,,,,,,,,,,,,,,,,,,,,,,,,,,,,I00777412
Q140508,Q110412862,,,,,,,,,,,,,,,,,,,,,,,,,,,,,,,,,,,,,,,,,,,,,I00711923
Q140509,Q130358700,,,,,,,,,,,,,,,,,,,,,,,,,,,,,,,,,,,,,,,,,,,,,I00795991
Q140510,Q56260385,,,,,,,,,,,,,,,,,,,,,,,,,,,,,,,,,,,,,,,,,p37285.htm#i372844,,,Morley-108,I00708912
Q140511,Q110152890,,,,,,,,,,,,,,,,,,,,,,,,,,,,,,,,,,,,,,,,,,,,,I00386679
Q140512,Q56260370,,,,,,,,,,,,,,,,,,,,,,,,,,,,,,,,,,,,,,,,,p46025.htm#i460250,,,Ap_Gwilym-16,I00386672
Q140513,Q3400736,,,,,,,,L1Q3-HB5,,,,,,,,,,,,,,,,,,,,,,,,,,,,,,,,,p19580.htm#i195793,William_ap_Thomas_(1),,Ap_Thomas-10,I00041630
Q140514,Q112491087,,,,,,,,,,,,,,,,,,,,,,,,,,,,,,,,,,,,,,,,,,,,,I00759403
Q140515,Q110427956,,,,,,,,,,,,,,,,,,,,,,,,,,,,,,,,,,,,,,,,,,,,,I00749883
Q140516,Q99084872,,,,,,,,,,,,,,,,,,,,,,,,,,,,,,,,,,,,,,,,,,,,,I00700887
Q140517,Q122260550,,,,,,,,,,,,,,,,,,,,,,,,,,,,,,,,,,,,,,,,,,,,,I00753451
Q140518,Q122260605,,,,,,,,,,,,,,,,,,,,,,,,,,,,,,,,,,,,,,,,,,,,,I00752672
Q140519,Q99068180,,,,,,,,,,,,,,,,,,,,,,,,,,,,,,,,,,,,,,,,,,,,Ferch_Ieuan-4,I00696486
Q140520,Q116146008,,,,,,,,,,,,,,,,,,,,,,,,,,,,,,,,,,,,,,,,,,,,,I00711626
Q140521,Q116812561,,,,,,,,,,,,,,,,,,,,,,,,,,,,,,,,,,,,,,,,,,,,,I00756683
Q140522,Q116146120,,,,,,,,,,,,,,,,,,,,,,,,,,,,,,,,,,,,,,,,,,,,,I00586490
Q140523,Q99208462,,,,,,,,,,,,,,,,,,,,,,,,,,,,,,,,,,,,,,,,,,,,,I00232187
Q140524,Q116146012,,,,,,,,,,,,,,,,,,,,,,,,,,,,,,,,,,,,,,,,,,,,,I00752671
Q140525,Q122260694,,,,,,,,,,,,,,,,,,,,,,,,,,,,,,,,,,,,,,,,,,,,,I00776456
Q140526,Q116170858,,,,,,,,,,,,,,,,,,,,,,,,,,,,,,,,,,,,,,,,,,,,Rayne-2,I00707586
Q140527,Q99084124,,,,,,,,,,,,,,,,,,,,,,,,,,,,,,,,,,,,,,,,,,,,Ap_John-40,I00706446
Q140528,Q7526404,,,,,,,,,,,,,,,,,,,,,,,,,,,,,,,,,,,,,,,,,,,,Ap_Mathew-2,I00696278
Q140529,Q116469810,,,,,,,,,,,,,,,,,,,,,,,,,,,,,,,,,,,,,,,,,,,,,I00696229
Q140530,Q122260591,,,,,,,,,,,,,,,,,,,,,,,,,,,,,,,,,,,,,,,,,,,,,I00751909
Q140531,Q130340914,,,,,,,,,,,,,,,,,,,,,,,,,,,,,,,,,,,,,,,,,,,,,I00761874
Q140532,Q130340915,,,,,,,,,,,,,,,,,,,,,,,,,,,,,,,,,,,,,,,,,,,,,I00761875
Q140533,Q130340904,,,,,,,,,,,,,,,,,,,,,,,,,,,,,,,,,,,,,,,,,,,,,I00761864
Q140534,Q116469749,,,,,,,,,,,,,,,,,,,,,,,,,,,,,,,,,,,,,,,,,,,,,I00291740
Q140535,Q130358619,,,,,,,,,,,,,,,,,,,,,,,,,,,,,,,,,,,,,,,,,,,,,I00291770
Q140536,Q130648376,,,,,,,,,,,,,,,,,,,,,,,,,,,,,,,,,,,,,,,,,,,,,I00753024
Q140537,Q116470799,,,,,,,,,,,,,,,,,,,,,,,,,,,,,,,,,,,,,,,,,,,,,I00776216
Q140538,Q117277331,,,,,,,,,,,,,,,,,,,,,,,,,,,,,,,,,,,,,,,,,,,,,I00689660
Q140539,Q97532009,,,,,,,,,,,,,,,,,,,,,,,,,,,,,,,,,,,,,,,,,,,,,I00705657
Q140540,Q105819574,,,,,,,,,,,,,,,,,,,,,,,,,,,,,,,,,,,,,,,,,,,,,I00702928
Q140541,Q116469741,,,,,,,,,,,,,,,,,,,,,,,,,,,,,,,,,,,,,,,,,,,,,I00714713
Q140542,Q116478873,,,,,,,,,,,,,,,,,,,,,,,,,,,,,,,,,,,,,,,,,,,,,I00754483
Q140543,Q127225267,,,,,,,,,,,,,,,,,,,,,,,,,,,,,,,,,,,,,,,,,,,,,I00714983
Q140544,Q116812275,,,,,,,,,,,,,,,,,,,,,,,,,,,,,,,,,,,,,,,,,,,,,I00777363
Q140545,Q117277323,,,,,,,,,,,,,,,,,,,,,,,,,,,,,,,,,,,,,,,,,,,,,I00689658
Q140546,Q116812266,,,,,,,,,,,,,,,,,,,,,,,,,,,,,,,,,,,,,,,,,,,,,I00774792
Q140547,Q110560165,,,,,,,,,,,,,,,,,,,,,,,,,,,,,,,,,,,,,,,,,,,,,I00752084
Q140548,Q99084248,,,,,,,,,,,,,,,,,,,,,,,,,,,,,,,,,,,,,,,,,,,,Ferch_Gwilym-6,I00706650
Q140549,Q110560185,,,,,,,,,,,,,,,,,,,,,,,,,,,,,,,,,,,,,,,,,,,,,I00752073
Q140550,Q116469750,,,,,,,,,,,,,,,,,,,,,,,,,,,,,,,,,,,,,,,,,,,,,I00291738
Q140551,Q116812337,,,,,,,,,,,,,,,,,,,,,,,,,,,,,,,,,,,,,,,,,,,,,I00777352
Q140552,Q112490267,,,,,,,,,,,,,,,,,,,,,,,,,,,,,,,,,,,,,,,,,,,,,I00706757
Q140553,Q116812111,,,,,,,,,,,,,,,,,,,,,,,,,,,,,,,,,,,,,,,,,,,,,I00776460
Q140554,Q116812265,,,,,,,,,,,,,,,,,,,,,,,,,,,,,,,,,,,,,,,,,,,,,I00714995
Q140555,Q76018962,,,,,,,,,,,,,,,,,,,,,,,,,,,,,,,,,,,,,,,,,p47158.htm#i471580,,,,I00718312
Q140556,Q76018964,,,,,,,,,,,,,,,,,,,,,,,,,,,,,,,,,,,,,,,,,p47159.htm#i471582,,,Ap_Llewelyn-28,I00754591
Q140557,Q110413563,,,,,,,,,,,,,,,,,,,,,,,,,,,,,,,,,,,,,,,,,,,,,I00711381
Q140558,Q75875359,,,,,,,,,,,,,,,,,,,,,,,,,,,,,,,,,,,,,,,,,p37286.htm#i372854,,,Ferch_Hywel-21,I00706645
Q140559,Q75875762,,,,,,,,,,,,,,,,,,,,,,,,,,,,,,,,,,,,,,,,,p37317.htm#i373169,,,,I00750663
Q140560,Q75875358,,,,,,,,,,,,,,,,,,,,,,,,,,,,,,,,,,,,,,,,,p37286.htm#i372853,,,Ap_Jenkin-6,I00706641
Q140561,Q110621973,,,,,,,,,,,,,,,,,,,,,,,,,,,,,,,,,,,,,,,,,,,,,I00706998
Q140562,Q99084489,,,,,,,,,,,,,,,,,,,,,,,,,,,,,,,,,,,,,,,,,,,,Ferch_Thomas-5,I00707738
Q140563,Q99068170,,,,,,,,,,,,,,,,,,,,,,,,,,,,,,,,,,,,,,,,,,,,Ap_Llywelyn-23,I00696485
Q140564,Q112963896,,,,,,,,,,,,,,,,,,,,,,,,,,,,,,,,,,,,,,,,,,,,,I00752634
Q140565,Q110622131,,,,,,,,,,,,,,,,,,,,,,,,,,,,,,,,,,,,,,,,,,,,,I00760522
Q140566,Q110622180,,,,,,,,,,,,,,,,,,,,,,,,,,,,,,,,,,,,,,,,,,,,,I00760509
Q140567,Q110622185,,,,,,,,,,,,,,,,,,,,,,,,,,,,,,,,,,,,,,,,,,,,,I00760510
Q140568,Q99084611,,,,,,,,,,,,,,,,,,,,,,,,,,,,,,,,,,,,,,,,,,,,Ap_Morgan-25,I00714647
Q140569,Q116469802,,,,,,,,,,,,,,,,,,,,,,,,,,,,,,,,,,,,,,,,,,,,,I00714717
Q140570,Q99080742,,,,,,,,,,,,,,,,,,,,,,,,,,,,,,,,,,,,,,,,,,,,Ferch_Dafydd-29,I00337232
Q140571,Q116470806,,,,,,,,,,,,,,,,,,,,,,,,,,,,,,,,,,,,,,,,,,,,,I00752396
Q140572,Q130338160,,,,,,,,,,,,,,,,,,,,,,,,,,,,,,,,,,,,,,,,,,,,,I00775019
Q140573,Q110152873,,,,,,,,,,,,,,,,,,,,,,,,,,,,,,,,,,,,,,,,,,,,,I00248801
Q140574,Q116469780,,,,,,,,,,,,,,,,,,,,,,,,,,,,,,,,,,,,,,,,,,,,,I00753629
Q140575,Q21033004,,,,,,,,,,,,,,,,,,,,,,,,,,,,,,,,,,,,,,,,,,,,,
Q140576,Q20733941,,,,,,,,,,,,,,,,,,,,,,,,,,,,,,,,,,,,,,,,,,,,Ap_Morgan-26,I00714648
Q140577,Q110622060,,,,,,,,,,,,,,,,,,,,,,,,,,,,,,,,,,,,,,,,,,,,Gam-11,I00748543
Q140578,Q110621949,,,,,,,,,,,,,,,,,,,,,,,,,,,,,,,,,,,,,,,,,,,,,I00764616
Q140579,Q99211652,,,,,,,,,,,,,,,,,,,,,,,,,,,,,,,,,,,,,,,,,,,,,I00530168
Q140580,Q116469769,,,,,,,,,,,,,,,,,,,,,,,,,,,,,,,,,,,,,,,,,,,,,I00755314
Q140581,Q116170854,,,,,,,,,,,,,,,,,,,,,,,,,,,,,,,,,,,,,,,,,,,,,I00755311
Q140582,Q130340886,,,,,,,,,,,,,,,,,,,,,,,,,,,,,,,,,,,,,,,,,,,,,I00761859
Q140583,Q112490662,,,,,,,,,,,,,,,,,,,,,,,,,,,,,,,,,,,,,,,,,,,,Ferch_Rhys-9,I00764563
Q140584,Q99211673,,,,,,,,,,,,,,,,,,,,,,,,,,,,,,,,,,,,,,,,,,,,Ferch_Rhun-3,I00714350
Q140585,Q110622110,,,,,,,,,,,,,,,,,,,,,,,,,,,,,,,,,,,,,,,,,,,,,I00753631
Q140586,Q110622118,,,,,,,,,,,,,,,,,,,,,,,,,,,,,,,,,,,,,,,,,,,,,I00760525
Q140587,Q110622122,,,,,,,,,,,,,,,,,,,,,,,,,,,,,,,,,,,,,,,,,,,,,I00748550
Q140588,Q99211922,,,,,,,,,,,,,,,,,,,,,,,,,,,,,,,,,,,,,,,,,,,,Ap_Gwrgan-5,I00706634
Q140589,Q99211656,,,,,,,,,,,,,,,,,,,,,,,,,,,,,,,,,,,,,,,,,,,,Ferch_Hywel-10,I00700249
Q140590,Q110390611,,,,,,,,,,,,,,,,,,,,,,,,,,,,,,,,,,,,,,,,,,,,,I00764745
Q140591,Q116812635,,,,,,,,,,,,,,,,,,,,,,,,,,,,,,,,,,,,,,,,,,,,,I00760498
Q140592,Q112490115,,,,,,,,,,,,,,,,,,,,,,,,,,,,,,,,,,,,,,,,,,,,,I00752641
Q140593,Q110559712,,,,,,,,,,,,,,,,,,,,,,,,,,,,,,,,,,,,,,,,,,,,,I00751644
Q140594,Q110560330,,,,,,,,,,,,,,,,,,,,,,,,,,,,,,,,,,,,,,,,,,,,,I00759812
Q140595,Q110560331,,,,,,,,,,,,,,,,,,,,,,,,,,,,,,,,,,,,,,,,,,,,,I00759813
Q140596,Q127225296,,,,,,,,,,,,,,,,,,,,,,,,,,,,,,,,,,,,,,,,,,,,,I00764752
Q140597,Q127225263,,,,,,,,,,,,,,,,,,,,,,,,,,,,,,,,,,,,,,,,,,,,,I00803534
Q140598,Q75905263,,,,,,,,,,,,,,,,,,,,,,,,,,,,,,,,,,,,,,,,,p39433.htm#i394326,,,,I00314027
Q140599,Q99086768,,,,,,,,,,,,,,,,,,,,,,,,,,,,,,,,,,,,,,,,,,,,,I00314028
Q140600,Q116055707,,,,,,,,,,,,,,,,,,,,,,,,,,,,,,,,,,,,,,,,,,,,,I00710032
Q140601,Q128855656,,,,,,,,,,,,,,,,,,,,,,,,,,,,,,,,,,,,,,,,,,,,,I00709814
Q140602,Q116146093,,,,,,,,,,,,,,,,,,,,,,,,,,,,,,,,,,,,,,,,,,,,,I00760362
Q140603,Q131347076,,,,,,,,,,,,,,,,,,,,,,,,,,,,,,,,,,,,,,,,,,,,,I00708375
Q140604,Q99086838,,,,,,,,,,,,,,,,,,,,,,,,,,,,,,,,,,,,,,,,,,,,,I00705501
Q140605,Q130340478,,,,,,,,,,,,,,,,,,,,,,,,,,,,,,,,,,,,,,,,,,,,,I00789172
Q140606,Q99086903,,,,,,,,,,,,,,,,,,,,,,,,,,,,,,,,,,,,,,,,,,,,,I00708599
Q140607,Q131347164,,,,,,,,,,,,,,,,,,,,,,,,,,,,,,,,,,,,,,,,,,,,,I00761278
Q140608,Q75905275,,,,,,,,,,,,,,,,,,,,,,,,,,,,,,,,,,,,,,,,,p39434.htm#i394335,,,Ferch_Maredudd-9,I00586431
Q140609,Q75934222,,,,,,,,,,,,,,,,,,,,,,,,,,,,,,,,,,,,,,,,,p41262.htm#i412619,,,,
Q140610,Q75934224,,,,,,,,,,,,,,,,,,,,,,,,,,,,,,,,,,,,,,,,,p41263.htm#i412621,,,Jones-33454,
Q140611,Q75905276,,,,,,,,,,,,,,,,,,,,,,,,,,,,,,,,,,,,,,,,,p39434.htm#i394336,,,Ap_Gruffudd-27,I00314010
Q140612,Q99239033,,,,,,,,,,,,,,,,,,,,,,,,,,,,,,,,,,,,,,,,,,,,,I00696658
Q140613,Q110333028,,,,,,,,,,,,,,,,,,,,,,,,,,,,,,,,,,,,,,,,,,,,,I00568627
Q140614,Q105814313,,,,,,,,,,,,,,,,,,,,,,,,,,,,,,,,,,,,,,,,,,,,,I00708410
Q140615,Q117306998,,,,,,,,,,,,,,,,,,,,,,,,,,,,,,,,,,,,,,,,,,,,,I00701555
Q140616,Q99800555,,,,,,,,,,,,,,,,,,,,,,,,,,,,,,,,,,,,,,,,,,,,,I00705498
Q140617,Q99800530,,,,,,,,,,,,,,,,,,,,,,,,,,,,,,,,,,,,,,,,,,,,,I00696039
Q140618,Q116145626,,,,,,,,,,,,,,,,,,,,,,,,,,,,,,,,,,,,,,,,,,,,,I00714952
Q140619,Q110636936,,,,,,,,,,,,,,,,,,,,,,,,,,,,,,,,,,,,,,,,,,,,,I00705953
Q140620,Q110413655,,,,,,,,,,,,,,,,,,,,,,,,,,,,,,,,,,,,,,,,,,,,,I00708435
Q140621,Q112610855,,,,,,,,,,,,,,,,,,,,,,,,,,,,,,,,,,,,,,,,,,,,,I00696669
Q140622,Q130358597,,,,,,,,,,,,,,,,,,,,,,,,,,,,,,,,,,,,,,,,,,,,,I00789060
Q140623,Q130358704,,,,,,,,,,,,,,,,,,,,,,,,,,,,,,,,,,,,,,,,,,,,,I00709754
Q140624,Q112610884,,,,,,,,,,,,,,,,,,,,,,,,,,,,,,,,,,,,,,,,,,,,,I00692207
Q140625,Q130359007,,,,,,,,,,,,,,,,,,,,,,,,,,,,,,,,,,,,,,,,,,,,,I00710048
Q140626,Q116146033,,,,,,,,,,,,,,,,,,,,,,,,,,,,,,,,,,,,,,,,,,,,,I00765508
Q140627,Q110390627,,,,,,,,,,,,,,,,,,,,,,,,,,,,,,,,,,,,,,,,,,,,,I00715036
Q140628,Q116145847,,,,,,,,,,,,,,,,,,,,,,,,,,,,,,,,,,,,,,,,,,,,,I00774699
Q140629,Q130358784,,,,,,,,,,,,,,,,,,,,,,,,,,,,,,,,,,,,,,,,,,,,,I00696902
Q140630,Q112610751,,,,,,,,,,,,,,,,,,,,,,,,,,,,,,,,,,,,,,,,,,,,,I00700787
Q140631,Q130359305,,,,,,,,,,,,,,,,,,,,,,,,,,,,,,,,,,,,,,,,,,,,,I00802227
Q140632,Q110413084,,,,,,,,,,,,,,,,,,,,,,,,,,,,,,,,,,,,,,,,,,,,,I00755200
Q140633,Q110413090,,,,,,,,,,,,,,,,,,,,,,,,,,,,,,,,,,,,,,,,,,,,,I00755201
Q140634,Q110413093,,,,,,,,,,,,,,,,,,,,,,,,,,,,,,,,,,,,,,,,,,,,Sherborne-1,I00706515
Q140635,Q110413071,,,,,,,,,,,,,,,,,,,,,,,,,,,,,,,,,,,,,,,,,,,,Cradock-1,I00696258
Q140636,Q99239133,,,,,,,,,,,,,,,,,,,,,,,,,,,,,,,,,,,,,,,,,,,,,I00710099
Q140637,Q99239130,,,,,,,,,,,,,,,,,,,,,,,,,,,,,,,,,,,,,,,,,,,,,I00706551
Q140638,Q110622427,,,,,,,,,,,,,,,,,,,,,,,,,,,,,,,,,,,,,,,,,,,,,I00700851
Q140639,Q110635911,,,,,,,,,,,,,,,,,,,,,,,,,,,,,,,,,,,,,,,,,,,,,I00708761
Q140640,Q117307051,,,,,,,,,,,,,,,,,,,,,,,,,,,,,,,,,,,,,,,,,,,,,I00701147
Q140641,Q130340865,,,,,,,,,,,,,,,,,,,,,,,,,,,,,,,,,,,,,,,,,,,,,I00777730
Q140642,Q130340880,,,,,,,,,,,,,,,,,,,,,,,,,,,,,,,,,,,,,,,,,,,,,I00709963
Q140643,Q99302513,,,,,,,,,,,,,,,,,,,,,,,,,,,,,,,,,,,,,,,,,,,,,I00708133
Q140644,Q110412992,,,,,,,,,,,,,,,,,,,,,,,,,,,,,,,,,,,,,,,,,,,,,I00709776
Q140645,Q99071403,,,,,,,,,,,,,,,,,,,,,,,,,,,,,,,,,,,,,,,,,,,,,I00705949
Q140646,Q112610901,,,,,,,,,,,,,,,,,,,,,,,,,,,,,,,,,,,,,,,,,,,,,I00700847
Q140647,Q116146782,,,,,,,,,,,,,,,,,,,,,,,,,,,,,,,,,,,,,,,,,,,,,I00759636
Q140648,Q110412989,,,,,,,,,,,,,,,,,,,,,,,,,,,,,,,,,,,,,,,,,,,,,I00706500
Q140649,Q130358604,,,,,,,,,,,,,,,,,,,,,,,,,,,,,,,,,,,,,,,,,,,,,I00710126
Q140650,Q110413678,,,,,,,,,,,,,,,,,,,,,,,,,,,,,,,,,,,,,,,,,,,,,I00762465
Q140651,Q133461606,,,,,,,,,,,,,,,,,,,,,,,,,,,,,,,,,,,,,,,,,,,,,I00803772
Q140652,Q116146773,,,,,,,,,,,,,,,,,,,,,,,,,,,,,,,,,,,,,,,,,,,,,I00709936
Q140653,Q110635721,,,,,,,,,,,,,,,,,,,,,,,,,,,,,,,,,,,,,,,,,,,,,I00709768
Q140654,Q133462119,,,,,,,,,,,,,,,,,,,,,,,,,,,,,,,,,,,,,,,,,,,,,I00788896
Q140655,Q116469787,,,,,,,,,,,,,,,,,,,,,,,,,,,,,,,,,,,,,,,,,,,,,I00714672
Q140656,Q130358948,,,,,,,,,,,,,,,,,,,,,,,,,,,,,,,,,,,,,,,,,,,,,I00709980
Q140657,Q130358981,,,,,,,,,,,,,,,,,,,,,,,,,,,,,,,,,,,,,,,,,,,,,I00710155
Q140658,Q110428539,,,,,,,,,,,,,,,,,,,,,,,,,,,,,,,,,,,,,,,,,,,,,I00700837
Q140659,Q116478729,,,,,,,,,,,,,,,,,,,,,,,,,,,,,,,,,,,,,,,,,,,,,I00788946
Q140660,Q133462364,,,,,,,,,,,,,,,,,,,,,,,,,,,,,,,,,,,,,,,,,,,,,I00708475
Q140661,Q99302458,,,,,,,,,,,,,,,,,,,,,,,,,,,,,,,,,,,,,,,,,,,,,I00696566
Q140662,Q110428368,,,,,,,,,,,,,,,,,,,,,,,,,,,,,,,,,,,,,,,,,,,,,I00751672
Q140663,Q130358585,,,,,,,,,,,,,,,,,,,,,,,,,,,,,,,,,,,,,,,,,,,,,I00709758
Q140664,Q131138858,,,,,,,,,,,,,,,,,,,,,,,,,,,,,,,,,,,,,,,,,,,,,I00751853
Q140665,Q110413100,,,,,,,,,,,,,,,,,,,,,,,,,,,,,,,,,,,,,,,,,,,,Moethe-3,I00706518
Q140666,Q116812435,,,,,,,,,,,,,,,,,,,,,,,,,,,,,,,,,,,,,,,,,,,,,I00705610
Q140667,Q133461317,,,,,,,,,,,,,,,,,,,,,,,,,,,,,,,,,,,,,,,,,,,,,I00757248
Q140668,Q133461361,,,,,,,,,,,,,,,,,,,,,,,,,,,,,,,,,,,,,,,,,,,,,I00761433
Q140669,Q133461337,,,,,,,,,,,,,,,,,,,,,,,,,,,,,,,,,,,,,,,,,,,,,I00768378
Q140670,Q133461581,,,,,,,,,,,,,,,,,,,,,,,,,,,,,,,,,,,,,,,,,,,,,I00709752
Q140671,Q133461579,,,,,,,,,,,,,,,,,,,,,,,,,,,,,,,,,,,,,,,,,,,,,I00757368
Q140672,Q116052723,,,,,,,,,,,,,,,,,,,,,,,,,,,,,,,,,,,,,,,,,,,,,I00759311
Q140673,Q110413657,,,,,,,,,,,,,,,,,,,,,,,,,,,,,,,,,,,,,,,,,,,,,I00708649
Q140674,Q116052709,,,,,,,,,,,,,,,,,,,,,,,,,,,,,,,,,,,,,,,,,,,,,I00759406
Q140675,Q133462368,,,,,,,,,,,,,,,,,,,,,,,,,,,,,,,,,,,,,,,,,,,,,I00759308
Q140676,Q130359188,,,,,,,,,,,,,,,,,,,,,,,,,,,,,,,,,,,,,,,,,,,,,I00710061
Q140677,Q76154283,,,,,,,,,,,,,,,,,,,,,,,,,,,,,,,,,,,,,,,,,p56808.htm#i568073,,,,I00759175
Q140678,Q76154295,,,,,,,,,,,,,,,,,,,,,,,,,,,,,,,,,,,,,,,,,p56809.htm#i568081,,,Ferch_Gwilym-4,I00700910
Q140679,Q76154297,,,,,,,,,,,,,,,,,,,,,,,,,,,,,,,,,,,,,,,,,p56809.htm#i568082,,,Ap_Philip-17,I00696723
Q140680,Q110383113,,,,,,,,,,,,,,,,,,,,,,,,,,,,,,,,,,,,,,,,,,,,,I00586536
Q140681,Q110413685,,,,,,,,,,,,,,,,,,,,,,,,,,,,,,,,,,,,,,,,,,,,,I00708596
Q140682,Q110413688,,,,,,,,,,,,,,,,,,,,,,,,,,,,,,,,,,,,,,,,,,,,,I00708437
Q140683,Q112610959,,,,,,,,,,,,,,,,,,,,,,,,,,,,,,,,,,,,,,,,,,,,,I00708499
Q140684,Q128855709,,,,,,,,,,,,,,,,,,,,,,,,,,,,,,,,,,,,,,,,,,,,,I00761282
Q140685,Q109335335,,,,,,,,,,,,,,,,,,,,,,,,,,,,,,,,,,,,,,,,,,,,,I00700874
Q140686,Q130358433,,,,,,,,,,,,,,,,,,,,,,,,,,,,,,,,,,,,,,,,,,,,,I00790096
Q140687,Q130358727,,,,,,,,,,,,,,,,,,,,,,,,,,,,,,,,,,,,,,,,,,,,,I00774898
Q140688,Q130358992,,,,,,,,,,,,,,,,,,,,,,,,,,,,,,,,,,,,,,,,,,,,,I00701131
Q140689,Q131347160,,,,,,,,,,,,,,,,,,,,,,,,,,,,,,,,,,,,,,,,,,,,,I00761289
Q140690,Q99087102,,,,,,,,,,,,,,,,,,,,,,,,,,,,,,,,,,,,,,,,,,,,,I00700178
Q140691,Q117277327,,,,,,,,,,,,,,,,,,,,,,,,,,,,,,,,,,,,,,,,,,,,,I00692232
Q140692,Q110560268,,,,,,,,,,,,,,,,,,,,,,,,,,,,,,,,,,,,,,,,,,,,,I00764753
Q140693,Q116178149,,,,,,,,,,,,,,,,,,,,,,,,,,,,,,,,,,,,,,,,,,,,,I00709824
Q140694,Q110560232,,,,,,,,,,,,,,,,,,,,,,,,,,,,,,,,,,,,,,,,,,,,,I00706060
Q140695,Q116812345,,,,,,,,,,,,,,,,,,,,,,,,,,,,,,,,,,,,,,,,,,,,,I00764794
Q140696,Q116812341,,,,,,,,,,,,,,,,,,,,,,,,,,,,,,,,,,,,,,,,,,,,,I00715005
Q140697,Q110560274,,,,,,,,,,,,,,,,,,,,,,,,,,,,,,,,,,,,,,,,,,,,,I00754750
Q140698,Q99080790,,,,,,,,,,,,,,,,,,,,,,,,,,,,,,,,,,,,,,,,,,,,Ap_Hywel-78,I00337227
Q140699,Q116812121,,,,,,,,,,,,,,,,,,,,,,,,,,,,,,,,,,,,,,,,,,,,,I00714988
Q140700,Q116812355,,,,,,,,,,,,,,,,,,,,,,,,,,,,,,,,,,,,,,,,,,,,,I00768269
Q140701,Q116812351,,,,,,,,,,,,,,,,,,,,,,,,,,,,,,,,,,,,,,,,,,,,,I00715011
Q140702,Q110560219,,,,,,,,,,,,,,,,,,,,,,,,,,,,,,,,,,,,,,,,,,,,,I00760293
Q140703,Q110560215,,,,,,,,,,,,,,,,,,,,,,,,,,,,,,,,,,,,,,,,,,,,,I00706054
Q140704,Q130359051,,,,,,,,,,,,,,,,,,,,,,,,,,,,,,,,,,,,,,,,,,,,,I00708378
Q140705,Q130358959,,,,,,,,,,,,,,,,,,,,,,,,,,,,,,,,,,,,,,,,,,,,,I00709991
Q140706,Q112491200,,,,,,,,,,,,,,,,,,,,,,,,,,,,,,,,,,,,,,,,,,,,,I00764883
Q140707,Q131741057,,,,,,,,,,,,,,,,,,,,,,,,,,,,,,,,,,,,,,,,,,,,,I00764870
Q140708,Q131741051,,,,,,,,,,,,,,,,,,,,,,,,,,,,,,,,,,,,,,,,,,,,,I00754582
Q140709,Q116812324,,,,,,,,,,,,,,,,,,,,,,,,,,,,,,,,,,,,,,,,,,,,,I00777350
Q140710,Q116812256,,,,,,,,,,,,,,,,,,,,,,,,,,,,,,,,,,,,,,,,,,,,,I00777375
Q140711,Q116812287,,,,,,,,,,,,,,,,,,,,,,,,,,,,,,,,,,,,,,,,,,,,,I00777345
Q140712,Q116812340,,,,,,,,,,,,,,,,,,,,,,,,,,,,,,,,,,,,,,,,,,,,,I00715004
Q140713,Q116470826,,,,,,,,,,,,,,,,,,,,,,,,,,,,,,,,,,,,,,,,,,,,,I00776244
Q140714,Q110582829,,,,,,,,,,,,,,,,,,,,,,,,,,,,,,,,,,,,,,,,,,,,,I00756979
Q140715,Q110582821,,,,,,,,,,,,,,,,,,,,,,,,,,,,,,,,,,,,,,,,,,,,,I00752604
Q140716,Q110582831,,,,,,,,,,,,,,,,,,,,,,,,,,,,,,,,,,,,,,,,,,,,,I00756978
Q140717,Q110582540,,,,,,,,,,,,,,,,,,,,,,,,,,,,,,,,,,,,,,,,,,,,,I00269887
Q140718,Q76204608,,,,,,,,,,,,,,,,,,,,,,,,,,,,,,,,,,,,,,,,,p60229.htm#i602285,,,,I00706348
Q140719,Q110582474,,,,,,,,,,,,,,,,,,,,,,,,,,,,,,,,,,,,,,,,,,,,,I00755846
Q140720,Q116054898,,,,,,,,,,,,,,,,,,,,,,,,,,,,,,,,,,,,,,,,,,,,,I00757454
Q140721,Q116116169,,,,,,,,,,,,,,,,,,,,,,,,,,,,,,,,,,,,,,,,,,,,,I00706224
Q140722,Q110635450,,,,,,,,,,,,,,,,,,,,,,,,,,,,,,,,,,,,,,,,,,,,,I00759029
Q140723,Q130340328,,,,,,,,,,,,,,,,,,,,,,,,,,,,,,,,,,,,,,,,,,,,,I00760882
Q140724,Q110152925,,,,,,,,,,,,,,,,,,,,,,,,,,,,,,,,,,,,,,,,,,Morwyl_Ednywain_(1),,Ferch_Ednywain-1,I00705926
Q140725,Q110585419,,,,,,,,,,,,,,,,,,,,,,,,,,,,,,,,,,,,,,,,,,Owain_Unknown_(14),,Ab_Aldud-1,I00760805
Q140726,Q7320715,,,,,,,,,,,,,,,,,,,,,,,,,,,589768,,,,,,,,,,,,,,p43220.htm#i432198,,,Ap_Gwergeneu-2,I00708272
Q140727,Q99302519,,,,,,,,,,,,,,,,,,,,,,,,,,,,,,,,,,,,,,,,,,,,,I00708526
Q140728,Q106703092,,,,,,,,,,,,,,,,,,,,,,,,,,,,,,,,,,,,,,,,,,,,,I00708093
Q140729,Q110585311,,,,,,,,,,,,,,,,,,,,,,,,,,,,,,,,,,,,,,,,,,,,,I00706794
Q140730,Q99072613,,,,,,,,,,,,,,,,,,,,,,,,,,,,,,,,,,,,,,,,,,,,,I00706208
Q140731,Q110636460,,,,,,,,,,,,,,,,,,,,,,,,,,,,,,,,,,,,,,,,,,,,,I00751803
Q140732,Q112531559,,,,,,,,,,,,,,,,,,,,,,,,,,,,,,,,,,,,,,,,,,,,,I00713626
Q140733,Q75961208,,,,,,,,,,,,,,,,,,,,,,,,,,,,,,,,,,,,,,,,,p43220.htm#i432197,,,Ab_Iorwerth-5,I00706133
Q140734,Q75961213,,,,,,,,,,,,,,,,,,,,,,,,,,,,,,,,,,,,,,,,,p43220.htm#i432200,,,,I00706132
Q140735,Q110635459,,,,,,,,,,,,,,,,,,,,,,,,,,,,,,,,,,,,,,,,,,,,,I00759877
Q140736,Q110441666,,,,,,,,,,,,,,,,,,,,,,,,,,,,,,,,,,,,,,,,,,,,,I00750168
Q140737,Q99075888,,,,,,,,,,,,,,,,,,,,,,,,,,,,,,,,,,,,,,,,,,,,,I00754160
Q140738,Q110636754,,,,,,,,,,,,,,,,,,,,,,,,,,,,,,,,,,,,,,,,,,,,,I00753054
Q140739,Q116147520,,,,,,,,,,,,,,,,,,,,,,,,,,,,,,,,,,,,,,,,,,,,,I00749828
Q140740,Q110662811,,,,,,,,,,,,,,,,,,,,,,,,,,,,,,,,,,,,,,,,,,,,,I00751504
Q140741,Q130339005,,,,,,,,,,,,,,,,,,,,,,,,,,,,,,,,,,,,,,,,,,,,,I00758315
Q140742,Q116112980,,,,,,,,,,,,,,,,,,,,,,,,,,,,,,,,,,,,,,,,,,,,,I00713575
Q140743,Q116112371,,,,,,,,,,,,,,,,,,,,,,,,,,,,,,,,,,,,,,,,,,,,,I00706328
Q140744,Q116116498,,,,,,,,,,,,,,,,,,,,,,,,,,,,,,,,,,,,,,,,,,,,,I00706316
Q140745,Q116478890,,,,,,,,,,,,,,,,,,,,,,,,,,,,,,,,,,,,,,,,,,,,,I00755226
Q140746,Q130339173,,,,,,,,,,,,,,,,,,,,,,,,,,,,,,,,,,,,,,,,,,,,,I00714437
Q140747,Q116477795,,,,,,,,,,,,,,,,,,,,,,,,,,,,,,,,,,,,,,,,,,,,,I00775804
Q140748,Q99073249,,,,,,,,,,,,,,,,,,,,,,,,,,,,,,,,,,,,,,,,,,,,,I00750359
Q140749,Q110582681,,,,,,,,,,,,,,,,,,,,,,,,,,,,,,,,,,,,,,,,,,,,,I00706255
Q140750,Q110583433,,,,,,,,,,,,,,,,,,,,,,,,,,,,,,,,,,,,,,,,,,,,,I00753715
Q140751,Q116055517,,,,,,,,,,,,,,,,,,,,,,,,,,,,,,,,,,,,,,,,,,,,,I00762181
Q140752,Q116109183,,,,,,,,,,,,,,,,,,,,,,,,,,,,,,,,,,,,,,,,,,,,,I00760165
Q140753,Q116146864,,,,,,,,,,,,,,,,,,,,,,,,,,,,,,,,,,,,,,,,,,,,,I00755417
Q140754,Q130338936,,,,,,,,,,,,,,,,,,,,,,,,,,,,,,,,,,,,,,,,,,,,,I00245598
Q140755,Q130339170,,,,,,,,,,,,,,,,,,,,,,,,,,,,,,,,,,,,,,,,,,,,,I00714453
Q140756,Q110585547,,,,,,,,,,,,,,,,,,,,,,,,,,,,,,,,,,,,,,,,,,,,,I00749801
Q140757,Q110585539,,,,,,,,,,,,,,,,,,,,,,,,,,,,,,,,,,,,,,,,,,,,,I00542042
Q140758,Q110635453,,,,,,,,,,,,,,,,,,,,,,,,,,,,,,,,,,,,,,,,,,,,,I00751648
Q140759,Q110636447,,,,,,,,,,,,,,,,,,,,,,,,,,,,,,,,,,,,,,,,,,,,,I00711673
Q140760,Q116111657,,,,,,,,,,,,,,,,,,,,,,,,,,,,,,,,,,,,,,,,,,,,,I00750989
Q140761,Q76273204,,,,,,,,,,,,,,,,,,,,,,,,,,,,,,,,,,,,,,,,,p65425.htm#i654248,Owain_Ap_Bleddyn_(1),,Ap_Bleddyn-14,I00750981
Q140762,Q116111629,,,,,,,,,,,,,,,,,,,,,,,,,,,,,,,,,,,,,,,,,,,,,I00754406
Q140763,Q116147505,,,,,,,,,,,,,,,,,,,,,,,,,,,,,,,,,,,,,,,,,,,,,I00714431
Q140764,Q116147375,,,,,,,,,,,,,,,,,,,,,,,,,,,,,,,,,,,,,,,,,,,,,I00751659
Q140765,Q116054535,,,,,,,,,,,,,,,,,,,,,,,,,,,,,,,,,,,,,,,,,,,,,I00412531
Q140766,Q110582820,,,,,,,,,,,,,,,,,,,,,,,,,,,,,,,,,,,,,,,,,,,,,I00754400
Q140767,Q130338984,,,,,,,,,,,,,,,,,,,,,,,,,,,,,,,,,,,,,,,,,,,,,I00714395
Q140768,Q76273207,,,,,,,,,,,,,,,,,,,,,,,,,,,,,,,,,,,,,,,,,p65425.htm#i654250,,,Ap_Meilir_Eutun-1,I00755856
Q140769,Q110635428,,,,,,,,,,,,,,,,,,,,,,,,,,,,,,,,,,,,,,,,,,,,,I00737967
Q140770,Q116054536,,,,,,,,,,,,,,,,,,,,,,,,,,,,,,,,,,,,,,,,,,,,,I00759028
Q140771,Q116109362,,,,,,,,,,,,,,,,,,,,,,,,,,,,,,,,,,,,,,,,,,,,,I00714468
Q140772,Q110585549,,,,,,,,,,,,,,,,,,,,,,,,,,,,,,,,,,,,,,,,,,,,,I00759124
Q140773,Q130339185,,,,,,,,,,,,,,,,,,,,,,,,,,,,,,,,,,,,,,,,,,,,,I00758225
Q140774,Q111455004,,,,,,,,,,,,,,,,,,,,,,,,,,,,,,,,,,,,,,,,,,,,,I00714548
Q140775,Q110585368,,,,,,,,,,,,,,,,,,,,,,,,,,,,,,,,,,,,,,,,,,,,,I00753009
Q140776,Q1249648,,,,,,,,,,,,,,,,,,I26435,,,,,,,,,,,p=edwin;n=of mercia,,,,,,,,,,,,p254.htm#i2531,"Edwin,_Earl_of_Mercia_(1)",,Mercia-49,I00397868
Q140777,Q110582429,,,,,,,,,,,,,,,,,,,,,,,,,,,,,,,,,,,,,,,,,,,,,I00749908
Q140778,Q112531606,,,,,,,,,,,,,,,,,,,,,,,,,,,,,,,,,,,,,,,,,,,,,I00706136
Q140779,Q76281182,,,,,,,,,,,,,,,,,,,,,,,,,,,,,,,,,,,,,,,,,p65966.htm#i659659,,,Ap_Collwyn-3,I00749623
Q140780,Q116147819,,,,,,,,,,,,,,,,,,,,,,,,,,,,,,,,,,,,,,,,,,,,,I00753906
Q140781,Q108180062,,,,,,,,,,,,,,,,,,,,,,,,,,,,,,,,,,,,,,,,,,,,,I00741085
Q140782,Q110636701,,,,,,,,,,,,,,,,,,,,,,,,,,,,,,,,,,,,,,,,,,,,,I00754094
Q140783,Q116052886,,,,,,,,,,,,,,,,,,,,,,,,,,,,,,,,,,,,,,,,,,,,,I00755685
Q140784,Q116054982,,,,,,,,,,,,,,,,,,,,,,,,,,,,,,,,,,,,,,,,,,,,,I00750984
Q140785,Q116113075,,,,,,,,,,,,,,,,,,,,,,,,,,,,,,,,,,,,,,,,,,,,Ab_Idnerth-6,I00706361
Q140786,Q130358518,,,,,,,,,,,,,,,,,,,,,,,,,,,,,,,,,,,,,,,,,,,,,I00759339
Q140787,Q131138801,,,,,,,,,,,,,,,,,,,,,,,,,,,,,,,,,,,,,,,,,,,,,I00793462
Q140788,Q110582705,,,,,,,,,,,,,,,,,,,,,,,,,,,,,,,,,,,,,,,,,,,,,I00751083
Q140789,Q116055485,,,,,,,,,,,,,,,,,,,,,,,,,,,,,,,,,,,,,,,,,,,,,I00762195
Q140790,Q116113084,,,,,,,,,,,,,,,,,,,,,,,,,,,,,,,,,,,,,,,,,,,,Ferch_Ieuaf-3,I00759397
Q140791,Q116055492,,,,,,,,,,,,,,,,,,,,,,,,,,,,,,,,,,,,,,,,,,,,,I00709888
Q140792,Q116113195,,,,,,,,,,,,,,,,,,,,,,,,,,,,,,,,,,,,,,,,,,,,,I00757203
Q140793,Q133462396,,,,,,,,,,,,,,,,,,,,,,,,,,,,,,,,,,,,,,,,,,,,,I00759335
Q140794,Q116055488,,,,,,,,,,,,,,,,,,,,,,,,,,,,,,,,,,,,,,,,,,,,,I00762191
Q140795,Q110662883,,,,,,,,,,,,,,,,,,,,,,,,,,,,,,,,,,,,,,,,,,,,Ferch_Iorwerth-2,I00709948
Q140796,Q130341576,,,,,,,,,,,,,,,,,,,,,,,,,,,,,,,,,,,,,,,,,,,,,I00745062
Q140797,Q133462397,,,,,,,,,,,,,,,,,,,,,,,,,,,,,,,,,,,,,,,,,,,,,I00759336
Q140798,Q116147328,,,,,,,,,,,,,,,,,,,,,,,,,,,,,,,,,,,,,,,,,,,,,I00761004
Q140799,Q112532256,,,,,,,,,,,,,,,,,,,,,,,,,,,,,,,,,,,,,,,,,,,,,I00643102
Q140800,Q110663127,,,,,,,,,,,,,,,,,,,,,,,,,,,,,,,,,,,,,,,,,,,,,I00754540
Q140801,Q110662587,,,,,,,,,,,,,,,,,,,,,,,,,,,,,,,,,,,,,,,,,,,,,I00707866
Q140802,Q116147536,,,,,,,,,,,,,,,,,,,,,,,,,,,,,,,,,,,,,,,,,,,,,I00749258
Q140803,Q75961206,,,,,,,,,,,,,,,,,,,,,,,,,,,,,,,,,,,,,,,,,p43220.htm#i432196,,,Ferch_Ieuaf-1,I00749250
Q140804,Q110290578,,,,,,,,,,,,,,,,,,,,,,,,,,,,,,,,,,,,,,,,,,,,,I00749842
Q140805,Q110290690,,,,,,,,,,,,,,,,,,,,,,,,,,,,,,,,,,,,,,,,,,,,,I00758038
Q140806,Q13128793,,,,,,,,,,,,,,,,,,,,,,,,,,,,,p=griffith;n=of powys,,,,,,,,,,,,,Gruffydd_Ap_Maredudd_(1),,Ap_Maredudd-26,I00163448
Q140807,Q110585317,,,,,,,,,,,,,,,,,,,,,,,,,,,,,,,,,,,,,,,,,,,,,I00749805
Q140808,Q116111575,,,,,,,,,,,,,,,,,,,,,,,,,,,,,,,,,,,,,,,,,,,,,I00754258
Q140809,Q116111561,,,,,,,,,,,,,,,,,,,,,,,,,,,,,,,,,,,,,,,,,,,,,I00754415
Q140810,Q133462220,,,,,,,,,,,,,,,,,,,,,,,,,,,,,,,,,,,,,,,,,,,,,I00760220
Q140811,Q116147996,,,,,,,,,,,,,,,,,,,,,,,,,,,,,,,,,,,,,,,,,,,,,I00758666
Q140812,Q110636703,,,,,,,,,,,,,,,,,,,,,,,,,,,,,,,,,,,,,,,,,,,,,I00754095
Q140813,Q116147113,,,,,,,,,,,,,,,,,,,,,,,,,,,,,,,,,,,,,,,,,,,,,I00755162
Q140814,Q116147108,,,,,,,,,,,,,,,,,,,,,,,,,,,,,,,,,,,,,,,,,,,,,I00750298
Q140815,Q110582645,,,,,,,,,,,,,,,,,,,,,,,,,,,,,,,,,,,,,,,,,,,,,I00750373
Q140816,Q116147059,,,,,,,,,,,,,,,,,,,,,,,,,,,,,,,,,,,,,,,,,,,,,I00774893
Q140817,Q116147057,,,,,,,,,,,,,,,,,,,,,,,,,,,,,,,,,,,,,,,,,,,,,I00751311
Q140818,Q130358672,,,,,,,,,,,,,,,,,,,,,,,,,,,,,,,,,,,,,,,,,,,,,I00755193
Q140819,Q110582393,,,,,,,,,,,,,,,,,,,,,,,,,,,,,,,,,,,,,,,,,,,,Owain-70,I00760804
Q140820,Q110582394,,,,,,,,,,,,,,,,,,,,,,,,,,,,,,,,,,,,,,,,,,,,,I00714936
Q140821,Q110290402,,,,,,,,,,,,,,,,,,,,,,,,,,,,,,,,,,,,,,,,,,,,,I00708190
Q140822,Q96311957,,,,,,,,,,,,,,,,,,,,,,,,,,,,,,,,,,,,,,,,,,,,Ithel-10,I00759525
Q140823,Q99076437,,,,,,,,,,,,,,,,,,,,,,,,,,,,,,,,,,,,,,,,,,,,,I00706002
Q140824,Q110585577,,,,,,,,,,,,,,,,,,,,,,,,,,,,,,,,,,,,,,,,,,,,,I00757103
Q140825,Q110636314,,,,,,,,,,,,,,,,,,,,,,,,,,,,,,,,,,,,,,,,,,,,,I00711761
Q140826,Q116148069,,,,,,,,,,,,,,,,,,,,,,,,,,,,,,,,,,,,,,,,,,,,,I00713667
Q140827,Q116155986,,,,,,,,,,,,,,,,,,,,,,,,,,,,,,,,,,,,,,,,,,,,,I00713660
Q140828,Q116478238,,,,,,,,,,,,,,,,,,,,,,,,,,,,,,,,,,,,,,,,,,,,,I00774551
Q140829,Q75901617,,,,,,,,,,,,,,,,,,,,,,,,,,,500027,,p=eve;n=de boissey;oc=1,,,,,,,,,,,,p39201.htm#i392010,Eve_Boissay_(1),,Boissey-1,I00028873
Q140830,Q3435479,,,,,,,,,,,,,,,,,,,,,,,,,,,141784,,p=robert;n=d harcourt;oc=6,,,,,,,,,,,,p39200.htm#i391998,Robert_Harcourt_(4),,Harcourt-123,I00028874
Q140831,Q3057433,,,,,,,,,,,,,,,,,,,,,,,,,,,,,p=erard;n=d harcourt,,,,,,,,,,,,,Errand_d'Harcourt_(1),,Harcourt-128,I00028879
Q140832,Q76299825,,,,,,,,,,,,,,,,,,,,,,,,,,,1174903,,,,,,,,,,,,,,p67250.htm#i672497,Wichmann_Von_Sachsen_(1),,Sachsen-44,
Q140833,Q76300184,,,,,,,,,,,,,,,,,,,,,,,,,,,,,,,,,,,,,,,,,p67281.htm#i672801,,,,
Q140834,Q76299840,,,,,,,,,,,,,,,,,,,,,,,,,,,,,,,,,,,,,,,,,p67251.htm#i672510,,,,
Q140835,Q106686429,,,,,,,,,,,,,,,,,,,,,,,,,,,149543,,p=hildegard;n=von rheinhausen,,,,,,,,,,,,,Hildegard_von_Reinhausen_(1),,Von_Reinhausen-1,I00201294
Q140837,Q19950061,,,,,,,,,,,,,,,,,,,,,,,,,,,,,,,,,,,,,,,,,,Hergils_Baardssen_(2),,Baardssen-1,
Q140838,Q2974985,,,,,,,,,,,,,,,,,,,,,,,,,,,,,,,,,,,,,,,,,,,,Agesson-1,I00079490
Q140839,Q101248742,,,,,,,,,,,,,,,,,,,,,,,,,,,,,,,,,,,,,,,,,,,,,I00079491
Q140840,Q731354,,,,,,,,,,,,,,,,,,,,,,,,,,,,,,,,,,,,,,,,,,,,,
Q140842,Q1435433,,,,,,,,,,,,,,,,,,,,,,,,,,,572573,,p=folke;n=folkungaatten,,,dw.7489,,,,,,,,,p41127.htm#i411265,Folke_Ingevaldsson_(1),,Ingevaldsson-17,I00079667
Q140843,Q1621801,,,,,,,,,,,,,,,,,,,,,,,,,,,572561,,p=bengt;n=folkungaatten;oc=3,,,,,,,,,,,,p41102.htm#i411020,Bengt_Folkunga_(1),,Folkesson-18,I00079666
Q140844,Q5715573,,,,,,,,,,,,,,,,,,,,,,,,,,,1435878,,,,,,,,,,,,,,,,,Unknown-494194,I00104010
Q140845,Q11977195,,,,,,,,,,,,,,,,,,,,,,,,,,,1435884,,,,,,,,,,,,,,,,,Eriksdatter-424,I00303366
Q140846,Q108718131,,,,,,,,,,,,,,,,,,,,,,,,,,,,,,,,,,,,,,,,,,,,,
Q140850,Q111017070,,,,,,,,,,,,,,,,,,,,,,,,,,,920567,,,,,,,,,,,,,,,,,Knudsdatter-13,I00425696
Q140851,Q101248753,,,,,,,,,,,,,,,,,,,,,,,,,,,,,,,,,,,,,,,,,,,,Thrugotsdatter-2,I00079492
Q140852,Q856159,,,,,,10155,,,,,,,,,,,,,,,,,,person/72733fae-4351-4b45-b9b0-1a65507a7eda,,,,,p=magnus;n=henriksson,,,dw.7491,,,,,,,,,p15049.htm#i150482,Magnus_of_Sweden_(1),,Henriksson-182,I00280162
Q140853,Q11962599,,,,,,,,,,,,,,,,,,,,,,,,,,,,,,,,,,,,,,,,,,,,,
Q140854,Q15823958,,,,,,,,,,,,,,,,,,,,,,,,,,,,,,,,,,,,,,,,,,,,,
Q140855,Q22338122,,,,,,,,,,,,,,,,,,,,,,,,,,,,,,,,,,,,,,,,,,,,,
Q140856,Q75393457,,,,,,,,,,,,,,,,,,,,,,,,,,,,,,,,dw.754,,,,,,,,,p11286.htm#i112855|p11306.htm#i113060,,,Finnsson-39,I00029932
Q140857,Q101247289,,,,,,,,,,,,,,,,,,,,,,,,,,,,,,,,,,,,,,,,,,,,,I00500656
Q140861,Q108718354,,,,,,,,,,,,,,,,,,,,,,,,,,,,,,,,,,,,,,,,,,,,,I00535106
Q140862,Q111239463,,,,,,,,,,,,,,,,,,,,,,,,,,,,,,,,,,,,,,,,,,,,,
Q140863,Q4411612,,,,,,,,,,,,,,,,,,,,,,,,,,,,,,,,,,,,,,,,,,,,,
Q140864,Q28045690,,,,,,,,,,,,,,,,,,,,,,,,,,,,,,,,,,,,,,,,,,,,,
Q140866,Q319625,,,,,,,,,,,,,,,,,,,,,,,,,,,12212,,p=henri;n=de bourgogne;oc=1,,,,,,,,,,,,p11406.htm#i114056,"Henry,_Count_of_Portugal_(1)",,Portugal-80,I00020554
Q140873,Q98697954,,,,,,,,,,,,,,,,,,,,,,,,,,,,,,,,,,,,,,,,,,,,Ivarson-6,I00507627
Q140874,Q98697822,,,,,,,,,,,,,,,,,,,,,,,,,,,,,,,,,,,,,,,,,,,,,I00513941
Q140875,Q75532102,,,,,,,,,,,,,,,,,,,,,,,,,,,,,,,,,,,,,,,,,p19828.htm#i198274,,,,
Q140876,Q50693034,,,,,,,,,,,,,,,,,,,,,,,,,,,48972,,p=helga;n=of caithness,,,,,,,,,,,,p19828.htm#i198278,Helga Maddannsdatter (1),,Moddansdóttir-1,I00308289
Q140877,Q1781101,,,,,,,,,,,,,,,,,,,,,,,,,,,,,,,,,,,,,,,,,p19828.htm#i198275,,,,
Q140878,Q3127249,,,,,,,,,,,,,,,,,,,,,,,,,,,,,,,,,,,,,,,,,p19828.htm#i198279,,,,
Q140879,Q75532113,,,,,,,,,,,,,,,,,,,,,,,,,,,48977,,p=ingebjorg;n=hakondatter,,,,,,,,,,,,p19829.htm#i198281,Ingebiorg Hakonsdatter (1),,Hakonardottir-23,I00308291
Q140880,Q75387788,,,,,,,,,,,,,,,,,,,,,,,,,,,48978,,p=margaret;n=of orkney,,,,,,,,,,,,p10770.htm#i107699,,,Hakonsdatter-2,I00308290
Q140883,Q819030,,,,,,,,,,,,,,,,,,,,,,,,,,,47156,,p=berenguer ramon;n=de barcelona;oc=1,,,sg.149592,,,,,,,,,p15276.htm#i152757,"Berenguer_Ramon_I,_Count_of_Barcelona_(1)",,Barcelona-89,I00026696
Q140886,Q75591910,,,,,,,,,,,,,,,,,,,,,,,,,,,,,,,,,,,,,,,,,p23116.htm#i231158,,,Limesi-6,I00638354
Q140887,Q3121864,,,,,,,,,,,,,,,,,,,,,,,,,,,998895,,p=guy;n=de laval;oc=26,,,,,,,,,,,,,Guy_Laval_(5),,,I00026356
Q140888,Q4111308,,,,,,,,,,,,,,,,,,,,,,,,,,,601614,,p=guillaume;n=de saint sauveur,,,,,,,,,,,,p46696.htm#i466952,,,Aubigny-24,
Q140889,Q61963083,,,,,,,,,,,,,,,,,,,,,,,,,,,,,,,,,,,,,,,,,p46842.htm#i468419,,,Aubigny-1,
Q140890,Q76014698,,,,,,,,,,,,,,,,,,,,,,,,,,,,,,,,,,,,,,,,,p46843.htm#i468423,,,Aubigny-58,
Q140891,Q76014697,,,,,,,,,,,,,,,,,,,,,,,,,,,,,,,,,,,,,,,,,p46843.htm#i468422,,,D'Aubigny-96,
Q140892,Q3438706,,,,,,,,,,,,,,,,,,,,,,,,,,,139305,,p=roger;n=bigod;oc=1,,,,,,,,,,,,p11648.htm#i116472,"Roger_Bigod,_1st_Earl_of_Norfolk_(1)",,Bigod-5,I00165070
Q140893,Q2424672,,,,,,,,,,,,,,,,,,,,,,,,,,,,,p=hugh;n=bigod;oc=1,,,,,,,,,,,,p27409.htm#i274082,"Hugh_Bigod,_1st_Earl_of_Norfolk_(1)",,Bigod-7,I00165068
Q140894,Q61963128,,,,,,,,,,,,,,,,,,,,,,,,,,,,,,,,,,,,,,,,,p11648.htm#i116471,,,Bigod-16,I00298712
Q140895,Q76012786,,,,,,,,,,,,,,,,,,,,,,,,,,,,,,,,,,,,,,,,,p46695.htm#i466948,,,,I00463757
Q140896,Q76012787,,,,,,,,,,,,,,,,,,,,,,,,,,,,,,,,,,,,,,,,,p46695.htm#i466949,,,Bigod-64,I00463760
Q140897,Q18163327,,,,,,,,,,,,,,,,,,,,,,,,,,,,,,,,,,,,,,,,,p46695.htm#i466947,,,Bigod-131,I00463756
Q140898,Q76012791,,,,,,,,,,,,,,,,,,,,,,,,,,,,,,,,,,,,,,,,,p46696.htm#i466955,,,Bigod-60,
Q140899,Q467708,,,,,,,,,,,,,,,,,,,,,,,,,,,141024|1371288,,p=nominoe;n=de bretagne,,,,,,,,,,,,,Nominoe_(1),,Bretagne-186,
Q140900,Q56367457,,,,,,,,,,,,,,,,,,,,,,,,,,,,,p=abbo;n=.;oc=2,,,,,,,,,,,,,,,,
Q140970,Q61896462,,,,,,,,,,,,,,,,,,,,,,,,,,,,,,,,,,,,,,,,,p41345.htm#i413441|p4876.htm#i48755,,,Ferrers-375,I00175560
Q140971,Q61896465,,,,,,,,,,,,,,,,,,,,,,,,,,,,,,,,,,,,,,,,,,,,,
Q140972,Q19358260,,,,,,,,,,,,,,,,,,,,,,,,,,,,,,,,,,,,,,,,,,Hugh_de_Mortimer_(3),,,
Q140973,Q4151497,,,,,,,,,,,,,,,,,,,,,,,,,,,,,,,,,,,,,,,,,p4898.htm#i48978,Hugh_de_Mortimer_(2),,Mortimer-98,I00175557
Q140974,Q75922779,,,,,,,,,,,,,,,,,,,,,,,,,,,,,,,,,,,,,,,,,p40549.htm#i405487,,,,
Q140975,Q75922782,,,,,,,,,,,,,,,,,,,,,,,,,,,,,,,,,,,,,,,,,p40549.htm#i405488,,,,
Q140983,Q235080,,,,,,,,L8T2-WP2,,,,,,,,,,,,,,,,,,,81222|29310,,p=alfonso;n=de castilla;oc=6,,,sg.139068,,,,,,,,,p11332.htm#i113313|p10672.htm#i106719,Alfonso_VI_of_Castile_(1),,Castilla-26,I00020895
Q140987,Q291372,,,,,,,,,,,,,,,,,,,,,,,,,,,144480,,p=almodie;n=de la marche;oc=1,,,sw.213031,,,,,,,,,p388.htm#i3878,Almodis_de_la_Marche_(1),,Marche-76,I00106196
Q140988,Q381250,,,,,,,,,,,,,,,,,,,,,,,,,,,127685,,p=sancho garces;n=de pamplona;oc=2,,,,,,,,,,,,p15274.htm#i152736,Sancho_II_of_Pamplona_(1),,Pamplona-34,I00106636
Q140989,Q283561,,,,,,,,L1MN-K1H,,,,,,,,,,,,,,,,,,,64131,,p=alfonso;n=de leon;oc=5,,,,,,,,,,,,p11332.htm#i113311,Alfonso_V_of_León_(1),,León-131,I00120381
Q140999,Q237987,,,,,,,,,,,,,,,,,,,,,,,,,,,29309|12848,,p=tereza;n=de castilla,,,sw.980527,,,,,,,,,p11429.htm#i114284,"Teresa_Castile_(1)|Theresa,_Countess_of_Portugal_(1)",,Castilla-61,I00020555
Q141003,Q3435819,,,,,,,,,,,,,,,,,,,,,,,,,,,,,,,,,,,,,,,,,p46657.htm#i466570,Robert_Malet_(1),,,
Q141004,Q61808619,,,,,,,,,,,,,,,,,,,,,,,,,,,,,,,,,,,,,,,,,p46657.htm#i466568,,,,I00450122
Q141005,Q76012354,,,,,,,,,,,,,,,,,,,,,,,,,,,,,,,,,,,,,,,,,p46658.htm#i466571,,,,
Q141006,Q76012359,,,,,,,,,,,,,,,,,,,,,,,,,,,,,,,,,,,,,,,,,p46658.htm#i466575,,,,
Q141007,Q76068820,,,,,,,,,,,,,,,,,,,,,,,,,,,,,,,,,,,,,,,,,p50869.htm#i508685,,,Malet-26,
Q141008,Q76068818,,,,,,,,,,,,,,,,,,,,,,,,,,,,,,,,,,,,,,,,,p50869.htm#i508684,,,,
Q141009,Q15709618,,,,,,,,,,,,,,,,,,,,,,,,,,,,,,,,,,,,,,,,,,,,,
Q141010,Q16652406,,,,,,,,,,,,,,,,,,,,,,,,,,,,,,,,,,,,,,,,,,,,Gellisson-1,
Q141012,Q3398203,,,,,,,,,,,,,,,,,,,,,,,,,,,,,,,,,,,,,,,,,,,,,
Q141014,Q2176089,,,,,,,,,,,,,,,,,,,,,,,,,,,643889,,p=hugues;n=de saint pol;oc=1,,,,,,,,,,,,,Hugues_Unknown_(48),,St_Pol-15,
Q141015,Q116005816,,,,,,,,,,,,,,,,,,,,,,,,,,,,,,,,,,,,,,,,,,,,Aunou-3,I00079578
Q141016,Q116005811,,,,,,,,,,,,,,,,,,,,,,,,,,,,,,,,,,,,,,,,,,,,,I00079550
Q141017,Q734789,,,,,,,,,,,,,,,,,,,,,,,,,,,,,,,,,,,,,,,,,,,,,
Q141018,Q318799,,,,,,,,,,,,,,,,,,,,,,,,,,,97523,,,,,lu.2,,,,,,,,,p67282.htm#i672818,Ziemowit_(1),,Piast-101,
Q141019,Q75247727,,,,,,,,,,,,,,,,,,,,,,,,,,,369435,,,,,dw.47,,,,,,,,,p891.htm#i8910,Thietburga_von_Haldensleben_(1),,Haldensleben-6,I00022886
Q141020,Q28112456,,,,,,,,,,,,,,,,,,,,,,,,,,,,,,,,,,,,,,,,,,,,,
Q141021,Q65041,,,,,,,,,,,,,,,,,,,,,,,,,,,770917,,p=thietmar;n=vom schwabengau,,,,,,,,,,,,,Thietmar_I_von_Meissen_(1),,Ostmark-18|UNKNOWN-83630,I00422387
Q141022,Q360116,,,,,,,,LD34-XWJ,,,,,,,,,,,,,,,,,,,161194,,p=borivoj;n=premyslide,,,dw.63,,,,,,,,,p15003.htm#i150023,"Borivoj_I,_Duke_of_Bohemia_(1)",,Přemyslovci-1,I00020249
Q141023,Q118087,,,,,,,,,,6871808,,,,,,,,,,,,,,,,,161195,,p=ludmilla;n=de psov,,,dw.64,,,,,,,,,p67283.htm#i672823,Ludmila_of_Bohemia_(1),,Pšov-3,I00020250
Q141024,Q508602,,,,,,,,,,,,,,,,,,,,,,,,,,,161206,,,,,dw.65,,,,,,,,,p15003.htm#i150024,"Spytihnev_I,_Duke_of_Bohemia_(1)",,Přemyslovci-5,I00020251
Q141025,Q16938141,,,,,,,,,,,,,,,,,,,,,,,,,,,,,,,,,,,,,,,,,,,,Přemyslovci-9,
Q141026,Q9388589,,,,,,,,,,,,,,,,,,,,,,,,,,,53555,,,,,,,,,,,,,,,,,,
Q141027,Q716213,,,,,,,,,,,,,,,,,,,,,,,,,,,927847,,,,,,,,,,,,,,,,,,
Q141028,Q2296534,,,,,,,,,,,,,,,,,,,,,,,,,,,927850,,,,,,,,,,,,,,,,,,
Q141029,Q243427,,,,,,,,,,6871802,,,,,,,,,,,,,,,,,927854,,,,,,,,,,,,,,,,,,
Q141030,Q129175980,,,,,,,,,,,,,,,,,,,,,,,,,,,,,,,,,,,,,,,,,,,,,
Q141031,Q129175992,,,,,,,,,,,,,,,,,,,,,,,,,,,,,,,,,,,,,,,,,,,,,
Q141032,Q129176008,,,,,,,,,,,,,,,,,,,,,,,,,,,,,,,,,,,,,,,,,,,,,
Q141033,Q129176032,,,,,,,,,,,,,,,,,,,,,,,,,,,,,,,,,,,,,,,,,,,,,
Q141034,Q12027281,,,,,,,,,,,,,,,,,,,,,,,,,,,,,,,,,,,,,,,,,,Juta_Unknown_(2),,,I00020266
Q141035,Q582430,,,,,,,,,,,,,,,,,,,,,,,,,,,303993,,p=aldred;n=of bamburgh,,,,,,,,,,,,p449.htm#i4485,Ealdred_of_Bamburgh_(1),,Northumbria-65,I00108324
Q141036,Q103562928,,,,,,,,,,,,,,,,,,,,,,,,,,,,,,,,,,,,,,,,,,,,,I00108325
Q141038,Q76320892,,,,,,,,,,,,,,,,,,,,,,,,,,,683802,,,,,,,,,,,,,,p68708.htm#i687072,,,Unknown-590596,
Q141039,Q3110969,,,,,,,,,,,,,,,,,,,,,,,,,,,,,,,,,,,,,,,,,,Æthelnoth_(1),,,
Q141040,Q271362,,,,,,,,,,,,,,,,,,I26430,,,,,,,,,130132,,p=aelfgar;n=of mercia,,,,,,,,,,,,p10242.htm#i102416,"Ælfgar,_Earl_of_Mercia_(1)",,Mercia-10,I00027596
Q141041,Q22712857,,,,,,,,,,,,,,,,,,,,,,,,,,,,,,,,,,,,,,,,,,,,Mercia-33,
Q141042,Q971752,,,,,,,,,,,,,,,,,,I26436,,,,,,,,,,,,,,,,,,,,,,,p254.htm#i2532,Morcar_(1),,Mercia-160,
Q141044,Q218878,,,,,,,,,,,,,,,,,,,,,,,,,,,45707,,,,,dw.157,,,,,,,,,,Zoltan_(1),,Arpadhazi-13,I00020707
Q141048,Q75247763,,,,,,,,,,,,,,,,,,,,,,,,,,,832991,,p=othelhildis;n=von katlenburg,,,,,,,,,,,,p894.htm#i8937,,,Katlenburg-1,
Q141049,Q75247775,,,,,,,,,,,,,,,,,,,,,,,,,,,,,,,,,,,,,,,,,p895.htm#i8945,,,,
Q141050,Q1561543,,,,,,,,,,,,,,,,,,,,,,,,,,,,,,,,,,,,,,,,,p896.htm#i8952,,,,
Q141051,Q75247787,,,,,,,,,,,,,,,,,,,,,,,,,,,,,,,,,,,,,,,,,p896.htm#i8953,,,,
Q141052,Q75247789,,,,,,,,,,,,,,,,,,,,,,,,,,,,,,,,,,,,,,,,,p896.htm#i8954,,,,
Q141053,Q75247780,,,,,,,,,,,,,,,,,,,,,,,,,,,,,,,,,,,,,,,,,p895.htm#i8948,,,,
Q141054,Q75247778,,,,,,,,,,,,,,,,,,,,,,,,,,,,,,,,,,,,,,,,,p895.htm#i8947,,,,
Q141055,Q20500239,,,,,,,,,,,,,,,,,,,,,,,,,,,194920,,,,,,,,,,,,,,p892.htm#i8916,Friedrich_Unknown_(4),,,
Q141056,Q1654195,,,,,,,,,,,,,,,,,,,,,,,,,,,,,,,,,,,,,,,,,,,,,
Q141057,Q44191432,,,,,,,,,,,,,,,,,,,,,,,,,,,,,,,,,,,,,,,,,,,,,
Q141058,Q118105386,,,,,,,,,,,,,,,,,,,,,,,,,,,153479,,p=frederuna;n=.,,,,,,,,,,,,,Frideruna_von_Harzgau_(1),,UNKNOWN-5915,
Q141067,Q333730,,,,,,,,,,,,,,,,,,,,,,,,,,,141431,,p=mael coluim mac domnaill;n=of scotland;oc=1,,,,,,,,,,,,p10289.htm#i102890,Malcolm_I_of_Scotland_(1),,MacAlpin-21,I00022619
Q141068,Q363154,,,,,,,,,,,,,,,,,,,,,,,,,,,141515,,p=dubh;n=of albany,,,,,,,,,,,,p10290.htm#i102893,Dub_of_Scotland_(1),,MacAlpin-20,I00022622
Q141069,Q3506239,,,,,,,,,,,,,,,,,,,,,,,,,,,,,,,,,,,,,,,,,,,,,
Q141070,Q75385049,,,,,,,,,,,,,,,,,,,,,,,,,,,,,,,,,,,,,,,,,p10529.htm#i105282,,,,I00022621
Q141071,Q221229,,,,,,,,,,,,,,,,,,,,,,,,,,,145550|141516,,p=kenneth;n=of fife,,,,,,,,,,,,p10290.htm#i102894,Kenneth_III_of_Scotland_(1),,MacAlpin-19,I00076171
Q141072,Q75387740,,,,,,,,,,,,,,,,,,,,,,,,,,,111553,,p=duncan;n=of atholl,,,,,,,,,,,,p10767.htm#i107669,,,Dunkeld-86,I00022604
Q141073,Q2632928,,,,,,,,,,,,,,,,,,,,,,,,,,,111550,,p=gospatrick;n=of northumberland,,,,,,,,,,,,p10664.htm#i106640,"Gospatric,_Earl_of_Northumbria_(1)",,Dunbar-27,I00076164
Q141074,Q75382712,,,,,,,,,,,,,,,,,,,,,,,,,,,137973,,p=maldred;n=of allerdale;oc=1,,,,,,,,,,,,p10289.htm#i102885,Maldred_Unknown_(9),,Dunkeld-5,I00164993
Q141075,Q75387765,,,,,,,,,,,,,,,,,,,,,,,,,,,145418,,p=ne;n=of dunkeld,,,,,,,,,,,,p10769.htm#i107687,,,Dunkeld-14,
Q141076,Q3276310,,,,,,,,,,,,,,,,,,,,,,,,,,,142611,,,,,,,,,,,,,,,Maelbrigte_MacRory_(1),,Macrory-12,
Q141077,Q3106025,,,,,,,,,,,,,,,,,,,,,,,,,,,142606,,p=gille comgain;n=of moray,,,,,,,,,,,,p10289.htm#i102884,Gille_Coemgáin_of_Moray_(1),,MacRory-42,I00076175
Q141078,Q105979,,,,,,,,,,,,,,,,,,,,,,,,,,,,,,,,,,,,,,,,,,,,,
Q141079,Q75387811,,,,,,,,,,,,,,,,,,,,,,,,,,,,,,,,,,,,,,,,,p10772.htm#i107713,,,,I00544678
Q141080,Q15728990,,,,,,,,,,,,,,,,,,,,,,,,,,,,,,,,,,,,,,,,,p19831.htm#i198302,,,,I00544679
Q141081,Q2109400,,,,,,,,,,,,,,,,,,,,,,,,,,,,,,,,,,,,,,,,,p19831.htm#i198303,Rögnvald_Kali_Kolsson_(1),,Kolsson-4,I00544681
Q141082,Q19950168,,,,,,,,,,,,,,,,,,,,,,,,,,,,,,,,,,,,,,,,,,,,,
Q141087,Q2547326,,,,,,,,,,,,,,,,,,,,,,,,,,,126810,,p=baudouin;n=de guines;oc=1,,,,,,,,,,,,p56842.htm#i568414,Boudewijn_Van_Guines_(1),,Guînes-28,I00174509
Q141088,Q106686417,,,,,,,,,,,,,,,,,,,,,,,,,,,124503,,p=gisele;n=de guines,,,,,,,,,,,,,Gisela_Van_Guines_(1),,Guînes-33,I00174412
Q141089,Q2180145,,,,,,,,,,,,,,,,,,,,,,,,,,,,,p=robert;n=de guines,,,,,,,,,,,,p68958.htm#i689578,,,,I00571452
Q141101,Q125341422,,,,,,,,,,,,,,,,,,,,,,,,,,,,,,,,,,,,,,,,,,,,,
Q141102,Q26206088,,,,,,,,,,,,,,,,,,,,,,,,,,,,,,,,,,,,,,,,,,,,,I00310974
Q141103,Q1077695,,,,,,,,,,,,,,,,,,,,,,,,,,,,,,,,,,,,,,,,,,,,,
Q141104,Q38085940,,,,,,16519,,,,,,,,,,,,,,,,,,,,,,,p=cecilia;n=sverkeratten,,,dw.788,,,,,,,,,p11307.htm#i113070,Cecilia_Sveinsdt_(1),,,
Q141110,Q15837854,,,,,,,,,,,,,,,,,,,,,,,,,,,,,,,,,,,,,,,,,,,,,I00280159
Q141111,Q101248138,,,,,,,,,,,,,,,,,,,,,,,,,,,,,,,,,,,,,,,,,,Arne_Ivarson_(1),,Ivarsson-184,I00280160
Q141112,Q16650106,,,,,,,,,,,,,,,,,,,,,,,,,,,,,,,,,,,,,,,,,,,,,
Q141113,Q134885889,,,,,,,,,,,,,,,,,,,,,,,,,,,,,,,,,,,,,,,,,,,,,
Q141114,Q1991299,,,,,,,,,,,,,,,,,,,,,,,,,,,,,,,,,,,,,,,,,,Nicholas_Arnesson_(1),,,
Q141115,Q134885903,,,,,,,,,,,,,,,,,,,,,,,,,,,,,,,,,,,,,,,,,,,,,
Q141116,Q101248137,,,,,,,,,,,,,,,,,,,,,,,,,,,,,,,,,,,,,,,,,,,,,I00517683
Q141117,Q310152,,alvin-person:34036,,,,15396,,,,15919497,,,,,,,,,,,,,,person/C8FBB2B8-88F1-4697-AE9E-9FEEF9BF8F22|term/c7e8f67c-7870-48ae-9442-d94f2fe29eda,,,,,p=erik;n=erikatten;oc=9,,,dw.790,,,,,,,,,p11303.htm#i113022,Eric_IX_of_Sweden_(1),,Jedvardsson-1,I00122091
Q141118,Q320977,,alvin-person:32823,,,,11661,,,,15919632,,,,,,,,,,,,,,person/F6644E87-B0C4-4309-9373-E4589236EDD4,,,,,p=knut;n=erikatten,,,dw.5279,,,,,,,,,p11308.htm#i113074,Canute_I_of_Sweden_(1),,Eriksson-55,I00079672
Q141119,Q4958289,,,,,,,,,,,,,,,,,,,,,,,,,,,,,,,,dw.7071,,,,,,,,,,Katarina_Eriksdotter_(2),,Eriksdotter-1791,I00261521
Q141120,Q16404228,,,,,,,,,,,,,,,,,,,,,,,,,,,,,p=filip;n=erikatten,,,dw.7069,,,,,,,,,,,,Eriksson-3615,I00509108
Q141121,Q1991150,,,,,,9096,,,,,,,,,,,,,,,,,,,,,,,p=margareta;n=erikatten;oc=1,,,dw.7070,,,,,,,,,p11303.htm#i113021,Margaret_of_Sweden_(1),,Eriksdotter-1971,I00091800
Q141122,Q3384935,,,,,,,,,,,,,,,,,,,,,,,,,,,,,,,,,,,,,,,,,,,,Bjarkøy-16,I00710309
Q141123,Q2530678,,,,,,,,,,,,,,,,,,,,,,,,,,,,,,,,,,,,,,,,,,,,,I00710312
Q141124,Q4994629,,,,,,,,,,,,,,,,,,,,,,,,,,,,,,,,,,,,,,,,,,,,,I00710310
Q141125,Q9099027,,,,,,,,,,,,,,,,,,,,,,,,,,,,,,,,,,,,,,,,,,,,,
Q141126,Q101248131,,,,,,,,,,,,,,,,,,,,,,,,,,,,,,,,,,,,,,,,,,,,,I00710318
Q141127,Q131459691,,,,,,,,,,,,,,,,,,,,,,,,,,,,,,,,,,,,,,,,,,,,,
Q141128,Q5493526,,,,,,,,,,,,,,,,,,,,,,,,,,,,,,,,,,,,,,,,,,,,,I00500651
Q141129,Q61854645,,,,,,,,,,,,,,,,,,,,,,,,,,,,,,,,,,,,,,,,,,,,,
Q141130,Q3298174,,,,,,,,,,,,,,,,,,,,,,,,,,,49030|262989,,p=madach;n=of atholl,,,,,,,,,,,,p10769.htm#i107690,Matad_of_Atholl_(1),,Earl_of_Atholl-2,I00232024
Q141131,Q61498160,,,,,,,,,,,,,,,,,,,,,,,,,,,526291,,p=bethoc;n=of scotland,,,,,,,,,,,,p10770.htm#i107694,Bethoc_Canmore_(2),,Dunkeld-59,I00022610
Q141136,Q75463860,,,,,,,,,,,,,,,,,,,,,,,,,,,,,,,,,,,,,,,,,p15822.htm#i158219,,,,I00108332
Q141137,Q5587362,,,,,,,,,,,,,,,,,,,,,,,,,,,111549,,p=gospatrick;n=of dunbar,,,,,,,,,,,,p10768.htm#i107673,"Gospatric_II,_Earl_of_Lothian_(1)",,Dunbar-157,I00164964
Q141138,Q16829951,,,,,,,,,,,,,,,,,,,,,,,,,,,,,,,,,,,,,,,,,p10767.htm#i107670,Dolfin_of_Carlisle_(1),,Fitz_Gospatric-2,
Q141139,Q75393450,,,,,,,,,,,,,,,,,,,,,,,,,,,142625,,p=gruaidh;n=of moray,,,,,,,,,,,,p11286.htm#i112851,,,Moray-38,I00076167
Q141140,Q75387815,,,,,,,,,,,,,,,,,,,,,,,,,,,,,p=alice;n=le meschin,,,,,,,,,,,,p10772.htm#i107716,Alice_de_Rumilly_(1),,Rumilly-11,I00076168
Q141141,Q3036054,,,,,,,,,,,,,,,,,,,,,,,,,,,,,p=donald;n=macwilliam,,,,,,,,,,,,p10773.htm#i107721,,,MacWilliam-8,I00076182
Q141142,Q75387801,,,,,,,,,,,,,,,,,,,,,,,,,,,,,p=william;n=fitzduncan,,,,,,,,,,,,p10771.htm#i107706,William_Unknown_(261),,MacWilliam-9,I00076186
Q141143,Q75387831,,,,,,,,,,,,,,,,,,,,,,,,,,,,,p=cecile;n=fitzduncan,,,,,,,,,,,,p10773.htm#i107728,Cicely_Unknown_(7),,FitzWilliam-232,I00076187
Q141144,Q75387833,,,,,,,,,,,,,,,,,,,,,,,,,,,,,p=amabel;n=fitzduncan,,,,,,,,,,,,p10773.htm#i107730,Amabel_Unknown_(3),,FitzWilliam-306,I00076188
Q141145,Q75387836,,,,,,,,,,,,,,,,,,,,,,,,,,,,,p=alice;n=fitzduncan,,,,,,,,,,,,p10774.htm#i107732,Alice_Unknown_(865),,Rumilly-13,I00076162
Q141146,Q75387814,,,,,,,,,,,,,,,,,,,,,,,,,,,,,,,,,,,,,,,,,p10772.htm#i107715,,,,
Q141147,Q127427261,,,,,,,,,,,,,,,,,,,,,,,,,,,,,,,,,,,,,,,,,,,,,
Q141148,Q11993258,,,,,,,,,,,,,,,,,,,,,,,,,,,,,,,,,,,,,,,,,,,,,
Q141155,Q112624734,,,,,,,,,,,,,,,,,,,,,,,,,,,184961,,p=gelduin;n=de+breteuil;,,,,,,,,,,,,,"Hilduin,_Comte_de_Breteuil_(1)",,Ponthieu-106,I00164673
Q141156,Q112624821,,,,,,,,,,,,,,,,,,,,,,,,,,,184962,,p=emmeline;n=de chartres,,,,,,,,,,,,,Emmeline_Unknown_(8),,Chartres-3,I00164674
Q141180,Q134773026,,,,,,,,,,,,,,,,,,,,,,,,,,,629404,,p=ne;n=de coumanie;oc=1,,,,,,,,,,,,,,,,I00106144
Q141181,Q102540700,,,,,,,,,,,,,,,,,,,,,,,,,,,629405,,p=marija;n=n;oc=7,,,,,,,,,,,,,,,,I00106146
Q141182,Q2497107,,,,,,,,,,,,,,,,,,,,,,,,,,,799,,p=igor;n=rurikides;oc=2,,,dw.781,,,,,,,,,,Igor_Svyatoslavich_(1),,Рюрикович-9,I00106147
Q141183,Q4333476,,,,,,,,,,,,,,,,,,,,,,,,,,,798,,p=oleg;n=rurikides;oc=7,,,,,,,,,,,,,,,,
Q141184,Q4127288,,,,,,,,,,,,,,,,,,,,,,,,,,,800,,p=vsevolod;n=rurikides;oc=10,,,,,,,,,,,,,,,,
Q141185,Q104734922,,,,,,,,,,,,,,,,,,,,,,,,,,,629407,,p=ne;n=rurikides;oc=28,,,,,,,,,,,,,,,,I00304963
Q141186,Q12074134,,,,,,,,,,,,,,,,,,,,,,,,,,,,,p=isiaslav;n=rurikides;oc=9,,,,,,,,,,,,,,,,
Q141187,Q12148866,,,,,,,,,,,,,,,,,,,,,,,,,,,,,p=rostislav;n=rurikides;oc=11,,,,,,,,,,,,,,,,
Q141188,Q1888873,,,,,,,,,,,,,,,,,,,,,,,,,,,603077,,p=pierre;n=wlast|p=piotr;n=wlostwowic,,,dw.6503,,,,,,,,,,,,,I00118401
Q141189,Q4153693,,,,,,,,,,,,,,,,,,,,,,,,,,,528853,,p=david;n=rurikides;oc=9,,,,,,,,,,,,,,,,
Q141190,Q4197635,,,,,,,,,,,,,,,,,,,,,,,,,,,599285,,,,,,,,,,,,,,,,,,
Q141191,Q4113065,,,,,,,,,,,,,,,,,,,,,,,,,,,649,,p=vladimir;n=rurikides;oc=11,,,,,,,,,,,,,,,,I00174664
Q141192,Q4139573,,,,,,,,,,,,,,,,,,,,,,,,,,,181050,,p=gleb;n=rurikides;oc=1,,,,,,,,,,,,,,,,I00140381
Q141193,Q4065852,,,,,,,,,,,,,,,,,,,,,,,,,,,531283,,,,,,,,,,,,,,,,,,
Q141194,Q101247283,,,,,,,,,,,,,,,,,,,,,,,,,,,,,p=ne;n=von pommern,,,,,,,,,,,,,,,UNKNOWN-78496,I00139741
Q141195,Q949706,,,,,,,,,,,,,,,,,,,,,,,,,,,134,,p=rostislav;n=rurikides;oc=8,,,,,,,,,,,,,,,Volodarevich-2,
Q141196,Q12074957,,,,,,,,,,,,,,,,,,,,,,,,,,,428869,,p=irene;n=rurikides,,,,,,,,,,,,,,,,
Q141197,Q4195574,,,,,,,,,,,,,,,,,,,,,,,,,,,135,,p=ivan;n=rurikides;oc=90,,,,,,,,,,,,,,,,
Q141198,Q4398416,,,,,,,,,,,,,,,,,,,,,,,,,,,136,,p=rostislav;n=rurikides;oc=7,,,,,,,,,,,,,,,,
Q141199,Q75393553,,,,,,,,,,,,,,,,,,,,,,,,,,,,,,,,,,,,,,,,,p11301.htm#i113005,,,,
Q141200,Q1588852,,,,,,,,,,,,,,,,,,,,,,,,,,,,,p=muirkertach;n=d irlande|p=murrough;n=o+brien;oc=6,,,,,,,,,,,,p11301.htm#i113002|p33518.htm#i335173,Muirchertach_Ua_Briain_(1),,O'Brien-1157,I00314875
Q141201,Q18646117,,,,,,,,,,,,,,,,,,,,,,,,,,,,,,,,,,,,,,,,,,,,Dublin-12,
Q141202,Q350213,,,,,,,,,,,,,,,,,,,,,,,,,,,346788,,p=magnus;n=skakke;oc=5,,,,,,,,,,,,p11301.htm#i113007,Magnus_V_of_Norway_(1),,Erlingsson-20,I00692081
Q141203,Q75393558,,,,,,,,,,,,,,,,,,,,,,,,,,,1435977,,p=erik;n=yngling,,,,,,,,,,,,p11301.htm#i113010,Erik_Sigurdsson_(1),,Sigurdsson-202,
Q141204,Q11996949,,,,,,,,,,,,,,,,,,,,,,,,,,,1435976,,,,,,,,,,,,,,,,,Erlingsdatter-26,
Q141205,Q4577095,,,,,,,,,,,,,,,,,,,,,,,,,,,,,p=ne;n=n;oc=28141,,,,,,,,,,,,,Borghild_Olavsdt_(1),,,I00692071
Q141206,Q283943,,,,,,,,,,,,,,,,,,,,,,,,,,,,,,,,,,,,,,,,,,,,Sigfússon-16,
Q141207,Q568500,,,,,,,,,,,,,,,,,,,,,,,,,,,,,,,,,,,,,,,,,,,,Jonsson-544,
Q141208,Q471905,,,,,,,,,,,,,,,,,,,,,,,,,,,,,,,,,,,,,,,,,,,,Jonsson-629,
Q141209,Q796588,,,,,,,,,,,,,,,,,,,,,,,,,,,,,,,,,,,,,,,,,,,,Jonsson-630,
Q141210,Q122949820,,,,,,,,,,,,,,,,,,,,,,,,,,,57362,,,,,,,,,,,,,,,Thora_Guthormsdt_(1),,Guttormsdatter-49,I00091796
Q141211,Q316398,,,,,,,,,,,,,,,,,,,,,,,,,,,1435982,,p=haakon;n=yngling;oc=2,,,,,,,,,,,,p11302.htm#i113018,Haakon_Broadshoulder_(1),,Sigurdsson-114,I00280211
Q141212,Q887959,,,,,,,,,,,,,,,,,,,,,,,,,,,1435987,,p=sigurd;n=yngling;oc=3,,,,,,,,,,,,p11302.htm#i113019,Sigurd_Markusfostre_(1),,Sigurdsson-64,I00280213
Q141213,Q1052410,,,,,,16521,,,,,,,,,,,,,,,,,,,,,1435971,,p=cecilia;n=yngling,,,,,,,,,,,,p11302.htm#i113012,Cecilia_Sigurdsdotter_(1),,Sigurdsdatter-100,I00361705
Q141214,Q331755,,alvin-person:65358,,,,,,,,9503901,,,,,,,,,,,,,,,,,57369,,p=sverker;n=yngling,,,dw.7072,,,,,,,,,p11302.htm#i113020,Sverre_of_Norway_(1),,Sigurdsson-76,I00091799
Q141215,Q75291864,,,,,,,,,,,,,,,,,,,,,,,,,,,1435989,,,,,,,,,,,,,,p4280.htm#i42791,Harald_Sigurdsson_(4),,,I00280219
Q141216,Q888578,,,,,,,,,,,,,,,,,,,,,,,,,,,,,,,,,,,,,,,,,,Jon_Kuvlung_(1),,,
Q141217,Q4811064,,,,,,,,,,,,,,,,,,,,,,,,,,,,,,,,,,,,,,,,,,Unknown_Beathach_(1),,Unknown-557576,I00280201
Q141218,Q3364492,,,,,,,,,,,,,,,,,,,,,,,,,,,,,p=regina;n=mase,,,,,,,,,,,,p11300.htm#i112993,Ragna_Nikolasdt_(1),,,I00280203
Q141219,Q329848,,,,,,,,,,,,,,,,,,,,,,,,,,,,,,,,,,,,,,,,,,Eystein_Meyla_(1),,,
Q141220,Q96240868,,,,,,,,,,,,,,,,,,,,,,,,,,,,,p=ne;n=n;oc=28137,,,,,,,,,,,,,,,,I00280200
Q141221,Q561866,,alvin-person:28303,,,,18235,,,,,,,,,,,,,,,,,,,,,557873,,p=birger;n=folkungaatten;oc=2,,,dw.7101,,,,,,,,,p11307.htm#i113065,Birger_Brosa_(1),,Bengtsson-805,I00280164
Q141222,Q2718143,,,,,,11953,,,,,,,,,,,,,,,,,,,,,557875,,p=ingegerd;n=folkungaatten,,,dw.7096,,,,,,,,,p11307.htm#i113064,Ingegerd_Birgersdotter_of_Bjelbo_(1),,Birgersdotter-18,I00274987
Q141223,Q113822,,,,,,,,,,,,,,,,,,,,,,,,,,,,,,,,,,,,,,,,,,,,,
Q141224,Q1777628,,,,,,,,,,,,,,,,,,,,,,,,,,,,,p=knut;n=folkungaatten,,,,,,,,,,,,,"Knut_Birgersson,_Riksjarl_of_Sweden_(1)",,Birgersson-25,I00280168
Q141225,Q5789926,,,,,,,,,,,,,,,,,,,,,,,,,,,,,,,,,,,,,,,,,,,,,I00791717
Q141227,Q25429683,,,,,,,,,,,,,,,,,,,,,,,,,,,,,,,,,,,,,,,,,,,,,
Q141228,Q26327689,,,,,,,,,,,,,,,,,,,,,,,,,,,,,,,,,,,,,,,,,,,,,
Q141229,Q20016510,,,,,,,,,,,,,,,,,,,,,,,,,,,,,,,,,,,,,,,,,,,,,
Q141230,Q75291932,,,,,,,,,,,,,,,,,,,,,,,,,,,,,,,,,,,,,,,,,p4284.htm#i42834,Ragnfrid_Erlingsdatter_Kvein_(1),,Erlingsdatter-31,I00361706
Q141231,Q19375604,,,,,,,,,,,,,,,,,,,,,,,,,,,,,,,,,,,,,,,,,,Ingebjørg_Bårdsdatter_(1),,Bårdsdatter-23,I00500415
Q141232,Q725206,,,,,,,,,,8061464,,,,,,,,,,,,,,,,,,,,,,,,,,,,,,,p11304.htm#i113038,Skule_Bårdsson_(1),,Bårdsson-4,I00049976
Q141233,Q365035,,,,,,,,,,81195140,,,,,,,,,,,,,,,,,,,p=inge;n=guttormson;oc=2,,,,,,,,,,,,p11302.htm#i113015,Inge_Bårdsson_(1),,Bårdsson-7,I00361709
Q141234,Q75291940,,,,,,,,,,,,,,,,,,,,,,,,,,,,,,,,,,,,,,,,,p4284.htm#i42839,Sigurd_Bårdsson_(1),,,
Q141235,Q75291984,,,,,,,,,,,,,,,,,,,,,,,,,,,,,,,,,,,,,,,,,p4284.htm#i42840,Arnulf_Bårdsson_(1),,Bårdsson-5,
Q141236,Q75291986,,,,,,,,,,,,,,,,,,,,,,,,,,,,,,,,,,,,,,,,,p4285.htm#i42841,Guttorm_Bårdsson_(1),,Bårdsson-6,
Q141237,Q75292006,,,,,,,,,,,,,,,,,,,,,,,,,,,,,,,,,,,,,,,,,p11301.htm#i113009|p4286.htm#i42854,,,Byardasvend-1,
Q141238,Q3494473,,,,,,,,,,,,,,,,,,,,,,,,,,,1435961,,p=estrid;n=byrdassend,,,,,,,,,,,,p11301.htm#i113008|p4286.htm#i42851,Eldrid_Bjarnesdt_(1),,Bjarnesdatter-1,
Q141239,Q18418043,,,,,,,,,,,,,,,,,,,,,,,,,,,,,,,,,,,,,,,,,,,,Jonsson-541,
Q141240,Q10859496,,,,,,,,,,,,,,,,,,,,,,,,,,,,,,,,,,,,,,,,,,,,,
Q141241,Q15889704,,,,,,,,,,,,,,,,,,,,,,,,,,,,,,,,,,,,,,,,,,,,,
Q141242,Q16652462,,,,,,,,,,,,,,,,,,,,,,,,,,,,,,,,,,,,,,,,,,,,,
Q141243,Q18646112,,,,,,,,,,,,,,,,,,,,,,,,,,,,,,,,,,,,,,,,,,,,,
Q141244,Q3483732,,,,,,,,,,,,,,,,,,,,,,,,,,,,,,,,,,,,,,,,,,,,,
Q141245,Q18646123,,,,,,,,,,,,,,,,,,,,,,,,,,,,,,,,,,,,,,,,,,,,Ivarsson-102,
Q141246,Q298263,,,,,,,,,,,,,,,,,,,,,,,,,,,141434,,p=cinaed mac ailpin;n=of scotland;oc=1,,,,,,,,,,,,p10291.htm#i102901,Kenneth_Macalpin_(1),,MacAlpin-11,I00022616
Q141247,Q305341,,,,,,,,,,,,,,,,,,,,,,,,,,,941279,,,,,,,,,,,,,,p10290.htm#i102900,Áed_mac_Cináeda_(1),,MacAlpin-28,I00295573
Q141248,Q317457,,,,,,,,99QT-S75,,8615422,,,,,,,,,,,,,,,,,141433,,p=causantin mac cinaeda;n=of scotland,,,,,,,,,,,,p10290.htm#i102892,Constantine_I_of_Scotland_(1),,MacAlpin-23,I00022617
Q141249,Q27957691,,,,,,,,,,,,,,,,,,,,,,,,,,,,,,,,,,,,,,,,,,Ailill_Mac_Fáeláin_(1),,,
Q141250,Q1283150,,,,,,,,,,,,,,,,,,,,,,,,,,,,,p=aed;n=mac neill,,,,,,,,,,,,p15012.htm#i150112,Áed_Oirdnide_(1),,Niall-3,
Q141251,Q76121934,,,,,,,,,,,,,,,,,,,,,,,,,,,,,p=medb ingen indrechtach;n=mac muiredai,,,,,,,,,,,,p54615.htm#i546145,,,Inreachtach-1,
Q141252,Q76121948,,,,,,,,,,,,,,,,,,,,,,,,,,,,,,,,,,,,,,,,,p54616.htm#i546155,,,,
Q141253,Q76121949,,,,,,,,,,,,,,,,,,,,,,,,,,,,,,,,,,,,,,,,,p54616.htm#i546156,Flaithbertach_Mac_Niall_(1),,Mac_Niall-3,
Q141254,Q76121952,,,,,,,,,,,,,,,,,,,,,,,,,,,,,p=ne;n=caille;oc=1,,,,,,,,,,,,p54616.htm#i546158,Unknown_Niall_(1),,Ingen_Niall_Caille-1,
Q141255,Q1282676,,,,,,,,,,,,,,,,,,,,,,,,,,,,,p=donncad;n=midi|p=donnchad;n=mac domhnal,,,,,,,,,,,,p15012.htm#i150111|p54616.htm#i546152,Donnchad_Mac_Domhnal_(1),,Mac_Domnaill-5,
Q141256,Q76121964,,,,,,,,,,,,,,,,,,,,,,,,,,,,,,,,,,,,,,,,,p54617.htm#i546167,,,,
Q141257,Q76121968,,,,,,,,,,,,,,,,,,,,,,,,,,,,,,,,,,,,,,,,,p54617.htm#i546170,,,,
Q141258,Q75675838,,,,,,,,,,,,,,,,,,,,,,,,,,,,,,,,,,,,,,,,,p28410.htm#i284092,,,Mac_Domnall-2,
Q141259,Q80222007,,,,,,,,,,,,,,,,,,,,,,,,,,,,,,,,,,,,,,,,,,,,,
Q141260,Q80222013,,,,,,,,,,,,,,,,,,,,,,,,,,,,,,,,,,,,,,,,,,,,,
Q141261,Q80227968,,,,,,,,,,,,,,,,,,,,,,,,,,,,,,,,,,,,,,,,,,,,,
Q141262,Q1283158,,,,,,,,,,,,,,,,,,,,,,,,,,,,,,,,,,,,,,,,,p15012.htm#i150113,Conchobar_mac_Donnchada_(1),,Mac_Donnchada-8,
Q141263,Q19918417,,,,,,,,,,,,,,,,,,,,,,,,,,,,,,,,,,,,,,,,,,,,,
Q141264,Q60834763,,,,,,,,,,,,,,,,,,,,,,,,,,,,,p=flann;n=mac conaing,,,,,,,,,,,,p54614.htm#i546132,Flann_Mac_Conang_(1),,Mac_Flainn-2,
Q141265,Q8078793,,,,,,,,,,,,,,,,,,,,,,,,,,,,,,,,,,,,,,,,,,Órlaith_ingen_Cennétig_(1),,,
Q141266,Q5310470,,,,,,,,,,,,,,,,,,,,,,,,,,,,,,,,,,,,,,,,,,,,,
Q141267,Q2946395,,,,,,,,,,,,,,,,,,,,,,,,,,,,,,,,,,,,,,,,,p54659.htm#i546583,Cerball_mac_Muirecáin_(1),,Mac_Muirecáin-1,
Q141268,Q1143975,,,,,,,,,,,,,,,,,,,,,,,,,,,,,p=comac;n=mac cuilennan,,,,,,,,,,,,p66737.htm#i667367,,,,
Q141269,Q6950285,,,,,,,,,,,,,,,,,,,,,,,,,,,,,,,,,,,,,,,,,p54619.htm#i546181,,,Of_Connacht-1,
Q141270,Q75451342,,,,,,,,,,,,,,,,,,,,,,,,,,,,,,,,,,,,,,,,,p15013.htm#i150126,,,,
Q141271,Q75675831,,,,,,,,,,,,,,,,,,,,,,,,,,,,,,,,,,,,,,,,,p28409.htm#i284089,Muirchertach_ua_Néill_(1),,,
Q141272,Q76121996,,,,,,,,,,,,,,,,,,,,,,,,,,,,,,,,,,,,,,,,,p54619.htm#i546190,,,,
Q141273,Q76121995,,,,,,,,,,,,,,,,,,,,,,,,,,,,,,,,,,,,,,,,,p54619.htm#i546189,,,,
Q141274,Q3481137,,,,,,,,,,,,,,,,,,,,,,,,,,,,,,,,,,,,,,,,,,,,,
Q141275,Q106163260,,,,,,,,,,,,,,,,,,,,,,,,,,,,,,,,,,,,,,,,,,,,,
Q141276,Q112962417,,,,,,,,,,,,,,,,,,,,,,,,,,,,,,,,,,,,,,,,,,,,Ingen_Gilla_Pátraic-2,I00602902
Q141277,Q133796453,,,,,,,,,,,,,,,,,,,,,,,,,,,,,,,,,,,,,,,,,,,,Þórarinsson-73,
Q141278,Q16126735,,,,,,,,,,,,,,,,,,,,,,,,,,,,,,,,,,,,,,,,,,,,,
Q141279,Q949122,,,,,,,,,,,,,,,,,,,,,,,,,,,,,,,,,,,,,,,,,,Dag_Unknown_(2),,Dyggvesson-1,
Q141280,Q2313495,,,,,,,,,,,,,,,,,,,,,,,,,,,,,,,,,,,,,,,,,,,,,
Q141281,Q232981,,,,,,,,,,,,,,,,,,,,,,,,person/da1888e4-7139-467f-95fb-9c8d9c1b60ef,,,144781,,,,,,,,,,,,,,,,,Eudoxia-1,I00248952
Q141282,Q642469,,,,,,,,,,,,,,,,,,,,,,,,,,,,,,,,,,,,,,,,,,Areobindus_Dagalaiphus_Areobindus_(1),,,I00771241
Q141284,Q741525,,,,,,,,,,,,,,,,,,,,,,,,,,,,,p=matfrid;n=.|p=matfrid;n=d orleans,,,,,,,,,,,,p67278.htm#i672774,,,,
Q141285,Q687115,,,,,,,,,,,,,,,,,,,,,,,,,,,,,p=eberhard;n=konradiner,,,,,,,,,,,,,Eberhard_of_Franconia_(1),,,
Q141286,Q76298893,,,,,,,,,,,,,,,,,,,,,,,,,,,,,p=wiltrud;n=.,,,,,,,,,,,,p67182.htm#i671820,Wiltrud_Unknown_(2),,Wormsgau-33,I00313105
Q141287,Q1580333,,,,,,,,,,,,,,,,,,,,,,,,,,,,,p=konrad kurzbold;n=konradiner,,,,,,,,,,,,,,,,
Q141288,Q76299380,,,,,,,,,,,,,,,,,,,,,,,,,,,,,,,,,,,,,,,,,p67215.htm#i672148,,,,
Q141289,Q76298681,,,,,,,,,,,,,,,,,,,,,,,,,,,,,,,,,,,,,,,,,p67169.htm#i671690,,,,
Q141290,Q76298521,,,,,,,,,,,,,,,,,,,,,,,,,,,,,,,,,,,,,,,,,p67160.htm#i671593,,,,
Q141291,Q76298551,,,,,,,,,,,,,,,,,,,,,,,,,,,,,,,,,,,,,,,,,p67162.htm#i671614,,,,
Q141292,Q76298852,,,,,,,,,,,,,,,,,,,,,,,,,,,,,,,,,,,,,,,,,p67180.htm#i671794,,,,
Q141293,Q76298548,,,,,,,,,,,,,,,,,,,,,,,,,,,,,,,,,,,,,,,,,p67162.htm#i671612,,,,
Q141294,Q76298755,,,,,,,,,,,,,,,,,,,,,,,,,,,,,,,,,,,,,,,,,p67174.htm#i671737,,,,
Q141295,Q76298593,,,,,,,,,,,,,,,,,,,,,,,,,,,,,,,,,,,,,,,,,p67164.htm#i671636,,,,
Q141296,Q76298768,,,,,,,,,,,,,,,,,,,,,,,,,,,,,,,,,,,,,,,,,p67175.htm#i671744,,,,
Q141297,Q76298874,,,,,,,,,,,,,,,,,,,,,,,,,,,,,,,,,,,,,,,,,p67181.htm#i671808,,,,
Q141298,Q76298855,,,,,,,,,,,,,,,,,,,,,,,,,,,,,,,,,,,,,,,,,p67180.htm#i671796,,,,
Q141299,Q76298888,,,,,,,,,,,,,,,,,,,,,,,,,,,,,,,,,,,,,,,,,p67182.htm#i671817,,,,
Q141300,Q76298829,,,,,,,,,,,,,,,,,,,,,,,,,,,,,,,,,,,,,,,,,p67178.htm#i671780,,,,
Q141301,Q76298579,,,,,,,,,,,,,,,,,,,,,,,,,,,,,,,,,,,,,,,,,p67163.htm#i671629,,,,
Q141302,Q76298869,,,,,,,,,,,,,,,,,,,,,,,,,,,,,,,,,,,,,,,,,p67181.htm#i671805,,,,
Q141303,Q76299002,,,,,,,,,,,,,,,,,,,,,,,,,,,,,,,,,,,,,,,,,p67189.htm#i671889,,,,
Q141304,Q76299621,,,,,,,,,,,,,,,,,,,,,,,,,,,,,,,,,,,,,,,,,p67233.htm#i672327,,,,
Q141305,Q76299136,,,,,,,,,,,,,,,,,,,,,,,,,,,,,,,,,,,,,,,,,p67199.htm#i671981,,,,I00280720
Q141306,Q2447650,,,,,,,,,,,,,,,,,,,,,,,,person/1d9bb3b0-496b-4e9d-b366-db6d71155fd8,,,323066,,p=sico;n=di benevento,,,,,,,,,,,,,Sico_of_Benevento_(1),,Benevento-20,I00772012
Q141307,Q2265871,,,,,,,,,,,,,,,,,,,,,,,,person/9086bbba-f360-4d92-b703-d82493a2e43a,,,,,p=sicard;n=di benevento,,,,,,,,,,,,,Sicard_of_Benevento_(1),,,
Q141308,Q2518603,,,,,,,,,,,,,,,,,,,,,,,,,,,,,,,,,,,,,,,,,,Sico_of_Salerno_(1),,,
Q141309,Q557708,,,,,,,,,,,,,,,,,,,,,,,,,,,,,p=guido;n=di spoleto;oc=2,,,,,,,,,,,,,Guy_IV_of_Spoleto_(1),,Spoleto-40,
Q141310,Q107449429,,,,,,,,,,,,,,,,,,,,,,,,,,,,,p=itta;n=di spoleto,,,,,,,,,,,,,Itta_di_Spoleto_(1),,Spoleto-37,I00304057
Q141311,Q2423059,,,,,,,,,,,,,,,,,,,,,,,,,,,,,p=adelchi;n=di benevento,,,,,,,,,,,,,,,Benevento-16,I00772010
Q141312,Q2178197,,,,,,,,,,,,,,,,,,,,,,,,,,,,,p=bonifacio;n=di toscana,,,,,,,,,,,,,"Bonifacio,_Count_di_Lucca_(2)",,Toscana-5,I00020665
Q141313,Q3725339,,,,,,,,,,,,,,,,,,,,,,,,,,,,,p=ingeltrude;n=.|p=ingeltrude;n=.;oc=1,,,,,,,,,,,,,,,UNKNOWN-42026,
Q141314,Q897146,,,,,,,,,,,,,,,,,,,,,,,,,,,,,,,,,,,,,,,,,,,,,
Q141317,Q76101981,,,,,,,,,,,,,,,,,,,,,,,,,,,,,p=gainfroy;n=de sens,,,,,,,,,,,,p53187.htm#i531862,,,,
Q141318,Q55281781,,,,,,,,,,,,,,,,,,,,,,,,,,,,,p=arding;n=di spoleto,,,,,,,,,,,,,,,,
Q141319,Q4019727,,,,,,,,,,,,,,,,,,,,,,,,,,,,,p=wifred;n=di spoleto,,,,,,,,,,,,,,,,
Q141320,Q2176375,,,,,,,,,,,,,,,,,,,,,,,,,,,,,p=adelgis;n=di spoleto;oc=2,,,,,,,,,,,,,,,,I00772014
Q141321,Q76300189,,,,,,,,,,,,,,,,,,,,,,,,,,,,,,,,,,,,,,,,,p67281.htm#i672805,,,,
Q141324,Q76300549,,,,,,,,,,,,,,,,,,,,,,,,,,,,,,,,,,,,,,,,,p67310.htm#i673095,,,,
Q141325,Q3142591,,,,,,,,,,,,,,,,,,,,,,,,,,,,,p=hugues;n=de laon,,,,,,,,,,,,,,,,
Q141326,Q59416749,,,,,,,,,,,,,,,,,,,,,,,,,,,,,,,,,,,,,,,,,,,,,
Q141327,Q76299835,,,,,,,,,,,,,,,,,,,,,,,,,,,,,,,,,,,,,,,,,p67251.htm#i672506,,,,
Q141328,Q896142,,,,,,,,,,,,,,,,,,,,,,,,,,,,,,,,,,,,,,,,,,Herman_von_Bliesgau_(1),,,
Q141329,Q103560373,,,,,,,,,,,,,,,,,,,,,,,,,,,,,p=ne;n=n;oc=59737,,,,,,,,,,,,,,,,I00080189
Q141330,Q1350016,,,,,,,,,,,,,,,,,,,,,,,,,,,164405,,p=erenfried;n=de bonngau;oc=2,,,sw.213087,,,,,,,,,p67335.htm#i673343,Erenfried_II_(1),,Keldachgau-2,I00080190
Q141334,Q76300101,,,,,,,,,,,,,,,,,,,,,,,,,,,1248367,,p=manegold;n=von nellenburg;oc=1,,,,,,,,,,,,p67274.htm#i672733|p67276.htm#i672751,,,Of_Nellenburg-5,I00367328
Q141335,Q76300005,,,,,,,,,,,,,,,,,,,,,,,,,,,,,p=elisabeth;n=von montfort;oc=3,,,,,,,,,,,,p67266.htm#i672658,,,Of_Montfort-2,I00164600
Q141336,Q76299620,,,,,,,,,,,,,,,,,,,,,,,,,,,,,,,,,,,,,,,,,p67233.htm#i672326,,,,
Q141337,Q3577174,,,,,,,,,,,,,,,,,,I24549,,,,,,,,,,,,,,,,,,,,,,,p17600.htm#i175991,Æthelstan_Half-King_(1),,,
Q141338,Q96087188,,,,,,,,,,,,,,,,,,I24550,,,,,,,,,,,,,,,,,,,,,,,,,,Mercia-269,
Q141339,Q3561432,,,,,,,,,,,,,,,,,,I24551,,,,,,,,,,,,,,,,,,,,,,,,"Æthelwine,_Ealdorman_of_East_Anglia_(1)",,,
Q141340,Q1405240,,,,,,,,,,,,,,,,,,,,,,,,,,,110783,,p=waltheof;n=of bamburgh,,,,,,,,,,,,,Waltheof_of_Bamburgh_(1),,Bamburg-5,I00435084
Q141341,Q3046324,,,,,,,,,,,,,,,,,,,,,,,,,,,,,,,,,,,,,,,,,,Eadwulf_Cudel_(1),,Cudel-1,
Q141342,Q21155602,,,,,,,,,,,,,,,,,,,,,,,,,,,948860,,p=aecgfrida;n=durham,,,,,,,,,,,,p58993.htm#i589924,"Ecgfrida_Unknown_(1)|Ecgfrida,_daughter_of_Aldune_of_Durham_(1)",,Durham-500,I00108327
Q141343,Q538077,,,,,,,,,,,,,,,,,,,,,,,,,,,,,,,,,,,,,,,,,,Oswulf_Unknown_(1),,Osulf-1,
Q141344,Q76186267,,,,,,,,,,,,,,,,,,,,,,,,,,,,,,,,,,,,,,,,,p58995.htm#i589944,,,,
Q141345,Q75483113,,,,,,,,,,,,,,,,,,,,,,,,,,,,,,,,,,,,,,,,,p16932.htm#i169315,Unknown_Earngrim_(1),,DeMercia-13,
Q141346,Q6909515,,,,,,,,,,,,,,,,,,,,,,,,,,,,,,,,,,,,,,,,,,Morcar_of_England_(1),,Mercia-274,
Q141347,Q272276,,,,,,,,,,,,,,,,,,,,,,,,,,,,,,,,,,,,,,,,,p15032.htm#i150315,,,,
Q141348,Q9255617,,,,,,,,,,,,,,,,,,,,,,,,,,,,,,,,,,,,,,,,,p17566.htm#i175658,,,,
Q141349,Q7716035,,,,,,,,,,,,,,,,,,,,,,,,,,,,,p=aelthryth;n=n,,,,,,,,,,,,p10646.htm#i106460,Aelfthryth_Unknown_(1),,Mercia-247,
Q141350,Q1063344,,,,,,,,,,,,,,,,,,,,,,,,,,,,,p=cynehelm;n=of mercia,,,,,,,,,,,,p15255.htm#i152549,,,Mercia-245,
Q141351,Q5197169,,,,,,,,,,,,,,,,,,,,,,,,,,,,,p=cwenthryth;n=of mercia,,,,,,,,,,,,p15255.htm#i152550,,,Mercia-246,
Q141352,Q75454842,,,,,,,,,,,,,,,,,,,,,,,,,,,,,p=burgenilda;n=of mercia,,,,,,,,,,,,p15256.htm#i152551,,,,
Q141353,Q75491992,,,,,,,,,,,,,,,,,,,,,,,,,,,,,p=coenwald;n=of mercia,,,,,,,,,,,,p17455.htm#i174543,,,,
Q141354,Q11937048,,,,,,,,,,,,,,,,,,,,,,,,,,,,,,,,,,,,,,,,,,,,,
Q141355,Q12123514,,,,,,,,,,,,,,,,,,,,,,,,,,,,,,,,,,,,,,,,,,,,,
Q141356,Q12075067,,,,,,,,,,,,,,,,,,,,,,,,,,,,,,,,,,,,,,,,,,,,,
Q141357,Q20065701,,,,,,,,,,,,,,,,,,,,,,,,,,,,,,,,,,,,,,,,,,,,,
Q141358,Q21556058,,,,,,,,,,,,,,,,,,,,,,,,,,,,,,,,,,,,,,,,,,,,,
Q141359,Q1753599,,,,,,,,,,,,,,,,,,,,,,,,,,,,,,,,,,,,,,,,,,,,,
Q141360,Q2713422,,,,,,,,,,,,,,,,,,,,,,,,,,,401249,,,,,,,,,,,,,,,Rhoemetalces_I_(1),,,I00738745
Q141361,Q110737967,,,,,,,,,,,,,,,,,,,,,,,,,,,,,,,,,,,,,,,,,,,,,I00738747
Q141362,Q3429923,,,,,,,,,,,,,,,,,,,,,,,,,,,,,,,,,,,,,,,,,,,,,I00738743
Q141363,Q466696,,,,,,,,,,,,,,,,,,,,,,,,,,,956452,,,,,,,,,,,,,,,"Berenice,_daughter_of_Herod_Agrippa_I_(1)",,,I00736528
Q141364,Q2708906,,alvin-person:51959,,,,,,,,,,,,,,,,,,,,,,,,,401215,,,,,,,,,,,,,,,,,,I00736384
Q141365,Q3216009,,,,,,,,,,,,,,,,,,,,,,,,,,,,,,,,,,,,,,,,,,,,,I00738134
Q141366,Q472423,,,,,,,,,,,,,,,,,,,,,,,,,,,,,,,,,,,,,,,,,,,,,
Q141367,Q240231,,,,,,,,,,,,,,,,,,,,,,,,,,,,,,,,,,,,,,,,,,,,,I00717543
Q141368,Q2463039,,,,,,,,,,,,,,,,,,,,,,,,,,,4462,,,,,,,,,,,,,,,,,,I00729171
Q141369,Q3631240,,,,,,,,,,,,,,,,,,,,,,,,,,,,,,,,,,,,,,,,,,,,,
Q141370,Q7636567,,,,,,,,,,,,,,,,,,,,,,,,,,,,,,,,,,,,,,,,,,,,,
Q141371,Q12119006,,,,,,,,,,,,,,,,,,,,,,,,,,,,,,,,,,,,,,,,,,,,,
Q141372,Q98690973,,,,,,,,,,,,,,,,,,,,,,,,,,,,,,,,,,,,,,,,,,,,,
Q141373,Q15712137,,,,,,,,,,,,,,,,,,,,,,,,,,,,,,,,,,,,,,,,,,,,,
Q141374,Q432141,,,,,,,,,,,,,,,,,,,,,,,,,,,,,,,,,,,,,,,,,,"Valeria,_wife_of_Sulla_(1)",,,I00736165
Q141375,Q445777,,,,,,,,,,,,,,,,,,,,,,,,,,,167463,,,,,,,,,,,,,,,Gnaeus_Domitius_Ahenobarbus_(consul_122_BC)_(1),,,I00735893
Q141376,Q108470,,,,,,,,,,,,,,,,,,,,,,,,,,,,,,,,,,,,,,,,,,,,,
Q141377,Q445752,,,,,,,,,,,,,,,,,,,,,,,,,,,167462,,,,,,,,,,,,,,,Gnaeus_Domitius_Ahenobarbus_(consul_96_BC)_(1),,,I00735894
Q141378,Q1243849,,,,,,,,,,,,,,,,,,,,,,,,,,,,,,,,,,,,,,,,,,,,,I00801012
Q141379,Q463000,,,,,,,,,,,,,,,,,,,,,,,,,,,,,,,,,,,,,,,,,,,,,I00735887
Q141380,Q357148,,,,,,,,,,,,,,,,,,,,,,,,,,,,,,,,,,,,,,,,,,,,,
Q141381,Q108667666,,,,,,,,,,,,,,,,,,,,,,,,,,,,,,,,,,,,,,,,,,,,,
Q141382,Q320902,,,,,,,,,,,,,,,,,,,,,,,,,,,,,,,,,,,,,,,,,,,,,I00735884
Q141383,Q469712,,,,,,,,,,,,,,,,,,,,,,,,,,,,,,,,,,,,,,,,,,,,,I00735883
Q141384,Q11222105,,,,,,,,,,,,,,,,,,,,,,,,,,,,,,,,,,,,,,,,,,,,,
Q141385,Q947607,,,,,,,,,,,,,,,,,,,,,,,,,,,1465101,,,,,,,,,,,,,,,,,,
Q141386,Q11943247,,,,,,,,,,,,,,,,,,,,,,,,,,,,,,,,,,,,,,,,,,,,,
Q141387,Q348518,,,,,,,,,,,,,,,,,,,,,,,,,,,1465106,,,,,,,,,,,,,,,,,,
Q141388,Q11017318,,,,,,,,,,,,,,,,,,,,,,,,,,,,,,,,,,,,,,,,,,,,,
Q141389,Q4245557,,,,,,,,,,,,,,,,,,,,,,,,,,,,,,,,,,,,,,,,,,,,,
Q141390,Q106641929,,,,,,,,,,,,,,,,,,,,,,,,,,,,,,,,,,,,,,,,,,,,,
Q141391,Q779957,,,,,,,,,,,,,,,,,,,,,,,,,,,132745,,,,,,,,,,,,,,,Gaius_Claudius_Pulcher_(1),,,I00735604
Q141392,Q583523,,,,,,,,,,,,,,,,,,,,,,,,,,,,,,,,,,,,,,,,,,,,,I00735602
Q141393,Q15685671,,,,,,,,,,,,,,,,,,,,,,,,,,,107550,,,,,,,,,,,,,,,,,,
Q141394,Q212109,,,,,,,,,,,,,,,,,,,,,,,,,,,,,,,,,,,,,,,,,,Tiberius_Gracchus_(1),,,I00735601
Q141395,Q97656637,,,,,,,,,,,,,,,,,,,,,,,,,,,,,,,,,,,,,,,,,,,,,
Q141396,Q97656739,,,,,,,,,,,,,,,,,,,,,,,,,,,,,,,,,,,,,,,,,,,,,
Q141397,Q97656743,,,,,,,,,,,,,,,,,,,,,,,,,,,,,,,,,,,,,,,,,,,,,
Q141398,Q106419598,,,,,,,,,,,,,,,,,,,,,,,,,,,,,,,,,,,,,,,,,,,,,
Q141399,Q106420087,,,,,,,,,,,,,,,,,,,,,,,,,,,,,,,,,,,,,,,,,,,,,
Q141400,Q355768,,,,,,,,,,,,,,,,,,,,,,,,,,,455024,,,,,,,,,,,,,,,Quintus_Caecilius_Metellus_Macedonicus_(1),,,I00735442
Q141401,Q521435,,alvin-person:25593,,,,,,,,,,,,,,,,,,,,,,,,,,,,,,,,,,,,,,,,Marcus_Caecilius_Metellus_(consul)_(1),,,I00735445
Q141402,Q220978,,,,,,,,,,,,,,,,,,,,,,,,,,,,,,,,,,,,,,,,,,Lucius_Caecilius_Metellus_Diadematus_(1),,,I00735444
Q141403,Q459853,,alvin-person:25594,,,,,,,,,,,,,,,,,,,,,,,,,,,,,,,,,,,,,,,,Gaius_Caecilius_Metellus_Caprarius_(1),,,I00735446
Q141404,Q1025358,,,,,,,,,,,,,,,,,,,,,,,,,,,,,,,,,,,,,,,,,,,,,
Q141405,Q99844311,,,,,,,,,,,,,,,,,,,,,,,,,,,,,,,,,,,,,,,,,,,,,I00801011
Q141406,Q12109354,,,,,,,,,,,,,,,,,,,,,,,,,,,1465830,,,,,,,,,,,,,,,,,,
Q141407,Q347310,,,,,,,,,,,,,,,,,,,,,,,,,,,1465795,,,,,,,,,,,,,,,,,,
Q141408,Q29084,,,,,,,,,,,,,,,,,,,,,,,,,,,,,,,,,,,,,,,,,,,,,
Q141409,Q558402,,,,,,,,,,,,,,,,,,,,,,,,,,,,,,,,,,,,,,,,,,,,,
Q141410,Q109328759,,,,,,,,,,,,,,,,,,,,,,,,,,,,,,,,,,,,,,,,,,,,,
Q141411,Q107329199,,,,,,,,,,,,,,,,,,,,,,,,,,,,,,,,,,,,,,,,,,,,,
Q141412,Q172248,,alvin-person:25703,,,,,,,,,,,,,,,,,,,,,,person/EC6BAF45-1893-47A3-A809-FEEA343ABD6D,,,84113,,,,,,,,,,,,,,,,,,I00716796
Q141413,Q3655306,,,,,,,,,,,,,,,,,,,,,,,,,,,1465834,,,,,,,,,,,,,,,,,,I00736104
Q141414,Q461531,,,,,,,,,,,,,,,,,,,,,,,,,,,,,,,,,,,,,,,,,,Caecilia_Metella_Calva_(1),,,I00735455
Q141415,Q370603,,,,,,,,,,,,,,,,,,,,,,,,,,,1465835,,,,,,,,,,,,,,,Marcus_Terentius_Varro_Lucullus_(1),,,I00735458
Q141416,Q2090689,,,,,,,,,,,,,,,,,,,,,,,,,,,1465202,,,,,,,,,,,,,,,Servilia_the_Younger_(1),,,I00716801
Q141417,Q11934113,,,,,,,,,,,,,,,,,,,,,,,,,,,1465203,,,,,,,,,,,,,,,,,,
Q141418,Q16548645,,,,,,,,,,,,,,,,,,,,,,,,,,,,,,,,,,,,,,,,,,,,,
Q141419,Q3656438,,,,,,,,,,,,,,,,,,,,,,,,,,,,,,,,,,,,,,,,,,,,,I00736092
Q141420,Q5079120,,alvin-person:26348,,,,,,,,,,,,,,,,,,,,,,,,,,,,,,,,,,,,,,,,,,,
Q141421,Q111418990,,,,,,,,,,,,,,,,,,,,,,,,,,,,,,,,,,,,,,,,,,,,,I00736021
Q141422,Q111419067,,,,,,,,,,,,,,,,,,,,,,,,,,,,,,,,,,,,,,,,,,,,,I00736020
Q141423,Q57331818,,,,,,,,,,,,,,,,,,,,,,,,,,,,,,,,,,,,,,,,,,,,,
Q141424,Q469853,,,,,,,,,,,,,,,,,,,,,,,,,,,559747,,,,,,,,,,,,,,,,,,
Q141425,Q5427629,,,,,,,,,,,,,,,,,,,,,,,,,,,,,,,,,,,,,,,,,,,,,I00735974
Q141426,Q622129,,,,,,,,,,,,,,,,,,,,,,,,,,,,,,,,,,,,,,,,,,,,,
Q141427,Q655711,,,,,,,,,,,,,,,,,,,,,,,,,,,,,,,,,,,,,,,,,,,,,I00736108
Q141428,Q108541173,,,,,,,,,,,,,,,,,,,,,,,,,,,,,,,,,,,,,,,,,,,,,
Q141429,Q108541192,,,,,,,,,,,,,,,,,,,,,,,,,,,,,,,,,,,,,,,,,,,,,
Q141430,Q11007600,,,,,,,,,,,,,,,,,,,,,,,,,,,,,,,,,,,,,,,,,,,,,
Q141431,Q525629,,,,,,,,,,,,,,,,,,,,,,,,,,,,,,,,,,,,,,,,,,,,,I00735631
Q141432,Q1233815,,,,,,,,,,,,,,,,,,,,,,,,,,,,,,,,,,,,,,,,,,,,,I00735633
Q141433,Q106767288,,,,,,,,,,,,,,,,,,,,,,,,,,,,,,,,,,,,,,,,,,,,,
Q141434,Q1226298,,,,,,,,,,,,,,,,,,,,,,,,,,,1465790,,,,,,,,,,,,,,,,,Silanus-1,
Q141435,Q3021006,,,,,,,,,,,,,,,,,,,,,,,,,,,1465791,,,,,,,,,,,,,,,,,,
Q141436,Q522299,,,,,,,,,,,,,,,,,,,,,,,,,,,1465788,,,,,,,,,,,,,,,,,,
Q141437,Q16705384,,,,,,,,,,,,,,,,,,,,,,,,,,,,,,,,,,,,,,,,,,,,,
Q141438,Q193506,,alvin-person:25645,,,,,,,,,,,,,,,,,,,,,,,,,205223,,,,,,,,,,,,,,,Cato_the_Younger_(1),,,I00716788
Q141439,Q18280006,,,,,,,,,,,,,,,,,,,,,,,,,,,,,,,,,,,,,,,,,,,,,
Q141440,Q2629690,,,,,,,,,,,,,,,,,,,,,,,,,,,,,,,,,,,,,,,,,,,,,
Q141441,Q94959905,,,,,,,,,,,,,,,,,,,,,,,,,,,,,,,,,,,,,,,,,,,,,
Q141442,Q15711294,,,,,,,,,,,,,,,,,,,,,,,,,,,,,,,,,,,,,,,,,,,,,
Q141443,Q12293505,,,,,,,,,,,,,,,,,,,,,,,,,,,,,,,,,,,,,,,,,,,,,I00735975
Q141444,Q105337371,,,,,,,,,,,,,,,,,,,,,,,,,,,,,,,,,,,,,,,,,,,,,
Q141445,Q346415,,,,,,,,,,,,,,,,,,,,,,,,,,,,,,,,,,,,,,,,,,,,,
Q141446,Q61707795,,,,,,,,,,,,,,,,,,,,,,,,,,,,,,,,,,,,,,,,,,,,,
Q141447,Q61707800,,,,,,,,,,,,,,,,,,,,,,,,,,,,,,,,,,,,,,,,,,,,,
Q141448,Q7234050,,,,,,,,,,,,,,,,,,,,,,,,,,,1465060,,,,,,,,,,,,,,,,,,
Q141449,Q928894,,,,,,,,,,,,,,,,,,,,,,,,,,,,,,,,,,,,,,,,,,Publius_Cornelius_Scipio_(consul_16_BC)_(1),,,I00735542
Q141450,Q3925304,,,,,,,,,,,,,,,,,,,,,,,,,,,,,,,,,,,,,,,,,,,,,
Q141451,Q105761815,,,,,,,,,,,,,,,,,,,,,,,,,,,,,,,,,,,,,,,,,,,,,
Q141452,Q4383214,,,,,,,,,,,,,,,,,,,,,,,,,,,,,,,,,,,,,,,,,,,,,
Q141453,Q1230850,,,,,,,,,,,,,,,,,,,,,,,,,,,,,,,,,,,,,,,,,,,,,
Q141454,Q3655774,,,,,,,,,,,,,,,,,,,,,,,,,,,,,,,,,,,,,,,,,,,,,
Q141455,Q4383240,,,,,,,,,,,,,,,,,,,,,,,,,,,,,,,,,,,,,,,,,,,,,
Q141456,Q4269984,,,,,,,,,,,,,,,,,,,,,,,,,,,1465109,,,,,,,,,,,,,,,,,,
Q141457,Q334905,,,,,,,,,,,,,,,,,,,,,,,,,,,1465110,,,,,,,,,,,,,,,,,,
Q141458,Q433463,,,,,,,,,,,,,,,,,,,,,,,,,,,1465535,,,,,,,,,,,,,,,,,,I00716791
Q141459,Q99671041,,,,,,,,,,,,,,,,,,,,,,,,,,,,,,,,,,,,,,,,,,,,,I00735886
Q141460,Q100814917,,,,,,,,,,,,,,,,,,,,,,,,,,,,,,,,,,,,,,,,,,,,,
Q141461,Q745693,,,,,,,,,,,,,,,,,,,,,,,,,,,,,,,,,,,,,,,,,,Aufidius_Lurco_(1),,,I00735571
Q141462,Q94699005,,,,,,,,,,,,,,,,,,,,,,,,,,,,,,,,,,,,,,,,,,,,,I00736028
Q141463,Q11934081,,,,,,,,,,,,,,,,,,,,,,,,,,,,,,,,,,,,,,,,,,,,,
Q141464,Q107218365,,,,,,,,,,,,,,,,,,,,,,,,,,,,,,,,,,,,,,,,,,,,,
Q141465,Q259576,,,,,,,,,,,,,,,,,,,,,,,,,,,501181,,,,,,,,,,,,,,,Aemilia_Lepida_(fiancee_of_Claudius)_(1),,,I00735515
Q141466,Q111686007,,,,,,,,,,,,,,,,,,,,,,,,,,,,,,,,,,,,,,,,,,,,,
Q141467,Q450708,,alvin-person:26320,,,,,,,,,,,,,,,,,,,,,,,,,167401,,,,,,,,,,,,,,,Gaius_Asinius_Gallus_Saloninus_(1),,,I00735497
Q141468,Q19714708,,,,,,,,,,,,,,,,,,,,,,,,,,,,,,,,,,,,,,,,,,,,,
Q141469,Q3927935,,,,,,,,,,,,,,,,,,,,,,,,,,,,,,,,,,,,,,,,,,,,,
Q141470,Q521485,,,,,,,,,,,,,,,,,,,,,,,,,,,,,,,,,,,,,,,,,,,,,I00735963
Q141471,Q3656292,,,,,,,,,,,,,,,,,,,,,,,,,,,1464982,,,,,,,,,,,,,,,,,,
Q141472,Q101071804,,,,,,,,,,,,,,,,,,,,,,,,,,,,,,,,,,,,,,,,,,,,,
Q141473,Q11935164,,,,,,,,,,,,,,,,,,,,,,,,,,,1464981,,,,,,,,,,,,,,,,,,
Q141474,Q715499,,,,,,,,,,,,,,,,,,,,,,,,,,,164913,,,,,,,,,,,,,,,Publius_Licinius_Crassus_Dives_Mucianus_(1),,,I00736057
Q141475,Q91615986,,,,,,,,,,,,,,,,,,,,,,,,,,,,,,,,,,,,,,,,,,,,,
Q141476,Q432130,,,,,,,,,,,,,,,,,,,,,,,,,,,1464990,,,,,,,,,,,,,,,,,,
Q141477,Q294846,,alvin-person:25711,,,,,,,,,,,,,,,,,,,,,,,,,1464991,,,,,,,,,,,,,,,,,,
Q141478,Q11943248,,,,,,,,,,,,,,,,,,,,,,,,,,,,,,,,,,,,,,,,,,,,,
Q141479,Q11923665,,,,,,,,,,,,,,,,,,,,,,,,,,,,,,,,,,,,,,,,,,,,,
Q141480,Q297183,,,,,,,,,,,,,,,,,,,,,,,,,,,,,,,,,,,,,,,,,,Gaius_Gracchus_(1),,,I00735492
Q141481,Q97666578,,,,,,,,,,,,,,,,,,,,,,,,,,,,,,,,,,,,,,,,,,,,,
Q141482,Q4413354,,,,,,,,,,,,,,,,,,,,,,,,,,,,,,,,,,,,,,,,,,,,,
Q141483,Q111419777,,,,,,,,,,,,,,,,,,,,,,,,,,,,,,,,,,,,,,,,,,,,,
Q141484,Q343191,,,,,,,,,,,,,,,,,,,,,,,,,,,,,,,,,,,,,,,,,,,,,
Q141485,Q1236503,,,,,,,,,,,,,,,,,,,,,,,,,,,580869,,,,,,,,,,,,,,,,,,
Q141486,Q6697582,,,,,,,,,,,,,,,,,,,,,,,,,,,,,,,,,,,,,,,,,,,,,
Q141487,Q654348,,,,,,,,,,,,,,,,,,,,,,,,,,,,,,,,,,,,,,,,,,,,,
Q141488,Q2292963,,,,,,,,,,,,,,,,,,,,,,,,,,,,,,,,,,,,,,,,,,,,,I00735502
Q141489,Q508134,,,,,,,,,,,,,,,,,,,,,,,,,,,167377,,,,,,,,,,,,,,,,,,I00736167
Q141490,Q1225430,,,,,,,,,,,,,,,,,,,,,,,,,,,,,,,,,,,,,,,,,,,,,I00736169
Q141491,Q313398,,,,,,,,,,,,,,,,,,,,,,,,,,,,,,,,,,,,,,,,,,,,,I00735678
Q141492,Q93786,,,,,,,,,,,,,,,,,,,,,,,,,,,,,,,,,,,,,,,,,,,,,
Q141493,Q111288660,,,,,,,,,,,,,,,,,,,,,,,,,,,,,,,,,,,,,,,,,,,,,
Q141494,Q983266,,,,,,,,,,,,,,,,,,,,,,,,,,,,,,,,,,,,,,,,,,,,,
Q141495,Q54552575,,,,,,,,,,,,,,,,,,,,,,,,,,,,,,,,,,,,,,,,,,,,,
Q141496,Q54553319,,,,,,,,,,,,,,,,,,,,,,,,,,,,,,,,,,,,,,,,,,,,,
Q141497,Q343795,,,,,,,,,,,,,,,,,,,,,,,,,,,,,,,,,,,,,,,,,,,,,
Q141498,Q277544,,,,,,,,,,,,,,,,,,,,,,,,,,,,,,,,,,,,,,,,,,,,,I00800985
Q141499,Q722935,,,,,,,,,,,,,,,,,,,,,,,,,,,167374,,,,,,,,,,,,,,,Marcus_Valerius_Messalla_Niger_(1),,,I00735940
Q141500,Q12141786,,,,,,,,,,,,,,,,,,,,,,,,,,,,,,,,,,,,,,,,,,,,,I00735939
Q141501,Q93258316,,,,,,,,,,,,,,,,,,,,,,,,,,,,,,,,,,,,,,,,,,,,,
Q141502,Q1283545,,,,,,,,,,,,,,,,,,,,,,,,,,,,,,,,,,,,,,,,,,,,,
Q141503,Q107128610,,,,,,,,,,,,,,,,,,,,,,,,,,,,,,,,,,,,,,,,,,,,,
Q141504,Q316775,,,,,,,,,,,,,,,,,,,,,,,,,,,,,,,,,,,,,,,,,,,,,
Q141505,Q15628718,,,,,,,,,,,,,,,,,,,,,,,,,,,,,,,,,,,,,,,,,,,,,
Q141506,Q1164963,,,,,,,,,,,,,,,,,,,,,,,,,,,,,,,,,,,,,,,,,,,,,
Q141507,Q3655959,,,,,,,,,,,,,,,,,,,,,,,,,,,,,,,,,,,,,,,,,,,,,
Q141508,Q104224002,,,,,,,,,,,,,,,,,,,,,,,,,,,,,,,,,,,,,,,,,,,,,
Q141509,Q718560,,,,,,,,,,,,,,,,,,,,,,,,,,,,,,,,,,,,,,,,,,,,,I00735935
Q141510,Q718967,,,,,,,,,,,,,,,,,,,,,,,,,,,,,,,,,,,,,,,,,,,,,
Q141511,Q718990,,,,,,,,,,,,,,,,,,,,,,,,,,,,,,,,,,,,,,,,,,,,,
Q141512,Q107128136,,,,,,,,,,,,,,,,,,,,,,,,,,,,,,,,,,,,,,,,,,,,,
Q141513,Q655010,,,,,,,,,,,,,,,,,,,,,,,,,,,,,,,,,,,,,,,,,,,,,
Q141514,Q1237478,,,,,,,,,,,,,,,,,,,,,,,,,,,,,,,,,,,,,,,,,,,,,
Q141515,Q738590,,,,,,,,,,,,,,,,,,,,,,,,,,,359918,,,,,,,,,,,,,,,Lucius_Vipstanus_Messalla_(1),,,
Q141516,Q131731143,,,,,,,,,,,,,,,,,,,,,,,,,,,,,,,,,,,,,,,,,,,,,I00801079
Q141517,Q1372970,,,,,,,,,,,,,,,,,,,,,,,,,,,,,,,,,,,,,,,,,,,,,I00695417
Q141518,Q432100,,,,,,,,,,,,,,,,,,,,,,,,,,,205222,,,,,,,,,,,,,,,,,,I00695418
Q141519,Q232229,,,,,,,,,,,,,,,,,,,,,,,,,,,90670,,,,,,,,,,,,,,,Servilia_Caepionis_(1),,,I00716798
Q141520,Q15628809,,,,,,,,,,,,,,,,,,,,,,,,,,,1465531,,,,,,,,,,,,,,,,,,
Q141521,Q12293607,,,,,,,,,,,,,,,,,,,,,,,,,,,,,,,,,,,,,,,,,,,,,I00735882
Q141522,Q108647925,,,,,,,,,,,,,,,,,,,,,,,,,,,,,,,,,,,,,,,,,,,,,
Q141523,Q11949619,,,,,,,,,,,,,,,,,,,,,,,,,,,,,,,,,,,,,,,,,,,,,
Q141524,Q1283539,,alvin-person:25658,,,,,,,,,,,,,,,,,,,,,,,,,,,,,,,,,,,,,,,,,,,
Q141525,Q6697574,,,,,,,,,,,,,,,,,,,,,,,,,,,,,,,,,,,,,,,,,,,,,
Q141526,Q720516,,,,,,,,,,,,,,,,,,,,,,,,,,,,,,,,,,,,,,,,,,,,,
Q141527,Q7170,,alvin-person:27224,,,,,,,,,,,,,,,,,,,,,,person/07C36F79-2C68-42CB-A9A3-99F88F2E8A65,,,,,,,,,,,,,,,,,,,,,
Q141528,Q1399513,,,,,,,,,,,,,,,,,,,,,,,,,,,,,,,,,,,,,,,,,,,,,
Q141529,Q7881721,,,,,,,,,,,,,,,,,,,,,,,,,,,,,,,,,,,,,,,,,,,,,
Q141530,Q1227252,,,,,,,,,,,,,,,,,,,,,,,,,,,,,,,,,,,,,,,,,,,,,I00735516
Q141531,Q1231983,,,,,,,,,,,,,,,,,,,,,,,,,,,1465753,,,,,,,,,,,,,,,,,,
Q141532,Q2391729,,,,,,,,,,,,,,,,,,,,,,,,,,,,,,,,,,,,,,,,,,Junia_Lepida_(1),,Lepida-6,I00735524
Q141533,Q329271,,,,,,,,,,,,,,,,,,,,,,,,,,,1465752,,,,,,,,,,,,,,,Decimus_Junius_Silanus_Torquatus_(1),,,I00735520
Q141534,Q1233616,,,,,,,,,,,,,,,,,,,,,,,,,,,1465152,,,,,,,,,,,,,,,Marcus_Junius_Silanus_Torquatus_(1),,,I00735517
Q141535,Q1235522,,,,,,,,,,,,,,,,,,,,,,,,,,,1465173,,,,,,,,,,,,,,,Lucius_Vitellius_the_Younger_(1),,,
Q141536,Q515834,,,,,,,,,,,,,,,,,,,,,,,,,,,,,,,,,,,,,,,,,,,,,
Q141537,Q737481,,,,,,,,,,,,,,,,,,,,,,,,,,,,,,,,,,,,,,,,,,,,,
Q141538,Q7810322,,,,,,,,,,,,,,,,,,,,,,,,,,,,,,,,,,,,,,,,,,,,,
Q141539,Q545141,,,,,,,,,,,,,,,,,,,,,,,,,,,,,,,,,,,,,,,,,,,,,
Q141540,Q672564,,,,,,,,,,,,,,,,,,,,,,,,,,,,,,,,,,,,,,,,,,,,,
Q141541,Q2321555,,,,,,,,,,,,,,,,,,,,,,,,,,,,,,,,,,,,,,,,,,,,,
Q141542,Q1416,,alvin-person:26428,,,,,,,,34507127,,,,,,,,,,,,,,person/F717993B-B50B-40D1-B4FD-1DEB947198A6,,,,,,,,,,,,,,,,,,,,,I00446805
Q141543,Q21634942,,,,,,,,,,,,,,,,,,,,,,,,,,,,,,,,,,,,,,,,,,,,,
Q141544,Q650813,,,,,,,,,,,,,,,,,,,,,,,,,,,,,,,,,,,,,,,,,,,,,
Q141545,Q3122988,,,,,,,,,,,,,,,,,,,,,,,,,,,,,,,,,,,,,,,,,,Sextia_(1),,,
Q141546,Q14852482,,,,,,,,,,,,,,,,,,,,,,,,,,,,,,,,,,,,,,,,,,,,,
Q141547,Q2378356,,,,,,,,,,,,,,,,,,,,,,,,,,,,,,,,,,,,,,,,,,,,,
Q141548,Q544399,,,,,,,,,,,,,,,,,,,,,,,,,,,,,,,,,,,,,,,,,,,,,
Q141549,Q111309220,,,,,,,,,,,,,,,,,,,,,,,,,,,,,,,,,,,,,,,,,,,,,
Q141550,Q12282800,,,,,,,,,,,,,,,,,,,,,,,,,,,,,,,,,,,,,,,,,,,,,
Q141551,Q1385205,,,,,,,,,,,,,,,,,,,,,,,,,,,1465124,,,,,,,,,,,,,,,,,,
Q141552,Q1371114,,,,,,,,,,,,,,,,,,,,,,,,,,,,,,,,,,,,,,,,,,,,,
Q141553,Q469118,,,,,,,,,,,,,,,,,,,,,,,,,,,,,,,,,,,,,,,,,,,,,I00800975
Q141554,Q12286105,,,,,,,,,,,,,,,,,,,,,,,,,,,,,,,,,,,,,,,,,,,,,
Q141555,Q4124150,,,,,,,,,,,,,,,,,,,,,,,,,,,,,,,,,,,,,,,,,,,,,
Q141556,Q4266052,,,,,,,,,,,,,,,,,,,,,,,,,,,1465184,,,,,,,,,,,,,,,,,,
Q141557,Q1232925,,,,,,,,,,,,,,,,,,,,,,,,,,,,,,,,,,,,,,,,,,,,,
Q141558,Q3658103,,,,,,,,,,,,,,,,,,,,,,,,,,,933383,,,,,,,,,,,,,,,Vistilia_(1),,,I00736129
Q141559,Q313066,,,,,,,,,,,,,,,,,,,,,,,,,,,559771,,,,,,,,,,,,,,,Gnaeus_Domitius_Corbulo_(1),,Domitius-2,I00446819
Q141560,Q774281,,,,,,,,,,,,,,,,,,,,,,,,,,,,,,,,,,,,,,,,,,,,,
Q141561,Q344263,,,,,,,,,,,,,,,,,,,,,,,,,,,,,,,,,,,,,,,,,,,,,
Q141562,Q559874,,,,,,,,,,,,,,,,,,,,,,,,,,,,,,,,,,,,,,,,,,,,,
Q141563,Q107850374,,,,,,,,,,,,,,,,,,,,,,,,,,,,,,,,,,,,,,,,,,,,,
Q141564,Q107851774,,,,,,,,,,,,,,,,,,,,,,,,,,,,,,,,,,,,,,,,,,,,,
Q141565,Q113494557,,,,,,,,,,,,,,,,,,,,,,,,,,,,,,,,,,,,,,,,,,,,,
Q141566,Q113496852,,,,,,,,,,,,,,,,,,,,,,,,,,,,,,,,,,,,,,,,,,,,,
Q141567,Q113496867,,,,,,,,,,,,,,,,,,,,,,,,,,,,,,,,,,,,,,,,,,,,,
Q141568,Q1873561,,,,,,,,,,,,,,,,,,,,,,,,,,,,,,,,,,,,,,,,,,,,,I00735646|I00801069
Q141569,Q108065626,,,,,,,,,,,,,,,,,,,,,,,,,,,,,,,,,,,,,,,,,,,,,I00735645
Q141570,Q164923,,,,,,,,,,,,,,,,,,,,,,,,,,,,,,,,,,,,,,,,,,,,,I00735525
Q141571,Q1239806,,,,,,,,,,,,,,,,,,,,,,,,,,,,,,,,,,,,,,,,,,,,,
Q141572,Q12093419,,,,,,,,,,,,,,,,,,,,,,,,,,,,,,,,,,,,,,,,,,,,,
Q141573,Q112898573,,,,,,,,,,,,,,,,,,,,,,,,,,,,,,,,,,,,,,,,,,,,,
Q141574,Q1917199,,,,,,,,,,,,,,,,,,,,,,,,,,,,,,,,,,,,,,,,,,,,,
Q141575,Q13634217,,,,,,,,,,,,,,,,,,,,,,,,,,,,,,,,,,,,,,,,,,,,,
Q141576,Q984421,,,,,,,,,,,,,,,,,,,,,,,,,,,187094,,,,,,,,,,,,,,,,,,I00736090
Q141577,Q469050,,,,,,,,,,,,,,,,,,,,,,,,,,,187092,,,,,,,,,,,,,,,,,,I00736089
Q141578,Q97616681,,,,,,,,,,,,,,,,,,,,,,,,,,,,,,,,,,,,,,,,,,,,,I00801085
Q141579,Q97617003,,,,,,,,,,,,,,,,,,,,,,,,,,,,,,,,,,,,,,,,,,,,,I00801086
Q141580,Q3655884,,,,,,,,,,,,,,,,,,,,,,,,,,,,,,,,,,,,,,,,,,,,,
Q141581,Q950770,,,,,,,,,,,,,,,,,,,,,,,,,,,,,,,,,,,,,,,,,,,,,I00735643
Q141582,Q106186,,,,,,,,,,,,,,,,,,,,,,,,,,,,,,,,,,,,,,,,,,,,,
Q141583,Q98241323,,,,,,,,,,,,,,,,,,,,,,,,,,,,,,,,,,,,,,,,,,,,,
Q141584,Q110321007,,,,,,,,,,,,,,,,,,,,,,,,,,,,,,,,,,,,,,,,,,,,,
Q141585,Q583552,,,,,,,,,,,,,,,,,,,,,,,,,,,,,,,,,,,,,,,,,,,,,
Q141586,Q1242010,,,,,,,,,,,,,,,,,,,,,,,,,,,,,,,,,,,,,,,,,,,,,I00735612
Q141587,Q102415922,,,,,,,,,,,,,,,,,,,,,,,,,,,,,,,,,,,,,,,,,,,,,
Q141588,Q131731279,,,,,,,,,,,,,,,,,,,,,,,,,,,,,,,,,,,,,,,,,,,,,I00735613
Q141589,Q1233627,,,,,,,,,,,,,,,,,,,,,,,,,,,,,,,,,,,,,,,,,,Marcus_Licinius_Crassus_Frugi_(1),,,I00736010
Q141590,Q774986,,,,,,,,,,,,,,,,,,,,,,,,,,,,,,,,,,,,,,,,,,Scribonia_Unknown_(3),,,I00736029
Q141591,Q1823589,,,,,,,,,,,,,,,,,,,,,,,,,,,,,,,,,,,,,,,,,,,,,I00736032
Q141592,Q764528,,,,,,,,,,,,,,,,,,,,,,,,,,,,,,,,,,,,,,,,,,,,,I00736011
Q141593,Q15711188,,,,,,,,,,,,,,,,,,,,,,,,,,,,,,,,,,,,,,,,,,,,,I00736030
Q141594,Q882953,,,,,,,,,,,,,,,,,,,,,,,,,,,,,,,,,,,,,,,,,,,,,I00736031
Q141595,Q11544694,,,,,,,,,,,,,,,,,,,,,,,,,,,,,,,,,,,,,,,,,,,,,
Q141596,Q94524209,,,,,,,,,,,,,,,,,,,,,,,,,,,,,,,,,,,,,,,,,,,,,I00735690
Q141597,Q93957250,,,,,,,,,,,,,,,,,,,,,,,,,,,,,,,,,,,,,,,,,,,,,
Q141598,Q93960344,,,,,,,,,,,,,,,,,,,,,,,,,,,,,,,,,,,,,,,,,,,,,
Q141599,Q15833814,,,,,,,,,,,,,,,,,,,,,,,,,,,,,,,,,,,,,,,,,,,,,
Q141600,Q93118843,,,,,,,,,,,,,,,,,,,,,,,,,,,,,,,,,,,,,,,,,,,,,
Q141601,Q93117204,,,,,,,,,,,,,,,,,,,,,,,,,,,,,,,,,,,,,,,,,,,,,
Q141602,Q518098,,,,,,,,,,,,,,,,,,,,,,,,,,,,,,,,,,,,,,,,,,,,,
Q141603,Q98998,,,,,,,,,,,,,,,,,,,,,,,,,,,,,,,,,,,,,,,,,,,,,
Q141604,Q100782783,,,,,,,,,,,,,,,,,,,,,,,,,,,,,,,,,,,,,,,,,,,,,
Q141605,Q2701125,,,,,,,,,,,,,,,,,,,,,,,,,,,,,,,,,,,,,,,,,,,,,I00735976
Q141606,Q4269998,,,,,,,,,,,,,,,,,,,,,,,,,,,,,,,,,,,,,,,,,,,,,
Q141607,Q3656275,,,,,,,,,,,,,,,,,,,,,,,,,,,,,,,,,,,,,,,,,,,,,
Q141608,Q108330342,,,,,,,,,,,,,,,,,,,,,,,,,,,,,,,,,,,,,,,,,,,,,
Q141609,Q355778,,,,,,,,,,,,,,,,,,,,,,,,,,,,,,,,,,,,,,,,,,Titus_Annius_Milo_(1),,,
Q141610,Q12118997,,,,,,,,,,,,,,,,,,,,,,,,,,,,,,,,,,,,,,,,,,,,,I00736006
Q141611,Q12285197,,alvin-person:25642,,,,,,,,,,,,,,,,,,,,,,,,,,,,,,,,,,,,,,,,,,,I00800993
Q141612,Q770792,,,,,,,,,,,,,,,,,,,,,,,,,,,,,,,,,,,,,,,,,,,,,I00736036|I00800999
Q141613,Q11472936,,,,,,,,,,,,,,,,,,,,,,,,,,,,,,,,,,,,,,,,,,,,,
Q141614,Q15707393,,,,,,,,,,,,,,,,,,,,,,,,,,,,,,,,,,,,,,,,,,,,,
Q141615,Q703346,,,,,,,,,,,,,,,,,,,,,,,,,,,1010705,,,,,,,,,,,,,,,,,,I00695419
Q141616,Q100804879,,,,,,,,,,,,,,,,,,,,,,,,,,,,,,,,,,,,,,,,,,,,,
Q141617,Q334907,,,,,,,,,,,,,,,,,,,,,,,,,,,,,,,,,,,,,,,,,,,,,I00735950
Q141618,Q857024,,,,,,,,,,,,,,,,,,,,,,,,,,,,,,,,,,,,,,,,,,,,,
Q141619,Q102450912,,,,,,,,,,,,,,,,,,,,,,,,,,,,,,,,,,,,,,,,,,,,,
Q141620,Q1241901,,,,,,,,,,,,,,,,,,,,,,,,,,,,,,,,,,,,,,,,,,,,,
Q141621,Q745746,,,,,,,,,,,,,,,,,,,,,,,,,,,,,,,,,,,,,,,,,,,,,
Q141622,Q11923625,,,,,,,,,,,,,,,,,,,,,,,,,,,,,,,,,,,,,,,,,,,,,
Q141623,Q123700081,,,,,,,,,,,,,,,,,,,,,,,,,,,,,,,,,,,,,,,,,,,,,
Q141624,Q123700098,,,,,,,,,,,,,,,,,,,,,,,,,,,,,,,,,,,,,,,,,,,,,
Q141625,Q1896383,,,,,,,,,,,,,,,,,,,,,,,,,,,,,,,,,,,,,,,,,,,,,
Q141626,Q123700553,,,,,,,,,,,,,,,,,,,,,,,,,,,,,,,,,,,,,,,,,,,,,
Q141627,Q298729,,,,,,,,,,,,,,,,,,,,,,,,,,,167364,,,,,,,,,,,,,,,,,,
Q141628,Q88870518,,,,,,,,,,,,,,,,,,,,,,,,,,,,,,,,,,,,,,,,,,,,,
Q141629,Q12285221,,,,,,,,,,,,,,,,,,,,,,,,,,,,,,,,,,,,,,,,,,,,,
Q141630,Q12145490,,,,,,,,,,,,,,,,,,,,,,,,,,,,,,,,,,,,,,,,,,,,,
Q141631,Q20101794,,,,,,,,,,,,,,,,,,,,,,,,,,,,,,,,,,,,,,,,,,,,,
Q141632,Q1159588,,,,,,,,,,,,,,,,,,,,,,,,,,,,,,,,,,,,,,,,,,,,,
Q141633,Q6587844,,,,,,,,,,,,,,,,,,,,,,,,,,,,,,,,,,,,,,,,,,,,,
Q141634,Q12118996,,,,,,,,,,,,,,,,,,,,,,,,,,,,,,,,,,,,,,,,,,,,,
Q141635,Q703362,,,,,,,,,,,,,,,,,,,,,,,,,,,,,,,,,,,,,,,,,,Lucius_Caecilius_Metellus_Dalmaticus_(1),,,I00735450
Q141636,Q586974,,,,,,,,,,,,,,,,,,,,,,,,,,,,,,,,,,,,,,,,,,,,,
Q141637,Q12286165,,,,,,,,,,,,,,,,,,,,,,,,,,,,,,,,,,,,,,,,,,,,,
Q141638,Q1158748,,,,,,,,,,,,,,,,,,,,,,,,,,,,,,,,,,,,,,,,,,,,,
Q141639,Q521507,,,,,,,,,,,,,,,,,,,,,,,,,,,,,,,,,,,,,,,,,,,,,I00736039
Q141640,Q1277391,,,,,,,,,,,,,,,,,,,,,,,,,,,,,,,,,,,,,,,,,,,,,
Q141641,Q716394,,,,,,,,,,,,,,,,,,,,,,,,,,,,,,,,,,,,,,,,,,,,,
Q141642,Q261441,,,,,,,,,,,,,,,,,,,,,,,,,,,,,,,,,,,,,,,,,,Publius_Mucius_Scaevola_(1),,,I00736059
Q141643,Q120435246,,,,,,,,,,,,,,,,,,,,,,,,,,,,,,,,,,,,,,,,,,,,,
Q141644,Q776343,,,,,,,,,,,,,,,,,,,,,,,,,,,1480179,,,,,,,,,,,,,,,Mamercus_Aemilius_Scaurus_(1),,,I00735679
Q141645,Q1241384,,,,,,,,,,,,,,,,,,,,,,,,,,,,,,,,,,,,,,,,,,,,,I00735590
Q141646,Q313680,,alvin-person:25662,,,,,,,,,,,,,,,,,,,,,,person/8A7E9995-B940-4343-B5C4-A52FBFE5C956,,,412203,,,,,,,,,,,,,,,,,,I00736013
Q141647,Q544348,,,,,,,,,,,,,,,,,,,,,,,,,,,,,,,,,,,,,,,,,,,,,I00735591
Q141648,Q41700509,,,,,,,,,,,,,,,,,,,,,,,,,,,,,,,,,,,,,,,,,,,,,I00736249
Q141649,Q175121,,,,,,,,,,,,,,,,,,,,,,,,,,,,,,,,,,,,,,,,,,,,,I00735504
Q141650,Q12271314,,,,,,,,,,,,,,,,,,,,,,,,,,,,,,,,,,,,,,,,,,,,,I00736016
Q141651,Q468932,,,,,,,,,,,,,,,,,,,,,,,,,,,,,,,,,,,,,,,,,,,,,I00736037
Q141652,Q1076644,,,,,,,,,,,,,,,,,,,,,,,,,,,,,,,,,,,,,,,,,,,,,
Q141653,Q105394650,,,,,,,,,,,,,,,,,,,,,,,,,,,,,,,,,,,,,,,,,,,,,
Q141654,Q153600,,,,,,,,,,,,,,,,,,,,,,,,,,,,,,,,,,,,,,,,,,,,,I00735548
Q141655,Q723485,,,,,,,,,,,,,,,,,,,,,,,,,,,,,,,,,,,,,,,,,,,,,I00735547
Q141656,Q94127670,,,,,,,,,,,,,,,,,,,,,,,,,,,,,,,,,,,,,,,,,,,,,
Q141657,Q4882584,,,,,,,,,,,,,,,,,,,,,,,,,,,,,,,,,,,,,,,,,,,,,I00716811
Q141658,Q666302,,,,,,,,,,,,,,,,,,,,,,,,,,,,,,,,,,,,,,,,,,Manius_Aemilius_Lepidus_(consul_11)_(1),,,I00716810
Q141659,Q111288570,,,,,,,,,,,,,,,,,,,,,,,,,,,,,,,,,,,,,,,,,,,,,
Q141660,Q94621,,,,,,,,,,,,,,,,,,,,,,,,,,,,,,,,,,,,,,,,,,,,,
Q141661,Q156173,,,,,,,,,,,,,,,,,,,,,,,,,,,379600,,,,,,,,,,,,,,,,,,
Q141662,Q30079723,,,,,,,,,,,,,,,,,,,,,,,,,,,,,,,,,,,,,,,,,,,,,
Q141663,Q4195288,,,,,,,,,,,,,,,,,,,,,,,,,,,,,,,,,,,,,,,,,,,,,
Q141665,Q2583477,,,,,,,,,,,,,,,,,,,,,,,,,,,,,,,,,,,,,,,,,,,,,I00736534
Q141666,Q2085552,,,,,,,,,,,,,,,,,,,,,,,,,,,,,,,,,,,,,,,,,,,,,I00736535
Q141667,Q2778094,,,,,,,,,,,,,,,,,,,,,,,,,,,169851,,,,,,,,,,,,,,,,,,I00736533
Q141668,Q254920,,,,,,,,,,,,,,,,,,,,,,,,,,,169742,,,,,,,,,,,,,,,Salome_I_(1),,,I00736524
Q141669,Q10308667,,,,,,,,,,,,,,,,,,,,,,,,,,,,,,,,,,,,,,,,,,,,,I00738003
Q141670,Q392315,,,,,,,,,,,,,,,,,,,,,,,,,,,,,,,,,,,,,,,,,,Cleopatra_of_Jerusalem_(1),,,
Q141671,Q266601,,,,,,,,,,,,,,,,,,,,,,,,,,,168993|339291,,,,,,,,,,,,,,,Mariamne_(second_wife_of_Herod)_(1),,,I00736482
Q141672,Q3714249,,,,,,,,,,,,,,,,,,,,,,,,,,,,,,,,,,,,,,,,,,,,,I00738009
Q141673,Q270607,,,,,,,,,,,,,,,,,,,,,,,,,,,,,,,,,,,,,,,,,,Mariamne_(third_wife_of_Herod)_(1),,,I00737999
Q141674,Q99337401,,,,,,,,,,,,,,,,,,,,,,,,,,,,,,,,,,,,,,,,,,,,,
Q141675,Q9258400,,,,,,,,,,,,,,,,,,,,,,,,,,,,,,,,,,,,,,,,,,,,,
Q141676,Q716075,,,,,,,,,,,,,,,,,,,,,,,,,,,865942,,,,,,,,,,,,,,,Aristobulus_IV_(1),,,I00736522
Q141677,Q345647,,,,,,,,,,,,,,,,,,,,,,,,,,,,,,,,,,,,,,,,,,Philip_the_Tetrarch_(1),,,
Q141678,Q9291696,,,,,,,,,,,,,,,,,,,,,,,,,,,,,,,,,,,,,,,,,,,,,
Q141679,Q3945337,,,,,,,,,,,,,,,,,,,,,,,,,,,,,,,,,,,,,,,,,,,,,I00736531
Q141680,Q11751802,,,,,,,,,,,,,,,,,,,,,,,,,,,,,,,,,,,,,,,,,,,,,I00738018
Q141681,Q10326261,,,,,,,,,,,,,,,,,,,,,,,,,,,,,,,,,,,,,,,,,,,,,I00737998
Q141682,Q230091,,,,,,,,,,,,,,,,,,,,,,,,term/e2fb6193-edee-4edd-af75-d78d4353e9fd,,,,,,,,,,,,,,,,,,Herodias_(1),,,I00736521
Q141683,Q228896,,,,,,,,,,,,,,,,,,,,,,,,term/79d34361-d361-4309-9e30-03775e22976d,,,,,,,,,,,,,,,,,,Salome_(1),,,I00736519
Q141684,Q17636596,,,,,,,,,,,,,,,,,,,,,,,,,,,,,,,,,,,,,,,,,,,,,
Q141685,Q453069,,,,,,,,,,,,,,,,,,,,,,,,,,,,,,,,,,,,,,,,,,Berenice_(daughter_of_Salome)_(1),,,I00736523
Q141686,Q298636,,,,,,,,,,,,,,,,,,,,,,,,person/8326c2ed-9de9-4dab-8143-64c624fbefb8,,,,,,,,,,,,,,,,,,Agrippa_I_(1),,,I00736529
Q141687,Q554603,,,,,,,,,,,,,,,,,,,,,,,,,,,577506,,,,,,,,,,,,,,,Herod_of_Chalcis_(1),,,I00736527
Q141688,Q3624250,,,,,,,,,,,,,,,,,,,,,,,,,,,,,,,,,,,,,,,,,,,,,I00738408
Q141689,Q6306142,,,,,,,,,,,,,,,,,,,,,,,,,,,379646,,,,,,,,,,,,,,,,,Herodian-1,
Q141690,Q2693710,,,,,,,,,,,,,,,,,,,,,,,,,,,,,,,,,,,,,,,,,,,,,I00736530
Q141691,Q313419,,,,,,,,,,,,,,,,,,,,,,,,,,,,,,,,,,,,,,,,,,Agrippa_II_(1),,,I00738831
Q141692,Q2742097,,,,,,,,,,,,,,,,,,,,,,,,,,,,,,,,,,,,,,,,,,Mariamne_(daughter_of_Herod_Agrippa_I)_(1),,,
Q141693,Q2983181,,,,,,,,,,,,,,,,,,,,,,,,,,,897792,,,,,,,,,,,,,,,,,,I00738735
Q141694,Q5517438,,,,,,,,,,,,,,,,,,,,,,,,,,,,,,,,,,,,,,,,,,,,,
Q141695,Q5517441,,,,,,,,,,,,,,,,,,,,,,,,,,,,,,,,,,,,,,,,,,,,Berenicianus-1,I00735531
Q141696,Q13479304,,,,,,,,,,,,,,,,,,,,,,,,,,,,,,,,,,,,,,,,,,,,Iotapa-1,
Q141697,Q6758263,,,,,,,,,,,,,,,,,,,,,,,,,,,,,,,,,,,,,,,,,,,,,I00738789
Q141698,Q5980697,,,,,,,,,,,,,,,,,,,,,,,,,,,,,,,,,,,,,,,,,,,,,I00738051
Q141699,Q347205,,,,,,,,,,,,,,,,,,,,,,,,,,,,,,,,,,,,,,,,,,,,,
Q141700,Q315461,,alvin-person:52246,,,,,,,,,,,,,,,,,,,,,,,,,139813,,,,,,,,,,,,,,,,,King_of_Parthia-5,I00717498
Q141701,Q25668663,,,,,,,,,,,,,,,,,,,,,,,,,,,,,,,,,,,,,,,,,,,,,
Q141702,Q3464506,,,,,,,,,,,,,,,,,,,,,,,,,,,,,,,,,,,,,,,,,,,,,
Q141703,Q235849,,,,,,,,,,,,,,,,,,,,,,,,term/25c9cbcb-4f12-40f2-b62b-7dfc523941fe,,,,,,,,,,,,,,,,,,,,,
Q141704,Q3245490,,,,,,,,,,,,,,,,,,,,,,,,,,,,,,,,,,,,,,,,,,,,,
Q141705,Q12871,,,,,,,,,,,,,,,,,,,,,,,,term/5273f474-4ede-4579-9ede-c4f006626012,,,,,,,,,,,,,,,,,,,,,
Q141706,Q39717,,,,,,,,,,,,,,,,,,,,,,,,,,,,,,,,,,,,,,,,,,,,,
Q141707,Q169363,,,,,,,,,,,,,,,,,,,,,,,,term/0de9eb5c-346c-4588-9ff7-bf7da6b0cdac,,,,,,,,,,,,,,,,,,,,,
Q141708,Q43999,,,,,,,,,,,,,,,,,,,,,,,,term/f8a14cdb-776f-4ab1-bd54-77b1b9d4ca6e,,,1230276|304126|505973,,,,,,,,,,,,,,,,,,
Q141709,Q44015,,,,,,,,,,6021,,,,,,,,,,,,,,,,,505981|304127|1230277,,,,,,,,,,,,,,,,,,
Q141710,Q328804,,,,,,,,,,,,,,,,,,,,,,,,,,,,,,,,,,,,,,,,,,,,,
Q141711,Q5694886,,,,,,,,,,,,,,,,,,,,,,,,,,,,,,,,,,,,,,,,,,,,,
Q141712,Q1141210,,,,,,,,,,,,,,,,,,,,,,,,,,,,,,,,,,,,,,,,,,,,,
Q141713,Q185498,,,,,,,,,,,,,,,,,,,,,,,,,,,,,,,,,,,,,,,,,,,,,
Q141714,Q44047,,,,,,,,,,,,,,,,,,,,,,,,,,,407826,,,,,,,,,,,,,,,,,,
Q141715,Q359829,,,,,,,,,,,,,,,,,,,,,,,,,,,,,,,,,,,,,,,,,,,,,
Q141716,Q2499376,,,,,,,,,,,,,,,,,,,,,,,,,,,1320717,,p=oliba;n=de cerdanya;oc=1,,,,,,,,,,,,,Oliba_Cabreta_(1),,Cerdanya-11,I00197490
Q141718,Q223646,,,,,,,,,,,,,,,,,,,,,,,,,,,264931,,p=ordonius;n=de cantabria|p=ordono ramirez;n=de asturias;oc=1,,,,,,,,,,,,p15272.htm#i152719,Ordoño_I_of_Asturias_(1),,Asturias-22,I00120410
Q141719,Q26701870,,,,,,,,,,,,,,,,,,,,,,,,,,,312247,,p=dadildis;n=de pallars,,,,,,,,,,,,,Daldidis_Paillars_(1),,Pallars-1,I00467846
Q141720,Q311138,,,,,,,,,,104306991,,,,,,,,,,,,,,,,,313360,,p=alfonso ordonez;n=de asturias;oc=3,,,,,,,,,,,,p15272.htm#i152720,Alfonso_III_of_León_(1),,Asturias-27,I00120396
Q141723,Q75247665,,,,,,,,,,,,,,,,,,,,,,,,,,,,,,,,,,,,,,,,,,,,,
Q141724,Q76299391,,,,,,,,,,,,,,,,,,,,,,,,,,,,,,,,,,,,,,,,,p67216.htm#i672156,,,,
Q141725,Q1371507,,,,,,,,,,,,,,,,,,,,,,,,,,,,,,,,,,,,,,,,,p885.htm#i8847,,,,
Q141726,Q1272236,,,,,,,,,,,,,,,,,,,,,,,,,,,87857,,,,,,,,,,,,,,p15005.htm#i150047,Eochaid_Mugmedon_(1),,Mac_Muireadach-1,
Q141727,Q56653860,,,,,,,,,,,,,,,,,,,,,,,,,,,151090,,,,,,,,,,,,,,,Cairenn_(1),,Sachel-1,
Q141728,Q33353802,,,,,,,,,,,,,,,,,,,,,,,,,,,87858,,,,,,,,,,,,,,p15005.htm#i150048,Fiachrae_(1),,Mac_Eochaid_Mugmedón-1,
Q141729,Q4697074,,,,,,,,,,,,,,,,,,,,,,,,,,,151091,,,,,,,,,,,,,,p28411.htm#i284110,Ailill_mac_Echach_Mugmedóin_(1),,Mac_Echach_Mugmedóin-1,
Q141730,Q75675873,,,,,,,,,,,,,,,,,,,,,,,,,,,,,,,,,,,,,,,,,p28411.htm#i284106,Ende_macNeill_(1),,,
Q141731,Q6736601,,,,,,,,,,,,,,,,,,,,,,,,,,,,,,,,,,,,,,,,,p28411.htm#i284107,Maine_macNeill_(1),,Mac_Niall_Eochaid-1,
Q141732,Q4788011,,,,,,,,,,,,,,,,,,,,,,,,,,,,,,,,,,,,,,,,,p28411.htm#i284109,Ardgal_mac_Conaill_(1),,,
Q141733,Q75451227,,,,,,,,,,,,,,,,,,,,,,,,,,,87871,,,,,,,,,,,,,,p15006.htm#i150056,Fergus_Mac_Conall_(1),,Mac_Conall-2,
Q141734,Q16711552,,,,,,,,,,,,,,,,,,,,,,,,,,,87878,,,,,,,,,,,,,,p15007.htm#i150061,Fergus_Cennfota_(1),,Cennfada-1,
Q141735,Q75451245,,,,,,,,,,,,,,,,,,,,,,,,,,,87878,,,,,,,,,,,,,,p15007.htm#i150067,,,,
Q141736,Q4763175,,,,,,,,,,,,,,,,,,,,,,,,,,,151756,,,,,,,,,,,,,,,Angias_(1),,Ingen_Ailill_Tassach-1,
Q141737,Q1272142,,,,,,,,,,,,,,,,,,,,,,,,,,,87862,,,,,,,,,,,,,,p15006.htm#i150051,,,Mac_Lóegairi-1,
Q141738,Q64786428,,,,,,,,,,,,,,,,,,,,,,,,,,,151809,,,,,,,,,,,,,,,,,,
Q141739,Q64786452,,,,,,,,,,,,,,,,,,,,,,,,,,,151812,,,,,,,,,,,,,,,,,,
Q141740,Q75451204,,,,,,,,,,,,,,,,,,,,,,,,,,,87868,,,,,,,,,,,,,,p15005.htm#i150042,Cormac_Mac_Cairbre_(1),,Mac_Coirpre-1,
Q141741,Q75626112,,,,,,,,,,,,,,,,,,,,,,,,,,,,,,,,,,,,,,,,,p25430.htm#i254298,,,,
Q141742,Q1274138,,,,,,,,,,,,,,,,,,,,,,,,,,,,,,,,,,,,,,,,,p15008.htm#i150077,,,Mac_Fiachnae-1,
Q141743,Q5392581,,,,,,,,,,,,,,,,,,,,,,,,,,,,,,,,,,,,,,,,,p54613.htm#i546128,,,,
Q141744,Q3860798,,,,,,,,,,,,,,,,,,,,,,,,,,,151087,,,,,,,,,,,,,,,Mongfind_(1),,Fiodhaig-1,
Q141745,Q6949535,,,,,,,,,,,,,,,,,,,,,,,,,,,,,,,,,,,,,,,,,p15010.htm#i150092,Máel_Dúin_mac_Máele_Fithrich_(1),,Mac_Máele_Fithrig-1,
Q141746,Q2251747,,,,,,,,,,,,,,,,,,,,,,,,,,,,,p=wigstan;n=of mercia,,,,,,,,,,,,p15257.htm#i152563,Wigstan_Unknown_(1),,Mercia-263,
Q141747,Q880596,,,,,,,,,,,,,,,,,,,,,,,,,,,,,,,,,,,,,,,,,p15037.htm#i150370,Unknown_Ceolwulf_(1),,,
Q141748,Q75454859,,,,,,,,,,,,,,,,,,,,,,,,,,,,,,,,,,,,,,,,,p15257.htm#i152562,,,,
Q141749,Q4064868,,,,,,,,,,,,,,,,,,,,,,,,,,,,,,,,,,,,,,,,,,,,,
Q141750,Q116055578,,,,,,,,,,,,,,,,,,,,,,,,,,,,,,,,,,,,,,,,,,,,,I00752973
Q141751,Q116112780,,,,,,,,,,,,,,,,,,,,,,,,,,,,,,,,,,,,,,,,,,,,,I00752900
Q141752,Q116055614,,,,,,,,,,,,,,,,,,,,,,,,,,,,,,,,,,,,,,,,,,,,,I00775746
Q141753,Q745241,,,,,,,,,,,,,,,,,,,,,,,,,,,,,,,,,,,,,,,,,,Marcus_Annius_Verus_(1),,Verus-4,I00446843
Q141754,Q2068391,,,,,,,,,,,,,,,,,,,,,,,,,,,,,,,,,,,,,,,,,,Rupilia_(1),,Faustina-5,I00446844
Q141755,Q661915,,,,,,,,,,,,,,,,,,,,,,,,,,,,,,,,,,,,,,,,,,Marcus_Annius_Libo_(1),,,I00736113
Q141756,Q111988914,,,,,,,,,,,,,,,,,,,,,,,,,,,,,,,,,,,,,,,,,,,,,
Q141757,Q1230832,,,,,,,,,,,,,,,,,,,,,,,,,,,,,,,,,,,,,,,,,,,,Fulvus-1,I00446851
Q141758,Q1427,,alvin-person:27314,,,,,,,,8215537,,,,,,,,,,,,,,person/1DEB0F27-C61C-4C48-A7AD-EA849A1E4FDB,,,,,,,,,,,,,,,,,,Unknown_Hadrian_(2),,,I00446836
Q141759,Q12272328,,,,,,,,,,,,,,,,,,,,,,,,,,,,,,,,,,,,,,,,,,,,Fadilla-1,I00446852
Q141760,Q12299532,,,,,,,,,,,,,,,,,,,,,,,,,,,,,,,,,,,,,,,,,,,,,
Q141761,Q12272326,,,,,,,,,,,,,,,,,,,,,,,,,,,,,,,,,,,,,,,,,,,,,
Q141762,Q10963713,,,,,,,,,,,,,,,,,,,,,,,,,,,,,,,,,,,,,,,,,,,,,I00446863
Q141763,Q12278988,,,,,,,,,,,,,,,,,,,,,,,,,,,,,,,,,,,,,,,,,,,,,I00736238
Q141764,Q12275936,,,,,,,,,,,,,,,,,,,,,,,,,,,,,,,,,,,,,,,,,,,,,I00736217
Q141765,Q26471,,,,,,,,,,,,,,,,,,,,,,,,,,,722399,,,,,,,,,,,,,,,Marcus_Ummidius_Quadratus_Annianus_(1),,,
Q141766,Q7881718,,,,,,,,,,,,,,,,,,,,,,,,,,,722404,,,,,,,,,,,,,,,Ummidia_Cornificia_Faustina_(1),,,I00736214
Q141767,Q106794997,,,,,,,,,,,,,,,,,,,,,,,,,,,,,,,,,,,,,,,,,,,,,
Q141768,Q958613,,,,,,,,,,,,,,,,,,,,,,,,,,,,,,,,,,,,,,,,,,,,,I00736111
Q141769,Q59617969,,,,,,,,,,,,,,,,,,,,,,,,,,,,,,,,,,,,,,,,,,,,,
Q141770,Q709817,,,,,,,,,,,,,,,,,,,,,,,,,,,,,,,,,,,,,,,,,,Gaius_Bruttius_Praesens_(1),,,I00446865
Q141771,Q1145554,,,,,,,,,,,,,,,,,,,,,,,,,,,,,,,,,,,,,,,,,,Lucius_Bruttius_Quintius_Crispinus_(1),,,
Q141772,Q717647,,,,,,,,,,,,,,,,,,,,,,,,,,,,,,,,,,,,,,,,,,Gnaeus_Claudius_Severus_Arabianus_(1),,,I00736215
Q141773,Q11953946,,,,,,,,,,,,,,,,,,,,,,,,,,,,,,,,,,,,,,,,,,,,,
Q141774,Q4769176,,,,,,,,,,,,,,,,,,,,,,,,,,,,,,,,,,,,,,,,,,Annia_Faustina_(daughter_of_Ummidia_Cornificia_Faustina)_(1),,,I00736210
Q141775,Q241466,,,,,,,,,,,,,,,,,,,,,,,,person/b1a8b334-a063-4603-b345-fd63f12f96b9,,,,,,,,,,,,,,,,,,Annia_Faustina_(1),,,I00446886
Q141776,Q1365424,,,,,,,,,,,,,,,,,,,,,,,,,,,561553,,,,,,,,,,,,,,,,,,
Q141777,Q106884140,,,,,,,,,,,,,,,,,,,,,,,,,,,,,,,,,,,,,,,,,,,,,
Q141778,Q121033320,,,,,,,,,,,,,,,,,,,,,,,,,,,,,,,,,,,,,,,,,,,,,
Q141779,Q717414,,,,,,,,,,,,,,,,,,,,,,,,,,,,,,,,,,,,,,,,,,Plautius_Quintillus_(1),,,I00736221
Q141780,Q629878,,,,,,,,,,,,,,,,,,,,,,,,,,,,,,,,,,,,,,,,,,,,,
Q141781,Q1631940,,,,,,,,,,,,,,,,,,,,,,,,,,,,,,,,,,,,,,,,,,Marcus_Petronius_Mamertinus_(1),,,
Q141782,Q107401878,,,,,,,,,,,,,,,,,,,,,,,,,,,,,,,,,,,,,,,,,,,,,
Q141783,Q1236586,,,,,,,,,,,,,,,,,,,,,,,,,,,,,,,,,,,,,,,,,,,,,
Q141784,Q545266,,,,,,,,,,,,,,,,,,,,,,,,,,,,,,,,,,,,,,,,,,Lucio_Cómodo_(1),,,I00736230
Q141785,Q98065247,,,,,,,,,,,,,,,,,,,,,,,,,,,,,,,,,,,,,,,,,,Plautia_Unknown_(1),,,I00736109
Q141786,Q98065748,,,,,,,,,,,,,,,,,,,,,,,,,,,,,,,,,,,,,,,,,,,,,
Q141787,Q334926,,,,,,,,,,,,,,,,,,,,,,,,,,,,,,,,,,,,,,,,,,,,,
Q141788,Q12271041,,,,,,,,,,,,,,,,,,,,,,,,,,,,,,,,,,,,,,,,,,,,,
Q141789,Q1215443,,,,,,,,,,,,,,,,,,,,,,,,,,,,,,,,,,,,,,,,,,,,,I00736228
Q141790,Q16097807,,,,,,,,,,,,,,,,,,,,,,,,,,,,,,,,,,,,,,,,,,,,,I00736227
Q141791,Q1229591,,,,,,,,,,,,,,,,,,,,,,,,,,,,,,,,,,,,,,,,,,Quintus_Servilius_Pudens_(1),,,I00736233
Q141792,Q108493587,,,,,,,,,,,,,,,,,,,,,,,,,,,,,,,,,,,,,,,,,,,,,
Q141793,Q343780,,,,,,,,,,,,,,,,,,,,,,,,,,,,,,,,,,,,,,,,,,,,,
Q141794,Q720474,,,,,,,,,,,,,,,,,,,,,,,,,,,,,,,,,,,,,,,,,,,,,
Q141795,Q24951538,,,,,,,,,,,,,,,,,,,,,,,,,,,,,,,,,,,,,,,,,,,,,
Q141796,Q24934686,,,,,,,,,,,,,,,,,,,,,,,,,,,,,,,,,,,,,,,,,,,,,
Q141797,Q113025929,,,,,,,,,,,,,,,,,,,,,,,,,,,,,,,,,,,,,,,,,,,,,
Q141798,Q541861,,,,,,,,,,,,,,,,,,,,,,,,,,,205159,,,,,,,,,,,,,,,,,,
Q141799,Q20045640,,,,,,,,,,,,,,,,,,,,,,,,,,,,,,,,,,,,,,,,,,,,,
Q141800,Q3756442,,,,,,,,,,,,,,,,,,,,,,,,,,,,,,,,,,,,,,,,,,,,,
Q141801,Q3901083,,,,,,,,,,,,,,,,,,,,,,,,,,,,,,,,,,,,,,,,,,,,,
Q141802,Q4016367,,,,,,,,,,,,,,,,,,,,,,,,,,,,,,,,,,,,,,,,,,,,,
Q141803,Q5518809,,,,,,,,,,,,,,,,,,,,,,,,,,,,,,,,,,,,,,,,,,,,,
Q141804,Q11153639,,,,,,,,,,,,,,,,,,,,,,,,,,,137185,,p=gwaladus;n=ferch llywarch,,,,,,,,,,,,p10260.htm#i102596,Gwladus_ferch_Llywarch_ap_Trahaearn_(1),,Ferch_Llywarch-7,I00140279
Q141806,Q76215103,,,,,,,,,,,,,,,,,,,,,,,,,,,414362,,p=gwenllian;n=of gwynedd;oc=2,,,,,,,,,,,,p61055.htm#i610550,Gwenllian_Verch_Owain_(1),,Ferch_Owain-4,I00163447
Q141807,Q2989299,,,,,,,,,,,,,,,,,,,,,,,,,,,,,,,,,,,,,,,,,,Owain_Cadwgan_(1),,Ap_Cadwgon-15,
Q141808,Q116470715,,,,,,,,,,,,,,,,,,,,,,,,,,,,,,,,,,,,,,,,,,,,,I00714654
Q141809,Q130359157,,,,,,,,,,,,,,,,,,,,,,,,,,,,,,,,,,,,,,,,,,,,,I00762408
Q141810,Q117307096,,,,,,,,,,,,,,,,,,,,,,,,,,,,,,,,,,,,,,,,,,,,,I00759025
Q141811,Q131346755,,,,,,,,,,,,,,,,,,,,,,,,,,,,,,,,,,,,,,,,,,,,,I00777769
Q141812,Q75519873,,,,,,,,,,,,,,,,,,,,,,,,,,,,,p=otho;n=gherardini,,,,,,,,,,,,p19078.htm#i190780,,,,
Q141813,Q75541347,,,,,,,,,,,,,,,,,,,,,,,,,,,,,,,,,,,,,,,,,p20343.htm#i203428,,,,
Q141814,Q75541346,,,,,,,,,,,,,,,,,,,,,,,,,,,,,,,,,,,,,,,,,p20343.htm#i203427,,,,
Q141815,Q75541361,,,,,,,,,,,,,,,,,,,,,,,,,,,,,,,,,,,,,,,,,p20344.htm#i203437,,,,
Q141816,Q75519864,,,,,,,,,,,,,,,,,,,,,,,,,,,,,,,,,,,,,,,,,p19078.htm#i190773,,,,
Q141822,Q75644657,,,,,,,,,,,,,,,,,,,,,,,,,,,,,,,,,,,,,,,,,p26757.htm#i267561,,,Barri-15,
Q141823,Q75382646,,,,,,,,,,,,,,,,,,,,,,,,,,,,,,,,,,,,,,,,,p10283.htm#i102822,,,,
Q141824,Q75395859,,,,,,,,,,,,,,,,,,,,,,,,,,,,,,,,,,,,,,,,,p11577.htm#i115764,,,Barry-2628,
Q141825,Q75644659,,,,,,,,,,,,,,,,,,,,,,,,,,,,,,,,,,,,,,,,,p26757.htm#i267563,,,,
Q141826,Q75644660,,,,,,,,,,,,,,,,,,,,,,,,,,,,,,,,,,,,,,,,,p26757.htm#i267564,,,,
Q141827,Q75644661,,,,,,,,,,,,,,,,,,,,,,,,,,,,,,,,,,,,,,,,,p26757.htm#i267565,,,,
Q141828,Q75459729,,,,,,,,,,,,,,,,,,,,,,,,,,,,,,,,,,,,,,,,,p15562.htm#i155619,,,Marisco-3,
Q141829,Q6233267,,,,,,,,LZL4-C4H,,,,,,,,,,,,,,,,,,,,,,,,,,,,,,,,,p15562.htm#i155620,,,FitzGerald-3758,I00117249
Q141830,Q75459731,,,,,,,,,,,,,,,,,,,,,,,,,,,,,,,,,,,,,,,,,p15563.htm#i155621,,,,
Q141831,Q5416210,,,,,,,,,,,,,,,,,,,,,,,,,,,,,,,,,,,,,,,,,p15487.htm#i154868,Eve_De_Birmingham_(1),,Bermingham-24,I00117230
Q141832,Q3852424,,,,,,,,,,,,,,,,,,,,,,,,,,,,,,,,,,,,,,,,,p411.htm#i4109,Maurice_Fitzgerald_(1),,Fitzgerald-531,I00117200
Q141833,Q75459107,,,,,,,,,,,,,,,,,,,,,,,,,,,,,,,,,,,,,,,,,p15526.htm#i155259,,,,
Q141834,Q75464721,,,,,,,,,,,,,,,,,,,,,,,,,,,,,,,,,,,,,,,,,p15881.htm#i158806,,,,I00733364
Q141835,Q75643674,,,,,,,,,,,,,,,,,,,,,,,,,,,,,,,,,,,,,,,,,p26680.htm#i266793,,,,
Q141836,Q75458535,,,,,,,,,,,,,,,,,,,,,,,,,,,,,,,,,,,,,,,,,p15492.htm#i154914,,,,
Q141837,Q75468056,,,,,,,,,,,,,,,,,,,,,,,,,,,,,,,,,,,,,,,,,p16084.htm#i160837,,,,
Q141838,Q75715453,,,,,,,,,,,,,,,,,,,,,,,,,,,,,,,,,,,,,,,,,p29952.htm#i299513,,,,
Q141839,Q75541484,,,,,,,,,,,,,,,,,,,,,,,,,,,,,,,,,,,,,,,,,p20351.htm#i203506,,,,
Q141840,Q75541487,,,,,,,,,,,,,,,,,,,,,,,,,,,,,,,,,,,,,,,,,p20351.htm#i203507,,,Carew-37,
Q141841,Q75468048,,,,,,,,,,,,,,,,,,,,,,,,,,,,,,,,,,,,,,,,,p16084.htm#i160833,,,,
Q141842,Q75468050,,,,,,,,,,,,,,,,,,,,,,,,,,,,,,,,,,,,,,,,,p16084.htm#i160834,,,,
Q141843,Q75541363,,,,,,,,,,,,,,,,,,,,,,,,,,,,,,,,,,,,,,,,,p20344.htm#i203438,,,,
Q141844,Q75942419,,,,,,,,,,,,,,,,,,,,,,,,,,,,,,,,,,,,,,,,,p41834.htm#i418338,,,,
Q141845,Q110622127,,,,,,,,,,,,,,,,,,,,,,,,,,,,,,,,,,,,,,,,,,,,Ferch_Ralph-1,I00759298
Q141846,Q110560380,,,,,,,,,,,,,,,,,,,,,,,,,,,,,,,,,,,,,,,,,,,,Ap_Gwrgeneu-3,I00714722
Q141847,Q116469843,,,,,,,,,,,,,,,,,,,,,,,,,,,,,,,,,,,,,,,,,,,,,I00764575
Q141848,Q110662885,,,,,,,,,,,,,,,,,,,,,,,,,,,,,,,,,,,,,,,,,,,,Ap_Gwgan-4,I00750382
Q141849,Q110662889,,,,,,,,,,,,,,,,,,,,,,,,,,,,,,,,,,,,,,,,,,,,Ferch_Rhirid-1,I00707868
Q141850,Q116148079,,,,,,,,,,,,,,,,,,,,,,,,,,,,,,,,,,,,,,,,,,,,,I00755572
Q141851,Q20733847,,,,,,,,,,,,,,,,,,,,,,,,,,,,,,,,,,,,,,,,,p60991.htm#i609903,Llywarch_Bran_(1),,Ap_Bran-7,I00749812
Q141852,Q75382478,,,,,,,,,,,,,,,,,,,,,,,,,,,,,p=tangwystl;n=n,,,,,,,,,,,,p10260.htm#i102598,Tanglwy_Llywarch_(1),,Ferch_Llywarch-3,I00286708
Q141853,Q76214352,,,,,,,,,,,,,,,,,,,,,,,,,,,,,p=adles;n=ferch rhicert,,,,,,,,,,,,p60994.htm#i609933,Adles_Richard_(1),,Ferch_Richard-4,I00749267
Q141854,Q76214353,,,,,,,,,,,,,,,,,,,,,,,,,,,,,,,,,,,,,,,,,p60994.htm#i609934,Heilin_Ab_Tudur_(1),,Ap_Tudur-12,I00713691
Q141855,Q76214327,,,,,,,,,,,,,,,,,,,,,,,,,,,,,,,,,,,,,,,,,p60992.htm#i609915,,,,
Q141856,Q116477972,,,,,,,,,,,,,,,,,,,,,,,,,,,,,,,,,,,,,,,,,,,,,I00759508
Q141857,Q130338980,,,,,,,,,,,,,,,,,,,,,,,,,,,,,,,,,,,,,,,,,,,,,I00760871
Q141858,Q76214337,,,,,,,,,,,,,,,,,,,,,,,,,,,409704,,,,,,,,,,,,,,p60993.htm#i609922,,,Ab_Ithel-3,I00706127
Q141859,Q5586829,,,,,,,,,,,,,,,,,,,,,,,,,,,137725,,,,,,,,,,,,,,p10282.htm#i102817,Goronwy_Ap_Tudor_Hen_(1),,Ap_Tudur-13,I00059416
Q141860,Q110636837,,,,,,,,,,,,,,,,,,,,,,,,,,,,,,,,,,,,,,,,,,,,,I00757587
Q141861,Q99075979,,,,,,,,,,,,,,,,,,,,,,,,,,,,,,,,,,,,,,,,,,,,,
Q141862,Q99075969,,,,,,,,,,,,,,,,,,,,,,,,,,,,,,,,,,,,,,,,,,,,,I00713702
Q141863,Q110582468,,,,,,,,,,,,,,,,,,,,,,,,,,,,,,,,,,,,,,,,,,,,,I00708152
Q141864,Q110585681,,,,,,,,,,,,,,,,,,,,,,,,,,,,,,,,,,,,,,,,,,,,,I00708280
Q141865,Q116147502,,,,,,,,,,,,,,,,,,,,,,,,,,,,,,,,,,,,,,,,,,,,,I00775952
Q141866,Q99075854,,,,,,,,,,,,,,,,,,,,,,,,,,,,,,,,,,,,,,,,,,,,,I00706179
Q141867,Q116113682,,,,,,,,,,,,,,,,,,,,,,,,,,,,,,,,,,,,,,,,,,,,,I00713593
Q141868,Q100900807,,,,,,,,,,,,,,,,,,,,,,,,,,,,,,,,,,,,,,,,,,,,,I00140302
Q141869,Q76148005,,,,,,,,,,,,,,,,,,,,,,,,,,,,,,,,,,,,,,,,,p56429.htm#i564286,,,Ferch_Tegwared-1,
Q141870,Q76194386,,,,,,,,,,,,,,,,,,,,,,,,,,,,,,,,,,,,,,,,,p59549.htm#i595487,,,,
Q141871,Q76194389,,,,,,,,,,,,,,,,,,,,,,,,,,,,,,,,,,,,,,,,,p59549.htm#i595489,,,,
Q141872,Q76194385,,,,,,,,,,,,,,,,,,,,,,,,,,,,,,,,,,,,,,,,,p59549.htm#i595486,,,,
Q141873,Q75247597,,,,,,,,,,,,,,,,,,,,,,,,,,,,,,,,,,,,,,,,,p880.htm#i8791,,,Ievan-4,I00749614
Q141874,Q99072675,,,,,,,,,,,,,,,,,,,,,,,,,,,,,,,,,,,,,,,,,,,,,I00706019
Q141875,Q116479323,,,,,,,,,,,,,,,,,,,,,,,,,,,,,,,,,,,,,,,,,,,,,I00709920
Q141876,Q110635485,,,,,,,,,,,,,,,,,,,,,,,,,,,,,,,,,,,,,,,,,,,,,I00750437
Q141877,Q116477722,,,,,,,,,,,,,,,,,,,,,,,,,,,,,,,,,,,,,,,,,,,,,I00754329
Q141878,Q117306837,,,,,,,,,,,,,,,,,,,,,,,,,,,,,,,,,,,,,,,,,,,,,I00752025
Q141879,Q2071159,,,,,,,,,,,,,,,,,,,,,,,,,,,461298,,p=gwenwynwyn;n=of powys,,,,,,,,,,,,p69066.htm#i690655,Gwenwynwyn_Owain_(1),,Ab_Owain-4,I00042992
Q141880,Q110582685,,,,,,,,,,,,,,,,,,,,,,,,,,,,,,,,,,,,,,,,,,,,,I00706254
Q141881,Q110622115,,,,,,,,,,,,,,,,,,,,,,,,,,,,,,,,,,,,,,,,,,,,,I00760657
Q141882,Q116113119,,,,,,,,,,,,,,,,,,,,,,,,,,,,,,,,,,,,,,,,,,,,Ab_Owain_Cyfeiliog-1,I00706363
Q141883,Q116147720,,,,,,,,,,,,,,,,,,,,,,,,,,,,,,,,,,,,,,,,,,,,,I00761779
Q141884,Q110585329,,,,,,,,,,,,,,,,,,,,,,,,,,,,,,,,,,,,,,,,,,,,Ferch_Rhirid_Foel-1,I00757026
Q141885,Q110414049,,,,,,,,,,,,,,,,,,,,,,,,,,,,,,,,,,,,,,,,,,,,,I00697974
Q141886,Q110412977,,,,,,,,,,,,,,,,,,,,,,,,,,,,,,,,,,,,,,,,,,,,,I00760772
Q141887,Q116055511,,,,,,,,,,,,,,,,,,,,,,,,,,,,,,,,,,,,,,,,,,,,,I00755859
Q141888,Q110583502,,,,,,,,,,,,,,,,,,,,,,,,,,,,,,,,,,,,,,,,,,,,Ferch_Aron-1,I00754097
Q141889,Q110413421,,,,,,,,,,,,,,,,,,,,,,,,,,,,,,,,,,,,,,,,,,,,,I00755229
Q141890,Q110662788,,,,,,,,,,,,,,,,,,,,,,,,,,,,,,,,,,,,,,,,,,,,,I00614188
Q141891,Q116054851,,,,,,,,,,,,,,,,,,,,,,,,,,,,,,,,,,,,,,,,,,,,Ferch_Madog-10,I00759936
Q141892,Q116111587,,,,,,,,,,,,,,,,,,,,,,,,,,,,,,,,,,,,,,,,,,,,,I00754422
Q141893,Q116115970,,,,,,,,,,,,,,,,,,,,,,,,,,,,,,,,,,,,,,,,,,,,,I00759938
Q141894,Q116147386,,,,,,,,,,,,,,,,,,,,,,,,,,,,,,,,,,,,,,,,,,,,,I00756976
Q141895,Q76214354,,,,,,,,,,,,,,,,,,,,,,,,,,,,,,,,,,,,,,,,,p60994.htm#i609935,Bleddyn_Brogyntyn_(1),,Ab_Owain-30,I00749265
Q141896,Q99071341,,,,,,,,,,,,,,,,,,,,,,,,,,,,,,,,,,,,,,,,,,,,Ab_Owain-3,I00705943
Q141897,Q96311963,,,,,,,,,,,,,,,,,,,,,,,,,,,,,,,,,,,,,,,,,,,,Ap_Owain_Brogyntyn-2,I00754925
Q141898,Q110636632,,,,,,,,,,,,,,,,,,,,,,,,,,,,,,,,,,,,,,,,,,,,,I00759494
Q141899,Q130359410,,,,,,,,,,,,,,,,,,,,,,,,,,,,,,,,,,,,,,,,,,,,,I00760935
Q141900,Q116146966,,,,,,,,,,,,,,,,,,,,,,,,,,,,,,,,,,,,,,,,,,,,,I00755158
Q141901,Q116468935,,,,,,,,,,,,,,,,,,,,,,,,,,,,,,,,,,,,,,,,,,,,Ap_Gronwy-27,I00750297
Q141902,Q116115288,,,,,,,,,,,,,,,,,,,,,,,,,,,,,,,,,,,,,,,,,,,,,I00760224
Q141903,Q116146143,,,,,,,,,,,,,,,,,,,,,,,,,,,,,,,,,,,,,,,,,,,,,I00760660
Q141904,Q19947517,,,,,,,,,,,,,,,,,,,,,,,,,,,147740,,,,,,,,,,,,,,,,,,
Q141905,Q19947482,,,,,,,,,,,,,,,,,,,,,,,,,,,,,,,,,,,,,,,,,,,,,
Q141906,Q592038,,,,,,,,,,,,,,,,,,,,,,,,,,,307930|1371326,,p=gicquel;n=de cornouaille,,,,,,,,,,,,,,,Bretagne-117,
Q141907,Q1398293,,,,,,,,,,,,,,,,,,,,,,,,term/249df45b-2eee-4bd5-b72a-46307bdb79b9,,,,,,,,,,,,,,,,,,,,,
Q141908,Q116112627,,,,,,,,,,,,,,,,,,,,,,,,,,,,,,,,,,,,,,,,,,,,,I00760183
Q141909,Q116052934,,,,,,,,,,,,,,,,,,,,,,,,,,,,,,,,,,,,,,,,,,,,,I00753866
Q141910,Q124656829,,,,,,,,,,,,,,,,,,,,,,,,,,,,,,,,,,,,,,,,,,Nechtain_Mac_Colmain_(1),,,
Q141911,Q327849,,,,,,,,,,,,,,,,,,,,,,,,,,,141435,,p=alpin;n=mac echdach,,,,,,,,,,,,p10291.htm#i102905,Alpín_mac_Echdach_(1),,MacEchdach-2,I00022614
Q141912,Q2648431,,,,,,,,,,,,,,,,,,,,,,,,,,,,,,,,,,,,,,,,,,,,,
Q141913,Q2665695,,,,,,,,,,,,,,,,,,,,,,,,,,,,,,,,,,,,,,,,,,,,,
Q141914,Q2660315,,,,,,,,,,,,,,,,,,,,,,,,,,,,,,,,,,,,,,,,,,,,,
Q141915,Q110662835,,,,,,,,,,,,,,,,,,,,,,,,,,,,,,,,,,,,,,,,,,,,,I00759760
Q141916,Q116147768,,,,,,,,,,,,,,,,,,,,,,,,,,,,,,,,,,,,,,,,,,,,,I00774625
Q141917,Q110662891,,,,,,,,,,,,,,,,,,,,,,,,,,,,,,,,,,,,,,,,,,,,,I00707870
Q141918,Q116148083,,,,,,,,,,,,,,,,,,,,,,,,,,,,,,,,,,,,,,,,,,,,,I00761057
Q141919,Q110560320,,,,,,,,,,,,,,,,,,,,,,,,,,,,,,,,,,,,,,,,,,,,,I00736944
Q141920,Q116147014,,,,,,,,,,,,,,,,,,,,,,,,,,,,,,,,,,,,,,,,,,,,,I00759902
Q141921,Q116147103,,,,,,,,,,,,,,,,,,,,,,,,,,,,,,,,,,,,,,,,,,,,,I00774852
Q141922,Q116113070,,,,,,,,,,,,,,,,,,,,,,,,,,,,,,,,,,,,,,,,,,,,Ap_Gruffudd-43,I00758135
Q141923,Q116478122,,,,,,,,,,,,,,,,,,,,,,,,,,,,,,,,,,,,,,,,,,,,,I00749938
Q141924,Q122361631,,,,,,,,,,,,,,,,,,,,,,,,,,,,,,,,,,,,,,,,,,,,,I00753295
Q141925,Q116052979,,,,,,,,,,,,,,,,,,,,,,,,,,,,,,,,,,,,,,,,,,,,,I00759465
Q141926,Q56176256,,,,,,,,,,,,,,,,,,,,,,,,,,,,,,,,,,,,,,,,,,,,,I00759732
Q141927,Q116147599,,,,,,,,,,,,,,,,,,,,,,,,,,,,,,,,,,,,,,,,,,,,,I00759925
Q141928,Q116054850,,,,,,,,,,,,,,,,,,,,,,,,,,,,,,,,,,,,,,,,,,,,Ap_Llywarch-14,I00755240
Q141929,Q110583437,,,,,,,,,,,,,,,,,,,,,,,,,,,,,,,,,,,,,,,,,,,,Ap_Robert-27,I00759934
Q141930,Q99302498,,,,,,,,,,,,,,,,,,,,,,,,,,,,,,,,,,,,,,,,,,,,,I00706592
Q141931,Q110583418,,,,,,,,,,,,,,,,,,,,,,,,,,,,,,,,,,,,,,,,,,,,,I00707453
Q141932,Q110583404,,,,,,,,,,,,,,,,,,,,,,,,,,,,,,,,,,,,,,,,,,,,,I00707445
Q141933,Q99302496,,,,,,,,,,,,,,,,,,,,,,,,,,,,,,,,,,,,,,,,,,,,,I00706590
Q141934,Q110560308,,,,,,,,,,,,,,,,,,,,,,,,,,,,,,,,,,,,,,,,,,,,,I00758305
Q141935,Q110585347,,,,,,,,,,,,,,,,,,,,,,,,,,,,,,,,,,,,,,,,,,,,,I00753759
Q141936,Q133461177,,,,,,,,,,,,,,,,,,,,,,,,,,,,,,,,,,,,,,,,,,,,,I00757197
Q141937,Q116147066,,,,,,,,,,,,,,,,,,,,,,,,,,,,,,,,,,,,,,,,,,,,,I00711558
Q141938,Q110413405,,,,,,,,,,,,,,,,,,,,,,,,,,,,,,,,,,,,,,,,,,,,,I00755234
Q141939,Q110413387,,,,,,,,,,,,,,,,,,,,,,,,,,,,,,,,,,,,,,,,,,,,,I00711538
Q141940,Q110635780,,,,,,,,,,,,,,,,,,,,,,,,,,,,,,,,,,,,,,,,,,,,,I00711769
Q141941,Q110585201,,,,,,,,,,,,,,,,,,,,,,,,,,,,,,,,,,,,,,,,,,,,,I00708241
Q141942,Q116054761,,,,,,,,,,,,,,,,,,,,,,,,,,,,,,,,,,,,,,,,,,,,,I00713193
Q141943,Q116146812,,,,,,,,,,,,,,,,,,,,,,,,,,,,,,,,,,,,,,,,,,,,,I00757255
Q141944,Q116146950,,,,,,,,,,,,,,,,,,,,,,,,,,,,,,,,,,,,,,,,,,,,,I00760127
Q141945,Q116146955,,,,,,,,,,,,,,,,,,,,,,,,,,,,,,,,,,,,,,,,,,,,,I00709867
Q141946,Q116147018,,,,,,,,,,,,,,,,,,,,,,,,,,,,,,,,,,,,,,,,,,,,,I00751858
Q141947,Q116147035,,,,,,,,,,,,,,,,,,,,,,,,,,,,,,,,,,,,,,,,,,,,,I00759638
Q141948,Q133461240,,,,,,,,,,,,,,,,,,,,,,,,,,,,,,,,,,,,,,,,,,,,,I00757292
Q141949,Q116054855,,,,,,,,,,,,,,,,,,,,,,,,,,,,,,,,,,,,,,,,,,,,,I00758122
Q141950,Q116054852,,,,,,,,,,,,,,,,,,,,,,,,,,,,,,,,,,,,,,,,,,,,,I00761793
Q141951,Q116146831,,,,,,,,,,,,,,,,,,,,,,,,,,,,,,,,,,,,,,,,,,,,,I00758120
Q141952,Q110413548,,,,,,,,,,,,,,,,,,,,,,,,,,,,,,,,,,,,,,,,,,,,,I00711086
Q141953,Q110413552,,,,,,,,,,,,,,,,,,,,,,,,,,,,,,,,,,,,,,,,,,,,,I00754066
Q141954,Q116147790,,,,,,,,,,,,,,,,,,,,,,,,,,,,,,,,,,,,,,,,,,,,,I00757721
Q141955,Q116055623,,,,,,,,,,,,,,,,,,,,,,,,,,,,,,,,,,,,,,,,,,,,,I00764221
Q141956,Q116055555,,,,,,,,,,,,,,,,,,,,,,,,,,,,,,,,,,,,,,,,,,,,,I00764218
Q141957,Q116115707,,,,,,,,,,,,,,,,,,,,,,,,,,,,,,,,,,,,,,,,,,,,,I00775228
Q141958,Q116115701,,,,,,,,,,,,,,,,,,,,,,,,,,,,,,,,,,,,,,,,,,,,,I00775226
Q141959,Q131138840,,,,,,,,,,,,,,,,,,,,,,,,,,,,,,,,,,,,,,,,,,,,,I00775399
Q141960,Q116116002,,,,,,,,,,,,,,,,,,,,,,,,,,,,,,,,,,,,,,,,,,,,,I00758131
Q141961,Q116115997,,,,,,,,,,,,,,,,,,,,,,,,,,,,,,,,,,,,,,,,,,,,,I00758123
Q141962,Q116112557,,,,,,,,,,,,,,,,,,,,,,,,,,,,,,,,,,,,,,,,,,,,,I00760923
Q141963,Q116116046,,,,,,,,,,,,,,,,,,,,,,,,,,,,,,,,,,,,,,,,,,,,,I00758129
Q141964,Q116147062,,,,,,,,,,,,,,,,,,,,,,,,,,,,,,,,,,,,,,,,,,,,,I00774895
Q141965,Q116147588,,,,,,,,,,,,,,,,,,,,,,,,,,,,,,,,,,,,,,,,,,,,,I00713642
Q141966,Q116812469,,,,,,,,,,,,,,,,,,,,,,,,,,,,,,,,,,,,,,,,,,,,,I00775921
Q141967,Q117306733,,,,,,,,,,,,,,,,,,,,,,,,,,,,,,,,,,,,,,,,,,,,,I00760753
Q141968,Q110582646,,,,,,,,,,,,,,,,,,,,,,,,,,,,,,,,,,,,,,,,,,,,,I00759583
Q141969,Q116112397,,,,,,,,,,,,,,,,,,,,,,,,,,,,,,,,,,,,,,,,,,,,,I00713250
Q141970,Q116147213,,,,,,,,,,,,,,,,,,,,,,,,,,,,,,,,,,,,,,,,,,,,,I00757256
Q141971,Q116148088,,,,,,,,,,,,,,,,,,,,,,,,,,,,,,,,,,,,,,,,,,,,,I00760996
Q141972,Q130340337,,,,,,,,,,,,,,,,,,,,,,,,,,,,,,,,,,,,,,,,,,,,,I00762456
Q141973,Q116147589,,,,,,,,,,,,,,,,,,,,,,,,,,,,,,,,,,,,,,,,,,,,,I00764432
Q141974,Q110290396,,,,,,,,,,,,,,,,,,,,,,,,,,,,,,,,,,,,,,,,,,,,,I00711803
Q141975,Q5016452,,,,,,,,,,,,,,,,,,,,,,,,,,,,,,,,,,,,,,,,,,Cadfan_Cadwaladr_(1),,,
Q141976,Q76214351,,,,,,,,,,,,,,,,,,,,,,,,,,,,,,,,,,,,,,,,,p60994.htm#i609932,Richard_Cadwaladr_(1),,Ap_Cadwaladr-14,I00749268
Q141977,Q110583059,,,,,,,,,,,,,,,,,,,,,,,,,,,,,,,,,,,,,,,,,,,,,I00705535
Q141978,Q110585526,,,,,,,,,,,,,,,,,,,,,,,,,,,,,,,,,,,,,,,,,,,,,I00751669
Q141979,Q110582650,,,,,,,,,,,,,,,,,,,,,,,,,,,,,,,,,,,,,,,,,,,,,I00750372
Q141980,Q110585534,,,,,,,,,,,,,,,,,,,,,,,,,,,,,,,,,,,,,,,,,,,,,I00706274
Q141981,Q110663041,,,,,,,,,,,,,,,,,,,,,,,,,,,,,,,,,,,,,,,,,,,,,I00749807
Q141982,Q116054845,,,,,,,,,,,,,,,,,,,,,,,,,,,,,,,,,,,,,,,,,,,,,I00753718
Q141983,Q116054896,,,,,,,,,,,,,,,,,,,,,,,,,,,,,,,,,,,,,,,,,,,,,I00709793
Q141984,Q116055449,,,,,,,,,,,,,,,,,,,,,,,,,,,,,,,,,,,,,,,,,,,,,I00749808
Q141985,Q133462398,,,,,,,,,,,,,,,,,,,,,,,,,,,,,,,,,,,,,,,,,,,,,I00759331
Q141986,Q110585536,,,,,,,,,,,,,,,,,,,,,,,,,,,,,,,,,,,,,,,,,,,,,I00753719
Q141987,Q116054526,,,,,,,,,,,,,,,,,,,,,,,,,,,,,,,,,,,,,,,,,,,,,I00750842
Q141988,Q17352852,,,,,,,,,,,,,,,,,,,,,,,,,,,462359,,,,,,,,,,,,,,p56828.htm#i568280,,,Strange-20,I00597098
Q141989,Q76154575,,,,,,,,,,,,,,,,,,,,,,,,,,,,,,,,,,,,,,,,,p56829.htm#i568282,,,Tregoz-1,I00597099
Q141990,Q99302465,,,,,,,,,,,,,,,,,,,,,,,,,,,,,,,,,,,,,,,,,,,,,I00706563
Q141991,Q116147354,,,,,,,,,,,,,,,,,,,,,,,,,,,,,,,,,,,,,,,,,,,,,I00756950
Q141992,Q116054530,,,,,,,,,,,,,,,,,,,,,,,,,,,,,,,,,,,,,,,,,,,,,I00750839
Q141993,Q116054531,,,,,,,,,,,,,,,,,,,,,,,,,,,,,,,,,,,,,,,,,,,,,I00757943
Q141994,Q116054533,,,,,,,,,,,,,,,,,,,,,,,,,,,,,,,,,,,,,,,,,,,,,I00757942
Q141995,Q99082465,,,,,,,,,,,,,,,,,,,,,,,,,,,,,,,,,,,,,,,,,,,,,I00706326
Q141996,Q116054555,,,,,,,,,,,,,,,,,,,,,,,,,,,,,,,,,,,,,,,,,,,,,I00758021
Q141997,Q116054481,,,,,,,,,,,,,,,,,,,,,,,,,,,,,,,,,,,,,,,,,,,,,I00756806
Q141998,Q99302484,,,,,,,,,,,,,,,,,,,,,,,,,,,,,,,,,,,,,,,,,,,,,I00706345
Q141999,Q117306718,,,,,,,,,,,,,,,,,,,,,,,,,,,,,,,,,,,,,,,,,,,,,I00757331
Q142000,Q116054499,,,,,,,,,,,,,,,,,,,,,,,,,,,,,,,,,,,,,,,,,,,,,I00755616
Q142001,Q110585663,,,,,,,,,,,,,,,,,,,,,,,,,,,,,,,,,,,,,,,,,,,,,I00750478
Q142002,Q110582472,,,,,,,,,,,,,,,,,,,,,,,,,,,,,,,,,,,,,,,,,,,,,I00708153
Q142003,Q116147791,,,,,,,,,,,,,,,,,,,,,,,,,,,,,,,,,,,,,,,,,,,,,I00758631
Q142004,Q129257253,,,,,,,,,,,,,,,,,,,,,,,,,,,,,,,,,,,,,,,,,,,,,I00772973
Q142005,Q129257238,,,,,,,,,,,,,,,,,,,,,,,,,,,,,,,,,,,,,,,,,,,,,I00776032
Q142006,Q116147783,,,,,,,,,,,,,,,,,,,,,,,,,,,,,,,,,,,,,,,,,,,,,I00758636
Q142007,Q116478988,,,,,,,,,,,,,,,,,,,,,,,,,,,,,,,,,,,,,,,,,,,,,I00750508
Q142008,Q76215117,,,,,,,,,,,,,,,,,,,,,,,,,,,,,,,,,,,,,,,,,p61057.htm#i610561,Caradog_Ap_Thomas_(1),,Ap_Tomas-1,I00465383|I00759661
Q142009,Q116054975,,,,,,,,,,,,,,,,,,,,,,,,,,,,,,,,,,,,,,,,,,,,,I00759814
Q142010,Q110582403,,,,,,,,,,,,,,,,,,,,,,,,,,,,,,,,,,,,,,,,,,,,,I00754940
Q142011,Q110582673,,,,,,,,,,,,,,,,,,,,,,,,,,,,,,,,,,,,,,,,,,,,,I00750353
Q142012,Q110412964,,,,,,,,,,,,,,,,,,,,,,,,,,,,,,,,,,,,,,,,,,,,,I00706594
Q142013,Q110635625,,,,,,,,,,,,,,,,,,,,,,,,,,,,,,,,,,,,,,,,,,,,,I00753707
Q142014,Q116147041,,,,,,,,,,,,,,,,,,,,,,,,,,,,,,,,,,,,,,,,,,,,,I00751352
Q142015,Q76364559,,,,,,,,,,,,,,,,,,,,,,,,,,,,,,,,,,,,,,,,,p71324.htm#i713237,,,,I00745033
Q142016,Q112531544,,,,,,,,,,,,,,,,,,,,,,,,,,,,,,,,,,,,,,,,,,,,,I00769332
Q142017,Q3901072,,,,,,,,,,,,,,,,,,,,,,,,,,,,,,,,,,,,,,,,,,,,Ap_Clemen-1,
Q142018,Q116052786,,,,,,,,,,,,,,,,,,,,,,,,,,,,,,,,,,,,,,,,,,,,,I00754389
Q142019,Q116156540,,,,,,,,,,,,,,,,,,,,,,,,,,,,,,,,,,,,,,,,,,,,,I00775813
Q142020,Q122260542,,,,,,,,,,,,,,,,,,,,,,,,,,,,,,,,,,,,,,,,,,,,,I00753458
Q142021,Q116052944,,,,,,,,,,,,,,,,,,,,,,,,,,,,,,,,,,,,,,,,,,,,,I00774884
Q142022,Q3045581,,,,,,,,,,,,,,,,,,,,,,,,,,,,,p=dunlong;n=mac tuathal,,,,,,,,,,,,,Dúnlaing_mac_Tuathal_(1)|Dunlong_Mac_Tuathal_(1),,Mac_Tuathail-2,I00250082
Q142023,Q110582660,,,,,,,,,,,,,,,,,,,,,,,,,,,,,,,,,,,,,,,,,,,,,I00760856
Q142024,Q110582506,,,,,,,,,,,,,,,,,,,,,,,,,,,,,,,,,,,,,,,,,,,,,I00750061
Q142025,Q116147574,,,,,,,,,,,,,,,,,,,,,,,,,,,,,,,,,,,,,,,,,,,,,I00764441
Q142026,Q130338968,,,,,,,,,,,,,,,,,,,,,,,,,,,,,,,,,,,,,,,,,,,,,I00758297
Q142027,Q116052949,,,,,,,,,,,,,,,,,,,,,,,,,,,,,,,,,,,,,,,,,,,,,I00756961
Q142028,Q110582702,,,,,,,,,,,,,,,,,,,,,,,,,,,,,,,,,,,,,,,,,,,,,I00760181
Q142029,Q116112560,,,,,,,,,,,,,,,,,,,,,,,,,,,,,,,,,,,,,,,,,,,,,I00760924
Q142030,Q99302420,,,,,,,,,,,,,,,,,,,,,,,,,,,,,,,,,,,,,,,,,,,,,I00750578
Q142031,Q116052994,,,,,,,,,,,,,,,,,,,,,,,,,,,,,,,,,,,,,,,,,,,,,I00705536
Q142032,Q130358759,,,,,,,,,,,,,,,,,,,,,,,,,,,,,,,,,,,,,,,,,,,,,I00710049
Q142033,Q116052904,,,,,,,,,,,,,,,,,,,,,,,,,,,,,,,,,,,,,,,,,,,,,I00759284
Q142034,Q116052906,,,,,,,,,,,,,,,,,,,,,,,,,,,,,,,,,,,,,,,,,,,,,I00759418
Q142035,Q130358500,,,,,,,,,,,,,,,,,,,,,,,,,,,,,,,,,,,,,,,,,,,,,I00761333
Q142036,Q130358431,,,,,,,,,,,,,,,,,,,,,,,,,,,,,,,,,,,,,,,,,,,,,I00711600
Q142037,Q110636938,,,,,,,,,,,,,,,,,,,,,,,,,,,,,,,,,,,,,,,,,,,,,I00709770
Q142038,Q110383298,,,,,,,,,,,,,,,,,,,,,,,,,,,,,,,,,,,,,,,,,,,,,I00709934
Q142039,Q106703130,,,,,,,,,,,,,,,,,,,,,,,,,,,,,,,,,,,,,,,,,,,,Unknown-650960,I00163461
Q142040,Q106703126,,,,,,,,,,,,,,,,,,,,,,,,,,,,,,,,,,,,,,,,,,,,Ferch_Cynfyn-6,I00753773
Q142041,Q112531602,,,,,,,,,,,,,,,,,,,,,,,,,,,,,,,,,,,,,,,,,,,,,I00706135
Q142042,Q6728338,,,,,,,,,,,,,,,,,,,,,,,,,,,,,,,,,,,,,,,,,,Madog_ap_Rhiryd_(1),,,
Q142043,Q110636578,,,,,,,,,,,,,,,,,,,,,,,,,,,,,,,,,,,,,,,,,,,,,I00050700
Q142044,Q110622188,,,,,,,,,,,,,,,,,,,,,,,,,,,,,,,,,,,,,,,,,,,,,I00710086
Q142045,Q116477813,,,,,,,,,,,,,,,,,,,,,,,,,,,,,,,,,,,,,,,,,,,,,I00753790
Q142046,Q116477811,,,,,,,,,,,,,,,,,,,,,,,,,,,,,,,,,,,,,,,,,,,,,I00749596
Q142047,Q75382638,,,,,,,,,,,,,,,,,,,,,,,,,,,967956,,p=eleanor;n=verch maelgwn fychan,,,,,,,,,,,,p10281.htm#i102809,"Eleanor_of_Ceredigion_(1)|Elinor_Ferch_Maelgwn_""Ieuanc""_(1)",,Ferch_Maelgwn-2,I00059426
Q142048,Q110582482,,,,,,,,,,,,,,,,,,,,,,,,,,,,,,,,,,,,,,,,,,,,,I00708155
Q142049,Q110636945,,,,,,,,,,,,,,,,,,,,,,,,,,,,,,,,,,,,,,,,,,,,,I00309500
Q142050,Q2594211,,,,,,,,,,135024520,,,,,,,,,,,,,,,,,,,p=john;n=of scotland,,,,,,,,,,,,p10776.htm#i107758,John_of_Scotland_(2),,Huntingdon-15,I00027704
Q142051,Q24706412,,,,,,,,,,,,,,,,,,,,,,,,,,,1081961,,p=robert;n=de quincy,,,,,,,,,,,,p10776.htm#i107760,Robert_de_Quincy_(1),,Quincy-46,I00140303
Q142052,Q61963721,,,,,,,,,,,,,,,,,,,,,,,,,,,,,,,,,,,,,,,,,,,,,
Q142053,Q61963737,,,,,,,,,,,,,,,,,,,,,,,,,,,,,,,,,,,,,,,,,p10777.htm#i107763,,,Quincy-45,
Q142054,Q61964693,,,,,,,,,,,,,,,,,,,,,,,,,,,,,,,,,,,,,,,,,p10777.htm#i107761,,,Quincy-135,I00140308
Q142055,Q20602338,,,,,,,,,,,,,,,,,,,,,,,,,,,259061,,p=osbern;n=fitzrichard,,,,,,,,,,,,p10257.htm#i102568,Osborn_Fitz_Richard_(1),,Scrope-193,I00027753
Q142056,Q75382459,,,,,,,,,,,,,,,,,,,,,,,,,,,,,,,,,,,,,,,,,p10257.htm#i102567,,,Osbern-16,I00027754
Q142057,Q113633089,,,,,,,,,,,,,,,,,,,,,,,,,,,,,,,,,,,,,,,,,,,,FitzOsbern-30,I00397872
Q142058,Q130359071,,,,,,,,,,,,,,,,,,,,,,,,,,,,,,,,,,,,,,,,,,,,,I00760385
Q142059,Q2421950,,,,,,,,,,,,,,,,,,,,,,,,,,,,,,,,,,,,,,,,,,,,,I00211760
Q142060,Q75531271,,,,,,,,,,,,,,,,,,,,,,,,,,,,,,,,,,,,,,,,,p19780.htm#i197791,,,,
Q142061,Q110582476,,,,,,,,,,,,,,,,,,,,,,,,,,,,,,,,,,,,,,,,,,,,,I00757027
Q142062,Q117307111,,,,,,,,,,,,,,,,,,,,,,,,,,,,,,,,,,,,,,,,,,,,,I00760439
Q142063,Q110622486,,,,,,,,,,,,,,,,,,,,,,,,,,,,,,,,,,,,,,,,,,,,,I00755206
Q142064,Q131346812,,,,,,,,,,,,,,,,,,,,,,,,,,,,,,,,,,,,,,,,,,,,,I00760823
Q142065,Q97532358,,,,,,,,,,,,,,,,,,,,,,,,,,,,,,,,,,,,,,,,,,,,,I00705664
Q142066,Q116147088,,,,,,,,,,,,,,,,,,,,,,,,,,,,,,,,,,,,,,,,,,,,,I00774848
Q142067,Q116147092,,,,,,,,,,,,,,,,,,,,,,,,,,,,,,,,,,,,,,,,,,,,,I00759602
Q142068,Q116147093,,,,,,,,,,,,,,,,,,,,,,,,,,,,,,,,,,,,,,,,,,,,,I00759603
Q142069,Q99302508,,,,,,,,,,,,,,,,,,,,,,,,,,,,,,,,,,,,,,,,,,,,,I00706603
Q142070,Q116812172,,,,,,,,,,,,,,,,,,,,,,,,,,,,,,,,,,,,,,,,,,,,,I00774839
Q142071,Q112608562,,,,,,,,,,,,,,,,,,,,,,,,,,,,,,,,,,,,,,,,,,,,Ap_John-25,I00705619
Q142072,Q116812442,,,,,,,,,,,,,,,,,,,,,,,,,,,,,,,,,,,,,,,,,,,,,I00738327
Q142073,Q99087027,,,,,,,,,,,,,,,,,,,,,,,,,,,,,,,,,,,,,,,,,,,,,I00705612
Q142074,Q131346712,,,,,,,,,,,,,,,,,,,,,,,,,,,,,,,,,,,,,,,,,,,,,I00806217
Q142075,Q116146090,,,,,,,,,,,,,,,,,,,,,,,,,,,,,,,,,,,,,,,,,,,,,I00760364
Q142076,Q99084997,,,,,,,,,,,,,,,,,,,,,,,,,,,,,,,,,,,,,,,,,,,,,I00696709
Q142077,Q110560229,,,,,,,,,,,,,,,,,,,,,,,,,,,,,,,,,,,,,,,,,,,,,I00760284
Q142078,Q116812094,,,,,,,,,,,,,,,,,,,,,,,,,,,,,,,,,,,,,,,,,,,,,I00768266
Q142079,Q110390626,,,,,,,,,,,,,,,,,,,,,,,,,,,,,,,,,,,,,,,,,,,,,I00709996
Q142080,Q116812268,,,,,,,,,,,,,,,,,,,,,,,,,,,,,,,,,,,,,,,,,,,,,I00777370
Q142081,Q75921793,,,,,,,,,,,,,,,,,,,,,,,,,,,414368,,p=gronwy;n=.,,,,,,,,,,,,p40493.htm#i404926,Gronwy_Ap_Owain_(3),,Ab_Owain-22,I00750973
Q142082,Q116109329,,,,,,,,,,,,,,,,,,,,,,,,,,,,,,,,,,,,,,,,,,Meilyr_Owain_(1),,Ab_Owain-44,I00757472
Q142083,Q110585399,,,,,,,,,,,,,,,,,,,,,,,,,,,,,,,,,,,,,,,,,,Llewelyn_Owain_(1),,,I00750874
Q142084,Q116052920,,,,,,,,,,,,,,,,,,,,,,,,,,,,,,,,,,,,,,,,,,,,,I00759419
Q142085,Q130358502,,,,,,,,,,,,,,,,,,,,,,,,,,,,,,,,,,,,,,,,,,,,,I00761335
Q142086,Q133462394,,,,,,,,,,,,,,,,,,,,,,,,,,,,,,,,,,,,,,,,,,,,,I00759333
Q142087,Q112532040,,,,,,,,,,,,,,,,,,,,,,,,,,,,,,,,,,,,,,,,,,,,,I00708235
Q142088,Q116053042,,,,,,,,,,,,,,,,,,,,,,,,,,,,,,,,,,,,,,,,,,,,,I00714641
Q142089,Q110585584,,,,,,,,,,,,,,,,,,,,,,,,,,,,,,,,,,,,,,,,,,,,,I00749781
Q142090,Q116146943,,,,,,,,,,,,,,,,,,,,,,,,,,,,,,,,,,,,,,,,,,,,,I00757274
Q142091,Q130358506,,,,,,,,,,,,,,,,,,,,,,,,,,,,,,,,,,,,,,,,,,,,,I00761337
Q142092,Q110582746,,,,,,,,,,,,,,,,,,,,,,,,,,,,,,,,,,,,,,,,,,,,,I00751670
Q142093,Q116156548,,,,,,,,,,,,,,,,,,,,,,,,,,,,,,,,,,,,,,,,,,,,,I00753018
Q142094,Q116113218,,,,,,,,,,,,,,,,,,,,,,,,,,,,,,,,,,,,,,,,,,,,,I00757204
Q142095,Q110663042,,,,,,,,,,,,,,,,,,,,,,,,,,,,,,,,,,,,,,,,,,,,,I00753720
Q142096,Q117307037,,,,,,,,,,,,,,,,,,,,,,,,,,,,,,,,,,,,,,,,,,,,,I00761343
Q142097,Q110383297,,,,,,,,,,,,,,,,,,,,,,,,,,,,,,,,,,,,,,,,,,,,,I00714461
Q142098,Q133462372,,,,,,,,,,,,,,,,,,,,,,,,,,,,,,,,,,,,,,,,,,,,,I00759327
Q142099,Q17325018,,,,,,,,,,,,,,,,,,,,,,,,,,,967952,,p=maredudd;n=ap owain;oc=4,,,,,,,,,,,,p10281.htm#i102810,Maredudd_ap_Owain_(1),,Ab_Owain-5,I00757346
Q142100,Q133462369,,,,,,,,,,,,,,,,,,,,,,,,,,,,,,,,,,,,,,,,,,,,,I00759326
Q142101,Q116055479,,,,,,,,,,,,,,,,,,,,,,,,,,,,,,,,,,,,,,,,,,,,,I00759017
Q142102,Q123139771,,,,,,,,,,,,,,,,,,,,,,,,,,,,,,,,,,,,,,,,,p72547.htm#i725468,,,,I00465265
Q142103,Q18560109,,,,,,,,,,,,,,,,,,,,,,,,,,,461296,,p=hawys;n=le strange,,,,,,,,,,,,p56832.htm#i568312,Hawise_Le_Strange_(1),,Strange-121,I00042996
Q142104,Q7114718,,,,,,,,,,,,,,,,,,,,,,,,,,,461294,,p=owen;n=of powys;oc=1,,,,,,,,,,,,p56832.htm#i568314,Owain_de_la_Pole_(1),,Pole-115,I00042951
Q142105,Q110641407,,,,,,,,,,,,,,,,,,,,,,,,,,,,,,,,,,,,,,,,,,,,,I00042998
Q142106,Q116054520,,,,,,,,,,,,,,,,,,,,,,,,,,,,,,,,,,,,,,,,,,,,,I00754928
Q142107,Q116147318,,,,,,,,,,,,,,,,,,,,,,,,,,,,,,,,,,,,,,,,,,,,,I00758361
Q142108,Q99302443,,,,,,,,,,,,,,,,,,,,,,,,,,,,,,,,,,,,,,,,,,,,,I00755715
Q142109,Q110636490,,,,,,,,,,,,,,,,,,,,,,,,,,,,,,,,,,,,,,,,,,,,,I00709763
Q142110,Q130358776,,,,,,,,,,,,,,,,,,,,,,,,,,,,,,,,,,,,,,,,,,,,,I00775128
Q142111,Q130359168,,,,,,,,,,,,,,,,,,,,,,,,,,,,,,,,,,,,,,,,,,,,,I00710082
Q142112,Q99211914,,,,,,,,,,,,,,,,,,,,,,,,,,,,,,,,,,,,,,,,,,,,Ferch_Rhys-18,I00736946
Q142113,Q116054829,,,,,,,,,,,,,,,,,,,,,,,,,,,,,,,,,,,,,,,,,,,,Ferch_Hywel-12,I00736950
Q142114,Q110636949,,,,,,,,,,,,,,,,,,,,,,,,,,,,,,,,,,,,,,,,,,,,,I00718320
Q142115,Q99211915,,,,,,,,,,,,,,,,,,,,,,,,,,,,,,,,,,,,,,,,,,,,,I00706573
Q142116,Q116111658,,,,,,,,,,,,,,,,,,,,,,,,,,,,,,,,,,,,,,,,,,,,,I00718318
Q142117,Q116812408,,,,,,,,,,,,,,,,,,,,,,,,,,,,,,,,,,,,,,,,,,,,,I00759292
Q142118,Q130342845,,,,,,,,,,,,,,,,,,,,,,,,,,,,,,,,,,,,,,,,,,,,,I00709807
Q142119,Q116146057,,,,,,,,,,,,,,,,,,,,,,,,,,,,,,,,,,,,,,,,,,,,,I00708897
Q142120,Q116146030,,,,,,,,,,,,,,,,,,,,,,,,,,,,,,,,,,,,,,,,,,,,,I00707783
Q142121,Q131346760,,,,,,,,,,,,,,,,,,,,,,,,,,,,,,,,,,,,,,,,,,,,,I00777758
Q142122,Q131346719,,,,,,,,,,,,,,,,,,,,,,,,,,,,,,,,,,,,,,,,,,,,,I00777765
Q142123,Q131346764,,,,,,,,,,,,,,,,,,,,,,,,,,,,,,,,,,,,,,,,,,,,,I00777756
Q142124,Q131346777,,,,,,,,,,,,,,,,,,,,,,,,,,,,,,,,,,,,,,,,,,,,,I00777775
Q142125,Q131346746,,,,,,,,,,,,,,,,,,,,,,,,,,,,,,,,,,,,,,,,,,,,,I00777771
Q142126,Q110152929,,,,,,,,,,,,,,,,,,,,,,,,,,,,,,,,,,,,,,,,,,,,Ap_Morien-3,I00751482
Q142127,Q2615757,,,,,,,,,,,,,,,,,,,,,,,,,,,414396,,p=madog;n=of powys;oc=1,,,,,,,,,,,,,Madog_ap_Gruffudd_(3),,Ap_Gruffudd_Maelor-1,I00337536
Q142128,Q116110824,,,,,,,,,,,,,,,,,,,,,,,,,,,,,,,,,,,,,,,,,,,,,I00760790
Q142129,Q110585302,,,,,,,,,,,,,,,,,,,,,,,,,,,,,,,,,,,,,,,,,,,,,I00715526
Q142130,Q3401947,,,,,,,,,,,,,,,,,,,,,,,,,,,,,,,,,,,,,,,,,,Cadwallon_Madog_(1),,,
Q142131,Q116055474,,,,,,,,,,,,,,,,,,,,,,,,,,,,,,,,,,,,,,,,,,,,,I00117847
Q142132,Q110582543,,,,,,,,,,,,,,,,,,,,,,,,,,,,,,,,,,,,,,,,,,,,,I00322064
Q142133,Q75961205,,,,,,,,,,,,,,,,,,,,,,,,,,,,,,,,,,,,,,,,,p43220.htm#i432195,,,Ap_Cynwrig-16,I00749251
Q142134,Q99073368,,,,,,,,,,,,,,,,,,,,,,,,,,,,,,,,,,,,,,,,,,,,,I00706359
Q142135,Q116114001,,,,,,,,,,,,,,,,,,,,,,,,,,,,,,,,,,,,,,,,,,,,,I00757410
Q142136,Q116116277,,,,,,,,,,,,,,,,,,,,,,,,,,,,,,,,,,,,,,,,,,,,,I00762543
Q142137,Q110636676,,,,,,,,,,,,,,,,,,,,,,,,,,,,,,,,,,,,,,,,,,,,,I00711674
Q142139,Q61963442,,,,,,,,,,,,,,,,,,,,,,,,,,,,,,,,,,,,,,,,,p41178.htm#i411774,,,Clare-692,I00139387
Q142140,Q75386706,,,,,,,,,,,,,,,,,,,,,,,,,,,,,,,,,,,,,,,,,p10673.htm#i106722,,,,I00415837
Q142141,Q75938512,,,,,,,,,,,,,,,,,,,,,,,,,,,,,,,,,,,,,,,,,p41560.htm#i415600,Aveline_St_Hilary_(1),,Unknown-426409,I00415838
Q142143,Q2581181,,,,,,,,9H8D-NKZ,,,,,,,,,,I5085,,,,,,,,,260671|633461,,,,,,,,,,,,,,p407.htm#i4064,William_d'Aubigny_(56),,Aubigny-7,I00015437
Q142144,Q75386745,,,,,,,,,,,,,,,,,,,,,,,,,,,,,,,,,,,,,,,,,p10676.htm#i106760,Matilda_d'Aubigny_(2),,Aubigny-2,I00015434
Q142145,Q5534602,,,,,,,,,"Geoffrey_Fitz_Peter,_1st_Earl_of_Essex_(c1162-1213)",,,,,,,,,,,,,,,,,,,,,,,,,,,,,,,,p462.htm#i4615,"Geoffrey_Fitz_Peter,_1st_Earl_of_Essex_(1)",,FitzPiers-65,I00028088
Q142146,Q6233297,,,,,,,,L2PC-C3Z,,,,,,,,,,I5488,,,,,,,,,137923,,,,,,,,,,,,,,p462.htm#i4611,John_Fitzgeoffrey_(1),,FitzGeoffrey-66,I00026587
Q142147,Q76343320,,,,,,,,,,,,,,,,,,,,,,,,,,,,,,,,,,,,,,,,,p70232.htm#i702313,,,FitzPiers-66,
Q142148,Q96481116,,,,,,,,,,,,,,,,,,,,,,,,,,,,,,,,,,,,,,,,,,,,FitzGeoffrey-64,I00199067
Q142149,Q12900150,,,,,,,,,,,,,,,,,,I21648,,,,,,,,,328749,,,,,,,,,,,,,,p42502.htm#i425017|p10682.htm#i106813,,,Munchensy-11,I00198362
Q142150,Q4746125,,,,,,,,,,,,,,,,,,,,,,,,,,,,,,,,,,,,,,,,,p10683.htm#i106824,Amice_de_Clare_(1),,Clare-124,
Q142152,Q6078134,,,,,,,,,,,,,,,,,,I6446,,,,,,,,,150571,,p=isabel;n=de clare;oc=1,,,,,,,,,,,,p10248.htm#i102475,Isabella_de_Clare_(2),,Clare-18,I00027617
Q142153,Q21033687,,,,,,,,,,,,,,,,,,,,,,,,,,,,,,,,,,,,,,,,,p10683.htm#i106828,,,,I00509957
Q142154,Q75386801,,,,,,,,,,,,,,,,,,,,,,,,,,,,,,,,,,,,,,,,,p10683.htm#i106827,,,Clare-125,
Q142155,Q75386803,,,,,,,,,,,,,,,,,,,,,,,,,,,,,,,,,,,,,,,,,p10683.htm#i106829,,,,
Q142157,Q1502979,,,,,,,,,"Geoffrey_de_Mandeville,_2nd_Earl_of_Essex_(-1216)",,,,,,,,,I5464,,,,,,,,,,,p=geoffrey fitzgeoffrey;n=de mandeville,,,,,,,,,,,,p10487.htm#i104863,Geoffrey_Mandeville_(1),,Mandeville-10,I00320937
Q142158,Q1381324,,,,,,,,,,,,,,,,,,I4773,,,,,,,,,,,p=hubert;n=de burgh,,,,,,,,,,,,p10487.htm#i104864,"Hubert_de_Burgh,_1st_Earl_of_Kent_(1)",,Burgh-19,I00065026
Q142159,Q2159274,,,,,,,,,,,,,,,,,,,,,,,,,,,,,p=robert;n=de beaumont le roger;oc=6,,,,,,,,,,,,p1700.htm#i16997,Robert_de_Beaumont_(3),,Breteuil-16,I00385037
Q142160,Q7965205,,,,,,,,,,,,,,,,,,,,,,,,,,,310510,,p=walter;n=clifford,,,,,,,,,,,,p413.htm#i4124,Walter_de_Clifford_(1),,Clifford-248,I00146987
Q142161,Q15869977,,,,,,,,,,,,,,,,,,,,,,,,,,,310507,,p=maud;n=clifford,,,,,,,,,,,,p413.htm#i4123,Maud_De_Clifford_(1),,Clifford-47,I00028342
Q142162,Q61963406,,,,,,,,,,,,,,,,,,,,,,,,,,,,,,,,,,,,,,,,,p14957.htm#i149564,,,Multon-4,I00146989
Q142163,Q61963412,,,,,,,,,,,,,,,,,,,,,,,,,,,,,,,,,,,,,,,,,p15017.htm#i150166,,,Moels-20,I00146990
Q142164,Q75453611,,,,,,,,,,,,,,,,,,,,,,,,,,,,,,,,,,,,,,,,,p15168.htm#i151679,,,Ros-22,
Q142165,Q542597,,,,,,,,,,,,,,,,,,,,,,,,,,,,,,,,,,,,,,,,,p15170.htm#i151692,William_Braos_(1),,Braose-21,I00146992
Q142166,Q75453871,,,,,,,,,,,,,,,,,,,,,,,,,,,,,,,,,,,,,,,,,p15187.htm#i151863,,,,
Q142167,Q75382447,,,,,,,,,,,,,,,,,,,,,,,,,,,,,,,,,,,,,,,,,p15187.htm#i151861|p10255.htm#i102541,,,Braose-94,I00385045
Q142168,Q75534691,,,,,,,,,,,,,,,,,,,,,,,,,,,,,,,,,,,,,,,,,p19980.htm#i199795,,,Braose-20,
Q142169,Q116180095,,,,,,,,,,,,,,,,,,,,,,,,,,,,,,,,,,,,,,,,,,,,,I00385043
Q142170,Q75453786,,,,,,,,,,,,,,,,,,,,,,,,,,,,,,,,,,,,,,,,,p15182.htm#i151813,,,Rus-20,I00394331
Q142171,Q75397944,,,,,,,,,,,,,,,,,,,,,,,,,,,,,,,,,,,,,,,,,p11700.htm#i117000,,,Braose-100,
Q142172,Q75453794,,,,,,,,,,,,,,,,,,,,,,,,,,,,,,,,,,,,,,,,,p15182.htm#i151818,,,Braose-167,
Q142173,Q63183314,,,,,,,,,,,,,,,,,,,,,,,,,,,,,,,,,,,,,,,,,,,,London-201,
Q142174,Q63183332,,,,,,,,,,,,,,,,,,,,,,,,,,,,,,,,,,,,,,,,,,,,FitzWarin-63,
Q142175,Q17325626,,,,,,,,,,,,,,,,,,,,,,,,,,,,,,,,,,,,,,,,,,,,Chaworth-33,
Q142176,Q16508889,,,,,,,,,,,,,,,,,,,,,,,,,,,,,,,,,,,,,,,,,,,,,
Q142177,Q19959425,,,,,,,,,,,,,,,,,,I5484,,,,,,,,,,,,,,,,,,,,,,,p356.htm#i3557,,,Chaworth-6,I00101370
Q142178,Q110152910,,,,,,,,,,,,,,,,,,,,,,,,,,,,,,,,,,,,,,,,,,,,,I00749625
Q142179,Q76304872,,,,,,,,,,,,,,,,,,,,,,,,,,,,,,,,,,,,,,,,,p67585.htm#i675844,,,Ap_Godwin-1,I00759032
Q142180,Q116469731,,,,,,,,,,,,,,,,,,,,,,,,,,,,,,,,,,,,,,,,,,,,,I00752110
Q142181,Q122260616,,,,,,,,,,,,,,,,,,,,,,,,,,,,,,,,,,,,,,,,,,,,,I00707756
Q142182,Q116146043,,,,,,,,,,,,,,,,,,,,,,,,,,,,,,,,,,,,,,,,,,,,,I00759728
Q142183,Q116812495,,,,,,,,,,,,,,,,,,,,,,,,,,,,,,,,,,,,,,,,,,,,,I00762468
Q142184,Q110383305,,,,,,,,,,,,,,,,,,,,,,,,,,,,,,,,,,,,,,,,,,,,,I00707422
Q142185,Q130358780,,,,,,,,,,,,,,,,,,,,,,,,,,,,,,,,,,,,,,,,,,,,,I00774909
Q142186,Q75905260,,,,,,,,,,,,,,,,,,,,,,,,,,,,,,,,,,,,,,,,,p39433.htm#i394325,,,,I00753938
Q142187,Q116812432,,,,,,,,,,,,,,,,,,,,,,,,,,,,,,,,,,,,,,,,,,,,,I00760667
Q142188,Q99086994,,,,,,,,,,,,,,,,,,,,,,,,,,,,,,,,,,,,,,,,,,,,,I00705607
Q142189,Q117307060,,,,,,,,,,,,,,,,,,,,,,,,,,,,,,,,,,,,,,,,,,,,,I00708990
Q142190,Q116146035,,,,,,,,,,,,,,,,,,,,,,,,,,,,,,,,,,,,,,,,,,,,,I00706837
Q142191,Q99087072,,,,,,,,,,,,,,,,,,,,,,,,,,,,,,,,,,,,,,,,,,,,,I00706606
Q142192,Q133462376,,,,,,,,,,,,,,,,,,,,,,,,,,,,,,,,,,,,,,,,,,,,,I00708480
Q142193,Q116478862,,,,,,,,,,,,,,,,,,,,,,,,,,,,,,,,,,,,,,,,,,,,,I00751313
Q142194,Q110383292,,,,,,,,,,,,,,,,,,,,,,,,,,,,,,,,,,,,,,,,,,,,,I00759910
Q142195,Q110413737,,,,,,,,,,,,,,,,,,,,,,,,,,,,,,,,,,,,,,,,,,,,,I00753384
Q142196,Q110560211,,,,,,,,,,,,,,,,,,,,,,,,,,,,,,,,,,,,,,,,,,,,,I00764724
Q142197,Q110383088,,,,,,,,,,,,,,,,,,,,,,,,,,,,,,,,,,,,,,,,,,,,,I00586399
Q142198,Q110390645,,,,,,,,,,,,,,,,,,,,,,,,,,,,,,,,,,,,,,,,,,,,,I00764721
Q142199,Q116812375,,,,,,,,,,,,,,,,,,,,,,,,,,,,,,,,,,,,,,,,,,,,,I00711396
Q142200,Q131347074,,,,,,,,,,,,,,,,,,,,,,,,,,,,,,,,,,,,,,,,,,,,,I00708374
Q142201,Q110413020,,,,,,,,,,,,,,,,,,,,,,,,,,,,,,,,,,,,,,,,,,,,,I00570149
Q142202,Q130358432,,,,,,,,,,,,,,,,,,,,,,,,,,,,,,,,,,,,,,,,,,,,,I00711601
Q142203,Q131346710,,,,,,,,,,,,,,,,,,,,,,,,,,,,,,,,,,,,,,,,,,,,,I00806216
Q142204,Q131347156,,,,,,,,,,,,,,,,,,,,,,,,,,,,,,,,,,,,,,,,,,,,,I00708491
Q142205,Q998314,,,,,,,,9HVG-3HS,,,,,,,,,,,,,,,,,,,,,,,,,,,,,,,,,p63.htm#i629,Philip_de_Braose_(1),,Braose-89,I00139661
Q142206,Q75237941,,,,,,,,,,,,,,,,,,,,,,,,,,,,,,,,,,,,,,,,,p63.htm#i630,,,Totnes-1,I00139662
Q142207,Q7184610,,,,,,,,,,,,,,,,,,,,,,,,,,,,,,,,,,,,,,,,,,Philip_De_Braose_(2),,,
Q142208,Q61896279,,,,,,,,,,,,,,,,,,,,,,,,,,,,,,,,,,,,,,,,,p15854.htm#i158534,,,Braose-15,I00139189
Q142209,Q107453198,,,,,,,,,,,,,,,,,,,,,,,,,,,,,,,,,,,,,,,,,,,,,
Q142210,Q3314094,,,,,,,,9CX7-S59,,,,,,,,,,,,,,,,,,,141813,,,,,,,,,,,,,,p10257.htm#i102564,Miles_of_Gloucester_(1),,Gloucester-15,I00139671
Q142211,Q3960034,,,,,,,,,,,,,,,,,,,,,,,,,,,,,,,,,,,,,,,,,p10257.htm#i102565,Sibyl_Neufmarche_(1),,Neufmarché-7,I00139672
Q142212,Q6760064,,,,,,,,,,,,,,,,,,,,,,,,,,,971555,,,,,,,,,,,,,,p21390.htm#i213894,Margaret_De_Gloucester_(1),,FitzMiles-11,
Q142213,Q7966512,,,,,,,,,,,,,,,,,,,,,,,,,,,,,,,,,,,,,,,,,p62.htm#i617,Walter_de_Hereford_(1),,,
Q142214,Q61911553,,,,,,,,,,,,,,,,,,,,,,,,,,,,,,,,,,,,,,,,,p39778.htm#i397777,,,,
Q142215,Q7966494,,,,,,,,,,,,,,,,,,,,,,,,,,,309634,,,,,,,,,,,,,,p39778.htm#i397775,,,Beauchamp-438,I00174750
Q142216,Q61911555,,,,,,,,,,,,,,,,,,,,,,,,,,,,,,,,,,,,,,,,,p39778.htm#i397779,,,Beauchamp-440,I00174748
Q142217,Q1516535,,,,,,,,,,,,,,,,,,,,,,,,,,,259137,,p=reginald;n=de saint valery,,,,,,,,,,,,p466.htm#i4651,Reginald_St_Valery_(1),,St_Valéry-15,I00314190
Q142218,Q110520474,,,,,,,,,,,,,,,,,,,,,,,,,,,,,,,,,,,,,,,,,,,,,I00314191
Q142219,Q20875133,,,,,,,,,,,,,,,,,,,,,,,,,,,,,p=eleonore;n=de dammartin,,,,,,,,,,,,,Alanor_De_Dommart_(2),,Dommart-1,I00314094
Q142220,Q61750989,,,,,,,,,,,,,,,,,,,,,,,,,,,11576,,p=thomas;n=de saint valery,,,,,,,,,,,,p372.htm#i3719,Thomas_De_Saint_Valery_(1),,St_Valéry-27,I00139146
Q142221,Q1634638,,,,,,,,LVPJ-ZDR,,,,,,,,,,,,,,,,,,,590430,,,,,,,,,,,,,,,Hugh_de_Lacy_(2),,Lacy-287,I00174520
Q142222,Q1634631,,,,,,,,,,,,,,,,,,,,,,,,,,,1212096,,p=hugh;n=de lacy,,,,,,,,,,,,,Hugh_de_Lacy_(1),,Lacy-226,I00106765
Q142223,Q2151004,,,,,,,,,Richard_Mor_de_Burgh_(c1194-1242),,,,,,,,,,,,,,,,,,49265,,,,,,,,,,,,,,p461.htm#i4605|p19586.htm#i195856,Richard_de_Burgh_(1),,Burgh-18,I00110852
Q142224,Q3565928,,,,,,,,GSWF-F4N,,,,,,,,,,,,,,,,,,,49273,,,,,,,,,,,,,,p261.htm#i2608,Walter_de_Burgh_(1),,Burgh-11,I00110846
Q142225,Q6760317,,,,,,,,,,,,,,,,,,,,,,,,,,,,,,,,,,,,,,,,,p19586.htm#i195855,Margery_de_Burgh_(1),,,
Q142226,Q3120498,,,,,,,,,,,,,,,,,,,,,,,,,,,,,,,,,,,,,,,,,p22561.htm#i225610,William_de_Burgh_(2),,Burgh-24,
Q142227,Q75717097,,,,,,,,,,,,,,,,,,,,,,,,,,,,,,,,,,,,,,,,,p30012.htm#i300112,,,Burgh-23,I00397916
Q142228,Q3802253,,,,,,,,,,,,,,,,,,I5489,,,,,,,,,,,,,,,,,,,,,,,p462.htm#i4612,,,Bigod-17,I00026588
Q142229,Q3851875,,,,,,,,,,,,,,,,,,,,,,,,,,,10354,,p=maud;n=de lacy;oc=2,,,,,,,,,,,,p40324.htm#i403231,Maud_de_Lacy_(2),,Lacy-216,I00026600
Q142230,Q75764442,,,,,,,,,,,,,,,,,,,,,,,,,,,,,,,,,,,,,,,,,p32211.htm#i322107,,,,I00026695
Q142231,Q75653834,,,,,,,,,,,,,,,,,,,,,,,,,,,,,,,,,,,,,,,,,p27439.htm#i274388,,,Lacy-178,I00177620
Q142232,Q76346799,,,,,,,,,,,,,,,,,,,,,,,,,,,,,,,,,,,,,,,,,p70426.htm#i704257,Unknown_Toeni_(1),,,
Q142233,Q76346803,,,,,,,,,,,,,,,,,,,,,,,,,,,,,,,,,,,,,,,,,p70426.htm#i704258,De_Ralph_(1),,,I00397923
Q142234,Q75414570,,,,,,,,,,,,,,,,,,,,,,,,,,,,,p=roger;n=de toeny;oc=4,,,,,,,,,,,,p12706.htm#i127055,Roger_de_Tosny_(3),,Toeni-15,I00177594
Q142235,Q110641404,,,,,,,,,,,,,,,,,,,,,,,,,,,,,p=constance;n=de toeny,,,,,,,,,,,,,Constance_De_Toni_(1),,Toeni-57,I00199019
Q142236,Q76012117,,,,,,,,,,,,,,,,,,,,,,,,,,,,,,,,,,,,,,,,,p46637.htm#i466369,,,Ferch_Llywelyn-8,I00509160
Q142237,Q75384731,,,,,,,,,,,,,,,,,,,,,,,,,,,,,,,,,,,,,,,,,p10493.htm#i104930,Clemence_Unknown_(1),,Unknown-225826,I00327919
Q142243,Q5208389,,,,,,,,,,,,,,,,,,,,,,,,,,,,,,,,,,,,,,,,,,,,,
Q142244,Q75963063,,,,,,,,,,,,,,,,,,,,,,,,,,,,,,,,,,,,,,,,,p43351.htm#i433505,,,,
Q142245,Q75414945,,,,,,,,,,,,,,,,,,,,,,,,,,,109453,,p=helen;n=of gwynedd,,,,,,,,,,,,p12728.htm#i127280,Helen_Unknown_(281)|Helen_Verch_Llewelyn_(1),,Ferch_Llywelyn-22,I00108349
Q142246,Q96311989,,,,,,,,,,,,,,,,,,,,,,,,,,,,,,,,,,,,,,,,,,Annes_Unknown_(14),,,I00311461
Q142247,Q96312006,,,,,,,,,,,,,,,,,,,,,,,,,,,,,p=llewelyn;n=of gwynedd,,,,,,,,,,,,,Llywelyn_Unknown_(27),,,I00311434
Q142248,Q116478879,,,,,,,,,,,,,,,,,,,,,,,,,,,,,,,,,,,,,,,,,,,,,I00754482
Q142249,Q13131273,,,,,,,,,,,,,,,,,,,,,,,,,,,,,p=senena;n=.,,,,,,,,,,,,p16859.htm#i168588,Senena_Caradawg_(1),,Ferch_Caradog-1,I00707450
Q142250,Q369651,,,,,,,,LZFP-F9Q,,,,,,,,,,,,,,,,,,,,,p=llywelyn;n=of gwynedd;oc=1,,,,,,,,,,,,p10261.htm#i102603,Llywelyn_the_Last_(1),,Ap_Gruffudd-74,I00121983
Q142251,Q2739279,,,,,,,,,,,,,,,,,,,,,,,,,,,,,p=owain;n=of gwynedd;oc=2,,,,,,,,,,,,p16859.htm#i168589,Owain_Goch_ap_Gruffydd_(1),,Ap_Gruffudd-39,
Q142252,Q592561,,,,,,,,,,,,,,,,,,,,,,,,,,,,,p=dafydd;n=of gwynedd;oc=2,,,,,,,,,,,,p16859.htm#i168590,Dafydd_ap_Gruffydd_(1),,Ap_Gruffudd-30,I00616454
Q142253,Q1088000,,,,,,,,,,,,,,,,,,,,,,,,,,,,,p=rhodri;n=of gwynedd;oc=4,,,,,,,,,,,,p16860.htm#i168591,Rhodri_ap_Gruffudd_(1),,Ap_Gruffudd-19,
Q142254,Q13129941,,,,,,,,,,,,,,,,,,,,,,,,,,,,,,,,,,,,,,,,,,,,Ferch_Gruffudd-39,
Q142255,Q76273208,,,,,,,,,,,,,,,,,,,,,,,,,,,,,,,,,,,,,,,,,p65426.htm#i654251,Catrin_Ferch_Gruffudd_(1),,Ferch_Gruffudd-14,I00616456
Q142256,Q7358690,,,,,,,,,,,,,,,,,,,,,,,,,,,124848,,,,,,,,,,,,,,p21221.htm#i212201,Roger_Mortimer_of_Wigmore_(1),,Mortimer-86,I00175554
Q142257,Q56526476,,,,,,,,,,,,,,,,,,,,,,,,,,,309642,,,,,,,,,,,,,,p21221.htm#i212202,,,Ferrers-191,
Q142258,Q2240022,,,,,,,,,,,,,,,,,,,,,,,,,,,309708|522299,,p=edmund;n=mortimer;oc=3,,,,,,,,,,,,p4808.htm#i48079,Edmund_Mortimer_(43),,Mortimer-64,I00026603
Q142259,Q3802282,,,,,,,,,,,,,,,,,,,,,,,,,,,123585,,p=isabel;n=mortimer,,,,,,,,,,,,p2354.htm#i23536,Isabella_De_Mortimer_(1),,Mortimer-54,I00030561
Q142260,Q3940090,,,,,,,,,,,,,,,,,,,,,,,,,,,,,,,,,,,,,,,,,p40547.htm#i405465,Roger_Mortimer_(6),,Mortimer-153,
Q142261,Q75418782,,,,,,,,,,,,,,,,,,,,,,,,,,,,,,,,,,,,,,,,,p12963.htm#i129629,,,Mortimer-108,
Q142262,Q75922741,,,,,,,,,,,,,,,,,,,,,,,,,,,,,,,,,,,,,,,,,p40547.htm#i405464,,,,
Q142263,Q75922745,,,,,,,,,,,,,,,,,,,,,,,,,,,,,,,,,,,,,,,,,p40547.htm#i405466,,,,
Q142264,Q75922752,,,,,,,,,,,,,,,,,,,,,,,,,,,,,,,,,,,,,,,,,p40547.htm#i405469,,,,
Q142265,Q23890898,,,,,,,,9CQN-28Q,,,,,,,,,,I5621,,,,,,,,,42235,,,,,,,,,,,,,,p4722.htm#i47214,,,Audley-9,I00028328
Q142266,Q75300185,,,,,,,,,,,,,,,,,,I5623,,,,,,,,,,,,,,,,,,,,,,,p4797.htm#i47969,,,Balun-1,
Q142267,Q2385983,,,,,,,,,,,,,,,,,,I4216,,,,,,,,,42237,,,,,,,,,,,,,,p2753.htm#i27521,Hugh_de_Audley_(1),,Audley-6,I00027626
Q142268,Q61971022,,,,,,,,,,,,,,,,,,,,,,,,,,,,,,,,,,,,,,,,,p352.htm#i3517,,,Audley-21,I00108483
Q142269,Q23946065,,,,,,,,,,,,,,,,,,,,,,,,,,,,,,,,,,,,,,,,,p4724.htm#i47236,,,Audley-62,
Q142270,Q4495338,,,,,,,,,,,,,,,,,,I7248,,,,,,,,,322238,,,,,,,,,,,,,,p10777.htm#i107764,,,Bohun-5,I00015452
Q142271,Q525813,,,,,,,,,,,,,,,,,,I7246,,,,,,,,,322233,,p=humphrey;n=de bohun;oc=5,,,,,,,,,,,,p357.htm#i3565,Humphrey_de_Bohun_(1),,Bohun-4,I00015453
Q142272,Q75285200,,,,,,,,,,,,,,,,,,,,,,,,,,,,,,,,,,,,,,,,,p3816.htm#i38159,,,Bohun-18,I00139197
Q142273,Q75519097,,,,,,,,,,,,,,,,,,I11312,,,,,,,,,,,,,,,,,,,,,,,p19035.htm#i190343,,,Bohun-25,I00177623
Q142274,Q5546680,,,,,,,,,,,,,,,,,,,,,,,,,,,,,,,,,,,,,,,,,p65.htm#i646,George_de_Cantelou_(1),,Cantilupe-11,I00148752
Q142275,Q72385236,,,,,,,,,,,,,,,,,,I5641,,,,,,,,,617149,,p=millicent;n=de cantelupe,,,,,,,,,,,,p66.htm#i651,Millicent_Cantilupe_(1),,Cantilupe-65,I00139406
Q142276,Q75897388,,,,,,,,,,,,,,,,,,,,,,,,,,,,,,,,,,,,,,,,,p38908.htm#i389077,,,,
Q142277,Q75897376,,,,,,,,,,,,,,,,,,,,,,,,,,,,,,,,,,,,,,,,,p38907.htm#i389068,,,,
Q142278,Q75464052,,,,,,,,,,,,,,,,,,,,,,,,,,,,,,,,,,,,,,,,,p15835.htm#i158343,,,Briwere-8,
Q142279,Q75464054,,,,,,,,,,,,,,,,,,,,,,,,,,,,,,,,,,,,,,,,,p15835.htm#i158344,,,Unknown-103891,
Q142280,Q98960279,,,,,,,,,,,,,,,,,,,,,,,,,,,,,,,,,,,,,,,,,,,,,I00588558
Q142281,Q75431944,,,,,,,,,,,,,,,,,,,,,,,,,,,,,,,,,,,,,,,,,p13779.htm#i137783,,,Dover-1,
Q142282,Q29046017,,,,,,,,,,,,,,,,,,,,,,,,,,,,,,,,,,,,,,,,,p60129.htm#i601285,,,Wake-58,I00425410
Q142283,Q28796237,,,,,,,,,,,,,,,,,,,,,,,,,,,,,,,,,,,,,,,,,p43905.htm#i439048,,,Wake-59,I00140305
Q142284,Q75386818,,,,,,,,,,,,,,,,,,I4754,,,,,,,,,262976,,p=rose;n=de dover,,,,,,,,,,,,p10685.htm#i106842,Rohese_De_Dover_(5),,Dover-232,I00199054
Q142285,Q76044733,,,,,,,,,,,,,,,,,,,,,,,,,,,,,,,,,,,,,,,,,p49103.htm#i491026,,,Paynell-13,
Q142286,Q18734146,,,,,,,,,,,,,,,,,,I4672,,,,,,,,,,,,,,,,,,,,,,,p11863.htm#i118623,,,Mohun-3,I00140365
Q142287,Q75791956,,,,,,,,,,,,,,,,,,,,,,,,,,,,,,,,,,,,,,,,,p57899.htm#i578989,,,,
Q142288,Q75792011,,,,,,,,,,,,,,,,,,,,,,,,,,,,,,,,,,,,,,,,,p33631.htm#i336306,,,,
Q142289,Q5535000,,,,,,,,,,,,,,,,,,,,,,,,,,,,,,,,,,,,,,,,,p33614.htm#i336131,Geoffrey_de_Saye_(1),,Say-76,I00139391
Q142290,Q76170579,,,,,,,,,,,,,,,,,,,,,,,,,,,,,,,,,,,,,,,,,p57899.htm#i578988,,,,
Q142292,Q75103526,,,,,,,,,,,,,,,,,,,,,,,,,,,,,p=anastasia;n=de percy,,,,,,,,,,,,p15824.htm#i158234|p66333.htm#i663326,Anastacia_Percy_(1),,Percy-99,I00027721
Q142293,Q76286526,,,,,,,,,,,,,,,,,,,,,,,,,,,,,,,,,,,,,,,,,p66332.htm#i663318,,,,
Q142294,Q76286528,,,,,,,,,,,,,,,,,,,,,,,,,,,,,,,,,,,,,,,,,p66332.htm#i663320,,,,
Q142295,Q76286529,,,,,,,,,,,,,,,,,,,,,,,,,,,,,p=agnes;n=de percy;oc=1,,,,,,,,,,,,p66333.htm#i663321,Agnes_Percy_(2),,Percy-365,I00589276
Q142296,Q76286533,,,,,,,,,,,,,,,,,,,,,,,,,,,,,,,,,,,,,,,,,p66333.htm#i663324,,,,
Q142297,Q76199348,,,,,,,,,,,,,,,,,,,,,,,,,,,,,,,,,,,,,,,,,p59878.htm#i598773,,,Vaux-112,I00451660
Q142298,Q98960286,,,,,,,,,,,,,,,,,,,,,,,,,,,,,,,,,,,,,,,,,,,,Engaine-36,I00196926
Q142299,Q65085018,,,,,,,,,,,,,,,,,,,,,,,,,,,,,,,,,,,,,,,,,,,,,
Q142300,Q62272539,,,,,,,,,,,,,,,,,,,,,,,,,,,,,,,,,,,,,,,,,,,,,
Q142301,Q62396124,,,,,,,,,,,,,,,,,,,,,,,,,,,,,,,,,,,,,,,,,,,,,
Q142302,Q75561253,,,,,,,,,,,,,,,,,,,,,,,,,,,,,,,,,,,,,,,,,p21342.htm#i213411,,,Talbot-541,I00337617
Q142303,Q7787459,,,,,,,,,,,,,,,,,,,,,,,,,,,,,,,,,,,,,,,,,p41289.htm#i412887,Thomas_Basset_(38),,Basset-7,I00685961
Q142304,Q18572165,,,,,,,,,,,,,,,,,,,,,,,,,,,141863,,,,,,,,,,,,,,,,,Dunstanville-1,I00685962
Q142305,Q80907451,,,,,,,,,,,,,,,,,,,,,,,,,,,,,,,,,,,,,,,,,,,,Gai-1,I00458857
Q142306,Q7183184,,,,,,,,,,,,,,,,,,I5495,,,,,,,,,500179,,p=philip;n=basset,,,,,,,,,,,,p412.htm#i4117|p2643.htm#i26429,Philip_Basset_(1),,Basset-6,I00177428
Q142307,Q5560786,,,,,,,,,,,,,,,,,,,,,,,,,,,,,,,,,,,,,,,,,p71202.htm#i712014,,,Basset-224,
Q142308,Q5507941,,,,,,,,,,,,,,,,,,,,,,,,,,,,,,,,,,,,,,,,,p41289.htm#i412888,,,Basset-220,
Q142309,Q75931219,,,,,,,,,,,,,,,,,,,,,,,,,,,,,,,,,,,,,,,,,p41058.htm#i410578,,,Gai-2,
Q142310,Q61911551,,,,,,,,,,,,,,,,,,,,,,,,,,,,,,,,,,,,,,,,,p39778.htm#i397776,,,Mortimer-95,I00174751
Q142311,Q75400578,,,,,,,,,,,,,,,,,,,,,,,,,,,,,,,,,,,,,,,,,p11860.htm#i118593,,,,
Q142312,Q75400544,,,,,,,,,,,,,,,,,,I11323,,,,,,,,,,,p=walter;n=de beauchamp,,,,,,,,,,,,p11857.htm#i118564,Walter_Beauchamp_(4),,Beauchamp-200,I00198841
Q142313,Q76183925,,,,,,,,,,,,,,,,,,,,,,,,,,,,,p=joan;n=n;oc=12,,,,,,,,,,,,p58844.htm#i588435,,,Beauchamp-266,I00570531
Q142314,Q75558669,,,,,,,,,,,,,,,,,,,,,,,,,,,,,,,,,,,,,,,,,p21197.htm#i211962,,,Beauchamp-490,I00397972
Q142315,Q3802304,,,,,,,,LB6W-M1K,,,,,,,,,,I5485,,,,,,,,,595759,,,,,,,,,,,,,,p10687.htm#i106863,Isabel_de_Beauchamp_(1),,Beauchamp-101,I00101369
Q142316,Q3122244,,,,,,,,LB3W-PR2,,82744168,,,,,,,,I5490,,,,,,,,,309628,,p=guy;n=de beauchamp,,,,,,,,,,,,p3204.htm#i32039,Guy_de_Beauchamp_(1),,Beauchamp-75,I00026581
Q142317,Q76375338,,,,,,,,,,,,,,,,,,,,,,,,,,,,,,,,,,,,,,,,,p72107.htm#i721061,,,,
Q142318,Q76375339,,,,,,,,,,,,,,,,,,,,,,,,,,,,,,,,,,,,,,,,,p72107.htm#i721062,,,,
Q142319,Q76375340,,,,,,,,,,,,,,,,,,,,,,,,,,,,,,,,,,,,,,,,,p72107.htm#i721063,,,,
Q142320,Q75923552,,,,,,,,,,,,,,,,,,I21640,,,,,,,,,,,,,,,,,,,,,,,p40592.htm#i405919,,,Furnival-3,I00026592
Q142321,Q61911574,,,,,,,,,,,,,,,,,,,,,,,,,,,309651,,p=william;n=mauduit;oc=2,,,,,,,,,,,,p25498.htm#i254979,William_De_Maudit_(1),,Mauduit-132,I00198827
Q142322,Q61911575,,,,,,,,,,,,,,,,,,,,,,,,,,,309652,,p=alice;n=de beaumont le roger,,,,,,,,,,,,p36903.htm#i369030,Alice_de_Beaumont_(1),,Beaumont-1195,I00337618
Q142323,Q75561230,,,,,,,,,,,,,,,,,,,,,,,,,,,,,,,,,,,,,,,,,p21340.htm#i213399,,,Boteler-134,
Q142324,Q75541501,,,,,,,,,,,,,,,,,,,,,,,,,,,,,,,,,,,,,,,,,p20352.htm#i203516,,,Carew-21,
Q142325,Q18530226,,,,,,,,,,,,,,,,,,,,,,,,,,,,,,,,,,,,,,,,,p20352.htm#i203520,,,Carew-24,I00669698
Q142326,Q5363796,,,,,,,,,,,,,,,,,,,,,,,,,,,,,,,,,,,,,,,,,p21342.htm#i213412,Elizabeth_Comyn_(4),,Comyn-100,I00198355
Q142327,Q61835588,,,,,,,,,,,,,,,,,,,,,,,,,,,926227,,,,,,,,,,,,,,p2363.htm#i23627,,,Talbot-374,I00028782
Q142328,Q75565096,,,,,,,,,,,,,,,,,,,,,,,,,,,,,,,,,,,,,,,,,p21561.htm#i215608,,,Chaundos-2,
Q142329,Q75565106,,,,,,,,,,,,,,,,,,,,,,,,,,,,,,,,,,,,,,,,,p21562.htm#i215613,,,,
Q142330,Q75565114,,,,,,,,,,,,,,,,,,,,,,,,,,,,,,,,,,,,,,,,,p21562.htm#i215618|p25028.htm#i250279,,,Acton-199,I00304725
Q142331,Q75565119,,,,,,,,,,,,,,,,,,,,,,,,,,,,,,,,,,,,,,,,,p21562.htm#i215620,,,Chaundos-4,
Q142332,Q99084351,,,,,,,,,,,,,,,,,,,,,,,,,,,,,,,,,,,,,,,,,,,,Turberville-34,I00282615
Q142333,Q99084324,,,,,,,,,,,,,,,,,,,,,,,,,,,,,,,,,,,,,,,,,,,,Gamage-17,I00282619
Q142334,Q75939749,,,,,,,,,,,,,,,,,,,,,,,,,,,,,,,,,,,,,,,,,p41644.htm#i416438,,,Berkerolles-1,I00677961
Q142335,Q99083513,,,,,,,,,,,,,,,,,,,,,,,,,,,,,,,,,,,,,,,,,,,,Bere-42,I00360162
Q142336,Q2087519,,,,,,,,9CX4-35S,,,,,,,,,,,,,,,,,,,,,p=ragnvald;n=gudrodsson,,,,,,,,,,,,p72547.htm#i725469,Ragnald_Godredsson_(1),,Guðrøðarson-4,I00453245|I00465266
Q142337,Q110582461,,,,,,,,,,,,,,,,,,,,,,,,,,,,,,,,,,,,,,,,,,,,,I00453272
Q142338,Q99071553,,,,,,,,,,,,,,,,,,,,,,,,,,,,,,,,,,,,,,,,,,,,Ferch_Ithel-1,I00616459
Q142339,Q2350777,,,,,,,,,,,,,,,,,,,,,,,,,,,645940,,p=gruffydd;n=fychan,,,,,,,,,,,,p65426.htm#i654259,Gruffydd_Fychan_II_(1),,Ap_Gruffudd-49,I00284679
Q142340,Q110637012,,,,,,,,,,,,,,,,,,,,,,,,,,,,,,,,,,,,,,,,,,,,,I00751358
Q142341,Q2618264,,,,,,,,,,,,,,,,,,,,,,,,,,,926293,,p=gruffydd;n=of powys;oc=1,,,,,,,,,,,,p13767.htm#i137668,Gruffudd_Ap_Madog_(3),,Ap_Madog-37,I00287611
Q142342,Q17270025,,,,,,,,,,,,,,,,,,,,,,,,,,,926296,,p=emma;n=de audley,,,,,,,,,,,,p13767.htm#i137669,Emma_Audley_(1),,Audley-86,I00287612
Q142343,Q1102056,,,,,,,,,,,,,,,,,,,,,,,,,,,,,,,,,,,,,,,,,,Madog_ap_Gruffudd_(1),,,
Q142344,Q17270013,,,,,,,,,,,,,,,,,,,,,,,,,,,926291,,p=ancharad;n=griffith,,,,,,,,,,,,p13767.htm#i137667,Angharad_Griffith_(1),,Ferch_Gruffydd-22,I00337533
Q142345,Q90179018,,,,,,,,,,,,,,,,,,,,,,,,,,,645945,,p=elizabeth;n=le strange,,,,,,,,,,,,,Elizabeth_Strange_(2),,Strange-17,I00284702
Q142346,Q99071897,,,,,,,,,,,,,,,,,,,,,,,,,,,,,,,,,,,,,,,,,,,,,I00681363
Q142347,Q99073294,,,,,,,,,,,,,,,,,,,,,,,,,,,,,,,,,,,,,,,,,,,,Puleston-6,I00589154
Q142348,Q99082519,,,,,,,,,,,,,,,,,,,,,,,,,,,,,,,,,,,,,,,,,,,,,I00706246
Q142349,Q110583562,,,,,,,,,,,,,,,,,,,,,,,,,,,,,,,,,,,,,,,,,,,,,I00759401
Q142350,Q110585438,,,,,,,,,,,,,,,,,,,,,,,,,,,,,,,,,,,,,,,,,,,,,I00706014
Q142351,Q116054456,,,,,,,,,,,,,,,,,,,,,,,,,,,,,,,,,,,,,,,,,,,,,I00706569
Q142352,Q116054516,,,,,,,,,,,,,,,,,,,,,,,,,,,,,,,,,,,,,,,,,,,,,I00755848
Q142353,Q116109771,,,,,,,,,,,,,,,,,,,,,,,,,,,,,,,,,,,,,,,,,,,,,I00757321
Q142354,Q116148222,,,,,,,,,,,,,,,,,,,,,,,,,,,,,,,,,,,,,,,,,,,,,I00705545
Q142355,Q99071882,,,,,,,,,,,,,,,,,,,,,,,,,,,,,,,,,,,,,,,,,,,,,
Q142356,Q99071865,,,,,,,,,,,,,,,,,,,,,,,,,,,,,,,,,,,,,,,,,,,,,I00705971
Q142357,Q99072162,,,,,,,,,,,,,,,,,,,,,,,,,,,,,,,,,,,,,,,,,,,,,I00705995
Q142358,Q110067826,,,,,,,,,,,,,,,,,,,,,,,,,,,,,,,,,,,,,,,,,,,,,I00713803
Q142359,Q116478316,,,,,,,,,,,,,,,,,,,,,,,,,,,,,,,,,,,,,,,,,,,,,I00758337
Q142360,Q116054462,,,,,,,,,,,,,,,,,,,,,,,,,,,,,,,,,,,,,,,,,,,,,I00713564
Q142361,Q75958832,,,,,,,,,,,,,,,,,,,,,,,,,,,,,,,,,,,,,,,,,p43047.htm#i430469,,,Ferch_Llywelyn-24,I00467160
Q142362,Q99302477,,,,,,,,,,,,,,,,,,,,,,,,,,,,,,,,,,,,,,,,,,,,,I00706338
Q142363,Q110413920,,,,,,,,,,,,,,,,,,,,,,,,,,,,,,,,,,,,,,,,,,,,,I00707779
Q142364,Q116147509,,,,,,,,,,,,,,,,,,,,,,,,,,,,,,,,,,,,,,,,,,,,,I00762392
Q142365,Q116112343,,,,,,,,,,,,,,,,,,,,,,,,,,,,,,,,,,,,,,,,,,,,,I00706887
Q142366,Q116108897,,,,,,,,,,,,,,,,,,,,,,,,,,,,,,,,,,,,,,,,,,,,,I00700334
Q142367,Q116812100,,,,,,,,,,,,,,,,,,,,,,,,,,,,,,,,,,,,,,,,,,,,,I00764749
Q142368,Q117305950,,,,,,,,,,,,,,,,,,,,,,,,,,,,,,,,,,,,,,,,,,,,,I00713231
Q142369,Q99072560,,,,,,,,,,,,,,,,,,,,,,,,,,,,,,,,,,,,,,,,,,,,,I00737852
Q142370,Q99082590,,,,,,,,,,,,,,,,,,,,,,,,,,,,,,,,,,,,,,,,,,,,,I00737850
Q142371,Q116478835,,,,,,,,,,,,,,,,,,,,,,,,,,,,,,,,,,,,,,,,,,,,,I00776141
Q142372,Q110636814,,,,,,,,,,,,,,,,,,,,,,,,,,,,,,,,,,,,,,,,,,,,,I00311466
Q142373,Q116054559,,,,,,,,,,,,,,,,,,,,,,,,,,,,,,,,,,,,,,,,,,,,,I00706312
Q142374,Q116054563,,,,,,,,,,,,,,,,,,,,,,,,,,,,,,,,,,,,,,,,,,,,,I00750422
Q142375,Q76028655,,,,,,,,,,,,,,,,,,,,,,,,,,,,,,,,,,,,,,,,,p47892.htm#i478915,,,,I00706168
Q142376,Q75958834,,,,,,,,,,,,,,,,,,,,,,,,,,,,,,,,,,,,,,,,,p43047.htm#i430470,,,Hanmer-29,I00467169
Q142377,Q75958837,,,,,,,,,,,,,,,,,,,,,,,,,,,,,,,,,,,,,,,,,p43048.htm#i430472,,,,I00696185
Q142378,Q76273222,,,,,,,,,,,,,,,,,,,,,,,,,,,,,,,,,,,,,,,,,p65427.htm#i654261,,,,I00700006
Q142379,Q110585245,,,,,,,,,,,,,,,,,,,,,,,,,,,,,,,,,,,,,,,,,,,,Ap_Gruffudd-73,I00707790
Q142380,Q110585247,,,,,,,,,,,,,,,,,,,,,,,,,,,,,,,,,,,,,,,,,,,,,I00758985
Q142381,Q99080915,,,,,,,,,,,,,,,,,,,,,,,,,,,,,,,,,,,,,,,,,,,,Ap_Madog-57,I00707788
Q142382,Q110585243,,,,,,,,,,,,,,,,,,,,,,,,,,,,,,,,,,,,,,,,,,,,,I00706802
Q142383,Q130359022,,,,,,,,,,,,,,,,,,,,,,,,,,,,,,,,,,,,,,,,,,,,,I00308447
Q142384,Q110636705,,,,,,,,,,,,,,,,,,,,,,,,,,,,,,,,,,,,,,,,,,,,,I00754754
Q142385,Q110636685,,,,,,,,,,,,,,,,,,,,,,,,,,,,,,,,,,,,,,,,,,,,,I00754743
Q142386,Q110290195,,,,,,,,,,,,,,,,,,,,,,,,,,,,,,,,,,,,,,,,,,,,,I00706034
Q142387,Q116477908,,,,,,,,,,,,,,,,,,,,,,,,,,,,,,,,,,,,,,,,,,,,,I00775875
Q142388,Q110290207,,,,,,,,,,,,,,,,,,,,,,,,,,,,,,,,,,,,,,,,,,,,,I00706050
Q142389,Q110582742,,,,,,,,,,,,,,,,,,,,,,,,,,,,,,,,,,,,,,,,,,,,,I00706253
Q142390,Q110383118,,,,,,,,,,,,,,,,,,,,,,,,,,,,,,,,,,,,,,,,,,,,,I00760963
Q142391,Q116812377,,,,,,,,,,,,,,,,,,,,,,,,,,,,,,,,,,,,,,,,,,,,,I00706653
Q142392,Q133462386,,,,,,,,,,,,,,,,,,,,,,,,,,,,,,,,,,,,,,,,,,,,,I00759294
Q142393,Q133462380,,,,,,,,,,,,,,,,,,,,,,,,,,,,,,,,,,,,,,,,,,,,,I00759274
Q142394,Q1523282,,,,,,,,,,,,,,,,,,,,,,,,,,,261272,,,,,,,,,,,,,,p457.htm#i4565,John_FitzGilbert_(1),,Marshal-19,I00174779
Q142395,Q63183626,,,,,,,,,,,,,,,,,,,,,,,,,,,,,,,,,,,,,,,,,p457.htm#i4566,,,Salisbury-2463,I00174780
Q142396,Q5725471,,,,,,,,,,,,,,,,,,,,,,,,,,,,,,,,,,,,,,,,,,Henry_Marshall_(1),,,
Q142398,Q640879,,,,,,,,,,,,,,,,,,I5118,,,,,,,,,,,p=aoife;n=macmurchada,,,,,,,,,,,,p10287.htm#i102862,Eva_MacMurrough_(3),,MacMurrough-4,I00106202
Q142399,Q26952667,,,,,,,,,,,,,,,,,,I21643,,,,,,,,,,,p=marjorie;n=of scotland,,,,,,,,,,,,p10530.htm#i105292,Marjorie_of_Scotland_(1),,LeScot-1,I00002893
Q142402,Q11710251,,,,,,,,GS12-9H5,,,,,,,,,,,,,,,,,,,704927,,,,,,,,,,,,,,p909.htm#i9090,Hugh_Bigod_(57),,Bigod-314,I00413667
Q142403,Q976367,,,,,,,,,,,,,,,,,,,,,,,,,,,261303,,p=john;n=de warenne;oc=1,,,,,,,,,,,,p10682.htm#i106814,John_de_Warenne_(2),,Warenne-1,I00015385
Q142404,Q76298191,,,,,,,,,,,,,,,,,,,,,,,,,,,,,,,,,,,,,,,,,p67136.htm#i671359,,,,
Q142405,Q1788116,,,,,,,,,,,,,,,,,,,,,,,,,,,,,p=roger;n=bigod,,,,,,,,,,,,p10683.htm#i106822,Roger_Bigod_(97),,Bigod-41,I00065025
Q142406,Q18529204,,,,,,,,,,,,,,,,,,,,,,,,,,,,,p=isabel;n=de warenne;oc=2,,,,,,,,,,,,p2349.htm#i23488,Isabel_de_Warenne_(2),,Plantagenet-1571,I00015432
Q142407,Q1237643,,,,,,,,,,,,,,,,,,I5416,,,,,,,,,,,,,,,,,,,,,,,p4271.htm#i42706,Margaret_de_Quincy_(2),,Quincy-238,I00139385
Q142408,Q949207,,,,,,,,,,,,,,,,,,,,,,,,,,,,,p=henry;n=of almayne,,,,,,,,,,,,p10253.htm#i102524,Henry_of_Almain_(1),,Plantagenet-1255,I00005969
Q142409,Q75384367,,,,,,,,,,,,,,,,,,,,,,,,,,,,,p=john;n=plantagenet;oc=12,,,,,,,,,,,,p10458.htm#i104577,John_Unknown_(205),,,I00005970
Q142410,Q75384368,,,,,,,,,,,,,,,,,,,,,,,,,,,,,p=isabella;n=plantagenet;oc=1,,,,,,,,,,,,p10458.htm#i104578,Isabella_Unknown_(142),,Plantagenet-1269,I00005964
Q142411,Q75384370,,,,,,,,,,,,,,,,,,,,,,,,,,,,,p=nicholas;n=plantagenet,,,,,,,,,,,,p10458.htm#i104579,Nicholas_Unknown_(7),,,I00005965
Q142412,Q75933200,,,,,,,,,,,,,,,,,,I21646,,,,,,,,,,,,,,,,,,,,,,,p41193.htm#i411923,,,,
Q142413,Q3104432,,,,,,,,,,,,,,,,,,,,,,,,,,,,,p=gervaise;n=de dinan;oc=1,,,,,,,,,,,,p41192.htm#i411920,Gervaise_de_Dinan_(1)|Gervaise_Dinan_(3),,Vitré-36,I00111109
Q142414,Q3405585,,,,,,,,L8PJ-FJ6,,,,,,,,,,I4665,,,,,,,,,313651|646625,,,,,,,,,,,,,,p4268.htm#i42676,William_de_Ferrers_(3),,Ferrers-2,I00139192
Q142415,Q75290295,,,,,,,,,,,,,,,,,,,,,,,,,,,,,,,,,,,,,,,,,p4167.htm#i41670,,,Ferrers-67,I00140366
Q142416,Q75291516,,,,,,,,,,,,,,,,,,I4664,,,,,,,,,651370,,p=maud;n=de ferrers,,,,,,,,,,,,p4258.htm#i42577,,,,I00140368
Q142417,Q75291669,,,,,,,,,,,,,,,,,,,,,,,,,,,,,,,,,,,,,,,,,p4269.htm#i42690,,,Ferrers-47,
Q142418,Q75291677,,,,,,,,,,,,,,,,,,,,,,,,,,,,,,,,,,,,,,,,,p4270.htm#i42693,,,Ferrers-232,I00125470
Q142419,Q75291681,,,,,,,,,,,,,,,,,,,,,,,,,,,,,,,,,,,,,,,,,p4270.htm#i42696,,,,
Q142420,Q75291730,,,,,,,,,,,,,,,,,,,,,,,,,,,,,,,,,,,,,,,,,p4270.htm#i42698,,,,
Q142421,Q75291652,,,,,,,,,,,,,,,,,,,,,,,,,,,,,,,,,,,,,,,,,p4268.htm#i42675|p4270.htm#i42700,,,Ferrers-65,I00140363
Q142422,Q734662,,,,,,,,,,,,,,,,,,I21649,,,,,,,,,918751,,p=joan;n=de munchensy,,,,,,,,,,,,p10682.htm#i106812,Joan_de_Munchensi_(1),,Munchensy-17,I00198361
Q142424,Q4726170,,,,,,,,,,,,,,,,,,,,,,,,,,,261446,,p=alice;n=de lusignan,,,,,,,,,,,,p10785.htm#i107846,Alice_de_Lusignan_(2),,Lusignan-1,I00015386
Q142425,Q4210300,,,,,,,,,,,,,,,,,,,,,,,,,,,376336,,p=isabelle;n=de lusignan;oc=1,,,,,,,,,,,,p10462.htm#i104613,Isabeau_De_Lisignan_(1)|Isabelle_de_Lusignan_(1),,Lusignan-25,I00064439
Q142426,Q1247422,,,,,,,,,,,,,,,,,,,,,,,,,,,,,p=aymar;n=de valence,,,,,,,,,,,,p43692.htm#i436917,Aymer_de_Valence_(1),,Valence-14,I00279477
Q142427,Q1385956,,,,,,,,,,,,,,,,,,I4768,,,,,,,,,147585,,p=hugues;n=de lusignan;oc=12,,,,,,,,,,,,p4272.htm#i42711,Hugh_Lusignan_(2),,Lusignan-3,I00013427
Q142428,Q940171,,,,,,,,,,,,,,,,,,I21650,,,,,,,,,918750,,p=guillaume;n=de lusignan;oc=1,,,,,,,,,,,,p10783.htm#i107829,William_de_Valence_(1),,Lusignan-78,I00198360
Q142430,Q2287867,,,,,,,,,,,,,,,,,,,,,,,,,,,,,p=simon;n=de montfort;oc=7,,,,,,,,,,,,p10459.htm#i104588,Simon_de_Montfort_(2),,Montfort-207,I00121980
Q142431,Q2998293,,,,,,,,,,,,,,,,,,,,,,,,,,,,,p=eleanor;n=de montfort,,,,,,,,,,,,p10460.htm#i104592,Eleanor_de_Montfort_(1),,Montfort-204,I00121984
Q142432,Q4740689,,,,,,,,,,,,,,,,,,,,,,,,,,,,,p=amaury;n=de montfort;oc=7,,,,,,,,,,,,p10460.htm#i104591,"Amaury_de_Montfort,_Canon_of_York_(1)",,Montfort-206,I00121981
Q142433,Q1348720,,,,,,,,,,,,,,,,,,,,,,,,,,,866734,,p=guy;n=de montfort;oc=3,,,,,,,,,,,,p10459.htm#i104589,"Guy_de_Montfort,_Count_of_Nola_(1)",,Montfort-117,I00121970
Q142434,Q1607449,,,,,,,,,,,,,,,,,,,,,,,,,,,,,p=henri;n=de montfort,,,,,,,,,,,,p10179.htm#i101790,Henry_de_Montfort_(1),,Montfort-203,I00121977
Q142435,Q75290432,,,,,,,,,,,,,,,,,,,,,,,,,,,,,,,,,,,,,,,,,p4175.htm#i41750,,,,
Q142436,Q75384385,,,,,,,,,,,,,,,,,,,,,,,,,,,,,p=richard;n=de montfort;oc=2,,,,,,,,,,,,p10459.htm#i104590,Richard_De_Montfort_(1),,,I00121982
Q142437,Q811185,,,,,,,,,,,,,,,,,,,,,,,,,,,11645,,p=baudouin;n=de bethune|p=baudouin;n=de bethune;oc=1,,,,,,,,,,,,p4887.htm#i48862,,,Bethune-118,I00315264
Q142438,Q2324744,,,,,,,,,,,,,,,,,,,,,,,,,,,12964,,p=hawise;n=d aumale,,,,,,,,,,,,p4886.htm#i48858,Hawise_Le_Gros_(1),,Aumale-24,I00315262
Q142439,Q23967084,,,,,,,,LZNJ-1K6,,,,,,,,,,,,,,,,,,,,,,,,,,,,,,,,,,,,Hastings-386,I00140357
Q142440,Q112964638,,,,,,,,,,,,,,,,,,,,,,,,,,,305586,,,,,,,,,,,,,,,,,Bigod-40,I00140358
Q142441,Q75605486,,,,,,,,,,,,,,,,,,,,,,,,,,,,,p=hillaria;n=de hastings,,,,,,,,,,,,p23998.htm#i239979,,,Hastings-178,I00029006
Q142442,Q1177456,,,,,,,,,,69830361,,,,,,,,,,,,,,,,,110754,,p=david;n=of scotland,,,,,,,,,,,,p10248.htm#i102479,David_Huntingdon_(1),,Dunkeld-132,I00027681
Q142443,Q6787527,,,,,,,,,,69827822,,,,,,,,,,,,,,,,,123216,,p=maud;n=le meschin;oc=4,,,,,,,,,,,,p10248.htm#i102480,Matilda_Unknown_(297),,Chester-395,I00027682
Q142444,Q61911164,,,,,,,,,,,,,,,,,,,,,,,,,,,,,p=isabelle;n=de valence;oc=3,,,,,,,,,,,,p10777.htm#i107768,Isabelle_de_Valence_(1),,Valence-2,I00135221
Q142445,Q24089269,,,,,,,,,,,,,,,,,,,,,,,,,,,,,,,,,,,,,,,,,p1874.htm#i18736,,,Despenser-13,I00198882
Q142446,Q18671482,,,,,,,,,,,,,,,,,,,,,,,,,,,,,,,,,,,,,,,,,p31880.htm#i318799|p68878.htm#i688779,,,Hastings-1211,I00135226
Q142447,Q16841566,,,,,,,,,,,,,,,,,,,,,,,,,,,,,,,,,,,,,,,,,p66.htm#i656,John_Hastings_(50),,Hastings-120,
Q142448,Q61911161,,,,,,,,,,,,,,,,,,,,,,,,,,,,,,,,,,,,,,,,,p11697.htm#i116964,,,Hastings-121,I00127836
Q142449,Q75387871,,,,,,,,,,,,,,,,,,,,,,,,,,,,,,,,,,,,,,,,,p10777.htm#i107769,,,,
Q142450,Q76018784,,,,,,,,,,,,,,,,,,,,,,,,,,,,,,,,,,,,,,,,,p47144.htm#i471440,,,,
Q142451,Q76018789,,,,,,,,,,,,,,,,,,,,,,,,,,,,,,,,,,,,,,,,,p47145.htm#i471444,,,,
Q142452,Q76018788,,,,,,,,,,,,,,,,,,,,,,,,,,,,,,,,,,,,,,,,,p47145.htm#i471443,,,,
Q142453,Q75612207,,,,,,,,,,,,,,,,,,,,,,,,,,,,,,,,,,,,,,,,,p24434.htm#i244340,,,,
Q142454,Q76018790,,,,,,,,,,,,,,,,,,,,,,,,,,,,,,,,,,,,,,,,,p47145.htm#i471445,,,Hastings-332,
Q142455,Q75746874,,,,,,,,,,,,,,,,,,,,,,,,,,,,,,,,,,,,,,,,,p31351.htm#i313506,,,Russell-4691,
Q142456,Q76212027,,,,,,,,,,,,,,,,,,,,,,,,,,,,,,,,,,,,,,,,,p60792.htm#i607919,,,Latimer-37,I00422643
Q142457,Q75453864,,,,,,,,,,,,,,,,,,,,,,,,,,,,,,,,,,,,,,,,,p15186.htm#i151859,,,Latimer-45,I00385463
Q142458,Q8012784,,,,,,,,,,,,,,,,,,,,,,,,,,,,,,,,,,,,,,,,,p64.htm#i639,William_Cantilupe_(2),,Cantilupe-1,I00199027
Q142459,Q48547792,,,,,,,,,,,,,,,,,,,,,,,,,,,1093035,,p=melisende;n=de gournay;oc=2,,,,,,,,,,,,,Milicent_Gournai_(1),,Gournay-43,I00199028
Q142460,Q7795462,,,,,,,,,,,,,,,,,,,,,,,,,,,,,,,,,,,,,,,,,,Thomas_de_Cantilupe_(1),,Cantilupe-13,
Q142461,Q110662770,,,,,,,,,,,,,,,,,,,,,,,,,,,,,,,,,,,,,,,,,,,,,I00706084
Q142462,Q116054588,,,,,,,,,,,,,,,,,,,,,,,,,,,,,,,,,,,,,,,,,,,,,I00754834
Q142463,Q110662594,,,,,,,,,,,,,,,,,,,,,,,,,,,,,,,,,,,,,,,,,,,,,I00751509
Q142464,Q110635503,,,,,,,,,,,,,,,,,,,,,,,,,,,,,,,,,,,,,,,,,,,,,I00753006
Q142465,Q110635498,,,,,,,,,,,,,,,,,,,,,,,,,,,,,,,,,,,,,,,,,,,,,I00751496
Q142466,Q110662852,,,,,,,,,,,,,,,,,,,,,,,,,,,,,,,,,,,,,,,,,,,,,I00465379
Q142467,Q130341578,,,,,,,,,,,,,,,,,,,,,,,,,,,,,,,,,,,,,,,,,,,,,I00754858
Q142468,Q110290612,,,,,,,,,,,,,,,,,,,,,,,,,,,,,,,,,,,,,,,,,,,,,I00749689
Q142469,Q116477680,,,,,,,,,,,,,,,,,,,,,,,,,,,,,,,,,,,,,,,,,,,,,I00754832
Q142470,Q99302488,,,,,,,,,,,,,,,,,,,,,,,,,,,,,,,,,,,,,,,,,,,,,I00706350
Q142471,Q110290179,,,,,,,,,,,,,,,,,,,,,,,,,,,,,,,,,,,,,,,,,,,,,I00754625
Q142472,Q105819586,,,,,,,,,,,,,,,,,,,,,,,,,,,,,,,,,,,,,,,,,,,,,I00760497
Q142473,Q105819583,,,,,,,,,,,,,,,,,,,,,,,,,,,,,,,,,,,,,,,,,,,,,I00715016
Q142474,Q111525066,,,,,,,,,,,,,,,,,,,,,,,,,,,,,,,,,,,,,,,,,,,,,I00764699
Q142475,Q116469725,,,,,,,,,,,,,,,,,,,,,,,,,,,,,,,,,,,,,,,,,,,,,I00714665
Q142476,Q116812612,,,,,,,,,,,,,,,,,,,,,,,,,,,,,,,,,,,,,,,,,,,,,I00760490
Q142477,Q116812273,,,,,,,,,,,,,,,,,,,,,,,,,,,,,,,,,,,,,,,,,,,,,I00777362
Q142478,Q97532216,,,,,,,,,,,,,,,,,,,,,,,,,,,,,,,,,,,,,,,,,,,,Ap_Hywel-63,I00708862
Q142479,Q116812102,,,,,,,,,,,,,,,,,,,,,,,,,,,,,,,,,,,,,,,,,,,,,I00776453
Q142480,Q122260686,,,,,,,,,,,,,,,,,,,,,,,,,,,,,,,,,,,,,,,,,,,,,I00752300
Q142481,Q116812120,,,,,,,,,,,,,,,,,,,,,,,,,,,,,,,,,,,,,,,,,,,,,I00776389
Q142482,Q116812129,,,,,,,,,,,,,,,,,,,,,,,,,,,,,,,,,,,,,,,,,,,,,I00714987
Q142483,Q116812282,,,,,,,,,,,,,,,,,,,,,,,,,,,,,,,,,,,,,,,,,,,,,I00777359
Q142484,Q131347165,,,,,,,,,,,,,,,,,,,,,,,,,,,,,,,,,,,,,,,,,,,,,I00761279
Q142485,Q130358971,,,,,,,,,,,,,,,,,,,,,,,,,,,,,,,,,,,,,,,,,,,,,I00705921
Q142486,Q130358964,,,,,,,,,,,,,,,,,,,,,,,,,,,,,,,,,,,,,,,,,,,,,I00701127
Q142487,Q131347166,,,,,,,,,,,,,,,,,,,,,,,,,,,,,,,,,,,,,,,,,,,,,I00761285
Q142488,Q116052896,,,,,,,,,,,,,,,,,,,,,,,,,,,,,,,,,,,,,,,,,,,,,I00759460
Q142489,Q116052898,,,,,,,,,,,,,,,,,,,,,,,,,,,,,,,,,,,,,,,,,,,,,I00759461
Q142490,Q116054861,,,,,,,,,,,,,,,,,,,,,,,,,,,,,,,,,,,,,,,,,,,,,I00759459
Q142491,Q116812403,,,,,,,,,,,,,,,,,,,,,,,,,,,,,,,,,,,,,,,,,,,,,I00706601
Q142492,Q116054871,,,,,,,,,,,,,,,,,,,,,,,,,,,,,,,,,,,,,,,,,,,,,I00708676
Q142493,Q116055038,,,,,,,,,,,,,,,,,,,,,,,,,,,,,,,,,,,,,,,,,,,,,I00708984
Q142494,Q110637003,,,,,,,,,,,,,,,,,,,,,,,,,,,,,,,,,,,,,,,,,,,,,I00697608
Q142495,Q130358483,,,,,,,,,,,,,,,,,,,,,,,,,,,,,,,,,,,,,,,,,,,,,I00759453
Q142496,Q130359125,,,,,,,,,,,,,,,,,,,,,,,,,,,,,,,,,,,,,,,,,,,,,I00710046
Q142497,Q116146091,,,,,,,,,,,,,,,,,,,,,,,,,,,,,,,,,,,,,,,,,,,,,I00753002
Q142498,Q105819582,,,,,,,,,,,,,,,,,,,,,,,,,,,,,,,,,,,,,,,,,,,,,I00715071
Q142499,Q112610894,,,,,,,,,,,,,,,,,,,,,,,,,,,,,,,,,,,,,,,,,,,,,I00708690
Q142500,Q130358965,,,,,,,,,,,,,,,,,,,,,,,,,,,,,,,,,,,,,,,,,,,,,I00709998
Q142501,Q130358975,,,,,,,,,,,,,,,,,,,,,,,,,,,,,,,,,,,,,,,,,,,,,I00710010
Q142502,Q116812307,,,,,,,,,,,,,,,,,,,,,,,,,,,,,,,,,,,,,,,,,,,,,I00777287
Q142503,Q110413012,,,,,,,,,,,,,,,,,,,,,,,,,,,,,,,,,,,,,,,,,,,,,I00700158
Q142504,Q133461303,,,,,,,,,,,,,,,,,,,,,,,,,,,,,,,,,,,,,,,,,,,,,I00570137
Q142505,Q133461601,,,,,,,,,,,,,,,,,,,,,,,,,,,,,,,,,,,,,,,,,,,,,I00803777
Q142506,Q110635332,,,,,,,,,,,,,,,,,,,,,,,,,,,,,,,,,,,,,,,,,,,,,I00706513
Q142507,Q130358793,,,,,,,,,,,,,,,,,,,,,,,,,,,,,,,,,,,,,,,,,,,,,I00698103
Q142508,Q133461631,,,,,,,,,,,,,,,,,,,,,,,,,,,,,,,,,,,,,,,,,,,,,I00701089
Q142509,Q110290486,,,,,,,,,,,,,,,,,,,,,,,,,,,,,,,,,,,,,,,,,,,,,I00706099
Q142510,Q116146784,,,,,,,,,,,,,,,,,,,,,,,,,,,,,,,,,,,,,,,,,,,,,I00709950
Q142511,Q116479496,,,,,,,,,,,,,,,,,,,,,,,,,,,,,,,,,,,,,,,,,,,,,I00757444
Q142512,Q116479494,,,,,,,,,,,,,,,,,,,,,,,,,,,,,,,,,,,,,,,,,,,,,I00755823
Q142513,Q128857383,,,,,,,,,,,,,,,,,,,,,,,,,,,,,,,,,,,,,,,,,,,,,I00777422
Q142514,Q130358771,,,,,,,,,,,,,,,,,,,,,,,,,,,,,,,,,,,,,,,,,,,,,I00710063
Q142515,Q130358732,,,,,,,,,,,,,,,,,,,,,,,,,,,,,,,,,,,,,,,,,,,,,I00706835
Q142516,Q130358919,,,,,,,,,,,,,,,,,,,,,,,,,,,,,,,,,,,,,,,,,,,,,I00701086
Q142517,Q112610826,,,,,,,,,,,,,,,,,,,,,,,,,,,,,,,,,,,,,,,,,,,,,I00696896
Q142518,Q131346910,,,,,,,,,,,,,,,,,,,,,,,,,,,,,,,,,,,,,,,,,,,,,I00805405
Q142519,Q130359167,,,,,,,,,,,,,,,,,,,,,,,,,,,,,,,,,,,,,,,,,,,,,I00710081
Q142520,Q130359171,,,,,,,,,,,,,,,,,,,,,,,,,,,,,,,,,,,,,,,,,,,,,I00701145
Q142521,Q112610843,,,,,,,,,,,,,,,,,,,,,,,,,,,,,,,,,,,,,,,,,,,,,I00692414
Q142522,Q133461616,,,,,,,,,,,,,,,,,,,,,,,,,,,,,,,,,,,,,,,,,,,,,I00803755
Q142523,Q116812413,,,,,,,,,,,,,,,,,,,,,,,,,,,,,,,,,,,,,,,,,,,,,I00760942
Q142524,Q130358428,,,,,,,,,,,,,,,,,,,,,,,,,,,,,,,,,,,,,,,,,,,,,I00708696
Q142525,Q116812373,,,,,,,,,,,,,,,,,,,,,,,,,,,,,,,,,,,,,,,,,,,,,I00774678
Q142526,Q99086981,,,,,,,,,,,,,,,,,,,,,,,,,,,,,,,,,,,,,,,,,,,,,I00705606
Q142527,Q19513574,,,,,,,,,,,,,,,,,,,,,,,,,,,,,,,,,,,,,,,,,,,,Ap_Maredudd-45,I00696727
Q142528,Q75781165,,,,,,,,,,,,,,,,,,,,,,,,,,,,,,,,,,,,,,,,,p33081.htm#i330808,,,Ap_Maredudd-46,I00259663
Q142529,Q116812370,,,,,,,,,,,,,,,,,,,,,,,,,,,,,,,,,,,,,,,,,,,,,I00777288
Q142530,Q130359280,,,,,,,,,,,,,,,,,,,,,,,,,,,,,,,,,,,,,,,,,,,,,I00774675
Q142531,Q130359278,,,,,,,,,,,,,,,,,,,,,,,,,,,,,,,,,,,,,,,,,,,,,I00802223
Q142532,Q116110812,,,,,,,,,,,,,,,,,,,,,,,,,,,,,,,,,,,,,,,,,,,,,I00756027
Q142533,Q131346908,,,,,,,,,,,,,,,,,,,,,,,,,,,,,,,,,,,,,,,,,,,,,I00805792
Q142534,Q127413870,,,,,,,,,,,,,,,,,,,,,,,,,,,,,,,,,,,,,,,,,,,,,I00759942
Q142535,Q99080622,,,,,,,,,,,,,,,,,,,,,,,,,,,,,,,,,,,,,,,,,,,,,I00708883
Q142536,Q99080552,,,,,,,,,,,,,,,,,,,,,,,,,,,,,,,,,,,,,,,,,,,,Ap_Gwallter-2,I00616104
Q142537,Q127413834,,,,,,,,,,,,,,,,,,,,,,,,,,,,,,,,,,,,,,,,,,,,,I00711421
Q142538,Q128855649,,,,,,,,,,,,,,,,,,,,,,,,,,,,,,,,,,,,,,,,,,,,,I00705957
Q142539,Q128855539,,,,,,,,,,,,,,,,,,,,,,,,,,,,,,,,,,,,,,,,,,,,,I00801918
Q142540,Q130358740,,,,,,,,,,,,,,,,,,,,,,,,,,,,,,,,,,,,,,,,,,,,,I00701138
Q142541,Q130359114,,,,,,,,,,,,,,,,,,,,,,,,,,,,,,,,,,,,,,,,,,,,,I00761349
Q142542,Q130358663,,,,,,,,,,,,,,,,,,,,,,,,,,,,,,,,,,,,,,,,,,,,,I00709750
Q142543,Q99211643,,,,,,,,,,,,,,,,,,,,,,,,,,,,,,,,,,,,,,,,,,,,,I00714342
Q142544,Q116469847,,,,,,,,,,,,,,,,,,,,,,,,,,,,,,,,,,,,,,,,,,,,,I00774763
Q142545,Q116469857,,,,,,,,,,,,,,,,,,,,,,,,,,,,,,,,,,,,,,,,,,,,,I00714345
Q142546,Q110622299,,,,,,,,,,,,,,,,,,,,,,,,,,,,,,,,,,,,,,,,,,,,,I00751323
Q142547,Q116470777,,,,,,,,,,,,,,,,,,,,,,,,,,,,,,,,,,,,,,,,,,,,,I00753705
Q142548,Q130358481,,,,,,,,,,,,,,,,,,,,,,,,,,,,,,,,,,,,,,,,,,,,,I00760931
Q142549,Q110622257,,,,,,,,,,,,,,,,,,,,,,,,,,,,,,,,,,,,,,,,,,,,,I00764623
Q142550,Q130359402,,,,,,,,,,,,,,,,,,,,,,,,,,,,,,,,,,,,,,,,,,,,,I00789154
Q142551,Q130340479,,,,,,,,,,,,,,,,,,,,,,,,,,,,,,,,,,,,,,,,,,,,,I00774681
Q142552,Q110622253,,,,,,,,,,,,,,,,,,,,,,,,,,,,,,,,,,,,,,,,,,,,,I00764621
Q142553,Q116146130,,,,,,,,,,,,,,,,,,,,,,,,,,,,,,,,,,,,,,,,,,,,,I00714642
Q142554,Q116145997,,,,,,,,,,,,,,,,,,,,,,,,,,,,,,,,,,,,,,,,,,,,,I00754697
Q142555,Q112491208,,,,,,,,,,,,,,,,,,,,,,,,,,,,,,,,,,,,,,,,,,,,,I00754696
Q142556,Q122260698,,,,,,,,,,,,,,,,,,,,,,,,,,,,,,,,,,,,,,,,,,,,,I00752290
Q142557,Q110560163,,,,,,,,,,,,,,,,,,,,,,,,,,,,,,,,,,,,,,,,,,,,,I00752075
Q142558,Q122260691,,,,,,,,,,,,,,,,,,,,,,,,,,,,,,,,,,,,,,,,,,,,,I00776457
Q142559,Q116469595,,,,,,,,,,,,,,,,,,,,,,,,,,,,,,,,,,,,,,,,,,,,,I00766709
Q142560,Q116470866,,,,,,,,,,,,,,,,,,,,,,,,,,,,,,,,,,,,,,,,,,,,,I00763820
Q142561,Q116470892,,,,,,,,,,,,,,,,,,,,,,,,,,,,,,,,,,,,,,,,,,,,,I00764862
Q142562,Q116470887,,,,,,,,,,,,,,,,,,,,,,,,,,,,,,,,,,,,,,,,,,,,,I00764866
Q142563,Q110621984,,,,,,,,,,,,,,,,,,,,,,,,,,,,,,,,,,,,,,,,,,,,,I00641265
Q142564,Q116470942,,,,,,,,,,,,,,,,,,,,,,,,,,,,,,,,,,,,,,,,,,,,,I00749885
Q142565,Q130359292,,,,,,,,,,,,,,,,,,,,,,,,,,,,,,,,,,,,,,,,,,,,,I00755304
Q142566,Q110622286,,,,,,,,,,,,,,,,,,,,,,,,,,,,,,,,,,,,,,,,,,,,,I00580993
Q142567,Q110347241,,,,,,,,,,,,,,,,,,,,,,,,,,,,,,,,,,,,,,,,,,,,,I00707281
Q142568,Q110622288,,,,,,,,,,,,,,,,,,,,,,,,,,,,,,,,,,,,,,,,,,,,,I00752346
Q142569,Q110427964,,,,,,,,,,,,,,,,,,,,,,,,,,,,,,,,,,,,,,,,,,,,,I00700211
Q142570,Q112963877,,,,,,,,,,,,,,,,,,,,,,,,,,,,,,,,,,,,,,,,,,,,,I00752633
Q142571,Q116053024,,,,,,,,,,,,,,,,,,,,,,,,,,,,,,,,,,,,,,,,,,,,,I00702745
Q142572,Q116812525,,,,,,,,,,,,,,,,,,,,,,,,,,,,,,,,,,,,,,,,,,,,,I00754732
Q142573,Q116469632,,,,,,,,,,,,,,,,,,,,,,,,,,,,,,,,,,,,,,,,,,,,,I00693303
Q142574,Q116469702,,,,,,,,,,,,,,,,,,,,,,,,,,,,,,,,,,,,,,,,,,,,,I00714683
Q142575,Q116469762,,,,,,,,,,,,,,,,,,,,,,,,,,,,,,,,,,,,,,,,,,,,,I00752279
Q142576,Q116469667,,,,,,,,,,,,,,,,,,,,,,,,,,,,,,,,,,,,,,,,,,,,,I00776235
Q142577,Q112610888,,,,,,,,,,,,,,,,,,,,,,,,,,,,,,,,,,,,,,,,,,,,,I00708683
Q142578,Q130359329,,,,,,,,,,,,,,,,,,,,,,,,,,,,,,,,,,,,,,,,,,,,,I00789153
Q142579,Q99071374,,,,,,,,,,,,,,,,,,,,,,,,,,,,,,,,,,,,,,,,,,,,,I00705946
Q142580,Q110383109,,,,,,,,,,,,,,,,,,,,,,,,,,,,,,,,,,,,,,,,,,,,,I00708141
Q142581,Q110383111,,,,,,,,,,,,,,,,,,,,,,,,,,,,,,,,,,,,,,,,,,,,,I00586538
Q142582,Q110383100,,,,,,,,,,,,,,,,,,,,,,,,,,,,,,,,,,,,,,,,,,,,,I00586400
Q142583,Q116145842,,,,,,,,,,,,,,,,,,,,,,,,,,,,,,,,,,,,,,,,,,,,,I00616110
Q142584,Q110413741,,,,,,,,,,,,,,,,,,,,,,,,,,,,,,,,,,,,,,,,,,,,,I00752326
Q142585,Q99208471,,,,,,,,,,,,,,,,,,,,,,,,,,,,,,,,,,,,,,,,,,,,,I00705475
Q142586,Q116470768,,,,,,,,,,,,,,,,,,,,,,,,,,,,,,,,,,,,,,,,,,,,,I00752417
Q142587,Q116470726,,,,,,,,,,,,,,,,,,,,,,,,,,,,,,,,,,,,,,,,,,,,,I00752411
Q142588,Q130359341,,,,,,,,,,,,,,,,,,,,,,,,,,,,,,,,,,,,,,,,,,,,,I00789160
Q142589,Q130359334,,,,,,,,,,,,,,,,,,,,,,,,,,,,,,,,,,,,,,,,,,,,,I00789157
Q142590,Q99072018,,,,,,,,,,,,,,,,,,,,,,,,,,,,,,,,,,,,,,,,,,,,,I00708268
Q142591,Q116055405,,,,,,,,,,,,,,,,,,,,,,,,,,,,,,,,,,,,,,,,,,,,,I00756966
Q142592,Q116147521,,,,,,,,,,,,,,,,,,,,,,,,,,,,,,,,,,,,,,,,,,,,,I00713715
Q142593,Q97532198,,,,,,,,,,,,,,,,,,,,,,,,,,,,,,,,,,,,,,,,,,,,,I00291762
Q142594,Q97532208,,,,,,,,,,,,,,,,,,,,,,,,,,,,,,,,,,,,,,,,,,,,,I00700882
Q142595,Q99080690,,,,,,,,,,,,,,,,,,,,,,,,,,,,,,,,,,,,,,,,,,,,Ferch_Llywelyn-18,I00337230
Q142596,Q679417,,,,,,,,,,,,,,,,,,,,,,,,,,,,,,,,,,,,,,,,,p36185.htm#i361844,Dafydd_Ap_Llewelyn_(5),,Ap_Llewelyn-52,I00041633
Q142597,Q110347244,,,,,,,,,,,,,,,,,,,,,,,,,,,,,,,,,,,,,,,,,,,,,I00707284
Q142598,Q105819562,,,,,,,,,,,,,,,,,,,,,,,,,,,,,,,,,,,,,,,,,,,,,I00706522
Q142599,Q110559657,,,,,,,,,,,,,,,,,,,,,,,,,,,,,,,,,,,,,,,,,,,,,I00198228
Q142600,Q116053039,,,,,,,,,,,,,,,,,,,,,,,,,,,,,,,,,,,,,,,,,,,,,I00696501
Q142601,Q110390628,,,,,,,,,,,,,,,,,,,,,,,,,,,,,,,,,,,,,,,,,,,,,I00715134
Q142602,Q116812252,,,,,,,,,,,,,,,,,,,,,,,,,,,,,,,,,,,,,,,,,,,,Llewelyn-92,I00777388
Q142603,Q130358949,,,,,,,,,,,,,,,,,,,,,,,,,,,,,,,,,,,,,,,,,,,,,I00751568
Q142604,Q110390616,,,,,,,,,,,,,,,,,,,,,,,,,,,,,,,,,,,,,,,,,,,,,I00764747
Q142605,Q99302480,,,,,,,,,,,,,,,,,,,,,,,,,,,,,,,,,,,,,,,,,,,,,I00706341
Q142606,Q116469718,,,,,,,,,,,,,,,,,,,,,,,,,,,,,,,,,,,,,,,,,,,,,I00707893
Q142607,Q116812164,,,,,,,,,,,,,,,,,,,,,,,,,,,,,,,,,,,,,,,,,,,,,I00715025
Q142608,Q116052696,,,,,,,,,,,,,,,,,,,,,,,,,,,,,,,,,,,,,,,,,,,,,I00759404
Q142609,Q99800478,,,,,,,,,,,,,,,,,,,,,,,,,,,,,,,,,,,,,,,,,,,,,I00232096
Q142610,Q116145851,,,,,,,,,,,,,,,,,,,,,,,,,,,,,,,,,,,,,,,,,,,,,I00752700
Q142611,Q116145629,,,,,,,,,,,,,,,,,,,,,,,,,,,,,,,,,,,,,,,,,,,,,I00714955
Q142612,Q112643905,,,,,,,,,,,,,,,,,,,,,,,,,,,,,,,,,,,,,,,,,,,,,I00711645
Q142613,Q116468837,,,,,,,,,,,,,,,,,,,,,,,,,,,,,,,,,,,,,,,,,,,,,I00711664
Q142614,Q130359019,,,,,,,,,,,,,,,,,,,,,,,,,,,,,,,,,,,,,,,,,,,,,I00308442
Q142615,Q116146079,,,,,,,,,,,,,,,,,,,,,,,,,,,,,,,,,,,,,,,,,,,,,I00715010
Q142616,Q116145631,,,,,,,,,,,,,,,,,,,,,,,,,,,,,,,,,,,,,,,,,,,,,I00714979
Q142617,Q116812166,,,,,,,,,,,,,,,,,,,,,,,,,,,,,,,,,,,,,,,,,,,,,I00715027
Q142618,Q116812350,,,,,,,,,,,,,,,,,,,,,,,,,,,,,,,,,,,,,,,,,,,,,I00715009
Q142619,Q130358438,,,,,,,,,,,,,,,,,,,,,,,,,,,,,,,,,,,,,,,,,,,,,I00789130
Q142620,Q127225273,,,,,,,,,,,,,,,,,,,,,,,,,,,,,,,,,,,,,,,,,,,,,I00714999
Q142621,Q131138474,,,,,,,,,,,,,,,,,,,,,,,,,,,,,,,,,,,,,,,,,,,,,I00803156
Q142622,Q131138469,,,,,,,,,,,,,,,,,,,,,,,,,,,,,,,,,,,,,,,,,,,,,I00803150
Q142623,Q127225259,,,,,,,,,,,,,,,,,,,,,,,,,,,,,,,,,,,,,,,,,,,,,I00803530
Q142624,Q105819606,,,,,,,,,,,,,,,,,,,,,,,,,,,,,,,,,,,,,,,,,,,,,I00715148
Q142625,Q110413128,,,,,,,,,,,,,,,,,,,,,,,,,,,,,,,,,,,,,,,,,,,,,I00706527
Q142626,Q116812128,,,,,,,,,,,,,,,,,,,,,,,,,,,,,,,,,,,,,,,,,,,,,I00776387
Q142627,Q116812346,,,,,,,,,,,,,,,,,,,,,,,,,,,,,,,,,,,,,,,,,,,,,I00764793
Q142628,Q116146023,,,,,,,,,,,,,,,,,,,,,,,,,,,,,,,,,,,,,,,,,,,,,I00774706
Q142629,Q116145844,,,,,,,,,,,,,,,,,,,,,,,,,,,,,,,,,,,,,,,,,,,,,I00774698
Q142630,Q116469721,,,,,,,,,,,,,,,,,,,,,,,,,,,,,,,,,,,,,,,,,,,,,I00714691
Q142631,Q127225285,,,,,,,,,,,,,,,,,,,,,,,,,,,,,,,,,,,,,,,,,,,,,I00803538
Q142632,Q127225260,,,,,,,,,,,,,,,,,,,,,,,,,,,,,,,,,,,,,,,,,,,,,I00803531
Q142633,Q116115738,,,,,,,,,,,,,,,,,,,,,,,,,,,,,,,,,,,,,,,,,,,,,I00759930
Q142634,Q116115741,,,,,,,,,,,,,,,,,,,,,,,,,,,,,,,,,,,,,,,,,,,,,I00759931
Q142635,Q110622055,,,,,,,,,,,,,,,,,,,,,,,,,,,,,,,,,,,,,,,,,,,,De_Turberville-35,I00748542
Q142636,Q110622053,,,,,,,,,,,,,,,,,,,,,,,,,,,,,,,,,,,,,,,,,,,,Turberville-28,I00748541
Q142637,Q101246424,,,,,,,,,,,,,,,,,,,,,,,,,,,,,,,,,,,,,,,,,,,,,I00707277
Q142638,Q129168340,,,,,,,,,,,,,,,,,,,,,,,,,,,,,,,,,,,,,,,,,,,,,I00760653
Q142639,Q110622313,,,,,,,,,,,,,,,,,,,,,,,,,,,,,,,,,,,,,,,,,,,,Ap_Rhydderch-19,I00736928
Q142640,Q110636924,,,,,,,,,,,,,,,,,,,,,,,,,,,,,,,,,,,,,,,,,,,,,I00314031
Q142641,Q116055040,,,,,,,,,,,,,,,,,,,,,,,,,,,,,,,,,,,,,,,,,,,,,I00753936
Q142642,Q116155976,,,,,,,,,,,,,,,,,,,,,,,,,,,,,,,,,,,,,,,,,,,,,I00075242
Q142643,Q116812414,,,,,,,,,,,,,,,,,,,,,,,,,,,,,,,,,,,,,,,,,,,,,I00760943
Q142644,Q99239160,,,,,,,,,,,,,,,,,,,,,,,,,,,,,,,,,,,,,,,,,,,,,I00705615
Q142645,Q99086855,,,,,,,,,,,,,,,,,,,,,,,,,,,,,,,,,,,,,,,,,,,,,I00708681
Q142646,Q116055026,,,,,,,,,,,,,,,,,,,,,,,,,,,,,,,,,,,,,,,,,,,,Ap_Cuhelyn-7,I00586434
Q142647,Q116055024,,,,,,,,,,,,,,,,,,,,,,,,,,,,,,,,,,,,,,,,,,,,,I00709053
Q142648,Q110636972,,,,,,,,,,,,,,,,,,,,,,,,,,,,,,,,,,,,,,,,,,,,Ap_Gwilym-35,I00710097
Q142649,Q130340851,,,,,,,,,,,,,,,,,,,,,,,,,,,,,,,,,,,,,,,,,,,,,I00708367
Q142650,Q131346729,,,,,,,,,,,,,,,,,,,,,,,,,,,,,,,,,,,,,,,,,,,,,I00777751
Q142651,Q110636446,,,,,,,,,,,,,,,,,,,,,,,,,,,,,,,,,,,,,,,,,,,,,I00750576
Q142652,Q76154280,,,,,,,,,,,,,,,,,,,,,,,,,,,,,,,,,,,,,,,,,p56807.htm#i568070,,,,I00755756
Q142653,Q99302429,,,,,,,,,,,,,,,,,,,,,,,,,,,,,,,,,,,,,,,,,,,,,I00706579
Q142654,Q110585255,,,,,,,,,,,,,,,,,,,,,,,,,,,,,,,,,,,,,,,,,,,,,I00734563
Q142655,Q110585253,,,,,,,,,,,,,,,,,,,,,,,,,,,,,,,,,,,,,,,,,,,,,I00708250
Q142656,Q99302468,,,,,,,,,,,,,,,,,,,,,,,,,,,,,,,,,,,,,,,,,,,,,I00700172
Q142657,Q110636834,,,,,,,,,,,,,,,,,,,,,,,,,,,,,,,,,,,,,,,,,,,,,I00713557
Q142658,Q116812392,,,,,,,,,,,,,,,,,,,,,,,,,,,,,,,,,,,,,,,,,,,,,I00759281
Q142659,Q130359074,,,,,,,,,,,,,,,,,,,,,,,,,,,,,,,,,,,,,,,,,,,,,I00760365
Q142660,Q110622019,,,,,,,,,,,,,,,,,,,,,,,,,,,,,,,,,,,,,,,,,,,,,I00294147
Q142661,Q110622008,,,,,,,,,,,,,,,,,,,,,,,,,,,,,,,,,,,,,,,,,,,,,I00580992
Q142662,Q97532189,,,,,,,,,,,,,,,,,,,,,,,,,,,,,,,,,,,,,,,,,,,,,I00291730
Q142663,Q99211671,,,,,,,,,,,,,,,,,,,,,,,,,,,,,,,,,,,,,,,,,,,,,I00718310
Q142664,Q110622010,,,,,,,,,,,,,,,,,,,,,,,,,,,,,,,,,,,,,,,,,,,,,I00580989
Q142667,Q110582530,,,,,,,,,,,,,,,,,,,,,,,,,,,,,,,,,,,,,,,,,,,,,I00753015
Q142668,Q110582531,,,,,,,,,,,,,,,,,,,,,,,,,,,,,,,,,,,,,,,,,,,,,I00751088
Q142669,Q76281178,,,,,,,,,,,,,,,,,,,,,,,,,,,,,,,,,,,,,,,,,p65966.htm#i659655,,,Ab_Einion-32,I00749620
Q142670,Q76281173,,,,,,,,,,,,,,,,,,,,,,,,,,,,,,,,,,,,,,,,,p65966.htm#i659652,,,Ap_Gruffudd-65,
Q142671,Q5921646,,,,,,,,,,,,,,,,,,,,,,,,,,,,,,,,,,,,,,,,,p65967.htm#i659669,,,,
Q142672,Q76215131,,,,,,,,,,,,,,,,,,,,,,,,,,,,,,,,,,,,,,,,,p61058.htm#i610572,,,Ferch_Ieuan-5,I00465390
Q142673,Q110585361,,,,,,,,,,,,,,,,,,,,,,,,,,,,,,,,,,,,,,,,,,,,,I00713585
Q142674,Q110636483,,,,,,,,,,,,,,,,,,,,,,,,,,,,,,,,,,,,,,,,,,,,,I00750046
Q142675,Q110413570,,,,,,,,,,,,,,,,,,,,,,,,,,,,,,,,,,,,,,,,,,,,,I00711382
Q142676,Q110413104,,,,,,,,,,,,,,,,,,,,,,,,,,,,,,,,,,,,,,,,,,,,,I00709815
Q142677,Q116052721,,,,,,,,,,,,,,,,,,,,,,,,,,,,,,,,,,,,,,,,,,,,,I00759312
Q142678,Q110413558,,,,,,,,,,,,,,,,,,,,,,,,,,,,,,,,,,,,,,,,,,,,,I00709051
Q142679,Q110413674,,,,,,,,,,,,,,,,,,,,,,,,,,,,,,,,,,,,,,,,,,,,,I00762467
Q142680,Q130358760,,,,,,,,,,,,,,,,,,,,,,,,,,,,,,,,,,,,,,,,,,,,,I00708762
Q142681,Q110582491,,,,,,,,,,,,,,,,,,,,,,,,,,,,,,,,,,,,,,,,,,,,,I00761367
Q142682,Q110582492,,,,,,,,,,,,,,,,,,,,,,,,,,,,,,,,,,,,,,,,,,,,,I00708177
Q142683,Q99071816,,,,,,,,,,,,,,,,,,,,,,,,,,,,,,,,,,,,,,,,,,,,,I00705967
Q142684,Q99069899,,,,,,,,,,,,,,,,,,,,,,,,,,,,,,,,,,,,,,,,,,,,,I00706003
Q142685,Q99082619,,,,,,,,,,,,,,,,,,,,,,,,,,,,,,,,,,,,,,,,,,,,,I00706118
Q142686,Q110290323,,,,,,,,,,,,,,,,,,,,,,,,,,,,,,,,,,,,,,,,,,,,,I00710029
Q142687,Q105803228,,,,,,,,,,,,,,,,,,,,,,,,,,,,,,,,,,,,,,,,,,,,,I00699782
Q142688,Q116147485,,,,,,,,,,,,,,,,,,,,,,,,,,,,,,,,,,,,,,,,,,,,,I00751845
Q142689,Q110390618,,,,,,,,,,,,,,,,,,,,,,,,,,,,,,,,,,,,,,,,,,,,,I00764748
Q142690,Q130340340,,,,,,,,,,,,,,,,,,,,,,,,,,,,,,,,,,,,,,,,,,,,,I00762461
Q142691,Q110582467,,,,,,,,,,,,,,,,,,,,,,,,,,,,,,,,,,,,,,,,,,,,,I00757653
Q142692,Q110290455,,,,,,,,,,,,,,,,,,,,,,,,,,,,,,,,,,,,,,,,,,,,,I00708151
Q142693,Q116147168,,,,,,,,,,,,,,,,,,,,,,,,,,,,,,,,,,,,,,,,,,,,,I00700617
Q142694,Q110290398,,,,,,,,,,,,,,,,,,,,,,,,,,,,,,,,,,,,,,,,,,,,,I00713724
Q142695,Q122364428,,,,,,,,,,,,,,,,,,,,,,,,,,,,,,,,,,,,,,,,,,,,,I00759522
Q142696,Q99154364,,,,,,,,,,,,,,,,,,,,,,,,,,,,,,,,,,,,,,,,,,,,Somerville-83,I00433075
Q142697,Q76200399,,,,,,,,,,,,,,,,,,,,,,,,,,,,,,,,,,,,,,,,,p59949.htm#i599489,,,Ferch_Rhys-28,I00671372
Q142698,Q104473598,,,,,,,,,,,,,,,,,,,,,,,,,,,,,,,,,,,,,,,,,,,,Griffith-239,I00433077
Q142699,Q99080906,,,,,,,,,,,,,,,,,,,,,,,,,,,,,,,,,,,,,,,,,,,,Howel-26,I00707787
Q142700,Q133461660,,,,,,,,,,,,,,,,,,,,,,,,,,,,,,,,,,,,,,,,,,,,,I00803766
Q142701,Q99072508,,,,,,,,,,,,,,,,,,,,,,,,,,,,,,,,,,,,,,,,,,,,,I00708252
Q142702,Q99072526,,,,,,,,,,,,,,,,,,,,,,,,,,,,,,,,,,,,,,,,,,,,,I00708256
Q142703,Q110413583,,,,,,,,,,,,,,,,,,,,,,,,,,,,,,,,,,,,,,,,,,,,,I00711390
Q142704,Q131138855,,,,,,,,,,,,,,,,,,,,,,,,,,,,,,,,,,,,,,,,,,,,,I00751852
Q142705,Q110636506,,,,,,,,,,,,,,,,,,,,,,,,,,,,,,,,,,,,,,,,,,,,,I00750346
Q142706,Q110413102,,,,,,,,,,,,,,,,,,,,,,,,,,,,,,,,,,,,,,,,,,,,,I00706520
Q142707,Q99075780,,,,,,,,,,,,,,,,,,,,,,,,,,,,,,,,,,,,,,,,,,,,,I00708163
Q142708,Q99070287,,,,,,,,,,,,,,,,,,,,,,,,,,,,,,,,,,,,,,,,,,,,,I00749613
Q142709,Q110290366,,,,,,,,,,,,,,,,,,,,,,,,,,,,,,,,,,,,,,,,,,,,,I00708161
Q142710,Q110636583,,,,,,,,,,,,,,,,,,,,,,,,,,,,,,,,,,,,,,,,,,,,,I00706145
Q142711,Q75961227,,,,,,,,,,,,,,,,,,,,,,,,,,,,,,,,,,,,,,,,,p43222.htm#i432211,,,,I00700002
Q142712,Q110635730,,,,,,,,,,,,,,,,,,,,,,,,,,,,,,,,,,,,,,,,,,,,,I00711760
Q142713,Q110290184,,,,,,,,,,,,,,,,,,,,,,,,,,,,,,,,,,,,,,,,,,,,,I00753260
Q142714,Q116054860,,,,,,,,,,,,,,,,,,,,,,,,,,,,,,,,,,,,,,,,,,,,,I00709985
Q142715,Q116054808,,,,,,,,,,,,,,,,,,,,,,,,,,,,,,,,,,,,,,,,,,,,,I00709760
Q142716,Q116146843,,,,,,,,,,,,,,,,,,,,,,,,,,,,,,,,,,,,,,,,,,,,,I00759905
Q142717,Q128855533,,,,,,,,,,,,,,,,,,,,,,,,,,,,,,,,,,,,,,,,,,,,,I00314017
Q142718,Q130358445,,,,,,,,,,,,,,,,,,,,,,,,,,,,,,,,,,,,,,,,,,,,,I00802816
Q142719,Q99082563,,,,,,,,,,,,,,,,,,,,,,,,,,,,,,,,,,,,,,,,,,,,,I00706112
Q142720,Q99082549,,,,,,,,,,,,,,,,,,,,,,,,,,,,,,,,,,,,,,,,,,,,,I00706110
Q142721,Q116147218,,,,,,,,,,,,,,,,,,,,,,,,,,,,,,,,,,,,,,,,,,,,,I00758421
Q142722,Q116155852,,,,,,,,,,,,,,,,,,,,,,,,,,,,,,,,,,,,,,,,,,,,,I00750343
Q142723,Q105814325,,,,,,,,,,,,,,,,,,,,,,,,,,,,,,,,,,,,,,,,,,,,,I00731836
Q142724,Q130340746,,,,,,,,,,,,,,,,,,,,,,,,,,,,,,,,,,,,,,,,,,,,,I00774927
Q142725,Q130358491,,,,,,,,,,,,,,,,,,,,,,,,,,,,,,,,,,,,,,,,,,,,,I00708689
Q142726,Q130358429,,,,,,,,,,,,,,,,,,,,,,,,,,,,,,,,,,,,,,,,,,,,,I00708672
Q142727,Q5623708,,,,,,,,,,,,,,,,,,,,,,,,,,,,,,,,,,,,,,,,,p36185.htm#i361843,Gwladus_Ferch_Dafydd_(1),,ferch_Dafydd-5,I00041632
Q142728,Q105819571,,,,,,,,,,,,,,,,,,,,,,,,,,,,,,,,,,,,,,,,,,,,,I00702939
Q142729,Q116812258,,,,,,,,,,,,,,,,,,,,,,,,,,,,,,,,,,,,,,,,,,,,,I00777347
Q142730,Q116812302,,,,,,,,,,,,,,,,,,,,,,,,,,,,,,,,,,,,,,,,,,,,,I00777289
Q142731,Q116812246,,,,,,,,,,,,,,,,,,,,,,,,,,,,,,,,,,,,,,,,,,,,,I00777386
Q142732,Q130358999,,,,,,,,,,,,,,,,,,,,,,,,,,,,,,,,,,,,,,,,,,,,,I00708670
Q142733,Q110428537,,,,,,,,,,,,,,,,,,,,,,,,,,,,,,,,,,,,,,,,,,,,,I00696670
Q142734,Q105819609,,,,,,,,,,,,,,,,,,,,,,,,,,,,,,,,,,,,,,,,,,,,,I00715152
Q142735,Q116812489,,,,,,,,,,,,,,,,,,,,,,,,,,,,,,,,,,,,,,,,,,,,,I00777399
Q142736,Q116812234,,,,,,,,,,,,,,,,,,,,,,,,,,,,,,,,,,,,,,,,,,,,,I00777397
Q142737,Q116812479,,,,,,,,,,,,,,,,,,,,,,,,,,,,,,,,,,,,,,,,,,,,,I00777402
Q142738,Q116812114,,,,,,,,,,,,,,,,,,,,,,,,,,,,,,,,,,,,,,,,,,,,,I00776383
Q142739,Q116812301,,,,,,,,,,,,,,,,,,,,,,,,,,,,,,,,,,,,,,,,,,,,,I00777284
Q142740,Q110152880,,,,,,,,,,,,,,,,,,,,,,,,,,,,,,,,,,,,,,,,,,,,,I00759041
Q142741,Q110152882,,,,,,,,,,,,,,,,,,,,,,,,,,,,,,,,,,,,,,,,,,,,,I00760656
Q142742,Q116469848,,,,,,,,,,,,,,,,,,,,,,,,,,,,,,,,,,,,,,,,,,,,,I00774765
Q142743,Q110152886,,,,,,,,,,,,,,,,,,,,,,,,,,,,,,,,,,,,,,,,,,,,,I00759307
Q142744,Q99083911,,,,,,,,,,,,,,,,,,,,,,,,,,,,,,,,,,,,,,,,,,,,Ap_Llewelyn-63,I00706627
Q142745,Q76018971,,,,,,,,,,,,,,,,,,,,,,,,,,,,,,,,,,,,,,,,,p47159.htm#i471587,,,,I00706750
Q142746,Q110559665,,,,,,,,,,,,,,,,,,,,,,,,,,,,,,,,,,,,,,,,,,,,,I00706754
Q142747,Q76018973,,,,,,,,,,,,,,,,,,,,,,,,,,,,,,,,,,,,,,,,,p47159.htm#i471588,,,,
Q142748,Q75586886,,,,,,,,L5TF-19F,,,,,,,,,,,,,,,,,,,,,,,,,,,,,,,,,p47158.htm#i471574|p22804.htm#i228032,,,Morgan-851,I00198212
Q142749,Q110559656,,,,,,,,,,,,,,,,,,,,,,,,,,,,,,,,,,,,,,,,,,,,,I00713966
Q142750,Q122260594,,,,,,,,,,,,,,,,,,,,,,,,,,,,,,,,,,,,,,,,,,,,,I00751910
Q142751,Q116812540,,,,,,,,,,,,,,,,,,,,,,,,,,,,,,,,,,,,,,,,,,,,,I00766767
Q142752,Q99083972,,,,,,,,,,,,,,,,,,,,,,,,,,,,,,,,,,,,,,,,,,,,Norris-252,I00700194
Q142753,Q76155983,,,,,,,,,,,,,,,,,,,,,,,,,,,,,,,,,,,,,,,,,p56911.htm#i569110,,,Ap_Jenkin-12,I00568628
Q142754,Q116146001,,,,,,,,,,,,,,,,,,,,,,,,,,,,,,,,,,,,,,,,,,,,,I00736685
Q142755,Q99211460,,,,,,,,,,,,,,,,,,,,,,,,,,,,,,,,,,,,,,,,,,,,Kemeys-2,I00702668
Q142756,Q96075026,,,,,,,,,,,,,,,,,,I3609,,,,,,,,,409693,,p=william;n=ap yevan,,,,,,,,,,,,,William_Williams_(283),,Ap_Ieuan-28,I00693231
Q142757,Q110560184,,,,,,,,,,,,,,,,,,,,,,,,,,,,,,,,,,,,,,,,,,,,,I00752072
Q142758,Q110390643,,,,,,,,,,,,,,,,,,,,,,,,,,,,,,,,,,,,,,,,,,,,,I00752070
Q142759,Q116470888,,,,,,,,,,,,,,,,,,,,,,,,,,,,,,,,,,,,,,,,,,,,,I00765000
Q142760,Q116469822,,,,,,,,,,,,,,,,,,,,,,,,,,,,,,,,,,,,,,,,,,,,,I00386670
Q142761,Q116469805,,,,,,,,,,,,,,,,,,,,,,,,,,,,,,,,,,,,,,,,,,,,,I00714687
Q142762,Q110559704,,,,,,,,,,,,,,,,,,,,,,,,,,,,,,,,,,,,,,,,,,,,,I00751075
Q142763,Q116469859,,,,,,,,,,,,,,,,,,,,,,,,,,,,,,,,,,,,,,,,,,,,,I00752119
Q142764,Q116469827,,,,,,,,,,,,,,,,,,,,,,,,,,,,,,,,,,,,,,,,,,,,,I00755536
Q142765,Q117306707,,,,,,,,,,,,,,,,,,,,,,,,,,,,,,,,,,,,,,,,,,,,,I00708554
Q142766,Q130340907,,,,,,,,,,,,,,,,,,,,,,,,,,,,,,,,,,,,,,,,,,,,,I00761877
Q142767,Q110621967,,,,,,,,,,,,,,,,,,,,,,,,,,,,,,,,,,,,,,,,,,,,,I00753601
Q142768,Q110621945,,,,,,,,,,,,,,,,,,,,,,,,,,,,,,,,,,,,,,,,,,,,,I00752618
Q142769,Q111506479,,,,,,,,,,,,,,,,,,,,,,,,,,,,,,,,,,,,,,,,,,,,,I00691958
Q142770,Q110413562,,,,,,,,,,,,,,,,,,,,,,,,,,,,,,,,,,,,,,,,,,,,,I00711380
Q142771,Q116146132,,,,,,,,,,,,,,,,,,,,,,,,,,,,,,,,,,,,,,,,,,,,,I00714644
Q142772,Q99211452,,,,,,,,,,,,,,,,,,,,,,,,,,,,,,,,,,,,,,,,,,,,Ap_Morgan-19,I00697901
Q142773,Q116469814,,,,,,,,,,,,,,,,,,,,,,,,,,,,,,,,,,,,,,,,,,,,,I00714724
Q142774,Q116469809,,,,,,,,,,,,,,,,,,,,,,,,,,,,,,,,,,,,,,,,,,,,,I00698003
Q142775,Q117307103,,,,,,,,,,,,,,,,,,,,,,,,,,,,,,,,,,,,,,,,,,,,,I00710071
Q142776,Q117307055,,,,,,,,,,,,,,,,,,,,,,,,,,,,,,,,,,,,,,,,,,,,,I00710104
Q142777,Q130358789,,,,,,,,,,,,,,,,,,,,,,,,,,,,,,,,,,,,,,,,,,,,,I00710110
Q142778,Q116469746,,,,,,,,,,,,,,,,,,,,,,,,,,,,,,,,,,,,,,,,,,,,,I00707754
Q142779,Q116470941,,,,,,,,,,,,,,,,,,,,,,,,,,,,,,,,,,,,,,,,,,,,,I00749884
Q142780,Q110622073,,,,,,,,,,,,,,,,,,,,,,,,,,,,,,,,,,,,,,,,,,,,,I00748537
Q142781,Q110622050,,,,,,,,,,,,,,,,,,,,,,,,,,,,,,,,,,,,,,,,,,,,,I00748534
Q142782,Q99211654,,,,,,,,,,,,,,,,,,,,,,,,,,,,,,,,,,,,,,,,,,,,,I00706906
Q142783,Q99080642,,,,,,,,,,,,,,,,,,,,,,,,,,,,,,,,,,,,,,,,,,,,Bredwardine-3,I00707479
Q142784,Q99084820,,,,,,,,,,,,,,,,,,,,,,,,,,,,,,,,,,,,,,,,,,,,,I00700886
Q142785,Q99068250,,,,,,,,,,,,,,,,,,,,,,,,,,,,,,,,,,,,,,,,,,,,Ferch_Watkin-1,I00692233
Q142786,Q76260440,,,,,,,,,,,,,,,,,,,,,,,,,,,,,,,,,,,,,,,,,p64447.htm#i644461,,,Vaughan-188,I00177662
Q142787,Q76018998,,,,,,,,P9NQ-PQW,,,,,,,,,,,,,,,,,,,,,,,,,,,,,,,,,p68836.htm#i688356|p47160.htm#i471598,,,Vaughan-187,I00282839
Q142788,Q18954619,,,,,,,,,,,,,,,,,,,,,,,,,,,,,,,,,,,,,,,,,p24777.htm#i247761,,,,I00236583
Q142789,Q117277328,,,,,,,,,,,,,,,,,,,,,,,,,,,,,,,,,,,,,,,,,,,,,I00687799
Q142790,Q122260460,,,,,,,,,,,,,,,,,,,,,,,,,,,,,,,,,,,,,,,,,,,,,I00366943
Q142791,Q110390623,,,,,,,,,,,,,,,,,,,,,,,,,,,,,,,,,,,,,,,,,,,,,I00764733
Q142792,Q116812071,,,,,,,,,,,,,,,,,,,,,,,,,,,,,,,,,,,,,,,,,,,,,I00698119
Q142793,Q110559687,,,,,,,,,,,,,,,,,,,,,,,,,,,,,,,,,,,,,,,,,,,,,I00713975
Q142794,Q110559673,,,,,,,,,,,,,,,,,,,,,,,,,,,,,,,,,,,,,,,,,,,,,I00702455
Q142795,Q108912821,,,,,,,,,,,,,,,,,,,,,,,,,,,,,,,,,,,,,,,,,,,,,I00738966
Q142796,Q116812239,,,,,,,,,,,,,,,,,,,,,,,,,,,,,,,,,,,,,,,,,,,,,I00777380
Q142797,Q110412860,,,,,,,,,,,,,,,,,,,,,,,,,,,,,,,,,,,,,,,,,,,,,I00701581
Q142798,Q130358699,,,,,,,,,,,,,,,,,,,,,,,,,,,,,,,,,,,,,,,,,,,,,I00795990
Q142799,Q75775677,,,,,,,,,,,,,,,,,,,,,,,,,,,,,,,,,,,,,,,,,p32800.htm#i327996,,,Barre-2,I00232097
Q142800,Q99800408,,,,,,,,,,,,,,,,,,,,,,,,,,,,,,,,,,,,,,,,,,,,Talbot-17,I00417921
Q142801,Q110621979,,,,,,,,,,,,,,,,,,,,,,,,,,,,,,,,,,,,,,,,,,,,,I00714714
Q142802,Q116469832,,,,,,,,,,,,,,,,,,,,,,,,,,,,,,,,,,,,,,,,,,,,,I00386669
Q142803,Q110390655,,,,,,,,,,,,,,,,,,,,,,,,,,,,,,,,,,,,,,,,,,,,,I00764714
Q142804,Q75271576,,,,,,,,,,,,,,,,,,,,,,,,,,,,,,,,,,,,,,,,,p2768.htm#i27675,,,Bluet-4,I00091208
Q142805,Q75860494,,,,,,,,,,,,,,,,,,,,,,,,,,,,,,,,,,,,,,,,,p36185.htm#i361841,,,,
Q142806,Q1261083,,,,,,,,9H86-NF9,,,,,,,,,,I11723,,,,,,,,,,,,,,,,,,,,,,,p4050.htm#i40499,William_Herbert_(57),,Herbert-63,I00027033
Q142807,Q5801958,,,,,,,,,,,,,,,,,,,,,,,,,,,,,,,,,,,,,,,,,p21626.htm#i216254,Richard_Herbert_(4),,Herbert-167,I00433080
Q142808,Q76002357,,,,,,,,,,,,,,,,,,,,,,,,,,,,,,,,,,,,,,,,,p46025.htm#i460248,,,,
Q142809,Q76297297,,,,,,,,,,,,,,,,,,,,,,,,,,,,,,,,,,,,,,,,,p67072.htm#i670717,,,Herbert-201,I00736775
Q142810,Q75527834,,,,,,,,,,,,,,,,,,,,,,,,,,,,,,,,,,,,,,,,,p19580.htm#i195792,,,Herbert-12,I00113881
Q142811,Q105805921,,,,,,,,,,,,,,,,,,,,,,,,,,,,,,,,,,,,,,,,,,,,Ferch_Gwylwm-1,I00696482
Q142812,Q112491085,,,,,,,,,,,,,,,,,,,,,,,,,,,,,,,,,,,,,,,,,,,,,I00754692
Q142813,Q116812588,,,,,,,,,,,,,,,,,,,,,,,,,,,,,,,,,,,,,,,,,,,,,I00759402
Q142814,Q110427954,,,,,,,,,,,,,,,,,,,,,,,,,,,,,,,,,,,,,,,,,,,,,I00747721
Q142815,Q116470914,,,,,,,,,,,,,,,,,,,,,,,,,,,,,,,,,,,,,,,,,,,,,I00764995
Q142816,Q129168277,,,,,,,,,,,,,,,,,,,,,,,,,,,,,,,,,,,,,,,,,,,,,I00749880
Q142817,Q122260536,,,,,,,,,,,,,,,,,,,,,,,,,,,,,,,,,,,,,,,,,,,,,I00753448
Q142818,Q122260606,,,,,,,,,,,,,,,,,,,,,,,,,,,,,,,,,,,,,,,,,,,,,I00705473
Q142819,Q122260604,,,,,,,,,,,,,,,,,,,,,,,,,,,,,,,,,,,,,,,,,,,,,I00752673
Q142820,Q99068159,,,,,,,,,,,,,,,,,,,,,,,,,,,,,,,,,,,,,,,,,,,,Ferch_Morgan-4,I00177664
Q142821,Q104038621,,,,,,,,,,,,,,,,,,,,,,,,,,,,,,,,,,,,,,,,,,,,,I00319525
Q142822,Q116146004,,,,,,,,,,,,,,,,,,,,,,,,,,,,,,,,,,,,,,,,,,,,,I00752677
Q142823,Q116812559,,,,,,,,,,,,,,,,,,,,,,,,,,,,,,,,,,,,,,,,,,,,,I00756679
Q142824,Q116146121,,,,,,,,,,,,,,,,,,,,,,,,,,,,,,,,,,,,,,,,,,,,,I00446901
Q142825,Q99208460,,,,,,,,,,,,,,,,,,,,,,,,,,,,,,,,,,,,,,,,,,,,,I00568629
Q142826,Q116812067,,,,,,,,,,,,,,,,,,,,,,,,,,,,,,,,,,,,,,,,,,,,,I00702942
Q142827,Q116146011,,,,,,,,,,,,,,,,,,,,,,,,,,,,,,,,,,,,,,,,,,,,,I00752670
Q142828,Q122260455,,,,,,,,,,,,,,,,,,,,,,,,,,,,,,,,,,,,,,,,,,,,,I00751901
Q142829,Q122260689,,,,,,,,,,,,,,,,,,,,,,,,,,,,,,,,,,,,,,,,,,,,,I00776454
Q142830,Q99084132,,,,,,,,,,,,,,,,,,,,,,,,,,,,,,,,,,,,,,,,,,,,Fleming-17,I00755310
Q142831,Q116170856,,,,,,,,,,,,,,,,,,,,,,,,,,,,,,,,,,,,,,,,,,,,John-230,I00774754
Q142832,Q99068369,,,,,,,,,,,,,,,,,,,,,,,,,,,,,,,,,,,,,,,,,,,,,I00568630
Q142833,Q104038618,,,,,,,,,,,,,,,,,,,,,,,,,,,,,,,,,,,,,,,,,,,,Mathew-21,I00319524
Q142834,Q76018978,,,,,,,,,,,,,,,,,,,,,,,,,,,,,,,,,,,,,,,,,p47160.htm#i471591,,,Mathew-25,I00198224
Q142835,Q124324513,,,,,,,,,,,,,,,,,,,,,,,,,,,,,,,,,,,,,,,,,,,,,I00761852
Q142836,Q122260452,,,,,,,,,,,,,,,,,,,,,,,,,,,,,,,,,,,,,,,,,,,,,I00751906
Q142837,Q130340925,,,,,,,,,,,,,,,,,,,,,,,,,,,,,,,,,,,,,,,,,,,,,I00761876
Q142838,Q130340917,,,,,,,,,,,,,,,,,,,,,,,,,,,,,,,,,,,,,,,,,,,,,I00761868
Q142839,Q130340903,,,,,,,,,,,,,,,,,,,,,,,,,,,,,,,,,,,,,,,,,,,,,I00761861
Q142840,Q130358615,,,,,,,,,,,,,,,,,,,,,,,,,,,,,,,,,,,,,,,,,,,,,I00789063
Q142841,Q110413734,,,,,,,,,,,,,,,,,,,,,,,,,,,,,,,,,,,,,,,,,,,,,I00753383
Q142842,Q116470731,,,,,,,,,,,,,,,,,,,,,,,,,,,,,,,,,,,,,,,,,,,,,I00776215
Q142843,Q112608641,,,,,,,,,,,,,,,,,,,,,,,,,,,,,,,,,,,,,,,,,,,,,I00687800
Q142844,Q97532314,,,,,,,,,,,,,,,,,,,,,,,,,,,,,,,,,,,,,,,,,,,,,I00705659
Q142845,Q97532007,,,,,,,,,,,,,,,,,,,,,,,,,,,,,,,,,,,,,,,,,,,,,I00774570
Q142846,Q110390669,,,,,,,,,,,,,,,,,,,,,,,,,,,,,,,,,,,,,,,,,,,,,I00764694
Q142847,Q105872058,,,,,,,,,,,,,,,,,,,,,,,,,,,,,,,,,,,,,,,,,,,,Gunter-350,I00232373
Q142848,Q110332337,,,,,,,,,,,,,,,,,,,,,,,,,,,,,,,,,,,,,,,,,,,,,I00699823
Q142849,Q105819572,,,,,,,,,,,,,,,,,,,,,,,,,,,,,,,,,,,,,,,,,,,,,I00702940
Q142850,Q110412873,,,,,,,,,,,,,,,,,,,,,,,,,,,,,,,,,,,,,,,,,,,,,I00760218
Q142851,Q116812217,,,,,,,,,,,,,,,,,,,,,,,,,,,,,,,,,,,,,,,,,,,,,I00698109
Q142852,Q116469736,,,,,,,,,,,,,,,,,,,,,,,,,,,,,,,,,,,,,,,,,,,,,I00702761
Q142853,Q116478627,,,,,,,,,,,,,,,,,,,,,,,,,,,,,,,,,,,,,,,,,,,,,I00754478
Q142854,Q127225266,,,,,,,,,,,,,,,,,,,,,,,,,,,,,,,,,,,,,,,,,,,,,I00702934
Q142855,Q116812277,,,,,,,,,,,,,,,,,,,,,,,,,,,,,,,,,,,,,,,,,,,,,I00692231
Q142856,Q116812272,,,,,,,,,,,,,,,,,,,,,,,,,,,,,,,,,,,,,,,,,,,,,I00777354
Q142857,Q117277320,,,,,,,,,,,,,,,,,,,,,,,,,,,,,,,,,,,,,,,,,,,,,I00687798
Q142858,Q116812472,,,,,,,,,,,,,,,,,,,,,,,,,,,,,,,,,,,,,,,,,,,,,I00764538
Q142859,Q116812264,,,,,,,,,,,,,,,,,,,,,,,,,,,,,,,,,,,,,,,,,,,,,I00777372
Q142860,Q127225271,,,,,,,,,,,,,,,,,,,,,,,,,,,,,,,,,,,,,,,,,,,,,I00714994
Q142861,Q110560168,,,,,,,,,,,,,,,,,,,,,,,,,,,,,,,,,,,,,,,,,,,,,I00752089
Q142862,Q99084219,,,,,,,,,,,,,,,,,,,,,,,,,,,,,,,,,,,,,,,,,,,,Ferch_Philip-7,I00700198
Q142863,Q110622448,,,,,,,,,,,,,,,,,,,,,,,,,,,,,,,,,,,,,,,,,,,,,I00291757
Q142864,Q116812535,,,,,,,,,,,,,,,,,,,,,,,,,,,,,,,,,,,,,,,,,,,,,I00752661
Q142865,Q122260611,,,,,,,,,,,,,,,,,,,,,,,,,,,,,,,,,,,,,,,,,,,,,I00761296
Q142866,Q116812542,,,,,,,,,,,,,,,,,,,,,,,,,,,,,,,,,,,,,,,,,,,,,I00766768
Q142867,Q116812325,,,,,,,,,,,,,,,,,,,,,,,,,,,,,,,,,,,,,,,,,,,,,I00777351
Q142868,Q112490266,,,,,,,,,,,,,,,,,,,,,,,,,,,,,,,,,,,,,,,,,,,,,I00706756
Q142869,Q116812110,,,,,,,,,,,,,,,,,,,,,,,,,,,,,,,,,,,,,,,,,,,,,I00776459
Q142870,Q99211918,,,,,,,,,,,,,,,,,,,,,,,,,,,,,,,,,,,,,,,,,,,,,I00718316
Q142871,Q130358425,,,,,,,,,,,,,,,,,,,,,,,,,,,,,,,,,,,,,,,,,,,,,I00790099
Q142872,Q99084159,,,,,,,,,,,,,,,,,,,,,,,,,,,,,,,,,,,,,,,,,,,,Ap_Gwilym-21,I00700197
Q142873,Q110347238,,,,,,,,,,,,,,,,,,,,,,,,,,,,,,,,,,,,,,,,,,,,,I00707279
Q142874,Q110347248,,,,,,,,,,,,,,,,,,,,,,,,,,,,,,,,,,,,,,,,,,,,,I00713977
Q142875,Q116053028,,,,,,,,,,,,,,,,,,,,,,,,,,,,,,,,,,,,,,,,,,,,,I00736676
Q142876,Q110390613,,,,,,,,,,,,,,,,,,,,,,,,,,,,,,,,,,,,,,,,,,,,,I00706529
Q142877,Q116469803,,,,,,,,,,,,,,,,,,,,,,,,,,,,,,,,,,,,,,,,,,,,,I00714688
Q142878,Q75875763,,,,,,,,,,,,,,,,,,,,,,,,,,,,,,,,,,,,,,,,,p37317.htm#i373170,,,Ab_Adam-25,I00707740
Q142879,Q110621974,,,,,,,,,,,,,,,,,,,,,,,,,,,,,,,,,,,,,,,,,,,,,I00706999
Q142880,Q99084498,,,,,,,,,,,,,,,,,,,,,,,,,,,,,,,,,,,,,,,,,,,,Ap_Philip-10,I00707739
Q142881,Q99084516,,,,,,,,,,,,,,,,,,,,,,,,,,,,,,,,,,,,,,,,,,,,,I00700518
Q142882,Q112963837,,,,,,,,,,,,,,,,,,,,,,,,,,,,,,,,,,,,,,,,,,,,,I00752628
Q142883,Q116812572,,,,,,,,,,,,,,,,,,,,,,,,,,,,,,,,,,,,,,,,,,,,,I00756815
Q142884,Q110622133,,,,,,,,,,,,,,,,,,,,,,,,,,,,,,,,,,,,,,,,,,,,,I00760524
Q142885,Q110622181,,,,,,,,,,,,,,,,,,,,,,,,,,,,,,,,,,,,,,,,,,,,,I00760443
Q142886,Q110622183,,,,,,,,,,,,,,,,,,,,,,,,,,,,,,,,,,,,,,,,,,,,,I00760444
Q142887,Q110622186,,,,,,,,,,,,,,,,,,,,,,,,,,,,,,,,,,,,,,,,,,,,,I00760511
Q142888,Q110622228,,,,,,,,,,,,,,,,,,,,,,,,,,,,,,,,,,,,,,,,,,,,,I00753842
Q142889,Q116469801,,,,,,,,,,,,,,,,,,,,,,,,,,,,,,,,,,,,,,,,,,,,,I00714716
Q142890,Q99080769,,,,,,,,,,,,,,,,,,,,,,,,,,,,,,,,,,,,,,,,,,,,Ferch_Hopkin-4,I00581026
Q142891,Q99080704,,,,,,,,,,,,,,,,,,,,,,,,,,,,,,,,,,,,,,,,,,,,Ferch_Ieuan-8,I00700535
Q142892,Q116812177,,,,,,,,,,,,,,,,,,,,,,,,,,,,,,,,,,,,,,,,,,,,Ferch_Ieuan-18,I00774833
Q142893,Q130359127,,,,,,,,,,,,,,,,,,,,,,,,,,,,,,,,,,,,,,,,,,,,,I00754013
Q142894,Q116470805,,,,,,,,,,,,,,,,,,,,,,,,,,,,,,,,,,,,,,,,,,,,,I00752395
Q142895,Q130338159,,,,,,,,,,,,,,,,,,,,,,,,,,,,,,,,,,,,,,,,,,,,,I00775018
Q142896,Q110152872,,,,,,,,,,,,,,,,,,,,,,,,,,,,,,,,,,,,,,,,,,,,,I00707741
Q142897,Q116469779,,,,,,,,,,,,,,,,,,,,,,,,,,,,,,,,,,,,,,,,,,,,,I00753624
Q142898,Q110622052,,,,,,,,,,,,,,,,,,,,,,,,,,,,,,,,,,,,,,,,,,,,Turberville-27,I00760925
Q142899,Q110622003,,,,,,,,,,,,,,,,,,,,,,,,,,,,,,,,,,,,,,,,,,,,,I00714690
Q142900,Q110622021,,,,,,,,,,,,,,,,,,,,,,,,,,,,,,,,,,,,,,,,,,,,,I00752275
Q142901,Q110621951,,,,,,,,,,,,,,,,,,,,,,,,,,,,,,,,,,,,,,,,,,,,,I00752622
Q142902,Q99211650,,,,,,,,,,,,,,,,,,,,,,,,,,,,,,,,,,,,,,,,,,,,Batton-10,I00700248
Q142903,Q130340885,,,,,,,,,,,,,,,,,,,,,,,,,,,,,,,,,,,,,,,,,,,,,I00761324
Q142904,Q116469828,,,,,,,,,,,,,,,,,,,,,,,,,,,,,,,,,,,,,,,,,,,,,I00755537
Q142905,Q110560379,,,,,,,,,,,,,,,,,,,,,,,,,,,,,,,,,,,,,,,,,,,,Ap_Gwrgeneu-2,I00714721
Q142906,Q99211457,,,,,,,,,,,,,,,,,,,,,,,,,,,,,,,,,,,,,,,,,,,,Batton-9,I00702667
Q142907,Q110621946,,,,,,,,,,,,,,,,,,,,,,,,,,,,,,,,,,,,,,,,,,,,,I00696312
Q142908,Q110390610,,,,,,,,,,,,,,,,,,,,,,,,,,,,,,,,,,,,,,,,,,,,,I00764744
Q142909,Q116469596,,,,,,,,,,,,,,,,,,,,,,,,,,,,,,,,,,,,,,,,,,,,,I00764867
Q142910,Q116812636,,,,,,,,,,,,,,,,,,,,,,,,,,,,,,,,,,,,,,,,,,,,,I00760502
Q142911,Q116812613,,,,,,,,,,,,,,,,,,,,,,,,,,,,,,,,,,,,,,,,,,,,,I00760495
Q142912,Q112484715,,,,,,,,,,,,,,,,,,,,,,,,,,,,,,,,,,,,,,,,,,,,,I00752640
Q142913,Q131741063,,,,,,,,,,,,,,,,,,,,,,,,,,,,,,,,,,,,,,,,,,,,,I00777316
Q142914,Q110559711,,,,,,,,,,,,,,,,,,,,,,,,,,,,,,,,,,,,,,,,,,,,,I00618334
Q142915,Q131741061,,,,,,,,,,,,,,,,,,,,,,,,,,,,,,,,,,,,,,,,,,,,,I00754585
Q142916,Q116054893,,,,,,,,,,,,,,,,,,,,,,,,,,,,,,,,,,,,,,,,,,,,,I00753709
Q142917,Q116054895,,,,,,,,,,,,,,,,,,,,,,,,,,,,,,,,,,,,,,,,,,,,,I00753710
Q142918,Q110560328,,,,,,,,,,,,,,,,,,,,,,,,,,,,,,,,,,,,,,,,,,,,,I00754082
Q142919,Q116468920,,,,,,,,,,,,,,,,,,,,,,,,,,,,,,,,,,,,,,,,,,,,,I00706891
Q142920,Q116470718,,,,,,,,,,,,,,,,,,,,,,,,,,,,,,,,,,,,,,,,,,,,,I00711426
Q142921,Q130359039,,,,,,,,,,,,,,,,,,,,,,,,,,,,,,,,,,,,,,,,,,,,,I00709982
Q142922,Q99239147,,,,,,,,,,,,,,,,,,,,,,,,,,,,,,,,,,,,,,,,,,,,,I00314032
Q142923,Q130358719,,,,,,,,,,,,,,,,,,,,,,,,,,,,,,,,,,,,,,,,,,,,,I00774903
Q142924,Q116146092,,,,,,,,,,,,,,,,,,,,,,,,,,,,,,,,,,,,,,,,,,,,,I00753003
Q142925,Q99086847,,,,,,,,,,,,,,,,,,,,,,,,,,,,,,,,,,,,,,,,,,,,,I00708680
Q142926,Q131347163,,,,,,,,,,,,,,,,,,,,,,,,,,,,,,,,,,,,,,,,,,,,,I00761253
Q142927,Q99067159,,,,,,,,,,,,,,,,,,,,,,,,,,,,,,,,,,,,,,,,,,,,,I00259661
Q142928,Q75934223,,,,,,,,,,,,,,,,,,,,,,,,,,,,,,,,,,,,,,,,,p41262.htm#i412620,,,,
Q142929,Q75934226,,,,,,,,,,,,,,,,,,,,,,,,,,,,,,,,,,,,,,,,,p41263.htm#i412622,,,,
Q142930,Q75905280,,,,,,,,,,,,,,,,,,,,,,,,,,,,,,,,,,,,,,,,,p39434.htm#i394338,,,Griffith-699,I00314011
Q142931,Q75934227,,,,,,,,,,,,,,,,,,,,,,,,,,,,,,,,,,,,,,,,,p41263.htm#i412623,,,,
Q142932,Q75934230,,,,,,,,,,,,,,,,,,,,,,,,,,,,,,,,,,,,,,,,,p41263.htm#i412625,,,Ferch_Thomas-7,I00433081
Q142933,Q7321859,,,,,,,,K6QG-NV6,,,,,,,,,,,,,,,,,,,,,,,,,,,,,,,,,p39434.htm#i394339|p70949.htm#i709484,Rhys_Ap_Thomas_(1),,Ap_Thomas-9,I00312876
Q142934,Q99066523,,,,,,,,,,,,,,,,,,,,,,,,,,,,,,,,,,,,,,,,,,,,Ap_Thomas-25,I00636983
Q142935,Q116470863,,,,,,,,,,,,,,,,,,,,,,,,,,,,,,,,,,,,,,,,,,,,,I00765013
Q142936,Q130358418,,,,,,,,,,,,,,,,,,,,,,,,,,,,,,,,,,,,,,,,,,,,,I00802853
Q142937,Q131342900,,,,,,,,,,,,,,,,,,,,,,,,,,,,,,,,,,,,,,,,,,,,,I00696302
Q142938,Q131347138,,,,,,,,,,,,,,,,,,,,,,,,,,,,,,,,,,,,,,,,,,,,,I00761259
Q142939,Q133462318,,,,,,,,,,,,,,,,,,,,,,,,,,,,,,,,,,,,,,,,,,,,,I00761303
Q142940,Q99239032,,,,,,,,,,,,,,,,,,,,,,,,,,,,,,,,,,,,,,,,,,,,,I00291772
Q142941,Q110623992,,,,,,,,,,,,,,,,,,,,,,,,,,,,,,,,,,,,,,,,,,,,,I00314008
Q142942,Q112610909,,,,,,,,,,,,,,,,,,,,,,,,,,,,,,,,,,,,,,,,,,,,,I00692210
Q142943,Q75990142,,,,,,,,,,,,,,,,,,,,,,,,,,,,,,,,,,,,,,,,,p45228.htm#i452271,,,,I00586408
Q142944,Q110333018,,,,,,,,,,,,,,,,,,,,,,,,,,,,,,,,,,,,,,,,,,,,,I00568624
Q142945,Q130340190,,,,,,,,,,,,,,,,,,,,,,,,,,,,,,,,,,,,,,,,,,,,,I00756817
Q142946,Q105814306,,,,,,,,,,,,,,,,,,,,,,,,,,,,,,,,,,,,,,,,,,,,Clement-903,I00700794
Q142947,Q117306994,,,,,,,,,,,,,,,,,,,,,,,,,,,,,,,,,,,,,,,,,,,,,I00697208
Q142948,Q99802857,,,,,,,,,,,,,,,,,,,,,,,,,,,,,,,,,,,,,,,,,,,,,I00705499
Q142949,Q75771087,,,,,,,,,,,,,,,,,,,,,,,,,,,,,,,,,,,,,,,,,p32570.htm#i325696,,,Scull-6,I00232086
Q142950,Q105819581,,,,,,,,,,,,,,,,,,,,,,,,,,,,,,,,,,,,,,,,,,,,,I00715070
Q142951,Q116145625,,,,,,,,,,,,,,,,,,,,,,,,,,,,,,,,,,,,,,,,,,,,,I00702930
Q142952,Q97532010,,,,,,,,,,,,,,,,,,,,,,,,,,,,,,,,,,,,,,,,,,,,,I00774569
Q142953,Q116812299,,,,,,,,,,,,,,,,,,,,,,,,,,,,,,,,,,,,,,,,,,,,,I00764782
Q142954,Q110413656,,,,,,,,,,,,,,,,,,,,,,,,,,,,,,,,,,,,,,,,,,,,,I00700835
Q142955,Q75934234,,,,,,,,,,,,,,,,,,,,,,,,,,,,,,,,,,,,,,,,,p41263.htm#i412630,,,Ap_Gwilym-38,I00700873
Q142956,Q112610971,,,,,,,,,,,,,,,,,,,,,,,,,,,,,,,,,,,,,,,,,,,,,I00700866
Q142957,Q130358709,,,,,,,,,,,,,,,,,,,,,,,,,,,,,,,,,,,,,,,,,,,,,I00759260
Q142958,Q130358993,,,,,,,,,,,,,,,,,,,,,,,,,,,,,,,,,,,,,,,,,,,,,I00701132
Q142959,Q133461364,,,,,,,,,,,,,,,,,,,,,,,,,,,,,,,,,,,,,,,,,,,,,I00761434
Q142960,Q112610851,,,,,,,,,,,,,,,,,,,,,,,,,,,,,,,,,,,,,,,,,,,,,I00692205
Q142961,Q130358596,,,,,,,,,,,,,,,,,,,,,,,,,,,,,,,,,,,,,,,,,,,,,I00802861
Q142962,Q130358610,,,,,,,,,,,,,,,,,,,,,,,,,,,,,,,,,,,,,,,,,,,,,I00802850
Q142963,Q130358393,,,,,,,,,,,,,,,,,,,,,,,,,,,,,,,,,,,,,,,,,,,,,I00759258
Q142964,Q112610887,,,,,,,,,,,,,,,,,,,,,,,,,,,,,,,,,,,,,,,,,,,,,I00696673
Q142965,Q112610883,,,,,,,,,,,,,,,,,,,,,,,,,,,,,,,,,,,,,,,,,,,,,I00689647
Q142966,Q130359003,,,,,,,,,,,,,,,,,,,,,,,,,,,,,,,,,,,,,,,,,,,,,I00701135
Q142967,Q116146034,,,,,,,,,,,,,,,,,,,,,,,,,,,,,,,,,,,,,,,,,,,,,I00291736
Q142968,Q116146038,,,,,,,,,,,,,,,,,,,,,,,,,,,,,,,,,,,,,,,,,,,,,I00710076
Q142969,Q110390624,,,,,,,,,,,,,,,,,,,,,,,,,,,,,,,,,,,,,,,,,,,,,I00702945
Q142970,Q116812057,,,,,,,,,,,,,,,,,,,,,,,,,,,,,,,,,,,,,,,,,,,,,I00751666
Q142971,Q116812237,,,,,,,,,,,,,,,,,,,,,,,,,,,,,,,,,,,,,,,,,,,,,I00777395
Q142972,Q130358961,,,,,,,,,,,,,,,,,,,,,,,,,,,,,,,,,,,,,,,,,,,,,I00701126
Q142973,Q116145843,,,,,,,,,,,,,,,,,,,,,,,,,,,,,,,,,,,,,,,,,,,,,I00774697
Q142974,Q130358785,,,,,,,,,,,,,,,,,,,,,,,,,,,,,,,,,,,,,,,,,,,,,I00701151
Q142975,Q130358405,,,,,,,,,,,,,,,,,,,,,,,,,,,,,,,,,,,,,,,,,,,,,I00692416
Q142976,Q131347070,,,,,,,,,,,,,,,,,,,,,,,,,,,,,,,,,,,,,,,,,,,,,I00708372
Q142977,Q112610750,,,,,,,,,,,,,,,,,,,,,,,,,,,,,,,,,,,,,,,,,,,,,I00696637
Q142978,Q130359291,,,,,,,,,,,,,,,,,,,,,,,,,,,,,,,,,,,,,,,,,,,,,I00802226
Q142979,Q110413087,,,,,,,,,,,,,,,,,,,,,,,,,,,,,,,,,,,,,,,,,,,,,I00755202
Q142980,Q110413089,,,,,,,,,,,,,,,,,,,,,,,,,,,,,,,,,,,,,,,,,,,,,I00755203
Q142981,Q110413091,,,,,,,,,,,,,,,,,,,,,,,,,,,,,,,,,,,,,,,,,,,,,I00755204
Q142982,Q110413094,,,,,,,,,,,,,,,,,,,,,,,,,,,,,,,,,,,,,,,,,,,,,I00706516
Q142983,Q110413095,,,,,,,,,,,,,,,,,,,,,,,,,,,,,,,,,,,,,,,,,,,,Russell-702,I00700160
Q142984,Q110412816,,,,,,,,,,,,,,,,,,,,,,,,,,,,,,,,,,,,,,,,,,,,Newton-254,I00691929
Q142985,Q99239134,,,,,,,,,,,,,,,,,,,,,,,,,,,,,,,,,,,,,,,,,,,,,I00710100
Q142986,Q99239135,,,,,,,,,,,,,,,,,,,,,,,,,,,,,,,,,,,,,,,,,,,,,I00706553
Q142987,Q99239129,,,,,,,,,,,,,,,,,,,,,,,,,,,,,,,,,,,,,,,,,,,,,I00700164
Q142988,Q110622426,,,,,,,,,,,,,,,,,,,,,,,,,,,,,,,,,,,,,,,,,,,,,I00696679
Q142989,Q110635912,,,,,,,,,,,,,,,,,,,,,,,,,,,,,,,,,,,,,,,,,,,,,I00710094
Q142990,Q110635910,,,,,,,,,,,,,,,,,,,,,,,,,,,,,,,,,,,,,,,,,,,,,I00700870
Q142991,Q112610847,,,,,,,,,,,,,,,,,,,,,,,,,,,,,,,,,,,,,,,,,,,,,I00696900
Q142992,Q130358613,,,,,,,,,,,,,,,,,,,,,,,,,,,,,,,,,,,,,,,,,,,,,I00789062
Q142993,Q131342920,,,,,,,,,,,,,,,,,,,,,,,,,,,,,,,,,,,,,,,,,,,,,I00708397
Q142994,Q130340862,,,,,,,,,,,,,,,,,,,,,,,,,,,,,,,,,,,,,,,,,,,,,I00777728
Q142995,Q130340879,,,,,,,,,,,,,,,,,,,,,,,,,,,,,,,,,,,,,,,,,,,,,I00701120
Q142996,Q99302514,,,,,,,,,,,,,,,,,,,,,,,,,,,,,,,,,,,,,,,,,,,,,I00708134
Q142997,Q110637000,,,,,,,,,,,,,,,,,,,,,,,,,,,,,,,,,,,,,,,,,,,,,I00705950
Q142998,Q110414063,,,,,,,,,,,,,,,,,,,,,,,,,,,,,,,,,,,,,,,,,,,,,I00708723
Q142999,Q96244028,,,,,,,,,,,,,,,,,,,,,,,,,,,,,,,,,,,,,,,,,,,,,I00699975
Q143000,Q110414057,,,,,,,,,,,,,,,,,,,,,,,,,,,,,,,,,,,,,,,,,,,,,I00701526
Q143001,Q130358745,,,,,,,,,,,,,,,,,,,,,,,,,,,,,,,,,,,,,,,,,,,,,I00708678
Q143002,Q133461301,,,,,,,,,,,,,,,,,,,,,,,,,,,,,,,,,,,,,,,,,,,,,I00709795
Q143003,Q112610900,,,,,,,,,,,,,,,,,,,,,,,,,,,,,,,,,,,,,,,,,,,,,I00696675
Q143004,Q116146780,,,,,,,,,,,,,,,,,,,,,,,,,,,,,,,,,,,,,,,,,,,,,I00709945
Q143005,Q133461101,,,,,,,,,,,,,,,,,,,,,,,,,,,,,,,,,,,,,,,,,,,,,I00757202
Q143006,Q133461267,,,,,,,,,,,,,,,,,,,,,,,,,,,,,,,,,,,,,,,,,,,,,I00759635
Q143007,Q110412988,,,,,,,,,,,,,,,,,,,,,,,,,,,,,,,,,,,,,,,,,,,,,I00700157
Q143008,Q133461612,,,,,,,,,,,,,,,,,,,,,,,,,,,,,,,,,,,,,,,,,,,,,I00803758
Q143009,Q133461639,,,,,,,,,,,,,,,,,,,,,,,,,,,,,,,,,,,,,,,,,,,,,I00709811
Q143010,Q133462350,,,,,,,,,,,,,,,,,,,,,,,,,,,,,,,,,,,,,,,,,,,,,I00761315
Q143011,Q130358603,,,,,,,,,,,,,,,,,,,,,,,,,,,,,,,,,,,,,,,,,,,,,I00775405
Q143012,Q130358917,,,,,,,,,,,,,,,,,,,,,,,,,,,,,,,,,,,,,,,,,,,,,I00710125
Q143013,Q110413669,,,,,,,,,,,,,,,,,,,,,,,,,,,,,,,,,,,,,,,,,,,,,I00708653
Q143014,Q110413711,,,,,,,,,,,,,,,,,,,,,,,,,,,,,,,,,,,,,,,,,,,,,I00762464
Q143015,Q130358533,,,,,,,,,,,,,,,,,,,,,,,,,,,,,,,,,,,,,,,,,,,,,I00790000
Q143016,Q133461605,,,,,,,,,,,,,,,,,,,,,,,,,,,,,,,,,,,,,,,,,,,,,I00803771
Q143017,Q116146772,,,,,,,,,,,,,,,,,,,,,,,,,,,,,,,,,,,,,,,,,,,,,I00709933
Q143018,Q76215137,,,,,,,,,,,,,,,,,,,,,,,,,,,,,,,,,,,,,,,,,p61058.htm#i610577,,,Ap_Llywelyn-15,I00709767
Q143019,Q133462118,,,,,,,,,,,,,,,,,,,,,,,,,,,,,,,,,,,,,,,,,,,,,I00788895
Q143020,Q116469788,,,,,,,,,,,,,,,,,,,,,,,,,,,,,,,,,,,,,,,,,,,,,I00714673
Q143021,Q116469782,,,,,,,,,,,,,,,,,,,,,,,,,,,,,,,,,,,,,,,,,,,,,I00702755
Q143022,Q130359038,,,,,,,,,,,,,,,,,,,,,,,,,,,,,,,,,,,,,,,,,,,,,I00709981
Q143023,Q130358947,,,,,,,,,,,,,,,,,,,,,,,,,,,,,,,,,,,,,,,,,,,,,I00709979
Q143024,Q130358979,,,,,,,,,,,,,,,,,,,,,,,,,,,,,,,,,,,,,,,,,,,,,I00701076
Q143025,Q116478727,,,,,,,,,,,,,,,,,,,,,,,,,,,,,,,,,,,,,,,,,,,,,I00755128
Q143026,Q133461600,,,,,,,,,,,,,,,,,,,,,,,,,,,,,,,,,,,,,,,,,,,,,I00803779
Q143027,Q133461819,,,,,,,,,,,,,,,,,,,,,,,,,,,,,,,,,,,,,,,,,,,,,I00788945
Q143028,Q133462363,,,,,,,,,,,,,,,,,,,,,,,,,,,,,,,,,,,,,,,,,,,,,I00759272
Q143029,Q99302451,,,,,,,,,,,,,,,,,,,,,,,,,,,,,,,,,,,,,,,,,,,,,I00692139
Q143030,Q99069776,,,,,,,,,,,,,,,,,,,,,,,,,,,,,,,,,,,,,,,,,,,,,I00616109
Q143031,Q133461326,,,,,,,,,,,,,,,,,,,,,,,,,,,,,,,,,,,,,,,,,,,,,I00768366
Q143032,Q133462115,,,,,,,,,,,,,,,,,,,,,,,,,,,,,,,,,,,,,,,,,,,,,I00788891
Q143033,Q130358586,,,,,,,,,,,,,,,,,,,,,,,,,,,,,,,,,,,,,,,,,,,,,I00709761
Q143034,Q130358580,,,,,,,,,,,,,,,,,,,,,,,,,,,,,,,,,,,,,,,,,,,,,I00802873
Q143035,Q131138854,,,,,,,,,,,,,,,,,,,,,,,,,,,,,,,,,,,,,,,,,,,,,I00751843
Q143036,Q110413099,,,,,,,,,,,,,,,,,,,,,,,,,,,,,,,,,,,,,,,,,,,,Ap_Rhys-80,I00700161
Q143037,Q133461316,,,,,,,,,,,,,,,,,,,,,,,,,,,,,,,,,,,,,,,,,,,,,I00757247
Q143038,Q133461298,,,,,,,,,,,,,,,,,,,,,,,,,,,,,,,,,,,,,,,,,,,,,I00761432
Q143039,Q133461332,,,,,,,,,,,,,,,,,,,,,,,,,,,,,,,,,,,,,,,,,,,,,I00768371
Q143040,Q130358915,,,,,,,,,,,,,,,,,,,,,,,,,,,,,,,,,,,,,,,,,,,,,I00710124
Q143041,Q130358916,,,,,,,,,,,,,,,,,,,,,,,,,,,,,,,,,,,,,,,,,,,,,I00760469
Q143042,Q133461423,,,,,,,,,,,,,,,,,,,,,,,,,,,,,,,,,,,,,,,,,,,,,I00757367
Q143043,Q110413697,,,,,,,,,,,,,,,,,,,,,,,,,,,,,,,,,,,,,,,,,,,,,I00707128
Q143044,Q110413698,,,,,,,,,,,,,,,,,,,,,,,,,,,,,,,,,,,,,,,,,,,,,I00757344
Q143045,Q110413666,,,,,,,,,,,,,,,,,,,,,,,,,,,,,,,,,,,,,,,,,,,,,I00759408
Q143046,Q105805907,,,,,,,,,,,,,,,,,,,,,,,,,,,,,,,,,,,,,,,,,,,,,I00700843
Q143047,Q116812233,,,,,,,,,,,,,,,,,,,,,,,,,,,,,,,,,,,,,,,,,,,,,I00777401
Q143048,Q130358731,,,,,,,,,,,,,,,,,,,,,,,,,,,,,,,,,,,,,,,,,,,,,I00706831
Q143049,Q130359187,,,,,,,,,,,,,,,,,,,,,,,,,,,,,,,,,,,,,,,,,,,,,I00710060
Q143050,Q99071395,,,,,,,,,,,,,,,,,,,,,,,,,,,,,,,,,,,,,,,,,,,,,I00753935
Q143051,Q76154293,,,,,,,,,,,,,,,,,,,,,,,,,,,,,,,,,,,,,,,,,p56808.htm#i568080,,,Ap_Caradog-23,I00708976
Q143052,Q130342852,,,,,,,,,,,,,,,,,,,,,,,,,,,,,,,,,,,,,,,,,,,,,I00708979
Q143053,Q76154300,,,,,,,,,,,,,,,,,,,,,,,,,,,,,,,,,,,,,,,,,p56809.htm#i568084,,,,I00696724
Q143054,Q76326176,,,,,,,,,,,,,,,,,,,,,,,,,,,,,,,,,,,,,,,,,p69045.htm#i690442,,,,
Q143055,Q76154301,,,,,,,,,,,,,,,,,,,,,,,,,,,,,,,,,,,,,,,,,p56809.htm#i568085,,,Ap_Meredudd-1,I00692244
Q143056,Q130358795,,,,,,,,,,,,,,,,,,,,,,,,,,,,,,,,,,,,,,,,,,,,,I00701153
Q143057,Q110413687,,,,,,,,,,,,,,,,,,,,,,,,,,,,,,,,,,,,,,,,,,,,,I00708436
Q143058,Q112610958,,,,,,,,,,,,,,,,,,,,,,,,,,,,,,,,,,,,,,,,,,,,,I00700862
Q143059,Q112610784,,,,,,,,,,,,,,,,,,,,,,,,,,,,,,,,,,,,,,,,,,,,,I00700809
Q143060,Q128855711,,,,,,,,,,,,,,,,,,,,,,,,,,,,,,,,,,,,,,,,,,,,,I00761283
Q143061,Q128855531,,,,,,,,,,,,,,,,,,,,,,,,,,,,,,,,,,,,,,,,,,,,,I00708777
Q143062,Q75905281,,,,,,,,,,,,,,,,,,,,,,,,,,,,,,,,,,,,,,,,,p39434.htm#i394340,,,Ferch_Henry-1,I00312877
Q143063,Q122260465,,,,,,,,,,,,,,,,,,,,,,,,,,,,,,,,,,,,,,,,,,,,,I00650231
Q143064,Q130358372,,,,,,,,,,,,,,,,,,,,,,,,,,,,,,,,,,,,,,,,,,,,,I00802817
Q143065,Q130358397,,,,,,,,,,,,,,,,,,,,,,,,,,,,,,,,,,,,,,,,,,,,,I00774897
Q143066,Q130358991,,,,,,,,,,,,,,,,,,,,,,,,,,,,,,,,,,,,,,,,,,,,,I00696888
Q143067,Q131347158,,,,,,,,,,,,,,,,,,,,,,,,,,,,,,,,,,,,,,,,,,,,,I00708784
Q143068,Q112490273,,,,,,,,,,,,,,,,,,,,,,,,,,,,,,,,,,,,,,,,,,,,,I00706597
Q143069,Q116114436,,,,,,,,,,,,,,,,,,,,,,,,,,,,,,,,,,,,,,,,,,,,,I00696265
Q143070,Q116146735,,,,,,,,,,,,,,,,,,,,,,,,,,,,,,,,,,,,,,,,,,,,,I00709881
Q143071,Q128855545,,,,,,,,,,,,,,,,,,,,,,,,,,,,,,,,,,,,,,,,,,,,,I00801919
Q143072,Q130358987,,,,,,,,,,,,,,,,,,,,,,,,,,,,,,,,,,,,,,,,,,,,,I00314013
Q143073,Q130359379,,,,,,,,,,,,,,,,,,,,,,,,,,,,,,,,,,,,,,,,,,,,,I00708630
Q143074,Q117277326,,,,,,,,,,,,,,,,,,,,,,,,,,,,,,,,,,,,,,,,,,,,,I00689659
Q143075,Q116178204,,,,,,,,,,,,,,,,,,,,,,,,,,,,,,,,,,,,,,,,,,,,,I00180336
Q143076,Q105819588,,,,,,,,,,,,,,,,,,,,,,,,,,,,,,,,,,,,,,,,,,,,,I00760504
Q143077,Q110560233,,,,,,,,,,,,,,,,,,,,,,,,,,,,,,,,,,,,,,,,,,,,,I00706061
Q143078,Q110560213,,,,,,,,,,,,,,,,,,,,,,,,,,,,,,,,,,,,,,,,,,,,,I00706053
Q143079,Q97532006,,,,,,,,,,,,,,,,,,,,,,,,,,,,,,,,,,,,,,,,,,,,,I00754594
Q143080,Q129168312,,,,,,,,,,,,,,,,,,,,,,,,,,,,,,,,,,,,,,,,,,,,,I00776360
Q143081,Q116178159,,,,,,,,,,,,,,,,,,,,,,,,,,,,,,,,,,,,,,,,,,,,,I00764706
Q143082,Q116178213,,,,,,,,,,,,,,,,,,,,,,,,,,,,,,,,,,,,,,,,,,,,,I00749583
Q143083,Q116812356,,,,,,,,,,,,,,,,,,,,,,,,,,,,,,,,,,,,,,,,,,,,,I00768270
Q143084,Q116812357,,,,,,,,,,,,,,,,,,,,,,,,,,,,,,,,,,,,,,,,,,,,,I00768271
Q143085,Q116812349,,,,,,,,,,,,,,,,,,,,,,,,,,,,,,,,,,,,,,,,,,,,,I00715008
Q143086,Q97532232,,,,,,,,,,,,,,,,,,,,,,,,,,,,,,,,,,,,,,,,,,,,,I00708864
Q143087,Q116054576,,,,,,,,,,,,,,,,,,,,,,,,,,,,,,,,,,,,,,,,,,,,,I00708768
Q143088,Q130359052,,,,,,,,,,,,,,,,,,,,,,,,,,,,,,,,,,,,,,,,,,,,,I00708379
Q143089,Q130358955,,,,,,,,,,,,,,,,,,,,,,,,,,,,,,,,,,,,,,,,,,,,,I00701125
Q143090,Q112964846,,,,,,,,,,,,,,,,,,,,,,,,,,,,,,,,,,,,,,,,,,,,,I00764884
Q143091,Q131741058,,,,,,,,,,,,,,,,,,,,,,,,,,,,,,,,,,,,,,,,,,,,,I00764871
Q143092,Q131741059,,,,,,,,,,,,,,,,,,,,,,,,,,,,,,,,,,,,,,,,,,,,,I00754592
Q143093,Q131741050,,,,,,,,,,,,,,,,,,,,,,,,,,,,,,,,,,,,,,,,,,,,,I00754578
Q143094,Q116812255,,,,,,,,,,,,,,,,,,,,,,,,,,,,,,,,,,,,,,,,,,,,,I00777373
Q143095,Q116812286,,,,,,,,,,,,,,,,,,,,,,,,,,,,,,,,,,,,,,,,,,,,,I00777339
Q143096,Q116812297,,,,,,,,,,,,,,,,,,,,,,,,,,,,,,,,,,,,,,,,,,,,,I00702937
Q143097,Q116470825,,,,,,,,,,,,,,,,,,,,,,,,,,,,,,,,,,,,,,,,,,,,,I00776243
Q143098,Q110662968,,,,,,,,,,,,,,,,,,,,,,,,,,,,,,,,,,,,,,,,,,,,,I00752603
Q143099,Q76204607,,,,,,,,,,,,,,,,,,,,,,,,,,,,,,,,,,,,,,,,,p60229.htm#i602284,,,,I00804974
Q143100,Q99302486,,,,,,,,,,,,,,,,,,,,,,,,,,,,,,,,,,,,,,,,,,,,,I00706347
Q143101,Q116054897,,,,,,,,,,,,,,,,,,,,,,,,,,,,,,,,,,,,,,,,,,,,,I00757455
Q143102,Q116116167,,,,,,,,,,,,,,,,,,,,,,,,,,,,,,,,,,,,,,,,,,,,,I00706223
Q143103,Q110635447,,,,,,,,,,,,,,,,,,,,,,,,,,,,,,,,,,,,,,,,,,,,,I00753017
Q143104,Q130340326,,,,,,,,,,,,,,,,,,,,,,,,,,,,,,,,,,,,,,,,,,,,,I00760881
Q143105,Q110152926,,,,,,,,,,,,,,,,,,,,,,,,,,,,,,,,,,,,,,,,,,,,Ap_Neiniad-6,I00705927
Q143106,Q106703121,,,,,,,,,,,,,,,,,,,,,,,,,,,,,,,,,,,,,,,,,,,,,I00753769
Q143107,Q106703097,,,,,,,,,,,,,,,,,,,,,,,,,,,,,,,,,,,,,,,,,,,,,I00753763
Q143108,Q99302518,,,,,,,,,,,,,,,,,,,,,,,,,,,,,,,,,,,,,,,,,,,,,I00708525
Q143109,Q106703091,,,,,,,,,,,,,,,,,,,,,,,,,,,,,,,,,,,,,,,,,,,,Ap_Rhirid-12,I00708092
Q143110,Q110585401,,,,,,,,,,,,,,,,,,,,,,,,,,,,,,,,,,,,,,,,,,,,,I00707903
Q143111,Q110635476,,,,,,,,,,,,,,,,,,,,,,,,,,,,,,,,,,,,,,,,,,,,,I00750935
Q143112,Q116812459,,,,,,,,,,,,,,,,,,,,,,,,,,,,,,,,,,,,,,,,,,,,,I00760803
Q143113,Q99072595,,,,,,,,,,,,,,,,,,,,,,,,,,,,,,,,,,,,,,,,,,,,,I00706207
Q143114,Q110636459,,,,,,,,,,,,,,,,,,,,,,,,,,,,,,,,,,,,,,,,,,,,,I00751804
Q143115,Q99071990,,,,,,,,,,,,,,,,,,,,,,,,,,,,,,,,,,,,,,,,,,,,,I00713793
Q143116,Q75961215,,,,,,,,,,,,,,,,,,,,,,,,,,,,,,,,,,,,,,,,,p43221.htm#i432202,,,,
Q143117,Q76046808,,,,,,,,,,,,,,,,,,,,,,,,,,,,,,,,,,,,,,,,,p49260.htm#i492594,,,,
Q143118,Q75961216,,,,,,,,,,,,,,,,,,,,,,,,,,,,,,,,,,,,,,,,,p43221.htm#i432203,,,,I00706131
Q143119,Q110290198,,,,,,,,,,,,,,,,,,,,,,,,,,,,,,,,,,,,,,,,,,,,,I00706038
Q143120,Q130341455,,,,,,,,,,,,,,,,,,,,,,,,,,,,,,,,,,,,,,,,,,,,,I00774928
Q143121,Q110635454,,,,,,,,,,,,,,,,,,,,,,,,,,,,,,,,,,,,,,,,,,,,,I00759875
Q143122,Q110412951,,,,,,,,,,,,,,,,,,,,,,,,,,,,,,,,,,,,,,,,,,,,,I00750167
Q143123,Q110636310,,,,,,,,,,,,,,,,,,,,,,,,,,,,,,,,,,,,,,,,,,,,,I00756324
Q143124,Q116147713,,,,,,,,,,,,,,,,,,,,,,,,,,,,,,,,,,,,,,,,,,,,,I00750252
Q143125,Q116156530,,,,,,,,,,,,,,,,,,,,,,,,,,,,,,,,,,,,,,,,,,,,,I00663859
Q143126,Q99075880,,,,,,,,,,,,,,,,,,,,,,,,,,,,,,,,,,,,,,,,,,,,,I00754159
Q143127,Q110636297,,,,,,,,,,,,,,,,,,,,,,,,,,,,,,,,,,,,,,,,,,,,,I00713464
Q143128,Q116147486,,,,,,,,,,,,,,,,,,,,,,,,,,,,,,,,,,,,,,,,,,,,,I00713717
Q143129,Q116155797,,,,,,,,,,,,,,,,,,,,,,,,,,,,,,,,,,,,,,,,,,,,,I00749827
Q143130,Q110662756,,,,,,,,,,,,,,,,,,,,,,,,,,,,,,,,,,,,,,,,,,,,,I00751505
Q143131,Q130339004,,,,,,,,,,,,,,,,,,,,,,,,,,,,,,,,,,,,,,,,,,,,,I00758314
Q143132,Q110582439,,,,,,,,,,,,,,,,,,,,,,,,,,,,,,,,,,,,,,,,,,,,,I00707127
Q143133,Q110582440,,,,,,,,,,,,,,,,,,,,,,,,,,,,,,,,,,,,,,,,,,,,,I00681360
Q143134,Q116116524,,,,,,,,,,,,,,,,,,,,,,,,,,,,,,,,,,,,,,,,,,,,,I00755801
Q143135,Q110067812,,,,,,,,,,,,,,,,,,,,,,,,,,,,,,,,,,,,,,,,,,,,,I00706315
Q143136,Q110413447,,,,,,,,,,,,,,,,,,,,,,,,,,,,,,,,,,,,,,,,,,,,,I00711544
Q143137,Q130339175,,,,,,,,,,,,,,,,,,,,,,,,,,,,,,,,,,,,,,,,,,,,,I00760198
Q143138,Q130339172,,,,,,,,,,,,,,,,,,,,,,,,,,,,,,,,,,,,,,,,,,,,,I00714449
Q143139,Q116477794,,,,,,,,,,,,,,,,,,,,,,,,,,,,,,,,,,,,,,,,,,,,,I00775803
Q143140,Q110582652,,,,,,,,,,,,,,,,,,,,,,,,,,,,,,,,,,,,,,,,,,,,,I00750365
Q143141,Q99072516,,,,,,,,,,,,,,,,,,,,,,,,,,,,,,,,,,,,,,,,,,,,,I00708253
Q143142,Q99072659,,,,,,,,,,,,,,,,,,,,,,,,,,,,,,,,,,,,,,,,,,,,,I00753711
Q143143,Q116054986,,,,,,,,,,,,,,,,,,,,,,,,,,,,,,,,,,,,,,,,,,,,,I00709966
Q143144,Q116147076,,,,,,,,,,,,,,,,,,,,,,,,,,,,,,,,,,,,,,,,,,,,,I00760613
Q143145,Q116055516,,,,,,,,,,,,,,,,,,,,,,,,,,,,,,,,,,,,,,,,,,,,,I00751104
Q143146,Q116109182,,,,,,,,,,,,,,,,,,,,,,,,,,,,,,,,,,,,,,,,,,,,,I00760164
Q143147,Q116146863,,,,,,,,,,,,,,,,,,,,,,,,,,,,,,,,,,,,,,,,,,,,,I00709893
Q143148,Q130338935,,,,,,,,,,,,,,,,,,,,,,,,,,,,,,,,,,,,,,,,,,,,,I00252403
Q143149,Q130339169,,,,,,,,,,,,,,,,,,,,,,,,,,,,,,,,,,,,,,,,,,,,,I00714452
Q143150,Q110585552,,,,,,,,,,,,,,,,,,,,,,,,,,,,,,,,,,,,,,,,,,,,,I00759125
Q143151,Q110585553,,,,,,,,,,,,,,,,,,,,,,,,,,,,,,,,,,,,,,,,,,,,,I00714434
Q143152,Q99082401,,,,,,,,,,,,,,,,,,,,,,,,,,,,,,,,,,,,,,,,,,,,,I00589163
Q143153,Q130340323,,,,,,,,,,,,,,,,,,,,,,,,,,,,,,,,,,,,,,,,,,,,,I00762397
Q143154,Q99302421,,,,,,,,,,,,,,,,,,,,,,,,,,,,,,,,,,,,,,,,,,,,,I00750579
Q143155,Q116055011,,,,,,,,,,,,,,,,,,,,,,,,,,,,,,,,,,,,,,,,,,,,,I00750983
Q143156,Q76273190,,,,,,,,,,,,,,,,,,,,,,,,,,,,,,,,,,,,,,,,,p65424.htm#i654238,Yr_Ab_Owain_(1),,Ab_Owain-21,I00755854
Q143157,Q116054572,,,,,,,,,,,,,,,,,,,,,,,,,,,,,,,,,,,,,,,,,,,,,I00713566
Q143158,Q116055460,,,,,,,,,,,,,,,,,,,,,,,,,,,,,,,,,,,,,,,,,,,,,I00760596
Q143159,Q116110773,,,,,,,,,,,,,,,,,,,,,,,,,,,,,,,,,,,,,,,,,,,,,I00754405
Q143160,Q116147362,,,,,,,,,,,,,,,,,,,,,,,,,,,,,,,,,,,,,,,,,,,,,I00751108
Q143161,Q130338956,,,,,,,,,,,,,,,,,,,,,,,,,,,,,,,,,,,,,,,,,,,,,I00400714
Q143162,Q116147376,,,,,,,,,,,,,,,,,,,,,,,,,,,,,,,,,,,,,,,,,,,,,I00714444
Q143163,Q99082395,,,,,,,,,,,,,,,,,,,,,,,,,,,,,,,,,,,,,,,,,,,,,I00705731
Q143164,Q130338983,,,,,,,,,,,,,,,,,,,,,,,,,,,,,,,,,,,,,,,,,,,,,I00714394
Q143165,Q76273205,,,,,,,,,,,,,,,,,,,,,,,,,,,,,,,,,,,,,,,,,p65425.htm#i654249,,,Ferch_Gruffudd-20,I00755855
Q143166,Q110582608,,,,,,,,,,,,,,,,,,,,,,,,,,,,,,,,,,,,,,,,,,,,,I00755187
Q143167,Q110662977,,,,,,,,,,,,,,,,,,,,,,,,,,,,,,,,,,,,,,,,,,,,,I00756971
Q143168,Q110635449,,,,,,,,,,,,,,,,,,,,,,,,,,,,,,,,,,,,,,,,,,,,,I00754177
Q143169,Q116109149,,,,,,,,,,,,,,,,,,,,,,,,,,,,,,,,,,,,,,,,,,,,,I00714467
Q143170,Q130339159,,,,,,,,,,,,,,,,,,,,,,,,,,,,,,,,,,,,,,,,,,,,,I00758226
Q143171,Q111455003,,,,,,,,,,,,,,,,,,,,,,,,,,,,,,,,,,,,,,,,,,,,,I00714547
Q143172,Q116156553,,,,,,,,,,,,,,,,,,,,,,,,,,,,,,,,,,,,,,,,,,,,,I00775907
Q143173,Q110582425,,,,,,,,,,,,,,,,,,,,,,,,,,,,,,,,,,,,,,,,,,,,,I00749913
Q143174,Q111455221,,,,,,,,,,,,,,,,,,,,,,,,,,,,,,,,,,,,,,,,,,,,,I00755662
Q143175,Q117306089,,,,,,,,,,,,,,,,,,,,,,,,,,,,,,,,,,,,,,,,,,,,,I00762416
Q143176,Q76281181,,,,,,,,,,,,,,,,,,,,,,,,,,,,,,,,,,,,,,,,,p65966.htm#i659658,,,Ap_Merwydd-2,I00749622
Q143177,Q110636513,,,,,,,,,,,,,,,,,,,,,,,,,,,,,,,,,,,,,,,,,,,,,I00753905
Q143178,Q108180071,,,,,,,,,,,,,,,,,,,,,,,,,,,,,,,,,,,,,,,,,,,,,I00741090
Q143179,Q108180020,,,,,,,,,,,,,,,,,,,,,,,,,,,,,,,,,,,,,,,,,,,,,I00741081
Q143180,Q116812504,,,,,,,,,,,,,,,,,,,,,,,,,,,,,,,,,,,,,,,,,,,,,I00760229
Q143181,Q116054970,,,,,,,,,,,,,,,,,,,,,,,,,,,,,,,,,,,,,,,,,,,,,I00754089
Q143182,Q116054981,,,,,,,,,,,,,,,,,,,,,,,,,,,,,,,,,,,,,,,,,,,,,I00760154
Q143183,Q116113072,,,,,,,,,,,,,,,,,,,,,,,,,,,,,,,,,,,,,,,,,,,,Ap_Ednyfed-8,I00758138
Q143184,Q130358504,,,,,,,,,,,,,,,,,,,,,,,,,,,,,,,,,,,,,,,,,,,,,I00759338
Q143185,Q131138793,,,,,,,,,,,,,,,,,,,,,,,,,,,,,,,,,,,,,,,,,,,,,I00793466
Q143186,Q116055484,,,,,,,,,,,,,,,,,,,,,,,,,,,,,,,,,,,,,,,,,,,,,I00762194
Q143187,Q116055491,,,,,,,,,,,,,,,,,,,,,,,,,,,,,,,,,,,,,,,,,,,,,I00709909
Q143188,Q110622478,,,,,,,,,,,,,,,,,,,,,,,,,,,,,,,,,,,,,,,,,,,,,I00753776
Q143189,Q116470774,,,,,,,,,,,,,,,,,,,,,,,,,,,,,,,,,,,,,,,,,,,,,I00760763
Q143190,Q133462395,,,,,,,,,,,,,,,,,,,,,,,,,,,,,,,,,,,,,,,,,,,,,I00759334
Q143191,Q116055487,,,,,,,,,,,,,,,,,,,,,,,,,,,,,,,,,,,,,,,,,,,,,I00762190
Q143192,Q130341575,,,,,,,,,,,,,,,,,,,,,,,,,,,,,,,,,,,,,,,,,,,,,I00745061
Q143193,Q116147285,,,,,,,,,,,,,,,,,,,,,,,,,,,,,,,,,,,,,,,,,,,,,I00761003
Q143194,Q112532260,,,,,,,,,,,,,,,,,,,,,,,,,,,,,,,,,,,,,,,,,,,,,I00642871
Q143195,Q110663126,,,,,,,,,,,,,,,,,,,,,,,,,,,,,,,,,,,,,,,,,,,,,I00754539
Q143196,Q110662586,,,,,,,,,,,,,,,,,,,,,,,,,,,,,,,,,,,,,,,,,,,,,I00707865
Q143197,Q110290579,,,,,,,,,,,,,,,,,,,,,,,,,,,,,,,,,,,,,,,,,,,,,I00749836
Q143198,Q110290131,,,,,,,,,,,,,,,,,,,,,,,,,,,,,,,,,,,,,,,,,,,,,I00749846
Q143199,Q110441742,,,,,,,,,,,,,,,,,,,,,,,,,,,,,,,,,,,,,,,,,,,,,I00755081
Q143200,Q110290688,,,,,,,,,,,,,,,,,,,,,,,,,,,,,,,,,,,,,,,,,,,,,I00753269
Q143201,Q110441705,,,,,,,,,,,,,,,,,,,,,,,,,,,,,,,,,,,,,,,,,,,,,I00754607
Q143202,Q106703098,,,,,,,,,,,,,,,,,,,,,,,,,,,,,,,,,,,,,,,,,,,,,I00753764
Q143203,Q110636516,,,,,,,,,,,,,,,,,,,,,,,,,,,,,,,,,,,,,,,,,,,,,I00749804
Q143204,Q111454990,,,,,,,,,,,,,,,,,,,,,,,,,,,,,,,,,,,,,,,,,,,,,I00714542
Q143205,Q116054448,,,,,,,,,,,,,,,,,,,,,,,,,,,,,,,,,,,,,,,,,,,,,I00706570
Q143206,Q116055700,,,,,,,,,,,,,,,,,,,,,,,,,,,,,,,,,,,,,,,,,,,,,I00705951
Q143207,Q116111578,,,,,,,,,,,,,,,,,,,,,,,,,,,,,,,,,,,,,,,,,,,,,I00754259
Q143208,Q116111579,,,,,,,,,,,,,,,,,,,,,,,,,,,,,,,,,,,,,,,,,,,,,I00754419
Q143209,Q116110765,,,,,,,,,,,,,,,,,,,,,,,,,,,,,,,,,,,,,,,,,,,,,I00754407
Q143210,Q133462219,,,,,,,,,,,,,,,,,,,,,,,,,,,,,,,,,,,,,,,,,,,,,I00760219
Q143211,Q116147995,,,,,,,,,,,,,,,,,,,,,,,,,,,,,,,,,,,,,,,,,,,,,I00758662
Q143212,Q110636704,,,,,,,,,,,,,,,,,,,,,,,,,,,,,,,,,,,,,,,,,,,,,I00754096
Q143213,Q116147114,,,,,,,,,,,,,,,,,,,,,,,,,,,,,,,,,,,,,,,,,,,,,I00755163
Q143214,Q116147115,,,,,,,,,,,,,,,,,,,,,,,,,,,,,,,,,,,,,,,,,,,,,I00755161
Q143215,Q116147061,,,,,,,,,,,,,,,,,,,,,,,,,,,,,,,,,,,,,,,,,,,,,I00774894
Q143216,Q116147056,,,,,,,,,,,,,,,,,,,,,,,,,,,,,,,,,,,,,,,,,,,,,I00751363
Q143217,Q110585597,,,,,,,,,,,,,,,,,,,,,,,,,,,,,,,,,,,,,,,,,,,,,I00760824
Q143218,Q116478868,,,,,,,,,,,,,,,,,,,,,,,,,,,,,,,,,,,,,,,,,,,,,I00751310
Q143219,Q110585604,,,,,,,,,,,,,,,,,,,,,,,,,,,,,,,,,,,,,,,,,,,,,I00751367
Q143220,Q131138836,,,,,,,,,,,,,,,,,,,,,,,,,,,,,,,,,,,,,,,,,,,,,I00775419
Q143221,Q130358668,,,,,,,,,,,,,,,,,,,,,,,,,,,,,,,,,,,,,,,,,,,,,I00761417
Q143222,Q110585416,,,,,,,,,,,,,,,,,,,,,,,,,,,,,,,,,,,,,,,,,,,,,I00713641
Q143223,Q110585398,,,,,,,,,,,,,,,,,,,,,,,,,,,,,,,,,,,,,,,,,,,,,I00708146
Q143224,Q116147577,,,,,,,,,,,,,,,,,,,,,,,,,,,,,,,,,,,,,,,,,,,,,I00764443
Q143225,Q110582398,,,,,,,,,,,,,,,,,,,,,,,,,,,,,,,,,,,,,,,,,,,,,I00758059
Q143226,Q110582401,,,,,,,,,,,,,,,,,,,,,,,,,,,,,,,,,,,,,,,,,,,,,I00758060
Q143227,Q110290401,,,,,,,,,,,,,,,,,,,,,,,,,,,,,,,,,,,,,,,,,,,,,I00713801
Q143228,Q110067839,,,,,,,,,,,,,,,,,,,,,,,,,,,,,,,,,,,,,,,,,,,,,I00708189
Q143229,Q110585407,,,,,,,,,,,,,,,,,,,,,,,,,,,,,,,,,,,,,,,,,,,,,I00708220
Q143230,Q116054443,,,,,,,,,,,,,,,,,,,,,,,,,,,,,,,,,,,,,,,,,,,,,I00750834
Q143231,Q116147191,,,,,,,,,,,,,,,,,,,,,,,,,,,,,,,,,,,,,,,,,,,,,I00702415
Q143232,Q96311956,,,,,,,,,,,,,,,,,,,,,,,,,,,137727,,,,,,,,,,,,,,,,,,I00387960
Q143233,Q110290403,,,,,,,,,,,,,,,,,,,,,,,,,,,,,,,,,,,,,,,,,,,,,I00713794
Q143234,Q116054566,,,,,,,,,,,,,,,,,,,,,,,,,,,,,,,,,,,,,,,,,,,,,I00752937
Q143235,Q116148068,,,,,,,,,,,,,,,,,,,,,,,,,,,,,,,,,,,,,,,,,,,,,I00713726
Q143236,Q116147955,,,,,,,,,,,,,,,,,,,,,,,,,,,,,,,,,,,,,,,,,,,,,I00709828
Q143237,Q99072207,,,,,,,,,,,,,,,,,,,,,,,,,,,,,,,,,,,,,,,,,,,,,I00706001
Q143238,Q110585432,,,,,,,,,,,,,,,,,,,,,,,,,,,,,,,,,,,,,,,,,,,,,I00706013
Q143239,Q110585576,,,,,,,,,,,,,,,,,,,,,,,,,,,,,,,,,,,,,,,,,,,,,I00705973
Q143240,Q110636771,,,,,,,,,,,,,,,,,,,,,,,,,,,,,,,,,,,,,,,,,,,,,I00711762
Q143241,Q110635736,,,,,,,,,,,,,,,,,,,,,,,,,,,,,,,,,,,,,,,,,,,,,I00711862
Q143242,Q116148019,,,,,,,,,,,,,,,,,,,,,,,,,,,,,,,,,,,,,,,,,,,,,I00713665
Q143243,Q110067777,,,,,,,,,,,,,,,,,,,,,,,,,,,,,,,,,,,,,,,,,,,,,I00702398
Q143244,Q116478236,,,,,,,,,,,,,,,,,,,,,,,,,,,,,,,,,,,,,,,,,,,,,I00774548
Q143245,Q75901603,,,,,,,,,,,,,,,,,,,,,,,,,,,141801,,,,,,,,,,,,,,p39200.htm#i392000,Colede_d'Argouges_(1),,Argouges-1,I00028875
Q143246,Q3120265,,,,,,,,,,,,,,,,,,,,,,,,,,,530855,,p=guillaume;n=d harcourt,,,,,,,,,,,,p39183.htm#i391824,William_Harcourt_(1),,Harcourt-121,I00028877
Q143247,Q2086520,,,,,,,,,,,,,,,,,,,,,,,,,,,,,p=philippe;n=d harcourt;oc=4,,,,,,,,,,,,,Philipe_d'Harcourt_(1),,Harcourt-467,I00028876
Q143248,Q23050844,,,,,,,,,,,,,,,,,,,,,,,,,,,,,p=richard;n=d harcourt;oc=4,,,,,,,,,,,,,Richard_Harcourt_(2),,Harcourt-132,
Q143249,Q18954275,,,,,,,,,,,,,,,,,,,,,,,,,,,530853,,p=yves;n=d harcourt,,,,,,,,,,,,p59996.htm#i599959,Ivo_Harcourt_(1),,Harcourt-98,I00028887
Q143250,Q111272293,,,,,,,,,,,,,,,,,,,,,,,,,,,,,p=emma;n=d estouteville,,,,,,,,,,,,,,,Estouteville-6,I00028880|I00601722
Q143251,Q1866150,,,,,,,,,,,,,,,,,,,,,,,,,,,,,,,,,,,,,,,,,,Luitfreid_Winterthur_(1),,Udalrichinger-5,I00280725
Q143252,Q315693,,,,,,,,,,,,,,,,,,,,,,,,,,,,,,,,,,,,,,,,,,,,,
Q143253,Q121334089,,,,,,,,,,,,,,,,,,,,,,,,,,,,,,,,,,,,,,,,,,,,,
Q143254,Q19285564,,,,,,,,,,,,,,,,,,,,,,,,,,,770903,,,,,,,,,,,,,,,Hidda_von_Ostfalen_(1),,UNKNOWN-83631|Von_Merseburg-2,I00572309
Q143255,Q2569777,,,,,,,,,,,,,,,,,,,,,,,,,,,,,,,,,,,,,,,,,,,,,
Q143257,Q2473482,,,,,,,,,,,,,,,,,,,,,,,,,,,1028661,,,,,,,,,,,,,,,,,,
Q143258,Q24971221,,,,,,,,,,,,,,,,,,,,,,,,,,,,,p=heinrich;n=von walbeck,,,,,,,,,,,,,,,,
Q143259,Q18279441,,,,,,,,,,,,,,,,,,,,,,,,,,,1093245,,p=friedrich;n=von walbeck,,,,,,,,,,,,,,,Walbeck-14,
Q143260,Q275425,,,,,,,,,,,,,,,,,,,,,,,,,,,1370157,,p=thietmar;n=von walbeck,,,dw.8727,,,,,,,,,,,,,
Q143261,Q1689660,,,,,,,,,,,,,,,,,,,,,,,,,,,,,p=siegfried;n=von walbeck;oc=1,,,,,,,,,,,,,,,,
Q143262,Q992498,,,,,,,,,,,,,,,,,,,,,,,,,,,,,p=bruno;n=von walbeck,,,,,,,,,,,,,,,,
Q143263,Q461877,,,,,,,,,,,,,,,,,,,,,,,,,,,,,,,,,,,,,,,,,,,,Bishop_of_Verden-1,
Q143264,Q2567498,,,,,,,,,,,,,,,,,,,,,,,,person/adb2e02b-c0e3-4a66-8bc8-c110f1c4834f,,,,,,,,,,,,,,,,,,,,Padergau-2,
Q143265,Q19949696,,,,,,,,,,,,,,,,,,,,,,,,,,,,,,,,,,,,,,,,,,Baard_Brynjolfson_(2),,Brynjolfsson-10,
Q143266,Q130681499,,,,,,,,,,,,,,,,,,,,,,,,,,,,,,,,,,,,,,,,,,,,,
Q143268,Q10535546,,,,,,,,,,,,,,,,,,,,,,,,,,,,,p=ingevald;n=folkesson,,,,,,,,,,,,,,,Folkesson-14,
Q143269,Q75931862,,,,,,,,,,,,,,,,,,,,,,,,,,,,,p=sigrid;n=lakman;oc=1575,,,,,,,,,,,,p41103.htm#i411021,,,,
Q143270,Q971142,,,,,,,,,,,,,,,,,,,,,,,,,,,572565,,p=magnus;n=folkungaatten;oc=3,,,,,,,,,,,,p41059.htm#i410581,Magnus_Måneskiöld_(1),,Bengtsson-804,I00079664
Q143271,Q3739601,,,,,,12363,,,,,,,,,,,,,,,,,,person/5E23FED9-78CE-435E-807E-E207FBE3B6BC,,,,,p=karl;n=ulv;oc=1,,,,,,,,,,,,,Charles_the_Deaf_(1),,Bengtsson-803,I00280481
Q143272,Q11959415,,,,,,,,,,,,,,,,,,,,,,,,,,,,,,,,,,,,,,,,,,,,,I00303365
Q143273,Q313548,,,,,,,,,,11331646,,,,,,,,,,,,,,,,,1435915,,,,,,,,,,,,,,,,,,
Q143274,Q725253,,,,,,,,,,,,,,,,,,,,,,,,,,,1435877,,,,,,,,,,,,,,,,,Snare-1,I00303364
Q143275,Q108718132,,,,,,,,,,,,,,,,,,,,,,,,,,,,,,,,,,,,,,,,,,,,,
Q143278,Q25176142,,,,,,,,,,,,,,,,,,,,,,,,,,,,,,,,,,,,,,,,,,Christophe_Valdermarsen_(1),,Valdemarsen-3,I00434060
Q143279,Q6190417,,,,,,,,,,,,,,,,,,,,,,,,,,,,,p=stig;n=hvide,,,dw.7092,,,,,,,,,p11305.htm#i113047,Stig_Whiteskin_(1),,Tokesen-5,I00274991
Q143280,Q952175,,,,,,11770,,,,,,,,,,,,,,,,,,,,,797338,,p=kristina;n=hvide,,,dw.758,,,,,,,,,p11286.htm#i112853,Christine_Stigsdatter_of_Hvide_(1),,Stigsdatter-1,I00274990
Q143281,Q6162664,,,,,,,,,,,,,,,,,,,,,,,,,,,,,,,,dw.6508,,,,,,,,,,,,,I00425695
Q143282,Q75385252,,,,,,,,,,,,,,,,,,,,,,,,,,,,,,,,dw.698,,,,,,,,,p10546.htm#i105452,,,,
Q143283,Q101247288,,,,,,,,,,,,,,,,,,,,,,,,,,,,,,,,,,,,,,,,,,,,,I00500655
Q143284,Q365072,,,,,,34967,,,,15927635,,,,,,,,,,,,,,person/82CBE4C1-6131-4FA6-83E9-AC215C850C03,,,572603,,p=sverker;n=sverkeratten;oc=2,,,dw.759,,,,,,,,,p11307.htm#i113061,Sverker_II_of_Sweden_(1),,Carlsson-482,I00274985
Q143285,Q4959926,,,,,,,,,,,,,,,,,,,,,,,,,,,797341,,p=kristina;n=sverkeratten,,,,,,,,,,,,,Christina_of_Sweden_(1),,Unknown-321561,I00699477|I00023785
Q143290,Q660913,,,,,,,,,,,,,,,,,,,,,,,,,,,,,,,,,,,,,,,,,,,,,
Q143291,Q536326,,,,,,,,,,,,,,,,,,,,,,,,,,,47155,,p=ramon berenguer;n=de barcelona;oc=1,,,sg.149307,,,,,,,,,p15276.htm#i152758,"Ramon_Berenguer_I,_Count_of_Barcelona_(1)",,Barcelona-78,I00029089
Q143292,Q587697,,,,,,,,LZ1V-VL6,,11797223,,,,,,,,,,,,,,,,,12860,,p=afonso henriques;n=de portugal,,,sw.980542,,,,,,,,,p11341.htm#i113407,Afonso_I_of_Portugal_(1),,Portugal-79,I00020556
Q143304,Q98697826,,,,,,,,,,,,,,,,,,,,,,,,,,,,,,,,,,,,,,,,,,,,,I00509241
Q143305,Q98697818,,,,,,,,,,,,,,,,,,,,,,,,,,,,,,,,,,,,,,,,,,,,,I00513942
Q143306,Q75532108,,,,,,,,,,,,,,,,,,,,,,,,,,,,,,,,,,,,,,,,,p19828.htm#i198277,,,,I00381841
Q143307,Q3056695,,,,,,,,,,,,,,,,,,,,,,,,,,,,,,,,,,,,,,,,,p19828.htm#i198280,,,,
Q143308,Q3008316,,,,,,,,LHRM-ST7,,,,,,,,,,,,,,,,,,,48917,,p=olav;n=haraldsson,,,,,,,,,,,,p19829.htm#i198282,Olaf_I_Godredsson_(1),,Guðrøðarson-1,I00056792
Q143309,Q61314346,,,,,,,,L8YY-CVK,,124789000,,,,,,,,,,,,,,,,,48986,,p=ragnhilda;n=av man,,,,,,,,,,,,p14698.htm#i146971,Ragnhild Olafsdatter (2),,Olafsdatter-5,I00056788
Q143310,Q532643,,,,,,,,,,,,,,,,,,,,,,,,,,,48981,,p=harald maddadson;n=of atholl,,,,,,,,,,,,p10770.htm#i107695,Harald_Maddadsson_(1),,Maddadson-1,I00381843
Q143311,Q76024404,,,,,,,,,,,,,,,,,,,,,,,,,,,,,,,,,,,,,,,,,p47575.htm#i475750,,,,
Q143316,Q7966501,,,,,,,,,,,,,,,,,,,,,,,,,,,314319,,p=walter;n=clifford;oc=2,,,,,,,,,,,,p10486.htm#i104860,Walter_De_Clifford_(3),,FitzRichard-94,I00028364
Q143317,Q7965206,,,,,,,,,,,,,,,,,,,,,,,,,,,310511,,,,,,,,,,,,,,p15845.htm#i158441,Walter_II_de_Clifford_(1),,Clifford-208,I00028366
Q143319,Q75620295,,,,,,,,,,,,,,,,,,,,,,,,,,,,,,,,,,,,,,,,,p25024.htm#i250233,,,,
Q143320,Q75620296,,,,,,,,,,,,,,,,,,,,,,,,,,,,,,,,,,,,,,,,,p25024.htm#i250234,,,,
Q143321,Q75620297,,,,,,,,,,,,,,,,,,,,,,,,,,,,,,,,,,,,,,,,,p25024.htm#i250235,,,,
Q143322,Q113633092,,,,,,,,,,,,,,,,,,,,,,,,,,,,,,,,,,,,,,,,,,,,Clifford-202,I00398070
Q143323,Q76174342,,,,,,,,,,,,,,,,,,,,,,,,,,,,,,,,,,,,,,,,,p58177.htm#i581764,,,Unknown-134530,
Q143324,Q76174343,,,,,,,,,,,,,,,,,,,,,,,,,,,,,p=robert;n=stafford;oc=2,,,,,,,,,,,,p58177.htm#i581765,,,Stafford-961,
Q143325,Q61896222,,,,,,,,,,,,,,,,,,,,,,,,,,,,,p=milicent;n=stafford,,,,,,,,,,,,p58177.htm#i581767,,,Stafford-478,
Q143326,Q1973101,,,,,,,,,,,,,,,,,,I5114,,,,,,,,,1125070,,p=ralph;n=of hereford,,,,,,,,,,,,,Ralph_the_Staller_(1),,,I00550348
Q143327,Q103565768,,,,,,,,,,,,,,,,,,,,,,,,,,,260769,,p=havoise;n=de hede,,,,,,,,,,,,,,,,I00471119
Q143328,Q111452988,,,,,,,,,,,,,,,,,,,,,,,,,,,,,,,,,,,,,,,,,,,,,I00426937
Q143329,Q111452971,,,,,,,,,,,,,,,,,,,,,,,,,,,,,p=ascelin;n=d ivry,,,,,,,,,,,,,,,Ivry-16,I00426941
Q143330,Q111452962,,,,,,,,,,,,,,,,,,,,,,,,,,,,,,,,,,,,,,,,,,,,,I00748388
Q143331,Q75591909,,,,,,,,,,,,,,,,,,,,,,,,,,,,,,,,,,,,,,,,,p23116.htm#i231157,,,Limesi-5,I00116885
Q143332,Q113216418,,,,,,,,,,,,,,,,,,,,,,,,,,,998901,,p=rotrude;n=de chateau du loir,,,,,,,,,,,,,,,,I00637382
Q143333,Q61963084,,,,,,,,,,,,,,,,,,,,,,,,,,,,,,,,,,,,,,,,,p46843.htm#i468421,,,Unknown-349837,
Q143334,Q7032731,,,,,,,,,,,,,,,,,,,,,,,,,,,1093026,,,,,,,,,,,,,,p46842.htm#i468420,,,Aubigny-10,
Q143335,Q16206844,,,,,,,,,,21904,,,,,,,,,,,,,,,,,259106,,,,,,,,,,,,,,p2349.htm#i23481,William_d'Aubigny_(59),,Aubigny-21,I00298711
Q143336,Q76278534,,,,,,,,,,,,,,,,,,,,,,,,,,,,,,,,,,,,,,,,,p65817.htm#i658161,,,,
Q143337,Q76014700,,,,,,,,,,,,,,,,,,,,,,,,,,,,,,,,,,,,,,,,,p46843.htm#i468424,,,Ferrers-182,
Q143339,Q76010270,,,,,,,,,,,,,,,,,,,,,,,,,,,,,,,,,,,,,,,,,p46509.htm#i465086,,,,
Q143340,Q76012790,,,,,,,,,,,,,,,,,,,,,,,,,,,,,,,,,,,,,,,,,p46696.htm#i466954,,,,
Q143341,Q76012788,,,,,,,,,,,,,,,,,,,,,,,,,,,,,,,,,,,,,,,,,p46695.htm#i466950,,,Essex-55,I00463758|I00599804
Q143342,Q76012789,,,,,,,,,,,,,,,,,,,,,,,,,,,,,,,,,,,,,,,,,p46696.htm#i466951,,,St_Clair-890,I00463759
Q143343,Q1430664,,,,,,,,,,,,,,,,,,,,,,,,,,,,,,,,,,,,,,,,,p68957.htm#i689568|p2360.htm#i23598,Henry_d'Essex_(1),,Essex-53,I00109446
Q143344,Q101251562,,,,,,,,,,,,,,,,,,,,,,,,,,,,,,,,,,,,,,,,,,,,,
Q143345,Q3120257,,,,,,,,,,,,,,,,,,,,,,,,,,,,,,,,,,,,,,,,,p46696.htm#i466956,William_d'Aubigny_(61),,Albini-25,
Q143346,Q76012794,,,,,,,,,,,,,,,,,,,,,,,,,,,,,,,,,,,,,,,,,p46696.htm#i466957,,,Albini-36,I00354863
Q143347,Q56367490,,,,,,,,,,,,,,,,,,,,,,,,,,,,,p=drogo;n=n;oc=1,,,,,,,,,,,,,,,,
Q143348,Q76299740,,,,,,,,,,,,,,,,,,,,,,,,,,,,,,,,,,,,,,,,,p67244.htm#i672433,,,,
Q143350,Q24970545,,,,,,,,,,,,,,,,,,,,,,,,,,,,,p=iremfrid;n=van betuwe,,,,,,,,,,,,,,,Balderic-3,
Q143351,Q23621681,,,,,,,,,,,,,,,,,,,,,,,,,,,,,,,,,,,,,,,,,,,,,
Q143366,Q76355979,,,,,,,,,,,,,,,,,,,,,,,,,,,,,,,,,,,,,,,,,p70902.htm#i709015,Elisabeth_De_Chetillon_(1),,,
Q143367,Q10294773,,,,,,,,,,,,,,,,,,,,,,,,,,,306142,,p=henri;n=de chatillon;oc=1,,,,,,,,,,,,p70902.htm#i709018,Henry_de_Chatillon_(1),,Châtillon-19,I00027555
Q143368,Q25349768,,,,,,,,,,,,,,,,,,,,,,,,,,,,,p=gottfried;n=de durbuy,,,,,,,,,,,,,,,,I00148736
Q143370,Q76299624,,,,,,,,,,,,,,,,,,,,,,,,,,,,,,,,,,,,,,,,,p67234.htm#i672331,,,,
Q143373,Q122664603,,,,,,,,,,,,,,,,,,,,,,,,,,,737878,,p=oda;n=van ghent;oc=1,,,,,,,,,,,,,Oda_Unknown_(31),,Unknown-194022,I00092008
Q143374,Q122674248,,,,,,,,,,,,,,,,,,,,,,,,,,,,,p=gertrude;n=de gand,,,,,,,,,,,,,Gertrud_Van_Aalst_(2),,Gent-506,
Q143375,Q116005482,,,,,,,,,,,,,,,,,,,,,,,,,,,123589,,p=ne;n=de gand;oc=3,,,,,,,,,,,,,Unknown_van_Gent_(1),,Van_Aalst-4,I00121887
Q143376,Q76300032,,,,,,,,,,,,,,,,,,,,,,,,,,,740888|155587|826979,,p=manegold;n=von nellenburg;oc=2,,,,,,,,,,,,p67269.htm#i672681,,,Nellenburg-4,
Q143377,Q2561592,,,,,,,,,,,,,,,,,,,,,,,,,,,826976,,,,,,,,,,,,,,p67256.htm#i672559|p67330.htm#i673300,,,Udalrichinger-3,
Q143378,Q347492,,,,,,,,,,,,,,,,,,,,,,,,,,,826975,,,,,,,,,,,,,,p67330.htm#i673296,Adalbert_Kyburg_(1),,Udalrichinger-2,I00314770
Q143379,Q76300834,,,,,,,,,,,,,,,,,,,,,,,,,,,,,,,,,,,,,,,,,p67330.htm#i673299,,,,
Q143380,Q76300421,,,,,,,,,,,,,,,,,,,,,,,,,,,,,,,,,,,,,,,,,p67300.htm#i672999,,,,
Q143381,Q76300424,,,,,,,,,,,,,,,,,,,,,,,,,,,,,,,,,,,,,,,,,p67301.htm#i673001,,,,
Q143382,Q76300862,,,,,,,,,,,,,,,,,,,,,,,,,,,,,,,,,,,,,,,,,p67332.htm#i673319,,,,
Q143383,Q76299916,,,,,,,,,,,,,,,,,,,,,,,,,,,136236,,p=ita;n=von neckergau,,,,,,,,,,,,p67258.htm#i672571,Ida_Von_Alshausen_(2),,,I00280735
Q143384,Q96306,,,,,,,,,,,,,,,,,,,,,,,,,,,,,,,,,,,,,,,,,,,,,
Q143385,Q1322766,,,,,,,,,,,,,,,,,,,,,,,,,,,,,,,,,,,,,,,,,p67272.htm#i672713,,,,
Q143386,Q76300015,,,,,,,,,,,,,,,,,,,,,,,,,,,,,,,,,,,,,,,,,p67267.htm#i672666,,,,
Q143387,Q76300084,,,,,,,,,,,,,,,,,,,,,,,,,,,,,,,,,,,,,,,,,p67273.htm#i672721,,,,
Q143388,Q76300087,,,,,,,,,,,,,,,,,,,,,,,,,,,,,,,,,,,,,,,,,p67273.htm#i672723,,,,
Q143389,Q55915850,,,,,,,,,,,,,,,,,,,,,,,,,,,,,,,,,,,,,,,,,p67270.htm#i672693,,,,
Q143395,Q7105732,,,,,,,,,,,,,,,,,,,,,,,,,,,,,,,,,,,,,,,,,,,,,
Q143396,Q75718315,,,,,,,,,,,,,,,,,,,,,,,,,,,,,,,,,,,,,,,,,p30065.htm#i300643,,,,
Q143397,Q75718317,,,,,,,,,,,,,,,,,,,,,,,,,,,,,,,,,,,,,,,,,p30065.htm#i300644,,,,
Q143398,Q75718355,,,,,,,,,,,,,,,,,,,,,,,,,,,,,,,,,,,,,,,,,p30066.htm#i300658,,,,
Q143399,Q75718358,,,,,,,,,,,,,,,,,,,,,,,,,,,,,,,,,,,,,,,,,p30066.htm#i300659,,,,
Q143400,Q75718360,,,,,,,,,,,,,,,,,,,,,,,,,,,,,,,,,,,,,,,,,p30066.htm#i300660,,,,
Q143401,Q111206319,,,,,,,,,,,,,,,,,,,,,,,,,,,,,p=hugues;n=de montgommery,,,,,,,,,,,,,Hugh_De_Montgomery_(1),,Montgomery-394,I00140012
Q143408,Q317905,,,,,,,,,,,,,,,,,,,,,,,,,,,918084,,p=sancho;n=de castilla;oc=2,,,,,,,,,,,,p11332.htm#i113316,Sancho_II_of_León_and_Castile_(1),,Castilla-145,I00388002
Q143409,Q61963092,,,,,,,,,,,,,,,,,,,,,,,,,,,,,,,,,,,,,,,,,p65818.htm#i658171,Edith_de_Warenne_(1),,,I00015441
Q143410,Q61963088,,,,,,,,,,,,,,,,,,,,,,,,,,,,,,,,,,,,,,,,,p65817.htm#i658169,,,Gournay-9,
Q143412,Q3119863,,,,,,,,,,,,,,,,,,,,,,,,,,,,,p=guillaume;n=giroie;,,,,,,,,,,,,,William_fitz_Giroie_(1),,,
Q143413,Q131927997,,,,,,,,,,,,,,,,,,,,,,,,,,,,,,,,,,,,,,,,,,,,,
Q143415,Q11802201,,,,,,,,,,,,,,,,,,,,,,,,,,,,,p=yves;n=de grandmesnil,,,,,,,,,,,,,Ivo_de_Grandmesnil_(1)|Ivo_Grentemesnil_(1),,Grandmesnil-3,
Q143416,Q76346749,,,,,,,,,,,,,,,,,,,,,,,,,,,,,p=robert;n=de grandmesnil;oc=2,,,,,,,,,,,,p70423.htm#i704227,,,Grandmesnil-9,I00601799
Q143417,Q16863321,,,,,,,,,,,,,,,,,,,,,,,,,,,,,,,,,,,,,,,,,,,,Devereux-39,I00485438
Q143418,Q23584941,,,,,,,,,,,,,,,,,,,,,,,,,,,,,,,,,,,,,,,,,,,,,
Q143419,Q23584954,,,,,,,,,,,,,,,,,,,,,,,,,,,,,,,,,,,,,,,,,,,,,
Q143420,Q75514053,,,,,,,,,,,,,,,,,,,,,,,,,,,,,,,,,,,,,,,,,p18736.htm#i187352,,,Ribemont-1,
Q143421,Q3099516,,,,,,,,,,,,,,,,,,,,,,,,,,,1084791,,,,,,,,,,,,,,p18737.htm#i187361,Walter_Giffard_(56),,,
Q143422,Q76227006,,,,,,,,,,,,,,,,,,,,,,,,,,,,,,,,,,,,,,,,,p61957.htm#i619563,,,Giffard-295,
Q143423,Q16840232,,,,,,,,,,,,,,,,,,,,,,,,,,,,,p=richard;n=de granville,,,,,,,,,,,,p49169.htm#i491686,,,Grenville-88,I00453336
Q143424,Q117284387,,,,,,,,,,,,,,,,,,,,,,,,,,,,,p=bouchard;n=de corbeil|p=bouchard;n=de montmorency;oc=20,,,,,,,,,,,,,Bouchard_Corbeil_(1),,Corbeil-21,I00199424
Q143425,Q112632099,,,,,,,,,,,,,,,,,,,,,,,,,,,,,p=adele;n=de corbeil,,,,,,,,,,,,,,,,I00199410
Q143427,Q55386214,,,,,,,,,,,,,,,,,,,,,,,,,,,745686,,p=mahaut;n=de vendome,,,,,,,,,,,,,Mahaut_De_Preuilly_(1),,Vendôme-17,I00331000
Q143428,Q2072038,,,,,,,,,,,,,,,,,,,,,,,,,,,590061,,p=alain;n=de penthievre;oc=3,,,,,,,,,,,,,Alain_Unknown_(3),,Penthièvre-17,I00296677
Q143429,Q338985,,,,,,,,,,83267763,,,deconan,,,,,,,,,,,,,,61301,,p=conan;n=de penthievre;oc=4,,,,,,,,,,,,p10252.htm#i102516,"Conan_IV,_Duke_of_Brittany_(1)",,Bretagne-9,I00005949
Q143430,Q6099197,,,,,,,,,,,,,,,,,,,,,,,,,,,,,p=ivo;n=de taillebois,,,,,,,,,,,,p46658.htm#i466573,Ivo_Taillebois_(1),,Taillebois-3,
Q143431,Q6698603,,,,,,,,2YGB-N2M,,,,,,,,,,I5095,,,,,,,,,130131,,,,,,,,,,,,,,p15842.htm#i158412,Lucy_of_Bolingbroke_(1),,Mercia-45,I00027599
Q143432,Q116028951,,,,,,,,,,,,,,,,,,,,,,,,,,,,,p=agatha;n=de bruce;oc=1,,,,,,,,,,,,,Agatha_De_Brus_(1),,Brus-16,I00447145
Q143433,Q86646716,,,,,,,,,,,,,,,,,,,,,,,,,,,,,p=robert;n=taillebois of middleham,,,,,,,,,,,,,Robert_Fitz_Ralph_(1),,Taillebois-28,I00447146
Q143434,Q97570426,,,,,,,,,,,,,,,,,,,,,,,,,,,,,p=ne;n=n;oc=31046,,,,,,,,,,,,,,,,I00326800
Q143435,Q97570422,,,,,,,,,,,,,,,,,,,,,,,,,,,,,p=hervey fitzakaris;n=of ravensworth,,,,,,,,,,,,,,,FitzAkaris-2,I00326801
Q143436,Q110520579,,,,,,,,,,,,,,,,,,,,,,,,,,,,,,,,,,,,,,,,,,,,,I00120730
Q143437,Q4644588,,,,,,,,,,,,,,,,,,,,,,,,,,,910161,,p=raoul;n=de nesle;oc=2,,,,,,,,,,,,,Raoul_de_Nesle_(1),,Nesle-19,I00120736
Q143438,Q76346682,,,,,,,,,,,,,,,,,,,,,,,,,,,,,,,,,,,,,,,,,p70418.htm#i704179,,,,
Q143440,Q3175211,,,,,,,,,,,,,,,,,,,,,,,,,,,259092,,p=jean;n=d eu,,,,,,,,,,,,p10673.htm#i106723,Jean_d'Eu_(1),,Eu-10,I00199036
Q143441,Q108525901,,,,,,,,,,,,,,,,,,,,,,,,,,,,,p=raymond;n=de fronsac;oc=4,,,,,,,,,,,,,Raimond_Taillefer_(1),,Taillefer-84,
Q143442,Q108525906,,,,,,,,,,,,,,,,,,,,,,,,,,,,,p=foulques;n=d angouleme;oc=2,,,,,,,,,,,,,Foulques_Taillefer_(2),,Taillefer-93,
Q143443,Q48809207,,,,,,,,,,,,,,,,,,,,,,,,,,,,,,,,,,,,,,,,,,,,,
Q143444,Q2518611,,,,,,,,,,,,,,,,,,,,,,,,,,,323202,,p=giovanni lamberto;n=di salerno,,,,,,,,,,,,,Ioannes_of_Salerno_(1),,,I00546033
Q143445,Q124485969,,,,,,,,,,,,,,,,,,,,,,,,,,,,,p=porpora;n=di tabellaria,,,,,,,,,,,,,Purpura_Unknown_(1),,UNKNOWN-72914,I00550426
Q143446,Q2986986,,,,,,,,,,,,,,,,,,,,,,,,,,,323206,,p=pandolfo;n=di benevento,,,,,,,,,,,,,Pandolfo_II_di_Benevento_(1),,,I00546027
Q143448,Q6113557,,,,,,,,,,,,,,,,,,,,,,,,,,,,,,,,,,,,,,,,,,,,,
Q143449,Q6110234,,,,,,,,,,,,,,,,,,,,,,,,,,,,,,,,,,,,,,,,,,,,,
Q143463,Q1029688,,,,,,,,,,,,,,,,,,,,,,,,,,,,,p=osmond;n=n,,,,,,,,,,,,,Osmond_Drengot_(1),,,
Q143464,Q1029682,,,,,,,,,,,,,,,,,,,,,,,,,,,,,p=giselbert;n=n,,,,,,,,,,,,,Gilbert_Buatère_(1),,,
Q143465,Q1029655,,,,,,,,,,,,,,,,,,,,,,,,,,,,,p=raoul;n=n,,,,,,,,,,,,,Ralph_Drengot_(1),,,
Q143466,Q559516,,,,,,,,,,,,,,,,,,,,,,,,,,,,,p=rainulf;n=drengot,,,,,,,,,,,,,Rainulf_Drengot_(1),,,
Q143467,Q1095033,,,,,,,,,,,,,,,,,,,,,,,,,,,,,,,,,,,,,,,,,,Richard_III_of_Capua_(1),,,
Q143468,Q1150295,,,,,,,,,,,,,,,,,,,,,,,,,,,,,,,,,,,,,,,,,,Robert_II_of_Capua_(1),,,
Q143469,Q28146,,,,,,,,,,,,,,,,,,,,,,,,,,,,,,,,,,,,,,,,,,Ioannes_of_Naples_(1),,,
Q143470,Q110520472,,,,,,,,,,,,,,,,,,,,,,,,,,,,,p=mathilde;n=n;oc=54,,,,,,,,,,,,,Mathilde_Unknown_(35),,,I00314189
Q143472,Q75387846,,,,,,,,,,,,,,,,,,,,,,,,,,,,,,,,,,,,,,,,,p10774.htm#i107738,,,Senlis-8,I00286798
Q143473,Q7964837,,,,,,,,,,,,,,,,,,,,,,,,,,,,,,,,,,,,,,,,,p464.htm#i4634|p47447.htm#i474466,Walter_FitzRobert_(4),,FitzRobert-107,I00286800
Q143474,Q76012795,,,,,,,,,,,,,,,,,,,,,,,,,,,,,,,,,,,,,,,,,p46696.htm#i466958,,,,I00397928
Q143475,Q2389282,,,,,,,,,,,,,,,,,,,,,,,,,,,,,p=gauthier;n=tyrel+de+poix;oc=4,,,,,,,,,,,,,,,,
Q143476,Q1372257,,,,,,,,,,,,,,,,,,,,,,,,,,,,,p=eudes;n=de+ryes;oc=1,,,,,,,,,,,,,Eudo_Dapifer_(1),,Rie-2,
Q143477,Q75389757,,,,,,,,,,,,,,,,,,,,,,,,,,,,,p=margaret;n=de+ryes;oc=1,,,,,,,,,,,,p46659.htm#i466587|p10949.htm#i109483,,,Rie-1,
Q143478,Q108274110,,,,,,,,,,,,,,,,,,,,,,,,,,,1240827,,p=raoul;n=de fougeres;oc=1,,,,,,,,,,,,,Raoul_de_Fougères_(1),,Fougères-12,I00478632
Q143479,Q76102485,,,,,,,,,,,,,,,,,,,,,,,,,,,,,,,,,,,,,,,,,p53224.htm#i532231,,,,
Q143482,Q344802,,,,,,,,,,88149714,,,,,,,,,,,,,,,,,127661,,p=sancho ramirez;n=de aragon;oc=1,,,,,,,,,,,,p11330.htm#i113296,"Sancho_Ramírez,_King_of_Aragon_and_Navarre_(1)",,Aragón-344,I00020524
Q143487,Q878239,,,,,,,,,,,,,,,,,,,,,,,,,,,,,p=garcia fernandez;n=de castilla,,,,,,,,,,,,p11332.htm#i113312,García_II_of_Galicia_(1),,Castilla-171|Fernández_de_Castilla_y_de_León-1,I00388000
Q143490,Q914160,,,,,,,,,,,,,,,,,,,,,,,,,,,127687,,p=sancho garces;n=de pamplona;oc=1,,,,,,,,,,,,p41715.htm#i417150|p15274.htm#i152738,Sancho_I_of_Pamplona_(1),,Pamplona-15,I00106643
Q143491,Q2288810,,,,,,,,,,,,,,,,,,,,,,,,,,,313165,,p=toda aznarez;n=de larraun,,,,,,,,,,,,,Toda_Aznarez_(1),,Larraún-1,I00106644
Q143493,Q225113,,,,,,,,,,,,,,,,,,,,,,,,,,,70049,,p=ramiro ordonez;n=de leon;oc=2,,,,,,,,,,,,p15273.htm#i152725,Ramiro_II_of_León_(1),,León-111,I00120388
Q143495,Q1944965,,,,,,,,,,,,,,,,,,,,,,,,,,,316455,,p=urraca fernandez;n=de castilla,,,,,,,,,,,,,Urraca_Fernández_(1),,Castilla-48,I00106637
Q143497,Q653617,,,,,,,,,,,,,,,,,,,,,,,,,,,662007,,p=gonzalo fernandez;n=de castilla,,,,,,,,,,,,p15315.htm#i153150,Gonzalo_Fernández_of_Castile_(1),,Fernandez-1447,I00120962
Q143498,Q439138,,,,,,,,,,,,,,,,,,,,,,,,,,,302260,,p=garcia fernandez;n=de castilla;oc=1,,,,,,,,,,,,p15316.htm#i153151|p41650.htm#i416499,García_Fernández_of_Castile_(1),,Castilla-29,I00106134
Q143499,Q296652,,,,,,,,,,,,,,,,,,,,,,,,,,,64129,,p=sancho garces;n=de navarra;oc=3,,,,,,,,,,,,p39226.htm#i392259|p11331.htm#i113302,Sancho_III_of_Navarre_(1),,Pamplona-21,I00093521
Q143523,Q76012355,,,,,,,,,,,,,,,,,,,,,,,,,,,,,,,,,,,,,,,,,p46658.htm#i466572,,,,
Q143524,Q61808614,,,,,,,,,,,,,,,,,,,,,,,,,,,,,,,,,,,,,,,,,p46657.htm#i466567,,,Lincoln-3147,I00450121
Q143525,Q76012360,,,,,,,,,,,,,,,,,,,,,,,,,,,,,,,,,,,,,,,,,p46658.htm#i466576,,,,
Q143526,Q76012361,,,,,,,,,,,,,,,,,,,,,,,,,,,,,,,,,,,,,,,,,p46658.htm#i466577,,,,
Q143527,Q76012363,,,,,,,,,,,,,,,,,,,,,,,,,,,,,,,,,,,,,,,,,p46658.htm#i466578,,,,
Q143528,Q76068821,,,,,,,,,,,,,,,,,,,,,,,,,,,,,,,,,,,,,,,,,p50869.htm#i508686,,,Malet-25,I00337630
Q143529,Q76068845,,,,,,,,,,,,,,,,,,,,,,,,,,,,,,,,,,,,,,,,,p50870.htm#i508700,,,Malet-173,
Q143530,Q3480155,,,,,,,,,,,,,,,,,,,,,,,,,,,,,,,,,,,,,,,,,,,,,
Q143531,Q619734,,,,,,,,,,,,,,,,,,,,,,,,,,,,,,,,,,,,,,,,,,,,Þorgilsson-54,
Q143532,Q355194,,,,,,,,,,,,,,,,,,,,,,,,person/40059368-2DCF-48C5-A91D-69840B741115,,,,,,,,,,,,,,,,,,,,Þorgilsson-40,
Q143533,Q111453004,,,,,,,,,,,,,,,,,,,,,,,,,,,,,,,,,,,,,,,,,,,,,I00485325
Q143534,Q106686422,,,,,,,,,,,,,,,,,,,,,,,,,,,130129,,p=suzanne;n=de ghermines,,,,,,,,,,,,,,,Grammene-1,I00647126
Q143535,Q75558706,,,,,,,,,,,,,,,,,,,,,,,,,,,313615,,p=gundred;n=de ferrieres,,,,,,,,,,,,p21199.htm#i211982,,,Ferrers-123,
Q143536,Q75558701,,,,,,,,,,,,,,,,,,,,,,,,,,,313600,,p=gilbert;n=le blount,,,,,,,,,,,,p21198.htm#i211979,,,Blund-1,
Q143537,Q2148647,,,,,,,,,,,,,,,,,,,,,,,,,,,643894,,,,,,,,,,,,,,,Roger_Unknown_(7),,Cambrai-28,
Q143538,Q2442028,,,,,,,,,,,,,,,,,,,,,,,,,,,,,p=guy;n=de saint pol;oc=2,,,,,,,,,,,,,Guy_of_Saint-Pol_(1),,,
Q143539,Q116005810,,,,,,,,,,,,,,,,,,,,,,,,,,,,,,,,,,,,,,,,,,,,,I00079552
Q143540,Q353255,,,,,,,,,,,,,,,,,,,,,,,,,,,117122,,,,,lu.1,,,,,,,,,p67282.htm#i672815,Piast_the_Wheelwright_(1),,Polanie-1,
Q143541,Q2575747,,,,,,,,,,,,,,,,,,,,,,,,,,,117123,,,,,psb.27658.1,,,,,,,,,p67199.htm#i671983,Rzepicha_Unknown_(1),,Polanie-4,
Q143542,Q9363849,,,,,,,,,,,,,,,,,,,,,,,,,,,,,,,,,,,,,,,,,,,,,
Q143543,Q1918070,,,,,,,,,,,,,,,,,,,,,,,,,,,,,,,,,,,,,,,,,,,,,
Q143544,Q1078688,,,,,,,,,,,,,,,,,,,,,,,,,,,770902,,,,,,,,,,,,,,,Christian_von_Serimunt_(1),,Of_Thuringia-33|Von_Serimunt-1,I00572308
Q143545,Q48468,,,,,,,,,,,,,,,,,,,,,,,,,,,,,,,,,,,,,,,,,,,,,
Q143546,Q2381128,,,,,,,,GRQR-LL9,,,,,,,,,,,,,,,,,,,161196,,,,,,,,,,,,,,p67283.htm#i672821,,,,
Q143547,Q9353042,,,,,,,,,,,,,,,,,,,,,,,,,,,210505,,,,,,,,,,,,,,p67283.htm#i672824,Slavibor_van_Bohemen_(1),,Pšov-4,
Q143548,Q32414,,,,,,,,,,,,,,,,,,,,,,,,,,,,,,,,,,,,,,,,,,,,,
Q143549,Q76320893,,,,,,,,,,,,,,,,,,,,,,,,,,,683799,,,,,,,,,,,,,,p68708.htm#i687073,,,Leslie-689,
Q143550,Q638973,,,,,,,,9Z85-42P,,41164276,,,,,,,,I26432,,,,,,,,,130133,,p=leofric;n=of mercia;oc=1,,,,,,,,,,,,p46487.htm#i464870,"Leofric,_Earl_of_Mercia_(1)",,Mercia-3,I00027594
Q143551,Q106077,,,,,,,,LVTL-YF9,,,,,,,,,,I26433,,,,,,,,,36722,,p=godgyfu;n=of bucknall,,,,,,,,,,,,p46488.htm#i464871,Lady_Godiva_(1),,Lincolnshire-6,I00027595
Q143552,Q210207,,,,,,,,GZH2-42J,,,,,,,,,,,,,,,,,,,57632,,,,,dw.9376,,,,,,,,,,Árpád_(1),,Arpadhazi-14,I00020710
Q143553,Q1100426,,,,,,,,,,,,,,,,,,,,,,,,,,,,,,,,dw.9380,,,,,,,,,,,,,
Q143554,Q247572,,,,,,,,,,,,,,,,,,,,,,,,,,,,,,,,dw.9378,,,,,,,,,,Liüntika_Unknown_(1),,,
Q143555,Q507725,,,,,,,,,,,,,,,,,,,,,,,,,,,473853,,p=pietro;n=orseolo,,,,,,,,,,,,,Pietro_II_Orseolo_(1),,Orseolo-2,I00200290
Q143556,Q16595773,,,,,,,,,,,,,,,,,,,,,,,,,,,,,p=maria;n=candiano,,,,,,,,,,,,,Maria_Candiano_(1),,Candiano-1,I00200291
Q143557,Q3767850,,,,,,,,,,,,,,,,,,,,,,,,,,,556101,,p=giovanni;n=orseolo,,,,,,,,,,,,,Giovanni_Orseolo_(1),,,I00735353
Q143558,Q339285,,,,,,,,,,,,,,,,,,,,,,,,,,,556037,,,,,,,,,,,,,,,Orso_Orseolo_(1),,,I00735356
Q143559,Q4014935,,,,,,,,,,,,,,,,,,,,,,,,,,,,,,,,,,,,,,,,,,Vitale_Orseolo_(1),,,
Q143560,Q2461803,,,,,,,,,,,,,,,,,,,,,,,,,,,799986,,p=tuta;n=von formbach,,,,,,,,,,,,,,,,
Q143562,Q3555186,,,,,,,,,,,,,,,,,,,,,,,,,,,396887,,,,,,,,,,,,,,,Miroslava_of_Bulgaria_(1),,,I00332106
Q143563,Q3441154,,,,,,,,,,,,,,,,,,,,,,,,,,,,,,,,,,,,,,,,,,Kosara_of_Bulgaria_(1),,,I00764452
Q143564,Q3658023,,,,,,,,,,,,,,,,,,,,,,,,,,,,,,,,,,,,,,,,,,Irene_of_Larissa_(1),,,
Q143567,Q316703,,,,,,,,,,,,,,,,,,,,,,,,,,,,,,,,,,,,,,,,,,,,,
Q143568,Q75247781,,,,,,,,,,,,,,,,,,,,,,,,,,,,,,,,,,,,,,,,,p895.htm#i8949,,,,
Q143569,Q75247783,,,,,,,,,,,,,,,,,,,,,,,,,,,,,,,,,,,,,,,,,p895.htm#i8950,,,,
Q143570,Q44191437,,,,,,,,,,,,,,,,,,,,,,,,,,,206701,,,,,,,,,,,,,,,,,,
Q143571,Q896570,,,,,,,,,,,,,,,,,,,,,,,,,,,,,,,,,,,,,,,,,,,,,
Q143572,Q61140667,,,,,,,,,,,,,,,,,,,,,,,,,,,153478,,p=bruno;n=von arneburg,,,,,,,,,,,,,Bruno_von_Arneburg_(1),,Von_Arneburg-1,
Q143573,Q992503,,,,,,,,,,,,,,,,,,,,,,,,,,,167196,,p=bruno;n=von arneburg;oc=1,,,,,,,,,,,,,Bruno_Unknown_(17),,Von_Querfurt-1,I00105650
Q143574,Q61314156,,,,,,,,,,,,,,,,,,,,,,,,,,,164406,,p=richwara;n=de boulogne;oc=1,,,sw.214089,,,,,,,,,p67199.htm#i671984,Richwara_of_Zulpichgau_(1),,Zülpichgau-2,I00080191
Q143575,Q476331,,,,,,,,,,,,,,,,,,,,,,,,,,,8806,,,,,,,,,,,,,,,"Henry_I,_Count_Palatine_(1)",,,
Q143576,Q697402,,,,,,,,,,,,,,,,,,,,,,,,,,,,,,,,,,,,,,,,,,"Conrad_III,_Duke_of_Carinthia_(1)",,,
Q143577,Q4057932,,,,,,,,,,,,,,,,,,,,,,,,,,,742040,,p=adolf;n=de lorraine de deutz,,,,,,,,,,,,,Adolf_II_of_Lotharingia_(1),,Lotharingia-27|Von_Keldachgau-1,I00120768
Q143578,Q76300897,,,,,,,,,,,,,,,,,,,,,,,,,,,,,p=rutbert i;n=van zutphen,,,,,,,,,,,,p67335.htm#i673347,Rutbert_Van_Zutphen_(5),,Zutphen-5,
Q143583,Q378081,,,,,,,,,,,,,,,,,,,,,,,,,,,141432,,p=domnall mac causantin;n=of scotland;oc=1,,,,,,,,,,,,p10290.htm#i102891,Donald_Dasachtach_(4),,MacAlpin-22,I00022618
Q143584,Q3276308,,,,,,,,,,,,,,,,,,,,,,,,,,,,,,,,,,,,,,,,,p10529.htm#i105281,,,MacAlpin-26,I00076170
Q143585,Q3107605,,,,,,,,,,,,,,,,,,,,,,,,,,,193788,,,,,,,,,,,,,,p10767.htm#i107667,Giric_d'Écosse_(1),,,I00076172
Q143586,Q75387738,,,,,,,,,,,,,,,,,,,,,,,,,,,,,,,,,,,,,,,,,p10767.htm#i107668,,,MacAlpin-30,I00076173
Q143587,Q75764233,,,,,,,,,,,,,,,,,,,,,,,,,,,110767,,p=duncan;n=of atholl;oc=1,,,,,,,,,,,,p32200.htm#i321999,,,Dún_Caillen-1,
Q143588,Q75764235,,,,,,,,,,,,,,,,,,,,,,,,,,,,,,,,,,,,,,,,,p32200.htm#i322000,,,,
Q143589,Q75764237,,,,,,,,,,,,,,,,,,,,,,,,,,,,,,,,,,,,,,,,,p32201.htm#i322001,,,,
Q143590,Q7966649,,,,,,,,,,,,,,,,,,,,,,,,,,,,,p=waltheof;n=of northumberland,,,,,,,,,,,,p10768.htm#i107672|p456.htm#i4556,Waltheof_Allerdale_(1),,Dunbar-113,I00106717
Q143591,Q75387746,,,,,,,,,,,,,,,,,,,,,,,,,,,,,,,,,,,,,,,,,p10768.htm#i107674,,,,
Q143592,Q75387750,,,,,,,,,,,,,,,,,,,,,,,,,,,141428,,p=gunnilda;n=of northumberland,,,,,,,,,,,,p10768.htm#i107677,Gunhilda_Unknown_(1),,Dunbar-160,I00288726
Q143593,Q75387754,,,,,,,,,,,,,,,,,,,,,,,,,,,,,,,,,,,,,,,,,p10768.htm#i107680,Matilda_Unknown_(256),,Northumbria-16,
Q143594,Q75387760,,,,,,,,,,,,,,,,,,,,,,,,,,,,,,,,,,,,,,,,,p10769.htm#i107684,Robert_Unknown_(186),,,
Q143595,Q75387764,,,,,,,,,,,,,,,,,,,,,,,,,,,,,,,,,,,,,,,,,p10769.htm#i107686,,,Dunkeld-117,
Q143596,Q75387762,,,,,,,,,,,,,,,,,,,,,,,,,,,111525,,p=uchtred;n=fitz maldred|p=uchtred;n=of northumberland,,,,,,,,,,,,p10769.htm#i107685,Uchtred_Unknown_(3),,Dunbar-1893,I00164994
Q143597,Q75387768,,,,,,,,,,,,,,,,,,,,,,,,,,,,,,,,,,,,,,,,,p10769.htm#i107688,,,,
Q143598,Q3281738,,,,,,,,,,,,,,,,,,,,,,,,,,,142616,,,,,,,,,,,,,,,Máel_of_Moray_(1),,,
Q143599,Q75387794,,,,,,,,,,,,,,,,,,,,,,,,,,,109339,,p=finnghuala;n=of angus,,,,,,,,,,,,p10771.htm#i107702,,,Angus-254,
Q143600,Q3276323,,,,,,,,,,,,,,,,,,,,,,,,,,,969518,,,,,,,,,,,,,,p10771.htm#i107704,Máel_Snechtai_of_Moray_(1),,Mac_Lulaich-1,I00076179
Q143601,Q75387799,,,,,,,,,,,,,,,,,,,,,,,,,,,109330,,p=tul;n=of scotland,,,,,,,,,,,,p10771.htm#i107705,,,Moray-155,I00076181
Q143602,Q112969077,,,,,,,,,,,,,,,,,,,,,,,,,,,,,,,,,,,,,,,,,,,,,I00722207
Q143603,Q75532153,,,,,,,,,,,,,,,,,,,,,,,,,,,,,,,,,,,,,,,,,p19831.htm#i198304,,,Rognvaldsdottir-4,I00544689
Q143604,Q19950650,,,,,,,,,,,,,,,,,,,,,,,,,,,,,,,,,,,,,,,,,,,,,
Q143605,Q324175,,,,,,,,,,,,,,,,,,,,,,,,,,,296088,,p=siegfried;n=von sponheim;oc=1,,,,,,,,,,,,p43796.htm#i437957,Siegfried_I._von_Spanheim_(1),,Sponheim-12,I00080243
Q143606,Q1556843,,,,,,,,,,,,,,,,,,,,,,,,person/8641153f-a797-474e-b88a-27a9e64a21ee,,,,,,,,,,,,,,,,,,Hartwig_von_Sponheim_(1),,,
Q143607,Q2283424,,,,,,,,,,,,,,,,,,,,,,,,,,,,,,,,,,,,,,,,,,Siegfried_von_Sponheim_(1),,,
Q143608,Q1587749,,,,,,,,,,,,,,,,,,,,,,,,,,,,,,,,,,,,,,,,,,Hartwig_von_Sponheim_(2),,,
Q143609,Q75915,,,,,,,,,,,,,,,,,,,,,,,,,,,,,p=friedrich;n=von schwarzenburg,,,,,,,,,,,,,,,,I00174603
Q143610,Q1341995,,,,,,,,,,,,,,,,,,,,,,,,,,,520057|683481,,p=engilbert;n=von wasserburg,,,,,,,,,,,,,,,Wasserburg-3,
Q143611,Q76300315,,,,,,,,,,,,,,,,,,,,,,,,,,,,,,,,,,,,,,,,,p67291.htm#i672906,,,,
Q143612,Q84579,,,,,,,,,,,,,,,,,,,,,,,,,,,,,,,,15.431.850,,,,,,,,,,,,,
Q143613,Q695413,,,,,,,,,,,,,,,,,,,,,,,,,,,,,p=arnold;n=von scheyern,,,,,,,,,,,,,,,,
Q143617,Q433803,,,,,,,,,,,,,,,,,,,,,,,,,,,,,p=foulques;n=de guines,,,,,,,,,,,,,,,,
Q143618,Q106686416,,,,,,,,,,,,,,,,,,,,,,,,,,,124502,,p=wenemar;n=de gand,,,,,,,,,,,,,Wenemar_Van_Gent_(1),,Ghent-14,I00174410
Q143619,Q2863410,,,,,,,,,,,,,,,,,,,,,,,,,,,322182,,p=arnould;n=de guines;oc=1,,,,,,,,,,,,,Arnoul_van_Gent_(1),,Ghent-15,I00174413
Q143620,Q112201526,,,,,,,,,,,,,,,,,,,,,,,,,,,,,p=emma;n=giffard,,,,,,,,,,,,,,,,I00647128
Q143621,Q3482967,,,,,,,,,,,,,,,,,,,,,,,,,,,,,p=sibylle;n=de guines,,,,,,,,,,,,p2360.htm#i23596,,,,I00451637
Q143624,Q105983223,,,,,,,,,,,,,,,,,,,,,,,,,,,280668,,p=gerard;n=van breda,,,,,,,,,,,,,,,,I00027137
Q143625,Q105983222,,,,,,,,,,,,,,,,,,,,,,,,,,,,,,,,,,,,,,,,,,,,Breda-32,I00197089
Q143626,Q2749178,,,,,,,,,,,,,,,,,,,,,,,,,,,124151,,p=nicolas;n=d avesnes,,,,,,,,,,,,,Nicolas_d'Avesnes_(1),,Oisy-12,I00120741
Q143627,Q122349331,,,,,,,,,,,,,,,,,,,,,,,,,,,,,p=thierry;n=de walcourt,,,,,,,,,,,,,,,Walcourt-24,I00027145
Q143628,Q107363985,,,,,,,,,,,,,,,,,,,,,,,,,,,705098,,p=ida;n=d avesnes;oc=1,,,,,,,,,,,,,Ide_d'Avesne_(1),,Avesnes-66,I00275711
Q143629,Q110641098,,,,,,,,,,,,,,,,,,,,,,,,,,,,,p=beatrice;n=de+walcourt;,,,,,,,,,,,,,,,,I00313255
Q143630,Q44191422,,,,,,,,,,,,,,,,,,,,,,,,,,,138964,,p=bernhard;n=von supplinburg,,,,,,,,,,,,,,,Norththuringengau-1,I00105648
Q143631,Q61314917,,,,,,,,,,,,,,,,,,,,,,,,,,,138965,,p=ida;n=von querfurt,,,,,,,,,,,,,,,Querfurt-8,I00105649
Q143632,Q96135,,,,,,,,,,,,,,,,,,,,,,,,,,,134163,,p=wilhelm;n=von weimar;oc=1,,,,,,,,,,,,,William_Unknown_(285),,Weimar-78,I00079993
Q143633,Q1686793,,,,,,,,,,,,,,,,,,,,,,,,,,,134166,,p=weriand;n=von friaul;oc=1|p=werigand;n=von istrien,,,,,,,,,,,,,Weriant_d'Istrie_(1),,Istria-4,I00079981
Q143634,Q110426554,,,,,,,,,,,,,,,,,,,,,,,,,,,134168,,p=willibirg;n=von ebersberg;oc=1,,,,,,,,,,,,,Willibirge_De_Carinthe_(1),,Ebersberg-4,I00079982
Q143636,Q2302989,,,,,,,,,,,,,,,,,,,,,,,,,,,,,,,,,,,,,,,,,,,,,
Q143637,Q1233874,,,,,,,,,,,,,,,,,,,,,,,,,,,,,,,,,,,,,,,,,,,,,I00541896
Q143638,Q65224608,,,,,,,,,,,,,,,,,,,,,,,,,,,913488,,p=gisela;n=von andechs,,,,,,,,,,,,,,,Andechs-17,I00313135
Q143639,Q100206,,,,,,,,,,,,,,,,,,,,,,,,,,,,,,,,,,,,,,,,,,,,,
Q143640,Q30887741,,,,,,,,,,,,,,,,,,,,,,,,,,,,,,,,,,,,,,,,,,,,Scheyern-5,I00080013
Q143654,Q67176,,,,,,,,,,,,,,,,,,,,,,,,,,,710280,,p=heinrich;n=von anhalt,,,dw.831,,,,,,,,,p4088.htm#i40876,"Henry_I,_Count_of_Anhalt_(1)",,Aschersleben-33,I00030044
Q143656,Q2302674,,,,,,,,,,,,,,,,,,,,,,,,,,,,,,,,dw.833,,,,,,,,,p4089.htm#i40882,,,Saxony-72,I00542217
Q143657,Q75289044,,,,,,,,,,,,,,,,,,,,,,,,,,,,,p=johann;n=von sachsen;oc=3,,,,,,,,,,,,p4089.htm#i40881,,,Provost_of_Halbersdt-1,
Q143658,Q75289043,,,,,,,,,,,,,,,,,,,,,,,,,,,,,,,,,,,,,,,,,p4088.htm#i40880,,,Saxony-63,I00542216
Q143659,Q116134021,,,,,,,,,,,,,,,,,,,,,,,,,,,,,p=irmgard;n=n;oc=1,,,,,,,,,,,,,,,Unknown-512035,I00030492
Q143660,Q99496,,,,,,,,,,,,,,,,,,,,,,,,,,,,,,,,,,,,,,,,,,,,,
Q143661,Q75288335,,,,,,,,,,,,,,,,,,,,,,,,,,,,,p=mathilde;n=von thuringen,,,,,,,,,,,,p4040.htm#i40392,,,Thuringia-17,I00029950
Q143662,Q75289037,,,,,,,,,,,,,,,,,,,,,,,,,,,,,,,,,,,,,,,,,p4088.htm#i40875,,,,I00030596
Q143663,Q125341407,,,,,,,,,,,,,,,,,,,,,,,,,,,,,,,,,,,,,,,,,,,,,
Q143664,Q20758294,,,,,,,,,,,,,,,,,,,,,,,,,,,,,,,,,,,,,,,,,,,,,I00310976
Q143665,Q75393604,,,,,,,,,,,,,,,,,,,,,,,,,,,,,p=jedvard;n=erikatten,,,dw.789,,,,,,,,,p11308.htm#i113071,Unknown_Jedvar_(1),,Unknown-536045,I00722373
Q143666,Q5883872,,,,,,,,,,,,,,,,,,,,,,,,,,,,,,,,,,,,,,,,,,,,,I00722374
Q143670,Q2502278,,,,,,,,,,,,,,,,,,,,,,,,,,,166124,,p=rogvolod;n=rurikides;oc=1,,,,,,,,,,,,,,,,
Q143671,Q497107,,,,,,,,,,,,,,,,,,,,,,,,,,,867|868,,p=mstislav boris;n=rurikides,,,dw.994,,,,,,,,,p11477.htm#i114761,Mstislav_of_Smolensk_(2),,,I00304960
Q143672,Q4538750,,,,,,,,,,,,,,,,,,,,,,,,,,,866,,p=iaropolk;n=rurikides;oc=8,,,,,,,,,,,,,,,,
Q143673,Q61867132,,,,,,,,,,,,,,,,,,,,,,,,,,,302693,,p=ne;n=rurikides;oc=38,,,,,,,,,,,,,,,,I00118617
Q143674,Q2534903,,,,,,,,,,,,,,,,,,,,,,,,,,,874,,p=mstislav mstislavitch;n=rurikides,,,,,,,,,,,,p11414.htm#i114135,,,,I00118618
Q143675,Q4113056,,,,,,,,,,,,,,,,,,,,,,,,,,,876,,p=vladimir;n=rurikides;oc=20,,,,,,,,,,,,,,,,
Q143676,Q28522946,,,,,,,,,,,,,,,,,,,,,,,,,,,875,,p=david;n=rurikides;oc=7,,,,,,,,,,,,,,,,
Q143678,Q21641906,,,,,,,,,,,,,,,,,,,,,,,,,,,871,,,,,,,,,,,,,,,,,,
Q143679,Q42720715,,,,,,,,,,,,,,,,,,,,,,,,,,,872,,p=konstantin davidovitch;n=rurikides,,,dw.970,,,,,,,,,,,,,
Q143680,Q43476028,,,,,,,,,,,,,,,,,,,,,,,,,,,253634,,p=izyaslav davidovitch;n=rurikides;oc=3,,,,,,,,,,,,,,,,
Q143681,Q43476104,,,,,,,,,,,,,,,,,,,,,,,,,,,,,,,,,,,,,,,,,,,,,
Q143682,Q131144002,,,,,,,,,,,,,,,,,,,,,,,,,,,369801,,p=ne;n=rurikides;oc=11,,,,,,,,,,,,,,,,
Q143685,Q4411645,,,,,,,,,,,,,,,,,,,,,,,,,,,783,,p=swiatoslaw;n=rurikides;oc=2,,,,,,,,,,,,,,,,
Q143686,Q15981624,,,,,,,,,,,,,,,,,,,,,,,,,,,181051,,p=igor;n=rurikides;oc=3,,,,,,,,,,,,,,,,I00140379
Q143687,Q4200569,,,,,,,,,,,,,,,,,,,,,,,,,,,181052,,,,,,,,,,,,,,,,,,
Q143688,Q4397027,,,,,,,,,,,,,,,,,,,,,,,,,,,530603,,p=roman;n=rurikides;oc=15,,,,,,,,,,,,,,,,
Q143689,Q4534875,,,,,,,,,,,,,,,,,,,,,,,,,,,322565,,p=georges;n=rurikides;oc=10,,,,,,,,,,,,,,,,
Q143690,Q4113064,,,,,,,,,,,,,,,,,,,,,,,,,,,734,,p=vladimir;n=rurikides;oc=12,,,,,,,,,,,,,,,Рюрикович-46,
Q143691,Q4333480,,,,,,,,,,,,,,,,,,,,,,,,,,,735,,p=oleg;n=rurikides;oc=6,,,,,,,,,,,,,,,Svyatoslavich-11,
Q143692,Q4305608,,,,,,,,,,,,,,,,,,,,,,,,,,,738,,p=mstislav;n=rurikides;oc=8,,,,,,,,,,,,,,,Рюрикович-42,
Q143693,Q4139582,,,,,,,,,,,,,,,,,,,,,,,,,,,737,,p=gleb;n=rurikides,,,,,,,,,,,,,,,Pakhomij-1,I00752598
Q143694,Q106879317,,,,,,,,,,,,,,,,,,,,,,,,,,,,,p=boleslava;n=rurikides,,,,,,,,,,,,,,,Рюриковна-5,
Q143695,Q7370023,,,,,,,,,,,,,,,,,,,,,,,,,,,739,,p=rostislav;n=rurikides;oc=12,,,,,,,,,,,,,Rostislav_Yaroslavich_(1),,,
Q143696,Q8049455,,,,,,,,,,,,,,,,,,,,,,,,,,,741,,p=iaropolk;n=rurikides;oc=4,,,,,,,,,,,,,Yaropolk_Yaroslavich_(1),,,
Q143699,Q384442,,,,,,,,,,,,,,,,,,,,,,,,,,,,,,,,,,,,,,,,,p21914.htm#i219135,,,,I00764312
Q143701,Q13031603,,,,,,,,,,,,,,,,,,,,,,,,,,,,,p=mikoulcza;n=rurikides,,,,,,,,,,,,,,,,
Q143702,Q13478492,,,,,,,,,,,,,,,,,,,,,,,,,,,629416,,p=volodar;n=rurikides,,,,,,,,,,,,,,,,
Q143703,Q134955037,,,,,,,,,,,,,,,,,,,,,,,,,,,,,,,,,,,,,,,,,,,,,
Q143704,Q28717826,,,,,,,,,,,,,,,,,,,,,,,,,,,,,,,,,,,,,,,,,,,,,I00517681
Q143705,Q365103,,,,,,15401,,,,,,,,,,,,,,,,,,person/17FC2491-F43B-4D1E-A4B4-96EAA43A947A,,,863131,,p=erik;n=erikatten;oc=10,,,dw.814,,,,,,,,,p4281.htm#i42801,Eric_X_of_Sweden_(1),,Knutsson-45,I00079670
Q143706,Q4978557,,,,,,,,,,,,,,,,,,,,,,,,,,,,,,,,dw.5281,,,,,,,,,,,,Knutsdotter-281,I00280169
Q143707,Q5578661,,,,,,,,,,,,,,,,,,,,,,,,,,,,,,,,dw.7075,,,,,,,,,,Nicclaus_Blake_(1),,Blaka-1,I00261520
Q143708,Q4959919,,,,,,,,,,,,,,,,,,,,,,,,,,,,,,,,,,,,,,,,,,Kristina_Nicclausdt_(1),,Nikulasdotter-1,I00361708
Q143709,Q20754966,,,,,,,,,,,,,,,,,,,,,,,,,,,,,p=holmger;n=erikatten,,,,,,,,,,,,,,,Filipsson-2,I00509107
Q143710,Q3480086,,,,,,,,,,,,,,,,,,,,,,,,,,,,,,,,,,,,,,,,,,Christina_of_Norway_(1),,Sverresdatter-8,I00710150
Q143711,Q75393570,,,,,,,,,,,,,,,,,,,,,,,,,,,,,p=erling;n=yngling,,,,,,,,,,,,p11303.htm#i113023,,,,
Q143712,Q19654347,,,,,,,,,,,,,,,,,,,,,,,,,,,,,,,,,,,,,,,,,,,,,I00710313
Q143713,Q8206264,,,,,,,,,,,,,,,,,,,,,,,,,,,,,,,,,,,,,,,,,,,,,I00710311
Q143714,Q6146150,,,,,,,,,,,,,,,,,,,,,,,,,,,,,,,,,,,,,,,,,,,,,
Q143715,Q101248143,,,,,,,,,,,,,,,,,,,,,,,,,,,,,,,,,,,,,,,,,,,,,I00710314
Q143716,Q101248123,,,,,,,,,,,,,,,,,,,,,,,,,,,,,,,,,,,,,,,,,,,,,I00710320
Q143717,Q131460045,,,,,,,,,,,,,,,,,,,,,,,,,,,,,,,,,,,,,,,,,,,,,
Q143718,Q741327,,,,,,,,,,,,,,,,,,,,,,,,,,,,,,,,,,,,,,,,,,,,,I00500649
Q143719,Q101248724,,,,,,,,,,,,,,,,,,,,,,,,,,,,,,,,,,,,,,,,,,,,,I00500650
Q143720,Q76179220,,,,,,,,,,,,,,,,,,,,,,,,,,,262988,,,,,,,,,,,,,,p58524.htm#i585237,,,,I00381842
Q143721,Q6949529,,,,,,,,,,,,,,,,,,,,,,,,,,,49031|262987,,p=malcolm;n=of atholl;oc=1,,,,,,,,,,,,p8.htm#i80,"Máel_Coluim,_Earl_of_Atholl_(1)",,Atholl-13,I00232025
Q143722,Q61496828,,,,,,,,,,,,,,,,,,,,,,,,,,,526299,,p=uhtred;n=of tynedale,,,,,,,,,,,,p460.htm#i4600,Uchtred_Tynedale_(1),,FitzWaltheof-4,I00022611
Q143723,Q61496267,,,,,,,,,,,,,,,,,,,,,,,,,,,49036|526259,,p=hextilda;n=of tynedale,,,,,,,,,,,,p460.htm#i4599,Hextilda_of_Tynedale_(1),,Tynedale-4,I00198357
Q143725,Q3041239,,,,,,,,,,,,,,,,,,,,,,,,,,,109326,,p=duncan;n=macduff;oc=1,,,,,,,,,,,,p882.htm#i8814,Duncan_Macduff_(3),,MacDuff-19,I00342037
Q143726,Q75387783,,,,,,,,,,,,,,,,,,,,,,,,,,,48982,,p=afreka;n=macduff,,,,,,,,,,,,p10770.htm#i107696,,,Fife-20,I00381844
Q143727,Q76159039,,,,,,,,,,,,,,,,,,,,,,,,,,,,,p=hugo;n=macduff;oc=1,,,,,,,,,,,,p57107.htm#i571068,Hugo_Macduff_(2),,MacDuff-12|MacDuff-14,
Q143728,Q75513286,,,,,,,,,,,,,,,,,,,,,,,,,,,,,p=ete;n=macduff,,,,,,,,,,,,p18692.htm#i186913,Ete_Macduff_(2),,,
Q143729,Q2825511,,,,,,,,,,,,,,,,,,,,,,,,,,,141522,,p=aedk;n=of moray,,,,,,,,,,,,p11286.htm#i112852,,,,I00076180
Q143730,Q18527741,,,,,,,,,,,,,,,,,,,,,,,,,,,141526,,,,,,,,,,,,,,,Donald_Mac_Eth_(3)|Donald_Macheth_(1),,,
Q143731,Q18526318,,,,,,,,,,,,,,,,,,,,,,,,,,,,,,,,,,,,,,,,,,Aed_Macheth_(1),,,
Q143732,Q18529094,,,,,,,,,,,,,,,,,,,,,,,,,,,48983,,p=gornflaeth;n=of ross,,,,,,,,,,,,p882.htm#i8816,Hvarflod_Macheth_(1),,Macheth-1,I00381845
Q143733,Q1793104,,,,,,,,,,,,,,,,,,I4795,,,,,,,,,530907,,p=simon;n=de senlis;oc=1,,,,,,,,,,,,p10770.htm#i107698,"Simon_I_de_Senlis,_Earl_of_Huntingdon-Northampton_(1)",,Senlis-82,I00286792
Q143734,Q716958,,,,,,,,,,,,,,,,,,I4796,,,,,,,,,,,,,,,,,,,,,,,p10466.htm#i104652,Waltheof_of_Melrose_(1),,,
Q143735,Q3484316,,,,,,,,,,,,,,,,,,,,,,,,,,,,,p=simon;n=de saint liz;oc=1,,,,,,,,,,,,p10774.htm#i107735,"Simon_II_de_Senlis,_Earl_of_Huntingdon-Northampton_(1)",,Senlis-67,I00286793
Q143736,Q122479,,,,,,,,,,99378810,,,,,,,,I4792,,,,,,,,,145546,,p=malcolm;n=of scotland;oc=4,,,,,,,,,,,,p10288.htm#i102871,Malcolm_IV_of_Scotland_(1),,Dunkeld-41,I00015378
Q143737,Q312594,,,,,,,,L8YY-5PB,,9294527,,,,,,,,I4775,,,,,,person/401BE88A-AFA8-4F76-B71D-2924CE231052,,,111085,,p=william;n=of scotland;oc=1,,,,,,,,,,,,p10288.htm#i102872,William_I_of_Scotland_(1),,Dunkeld-2,I00002868
Q143738,Q2483091,,,,,,,,,,,,,,,,,,,,,,,,,,,277422,,p=ada;n=of scotland;oc=2,,,sw.212711,,,,,,,,,p10777.htm#i107770,Ada_of_Huntingdon_(1),,Dunkeld-29,I00015380
Q143740,Q61314266,,,,,,,,,,,,,,,,,,,,,,,,,,,49311,,p=marjorie;n=of huntingdon,,,,,,,,,,,,p10774.htm#i107740,Marjory_De_Huntingdon_(3),,Huntingdon-87,I00454058
Q143741,Q75387879,,,,,,,,,,,,,,,,,,,,,,,,,,,,,,,,,,,,,,,,,p10778.htm#i107778,Isabella_De_Huntington_(1),,De_Huntingdon-33,
Q143742,Q75387882,,,,,,,,,,,,,,,,,,,,,,,,,,,,,,,,,,,,,,,,,p10778.htm#i107780,Matilda_Scotland_(5),,Dunkeld-129,I00161725
Q143743,Q5587363,,,,,,,,,,,,,,,,,,,,,,,,,,,110792,,p=gospatrick;n=of dunbar;oc=1,,,,,,,,,,,,p26747.htm#i267467|p659.htm#i6583,"Gospatric_III,_Earl_of_Lothian_(1)",,Dunbar-755,I00164965
Q143744,Q75644534,,,,,,,,,,,,,,,,,,,,,,,,,,,,,,,,,,,,,,,,,p26747.htm#i267466,,,,
Q143745,Q75902493,,,,,,,,,,,,,,,,,,,,,,,,,,,,,p=uthred;n=of dundas,,,,,,,,,,,,p39262.htm#i392615,,,DeDundas-8,I00276814
Q143746,Q98101441,,,,,,,,,,,,,,,,,,,,,,,,,,,,,p=juliana;n=of dunbar,,,,,,,,,,,,,Juliana_Gospatric_(1),,Dunbar-158,I00219031
Q143747,Q75244878,,,,,,,,,,,,,,,,,,,,,,,,,,,116952,,p=ne;n=of dunbar,,,,,,,,,,,,p659.htm#i6581,Sybil_De_Dunbar_(1),,Gospatrick-7|Dunbar-36,I00332922
Q143748,Q75387827,,,,,,,,,,,,,,,,,,,,,,,,,,,,,p=gospatrick;n=macwilliam,,,,,,,,,,,,p10773.htm#i107725,,,,I00076183
Q143749,Q56526093,,,,,,,,,,,,,,,,,,,,,,,,,,,,,,,,,,,,,,,,,p10772.htm#i107718,,,Rumilly-1,I00385442
Q143750,Q75387817,,,,,,,,,,,,,,,,,,,,,,,,,,,,,,,,,,,,,,,,,p10772.htm#i107719,,,,
Q143751,Q75387818,,,,,,,,,,,,,,,,,,,,,,,,,,,,,,,,,,,,,,,,,p10772.htm#i107720,,,,
Q143752,Q1444819,,,,,,,,,,,,,,,,,,,,,,,,,,,,,p=godfrey;n=macwilliam,,,,,,,,,,,,p10773.htm#i107722,,,MacWilliam-10,I00076184
Q143753,Q3035603,,,,,,,,,,,,,,,,,,,,,,,,,,,,,p=donald;n=macwilliam;oc=1,,,,,,,,,,,,p10773.htm#i107723,,,MacWilliam-11,I00076185
Q143754,Q75387825,,,,,,,,,,,,,,,,,,,,,,,,,,,,,p=ne;n=macwilliam,,,,,,,,,,,,p10773.htm#i107724,,,,
Q143755,Q75387828,,,,,,,,,,,,,,,,,,,,,,,,,,,,,p=octreda;n=of allerdale,,,,,,,,,,,,p10773.htm#i107726,,,,
Q143756,Q75387835,,,,,,,,,,,,,,,,,,,,,,,,,,,,,p=reginald;n=de lucy;oc=1,,,,,,,,,,,,p10774.htm#i107731,,,Lucy-176,I00076190
Q143757,Q75795950,,,,,,,,,,,,,,,,,,,,,,,,,,,,,,,,,,,,,,,,,p33826.htm#i338254,,,Lucy-177,I00219214
Q143758,Q75387838,,,,,,,,,,,,,,,,,,,,,,,,,,,,,p=gilbert;n=pipard,,,,,,,,,,,,p10774.htm#i107733,Gilbert_Pipard_(1),,Pipard-14,I00076163
Q143759,Q75387840,,,,,,,,,,,,,,,,,,,,,,,,,,,,,p=robert;n=de courtenay;oc=2,,,,,,,,,,,,p10774.htm#i107734,Robert_de_Courtenay_(1),,Courtenay-758,I00076159
Q143760,Q75617613,,,,,,,,,,,,,,,,,,,,,,,,,,,,,p=william;n=de courtenay,,,,,,,,,,,,p24822.htm#i248217,William_de_Courtenay_(1),,Courtenay-818,I00076191
Q143761,Q7990,,,,,,,,,,,,,,,,,,,,,,,,person/4EA9CA10-AD0D-4BFF-B8FE-AA093BB73218,,,559|839025,,p=rurik;n=rurikides,,,sw.244086,,,,,,,,,p22117.htm#i221163,Rurik_Russia_(1),,Rurik-11,I00079368
Q143762,Q16878927,,,,,,,,,,,,,,,,,,,,,,,,,,,34650,,p=ne;n=n;oc=56136,,,,,,,,,,,,,Efenda_Edvina_(1),,Unknown-247962,
Q143763,Q18279069,,,,,,,,,,,,,,,,,,,,,,,,,,,,,,,,,,,,,,,,,,,,,
Q143764,Q6131983,,,,,,,,,,,,,,,,,,,,,,,,person/0325D06F-75DE-4117-8ECF-1FE8442E0D06,,,34652|658899,,,,,,,,,,,,,,,,,,
Q143765,Q324251,,,,,,,,,,,,,,,,,,,,,,,,,,,74794,,,,,,,,,,,,,,p14552.htm#i145511,Vladimir_of_Bulgaria_(1),,,
Q143766,Q6527146,,,,,,,,,,,,,,,,,,,,,,,,,,,,,,,,,,,,,,,,,,,,,
Q143767,Q4231311,,,,,,,,,,,,,,,,,,,,,,,,,,,71125,,,,,,,,,,,,,,,Konstantin_Dobrynich_(1),,,
Q143770,Q5933233,,,,,,,,,,,,,,,,,,,,,,,,,,,,,p=hugues;n=de breteuil;oc=1,,,,,,,,,,,,,Hugues_de_Breteuil_(1),,,
Q143771,Q48760357,,,,,,,,,,,,,,,,,,,,,,,,,,,1372191|697426,,p=geoffroi;n=de chateau landon,,,,,,,,,,,,,Geoffrey_De_Joigny_(3),,Joigny-18,I00559463
Q143772,Q48760365,,,,,,,,,,,,,,,,,,,,,,,,,,,739947,,p=alix;n=de joigny,,,,,,,,,,,,p11995.htm#i119941,Alix_De_Sens_(1),,Sens-7,I00165106
Q143773,Q48759523,,,,,,,,,,,,,,,,,,,,,,,,,,,697424,,p=geoffroy;n=de joigny,,,,,,,,,,,,,,,Joigny-17,I00559461
Q143774,Q48754784,,,,,,,,,,,,,,,,,,,,,,,,,,,,,p=gilduin;n=de joigny,,,,,,,,,,,,,,,,
Q143775,Q78439777,,,,,,,,,,,,,,,,,,,,,,,,,,,,,p=guy;n=de vignory;oc=4,,,,,,,,,,,,,,,Vignory-6,I00201729
Q143776,Q110578177,,,,,,,,,,,,,,,,,,,,,,,,,,,,,p=mathilde;n=n;oc=22,,,,,,,,,,,,,,,Unknown-640324,I00201730
Q143777,Q78319151,,,,,,,,,,,,,,,,,,,,,,,,,,,,,,,,,,,,,,,,,,,,,
Q143790,Q44280315,,,,,,,,,,,,,,,,,,,,,,,,,,,,,p=marie;n=de breuillet,,,,,,,,,,,,,,,,I00386339
Q143792,Q1687299,,,,,,,,LDSS-ZCS,,,,,,,,,,,,,,,,,,,141146,,p=william;n=de+warenne;oc=1,,,,,,,,,,,,p448.htm#i4477,William_de_Warenne_(5),,Warenne-112,I00015372
Q143793,Q5618674,,,,,,,,,,,,,,,,,,,,,,,,,,,141147,,,,,,,,,,,,,,p448.htm#i4478,"Gundred,_Countess_of_Surrey_(1)",,Normandie-42,I00015367
Q143795,Q975812,,,,,,,,,,,,,,,,,,,,,,,,,,,145572,,p=robert;n=de beaumont le roger,,,,,,,,,,,,p1700.htm#i16995,Robert_de_Beaumont_(2),,Beaumont-82,I00120982
Q143796,Q107404681,,,,,,,,,,,,,,,,,,,,,,,,,,,,,,,,,,,,,,,,,,Unknown_de_Beauchamp_(1),,,I00451644
Q143797,Q75869502,,,,,,,,,,,,,,,,,,,,,,,,,,,,,,,,,,,,,,,,,p36859.htm#i368590,,,Wormegay-2,I00015439
Q143798,Q16206612,,,,,,,,,,,,,,,,,,,,,,,,,,,,,p=william;n=de warenne;oc=5,,,,,,,,,,,,p463.htm#i4624,William_De_Warren_(45),,Warenne-57,I00139690
Q143799,Q75869508,,,,,,,,,,,,,,,,,,,,,,,,,,,,,,,,,,,,,,,,,p36860.htm#i368595,,,,I00015442
Q143800,Q102112662,,,,,,,,,,,,,,,,,,,,,,,,,,,,,,,,,,,,,,,,,,,,Warenne-55,
Q143802,Q75242465,,,,,,,,,,,,,,,,,,,,,,,,,,,,,,,,,,,,,,,,,p456.htm#i4559,,,,I00196929
Q143803,Q75242464,,,,,,,,,,,,,,,,,,,,,,,,,,,,,,,,,,,,,,,,,p456.htm#i4558,,,Lancaster-265,I00196922
Q143804,Q75933619,,,,,,,,,,,,,,,,,,,,,,,,,,,,,,,,,,,,,,,,,p41221.htm#i412204,,,Lancaster-106,I00470446
Q143805,Q75387964,,,,,,,,,,,,,,,,,,,,,,,,,,,,,,,,,,,,,,,,,p10785.htm#i107847,Gervase_Paynel_(3),,Paynell-11,
Q143806,Q75387965,,,,,,,,,,,,,,,,,,,,,,,,,,,,,,,,,,,,,,,,,p10785.htm#i107848,,,,
Q143807,Q62210437,,,,,,,,,,,,,,,,,,,,,,,,,,,,,p=simon;n=de saint liz;oc=2,,,,,,,,,,,,,Simon_de_Senlis_(1),,Senlis-27,I00333198
Q143808,Q61911582,,,,,,,,,,,,,,,,,,,,,,,,,,,,,,,,,,,,,,,,,,,,St_Liz-10,I00286796
Q143809,Q75924057,,,,,,,,,,,,,,,,,,,,,,,,,,,970952,,,,,,,,,,,,,,p40618.htm#i406171,,,,
Q143810,Q111452960,,,,,,,,,,,,,,,,,,,,,,,,,,,,,,,,,,,,,,,,,,,,,I00748386
Q143812,Q3484481,,,,,,,,,,,,,,,,,,,,,,,,,,,,,p=simon;n=d oisy,,,,,,,,,,,,,Simon_d'Oisy_(1),,Oisy-6,I00174686
Q143813,Q107361543,,,,,,,,,,,,,,,,,,,,,,,,,,,,,p=hildiarde;n=d oisy,,,,,,,,,,,,,Hildiarde_d'Oisy_(1),,Oisy-3,I00174683
Q143815,Q25053,,,,,,,,,,,,,,,,,,,,,,,,,,,,,,,,,,,,,,,,,,,,,
Q143816,Q41654,,alvin-person:52487,,,,,,,,,,,,,,,,,,,,,,person/7cc27a11-7b76-4d6d-8e20-89225ebbddcb,,,160786,,,,,,,,,,,,,,p15022.htm#i150216,Michael_IV_the_Paphlagonian_(1),,Unknown-214632,I00027730
Q143817,Q20505258,,,,,,,,,,,,,,,,,,,,,,,,,,,,,,,,,,,,,,,,,,,,,
Q143818,Q3131727,,,,,,,,,,,,,,,,,,,,,,,,,,,646425,,,,,,,,,,,,,,,Basil_Argyros_(1),,,
Q143819,Q6761017,,,,,,,,,,,,,,,,,,,,,,,,,,,556099,,p=maria;n=argyros,,,,,,,,,,,,,Maria_Argyre_(1),,,I00735354
Q143821,Q61139242,,,,,,,,,,,,,,,,,,,,,,,,,,,,,,,,,,,,,,,,,,,,,
Q143822,Q13568800,,,,,,,,,,,,,,,,,,,,,,,,,,,,,p=juliane;n=von schwarzburg,,,,,,,,,,,,,,,,I00454361
Q143823,Q13569229,,,,,,,,,,,,,,,,,,,,,,,,,,,,,,,,,,,,,,,,,,,,,
Q143825,Q75288774,,,,,,,,,,,,,,,,,,,,,,,,,,,328375,,p=mechthild;n=von schwarzburg,,,,,,,,,,,,p4073.htm#i40723,,,Schwarzburg-27,I00079661
Q143826,Q3767041,,,,,,,,,,,,,,,,,,,,,,,,,,,148845,,,,,,,,,,,,,,p22157.htm#i221570,Ioannis_Komnenos_(3),,Komnenos-5,I00049926
Q143827,Q641370,,,,,,,,,,,,,,,,,,,,,,,,,,,148853,,,,,,,,,,,,,,,Anne_Dalassene_(1),,Dalassena-1,I00049927
Q143828,Q246434,,,,,,,,,,,,,,,,,,,,,,,,,,,,,,,,,,,,,,,,,,,,,I00764301
Q143829,Q3624362,,,,,,,,,,,,,,,,,,,,,,,,,,,,,,,,,,,,,,,,,p22157.htm#i221562,,,,I00139087
Q143830,Q3286784,,,,,,,,,,,,,,,,,,,,,,,,,,,,,,,,,,,,,,,,,,,,Komnenos-22,
Q143831,Q52219392,,,,,,,,,,,,,,,,,,,,,,,,,,,,,,,,,,,,,,,,,,,,,
Q143832,Q12296185,,,,,,,,,,,,,,,,,,,,,,,,,,,,,,,,,,,,,,,,,,,,Komnene-5,I00280740
Q143833,Q60036404,,,,,,,,,,,,,,,,,,,,,,,,,,,,,,,,,,,,,,,,,,,,,I00799525
Q143834,Q61140127,,,,,,,,,,,,,,,,,,,,,,,,,,,,,,,,,,,,,,,,,,,,,I00799527
Q143843,Q4360559,,,,,,,,,,,,,,,,,,,,,,,,,,,,,,,,,,,,,,,,,,,,,I00139735
Q143844,Q4113047,,,,,,,,,,,,,,,,,,,,,,,,,,,319025,,p=vladimir;n=rurikides;oc=13,,,dw.1712,,,,,,,,,,Vladimir_III_Igorevich_(1),,,
Q143845,Q4397026,,,,,,,,,,,,,,,,,,,,,,,,,,,626800,,p=roman;n=rurikides;oc=7,,,dw.1715,,,,,,,,,,Roman_II_Igorevich_(1),,,
Q143846,Q4333473,,,,,,,,,,,,,,,,,,,,,,,,,,,626823,,p=oleg;n=rurikides;oc=2,,,,,,,,,,,,,,,,
Q143847,Q96480438,,,,,,,,,,,,,,,,,,,,,,,,,,,,,p=oleg;n=rurikides;oc=8,,,,,,,,,,,,,,,,
Q143848,Q97007690,,,,,,,,,,,,,,,,,,,,,,,,,,,626802,,p=rostislav;n=rurikides;oc=13,,,,,,,,,,,,,,,,
Q143849,Q4411631,,,,,,,,,,,,,,,,,,,,,,,,,,,626818,,,,,,,,,,,,,,,,,,
Q143850,Q131731705,,,,,,,,,,,,,,,,,,,,,,,,,,,,,,,,,,,,,,,,,,,,,I00118402
Q143851,Q4534857,,,,,,,,,,,,,,,,,,,,,,,,,,,650,,p=iouri;n=rurikides;oc=4,,,,,,,,,,,,,,,,I00174666
Q143852,Q4065827,,,,,,,,,,,,,,,,,,,,,,,,,,,,,,,,,,,,,,,,,,,,,
Q143853,Q4397023,,,,,,,,,,,,,,,,,,,,,,,,,,,530583,,p=roman;n=rurikides;oc=6,,,,,,,,,,,,,,,,
Q143854,Q4113038,,,,,,,,,,,,,,,,,,,,,,,,,,,530589,,p=vladimir;n=rurikides,,,,,,,,,,,,,,,,
Q143855,Q4127280,,,,,,,,,,,,,,,,,,,,,,,,,,,530591,,p=vsevolod;n=rurikides;oc=20,,,,,,,,,,,,,,,,
Q143856,Q4411636,,,,,,,,,,,,,,,,,,,,,,,,,,,530593,,p=sviatoslav;n=rurikides;oc=5,,,,,,,,,,,,,,,,
Q143857,Q4538772,,,,,,,,,,,,,,,,,,,,,,,,,,,464981,,p=iaroslav;n=rurikides;oc=15,,,,,,,,,,,,,,,,
Q143858,Q4195643,,,,,,,,,,,,,,,,,,,,,,,,,,,137,,p=ivan;n=rurikides;oc=19,,,,,,,,,,,,,,,,
Q143859,Q6149119,,,,,,,,,,,,,,,,,,,,,,,,,,,,,,,,,,,,,,,,,,,,,
Q143860,Q1588868,,,,,,,,,,,,,,,,,,,,,,,,,,,,,p=toirdelbach;n=ua+briain,,,,,,,,,,,,p10286.htm#i102852,Toirdelbach_Ua_Briain_(1),,O'Brien-373,I00117053
Q143861,Q112962480,,,,,,,,,,,,,,,,,,,,,,,,,,,,,,,,,,,,,,,,,,,,,I00117054
Q143862,Q116073433,,,,,,,,,,,,,,,,,,,,,,,,,,,,,,,,,,,,,,,,,,,,,I00758615
Q143863,Q681228,,,,,,,,,,,,,,,,,,,,,,,,,,,1435964,,,,,,,,,,,,,,,Sigurd_Magnusson_(2),,Magnusson-197,
Q143864,Q888200,,,,,,,,,,,,,,,,,,,,,,,,,,,1435967,,,,,,,,,,,,,,,Inge_Magnusson_(1),,Magnusson-199,
Q143865,Q75393560,,,,,,,,,,,,,,,,,,,,,,,,,,,,,p=asta;n=n,,,,,,,,,,,,p11302.htm#i113011,,,,
Q143866,Q75291868,,,,,,,,,,,,,,,,,,,,,,,,,,,,,,,,,,,,,,,,,p4280.htm#i42794,,,,
Q143867,Q11979186,,,,,,,,,,,,,,,,,,,,,,,,,,,,,,,,,,,,,,,,,,,,Torbergson-1,
Q143868,Q8847180,,,,,,,,,,,,,,,,,,,,,,,,,,,,,,,,,,,,,,,,,,,,,
Q143869,Q9006142,,,,,,,,,,,,,,,,,,,,,,,,,,,,,,,,,,,,,,,,,,,,Sæmundsson-13,
Q143870,Q16426945,,,,,,,,,,,,,,,,,,,,,,,,,,,,,,,,,,,,,,,,,,,,,
Q143871,Q135527804,,,,,,,,,,,,,,,,,,,,,,,,,,,,,,,,,,,,,,,,,,,,Þórhallsdóttir-5,
Q143872,Q16426752,,,,,,,,,,,,,,,,,,,,,,,,,,,,,,,,,,,,,,,,,,,,Ormsdóttir-8,
Q143873,Q122961015,,,,,,,,,,,,,,,,,,,,,,,,,,,1435983,,,,,,,,,,,,,,,Unknown_Thora_(2),,UNKNOWN-55449,I00280210
Q143874,Q5464626,,,,,,,,,,,,,,,,,,,,,,,,,,,,,p=nn;n=folkvid,,,,,,,,,,,,p11302.htm#i113013,Folkvid_the_Lawspeaker_(1),,UNKNOWN-55536,I00361703
Q143875,Q967845,,,,,,,,,,,,,,,,,,,,,,,,,,,,,,,,,,,,,,,,,,Haakon_the_Crazy_(1),,Folkvidsson-1,I00361707
Q143876,Q122961061,,,,,,,,,,,,,,,,,,,,,,,,,,,57364,,p=gunhild;n=n,,,,,,,,,,,,,Gunnhild_Sylte_(2),,Asgautsdatter-2,I00091798
Q143877,Q920881,,,,,,,,,,,,,,,,,,,,,,,,,,,,,p=sigurd;n=yngling,,,,,,,,,,,,p11303.htm#i113027,Sigurd_Lavard_(1),,Sverresson-1,I00791637
Q143878,Q343084,,,,,,,,,,81650345,,,,,,,,,,,,,,,,,57416,,p=haakon;n=yngling;oc=3,,,sw.107585,,,,,,,,,p11303.htm#i113029,Håkon_III_of_Norway_(1),,Sverresson-4,I00049977
Q143879,Q75291880,,,,,,,,,,,,,,,,,,,,,,,,,,,,,,,,,,,,,,,,,p4281.htm#i42802,,,Sverresdatter-9,
Q143880,Q75393602,,,,,,,,,,,,,,,,,,,,,,,,,,,,,p=ingeburge;n=yngling;oc=1,,,,,,,,,,,,p11307.htm#i113067,,,Sverresdottir-1,I00280222
Q143881,Q75393545,,,,,,,,,,,,,,,,,,,,,,,,,,,,,,,,,,,,,,,,,p11300.htm#i112994,,,Bergtorsson-2,
Q143882,Q16649220,,,,,,,,,,,,,,,,,,,,,,,,,,,,,p=filip;n=folkungaatten;oc=1,,,,,,,,,,,,,,,Birgersson-38,I00280166
Q143883,Q320989,,,,,,12098,,,,15927651,,,,,,,,,,,,,,person/B5B13F2B-31B2-425E-8252-1DB6A10C972A,,,572601,,p=johan;n=sverkeratten;oc=1,,,dw.7097,,,,,,,,,p11307.htm#i113068,John_I_of_Sweden_(1),,Sverkersson-8,I00280196
Q143884,Q96240847,,,,,,,,,,,,,,,,,,,,,,,,,,,,,p=ne;n=n;oc=1576,,,,,,,,,,,,,,,,I00280171
Q143885,Q5811401,,,,,,,,,,,,,,,,,,,,,,,,,,,,,p=holmger;n=folkungaatten,,,,,,,,,,,,,,,,I00280197
Q143886,Q2366364,,,,,,34731,,,,,,,,,,,,,,,,,,,,,863141,,p=sune;n=folkungaatten,,,dw.7100,,,,,,,,,p11308.htm#i113080,Sune_Folkason_(1)|Sune_Folkunga_(1),,Folkesson-19,I00274983
Q143887,Q101247376,,,,,,,,,,,,,,,,,,,,,,,,,,,,,,,,,,,,,,,,,,,,Folkesdotter-9,I00307101
Q143888,Q519386,,,,,,,,,,,,,,,,,,,,,,,,,,,,,,,,,,,,,,,,,,,,Birgersson-46,I00280175
Q143889,Q62007901,,,,,,,,,,,,,,,,,,,,,,,,,,,,,p=cecilia;n=folkungaatten,,,,,,,,,,,,,Cecelia_Aspenäsätten_(1),,Knutsdotter-29,I00280180
Q143891,Q16187968,,,,,,,,,,,,,,,,,,,,,,,,,,,,,,,,,,,,,,,,,,,,,
Q143892,Q5770661,,,,,,,,,,,,,,,,,,,,,,,,,,,,,,,,,,,,,,,,,,,,,
Q143893,Q16172172,,,,,,,,,,,,,,,,,,,,,,,,,,,,,,,,,,,,,,,,,,,,,
Q143894,Q25433328,,,,,,,,,,,,,,,,,,,,,,,,,,,,,,,,,,,,,,,,,,,,,
Q143895,Q11957619,,,,,,,,,,,,,,,,,,,,,,,,,,,,,,,,,,,,,,,,,,Alv_Erlingsson_(1),,Erlingsson-1,I00500414
Q143896,Q5717887,,,,,,,,,,,,,,,,,,,,,,,,,,,,,,,,,,,,,,,,,,Erling_Alvson_Tanberg_(1),,Alvsøn-1,I00500416
Q143897,Q101248199,,,,,,,,,,,,,,,,,,,,,,,,,,,,,,,,,,,,,,,,,,,,,I00710149
Q143898,Q75291937,,,,,,,,,,,,,,,,,,,,,,,,,,,,,,,,,,,,,,,,,p4284.htm#i42837,,,Unknown-309082,I00298567
Q143899,Q438646,,,,,,,,,,,,,,,,,,,,,,,,,,,,,,,,sw.107588,,,,,,,,,p11304.htm#i113037,Margrét_Skúladóttir_(1),,Skulesdatter-10,I00049975
Q143900,Q75393563,,,,,,,,,,,,,,,,,,,,,,,,,,,,,p=cyrid;n=n,,,,,,,,,,,,p11302.htm#i113016,,,Tofte-32,I00361710
Q143901,Q75393565,,,,,,,,,,,,,,,,,,,,,,,,,,,,,p=guttorm;n=guttormson,,,,,,,,,,,,p11302.htm#i113017,,,Ingesson-2,I00361711
Q143902,Q8963690,,,,,,,,,,,,,,,,,,,,,,,,,,,,,,,,,,,,,,,,,,,,,
Q143903,Q5853722,,,,,,,,,,,,,,,,,,,,,,,,,,,,,,,,,,,,,,,,,,,,,
Q143904,Q24052596,,,,,,,,,,,,,,,,,,,,,,,,,,,,,,,,,,,,,,,,,,,,,
Q143905,Q5777466,,,,,,,,,,,,,,,,,,,,,,,,,,,,,,,,,,,,,,,,,,,,,
Q143906,Q312589,,,,,,,,,,,,,,,,,,,,,,,,,,,193748,,,,,,,,,,,,,,p10291.htm#i102906,Domnall_Unknown_(2),,MacAlpin-31,I00022615
Q143907,Q75382729,,,,,,,,,,,,,,,,,,,,,,,,,,,,,,,,,,,,,,,,,p10291.htm#i102902,Unknown_(27612),,MacAlpin-5,
Q143908,Q75385042,,,,,,,,,,,,,,,,,,,,,,,,,,,,,,,,,,,,,,,,,p10528.htm#i105278,,,,
Q143909,Q3035615,,,,,,,,,,,,,,,,,,,,,,,,,,,,,,,,,,,,,,,,,p10528.htm#i105279,,,,
Q143910,Q5467211,,,,,,,,,,,,,,,,,,,,,,,,,,,,,,,,,,,,,,,,,,Forbassach_Mac_Ailella_(1),,Mac_Ailella-9,
Q143911,Q1143330,,,,,,,,,,,,,,,,,,,,,,,,,,,,,,,,,,,,,,,,,p15011.htm#i150110,Niall_Frossach_(1),,Macfergal-1,
Q143912,Q76121929,,,,,,,,,,,,,,,,,,,,,,,,,,,,,,,,,,,,,,,,,p54615.htm#i546142,,,Ingen_Breasal-1,
Q143913,Q76121937,,,,,,,,,,,,,,,,,,,,,,,,,,,,,p=maele duin;n=mac aedh,,,,,,,,,,,,p54615.htm#i546147,Maelduin_Mac_Aedh_(1),,Mac_Aedh-1,
Q143914,Q16199842,,,,,,,,,,,,,,,,,,,,,,,,,,,,,,,,,,,,,,,,,p54615.htm#i546144,Indrechtach_Mac_Muireadach_(1)|Indrechtach_mac_Muiredaig_(1),,Mac_Muiredach-10,
Q143915,Q76121950,,,,,,,,,,,,,,,,,,,,,,,,,,,,,,,,,,,,,,,,,p54616.htm#i546157,,,,
Q143916,Q5158060,,,,,,,,,,,,,,,,,,,,,,,,,,,,,p=conaing;n=mac flainn,,,,,,,,,,,,p54616.htm#i546159,Conaing_mac_Flainn_(1)|King_Conang_(1),,Mac_Flainn-2,
Q143917,Q1277671,,,,,,,,,,,,,,,,,,,,,,,,,,,,,p=domnall midi;n=o neill,,,,,,,,,,,,p15011.htm#i150109,Domhnal_Mac_Murchadh_(1),,Mac_Murchada-13,
Q143918,Q2589416,,,,,,,,,,,,,,,,,,,,,,,,,,,,,,,,,,,,,,,,,,Muiredach_mac_Domnaill_Midi_(1),,Mac_Domnaill-13,
Q143919,Q2112306,,,,,,,,,,,,,,,,,,,,,,,,,,,,,,,,,,,,,,,,,,,,Mac_Donnchada_Midi-2,
Q143920,Q19918149,,,,,,,,,,,,,,,,,,,,,,,,,,,,,,,,,,,,,,,,,,,,,
Q143921,Q76121966,,,,,,,,,,,,,,,,,,,,,,,,,,,,,,,,,,,,,,,,,p54617.htm#i546168,,,,
Q143922,Q75675840,,,,,,,,,,,,,,,,,,,,,,,,,,,,,,,,,,,,,,,,,p28410.htm#i284093,,,Mac_Flann-1,
Q143923,Q80246079,,,,,,,,,,,,,,,,,,,,,,,,,,,,,,,,,,,,,,,,,,,,,
Q143924,Q80239641,,,,,,,,,,,,,,,,,,,,,,,,,,,,,,,,,,,,,,,,,,,,,
Q143925,Q80239655,,,,,,,,,,,,,,,,,,,,,,,,,,,,,,,,,,,,,,,,,,,,,
Q143926,Q80239665,,,,,,,,,,,,,,,,,,,,,,,,,,,,,,,,,,,,,,,,,,,,,
Q143927,Q2973039,,,,,,,,,,,,,,,,,,,,,,,,,,,,,p=cinaed;n=mac conaing,,,,,,,,,,,,,Cináed_mac_Conaing_(1),,Mac_Conaing-10,
Q143928,Q2944246,,,,,,,,,,,,,,,,,,,,,,,,,,,,,p=cennetig+cineadh;n=mac+lorccain,,,,,,,,,,,,p18895.htm#i188941,Cennétig_mac_Lorcáin_(1),,Mac_Lorcain-5,I00424558
Q143929,Q6933204,,,,,,,,,,,,,,,,,,,,,,,,,,,,,p=muirecain;n=mac diarmata,,,,,,,,,,,,,Muirecán_mac_Diarmata_(1),,Mac_Diarmata-105,
Q143930,Q5291294,,,,,,,,,,,,,,,,,,,,,,,,,,,,,,,,,,,,,,,,,,Domnall_mac_Muirecáin_(1),,Mac_Muirecáin-2,
Q143931,Q7674563,,,,,,,,,,,,,,,,,,,,,,,,,,,,,p=tadg;n=na t tri t tor,,,,,,,,,,,,p54391.htm#i543905,Tadg_Mac_Cathal_(1),,MacCathal-2,
Q143932,Q75451345,,,,,,,,,,,,,,,,,,,,,,,,,,,,,,,,,,,,,,,,,p15013.htm#i150127,,,Mac_Máel_Sechnaill-4,
Q143933,Q76121989,,,,,,,,,,,,,,,,,,,,,,,,,,,,,,,,,,,,,,,,,p54619.htm#i546185,,,,
Q143934,Q3073239,,,,,,,,,,,,,,,,,,,,,,,,,,,,,,,,,,,,,,,,,p28409.htm#i284090,Flaithbertach_Ua_Néill_(1),,O'Neill-1577,
Q143935,Q5960094,,,,,,,,,,,,,,,,,,,,,,,,,,,,,,,,,,,,,,,,,,,,,
Q143936,Q106188307,,,,,,,,,,,,,,,,,,,,,,,,,,,,,,,,,,,,,,,,,,,,,
Q143937,Q3026351,,,,,,,,,,,,,,,,,,,,,,,,,,,,,p=diarmait;n=mac+mael+na+mbo,,,,,,,,,,,,p10286.htm#i102856,Diarmait_mac_Máel_na_mBó_(1),,Leinster-60,I00300981
Q143938,Q16652509,,,,,,,,,,,,,,,,,,,,,,,,,,,,,,,,,,,,,,,,,,,,,
Q143939,Q133796451,,,,,,,,,,,,,,,,,,,,,,,,,,,,,,,,,,,,,,,,,,,,Falkason-1,
Q143940,Q559109,,,,,,,,,,,,,,,,,,,,,,,,,,,145250,,,,,,,,,,,,,,,,,,
Q143941,Q426684,,,,,,,,,,,,,,,,,,,,,,,,,,,,,,,,,,,,,,,,,,Dyggvi_Unknown_(1),,Domarsson-5,
Q143942,Q519483,,,,,,,,,,,,,,,,,,,,,,,,,,,,,,,,,,,,,,,,,,,,Toxandrie-23,I00253572
Q143943,Q1542092,,,,,,,,,,,,,,,,,,,,,,,,,,,273313,,,,,,,,,,,,,,,Sextus_Claudius_Petronius_Probus_(1),,Probus-3,I00771208
Q143944,Q1270265,,,,,,,,,,,,,,,,,,,,,,,,,,,,,,,,,,,,,,,,,,,,,
Q143945,Q8263136,,,,,,,,,,,,,,,,,,,,,,,,,,,302261,,p=ava raymondez;n=de ribagorza,,,,,,,,,,,,p41650.htm#i416500,Ava_De_Riborgaza_(1),,Ribagorza-2,I00106135
Q143946,Q76300429,,,,,,,,,,,,,,,,,,,,,,,,,,,,,,,,,,,,,,,,,p67301.htm#i673005,,,,
Q143947,Q76298817,,,,,,,,,,,,,,,,,,,,,,,,,,,,,,,,,,,,,,,,,p67178.htm#i671773,,,,
Q143948,Q76298804,,,,,,,,,,,,,,,,,,,,,,,,,,,,,,,,,,,,,,,,,p67177.htm#i671765,,,,
Q143949,Q76298684,,,,,,,,,,,,,,,,,,,,,,,,,,,,,,,,,,,,,,,,,p67170.htm#i671692,,,,
Q143950,Q76298806,,,,,,,,,,,,,,,,,,,,,,,,,,,,,,,,,,,,,,,,,p67177.htm#i671766,,,,
Q143951,Q76298977,,,,,,,,,,,,,,,,,,,,,,,,,,,,,,,,,,,,,,,,,p67188.htm#i671874,,,,
Q143952,Q76298833,,,,,,,,,,,,,,,,,,,,,,,,,,,,,,,,,,,,,,,,,p67179.htm#i671783,,,,
Q143953,Q76298890,,,,,,,,,,,,,,,,,,,,,,,,,,,,,,,,,,,,,,,,,p67182.htm#i671818,,,,
Q143954,Q76298498,,,,,,,,,,,,,,,,,,,,,,,,,,,,,,,,,,,,,,,,,p67158.htm#i671577,,,,
Q143955,Q76298649,,,,,,,,,,,,,,,,,,,,,,,,,,,,,,,,,,,,,,,,,p67167.htm#i671670,,,,
Q143956,Q76298667,,,,,,,,,,,,,,,,,,,,,,,,,,,,,,,,,,,,,,,,,p67168.htm#i671680,,,,
Q143957,Q76298773,,,,,,,,,,,,,,,,,,,,,,,,,,,,,,,,,,,,,,,,,p67175.htm#i671747,,,,
Q143958,Q76299175,,,,,,,,,,,,,,,,,,,,,,,,,,,,,,,,,,,,,,,,,p67201.htm#i672008,,,,
Q143959,Q76298811,,,,,,,,,,,,,,,,,,,,,,,,,,,,,,,,,,,,,,,,,p67177.htm#i671769,,,,
Q143960,Q825262,,,,,,,,,,,,,,,,,,,,,,,,,,,1019177,,p=hugues;n=de vaudemont;oc=2,,,,,,,,,,,,,Hugh_of_Vaudemont_(2),,,I00163417
Q143961,Q22337634,,,,,,,,,,,,,,,,,,,,,,,,,,,1019179,,p=hadwide;n=de reynel,,,,,,,,,,,,,Hedwige_of_Raynel_(1),,,I00163418
Q143962,Q124459549,,,,,,,,,,,,,,,,,,,,,,,,,,,,,,,,,,,,,,,,,,,,,
Q143963,Q2706111,,,,,,,,,,,,,,,,,,,,,,,,,,,,,p=guaimario;n=di salerno;oc=3,,,,,,,,,,,,,Guaimar_of_Salerno_(1),,Salerno-40,I00304056
Q143964,Q2705969,,,,,,,,,,,,,,,,,,,,,,,,,,,,,p=guaimario;n=di salerno;oc=2,,,,,,,,,,,,,Guaimar_of_Salerno_(2),,Salerno-34,
Q143965,Q2344194,,,,,,,,,,,,,,,,,,,,,,,,,,,,,p=radelchi;n=di benevento,,,,,,,,,,,,,,,Benevento-17,I00772011
Q143966,Q2656257,,,,,,,,,,,,,,,,,,,,,,,,,,,,,p=aione;n=di benevento;oc=2,,,,,,,,,,,,,,,Benevento-29,
Q143967,Q2979288,,,,,,,,,,,,,,,,,,,,,,,,,,,,,,,,,,,,,,,,,,,,,
Q143968,Q2178216,,,,,,,,,,,,,,,,,,,,,,,,,,,802873,,p=bonifacio;n=di toscana;oc=1,,,,,,,,,,,,,"Bonifacio,_Count_di_Lucca_(1)",,Toscana-6,I00304058
Q143969,Q44303,,,,,,,,,,,,,,,,,,,,,,,,,,,,,,,,,,,,,,,,,,,,,
Q143970,Q44978,,,,,,,,,,,,,,,,,,,,,,,,,,,447763,,p=theodora;n=n;oc=5,,,,,,,,,,,,,Theodora_(2),,Unknown-156260,I00312812
Q143971,Q1438630,,,,,,,,,,,,,,,,,,,,,,,,,,,447799,,p=theodora;n=di+tuscolo,,,,,,,,,,,,,,,,I00442545
Q143972,Q433400,,,,,,,,,,,,,,,,,,,,,,,,,,,482895,,p=alberico;n=di spoleto;oc=1,,,,,,,,,,,,,Alberic_I_of_Spoleto_(1),,Spoleto-24,I00312809
Q143973,Q181959,,,,,,,,,,8824003,,,,,,,,,,,,,,,,,447588,,,,,,,,,,,,,,,,,Di_Roma-29,I00442502
Q143974,Q76101983,,,,,,,,,,,,,,,,,,,,,,,,,,,,,,,,,,,,,,,,,p53187.htm#i531863,,,,
Q143976,Q76300045,,,,,,,,,,,,,,,,,,,,,,,,,,,,,,,,,,,,,,,,,p67270.htm#i672692,,,,
Q143977,Q76300096,,,,,,,,,,,,,,,,,,,,,,,,,,,,,,,,,,,,,,,,,p67273.htm#i672729,,,,
Q143978,Q76300050,,,,,,,,,,,,,,,,,,,,,,,,,,,740889,,p=buckhard;n=von nellenburg,,,,,,,,,,,,p67270.htm#i672695,,,Nellenburg-5,
Q143979,Q76300080,,,,,,,,,,,,,,,,,,,,,,,,,,,,,,,,,,,,,,,,,p67272.htm#i672718,,,,
Q143980,Q76300113,,,,,,,,,,,,,,,,,,,,,,,,,,,,,,,,,,,,,,,,,p67275.htm#i672743,,,,
Q143981,Q3094903,,,,,,,,,,,,,,,,,,,,,,,,,,,140666,,p=galeran;n=de chartres,,,,,,,,,,,,,Galeran_De_Meulan_(8),,Meulan-17,I00452400
Q143982,Q3094902,,,,,,,,,,,,,,,,,,,,,,,,,,,140667,,p=galeran;n=de meulan;oc=2,,,,,,,,,,,,,Galeran_de_Meulan_(1),,Meulan-26,I00452398
Q143983,Q15048853,,,,,,,,,,,,,,,,,,,,,,,,person/5e3d1f68-fdff-4f12-b74d-db3f63dd231d,,,,,,,,,,,,,,,,,,,,,
Q143984,Q15621699,,,,,,,,,,,,,,,,,,,,,,,,person/e0f32d13-3dbb-4abf-804c-354f429b5eac,,,,,,,,,,,,,,,,,,,,,
Q143985,Q76300329,,,,,,,,,,,,,,,,,,,,,,,,,,,,,,,,,,,,,,,,,p67292.htm#i672919,,,,
Q143986,Q56682591,,,,,,,,,,,,,,,,,,,,,,,,,,,306156,,,,,,,,,,,,,,,Avemelle_De_Montfort_(1),,Montfort-91,
Q143987,Q116007154,,,,,,,,,,,,,,,,,,,,,,,,,,,,,,,,,,,,,,,,,,,,,I00177502
Q143988,Q24970748,,,,,,,,,,,,,,,,,,,,,,,,,,,307316,,p=hugues;n=de chateaudun;oc=2,,,,,,,,,,,,,"Hugues,_Vicomte_de_Châteaudun_(1)",,,
Q143990,Q76300701,,,,,,,,,,,,,,,,,,,,,,,,,,,,,,,,,,,,,,,,,p67321.htm#i673202,,,,
Q143991,Q76300739,,,,,,,,,,,,,,,,,,,,,,,,,,,,,,,,,,,,,,,,,p67323.htm#i673229,,,,
Q143992,Q76300728,,,,,,,,,,,,,,,,,,,,,,,,,,,,,,,,,,,,,,,,,p67323.htm#i673221,,,,
Q143993,Q76300763,,,,,,,,,,,,,,,,,,,,,,,,,,,,,,,,,,,,,,,,,p67325.htm#i673246,,,,I00197486
Q143994,Q76300044,,,,,,,,,,,,,,,,,,,,,,,,,,,,,,,,,,,,,,,,,p67270.htm#i672691,,,,
Q143995,Q76299918,,,,,,,,,,,,,,,,,,,,,,,,,,,,,,,,,,,,,,,,,p67258.htm#i672572,,,,I00197487
Q143996,Q65224637,,,,,,,,,,,,,,,,,,,,,,,,,,,1248366,,,,,,,,,,,,,,p67271.htm#i672707,,,,I00434190
Q143997,Q76300797,,,,,,,,,,,,,,,,,,,,,,,,,,,,,,,,,,,,,,,,,p67328.htm#i673272,,,Von_Wangen-3,I00107928
Q143998,Q122191672,,,,,,,,,,,,,,,,,,,,,,,,,,,,,,,,,,,,,,,,,,,,,
Q143999,Q61140443,,,,,,,,,,,,,,,,,,,,,,,,,,,,,p=rudolf;n=von montfort;oc=1,,,,,,,,,,,,,Rudolf_von_Werdenberg_(1),,Werdenberg-11,I00108802
Q144000,Q1395529,,,,,,,,,,,,,,,,,,,,,,,,,,,,,,,,,,,,,,,,,,,,,I00107929
Q144001,Q66084646,,,,,,,,,,,,,,,,,,,,,,,,,,,913485,,p=hugo;n=von montfort;oc=7,,,,,,,,,,,,,,,Montfort-Bregenz-1,I00107924
Q144002,Q66115758,,,,,,,,,,,,,,,,,,,,,,,,,,,,,p=emich;n=von kyrburg,,,,,,,,,,,,p67259.htm#i672583|p11718.htm#i117172,,,,I00164599
Q144003,Q76300803,,,,,,,,,,,,,,,,,,,,,,,,,,,,,p=heinrich;n=von werd,,,,,,,,,,,,p67328.htm#i673276|p67328.htm#i673277,,,,I00200739
Q144004,Q76299933,,,,,,,,,,,,,,,,,,,,,,,,,,,,,p=gottfried;n=von kyrburg,,,,,,,,,,,,p67259.htm#i672584,,,,I00164703
Q144005,Q64854635,,,,,,,,,,,,,,,,,,,,,,,,,,,,,p=heinrich siegeberg;n=von werd,,,,,,,,,,,,p67328.htm#i673278,,,,I00200740
Q144006,Q116004938,,,,,,,,,,,,,,,,,,,,,,,,,,,,,p=gisela;n=von kyrburg,,,,,,,,,,,,,,,,I00125297
Q144007,Q17123235,,,,,,,,,,,,,,,,,,,,,,,,,,,,,,,,,,,,,,,,,,,,,
Q144008,Q75398243,,,,,,,,,,,,,,,,,,,,,,,,,,,,,,,,,,,,,,,,,p11718.htm#i117171,,,,
Q144009,Q1335693,,,,,,,,,,,,,,,,,,,,,,,,,,,,,,,,,,,,,,,,,,,,,
Q144010,Q110260808,,,,,,,,,,,,,,,,,,,,,,,,,,,,,,,,,,,,,,,,,,,,,
Q144011,Q5935468,,,,,,,,,,,,,,,,,,,,,,,,,,,,,,,,,,,,,,,,,,Æthelfrith_of_Wessex_(1),,Mercia-267,
Q144012,Q96087194,,,,,,,,,,,,,,,,,,I24553,,,,,,,,,,,,,,,,,,,,,,,,,,,
Q144013,Q96087192,,,,,,,,,,,,,,,,,,I24552,,,,,,,,,,,,,,,,,,,,,,,,,,,
Q144014,Q96087196,,,,,,,,,,,,,,,,,,I24554,,,,,,,,,,,,,,,,,,,,,,,,,,,
Q144015,Q96087197,,,,,,,,,,,,,,,,,,I24555,,,,,,,,,,,,,,,,,,,,,,,,,,,
Q144016,Q3357482,,,,,,,,,,,,,,,,,,,,,,,,,,,110788,,p=oswulf;n=of bamburgh,,,,,,,,,,,,,Osulf_Unknown_(1),,Northumbria-3,I00435083
Q144017,Q1231359,,,,,,,,,,,,,,,,,,,,,,,,,,,948861,,,,,,,,,,,,,,p58993.htm#i589923,Aldune_Durham_(1),,Durham-322,I00108328
Q144018,Q76186270,,,,,,,,,,,,,,,,,,,,,,,,,,,,,,,,,,,,,,,,,p58995.htm#i589945,,,,
Q144019,Q403403,,,,,,,,,,,,,,,,,,,,,,,,,,,,,,,,,,,,,,,,,,,,,
Q144020,Q15483438,,,,,,,,,,,,,,,,,,,,,,,,,,,,,,,,,,,,,,,,,,,,,I00738746
Q144021,Q3111688,,,,,,,,,,,,,,,,,,,,,,,,,,,401252,,,,,,,,,,,,,,,,,,I00738744
Q144022,Q2062146,,,,,,,,,,,,,,,,,,,,,,,,,,,,,,,,,,,,,,,,,,,,,
Q144023,Q42297524,,,,,,,,,,,,,,,,,,,,,,,,,,,,,,,,,,,,,,,,,,,,,I00736526
Q144024,Q62056334,,,,,,,,,,,,,,,,,,,,,,,,,,,,,,,,,,,,,,,,,,,,,
Q144025,Q2998634,,,,,,,,,,,,,,,,,,,,,,,,,,,,,,,,,,,,,,,,,,,,,I00736385
Q144026,Q1269387,,,,,,,,,,,,,,,,,,,,,,,,,,,,,,,,,,,,,,,,,,,,,I00738135
Q144027,Q89588511,,,,,,,,,,,,,,,,,,,,,,,,,,,,,,,,,,,,,,,,,,,,,
Q144028,Q52485,,,,,,,,,,,,,,,,,,,,,,,,,,,,,,,,,,,,,,,,,,,,,
Q144029,Q712195,,,,,,,,,,,,,,,,,,,,,,,,,,,,,,,,,,,,,,,,,,,,,
Q144030,Q4269988,,,,,,,,,,,,,,,,,,,,,,,,,,,,,,,,,,,,,,,,,,,,,
Q144031,Q15715169,,,,,,,,,,,,,,,,,,,,,,,,,,,,,,,,,,,,,,,,,,,,,
Q144032,Q725696,,,,,,,,,,,,,,,,,,,,,,,,,,,167465,,,,,,,,,,,,,,,Gnaeus_Domitius_Ahenobarbus_(consul_162_BC)_(1),,,I00735892
Q144033,Q11924399,,,,,,,,,,,,,,,,,,,,,,,,,,,,,,,,,,,,,,,,,,,,,
Q144034,Q868070,,,,,,,,,,,,,,,,,,,,,,,,,,,,,,,,,,,,,,,,,,,,,I00801013
Q144035,Q939993,,,,,,,,,,,,,,,,,,,,,,,,,,,,,,,,,,,,,,,,,,,,,I00801022
Q144036,Q448195,,,,,,,,,,,,,,,,,,,,,,,,,,,,,,,,,,,,,,,,,,,,,I00801024
Q144037,Q1339771,,,,,,,,,,,,,,,,,,,,,,,,,,,1010701,,,,,,,,,,,,,,,,,,I00716799
Q144038,Q4281788,,,,,,,,,,,,,,,,,,,,,,,,,,,,,,,,,,,,,,,,,,,,,
Q144039,Q4281785,,,,,,,,,,,,,,,,,,,,,,,,,,,,,,,,,,,,,,,,,,,,,I00735965
Q144040,Q462249,,,,,,,,,,,,,,,,,,,,,,,,,,,1465095,,,,,,,,,,,,,,,,,,
Q144041,Q2577717,,,,,,,,,,,,,,,,,,,,,,,,,,,,,,,,,,,,,,,,,,,,,I00735898
Q144042,Q255448,,,,,,,,,,,,,,,,,,,,,,,,,,,,,,,,,,,,,,,,,,Porcia_Catonis_(1),,,I00716795
Q144043,Q1359509,,,,,,,,,,,,,,,,,,,,,,,,,,,,,,,,,,,,,,,,,,Marcus_Porcius_Cato_(son_of_Cato_the_Younger)_(1),,,I00716794
Q144044,Q765997,,,,,,,,,,,,,,,,,,,,,,,,,,,,,,,,,,,,,,,,,,Quintus_Servilius_Caepio_(2),,,I00716802
Q144045,Q20101622,,,,,,,,,,,,,,,,,,,,,,,,,,,,,,,,,,,,,,,,,,,,,
Q144046,Q934699,,,,,,,,,,,,,,,,,,,,,,,,,,,1465100,,,,,,,,,,,,,,,,,,
Q144047,Q868058,,,,,,,,,,,,,,,,,,,,,,,,,,,1465099,,,,,,,,,,,,,,,,,,
Q144048,Q20005189,,,,,,,,,,,,,,,,,,,,,,,,,,,,,,,,,,,,,,,,,,,,,
Q144049,Q1236163,,,,,,,,,,,,,,,,,,,,,,,,,,,1465142,,,,,,,,,,,,,,,,,,
Q144050,Q1491515,,,,,,,,,,,,,,,,,,,,,,,,,,,,,,,,,,,,,,,,,,,,,
Q144051,Q11934104,,,,,,,,,,,,,,,,,,,,,,,,,,,,,,,,,,,,,,,,,,,,,I00736125
Q144052,Q382007,,,,,,,,,,,,,,,,,,,,,,,,,,,132742,,,,,,,,,,,,,,,Appius_Claudius_Pulcher_(3),,,I00735567
Q144053,Q586046,,,,,,,,,,,,,,,,,,,,,,,,,,,132744,,,,,,,,,,,,,,,,,,
Q144054,Q441474,,,,,,,,,,,,,,,,,,,,,,,,,,,132743,,,,,,,,,,,,,,,,,,
Q144055,Q106042440,,,,,,,,,,,,,,,,,,,,,,,,,,,,,,,,,,,,,,,,,,,,,
Q144056,Q443505,,,,,,,,,,,,,,,,,,,,,,,,,,,,,,,,,,,,,,,,,,Tiberius_Gracchus_the_Elder_(1),,,I00735493
Q144057,Q234533,,,,,,,,,,,,,,,,,,,,,,,,,,,523977,,,,,,,,,,,,,,,Cornelia_Africana_(1),,,I00735494
Q144058,Q3656094,,,,,,,,,,,,,,,,,,,,,,,,,,,,,,,,,,,,,,,,,,Sempronia_(sister_of_the_Gracchi)_(1),,,I00735626
Q144059,Q940162,,,,,,,,,,,,,,,,,,,,,,,,,,,,,,,,,,,,,,,,,,,,,
Q144060,Q929498,,,,,,,,,,,,,,,,,,,,,,,,,,,412198,,,,,,,,,,,,,,,Quintus_Caecilius_Metellus_(consul_206_BC)_(1),,,I00735441
Q144061,Q703354,,,,,,,,,,,,,,,,,,,,,,,,,,,412193,,,,,,,,,,,,,,,Lucius_Caecilius_Metellus_Calvus_(1),,,I00735449
Q144062,Q3655476,,,,,,,,,,,,,,,,,,,,,,,,,,,1465078,,,,,,,,,,,,,,,,,,I00735462
Q144063,Q392647,,,,,,,,,,,,,,,,,,,,,,,,,,,1465077,,,,,,,,,,,,,,,,,,I00735461
Q144064,Q31200869,,,,,,,,,,,,,,,,,,,,,,,,,,,1465080,,,,,,,,,,,,,,,,,,
Q144065,Q31201175,,,,,,,,,,,,,,,,,,,,,,,,,,,1465090,,,,,,,,,,,,,,,,,,
Q144066,Q1338934,,,,,,,,,,,,,,,,,,,,,,,,,,,,,,,,,,,,,,,,,,,,,
Q144067,Q1241380,,,,,,,,,,,,,,,,,,,,,,,,,,,,,,,,,,,,,,,,,,Publius_Serapio_(1),,,I00735448
Q144068,Q114804199,,,,,,,,,,,,,,,,,,,,,,,,,,,,,,,,,,,,,,,,,,,,,
Q144069,Q114804187,,,,,,,,,,,,,,,,,,,,,,,,,,,,,,,,,,,,,,,,,,,,,
Q144070,Q521670,,,,,,,,,,,,,,,,,,,,,,,,,,,,,,,,,,,,,,,,,,,,,
Q144071,Q716151,,,,,,,,,,,,,,,,,,,,,,,,,,,,,,,,,,,,,,,,,,,,,
Q144072,Q1358824,,,,,,,,,,,,,,,,,,,,,,,,,,,90672,,,,,,,,,,,,,,,Marcus_Junius_Brutus_the_Elder_(1),,,I00716797
Q144073,Q940041,,,,,,,,,,,,,,,,,,,,,,,,,,,1465539,,,,,,,,,,,,,,,,,,
Q144074,Q442599,,,,,,,,,,,,,,,,,,,,,,,,,,,1010723,,,,,,,,,,,,,,,Junia_Tertia_(1),,,I00716804
Q144075,Q12299554,,,,,,,,,,,,,,,,,,,,,,,,,,,,,,,,,,,,,,,,,,,,,I00716803
Q144076,Q458528,,,,,,,,,,,,,,,,,,,,,,,,,,,,,,,,,,,,,,,,,,Junia_Secunda_(1),,,I00716806
Q144077,Q691847,,,,,,,,,,,,,,,,,,,,,,,,,,,1465838,,,,,,,,,,,,,,,,,,I00736105
Q144078,Q281025,,,,,,,,,,,,,,,,,,,,,,,,,,,412202,,,,,,,,,,,,,,,,,,I00735454
Q144079,Q95442176,,,,,,,,,,,,,,,,,,,,,,,,,,,,,,,,,,,,,,,,,,,,,
Q144080,Q1241440,,,,,,,,,,,,,,,,,,,,,,,,,,,,,,,,,,,,,,,,,,,,,
Q144081,Q11941997,,,,,,,,,,,,,,,,,,,,,,,,,,,,,,,,,,,,,,,,,,,,,
Q144082,Q772930,,,,,,,,,,,,,,,,,,,,,,,,,,,,,,,,,,,,,,,,,,,,,
Q144083,Q57329994,,,,,,,,,,,,,,,,,,,,,,,,,,,,,,,,,,,,,,,,,,,,,
Q144084,Q108941507,,,,,,,,,,,,,,,,,,,,,,,,,,,,,,,,,,,,,,,,,,,,,
Q144085,Q1245038,,,,,,,,,,,,,,,,,,,,,,,,,,,,,,,,,,,,,,,,,,,,,
Q144086,Q1238506,,,,,,,,,,,,,,,,,,,,,,,,,,,,,,,,,,,,,,,,,,,,,
Q144087,Q134349000,,,,,,,,,,,,,,,,,,,,,,,,,,,,,,,,,,,,,,,,,,,,,
Q144088,Q666605,,,,,,,,,,,,,,,,,,,,,,,,,,,,,,,,,,,,,,,,,,,,,
Q144089,Q1159574,,,,,,,,,,,,,,,,,,,,,,,,,,,,,,,,,,,,,,,,,,,,,I00736107
Q144090,Q12286126,,,,,,,,,,,,,,,,,,,,,,,,,,,,,,,,,,,,,,,,,,,,,
Q144091,Q108540685,,,,,,,,,,,,,,,,,,,,,,,,,,,,,,,,,,,,,,,,,,,,,
Q144092,Q728527,,,,,,,,,,,,,,,,,,,,,,,,,,,,,,,,,,,,,,,,,,,,,
Q144093,Q107588222,,,,,,,,,,,,,,,,,,,,,,,,,,,,,,,,,,,,,,,,,,,,,
Q144094,Q1533143,,,,,,,,,,,,,,,,,,,,,,,,,,,,,,,,,,,,,,,,,,,,,
Q144095,Q1533142,,,,,,,,,,,,,,,,,,,,,,,,,,,,,,,,,,,,,,,,,,,,,
Q144096,Q1283535,,,,,,,,,,,,,,,,,,,,,,,,,,,,,,,,,,,,,,,,,,,,,I00735630
Q144097,Q384571,,,,,,,,,,,,,,,,,,,,,,,,,,,,,,,,,,,,,,,,,,,,,I00801093
Q144098,Q12297451,,,,,,,,,,,,,,,,,,,,,,,,,,,,,,,,,,,,,,,,,,,,,
Q144099,Q114804519,,,,,,,,,,,,,,,,,,,,,,,,,,,,,,,,,,,,,,,,,,,,,
Q144100,Q106767404,,,,,,,,,,,,,,,,,,,,,,,,,,,,,,,,,,,,,,,,,,,,,
Q144101,Q4159577,,,,,,,,,,,,,,,,,,,,,,,,,,,,,,,,,,,,,,,,,,,,,
Q144102,Q2334126,,,,,,,,,,,,,,,,,,,,,,,,,,,,,,,,,,,,,,,,,,Atilia_(1),,,I00716792
Q144103,Q529884,,,,,,,,,,,,,,,,,,,,,,,,person/49C6F911-EDE3-4431-996F-DC96C97F00EA,,,1465065,,,,,,,,,,,,,,,,,,I00735580
Q144104,Q2116466,,,,,,,,,,,,,,,,,,,,,,,,,,,,,,,,,,,,,,,,,,,,,
Q144105,Q97825598,,,,,,,,,,,,,,,,,,,,,,,,,,,,,,,,,,,,,,,,,,,,,
Q144106,Q97824749,,,,,,,,,,,,,,,,,,,,,,,,,,,,,,,,,,,,,,,,,,,,,
Q144107,Q542769,,,,,,,,,,,,,,,,,,,,,,,,,,,,,,,,,,,,,,,,,,,,,
Q144108,Q378683,,,,,,,,,,,,,,,,,,,,,,,,,,,1465092,,,,,,,,,,,,,,,,,,
Q144109,Q451597,,,,,,,,,,,,,,,,,,,,,,,,,,,,,,,,,,,,,,,,,,,,,
Q144110,Q666740,,,,,,,,,,,,,,,,,,,,,,,,,,,,,,,,,,,,,,,,,,,,,I00736027
Q144111,Q435226,,,,,,,,,,,,,,,,,,,,,,,,,,,,,,,,,,,,,,,,,,,,,
Q144112,Q710717,,,,,,,,,,,,,,,,,,,,,,,,,,,,,,,,,,,,,,,,,,,,,I00736026
Q144113,Q3132611,,,,,,,,,,,,,,,,,,,,,,,,,,,,,,,,,,,,,,,,,,"Marcia,_mother_of_Trajan_(1)",,,I00446831
Q144114,Q319273,,,,,,,,,,,,,,,,,,,,,,,,,,,,,,,,,,,,,,,,,,,,,
Q144115,Q12282789,,,,,,,,,,,,,,,,,,,,,,,,,,,,,,,,,,,,,,,,,,,,,
Q144116,Q11907072,,,,,,,,,,,,,,,,,,,,,,,,,,,,,,,,,,,,,,,,,,,,,
Q144117,Q109407034,,,,,,,,,,,,,,,,,,,,,,,,,,,,,,,,,,,,,,,,,,,,,
Q144118,Q709926,,,,,,,,,,,,,,,,,,,,,,,,,,,165477,,,,,,,,,,,,,,,,,,I00735962
Q144119,Q11033721,,,,,,,,,,,,,,,,,,,,,,,,,,,,,,,,,,,,,,,,,,,,,
Q144120,Q11033881,,,,,,,,,,,,,,,,,,,,,,,,,,,1464984,,,,,,,,,,,,,,,,,,
Q144121,Q11935165,,,,,,,,,,,,,,,,,,,,,,,,,,,,,,,,,,,,,,,,,,,,,
Q144122,Q2066659,,,,,,,,,,,,,,,,,,,,,,,,,,,,,,,,,,,,,,,,,,,,,I00736053
Q144123,Q746582,,,,,,,,,,,,,,,,,,,,,,,,,,,,,,,,,,,,,,,,,,,,,I00736056
Q144124,Q12284962,,,,,,,,,,,,,,,,,,,,,,,,,,,,,,,,,,,,,,,,,,,,,
Q144125,Q773031,,,,,,,,,,,,,,,,,,,,,,,,,,,,,,,,,,,,,,,,,,,,,
Q144126,Q11942503,,,,,,,,,,,,,,,,,,,,,,,,,,,1464989,,,,,,,,,,,,,,,,,,I00801067
Q144127,Q723230,,,,,,,,,,,,,,,,,,,,,,,,,,,1465004,,,,,,,,,,,,,,,,,,
Q144128,Q20108618,,,,,,,,,,,,,,,,,,,,,,,,,,,,,,,,,,,,,,,,,,,,,
Q144129,Q1129924,,,,,,,,,,,,,,,,,,,,,,,,,,,,,,,,,,,,,,,,,,,,,
Q144130,Q559871,,,,,,,,,,,,,,,,,,,,,,,,,,,,,,,,,,,,,,,,,,,,,
Q144131,Q29523756,,,,,,,,,,,,,,,,,,,,,,,,,,,,,,,,,,,,,,,,,,,,,
Q144132,Q551668,,,,,,,,,,,,,,,,,,,,,,,,,,,,,,,,,,,,,,,,,,,,,
Q144133,Q12297449,,,,,,,,,,,,,,,,,,,,,,,,,,,,,,,,,,,,,,,,,,,,,
Q144134,Q105870535,,,,,,,,,,,,,,,,,,,,,,,,,,,,,,,,,,,,,,,,,,,,,
Q144135,Q105870746,,,,,,,,,,,,,,,,,,,,,,,,,,,,,,,,,,,,,,,,,,,,,
Q144136,Q110577124,,,,,,,,,,,,,,,,,,,,,,,,,,,,,,,,,,,,,,,,,,,,,
Q144137,Q12291700,,,,,,,,,,,,,,,,,,,,,,,,,,,,,,,,,,,,,,,,,,,,,
Q144138,Q9024736,,,,,,,,,,,,,,,,,,,,,,,,,,,,,,,,,,,,,,,,,,,,,
Q144139,Q12288949,,,,,,,,,,,,,,,,,,,,,,,,,,,,,,,,,,,,,,,,,,,,,
Q144140,Q11942281,,,,,,,,,,,,,,,,,,,,,,,,,,,,,,,,,,,,,,,,,,,,,
Q144141,Q104671723,,,,,,,,,,,,,,,,,,,,,,,,,,,,,,,,,,,,,,,,,,,,,
Q144142,Q104722338,,,,,,,,,,,,,,,,,,,,,,,,,,,,,,,,,,,,,,,,,,,,,
Q144143,Q1236012,,,,,,,,,,,,,,,,,,,,,,,,,,,,,,,,,,,,,,,,,,,,,I00736170
Q144144,Q12285815,,,,,,,,,,,,,,,,,,,,,,,,,,,,,,,,,,,,,,,,,,,,,
Q144145,Q11943280,,,,,,,,,,,,,,,,,,,,,,,,,,,,,,,,,,,,,,,,,,,,,
Q144146,Q355544,,,,,,,,,,,,,,,,,,,,,,,,,,,1465056,,,,,,,,,,,,,,,,,,
Q144147,Q975597,,,,,,,,,,,,,,,,,,,,,,,,,,,1465025,,,,,,,,,,,,,,,Lepidus_the_Younger_(1),,,I00716808
Q144148,Q111287862,,,,,,,,,,,,,,,,,,,,,,,,,,,,,,,,,,,,,,,,,,,,,
Q144149,Q2676671,,,,,,,,,,,,,,,,,,,,,,,,,,,,,,,,,,,,,,,,,,,,,
Q144150,Q54553351,,,,,,,,,,,,,,,,,,,,,,,,,,,,,,,,,,,,,,,,,,,,,
Q144151,Q1873622,,,,,,,,,,,,,,,,,,,,,,,,,,,,,,,,,,,,,,,,,,,,,
Q144152,Q1223584,,,,,,,,,,,,,,,,,,,,,,,,,,,,,,,,,,,,,,,,,,,,,
Q144153,Q435167,,,,,,,,,,,,,,,,,,,,,,,,,,,,,,,,,,,,,,,,,,,,,
Q144154,Q453845,,alvin-person:26329,,,,,,,,,,,,,,,,,,,,,,,,,,,,,,,,,,,,,,,,,,,I00801008
Q144155,Q311545,,,,,,,,,,,,,,,,,,,,,,,,,,,,,,,,,,,,,,,,,,,,,I00800976
Q144156,Q11935089,,,,,,,,,,,,,,,,,,,,,,,,,,,,,,,,,,,,,,,,,,,,,
Q144157,Q15711212,,,,,,,,,,,,,,,,,,,,,,,,,,,,,,,,,,,,,,,,,,,,,
Q144158,Q4416739,,,,,,,,,,,,,,,,,,,,,,,,,,,1464999,,,,,,,,,,,,,,,,,,I00801092
Q144159,Q257448,,,,,,,,,,,,,,,,,,,,,,,,,,,1465001,,,,,,,,,,,,,,,,,,
Q144160,Q431311,,,,,,,,,,,,,,,,,,,,,,,,,,,,,,,,,,,,,,,,,,,,,
Q144161,Q96200806,,,,,,,,,,,,,,,,,,,,,,,,,,,,,,,,,,,,,,,,,,,,,
Q144162,Q12278987,,,,,,,,,,,,,,,,,,,,,,,,,,,,,,,,,,,,,,,,,,,,,
Q144163,Q11923512,,,,,,,,,,,,,,,,,,,,,,,,,,,,,,,,,,,,,,,,,,,,,
Q144164,Q2331658,,,,,,,,,,,,,,,,,,,,,,,,,,,,,,,,,,,,,,,,,,,,,
Q144165,Q11915691,,,,,,,,,,,,,,,,,,,,,,,,,,,,,,,,,,,,,,,,,,,,,
Q144166,Q378099,,,,,,,,,,,,,,,,,,,,,,,,,,,,,,,,,,,,,,,,,,,,,
Q144167,Q729102,,,,,,,,,,,,,,,,,,,,,,,,,,,560495,,,,,,,,,,,,,,,,,,
Q144168,Q16933926,,,,,,,,,,,,,,,,,,,,,,,,,,,,,,,,,,,,,,,,,,,,,
Q144169,Q770991,,,,,,,,,,,,,,,,,,,,,,,,,,,,,,,,,,,,,,,,,,,,,
Q144170,Q1181865,,,,,,,,,,,,,,,,,,,,,,,,,,,,,,,,,,,,,,,,,,Cato_Salonianus_(1),,,I00716787
Q144171,Q705411,,,,,,,,,,,,,,,,,,,,,,,,,,,,,,,,,,,,,,,,,,,,,
Q144172,Q518928,,,,,,,,,,,,,,,,,,,,,,,,,,,502039,,,,,,,,,,,,,,,Decimus_Junius_Silanus_(1),,,I00716800
Q144173,Q2933377,,,,,,,,,,,,,,,,,,,,,,,,,,,,,,,,,,,,,,,,,,,,,
Q144174,Q12275873,,,,,,,,,,,,,,,,,,,,,,,,,,,,,,,,,,,,,,,,,,,,,I00716793
Q144175,Q107297013,,,,,,,,,,,,,,,,,,,,,,,,,,,,,,,,,,,,,,,,,,,,,
Q144176,Q121375750,,,,,,,,,,,,,,,,,,,,,,,,,,,,,,,,,,,,,,,,,,,,,
Q144177,Q435936,,,,,,,,,,,,,,,,,,,,,,,,,,,,,,,,,,,,,,,,,,,,,I00800997
Q144178,Q12282692,,,,,,,,,,,,,,,,,,,,,,,,,,,,,,,,,,,,,,,,,,,,Longina-2,I00735526
Q144179,Q99726628,,,,,,,,,,,,,,,,,,,,,,,,,,,,,,,,,,,,,,,,,,,,Lepidus-6,I00735529
Q144180,Q111310467,,,,,,,,,,,,,,,,,,,,,,,,,,,,,,,,,,,,,,,,,,,,,I00735521
Q144181,Q111310469,,,,,,,,,,,,,,,,,,,,,,,,,,,,,,,,,,,,,,,,,,,,,I00735523
Q144182,Q1713818,,,,,,,,,,,,,,,,,,,,,,,,,,,1465171,,,,,,,,,,,,,,,,,,I00735518
Q144183,Q351491,,,,,,,,,,,,,,,,,,,,,,,,,,,1465174,,,,,,,,,,,,,,,Lucius_Vitellius_the_Elder_(1),,,I00716747
Q144184,Q268892,,,,,,,,,,,,,,,,,,,,,,,,,,,1465819,,,,,,,,,,,,,,,Sextilia_(1),,,I00716749
Q144185,Q1417,,,,,,,,,,34507672,,,,,,,,,,,,,,person/ACE634E4-8D90-4955-A0E7-07F77097D16C,,,1465177,,,,,,,,,,,,,,,Vitellius_(1),,,I00716746
Q144186,Q742885,,,,,,,,,,,,,,,,,,,,,,,,,,,,,,,,,,,,,,,,,,,,,
Q144187,Q351782,,,,,,,,,,,,,,,,,,,,,,,,,,,,,,,,,,,,,,,,,,,,,
Q144188,Q535512,,,,,,,,,,,,,,,,,,,,,,,,,,,,,,,,,,,,,,,,,,,,,
Q144189,Q538201,,,,,,,,,,,,,,,,,,,,,,,,,,,,,,,,,,,,,,,,,,,,,
Q144190,Q432416,,,,,,,,,,,,,,,,,,,,,,,,,,,,,,,,,,,,,,,,,,,,,I00801095
Q144191,Q12271359,,,,,,,,,,,,,,,,,,,,,,,,,,,,,,,,,,,,,,,,,,,,,I00801094
Q144192,Q11934157,,,,,,,,,,,,,,,,,,,,,,,,,,,,,,,,,,,,,,,,,,,,Titianus-1,
Q144193,Q97795783,,,,,,,,,,,,,,,,,,,,,,,,,,,,,,,,,,,,,,,,,,,,,
Q144194,Q1873593,,,,,,,,,,,,,,,,,,,,,,,,,,,,,,,,,,,,,,,,,,,,,
Q144195,Q536522,,,,,,,,,,,,,,,,,,,,,,,,,,,,,,,,,,,,,,,,,,,,,
Q144196,Q1238425,,,,,,,,,,,,,,,,,,,,,,,,,,,,,,,,,,,,,,,,,,,,,
Q144197,Q12271118,,alvin-person:26347,,,,,,,,,,,,,,,,,,,,,,,,,,,,,,,,,,,,,,,,,,,
Q144198,Q705416,,,,,,,,,,,,,,,,,,,,,,,,,,,,,,,,,,,,,,,,,,,,,
Q144199,Q111309337,,,,,,,,,,,,,,,,,,,,,,,,,,,,,,,,,,,,,,,,,,,,,
Q144200,Q1234375,,,,,,,,,,,,,,,,,,,,,,,,,,,1465113,,,,,,,,,,,,,,,,,,
Q144201,Q549132,,,,,,,,,,,,,,,,,,,,,,,,,,,,,,,,,,,,,,,,,,,,,I00736033
Q144202,Q16170851,,,,,,,,,,,,,,,,,,,,,,,,,,,,,,,,,,,,,,,,,,,,,I00801032
Q144203,Q11910929,,,,,,,,,,,,,,,,,,,,,,,,,,,,,,,,,,,,,,,,,,,,,
Q144204,Q1181866,,,,,,,,,,,,,,,,,,,,,,,,,,,1465183,,,,,,,,,,,,,,,,,,
Q144205,Q4159575,,,,,,,,,,,,,,,,,,,,,,,,,,,1465182,,,,,,,,,,,,,,,,,,
Q144206,Q1287424,,,,,,,,,,,,,,,,,,,,,,,,,,,,,,,,,,,,,,,,,,,,,
Q144207,Q1215588,,,,,,,,,,,,,,,,,,,,,,,,,,,,,,,,,,,,,,,,,,,,,
Q144208,Q12277041,,,,,,,,,,,,,,,,,,,,,,,,,,,,,,,,,,,,,,,,,,,,,
Q144209,Q239010,,,,,,,,,,,,,,,,,,,,,,,,,,,488400,,,,,,,,,,,,,,,Domitia_Longina_(1),,Longina-1,I00446818
Q144210,Q2111953,,,,,,,,,,,,,,,,,,,,,,,,,,,,,,,,,,,,,,,,,,Domitia_Corbula_(1),,,I00735527
Q144211,Q1239702,,,,,,,,,,,,,,,,,,,,,,,,,,,,,,,,,,,,,,,,,,,,,
Q144212,Q11950472,,,,,,,,,,,,,,,,,,,,,,,,,,,,,,,,,,,,,,,,,,,,,
Q144213,Q1227238,,,,,,,,,,,,,,,,,,,,,,,,,,,,,,,,,,,,,,,,,,,,,
Q144214,Q46039405,,,,,,,,,,,,,,,,,,,,,,,,,,,,,,,,,,,,,,,,,,,,,
Q144215,Q11934053,,,,,,,,,,,,,,,,,,,,,,,,,,,,,,,,,,,,,,,,,,,,,I00801072
Q144216,Q111288513,,,,,,,,,,,,,,,,,,,,,,,,,,,,,,,,,,,,,,,,,,,,,
Q144217,Q1234352,,,,,,,,,,,,,,,,,,,,,,,,,,,,,,,,,,,,,,,,,,,,,
Q144218,Q12118994,,,,,,,,,,,,,,,,,,,,,,,,,,,,,,,,,,,,,,,,,,,,,
Q144219,Q102739617,,,,,,,,,,,,,,,,,,,,,,,,,,,,,,,,,,,,,,,,,,,,,
Q144220,Q47468479,,,,,,,,,,,,,,,,,,,,,,,,,,,,,,,,,,,,,,,,,,,,,
Q144221,Q112898426,,,,,,,,,,,,,,,,,,,,,,,,,,,,,,,,,,,,,,,,,,,,,
Q144222,Q16167135,,,,,,,,,,,,,,,,,,,,,,,,,,,,,,,,,,,,,,,,,,,,,
Q144223,Q4281787,,,,,,,,,,,,,,,,,,,,,,,,,,,,,,,,,,,,,,,,,,,,,
Q144224,Q121304664,,,,,,,,,,,,,,,,,,,,,,,,,,,,,,,,,,,,,,,,,,,,,
Q144225,Q107253867,,,,,,,,,,,,,,,,,,,,,,,,,,,,,,,,,,,,,,,,,,,,,
Q144226,Q1219183,,,,,,,,,,,,,,,,,,,,,,,,,,,412081,,,,,,,,,,,,,,,Marcus_Asinius_Marcellus_(1),,,
Q144227,Q99759628,,,,,,,,,,,,,,,,,,,,,,,,,,,,,,,,,,,,,,,,,,,,,
Q144228,Q352489,,,,,,,,,,,,,,,,,,,,,,,,,,,187102,,,,,,,,,,,,,,,,,,I00736087
Q144229,Q108541114,,,,,,,,,,,,,,,,,,,,,,,,,,,,,,,,,,,,,,,,,,,,,
Q144230,Q97619203,,,,,,,,,,,,,,,,,,,,,,,,,,,,,,,,,,,,,,,,,,,,,I00801088
Q144231,Q3518324,,,,,,,,,,,,,,,,,,,,,,,,,,,,,,,,,,,,,,,,,,,,,I00801089
Q144232,Q781472,,,,,,,,,,,,,,,,,,,,,,,,,,,,,,,,,,,,,,,,,,,,,I00801087
Q144233,Q6697567,,,,,,,,,,,,,,,,,,,,,,,,,,,,,,,,,,,,,,,,,,,,,
Q144234,Q1491494,,,,,,,,,,,,,,,,,,,,,,,,,,,,,,,,,,,,,,,,,,,,,
Q144235,Q729415,,,,,,,,,,,,,,,,,,,,,,,,,,,1465097,,,,,,,,,,,,,,,,,,
Q144236,Q1226456,,,,,,,,,,,,,,,,,,,,,,,,,,,,,,,,,,,,,,,,,,,,,
Q144237,Q2123334,,,,,,,,,,,,,,,,,,,,,,,,,,,,,,,,,,,,,,,,,,,,,I00801063
Q144238,Q1236001,,,,,,,,,,,,,,,,,,,,,,,,,,,,,,,,,,,,,,,,,,,,,
Q144239,Q334937,,,,,,,,,,,,,,,,,,,,,,,,,,,,,,,,,,,,,,,,,,,,,
Q144240,Q12113462,,,,,,,,,,,,,,,,,,,,,,,,,,,,,,,,,,,,,,,,,,,,,
Q144241,Q110321004,,,,,,,,,,,,,,,,,,,,,,,,,,,,,,,,,,,,,,,,,,,,,
Q144242,Q110320988,,,,,,,,,,,,,,,,,,,,,,,,,,,,,,,,,,,,,,,,,,,,,
Q144243,Q343760,,,,,,,,,,,,,,,,,,,,,,,,,,,,,,,,,,,,,,,,,,,,,
Q144244,Q113576702,,,,,,,,,,,,,,,,,,,,,,,,,,,,,,,,,,,,,,,,,,,,,
Q144245,Q12289187,,,,,,,,,,,,,,,,,,,,,,,,,,,,,,,,,,,,,,,,,,,,,
Q144246,Q12293630,,,,,,,,,,,,,,,,,,,,,,,,,,,,,,,,,,,,,,,,,,,,,
Q144247,Q112865351,,,,,,,,,,,,,,,,,,,,,,,,,,,,,,,,,,,,,,,,,,,,,
Q144248,Q748946,,,,,,,,,,,,,,,,,,,,,,,,,,,,,,,,,,,,,,,,,,,,,I00735614
Q144249,Q12285196,,,,,,,,,,,,,,,,,,,,,,,,,,,,,,,,,,,,,,,,,,,,,
Q144250,Q112246338,,,,,,,,,,,,,,,,,,,,,,,,,,,,,,,,,,,,,,,,,,,,,
Q144251,Q12295764,,,,,,,,,,,,,,,,,,,,,,,,,,,,,,,,,,,,,,,,,,,,,I00736012
Q144252,Q11910925,,,,,,,,,,,,,,,,,,,,,,,,,,,,,,,,,,,,,,,,,,,,,
Q144253,Q1237511,,,,,,,,,,,,,,,,,,,,,,,,,,,246068,,,,,,,,,,,,,,,Libo_Rupilius_Frugi_(1),,Frugi-1,I00446840
Q144254,Q16932396,,,,,,,,,,,,,,,,,,,,,,,,,,,,,,,,,,,,,,,,,,,,,
Q144255,Q1823587,,,,,,,,,,,,,,,,,,,,,,,,,,,,,,,,,,,,,,,,,,,,,
Q144256,Q1414,,alvin-person:26427,,,,,,,,34478259,,,,,,,,,,,,,,person/BF5F6839-A9E8-448B-9398-7EB2FCD445D3,,,,,,,,,,,,,,,,,,,,,I00716214
Q144257,Q12275099,,,,,,,,,,,,,,,,,,,,,,,,,,,,,,,,,,,,,,,,,,,,,
Q144258,Q94523629,,,,,,,,,,,,,,,,,,,,,,,,,,,,,,,,,,,,,,,,,,,,,
Q144259,Q94525761,,,,,,,,,,,,,,,,,,,,,,,,,,,,,,,,,,,,,,,,,,,,,
Q144260,Q93959884,,,,,,,,,,,,,,,,,,,,,,,,,,,,,,,,,,,,,,,,,,,,,
Q144261,Q378407,,,,,,,,,,,,,,,,,,,,,,,,,,,,,,,,,,,,,,,,,,,,,
Q144262,Q93966288,,,,,,,,,,,,,,,,,,,,,,,,,,,,,,,,,,,,,,,,,,,,,
Q144263,Q11923607,,,,,,,,,,,,,,,,,,,,,,,,,,,,,,,,,,,,,,,,,,,,,
Q144264,Q1164987,,,,,,,,,,,,,,,,,,,,,,,,,,,,,,,,,,,,,,,,,,,,,
Q144265,Q93120480,,,,,,,,,,,,,,,,,,,,,,,,,,,,,,,,,,,,,,,,,,,,,
Q144266,Q12277332,,,,,,,,,,,,,,,,,,,,,,,,,,,,,,,,,,,,,,,,,,,,,
Q144267,Q710877,,,,,,,,,,,,,,,,,,,,,,,,,,,,,,,,,,,,,,,,,,,,,I00735593
Q144268,Q11938274,,,,,,,,,,,,,,,,,,,,,,,,,,,,,,,,,,,,,,,,,,,,,I00735592
Q144269,Q12284966,,,,,,,,,,,,,,,,,,,,,,,,,,,,,,,,,,,,,,,,,,,,,I00736014
Q144270,Q12284967,,,,,,,,,,,,,,,,,,,,,,,,,,,,,,,,,,,,,,,,,,,,,
Q144271,Q1270114,,,,,,,,,,,,,,,,,,,,,,,,,,,,,,,,,,,,,,,,,,,,,
Q144272,Q20002267,,,,,,,,,,,,,,,,,,,,,,,,,,,,,,,,,,,,,,,,,,,,,
Q144273,Q11951954,,,,,,,,,,,,,,,,,,,,,,,,,,,,,,,,,,,,,,,,,,,,,
Q144274,Q12276021,,,,,,,,,,,,,,,,,,,,,,,,,,,,,,,,,,,,,,,,,,,,,
Q144275,Q550603,,,,,,,,,,,,,,,,,,,,,,,,,,,,,,,,,,,,,,,,,,,,,I00736005
Q144276,Q11923514,,,,,,,,,,,,,,,,,,,,,,,,,,,,,,,,,,,,,,,,,,,,,I00800994
Q144277,Q3655947,,,,,,,,,,,,,,,,,,,,,,,,,,,,,,,,,,,,,,,,,,,,,I00736038
Q144278,Q15711111,,,,,,,,,,,,,,,,,,,,,,,,,,,,,,,,,,,,,,,,,,,,,
Q144279,Q3625112,,,,,,,,,,,,,,,,,,,,,,,,person/5F7D9959-82D6-4917-B3AD-ECD0672CDC49,,,,,,,,,,,,,,,,,,,,,
Q144280,Q1275675,,,,,,,,,,,,,,,,,,,,,,,,,,,,,,,,,,,,,,,,,,,,,
Q144281,Q1268058,,,,,,,,,,,,,,,,,,,,,,,,,,,,,,,,,,,,,,,,,,,,,
Q144282,Q334915,,,,,,,,,,,,,,,,,,,,,,,,,,,,,,,,,,,,,,,,,,,,,I00735951
Q144283,Q46396031,,,,,,,,,,,,,,,,,,,,,,,,,,,,,,,,,,,,,,,,,,,,,
Q144284,Q16183360,,,,,,,,,,,,,,,,,,,,,,,,,,,,,,,,,,,,,,,,,,,,,
Q144285,Q88870158,,,,,,,,,,,,,,,,,,,,,,,,,,,,,,,,,,,,,,,,,,,,,
Q144286,Q12121378,,,,,,,,,,,,,,,,,,,,,,,,,,,,,,,,,,,,,,,,,,,,,
Q144287,Q20101576,,,,,,,,,,,,,,,,,,,,,,,,,,,,,,,,,,,,,,,,,,,,,I00800998
Q144288,Q727792,,,,,,,,,,,,,,,,,,,,,,,,,,,,,,,,,,,,,,,,,,,,,
Q144289,Q1241839,,,,,,,,,,,,,,,,,,,,,,,,,,,,,,,,,,,,,,,,,,,,,
Q144290,Q105457673,,,,,,,,,,,,,,,,,,,,,,,,,,,,,,,,,,,,,,,,,,,,,
Q144291,Q3655890,,,,,,,,,,,,,,,,,,,,,,,,,,,,,,,,,,,,,,,,,,,,,I00735675
Q144292,Q314685,,,,,,,,,,,,,,,,,,,,,,,,person/c1ef640b-c203-485d-a612-83d20271aa09,,,379597,,,,,,,,,,,,,,,,,,
Q144293,Q54223,,,,,,,,,,,,,,,,,,,,,,,,person/c2e8a390-17ab-4d31-b1d2-76110cb7c467,,,379596,,,,,,,,,,,,,,,,,,
Q144294,Q376669,,,,,,,,,,,,,,,,,,,,,,,,,,,,,,,,,,,,,,,,,,,,,
Q144295,Q108954123,,,,,,,,,,,,,,,,,,,,,,,,,,,,,,,,,,,,,,,,,,,,,
Q144296,Q7116043,,,,,,,,,,,,,,,,,,,,,,,,,,,,,,,,,,,,,,,,,,,,,
Q144297,Q356616,,,,,,,,,,,,,,,,,,,,,,,,person/08aa09b2-5aae-433c-a7b6-d61dd4e1d015,,,,,,,,,,,,,,,,,,,,,
Q144298,Q9158150,,,,,,,,,,,,,,,,,,,,,,,,,,,,,,,,,,,,,,,,,,,,,
Q144299,Q112607046,,,,,,,,,,,,,,,,,,,,,,,,,,,,,,,,,,,,,,,,,,,,,I00738001
Q144300,Q9258254,,,,,,,,,,,,,,,,,,,,,,,,,,,,,,,,,,,,,,,,,,,,,
Q144301,Q17631178,,,,,,,,,,,,,,,,,,,,,,,,,,,,,,,,,,,,,,,,,,,,,
Q144302,Q921692,,,,,,,,,,,,,,,,,,,,,,,,,,,169743,,,,,,,,,,,,,,,Costobarus_(1),,,I00736536
Q144303,Q11685220,,,,,,,,,,,,,,,,,,,,,,,,,,,,,,,,,,,,,,,,,,,,,I00738015
Q144304,Q11686528,,,,,,,,,,,,,,,,,,,,,,,,,,,,,,,,,,,,,,,,,,,,,I00738017
Q144305,Q48746516,,,,,,,,,,,,,,,,,,,,,,,,,,,,,,,,,,,,,,,,,,,,,
Q144306,Q636434,,,,,,,,,,,,,,,,,,,,,,,,,,,,,,,,,,,,,,,,,,Alexander_of_Judaea_(1),,,I00736483
Q144307,Q446110,,,,,,,,,,,,,,,,,,,,,,,,,,,,,,,,,,,,,,,,,,Alexandra_the_Maccabee_(1),,,I00736484
Q144308,Q666152,,,,,,,,,,,,,,,,,,,,,,,,,,,,,,,,,,,,,,,,,,,,,I00738006
Q144309,Q324271,,,,,,,,,,,,,,,,,,,,,,,,,,,,,,,,,,,,,,,,,,,,,I00738000
Q144310,Q48868720,,,,,,,,,,,,,,,,,,,,,,,,,,,,,,,,,,,,,,,,,,,,,
Q144311,Q11709671,,,,,,,,,,,,,,,,,,,,,,,,,,,,,,,,,,,,,,,,,,,,,
Q144312,Q9145485,,,,,,,,,,,,,,,,,,,,,,,,,,,,,,,,,,,,,,,,,,,,,
Q144313,Q11686529,,,,,,,,,,,,,,,,,,,,,,,,,,,,,,,,,,,,,,,,,,,,,
Q144314,Q9146475,,,,,,,,,,,,,,,,,,,,,,,,,,,,,,,,,,,,,,,,,,,,,
Q144315,Q11751804,,,,,,,,,,,,,,,,,,,,,,,,,,,,,,,,,,,,,,,,,,,,,I00738016
Q144316,Q666202,,,,,,,,,,,,,,,,,,,,,,,,,,,577505,,,,,,,,,,,,,,,Aristobulus_of_Chalcis_(1),,,I00736518
Q144317,Q9160988,,,,,,,,,,,,,,,,,,,,,,,,,,,,,,,,,,,,,,,,,,,,,
Q144318,Q302986,,,,,,,,,,,,,,,,,,,,,,,,,,,,,,,,,,,,,,,,,,Aretas_IV_Philopatris_(1),,,
Q144319,Q5116111,,,,,,,,,,,,,,,,,,,,,,,,,,,,,,,,,,,,,,,,,,,,,
Q144320,Q6758389,,,,,,,,,,,,,,,,,,,,,,,,,,,,,,,,,,,,,,,,,,,,Varus-1,
Q144321,Q5517473,,,,,,,,,,,,,,,,,,,,,,,,,,,,,,,,,,,,,,,,,,,,,
Q144322,Q7200984,,,,,,,,,,,,,,,,,,,,,,,,,,,,,,,,,,,,,,,,,,,,,
Q144323,Q11729252,,,,,,,,,,,,,,,,,,,,,,,,,,,,,,,,,,,,,,,,,,,,,
Q144324,Q110875292,,,,,,,,,,,,,,,,,,,,,,,,,,,,,,,,,,,,,,,,,,,,,
Q144325,Q3624244,,,,,,,,,,,,,,,,,,,,,,,,,,,,,,,,,,,,,,,,,,Berenice_(daughter_of_Mariamne)_(1),,,
Q144326,Q6697557,,,,,,,,,,,,,,,,,,,,,,,,,,,,,,,,,,,,,,,,,,,,,
Q144327,Q99726753,,,,,,,,,,,,,,,,,,,,,,,,,,,,,,,,,,,,,,,,,,,,Lepida-5,I00735530
Q144328,Q60942384,,,,,,,,,,,,,,,,,,,,,,,,,,,,,,,,,,,,,,,,,,,,,
Q144329,Q99726933,,,,,,,,,,,,,,,,,,,,,,,,,,,,,,,,,,,,,,,,,,,,Alexandria-1,I00735532
Q144330,Q549880,,,,,,,,,,,,,,,,,,,,,,,,,,,,,,,,,,,,,,,,,,,,Bassus-3,
Q144331,Q107252308,,,,,,,,,,,,,,,,,,,,,,,,,,,,,,,,,,,,,,,,,,,,,
Q144332,Q18277266,,,,,,,,,,,,,,,,,,,,,,,,,,,,,,,,,,,,,,,,,,,,,I00738052
Q144333,Q133826708,,,,,,,,,,,,,,,,,,,,,,,,,,,,,,,,,,,,,,,,,,,,,
Q144334,Q25668664,,,,,,,,,,,,,,,,,,,,,,,,,,,,,,,,,,,,,,,,,,,,,
Q144335,Q139464,,,,,,,,,,,,,,,,,,,,,,,,term/515d7795-de52-4ae1-b1ea-6da9a89f76a1,,,304116|407815|506039,,,,,,,,,,,,,,,,,,
Q144336,Q40662,,alvin-person:33441,,,,,,,,6874|6875,,,,,,,,,,,,,,term/88A2104F-F85B-4228-87F3-9F1758F2755F,,,304117|407816|506041,,,,,,,,,,,,,,,,,,
Q144337,Q2422313,,,,,,,,,,,,,,,,,,,,,,,,,,,,,,,,,,,,,,,,,,,,,
Q144338,Q1241927,,,,,,,,,,,,,,,,,,,,,,,,,,,,,,,,,,,,,,,,,,,,,
Q144339,Q4089492,,,,,,,,,,,,,,,,,,,,,,,,,,,,,,,,,,,,,,,,,,,,,
Q144342,Q7182911,,,,,,,,,,,,,,,,,,,,,,,,,,,,,,,,,,,,,,,,,,,,Philagrius-3,
Q144347,Q334770,,,,,,,,,,,,,,,,,,,,,,,,,,,275193,,p=recaredo;n=balthes;oc=1,,,,,,,,,,,,,Reccared_II_(1),,,
Q144348,Q76300509,,,,,,,,,,,,,,,,,,,,,,,,,,,,,,,,,,,,,,,,,p67307.htm#i673067,,,,
Q144349,Q76300314,,,,,,,,,,,,,,,,,,,,,,,,,,,,,,,,,,,,,,,,,p67291.htm#i672905,,,,
Q144350,Q76300743,,,,,,,,,,,,,,,,,,,,,,,,,,,,,,,,,,,,,,,,,p67324.htm#i673232,,,,
Q144351,Q76299393,,,,,,,,,,,,,,,,,,,,,,,,,,,,,,,,,,,,,,,,,p67216.htm#i672157,Wolfrat_Von_Alshausen_(2),,,
Q144352,Q1272117,,,,,,,,,,,,,,,,,,,,,,,,,,,151092,,,,,,,,,,,,,,,Muredach_Unknown_(1),,Fiacha-1,
Q144353,Q662571,,,,,,,,,,,,,,,,,,,,,,,,,,,87859,,,,,,,,,,,,,,p15005.htm#i150049,Nath_Í_mac_Fiachrach_(1),,Mac_Fiachrach-2,
Q144354,Q4739331,,,,,,,,,,,,,,,,,,,,,,,,,,,,,,,,,,,,,,,,,,,,,
Q144355,Q1274101,,,,,,,,,,,,,,,,,,,,,,,,,,,87872,,,,,,,,,,,,,,p15006.htm#i150057,Diarmait_mac_Cerbaill_(1),,Mac_Cerbaill-2,
Q144356,Q6736597,,,,,,,,,,,,,,,,,,,,,,,,,,,,,,,,,,,,,,,,,,,,,
Q144357,Q75451236,,,,,,,,,,,,,,,,,,,,,,,,,,,87879,,,,,,,,,,,,,,p15007.htm#i150062,Setna_mac_Fergus_(1),,Mac_Fergus-15,
Q144358,Q76121882,,,,,,,,,,,,,,,,,,,,,,,,,,,87884,,,,,,,,,,,,,,p54611.htm#i546107,,,Mac_Fergus_Cennfada-1,
Q144359,Q75451247,,,,,,,,,,,,,,,,,,,,,,,,,,,87881,,,,,,,,,,,,,,p15007.htm#i150068,,,Mac_Duach-3,
Q144360,Q4961877,,,,,,,,,,,,,,,,,,,,,,,,,,,,,,,,,,,,,,,,,,,,,
Q144361,Q1282655,,,,,,,,,,,,,,,,,,,,,,,,,,,87869,,,,,,,,,,,,,,p15006.htm#i150054,Tuathal_Caech_(1),,Mac_Cormac-23,
Q144362,Q5190109,,,,,,,,,,,,,,,,,,,,,,,,,,,,,,,,,,,,,,,,,,,,,
Q144363,Q76121913,,,,,,,,,,,,,,,,,,,,,,,,,,,,,,,,,,,,,,,,,p54613.htm#i546130,Cacht_ingen_Cellaig_(1),,Nuiredach-1,
Q144364,Q1143708,,,,,,,,,,,,,,,,,,,,,,,,,,,,,,,,,,,,,,,,,p15010.htm#i150093,Fergal_mac_Máele_Dúin_(1),,Mac_Máele_Dúin-3,
Q144365,Q110662772,,,,,,,,,,,,,,,,,,,,,,,,,,,,,,,,,,,,,,,,,,,,,I00760174
Q144366,Q116112778,,,,,,,,,,,,,,,,,,,,,,,,,,,,,,,,,,,,,,,,,,,,,I00744770
Q144367,Q116055613,,,,,,,,,,,,,,,,,,,,,,,,,,,,,,,,,,,,,,,,,,,,,I00775745
Q144368,Q131725630,,,,,,,,,,,,,,,,,,,,,,,,,,,,,,,,,,,,,,,,,,,,Aurelius-1,I00800939
Q144369,Q1239236,,,,,,,,,,,,,,,,,,,,,,,,,,,1465178,,,,,,,,,,,,,,,,,,I00800940
Q144370,Q12292675,,,,,,,,,,,,,,,,,,,,,,,,,,,,,,,,,,,,,,,,,,,,,
Q144371,Q717383,,,,,,,,,,,,,,,,,,,,,,,,,,,1465179,,,,,,,,,,,,,,,,,,
Q144372,Q104842701,,,,,,,,,,,,,,,,,,,,,,,,,,,,,,,,,,,,,,,,,,,,,I00736112
Q144373,Q4769172,,,,,,,,,,,,,,,,,,,,,,,,,,,,,,,,,,,,,,,,,,Annia_Fundania_Faustina_(1),,,I00736114
Q144374,Q1894078,,,,,,,,,,,,,,,,,,,,,,,,,,,,,,,,,,,,,,,,,,,,,I00736117
Q144375,Q1491541,,,,,,,,,,,,,,,,,,,,,,,,,,,,,,,,,,,,,,,,,,,,,
Q144376,Q329114,,,,,,,,,,,,,,,,,,,,,,,,,,,,,,,,,,,,,,,,,,,,Fulvus-3,I00800942
Q144377,Q2280800,,,,,,,,,,,,,,,,,,,,,,,,,,,361689,,,,,,,,,,,,,,,,,,I00446835
Q144378,Q1159,,,,,,,,,,,,,,,,,,,,,,,,,,,,,,,,,,,,,,,,,,,,,
Q144379,Q452705,,,,,,,,,,,,,,,,,,,,,,,,,,,,,,,,,,,,,,,,,,,,,
Q144380,Q3722901,,,,,,,,,,,,,,,,,,,,,,,,,,,,,,,,,,,,,,,,,,,,,
Q144381,Q232716,,,,,,,,,,197064740,,,,,,,,,,,,,,person/465d41d0-d66a-4620-9a77-70226028c2f6,,,246087,,,,,,,,,,,,,,,Vibia_Unknown_(1),,,I00446837
Q144382,Q1225299,,,,,,,,,,,,,,,,,,,,,,,,,,,415817,,,,,,,,,,,,,,,,,,I00800943
Q144383,Q12273590,,,,,,,,,,,,,,,,,,,,,,,,,,,,,,,,,,,,,,,,,,,,,I00800944
Q144384,Q12272325,,,,,,,,,,,,,,,,,,,,,,,,,,,,,,,,,,,,,,,,,,,,,
Q144385,Q114340823,,,,,,,,,,,,,,,,,,,,,,,,,,,,,,,,,,,,,,,,,,,,,
Q144386,Q12291746,,,,,,,,,,,,,,,,,,,,,,,,,,,,,,,,,,,,,,,,,,,,,
Q144387,Q121074859,,,,,,,,,,,,,,,,,,,,,,,,,,,,,,,,,,,,,,,,,,,,,
Q144388,Q1376479,,,,,,,,,,,,,,,,,,,,,,,,,,,,,,,,,,,,,,,,,,,,,
Q144389,Q12291694,,,,,,,,,,,,,,,,,,,,,,,,,,,,,,,,,,,,,,,,,,,,,I00800938
Q144390,Q684275,,,,,,,,,,,,,,,,,,,,,,,,,,,,,,,,,,,,,,,,,,,,,
Q144391,Q109790289,,,,,,,,,,,,,,,,,,,,,,,,,,,,,,,,,,,,,,,,,,,,,
Q144392,Q35691900,,,,,,,,,,,,,,,,,,,,,,,,,,,,,,,,,,,,,,,,,,,,,I00736241
Q144393,Q107638183,,,,,,,,,,,,,,,,,,,,,,,,,,,,,,,,,,,,,,,,,,,,,
Q144394,Q107638147,,,,,,,,,,,,,,,,,,,,,,,,,,,,,,,,,,,,,,,,,,,,,
Q144395,Q12285182,,,,,,,,,,,,,,,,,,,,,,,,,,,,,,,,,,,,,,,,,,,,,
Q144396,Q11944275,,,,,,,,,,,,,,,,,,,,,,,,,,,,,,,,,,,,,,,,,,,,,
Q144397,Q113226144,,,,,,,,,,,,,,,,,,,,,,,,,,,,,,,,,,,,,,,,,,,,,
Q144398,Q1247336,,,,,,,,,,,,,,,,,,,,,,,,,,,,,,,,,,,,,,,,,,,,Aelianus-1,I00736110
Q144399,Q8200285,,,,,,,,,,,,,,,,,,,,,,,,,,,,,,,,,,,,,,,,,,,,,
Q144400,Q3655577,,,,,,,,,,,,,,,,,,,,,,,,,,,,,,,,,,,,,,,,,,,,Fabia-2,
Q144401,Q1229431,,,,,,,,,,,,,,,,,,,,,,,,,,,,,,,,,,,,,,,,,,Caius_Bruttius_Praesens_(1),,,
Q144402,Q5014906,,,,,,,,,,,,,,,,,,,,,,,,,,,,,,,,,,,,,,,,,,Laberia_Hostilia_Crispina_(1),,,
Q144403,Q11934047,,,,,,,,,,,,,,,,,,,,,,,,,,,,,,,,,,,,,,,,,,Lucius_Unknown_(8),,,
Q144404,Q728993,,,,,,,,,,,,,,,,,,,,,,,,,,,,,,,,,,,,,,,,,,Gaius_Bruttius_Praesens_(2),,,
Q144405,Q5517429,,,,,,,,,,,,,,,,,,,,,,,,,,,,,,,,,,,,,,,,,,Gaius_Claudius_Severus_(1),,,I00736216
Q144406,Q1227338,,,,,,,,,,,,,,,,,,,,,,,,,,,271026,,,,,,,,,,,,,,,Pomponius_Bassus_(consul_211)_(1),,,I00736200
Q144407,Q1762,,alvin-person:33938,,,,,,,,35220650,,,,,,,,,,,,,,person/543d384a-7c38-4ba7-beb7-48bb1c1e6a0a,,,351428,,,,,,,,,,,,,,,Elagabalus_(1),,,I00446882
Q144408,Q7227501,,,,,,,,,,,,,,,,,,,,,,,,,,,695250,,,,,,,,,,,,,,,Pomponia_Ummidia_(1),,,I00736202
Q144409,Q640778,,,,,,,,,,,,,,,,,,,,,,,,,,,,,,,,,,,,,,,,,,Pomponius_Bassus_(consul_259_&_271)_(1),,,I00736203
Q144410,Q84512263,,,,,,,,,,,,,,,,,,,,,,,,,,,,,,,,,,,,,,,,,,,,,
Q144411,Q1237544,,,,,,,,,,,,,,,,,,,,,,,,,,,,,,,,,,,,,,,,,,,,,
Q144412,Q329602,,,,,,,,,,,,,,,,,,,,,,,,,,,,,,,,,,,,,,,,,,,,,
Q144413,Q12295762,,,,,,,,,,,,,,,,,,,,,,,,,,,,,,,,,,,,,,,,,,,,,
Q144414,Q20500766,,,,,,,,,,,,,,,,,,,,,,,,,,,,,,,,,,,,,,,,,,,,,
Q144415,Q107401816,,,,,,,,,,,,,,,,,,,,,,,,,,,,,,,,,,,,,,,,,,,,,
Q144416,Q12276042,,,,,,,,,,,,,,,,,,,,,,,,,,,,,,,,,,,,,,,,,,,,,
Q144417,Q12291731,,,,,,,,,,,,,,,,,,,,,,,,,,,,,,,,,,,,,,,,,,,,,
Q144418,Q899739,,,,,,,,,,,,,,,,,,,,,,,,,,,,,,,,,,,,,,,,,,,,,I00736231
Q144419,Q12297450,,,,,,,,,,,,,,,,,,,,,,,,,,,,,,,,,,,,,,,,,,,,,
Q144420,Q108540720,,,,,,,,,,,,,,,,,,,,,,,,,,,933373,,,,,,,,,,,,,,,,,Aelianus-2,
Q144421,Q11934171,,,,,,,,,,,,,,,,,,,,,,,,,,,,,,,,,,,,,,,,,,,,,
Q144422,Q721630,,,,,,,,,,,,,,,,,,,,,,,,,,,,,,,,,,,,,,,,,,,,,
Q144423,Q544494,,,,,,,,,,,,,,,,,,,,,,,,,,,,,,,,,,,,,,,,,,,,,
Q144424,Q1241802,,,,,,,,,,,,,,,,,,,,,,,,,,,,,,,,,,,,,,,,,,,,,
Q144425,Q2803581,,,,,,,,,,,,,,,,,,,,,,,,,,,,,,,,,,,,,,,,,,,,,I00738410
Q144426,Q101062173,,,,,,,,,,,,,,,,,,,,,,,,,,,,,,,,,,,,,,,,,,,,,
Q144427,Q12299551,,,,,,,,,,,,,,,,,,,,,,,,,,,,,,,,,,,,,,,,,,,,,
Q144428,Q1237517,,,,,,,,,,,,,,,,,,,,,,,,,,,,,,,,,,,,,,,,,,,,,
Q144429,Q745547,,,,,,,,,,,,,,,,,,,,,,,,,,,,,,,,,,,,,,,,,,,,,
Q144430,Q1229730,,,,,,,,,,,,,,,,,,,,,,,,,,,,,,,,,,,,,,,,,,,,,
Q144431,Q768530,,,,,,,,,,,,,,,,,,,,,,,,,,,,,,,,,,,,,,,,,,,,,
Q144432,Q1174024,,,,,,,,,,,,,,,,,,,,,,,,,,,,,,,,,,,,,,,,,,,,,
Q144433,Q1147581,,,,,,,,,,,,,,,,,,,,,,,,,,,205160,,,,,,,,,,,,,,,,,,
Q144434,Q3756443,,,,,,,,,,,,,,,,,,,,,,,,,,,,,,,,,,,,,,,,,,,,,
Q144435,Q113026759,,,,,,,,,,,,,,,,,,,,,,,,,,,,,,,,,,,,,,,,,,,,,
Q144437,Q110486630,,,,,,,,,,,,,,,,,,,,,,,,,,,,,,,,,,,,,,,,,,,,,
Q144438,Q110582669,,,,,,,,,,,,,,,,,,,,,,,,,,,,,,,,,,,,,,,,,,Genilles_Verch_Hoedlyw_(1),,Ferch_Hoedlyw-2,I00757387
Q144439,Q112532045,,,,,,,,,,,,,,,,,,,,,,,,,,,,,,,,,,,,,,,,,,,,,I00754368
Q144440,Q112531529,,,,,,,,,,,,,,,,,,,,,,,,,,,,,,,,,,,,,,,,,,,,,I00745047
Q144441,Q110662975,,,,,,,,,,,,,,,,,,,,,,,,,,,,,,,,,,,,,,,,,,,,,I00756973
Q144442,Q110662826,,,,,,,,,,,,,,,,,,,,,,,,,,,,,,,,,,,,,,,,,,,,,I00706044
Q144443,Q11009742,,,,,,,,,,,,,,,,,,,,,,,,,,,,,,,,,,,,,,,,,,Gruffudd_ap_Cynan_ab_Owain_Gwynedd_(1),,,
Q144444,Q13129943,,,,,,,,,,,,,,,,,,,,,,,,,,,,,,,,,,,,,,,,,,Maredudd_ap_Cynan_ab_Owain_Gwynedd_(1),,,I00757222
Q144445,Q20565998,,,,,,,,,,,,,,,,,,,,,,,,,,,,,,,,,,,,,,,,,,Gwerful_Unknown_(4),,,
Q144446,Q110585567,,,,,,,,,,,,,,,,,,,,,,,,,,,,,,,,,,,,,,,,,,,,,I00749814
Q144447,Q116147392,,,,,,,,,,,,,,,,,,,,,,,,,,,,,,,,,,,,,,,,,,,,,I00767291
Q144448,Q116470714,,,,,,,,,,,,,,,,,,,,,,,,,,,,,,,,,,,,,,,,,,,,,I00586420
Q144449,Q130359156,,,,,,,,,,,,,,,,,,,,,,,,,,,,,,,,,,,,,,,,,,,,,I00762407
Q144450,Q117307095,,,,,,,,,,,,,,,,,,,,,,,,,,,,,,,,,,,,,,,,,,,,,I00759024
Q144451,Q131346754,,,,,,,,,,,,,,,,,,,,,,,,,,,,,,,,,,,,,,,,,,,,,I00777768
Q144467,Q75241870,,,,,,,,,,,,,,,,,,,,,,,,,,,1212095,,p=emeline;n=de riddlesford,,,,,,,,,,,,p411.htm#i4105,Emmeline_Riddlesford_(1),,Riddlesford-1,I00028347
Q144468,Q75395853,,,,,,,,,,,,,,,,,,,,,,,,,,,,,,,,,,,,,,,,,p11577.htm#i115761,,,,
Q144469,Q75395879,,,,,,,,,,,,,,,,,,,,,,,,,,,,,,,,,,,,,,,,,p11578.htm#i115777,,,Barry-2627,
Q144470,Q75644663,,,,,,,,,,,,,,,,,,,,,,,,,,,,,,,,,,,,,,,,,p26757.htm#i267567,,,,
Q144471,Q75644664,,,,,,,,,,,,,,,,,,,,,,,,,,,,,,,,,,,,,,,,,p26757.htm#i267568,,,,
Q144472,Q75644666,,,,,,,,,,,,,,,,,,,,,,,,,,,,,,,,,,,,,,,,,p26757.htm#i267569,,,,
Q144473,Q75644678,,,,,,,,,,,,,,,,,,,,,,,,,,,,,,,,,,,,,,,,,p26758.htm#i267580,,,,
Q144474,Q75644679,,,,,,,,,,,,,,,,,,,,,,,,,,,,,,,,,,,,,,,,,p26759.htm#i267581,,,,
Q144475,Q75644662,,,,,,,,,,,,,,,,,,,,,,,,,,,,,,,,,,,,,,,,,p26757.htm#i267566,,,,
Q144476,Q112962442,,,,,,,,,,,,,,,,,,,,,,,,,,,,,,,,,,,,,,,,,,,,,I00314876
Q144477,Q75856231,,,,,,,,,,,,,,,,,,,,,,,,,,,,,,,,,,,,,,,,,p35873.htm#i358722,,,,
Q144478,Q75519870,,,,,,,,,,,,,,,,,,,,,,,,,,,,,,,,,,,,,,,,,p19078.htm#i190778,,,,I00117250
Q144479,Q75519865,,,,,,,,,,,,,,,,,,,,,,,,,,,,,,,,,,,,,,,,,p19078.htm#i190774,,,O'Connor-2480,
Q144480,Q22023159,,,,,,,,,,,,,,,,,,,,,,,,,,,,,,,,,,,,,,,,,p19078.htm#i190777,,,FitzGerald-3773,I00117253
Q144481,Q75789763,,,,,,,,,,,,,,,,,,,,,,,,,,,,,,,,,,,,,,,,,p33519.htm#i335181,,,,
Q144482,Q75519861,,,,,,,,,,,,,,,,,,,,,,,,,,,,,,,,,,,,,,,,,p19078.htm#i190771,,,FitzJohn-181,
Q144483,Q75519867,,,,,,,,,,,,,,,,,,,,,,,,,,,,,,,,,,,,,,,,,p19078.htm#i190776,,,FitzJohn-171,I00117236
Q144484,Q75856258,,,,,,,,,,,,,,,,,,,,,,,,,,,,,,,,,,,,,,,,,p35874.htm#i358739,,,FitzJohn-177,I00728741
Q144485,Q75856259,,,,,,,,,,,,,,,,,,,,,,,,,,,,,,,,,,,,,,,,,p35874.htm#i358740,,,,
Q144486,Q75856260,,,,,,,,,,,,,,,,,,,,,,,,,,,,,,,,,,,,,,,,,p35875.htm#i358741,,,,
Q144487,Q116143418,,,,,,,,,,,,,,,,,,,,,,,,,,,,,,,,,,,,,,,,,,,,Bermingham-25,I00177830
Q144488,Q75849954,,,,,,,,,,,,,,,,,,,,,,,,,,,,,,,,,,,,,,,,,p35429.htm#i354284,,,Fitz_Robert-25,
Q144489,Q75789760,,,,,,,,,,,,,,,,,,,,,,,,,,,,,,,,,,,,,,,,,p33518.htm#i335180,,,,
Q144490,Q75458377,,,,,,,,,,,,,,,,,,,,,,,,,,,,,,,,,,,,,,,,,p15482.htm#i154817,,,De_Grenville-22,I00117201
Q144491,Q3852421,,,,,,,,93HW-J56,,,,,,,,,,,,,,,,,,,,,p=maurice;n=fitzgerald;oc=8,,,,,,,,,,,,p358.htm#i3573,Maurice_FitzGerald_(24),,FitzMaurice-96,I00028348
Q144492,Q75453203,,,,,,,,,,,,,,,,,,,,,,,,,,,,,,,,,,,,,,,,,p15141.htm#i151407,,,FitzMaurice-97,I00117202
Q144493,Q75849961,,,,,,,,,,,,,,,,,,,,,,,,,,,,,,,,,,,,,,,,,p35429.htm#i354289,,,,
Q144494,Q75459024,,,,,,,,,,,,,,,,,,,,,,,,,,,,,,,,,,,,,,,,,p15521.htm#i155210,,,Fitzgerald-3814,
Q144495,Q75459109,,,,,,,,,,,,,,,,,,,,,,,,,,,,,,,,,,,,,,,,,p15526.htm#i155260,,,,
Q144496,Q75459132,,,,,,,,,,,,,,,,,,,,,,,,,,,,,,,,,,,,,,,,,p15528.htm#i155274,,,,
Q144497,Q75464765,,,,,,,,,,,,,,,,,,,,,,,,,,,,,,,,,,,,,,,,,p15884.htm#i158839,,,,I00715270
Q144498,Q75459104,,,,,,,,,,,,,,,,,,,,,,,,,,,,,,,,,,,,,,,,,p15526.htm#i155257,,,,
Q144499,Q75643676,,,,,,,,,,,,,,,,,,,,,,,,,,,,,,,,,,,,,,,,,p26680.htm#i266794,,,,
Q144500,Q75458739,,,,,,,,,,,,,,,,,,,,,,,,,,,,,,,,,,,,,,,,,p15504.htm#i155036,,,,
Q144501,Q75458793,,,,,,,,,,,,,,,,,,,,,,,,,,,,,,,,,,,,,,,,,p15507.htm#i155069,,,,
Q144502,Q75715450,,,,,,,,,,,,,,,,,,,,,,,,,,,,,,,,,,,,,,,,,p29952.htm#i299512,,,,
Q144503,Q75715448,,,,,,,,,,,,,,,,,,,,,,,,,,,,,,,,,,,,,,,,,p29952.htm#i299511,,,,
Q144504,Q75715455,,,,,,,,,,,,,,,,,,,,,,,,,,,,,,,,,,,,,,,,,p29952.htm#i299514,,,,
Q144505,Q75717356,,,,,,,,,,,,,,,,,,,,,,,,,,,,,,,,,,,,,,,,,p30024.htm#i300233,,,,
Q144506,Q75453201,,,,,,,,,,,,,,,,,,,,,,,,,,,,,,,,,,,,,,,,,p15141.htm#i151402,,,,
Q144507,Q75541364,,,,,,,,,,,,,,,,,,,,,,,,,,,,,,,,,,,,,,,,,p20344.htm#i203439,,,,
Q144508,Q75542028,,,,,,,,,,,,,,,,,,,,,,,,,,,,,,,,,,,,,,,,,p20381.htm#i203806,,,,
Q144509,Q75541375,,,,,,,,,,,,,,,,,,,,,,,,,,,,,,,,,,,,,,,,,p20345.htm#i203445,,,Carew-32,
Q144510,Q75942417,,,,,,,,,,,,,,,,,,,,,,,,,,,,,,,,,,,,,,,,,p41834.htm#i418336,,,Kingsley-890,
Q144511,Q75942421,,,,,,,,,,,,,,,,,,,,,,,,,,,,,,,,,,,,,,,,,p41834.htm#i418339,,,Gerard-51,
Q144512,Q110560394,,,,,,,,,,,,,,,,,,,,,,,,,,,,,,,,,,,,,,,,,,,,,I00759046
Q144513,Q116469842,,,,,,,,,,,,,,,,,,,,,,,,,,,,,,,,,,,,,,,,,,,,,I00707492
Q144514,Q110662887,,,,,,,,,,,,,,,,,,,,,,,,,,,,,,,,,,,,,,,,,,,,Ab_Idnerth-5,I00750383
Q144515,Q110662890,,,,,,,,,,,,,,,,,,,,,,,,,,,,,,,,,,,,,,,,,,,,,I00707869
Q144516,Q116148081,,,,,,,,,,,,,,,,,,,,,,,,,,,,,,,,,,,,,,,,,,,,,I00755573
Q144517,Q116148078,,,,,,,,,,,,,,,,,,,,,,,,,,,,,,,,,,,,,,,,,,,,,I00708150
Q144518,Q110582664,,,,,,,,,,,,,,,,,,,,,,,,,,,,,,,,,,,,,,,,,,,,,I00749813
Q144519,Q110582666,,,,,,,,,,,,,,,,,,,,,,,,,,,,,,,,,,,,,,,,,,Rymel_Goronwy_(1),,Ferch_Gronwy-7,I00757386
Q144520,Q110582507,,,,,,,,,,,,,,,,,,,,,,,,,,,,,,,,,,,,,,,,,,,,,I00762324
Q144521,Q110636721,,,,,,,,,,,,,,,,,,,,,,,,,,,,,,,,,,,,,,,,,,,,,I00749753
Q144522,Q99076379,,,,,,,,,,,,,,,,,,,,,,,,,,,,,,,,,,,,,,,,,,,,,I00749806
Q144523,Q116055462,,,,,,,,,,,,,,,,,,,,,,,,,,,,,,,,,,,,,,,,,,,,,I00713567
Q144524,Q116478797,,,,,,,,,,,,,,,,,,,,,,,,,,,,,,,,,,,,,,,,,,,,,I00286707
Q144525,Q110585371,,,,,,,,,,,,,,,,,,,,,,,,,,,,,,,,,,,,,,,,,,,,Ferch_Gwyn-1,I00759315
Q144526,Q76214355,,,,,,,,,,,,,,,,,,,,,,,,,,,,,,,,,,,,,,,,,p60994.htm#i609936,,,Ferch_Bleddyn-6,I00749264
Q144527,Q76214358,,,,,,,,,,,,,,,,,,,,,,,,,,,,,,,,,,,,,,,,,p60994.htm#i609937,Gruffudd_Unknown_(20),,Ap_Tudur-9,I00713690
Q144528,Q76214359,,,,,,,,,,,,,,,,,,,,,,,,,,,,,,,,,,,,,,,,,p60994.htm#i609938,Llywelyn_Unknown_(13),,,
Q144529,Q76214361,,,,,,,,,,,,,,,,,,,,,,,,,,,,,,,,,,,,,,,,,p60994.htm#i609939,Gronwy_Unknown_(2),,,
Q144530,Q110636402,,,,,,,,,,,,,,,,,,,,,,,,,,,,,,,,,,,,,,,,,,,,,I00663856
Q144531,Q76214326,,,,,,,,,,,,,,,,,,,,,,,,,,,,,,,,,,,,,,,,,p60992.htm#i609914,,,,
Q144532,Q116477974,,,,,,,,,,,,,,,,,,,,,,,,,,,,,,,,,,,,,,,,,,,,,I00759513
Q144533,Q110290427,,,,,,,,,,,,,,,,,,,,,,,,,,,,,,,,,,,,,,,,,,,,,I00759507
Q144534,Q130338974,,,,,,,,,,,,,,,,,,,,,,,,,,,,,,,,,,,,,,,,,,,,,I00760872
Q144535,Q110582536,,,,,,,,,,,,,,,,,,,,,,,,,,,,,,,,,,,,,,,,,,,,,I00758143
Q144536,Q116147304,,,,,,,,,,,,,,,,,,,,,,,,,,,,,,,,,,,,,,,,,,,,,I00706128
Q144537,Q6827220,,,,,,,,,,,,,,,,,,,,,,,,,,,137724,,p=tudur;n=ap tudur hen,,,,,,,,,,,,p10282.htm#i102815|p65427.htm#i654262,Tudor_Fychan_(1),,Ap_Gronwy-23,I00059413
Q144538,Q116147205,,,,,,,,,,,,,,,,,,,,,,,,,,,,,,,,,,,,,,,,,,,,,I00760997
Q144539,Q76027464,,,,,,,,,,,,,,,,,,,,,,,,,,,,,,,,,,,,,,,,,p47802.htm#i478018,,,,I00467164
Q144540,Q76214369,,,,,,,,,,,,,,,,,,,,,,,,,,,,,,,,,,,,,,,,,p60995.htm#i609946,Generys_Unknown_(1),,Ferch_Madog-28,I00713701
Q144541,Q110585661,,,,,,,,,,,,,,,,,,,,,,,,,,,,,,,,,,,,,,,,,,,,,I00708233
Q144542,Q116147500,,,,,,,,,,,,,,,,,,,,,,,,,,,,,,,,,,,,,,,,,,,,,I00713624
Q144543,Q99075865,,,,,,,,,,,,,,,,,,,,,,,,,,,,,,,,,,,,,,,,,,,,,I00706180
Q144544,Q99069833,,,,,,,,,,,,,,,,,,,,,,,,,,,,,,,,,,,,,,,,,,,,,I00706178
Q144545,Q110585674,,,,,,,,,,,,,,,,,,,,,,,,,,,,,,,,,,,,,,,,,,,,,I00713627
Q144546,Q110636761,,,,,,,,,,,,,,,,,,,,,,,,,,,,,,,,,,,,,,,,,,,,,I00706048
Q144547,Q116113716,,,,,,,,,,,,,,,,,,,,,,,,,,,,,,,,,,,,,,,,,,,,,I00713577
Q144548,Q116113667,,,,,,,,,,,,,,,,,,,,,,,,,,,,,,,,,,,,,,,,,,,,,I00706214
Q144549,Q116147220,,,,,,,,,,,,,,,,,,,,,,,,,,,,,,,,,,,,,,,,,,,,,I00758137
Q144550,Q76194384,,,,,,,,,,,,,,,,,,,,,,,,,,,,,,,,,,,,,,,,,,,,,
Q144551,Q76194391,,,,,,,,,,,,,,,,,,,,,,,,,,,,,,,,,,,,,,,,,p59549.htm#i595490,,,,
Q144552,Q76194393,,,,,,,,,,,,,,,,,,,,,,,,,,,,,,,,,,,,,,,,,p59550.htm#i595492,,,,
Q144553,Q76194392,,,,,,,,,,,,,,,,,,,,,,,,,,,,,,,,,,,,,,,,,p59550.htm#i595491,,,,
Q144554,Q75247595,,,,,,,,,,,,,,,,,,,,,,,,,,,409699,,,,,,,,,,,,,,p879.htm#i8790,,,Ferch_Ieuan-10,I00700548
Q144555,Q99070276,,,,,,,,,,,,,,,,,,,,,,,,,,,,,,,,,,,,,,,,,,,,,I00749612
Q144556,Q110636352,,,,,,,,,,,,,,,,,,,,,,,,,,,,,,,,,,,,,,,,,,,,,I00755798
Q144557,Q110067779,,,,,,,,,,,,,,,,,,,,,,,,,,,,,,,,,,,,,,,,,,,,,I00702399
Q144558,Q99070430,,,,,,,,,,,,,,,,,,,,,,,,,,,,,,,,,,,,,,,,,,,,,I00700024
Q144559,Q116477977,,,,,,,,,,,,,,,,,,,,,,,,,,,,,,,,,,,,,,,,,,,,,I00751583
Q144560,Q116479500,,,,,,,,,,,,,,,,,,,,,,,,,,,,,,,,,,,,,,,,,,,,,I00709919
Q144561,Q110290193,,,,,,,,,,,,,,,,,,,,,,,,,,,,,,,,,,,,,,,,,,,,,I00706030
Q144562,Q99069817,,,,,,,,,,,,,,,,,,,,,,,,,,,,,,,,,,,,,,,,,,,,,I00706174
Q144563,Q116155853,,,,,,,,,,,,,,,,,,,,,,,,,,,,,,,,,,,,,,,,,,,,,I00750341
Q144564,Q110290180,,,,,,,,,,,,,,,,,,,,,,,,,,,,,,,,,,,,,,,,,,,,,I00753025
Q144565,Q116477674,,,,,,,,,,,,,,,,,,,,,,,,,,,,,,,,,,,,,,,,,,,,,I00754825
Q144566,Q117306811,,,,,,,,,,,,,,,,,,,,,,,,,,,,,,,,,,,,,,,,,,,,,I00752024
Q144567,Q116055012,,,,,,,,,,,,,,,,,,,,,,,,,,,,,,,,,,,,,,,,,,,,,I00750990
Q144568,Q129168341,,,,,,,,,,,,,,,,,,,,,,,,,,,,,,,,,,,,,,,,,,,,,I00707278
Q144569,Q116112388,,,,,,,,,,,,,,,,,,,,,,,,,,,,,,,,,,,,,,,,,,,,Ferch_Cadwallon-2,I00706362
Q144570,Q116147719,,,,,,,,,,,,,,,,,,,,,,,,,,,,,,,,,,,,,,,,,,,,,I00761776
Q144571,Q110585332,,,,,,,,,,,,,,,,,,,,,,,,,,,,,,,,,,,,,,,,,,,,,I00714541
Q144572,Q99082368,,,,,,,,,,,,,,,,,,,,,,,,,,,,,,,,,,,,,,,,,,,,Ap_Iorwerth-32,I00751451
Q144573,Q130340432,,,,,,,,,,,,,,,,,,,,,,,,,,,,,,,,,,,,,,,,,,,,,I00757641
Q144574,Q110414048,,,,,,,,,,,,,,,,,,,,,,,,,,,,,,,,,,,,,,,,,,,,,I00697975
Q144575,Q99302432,,,,,,,,,,,,,,,,,,,,,,,,,,,,,,,,,,,,,,,,,,,,,I00706584
Q144576,Q110413522,,,,,,,,,,,,,,,,,,,,,,,,,,,,,,,,,,,,,,,,,,,,,I00760582
Q144577,Q117306767,,,,,,,,,,,,,,,,,,,,,,,,,,,,,,,,,,,,,,,,,,,,,I00758362
Q144578,Q133462167,,,,,,,,,,,,,,,,,,,,,,,,,,,,,,,,,,,,,,,,,,,,,I00776719
Q144579,Q116054774,,,,,,,,,,,,,,,,,,,,,,,,,,,,,,,,,,,,,,,,,,,,,I00755858
Q144580,Q110636635,,,,,,,,,,,,,,,,,,,,,,,,,,,,,,,,,,,,,,,,,,,,,I00753702
Q144581,Q110413413,,,,,,,,,,,,,,,,,,,,,,,,,,,,,,,,,,,,,,,,,,,,,I00755228
Q144582,Q110662774,,,,,,,,,,,,,,,,,,,,,,,,,,,,,,,,,,,,,,,,,,,,,I00754073
Q144583,Q130341577,,,,,,,,,,,,,,,,,,,,,,,,,,,,,,,,,,,,,,,,,,,,,I00745055
Q144584,Q116111584,,,,,,,,,,,,,,,,,,,,,,,,,,,,,,,,,,,,,,,,,,,,,I00754421
Q144585,Q116115967,,,,,,,,,,,,,,,,,,,,,,,,,,,,,,,,,,,,,,,,,,,,,I00759937
Q144586,Q99072567,,,,,,,,,,,,,,,,,,,,,,,,,,,,,,,,,,,,,,,,,,,,,I00749266
Q144587,Q96311987,,,,,,,,,,,,,,,,,,,,,,,,,,,,,,,,,,,,,,,,,,,,Ap_Iorwerth-59,I00705942
Q144588,Q116156657,,,,,,,,,,,,,,,,,,,,,,,,,,,,,,,,,,,,,,,,,,,,,I00755333
Q144589,Q131138845,,,,,,,,,,,,,,,,,,,,,,,,,,,,,,,,,,,,,,,,,,,,,I00775396
Q144590,Q96311962,,,,,,,,,,,,,,,,,,,,,,,,,,,,,,,,,,,,,,,,,,,,Ap_Gruffudd-48,I00754924
Q144591,Q110636631,,,,,,,,,,,,,,,,,,,,,,,,,,,,,,,,,,,,,,,,,,,,,I00759493
Q144592,Q130359409,,,,,,,,,,,,,,,,,,,,,,,,,,,,,,,,,,,,,,,,,,,,,I00760934
Q144593,Q116146965,,,,,,,,,,,,,,,,,,,,,,,,,,,,,,,,,,,,,,,,,,,,,I00755154
Q144594,Q116115284,,,,,,,,,,,,,,,,,,,,,,,,,,,,,,,,,,,,,,,,,,,,,I00760216
Q144595,Q116146142,,,,,,,,,,,,,,,,,,,,,,,,,,,,,,,,,,,,,,,,,,,,,I00760658
Q144596,Q16674819,,,,,,,,,,,,,,,,,,,,,,,,,,,,,,,,,,,,,,,,,,,,,
Q144597,Q19663441,,,,,,,,,,,,,,,,,,,,,,,,,,,1371334,,p=alain;n=de cornouaille;oc=1,,,,,,,,,,,,,,,Bretagne-201,
Q144598,Q2353144,,,,,,,,,,,,,,,,,,,,,,,,,,,1371340,,,,,,,,,,,,,,,,,,
Q144599,Q116112564,,,,,,,,,,,,,,,,,,,,,,,,,,,,,,,,,,,,,,,,,,,,,I00760182
Q144600,Q116052935,,,,,,,,,,,,,,,,,,,,,,,,,,,,,,,,,,,,,,,,,,,,,I00753867
Q144601,Q124656871,,,,,,,,,,,,,,,,,,,,,,,,,,,,,,,,,,,,,,,,,,Fergus_Mac_Nechtan_(1),,,
Q144602,Q76141706,,,,,,,,,,,,,,,,,,,,,,,,,,,,,,,,,,,,,,,,,p56017.htm#i560169,,,,
Q144603,Q110662832,,,,,,,,,,,,,,,,,,,,,,,,,,,,,,,,,,,,,,,,,,,,,I00750162
Q144604,Q116147766,,,,,,,,,,,,,,,,,,,,,,,,,,,,,,,,,,,,,,,,,,,,,I00774624
Q144605,Q116148082,,,,,,,,,,,,,,,,,,,,,,,,,,,,,,,,,,,,,,,,,,,,,I00761056
Q144606,Q110560319,,,,,,,,,,,,,,,,,,,,,,,,,,,,,,,,,,,,,,,,,,,,,I00736943
Q144607,Q116147013,,,,,,,,,,,,,,,,,,,,,,,,,,,,,,,,,,,,,,,,,,,,,I00709928
Q144608,Q116147102,,,,,,,,,,,,,,,,,,,,,,,,,,,,,,,,,,,,,,,,,,,,,I00774851
Q144609,Q116112385,,,,,,,,,,,,,,,,,,,,,,,,,,,,,,,,,,,,,,,,,,,,Ap_Hywel-54,I00750745
Q144610,Q116478121,,,,,,,,,,,,,,,,,,,,,,,,,,,,,,,,,,,,,,,,,,,,,I00749937
Q144611,Q122361630,,,,,,,,,,,,,,,,,,,,,,,,,,,,,,,,,,,,,,,,,,,,,I00753294
Q144612,Q116052978,,,,,,,,,,,,,,,,,,,,,,,,,,,,,,,,,,,,,,,,,,,,,I00759463
Q144613,Q130359090,,,,,,,,,,,,,,,,,,,,,,,,,,,,,,,,,,,,,,,,,,,,,I00760388
Q144614,Q116147598,,,,,,,,,,,,,,,,,,,,,,,,,,,,,,,,,,,,,,,,,,,,,I00759924
Q144615,Q110583436,,,,,,,,,,,,,,,,,,,,,,,,,,,,,,,,,,,,,,,,,,,,,I00753712
Q144616,Q110636944,,,,,,,,,,,,,,,,,,,,,,,,,,,,,,,,,,,,,,,,,,,,Ap_Maredudd-40,I00309499
Q144617,Q116116014,,,,,,,,,,,,,,,,,,,,,,,,,,,,,,,,,,,,,,,,,,,,,I00759933
Q144618,Q76215118,,,,,,,,,,,,,,,,,,,,,,,,,,,,,,,,,,,,,,,,,p61057.htm#i610562,,,Ap_Gruffydd-70,I00749775
Q144619,Q110560321,,,,,,,,,,,,,,,,,,,,,,,,,,,,,,,,,,,,,,,,,,,,,I00764255
Q144620,Q110583429,,,,,,,,,,,,,,,,,,,,,,,,,,,,,,,,,,,,,,,,,,,,,I00706230
Q144621,Q110583416,,,,,,,,,,,,,,,,,,,,,,,,,,,,,,,,,,,,,,,,,,,,,I00707452
Q144622,Q116054803,,,,,,,,,,,,,,,,,,,,,,,,,,,,,,,,,,,,,,,,,,,,,I00713220
Q144623,Q110583403,,,,,,,,,,,,,,,,,,,,,,,,,,,,,,,,,,,,,,,,,,,,,I00707444
Q144624,Q117306737,,,,,,,,,,,,,,,,,,,,,,,,,,,,,,,,,,,,,,,,,,,,,I00775547
Q144625,Q99302435,,,,,,,,,,,,,,,,,,,,,,,,,,,,,,,,,,,,,,,,,,,,Ap_Meurig-28,I00706589
Q144626,Q99073281,,,,,,,,,,,,,,,,,,,,,,,,,,,,,,,,,,,,,,,,,,,,,I00758306
Q144627,Q116055463,,,,,,,,,,,,,,,,,,,,,,,,,,,,,,,,,,,,,,,,,,,,,I00760591
Q144628,Q133461176,,,,,,,,,,,,,,,,,,,,,,,,,,,,,,,,,,,,,,,,,,,,,I00757196
Q144629,Q116147068,,,,,,,,,,,,,,,,,,,,,,,,,,,,,,,,,,,,,,,,,,,,,I00713563
Q144630,Q116147064,,,,,,,,,,,,,,,,,,,,,,,,,,,,,,,,,,,,,,,,,,,,,I00711557
Q144631,Q110583486,,,,,,,,,,,,,,,,,,,,,,,,,,,,,,,,,,,,,,,,,,,,,I00755235
Q144632,Q110413384,,,,,,,,,,,,,,,,,,,,,,,,,,,,,,,,,,,,,,,,,,,,,I00711537
Q144633,Q110583469,,,,,,,,,,,,,,,,,,,,,,,,,,,,,,,,,,,,,,,,,,,,,I00708277
Q144634,Q110635778,,,,,,,,,,,,,,,,,,,,,,,,,,,,,,,,,,,,,,,,,,,,,I00738258
Q144635,Q116108961,,,,,,,,,,,,,,,,,,,,,,,,,,,,,,,,,,,,,,,,,,,,,I00702374
Q144636,Q110585198,,,,,,,,,,,,,,,,,,,,,,,,,,,,,,,,,,,,,,,,,,,,,I00700634
Q144637,Q116054762,,,,,,,,,,,,,,,,,,,,,,,,,,,,,,,,,,,,,,,,,,,,,I00713194
Q144638,Q116054760,,,,,,,,,,,,,,,,,,,,,,,,,,,,,,,,,,,,,,,,,,,,,I00713192
Q144639,Q116054798,,,,,,,,,,,,,,,,,,,,,,,,,,,,,,,,,,,,,,,,,,,,,I00713214
Q144640,Q116146813,,,,,,,,,,,,,,,,,,,,,,,,,,,,,,,,,,,,,,,,,,,,,I00751857
Q144641,Q116146706,,,,,,,,,,,,,,,,,,,,,,,,,,,,,,,,,,,,,,,,,,,,,I00709846
Q144642,Q116147011,,,,,,,,,,,,,,,,,,,,,,,,,,,,,,,,,,,,,,,,,,,,,I00709887
Q144643,Q116147021,,,,,,,,,,,,,,,,,,,,,,,,,,,,,,,,,,,,,,,,,,,,,I00757254
Q144644,Q116146949,,,,,,,,,,,,,,,,,,,,,,,,,,,,,,,,,,,,,,,,,,,,,I00760126
Q144645,Q116146726,,,,,,,,,,,,,,,,,,,,,,,,,,,,,,,,,,,,,,,,,,,,,I00709866
Q144646,Q116146745,,,,,,,,,,,,,,,,,,,,,,,,,,,,,,,,,,,,,,,,,,,,,I00708131
Q144647,Q116147034,,,,,,,,,,,,,,,,,,,,,,,,,,,,,,,,,,,,,,,,,,,,,I00759637
Q144648,Q133461239,,,,,,,,,,,,,,,,,,,,,,,,,,,,,,,,,,,,,,,,,,,,,I00757291
Q144649,Q116054804,,,,,,,,,,,,,,,,,,,,,,,,,,,,,,,,,,,,,,,,,,,,,I00713215
Q144650,Q116146829,,,,,,,,,,,,,,,,,,,,,,,,,,,,,,,,,,,,,,,,,,,,,I00758145
Q144651,Q110413550,,,,,,,,,,,,,,,,,,,,,,,,,,,,,,,,,,,,,,,,,,,,,I00754067
Q144652,Q110413546,,,,,,,,,,,,,,,,,,,,,,,,,,,,,,,,,,,,,,,,,,,,,I00711085
Q144653,Q116147789,,,,,,,,,,,,,,,,,,,,,,,,,,,,,,,,,,,,,,,,,,,,,I00757720
Q144654,Q116055624,,,,,,,,,,,,,,,,,,,,,,,,,,,,,,,,,,,,,,,,,,,,,I00764223
Q144655,Q116055556,,,,,,,,,,,,,,,,,,,,,,,,,,,,,,,,,,,,,,,,,,,,,I00764219
Q144656,Q116055552,,,,,,,,,,,,,,,,,,,,,,,,,,,,,,,,,,,,,,,,,,,,,I00764215
Q144657,Q110585587,,,,,,,,,,,,,,,,,,,,,,,,,,,,,,,,,,,,,,,,,,,,,I00760827
Q144658,Q116115074,,,,,,,,,,,,,,,,,,,,,,,,,,,,,,,,,,,,,,,,,,,,,I00775225
Q144659,Q131138839,,,,,,,,,,,,,,,,,,,,,,,,,,,,,,,,,,,,,,,,,,,,,I00775398
Q144660,Q116115994,,,,,,,,,,,,,,,,,,,,,,,,,,,,,,,,,,,,,,,,,,,,,I00758119
Q144661,Q116147586,,,,,,,,,,,,,,,,,,,,,,,,,,,,,,,,,,,,,,,,,,,,,I00751483
Q144662,Q116812468,,,,,,,,,,,,,,,,,,,,,,,,,,,,,,,,,,,,,,,,,,,,,I00775920
Q144663,Q117306732,,,,,,,,,,,,,,,,,,,,,,,,,,,,,,,,,,,,,,,,,,,,,I00760752
Q144664,Q116112584,,,,,,,,,,,,,,,,,,,,,,,,,,,,,,,,,,,,,,,,,,,,,I00759584
Q144665,Q110585519,,,,,,,,,,,,,,,,,,,,,,,,,,,,,,,,,,,,,,,,,,,,,I00711812
Q144666,Q116112416,,,,,,,,,,,,,,,,,,,,,,,,,,,,,,,,,,,,,,,,,,,,,I00759574
Q144667,Q99082456,,,,,,,,,,,,,,,,,,,,,,,,,,,,,,,,,,,,,,,,,,,,,I00706325
Q144668,Q116113705,,,,,,,,,,,,,,,,,,,,,,,,,,,,,,,,,,,,,,,,,,,,,I00713573
Q144669,Q116147212,,,,,,,,,,,,,,,,,,,,,,,,,,,,,,,,,,,,,,,,,,,,,I00709848
Q144670,Q117306727,,,,,,,,,,,,,,,,,,,,,,,,,,,,,,,,,,,,,,,,,,,,,I00759573
Q144671,Q130338990,,,,,,,,,,,,,,,,,,,,,,,,,,,,,,,,,,,,,,,,,,,,,I00762326
Q144672,Q116148089,,,,,,,,,,,,,,,,,,,,,,,,,,,,,,,,,,,,,,,,,,,,,I00750528
Q144673,Q110585669,,,,,,,,,,,,,,,,,,,,,,,,,,,,,,,,,,,,,,,,,,,,,I00750527
Q144674,Q130340336,,,,,,,,,,,,,,,,,,,,,,,,,,,,,,,,,,,,,,,,,,,,,I00762454
Q144675,Q116147584,,,,,,,,,,,,,,,,,,,,,,,,,,,,,,,,,,,,,,,,,,,,,I00764431
Q144676,Q130340422,,,,,,,,,,,,,,,,,,,,,,,,,,,,,,,,,,,,,,,,,,,,,I00713712
Q144677,Q110290395,,,,,,,,,,,,,,,,,,,,,,,,,,,,,,,,,,,,,,,,,,,,,I00711802
Q144678,Q76286495,,,,,,,,,,,,,,,,,,,,,,,,,,,,,,,,,,,,,,,,,p66330.htm#i663295,,,,
Q144679,Q116147811,,,,,,,,,,,,,,,,,,,,,,,,,,,,,,,,,,,,,,,,,,,,,I00775484
Q144680,Q96311958,,,,,,,,,,,,,,,,,,,,,,,,,,,,,,,,,,,,,,,,,,,,,I00387963
Q144681,Q110635458,,,,,,,,,,,,,,,,,,,,,,,,,,,,,,,,,,,,,,,,,,,,,I00759879
Q144682,Q110662806,,,,,,,,,,,,,,,,,,,,,,,,,,,,,,,,,,,,,,,,,,,,,I00750115
Q144683,Q116148033,,,,,,,,,,,,,,,,,,,,,,,,,,,,,,,,,,,,,,,,,,,,,I00762325
Q144684,Q110582513,,,,,,,,,,,,,,,,,,,,,,,,,,,,,,,,,,,,,,,,,,,,,I00681358
Q144685,Q99075872,,,,,,,,,,,,,,,,,,,,,,,,,,,,,,,,,,,,,,,,,,,,,I00749803
Q144686,Q110412973,,,,,,,,,,,,,,,,,,,,,,,,,,,,,,,,,,,,,,,,,,,,,I00764052
Q144687,Q116147026,,,,,,,,,,,,,,,,,,,,,,,,,,,,,,,,,,,,,,,,,,,,,I00709932
Q144688,Q116055448,,,,,,,,,,,,,,,,,,,,,,,,,,,,,,,,,,,,,,,,,,,,,I00760608
Q144689,Q133462370,,,,,,,,,,,,,,,,,,,,,,,,,,,,,,,,,,,,,,,,,,,,,I00759328
Q144690,Q116055401,,,,,,,,,,,,,,,,,,,,,,,,,,,,,,,,,,,,,,,,,,,,,I00756021
Q144691,Q76154570,,,,,,,,,,,,,,,,,,,,,,,,,,,,,,,,,,,,,,,,,p56828.htm#i568278,,,Strange-21,I00140325
Q144692,Q76154572,,,,,,,,,,,,,,,,,,,,,,,,,,,,,,,,,,,,,,,,,p56828.htm#i568279,,,La_Fusche-1,I00140326
Q144693,Q17352983,,,,,,,,,,,,,,,,,,,,,,,,,,,,,,,,,,,,,,,,,p56829.htm#i568286,,,Strange-120,
Q144694,Q1331879,,,,,,,,,,,,,,,,,,,,,,,,,,,,,,,,,,,,,,,,,p56829.htm#i568284,,,,
Q144695,Q18560111,,,,,,,,,,,,,,,,,,,,,,,,,,,,,,,,,,,,,,,,,p56829.htm#i568283,,,Strange-19,I00140327
Q144696,Q18560115,,,,,,,,,,,,,,,,,,,,,,,,,,,,,,,,,,,,,,,,,p56829.htm#i568289,,,Strange-118,I00140337
Q144697,Q75821463,,,,,,,,,,,,,,,,,,,,,,,,,,,,,p=roger;n=de tregoz,,,,,,,,,,,,p34759.htm#i347590|p56829.htm#i568281,Robert_De_Tregoz_(1),,Tregoz-13,I00199032
Q144698,Q72395884,,,,,,,,,,,,,,,,,,,,,,,,,,,,,p=sibyl;n=de sudeley,,,,,,,,,,,,p15844.htm#i158438,Sibil_De_Ewyas_(1),,Ewyas-2,I00028369
Q144699,Q116054534,,,,,,,,,,,,,,,,,,,,,,,,,,,,,,,,,,,,,,,,,,,,,I00750836
Q144700,Q99302464,,,,,,,,,,,,,,,,,,,,,,,,,,,,,,,,,,,,,,,,,,,,,I00700171
Q144701,Q116054524,,,,,,,,,,,,,,,,,,,,,,,,,,,,,,,,,,,,,,,,,,,,,I00713630
Q144702,Q116147221,,,,,,,,,,,,,,,,,,,,,,,,,,,,,,,,,,,,,,,,,,,,,I00760701
Q144703,Q110388765,,,,,,,,,,,,,,,,,,,,,,,,,,,,,,,,,,,,,,,,,,,,,I00724360
Q144704,Q116112378,,,,,,,,,,,,,,,,,,,,,,,,,,,,,,,,,,,,,,,,,,,,,I00713241
Q144705,Q116054556,,,,,,,,,,,,,,,,,,,,,,,,,,,,,,,,,,,,,,,,,,,,,I00758022
Q144706,Q116054515,,,,,,,,,,,,,,,,,,,,,,,,,,,,,,,,,,,,,,,,,,,,,I00755847
Q144707,Q99302485,,,,,,,,,,,,,,,,,,,,,,,,,,,,,,,,,,,,,,,,,,,,,I00706346
Q144708,Q99302483,,,,,,,,,,,,,,,,,,,,,,,,,,,,,,,,,,,,,,,,,,,,,I00700041
Q144709,Q117306717,,,,,,,,,,,,,,,,,,,,,,,,,,,,,,,,,,,,,,,,,,,,,I00757332
Q144710,Q116054501,,,,,,,,,,,,,,,,,,,,,,,,,,,,,,,,,,,,,,,,,,,,,I00758983
Q144711,Q116054492,,,,,,,,,,,,,,,,,,,,,,,,,,,,,,,,,,,,,,,,,,,,,I00706015
Q144712,Q110585664,,,,,,,,,,,,,,,,,,,,,,,,,,,,,,,,,,,,,,,,,,,,,I00750479
Q144713,Q110585662,,,,,,,,,,,,,,,,,,,,,,,,,,,,,,,,,,,,,,,,,,,,,I00708234
Q144714,Q116147190,,,,,,,,,,,,,,,,,,,,,,,,,,,,,,,,,,,,,,,,,,,,,I00750477
Q144715,Q116477744,,,,,,,,,,,,,,,,,,,,,,,,,,,,,,,,,,,,,,,,,,,,,I00775800
Q144716,Q110388764,,,,,,,,,,,,,,,,,,,,,,,,,,,,,,,,,,,,,,,,,,,,,I00713167
Q144717,Q110582479,,,,,,,,,,,,,,,,,,,,,,,,,,,,,,,,,,,,,,,,,,,,,I00708154
Q144718,Q116147651,,,,,,,,,,,,,,,,,,,,,,,,,,,,,,,,,,,,,,,,,,,,,I00758630
Q144719,Q129257237,,,,,,,,,,,,,,,,,,,,,,,,,,,,,,,,,,,,,,,,,,,,,I00776028
Q144720,Q116147649,,,,,,,,,,,,,,,,,,,,,,,,,,,,,,,,,,,,,,,,,,,,,I00758635
Q144721,Q116478987,,,,,,,,,,,,,,,,,,,,,,,,,,,,,,,,,,,,,,,,,,,,,I00750507
Q144722,Q116812714,,,,,,,,,,,,,,,,,,,,,,,,,,,,,,,,,,,,,,,,,,,,,I00701134
Q144723,Q122361509,,,,,,,,,,,,,,,,,,,,,,,,,,,,,,,,,,,,,,,,,,,,,I00757690
Q144724,Q76215119,,,,,,,,,,,,,,,,,,,,,,,,,,,,,,,,,,,,,,,,,p61057.htm#i610563,Efa_ferch_Gwyn_(1),,Ferch_Gwyn-2,I00752090|I00465384
Q144725,Q76215121,,,,,,,,,,,,,,,,,,,,,,,,,,,,,,,,,,,,,,,,,p61057.htm#i610564,Gruffudd_ap_Caradog_(1),,Ap_Caradog-25,I00465385
Q144726,Q116478450,,,,,,,,,,,,,,,,,,,,,,,,,,,,,,,,,,,,,,,,,,,,,I00754939
Q144727,Q99072539,,,,,,,,,,,,,,,,,,,,,,,,,,,,,,,,,,,,,,,,,,,,,I00708257
Q144728,Q116115294,,,,,,,,,,,,,,,,,,,,,,,,,,,,,,,,,,,,,,,,,,,,,I00760225
Q144729,Q110413509,,,,,,,,,,,,,,,,,,,,,,,,,,,,,,,,,,,,,,,,,,,,,I00759589
Q144730,Q110412963,,,,,,,,,,,,,,,,,,,,,,,,,,,,,,,,,,,,,,,,,,,,Ap_Tudwr-1,I00706593
Q144731,Q110413451,,,,,,,,,,,,,,,,,,,,,,,,,,,,,,,,,,,,,,,,,,,,,I00711548
Q144732,Q99072639,,,,,,,,,,,,,,,,,,,,,,,,,,,,,,,,,,,,,,,,,,,,,I00709864
Q144733,Q133462183,,,,,,,,,,,,,,,,,,,,,,,,,,,,,,,,,,,,,,,,,,,,,I00757479
Q144734,Q116147039,,,,,,,,,,,,,,,,,,,,,,,,,,,,,,,,,,,,,,,,,,,,,I00709952
Q144735,Q131347187,,,,,,,,,,,,,,,,,,,,,,,,,,,,,,,,,,,,,,,,,,,,,I00795971
Q144736,Q76188038,,,,,,,,,,,,,,,,,,,,,,,,,,,,,,,,,,,,,,,,,p59111.htm#i591106,,,,I00745032
Q144737,Q112531540,,,,,,,,,,,,,,,,,,,,,,,,,,,,,,,,,,,,,,,,,,,,,I00769331
Q144738,Q3699260,,,,,,,,,,,,,,,,,,,,,,,,,,,,,,,,,,,,,,,,,,,,,
Q144739,Q116052787,,,,,,,,,,,,,,,,,,,,,,,,,,,,,,,,,,,,,,,,,,,,,I00754390
Q144740,Q116156539,,,,,,,,,,,,,,,,,,,,,,,,,,,,,,,,,,,,,,,,,,,,,I00775812
Q144741,Q122260545,,,,,,,,,,,,,,,,,,,,,,,,,,,,,,,,,,,,,,,,,,,,,I00753460
Q144742,Q122260540,,,,,,,,,,,,,,,,,,,,,,,,,,,,,,,,,,,,,,,,,,,,,I00753455
Q144743,Q70755391,,,,,,,,,,,,,,,,,,,,,,,,,,,,,p=tuathal;n=mac ugaire,,,,,,,,,,,,,Tuathal_Mac_Ugaire_(1)|Túathal_mac_Úgaire_(1),,Leinster-36,I00424535
Q144744,Q70976079,,,,,,,,,,,,,,,,,,,,,,,,,,,,,p=duncuan macdunlaing;n=o toole,,,,,,,,,,,,,Donncuan_mac_Dúnlainge_(1)|Duncuan_Mac_Dunlog_(1),,MacDunlaig-1,
Q144745,Q71117510,,,,,,,,,,,,,,,,,,,,,,,,,,,,,p=augaire macdunlaing;n=o toole,,,,,,,,,,,,,,,,
Q144746,Q71117478,,,,,,,,,,,,,,,,,,,,,,,,,,,,,p=donnchad macdunlaing;n=o toole,,,,,,,,,,,,,Doncadh_Mac_Dunlog_(1),,,
Q144747,Q71147926,,,,,,,,,,,,,,,,,,,,,,,,,,,,,p=murchad macdunlaing;n=o toole,,,,,,,,,,,,,Murcadh_Mac_Dunlog_(1),,,
Q144748,Q116055641,,,,,,,,,,,,,,,,,,,,,,,,,,,,,,,,,,,,,,,,,,,,,I00760857
Q144749,Q110582661,,,,,,,,,,,,,,,,,,,,,,,,,,,,,,,,,,,,,,,,,,,,,I00760178
Q144750,Q76215122,,,,,,,,,,,,,,,,,,,,,,,,,,,,,,,,,,,,,,,,,p61057.htm#i610565,,,,I00750060
Q144751,Q116055639,,,,,,,,,,,,,,,,,,,,,,,,,,,,,,,,,,,,,,,,,,,,,I00764236
Q144752,Q133462155,,,,,,,,,,,,,,,,,,,,,,,,,,,,,,,,,,,,,,,,,,,,,I00788938
Q144753,Q112532192,,,,,,,,,,,,,,,,,,,,,,,,,,,,,,,,,,,,,,,,,,,,,I00713816
Q144754,Q130338967,,,,,,,,,,,,,,,,,,,,,,,,,,,,,,,,,,,,,,,,,,,,,I00758296
Q144755,Q110582700,,,,,,,,,,,,,,,,,,,,,,,,,,,,,,,,,,,,,,,,,,,,,I00760180
Q144756,Q99302419,,,,,,,,,,,,,,,,,,,,,,,,,,,,,,,,,,,,,,,,,,,,,I00711660
Q144757,Q96312010,,,,,,,,,,,,,,,,,,,,,,,,,,,,,,,,,,,,,,,,,,,,Ferch_Einion-8,I00750577
Q144758,Q116156574,,,,,,,,,,,,,,,,,,,,,,,,,,,,,,,,,,,,,,,,,,,,,I00749454
Q144759,Q116052993,,,,,,,,,,,,,,,,,,,,,,,,,,,,,,,,,,,,,,,,,,,,,I00749628
Q144760,Q130358758,,,,,,,,,,,,,,,,,,,,,,,,,,,,,,,,,,,,,,,,,,,,,I00710055
Q144761,Q116052918,,,,,,,,,,,,,,,,,,,,,,,,,,,,,,,,,,,,,,,,,,,,,I00759018
Q144762,Q116812394,,,,,,,,,,,,,,,,,,,,,,,,,,,,,,,,,,,,,,,,,,,,,I00759283
Q144763,Q130358565,,,,,,,,,,,,,,,,,,,,,,,,,,,,,,,,,,,,,,,,,,,,,I00708697
Q144764,Q130358501,,,,,,,,,,,,,,,,,,,,,,,,,,,,,,,,,,,,,,,,,,,,,I00761334
Q144765,Q130358497,,,,,,,,,,,,,,,,,,,,,,,,,,,,,,,,,,,,,,,,,,,,,I00761330
Q144766,Q130358430,,,,,,,,,,,,,,,,,,,,,,,,,,,,,,,,,,,,,,,,,,,,,I00708671
Q144767,Q130359386,,,,,,,,,,,,,,,,,,,,,,,,,,,,,,,,,,,,,,,,,,,,,I00705955
Q144768,Q110383294,,,,,,,,,,,,,,,,,,,,,,,,,,,,,,,,,,,,,,,,,,,,,I00714460
Q144769,Q116055513,,,,,,,,,,,,,,,,,,,,,,,,,,,,,,,,,,,,,,,,,,,,Gest-10,I00774515
Q144770,Q106703127,,,,,,,,,,,,,,,,,,,,,,,,,,,,,,,,,,,,,,,,,,,,,I00753774
Q144771,Q116147337,,,,,,,,,,,,,,,,,,,,,,,,,,,,,,,,,,,,,,,,,,,,,I00754248
Q144772,Q110290392,,,,,,,,,,,,,,,,,,,,,,,,,,,,,,,,,,,,,,,,,,,,,I00757598
Q144773,Q110622113,,,,,,,,,,,,,,,,,,,,,,,,,,,,,,,,,,,,,,,,,,,,,I00710087
Q144774,Q116477810,,,,,,,,,,,,,,,,,,,,,,,,,,,,,,,,,,,,,,,,,,,,,I00749597
Q144775,Q75382640,,,,,,,,,,,,,,,,,,,,,,,,,,,967955,,p=owain;n=ap maredudd,,,,,,,,,,,,p10282.htm#i102811,Owen_ap_Meredydd_(1),,Ap_Maredudd-35,I00059428
Q144776,Q116055477,,,,,,,,,,,,,,,,,,,,,,,,,,,,,,,,,,,,,,,,,,,,,I00761026
Q144777,Q99071735,,,,,,,,,,,,,,,,,,,,,,,,,,,,,,,,,,,,,,,,,,,,Ferch_Owain-8,I00059429
Q144778,Q110560327,,,,,,,,,,,,,,,,,,,,,,,,,,,,,,,,,,,,,,,,,,,,,I00754085
Q144779,Q6760068,,,,,,,,,,,,,,,,,,,,,,,,,,,145549,,p=margaret;n=of scotland;oc=4,,,,,,,,,,,,p10249.htm#i102484,Margaret_of_Huntingdon_(1),,Huntingdon-16,I00027684
Q144780,Q6085344,,,,,,,,,,,,,,,,,,,,,,,,,,,110753,,p=isobel;n=of scotland,,,,,,,,,,,,p10248.htm#i102478,Isabelle_Huntingdon_(1),,Huntingdon-10,I00027706
Q144781,Q1703908,,,,,,,,,,,,,,,,,,I5424,,,,,,,,,530887,,p=sohier;n=de quincy;oc=1,,,,,,,,,,,,p1290.htm#i12894,Saer_De_Quincy_(1),,Quincy-226,I00106762
Q144782,Q61497599,,,,,,,,,,131741312,,,,,,,,,,,,,,,,,261312,,p=margaret;n=de beaumont le roger,,,,,,,,,,,,p1700.htm#i16999,Margaret_De_Beaumont_(1),,Beaumont-89,I00106763
Q144783,Q20724809,,,,,,,,,,,,,,,,,,,,,,,,,,,,,,,,,,,,,,,,,p10777.htm#i107762,,,Wake-60,I00140307
Q144784,Q16850609,,,,,,,,,,,,,,,,,,,,,,,,,,,1081959,,p=john;n=wake,,,,,,,,,,,,p10255.htm#i102543,John_Wake_(23),,Wake-4,I00106028
Q144785,Q76203175,,,,,,,,,,,,,,,,,,,,,,,,,,,,,,,,,,,,,,,,,p60134.htm#i601339,,,,
Q144786,Q76203180,,,,,,,,,,,,,,,,,,,,,,,,,,,,,,,,,,,,,,,,,p60135.htm#i601342,,,,
Q144787,Q18783930,,,,,,,,,,,,,,,,,,,,,,,,,,,,,,,,,,,,,,,,,,,,Scrob-2,I00397871
Q144788,Q113633088,,,,,,,,,,,,,,,,,,,,,,,,,,,,,,,,,,,,,,,,,,,,Say-8,I00398069
Q144789,Q130359073,,,,,,,,,,,,,,,,,,,,,,,,,,,,,,,,,,,,,,,,,,,,,I00760387
Q144790,Q130359069,,,,,,,,,,,,,,,,,,,,,,,,,,,,,,,,,,,,,,,,,,,,,I00710001
Q144791,Q7114254,,,,,,,,GQMG-Y4W,,,,,,,,,,,,,,,,,,,,,,,,,,,,,,,,,,Owain_Ap_Hywel_(7),,Ap_Hywel-71,I00759121
Q144792,Q5611985,,,,,,,,,,,,,,,,,,,,,,,,,,,,,,,,,,,,,,,,,,,,,
Q144793,Q5016646,,,,,,,,,,,,,,,,,,,,,,,,,,,,,,,,,,,,,,,,,,,,,
Q144794,Q75531238,,,,,,,,,,,,,,,,,,,,,,,,,,,,,,,,,,,,,,,,,p19778.htm#i197775,,,,
Q144795,Q117307110,,,,,,,,,,,,,,,,,,,,,,,,,,,,,,,,,,,,,,,,,,,,,I00760438
Q144796,Q110622483,,,,,,,,,,,,,,,,,,,,,,,,,,,,,,,,,,,,,,,,,,,,,I00755525
Q144797,Q97532350,,,,,,,,,,,,,,,,,,,,,,,,,,,,,,,,,,,,,,,,,,,,,I00705663
Q144798,Q116147089,,,,,,,,,,,,,,,,,,,,,,,,,,,,,,,,,,,,,,,,,,,,,I00774849
Q144799,Q116147094,,,,,,,,,,,,,,,,,,,,,,,,,,,,,,,,,,,,,,,,,,,,,I00759604
Q144800,Q116054892,,,,,,,,,,,,,,,,,,,,,,,,,,,,,,,,,,,,,,,,,,,,,I00753708
Q144801,Q99302507,,,,,,,,,,,,,,,,,,,,,,,,,,,,,,,,,,,,,,,,,,,,,I00708124
Q144802,Q110412971,,,,,,,,,,,,,,,,,,,,,,,,,,,,,,,,,,,,,,,,,,,,,I00706602
Q144803,Q116812173,,,,,,,,,,,,,,,,,,,,,,,,,,,,,,,,,,,,,,,,,,,,,I00774840
Q144804,Q116812174,,,,,,,,,,,,,,,,,,,,,,,,,,,,,,,,,,,,,,,,,,,,,I00774834
Q144805,Q110333026,,,,,,,,,,,,,,,,,,,,,,,,,,,,,,,,,,,,,,,,,,,,Ap_Harry-6,I00705618
Q144806,Q116812169,,,,,,,,,,,,,,,,,,,,,,,,,,,,,,,,,,,,,,,,,,,,Ap_Harry-5,I00710205
Q144807,Q99071387,,,,,,,,,,,,,,,,,,,,,,,,,,,,,,,,,,,,,,,,,,,,,I00705947
Q144808,Q110383163,,,,,,,,,,,,,,,,,,,,,,,,,,,,,,,,,,,,,,,,,,,,,I00707126
Q144809,Q99087041,,,,,,,,,,,,,,,,,,,,,,,,,,,,,,,,,,,,,,,,,,,,,I00705613
Q144810,Q99087018,,,,,,,,,,,,,,,,,,,,,,,,,,,,,,,,,,,,,,,,,,,,,I00705611
Q144811,Q131346709,,,,,,,,,,,,,,,,,,,,,,,,,,,,,,,,,,,,,,,,,,,,,I00806215
Q144812,Q116469737,,,,,,,,,,,,,,,,,,,,,,,,,,,,,,,,,,,,,,,,,,,,,I00714712
Q144813,Q116812095,,,,,,,,,,,,,,,,,,,,,,,,,,,,,,,,,,,,,,,,,,,,,I00775125
Q144814,Q110390625,,,,,,,,,,,,,,,,,,,,,,,,,,,,,,,,,,,,,,,,,,,,,I00709995
Q144815,Q116812267,,,,,,,,,,,,,,,,,,,,,,,,,,,,,,,,,,,,,,,,,,,,,I00777369
Q144816,Q130339205,,,,,,,,,,,,,,,,,,,,,,,,,,,,,,,,,,,,,,,,,,,,,I00755347
Q144817,Q116109124,,,,,,,,,,,,,,,,,,,,,,,,,,,,,,,,,,,,,,,,,,,,,I00757471
Q144818,Q122361617,,,,,,,,,,,,,,,,,,,,,,,,,,,,,,,,,,,,,,,,,,,,,I00750873
Q144819,Q133462393,,,,,,,,,,,,,,,,,,,,,,,,,,,,,,,,,,,,,,,,,,,,,I00759332
Q144820,Q110622085,,,,,,,,,,,,,,,,,,,,,,,,,,,,,,,,,,,,,,,,,,,,Ap_Gwaethfoed-15,I00705928
Q144821,Q116053041,,,,,,,,,,,,,,,,,,,,,,,,,,,,,,,,,,,,,,,,,,,,,I00714640
Q144822,Q99073210,,,,,,,,,,,,,,,,,,,,,,,,,,,,,,,,,,,,,,,,,,,,,I00706251
Q144823,Q116146942,,,,,,,,,,,,,,,,,,,,,,,,,,,,,,,,,,,,,,,,,,,,,I00757273
Q144824,Q130358505,,,,,,,,,,,,,,,,,,,,,,,,,,,,,,,,,,,,,,,,,,,,,I00761336
Q144825,Q116055451,,,,,,,,,,,,,,,,,,,,,,,,,,,,,,,,,,,,,,,,,,,,,I00749810
Q144826,Q117307036,,,,,,,,,,,,,,,,,,,,,,,,,,,,,,,,,,,,,,,,,,,,,I00761342
Q144827,Q117307035,,,,,,,,,,,,,,,,,,,,,,,,,,,,,,,,,,,,,,,,,,,,,I00708631
Q144828,Q110383295,,,,,,,,,,,,,,,,,,,,,,,,,,,,,,,,,,,,,,,,,,,,,I00714462
Q144829,Q18730245,,,,,,,,,,,,,,,,,,,,,,,,,,,,,,,,,,,,,,,,,,,,,
Q144830,Q17322017,,,,,,,,,,,,,,,,,,,,,,,,,,,,,,,,,,,,,,,,,,Gruffudd_Unknown_(25),,,
Q144831,Q338452,,,,,,,,,,,,,,,,,,,,,,,,,,,,,,,,,,,,,,,,,,Cynan_Unknown_(3),,,
Q144832,Q76154614,,,,,,,,,,,,,,,,,,,,,,,,,,,601528,,p=jeanne;n=corbet,,,,,,,,,,,,p56832.htm#i568315,Joanna_Corbet_(1),,Corbet-90,I00042952
Q144833,Q20201367,,,,,,,,,,,,,,,,,,,,,,,,,,,461293,,p=hawise;n=de la pole,,,,,,,,,,,,p21583.htm#i215826,Hawise_de_la_Pole_(2),,Pole-105,I00042954
Q144834,Q18535652,,,,,,,,,,,,,,,,,,,,,,,,,,,461295,,,,,,,,,,,,,,p56832.htm#i568316,,,,
Q144835,Q60627919,,,,,,,,,,,,,,,,,,,,,,,,,,,,,,,,,,,,,,,,,,,,,I00042999
Q144836,Q116054519,,,,,,,,,,,,,,,,,,,,,,,,,,,,,,,,,,,,,,,,,,,,,I00754927
Q144837,Q96311965,,,,,,,,,,,,,,,,,,,,,,,,,,,,,,,,,,,,,,,,,,,,,I00387965
Q144838,Q99302441,,,,,,,,,,,,,,,,,,,,,,,,,,,,,,,,,,,,,,,,,,,,,I00755714
Q144839,Q75958825,,,,,,,,,,,,,,,,,,,,,,,,,,,,,,,,,,,,,,,,,p43047.htm#i430463,,,Ap_Gwilliam-2,I00723187
Q144840,Q110635501,,,,,,,,,,,,,,,,,,,,,,,,,,,,,,,,,,,,,,,,,,,,,I00706106
Q144841,Q116147081,,,,,,,,,,,,,,,,,,,,,,,,,,,,,,,,,,,,,,,,,,,,,I00760610
Q144842,Q130358775,,,,,,,,,,,,,,,,,,,,,,,,,,,,,,,,,,,,,,,,,,,,,I00775127
Q144843,Q99084242,,,,,,,,,,,,,,,,,,,,,,,,,,,,,,,,,,,,,,,,,,,,Ab_Ifor-2,I00706628
Q144844,Q99302470,,,,,,,,,,,,,,,,,,,,,,,,,,,,,,,,,,,,,,,,,,,,,I00706572
Q144845,Q116812409,,,,,,,,,,,,,,,,,,,,,,,,,,,,,,,,,,,,,,,,,,,,,I00759293
Q144846,Q130342844,,,,,,,,,,,,,,,,,,,,,,,,,,,,,,,,,,,,,,,,,,,,,I00708685
Q144847,Q130358542,,,,,,,,,,,,,,,,,,,,,,,,,,,,,,,,,,,,,,,,,,,,,I00708726
Q144848,Q130358781,,,,,,,,,,,,,,,,,,,,,,,,,,,,,,,,,,,,,,,,,,,,,I00774905
Q144849,Q112490298,,,,,,,,,,,,,,,,,,,,,,,,,,,,,,,,,,,,,,,,,,,,,I00707782
Q144850,Q131346716,,,,,,,,,,,,,,,,,,,,,,,,,,,,,,,,,,,,,,,,,,,,,I00777761
Q144851,Q131346725,,,,,,,,,,,,,,,,,,,,,,,,,,,,,,,,,,,,,,,,,,,,,I00777755
Q144852,Q131347068,,,,,,,,,,,,,,,,,,,,,,,,,,,,,,,,,,,,,,,,,,,,,I00807703
Q144853,Q131346745,,,,,,,,,,,,,,,,,,,,,,,,,,,,,,,,,,,,,,,,,,,,,I00777766
Q144854,Q110152930,,,,,,,,,,,,,,,,,,,,,,,,,,,,,,,,,,,,,,,,,,,,Ap_Morgeneu-3,I00751486
Q144855,Q110152931,,,,,,,,,,,,,,,,,,,,,,,,,,,,,,,,,,,,,,,,,,,,Ferch_Rhys-26,I00760179
Q144856,Q3400873,,,,,,,,,,,,,,,,,,,,,,,,,,,,,,,,,,,,,,,,,,Madog_Unknown_(21),,,
Q144857,Q110582614,,,,,,,,,,,,,,,,,,,,,,,,,,,,,,,,,,,,,,,,,,,,,I00755190
Q144858,Q116054523,,,,,,,,,,,,,,,,,,,,,,,,,,,,,,,,,,,,,,,,,,,,,I00714938
Q144859,Q106703105,,,,,,,,,,,,,,,,,,,,,,,,,,,,,,,,,,,,,,,,,,,,,I00708106
Q144860,Q110585303,,,,,,,,,,,,,,,,,,,,,,,,,,,,,,,,,,,,,,,,,,,,,I00752601
Q144861,Q110585304,,,,,,,,,,,,,,,,,,,,,,,,,,,,,,,,,,,,,,,,,,,,,I00756970
Q144862,Q116055473,,,,,,,,,,,,,,,,,,,,,,,,,,,,,,,,,,,,,,,,,,,,,I00761024
Q144863,Q110582480,,,,,,,,,,,,,,,,,,,,,,,,,,,,,,,,,,,,,,,,,,,,,I00755545
Q144864,Q116054570,,,,,,,,,,,,,,,,,,,,,,,,,,,,,,,,,,,,,,,,,,,,,I00123281
Q144865,Q110636441,,,,,,,,,,,,,,,,,,,,,,,,,,,,,,,,,,,,,,,,,,,,Ferch_Gruffudd-16,I00749252
Q144866,Q99073361,,,,,,,,,,,,,,,,,,,,,,,,,,,,,,,,,,,,,,,,,,,,,I00706358
Q144867,Q116113680,,,,,,,,,,,,,,,,,,,,,,,,,,,,,,,,,,,,,,,,,,,,,I00757409
Q144868,Q116116275,,,,,,,,,,,,,,,,,,,,,,,,,,,,,,,,,,,,,,,,,,,,,I00762542
Q144869,Q110641631,,,,,,,,,,,,,,,,,,,,,,,,,,,,,,,,,,,,,,,,,,,,,I00450127
Q144870,Q7359198,,,,,,,,,,,,,,,,,,,,,,,,,,,260715,,,,,,,,,,,,,,p41178.htm#i411773,Roger_de_Lacy_(1),,Lacy-277,I00139386
Q144871,Q6265561,,,,,,,,,,,,,,,,,,I5415,,,,,,,,,,,,,,,,,,,,,,,p10683.htm#i106821,John_de_Lacy_(1),,Lacy-284,I00139384
Q144872,Q98960376,,,,,,,,,,,,,,,,,,,,,,,,,,,,,,,,,,,,,,,,,,,,,I00415839
Q144873,Q61963110,,,,,,,,,,,,,,,,,,,,,,,,,,,,,,,,,,,,,,,,,p65818.htm#i658176,,,Aubigny-4,
Q144874,Q75266498,,,,,,,,,,,,,,,,,,I5086,,,,,,,,,123216,,,,,,,,,,,,,,p2349.htm#i23483,,,Meschines-56,I00027636
Q144875,Q7606571,,,,,,,,,,,,,,,,,,,,,,,,,,,633461,,,,,,,,,,,,,,p2349.htm#i23486,,,,
Q144876,Q5933150,,,,,,,,,,,,,,,,,,,,,,,,,,,,,p=hugh;n=de albini,,,,,,,,,,,,p2498.htm#i24980,Hugh_d'Aubigny_(9),,Aubigny-82,I00015433
Q144877,Q75242509,,,,,,,,,,,,,,,,,,,,,,,,,,,,,,,,,,,,,,,,,p462.htm#i4614,,,Aubigny-50,I00108365
Q144878,Q75266552,,,,,,,,,,,,,,,,,,I5084,,,,,,,,,,,,,,,,,,,,,,,p2352.htm#i23520|p2353.htm#i23524,,,Aubigny-34,
Q144879,Q75266555,,,,,,,,,,,,,,,,,,,,,,,,,,,,,,,,,,,,,,,,,p2353.htm#i23522,,,,
Q144880,Q75268371,,,,,,,,,,,,,,,,,,,,,,,,,,,48819,,p=isabel;n=de albini,,,,,,,,,,,,p2498.htm#i24979,Isabella_d'Aubigny_(1),,Aubigny-87,I00106745
Q144881,Q116111590,,,,,,,,,,,,,,,,,,,,,,,,,,,,,,,,,,,,,,,,,,,,,I00750517
Q144882,Q61911615,,,,,,,,,,,,,,,,,,,,,,,,,,,,,,,,,,,,,,,,,p23401.htm#i234009,,,Lutegareshale-5,I00028089
Q144883,Q75645511,,,,,,,,,,,,,,,,,,,,,,,,,,,,,,,,,,,,,,,,,p26823.htm#i268226,,,De_Mandeville-37,I00028090
Q144884,Q7607263,,,,,,,,,,,,,,,,,,,,,,,,,,,,,,,,,,,,,,,,,,William_de_Mandeville_(2),,,
Q144885,Q61911138,,,,,,,,,,,,,,,,,,,,,,,,,,,,,,,,,,,,,,,,,p10778.htm#i107776,,,FitzGeoffrey-67,I00139098
Q144886,Q61314380,,,,,,,,,,,,,,,,,,,,,,,,,,,49274,,,,,,,,,,,,,,,,,FitzJohn-112,I00110847
Q144887,Q18534942,,,,,,,,,,,,,,,,,,,,,,,,,,,,,,,,,,,,,,,,,,,,,
Q144888,Q72388326,,,,,,,,,,,,,,,,,,,,,,,,,,,,,,,,,,,,,,,,,p461.htm#i4603,,,FitzJohn-109,I00175594
Q144889,Q75453209,,,,,,,,,,,,,,,,,,,,,,,,,,,,,,,,,,,,,,,,,p15142.htm#i151411,,,FitzJohn-110,I00126369
Q144890,Q75527928,,,,,,,,,,,,,,,,,,,,,,,,,,,,,,,,,,,,,,,,,p19586.htm#i195857,,,,I00026589
Q144891,Q76343319,,,,,,,,,,,,,,,,,,,,,,,,,,,,,,,,,,,,,,,,,p70232.htm#i702312,,,Bohun-117,
Q144892,Q76343313,,,,,,,,,,,,,,,,,,,,,,,,,,,,,,,,,,,,,,,,,p70231.htm#i702309,,,Bohun-210,
Q144893,Q75400627,,,,,,,,,,,,,,,,,,I4671,,,,,,,,,,,,,,,,,,,,,,,p11863.htm#i118622,,,Mohun-2,I00311034
Q144894,Q116180068,,,,,,,,,,,,,,,,,,,,,,,,,,,,,,,,,,,,,,,,,,,,Mohun-62,I00125469
Q144895,Q116146148,,,,,,,,,,,,,,,,,,,,,,,,,,,,,,,,,,,,,,,,,,,,Munchensy-5,I00636279
Q144896,Q155080,,,,,,,,,,,,,,,,,,,,,,,,,,,,,,,,,,,,,,,,,p10683.htm#i106825,"Baldwin_de_Redvers,_6th_Earl_of_Devon_(1)",,Reviers-11,
Q144897,Q75386800,,,,,,,,,,,,,,,,,,,,,,,,,,,,,p=robert;n=de guines;oc=3,,,,,,,,,,,,p10683.htm#i106826,,,Guines-22,
Q144898,Q516610,,,,,,,,,,,,,,,,,,,,,,,,,,,,,,,,,,,,,,,,,p10685.htm#i106850,"Isabella_de_Fortibus,_Countess_of_Devon_(1)",,Redvers-21,I00385642
Q144899,Q804872,,,,,,,,,,,,,,,,,,,,,,,,,,,,,,,,,,,,,,,,,p10686.htm#i106851,Baldwin_de_Redvers_(3),,Redvers-23,
Q144901,Q75387896,,,,,,,,,,,,,,,,,,I4772,,,,,,,,,,,,,,,,,,,,,,,p10779.htm#i107789,,,Burgh-41,
Q144902,Q18714349,,,,,,,,,,,,,,,,,,,,,,,,,,,,,,,,,,,,,,,,,p41103.htm#i411029,,,Clare-341,I00026846
Q144905,Q4937683,,,,,,,,,,,,,,,,,,,,,,,,,,,,,,,,,,,,,,,,,,,,Clare-112,
Q144908,Q2526281,,,,,,,,,,,,,,,,,,I6447,,,,,,,,,110749,,p=robert;n=de brus;oc=1,,,,,,,,,,,,p10248.htm#i102474,Robert_de_Brus_(4),,Bruce-517,I00027618
Q144909,Q1772833,,,,,,,,L8MB-67G,,,,,,,,,,I6448,,,,,,,,,49299,,p=robert;n=de brus;oc=2,,,,,,,,,,,,p10776.htm#i107755,Robert_de_Brus_(5),,Bruce-3176,I00027619
Q144910,Q96384693,,,,,,,,,,,,,,,,,,,,,,,,,,,,,,,,,,,,,,,,,,,,,
Q144911,Q453343,,,,,,,,,,,,,,,,,,,,,,,,,,,1093034,,p=amaury;n=d evreux,,,,,,,,,,,,p46409.htm#i464081,Amaury_de_Montfort_(4),,Montfort-217,I00199026
Q144912,Q75791648,,,,,,,,,Beatrice_de_Say_(-1197),,,,,,,,,,,,,,,,,,,,,,,,,,,,,,,,p33613.htm#i336124,,,Say-5,
Q144913,Q75242516,,,,,,,,,,,,,,,,,,,,,,,,,,,,,,,,,,,,,,,,,p463.htm#i4622,,,Burgh-295,I00572076
Q144914,Q75242518,,,,,,,,,,,,,,,,,,,,,,,,,,,,,,,,,,,,,,,,,p463.htm#i4623,,,Unknown-209401,I00572077
Q144915,Q5534991,,,,,,,,,,,,,,,,,,,,,,,,,,,,,,,,,,,,,,,,,,,,,
Q144916,Q8020773,,,,,,,,,William_de_Burgh_(1157-1206),,,,,,,,,,,,,,,,,,,,p=william;n=de+burgh;oc=10,,,,,,,,,,,,p461.htm#i4607,William_de_Burgh_(1),,Burgh-17,I00110850
Q144917,Q125343214,,,,,,,,,,,,,,,,,,,,,,,,,,,,,,,,,,,,,,,,,,,,,
Q144918,Q535528,,,,,,,,,,,,,,,,,,I4774,,,,,,,,,,,p=margaret;n=of scotland;oc=1,,,,,,,,,,,,p10529.htm#i105290,"Margaret_of_Scotland,_Countess_of_Kent_(1)",,Dunkeld-66,I00002894
Q144919,Q62931822,,,,,,,,,,,,,,,,,,,,,,,,,,,,,,,,,,,,,,,,,p463.htm#i4621,,,Warenne-75,I00110862
Q144920,Q62931028,,,,,,,,,,,,,,,,,,,,,,,,,,,,,,,,,,,,,,,,,p10791.htm#i107905,,,Burgh-79,I00110848
Q144921,Q7179034,,,,,,,,,,,,,,,,,,,,,,,,,,,145592,,p=pernelle;n=de grandmesnil;oc=1,,,,,,,,,,,,p1700.htm#i16996,Petronilla_de_Grandmesnil_(1),,Grandmesnil-11,I00120983
Q144922,Q19036965,,,,,,,,,,,,,,,,,,,,,,,,,,,311978,,p=amicie;n=de beaumont le roger,,,,,,,,,,,,p1700.htm#i16994,Amice_de_Beaumont_(1),,Beaumont-1067,I00120979
Q144923,Q7359183,,,,,,,,,,,,,,,,,,,,,,,,,,,,,,,,,,,,,,,,,,Roger_de_Beaumont_(2),,Breteuil-17,
Q144924,Q72397594,,,,,,,,,,,,,,,,,,,,,,,,,,,310514,,,,,,,,,,,,,,p15845.htm#i158442,,,Cundy-739,I00028367
Q144925,Q23936707,,,,,,,,,,,,,,,,,,,,,,,,,,,310494,,p=william;n=longespee;oc=1,,,,,,,,,,,,p10686.htm#i106859,William_III_Longespee_(1),,Longespee-3,I00028341
Q144926,Q16839029,,,,,,,,,,,,,,,,,,,,,,,,,,,,,,,,,,,,,,,,,p91.htm#i908,John_Giffard_(1),,Giffard-29,I00327675
Q144927,Q24084215,,,,,,,,,,,,,,,,,,,,,,,,,,,907559,,p=margaret;n=longespee,,,,,,,,,,,,p10686.htm#i106858,Margaret_Longespée_(1),,Longespée-79,I00028344
Q144928,Q75298955,,,,,,,,,,,,,,,,,,,,,,,,,,,,,,,,,,,,,,,,,p4723.htm#i47224,,,Giffard-39,
Q144929,Q18560120,,,,,,,,,,,,,,,,,,,,,,,,,,,,,,,,,,,,,,,,,p56830.htm#i568294,,,Giffard-31,I00140340
Q144930,Q75450454,,,,,,,,,,,,,,,,,,,,,,,,,,,,,,,,,,,,,,,,,p14957.htm#i149565,,,Multon-43,I00451612
Q144931,Q75453621,,,,,,,,,,,,,,,,,,,,,,,,,,,,,,,,,,,,,,,,,p15169.htm#i151686,,,Vaux-219,I00451613
Q144932,Q7026474,,,,,,,,,,,,,,,,,,,,,,,,,,,,,,,,,,,,,,,,,p15060.htm#i150595,Nicholas_de_Moels_(1),,Moels-18,I00679921
Q144933,Q75453855,,,,,,,,,,,,,,,,,,,,,,,,,,,,,,,,,,,,,,,,,p15186.htm#i151854,,,Newmarch-3,
Q144934,Q165593,,,,,,,,,,,,,,,,,,,,,,,,,,,,,,,,,,,,,,,,,p15169.htm#i151689,Robert_de_Ros_(2),,Ros-59,I00117422
Q144935,Q75453625,,,,,,,,,,,,,,,,,,,,,,,,,,,,,,,,,,,,,,,,,p15169.htm#i151690,,,Albini-37,I00117423
Q144936,Q61963426,,,,,,,,,,,,,,,,,,,,,,,,,,,,,,,,,,,,,,,,,p15170.htm#i151695,,,Unknown-288163,I00146993
Q144937,Q61963429,,,,,,,,,,,,,,,,,,,,,,,,,,,,,,,,,,,,,,,,,p15170.htm#i151693,,,,
Q144938,Q18714138,,,,,,,,,,,,,,,,,,,,,,,,,,,,,,,,,,,,,,,,,p15170.htm#i151696,Alice_de_Braose_(1),,Braose-39,I00026838
Q144939,Q75453629,,,,,,,,,,,,,,,,,,,,,,,,,,,,,,,,,,,,,,,,,p15170.htm#i151699,,,,
Q144940,Q75431434,,,,,,,,,,,,,,,,,,,,,,,,,,,,,,,,,,,,,,,,,p13745.htm#i137447,,,Braose-91,I00385048
Q144941,Q75241995,,,,,,,,,,,,,,,,,,,,,,,,,,,,,,,,,,,,,,,,,p15187.htm#i151862|p419.htm#i4189,,,Clifford-1215,I00538531
Q144942,Q75382228,,,,,,,,,,,,,,,,,,,,,,,,,,,,,p=mary;n=de ros,,,,,,,,,,,,p10224.htm#i102235,Mary_De_Braose_(1),,Braose-47,I00139348
Q144943,Q75386931,,,,,,,,,,,,,,,,,,,,,,,,,,,,,,,,,,,,,,,,,p10697.htm#i106965,,,Braose-24,I00295487
Q144944,Q75674903,,,,,,,,,,,,,,,,,,,,,,,,,,,,,,,,,,,,,,,,,p28370.htm#i283699,,,Braose-95,I00448537
Q144945,Q75534688,,,,,,,,,,,,,,,,,,,,,,,,,,,,,,,,,,,,,,,,,p19980.htm#i199793,,,Camoys-8,I00177832
Q144946,Q75248332,,,,,,,,,,,,,,,,,,,,,,,,,,,,,,,,,,,,,,,,,p938.htm#i9380,,,,
Q144947,Q116180094,,,,,,,,,,,,,,,,,,,,,,,,,,,,,,,,,,,,,,,,,,,,,I00140395
Q144948,Q75453789,,,,,,,,,,,,,,,,,,,,,,,,,,,,,,,,,,,,,,,,,p15182.htm#i151814,,,Rus-19,
Q144949,Q75453790,,,,,,,,,,,,,,,,,,,,,,,,,,,,,,,,,,,,,,,,,p15182.htm#i151815,,,Clere-31,
Q144950,Q75241912,,,,,,,,,,,,,,,,,,,,,,,,,,,310497,,,,,,,,,,,,,,p15182.htm#i151817|p414.htm#i4134,Richard_Longespée_(5),,Longespee-101,I00394330
Q144951,Q75397940,,,,,,,,,,,,,,,,,,,,,,,,,,,,,,,,,,,,,,,,,p11700.htm#i116998,,,Colvill-3,I00622058
Q144952,Q75453796,,,,,,,,,,,,,,,,,,,,,,,,,,,,,,,,,,,,,,,,,p15182.htm#i151819,,,Beaumont-876,
Q144953,Q75453799,,,,,,,,,,,,,,,,,,,,,,,,,,,,,,,,,,,,,,,,,p15183.htm#i151821,,,,
Q144954,Q75453806,,,,,,,,,,,,,,,,,,,,,,,,,,,,,,,,,,,,,,,,,p15183.htm#i151825,,,Brewes-14,I00706481
Q144955,Q75453800,,,,,,,,,,,,,,,,,,,,,,,,,,,,,,,,,,,,,,,,,p15183.htm#i151822,,,De_Brewes-7,
Q144956,Q16509137,,,,,,,,,,,,,,,,,,,,,,,,,,,,,,,,,,,,,,,,,,,,Londres-14,
Q144957,Q63183309,,,,,,,,,,,,,,,,,,,,,,,,,,,,,,,,,,,,,,,,,,,,,
Q144958,Q63183349,,,,,,,,,,,,,,,,,,,,,,,,,,,,,,,,,,,,,,,,,,,,Chaworth-67,
Q144959,Q63183359,,,,,,,,,,,,,,,,,,,,,,,,,,,463955,,,,,,,,,,,,,,,,,Ferté-7,
Q144960,Q3852373,,,,,,,,,,,,,,,,,,I3069,,,,,,,,,124948,,p=maud;n=de chaworth,,,sw.211665,,,,,,,,,p10214.htm#i102140,Maud_Chaworth_(1),,Chaworth-7,I00005196
Q144961,Q110152911,,,,,,,,,,,,,,,,,,,,,,,,,,,,,,,,,,,,,,,,,,,,,I00707374
Q144962,Q76304873,,,,,,,,,,,,,,,,,,,,,,,,,,,,,,,,,,,,,,,,,p67585.htm#i675845,,,Ab_Albert-1,I00759033
Q144963,Q116469730,,,,,,,,,,,,,,,,,,,,,,,,,,,,,,,,,,,,,,,,,,,,,I00752111
Q144964,Q122260615,,,,,,,,,,,,,,,,,,,,,,,,,,,,,,,,,,,,,,,,,,,,,I00751902
Q144965,Q116812496,,,,,,,,,,,,,,,,,,,,,,,,,,,,,,,,,,,,,,,,,,,,,I00707423
Q144966,Q116812488,,,,,,,,,,,,,,,,,,,,,,,,,,,,,,,,,,,,,,,,,,,,,I00709883
Q144967,Q110383304,,,,,,,,,,,,,,,,,,,,,,,,,,,,,,,,,,,,,,,,,,,,,I00707421
Q144968,Q110413675,,,,,,,,,,,,,,,,,,,,,,,,,,,,,,,,,,,,,,,,,,,,,I00709884
Q144969,Q130358754,,,,,,,,,,,,,,,,,,,,,,,,,,,,,,,,,,,,,,,,,,,,,I00705954
Q144970,Q130358715,,,,,,,,,,,,,,,,,,,,,,,,,,,,,,,,,,,,,,,,,,,,,I00774908
Q144971,Q116055045,,,,,,,,,,,,,,,,,,,,,,,,,,,,,,,,,,,,,,,,,,,,,I00753937
Q144972,Q130342849,,,,,,,,,,,,,,,,,,,,,,,,,,,,,,,,,,,,,,,,,,,,,I00710019
Q144973,Q130359398,,,,,,,,,,,,,,,,,,,,,,,,,,,,,,,,,,,,,,,,,,,,,I00774672
Q144974,Q116812434,,,,,,,,,,,,,,,,,,,,,,,,,,,,,,,,,,,,,,,,,,,,,I00760668
Q144975,Q105805903,,,,,,,,,,,,,,,,,,,,,,,,,,,,,,,,,,,,,,,,,,,,,I00700913
Q144976,Q105805899,,,,,,,,,,,,,,,,,,,,,,,,,,,,,,,,,,,,,,,,,,,,,I00700912
Q144977,Q130358768,,,,,,,,,,,,,,,,,,,,,,,,,,,,,,,,,,,,,,,,,,,,,I00706836
Q144978,Q99087064,,,,,,,,,,,,,,,,,,,,,,,,,,,,,,,,,,,,,,,,,,,,,I00700177
Q144979,Q133462374,,,,,,,,,,,,,,,,,,,,,,,,,,,,,,,,,,,,,,,,,,,,,I00708479
Q144980,Q116478809,,,,,,,,,,,,,,,,,,,,,,,,,,,,,,,,,,,,,,,,,,,,,I00751306
Q144981,Q110383290,,,,,,,,,,,,,,,,,,,,,,,,,,,,,,,,,,,,,,,,,,,,,I00759909
Q144982,Q110560210,,,,,,,,,,,,,,,,,,,,,,,,,,,,,,,,,,,,,,,,,,,,,I00764723
Q144983,Q131741065,,,,,,,,,,,,,,,,,,,,,,,,,,,,,,,,,,,,,,,,,,,,,I00777315
Q144984,Q110383095,,,,,,,,,,,,,,,,,,,,,,,,,,,,,,,,,,,,,,,,,,,,,I00586422
Q144985,Q99067835,,,,,,,,,,,,,,,,,,,,,,,,,,,,,,,,,,,,,,,,,,,,Cradock-37,I00586390
Q144986,Q131347072,,,,,,,,,,,,,,,,,,,,,,,,,,,,,,,,,,,,,,,,,,,,,I00708373
Q144987,Q130358511,,,,,,,,,,,,,,,,,,,,,,,,,,,,,,,,,,,,,,,,,,,,,I00755121
Q144988,Q131347155,,,,,,,,,,,,,,,,,,,,,,,,,,,,,,,,,,,,,,,,,,,,,I00708490
Q144989,Q1505177,,,,,,,,,,,,,,,,,,,,,,,,,,,,,,,,,,,,,,,,,p46993.htm#i469921,William_de_Braose_(6),,Braose-35,I00139658
Q144990,Q110641567,,,,,,,,,,,,,,,,,,,,,,,,,,,,,,,,,,,,,,,,,,,,St_Clair-315,I00139659
Q144991,Q6305112,,,,,,,,,,,,,,,,,,,,,,,,,,,,,,,,,,,,,,,,,p64.htm#i631,,,Totnes-3,I00385031
Q144992,Q1683480,,,,,,,,,,,,,,,,,,,,,,,,,,,,,,,,,,,,,,,,,p15854.htm#i158533,William_de_Ferrers_(6),,Ferrers-11,I00139188
Q144993,Q61896219,,,,,,,,,,,,,,,,,,,,,,,,,,,,,,,,,,,,,,,,,p58178.htm#i581771,,,Ferrers-200,
Q144994,Q8020786,,,,,,,,,,,,,,,,,,,,,,,,,,,646626,,,,,,,,,,,,,,p4268.htm#i42680,William_de_Ferrers_(2),,Ferrers-93,I00139190
Q144995,Q75922754,,,,,,,,,,,,,,,,,,,,,,,,,,,,,,,,,,,,,,,,,p40547.htm#i405470,,,,I00175555
Q144996,Q75925890,,,,,,,,,,,,,,,,,,,,,,,,,,,13016,,p=agatha;n=ferrers,,,,,,,,,,,,p40720.htm#i407194,Agatha_De_Ferrers_(1),,,I00005989
Q144997,Q110623395,,,,,,,,,,,,,,,,,,,,,,,,,,,,,,,,,,,,,,,,,,,,,I00677766
Q144998,Q8020751,,,,,,,,LW1M-5VG,,,,,,,,,,,,,,,,,,,,,,,,,,,,,,,,,p39779.htm#i397781|p55383.htm#i553826,William_De_Beauchamp_(105),,Beauchamp-696,I00174746
Q144999,Q76183911,,,,,,,,,,,,,,,,,,,,,,,,,,,,,p=emma;n=de beauchamp;oc=2,,,,,,,,,,,,p58843.htm#i588425,Emma_Beauchamp_(1),,Beauchamp-458,I00570522
Q145000,Q7966533,,,,,,,,99SW-LH6,,,,,,,,,,,,,,,,,,,,,,,,,,,,,,,,,p25023.htm#i250226|p62.htm#i615,Walter_de_Gloucester_(1),,FitzRoger-60,I00139674
Q145001,Q101167290,,,,,,,,,,,,,,,,,,,,,,,,,,,,,,,,,,,,,,,,,,,,,I00139675
Q145002,Q8020792,,,,,,,,,,,,,,,,,,,,,,,,,,,,,,,,,,,,,,,,,p63.htm#i622,William_de_Hereford_(1),,,
Q145003,Q16201115,,,,,,,,,,,,,,,,,,,,,,,,,,,,,,,,,,,,,,,,,p63.htm#i621,Mahel_de_Hereford_(1),,,
Q145004,Q3438962,,,,,,,,,,,,,,,,,,,,,,,,,,,,,,,,,,,,,,,,,p62.htm#i616,Roger_Fitzmiles_(5),,,
Q145005,Q5721277,,,,,,,,,,,,,,,,,,,,,,,,,,,,,,,,,,,,,,,,,p62.htm#i618,Henry_FitzMiles_(1),,,
Q145006,Q101167275,,,,,,,,,,,,,,,,,,,,,,,,,,,,,,,,,,,,,,,,,,,,FitzMiles-13,I00284744
Q145007,Q4495336,,,,,,,,,,,,,,,,,,,,,,,,,,,971551,,,,,,,,,,,,,,p21390.htm#i213893,Humphrey_De_Bohun_(9),,Bohun-105,
Q145008,Q1311799,,,,,,,,,,,,,,,,,,,,,,,,,,,314387,,p=humphrey;n=de bohun;oc=1,,,,,,,,,,,,p492.htm#i4919,Humphrey_III_de_Bohun_(1),,Bohun-1,I00122053
Q145009,Q63184306,,,,,,,,,,,,,,,,,,,,,,,,,,,,,,,,,,,,,,,,,,,,,
Q145010,Q63184314,,,,,,,,,,,,,,,,,,,,,,,,,,,,,,,,,,,,,,,,,,,,,
Q145011,Q63184322,,,,,,,,,,,,,,,,,,,,,,,,,,,,,,,,,,,,,,,,,p10287.htm#i102870,,,,
Q145012,Q63184336,,,,,,,,,,,,,,,,,,,,,,,,,,,,,,,,,,,,,,,,,p13997.htm#i139968,Margery_Bohun_(1),,,I00394340
Q145013,Q75910737,,,,,,,,,,,,,,,,,,,,,,,,,,,,,,,,,,,,,,,,,p39778.htm#i397780,Joane_de_Waleries_(1),,,
Q145014,Q75910744,,,,,,,,,,,,,,,,,,,,,,,,,,,,,,,,,,,,,,,,,p39779.htm#i397786,,,Braose-52,
Q145015,Q75242557,,,,,,,,,,,,,,,,,,,,,,,,,,,,,p=laure;n=de saint valery,,,,,,,,,,,,p465.htm#i4650,,,St_Valéry-23,I00275019
Q145016,Q2004925,,,,,,,,,,,,,,,,,,,,,,,,,,,1093038|644244,,p=alberic;n=de dammartin;oc=1,,,,,,,,,,,,p373.htm#i3727,Alberic_Dammartin_(1),,Dammartin-17,I00295959
Q145018,Q61750990,,,,,,,,,,,,,,,,,,,,,,,,,,,11577,,p=adele;n=de ponthieu,,,,,,,,,,,,p452.htm#i4517,Adaele_De_Ponthieu_(1),,Ponthieu-101,I00139147
Q145019,Q52158556,,,,,,,,,,,,,,,,,,,,,,,,,,,11578,,p=alienor;n=de saint valery,,,,,,,,,,,,p372.htm#i3718,Aénor Of Saint-Valéry (1),,St_Valéry-29,I00026900
Q145020,Q3105904,,,,,,,,,,,,,,,,,,,,,,,,,,,,,,,,,,,,,,,,,,Gilbert_de_Lacy_(2),,Lacy-416,I00198877
Q145021,Q103568046,,,,,,,,,,,,,,,,,,,,,,,,,,,,,,,,,,,,,,,,,,,,,I00198878
Q145022,Q7367878,,,,,,,,,,,,,,,,,,,,,,,,,,,,,,,,,,,,,,,,,,Rose_Ní_Conchobair_(1),,Ní_Conchobair-2,
Q145023,Q124691335,,,,,,,,,,,,,,,,,,,,,,,,,,,115827,,,,,,,,,,,,,,,Unknown_de_Lacy_(1),,De_Lacy-160,I00594852
Q145024,Q126100031,,,,,,,,,,,,,,,,,,,,,,,,,,,,,,,,,,,,,,,,,p73813.htm#i738123,,,Lacy-20,I00340658
Q145025,Q103567947,,,,,,,,,,,,,,,,,,,,,,,,,,,,,,,,,,,,,,,,,,,,,I00110851
Q145026,Q7330262,,,,,,,,,,,,,,,,,,,,,,,,,,,,,,,,,,,,,,,,,,Richard_de_Burgh_(2),,,
Q145027,Q75242503,,,,,,,,,,,,,,,,,,,,,,,,,,,,,,,,,,,,,,,,,p461.htm#i4606,,,,
Q145028,Q708175,,,,,,,,,,,,,,,,,,I5460,,,,,,,,,49275,,,,,,,,,,,,,,p10693.htm#i106926,Richard_de_Burgh_(3),,Burgh-13,I00110844
Q145029,Q61314377,,,,,,,,,,,,,,,,,,,,,,,,,,,49276,,p=gille;n=de burgh,,,,,,,,,,,,p466.htm#i4655,Egidia_Burgh_(1),,Burgh-306,I00006193
Q145030,Q7781525,,,,,,,,,,,,,,,,,,,,,,,,,,,48828,,p=theobald;n=le botiller;oc=2,,,,,,,,,,,,p19586.htm#i195854,Theobald_Butler_(14),,Boteler-2,I00126366
Q145031,Q7781527,,,,,,,,,,,,,,,,,,,,,,,,,,,,,,,,,,,,,,,,,p15141.htm#i151410,Theobald_Butler_(15),,Boteler-131,I00126368
Q145032,Q3568793,,,,,,,,,,,,,,,,,,,,,,,,,,,,,,,,,,,,,,,,,p22564.htm#i225635,William_de_Burgh_(3),,Burke-184,
Q145033,Q75653866,,,,,,,,,,,,,,,,,,,,,,,,,,,,,,,,,,,,,,,,,p27442.htm#i274415,,,Prendergast-145,I00397919
Q145034,Q6792278,,,,,,,,,,,,,,,,,,,,,,,,,,,,,,,,,,,,,,,,,p30027.htm#i300265,Maud_de_Prendergast_(1),,Prendergast-85,I00397920
Q145035,Q1503067,,,,,,,,,,,,,,,,,,,,,,,,,,,10351,,p=geoffroi;n=de+joinville;oc=2,,,,,,,,,,,,p4790.htm#i47896|p35429.htm#i354286,Geoffrey_Geneville_(1),,Joinville-5,I00026599
Q145036,Q69754322,,,,,,,,,,,,,,,,,,,,,,,,,,,,,,,,,,,,,,,,,,Geoffrey_de_Geneville_(1),,Geneville-23,
Q145037,Q69754796,,,,,,,,,,,,,,,,,,,,,,,,,,,309925,,p=pierre;n=de+joinville;oc=1,,,,,,,,,,,,p10697.htm#i106964,Piers_Geneville_(1),,Geneville-1,I00026575
Q145038,Q69755378,,,,,,,,,,,,,,,,,,,,,,,,,,,,,p=gauthier;n=de joinville;oc=2,,,,,,,,,,,,,Gautier_Joinville_(1),,Geneville-25,
Q145039,Q69755763,,,,,,,,,,,,,,,,,,,,,,,,,,,,,p=jean;n=de joinville;oc=99,,,,,,,,,,,,,Jehan_Joinville_(1),,,
Q145040,Q69756058,,,,,,,,,,,,,,,,,,,,,,,,,,,,,p=nicolas;n=de joinville;oc=1,,,,,,,,,,,,,,,,
Q145041,Q69756235,,,,,,,,,,,,,,,,,,,,,,,,,,,,,,,,,,,,,,,,,,,,,
Q145042,Q69756541,,,,,,,,,,,,,,,,,,,,,,,,,,,,,,,,,,,,,,,,,,,,,
Q145043,Q69757176,,,,,,,,,,,,,,,,,,,,,,,,,,,,,,,,,,,,,,,,,,,,,I00510433
Q145044,Q69756781,,,,,,,,,,,,,,,,,,,,,,,,,,,10355,,p=jeanne;n=de+joinville;oc=2,,,,,,,,,,,,p15561.htm#i155610,Joan_Joinville_(2),,Joinville-16,I00065100|I00572060
Q145045,Q69755534,,,,,,,,,,,,,,,,,,,,,,,,,,,599441,,p=simon;n=de joinville;oc=10,,,,,,,,,,,,,Simon_Joinville_(1),,Geneville-26,
Q145046,Q28793304,,,,,,,,,,,,,,,,,,,,,,,,,,,48827,,p=john;n=de verdun,,,,,,,,,,,,p59719.htm#i597189,John_De_Verdun_(1),,Butler-2695,I00177619
Q145047,Q18811270,,,,,,,,,,,,,,,,,,I11313,,,,,,,,,,,,,,,,,,,,,,,p19035.htm#i190344,,,Verdun-59,I00177622
Q145048,Q76308408,,,,,,,,,,,,,,,,,,,,,,,,,,,314375,,p=isabel;n=de bohun,,,,,,,,,,,,p67815.htm#i678144,Alice_de_Bohun_(1),,Bohun-33,I00397881
Q145049,Q76323197,,,,,,,,,,,,,,,,,,I11324,,,,,,,,,,,p=alice;n=de toeny,,,,,,,,,,,,p68880.htm#i688791,Alice_Tony_(1),,Toeni-51,I00198842
Q145050,Q69788818,,,,,,,,,,,,,,,,,,,,,,,,,,,,,p=raoul;n=de toeny;oc=6,,,,,,,,,,,,p3211.htm#i32102,Raoul_de_Tosny_(2),,Toeni-7,I00026583
Q145051,Q18593060,,,,,,,,,,,,,,,,,,,,,,,,,,,,,p=fulk;n=fitzwarin,,,,,,,,,,,,,Fulk_FitzWarin_(4),,FitzWarin-58,I00199018
Q145052,Q18534800,,,,,,,,,,,,,,,,,,,,,,,,,,,462356,,p=fulk;n=fitzwarin;oc=1,,,,,,,,,,,,,Fulk_Fitzwarin_(10),,FitzWarin-57,I00042997
Q145053,Q6949530,,,,,,,,,,,,,,,,,,,,,,,,,,,,,p=malcom macduff;n=of fife,,,,,,,,,,,,p12729.htm#i127281,Malcolm_MacDuff_(1),,Macduff-1,I00308668
Q145054,Q75386821,,,,,,,,,,,,,,,,,,,,,,,,,,,,,,,,,,,,,,,,,p10685.htm#i106845,,,,
Q145055,Q4831488,,,,,,,,,,,,,,,,,,,,,,,,,,,,,p=aymar;n=de lusignan,,,,,,,,,,,,p10462.htm#i104612,Aymer_de_Lusignan_(2),,Lusignan-26,I00064445
Q145056,Q1557623,,,,,,,,,,,,,,,,,,,,,,,,,,,,,p=guy;n=de lusignan;oc=7,,,,,,,,,,,,p10461.htm#i104610,Guy_De_Lusignan_(1),,Lusignan-22,I00064443
Q145057,Q237889,,,,,,,,9CXX-R3M,,8412201,,,,,,,,I28603,,,,,,,,,13063|111190,,p=alexander;n=of scotland;oc=2,,,,,,,,,,,,p10253.htm#i102528,Alexander_II_of_Scotland_(1),,Dunkeld-4,I00002874
Q145058,Q267295,,,,,,,,,,45551603,,,,,,,,I2653,,,,,,,,,11722,,p=sancie;n=de provence,,,dw.8127,,,,,,,,,p10223.htm#i102224,Sanchia_Berengar_(1),,Provence-192,I00027267
Q145059,Q813298,,,,,,,,,,,,,,,,,,,,,,,,,,,10396,,p=beatrix;n=von kleve,,,dw.8128,,,,,,,,,p10223.htm#i102225,Beatrice_of_Falkenburg_(1),,Falkenburg-1,I00394336
Q145060,Q75384372,,,,,,,,,,,,,,,,,,,,,,,,,,,,,,,,,,,,,,,,,p10458.htm#i104580,Walter_Cornwall_(2),,Cornwall-36,I00005972
Q145061,Q75384373,,,,,,,,,,,,,,,,,,,,,,,,,,,,,,,,,,,,,,,,,p10459.htm#i104581,,,,
Q145062,Q75384375,,,,,,,,,,,,,,,,,,,,,,,,,,,183621,,p=richard;n=de cornwall|p=richard;n=plantagenet;oc=10,,,,,,,,,,,,p10459.htm#i104582,Richard_de_Cornwall_(2),,Plantagenet-41,I00005967|I00008074
Q145063,Q75382443,,,,,,,,,,,,,,,,,,,,,,,,,,,,,p=richard;n=plantagenet;oc=9,,,,,,,,,,,,p10253.htm#i102530,,,,I00005966
Q145064,Q283151,,,,,,,,,,,,,,,,,,I5432,,,,,,,,,1236105,,p=edmund;n=plantagenet;oc=5,,,,,,,,,,,,p10253.htm#i102529,"Edmund,_2nd_Earl_of_Cornwall_(1)",,Plantagenet-40,I00005968
Q145065,Q96238064,,,,,,,,,,,,,,,,,,,,,,,,,,,,,,,,,,,,,,,,,,,,Cornwall-612,I00561653
Q145066,Q116093954,,,,,,,,,,,,,,,,,,,,,,,,,,,,,,,,,,,,,,,,,,,,Cornwall-158,I00394335
Q145067,Q228885,,,,,,,,9HD3-MC1,,8323576,,,,,,,,I1306,,,,,,,,,11723,,p=eleonore;n=de provence,,,sw.108695,,,,,,,,,p10193.htm#i101924,Eleanor_of_Provence_(1),,Provence-162,I00002879
Q145068,Q57798,,,,,,,,LYWX-CBR,,1955,,,,,,,,I1277,,,,,,person/569C916B-D88A-40F6-956F-148B4BF9AE05,,,11727,,p=edward;n=plantagenet;oc=6,,,sw.131094,,,,,,,,,p10191.htm#i101903,Edward_I_of_England_(1),,Plantagenet-2,I00000809
Q145069,Q242317,,,,,,,,,,8421519,,,,,,,,I28606,,,,,,,,,11724,,p=margaret;n=plantagenet;oc=3,,,sw.980605,,,,,,,,,p10193.htm#i101925,Margaret_Plantagenet_(3),,Plantagenet-1229,I00002880
Q145070,Q242344,,,,,,,,,,,,,,,,,,,,,,,,,,,11725|114203,,p=beatrice;n=plantagenet,,,sw.181736,,,,,,,,,p10193.htm#i101926,Beatrice_Plantagenet_(2),,Plantagenet-175,I00005674
Q145071,Q447802,,alvin-person:19799,,,,,,L7TR-TVZ,,19130,,,,,,,,I2623,,,,,,,,,11726,,p=edmund;n=plantagenet;oc=3,,,sw.211666,,,,,,,,,p10193.htm#i101927,Edmund_Plantagenet_(2),,Plantagenet-562,I00005190
Q145072,Q4214826,,,,,,,,,,,,,,,,,,,,,,,,,,,,,p=katherine;n=plantagenet;oc=1,,,,,,,,,,,,p10193.htm#i101930,Katherine_Plantagenet_(4),,Plantagenet-278,I00005977
Q145073,Q75382075,,,,,,,,,,,,,,,,,,,,,,,,,,,891242,,p=richard;n=plantagenet;oc=5,,,,,,,,,,,,p10193.htm#i101928,Richard_Plantagenet_(76),,Plantagenet-249,I00005978
Q145074,Q75382077,,,,,,,,,,,,,,,,,,,,,,,,,,,,,p=john;n=plantagenet;oc=8,,,,,,,,,,,,p10193.htm#i101929,John_Plantagenet_(151),,Plantagenet-234,I00005979
Q145075,Q75382078,,,,,,,,,,,,,,,,,,,,,,,,,,,,,p=william;n=plantagenet;oc=2,,,,,,,,,,,,p10194.htm#i101931,William_Plantagenet_(40),,,
Q145076,Q75382079,,,,,,,,,,,,,,,,,,,,,,,,,,,,,p=henry;n=plantagenet;oc=2,,,,,,,,,,,,p10194.htm#i101932,Henry_Plantagenet_(178),,Plantagenet-1741,I00005980
Q145077,Q75290429,,,,,,,,,,,,,,,,,,I4752,,,,,,,,,499929,,p=isabel;n=fitzroy;oc=2,,,,,,,,,,,,p4175.htm#i41747,Isabel_De_Chilham_(1),,Chilham-9,I00054199
Q145078,Q75389420,,,,,,,,,,,,,,,,,,,,,,,,,,,367713,,p=richard;n=de dover,,,,,,,,,,,,p10915.htm#i109150,Richard_de_Dover_(1),,FitzRoy-87,I00437352
Q145079,Q100153763,,,,,,,,,,,,,,,,,,,,,,,,,,,499895,,p=lorette;n=de dover,,,,,,,,,,,,p72915.htm#i729146,Lorette_De_Dover_(2),,FitzRoy-85,I00140234
Q145080,Q75963002,,,,,,,,,,,,,,,,,,,,,,,,,,,,,,,,,,,,,,,,,p43347.htm#i433462,,,,
Q145081,Q75963068,,,,,,,,,,,,,,,,,,,,,,,,,,,,,,,,,,,,,,,,,p43351.htm#i433509,,,,
Q145082,Q2947755,,,,,,,,,,,,,,,,,,,,,,,,,,,109452,,p=donald;n=of mar,,,,,,,,,,,,p10916.htm#i109156,"Domhnall_I,_Earl_of_Mar_(1)",,Mar-90,I00108348
Q145083,Q75269472,,,,,,,,,,,,,,,,,,,,,,,,,,,,,,,,,,,,,,,,,p2587.htm#i25865,,,,
Q145084,Q75269474,,,,,,,,,,,,,,,,,,,,,,,,,,,,,,,,,,,,,,,,,p2587.htm#i25866,,,,
Q145085,Q444026,,,,,,,,,,,,,,,,,,,,,,,,,,,109448,,p=isabel;n=of mar,,,,,,,,,,,,p10209.htm#i102090,Isabella_of_Mar_(1),,Mar-7,I00006034
Q145086,Q75387977,,,,,,,,,,,,,,,,,,,,,,,,,,,,,,,,,,,,,,,,,p10786.htm#i107857,,,Mar-6,I00117559|I00437419
Q145087,Q5524423,,,,,,,,,,,,,,,,,,,,,,,,,,,918767,,p=gartney;n=of mar,,,,,,,,,,,,p10788.htm#i107878,Gartnait_of_Mar_(1),,Mar-84,I00232036
Q145088,Q96311998,,,,,,,,,,,,,,,,,,,,,,,,,,,,,,,,,,,,,,,,,,,,,I00311433
Q145089,Q96311986,,,,,,,,,,,,,,,,,,,,,,,,,,,,,,,,,,,,,,,,,,,,Ab_Elise-1,I00311462
Q145090,Q110583559,,,,,,,,,,,,,,,,,,,,,,,,,,,,,,,,,,,,,,,,,,,,,I00755361
Q145091,Q96312005,,,,,,,,,,,,,,,,,,,,,,,,,,,,,p=cynwrig;n=of gwynedd,,,,,,,,,,,,,Cynwrig_Unknown_(15),,,I00311436
Q145092,Q110636710,,,,,,,,,,,,,,,,,,,,,,,,,,,,,,,,,,,,,,,,,,,,,I00754749
Q145093,Q116478878,,,,,,,,,,,,,,,,,,,,,,,,,,,,,,,,,,,,,,,,,,,,,I00754481
Q145094,Q10965002,,,,,,,,,,,,,,,,,,,,,,,,,,,,,,,,,,,,,,,,,,,,,
Q145095,Q469952,,,,,,,,,,,,,,,,,,,,,,,,,,,,,p=gwenllian;n=of gwynedd;oc=4,,,,,,,,,,,,p10261.htm#i102602,Gwenllian_of_Wales_(1),,,
Q145096,Q110635665,,,,,,,,,,,,,,,,,,,,,,,,,,,,,,,,,,,,,,,,,,,,,I00755864
Q145097,Q5362763,,,,,,,,,,,,,,,,,,,,,,,,,,,,,,,,,,,,,,,,,,Elizabeth_de_Ferrers_(1),,Ferrers-103,
Q145098,Q7114253,,,,,,,,,,,,,,,,,,,,,,,,,,,,,,,,,,,,,,,,,p16860.htm#i168593,,,,
Q145099,Q6662990,,,,,,,,,,,,,,,,,,,,,,,,,,,,,,,,,,,,,,,,,p16860.htm#i168592,,,,
Q145100,Q5623707,,,,,,,,,,,,,,,,,,,,,,,,,,,,,,,,,,,,,,,,,,,,,
Q145101,Q3404416,,,,,,,,,,,,,,,,,,,,,,,,,,,,,,,,,,,,,,,,,,Dafydd_Goch_ap_Dafydd_(1),,Ap_Dafydd-41,I00663854
Q145102,Q7818337,,,,,,,,,,,,,,,,,,,,,,,,,,,,,p=tomas;n=of gwynedd,,,,,,,,,,,,p4176.htm#i41760,Tomas_ap_Rhodri_(1),,Ap_Rhodri-23,
Q145103,Q76273189,,,,,,,,,,,,,,,,,,,,,,,,,,,,,,,,,,,,,,,,,p65424.htm#i654237,Iorwerth_Ab_Iorwerth_(1),,Ap_Iorwerth-24,I00705732
Q145104,Q76273188,,,,,,,,,,,,,,,,,,,,,,,,,,,,,,,,,,,,,,,,,p65424.htm#i654236,"Iorwerth_Ab_Iorwerth_""Fychan""_(1)",,Ap_Iorwerth-23,I00589160
Q145105,Q110582611,,,,,,,,,,,,,,,,,,,,,,,,,,,,,,,,,,,,,,,,,,,,,I00755189
Q145106,Q19326009,,,,,,,,,,,,,,,,,,,,,,,,,,,,,,,,,,,,,,,,,p40548.htm#i405471,Hugh_Mortimer_(2),,,
Q145107,Q75922761,,,,,,,,,,,,,,,,,,,,,,,,,,,,,,,,,,,,,,,,,p40548.htm#i405474,,,,
Q145108,Q75922763,,,,,,,,,,,,,,,,,,,,,,,,,,,,,,,,,,,,,,,,,p40548.htm#i405476,,,,
Q145109,Q75922766,,,,,,,,,,,,,,,,,,,,,,,,,,,,,,,,,,,,,,,,,p40548.htm#i405478,,,,
Q145110,Q75922768,,,,,,,,,,,,,,,,,,,,,,,,,,,,,,,,,,,,,,,,,p40548.htm#i405479,,,,
Q145111,Q110583434,,,,,,,,,,,,,,,,,,,,,,,,,,,,,,,,,,,,,,,,,,,,,I00753716
Q145112,Q116146445,,,,,,,,,,,,,,,,,,,,,,,,,,,,,,,,,,,,,,,,,,,,,I00757879
Q145113,Q3565292,,,,,,,,,,,,,,,,,,,,,,,,,,,,,,,,,,,,,,,,,p21222.htm#i212215,Walchelin_de_Ferriers_(1),,Ferrers-429,
Q145114,Q75560024,,,,,,,,,,,,,,,,,,,,,,,,,,,,,p=goda;n=de tosny,,,,,,,,,,,,p21271.htm#i212708,Goda_De_Toni_(1),,Toeni-67,
Q145115,Q11067934,,,,,,,,,,,,,,,,,,,,,,,,,,,309712,,p=margaret;n=de fiennes,,,,,,,,,,,,p4809.htm#i48084,Margaret_de_Fiennes_(1),,Fiennes-9,I00026604
Q145116,Q312990,,,,,,,,LY16-VK3,,10326365,,,,,,,,I2414,,,,,,,,,522297,,p=roger;n=mortimer;oc=2,,,,,,,,,,,,p10697.htm#i106962,Roger_de_Mortimer_(5),,Mortimer-77,I00026577
Q145117,Q75431377,,,,,,,,,,,,,,,,,,,,,,,,,,,,,,,,,,,,,,,,,p13742.htm#i137414,,,Mortimer-89,I00177618
Q145118,Q75922729,,,,,,,,,,,,,,,,,,,,,,,,,,,,,,,,,,,,,,,,,p40546.htm#i405458,,,Mortimer-141,
Q145119,Q75922731,,,,,,,,,,,,,,,,,,,,,,,,,,,,,,,,,,,,,,,,,p40546.htm#i405459,,,Mortimer-145,
Q145120,Q75922737,,,,,,,,,,,,,,,,,,,,,,,,,,,,,,,,,,,,,,,,,p40547.htm#i405462,,,Mortimer-142,
Q145121,Q75922739,,,,,,,,,,,,,,,,,,,,,,,,,,,,,,,,,,,,,,,,,p40547.htm#i405463,,,Mortimer-148,
Q145122,Q1529709,,,,,,,,,,,,,,,,,,,,,,,,,,,48836,,p=john;n=fitzalan;oc=3,,,,,,,,,,,,p11649.htm#i116483,John_FitzAlan_(73),,FitzAlan-589,I00030560
Q145123,Q75397077,,,,,,,,,,,,,,,,,,,,,,,,,,,,,,,,,,,,,,,,,p11649.htm#i116485,,,,
Q145124,Q75397076,,,,,,,,,,,,,,,,,,,,,,,,,,,,,,,,,,,,,,,,,p11649.htm#i116484,,,,
Q145125,Q2034626,,,,,,,,9HVV-643,,,,,,,,,,,,,,,,,,,123586,,p=richard;n=fitzalan;oc=2,,,,,,,,,,,,p358.htm#i3574,Richard_FitzAlan_(42),,FitzAlan-606,I00026726
Q145126,Q75520230,,,,,,,,,,,,,,,,,,,,,,,,,,,,,p=maud;n=fitzalan,,,,,,,,,,,,p19099.htm#i190981,Maud_Fitz_Alan_(1),,FitzAlan-590,I00543664
Q145127,Q7351443,,,,,,,,,,,,,,,,,,,,,,,,,,,,,,,,,,,,,,,,,p1171.htm#i11704,Robert_de_Vere_(1),,De_Vere-356,I00484714
Q145128,Q75251435,,,,,,,,,,,,,,,,,,,,,,,,,,,,,,,,,,,,,,,,,p1203.htm#i12030,,,,
Q145129,Q75922747,,,,,,,,,,,,,,,,,,,,,,,,,,,,,,,,,,,,,,,,,p40547.htm#i405467,,,,
Q145130,Q18529287,,,,,,,,,,,,,,,,,,,,,,,,,,,42190,,p=james;n=de audley;oc=1,,,,,,,,,,,,p4720.htm#i47196,James_of_Aldithley_(1),,Audley-10,I00028332
Q145131,Q44817197,,,,,,,,,,,,,,,,,,,,,,,,,,,42232,,p=ela;n=longespee;oc=1,,,,,,,,,,,,p4721.htm#i47208,Ela_Longespée_(1),,Longespée-81,I00028333
Q145132,Q2609611,,,,,,,,,,,,,,,,,,I4217,,,,,,,,,601590,,,,,,,,,,,,,,p10485.htm#i104850,Margaret_de_Clare_(1),,Clare-613,I00027625
Q145133,Q15040852,,,,,,,,,,,,,,,,,,I4204,,,,,,,,,,,,,,,,,,,,,,,p987.htm#i9864,Margaret_de_Audley_(1),,Audley-130,I00027628
Q145134,Q16239749,,,,,,,,,,,,,,,,,,,,,,,,,,,327952,,,,,,,,,,,,,,p101.htm#i1002,,,Greystoke-69,I00139362
Q145135,Q4389604,,,,,,,,,,,,,,,,,,,,,,,,,,,42188,,,,,,,,,,,,,,p10692.htm#i106914,Ralph_de_Neville_(3),,Neville-59,I00108482
Q145136,Q16840267,,,,,,,,,,,,,,,,,,,,,,,,,,,327951,,,,,,,,,,,,,,p1709.htm#i17081,,,Greystoke-81,I00177581
Q145137,Q6250305,,,,,,,,,,,,,,,,,,I10608,,,,,,,,,,,,,,,,,,,,,,,p350.htm#i3492,John_de_Neville_(4),,Neville-58,I00108484
Q145138,Q68109318,,,,,,,,,,,,,,,,,,I11736,,,,,,,,,,,,,,,,,,,,,,,p10692.htm#i106913,,,Neville-349,I00015420
Q145139,Q75254083,,,,,,,,,,,,,,,,,,,,,,,,,,,,,,,,,,,,,,,,,p1423.htm#i14222,,,,
Q145140,Q75254084,,,,,,,,,,,,,,,,,,,,,,,,,,,,,,,,,,,,,,,,,p1423.htm#i14223,,,Neville-607,
Q145141,Q75254086,,,,,,,,,,,,,,,,,,,,,,,,,,,,,,,,,,,,,,,,,p1423.htm#i14224,Isabel_de_Nevill_(1),,Neville-367,I00393003
Q145142,Q75254087,,,,,,,,,,,,,,,,,,,,,,,,,,,,,,,,,,,,,,,,,p1423.htm#i14225,,,Neville-364,
Q145143,Q75254088,,,,,,,,,,,,,,,,,,,,,,,,,,,,,,,,,,,,,,,,,p1423.htm#i14226,,,,
Q145144,Q2833909,,,,,,,,,,,,,,,,,,,,,,,,,,,,,,,,,,,,,,,,,p1414.htm#i14135,Alexander_Neville_(1),,Neville-365,
Q145145,Q75874513,,,,,,,,,,,,,,,,,,,,,,,,,,,,,,,,,,,,,,,,,p37222.htm#i372217,,,Neville-605,
Q145146,Q75253973,,,,,,,,,,,,,,,,,,,,,,,,,,,,,,,,,,,,,,,,,p1414.htm#i14136,,,,I00392992
Q145147,Q75253975,,,,,,,,,,,,,,,,,,,,,,,,,,,,,,,,,,,,,,,,,p1414.htm#i14137,,,Neville-361,
Q145148,Q18736112,,,,,,,,,,,,,,,,,,,,,,,,,,,,,,,,,,,,,,,,,p1414.htm#i14138,,,,
Q145149,Q75271404,,,,,,,,,,,,,,,,,,,,,,,,,,,,,,,,,,,,,,,,,p2753.htm#i27522,,,,
Q145150,Q6128968,,,,,,,,,,,,,,,,,,,,,,,,,,,,,,,,,,,,,,,,,p4823.htm#i48229,,,Audley-215,I00484700
Q145151,Q445991,,,,,,,,,,,,,,,,,,I7250,,,,,,,,,314374,,p=humphrey;n=de bohun;oc=7,,,,,,,,,,,,p10682.htm#i106817,Humphrey_de_Bohun_(5),,Bohun-6,I00015449
Q145152,Q61911142,,,,,,,,,,,,,,,,,,I7251,,,,,,,,,314367,,p=maud;n=de lusignan,,,,,,,,,,,,p19081.htm#i190802,Maud_De_Lusignan_(1),,Lusignan-6,I00015450
Q145153,Q75241360,,,,,,,,,,,,,,,,,,I7247,,,,,,,,,322217,,p=maud;n=de fiennes,,,,,,,,,,,,p357.htm#i3566,Maud_de_Fiennes_(1),,Fiennes-5,I00015454
Q145154,Q2527958,,,,,,,,,,8865,,,,,,,,I2337,,,,,,,,,12899,,p=humphrey vii;n=de bohun;oc=6,,,,,,,,,,,,p10224.htm#i102234,Humphrey_de_Bohun_(3),,Bohun-3,I00007055
Q145155,Q3436643,,,,,,,,,,,,,,,,,,,,,,,,,,,,,p=robert;n=ferrers;oc=3,,,,,,,,,,,,p3887.htm#i38866,Robert_de_Ferrers_(2),,Ferrers-225,I00139195
Q145156,Q75238120,,,,,,,,,,,,,,,,,,,,,,,,,,,,,,,,,,,,,,,,,p80.htm#i794,,,Ferrers-148,I00139199
Q145157,Q6265540,,,,,,,,,,,,,,,,,,,,,,,,,,,,,,,,,,,,,,,,,p3887.htm#i38864,John_de_Ferrers_(1),,Ferrers-142,I00177550
Q145158,Q18917476,,,,,,,,,,,,,,,,,,I11314,,,,,,,,,,,,,,,,,,,,,,,p10694.htm#i106932,,,Verdun-18,I00027639
Q145159,Q76100982,,,,,,,,,,,,,,,,,,,,,,,,,,,,,,,,,,,,,,,,,p53114.htm#i531139,,,Mohaut-19,
Q145160,Q18577248,,,,,,,,,,,,,,,,,,,,,,,,,,,617150,,p=william;n=la zouche;oc=1,,,,,,,,,,,,p36742.htm#i367416,William_la_Zouche_(8),,Zouche-46,I00139407
Q145161,Q56374114,,,,,,,,,,,,,,,,,,I4746|I5639,,,,,,,,,327965,,p=eve;n=la zouche,,,,,,,,,,,,p4177.htm#i41768,Eva_la_Zouche_(1),,Zouche-13,I00054203
Q145162,Q75620338,,,,,,,,,,,,,,,,,,,,,,,,,,,,,p=elizabeth;n=la zouche;oc=5,,,,,,,,,,,,p25027.htm#i250265,Elizabeth_la_Zouche_(4),,Zouche-45,I00288265
Q145163,Q100153129,,,,,,,,,,,,,,,,,,,,,,,,,,,,,,,,,,,,,,,,,,,,Zouche-151,I00674065
Q145164,Q76201100,,,,,,,,,,,,,,,,,,,,,,,,,,,,,p=eleanor;n=la zouche,,,,,,,,,,,,p59998.htm#i599976,Ellen_la_Zouche_(1),,Zouche-154,I00029016
Q145165,Q109852953,,,,,,,,,,,,,,,,,,,,,,,,,,,,,,,,,,,,,,,,,,Lucy_la_Zouche_(1),,Zouche-155,I00670329
Q145166,Q75897347,,,,,,,,,,,,,,,,,,,,,,,,,,,,,,,,,,,,,,,,,p38905.htm#i389047,,,,I00755719
Q145167,Q76022663,,,,,,,,,,,,,,,,,,,,,,,,,,,,,,,,,,,,,,,,,p47447.htm#i474461,,,Dover-77,
Q145168,Q76022664,,,,,,,,,,,,,,,,,,,,,,,,,,,,,,,,,,,,,,,,,p47447.htm#i474462,,,Lucy-220,
Q145169,Q76203077,,,,,,,,,,,,,,,,,,,,,,,,,,,,,,,,,,,,,,,,,p60129.htm#i601283,,,,I00573424
Q145170,Q76203078,,,,,,,,,,,,,,,,,,,,,,,,,,,,,,,,,,,,,,,,,p60129.htm#i601284,,,Hommet-9,I00573425
Q145171,Q21402172,,,,,,,,,,,,,,,,,,,,,,,,,,,1229875,,,,,,,,,,,,,,p43905.htm#i439046,,,Stuteville-3,I00140306
Q145172,Q76203185,,,,,,,,,,,,,,,,,,,,,,,,,,,,,,,,,,,,,,,,,p60135.htm#i601344,,,,
Q145173,Q76203186,,,,,,,,,,,,,,,,,,,,,,,,,,,,,,,,,,,,,,,,,p60135.htm#i601345,,,Wake-64,I00425406
Q145174,Q76022659,,,,,,,,,,,,,,,,,,,,,,,,,,,,,,,,,,,,,,,,,p47446.htm#i474459,,,,
Q145175,Q96481102,,,,,,,,,,,,,,,,,,,,,,,,,,,,,,,,,,,,,,,,,,,,UNKNOWN-130520,I00377491
Q145176,Q75775618,,,,,,,,,,,,,,,,,,,,,,,,,,,,,,,,,,,,,,,,,p32797.htm#i327967,,,Mohun-7,I00296278
Q145177,Q99023522,,,,,,,,,,,,,,,,,,,,,,,,,,,,,,,,,,,,,,,,,,,,Mohun-39,I00388277
Q145178,Q75791657,,,,,,,,,,,,,,,,,,,,,,,,,,,,,,,,,,,,,,,,,p33613.htm#i336128,,,Say-23,
Q145179,Q75791661,,,,,,,,,,,,,,,,,,,,,,,,,,,,,,,,,,,,,,,,,p33613.htm#i336130,,,,
Q145180,Q75791666,,,,,,,,,,,,,,,,,,,,,,,,,,,,,,,,,,,,,,,,,p33614.htm#i336132,,,,
Q145181,Q75791667,,,,,,,,,,,,,,,,,,,,,,,,,,,,,,,,,,,,,,,,,p39295.htm#i392950|p33614.htm#i336133,,,Say-77,
Q145182,Q75792013,,,,,,,,,,,,,,,,,,,,,,,,,,,,,,,,,,,,,,,,,p33631.htm#i336307,,,Say-278,
Q145183,Q2581164,,,,,,,,,,,,,,,,,,,,,,,,,,,323536,,p=guillaume;n=de reviers;oc=8,,,,,,,,,,,,p923.htm#i9227,William_de_Reviers_(1),,Vernon-1065,I00076196
Q145184,Q76093915,,,,,,,,,,,,,,,,,,,,,,,,,,,,,p=ellen;n=de balliol,,,,,,,,,,,,p52620.htm#i526194,Ellen_de_Balliol_(1),,Balliol-48,I00027719
Q145185,Q18213684,,,,,,,,,,,,,,,,,,,,,,,,,,,1305729,,p=henry;n=percy;oc=10,,,,,,,,,,,,p15150.htm#i151498,Henry_de_Percy_(3),,Percy-35,I00015410
Q145186,Q76286543,,,,,,,,,,,,,,,,,,,,,,,,,,,,,,,,,,,,,,,,,p66334.htm#i663331,,,,
Q145187,Q76286545,,,,,,,,,,,,,,,,,,,,,,,,,,,,,,,,,,,,,,,,,p66334.htm#i663332,,,,
Q145188,Q76286546,,,,,,,,,,,,,,,,,,,,,,,,,,,,,,,,,,,,,,,,,p66334.htm#i663333,,,,
Q145189,Q76286547,,,,,,,,,,,,,,,,,,,,,,,,,,,,,,,,,,,,,,,,,p66334.htm#i663334,,,,
Q145190,Q75301572,,,,,,,,,,,,,,,,,,,,,,,,,,,,,,,,,,,,,,,,,p4894.htm#i48935|p66333.htm#i663328,,,,
Q145191,Q76286540,,,,,,,,,,,,,,,,,,,,,,,,,,,,,,,,,,,,,,,,,p66333.htm#i663329,,,,
Q145192,Q76286541,,,,,,,,,,,,,,,,,,,,,,,,,,,,,,,,,,,,,,,,,p66333.htm#i663330,,,Percy-104,
Q145193,Q75101180,,,,,,,,,,,,,,,,,,,,,,,,,,,,,p=ralph;n=fitzrandolph,,,,,,,,,,,,p1962.htm#i19617|p66333.htm#i663327|p64978.htm#i649776,Ralph_Fitz_Randolph_(1),,Middleham-1,I00430236
Q145194,Q75100560,,,,,,,,,,,,,,,,,,,,,,,,,,,,,p=mary;n=fitzrandolph,,,,,,,,,,,,p1962.htm#i19616,Mary_Fitz_Randolph_(1),,FitzRanulf-19,I00027724
Q145195,Q76267326,,,,,,,,,,,,,,,,,,,,,,,,,,,,,,,,,,,,,,,,,p64978.htm#i649775,,,Fitzrandolph-8,I00484693
Q145196,Q76286527,,,,,,,,,,,,,,,,,,,,,,,,,,,,,,,,,,,,,,,,,p66332.htm#i663319,,,,
Q145197,Q76286531,,,,,,,,,,,,,,,,,,,,,,,,,,,,,p=eustace;n=de balliol;oc=2,,,,,,,,,,,,p66333.htm#i663322,Eustace_Balliol_(1),,,I00589275
Q145198,Q76286532,,,,,,,,,,,,,,,,,,,,,,,,,,,,,p=ingelgram;n=de balliol,,,,,,,,,,,,p66333.htm#i663323,Ingelram_Balliol_(1),,,I00589277
Q145199,Q76286534,,,,,,,,,,,,,,,,,,,,,,,,,,,,,,,,,,,,,,,,,p66333.htm#i663325,,,,
Q145200,Q98960282,,,,,,,,,,,,,,,,,,,,,,,,,,,,,,,,,,,,,,,,,,,,Vaux-316,I00510106
Q145201,Q98960285,,,,,,,,,,,,,,,,,,,,,,,,,,,,,,,,,,,,,,,,,,,,,I00510107
Q145202,Q76199349,,,,,,,,,,,,,,,,,,,,,,,,,,,,,,,,,,,,,,,,,p59878.htm#i598774,,,Vaux-113,
Q145203,Q98960287,,,,,,,,,,,,,,,,,,,,,,,,,,,,,,,,,,,,,,,,,,,,Engaine-14,I00196928
Q145204,Q98960291,,,,,,,,,,,,,,,,,,,,,,,,,,,,,,,,,,,,,,,,,,,,,I00451661
Q145205,Q3142734,,,,,,,,,,,,,,,,,,,,,,,,,,,,,p=hugh;n=de+morville;oc=1,,,,,,,,,,,,,Hugh_de_Morville_(2),,Morville-6,I00196923
Q145206,Q80913710,,,,,,,,,,,,,,,,,,,,,,,,,,,,,,,,,,,,,,,,,,,,Basset-632,
Q145207,Q81068646,,,,,,,,,,,,,,,,,,,,,,,,,,,,,p=gilbert;n=basset;oc=3,,,,,,,,,,,,p414.htm#i4133,Gilbert_Bassett_(1),,Basset-101,I00685964
Q145208,Q18672382,,,,,,,,,,,,,,,,,,,,,,,,,,,,,,,,,,,,,,,,,p67136.htm#i671360,Thomas_Basset_(11),,Basset-69,
Q145209,Q81068754,,,,,,,,,,,,,,,,,,,,,,,,,,,,,,,,,,,,,,,,,,,,Basset-443,
Q145210,Q109853183,,,,,,,,,,,,,,,,,,,,,,,,,,,,,,,,,,,,,,,,,,,,Basset-65,I00685960
Q145211,Q18572171,,,,,,,,,,,,,,,,,,,,,,,,,,,,,,,,,,,,,,,,,,,,Dunstanville-2,
Q145212,Q80911600,,,,,,,,,,,,,,,,,,I5496,,,,,,,,,500181,,p=hawise;n=de lovaine,,,,,,,,,,,,,Hawise_de_Lovaine_(1),,,I00243616
Q145213,Q23661778,,,,,,,,,,,,,,,,,,I5494,,,,,,,,,,,,,,,,,,,,,,,p2643.htm#i26428,,,Basset-79,I00177427
Q145214,Q80912281,,,,,,,,,,,,,,,,,,,,,,,,,,,,,,,,,,,,,,,,,,,,,
Q145215,Q96075884,,,,,,,,,,,,,,,,,,I5498,,,,,,,,,,,,,,,,,,,,,,,,,,,
Q145216,Q75400577,,,,,,,,,,,,,,,,,,,,,,,,,,,,,,,,,,,,,,,,,p11860.htm#i118592,,,,
Q145217,Q75400542,,,,,,,,,,,,,,,,,,I11325,,,,,,,,,,,,,,,,,,,,,,,p11857.htm#i118563,,,Beauchamp-199,I00670621
Q145218,Q101165677,,,,,,,,,,,,,,,,,,,,,,,,,,,,,,,,,,,,,,,,,,,,Beauchamp-711,I00708837
Q145219,Q18670788,,,,,,,,,,,,,,,,,,,,,,,,,,,,,p=bartholomew;n=sudley;oc=1,,,,,,,,,,,,p58844.htm#i588433,,,Sudeley-3,I00570530
Q145220,Q18673983,,,,,,,,,,,,,,,,,,,,,,,,,,,,,p=john;n=sudley;oc=1,,,,,,,,,,,,p58844.htm#i588436,,,Sudeley-2,I00549558
Q145221,Q75431369,,,,,,,,,,,,,,,,,,I5477,,,,,,,,,,,,,,,,,,,,,,,p16527.htm#i165266,,,Blount-103,I00214357
Q145222,Q2685455,,,,,,,,9CQ1-X4J,,,,,,,,,,I5492,,,,,,,,,595762,,,,,,,,,,,,,,p1077.htm#i10761,Hugh_Le_Despencer_(2),,Despenser-19,I00101368
Q145223,Q75558638,,,,,,,,,,,,,,,,,,,,,,,,,,,,,,,,,,,,,,,,,p21195.htm#i211944,,,Blount-107,I00214359
Q145224,Q96075882,,,,,,,,,,,,,,,,,,I5483,,,,,,,,,,,,,,,,,,,,,,,,,,,
Q145225,Q7183443,,,,,,,,,,,,,,,,,,,,,,,,,,,1311825,,,,,,,,,,,,,,p71841.htm#i718410,Philip_le_Despenser_(1),,Despenser-12,I00042724
Q145226,Q711383,,,,,,,,,,,,,,,,,,I4763,,,,,,,,,595761,,,,,,,,,,,,,,p195.htm#i1943,Hugh_Despenser_(14),,Despenser-6,I00027818
Q145227,Q75520232,,,,,,,,,,,,,,,,,,,,,,,,,,,,,,,,,,,,,,,,,p19099.htm#i190982,,,,
Q145228,Q116054273,,,,,,,,,,,,,,,,,,,,,,,,,,,,,,,,,,,,,,,,,,,,,I00613646
Q145229,Q3611715,,,,,,,,KZZH-H9Z,,,,,,,,,,I5491,,,,,,,,,,,p=alice;n=de toeny;oc=2,,,,,,,,,,,,p3206.htm#i32051,Alice_de_Toeni_(1),,Toeni-8,I00026582
Q145230,Q20171441,,,,,,,,,,148769952,,,,,,,,I4747|I5637,,,,,,,,,,,,,,,,,,,,,,,p10303.htm#i103029,,,Clare-63,I00027621
Q145231,Q923162,,,,,,,,L1W9-YZ5,,11747152,,,debeauchampt,,,,,I2406,,,,,,,,,,,,,,,,,,,,,,,p93.htm#i922,Thomas_de_Beauchamp_(3),,Beauchamp-74,I00026579
Q145232,Q61911537,,,,,,,,,,,,,,,,,,,,,,,,,,,,,,,,,,,,,,,,,p3200.htm#i31996,,,Beauchamp-158,I00101331
Q145233,Q75588011,,,,,,,,,,,,,,,,,,,,,,,,,,,,,,,,,,,,,,,,,p22872.htm#i228719,,,Beauchamp-187,I00101316
Q145234,Q76375360,,,,,,,,,,,,,,,,,,,,,,,,,,,,,,,,,,,,,,,,,p72108.htm#i721079,,,,
Q145235,Q76375363,,,,,,,,,,,,,,,,,,,,,,,,,,,,,,,,,,,,,,,,,p72109.htm#i721081,,,Beauchamp-127,
Q145236,Q76375365,,,,,,,,,,,,,,,,,,,,,,,,,,,,,,,,,,,,,,,,,p72109.htm#i721083,,,,
Q145237,Q3809684,,,,,,,,,,,,,,,,,,,,,,,,,,,,,,,,,,,,,,,,,p11865.htm#i118649,,,Beauchamp-174,I00101399
Q145238,Q75923548,,,,,,,,,,,,,,,,,,,,,,,,,,,,,,,,,,,,,,,,,p40592.htm#i405918,,,Furnival-36,I00198208
Q145239,Q76298190,,,,,,,,,,,,,,,,,,,,,,,,,,,,,,,,,,,,,,,,,p67136.htm#i671358,,,Ferrers-228,
Q145240,Q61911578,,,,,,,,,,,,,,,,,,,,,,,,,,,,,,,,,,,,,,,,,,,,Mauduit-137,I00337619
Q145241,Q61911579,,,,,,,,,,,,,,,,,,,,,,,,,,,,,,,,,,,,,,,,,,,,Basset-29,I00337620
Q145242,Q4020096,,,,,,,,,,,,,,,,,,,,,,,,,,,,,,,,,,,,,,,,,p25498.htm#i254980,William_Maudit_(1),,,
Q145243,Q61911586,,,,,,,,,,,,,,,,,,,,,,,,,,,907478,,p=alice;n=harcourt,,,,,,,,,,,,p36903.htm#i369026,Alice_Harcourt_(1),,Harcourt-117,I00028891
Q145244,Q76375285,,,,,,,,,,,,,,,,,,,,,,,,,,,,,,,,,,,,,,,,,p72102.htm#i721019,Waleran_Unknown_(4),,Beaumont-1994,
Q145245,Q3785020,,,,,,,,,,,,,,,,,,,,,,,,,,,907474,,p=henry;n=de beaumont le roger,,,,,,,,,,,,p19860.htm#i198600,"Henry_de_Beaumont,_5th_Earl_of_Warwick_(1)",,Beaumont-1200,I00394341
Q145246,Q76375286,,,,,,,,,,,,,,,,,,,,,,,,,,,,,,,,,,,,,,,,,p72102.htm#i721020,Gundred_Unknown_(11),,Beaumont-1993,
Q145247,Q23908743,,,,,,,,,,,,,,,,,,,,,,,,,,,,,,,,,,,,,,,,,p20352.htm#i203513|p26767.htm#i267666,,,Carew-29,I00672997
Q145248,Q75541497,,,,,,,,,,,,,,,,,,,,,,,,,,,,,,,,,,,,,,,,,p20352.htm#i203514,,,Martin-3554,
Q145249,Q75541505,,,,,,,,,,,,,,,,,,,,,,,,,,,,,,,,,,,,,,,,,p20352.htm#i203518,,,Mohun-95,
Q145250,Q75541409,,,,,,,,,,,,,,,,,,,,,,,,,,,,,,,,,,,,,,,,,p20347.htm#i203464,,,Carew-340,
Q145251,Q75541512,,,,,,,,,,,,,,,,,,,,,,,,,,,,,,,,,,,,,,,,,p20353.htm#i203522,,,Mohun-8,I00707862
Q145252,Q75397094,,,,,,,,,,,,,,,,,,,,,,,,,,,,,p=leonard;n=carew,,,,,,,,,,,,p11650.htm#i116493,Leonard_Carew_(1),,Carew-26,I00425699
Q145253,Q1351307,,,,,,,,,,,,,,,,,,,,,,,,,,,926307,,p=john;n=comyn;oc=1,,,,,,,,,,,,p10916.htm#i109155,John_Comyn_(31),,Comyn-117,I00198358
Q145254,Q64831095,,,,,,,,,,,,,,,,,,,,,,,,,,,918749,,p=joan;n=de valence,,,,,,,,,,,,p10916.htm#i109157,Jeanne_de_Valence_(1),,Valence-10,I00198359
Q145255,Q75266696,,,,,,,,,,,,,,,,,,,,,,,,,,,,,,,,,,,,,,,,,p2363.htm#i23628,,,,I00126372
Q145256,Q75266693,,,,,,,,,,,,,,,,,,,,,,,,,,,,,,,,,,,,,,,,,p2363.htm#i23626,,,,I00028780
Q145257,Q75561301,,,,,,,,,,,,,,,,,,,,,,,,,,,,,,,,,,,,,,,,,p21345.htm#i213444,,,Talbot-4460,I00127846
Q145258,Q75248205,,,,,,,,,,,,,,,,,,,,,,,,,,,,,,,,,,,,,,,,,p929.htm#i9289,,,Talbot-34,I00128036
Q145259,Q75565108,,,,,,,,,,,,,,,,,,,,,,,,,,,,,,,,,,,,,,,,,p21562.htm#i215614,,,Chaundos-5,
Q145260,Q75568047,,,,,,,,,,,,,,,,,,,,,,,,,,,,,,,,,,,,,,,,,p21728.htm#i217280|p25026.htm#i250259,,,Acton-214,I00304729
Q145261,Q110315686,,,,,,,,,,,,,,,,,,,,,,,,,,,,,,,,,,,,,,,,,,,,,I00707472
Q145262,Q75567277,,,,,,,,,,,,,,,,,,,,,,,,,,,,,p=nicholas;n=de poyntz,,,,,,,,,,,,p25027.htm#i250263|p21689.htm#i216881,Nicholas_Poyntz_(1),,Poyntz-18,I00139854
Q145263,Q75620360,,,,,,,,,,,,,,,,,,,,,,,,,,,,,,,,,,,,,,,,,p25028.htm#i250280,,,Poyntz-17,I00304726
Q145264,Q75565121,,,,,,,,,,,,,,,,,,,,,,,,,,,,,,,,,,,,,,,,,p21563.htm#i215621,,,,
Q145265,Q75565153,,,,,,,,,,,,,,,,,,,,,,,,,,,,,,,,,,,,,,,,,p21564.htm#i215640,,,Chaundos-6,
Q145266,Q18530249,,,,,,,,,,,,,,,,,,,,,,,,,,,,,,,,,,,,,,,,,p21563.htm#i215622,,,,
Q145267,Q110622051,,,,,,,,,,,,,,,,,,,,,,,,,,,,,,,,,,,,,,,,,,,,Turberville-35,I00748538
Q145268,Q110622066,,,,,,,,,,,,,,,,,,,,,,,,,,,,,,,,,,,,,,,,,,,,Wilcock-3,I00748539
Q145269,Q99084336,,,,,,,,,,,,,,,,,,,,,,,,,,,,,,,,,,,,,,,,,,,,Gamage-70,I00282617
Q145270,Q99084315,,,,,,,,,,,,,,,,,,,,,,,,,,,,,,,,,,,,,,,,,,,,Gamage-10,I00282621
Q145271,Q76237200,,,,,,,,,,,,,,,,,,,,,,,,,,,,,,,,,,,,,,,,,p62732.htm#i627311,,,Berkerolles-2,I00700404
Q145272,Q18819407,,,,,,,,,,,,,,,,,,,,,,,,,,,,,,,,,,,,,,,,,p41644.htm#i416437,,,Stradling-39,I00677960
Q145273,Q18917711,,,,,,,,,,,,,,,,,,,,,,,,,,,,,,,,,,,,,,,,,p37319.htm#i373190,,,Stradling-41,I00319495
Q145274,Q99083523,,,,,,,,G7BT-PFZ,,,,,,,,,,,,,,,,,,,,,,,,,,,,,,,,,,,,Bere-64,I00410233
Q145275,Q75558205,,,,,,,,,,,,,,,,,,,,,,,,,,,,,,,,,,,,,,,,,p21166.htm#i211660,,,St_John-135,I00109139
Q145276,Q3109749,,,,,,,,,,,,,,,,,,,,,,,,,,,,,p=gudrod;n=olavsson,,,,,,,,,,,,,Godred_II_Olafsson_(1)|Gudroed_Black_(1),,Olafsson-29,I00308440
Q145277,Q110585571,,,,,,,,,,,,,,,,,,,,,,,,,,,,,,,,,,,,,,,,,,,,,I00453270
Q145278,Q3350138,,,,,,,,,,,,,,,,,,,,,,,,,,,1325171,,p=olav gudrodsson;n=av man,,,,,,,,,,,,p68620.htm#i686196,Olaf_the_Black_(1),,Guðrøðarson-3,I00453247
Q145279,Q4689038,,,,,,,,,,,,,,,,,,,,,,,,,,,,,,,,,,,,,,,,,,Affreca_de_Courcy_(1),,Godredsdottir-1,I00546841
Q145280,Q3109804,,,,,,,,,,,,,,,,,,,,,,,,,,,,,p=gudrod;n=ragnvaldsson,,,,,,,,,,,,,Godred_Ragnaldsson_(1),,Ragnaldsson-3,I00195717
Q145281,Q117307074,,,,,,,,,,,,,,,,,,,,,,,,,,,,,,,,,,,,,,,,,,Hywel_Unknown_(2),,,I00761348
Q145282,Q123139770,,,,,,,,,,,,,,,,,,,,,,,,,,,,,,,,,,,,,,,,,,,,,I00453276
Q145283,Q110585572,,,,,,,,,,,,,,,,,,,,,,,,,,,,,,,,,,,,,,,,,,,,,I00310372
Q145284,Q317279,,,,,,,,,,12612722,,,,,,,,,,,,,,,,,645941,,p=owain;n=fychan,,,,,,,,,,,,p10727.htm#i107267,Owain_Glyndŵr_(1),,Ap_Gruffudd-35,I00232093
Q145285,Q18535774,,,,,,,,,,,,,,,,,,,,,,,,,,,645939,,p=lowry;n=fychan,,,,,,,,,,,,,Lowry_Verch_Gryfydd_Vychan_(1),,Ferch_Gruffydd-21,I00284683
Q145286,Q7851359,,,,,,,,,,,,,,,,,,,,,,,,,,,645943,,p=tudur;n=fychan;oc=1,,,,,,,,,,,,,"Tudur_ap_Gruffudd_""Fychan""_(1)",,Ap_Gruffudd-64,I00699976
Q145287,Q76273217,,,,,,,,,,,,,,,,,,,,,,,,,,,,,,,,,,,,,,,,,p65426.htm#i654258,"Isabel_ferch_Gruffudd_""Fychan""_(2)",,,I00706009
Q145288,Q116108912,,,,,,,,,,,,,,,,,,,,,,,,,,,,,,,,,,,,,,,,,,,,,I00700618
Q145289,Q110388722,,,,,,,,,,,,,,,,,,,,,,,,,,,,,,,,,,,,,,,,,,,,,I00754917
Q145290,Q116478712,,,,,,,,,,,,,,,,,,,,,,,,,,,,,,,,,,,,,,,,,,,,,I00711771
Q145291,Q106703506,,,,,,,,,,,,,,,,,,,,,,,,,,,926294,,,,,,,,,,,,,,,,,,I00337537
Q145292,Q107275861,,,,,,,,,,,,,,,,,,,,,,,,,,,,,,,,,,,,,,,,,,,,,I00287615
Q145293,Q17270022,,,,,,,,LYSV-ZS3,,,,,,,,,,,,,,,,,,,310456,,,,,,,,,,,,,,p4719.htm#i47189|p13767.htm#i137670,,,Audley-171,I00029080
Q145294,Q61896401,,,,,,,,,,,,,,,,,,,,,,,,,,,310458,,,,,,,,,,,,,,p4720.htm#i47193,,,Mainwaring-22,I00287608
Q145295,Q17270010,,,,,,,,,,,,,,,,,,,,,,,,,,,926281,,p=william;n=le boteler;oc=4,,,,,,,,,,,,p11701.htm#i117006,William_Boteler_(11),,Boteler-134,I00337532|I00622063
Q145296,Q75397955,,,,,,,,,,,,,,,,,,,,,,,,,,,,,,,,,,,,,,,,,p11701.htm#i117005,,,Boteler-104,I00395766
Q145297,Q75431762,,,,,,,,,,,,,,,,,,,,,,,,,,,,,,,,,,,,,,,,,p13768.htm#i137671,,,Botiler-13,
Q145298,Q75431768,,,,,,,,,,,,,,,,,,,,,,,,,,,,,,,,,,,,,,,,,p13768.htm#i137674,,,,
Q145299,Q75431772,,,,,,,,,,,,,,,,,,,,,,,,,,,,,,,,,,,,,,,,,p13768.htm#i137676|p56830.htm#i568293,,,Boteler-286,I00337529
Q145300,Q61971033,,,,,,,,,,,,,,,,,,,,,,,,,,,,,,,,,,,,,,,,,,,,,I00177584
Q145301,Q1668754,,,,,,,,,,,,,,,,,,,,,,,,,,,530509,,,,,,,,,,,,,,p56833.htm#i568322,,,Strange-18,I00140329
Q145302,Q99071685,,,,,,,,,,,,,,,,,,,,,,,,,,,645947,,,,,,,,,,,,,,,,,De_Wauton-7,I00140331
Q145303,Q99073328,,,,,,,,,,,,,,,,,,,,,,,,,,,,,,,,,,,,,,,,,,,,,I00681361
Q145304,Q99073335,,,,,,,,,,,,,,,,,,,,,,,,,,,,,,,,,,,,,,,,,,,,,I00681362
Q145305,Q99073303,,,,,,,,,,,,,,,,,,,,,,,,,,,,,,,,,,,,,,,,,,,,Puleston-7,I00589156
Q145306,Q7349061,,,,,,,,,,,,,,,,,,,,,,,,,,,645938,,p=robert;n=puleston,,,,,,,,,,,,p341.htm#i3407,Robert_Puleston_(1),,Puleston-5,I00284686
Q145307,Q99082486,,,,,,,,,,,,,,,,,,,,,,,,,,,,,,,,,,,,,,,,,,,,,I00706329
Q145308,Q110388800,,,,,,,,,,,,,,,,,,,,,,,,,,,,,,,,,,,,,,,,,,,,,I00700022
Q145309,Q110067835,,,,,,,,,,,,,,,,,,,,,,,,,,,,,,,,,,,,,,,,,,,,,I00706202
Q145310,Q116147222,,,,,,,,,,,,,,,,,,,,,,,,,,,,,,,,,,,,,,,,,,,,,I00761009
Q145311,Q110583558,,,,,,,,,,,,,,,,,,,,,,,,,,,,,,,,,,,,,,,,,,,,,I00759400
Q145312,Q116115316,,,,,,,,,,,,,,,,,,,,,,,,,,,,,,,,,,,,,,,,,,,,,I00708639
Q145313,Q116054444,,,,,,,,,,,,,,,,,,,,,,,,,,,,,,,,,,,,,,,,,,,,,I00750494
Q145314,Q117306778,,,,,,,,,,,,,,,,,,,,,,,,,,,,,,,,,,,,,,,,,,,,,I00714436
Q145315,Q130341547,,,,,,,,,,,,,,,,,,,,,,,,,,,,,,,,,,,,,,,,,,,,,I00745050
Q145316,Q110412942,,,,,,,,,,,,,,,,,,,,,,,,,,,,,,,,,,,,,,,,,,,,,I00708918
Q145317,Q116109207,,,,,,,,,,,,,,,,,,,,,,,,,,,,,,,,,,,,,,,,,,,,,I00775684
Q145318,Q116148212,,,,,,,,,,,,,,,,,,,,,,,,,,,,,,,,,,,,,,,,,,,,,I00714486
Q145319,Q110585573,,,,,,,,,,,,,,,,,,,,,,,,,,,,,,,,,,,,,,,,,,,,,I00705972
Q145320,Q99070579,,,,,,,,,,,,,,,,,,,,,,,,,,,,,,,,,,,,,,,,,,,,,I00699978
Q145321,Q99069892,,,,,,,,,,,,,,,,,,,,,,,,,,,,,,,,,,,,,,,,,,,,,I00705994
Q145322,Q110067814,,,,,,,,,,,,,,,,,,,,,,,,,,,,,,,,,,,,,,,,,,,,,I00706323
Q145323,Q110585452,,,,,,,,,,,,,,,,,,,,,,,,,,,,,,,,,,,,,,,,,,,,,I00706197
Q145324,Q100901875,,,,,,,,,,,,,,,,,,,,,,,,,,,,,,,,,,,,,,,,,,,,,I00706195
Q145325,Q116115043,,,,,,,,,,,,,,,,,,,,,,,,,,,,,,,,,,,,,,,,,,,,,I00700014
Q145326,Q99071949,,,,,,,,,,,,,,,,,,,,,,,,,,,,,,,,,,,,,,,,,,,,,I00672637
Q145327,Q116147201,,,,,,,,,,,,,,,,,,,,,,,,,,,,,,,,,,,,,,,,,,,,,I00702418
Q145328,Q116478315,,,,,,,,,,,,,,,,,,,,,,,,,,,,,,,,,,,,,,,,,,,,,I00758338
Q145329,Q116054571,,,,,,,,,,,,,,,,,,,,,,,,,,,,,,,,,,,,,,,,,,,,,I00713565
Q145330,Q75958831,,,,,,,,,,,,,,,,,,,,,,,,,,,,,,,,,,,,,,,,,p43047.htm#i430468,,,Ap_Gruffydd-57,I00467161
Q145331,Q11014749,,,,,,,,,,,,,,,,,,,,,,,,,,,,,,,,,,,,,,,,,p10727.htm#i107269,David_Hanmer_(1),,Hanmer-30,I00467159
Q145332,Q6759490,,,,,,,,,,,,,,,,,,,,,,,,,,,,,p=margaret jane;n=hanmer,,,,,,,,,,,,p10727.htm#i107268,Margaret_Hamner_(1),,Hanmer-18,I00324806
Q145333,Q76028653,,,,,,,,,,,,,,,,,,,,,,,,,,,,,,,,,,,,,,,,,p47892.htm#i478913,,,,
Q145334,Q76028654,,,,,,,,,,,,,,,,,,,,,,,,,,,,,,,,,,,,,,,,,p47892.htm#i478914,,,,
Q145335,Q110290489,,,,,,,,,,,,,,,,,,,,,,,,,,,,,,,,,,,,,,,,,,,,,I00706125
Q145336,Q99302476,,,,,,,,,,,,,,,,,,,,,,,,,,,,,,,,,,,,,,,,,,,,,I00700040
Q145337,Q99302413,,,,,,,,,,,,,,,,,,,,,,,,,,,,,,,,,,,,,,,,,,,,,I00705934
Q145338,Q110290326,,,,,,,,,,,,,,,,,,,,,,,,,,,,,,,,,,,,,,,,,,,,,I00762390
Q145339,Q116108901,,,,,,,,,,,,,,,,,,,,,,,,,,,,,,,,,,,,,,,,,,,,,I00707209
Q145340,Q116108896,,,,,,,,,,,,,,,,,,,,,,,,,,,,,,,,,,,,,,,,,,,,,I00696393
Q145341,Q116147459,,,,,,,,,,,,,,,,,,,,,,,,,,,,,,,,,,,,,,,,,,,,,I00702925
Q145342,Q117306774,,,,,,,,,,,,,,,,,,,,,,,,,,,,,,,,,,,,,,,,,,,,,I00713232
Q145343,Q117305949,,,,,,,,,,,,,,,,,,,,,,,,,,,,,,,,,,,,,,,,,,,,,I00713230
Q145344,Q99072547,,,,,,,,,,,,,,,,,,,,,,,,,,,,,,,,,,,,,,,,,,,,,I00700638
Q145345,Q116147492,,,,,,,,,,,,,,,,,,,,,,,,,,,,,,,,,,,,,,,,,,,,,I00713720
Q145346,Q129257258,,,,,,,,,,,,,,,,,,,,,,,,,,,,,,,,,,,,,,,,,,,,,I00776026
Q145347,Q110635433,,,,,,,,,,,,,,,,,,,,,,,,,,,,,,,,,,,,,,,,,,,,,I00753781
Q145348,Q99082569,,,,,,,,,,,,,,,,,,,,,,,,,,,,,,,,,,,,,,,,,,,,,I00706113
Q145349,Q105814392,,,,,,,,,,,,,,,,,,,,,,,,,,,,,,,,,,,,,,,,,,,,,I00701533
Q145350,Q116146762,,,,,,,,,,,,,,,,,,,,,,,,,,,,,,,,,,,,,,,,,,,,,I00709916
Q145351,Q116478849,,,,,,,,,,,,,,,,,,,,,,,,,,,,,,,,,,,,,,,,,,,,,I00776142
Q145352,Q116478834,,,,,,,,,,,,,,,,,,,,,,,,,,,,,,,,,,,,,,,,,,,,,I00733047
Q145353,Q110290793,,,,,,,,,,,,,,,,,,,,,,,,,,,,,,,,,,,,,,,,,,,,,I00400575
Q145354,Q116054560,,,,,,,,,,,,,,,,,,,,,,,,,,,,,,,,,,,,,,,,,,,,,I00706313
Q145355,Q110388897,,,,,,,,,,,,,,,,,,,,,,,,,,,,,,,,,,,,,,,,,,,,,I00706012
Q145356,Q110413624,,,,,,,,,,,,,,,,,,,,,,,,,,,,,,,,,,,,,,,,,,,,,I00761855
Q145357,Q75958882,,,,,,,,,,,,,,,,,,,,,,,,,,,,,,,,,,,,,,,,,p43051.htm#i430506,,,,I00467171
Q145358,Q75958884,,,,,,,,,,,,,,,,,,,,,,,,,,,,,,,,,,,,,,,,,p43051.htm#i430508,,,Hanmer-28,I00565088
Q145359,Q75958885,,,,,,,,,,,,,,,,,,,,,,,,,,,,,,,,,,,,,,,,,p43051.htm#i430509,,,,
Q145360,Q75958883,,,,,,,,,,,,,,,,,,,,,,,,,,,,,,,,,,,,,,,,,p43051.htm#i430507,,,,
Q145361,Q110439554,,,,,,,,,,,,,,,,,,,,,,,,,,,,,,,,,,,,,,,,,,,,,I00693092
Q145362,Q116054594,,,,,,,,,,,,,,,,,,,,,,,,,,,,,,,,,,,,,,,,,,,,,I00702222
Q145363,Q75958840,,,,,,,,,,,,,,,,,,,,,,,,,,,,,,,,,,,,,,,,,p43048.htm#i430474,,,,I00696186
Q145364,Q75958830,,,,,,,,,,,,,,,,,,,,,,,,,,,,,,,,,,,,,,,,,p43047.htm#i430467,,,,
Q145365,Q75958841,,,,,,,,,,,,,,,,,,,,,,,,,,,,,,,,,,,,,,,,,p43048.htm#i430475,,,Hanmer-53,I00612760
Q145366,Q130339239,,,,,,,,,,,,,,,,,,,,,,,,,,,,,,,,,,,,,,,,,,,,,I00701576
Q145367,Q130344029,,,,,,,,,,,,,,,,,,,,,,,,,,,,,,,,,,,,,,,,,,,,,I00759512
Q145368,Q76273220,,,,,,,,,,,,,,,,,,,,,,,,,,,,,,,,,,,,,,,,,p65426.htm#i654260,,,,I00706011|I00711624
Q145369,Q56178921,,,,,,,,,,,,,,,,,,,,,,,,,,,,,,,,,,,,,,,,,p65424.htm#i654232,Ieuan_ab_Adda_(1),,,I00700005
Q145370,Q75961235,,,,,,,,,,,,,,,,,,,,,,,,,,,,,,,,,,,,,,,,,p65424.htm#i654231|p43222.htm#i432216,"Ieuan_""Fychan""_ab_Ieuan_(1)",,,I00696165
Q145371,Q116054485,,,,,,,,,,,,,,,,,,,,,,,,,,,,,,,,,,,,,,,,,,,,,I00699984
Q145372,Q116468936,,,,,,,,,,,,,,,,,,,,,,,,,,,,,,,,,,,,,,,,,,,,,I00758986
Q145373,Q110413607,,,,,,,,,,,,,,,,,,,,,,,,,,,,,,,,,,,,,,,,,,,,,I00706793
Q145374,Q110413590,,,,,,,,,,,,,,,,,,,,,,,,,,,,,,,,,,,,,,,,,,,,,I00711678
Q145375,Q110585240,,,,,,,,,,,,,,,,,,,,,,,,,,,,,,,,,,,,,,,,,,,,,I00706773
Q145376,Q130359021,,,,,,,,,,,,,,,,,,,,,,,,,,,,,,,,,,,,,,,,,,,,,I00700224
Q145377,Q110636706,,,,,,,,,,,,,,,,,,,,,,,,,,,,,,,,,,,,,,,,,,,,,I00754755
Q145378,Q110636683,,,,,,,,,,,,,,,,,,,,,,,,,,,,,,,,,,,,,,,,,,,,,I00754742
Q145379,Q110635488,,,,,,,,,,,,,,,,,,,,,,,,,,,,,,,,,,,,,,,,,,,,,I00465371
Q145380,Q110290194,,,,,,,,,,,,,,,,,,,,,,,,,,,,,,,,,,,,,,,,,,,,,I00699987
Q145381,Q110636324,,,,,,,,,,,,,,,,,,,,,,,,,,,,,,,,,,,,,,,,,,,,,I00705533
Q145382,Q116477906,,,,,,,,,,,,,,,,,,,,,,,,,,,,,,,,,,,,,,,,,,,,,I00775874
Q145383,Q110290205,,,,,,,,,,,,,,,,,,,,,,,,,,,,,,,,,,,,,,,,,,,,,I00699989
Q145384,Q110441755,,,,,,,,,,,,,,,,,,,,,,,,,,,,,,,,,,,,,,,,,,,,,I00750932
Q145385,Q110582436,,,,,,,,,,,,,,,,,,,,,,,,,,,,,,,,,,,,,,,,,,,,,I00706220
Q145386,Q110413693,,,,,,,,,,,,,,,,,,,,,,,,,,,,,,,,,,,,,,,,,,,,,I00760965
Q145387,Q116812402,,,,,,,,,,,,,,,,,,,,,,,,,,,,,,,,,,,,,,,,,,,,,I00760551
Q145388,Q133462379,,,,,,,,,,,,,,,,,,,,,,,,,,,,,,,,,,,,,,,,,,,,,I00759273
Q145389,Q63344937,,,,,,,,,,,,,,,,,,,,,,,,,,,,,,,,,,,,,,,,,,,,,I00174781
Q145390,Q103565801,,,,,,,,,,,,,,,,,,,,,,,,,,,,,,,,,,,,,,,,,,,,,I00174782
Q145391,Q63183632,,,,,,,,,,,,,,,,,,,,,,,,,,,,,,,,,,,,,,,,,,,,,
Q145392,Q63348498,,,,,,,,,,,,,,,,,,,,,,,,,,,,,,,,,,,,,,,,,p6250.htm#i62499,,,Marshal-34,I00684961
Q145393,Q75418765,,,,,,,,,,,,,,,,,,,,,,,,,,,,,,,,,,,,,,,,,p12962.htm#i129617,,,,
Q145394,Q76304930,,,,,,,,,,,,,,,,,,,,,,,,,,,,,,,,,,,,,,,,,p67588.htm#i675873,,,Marshal-103,
Q145395,Q75921796,,,,,,,,,,,,,,,,,,,,,,,,,,,,,,,,,,,,,,,,,,,,,
Q145396,Q75957824,,,,,,,,,,,,,,,,,,,,,,,,,,,,,,,,,,,,,,,,,p42973.htm#i429726,,,Clare-919,
Q145397,Q887822,,,,,,,,,,,,,,,,,,I5122,,,,,,,,,,,p=diarmait;n=macmurchada,,,,,,,,,,,,p10287.htm#i102863,Dermot_MacMurrough_(2),,MacMurrough-19,I00106203
Q145398,Q6950281,,,,,,,,,,,,,,,,,,I5123,,,,,,,,,,,p=mor ingen muirchertaig;n=o toole,,,,,,,,,,,,p41237.htm#i412368,More_O'Toole_(1),,O'Toole-30,I00439486
Q145399,Q3802318,,,,,,,,,,,,,,,,,,,,,,,,,,,,,p=isabella;n=of scotland,,,,,,,,,,,,p10530.htm#i105291,Isabella_of_Scotland_(2),,Scotland-38,I00002895
Q145400,Q7357865,,,,,,,,,,,,,,,,,,I5497,,,,,,,,,704929,,p=roger;n=bigod;oc=5,,,,,,,,,,,,p43905.htm#i439045,Roger_Bigod_(8),,Bigod-69,I00243617
Q145401,Q75247989,,,,,,,,,,,,,,,,,,,,,,,,,,,,,,,,,,,,,,,,,p909.htm#i9089,,,Bigod-70,I00340655
Q145402,Q76308485,,,,,,,,,,,,,,,,,,,,,,,,,,,,,,,,,,,,,,,,,p67821.htm#i678203,,,Bigod-65,I00413669
Q145403,Q16863340,,,,,,,,,,,,,,,,,,,,,,,,,,,124957,,p=william;n=de warenne;oc=4,,,,,,,,,,,,p357.htm#i3562,William_de_Warenne_(1),,Warenne-14,I00015387
Q145404,Q71819975,,,,,,,,,,,,,,,,,,,,,,,,,,,1305728,,p=eleanor;n=de warenne,,,,,,,,,,,,p15150.htm#i151499,Eleanor_de_Warenne_(1),,Warenne-11,I00015411
Q145405,Q75519882,,,,,,,,,,,,,,,,,,,,,,,,,,,,,,,,,,,,,,,,,p19079.htm#i190786,,,,
Q145406,Q75519883,,,,,,,,,,,,,,,,,,,,,,,,,,,,,,,,,,,,,,,,,p19079.htm#i190787,,,,
Q145407,Q4769362,,,,,,,,,,,,,,,,,,,,,,,,,,,,,p=isabel;n=de warenne,,,,,,,,,,,,p10249.htm#i102489,Isabel_de_Warrenne_(1),,Warenne-88,I00015430
Q145408,Q75252489,,,,,,,,,,,,,,,,,,,,,,,,,,,,,,,,,,,,,,,,,p1291.htm#i12903,,,,
Q145409,Q61963613,,,,,,,,G8Y5-Y7S,,,,,,,,,,I5423,,,,,,,,,,,,,,,,,,,,,,,p4271.htm#i42705,,,Quincy-233,I00139390
Q145410,Q3783760,,,,,,,,,,,,,,,,,,I5422,,,,,,,,,,,,,,,,,,,,,,,p4271.htm#i42704,Hawise_Unknown_(25),,Kevelioc-9,I00027710
Q145411,Q75291739,,,,,,,,,,,,,,,,,,I5419,,,,,,,,,,,,,,,,,,,,,,,p4271.htm#i42708,,,Wiltshire-17,I00027209
Q145412,Q5339948,,,,,,,,,,,,,,,,,,I5420,,,,,,,,,1062021,,p=edmund;n=de lacy,,,,,,,,,,,,p4271.htm#i42709,Edmund_de_Lacy_(1),,Lacy-220,I00148749
Q145413,Q1877403,,,,,,,,,,,,,,,,,,,,,,,,,,,895377,,p=constance;n=de bearn,,,,,,,,,,,,p10683.htm#i106830,Constance_of_Montcada_(1),,Béarne-21,I00139238
Q145414,Q3940122,,,,,,,,,,,,,,,,,,I4668,,,,,,,,,48984,,p=roger;n=de quincy,,,,,,,,,,,,p487.htm#i4866,"Roger_de_Quincy,_2nd_Earl_of_Winchester_(2)",,Quincy-101,I00027689
Q145415,Q1451345,,,,,,,,,,,,,,,,,,,,,,,,,,,,,p=alain;n=de dinan;oc=1,,,,,,,,,,,,p21590.htm#i215897|p41193.htm#i411921,Alain_de_Vitré_(1),,Vitre-2,I00178110
Q145416,Q75565565,,,,,,,,,,,,,,,,,,,,,,,,,,,,,p=clemence;n=de fougeres;oc=1,,,,,,,,,,,,p21589.htm#i215885,Clemence_de_Fougères_(1),,Fougères-26,I00178111
Q145418,Q55348249,,,,,,,,,,,,,,,,,,,,,,,,,,,1237425,,p=gervaise;n=de mayenne,,,,,,,,,,,,,Jeanne_de_Mayenne_(1),,Mayenne-25,I00111107
Q145419,Q108294481,,,,,,,,,,,,,,,,,,,,,,,,,,,590059,,p=marguerite;n=de mayenne,,,,,,,,,,,,,Marguerite_De_Mayenne_(1),,Mayenne-28,I00296674
Q145420,Q107315159,,,,,,,,,,,,,,,,,,,,,,,,,,,651916,,p=isabelle;n=de mayenne,,,,,,,,,,,,,,,Mayenne-27,I00296676
Q145421,Q72391178,,,,,,,,,,,,,,,,,,,,,,,,,,,,,,,,,,,,,,,,,p4268.htm#i42679,,,Meschines-40,I00027711
Q145422,Q18049336,,,,,,,,,,,,,,,,,,I4667,,,,,,,,,,,,,,,,,,,,,,,p12963.htm#i129626,,,Quincy-68,I00027701
Q145423,Q17904824,,,,,,,,,,,,,,,,,,,,,,,,,,,,,p=william;n=ferrers;oc=3,,,,,,,,,,,,p3816.htm#i38160,William_de_Ferrers_(4),,Ferrers-37,I00177539
Q145424,Q72383304,,,,,,,,,,,,,,,,,,I4743,,,,,,,,,,,,,,,,,,,,,,,p4177.htm#i41766,,,Ferrers-378,I00054201
Q145425,Q75400632,,,,,,,,,,,,,,,,,,I4663,,,,,,,,,,,,,,,,,,,,,,,p11863.htm#i118625,,,,I00140367
Q145426,Q96244468,,,,,,,,,,,,,,,,,,,,,,,,,,,651363,,p=aimery;n=de rochechouart;oc=9,,,,,,,,,,,,,,,,I00208046
Q145427,Q75400631,,,,,,,,,,,,,,,,,,I4662,,,,,,,,,,,,,,,,,,,,,,,p11863.htm#i118624,,,,I00191868
Q145428,Q75431416,,,,,,,,,,,,,,,,,,,,,,,,,,,,,,,,,,,,,,,,,p13744.htm#i137440,,,,
Q145429,Q75431414,,,,,,,,,,,,,,,,,,,,,,,,,,,,,,,,,,,,,,,,,p13744.htm#i137439,,,Bohun-161,
Q145430,Q75382744,,,,,,,,,,,,,,,,,,,,,,,,,,,,,,,,,,,,,,,,,p10293.htm#i102922,,,Aguillon-5,I00139511
Q145431,Q75541509,,,,,,,,,,,,,,,,,,,,,,,,,,,,,,,,,,,,,,,,,p20353.htm#i203521,,,Mohun-158,I00125471
Q145432,Q76199357,,,,,,,,,,,,,,,,,,,,,,,,,,,,,,,,,,,,,,,,,p59878.htm#i598779,,,,
Q145433,Q76371023,,,,,,,,,,,,,,,,,,,,,,,,,,,,,,,,,,,,,,,,,p71755.htm#i717550,,,,
Q145434,Q8020833,,,,,,,,,,,,,,,,,,,,,,,,,,,,,p=william;n=de vesci,,,,,,,,,,,,p4268.htm#i42674,William_de_Vescy_(1),,Vesci-15,I00370348
Q145435,Q6265662,,,,,,,,,,,,,,,,,,,,,,,,,,,,,p=john;n=de vesci,,,,,,,,,,,,p4196.htm#i41954,John_de_Vescy_(1),,Vescy-1,I00485778
Q145436,Q8020834,,,,,,,,,,,,,,,,,,,,,,,,,,,,,,,,,,,,,,,,,p4207.htm#i42069,,,Vesci-18,
Q145437,Q75291631,,,,,,,,,,,,,,,,,,,,,,,,,,,,,,,,,,,,,,,,,p4266.htm#i42659,,,Vesci-5,
Q145438,Q20639023,,,,,,,,,,,,,,,,,,,,,,,,,,,,,p=agnes;n=de valence,,,,,,,,,,,,p10783.htm#i107828,Agnes_de_Valence_(1),,Valence-16,I00534709|I00572058
Q145439,Q75811932,,,,,,,,,,,,,,,,,,,,,,,,,,,,,p=john;n=de lusignan,,,,,,,,,,,,p34408.htm#i344077,Jean_Unknown_(212),,De_Valence-18,I00279475
Q145440,Q76208450,,,,,,,,,,,,,,,,,,,,,,,,,,,,,p=guillaume;n=de valence,,,,,,,,,,,,p60506.htm#i605060,Guillaume_de_Valence_(1),,Valence-13,I00279476
Q145441,Q76299905,,,,,,,,,,,,,,,,,,,,,,,,,,,,,p=margaret;n=de lusignan,,,,,,,,,,,,p67257.htm#i672563,Marguerite_de_Valence_(1),,De_Valence-19,I00279474
Q145442,Q116146147,,,,,,,,,,,,,,,,,,,,,,,,,,,,,,,,,,,,,,,,,,,,,I00752294
Q145444,Q257036,,,,,,,,,,,,,,,,,,I1487,,,,,,,,,13001,,p=hugues;n=de lusignan,,,,,,,,,,,,p10681.htm#i106806,Hugh_X_of_Lusignan_(1),,Lusignan-2,I00008715
Q145445,Q64860123,,,,,,,,,,,,,,,,,,,,,,,,,,,651888,,p=geoffroi;n=de lusignan,,,,,,,,,,,,p10462.htm#i104615,Geoffrey_De_Lusignan_(1),,Lusignan-23,I00064444
Q145446,Q75384411,,,,,,,,,,,,,,,,,,,,,,,,,,,968967,,p=marguerite;n=de lusignan,,,,,,,,,,,,p10462.htm#i104616,Marguerite_De_Lusignan|Marguerite_De_Lusignan_(2),,Lusignan-24,I00064438
Q145447,Q75384413,,,,,,,,,,,,,,,,,,,,,,,,,,,1202415,,p=agathe;n=de lusignan;oc=1,,,,,,,,,,,,p10462.htm#i104618,Agatha_De_Lusignan_(1),,Lusignan-48,I00064446
Q145448,Q102833037,,,,,,,,,,,,,,,,,,,,,,,,,,,392137,,p=maurice;n=de craon;oc=4,,,,,,,,,,,,,Maurice_de_Craon_(5)|Maurice_Unknown_(7),,Craon-41,I00064440
Q145449,Q106815383,,,,,,,,,,,,,,,,,,,,,,,,,,,376337,,p=amaury;n=de craon;oc=4,,,,,,,,,,,,,,,Craon-44,I00113056
Q145450,Q111443330,,,,,,,,,,,,,,,,,,,,,,,,,,,376335,,p=jeanne;n=de craon;oc=2,,,,,,,,,,,,,,,,I00296519
Q145451,Q16863328,,,,,,,,,,,,,,,,,,,,,,,,,,,405656,,p=maurice;n=de craon;oc=6,,,,,,,,,,,,p12015.htm#i120144,Maurice_de_Craon_(4)|Maurice_Unknown_(5),,Craon-32,I00124691
Q145452,Q6655820,,,,,,,,,,,,,,,,,,,,,,,,,,,,,p=marie;n=de chatillon;oc=18,,,,,,,,,,,,p70908.htm#i709072,Marie_de_St_Pol_(1),,Chatillon-57,I00279479
Q145453,Q111423892,,,,,,,,,,,,,,,,,,,,,,,,,,,,,p=jeanne;n=de clermont nesle,,,,,,,,,,,,,,,Clermont-101,I00279478
Q145455,Q432429,,,,,,,,,,,,,,,,,,,,,,,,,,,309909,,p=hugues;n=de lusignan;oc=11,,,,,,,,,,,,p39829.htm#i398287,Hugh_Lusignan_(3),,Lusignan-4,I00013428
Q145456,Q4726173,,,,,,,,,,148794805,,,,,,,,I4767,,,,,,,,,,,p=alice;n=de lusignan;oc=1,,,,,,,,,,,,p10300.htm#i102996,Alice_de_Lusignan_(3),,Lusignan-82,I00027887
Q145457,Q75280407,,,,,,,,,,,,,,,,,,,,,,,,,,,,,p=marie;n=de lusignan;oc=13,,,,,,,,,,,,p3451.htm#i34502,Mary_Lusignan_(2),,Lusignan-97,I00139196
Q145458,Q111535335,,,,,,,,,,,,,,,,,,,,,,,,,,,,,p=isabelle;n=de lusignan;oc=2,,,,,,,,,,,,,,,,
Q145459,Q3846916,,,,,,,,,,,,,,,,,,,,,,,,,,,866737,,p=margherita;n=aldobrandeschi;oc=1,,,,,,,,,,,,p10684.htm#i106839,,,Aldobrandeschi-1,I00121971
Q145460,Q4751900,,,,,,,,,,,,,,,,,,,,,,,,,,,866739,,p=anastasie;n=de montfort,,,,,,,,,,,,p4176.htm#i41752,,,Montfort-43,I00079823
Q145461,Q75290437,,,,,,,,,,,,,,,,,,,,,,,,,,,,,,,,,,,,,,,,,p4176.htm#i41754,,,De_MONTFORT-162,I00121975
Q145462,Q1392290,,,,,,,,,,,,,,,,,,,,,,,,,,,11639,,p=robert;n=de bethune;oc=5,,,,,,,,,,,,p4887.htm#i48863,Robert_de_Béthune_(1),,Bethune-27,I00122016
Q145463,Q75301492,,,,,,,,,,,,,,,,,,,,,,,,,,,11640,,p=elise;n=de saint pol,,,,,,,,,,,,p4888.htm#i48876,Adelaide_Unknown_(84),,St Pol-4,I00122017
Q145464,Q5659,,,,,,,,,,,,,,,,,,,,,,,,,,,,,p=conan;n=de bethune,,,,,,,,,,,,,Conon_de_Béthune_(1),,,I00705213
Q145465,Q1685923,,,,,,,,,,,,,,,,,,,,,,,,,,,,,p=jean;n=de bethune;oc=5,,,,,,,,,,,,,,,,
Q145466,Q2338699,,,,,,,,,,,,,,,,,,,,,,,,,,,11646,,p=guillaume;n=de bethune;oc=2,,,,,,,,,,,,,Guillaume_de_Béthune_(1),,Bethune-26,I00029145
Q145467,Q1553949,,,,,,,,,,,,,,,,,,,,,,,,,,,,,p=guillaume;n=de forz,,,,,,,,,,,,p4886.htm#i48860,William_de_Fortibus_(1),,Forz-2,I00315263
Q145468,Q2581200,,,,,,,,,,,,,,,,,,,,,,,,,,,,,p=william;n=de mandeville;oc=1,,,,,,,,,,,,p4886.htm#i48859,William_Mandeville_(1),,Mandeville-24,I00315261
Q145469,Q7606061,,,,,,,,,,,,,,,,,,,,,,,,,,,,,,,,,,,,,,,,,p550.htm#i5494,"William_de_Forz,_3rd_Earl_of_Albemarle_(1)",,Forz-1,I00385643
Q145470,Q112964627,,,,,,,,,,,,,,,,,,,,,,,,,,,,,,,,,,,,,,,,,,,,Hastings-629,I00140353
Q145471,Q112964635,,,,,,,,,,,,,,,,,,,,,,,,,,,,,,,,,,,,,,,,,,,,,I00140354
Q145472,Q18531155,,,,,,,,,,,,,,,,,,,,,,,,,,,530847,,p=william;n=harcourt;oc=1,,,,,,,,,,,,p24434.htm#i244337,William_De_Harcourt_(5),,Harcourt-76,I00029004
Q145473,Q18783908,,,,,,,,,,,,,,,,,,,,,,,,,,,,,p=richard;n=harcourt;oc=1,,,,,,,,,,,,p12941.htm#i129409,,,Harcourt-43,I00029011
Q145474,Q61490798,,,,,,,,,,,,,,,,,,,,,,,,,,,,,p=henry;n=de brechin,,,,,,,,,,,,p10775.htm#i107743,,,Huntingdon-100,I00437064
Q145475,Q75508000,,,,,,,,,,,,,,,,,,,,,,,,,,,,,,,,,,,,,,,,,p18381.htm#i183808,Unknown_Huntingdon_(1),,,
Q145476,Q75387852,,,,,,,,,,,,,,,,,,,,,,,,,,,,,,,,,,,,,,,,,p10775.htm#i107742,,,,I00437062
Q145477,Q75387853,,,,,,,,,,,,,,,,,,,,,,,,,,,,,p=ada;n=of scotland;oc=3,,,,,,,,,,,,p10775.htm#i107746,,,Huntingdon-115,I00437063
Q145478,Q75387857,,,,,,,,,,,,,,,,,,,,,,,,,,,,,,,,,,,,,,,,,p10775.htm#i107749,,,Huntingdon-101,
Q145479,Q75387859,,,,,,,,,,,,,,,,,,,,,,,,,,,,,p=robert;n=of scotland,,,,,,,,,,,,p10776.htm#i107752,Robert_Huntingdon_(3),,Dunkeld-23,I00027707
Q145480,Q75387876,,,,,,,,,,,,,,,,,,,,,,,,,,,,,p=maud;n=of scotland,,,,,,,,,,,,p10778.htm#i107775,Matilda_Huntingdon_(8),,,I00027709
Q145481,Q75387869,,,,,,,,,,,,,,,,,,,,,,,,,,,,,p=henry;n=of scotland;oc=1,,,,,,,,,,,,p10777.htm#i107765,Henry_Huntingdon_(7),,Dunkeld-19,I00027708
Q145482,Q76012191,,,,,,,,,,,,,,,,,,,,,,,,,,,113011,,,,,,,,,,,,,,p46644.htm#i466433,,,Scotland-688,
Q145485,Q75757719,,,,,,,,,,,,,,,,,,,,,,,,,,,,,,,,,,,,,,,,,p31880.htm#i318800,,,Foliot-27,I00135227
Q145486,Q75677176,,,,,,,,,,,,,,,,,,,,,,,,,,,,,,,,,,,,,,,,,p28477.htm#i284766|p67517.htm#i675162,,,Hastings-275,I00135228
Q145487,Q75677174,,,,,,,,,,,,,,,,,,,,,,,,,,,,,,,,,,,,,,,,,p28477.htm#i284765,,,Hastings-2907,
Q145488,Q75947987,,,,,,,,,,,,,,,,,,,,,,,,,,,,,,,,,,,,,,,,,p42252.htm#i422513,,,,
Q145489,Q75953803,,,,,,,,,,,,,,,,,,,,,,,,,,,,,,,,,,,,,,,,,p42679.htm#i426783,,,,
Q145490,Q75953800,,,,,,,,,,,,,,,,,,,,,,,,,,,,,,,,,,,,,,,,,p68878.htm#i688778|p42679.htm#i426781,,,,I00573511
Q145491,Q18879808,,,,,,,,,,,,,,,,,,,,,,,,,,,,,,,,,,,,,,,,,p13740.htm#i137398,,,Leybourne-14,
Q145492,Q6500641,,,,,,,,,,,,,,,,,,,,,,,,,,,,,,,,,,,,,,,,,p207.htm#i2066,Laurence_Hastings_(5),,Hastings-131,
Q145493,Q7358266,,,,,,,,,,,,,,,,,,,,,,,,,,,,,,,,,,,,,,,,,p4051.htm#i40502,Roger_Grey_(4),,Grey-169,I00127835
Q145494,Q7308717,,,,,,,,,,,,,,,,,,,,,,,,,,,,,,,,,,,,,,,,,p13795.htm#i137949,Reginald_Grey_(7),,Grey-8,I00026856
Q145495,Q75559821,,,,,,,,,,,,,,,,,,,,,,,,,,,,,,,,,,,,,,,,,p21260.htm#i212594,,,Grey-172,
Q145496,Q75612205,,,,,,,,,,,,,,,,,,,,,,,,,,,,,,,,,,,,,,,,,p24434.htm#i244339,,,,
Q145497,Q106686249,,,,,,,,,,,,,,,,,,,,,,,,,,,,,,,,,,,,,,,,,,,,,I00623791
Q145498,Q113633082,,,,,,,,,,,,,,,,,,,,,,,,,,,,,,,,,,,,,,,,,,,,Grey-65,I00337562
Q145499,Q76018785,,,,,,,,,,,,,,,,,,,,,,,,,,,,,,,,,,,,,,,,,p47145.htm#i471441,,,,
Q145500,Q76018786,,,,,,,,,,,,,,,,,,,,,,,,,,,,,,,,,,,,,,,,,p47145.htm#i471442,,,,
Q145501,Q76018791,,,,,,,,,,,,,,,,,,,,,,,,,,,,,,,,,,,,,,,,,p47145.htm#i471446,,,Martin-4577,
Q145502,Q76018796,,,,,,,,,,,,,,,,,,,,,,,,,,,,,,,,,,,,,,,,,p47145.htm#i471449,,,,
Q145503,Q75746953,,,,,,,,,,,,,,,,,,,,,,,,,,,,,,,,,,,,,,,,,p31355.htm#i313545,,,Russell-4692,
Q145504,Q4198269,,,,,,,,,,,,,,,,,,,,,,,,,,,,,,,,,,,,,,,,,p70614.htm#i706134,Isabella_of_Menteith_(1),,Mentieth-14,
Q145505,Q76238125,,,,,,,,,,,,,,,,,,,,,,,,,,,,,,,,,,,,,,,,,p62800.htm#i627996,,,Latimer-41,I00734529
Q145506,Q76238126,,,,,,,,,,,,,,,,,,,,,,,,,,,,,,,,,,,,,,,,,p62800.htm#i627997,,,Ledet-11,I00734530
Q145507,Q75453803,,,,,,,,,,,,,,,,,,,,,,,,,,,,,,,,,,,,,,,,,p15183.htm#i151823,,,Warre-7,I00385464
Q145508,Q76238135,,,,,,,,,,,,,,,,,,,,,,,,,,,,,,,,,,,,,,,,,p62801.htm#i628004,,,,I00422646
Q145509,Q76238128,,,,,,,,,,,,,,,,,,,,,,,,,,,,,,,,,,,,,,,,,p62800.htm#i627998,,,,
Q145510,Q76018778,,,,,,,,,,,,,,,,,,,,,,,,,,,,,,,,,,,,,,,,,p47144.htm#i471436,,,,
Q145511,Q76238130,,,,,,,,,,,,,,,,,,,,,,,,,,,,,,,,,,,,,,,,,p62800.htm#i628000,,,,
Q145512,Q76238134,,,,,,,,,,,,,,,,,,,,,,,,,,,,,,,,,,,,,,,,,p62801.htm#i628003,,,,
Q145513,Q8012795,,,,,,,,,,,,,,,,,,,,,,,,,,,1450369,,,,,,,,,,,,,,,William_de_Cantilupe_(1),,Cantilupe-2,I00484719
Q145514,Q101166445,,,,,,,,,,,,,,,,,,,,,,,,,,,,,,,,,,,,,,,,,,,,,I00573524
Q145515,Q101165226,,,,,,,,,,,,,,,,,,,,,,,,,,,,,,,,,,,,,,,,,,,,,I00439390
Q145516,Q105769427,,,,,,,,,,,,,,,,,,,,,,,,,,,,,,,,,,,,,,,,,,,,Cantilupe-72,I00199031
Q145517,Q116180092,,,,,,,,,,,,,,,,,,,,,,,,,,,,,,,,,,,,,,,,,,,,,I00573561
Q145518,Q101166455,,,,,,,,,,,,,,,,,,,,,,,,,,,1093036,,p=hugues;n=de gournay;oc=2,,,,,,,,,,,,,Hugues_de_Gournay_(1),,Gournay-45,I00427310
Q145519,Q110662771,,,,,,,,,,,,,,,,,,,,,,,,,,,,,,,,,,,,,,,,,,,,,I00706085
Q145520,Q110662773,,,,,,,,,,,,,,,,,,,,,,,,,,,,,,,,,,,,,,,,,,,,,I00751520
Q145521,Q116055572,,,,,,,,,,,,,,,,,,,,,,,,,,,,,,,,,,,,,,,,,,,,,I00760956
Q145522,Q110583083,,,,,,,,,,,,,,,,,,,,,,,,,,,,,,,,,,,,,,,,,,,,Ferch_Madog_Goch-1,I00750980
Q145523,Q110662753,,,,,,,,,,,,,,,,,,,,,,,,,,,,,,,,,,,,,,,,,,,,,I00751510
Q145524,Q110662754,,,,,,,,,,,,,,,,,,,,,,,,,,,,,,,,,,,,,,,,,,,,,I00751507
Q145525,Q110635206,,,,,,,,,,,,,,,,,,,,,,,,,,,,,,,,,,,,,,,,,,,,,I00752952
Q145526,Q110290367,,,,,,,,,,,,,,,,,,,,,,,,,,,,,,,,,,,,,,,,,,,,,I00708165
Q145527,Q110441477,,,,,,,,,,,,,,,,,,,,,,,,,,,,,,,,,,,,,,,,,,,,,I00753005
Q145528,Q116477683,,,,,,,,,,,,,,,,,,,,,,,,,,,,,,,,,,,,,,,,,,,,,I00753266
Q145529,Q110290481,,,,,,,,,,,,,,,,,,,,,,,,,,,,,,,,,,,,,,,,,,,,,I00706095
Q145530,Q110635331,,,,,,,,,,,,,,,,,,,,,,,,,,,,,,,,,,,,,,,,,,,,,I00706091
Q145531,Q130341458,,,,,,,,,,,,,,,,,,,,,,,,,,,,,,,,,,,,,,,,,,,,,I00754857
Q145532,Q110290611,,,,,,,,,,,,,,,,,,,,,,,,,,,,,,,,,,,,,,,,,,,,,I00749688
Q145533,Q116477679,,,,,,,,,,,,,,,,,,,,,,,,,,,,,,,,,,,,,,,,,,,,,I00754831
Q145534,Q99302487,,,,,,,,,,,,,,,,,,,,,,,,,,,,,,,,,,,,,,,,,,,,,I00706349
Q145535,Q110290178,,,,,,,,,,,,,,,,,,,,,,,,,,,,,,,,,,,,,,,,,,,,,I00753019
Q145536,Q105819545,,,,,,,,,,,,,,,,,,,,,,,,,,,,,,,,,,,,,,,,,,,,,I00702947
Q145537,Q116812159,,,,,,,,,,,,,,,,,,,,,,,,,,,,,,,,,,,,,,,,,,,,,I00715024
Q145538,Q127225277,,,,,,,,,,,,,,,,,,,,,,,,,,,,,,,,,,,,,,,,,,,,,I00702938
Q145539,Q97532008,,,,,,,,,,,,,,,,,,,,,,,,,,,,,,,,,,,,,,,,,,,,,I00705656
Q145540,Q116812611,,,,,,,,,,,,,,,,,,,,,,,,,,,,,,,,,,,,,,,,,,,,,I00760484
Q145541,Q97532223,,,,,,,,,,,,,,,,,,,,,,,,,,,,,,,,,,,,,,,,,,,,,I00708863
Q145542,Q116812101,,,,,,,,,,,,,,,,,,,,,,,,,,,,,,,,,,,,,,,,,,,,,I00776450
Q145543,Q122260685,,,,,,,,,,,,,,,,,,,,,,,,,,,,,,,,,,,,,,,,,,,,,I00752299
Q145544,Q116812125,,,,,,,,,,,,,,,,,,,,,,,,,,,,,,,,,,,,,,,,,,,,,I00776385
Q145545,Q116812261,,,,,,,,,,,,,,,,,,,,,,,,,,,,,,,,,,,,,,,,,,,,,I00777374
Q145546,Q116812278,,,,,,,,,,,,,,,,,,,,,,,,,,,,,,,,,,,,,,,,,,,,,I00777355
Q145547,Q130358962,,,,,,,,,,,,,,,,,,,,,,,,,,,,,,,,,,,,,,,,,,,,,I00696885
Q145548,Q116052897,,,,,,,,,,,,,,,,,,,,,,,,,,,,,,,,,,,,,,,,,,,,,I00759462
Q145549,Q116055622,,,,,,,,,,,,,,,,,,,,,,,,,,,,,,,,,,,,,,,,,,,,,I00764232
Q145550,Q110662791,,,,,,,,,,,,,,,,,,,,,,,,,,,,,,,,,,,,,,,,,,,,,I00385305
Q145551,Q116812380,,,,,,,,,,,,,,,,,,,,,,,,,,,,,,,,,,,,,,,,,,,,,I00706600
Q145552,Q110383288,,,,,,,,,,,,,,,,,,,,,,,,,,,,,,,,,,,,,,,,,,,,,I00708675
Q145553,Q110413673,,,,,,,,,,,,,,,,,,,,,,,,,,,,,,,,,,,,,,,,,,,,,I00709882
Q145554,Q110413561,,,,,,,,,,,,,,,,,,,,,,,,,,,,,,,,,,,,,,,,,,,,,I00708983
Q145555,Q110637001,,,,,,,,,,,,,,,,,,,,,,,,,,,,,,,,,,,,,,,,,,,,,I00708724
Q145556,Q130358735,,,,,,,,,,,,,,,,,,,,,,,,,,,,,,,,,,,,,,,,,,,,,I00575478
Q145557,Q130358482,,,,,,,,,,,,,,,,,,,,,,,,,,,,,,,,,,,,,,,,,,,,,I00709984
Q145558,Q130359005,,,,,,,,,,,,,,,,,,,,,,,,,,,,,,,,,,,,,,,,,,,,,I00710045
Q145559,Q116146094,,,,,,,,,,,,,,,,,,,,,,,,,,,,,,,,,,,,,,,,,,,,,I00774806
Q145560,Q112610893,,,,,,,,,,,,,,,,,,,,,,,,,,,,,,,,,,,,,,,,,,,,,I00700845
Q145561,Q130358426,,,,,,,,,,,,,,,,,,,,,,,,,,,,,,,,,,,,,,,,,,,,,I00790098
Q145562,Q130358966,,,,,,,,,,,,,,,,,,,,,,,,,,,,,,,,,,,,,,,,,,,,,I00709999
Q145563,Q130358972,,,,,,,,,,,,,,,,,,,,,,,,,,,,,,,,,,,,,,,,,,,,,I00701128
Q145564,Q116812306,,,,,,,,,,,,,,,,,,,,,,,,,,,,,,,,,,,,,,,,,,,,,I00777285
Q145565,Q110412987,,,,,,,,,,,,,,,,,,,,,,,,,,,,,,,,,,,,,,,,,,,,,I00696257
Q145566,Q133461617,,,,,,,,,,,,,,,,,,,,,,,,,,,,,,,,,,,,,,,,,,,,,I00803756
Q145567,Q133461302,,,,,,,,,,,,,,,,,,,,,,,,,,,,,,,,,,,,,,,,,,,,,I00713582
Q145568,Q133461595,,,,,,,,,,,,,,,,,,,,,,,,,,,,,,,,,,,,,,,,,,,,,I00803767
Q145569,Q99070439,,,,,,,,,,,,,,,,,,,,,,,,,,,,,,,,,,,,,,,,,,,,,I00700025
Q145570,Q110635330,,,,,,,,,,,,,,,,,,,,,,,,,,,,,,,,,,,,,,,,,,,,,I00751493
Q145571,Q116147165,,,,,,,,,,,,,,,,,,,,,,,,,,,,,,,,,,,,,,,,,,,,,I00767896
Q145572,Q133461633,,,,,,,,,,,,,,,,,,,,,,,,,,,,,,,,,,,,,,,,,,,,,I00586442
Q145573,Q133461630,,,,,,,,,,,,,,,,,,,,,,,,,,,,,,,,,,,,,,,,,,,,,I00696857
Q145574,Q110635500,,,,,,,,,,,,,,,,,,,,,,,,,,,,,,,,,,,,,,,,,,,,,I00706100
Q145575,Q104038582,,,,,,,,,,,,,,,,,,,,,,,,,,,,,,,,,,,,,,,,,,,,,I00699996
Q145576,Q116147038,,,,,,,,,,,,,,,,,,,,,,,,,,,,,,,,,,,,,,,,,,,,,I00709951
Q145577,Q116146783,,,,,,,,,,,,,,,,,,,,,,,,,,,,,,,,,,,,,,,,,,,,,I00709949
Q145578,Q116478708,,,,,,,,,,,,,,,,,,,,,,,,,,,,,,,,,,,,,,,,,,,,,I00751342
Q145579,Q131138742,,,,,,,,,,,,,,,,,,,,,,,,,,,,,,,,,,,,,,,,,,,,,I00775387
Q145580,Q116479497,,,,,,,,,,,,,,,,,,,,,,,,,,,,,,,,,,,,,,,,,,,,,I00757445
Q145581,Q116479492,,,,,,,,,,,,,,,,,,,,,,,,,,,,,,,,,,,,,,,,,,,,,I00755822
Q145582,Q111454106,,,,,,,,,,,,,,,,,,,,,,,,,,,,,,,,,,,,,,,,,,,,Ap_Gruffith-1,I00738673
Q145583,Q75382643,,,,,,,,,,,,,,,,,,,,,,,,,,,137735,,p=tomas;n=ap llywelyn,,,,,,,,,,,,p10282.htm#i102813,Thomas_Ap_(1),,Ap_Llewelyn-45,I00059415
Q145584,Q110428557,,,,,,,,,,,,,,,,,,,,,,,,,,,,,,,,,,,,,,,,,,,,,I00709829
Q145585,Q131346835,,,,,,,,,,,,,,,,,,,,,,,,,,,,,,,,,,,,,,,,,,,,,I00700228
Q145586,Q130358918,,,,,,,,,,,,,,,,,,,,,,,,,,,,,,,,,,,,,,,,,,,,,I00696905
Q145587,Q133461623,,,,,,,,,,,,,,,,,,,,,,,,,,,,,,,,,,,,,,,,,,,,,I00696855
Q145588,Q130359177,,,,,,,,,,,,,,,,,,,,,,,,,,,,,,,,,,,,,,,,,,,,,I00701140
Q145589,Q112610825,,,,,,,,,,,,,,,,,,,,,,,,,,,,,,,,,,,,,,,,,,,,,I00696666
Q145590,Q112610840,,,,,,,,,,,,,,,,,,,,,,,,,,,,,,,,,,,,,,,,,,,,,I00692413
Q145591,Q130359172,,,,,,,,,,,,,,,,,,,,,,,,,,,,,,,,,,,,,,,,,,,,,I00710088
Q145592,Q112610845,,,,,,,,,,,,,,,,,,,,,,,,,,,,,,,,,,,,,,,,,,,,,I00696899
Q145593,Q112610842,,,,,,,,,,,,,,,,,,,,,,,,,,,,,,,,,,,,,,,,,,,,,I00689765
Q145594,Q133461610,,,,,,,,,,,,,,,,,,,,,,,,,,,,,,,,,,,,,,,,,,,,,I00803752
Q145595,Q130358427,,,,,,,,,,,,,,,,,,,,,,,,,,,,,,,,,,,,,,,,,,,,,I00708695
Q145596,Q19502589,,,,,,,,,,,,,,,,,,,,,,,,,,,,,,,,,,,,,,,,,p69045.htm#i690444,,,Dwinn-1,I00652107|I00692246
Q145597,Q116470849,,,,,,,,,,,,,,,,,,,,,,,,,,,,,,,,,,,,,,,,,,,,,I00765012
Q145598,Q7527727,,,,,,,,,,,,,,,,,,,,,,,,,,,,,,,,,,,,,,,,,p22282.htm#i222814,,,Ap_Gruffydd-74,I00259665
Q145599,Q130359281,,,,,,,,,,,,,,,,,,,,,,,,,,,,,,,,,,,,,,,,,,,,,I00774680
Q145600,Q130359283,,,,,,,,,,,,,,,,,,,,,,,,,,,,,,,,,,,,,,,,,,,,,I00774666
Q145601,Q130358413,,,,,,,,,,,,,,,,,,,,,,,,,,,,,,,,,,,,,,,,,,,,,I00802222
Q145602,Q99072626,,,,,,,,,,,,,,,,,,,,,,,,,,,,,,,,,,,,,,,,,,,,,I00756028
Q145603,Q116110811,,,,,,,,,,,,,,,,,,,,,,,,,,,,,,,,,,,,,,,,,,,,,I00756026
Q145604,Q131346907,,,,,,,,,,,,,,,,,,,,,,,,,,,,,,,,,,,,,,,,,,,,,I00805789
Q145605,Q99080629,,,,,,,,,,,,,,,,,,,,,,,,,,,,,,,,,,,,,,,,,,,,,I00708884
Q145606,Q99080635,,,,,,,,,,,,,,,,,,,,,,,,,,,,,,,,,,,,,,,,,,,,Bredwardine-1,I00618340
Q145607,Q7359053,,,,,,,,,,,,,,,,,,,,,,,,,,,,,,,,,,,,,,,,,p46025.htm#i460247|p64447.htm#i644462,,,Vaughan-184,I00041634
Q145608,Q116053020,,,,,,,,,,,,,,,,,,,,,,,,,,,,,,,,,,,,,,,,,,,,,I00736675
Q145609,Q116812096,,,,,,,,,,,,,,,,,,,,,,,,,,,,,,,,,,,,,,,,,,,,,I00709997
Q145610,Q112643784,,,,,,,,,,,,,,,,,,,,,,,,,,,,,,,,,,,,,,,,,,,,,I00711420
Q145611,Q110413103,,,,,,,,,,,,,,,,,,,,,,,,,,,,,,,,,,,,,,,,,,,,,I00705958
Q145612,Q130358741,,,,,,,,,,,,,,,,,,,,,,,,,,,,,,,,,,,,,,,,,,,,,I00705960
Q145613,Q112610839,,,,,,,,,,,,,,,,,,,,,,,,,,,,,,,,,,,,,,,,,,,,,I00696895
Q145614,Q112610859,,,,,,,,,,,,,,,,,,,,,,,,,,,,,,,,,,,,,,,,,,,,,I00700840
Q145615,Q133462347,,,,,,,,,,,,,,,,,,,,,,,,,,,,,,,,,,,,,,,,,,,,,I00761314
Q145616,Q130359115,,,,,,,,,,,,,,,,,,,,,,,,,,,,,,,,,,,,,,,,,,,,,I00761350
Q145617,Q130358662,,,,,,,,,,,,,,,,,,,,,,,,,,,,,,,,,,,,,,,,,,,,,I00709749
Q145618,Q116469846,,,,,,,,,,,,,,,,,,,,,,,,,,,,,,,,,,,,,,,,,,,,,I00748547
Q145619,Q110622300,,,,,,,,,,,,,,,,,,,,,,,,,,,,,,,,,,,,,,,,,,,,,I00751324
Q145620,Q116470776,,,,,,,,,,,,,,,,,,,,,,,,,,,,,,,,,,,,,,,,,,,,,I00753704
Q145621,Q130358480,,,,,,,,,,,,,,,,,,,,,,,,,,,,,,,,,,,,,,,,,,,,,I00760930
Q145622,Q110622255,,,,,,,,,,,,,,,,,,,,,,,,,,,,,,,,,,,,,,,,,,,,,I00764622
Q145623,Q130359332,,,,,,,,,,,,,,,,,,,,,,,,,,,,,,,,,,,,,,,,,,,,,I00789155
Q145624,Q130359411,,,,,,,,,,,,,,,,,,,,,,,,,,,,,,,,,,,,,,,,,,,,,I00802239
Q145625,Q130359287,,,,,,,,,,,,,,,,,,,,,,,,,,,,,,,,,,,,,,,,,,,,,I00774674
Q145626,Q112491210,,,,,,,,,,,,,,,,,,,,,,,,,,,,,,,,,,,,,,,,,,,,,I00702750
Q145627,Q75948438,,,,,,,,,,,,,,,,,,,,,,,,,,,,,,,,,,,,,,,,,p42286.htm#i422857,,,Mynors-2,I00752442
Q145628,Q112490912,,,,,,,,,,,,,,,,,,,,,,,,,,,,,,,,,,,,,,,,,,,,,I00754690
Q145629,Q131741072,,,,,,,,,,,,,,,,,,,,,,,,,,,,,,,,,,,,,,,,,,,,,I00291741
Q145630,Q122260697,,,,,,,,,,,,,,,,,,,,,,,,,,,,,,,,,,,,,,,,,,,,,I00752289
Q145631,Q110560173,,,,,,,,,,,,,,,,,,,,,,,,,,,,,,,,,,,,,,,,,,,,,I00752082
Q145632,Q110560162,,,,,,,,,,,,,,,,,,,,,,,,,,,,,,,,,,,,,,,,,,,,,I00736772
Q145633,Q122260690,,,,,,,,,,,,,,,,,,,,,,,,,,,,,,,,,,,,,,,,,,,,,I00776455
Q145634,Q116469594,,,,,,,,,,,,,,,,,,,,,,,,,,,,,,,,,,,,,,,,,,,,,I00766708
Q145635,Q116470865,,,,,,,,,,,,,,,,,,,,,,,,,,,,,,,,,,,,,,,,,,,,,I00763816
Q145636,Q116470891,,,,,,,,,,,,,,,,,,,,,,,,,,,,,,,,,,,,,,,,,,,,,I00764861
Q145637,Q116470886,,,,,,,,,,,,,,,,,,,,,,,,,,,,,,,,,,,,,,,,,,,,,I00764865
Q145638,Q110621995,,,,,,,,,,,,,,,,,,,,,,,,,,,,,,,,,,,,,,,,,,,,,I00641263
Q145639,Q110621880,,,,,,,,,,,,,,,,,,,,,,,,,,,,,,,,,,,,,,,,,,,,,I00641267
Q145640,Q28090710,,,,,,,,,,,,,,,,,,,,,,,,,,,,,,,,,,,,,,,,,p5395.htm#i53943,,,Graham-19829,I00316418
Q145641,Q116470950,,,,,,,,,,,,,,,,,,,,,,,,,,,,,,,,,,,,,,,,,,,,,I00762961
Q145642,Q110622004,,,,,,,,,,,,,,,,,,,,,,,,,,,,,,,,,,,,,,,,,,,,,I00580991
Q145643,Q110347240,,,,,,,,,,,,,,,,,,,,,,,,,,,,,,,,,,,,,,,,,,,,,I00707280
Q145644,Q110427962,,,,,,,,,,,,,,,,,,,,,,,,,,,,,,,,,,,,,,,,,,,,,I00704918
Q145645,Q112490536,,,,,,,,,,,,,,,,,,,,,,,,,,,,,,,,,,,,,,,,,,,,,I00175522
Q145646,Q116053023,,,,,,,,,,,,,,,,,,,,,,,,,,,,,,,,,,,,,,,,,,,,,I00736665
Q145647,Q116812524,,,,,,,,,,,,,,,,,,,,,,,,,,,,,,,,,,,,,,,,,,,,,I00754730
Q145648,Q116469776,,,,,,,,,,,,,,,,,,,,,,,,,,,,,,,,,,,,,,,,,,,,,I00697997
Q145649,Q116469631,,,,,,,,,,,,,,,,,,,,,,,,,,,,,,,,,,,,,,,,,,,,,I00444628
Q145650,Q116469689,,,,,,,,,,,,,,,,,,,,,,,,,,,,,,,,,,,,,,,,,,,,,I00702758
Q145651,Q110413754,,,,,,,,,,,,,,,,,,,,,,,,,,,,,,,,,,,,,,,,,,,,,I00752314
Q145652,Q116469665,,,,,,,,,,,,,,,,,,,,,,,,,,,,,,,,,,,,,,,,,,,,,I00586414
Q145653,Q130342843,,,,,,,,,,,,,,,,,,,,,,,,,,,,,,,,,,,,,,,,,,,,,I00708684
Q145654,Q105805909,,,,,,,,,,,,,,,,,,,,,,,,,,,,,,,,,,,,,,,,,,,,,I00700844
Q145655,Q130359331,,,,,,,,,,,,,,,,,,,,,,,,,,,,,,,,,,,,,,,,,,,,,I00789156
Q145656,Q130359325,,,,,,,,,,,,,,,,,,,,,,,,,,,,,,,,,,,,,,,,,,,,,I00802233
Q145657,Q99071353,,,,,,,,,,,,,,,,,,,,,,,,,,,,,,,,,,,,,,,,,,,,,I00705945
Q145658,Q130358605,,,,,,,,,,,,,,,,,,,,,,,,,,,,,,,,,,,,,,,,,,,,,I00755659
Q145659,Q130359173,,,,,,,,,,,,,,,,,,,,,,,,,,,,,,,,,,,,,,,,,,,,,I00710089
Q145660,Q133461794,,,,,,,,,,,,,,,,,,,,,,,,,,,,,,,,,,,,,,,,,,,,,I00708414
Q145661,Q110383165,,,,,,,,,,,,,,,,,,,,,,,,,,,,,,,,,,,,,,,,,,,,,I00708140
Q145662,Q110383166,,,,,,,,,,,,,,,,,,,,,,,,,,,,,,,,,,,,,,,,,,,,,I00740144
Q145663,Q110413593,,,,,,,,,,,,,,,,,,,,,,,,,,,,,,,,,,,,,,,,,,,,,I00711397
Q145664,Q110383112,,,,,,,,,,,,,,,,,,,,,,,,,,,,,,,,,,,,,,,,,,,,,I00762995
Q145665,Q116145636,,,,,,,,,,,,,,,,,,,,,,,,,,,,,,,,,,,,,,,,,,,,,I00732600
Q145666,Q110413747,,,,,,,,,,,,,,,,,,,,,,,,,,,,,,,,,,,,,,,,,,,,,I00752331
Q145667,Q105819577,,,,,,,,,,,,,,,,,,,,,,,,,,,,,,,,,,,,,,,,,,,,,I00714699
Q145668,Q130359235,,,,,,,,,,,,,,,,,,,,,,,,,,,,,,,,,,,,,,,,,,,,,I00801851
Q145669,Q99208469,,,,,,,,,,,,,,,,,,,,,,,,,,,,,,,,,,,,,,,,,,,,,I00232189
Q145670,Q116145633,,,,,,,,,,,,,,,,,,,,,,,,,,,,,,,,,,,,,,,,,,,,,I00768267
Q145671,Q116470769,,,,,,,,,,,,,,,,,,,,,,,,,,,,,,,,,,,,,,,,,,,,,I00752418
Q145672,Q116470728,,,,,,,,,,,,,,,,,,,,,,,,,,,,,,,,,,,,,,,,,,,,,I00752414
Q145673,Q116469640,,,,,,,,,,,,,,,,,,,,,,,,,,,,,,,,,,,,,,,,,,,,,I00752408
Q145674,Q122260692,,,,,,,,,,,,,,,,,,,,,,,,,,,,,,,,,,,,,,,,,,,,,I00776458
Q145675,Q130359407,,,,,,,,,,,,,,,,,,,,,,,,,,,,,,,,,,,,,,,,,,,,,I00789161
Q145676,Q110585351,,,,,,,,,,,,,,,,,,,,,,,,,,,,,,,,,,,,,,,,,,,,,I00753755
Q145677,Q99072008,,,,,,,,,,,,,,,,,,,,,,,,,,,,,,,,,,,,,,,,,,,,,I00754918
Q145678,Q110585337,,,,,,,,,,,,,,,,,,,,,,,,,,,,,,,,,,,,,,,,,,,,,I00708267
Q145679,Q116054792,,,,,,,,,,,,,,,,,,,,,,,,,,,,,,,,,,,,,,,,,,,,,I00708564
Q145680,Q110290442,,,,,,,,,,,,,,,,,,,,,,,,,,,,,,,,,,,,,,,,,,,,,I00755596
Q145681,Q116055404,,,,,,,,,,,,,,,,,,,,,,,,,,,,,,,,,,,,,,,,,,,,,I00756965
Q145682,Q116147488,,,,,,,,,,,,,,,,,,,,,,,,,,,,,,,,,,,,,,,,,,,,,I00713719
Q145683,Q110347239,,,,,,,,,,,,,,,,,,,,,,,,,,,,,,,,,,,,,,,,,,,,,I00700351
Q145684,Q105819561,,,,,,,,,,,,,,,,,,,,,,,,,,,,,,,,,,,,,,,,,,,,,I00715059
Q145685,Q110413126,,,,,,,,,,,,,,,,,,,,,,,,,,,,,,,,,,,,,,,,,,,,,I00700162
Q145686,Q131741069,,,,,,,,,,,,,,,,,,,,,,,,,,,,,,,,,,,,,,,,,,,,,I00291744
Q145687,Q110504473,,,,,,,,,,,,,,,,,,,,,,,,,,,,,,,,,,,,,,,,,,,,,I00692096
Q145688,Q116812248,,,,,,,,,,,,,,,,,,,,,,,,,,,,,,,,,,,,,,,,,,,,,I00777387
Q145689,Q110390614,,,,,,,,,,,,,,,,,,,,,,,,,,,,,,,,,,,,,,,,,,,,,I00764743
Q145690,Q116812099,,,,,,,,,,,,,,,,,,,,,,,,,,,,,,,,,,,,,,,,,,,,,I00714991
Q145691,Q116812236,,,,,,,,,,,,,,,,,,,,,,,,,,,,,,,,,,,,,,,,,,,,,I00777390
Q145692,Q99302481,,,,,,,,,,,,,,,,,,,,,,,,,,,,,,,,,,,,,,,,,,,,,I00706342
Q145693,Q116812069,,,,,,,,,,,,,,,,,,,,,,,,,,,,,,,,,,,,,,,,,,,,,I00702943
Q145694,Q99800497,,,,,,,,,,,,,,,,,,,,,,,,,,,,,,,,,,,,,,,,,,,,,I00699774
Q145695,Q116145850,,,,,,,,,,,,,,,,,,,,,,,,,,,,,,,,,,,,,,,,,,,,,I00751677
Q145696,Q116145628,,,,,,,,,,,,,,,,,,,,,,,,,,,,,,,,,,,,,,,,,,,,,I00714954
Q145697,Q112643907,,,,,,,,,,,,,,,,,,,,,,,,,,,,,,,,,,,,,,,,,,,,,I00711647
Q145698,Q112643903,,,,,,,,,,,,,,,,,,,,,,,,,,,,,,,,,,,,,,,,,,,,,I00701549
Q145699,Q116468836,,,,,,,,,,,,,,,,,,,,,,,,,,,,,,,,,,,,,,,,,,,,,I00709915
Q145700,Q130359018,,,,,,,,,,,,,,,,,,,,,,,,,,,,,,,,,,,,,,,,,,,,,I00700223
Q145701,Q116145630,,,,,,,,,,,,,,,,,,,,,,,,,,,,,,,,,,,,,,,,,,,,,I00702931
Q145702,Q127225258,,,,,,,,,,,,,,,,,,,,,,,,,,,,,,,,,,,,,,,,,,,,,I00702933
Q145703,Q116812070,,,,,,,,,,,,,,,,,,,,,,,,,,,,,,,,,,,,,,,,,,,,,I00702944
Q145704,Q130358439,,,,,,,,,,,,,,,,,,,,,,,,,,,,,,,,,,,,,,,,,,,,,I00789129
Q145705,Q130358437,,,,,,,,,,,,,,,,,,,,,,,,,,,,,,,,,,,,,,,,,,,,,I00789174
Q145706,Q130359234,,,,,,,,,,,,,,,,,,,,,,,,,,,,,,,,,,,,,,,,,,,,,I00789131
Q145707,Q127225272,,,,,,,,,,,,,,,,,,,,,,,,,,,,,,,,,,,,,,,,,,,,,I00714998
Q145708,Q131138477,,,,,,,,,,,,,,,,,,,,,,,,,,,,,,,,,,,,,,,,,,,,,I00803154
Q145709,Q131138467,,,,,,,,,,,,,,,,,,,,,,,,,,,,,,,,,,,,,,,,,,,,,I00803147
Q145710,Q110390615,,,,,,,,,,,,,,,,,,,,,,,,,,,,,,,,,,,,,,,,,,,,,I00707411
Q145711,Q105819604,,,,,,,,,,,,,,,,,,,,,,,,,,,,,,,,,,,,,,,,,,,,,I00715147
Q145712,Q116812127,,,,,,,,,,,,,,,,,,,,,,,,,,,,,,,,,,,,,,,,,,,,,I00776386
Q145713,Q116146024,,,,,,,,,,,,,,,,,,,,,,,,,,,,,,,,,,,,,,,,,,,,,I00774707
Q145714,Q116145846,,,,,,,,,,,,,,,,,,,,,,,,,,,,,,,,,,,,,,,,,,,,,I00774701
Q145715,Q116469720,,,,,,,,,,,,,,,,,,,,,,,,,,,,,,,,,,,,,,,,,,,,,I00702759
Q145716,Q116054985,,,,,,,,,,,,,,,,,,,,,,,,,,,,,,,,,,,,,,,,,,,,,I00759932
Q145717,Q110636957,,,,,,,,,,,,,,,,,,,,,,,,,,,,,,,,,,,,,,,,,,,,,I00757348
Q145718,Q127413872,,,,,,,,,,,,,,,,,,,,,,,,,,,,,,,,,,,,,,,,,,,,,I00759929
Q145719,Q110622058,,,,,,,,,,,,,,,,,,,,,,,,,,,,,,,,,,,,,,,,,,,,,I00748552
Q145720,Q110622059,,,,,,,,,,,,,,,,,,,,,,,,,,,,,,,,,,,,,,,,,,,,,I00753612
Q145721,Q101246423,,,,,,,,,,,,,,,,,,,,,,,,,,,,,,,,,,,,,,,,,,,,,I00707276
Q145722,Q129168339,,,,,,,,,,,,,,,,,,,,,,,,,,,,,,,,,,,,,,,,,,,,,I00760652
Q145723,Q110622314,,,,,,,,,,,,,,,,,,,,,,,,,,,,,,,,,,,,,,,,,,,,Ab_Elgan-1,I00736929
Q145724,Q110636926,,,,,,,,,,,,,,,,,,,,,,,,,,,,,,,,,,,,,,,,,,,,,I00314033
Q145725,Q116055041,,,,,,,,,,,,,,,,,,,,,,,,,,,,,,,,,,,,,,,,,,,,,I00753942
Q145726,Q110636912,,,,,,,,,,,,,,,,,,,,,,,,,,,,,,,,,,,,,,,,,,,,,I00710075
Q145727,Q99239158,,,,,,,,,,,,,,,,,,,,,,,,,,,,,,,,,,,,,,,,,,,,,I00705614
Q145728,Q116055027,,,,,,,,,,,,,,,,,,,,,,,,,,,,,,,,,,,,,,,,,,,,Ap_Gwynfardd-2,I00570148
Q145729,Q116055029,,,,,,,,,,,,,,,,,,,,,,,,,,,,,,,,,,,,,,,,,,,,,I00750832
Q145730,Q116055031,,,,,,,,,,,,,,,,,,,,,,,,,,,,,,,,,,,,,,,,,,,,,I00708411
Q145731,Q110636971,,,,,,,,,,,,,,,,,,,,,,,,,,,,,,,,,,,,,,,,,,,,,I00710096
Q145732,Q110636954,,,,,,,,,,,,,,,,,,,,,,,,,,,,,,,,,,,,,,,,,,,,,I00760964
Q145733,Q130340850,,,,,,,,,,,,,,,,,,,,,,,,,,,,,,,,,,,,,,,,,,,,,I00710058
Q145734,Q131346728,,,,,,,,,,,,,,,,,,,,,,,,,,,,,,,,,,,,,,,,,,,,,I00777750
Q145735,Q116147863,,,,,,,,,,,,,,,,,,,,,,,,,,,,,,,,,,,,,,,,,,,,,I00755757
Q145736,Q99302426,,,,,,,,,,,,,,,,,,,,,,,,,,,,,,,,,,,,,,,,,,,,,I00700173
Q145737,Q130339237,,,,,,,,,,,,,,,,,,,,,,,,,,,,,,,,,,,,,,,,,,,,,I00711837
Q145738,Q110585252,,,,,,,,,,,,,,,,,,,,,,,,,,,,,,,,,,,,,,,,,,,,,I00708249
Q145739,Q99302463,,,,,,,,,,,,,,,,,,,,,,,,,,,,,,,,,,,,,,,,,,,,,I00696262
Q145740,Q110636833,,,,,,,,,,,,,,,,,,,,,,,,,,,,,,,,,,,,,,,,,,,,,I00713556
Q145741,Q116812393,,,,,,,,,,,,,,,,,,,,,,,,,,,,,,,,,,,,,,,,,,,,,I00759282
Q145742,Q130359070,,,,,,,,,,,,,,,,,,,,,,,,,,,,,,,,,,,,,,,,,,,,,I00760384
Q145743,Q116146998,,,,,,,,,,,,,,,,,,,,,,,,,,,,,,,,,,,,,,,,,,,,,I00752097
Q145744,Q99211667,,,,,,,,,,,,,,,,,,,,,,,,,,,,,,,,,,,,,,,,,,,,Kemeys-32,I00714348
Q145745,Q99211664,,,,,,,,,,,,,,,,,,,,,,,,,,,,,,,,,,,,,,,,,,,,Kemeys-4,I00714347
Q145746,Q101167263,,,,,,,,,,,,,,,,,,,,,,,,,,,,,,,,,,,,,,,,,,,,,I00221439
Q145747,Q56489416,,,,,,,,,,,,,,,,,,,,,,,,,,,,,,,,,,,,,,,,,p36888.htm#i368871,,,FitzHerbert-81,I00177549
Q145748,Q329359,,,,,,,,,,,,,,,,,,,,,,,,,,,,,,,,,,,,,,,,,p21588.htm#i215880,William_de_Roumare_(3),,,
Q145749,Q106703507,,,,,,,,,,,,,,,,,,,,,,,,,,,,,,,,,,,,,,,,,,,,Meschines-17,I00287605
Q145750,Q75580196,,,,,,,,,,,,,,,,,,,,,,,,,,,,,,,,,,,,,,,,,p22425.htm#i224248,,,,I00632599
Q145751,Q110585366,,,,,,,,,,,,,,,,,,,,,,,,,,,,,,,,,,,,,,,,,,,,,I00711780
Q145752,Q76281179,,,,,,,,,,,,,,,,,,,,,,,,,,,,,,,,,,,,,,,,,p65966.htm#i659656,,,Ap_Caradog-30,I00749621
Q145753,Q110585672,,,,,,,,,,,,,,,,,,,,,,,,,,,,,,,,,,,,,,,,,,,,,I00759224
Q145754,Q116478393,,,,,,,,,,,,,,,,,,,,,,,,,,,,,,,,,,,,,,,,,,,,,I00751560
Q145755,Q76281198,,,,,,,,,,,,,,,,,,,,,,,,,,,,,,,,,,,,,,,,,p65967.htm#i659670,,,Ferch_Gruffudd-40,
Q145756,Q76281172,,,,,,,,,,,,,,,,,,,,,,,,,,,,,,,,,,,,,,,,,p65966.htm#i659651,,,,
Q145757,Q76215128,,,,,,,,,,,,,,,,,,,,,,,,,,,,,,,,,,,,,,,,,p61057.htm#i610570,Hywel_Ap_Dafydd_(2),,Ap_Dafydd-27,I00465389
Q145758,Q76048560,,,,,,,,,,,,,,,,,,,,,,,,,,,,,,,,,,,,,,,,,p61058.htm#i610573|p49391.htm#i493901,,,Ap_Hywel-52,I00705530
Q145759,Q110582496,,,,,,,,,,,,,,,,,,,,,,,,,,,,,,,,,,,,,,,,,,,,,I00708194
Q145760,Q116477911,,,,,,,,,,,,,,,,,,,,,,,,,,,,,,,,,,,,,,,,,,,,,I00775873
Q145761,Q110585336,,,,,,,,,,,,,,,,,,,,,,,,,,,,,,,,,,,,,,,,,,,,,I00700640
Q145762,Q112573731,,,,,,,,,,,,,,,,,,,,,,,,,,,,,,,,,,,,,,,,,,,,,I00714934
Q145763,Q116478568,,,,,,,,,,,,,,,,,,,,,,,,,,,,,,,,,,,,,,,,,,,,,I00755826
Q145764,Q110636463,,,,,,,,,,,,,,,,,,,,,,,,,,,,,,,,,,,,,,,,,,,,,I00751809
Q145765,Q116155835,,,,,,,,,,,,,,,,,,,,,,,,,,,,,,,,,,,,,,,,,,,,,I00750057
Q145766,Q110413684,,,,,,,,,,,,,,,,,,,,,,,,,,,,,,,,,,,,,,,,,,,,,I00706502
Q145767,Q133461804,,,,,,,,,,,,,,,,,,,,,,,,,,,,,,,,,,,,,,,,,,,,,I00709813
Q145768,Q116055034,,,,,,,,,,,,,,,,,,,,,,,,,,,,,,,,,,,,,,,,,,,,,I00708917
Q145769,Q110413556,,,,,,,,,,,,,,,,,,,,,,,,,,,,,,,,,,,,,,,,,,,,,I00711377
Q145770,Q116812374,,,,,,,,,,,,,,,,,,,,,,,,,,,,,,,,,,,,,,,,,,,,,I00761293
Q145771,Q105805904,,,,,,,,,,,,,,,,,,,,,,,,,,,,,,,,,,,,,,,,,,,,,I00700914
Q145772,Q110413670,,,,,,,,,,,,,,,,,,,,,,,,,,,,,,,,,,,,,,,,,,,,,I00708654
Q145773,Q131347200,,,,,,,,,,,,,,,,,,,,,,,,,,,,,,,,,,,,,,,,,,,,,I00795965
Q145774,Q110582550,,,,,,,,,,,,,,,,,,,,,,,,,,,,,,,,,,,,,,,,,,,,,I00761366
Q145775,Q110635890,,,,,,,,,,,,,,,,,,,,,,,,,,,,,,,,,,,,,,,,,,,,,I00708638
Q145776,Q99070545,,,,,,,,,,,,,,,,,,,,,,,,,,,,,,,,,,,,,,,,,,,,,I00699977
Q145777,Q99072277,,,,,,,,,,,,,,,,,,,,,,,,,,,,,,,,,,,,,,,,,,,,,I00705549
Q145778,Q99069885,,,,,,,,,,,,,,,,,,,,,,,,,,,,,,,,,,,,,,,,,,,,,I00699981
Q145779,Q110290321,,,,,,,,,,,,,,,,,,,,,,,,,,,,,,,,,,,,,,,,,,,,,I00713779
Q145780,Q110290420,,,,,,,,,,,,,,,,,,,,,,,,,,,,,,,,,,,,,,,,,,,,,I00711811
Q145781,Q110441357,,,,,,,,,,,,,,,,,,,,,,,,,,,,,,,,,,,,,,,,,,,,,I00446897
Q145782,Q116812713,,,,,,,,,,,,,,,,,,,,,,,,,,,,,,,,,,,,,,,,,,,,,I00701133
Q145783,Q105803226,,,,,,,,,,,,,,,,,,,,,,,,,,,,,,,,,,,,,,,,,,,,,I00236714
Q145784,Q76273226,,,,,,,,,,,,,,,,,,,,,,,,,,,,,,,,,,,,,,,,,p65427.htm#i654264,,,,I00784197
Q145785,Q116147484,,,,,,,,,,,,,,,,,,,,,,,,,,,,,,,,,,,,,,,,,,,,,I00702405
Q145786,Q130339121,,,,,,,,,,,,,,,,,,,,,,,,,,,,,,,,,,,,,,,,,,,,,I00776044
Q145787,Q131138859,,,,,,,,,,,,,,,,,,,,,,,,,,,,,,,,,,,,,,,,,,,,,I00751844
Q145788,Q110582446,,,,,,,,,,,,,,,,,,,,,,,,,,,,,,,,,,,,,,,,,,,,,I00708193
Q145789,Q110582494,,,,,,,,,,,,,,,,,,,,,,,,,,,,,,,,,,,,,,,,,,,,,I00700624
Q145790,Q105803198,,,,,,,,,,,,,,,,,,,,,,,,,,,,,,,,,,,,,,,,,,,,,I00700615
Q145791,Q116147169,,,,,,,,,,,,,,,,,,,,,,,,,,,,,,,,,,,,,,,,,,,,,I00708172
Q145792,Q116147167,,,,,,,,,,,,,,,,,,,,,,,,,,,,,,,,,,,,,,,,,,,,,I00696571
Q145793,Q110290399,,,,,,,,,,,,,,,,,,,,,,,,,,,,,,,,,,,,,,,,,,,,,I00713725
Q145794,Q110290397,,,,,,,,,,,,,,,,,,,,,,,,,,,,,,,,,,,,,,,,,,,,,I00702416
Q145795,Q122364429,,,,,,,,,,,,,,,,,,,,,,,,,,,,,,,,,,,,,,,,,,,,,I00759524
Q145796,Q122364427,,,,,,,,,,,,,,,,,,,,,,,,,,,,,,,,,,,,,,,,,,,,,I00759521
Q145797,Q130340371,,,,,,,,,,,,,,,,,,,,,,,,,,,,,,,,,,,,,,,,,,,,,I00775339
Q145798,Q99154373,,,,,,,,,,,,,,,,,,,,,,,,,,,,,,,,,,,,,,,,,,,,Somerville-84,I00445795
Q145799,Q99154378,,,,,,,,,,,,,,,,,,,,,,,,,,,,,,,,,,,,,,,,,,,,Pype-1,I00674034
Q145800,Q99154387,,,,,,,,,,,,,,,,,,,,,,,,,,,,,,,,,,,,,,,,,,,,Stackpole-6,I00674067
Q145801,Q76200398,,,,,,,,,,,,,,,,,,,,,,,,,,,,,,,,,,,,,,,,,p59949.htm#i599488,,,Vernon-23,I00128052
Q145802,Q7329662,,,,,,,,KT7Q-1T4,,,,,,,,,,,,,,,,,,,,,,,,,,,,,,,,,p59949.htm#i599490,,,Vernon-24,I00128049
Q145803,Q75870105,,,,,,,,,,,,,,,,,,,,,,,,,,,,,p=joanna;n=de+vernon;,,,,,,,,,,,,p36904.htm#i369038,,,Vernon-974,I00200023
Q145804,Q104473604,,,,,,,,,,,,,,,,,,,,,,,,,,,,,,,,,,,,,,,,,,,,Zouche-132,I00472426
Q145805,Q75905278,,,,,,,,,,,,,,,,,,,,,,,,,,,,,,,,,,,,,,,,,p39434.htm#i394337,,,Griffith-238,I00433079
Q145806,Q116058361,,,,,,,,,,,,,,,,,,,,,,,,,,,,,,,,,,,,,,,,,,,,,I00692896
Q145807,Q99080896,,,,,,,,,,,,,,,,,,,,,,,,,,,,,,,,,,,,,,,,,,,,Philip-156,I00058674
Q145808,Q110412994,,,,,,,,,,,,,,,,,,,,,,,,,,,,,,,,,,,,,,,,,,,,,I00706505
Q145809,Q116054799,,,,,,,,,,,,,,,,,,,,,,,,,,,,,,,,,,,,,,,,,,,,,I00764250
Q145810,Q116478723,,,,,,,,,,,,,,,,,,,,,,,,,,,,,,,,,,,,,,,,,,,,,I00755136
Q145811,Q133461659,,,,,,,,,,,,,,,,,,,,,,,,,,,,,,,,,,,,,,,,,,,,,I00803764
Q145812,Q110413442,,,,,,,,,,,,,,,,,,,,,,,,,,,,,,,,,,,,,,,,,,,,,I00750357
Q145813,Q99072497,,,,,,,,,,,,,,,,,,,,,,,,,,,,,,,,,,,,,,,,,,,,,I00700637
Q145814,Q110290288,,,,,,,,,,,,,,,,,,,,,,,,,,,,,,,,,,,,,,,,,,,,,I00754656
Q145815,Q110413433,,,,,,,,,,,,,,,,,,,,,,,,,,,,,,,,,,,,,,,,,,,,,I00755227
Q145816,Q99073219,,,,,,,,,,,,,,,,,,,,,,,,,,,,,,,,,,,,,,,,,,,,,I00706252
Q145817,Q116147728,,,,,,,,,,,,,,,,,,,,,,,,,,,,,,,,,,,,,,,,,,,,,I00774628
Q145818,Q116477835,,,,,,,,,,,,,,,,,,,,,,,,,,,,,,,,,,,,,,,,,,,,,I00749973
Q145819,Q110413581,,,,,,,,,,,,,,,,,,,,,,,,,,,,,,,,,,,,,,,,,,,,,I00707200
Q145820,Q110428370,,,,,,,,,,,,,,,,,,,,,,,,,,,,,,,,,,,,,,,,,,,,,I00751673
Q145821,Q99075787,,,,,,,,,,,,,,,,,,,,,,,,,,,,,,,,,,,,,,,,,,,,,I00708164
Q145822,Q110441658,,,,,,,,,,,,,,,,,,,,,,,,,,,,,,,,,,,,,,,,,,,,,I00749907
Q145823,Q99070269,,,,,,,,,,,,,,,,,,,,,,,,,,,,,,,,,,,,,,,,,,,,,I00699992
Q145824,Q110441504,,,,,,,,,,,,,,,,,,,,,,,,,,,,,,,,,,,,,,,,,,,,,I00749609
Q145825,Q117306898,,,,,,,,,,,,,,,,,,,,,,,,,,,,,,,,,,,,,,,,,,,,,I00759753
Q145826,Q76273228,,,,,,,,,,,,,,,,,,,,,,,,,,,,,,,,,,,,,,,,,p65427.htm#i654266,,,,I00702337
Q145827,Q110290456,,,,,,,,,,,,,,,,,,,,,,,,,,,,,,,,,,,,,,,,,,,,,I00700616
Q145828,Q110441347,,,,,,,,,,,,,,,,,,,,,,,,,,,,,,,,,,,,,,,,,,,,,I00749205
Q145829,Q110636584,,,,,,,,,,,,,,,,,,,,,,,,,,,,,,,,,,,,,,,,,,,,,I00706146
Q145830,Q75961226,,,,,,,,,,,,,,,,,,,,,,,,,,,,,,,,,,,,,,,,,p43221.htm#i432210,,,,I00706139
Q145831,Q75961225,,,,,,,,,,,,,,,,,,,,,,,,,,,,,,,,,,,,,,,,,p43221.htm#i432209,,,,I00700001
Q145832,Q75961229,,,,,,,,,,,,,,,,,,,,,,,,,,,,,,,,,,,,,,,,,p43222.htm#i432212,,,,I00696163
Q145833,Q110441723,,,,,,,,,,,,,,,,,,,,,,,,,,,,,,,,,,,,,,,,,,,,,I00751219
Q145834,Q110636303,,,,,,,,,,,,,,,,,,,,,,,,,,,,,,,,,,,,,,,,,,,,,I00753262
Q145835,Q110635727,,,,,,,,,,,,,,,,,,,,,,,,,,,,,,,,,,,,,,,,,,,,,I00711851
Q145836,Q110290181,,,,,,,,,,,,,,,,,,,,,,,,,,,,,,,,,,,,,,,,,,,,,I00753020
Q145837,Q116054870,,,,,,,,,,,,,,,,,,,,,,,,,,,,,,,,,,,,,,,,,,,,,I00759908
Q145838,Q116146842,,,,,,,,,,,,,,,,,,,,,,,,,,,,,,,,,,,,,,,,,,,,,I00759904
Q145839,Q130358591,,,,,,,,,,,,,,,,,,,,,,,,,,,,,,,,,,,,,,,,,,,,,I00802862
Q145840,Q130358444,,,,,,,,,,,,,,,,,,,,,,,,,,,,,,,,,,,,,,,,,,,,,I00802814
Q145841,Q110637005,,,,,,,,,,,,,,,,,,,,,,,,,,,,,,,,,,,,,,,,,,,,,I00754922
Q145842,Q96311964,,,,,,,,,,,,,,,,,,,,,,,,,,,,,,,,,,,,,,,,,,,,,I00754926
Q145843,Q110637011,,,,,,,,,,,,,,,,,,,,,,,,,,,,,,,,,,,,,,,,,,,,,I00754919
Q145844,Q99082540,,,,,,,,,,,,,,,,,,,,,,,,,,,,,,,,,,,,,,,,,,,,,I00706109
Q145845,Q116147216,,,,,,,,,,,,,,,,,,,,,,,,,,,,,,,,,,,,,,,,,,,,,I00758419
Q145846,Q75963090,,,,,,,,,,,,,,,,,,,,,,,,,,,,,,,,,,,,,,,,,p43353.htm#i433524,,,Johnes-8,I00560023
Q145847,Q76025822,,,,,,,,,,,,,,,,,,,,,,,,,,,,,,,,,,,,,,,,,p47680.htm#i476792,,,Puleston-24,I00560024
Q145848,Q105814323,,,,,,,,,,,,,,,,,,,,,,,,,,,,,,,,,,,,,,,,,,,,,I00750181
Q145849,Q117306905,,,,,,,,,,,,,,,,,,,,,,,,,,,,,,,,,,,,,,,,,,,,,I00759751
Q145850,Q76188042,,,,,,,,,,,,,,,,,,,,,,,,,,,,,,,,,,,,,,,,,p59111.htm#i591109,,,,I00745023
Q145851,Q130358492,,,,,,,,,,,,,,,,,,,,,,,,,,,,,,,,,,,,,,,,,,,,,I00755745
Q145852,Q130358494,,,,,,,,,,,,,,,,,,,,,,,,,,,,,,,,,,,,,,,,,,,,,I00755742
Q145853,Q130358485,,,,,,,,,,,,,,,,,,,,,,,,,,,,,,,,,,,,,,,,,,,,,I00708673
Q145854,Q23639518,,,,,,,,,,,,,,,,,,,,,,,,,,,,,,,,,,,,,,,,,p60133.htm#i601328,,,Vaughan-189,I00177665
Q145855,Q18880332,,,,,,,,,,,,,,,,,,,,,,,,,,,,,,,,,,,,,,,,,,,,Vaughn-289,I00326739
Q145856,Q19325528,,,,,,,,,,,,,,,,,,,,,,,,,,,,,,,,,,,,,,,,,,,,Ap_Roger-4,I00198195
Q145857,Q108683873,,,,,,,,,,,,,,,,,,,,,,,,,,,,,,,,,,,,,,,,,,,,Vaughan-186,I00568631
Q145858,Q105819570,,,,,,,,,,,,,,,,,,,,,,,,,,,,,,,,,,,,,,,,,,,,,I00715067
Q145859,Q116145634,,,,,,,,,,,,,,,,,,,,,,,,,,,,,,,,,,,,,,,,,,,,,I00714960
Q145860,Q116812064,,,,,,,,,,,,,,,,,,,,,,,,,,,,,,,,,,,,,,,,,,,,,I00698116
Q145861,Q116812360,,,,,,,,,,,,,,,,,,,,,,,,,,,,,,,,,,,,,,,,,,,,,I00777292
Q145862,Q116812245,,,,,,,,,,,,,,,,,,,,,,,,,,,,,,,,,,,,,,,,,,,,,I00777385
Q145863,Q99080714,,,,,,,,,,,,,,,,,,,,,,,,,,,,,,,,,,,,,,,,,,,,Ap_Rhys-41,I00337231
Q145864,Q105814281,,,,,,,,,,,,,,,,,,,,,,,,,,,,,,,,,,,,,,,,,,,,,I00703039
Q145865,Q112610856,,,,,,,,,,,,,,,,,,,,,,,,,,,,,,,,,,,,,,,,,,,,,I00692206
Q145866,Q130358995,,,,,,,,,,,,,,,,,,,,,,,,,,,,,,,,,,,,,,,,,,,,,I00696889
Q145867,Q105819549,,,,,,,,,,,,,,,,,,,,,,,,,,,,,,,,,,,,,,,,,,,,,I00702950
Q145868,Q99080730,,,,,,,,,,,,,,,,,,,,,,,,,,,,,,,,,,,,,,,,,,,,Ivor-5,I00707781
Q145869,Q116812230,,,,,,,,,,,,,,,,,,,,,,,,,,,,,,,,,,,,,,,,,,,,,I00777394
Q145870,Q116812232,,,,,,,,,,,,,,,,,,,,,,,,,,,,,,,,,,,,,,,,,,,,,I00777400
Q145871,Q116812060,,,,,,,,,,,,,,,,,,,,,,,,,,,,,,,,,,,,,,,,,,,,,I00776380
Q145872,Q116812300,,,,,,,,,,,,,,,,,,,,,,,,,,,,,,,,,,,,,,,,,,,,,I00777283
Q145873,Q110152984,,,,,,,,,,,,,,,,,,,,,,,,,,,,,,,,,,,,,,,,,,,,,I00759042
Q145874,Q110152985,,,,,,,,,,,,,,,,,,,,,,,,,,,,,,,,,,,,,,,,,,,,,I00759045
Q145875,Q110622114,,,,,,,,,,,,,,,,,,,,,,,,,,,,,,,,,,,,,,,,,,,,,I00710105
Q145876,Q130358453,,,,,,,,,,,,,,,,,,,,,,,,,,,,,,,,,,,,,,,,,,,,,I00801853
Q145877,Q112610853,,,,,,,,,,,,,,,,,,,,,,,,,,,,,,,,,,,,,,,,,,,,,I00700833
Q145878,Q112490264,,,,,,,,,,,,,,,,,,,,,,,,,,,,,,,,,,,,,,,,,,,,,I00706755
Q145879,Q76018974,,,,,,,,,,,,,,,,,,,,,,,,,,,,,,,,,,,,,,,,,p47159.htm#i471589,,,,
Q145880,Q76018976,,,,,,,,LJR5-N6G,,,,,,,,,,,,,,,,,,,,,,,,,,,,,,,,,p47159.htm#i471590,,,Mathew-26,I00198225
Q145881,Q75586888,,,,,,,,,,,,,,,,,,,,,,,,,,,,,,,,,,,,,,,,,p22804.htm#i228033,,,Morgan-936,I00198211
Q145882,Q76018951,,,,,,,,L5RN-238,,,,,,,,,,,,,,,,,,,,,,,,,,,,,,,,,p47158.htm#i471573,,,Morgan-854,I00282842
Q145883,Q76018979,,,,,,,,,,,,,,,,,,,,,,,,,,,,,,,,,,,,,,,,,p47160.htm#i471592,,,,
Q145884,Q112484731,,,,,,,,,,,,,,,,,,,,,,,,,,,,,,,,,,,,,,,,,,,,,I00704930
Q145885,Q110559654,,,,,,,,,,,,,,,,,,,,,,,,,,,,,,,,,,,,,,,,,,,,,I00702454
Q145886,Q116155513,,,,,,,,,,,,,,,,,,,,,,,,,,,,,,,,,,,,,,,,,,,,,I00736686
Q145887,Q116812538,,,,,,,,,,,,,,,,,,,,,,,,,,,,,,,,,,,,,,,,,,,,,I00752663
Q145888,Q99083980,,,,,,,,,,,,,,,,,,,,,,,,,,,,,,,,,,,,,,,,,,,,Norris-25,I00706635
Q145889,Q99068359,,,,,,,,,,,,,,,,,,,,,,,,,,,,,,,,,,,,,,,,,,,,Welsh-853,I00696277
Q145890,Q76155984,,,,,,,,,,,,,,,,,,,,,,,,,,,,,,,,,,,,,,,,,p56912.htm#i569111,,,Ferch_Morgan-5,I00109145|I00800021
Q145891,Q76360293,,,,,,,,,,,,,,,,,,,,,,,,,,,,,,,,,,,,,,,,,p71068.htm#i710679,,,Morgan-1638,I00243608
Q145892,Q56181432,,,,,,,,,,,,,,,,,,,,,,,,,,,,,,,,,,,,,,,,,p47160.htm#i471594|p21104.htm#i211035,,,Ap_Morgan-20,I00568632
Q145893,Q109810267,,,,,,,,,,,,,,,,,,,,,,,,,,,,,,,,,,,,,,,,,,,,,I00236584
Q145894,Q110427981,,,,,,,,,,,,,,,,,,,,,,,,,,,,,,,,,,,,,,,,,,,,,I00704919
Q145895,Q110622454,,,,,,,,,,,,,,,,,,,,,,,,,,,,,,,,,,,,,,,,,,,,,I00696661
Q145896,Q116146009,,,,,,,,,,,,,,,,,,,,,,,,,,,,,,,,,,,,,,,,,,,,,I00752678
Q145897,Q116470844,,,,,,,,,,,,,,,,,,,,,,,,,,,,,,,,,,,,,,,,,,,,,I00764856
Q145898,Q117378847,,,,,,,,,,,,,,,,,,,,,,,,,,,,,,,,,,,,,,,,,,,,,I00692219
Q145899,Q116146000,,,,,,,,,,,,,,,,,,,,,,,,,,,,,,,,,,,,,,,,,,,,,I00736687
Q145900,Q96075027,,,,,,,,,,,,,,,,,,I3610,,,,,,,,,409646,,p=joan;n=tudor,,,,,,,,,,,,,Joan_Tudor_(2),,Ferch_Tudor-4,
Q145901,Q75421063,,,,,,,,,,,,,,,,,,I3598,,,,,,,,,,,,,,,,,,,,,,,p13113.htm#i131124,,,Williams-983,I00059219
Q145902,Q110390642,,,,,,,,,,,,,,,,,,,,,,,,,,,,,,,,,,,,,,,,,,,,,I00764716
Q145903,Q110560160,,,,,,,,,,,,,,,,,,,,,,,,,,,,,,,,,,,,,,,,,,,,,I00736771
Q145904,Q116469823,,,,,,,,,,,,,,,,,,,,,,,,,,,,,,,,,,,,,,,,,,,,,I00386674
Q145905,Q116469829,,,,,,,,,,,,,,,,,,,,,,,,,,,,,,,,,,,,,,,,,,,,,I00386675
Q145906,Q116469804,,,,,,,,,,,,,,,,,,,,,,,,,,,,,,,,,,,,,,,,,,,,,I00714667
Q145907,Q110559703,,,,,,,,,,,,,,,,,,,,,,,,,,,,,,,,,,,,,,,,,,,,,I00618329
Q145908,Q116470867,,,,,,,,,,,,,,,,,,,,,,,,,,,,,,,,,,,,,,,,,,,,,I00763821
Q145909,Q116469860,,,,,,,,,,,,,,,,,,,,,,,,,,,,,,,,,,,,,,,,,,,,,I00752117
Q145910,Q116812622,,,,,,,,,,,,,,,,,,,,,,,,,,,,,,,,,,,,,,,,,,,,,I00760482
Q145911,Q116469826,,,,,,,,,,,,,,,,,,,,,,,,,,,,,,,,,,,,,,,,,,,,,I00755535
Q145912,Q117306708,,,,,,,,,,,,,,,,,,,,,,,,,,,,,,,,,,,,,,,,,,,,,I00751453
Q145913,Q117306706,,,,,,,,,,,,,,,,,,,,,,,,,,,,,,,,,,,,,,,,,,,,,I00708553
Q145914,Q130340908,,,,,,,,,,,,,,,,,,,,,,,,,,,,,,,,,,,,,,,,,,,,,I00761878
Q145915,Q110621968,,,,,,,,,,,,,,,,,,,,,,,,,,,,,,,,,,,,,,,,,,,,,I00753602
Q145916,Q110621877,,,,,,,,,,,,,,,,,,,,,,,,,,,,,,,,,,,,,,,,,,,,,I00641266
Q145917,Q105803098,,,,,,,,,,,,,,,,,,,,,,,,,,,,,,,,,,,,,,,,,,,,Button-86,I00689454
Q145918,Q110413554,,,,,,,,,,,,,,,,,,,,,,,,,,,,,,,,,,,,,,,,,,,,,I00701519
Q145919,Q130358601,,,,,,,,,,,,,,,,,,,,,,,,,,,,,,,,,,,,,,,,,,,,,I00776376
Q145920,Q116146133,,,,,,,,,,,,,,,,,,,,,,,,,,,,,,,,,,,,,,,,,,,,,I00714645
Q145921,Q116469815,,,,,,,,,,,,,,,,,,,,,,,,,,,,,,,,,,,,,,,,,,,,,I00714725
Q145922,Q116469636,,,,,,,,,,,,,,,,,,,,,,,,,,,,,,,,,,,,,,,,,,,,,I00693306
Q145923,Q116812520,,,,,,,,,,,,,,,,,,,,,,,,,,,,,,,,,,,,,,,,,,,,,I00754576
Q145924,Q122260459,,,,,,,,,,,,,,,,,,,,,,,,,,,,,,,,,,,,,,,,,,,,,I00366942
Q145925,Q117307108,,,,,,,,,,,,,,,,,,,,,,,,,,,,,,,,,,,,,,,,,,,,,I00714628
Q145926,Q117307114,,,,,,,,,,,,,,,,,,,,,,,,,,,,,,,,,,,,,,,,,,,,,I00760436
Q145927,Q117307054,,,,,,,,,,,,,,,,,,,,,,,,,,,,,,,,,,,,,,,,,,,,,I00710103
Q145928,Q130358790,,,,,,,,,,,,,,,,,,,,,,,,,,,,,,,,,,,,,,,,,,,,,I00710111
Q145929,Q130358792,,,,,,,,,,,,,,,,,,,,,,,,,,,,,,,,,,,,,,,,,,,,,I00760442
Q145930,Q110621954,,,,,,,,,,,,,,,,,,,,,,,,,,,,,,,,,,,,,,,,,,,,,I00748533
Q145931,Q99211653,,,,,,,,,,,,,,,,,,,,,,,,,,,,,,,,,,,,,,,,,,,,,I00706905
Q145932,Q116469692,,,,,,,,,,,,,,,,,,,,,,,,,,,,,,,,,,,,,,,,,,,,,I00714682
Q145933,Q130340887,,,,,,,,,,,,,,,,,,,,,,,,,,,,,,,,,,,,,,,,,,,,,I00761860
Q145934,Q110315688,,,,,,,,,,,,,,,,,,,,,,,,,,,,,,,,,,,,,,,,,,,,,I00337528
Q145935,Q99084829,,,,,,,,,,,,,,,,,,,,,,,,,,,,,,,,,,,,,,,,,,,,,I00708894
Q145936,Q99084854,,,,,,,,,,,,,,,,,,,,,,,,,,,,,,,,,,,,,,,,,,,,,I00708899
Q145937,Q99085105,,,,,,,,,,,,,,,,,,,,,,,,,,,,,,,,,,,,,,,,,,,,,I00696710
Q145938,Q17140202,,,,,,,,,,,,,,,,,,,,,,,,,,,,,,,,,,,,,,,,,p60133.htm#i601327,,,Tuchet-40,I00310327
Q145939,Q76260433,,,,,,,,,,,,,,,,,,,,,,,,,,,,,,,,,,,,,,,,,p64446.htm#i644456,,,Gamage-24,I00177661
Q145940,Q75270880,,,,,,,,,,,,,,,,,,I3807,,,,,,,,,,,,,,,,,,,,,,,p2705.htm#i27048,,,Gamage-6,I00167921
Q145941,Q116469628,,,,,,,,,,,,,,,,,,,,,,,,,,,,,,,,,,,,,,,,,,,,,I00748526
Q145942,Q116812596,,,,,,,,,,,,,,,,,,,,,,,,,,,,,,,,,,,,,,,,,,,,,I00748527
Q145943,Q76322515,,,,,,,,L7T9-PQK,,,,,,,,,,,,,,,,,,,,,,,,,,,,,,,,,p68836.htm#i688358,,,Whitney-915,I00282840
Q145944,Q76018997,,,,,,,,KZ6Y-WBV,,,,,,,,,,,,,,,,,,,,,,,,,,,,,,,,,p47160.htm#i471597,,,Vaughan-529,I00282843
Q145945,Q76322512,,,,,,,,,,,,,,,,,,,,,,,,,,,,,,,,,,,,,,,,,p68836.htm#i688355,,,,I00322452
Q145946,Q105819534,,,,,,,,,,,,,,,,,,,,,,,,,,,,,,,,,,,,,,,,,,,,Vaughan-482,I00322450
Q145947,Q75617034,,,,,,,,,,,,,,,,,,I5718,,,,,,,,,,,,,,,,,,,,,,,p24776.htm#i247760,,,Vaughan-2319,I00321544
Q145948,Q110390638,,,,,,,,,,,,,,,,,,,,,,,,,,,,,,,,,,,,,,,,,,,,,I00764726
Q145949,Q116159001,,,,,,,,,,,,,,,,,,,,,,,,,,,,,,,,,,,,,,,,,,,,,I00048318
Q145950,Q75527848,,,,,,,,,,,,,,,,,,,,,,,,,,,,,,,,,,,,,,,,,p19581.htm#i195804,,,Games-1,I00148064
Q145951,Q122260458,,,,,,,,,,,,,,,,,,,,,,,,,,,,,,,,,,,,,,,,,,,,,I00366944
Q145952,Q110387824,,,,,,,,,,,,,,,,,,,,,,,,,,,,,,,,,,,,,,,,,,,,,I00764729
Q145953,Q116027274,,,,,,,,,,,,,,,,,,,,,,,,,,,,,,,,,,,,,,,,,,,,,I00693391
Q145954,Q110559689,,,,,,,,,,,,,,,,,,,,,,,,,,,,,,,,,,,,,,,,,,,,,I00713967
Q145955,Q116469738,,,,,,,,,,,,,,,,,,,,,,,,,,,,,,,,,,,,,,,,,,,,,I00700892
Q145956,Q110559674,,,,,,,,,,,,,,,,,,,,,,,,,,,,,,,,,,,,,,,,,,,,,I00713973
Q145957,Q110332803,,,,,,,,,,,,,,,,,,,,,,,,,,,,,,,,,,,,,,,,,,,,,I00568559
Q145958,Q129168286,,,,,,,,,,,,,,,,,,,,,,,,,,,,,,,,,,,,,,,,,,,,,I00749875
Q145959,Q108912820,,,,,,,,,,,,,,,,,,,,,,,,,,,,,,,,,,,,,,,,,,,,,I00738964
Q145960,Q116812238,,,,,,,,,,,,,,,,,,,,,,,,,,,,,,,,,,,,,,,,,,,,,I00777379
Q145961,Q110412864,,,,,,,,,,,,,,,,,,,,,,,,,,,,,,,,,,,,,,,,,,,,,I00232183
Q145962,Q110412859,,,,,,,,,,,,,,,,,,,,,,,,,,,,,,,,,,,,,,,,,,,,,I00697233
Q145963,Q116812521,,,,,,,,,,,,,,,,,,,,,,,,,,,,,,,,,,,,,,,,,,,,,I00765010
Q145964,Q133461430,,,,,,,,,,,,,,,,,,,,,,,,,,,,,,,,,,,,,,,,,,,,,I00803750
Q145965,Q130358391,,,,,,,,,,,,,,,,,,,,,,,,,,,,,,,,,,,,,,,,,,,,,I00795983
Q145966,Q53648573,,,,,,,,,,,,,,,,,,,,,,,,,,,,,,,,,,,,,,,,,,,,Barre-68,I00463981
Q145967,Q99800393,,,,,,,,,,,,,,,,,,,,,,,,,,,,,,,,,,,,,,,,,,,,Croyser-1,I00674356
Q145968,Q75776431,,,,,,,,,,,,,,,,,,,,,,,,,,,,,,,,,,,,,,,,,p32840.htm#i328392,,,Barre-1,I00232095
Q145969,Q116054596,,,,,,,,,,,,,,,,,,,,,,,,,,,,,,,,,,,,,,,,,,,,,I00702223
Q145970,Q130339412,,,,,,,,,,,,,,,,,,,,,,,,,,,,,,,,,,,,,,,,,,,,,I00600075
Q145971,Q75248207,,,,,,,,,,,,,,,,,,,,,,,,,,,,,,,,,,,,,,,,,p929.htm#i9290,,,Strange-1138,I00128037
Q145972,Q116469798,,,,,,,,,,,,,,,,,,,,,,,,,,,,,,,,,,,,,,,,,,,,,I00386673
Q145973,Q110621978,,,,,,,,,,,,,,,,,,,,,,,,,,,,,,,,,,,,,,,,,,,,,I00641264
Q145974,Q116469796,,,,,,,,,,,,,,,,,,,,,,,,,,,,,,,,,,,,,,,,,,,,,I00702762
Q145975,Q110390651,,,,,,,,,,,,,,,,,,,,,,,,,,,,,,,,,,,,,,,,,,,,,I00764710
Q145976,Q75271577,,,,,,,,,,,,,,,,,,,,,,,,,,,,,,,,,,,,,,,,,p2768.htm#i27676,,,Bluet-5,I00091207
Q145977,Q105801355,,,,,,,,,,,,,,,,,,,,,,,,,,,,,,,,,,,,,,,,,,,,,I00425302
Q145978,Q75271575,,,,,,,,,,,,,,,,,,,,,,,,,,,,,,,,,,,,,,,,,p2768.htm#i27674,,,Berkeley-39,I00027822
Q145979,Q3806461,,,,,,,,,,,,,,,,,,,,,,,,,,,624249,,,,,,,,,,,,,,p1527.htm#i15266,James_de_Berkeley_(1),,Berkeley-38,I00027823
Q145980,Q75860495,,,,,,,,,,,,,,,,,,,,,,,,,,,,,,,,,,,,,,,,,p36185.htm#i361842,,,,
Q145981,Q16829521,,,,,,,,,,,,,,,,,,I11724,,,,,,,,,,,,,,,,,,,,,,,p15830.htm#i158297,Anne_Devereux_(2),,Devereux-50,I00027034
Q145982,Q40850487,,,,,,,,,,,,,,,,,,I11725,,,,,,,,,,,,,,,,,,,,,,,p1045.htm#i10450,Maud_Herbert_(1),,Herbert-62,I00015429
Q145983,Q5801965,,,,,,,,,,,,,,,,,,,,,,,,,,,,,,,,,,,,,,,,,p45128.htm#i451278,Richard_Herbert_(10),,Herbert-239,I00041625
Q145984,Q1638516,,,,,,,,,,,,,,,,,,,,,,,,,,,,,p=william;n=herbert,,,,,,,,,,,,p10736.htm#i107359,William_Herbert_(58),,Herbert-192,I00041628
Q145985,Q75387604,,,,,,,,,,,,,,,,,,,,,,,,,,,,,,,,,,,,,,,,,p10756.htm#i107555,,,,
Q145986,Q75420123,,,,,,,,,,,,,,,,,,,,,,,,,,,,,,,,,,,,,,,,,p13047.htm#i130462,,,,
Q145987,Q75495666,,,,,,,,,,,,,,,,,,I11722,,,,,,,,,,,,,,,,,,,,,,,p17674.htm#i176731,,,Herbert-269,I00059134
Q145988,Q76304875,,,,,,,,,,,,,,,,,,,,,,,,,,,,,,,,,,,,,,,,,p67585.htm#i675846,,,,
Q145989,Q76304878,,,,,,,,,,,,,,,,,,,,,,,,,,,,,,,,,,,,,,,,,p67585.htm#i675847,,,,
Q145990,Q76304881,,,,,,,,,,,,,,,,,,,,,,,,,,,,,,,,,,,,,,,,,p67585.htm#i675848,,,,
Q145991,Q76304884,,,,,,,,,,,,,,,,,,,,,,,,,,,,,,,,,,,,,,,,,p67585.htm#i675849,,,,
Q145992,Q76304885,,,,,,,,,,,,,,,,,,,,,,,,,,,,,,,,,,,,,,,,,p67585.htm#i675850,,,,
Q145993,Q76304887,,,,,,,,,,,,,,,,,,,,,,,,,,,,,,,,,,,,,,,,,p67586.htm#i675851,,,,
Q145994,Q76304972,,,,,,,,,,,,,,,,,,,,,,,,,,,,,,,,,,,,,,,,,p67590.htm#i675895,,,De_Herbert-3,
Q145995,Q76277828,,,,,,,,,,,,,,,,,,,,,,,,,,,,,,,,,,,,,,,,,p65765.htm#i657644,,,,
Q145996,Q110332810,,,,,,,,,,,,,,,,,,,,,,,,,,,,,,,,,,,,,,,,,,,,,I00117773
Q145997,Q112533776,,,,,,,,,,,,,,,,,,,,,,,,,,,,,,,,,,,,,,,,,,,,,I00346251
Q145998,Q116146015,,,,,,,,,,,,,,,,,,,,,,,,,,,,,,,,,,,,,,,,,,,,,I00752694
Q145999,Q76305001,,,,,,,,,,,,,,,,,,,,,,,,,,,,,,,,,,,,,,,,,p67592.htm#i675911,,,,
Q146000,Q76305003,,,,,,,,,,,,,,,,,,,,,,,,,,,,,,,,,,,,,,,,,p67592.htm#i675912,,,,
Q146001,Q75769376,,,,,,,,,,,,,,,,,,,,,,,,,,,,,,,,,,,,,,,,,p32488.htm#i324876,,,Herbert-1303,I00433082
Q146002,Q110390634,,,,,,,,,,,,,,,,,,,,,,,,,,,,,,,,,,,,,,,,,,,,,I00764731
Q146003,Q99159382,,,,,,,,,,,,,,,,,,,,,,,,,,,,,,,,,,,,,,,,,,,,,I00346965
Q146004,Q131347029,,,,,,,,,,,,,,,,,,,,,,,,,,,,,,,,,,,,,,,,,,,,,I00807685
Q146005,Q76002358,,,,,,,,,,,,,,,,,,,,,,,,,,,,,,,,,,,,,,,,,p46025.htm#i460249,,,,
Q146006,Q110504482,,,,,,,,,,,,,,,,,,,,,,,,,,,,,,,,,,,,,,,,,,,,,I00752457
Q146007,Q75557091,,,,,,,,,,,,,,,,,,,,,,,,,,,,,,,,,,,,,,,,,p67071.htm#i670706|p67072.htm#i670716|p21104.htm#i211036,,,Herbert-247,I00736774
Q146008,Q130358687,,,,,,,,,,,,,,,,,,,,,,,,,,,,,,,,,,,,,,,,,,,,,I00795982
Q146009,Q18922323,,,,,,,,,,,,,,,,,,,,,,,,,,,,,,,,,,,,,,,,,p19426.htm#i194255,,,Stradling-31,I00028598
Q146010,Q18917540,,,,,,,,,,,,,,,,,,,,,,,,,,,,,,,,,,,,,,,,,p19580.htm#i195794|p69054.htm#i690536,,,Stradling-30,I00113882
Q146011,Q116469660,,,,,,,,,,,,,,,,,,,,,,,,,,,,,,,,,,,,,,,,,,,,,I00776253
Q146012,Q116812085,,,,,,,,,,,,,,,,,,,,,,,,,,,,,,,,,,,,,,,,,,,,Stradling-613,I00319518
Q146013,Q105805919,,,,,,,,,,,,,,,,,,,,,,,,,,,,,,,,,,,,,,,,,,,,,I00692247
Q146014,Q105805943,,,,,,,,,,,,,,,,,,,,,,,,,,,,,,,,,,,,,,,,,,,,Wogan-75,I00737379
Q146015,Q110622432,,,,,,,,,,,,,,,,,,,,,,,,,,,,,,,,,,,,,,,,,,,,Wogan-48,I00700793
Q146016,Q116054316,,,,,,,,,,,,,,,,,,,,,,,,,,,,,,,,,,,,,,,,,,,,,I00702284
Q146017,Q112490914,,,,,,,,,,,,,,,,,,,,,,,,,,,,,,,,,,,,,,,,,,,,,I00754691
Q146018,Q116812571,,,,,,,,,,,,,,,,,,,,,,,,,,,,,,,,,,,,,,,,,,,,,I00760580
Q146019,Q110427820,,,,,,,,,,,,,,,,,,,,,,,,,,,,,,,,,,,,,,,,,,,,,I00366947
Q146020,Q116470912,,,,,,,,,,,,,,,,,,,,,,,,,,,,,,,,,,,,,,,,,,,,,I00764989
Q146021,Q129168276,,,,,,,,,,,,,,,,,,,,,,,,,,,,,,,,,,,,,,,,,,,,,I00749874
Q146022,Q122260537,,,,,,,,,,,,,,,,,,,,,,,,,,,,,,,,,,,,,,,,,,,,,I00753450
Q146023,Q122260504,,,,,,,,,,,,,,,,,,,,,,,,,,,,,,,,,,,,,,,,,,,,,I00753446
Q146024,Q122260607,,,,,,,,,,,,,,,,,,,,,,,,,,,,,,,,,,,,,,,,,,,,,I00708914
Q146025,Q122260610,,,,,,,,,,,,,,,,,,,,,,,,,,,,,,,,,,,,,,,,,,,,,I00761295
Q146026,Q122260453,,,,,,,,,,,,,,,,,,,,,,,,,,,,,,,,,,,,,,,,,,,,,I00751907
Q146027,Q75527836,,,,,,,,,,,,,,,,,,,,,,,,,,,,,,,,,,,,,,,,,p19580.htm#i195795,,,Mathew-20,I00113883
Q146028,Q105872427,,,,,,,,,,,,,,,,,,,,,,,,,,,,,,,,,,,,,,,,,,,,,I00691777
Q146029,Q122260464,,,,,,,,,,,,,,,,,,,,,,,,,,,,,,,,,,,,,,,,,,,,Mathew-534,I00650230
Q146030,Q116146005,,,,,,,,,,,,,,,,,,,,,,,,,,,,,,,,,,,,,,,,,,,,,I00752691
Q146031,Q116146003,,,,,,,,,,,,,,,,,,,,,,,,,,,,,,,,,,,,,,,,,,,,,I00752610
Q146032,Q116812560,,,,,,,,,,,,,,,,,,,,,,,,,,,,,,,,,,,,,,,,,,,,,I00756682
Q146033,Q116812558,,,,,,,,,,,,,,,,,,,,,,,,,,,,,,,,,,,,,,,,,,,,,I00756676
Q146034,Q116812065,,,,,,,,,,,,,,,,,,,,,,,,,,,,,,,,,,,,,,,,,,,,,I00698117
Q146035,Q116146010,,,,,,,,,,,,,,,,,,,,,,,,,,,,,,,,,,,,,,,,,,,,,I00752669
Q146036,Q122260454,,,,,,,,,,,,,,,,,,,,,,,,,,,,,,,,,,,,,,,,,,,,,I00751900
Q146037,Q122260684,,,,,,,,,,,,,,,,,,,,,,,,,,,,,,,,,,,,,,,,,,,,,I00752298
Q146038,Q116170855,,,,,,,,,,,,,,,,,,,,,,,,,,,,,,,,,,,,,,,,,,,,,I00755312
Q146039,Q116469766,,,,,,,,,,,,,,,,,,,,,,,,,,,,,,,,,,,,,,,,,,,,,I00755309
Q146040,Q99068401,,,,,,,,,,,,,,,,,,,,,,,,,,,,,,,,,,,,,,,,,,,,Ferch_Dafydd-15,I00696279
Q146041,Q124324512,,,,,,,,,,,,,,,,,,,,,,,,,,,,,,,,,,,,,,,,,,,,,I00622710
Q146042,Q122260451,,,,,,,,,,,,,,,,,,,,,,,,,,,,,,,,,,,,,,,,,,,,,I00751899
Q146043,Q130340918,,,,,,,,,,,,,,,,,,,,,,,,,,,,,,,,,,,,,,,,,,,,,I00761865
Q146044,Q130358616,,,,,,,,,,,,,,,,,,,,,,,,,,,,,,,,,,,,,,,,,,,,,I00291769
Q146045,Q130358612,,,,,,,,,,,,,,,,,,,,,,,,,,,,,,,,,,,,,,,,,,,,,I00789061
Q146046,Q105819576,,,,,,,,,,,,,,,,,,,,,,,,,,,,,,,,,,,,,,,,,,,,,I00714695
Q146047,Q116470754,,,,,,,,,,,,,,,,,,,,,,,,,,,,,,,,,,,,,,,,,,,,,I00752399
Q146048,Q116470730,,,,,,,,,,,,,,,,,,,,,,,,,,,,,,,,,,,,,,,,,,,,,I00752410
Q146049,Q112608640,,,,,,,,,,,,,,,,,,,,,,,,,,,,,,,,,,,,,,,,,,,,,I00686820
Q146050,Q97532322,,,,,,,,,,,,,,,,,,,,,,,,,,,,,,,,,,,,,,,,,,,,,I00705660
Q146051,Q97532005,,,,,,,,,,,,,,,,,,,,,,,,,,,,,,,,,,,,,,,,,,,,,I00754593
Q146052,Q110390664,,,,,,,,,,,,,,,,,,,,,,,,,,,,,,,,,,,,,,,,,,,,,I00764692
Q146053,Q96075462,,,,,,,,,,,,,,,,,,I4558,,,,,,,,,,,,,,,,,,,,,,,,,,Gunter-349,I00556876
Q146054,Q111525067,,,,,,,,,,,,,,,,,,,,,,,,,,,,,,,,,,,,,,,,,,,,,I00768135
Q146055,Q105826289,,,,,,,,,,,,,,,,,,,,,,,,,,,,,,,,,,,,,,,,,,,,,I00109288
Q146056,Q105819575,,,,,,,,,,,,,,,,,,,,,,,,,,,,,,,,,,,,,,,,,,,,,I00702929
Q146057,Q75420895,,,,,,,,,,,,,,,,,,,,,,,,,,,,,,,,,,,,,,,,,p13100.htm#i130994,,,,I00565112
Q146058,Q116812216,,,,,,,,,,,,,,,,,,,,,,,,,,,,,,,,,,,,,,,,,,,,,I00777392
Q146059,Q116027267,,,,,,,,,,,,,,,,,,,,,,,,,,,,,,,,,,,,,,,,,,,,,I00693386
Q146060,Q116469625,,,,,,,,,,,,,,,,,,,,,,,,,,,,,,,,,,,,,,,,,,,,,I00698001
Q146061,Q116478626,,,,,,,,,,,,,,,,,,,,,,,,,,,,,,,,,,,,,,,,,,,,,I00754469
Q146062,Q127225245,,,,,,,,,,,,,,,,,,,,,,,,,,,,,,,,,,,,,,,,,,,,,I00698112
Q146063,Q116812317,,,,,,,,,,,,,,,,,,,,,,,,,,,,,,,,,,,,,,,,,,,,,I00696705
Q146064,Q116812271,,,,,,,,,,,,,,,,,,,,,,,,,,,,,,,,,,,,,,,,,,,,,I00777330
Q146065,Q116812473,,,,,,,,,,,,,,,,,,,,,,,,,,,,,,,,,,,,,,,,,,,,,I00764539
Q146066,Q116812263,,,,,,,,,,,,,,,,,,,,,,,,,,,,,,,,,,,,,,,,,,,,,I00777368
Q146067,Q130358446,,,,,,,,,,,,,,,,,,,,,,,,,,,,,,,,,,,,,,,,,,,,,I00802815
Q146068,Q127225270,,,,,,,,,,,,,,,,,,,,,,,,,,,,,,,,,,,,,,,,,,,,,I00702936
Q146069,Q56181359,,,,,,,,,,,,,,,,,,,,,,,,,,,,,,,,,,,,,,,,,,,,Ap_Gwilym-21,I00696499
Q146070,Q110622447,,,,,,,,,,,,,,,,,,,,,,,,,,,,,,,,,,,,,,,,,,,,,I00700822
Q146071,Q116812534,,,,,,,,,,,,,,,,,,,,,,,,,,,,,,,,,,,,,,,,,,,,,I00766766
Q146072,Q112490271,,,,,,,,,,,,,,,,,,,,,,,,,,,,,,,,,,,,,,,,,,,,,I00706598
Q146073,Q116812109,,,,,,,,,,,,,,,,,,,,,,,,,,,,,,,,,,,,,,,,,,,,,I00776382
Q146074,Q99211919,,,,,,,,,,,,,,,,,,,,,,,,,,,,,,,,,,,,,,,,,,,,,I00718317
Q146075,Q116054834,,,,,,,,,,,,,,,,,,,,,,,,,,,,,,,,,,,,,,,,,,,,,I00404462
Q146076,Q130358424,,,,,,,,,,,,,,,,,,,,,,,,,,,,,,,,,,,,,,,,,,,,,I00790097
Q146077,Q110559597,,,,,,,,,,,,,,,,,,,,,,,,,,,,,,,,,,,,,,,,,,,,,I00713959
Q146078,Q110347237,,,,,,,,,,,,,,,,,,,,,,,,,,,,,,,,,,,,,,,,,,,,,I00700350
Q146079,Q110347246,,,,,,,,,,,,,,,,,,,,,,,,,,,,,,,,,,,,,,,,,,,,,I00713976
Q146080,Q112491119,,,,,,,,,,,,,,,,,,,,,,,,,,,,,,,,,,,,,,,,,,,,,I00754700
Q146081,Q129168310,,,,,,,,,,,,,,,,,,,,,,,,,,,,,,,,,,,,,,,,,,,,,I00776361
Q146082,Q116053019,,,,,,,,,,,,,,,,,,,,,,,,,,,,,,,,,,,,,,,,,,,,,I00736673
Q146083,Q110621975,,,,,,,,,,,,,,,,,,,,,,,,,,,,,,,,,,,,,,,,,,,,,I00707000
Q146084,Q99084527,,,,,,,,,,,,,,,,,,,,,,,,,,,,,,,,,,,,,,,,,,,,,I00707742
Q146085,Q99084557,,,,,,,,,,,,,,,,,,,,,,,,,,,,,,,,,,,,,,,,,,,,,I00707746
Q146086,Q112963835,,,,,,,,,,,,,,,,,,,,,,,,,,,,,,,,,,,,,,,,,,,,Kemeys-37,I00752625
Q146087,Q110622184,,,,,,,,,,,,,,,,,,,,,,,,,,,,,,,,,,,,,,,,,,,,,I00760445
Q146088,Q110622229,,,,,,,,,,,,,,,,,,,,,,,,,,,,,,,,,,,,,,,,,,,,,I00753843
Q146089,Q116469800,,,,,,,,,,,,,,,,,,,,,,,,,,,,,,,,,,,,,,,,,,,,,I00714715
Q146090,Q112490306,,,,,,,,,,,,,,,,,,,,,,,,,,,,,,,,,,,,,,,,,,,,,I00581027
Q146091,Q130359010,,,,,,,,,,,,,,,,,,,,,,,,,,,,,,,,,,,,,,,,,,,,,I00706784
Q146092,Q116470735,,,,,,,,,,,,,,,,,,,,,,,,,,,,,,,,,,,,,,,,,,,,,I00752394
Q146093,Q130338157,,,,,,,,,,,,,,,,,,,,,,,,,,,,,,,,,,,,,,,,,,,,,I00775017
Q146094,Q110152875,,,,,,,,,,,,,,,,,,,,,,,,,,,,,,,,,,,,,,,,,,,,,I00752627
Q146095,Q116469778,,,,,,,,,,,,,,,,,,,,,,,,,,,,,,,,,,,,,,,,,,,,,I00714664
Q146096,Q110622022,,,,,,,,,,,,,,,,,,,,,,,,,,,,,,,,,,,,,,,,,,,,,I00752276
Q146097,Q110621952,,,,,,,,,,,,,,,,,,,,,,,,,,,,,,,,,,,,,,,,,,,,,I00708388
Q146098,Q130340884,,,,,,,,,,,,,,,,,,,,,,,,,,,,,,,,,,,,,,,,,,,,,I00761321
Q146099,Q110390605,,,,,,,,,,,,,,,,,,,,,,,,,,,,,,,,,,,,,,,,,,,,,I00764742
Q146100,Q110332991,,,,,,,,,,,,,,,,,,,,,,,,,,,,,,,,,,,,,,,,,,,,,I00743667
Q146101,Q110332994,,,,,,,,,,,,,,,,,,,,,,,,,,,,,,,,,,,,,,,,,,,,,I00743664
Q146102,Q116812637,,,,,,,,,,,,,,,,,,,,,,,,,,,,,,,,,,,,,,,,,,,,,I00760499
Q146103,Q112484710,,,,,,,,,,,,,,,,,,,,,,,,,,,,,,,,,,,,,,,,,,,,,I00699533
Q146104,Q110559553,,,,,,,,,,,,,,,,,,,,,,,,,,,,,,,,,,,,,,,,,,,,,I00618319
Q146105,Q131741060,,,,,,,,,,,,,,,,,,,,,,,,,,,,,,,,,,,,,,,,,,,,,I00754583
Q146106,Q116054894,,,,,,,,,,,,,,,,,,,,,,,,,,,,,,,,,,,,,,,,,,,,,I00753777
Q146107,Q116054968,,,,,,,,,,,,,,,,,,,,,,,,,,,,,,,,,,,,,,,,,,,,,I00711084
Q146108,Q116468919,,,,,,,,,,,,,,,,,,,,,,,,,,,,,,,,,,,,,,,,,,,,,I00706890
Q146109,Q110414065,,,,,,,,,,,,,,,,,,,,,,,,,,,,,,,,,,,,,,,,,,,,,I00711425
Q146110,Q130358717,,,,,,,,,,,,,,,,,,,,,,,,,,,,,,,,,,,,,,,,,,,,,I00774902
Q146111,Q116146098,,,,,,,,,,,,,,,,,,,,,,,,,,,,,,,,,,,,,,,,,,,,,I00760383
Q146112,Q131347133,,,,,,,,,,,,,,,,,,,,,,,,,,,,,,,,,,,,,,,,,,,,,I00761252
Q146113,Q133462322,,,,,,,,,,,,,,,,,,,,,,,,,,,,,,,,,,,,,,,,,,,,,I00761300
Q146114,Q104473615,,,,,,,,,,,,,,,,,,,,,,,,,,,,,,,,,,,,,,,,,,,,Tyrwhitt-31,I00472522
Q146115,Q75934228,,,,,,,,,,,,,,,,,,,,,,,,,,,,,,,,,,,,,,,,,p41263.htm#i412624,,,,
Q146116,Q75934236,,,,,,,,,,,,,,,,,,,,,,,,,,,,,,,,,,,,,,,,,p41264.htm#i412631,,,,
Q146117,Q5611991,,,,,,,,,,,,,,,,,,,,,,,,,,,,,,,,,,,,,,,,,p39435.htm#i394341,Gruffydd_Ap_Rhys_Ap_Thomas_(1),,Ap_Rhys-43,I00311098
Q146118,Q76369349,,,,,,,,,,,,,,,,,,,,,,,,,,,,,,,,,,,,,,,,,p71638.htm#i716377,,,,
Q146119,Q76357117,,,,,,,,,,,,,,,,,,,,,,,,,,,,,,,,,,,,,,,,,p70949.htm#i709483,,,,
Q146120,Q110621846,,,,,,,,,,,,,,,,,,,,,,,,,,,,,,,,,,,,,,,,,,,,,I00692193
Q146121,Q112610749,,,,,,,,,,,,,,,,,,,,,,,,,,,,,,,,,,,,,,,,,,,,,I00692188
Q146122,Q135525193,,,,,,,,,,,,,,,,,,,,,,,,,,,,,,,,,,,,,,,,,,,,,I00804154
Q146123,Q99067167,,,,,,,,,,,,,,,,,,,,,,,,,,,,,,,,,,,,,,,,,,,,,I00636982
Q146124,Q75905287,,,,,,,,,,,,,,,,,,,,,,,,,,,,,,,,,,,,,,,,,p39435.htm#i394347,,,Johnes-10,I00027831
Q146125,Q130358407,,,,,,,,,,,,,,,,,,,,,,,,,,,,,,,,,,,,,,,,,,,,,I00689767
Q146126,Q116470847,,,,,,,,,,,,,,,,,,,,,,,,,,,,,,,,,,,,,,,,,,,,,I00752525
Q146127,Q130358417,,,,,,,,,,,,,,,,,,,,,,,,,,,,,,,,,,,,,,,,,,,,,I00803690
Q146128,Q130358570,,,,,,,,,,,,,,,,,,,,,,,,,,,,,,,,,,,,,,,,,,,,,I00802852
Q146129,Q131342898,,,,,,,,,,,,,,,,,,,,,,,,,,,,,,,,,,,,,,,,,,,,,I00807231
Q146130,Q131347174,,,,,,,,,,,,,,,,,,,,,,,,,,,,,,,,,,,,,,,,,,,,,I00761260
Q146131,Q131347134,,,,,,,,,,,,,,,,,,,,,,,,,,,,,,,,,,,,,,,,,,,,,I00761254
Q146132,Q133462317,,,,,,,,,,,,,,,,,,,,,,,,,,,,,,,,,,,,,,,,,,,,,I00761302
Q146133,Q99239037,,,,,,,,,,,,,,,,,,,,,,,,,,,,,,,,,,,,,,,,,,,,,I00696659
Q146134,Q99239030,,,,,,,,,,,,,,,,,,,,,,,,,,,,,,,,,,,,,,,,,,,,,I00291773
Q146135,Q110623991,,,,,,,,,,,,,,,,,,,,,,,,,,,,,,,,,,,,,,,,,,,,,I00756783
Q146136,Q110624020,,,,,,,,,,,,,,,,,,,,,,,,,,,,,,,,,,,,,,,,,,,,,I00314007
Q146137,Q112610902,,,,,,,,,,,,,,,,,,,,,,,,,,,,,,,,,,,,,,,,,,,,,I00689648
Q146138,Q75990295,,,,,,,,,,,,,,,,,,,,,,,,,,,,,,,,,,,,,,,,,p45241.htm#i452401,,,,I00586493
Q146139,Q110333038,,,,,,,,,,,,,,,,,,,,,,,,,,,,,,,,,,,,,,,,,,,,,I00707419
Q146140,Q75912426,,,,,,,,,,,,,,,,,,,,,,,,,,,,,,,,,,,,,,,,,p39899.htm#i398982,,,,I00586407
Q146141,Q75912427,,,,,,,,,,,,,,,,,,,,,,,,,,,,,,,,,,,,,,,,,p39899.htm#i398983,,,,I00586389
Q146142,Q110333021,,,,,,,,,,,,,,,,,,,,,,,,,,,,,,,,,,,,,,,,,,,,,I00568626
Q146143,Q110332828,,,,,,,,,,,,,,,,,,,,,,,,,,,,,,,,,,,,,,,,,,,,,I00568580
Q146144,Q130340469,,,,,,,,,,,,,,,,,,,,,,,,,,,,,,,,,,,,,,,,,,,,,I00750825
Q146145,Q130340188,,,,,,,,,,,,,,,,,,,,,,,,,,,,,,,,,,,,,,,,,,,,,I00570144
Q146146,Q105814309,,,,,,,,,,,,,,,,,,,,,,,,,,,,,,,,,,,,,,,,,,,,,I00708409
Q146147,Q105814295,,,,,,,,,,,,,,,,,,,,,,,,,,,,,,,,,,,,,,,,,,,,,I00750174
Q146148,Q110621842,,,,,,,,,,,,,,,,,,,,,,,,,,,,,,,,,,,,,,,,,,,,,I00692191
Q146149,Q130341461,,,,,,,,,,,,,,,,,,,,,,,,,,,,,,,,,,,,,,,,,,,,Wogan-44,I00802098
Q146150,Q131347042,,,,,,,,,,,,,,,,,,,,,,,,,,,,,,,,,,,,,,,,,,,,,I00749919
Q146151,Q117306996,,,,,,,,,,,,,,,,,,,,,,,,,,,,,,,,,,,,,,,,,,,,,I00701554
Q146152,Q117306993,,,,,,,,,,,,,,,,,,,,,,,,,,,,,,,,,,,,,,,,,,,,,I00692685
Q146153,Q75769371,,,,,,,,,,,,,,,,,,,,,,,,,,,,,,,,,,,,,,,,,p32488.htm#i324874,,,Scull-5,I00048320
Q146154,Q105819580,,,,,,,,,,,,,,,,,,,,,,,,,,,,,,,,,,,,,,,,,,,,,I00715069
Q146155,Q116145624,,,,,,,,,,,,,,,,,,,,,,,,,,,,,,,,,,,,,,,,,,,,Aubrey-29,I00732598
Q146156,Q116812219,,,,,,,,,,,,,,,,,,,,,,,,,,,,,,,,,,,,,,,,,,,,,I00698110
Q146157,Q97532004,,,,,,,,,,,,,,,,,,,,,,,,,,,,,,,,,,,,,,,,,,,,,I00291746
Q146158,Q116812298,,,,,,,,,,,,,,,,,,,,,,,,,,,,,,,,,,,,,,,,,,,,,I00764781
Q146159,Q110412869,,,,,,,,,,,,,,,,,,,,,,,,,,,,,,,,,,,,,,,,,,,,,I00701583
Q146160,Q112610969,,,,,,,,,,,,,,,,,,,,,,,,,,,,,,,,,,,,,,,,,,,,,I00696692
Q146161,Q131346914,,,,,,,,,,,,,,,,,,,,,,,,,,,,,,,,,,,,,,,,,,,,,I00805791
Q146162,Q130358394,,,,,,,,,,,,,,,,,,,,,,,,,,,,,,,,,,,,,,,,,,,,,I00759259
Q146163,Q130358416,,,,,,,,,,,,,,,,,,,,,,,,,,,,,,,,,,,,,,,,,,,,,I00801813
Q146164,Q112610852,,,,,,,,,,,,,,,,,,,,,,,,,,,,,,,,,,,,,,,,,,,,,I00696668
Q146165,Q112610849,,,,,,,,,,,,,,,,,,,,,,,,,,,,,,,,,,,,,,,,,,,,,I00689646
Q146166,Q130358592,,,,,,,,,,,,,,,,,,,,,,,,,,,,,,,,,,,,,,,,,,,,,I00802859
Q146167,Q130358386,,,,,,,,,,,,,,,,,,,,,,,,,,,,,,,,,,,,,,,,,,,,,I00802849
Q146168,Q130358705,,,,,,,,,,,,,,,,,,,,,,,,,,,,,,,,,,,,,,,,,,,,,I00709755
Q146169,Q130358392,,,,,,,,,,,,,,,,,,,,,,,,,,,,,,,,,,,,,,,,,,,,,I00759257
Q146170,Q112610890,,,,,,,,,,,,,,,,,,,,,,,,,,,,,,,,,,,,,,,,,,,,,I00692208
Q146171,Q112610882,,,,,,,,,,,,,,,,,,,,,,,,,,,,,,,,,,,,,,,,,,,,,I00687794
Q146172,Q130359004,,,,,,,,,,,,,,,,,,,,,,,,,,,,,,,,,,,,,,,,,,,,,I00710044
Q146173,Q130359002,,,,,,,,,,,,,,,,,,,,,,,,,,,,,,,,,,,,,,,,,,,,,I00696891
Q146174,Q130359198,,,,,,,,,,,,,,,,,,,,,,,,,,,,,,,,,,,,,,,,,,,,,I00701142
Q146175,Q116146039,,,,,,,,,,,,,,,,,,,,,,,,,,,,,,,,,,,,,,,,,,,,,I00710077
Q146176,Q116812056,,,,,,,,,,,,,,,,,,,,,,,,,,,,,,,,,,,,,,,,,,,,,I00736985
Q146177,Q116812227,,,,,,,,,,,,,,,,,,,,,,,,,,,,,,,,,,,,,,,,,,,,,I00777393
Q146178,Q130358954,,,,,,,,,,,,,,,,,,,,,,,,,,,,,,,,,,,,,,,,,,,,,I00696884
Q146179,Q116145635,,,,,,,,,,,,,,,,,,,,,,,,,,,,,,,,,,,,,,,,,,,,,I00732599
Q146180,Q116146712,,,,,,,,,,,,,,,,,,,,,,,,,,,,,,,,,,,,,,,,,,,,,I00709772
Q146181,Q130358404,,,,,,,,,,,,,,,,,,,,,,,,,,,,,,,,,,,,,,,,,,,,,I00689766
Q146182,Q110622479,,,,,,,,,,,,,,,,,,,,,,,,,,,,,,,,,,,,,,,,,,,,,I00755523
Q146183,Q110622482,,,,,,,,,,,,,,,,,,,,,,,,,,,,,,,,,,,,,,,,,,,,,I00755524
Q146184,Q110413649,,,,,,,,,,,,,,,,,,,,,,,,,,,,,,,,,,,,,,,,,,,,Ap_Gwalter-2,I00755205
Q146185,Q110413096,,,,,,,,,,,,,,,,,,,,,,,,,,,,,,,,,,,,,,,,,,,,Russell-703,I00706517
Q146186,Q110413098,,,,,,,,,,,,,,,,,,,,,,,,,,,,,,,,,,,,,,,,,,,,Moethe-1,I00696259
Q146187,Q110412815,,,,,,,,,,,,,,,,,,,,,,,,,,,,,,,,,,,,,,,,,,,,,I00689432
Q146188,Q112529509,,,,,,,,,,,,,,,,,,,,,,,,,,,,,,,,,,,,,,,,,,,,Newton-253,I00264615
Q146189,Q99239169,,,,,,,,,,,,,,,,,,,,,,,,,,,,,,,,,,,,,,,,,,,,,I00710101
Q146190,Q130359192,,,,,,,,,,,,,,,,,,,,,,,,,,,,,,,,,,,,,,,,,,,,,I00760435
Q146191,Q99239136,,,,,,,,,,,,,,,,,,,,,,,,,,,,,,,,,,,,,,,,,,,,,I00715789
Q146192,Q99239138,,,,,,,,,,,,,,,,,,,,,,,,,,,,,,,,,,,,,,,,,,,,,I00706557
Q146193,Q99239121,,,,,,,,,,,,,,,,,,,,,,,,,,,,,,,,,,,,,,,,,,,,,I00700821
Q146194,Q105805938,,,,,,,,,,,,,,,,,,,,,,,,,,,,,,,,,,,,,,,,,,,,,I00696260
Q146195,Q110622428,,,,,,,,,,,,,,,,,,,,,,,,,,,,,,,,,,,,,,,,,,,,,I00700852
Q146196,Q110622423,,,,,,,,,,,,,,,,,,,,,,,,,,,,,,,,,,,,,,,,,,,,,I00692212
Q146197,Q110635913,,,,,,,,,,,,,,,,,,,,,,,,,,,,,,,,,,,,,,,,,,,,,I00710095
Q146198,Q110635914,,,,,,,,,,,,,,,,,,,,,,,,,,,,,,,,,,,,,,,,,,,,,I00706283
Q146199,Q110635918,,,,,,,,,,,,,,,,,,,,,,,,,,,,,,,,,,,,,,,,,,,,,I00708765
Q146200,Q110635909,,,,,,,,,,,,,,,,,,,,,,,,,,,,,,,,,,,,,,,,,,,,,I00696695
Q146201,Q117307052,,,,,,,,,,,,,,,,,,,,,,,,,,,,,,,,,,,,,,,,,,,,,I00701148
Q146202,Q112610846,,,,,,,,,,,,,,,,,,,,,,,,,,,,,,,,,,,,,,,,,,,,,I00692415
Q146203,Q117307004,,,,,,,,,,,,,,,,,,,,,,,,,,,,,,,,,,,,,,,,,,,,,I00701561
Q146204,Q131342919,,,,,,,,,,,,,,,,,,,,,,,,,,,,,,,,,,,,,,,,,,,,,I00806200
Q146205,Q131346860,,,,,,,,,,,,,,,,,,,,,,,,,,,,,,,,,,,,,,,,,,,,,I00807844
Q146206,Q112610758,,,,,,,,,,,,,,,,,,,,,,,,,,,,,,,,,,,,,,,,,,,,,I00639049
Q146207,Q130340863,,,,,,,,,,,,,,,,,,,,,,,,,,,,,,,,,,,,,,,,,,,,,I00777729
Q146208,Q130340793,,,,,,,,,,,,,,,,,,,,,,,,,,,,,,,,,,,,,,,,,,,,,I00777726
Q146209,Q130340881,,,,,,,,,,,,,,,,,,,,,,,,,,,,,,,,,,,,,,,,,,,,,I00709967
Q146210,Q130340873,,,,,,,,,,,,,,,,,,,,,,,,,,,,,,,,,,,,,,,,,,,,,I00696880
Q146211,Q110636911,,,,,,,,,,,,,,,,,,,,,,,,,,,,,,,,,,,,,,,,,,,,,I00710074
Q146212,Q116055698,,,,,,,,,,,,,,,,,,,,,,,,,,,,,,,,,,,,,,,,,,,,,I00709777
Q146213,Q96244022,,,,,,,,,,,,,,,,,,,,,,,,,,,,,,,,,,,,,,,,,,,,,I00699997
Q146214,Q96243838,,,,,,,,,,,,,,,,,,,,,,,,,,,,,p=gruffudd;n=yale,,,,,,,,,,,,,,,Ab_Einion-8,I00205262
Q146215,Q99302473,,,,,,,,,,,,,,,,,,,,,,,,,,,,,,,,,,,,,,,,,,,,,I00702219
Q146216,Q110414098,,,,,,,,,,,,,,,,,,,,,,,,,,,,,,,,,,,,,,,,,,,,,I00750305
Q146217,Q105814336,,,,,,,,,,,,,,,,,,,,,,,,,,,,,,,,,,,,,,,,,,,,,I00701530
Q146218,Q110414056,,,,,,,,,,,,,,,,,,,,,,,,,,,,,,,,,,,,,,,,,,,,,I00697188
Q146219,Q133461812,,,,,,,,,,,,,,,,,,,,,,,,,,,,,,,,,,,,,,,,,,,,,I00788939
Q146220,Q130358743,,,,,,,,,,,,,,,,,,,,,,,,,,,,,,,,,,,,,,,,,,,,,I00701139
Q146221,Q112610858,,,,,,,,,,,,,,,,,,,,,,,,,,,,,,,,,,,,,,,,,,,,,I00700839
Q146222,Q133461300,,,,,,,,,,,,,,,,,,,,,,,,,,,,,,,,,,,,,,,,,,,,,I00709794
Q146223,Q116146781,,,,,,,,,,,,,,,,,,,,,,,,,,,,,,,,,,,,,,,,,,,,,I00709946
Q146224,Q116146779,,,,,,,,,,,,,,,,,,,,,,,,,,,,,,,,,,,,,,,,,,,,,I00701114
Q146225,Q133461088,,,,,,,,,,,,,,,,,,,,,,,,,,,,,,,,,,,,,,,,,,,,,I00757201
Q146226,Q133461266,,,,,,,,,,,,,,,,,,,,,,,,,,,,,,,,,,,,,,,,,,,,,I00759633
Q146227,Q110412993,,,,,,,,,,,,,,,,,,,,,,,,,,,,,,,,,,,,,,,,,,,,,I00706504
Q146228,Q133461613,,,,,,,,,,,,,,,,,,,,,,,,,,,,,,,,,,,,,,,,,,,,,I00803761
Q146229,Q133461611,,,,,,,,,,,,,,,,,,,,,,,,,,,,,,,,,,,,,,,,,,,,,I00803754
Q146230,Q133461636,,,,,,,,,,,,,,,,,,,,,,,,,,,,,,,,,,,,,,,,,,,,,I00701091
Q146231,Q133462346,,,,,,,,,,,,,,,,,,,,,,,,,,,,,,,,,,,,,,,,,,,,,I00761309
Q146232,Q130358602,,,,,,,,,,,,,,,,,,,,,,,,,,,,,,,,,,,,,,,,,,,,,I00776377
Q146233,Q131138835,,,,,,,,,,,,,,,,,,,,,,,,,,,,,,,,,,,,,,,,,,,,,I00775404
Q146234,Q130358911,,,,,,,,,,,,,,,,,,,,,,,,,,,,,,,,,,,,,,,,,,,,,I00701154
Q146235,Q133461603,,,,,,,,,,,,,,,,,,,,,,,,,,,,,,,,,,,,,,,,,,,,,I00803769
Q146236,Q110413702,,,,,,,,,,,,,,,,,,,,,,,,,,,,,,,,,,,,,,,,,,,,,I00708439
Q146237,Q130358530,,,,,,,,,,,,,,,,,,,,,,,,,,,,,,,,,,,,,,,,,,,,,I00790001
Q146238,Q133461607,,,,,,,,,,,,,,,,,,,,,,,,,,,,,,,,,,,,,,,,,,,,,I00803773
Q146239,Q133461604,,,,,,,,,,,,,,,,,,,,,,,,,,,,,,,,,,,,,,,,,,,,,I00803770
Q146240,Q110383285,,,,,,,,,,,,,,,,,,,,,,,,,,,,,,,,,,,,,,,,,,,,,I00707416
Q146241,Q116146771,,,,,,,,,,,,,,,,,,,,,,,,,,,,,,,,,,,,,,,,,,,,,I00701112
Q146242,Q133461324,,,,,,,,,,,,,,,,,,,,,,,,,,,,,,,,,,,,,,,,,,,,,I00768363
Q146243,Q76215138,,,,,,,,,,,,,,,,,,,,,,,,,,,,,,,,,,,,,,,,,p61058.htm#i610578,Angharad_Verch_Dafydd_(1),,Ferch_Dafydd-14,I00499071
Q146244,Q131347145,,,,,,,,,,,,,,,,,,,,,,,,,,,,,,,,,,,,,,,,,,,,,I00795960
Q146245,Q133462117,,,,,,,,,,,,,,,,,,,,,,,,,,,,,,,,,,,,,,,,,,,,,I00788894
Q146246,Q116469789,,,,,,,,,,,,,,,,,,,,,,,,,,,,,,,,,,,,,,,,,,,,,I00714674
Q146247,Q116469790,,,,,,,,,,,,,,,,,,,,,,,,,,,,,,,,,,,,,,,,,,,,,I00714615
Q146248,Q116469783,,,,,,,,,,,,,,,,,,,,,,,,,,,,,,,,,,,,,,,,,,,,,I00714668
Q146249,Q116469781,,,,,,,,,,,,,,,,,,,,,,,,,,,,,,,,,,,,,,,,,,,,,I00697999
Q146250,Q130358946,,,,,,,,,,,,,,,,,,,,,,,,,,,,,,,,,,,,,,,,,,,,,I00701123
Q146251,Q130358978,,,,,,,,,,,,,,,,,,,,,,,,,,,,,,,,,,,,,,,,,,,,,I00701129
Q146252,Q116478669,,,,,,,,,,,,,,,,,,,,,,,,,,,,,,,,,,,,,,,,,,,,,I00755123
Q146253,Q133461596,,,,,,,,,,,,,,,,,,,,,,,,,,,,,,,,,,,,,,,,,,,,,I00803776
Q146254,Q133461818,,,,,,,,,,,,,,,,,,,,,,,,,,,,,,,,,,,,,,,,,,,,,I00788944
Q146255,Q133462307,,,,,,,,,,,,,,,,,,,,,,,,,,,,,,,,,,,,,,,,,,,,,I00759268
Q146256,Q99302452,,,,,,,,,,,,,,,,,,,,,,,,,,,,,,,,,,,,,,,,,,,,,I00696565
Q146257,Q99302444,,,,,,,,,,,,,,,,,,,,,,,,,,,,,,,,,,,,,,,,,,,,,I00689582
Q146258,Q106703056,,,,,,,,,,,,,,,,,,,,,,,,,,,,,,,,,,,,,,,,,,,,,I00702775
Q146259,Q116146758,,,,,,,,,,,,,,,,,,,,,,,,,,,,,,,,,,,,,,,,,,,,,I00709910
Q146260,Q99069758,,,,,,,,,,,,,,,,,,,,,,,,,,,,,,,,,,,,,,,,,,,,Dafydd-49,I00618344
Q146261,Q112643852,,,,,,,,,,,,,,,,,,,,,,,,,,,,,,,,,,,,,,,,,,,,,I00711602
Q146262,Q133461325,,,,,,,,,,,,,,,,,,,,,,,,,,,,,,,,,,,,,,,,,,,,,I00768365
Q146263,Q133462113,,,,,,,,,,,,,,,,,,,,,,,,,,,,,,,,,,,,,,,,,,,,,I00788892
Q146264,Q130358581,,,,,,,,,,,,,,,,,,,,,,,,,,,,,,,,,,,,,,,,,,,,,I00709759
Q146265,Q130358575,,,,,,,,,,,,,,,,,,,,,,,,,,,,,,,,,,,,,,,,,,,,,I00802867
Q146266,Q131138751,,,,,,,,,,,,,,,,,,,,,,,,,,,,,,,,,,,,,,,,,,,,,I00775386
Q146267,Q110413112,,,,,,,,,,,,,,,,,,,,,,,,,,,,,,,,,,,,,,,,,,,,,I00706521
Q146268,Q130358950,,,,,,,,,,,,,,,,,,,,,,,,,,,,,,,,,,,,,,,,,,,,,I00709983
Q146269,Q133461315,,,,,,,,,,,,,,,,,,,,,,,,,,,,,,,,,,,,,,,,,,,,,I00757246
Q146270,Q133461295,,,,,,,,,,,,,,,,,,,,,,,,,,,,,,,,,,,,,,,,,,,,,I00709788
Q146271,Q133461333,,,,,,,,,,,,,,,,,,,,,,,,,,,,,,,,,,,,,,,,,,,,,I00768377
Q146272,Q133461331,,,,,,,,,,,,,,,,,,,,,,,,,,,,,,,,,,,,,,,,,,,,,I00768370
Q146273,Q130358914,,,,,,,,,,,,,,,,,,,,,,,,,,,,,,,,,,,,,,,,,,,,,I00710123
Q146274,Q110413696,,,,,,,,,,,,,,,,,,,,,,,,,,,,,,,,,,,,,,,,,,,,,I00757347
Q146275,Q133461586,,,,,,,,,,,,,,,,,,,,,,,,,,,,,,,,,,,,,,,,,,,,,I00757369
Q146276,Q133461422,,,,,,,,,,,,,,,,,,,,,,,,,,,,,,,,,,,,,,,,,,,,,I00757363
Q146277,Q110636958,,,,,,,,,,,,,,,,,,,,,,,,,,,,,,,,,,,,,,,,,,,,,I00163453
Q146278,Q110413667,,,,,,,,,,,,,,,,,,,,,,,,,,,,,,,,,,,,,,,,,,,,,I00759409
Q146279,Q105805905,,,,,,,,,,,,,,,,,,,,,,,,,,,,,,,,,,,,,,,,,,,,,I00696726
Q146280,Q112610940,,,,,,,,,,,,,,,,,,,,,,,,,,,,,,,,,,,,,,,,,,,,,I00696687
Q146281,Q116812231,,,,,,,,,,,,,,,,,,,,,,,,,,,,,,,,,,,,,,,,,,,,,I00777396
Q146282,Q130359186,,,,,,,,,,,,,,,,,,,,,,,,,,,,,,,,,,,,,,,,,,,,,I00710059
Q146283,Q130342850,,,,,,,,,,,,,,,,,,,,,,,,,,,,,,,,,,,,,,,,,,,,Ap_Henry-3,I00708977
Q146284,Q112610950,,,,,,,,,,,,,,,,,,,,,,,,,,,,,,,,,,,,,,,,,,,,,I00708739
Q146285,Q130342853,,,,,,,,,,,,,,,,,,,,,,,,,,,,,,,,,,,,,,,,,,,,,I00708980
Q146286,Q130342856,,,,,,,,,,,,,,,,,,,,,,,,,,,,,,,,,,,,,,,,,,,,,I00760722
Q146287,Q76154299,,,,,,,,,,,,,,,,,,,,,,,,,,,,,,,,,,,,,,,,,p56809.htm#i568083,,,,I00700911
Q146288,Q76326178,,,,,,,,,,,,,,,,,,,,,,,,,,,,,,,,,,,,,,,,,p69045.htm#i690443,,,,
Q146289,Q76154304,,,,,,,,,,,,,,,,,,,,,,,,,,,,,,,,,,,,,,,,,p56809.htm#i568087,,,,I00692245
Q146290,Q76154306,,,,,,,,,,,,,,,,,,,,,,,,,,,,,,,,,,,,,,,,,p56809.htm#i568088,,,Phillips-2614,I00686823
Q146291,Q130358908,,,,,,,,,,,,,,,,,,,,,,,,,,,,,,,,,,,,,,,,,,,,,I00710117
Q146292,Q112610961,,,,,,,,,,,,,,,,,,,,,,,,,,,,,,,,,,,,,,,,,,,,,I00708503
Q146293,Q112610956,,,,,,,,,,,,,,,,,,,,,,,,,,,,,,,,,,,,,,,,,,,,,I00696690
Q146294,Q133462323,,,,,,,,,,,,,,,,,,,,,,,,,,,,,,,,,,,,,,,,,,,,,I00761301
Q146295,Q112610783,,,,,,,,,,,,,,,,,,,,,,,,,,,,,,,,,,,,,,,,,,,,,I00696651
Q146296,Q116478494,,,,,,,,,,,,,,,,,,,,,,,,,,,,,,,,,,,,,,,,,,,,,I00720563
Q146297,Q130358396,,,,,,,,,,,,,,,,,,,,,,,,,,,,,,,,,,,,,,,,,,,,,I00759262
Q146298,Q122260463,,,,,,,,,,,,,,,,,,,,,,,,,,,,,,,,,,,,,,,,,,,,Mathew-535,I00650223
Q146299,Q130358423,,,,,,,,,,,,,,,,,,,,,,,,,,,,,,,,,,,,,,,,,,,,,I00790095
Q146300,Q130358371,,,,,,,,,,,,,,,,,,,,,,,,,,,,,,,,,,,,,,,,,,,,,I00802807
Q146301,Q130358395,,,,,,,,,,,,,,,,,,,,,,,,,,,,,,,,,,,,,,,,,,,,,I00759261
Q146302,Q110623951,,,,,,,,,,,,,,,,,,,,,,,,,,,,,,,,,,,,,,,,,,,,,I00692408
Q146303,Q131347159,,,,,,,,,,,,,,,,,,,,,,,,,,,,,,,,,,,,,,,,,,,,,I00708785
Q146304,Q131347153,,,,,,,,,,,,,,,,,,,,,,,,,,,,,,,,,,,,,,,,,,,,,I00761248
Q146305,Q116812308,,,,,,,,,,,,,,,,,,,,,,,,,,,,,,,,,,,,,,,,,,,,,I00777286
Q146306,Q110412822,,,,,,,,,,,,,,,,,,,,,,,,,,,,,,,,,,,,,,,,,,,,,I00691933
Q146307,Q133461126,,,,,,,,,,,,,,,,,,,,,,,,,,,,,,,,,,,,,,,,,,,,,I00757224
Q146308,Q99085535,,,,,,,,,,,,,,,,,,,,,,,,,,,,,,,,,,,,,,,,,,,,,I00708796
Q146309,Q130358985,,,,,,,,,,,,,,,,,,,,,,,,,,,,,,,,,,,,,,,,,,,,,I00710017
Q146310,Q130359232,,,,,,,,,,,,,,,,,,,,,,,,,,,,,,,,,,,,,,,,,,,,,I00774688
Q146311,Q130359220,,,,,,,,,,,,,,,,,,,,,,,,,,,,,,,,,,,,,,,,,,,,,I00708629
Q146312,Q110560234,,,,,,,,,,,,,,,,,,,,,,,,,,,,,,,,,,,,,,,,,,,,,I00690059
Q146313,Q110560212,,,,,,,,,,,,,,,,,,,,,,,,,,,,,,,,,,,,,,,,,,,,,I00706052
Q146314,Q129168281,,,,,,,,,,,,,,,,,,,,,,,,,,,,,,,,,,,,,,,,,,,,,I00749877
Q146315,Q116178158,,,,,,,,,,,,,,,,,,,,,,,,,,,,,,,,,,,,,,,,,,,,,I00764705
Q146316,Q97532240,,,,,,,,,,,,,,,,,,,,,,,,,,,,,,,,,,,,,,,,,,,,,I00708865
Q146317,Q116812476,,,,,,,,,,,,,,,,,,,,,,,,,,,,,,,,,,,,,,,,,,,,,I00764542
Q146318,Q116146067,,,,,,,,,,,,,,,,,,,,,,,,,,,,,,,,,,,,,,,,,,,,,I00708769
Q146319,Q130358957,,,,,,,,,,,,,,,,,,,,,,,,,,,,,,,,,,,,,,,,,,,,,I00709987
Q146320,Q112964847,,,,,,,,,,,,,,,,,,,,,,,,,,,,,,,,,,,,,,,,,,,,,I00764885
Q146321,Q131741096,,,,,,,,,,,,,,,,,,,,,,,,,,,,,,,,,,,,,,,,,,,,,I00764872
Q146322,Q131741049,,,,,,,,,,,,,,,,,,,,,,,,,,,,,,,,,,,,,,,,,,,,,I00764802
Q146323,Q116812259,,,,,,,,,,,,,,,,,,,,,,,,,,,,,,,,,,,,,,,,,,,,,I00777376
Q146324,Q116812254,,,,,,,,,,,,,,,,,,,,,,,,,,,,,,,,,,,,,,,,,,,,,I00777366
Q146325,Q116812285,,,,,,,,,,,,,,,,,,,,,,,,,,,,,,,,,,,,,,,,,,,,,I00777332
Q146326,Q116812296,,,,,,,,,,,,,,,,,,,,,,,,,,,,,,,,,,,,,,,,,,,,,I00764785
Q146327,Q127225247,,,,,,,,,,,,,,,,,,,,,,,,,,,,,,,,,,,,,,,,,,,,,I00698114
Q146328,Q116470824,,,,,,,,,,,,,,,,,,,,,,,,,,,,,,,,,,,,,,,,,,,,,I00776242
Q146329,Q110662967,,,,,,,,,,,,,,,,,,,,,,,,,,,,,,,,,,,,,,,,,,,,,I00752602
Q146330,Q122361620,,,,,,,,,,,,,,,,,,,,,,,,,,,,,,,,,,,,,,,,,,,,,I00754689
Q146331,Q76204605,,,,,,,,,,,,,,,,,,,,,,,,,,,,,,,,,,,,,,,,,p60229.htm#i602283,,,,I00804973
Q146332,Q130339035,,,,,,,,,,,,,,,,,,,,,,,,,,,,,,,,,,,,,,,,,,,,,I00757313
Q146333,Q116054816,,,,,,,,,,,,,,,,,,,,,,,,,,,,,,,,,,,,,,,,,,,,,I00760222
Q146334,Q116109155,,,,,,,,,,,,,,,,,,,,,,,,,,,,,,,,,,,,,,,,,,,,,I00757326
Q146335,Q130340309,,,,,,,,,,,,,,,,,,,,,,,,,,,,,,,,,,,,,,,,,,,,,I00775259
Q146336,Q116116164,,,,,,,,,,,,,,,,,,,,,,,,,,,,,,,,,,,,,,,,,,,,,I00706222
Q146337,Q99071798,,,,,,,,,,,,,,,,,,,,,,,,,,,,,,,,,,,,,,,,,,,,Ab_Adda-4,I00589162
Q146338,Q130340325,,,,,,,,,,,,,,,,,,,,,,,,,,,,,,,,,,,,,,,,,,,,,I00760880
Q146339,Q112532459,,,,,,,,,,,,,,,,,,,,,,,,,,,,,,,,,,,,,,,,,,,,,I00760170
Q146340,Q106703122,,,,,,,,,,,,,,,,,,,,,,,,,,,,,,,,,,,,,,,,,,,,,I00753770
Q146341,Q99302467,,,,,,,,,,,,,,,,,,,,,,,,,,,,,,,,,,,,,,,,,,,,,I00708524
Q146342,Q106703090,,,,,,,,,,,,,,,,,,,,,,,,,,,,,,,,,,,,,,,,,,,,Ap_Rhirid-11,I00700602
Q146343,Q110585394,,,,,,,,,,,,,,,,,,,,,,,,,,,,,,,,,,,,,,,,,,,,,I00708217
Q146344,Q110441758,,,,,,,,,,,,,,,,,,,,,,,,,,,,,,,,,,,,,,,,,,,,,I00750934
Q146345,Q116478243,,,,,,,,,,,,,,,,,,,,,,,,,,,,,,,,,,,,,,,,,,,,,I00764522
Q146346,Q99072588,,,,,,,,,,,,,,,,,,,,,,,,,,,,,,,,,,,,,,,,,,,,,I00706206
Q146347,Q110636458,,,,,,,,,,,,,,,,,,,,,,,,,,,,,,,,,,,,,,,,,,,,,I00751805
Q146348,Q112531549,,,,,,,,,,,,,,,,,,,,,,,,,,,,,,,,,,,,,,,,,,,,,I00713802
Q146349,Q99071981,,,,,,,,,,,,,,,,,,,,,,,,,,,,,,,,,,,,,,,,,,,,,I00713792
Q146350,Q116055551,,,,,,,,,,,,,,,,,,,,,,,,,,,,,,,,,,,,,,,,,,,,,I00764234
Q146351,Q116148061,,,,,,,,,,,,,,,,,,,,,,,,,,,,,,,,,,,,,,,,,,,,,I00723197
Q146352,Q75961214,,,,,,,,,,,,,,,,,,,,,,,,,,,,,,,,,,,,,,,,,p43221.htm#i432201,,,,
Q146353,Q110635491,,,,,,,,,,,,,,,,,,,,,,,,,,,,,,,,,,,,,,,,,,,,,I00749174
Q146354,Q75961219,,,,,,,,,,,,,,,,,,,,,,,,,,,,,,,,,,,,,,,,,p43221.htm#i432205,,,,I00749170
Q146355,Q75961221,,,,,,,,,,,,,,,,,,,,,,,,,,,,,,,,,,,,,,,,,p43221.htm#i432206,,,,I00706130
Q146356,Q110635456,,,,,,,,,,,,,,,,,,,,,,,,,,,,,,,,,,,,,,,,,,,,,I00759876
Q146357,Q110635440,,,,,,,,,,,,,,,,,,,,,,,,,,,,,,,,,,,,,,,,,,,,,I00751100
Q146358,Q116054494,,,,,,,,,,,,,,,,,,,,,,,,,,,,,,,,,,,,,,,,,,,,,I00706017
Q146359,Q116055409,,,,,,,,,,,,,,,,,,,,,,,,,,,,,,,,,,,,,,,,,,,,,I00454381
Q146360,Q99302440,,,,,,,,,,,,,,,,,,,,,,,,,,,,,,,,,,,,,,,,,,,,,I00709715
Q146361,Q110439512,,,,,,,,,,,,,,,,,,,,,,,,,,,,,,,,,,,,,,,,,,,,,I00755713
Q146362,Q110441663,,,,,,,,,,,,,,,,,,,,,,,,,,,,,,,,,,,,,,,,,,,,,I00750154
Q146363,Q110636422,,,,,,,,,,,,,,,,,,,,,,,,,,,,,,,,,,,,,,,,,,,,,I00311443
Q146364,Q116478348,,,,,,,,,,,,,,,,,,,,,,,,,,,,,,,,,,,,,,,,,,,,,I00756325
Q146365,Q116147712,,,,,,,,,,,,,,,,,,,,,,,,,,,,,,,,,,,,,,,,,,,,,I00750251
Q146366,Q99075723,,,,,,,,,,,,,,,,,,,,,,,,,,,,,,,,,,,,,,,,,,,,Ferch_Gruffydd-23,I00706073
Q146367,Q99069845,,,,,,,,,,,,,,,,,,,,,,,,,,,,,,,,,,,,,,,,,,,,,I00706183
Q146368,Q110290664,,,,,,,,,,,,,,,,,,,,,,,,,,,,,,,,,,,,,,,,,,,,,I00753267
Q146369,Q110636752,,,,,,,,,,,,,,,,,,,,,,,,,,,,,,,,,,,,,,,,,,,,,I00713465
Q146370,Q110635729,,,,,,,,,,,,,,,,,,,,,,,,,,,,,,,,,,,,,,,,,,,,,I00711852
Q146371,Q110441438,,,,,,,,,,,,,,,,,,,,,,,,,,,,,,,,,,,,,,,,,,,,,I00713463
Q146372,Q116155796,,,,,,,,,,,,,,,,,,,,,,,,,,,,,,,,,,,,,,,,,,,,,I00749826
Q146373,Q110662755,,,,,,,,,,,,,,,,,,,,,,,,,,,,,,,,,,,,,,,,,,,,,I00751506
Q146374,Q130338998,,,,,,,,,,,,,,,,,,,,,,,,,,,,,,,,,,,,,,,,,,,,,I00738235
Q146375,Q130339164,,,,,,,,,,,,,,,,,,,,,,,,,,,,,,,,,,,,,,,,,,,,,I00758214
Q146376,Q112532379,,,,,,,,,,,,,,,,,,,,,,,,,,,,,,,,,,,,,,,,,,,,,I00757411
Q146377,Q116109056,,,,,,,,,,,,,,,,,,,,,,,,,,,,,,,,,,,,,,,,,,,,,I00707132
Q146378,Q116109084,,,,,,,,,,,,,,,,,,,,,,,,,,,,,,,,,,,,,,,,,,,,,I00757006
Q146379,Q110585326,,,,,,,,,,,,,,,,,,,,,,,,,,,,,,,,,,,,,,,,,,,,,I00751450
Q146380,Q116116528,,,,,,,,,,,,,,,,,,,,,,,,,,,,,,,,,,,,,,,,,,,,,I00755802
Q146381,Q116116533,,,,,,,,,,,,,,,,,,,,,,,,,,,,,,,,,,,,,,,,,,,,,I00755799
Q146382,Q110067808,,,,,,,,,,,,,,,,,,,,,,,,,,,,,,,,,,,,,,,,,,,,,I00706314
Q146383,Q110413446,,,,,,,,,,,,,,,,,,,,,,,,,,,,,,,,,,,,,,,,,,,,,I00711543
Q146384,Q130339193,,,,,,,,,,,,,,,,,,,,,,,,,,,,,,,,,,,,,,,,,,,,,I00760199
Q146385,Q130339168,,,,,,,,,,,,,,,,,,,,,,,,,,,,,,,,,,,,,,,,,,,,,I00758204
Q146386,Q116477793,,,,,,,,,,,,,,,,,,,,,,,,,,,,,,,,,,,,,,,,,,,,,I00775802
Q146387,Q110582653,,,,,,,,,,,,,,,,,,,,,,,,,,,,,,,,,,,,,,,,,,,,,I00750366
Q146388,Q116477975,,,,,,,,,,,,,,,,,,,,,,,,,,,,,,,,,,,,,,,,,,,,,I00759482
Q146389,Q99072650,,,,,,,,,,,,,,,,,,,,,,,,,,,,,,,,,,,,,,,,,,,,,I00753706
Q146390,Q110583545,,,,,,,,,,,,,,,,,,,,,,,,,,,,,,,,,,,,,,,,,,,,,I00711553
Q146391,Q110583491,,,,,,,,,,,,,,,,,,,,,,,,,,,,,,,,,,,,,,,,,,,,,I00759631
Q146392,Q110585258,,,,,,,,,,,,,,,,,,,,,,,,,,,,,,,,,,,,,,,,,,,,,I00760162
Q146393,Q116054984,,,,,,,,,,,,,,,,,,,,,,,,,,,,,,,,,,,,,,,,,,,,,I00709965
Q146394,Q116147075,,,,,,,,,,,,,,,,,,,,,,,,,,,,,,,,,,,,,,,,,,,,,I00760612
Q146395,Q116054770,,,,,,,,,,,,,,,,,,,,,,,,,,,,,,,,,,,,,,,,,,,,,I00713200
Q146396,Q116108835,,,,,,,,,,,,,,,,,,,,,,,,,,,,,,,,,,,,,,,,,,,,,I00707162
Q146397,Q99076412,,,,,,,,,,,,,,,,,,,,,,,,,,,,,,,,,,,,,,,,,,,,,I00705993
Q146398,Q130338868,,,,,,,,,,,,,,,,,,,,,,,,,,,,,,,,,,,,,,,,,,,,,I00246645
Q146399,Q110585327,,,,,,,,,,,,,,,,,,,,,,,,,,,,,,,,,,,,,,,,,,,,,I00681359
Q146400,Q76273216,,,,,,,,,,,,,,,,,,,,,,,,,,,,,,,,,,,,,,,,,p65426.htm#i654257,,,Ap_Ieuaf-5,I00589152
Q146401,Q110635441,,,,,,,,,,,,,,,,,,,,,,,,,,,,,,,,,,,,,,,,,,,,,I00706018
Q146402,Q99071787,,,,,,,,,,,,,,,,,,,,,,,,,,,,,,,,,,,,,,,,,,,,,I00706187
Q146403,Q130340321,,,,,,,,,,,,,,,,,,,,,,,,,,,,,,,,,,,,,,,,,,,,,I00762398
Q146404,Q116055456,,,,,,,,,,,,,,,,,,,,,,,,,,,,,,,,,,,,,,,,,,,,,I00760593
Q146405,Q116110771,,,,,,,,,,,,,,,,,,,,,,,,,,,,,,,,,,,,,,,,,,,,,I00754404
Q146406,Q116147361,,,,,,,,,,,,,,,,,,,,,,,,,,,,,,,,,,,,,,,,,,,,,I00723193
Q146407,Q130338942,,,,,,,,,,,,,,,,,,,,,,,,,,,,,,,,,,,,,,,,,,,,,I00582136
Q146408,Q116147377,,,,,,,,,,,,,,,,,,,,,,,,,,,,,,,,,,,,,,,,,,,,,I00755614
Q146409,Q99071808,,,,,,,,,,,,,,,,,,,,,,,,,,,,,,,,,,,,,,,,,,,,Ab_Awr-1,I00749774
Q146410,Q110582603,,,,,,,,,,,,,,,,,,,,,,,,,,,,,,,,,,,,,,,,,,,,,I00087216
Q146411,Q110635430,,,,,,,,,,,,,,,,,,,,,,,,,,,,,,,,,,,,,,,,,,,,,I00756034
Q146412,Q110582606,,,,,,,,,,,,,,,,,,,,,,,,,,,,,,,,,,,,,,,,,,,,,I00755188
Q146413,Q116109147,,,,,,,,,,,,,,,,,,,,,,,,,,,,,,,,,,,,,,,,,,,,,I00707161
Q146414,Q130339158,,,,,,,,,,,,,,,,,,,,,,,,,,,,,,,,,,,,,,,,,,,,,I00758227
Q146415,Q111455001,,,,,,,,,,,,,,,,,,,,,,,,,,,,,,,,,,,,,,,,,,,,,I00714546
Q146416,Q116156554,,,,,,,,,,,,,,,,,,,,,,,,,,,,,,,,,,,,,,,,,,,,,I00775908
Q146417,Q116156556,,,,,,,,,,,,,,,,,,,,,,,,,,,,,,,,,,,,,,,,,,,,,I00775909
Q146418,Q111455218,,,,,,,,,,,,,,,,,,,,,,,,,,,,,,,,,,,,,,,,,,,,,I00755661
Q146419,Q116055018,,,,,,,,,,,,,,,,,,,,,,,,,,,,,,,,,,,,,,,,,,,,Ap_Madog-32,I00762415
Q146420,Q76281180,,,,,,,,,,,,,,,,,,,,,,,,,,,,,,,,,,,,,,,,,p65966.htm#i659657,,,Ap_Gwgon-8,I00523819
Q146421,Q110636410,,,,,,,,,,,,,,,,,,,,,,,,,,,,,,,,,,,,,,,,,,,,,I00753904
Q146422,Q108180072,,,,,,,,,,,,,,,,,,,,,,,,,,,,,,,,,,,,,,,,,,,,,I00741091
Q146423,Q108180075,,,,,,,,,,,,,,,,,,,,,,,,,,,,,,,,,,,,,,,,,,,,,I00741086
Q146424,Q108180019,,,,,,,,,,,,,,,,,,,,,,,,,,,,,,,,,,,,,,,,,,,,,I00741078
Q146425,Q116812503,,,,,,,,,,,,,,,,,,,,,,,,,,,,,,,,,,,,,,,,,,,,,I00760230
Q146426,Q116054969,,,,,,,,,,,,,,,,,,,,,,,,,,,,,,,,,,,,,,,,,,,,,I00754087
Q146427,Q116054980,,,,,,,,,,,,,,,,,,,,,,,,,,,,,,,,,,,,,,,,,,,,,I00754080
Q146428,Q131138792,,,,,,,,,,,,,,,,,,,,,,,,,,,,,,,,,,,,,,,,,,,,,I00793469
Q146429,Q116055483,,,,,,,,,,,,,,,,,,,,,,,,,,,,,,,,,,,,,,,,,,,,,I00762193
Q146430,Q116055490,,,,,,,,,,,,,,,,,,,,,,,,,,,,,,,,,,,,,,,,,,,,,I00762187
Q146431,Q116146936,,,,,,,,,,,,,,,,,,,,,,,,,,,,,,,,,,,,,,,,,,,,,I00709787
Q146432,Q110622477,,,,,,,,,,,,,,,,,,,,,,,,,,,,,,,,,,,,,,,,,,,,,I00709868
Q146433,Q130359064,,,,,,,,,,,,,,,,,,,,,,,,,,,,,,,,,,,,,,,,,,,,,I00710120
Q146434,Q116470773,,,,,,,,,,,,,,,,,,,,,,,,,,,,,,,,,,,,,,,,,,,,,I00760762
Q146435,Q116055486,,,,,,,,,,,,,,,,,,,,,,,,,,,,,,,,,,,,,,,,,,,,,I00762189
Q146436,Q130341574,,,,,,,,,,,,,,,,,,,,,,,,,,,,,,,,,,,,,,,,,,,,,I00745060
Q146437,Q116147284,,,,,,,,,,,,,,,,,,,,,,,,,,,,,,,,,,,,,,,,,,,,,I00761002
Q146438,Q112532262,,,,,,,,,,,,,,,,,,,,,,,,,,,,,,,,,,,,,,,,,,,,,I00754244
Q146439,Q110663125,,,,,,,,,,,,,,,,,,,,,,,,,,,,,,,,,,,,,,,,,,,,,I00754538
Q146440,Q110662588,,,,,,,,,,,,,,,,,,,,,,,,,,,,,,,,,,,,,,,,,,,,,I00760143
Q146441,Q75241114,,,,,,,,,,,,,,,,,,,,,,,,,,,137742,,,,,,,,,,,,,,p327.htm#i3263,,,Llwyd-8,I00059412
Q146442,Q110290580,,,,,,,,,,,,,,,,,,,,,,,,,,,,,,,,,,,,,,,,,,,,,I00749823
Q146443,Q110290581,,,,,,,,,,,,,,,,,,,,,,,,,,,,,,,,,,,,,,,,,,,,,I00749822
Q146444,Q110290584,,,,,,,,,,,,,,,,,,,,,,,,,,,,,,,,,,,,,,,,,,,,,I00749843
Q146445,Q110290130,,,,,,,,,,,,,,,,,,,,,,,,,,,,,,,,,,,,,,,,,,,,,I00728537
Q146446,Q110441596,,,,,,,,,,,,,,,,,,,,,,,,,,,,,,,,,,,,,,,,,,,,,I00642868
Q146447,Q110441740,,,,,,,,,,,,,,,,,,,,,,,,,,,,,,,,,,,,,,,,,,,,,I00755080
Q146448,Q110290689,,,,,,,,,,,,,,,,,,,,,,,,,,,,,,,,,,,,,,,,,,,,,I00753270
Q146449,Q110290687,,,,,,,,,,,,,,,,,,,,,,,,,,,,,,,,,,,,,,,,,,,,,I00753268
Q146450,Q110441691,,,,,,,,,,,,,,,,,,,,,,,,,,,,,,,,,,,,,,,,,,,,,I00754604
Q146451,Q116155794,,,,,,,,,,,,,,,,,,,,,,,,,,,,,,,,,,,,,,,,,,,,,I00749833
Q146452,Q116054447,,,,,,,,,,,,,,,,,,,,,,,,,,,,,,,,,,,,,,,,,,,,,I00750491
Q146453,Q110585334,,,,,,,,,,,,,,,,,,,,,,,,,,,,,,,,,,,,,,,,,,,,,I00713716
Q146454,Q116055699,,,,,,,,,,,,,,,,,,,,,,,,,,,,,,,,,,,,,,,,,,,,,I00711435
Q146455,Q116111582,,,,,,,,,,,,,,,,,,,,,,,,,,,,,,,,,,,,,,,,,,,,,I00754420
Q146456,Q116111600,,,,,,,,,,,,,,,,,,,,,,,,,,,,,,,,,,,,,,,,,,,,,I00754416
Q146457,Q116110762,,,,,,,,,,,,,,,,,,,,,,,,,,,,,,,,,,,,,,,,,,,,,I00754403
Q146458,Q133462218,,,,,,,,,,,,,,,,,,,,,,,,,,,,,,,,,,,,,,,,,,,,,I00760223
Q146459,Q116147994,,,,,,,,,,,,,,,,,,,,,,,,,,,,,,,,,,,,,,,,,,,,,I00758657
Q146460,Q116147055,,,,,,,,,,,,,,,,,,,,,,,,,,,,,,,,,,,,,,,,,,,,,I00751362
Q146461,Q110585595,,,,,,,,,,,,,,,,,,,,,,,,,,,,,,,,,,,,,,,,,,,,,I00760825
Q146462,Q116478866,,,,,,,,,,,,,,,,,,,,,,,,,,,,,,,,,,,,,,,,,,,,,I00751309
Q146463,Q110585603,,,,,,,,,,,,,,,,,,,,,,,,,,,,,,,,,,,,,,,,,,,,,I00751366
Q146464,Q131138829,,,,,,,,,,,,,,,,,,,,,,,,,,,,,,,,,,,,,,,,,,,,,I00775418
Q146465,Q130358669,,,,,,,,,,,,,,,,,,,,,,,,,,,,,,,,,,,,,,,,,,,,,I00761418
Q146466,Q130358667,,,,,,,,,,,,,,,,,,,,,,,,,,,,,,,,,,,,,,,,,,,,,I00761416
Q146467,Q110585415,,,,,,,,,,,,,,,,,,,,,,,,,,,,,,,,,,,,,,,,,,,,,I00713640
Q146468,Q110585396,,,,,,,,,,,,,,,,,,,,,,,,,,,,,,,,,,,,,,,,,,,,,I00708145
Q146469,Q116147576,,,,,,,,,,,,,,,,,,,,,,,,,,,,,,,,,,,,,,,,,,,,,I00764442
Q146470,Q110582411,,,,,,,,,,,,,,,,,,,,,,,,,,,,,,,,,,,,,,,,,,,,,I00713662
Q146471,Q110067838,,,,,,,,,,,,,,,,,,,,,,,,,,,,,,,,,,,,,,,,,,,,,I00701531
Q146472,Q110582374,,,,,,,,,,,,,,,,,,,,,,,,,,,,,,,,,,,,,,,,,,,,,I00700623
Q146473,Q110067801,,,,,,,,,,,,,,,,,,,,,,,,,,,,,,,,,,,,,,,,,,,,,I00702377
Q146474,Q116147641,,,,,,,,,,,,,,,,,,,,,,,,,,,,,,,,,,,,,,,,,,,,,I00752059
Q146475,Q116478985,,,,,,,,,,,,,,,,,,,,,,,,,,,,,,,,,,,,,,,,,,,,,I00750516
Q146476,Q110585391,,,,,,,,,,,,,,,,,,,,,,,,,,,,,,,,,,,,,,,,,,,,,I00700627
Q146477,Q116147179,,,,,,,,,,,,,,,,,,,,,,,,,,,,,,,,,,,,,,,,,,,,,I00702395
Q146478,Q99302471,,,,,,,,,,,,,,,,,,,,,,,,,,,,,,,,,,,,,,,,,,,,,I00706365
Q146479,Q116147189,,,,,,,,,,,,,,,,,,,,,,,,,,,,,,,,,,,,,,,,,,,,,I00750476
Q146480,Q116147230,,,,,,,,,,,,,,,,,,,,,,,,,,,,,,,,,,,,,,,,,,,,,I00775483
Q146481,Q116148012,,,,,,,,,,,,,,,,,,,,,,,,,,,,,,,,,,,,,,,,,,,,,I00697756
Q146482,Q110636465,,,,,,,,,,,,,,,,,,,,,,,,,,,,,,,,,,,,,,,,,,,,,I00751810
Q146483,Q116148030,,,,,,,,,,,,,,,,,,,,,,,,,,,,,,,,,,,,,,,,,,,,,I00751796
Q146484,Q110290794,,,,,,,,,,,,,,,,,,,,,,,,,,,,,,,,,,,,,,,,,,,,,I00713473
Q146485,Q116148064,,,,,,,,,,,,,,,,,,,,,,,,,,,,,,,,,,,,,,,,,,,,,I00713666
Q146486,Q116147952,,,,,,,,,,,,,,,,,,,,,,,,,,,,,,,,,,,,,,,,,,,,,I00713706
Q146487,Q130340360,,,,,,,,,,,,,,,,,,,,,,,,,,,,,,,,,,,,,,,,,,,,,I00775348
Q146488,Q99072196,,,,,,,,,,,,,,,,,,,,,,,,,,,,,,,,,,,,,,,,,,,,,I00706000
Q146489,Q116054504,,,,,,,,,,,,,,,,,,,,,,,,,,,,,,,,,,,,,,,,,,,,,I00706024
Q146490,Q110067820,,,,,,,,,,,,,,,,,,,,,,,,,,,,,,,,,,,,,,,,,,,,,I00757021
Q146491,Q110290503,,,,,,,,,,,,,,,,,,,,,,,,,,,,,,,,,,,,,,,,,,,,,I00705538
Q146492,Q116478240,,,,,,,,,,,,,,,,,,,,,,,,,,,,,,,,,,,,,,,,,,,,,I00774550
Q146493,Q122364430,,,,,,,,,,,,,,,,,,,,,,,,,,,,,,,,,,,,,,,,,,,,,I00708178
Q146494,Q110585430,,,,,,,,,,,,,,,,,,,,,,,,,,,,,,,,,,,,,,,,,,,,,I00706199
Q146495,Q116156433,,,,,,,,,,,,,,,,,,,,,,,,,,,,,,,,,,,,,,,,,,,,,I00713664
Q146496,Q130340411,,,,,,,,,,,,,,,,,,,,,,,,,,,,,,,,,,,,,,,,,,,,,I00775326
Q146497,Q110636772,,,,,,,,,,,,,,,,,,,,,,,,,,,,,,,,,,,,,,,,,,,,,I00708148
Q146498,Q110636774,,,,,,,,,,,,,,,,,,,,,,,,,,,,,,,,,,,,,,,,,,,,,I00760807
Q146499,Q110635735,,,,,,,,,,,,,,,,,,,,,,,,,,,,,,,,,,,,,,,,,,,,,I00711861
Q146500,Q116148017,,,,,,,,,,,,,,,,,,,,,,,,,,,,,,,,,,,,,,,,,,,,,I00713813
Q146501,Q110067776,,,,,,,,,,,,,,,,,,,,,,,,,,,,,,,,,,,,,,,,,,,,,I00757385
Q146502,Q110290809,,,,,,,,,,,,,,,,,,,,,,,,,,,,,,,,,,,,,,,,,,,,,I00697745
Q146503,Q116478234,,,,,,,,,,,,,,,,,,,,,,,,,,,,,,,,,,,,,,,,,,,,,I00774546
Q146504,Q75901457,,,,,,,,,,,,,,,,,,,,,,,,,,,530861,,p=huguette;n=d amboise,,,,,,,,,,,,p39190.htm#i391892,Agnes_Ambroise_(3),,Amboise-8,I00028878
Q146505,Q2214929,,,,,,,,,,,,,,,,,,,,,,,,,,,544981,,p=robert;n=d harcourt;oc=2,,,,,,,,,,,,p4218.htm#i42179,Robert_d'Harcourt_(3),,Harcourt-401,I00028885
Q146506,Q116005822,,,,,,,,,,,,,,,,,,,,,,,,,,,883502,,p=eve;n=d harcourt,,,,,,,,,,,,,,,Harcourt-370,I00028881
Q146507,Q18757066,,,,,,,,,,,,,,,,,,,,,,,,,,,530851,,p=robert;n=d harcourt;oc=11,,,,,,,,,,,,p59996.htm#i599960,Robert_Harcourt_(3),,Harcourt-112,I00028888
Q146508,Q75891206,,,,,,,,,,,,,,,,,,,,,,,,,,,,,p=robert;n=d estouteville;oc=8,,,,,,,,,,,,p38450.htm#i384497,Robert_De_Estoteville_(2),,Estouteville-4|Estouteville-5,I00197561
Q146509,Q105769108,,,,,,,,,,,,,,,,,,,,,,,,,,,,,p=beatrice;n=n;oc=59,,,,,,,,,,,,,Blanche_Unknown_(55),,,I00197562
Q146510,Q69290483,,,,,,,,,,,,,,,,,,,,,,,,,,,,,p=oda;n=de conteville;oc=3,,,,,,,,,,,,,Oda_De_Conteville_(2),,Conteville-6,I00452394
Q146511,Q2512654,,,,,,,,,,,,,,,,,,,,,,,,,,,140668,,p=hugues;n=de meulan;oc=11,,,,,,,,,,,,p72101.htm#i721008,Hugh_de_Meulan_(1),,,
Q146512,Q347446,,,,,,,,,,,,,,,,,,,,,,,,,,,,,,,,,,,,,,,,,,Adalbert_Von_Winterthur_(2),,Udalrichinger-4,I00280727
Q146513,Q2563034,,,,,,,,,,,,,,,,,,,,,,,,,,,,,,,,,,,,,,,,,,,,,
Q146514,Q121334906,,,,,,,,,,,,,,,,,,,,,,,,,,,,,p=marquard;n=von bregenz;oc=1,,,,,,,,,,,,,,,,
Q146515,Q561828,,,,,,,,,,,,,,,,,,,,,,,,,,,,,,,,,,,,,,,,,,Gero_(2),,Thuringia-102,
Q146517,Q75247730,,,,,,,,,,,,,,,,,,,,,,,,,,,,,,,,,,,,,,,,,p892.htm#i8914,,,Hassegau-3,
Q146518,Q75247736,,,,,,,,,,,,,,,,,,,,,,,,,,,,,,,,,,,,,,,,,p892.htm#i8918,,,,
Q146519,Q1496900,,,,,,,,,,,,,,,,,,,,,,,,,,,148243,,p=gebhard;n=von arneburg,,,,,,,,,,,,,,,Querfurt-7,I00105652
Q146520,Q116119444,,,,,,,,,,,,,,,,,,,,,,,,,,,600138,,p=burchard;n=von querfurt;oc=3,,,,,,,,,,,,,,,Querfurt-6,I00105654
Q146521,Q24971249,,,,,,,,,,,,,,,,,,,,,,,,,,,,,p=gero;n=von alsleben,,,,,,,,,,,,,Gero_von_Alsleben_(1),,Alsleben-2,I00201296
Q146522,Q114212787,,,,,,,,,,,,,,,,,,,,,,,,,,,,,p=adela;n=n;oc=2,,,,,,,,,,,,,Adela_Unknown_(49),,,I00201297
Q146523,Q21031858,,,,,,,,,,,,,,,,,,,,,,,,,,,1093247,,p=konrad;n=von walbeck,,,,,,,,,,,,,,,Walbeck-13,
Q146524,Q19949757,,,,,,,,,,,,,,,,,,,,,,,,,,,,,,,,,,,,,,,,,,,,Brandsson-10,
Q146525,Q12339511,,,,,,,,,,,,,,,,,,,,,,,,,,,,,,,,,,,,,,,,,,,,Palnesson-1,
Q146526,Q3336098,,,,,,,,,,,,,,,,,,,,,,,,,,,705096,,p=enguerran;n=de saint pol;oc=1,,,,,,,,,,,,,Enguerrand_de_Saint-Pol_(2),,,
Q146527,Q1521994,,,,,,,,,,,,,,,,,,,,,,,,,,,,,p=hugues;n=de saint pol,,,,,,,,,,,,,Hugues_de_Saint-Pol_(1),,,
Q146528,Q4582010,,,,,,,,,,,,,,,,,,,,,,,,,,,,,,,,,,,,,,,,,,,,Unknown-719420,
Q146529,Q468729,,,,,,,,,,,,,,,,,,,,,,,,,,,572593,,p=ingrid;n=ylva,,,,,,,,,,,,p41059.htm#i410582,Ingrid_Ylva_(1),,Sunesdotter-6,I00079665
Q146530,Q96240859,,,,,,,,,,,,,,,,,,,,,,,,,,,,,p=ne;n=n;oc=1571,,,,,,,,,,,,,,,,I00261519
Q146531,Q5569987,,,,,,,,,,,,,,,,,,,,,,,,,,,,,p=bengt;n=folkungaatten;oc=1,,,,,,,,,,,,,Bengt Magnusson (1),,Magnusson-536,I00280498
Q146532,Q316828,,,,,,18238,,,,15919686,,,,,,,,,,,,,,person/A6EF03E1-A872-495C-9560-C0704FF09984,,,863136|572569,,p=birger;n=folkungaatten;oc=1,,,dw.1437,,,,,,,,,p11305.htm#i113041,Birger_Folkunga_(2)|Birger_Magnusson_(1),,Magnusson-193,I00027037
Q146533,Q3312279,,,,,,15477,,,,,,,,,,,,,,,,,,,,,,,,,,,,,,,,,,,,Eskil_Magnusson_(1),,Magnusson-201,I00261517
Q146534,Q3742085,,,,,,12367,,,,,,,,,,,,,,,,,,,,,,,,,,,,,,,,,,,,Karl_Magnusson_(1),,Magnusson-543,I00791491
Q146535,Q98697840,,,,,,,,,,,,,,,,,,,,,,,,,,,,,p=ne;n=folkungaatten,,,,,,,,,,,,,,,Magnusdotter-120,I00490846
Q146536,Q2954536,,,,,,,,,,,,,,,,,,,,,,,,person/64BE93AD-E30B-4D71-94A0-DFFFC56F9D11,,,,,,,,,,,,,,,,,,,,Folkunga-9,I00789947
Q146537,Q5900614,,,,,,,,,,,,,,,,,,,,,,,,,,,,,p=karl;n=ulv,,,,,,,,,,,,,,,Karlsson-312,I00280477
Q146538,Q96240861,,,,,,,,,,,,,,,,,,,,,,,,,,,,,,,,,,,,,,,,,,,,Unknown-215304,I00280497
Q146539,Q953640,,,,,,,,,,,,,,,,,,,,,,,,,,,1435886,,,,,,,,,,,,,,,,,Tokesson-1,I00711254
Q146540,Q101247292,,,,,,,,,,,,,,,,,,,,,,,,,,,,,,,,,,,,,,,,,,,,Asbjornsdottir-1,I00711253
Q146541,Q12309311,,,,,,,,,,,,,,,,,,,,,,,,,,,1435894,,,,,,,,,,,,,,,,,Skjalmsson-1,I00790243
Q146542,Q4953376,,,,,,,,,,,,,,,,,,,,,,,,,,,1435875,,p=helena;n=autaumsson,,,,,,,,,,,,,Helena_Guttormsdotter_(1),,Guttormsdotter-1,I00280455
Q146543,Q4266630,,,,,,,,,,,,,,,,,,,,,,,,,,,1435919,,,,,,,,,,,,,,p67188.htm#i671879,,,Esbernsdatter-2|Hvide-10,I00303362
Q146546,Q481439,,,,,,,,,,,,,,,,,,,,,,,,,,,542913,,p=valdemar;n=de danemark,,,dw.807,,,,,,,,,p10548.htm#i105474,Valdemar_the_Young_(1),,Valdemarsson-11,I00434056
Q146550,Q3743799,,,,,,,,,,,,,,,,,,,,,,,,,,,1435923,,p=knud;n=valdemarsen,,,,,,,,,,,,p10548.htm#i105480,"Canute,_Duke_of_Estonia_(1)|Knut_Unknown_(10)",,Valdemarsson-15,I00280456
Q146551,Q7031435,,,,,,,,,,,,,,,,,,,,,,,,,,,,,,,,,,,,,,,,,p10548.htm#i105472,"Niels,_Count_of_Halland_(1)",,Valdemarson-4,I00433960
Q146552,Q703249,,,,,,,,,,,,,,,,,,I3337,,,,,,,,,590844,,p=otto;n=von braunschweig luneburg;oc=1,,,dw.820,,,,,,,,,p11363.htm#i113626,"Otto_I,_Duke_of_Brunswick-Lüneburg_(1)",,Braunschweig-Lüneburg-6,I00015336
Q146553,Q467512,,,,,,11946,,,,,,,,,,,,,,,,,,,,,863133,,p=ingeborg;n=erikatten,,,dw.818,,,,,,,,,p11309.htm#i113081,Ingeborg_Eriksdotter_of_Sweden_(1),,Eriksdotter-1596,I00027038
Q146554,Q350202,,alvin-person:68257,,,,15399,,,,,,,,,,,,,,,,,,person/65DBC78C-CEB7-4551-B545-2E8AD5F571A1,,,863139,,p=erik;n=erikatten;oc=11,,,dw.815,,,,,,,,,p11308.htm#i113078,Eric_XI_of_Sweden_(1),,Eriksson-801,I00079338
Q146555,Q4979518,,,,,,,,,,,,,,,,,,,,,,,,,,,,,p=sofie;n=de danemark,,,,,,,,,,,,,Christina_of_Sweden_(2)|Sofia_Eriksdotter_of_Sweden_(1),,Eriksdotter-121,I00494588
Q146556,Q4965892,,,,,,,,,,,,,,,,,,,,,,,,,,,797345,,p=marianna;n=erikatten,,,,,,,,,,,,,Marianne_Eriksdotter_of_Sweden_(1),,Eriksdotter-1868,
Q146557,Q4987634,,,,,,,,,,,,,,,,,,,,,,,,,,,,,,,,,,,,,,,,,,Märta_Eriksdotter_(1),,Eriksdotter-125,I00790177
Q146558,Q75385262,,,,,,,,,,,,,,,,,,,,,,,,,,,,,,,,,,,,,,,,,p10547.htm#i105465,,,,
Q146559,Q1611591,,,,,,,,,,,,,,,,,,,,,,,,,,,638658,,p=hermann ii.;n=von orlamunde,,,,,,,,,,,,,Herman_of_Weimar-Orlamünde_(2),,Orlamunde-9|Askanier-52,I00030496
Q146560,Q467442,,,,,,,,,,,,,,,,,,,,,,,,,,,638712,,p=albert;n=von orlamunde,,,,,,,,,,,,,Albert_of_Weimar-Orlamünde_(1),,Orlamünde-18,I00030495
Q146561,Q76300801,,,,,,,,,,,,,,,,,,,,,,,,,,,,,p=sophie;n=von orlamunde;oc=2,,,,,,,,,,,,p67328.htm#i673275,,,Orlamünde-17,I00030497
Q146562,Q105726316,,,,,,,,,,,,,,,,,,,,,,,,,,,638713,,p=ermengarde;n=von orlamunde,,,,,,,,,,,,,,,Orlamunde-7,I00030507
Q146563,Q108718353,,,,,,,,,,,,,,,,,,,,,,,,,,,,,,,,,,,,,,,,,,,,,I00434059
Q146564,Q101247290,,,,,,,,,,,,,,,,,,,,,,,,,,,,,,,,,,,,,,,,,,,,Skjalmsson-2,I00274993
Q146565,Q101247294,,,,,,,,,,,,,,,,,,,,,,,,,,,,,,,,,,,,,,,,,,,,,I00274994
Q146566,Q12328911,,,,,,,,,,,,,,,,,,,,,,,,,,,,,,,,,,,,,,,,,,,,,
Q146567,Q149674,,,,,,,,LD13-Q7V,,235660200,,,,,,,,,,,,,,,,,645714,,p=niklot;n=von mecklenburg,,,dw.7510,,,,,,,,,,Niklot_(1),,Mecklenburg-50,I00023796
Q146568,Q566454,,,,,,,,,,,,,,,,,,,,,,,,,,,645713,,p=pribislaw;n=von mecklenburg,,,dw.5288,,,,,,,,,,Pribislav_of_Mecklenburg_(1),,Mecklenburg-49,I00023797
Q146569,Q1730353,,,,,,,,,,,,,,,,,,,,,,,,,,,,,p=wartislaw;n=von mecklenburg,,,dw.7512,,,,,,,,,,,,,I00425693
Q146571,Q2183430,,,,,,18473,,,,15927643,,,,,,,,,,,,,,,,,797340,,p=benedikta;n=hvide,,,dw.7094,,,,,,,,,p11307.htm#i113062,Benedikte_Ebbesdotter_of_Hvide_(1),,,I00274986
Q146572,Q2709490,,,,,,12809,,,,,,,,,,,,,,,,,,,,,863140,,p=helena;n=sverkeratten,,,dw.7095,,,,,,,,,,Helena_of_Sweden_(2),,Sverkersdotter-3,I00275896
Q146573,Q4965648,,,,,,,,,,,,,,,,,,,,,,,,,,,,,p=margareta;n=sverkeratten,,,dw.1072,,,,,,,,,,Margareta_of_Sweden_(1),,Sverkersdotter-1,
Q146574,Q75393600,,,,,,,,,,,,,,,,,,,,,,,,,,,,,p=karl;n=sverkeratten;oc=1,,,,,,,,,,,,p11307.htm#i113066,Charles_Sverkersson_(1),,,I00280221
Q146575,Q4966797,,,,,,,,,,,,,,,,,,,,,,,,,,,,,p=mechtild;n=von mecklenburg,,,dw.1130,,,,,,,,,,Matilda_of_Mecklenburg_(1),,UNKNOWN-83007,I00023814
Q146576,Q116151447,,,,,,,,,,,,,,,,,,,,,,,,,,,801538,,p=margareta;n=von mecklenburg,,,,,,,,,,,,,Margaret_of_Mecklenburg_(1),,Von_Mecklenburg-5,I00023815
Q146577,Q70230,,,,,,,,,,,,,,,,,,,,,,,,,,,645710,,p=jean;n=von mecklenburg;oc=1,,,dw.1403,,,,,,,,,p780.htm#i7795,"John_I,_Lord_of_Mecklenburg_(1)",,Mecklenburg-52,I00023782
Q146578,Q84529,,,,,,,,,,,,,,,,,,,,,,,,,,,713004,,p=nikolaus;n=von werle;oc=1,,,dw.1808,,,,,,,,,p73504.htm#i735034,Nicholas_I_of_Werle_(1),,Mecklenburg-36,I00023801
Q146579,Q76078,,,,,,,,,,,,,,,,,,,,,,,,,,,,,,,,,,,,,,,,,,,,,
Q146580,Q101248506,,,,,,,,,,,,,,,,,,,,,,,,,,,,,,,,,,,,,,,,,,,,,I00712396
Q146584,Q571229,,,,,,,,,,,,,,,,,,,,,,,,,,,175481,,p=jaromar;n=von rugen,,,dw.1069,,,,,,,,,p11462.htm#i114611,"Jaromar_I,_Prince_of_Rügen_(1)",,Von_Rügen-9,I00146999
Q146585,Q660839,,,,,,,,,,,,,,,,,,,,,,,,,,,716902,,p=wizlaw;n=von rugen,,,dw.1070,,,,,,,,,,"Vitslav_I,_Prince_of_Rügen_(1)",,Rügen-35,
Q146586,Q189416,,,,,,,,,,,,,,,,,,,,,,,,,,,,,,,,,,,,,,,,,,,,,
Q146587,Q766873,,,,,,,,,,,,,,,,,,,,,,,,,,,,,,,,psb.34771.1,,,,,,,,,,Swietopelk_I%2C_Duke_of_Pomerania_(1),,,I00790559
Q146588,Q1058544,,,,,,,,L7LP-X5X,,13770032,,,,,,,,,,,,,,,,,12869,,p=sancho;n=de portugal,,,dw.5311,,,,,,,,,p11334.htm#i113331,Sancho_I_of_Portugal_(1),,Portugal-78,I00020558
Q146597,Q3101138,,,,,,,,,,,,,,,,,,,,,,,,,,,,,p=geoffroy;n=de mayenne;oc=2,,,,,,,,,,,,,Geoffroi_Unknown_(4)|Geoffroy_II_de_Mayenne_(1),,Mayenne-13,I00106750
Q146598,Q21077152,,,,,,,,,,,,,,,,,,,,,,,,,,,,,p=mathilde;n=d alluyes,,,,,,,,,,,,,Mahaut_d'Alluyes_(1),,Alluyes-2,I00106751
Q146603,Q57498662,,,,,,,,,,,,,,,,,,,,,,,,,,,,,p=isabeau;n=de roquefeuil,,,,,,,,,,,,p40138.htm#i401379,Isabeau_of_Roquefeuil_(1),,Roquefeuil-3,I00197678
Q146604,Q3420935,,,,,,,,,,,,,,,,,,,,,,,,,,,,,p=raimond;n=de roquefeuil;oc=2,,,,,,,,,,,,p40138.htm#i401380,,,Roquefeuil-2,I00197679
Q146605,Q2863138,,,,,,,,,,,,,,,,,,,,,,,,,,,,,p=arnaud;n=de+roquefeuil;oc=1,,,,,,,,,,,,,,,Roquefeuil-26,I00207016
Q146606,Q125172750,,,,,,,,,,,,,,,,,,,,,,,,,,,,,,,,,,,,,,,,,,,,,
Q146607,Q116007606,,,,,,,,,,,,,,,,,,,,,,,,,,,467178,,p=aymeri;n=de clermont lodeve;oc=2,,,,,,,,,,,,,,,,I00462108
Q146608,Q102825647,,,,,,,,,,,,,,,,,,,,,,,,,,,,,p=berenger;n=de+clermont+lodeve;oc=2,,,,,,,,,,,,,,,Clermont-Lodève-2,I00629578
Q146609,Q107507558,,,,,,,,,,,,,,,,,,,,,,,,,,,,,p=agnes;n=d aigremont,,,,,,,,,,,,,,,,
Q146610,Q22337632,,,,,,,,,,,,,,,,,,,,,,,,,,,,,p=humbeline;n=de saint sepulchre,,,,,,,,,,,,,,,,I00163421
Q146611,Q3124413,,,,,,,,,,,,,,,,,,,,,,,,,,,,,p=gerard;n=de vaudemont;oc=3,,,,,,,,,,,,,Gerard_de_Lorraine_(2),,,
Q146612,Q107527455,,,,,,,,,,,,,,,,,,,,,,,,,,,,,p=hadvide;n=de vaudemont,,,,,,,,,,,,,,,,I00046910
Q146613,Q982785,,,,,,,,,,,,,,,,,,,,,,,,,,,426431,,p=guy;n=de nevers;oc=1,,,,,,,,,,,,p48333.htm#i483324,Guy_Unknown_(21),,Nevers-102,I00023297
Q146614,Q76034486,,,,,,,,,,,,,,,,,,,,,,,,,,,,,p=eudes;n=d issoudun;oc=3,,,,,,,,,,,,p48333.htm#i483325,,,D'Issoudun-1,I00625919
Q146615,Q2566215,,,,,,,,,,,,,,,,,,,,,,,,,,,,,p=guillaume;n=de nevers;oc=5,,,,,,,,,,,,,,,,I00122072
Q146616,Q394554,,,,,,,,,,,,,,,,,,,,,,,,,,,426427,,p=agnes;n=de nevers,,,,,,,,,,,,p24822.htm#i248219,Unknown_Agnes_(17),,Nevers-65,I00013801
Q146618,Q61750991,,,,,,,,,,,,,,,,,,,,,,,,,,,644263,,p=beatrice;n=de saint pol,,,,,,,,,,,,,Beatrice_De_Ste-Pol_(1),,St_Pol-5,I00164903
Q146619,Q110385606,,,,,,,,,,,,,,,,,,,,,,,,,,,,,p=marguerite;n=de ponthieu;oc=1,,,,,,,,,,,,,Marguerite_de_Ponthieu_(1),,Ponthieu-128,I00295988
Q146620,Q75291006,,,,,,,,,,,,,,,,,,,,,,,,,,,909437,,p=jeanne;n=de preuilly;oc=1,,,,,,,,,,,,p4216.htm#i42154|p38820.htm#i388198,Jeanne_De_Preuilly_(1),,Preuilly-2,I00165052
Q146622,Q11945790,,,,,,,,,,,,,,,,,,,,,,,,,,,909445,,p=robert;n=d alencon;oc=1,,,,,,,,,,,,,Robert_d'Alençon_(2),,,I00205381
Q146623,Q107301255,,,,,,,,,,,,,,,,,,,,,,,,,,,909102,,p=mahaut;n=d alencon,,,,,,,,,,,,,Mathilde_d'Alençon_(1),,D'Alençon-17,
Q146624,Q111235397,,,,,,,,,,,,,,,,,,,,,,,,,,,909438,,p=jean;n=d alencon,,,,,,,,,,,,,Jean_d'Alençon_(3),,,I00330676
Q146625,Q75896172,,,,,,,,,,,,,,,,,,,,,,,,,,,,,p=robert;n=malet;oc=1,,,,,,,,,,,,p38818.htm#i388179,,,Malet-278,I00330874
Q146626,Q75912342,,,,,,,,,,,,,,,,,,,,,,,,,,,,,p=robert;n=malet;oc=22,,,,,,,,,,,,p39893.htm#i398929,,,Malet-277,I00546854
Q146627,Q111234485,,,,,,,,,,,,,,,,,,,,,,,,,,,,,p=william;n=de roumare;oc=1,,,,,,,,,,,,,William_de_Roumare_(2),,Roumare-4,I00330878
Q146628,Q111234488,,,,,,,,,,,,,,,,,,,,,,,,,,,959878,,p=guillaume;n=malet de graville;oc=7,,,,,,,,,,,,,Guillaume_Malet_de_Graville_(1),,,I00330881
Q146629,Q111234491,,,,,,,,,,,,,,,,,,,,,,,,,,,,,p=guillaume;n=de preaux;oc=1,,,,,,,,,,,,,Guillaume_de_Préaux_(1),,,I00330883
Q146630,Q63247302,,,,,,,,,,,,,,,,,,,,,,,,,,,,,,,,,,,,,,,,,,,,,
Q146631,Q59154979,,,,,,,,,,,,,,,,,,,,,,,,,,,,,p=alienor;n=de vitre;oc=1,,,,,,,,,,,,p410.htm#i4100,Eleanor_Vitre_(1),,Vitré-15,I00140299
Q146633,Q98697816,,,,,,,,,,,,,,,,,,,,,,,,,,,,,,,,,,,,,,,,,,,,,I00519201
Q146634,Q2718796,,,,,,,,LBXP-QNT,,,,,,,,,,,,,,,,,,,,,p=gudrod iii;n=.,,,,,,,,,,,,,Godred_Crovan_(2),,Haraldsson-4,I00056794
Q146635,Q1779109,,,,,,,,,,,,,,,,,,,,,,,,,,,,,,,,,,,,,,,,,,Lagmann_Godredsson_(1),,Godrodsson-2,I00453263
Q146636,Q116054567,,,,,,,,,,,,,,,,,,,,,,,,,,,,,p=aufrica;n=of galloway,,,,,,,,,,,,,Affraic of Galloway (1),,Galloway-13,I00139235
Q146637,Q3417499,,,,,,,,,,,,,,,,,,,,,,,,,,,,,,,,,,,,,,,,,,Ragnall_I_Haraldsson_(1),,Olafsson-323,I00453267
Q146638,Q76161548,,,,,,,,,,,,,,,,,,,,,,,,,,,,,,,,,,,,,,,,,p57264.htm#i572633,,,Gudrødsen-6,
Q146639,Q1781786,,,,,,,,LDM5-F3S,,88611746,,,,,,,,,,,,,,,,,48916|142596,,p=somerled;n=des iles du nord,,,,,,,,,,,,p2457.htm#i24565,Somerled_Macgillebride_(1),,Macgillebride-1,I00056787
Q146640,Q1772973,,,,,,,,,,,,,,,,,,,,,,,,,,,137932,,p=angus;n=macrory,,,,,,,,,,,,p2514.htm#i25131,Áonghas_mac_Somhairle_(1),,MacSomerled-2,I00056791
Q146641,Q3417500,,,,,,,,MVMZ-N3Y,,,,,,,,,,,,,,,,,,,48987,,p=reginald;n=des iles,,,,,,,,,,,,p14697.htm#i146969,Raghnall_mac_Somhairle_(1)|Rognvald_Sumarlidasson_Lord_Of_(1),,MacSomerled-1,I00056789
Q146642,Q3041014,,,,,,,,LVDJ-KSK,,,,,,,,,,,,,,,,,,,,,p=dugall;n=macdougall,,,,,,,,,,,,p14698.htm#i146980,Dubgall_mac_Somairle_(1),,MacSomarlidasson-2,I00056795
Q146643,Q75446738,,,,,,,,,,,,,,,,,,,,,,,,,,,,,,,,,,,,,,,,,p14699.htm#i146981,Gillecallum_Unknown_(1),,,
Q146644,Q75446739,,,,,,,,,,,,,,,,,,,,,,,,,,,,,,,,,,,,,,,,,p14699.htm#i146982,,,Sumarlidasson-2,I00444044
Q146645,Q75446740,,,,,,,,,,,,,,,,,,,,,,,,,,,,,,,,,,,,,,,,,p14699.htm#i146983,,,,
Q146646,Q4898127,,,,,,,,,,,,,,,,,,,,,,,,,,,,,,,,,,,,,,,,,p14699.htm#i146984,Bethag_Iona_(1),,Macsomerled-4,I00444046
Q146647,Q76048224,,,,,,,,,,,,,,,,,,,,,,,,,,,,,,,,,,,,,,,,,p49366.htm#i493660,,,,
Q146648,Q3062304,,,,,,,,,,,,,,,,,,,,,,,,,,,142672,,p=john;n=of atholl,,,,,,,,,,,,p882.htm#i8818,Jon_Haraldsson_(1),,Haraldsson-100,I00381847
Q146649,Q596574,,,,,,,,,,,,,,,,,,,,,,,,,,,142671,,p=david;n=of atholl,,,,,,,,,,,,p882.htm#i8815,David_Haraldsson_(1),,Haraldsson-291,I00381846
Q146650,Q943018,,,,,,,,,,,,,,,,,,,,,,,,,,,142666,,p=heinrek;n=of atholl,,,,,,,,,,,,,Heinrik_Haraldsson_(1),,Haraldsson-195,
Q146651,Q76360754,,,,,,,,,,,,,,,,,,,,,,,,,,,142670,,p=thorfinn;n=of atholl,,,,,,,,,,,,p71096.htm#i710952,,,,
Q146652,Q75956221,,,,,,,,,,,,,,,,,,,,,,,,,,,,,,,,,,,,,,,,,p42858.htm#i428575,,,,
Q146654,Q509637,,,,,,,,,,,,,,,,,,,,,,,,,,,302255|328972,,p=sancho garcez;n=de castilla,,,,,,,,,,,,p11331.htm#i113308|p15316.htm#i153152,Sancho_García_of_Castile_(1),,Castilla-45,I00106631
Q146656,Q7325694,,,,,,,,,,,,,,,,,,,,,,,,,,,314321,,,,,,,,,,,,,,p15845.htm#i158449,Richard_Fitz_Pons_(1),,FitzPons-15,I00028363
Q146657,Q75464181,,,,,,,,,,,,,,,,,,,,,,,,,,,,,,,,,,,,,,,,,p15845.htm#i158450,,,FitzWalter-143,I00304781
Q146658,Q75765334,,,,,,,,,,,,,,,,,,,,,,,,,,,,,,,,,,,,,,,,,p32255.htm#i322548,,,,
Q146659,Q72395446,,,,,,,,,,,,,,,,,,,,,,,,,,,,,p=roger;n=clifford;oc=3,,,,,,,,,,,,p15844.htm#i158437|p34759.htm#i347586,Roger_De_Clifford_(3),,Clifford-432,I00028368
Q146660,Q75620299,,,,,,,,,,,,,,,,,,,,,,,,,,,,,,,,,,,,,,,,,p25024.htm#i250236,,,,
Q146661,Q75821452,,,,,,,,,,,,,,,,,,,,,,,,,,,,,,,,,,,,,,,,,p34759.htm#i347585,,,,
Q146662,Q113633087,,,,,,,,,,,,,,,,,,,,,,,,,,,,,,,,,,,,,,,,,,,,Say-7,I00398071
Q146664,Q116005193,,,,,,,,,,,,,,,,,,,,,,,,,,,,,,,,,,,,,,,,,,Robert_Unknown_(59),,,I00291687
Q146665,Q16228653,,,,,,,,,,,,,,,,,,,,,,,,,,,,,,,,,,,,,,,,,,Thoros_of_Marash_(1),,,
Q146666,Q51728,,,,,,,,,,,,,,,,,,,,,,,,,,,,,,,,,,,,,,,,,,,,,
Q146667,Q76174344,,,,,,,,,,,,,,,,,,,,,,,,,,,,,,,,,,,,,,,,,p58177.htm#i581766,,,Unknown-134651,
Q146668,Q61896220,,,,,,,,,,,,,,,,,,,,,,,,,,,,,p=hervey;n=bagot,,,,,,,,,,,,p58177.htm#i581768,,,Bagot-7,
Q146669,Q61896218,,,,,,,,,,,,,,,,,,,,,,,,,,,,,,,,,,,,,,,,,p58177.htm#i581769,,,Stafford-457,
Q146670,Q75591915,,,,,,,,,,,,,,,,,,,,,,,,,,,,,,,,,,,,,,,,,p23117.htm#i231161,,,Bidun-1,I00638355
Q146671,Q65066625,,,,,,,,,,,,,,,,,,,,,,,,,,,,,,,,,,,,,,,,,p23116.htm#i231152,,,Lindsay-1973,I00116884
Q146672,Q5241473,,,,,,,,,,,,,,,,,,,,,,,,,,,113013,,,,,,,,,,,,,,p10775.htm#i107741,,,Lindsay-1971,
Q146673,Q75591900,,,,,,,,,,,,,,,,,,,,,,,,,,,,,,,,,,,,,,,,,p67818.htm#i678174|p23116.htm#i231151,,,Lindsay-1969,I00116887
Q146674,Q75591917,,,,,,,,,,,,,,,,,,,,,,,,,,,,,,,,,,,,,,,,,p23117.htm#i231162,,,Lindsay-1970,
Q146675,Q76278537,,,,,,,,,,,,,,,,,,,,,,,,,,,,,,,,,,,,,,,,,p65817.htm#i658167,,,,
Q146676,Q1335295,,,,,,,,,,,,,,,,,,,,,,,,,,,,,p=geoffroy;n=de+montbray;,,,,,,,,,,,,,,,Mowbray-201,I00688117
Q146677,Q76278536,,,,,,,,,,,,,,,,,,,,,,,,,,,,,,,,,,,,,,,,,p65817.htm#i658166,,,,
Q146678,Q4395698,,,,,,,,,,,,,,,,,,,,,,,,,,,1093031,,p=roger;n=d aubigny;oc=1,,,,,,,,,,,,p65817.htm#i658165,Roger_De_Mowbray_(1),,Mowbray-192,I00139753
Q146679,Q97346028,,,,,,,,,,,,,,,,,,,,,,,,,,,,,,,,,,,,,,,,,,,,FitzRobert-111,
Q146680,Q97345599,,,,,,,,,,,,,,,,,,,,,,,,,,,,,,,,,,,,,,,,,,,,Valoines-24,
Q146681,Q101243691,,,,,,,,,,,,,,,,,,,,,,,,,,,,,,,,,,,,,,,,,,,,De_Vere-408,
Q146682,Q4693146,,,,,,,,,,,,,,,,,,,,,,,,,,,1033109,,,,,,,,,,,,,,p1290.htm#i12900,Agnes_of_Essex_(1),,Essex-4,I00109445
Q146683,Q101243676,,,,,,,,,,,,,,,,,,,,,,,,,,,,,,,,,,,,,,,,,,,,,
Q146684,Q101243680,,,,,,,,,,,,,,,,,,,,,,,,,,,,,,,,,,,,,,,,,,,,,
Q146685,Q101243683,,,,,,,,,,,,,,,,,,,,,,,,,,,,,,,,,,,,,,,,,,,,,
Q146686,Q101243688,,,,,,,,,,,,,,,,,,,,,,,,,,,,,,,,,,,,,,,,,,,,,
Q146687,Q108441599,,,,,,,,,,,,,,,,,,,,,,,,,,,,,,,,,,,,,,,,,,,,,
Q146688,Q108441620,,,,,,,,,,,,,,,,,,,,,,,,,,,,,,,,,,,,,,,,,,,,,
Q146689,Q8020739,,,,,,,,,,,,,,,,,,,,,,,,,,,,,,,,,,,,,,,,,p32208.htm#i322074,William_d'Aubigny_(62),,Albini-39,I00366834
Q146690,Q76300809,,,,,,,,,,,,,,,,,,,,,,,,,,,,,,,,,,,,,,,,,p67328.htm#i673280,,,,
Q146691,Q11946121,,,,,,,,,,,,,,,,,,,,,,,,,,,153356,,p=raoul;n=de betuwe;oc=1|p=rudolf;n=van betuwe|p=rudolf;n=van betuwe;oc=2,,,,,,,,,,,,,Rudolf_Unknown_(1),,Balderic-4,I00106436
Q146692,Q23621688,,,,,,,,,,,,,,,,,,,,,,,,,,,,,,,,,,,,,,,,,,,,,
Q146694,Q3290459,,,,,,,,,,,,,,,,,,,,,,,,,,,,,,,,,,,,,,,,,,,,Imergi-1,
Q146695,Q5016021,,,,,,,,,,,,,,,,,,,,,,,,,,,,,,,,,,,,,,,,,,Cacht_Ingen_Ragnaill_(1),,Ragnaill-1,
Q146696,Q2923657,,,,,,,,,,,,,,,,,,,,,,,,,,,,,,,,,,,,,,,,,,,,,
Q146697,Q5004968,,,,,,,,,,,,,,,,,,,,,,,,,,,,,p=babhion+be+bind;n=o+flaherty,,,,,,,,,,,,p18895.htm#i188942,Babhion_O'Flaherty_(1),,Aurchada-2,I00424559
Q146698,Q75516672,,,,,,,,,,,,,,,,,,,,,,,,,,,,,p=mor;n=ingen+flan+o+hyne,,,,,,,,,,,,p18895.htm#i188945,Mor_O'Hyne_(1),,O_Mulloy-1,I00529960
Q146699,Q75516676,,,,,,,,,,,,,,,,,,,,,,,,,,,,,p=eachraid+ingen;n=cearbhall,,,,,,,,,,,,p18895.htm#i188947,Eachraid_Cearbhall_(1),,Ingen_Carlusa-1,I00117047
Q146700,Q5310459,,,,,,,,,,,,,,,,,,,,,,,,,,,,,,,,,,,,,,,,,p18896.htm#i188953,Dubhcobhla_Conchobhar_(1),,Ingen_Cathail-2,I00529962
Q146701,Q3426998,,,,,,,,,,,,,,,,,,,,,,,,,,,,,p=tadg;n=ua+briain,,,,,,,,,,,,p10286.htm#i102853|p18895.htm#i188948,Tadc_mac_Briain_(1),,O'Brien-371,I00117050
Q146702,Q17132120,,,,,,,,,,,,,,,,,,,,,,,,,,,,,,,,,,,,,,,,,p18895.htm#i188946,Murrough_Mac_Brian_(1),,Mac_Briain-4,I00529961
Q146703,Q75382691,,,,,,,,,,,,,,,,,,,,,,,,,,,,,p=dirborgaill+ingen+donnchad;n=n,,,,,,,,,,,,p10286.htm#i102855,Devorgilla_Unknown_(1),,O'Brien-664,I00300982
Q146704,Q363132,,,,,,,,,,8618613,,,,,,,,,,,,,,,,,145523,,,,,,,,,,,,,,p10290.htm#i102898,Indulf_(1),,MacAlpin-44,
Q146705,Q75385045,,,,,,,,,,,,,,,,,,,,,,,,,,,,,,,,,,,,,,,,,p10528.htm#i105280,,,MacAlpin-74,
Q146706,Q75402838,,,,,,,,,,,,,,,,,,,,,,,,,,,1372178,,p=engeltru;n=de brienne,,,,,,,,,,,,p11994.htm#i119932,Ingeltrude_de_Brienne_(1),,,
Q146707,Q600601,,,,,,,,,,,,,,,,,,,,,,,,person/7fbf8f37-88fb-42ae-8e70-d0e9a23878cd,,,,,,,,,,,,,,,,,,,,,
Q146708,Q2567387,,,,,,,,,,,,,,,,,,,,,,,,,,,,,,,,,,,,,,,,,,,,,
Q146710,Q116473948,,,,,,,,,,,,,,,,,,,,,,,,,,,933711,,p=maria;n=.;oc=14|p=maria;n=.;oc=5,,,,,,,,,,,,,,,,I00312818
Q146711,Q162102,,,,,,,,,,,,,detusculumt0,,,,,,,,,,,,,,447812,,p=theophylacte;n=di spoleto|p=theophylacte;n=di tuscolo;oc=1,,,,,,,,,,,,,Theophylact_of_Tusculum_(1),,Tuscolo-2,I00312819
Q146712,Q227978,,,,,,,,,,,,,,,,,,,,,,,,person/E6D79CF1-71AA-4787-9CC8-1CD7AF726C2C,,,447816,,p=romano;n=di tuscolo,,,,,,,,,,,,,Romanus_of_Tusculum_(1),,Tuscolo-1,I00312820
Q146713,Q72702,,,,,,,,,,,,,,,,,,,,,,,,,,,482897,,p=alberico;n=di tuscolo|p=alberigo;n=di spoleto;oc=2,,,,,,,,,,,,,Alberic_of_Tusculum_(1),,Tusculum-5,I00312821
Q146714,Q378398,,,,,,,,,,,,,,,,,,,,,,,,,,,,,p=pietro;n=candiano,,,,,,,,,,,,,Pietro_IV_Candiano_(1),,Candiano-6,I00020675
Q146715,Q35611,,,,,,,,,,,,,,,,,,,,,,,,,,,,,p=teodaldo;n=di canossa;oc=1,,,,,,,,,,,,,Tedald_of_Canossa_(2),,,
Q146721,Q4494521,,,,,,,,,,,,,,,,,,,,,,,,,,,682461,,p=hadamudis;n=von ebersberg,,,,,,,,,,,,,Hadamut_Von_Ebersberg_(1),,,I00249830
Q146722,Q88862993,,,,,,,,,,,,,,,,,,,,,,,,,,,471253,,p=louis;n=de faucigny,,,,,,,,,,,,,Louis_Unknown_(9),,Faucigny-29,I00027363
Q146724,Q105983259,,,,,,,,,,,,,,,,,,,,,,,,,,,381518,,,,,,,,,,,,,,,,,,I00580814
Q146725,Q105983258,,,,,,,,,,,,,,,,,,,,,,,,,,,,,,,,,,,,,,,,,,,,,I00580816
Q146726,Q76355981,,,,,,,,,,,,,,,,,,,,,,,,,,,1145166,,,,,,,,,,,,,,p70902.htm#i709016,Thibaut_De_Crepy_(1),,,
Q146727,Q76355983,,,,,,,,,,,,,,,,,,,,,,,,,,,,,,,,,,,,,,,,,p70902.htm#i709017,,,,
Q146728,Q76355989,,,,,,,,,,,,,,,,,,,,,,,,,,,306143,,p=ermengarde;n=de montjay,,,,,,,,,,,,p70903.htm#i709021,Ermengarde_De_Montjoy_(1),,Montjoy-4,I00027556
Q146729,Q76356030,,,,,,,,,,,,,,,,,,,,,,,,,,,,,,,,,,,,,,,,,p70905.htm#i709047,,,,
Q146730,Q116005063,,,,,,,,,,,,,,,,,,,,,,,,,,,,,p=alix;n=de grandpre;oc=1,,,,,,,,,,,,,,,Grandpré-20,I00148737
Q146731,Q3430889,,,,,,,,,,,,,,,,,,,,,,,,,,,,,,,,,,,,,,,,,,,,,I00148739
Q146732,Q76298536,,,,,,,,,,,,,,,,,,,,,,,,,,,,,,,,,,,,,,,,,p67161.htm#i671604,,,,
Q146733,Q76300079,,,,,,,,,,,,,,,,,,,,,,,,,,,,,,,,,,,,,,,,,p67272.htm#i672717,,,,
Q146734,Q76300555,,,,,,,,,,,,,,,,,,,,,,,,,,,,,,,,,,,,,,,,,p67310.htm#i673099,,,,
Q146735,Q24970887,,,,,,,,,,,,,,,,,,,,,,,,,,,,,,,,,,,,,,,,,,,,,
Q146736,Q1914050,,,,,,,,,,,,,,,,,,,,,,,,,,,737862,,p=baudouin;n=de gand;oc=3,,,,,,,,,,,,,,,Aalst-3,
Q146737,Q122674479,,,,,,,,,,,,,,,,,,,,,,,,,,,,,p=arnulf;n=d ardres;oc=2,,,,,,,,,,,,,,,Ardres-6,
Q146738,Q113456833,,,,,,,,,,,,,,,,,,,,,,,,,,,,,p=baudouin;n=d ardres;oc=1,,,,,,,,,,,,,,,,I00451640
Q146739,Q116005477,,,,,,,,,,,,,,,,,,,,,,,,,,,123588,,p=engelbert;n=de peteghem;oc=4,,,,,,,,,,,,,Ingelbrecht_IV_van_Petegem_en_Cysoing_(1),,Van_Peteghem-43,I00121886
Q146740,Q116005465,,,,,,,,,,,,,,,,,,,,,,,,,,,,,,,,,,,,,,,,,,,,Petegem-3,I00164823
Q146741,Q18155982,,,,,,,,,,,,,,,,,,,,,,,,,,,146514,,p=alan;n=de percy;oc=1,,,,,,,,,,,,p15828.htm#i158271,Alan_de_Percy_(1),,Percy-220,I00139942
Q146742,Q75301626,,,,,,,,,,,,,,,,,,,,,,,,,,,,,,,,,,,,,,,,,p4898.htm#i48975,,,,
Q146743,Q76300108,,,,,,,,,,,,,,,,,,,,,,,,,,,,,,,,,,,,,,,,,p67274.htm#i672738,,,,
Q146744,Q76300090,,,,,,,,,,,,,,,,,,,,,,,,,,,826977,,,,,,,,,,,,,,p67273.htm#i672725,,,Nellenburg-3,
Q146745,Q2561600,,,,,,,,,,,,,,,,,,,,,,,,,,,,,,,,,,,,,,,,,,,,,
Q146746,Q76300830,,,,,,,,,,,,,,,,,,,,,,,,,,,,,,,,,,,,,,,,,p67330.htm#i673297,,,,
Q146747,Q76299420,,,,,,,,,,,,,,,,,,,,,,,,,,,,,,,,,,,,,,,,,p67218.htm#i672176,,,,
Q146748,Q76299985,,,,,,,,,,,,,,,,,,,,,,,,,,,,,,,,,,,,,,,,,p67264.htm#i672635,,,,
Q146749,Q76299592,,,,,,,,,,,,,,,,,,,,,,,,,,,,,,,,,,,,,,,,,p67231.htm#i672306,,,,
Q146750,Q76299936,,,,,,,,,,,,,,,,,,,,,,,,,,,,,,,,,,,,,,,,,p67259.htm#i672586,,,,
Q146751,Q76299949,,,,,,,,,,,,,,,,,,,,,,,,,,,,,,,,,,,,,,,,,p67260.htm#i672598,,,,
Q146752,Q60617584,,,,,,,,,,,,,,,,,,,,,,,,,,,,,,,,,,,,,,,,,p67312.htm#i673112,,,,
Q146753,Q76298672,,,,,,,,,,,,,,,,,,,,,,,,,,,,,,,,,,,,,,,,,p67169.htm#i671683,,,,
Q146754,Q55650520,,,,,,,,,,,,,,,,,,,,,,,,,,,191168,,p=achard;n=de ferte sur aube,,,,,,,,,,,,,Achard_De_La_Fertue_(1),,Vermandois-344,I00141439
Q146755,Q115595198,,,,,,,,,,,,,,,,,,,,,,,,,,,883672,,p=adelaide;n=d auxois;oc=1,,,,,,,,,,,,,Archarda_De_Bar-sur_(1),,Ferté-sur-Aube-3,I00141440
Q146756,Q1223637,,,,,,,,,,,,,,,,,,,,,,,,,,,92351,,,,,,,,,,,,,,p59196.htm#i591952,Dietrich_of_Cleves_(4),,,
Q146757,Q76196713,,,,,,,,,,,,,,,,,,,,,,,,,,,,,,,,,,,,,,,,,p59705.htm#i597042,,,,
Q146758,Q719687,,,,,,,,,,,,,,,,,,,,,,,,,,,825494,,,,,,,,,,,,,,,,,Friesland-40,
Q146763,Q75718308,,,,,,,,,,,,,,,,,,,,,,,,,,,,,,,,,,,,,,,,,p30064.htm#i300640,,,,
Q146764,Q75718321,,,,,,,,,,,,,,,,,,,,,,,,,,,,,,,,,,,,,,,,,p30065.htm#i300645,,,,
Q146765,Q75718323,,,,,,,,,,,,,,,,,,,,,,,,,,,,,,,,,,,,,,,,,p30065.htm#i300646,,,,
Q146766,Q75718364,,,,,,,,,,,,,,,,,,,,,,,,,,,,,,,,,,,,,,,,,p30067.htm#i300662,,,,
Q146767,Q75718367,,,,,,,,,,,,,,,,,,,,,,,,,,,,,,,,,,,,,,,,,p30067.htm#i300663,,,,
Q146768,Q75720151,,,,,,,,,,,,,,,,,,,,,,,,,,,,,,,,,,,,,,,,,p30136.htm#i301355,,,,
Q146770,Q20583412,,,,,,,,,,,,,,,,,,,,,,,,,,,147185|1371397,,p=prostlon;n=de poher,,,,,,,,,,,,,"Daughter_of_Salomon,_King_of_Brittany_(1)",,Bretagne-170,
Q146771,Q108273979,,,,,,,,,,,,,,,,,,,,,,,,,,,1371273|1240670,,p=alfred;n=de fougeres,,,,,,,,,,,,,Unknown_Auffroy_(1),,Fougères-21,
Q146772,Q19946613,,,,,,,,,,,,,,,,,,,,,,,,,,,1240589,,p=tristan;n=de vitre;oc=1,,,,,,,,,,,,,Triscan_de_Vitré_(1),,Vitré-22,I00616569
Q146773,Q30729419,,,,,,,,,,,,,,,,,,,,,,,,,,,1239521,,p=robert;n=de vitre;oc=1,,,,,,,,,,,,,Robert_De_Vitre_(2),,Vitré-20,I00124698
Q146774,Q75301579,,,,,,,,,,,,,,,,,,,,,,,,,,,,,,,,,,,,,,,,,p4895.htm#i48943,,,,
Q146775,Q75624272,,,,,,,,,,,,,,,,,,,,,,,,,,,,,,,,,,,,,,,,,p25300.htm#i252997,,,Trevers-2,
Q146776,Q76346753,,,,,,,,,,,,,,,,,,,,,,,,,,,,,,,,,,,,,,,,,p70423.htm#i704229,,,Grandmesnil-10,I00120985
Q146777,Q105769006,,,,,,,,,,,,,,,,,,,,,,,,,,,141707,,p=adam;n=de bruce;oc=2,,,,,,,,,,,,,Adam_Brus_(12)|Adam_de_Brus_(1),,Brus-28,I00029185
Q146778,Q75464058,,,,,,,,,,,,,,,,,,,,,,,,,,,141706,,p=adam;n=de bruce,,,,,,,,,,,,p15835.htm#i158346,Adam_Brus_(1)|Adam_De_Brus_(3),,Bruce-2208,I00027712
Q146779,Q116005216,,,,,,,,,,,,,,,,,,,,,,,,,,,,,,,,,,,,,,,,,,,,,I00647121
Q146780,Q288977,,,,,,,,,,,,,,,,,,,,,,,,,,,,,,,,,,,,,,,,,,William_of_Montreuil_(1),,,
Q146781,Q16209736,,,,,,,,,,,,,,,,,,,,,,,,,,,,,,,,,,,,,,,,,,,,Devereux-40,
Q146782,Q23584967,,,,,,,,,,,,,,,,,,,,,,,,,,,,,,,,,,,,,,,,,,,,,
Q146783,Q23584962,,,,,,,,,,,,,,,,,,,,,,,,,,,,,,,,,,,,,,,,,,,,,
Q146784,Q75514057,,,,,,,,,,,,,,,,,,,,,,,,,,,,,,,,,,,,,,,,,p18736.htm#i187354,,,Ribemont-4,
Q146785,Q75514061,,,,,,,,,,,,,,,,,,,,,,,,,,,,,,,,,,,,,,,,,p18736.htm#i187357,,,,
Q146786,Q75514072,,,,,,,,,,,,,,,,,,,,,,,,,,,,,,,,,,,,,,,,,p18737.htm#i187364,,,,
Q146787,Q76045598,,,,,,,,,,,,,,,,,,,,,,,,,,,,,,,,,,,,,,,,,p49169.htm#i491687,,,,
Q146788,Q76045599,,,,,,,,,,,,,,,,,,,,,,,,,,,,,,,,,,,,,,,,,p49169.htm#i491688,,,,
Q146789,Q76045605,,,,,,,,,,,,,,,,,,,,,,,,,,,,,,,,,,,,,,,,,p49170.htm#i491692,,,,
Q146790,Q76045606,,,,,,,,,,,,,,,,,,,,,,,,,,,,,,,,,,,,,,,,,p49170.htm#i491693,,,,
Q146791,Q25350359,,,,,,,,,,,,,,,,,,,,,,,,,,,,,,,,,,,,,,,,,,,,Montaigu-13,
Q146792,Q26763940,,,,,,,,,,,,,,,,,,,,,,,,,,,,,,,,,,,,,,,,,,,,,
Q146793,Q76240025,,,,,,,,,,,,,,,,,,,,,,,,,,,8412,,p=alveradis;n=von hochstaden,,,,,,,,,,,,p62944.htm#i629433,Alveradis_Van_Hostaden_(1),,Von_Hochstaden-2,I00139701
Q146794,Q1539240,,,,,,,,,,,,,,,,,,,,,,,,,,,8413,,p=gottfried;n=van cuyck,,,,,,,,,,,,,Godfried_I_van_Cuijk_(1),,Cuijck-4,I00107744
Q146795,Q345959,,,,,,,,,,,,,,,,,,,,,,,,,,,,,,,,,,,,,,,,,p41568.htm#i415680,Geoffrey_Mandeville_(5),,Mandeville-11,I00177850
Q146796,Q61764424,,,,,,,,,,,,,,,,,,,,,,,,,,,,,,,,,,,,,,,,,p41569.htm#i415681,,,,I00177851
Q146797,Q97008768,,,,,,,,,,,,,,,,,,,,,,,,,,,,,p=rohese;n=de boulogne,,,,,,,,,,,,,Rohese_de_Boulogne_(1),,Unknown-475048,I00463742
Q146798,Q122198201,,,,,,,,,,,,,,,,,,,,,,,,,,,323430,,,,,,,,,,,,,,,Pharamus_Of_Buckingham_(1),,Boulogne-46,I00038517
Q146799,Q111452997,,,,,,,,,,,,,,,,,,,,,,,,,,,,,p=ne;n=n;oc=56124,,,,,,,,,,,,,Unknown_(24505),,UNKNOWN-5095,I00452399
Q146800,Q75938965,,,,,,,,,,,,,,,,,,,,,,,,,,,,,,,,,,,,,,,,,p41590.htm#i415898,,,,
Q146801,Q113383317,,,,,,,,,,,,,,,,,,,,,,,,,,,,,p=aelis;n=n;oc=7,,,,,,,,,,,,,,,,I00452397
Q146802,Q3144688,,,,,,,,,,,,,,,,,,,,,,,,,,,,,,,,,,,,,,,,,,,,,
Q146803,Q7288324,,,,,,,,,,,,,,,,,,,,,,,,,,,,,p=ralph;n=de sudeley;oc=1,,,,,,,,,,,,p58843.htm#i588424,Ralph_Sudley_(1),,Sudeley-16,I00570521
Q146804,Q76183969,,,,,,,,,,,,,,,,,,,,,,,,,,,,,p=william;n=de tracy,,,,,,,,,,,,p58847.htm#i588466,William_de_Tracy_(2),,Tracy-1110,I00570506
Q146805,Q106704799,,,,,,,,,,,,,,,,,,,,,,,,,,,,,p=sybil;n=n;oc=2,,,,,,,,,,,,,Sybil_Unknown_(2),,Unknown-34332,I00314212
Q146806,Q72396204,,,,,,,,,,,,,,,,,,,,,,,,,,,,,p=robert;n=de sudeley,,,,,,,,,,,,p15844.htm#i158439,Robert_De_Ewyas_(1),,Ewyas-9,I00028370
Q146807,Q106686435,,,,,,,,,,,,,,,,,,,,,,,,,,,,,,,,,,,,,,,,,,,,,I00030549
Q146808,Q4098042,,,,,,,,,,,,,,,,,,,,,,,,,,,307915,,p=budig;n=de cornouailles,,,,,,,,,,,,,Budig_Castilin_(1),,Cornouaille-6,
Q146809,Q112064722,,,,,,,,,,,,,,,,,,,,,,,,,,,919859,,p=alarun;n=n,,,,,,,,,,,,,Allarum_de_Cornouaïlle_(1),,Cornouaille-20,I00046743
Q146810,Q3356682,,,,,,,,,,,,,,,,,,,,,,,,,,,983931,,p=orscant;n=de vannes,,,,,,,,,,,,,,,,I00616870
Q146811,Q117022465,,,,,,,,,,,,,,,,,,,,,,,,,,,,,,,,,,,,,,,,,,,,,
Q146812,Q110264665,,,,,,,,,,,,,,,,,,,,,,,,,,,,,p=benoit;n=de cornouailles,,,,,,,,,,,,,,,,
Q146813,Q2070010,,,,,,,,,,,,,,,,,,,,,,,,,,,,,p=mathias;n=de nantes;oc=1,,,,,,,,,,,,,,,,
Q146814,Q2071609,,,,,,,,,,,,,,,,,,,,,,,,,,,,,p=geoffroi;n=de penthievre;oc=2,,,,,,,,,,,,p4049.htm#i40487,,,,I00485384
Q146815,Q55385340,,,,,,,,,,,,,,,,,,,,,,,,,,,1237434,,,,,,,,,,,,,,,Berthe_du_Puy-du-Fou_(1),,Puy-24,I00163388
Q146816,Q1911353,,,,,,,,,,,,,,,,,,,,,,,,,,,147582|590057,,p=henri;n=de penthievre;oc=2,,,,,,,,,,,,,Henri_Unknown_(3),,Avaugour-16,I00296673
Q146819,Q75508004,,,,,,,,,,,,,,,,,,,,,,,,,,,,,,,,,,,,,,,,,p18381.htm#i183809,John_Crawford_(144),,,
Q146820,Q76278547,,,,,,,,,,,,,,,,,,,,,,,,,,,,,p=ilbert;n=de lacy;oc=2,,,,,,,,,,,,p65818.htm#i658174,Ilbert Lacy (2),,Lacy-295,I00249941
Q146821,Q61963034,,,,,,,,,,,,,,,,,,,,,,,,,,,,,,,,,,,,,,,,,p65817.htm#i658164,,,Mowbray-89,I00139755
Q146822,Q110611817,,,,,,,,,,,,,,,,,,,,,,,,,,,,,p=gunnora;n=de albini,,,,,,,,,,,,,Gunnora_de_Albini_Brito_(1),,Aubigny-83,I00478492
Q146823,Q110611783,,,,,,,,,,,,,,,,,,,,,,,,,,,,,p=gilbert;n=de gaunt,,,,,,,,,,,,,Gilbert_De_Gaunt_(11),,Gand-23,I00478493
Q146824,Q122697450,,,,,,,,,,,,,,,,,,,,,,,,,,,,,p=alice;n=de gand,,,,,,,,,,,,,Alice_de_Gant_(1),,Gant-134,I00333199
Q146826,Q48749056,,,,,,,,,,,,,,,,,,,,,,,,,,,1240821,,p=raoul;n=de fougeres;oc=2,,,,,,,,,,,,,Raoul_de_Fougères_(2),,Fougères-15,I00046739|I00293981|I00331001
Q146827,Q4181145,,,,,,,,,,,,,,,,,,,,,,,,,,,1240618,,p=geoffroy;n=de dinan;oc=2,,,,,,,,,,,,,Geoffrey_Dinham_(5)|Geoffroy_de_Dinan_(2),,Dinan-13,I00438934
Q146828,Q63436758,,,,,,,,,,,,,,,,,,,,,,,,,,,1240619,,p=orieldis;n=de chateaugiron,,,,,,,,,,,,,Radegonde_Nerondes_(3)|Radegonde_Unknown_(1),,Nerondes-1,I00438935
Q146829,Q114135924,,,,,,,,,,,,,,,,,,,,,,,,,,,,,p=olivier;n=de dinan,,,,,,,,,,,,,,,,
Q146830,Q114136553,,,,,,,,,,,,,,,,,,,,,,,,,,,,,p=roland;n=de dinan,,,,,,,,,,,,,Roland_Unknown_(4),,,
Q146831,Q117030462,,,,,,,,,,,,,,,,,,,,,,,,,,,1239446,,p=guillaume;n=de tancarville;oc=4,,,,,,,,,,,,,Guillaume_De_Tancarville_(1),,Tancarville-2,
Q146832,Q117037490,,,,,,,,,,,,,,,,,,,,,,,,,,,1239447,,p=mathilde;n=d arques,,,,,,,,,,,,,Maud_d'Arques_(1),,Arques-5,
Q146833,Q117038067,,,,,,,,,,,,,,,,,,,,,,,,,,,1239440,,p=guillaume;n=de tancarville,,,,,,,,,,,,,,,Tancarville-22,
Q146834,Q56648979,,,,,,,,,,,,,,,,,,,,,,,,,,,141717,,p=roger fitzgerald;n=de roumare,,,,,,,,,,,,p21588.htm#i215879,Roger_Fitzgerold_(1),,FitzGerold-28,I00030583
Q146835,Q1858519,,,,,,,,9MCW-H9P,,,,,,,,,,,,,,,,,,,141708,,p=robert;n=de bruce;oc=3|p=robert;n=de bruce;oc=5,,,,,,,,,,,,p39647.htm#i396466,Robert_de_Brus_(2),,Brus-141,I00029171
Q146836,Q2535512,,,,,,,,KH5Y-4QF,,,,,,,,,,,,,,,,,,,18231,,p=robert;n=de bruce;oc=4,,,,,,,,,,,,p41190.htm#i411891,Robert_Bruce_(12),,Brus-39,I00029175
Q146837,Q75103824,,,,,,,,,,,,,,,,,,,,,,,,,,,,,p=randolph;n=fitzrandolph of middleham,,,,,,,,,,,,p15834.htm#i158335,Ranulf_Fitz_Robert_(2),,Taillebois-58,I00430234
Q146838,Q97570427,,,,,,,,,,,,,,,,,,,,,,,,,,,,,,,,,,,,,,,,,,,,,I00326802
Q146839,Q97570421,,,,,,,,,,,,,,,,,,,,,,,,,,,,,p=henry fitzhervey;n=of ravensworth,,,,,,,,,,,,,,,FitzHervey-10,I00326803
Q146840,Q85854238,,,,,,,,,,,,,,,,,,,,,,,,,,,,,,,,,,,,,,,,,,,,,
Q146841,Q120549370,,,,,,,,,,,,,,,,,,,,,,,,,,,,,p=drogon;n=de pierrefonds,,,,,,,,,,,,,,,,
Q146842,Q120549409,,,,,,,,,,,,,,,,,,,,,,,,,,,,,,,,,,,,,,,,,,,,,
Q146843,Q2420302,,,,,,,,,,,,,,,,,,,,,,,,,,,,,,,,,,,,,,,,,,,,De_Soisson-2,I00636367
Q146844,Q101468632,,,,,,,,,,,,,,,,,,,,,,,,,,,,,p=jean;n=de nesle,,,,,,,,,,,,,,,De_Nesles-2|Nesle-10,I00139964
Q146845,Q2515665,,,,,,,,,,,,,,,,,,I7255,,,,,,,,,259089,,p=henri;n=d eu;oc=2,,,,,,,,,,,,p10677.htm#i106763,Henry_D'_Eu_(1),,Eu-21,I00015444
Q146846,Q75769517,,,,,,,,,,,,,,,,,,,,,,,,,,,,,,,,,,,,,,,,,p32495.htm#i324945,Jean_d'Eu_(2),,Eu-56,I00330985
Q146847,Q75771045,,,,,,,,,,,,,,,,,,,,,,,,,,,,,,,,,,,,,,,,,p32568.htm#i325675,Robert_d'Eu_(2),,,I00330984
Q146848,Q75835430,,,,,,,,,,,,,,,,,,,,,,,,,,,,,p=mathilde;n=d eu,,,,,,,,,,,,p35340.htm#i353392,Mathilde_d'Eu_(1),,,I00330988
Q146849,Q75835432,,,,,,,,,,,,,,,,,,,,,,,,,,,,,,,,,,,,,,,,,p35340.htm#i353393,Marguerite_d'Eu_(1),,,I00330982
Q146850,Q75835434,,,,,,,,,,,,,,,,,,,,,,,,,,,,,,,,,,,,,,,,,p35340.htm#i353394,Adam_d'Eu_(1),,,I00330983
Q146851,Q75835573,,,,,,,,,,,,,,,,,,,,,,,,,,,,,,,,,,,,,,,,,p35347.htm#i353461,Henri_d'Eu_(1),,,I00330986
Q146852,Q75241558,,,,,,,,,,,,,,,,,,,,,,,,,,,,,,,,,,,,,,,,,p378.htm#i3779,,,Bezaume-2,I00251521
Q146853,Q2991783,,,,,,,,,,,,,,,,,,,,,,,,,,,323207,,p=landolfo;n=di benevento;oc=4,,,,,,,,,,,,,Landolfo_III_di_Benevento_(1),,,I00637897
Q146854,Q100438072,,,,,,,,,,,,,,,,,,,,,,,,,,,,,,,,,,,,,,,,,,Gaitelgrima_Unknown_(1),,,I00637898
Q146855,Q2042559,,,,,,,,,,,,,,,,,,,,,,,,,,,,,,,,,,,,,,,,,,Landolf_Unknown_(3),,,I00546044
Q146856,Q6761712,,,,,,,,,,,,,,,,,,,,,,,,,,,,,p=maria;n=di benevento,,,,,,,,,,,,,Maria_Unknown_(549),,,
Q146857,Q1451571,,,,,,,,,,,,,,,,,,,,,,,,,,,,,p=landolfo;n=di benevento;oc=5,,,,,,,,,,,,,Landolf_Unknown_(2),,,I00546028
Q146858,Q2461472,,,,,,,,,,,,,,,,,,,,,,,,,,,,,p=pandolfo;n=di capua;oc=2|p=pandulf;n=di capua,,,,,,,,,,,,,Pandolf_Unknown_(1),,Benevento-3,I00546029
Q146859,Q7454495,,,,,,,,,,,,,,,,,,,,,,,,,,,,,,,,,,,,,,,,,,,,,
Q146860,Q28229,,,,,,,,,,,,,,,,,,,,,,,,,,,,,,,,,,,,,,,,,,,,,
Q146863,Q43958,,,,,,,,LH8H-YJQ,,8091411,,,diazdebivarr,,,,,,,,,,,person/E305FC03-A624-4F1D-9100-26A532CDAE15,,,114602,,,,,,,,,,,,,,p385.htm#i3843|p42047.htm#i420467,Rodrigo-Diaz_De_Vivar_(1),,Vivar-3,I00038820
Q146872,Q3934660,,,,,,,,,,,,,,,,,,,,,,,,,,,,,p=riccardo;n=di aversa,,,,,,,,,,,,,,,,
Q146873,Q75394190,,,,,,,,,,,,,,,,,,,,,,,,,,,,,,,,,,,,,,,,,p11410.htm#i114094,,,,
Q146887,Q100439682,,,,,,,,,,,,,,,,,,,,,,,,,,,,,p=guglielmo;n=sanseverino;oc=5,,,,,,,,,,,,,,,,I00118300
Q146888,Q100439678,,,,,,,,,,,,,,,,,,,,,,,,,,,,,,,,,,,,,,,,,,,,,I00118304
Q146889,Q3844501,,,,,,,,,,,,,,,,,,,,,,,,,,,,,,,,,,,,,,,,,,,,,
Q146890,Q3439452,,,,,,,,,,,,,,,,,,,,,,,,,,,,,,,,,,,,,,,,,,,,,
Q146891,Q124651959,,,,,,,,,,,,,,,,,,,,,,,,,,,,,,,,,,,,,,,,,,Eva_of_Gaeta_(1),,,
Q146892,Q1581993,,,,,,,,,,,,,,,,,,,,,,,,,,,,,,,,,,,,,,,,,,,,,
Q146893,Q110899768,,,,,,,,,,,,,,,,,,,,,,,,,,,,,p=archambaud;n=de comborn;oc=6,,,,,,,,,,,,,,,De_COMBORN-7,I00300371
Q146894,Q5331881,,,,,,,,,,,,,,,,,,,,,,,,,,,939227,,p=ebles;n=de ventadour;oc=5,,,,,,,,,,,,,Eble_IV_of_Ventadorn_(1),,Ventadour-8,I00196968
Q146897,Q65065220,,,,,,,,,,,,,,,,,,,,,,,,,,,,,,,,,,,,,,,,,p18989.htm#i189884,,,Quincy-78,I00106757
Q146898,Q110641615,,,,,,,,,,,,,,,,,,,,,,,,,,,,,,,,,,,,,,,,,,,,Quincy-227,I00397930
Q146899,Q63184167,,,,,,,,,,,,,,,,,,,,,,,,,,,,,,,,,,,,,,,,,p47447.htm#i474465|p41019.htm#i410182,,,Lucy-324,I00286801
Q146900,Q1169789,,,,,,,,,,,,,,,,,,,,,,,,,,,,,,,,,,,,,,,,,p41019.htm#i410183,Robert_FitzWalter_(2),,FitzWalter-101,I00368693
Q146901,Q76298188,,,,,,,,,,,,,,,,,,,,,,,,,,,,,,,,,,,,,,,,,p67136.htm#i671357,,,FitzWalter-108,I00466609
Q146902,Q75242533,,,,,,,,,,,,,,,,,,,,,,,,,,,,,,,,,,,,,,,,,p464.htm#i4633,,,,I00110860
Q146903,Q3142136,,,,,,,,,,,,,,,,,,,,,,,,,,,,,p=hubert;n=de+ryes;oc=1,,,,,,,,,,,,,,,,
Q146904,Q175780,,,,,,,,,,,,,,,,,,,,,,,,,,,,,,,,,,,,,,,,,p33612.htm#i336120|p46659.htm#i466588,William_de_Mandeville_(1),,Mandeville-35,
Q146905,Q936911,,,,,,,,,,,,,,,,,,,,,,,,,,,,,p=geoffrey;n=de+mandeville;oc=1,,,,,,,,,,,,p33611.htm#i336104,Geoffrey_de_Mandeville_(1),,Mandeville-25,
Q146906,Q104630082,,,,,,,,,,,,,,,,,,,,,,,,,,,,,,,,,,,,,,,,,,,,,
Q146907,Q108274029,,,,,,,,,,,,,,,,,,,,,,,,,,,1239498,,p=main;n=de fougeres,,,,,,,,,,,,,Meen_de_Fougères_(1),,Fougères-11,
Q146908,Q76102488,,,,,,,,,,,,,,,,,,,,,,,,,,,,,,,,,,,,,,,,,p53224.htm#i532232,,,,
Q146911,Q134627254,,,,,,,,,,,,,,,,,,,,,,,,,,,,,,,,,,,,,,,,,,,,,
Q146912,Q127325086,,,,,,,,,,,,,,,,,,,,,,,,,,,,,,,,,,,,,,,,,,,,,
Q146913,Q3218607,,,,,,,,,,,,,,,,,,,,,,,,,,,1421309,,p=laugier;n=d+agoult;,,,,,,,,,,,,,,,,
Q146914,Q123165822,,,,,,,,,,,,,,,,,,,,,,,,,,,,,,,,,,,,,,,,,,,,,
Q146915,Q123167454,,,,,,,,,,,,,,,,,,,,,,,,,,,,,,,,,,,,,,,,,,,,,
Q146916,Q123167783,,,,,,,,,,,,,,,,,,,,,,,,,,,,,,,,,,,,,,,,,,,,,
Q146917,Q3119514,,,,,,,,,,,,,,,,,,,,,,,,,,,473132,,p=guigues;n=de forez;oc=2|p=guy;n=de forez,,,,,,,,,,,,,Guigues_Unknown_(4),,,I00048738
Q146918,Q2063109,,,,,,,,,,,,,,,,,,,,,,,,,,,426426,,p=guillaume;n=de nevers;oc=3,,,,,,,,,,,,p48332.htm#i483320,"William_III,_Count_of_Nevers_(1)",,Nevers-57,I00122073|I00198389
Q146919,Q2127876,,,,,,,,,,,,,,,,,,,,,,,,,,,,,,,,,,,,,,,,,p48333.htm#i483321,,,,
Q146920,Q76034484,,,,,,,,,,,,,,,,,,,,,,,,,,,,,,,,,,,,,,,,,p48333.htm#i483322,,,,
Q146921,Q110315132,,,,,,,,,,,,,,,,,,,,,,,,,,,,,,,,,,,,,,,,,,,,,I00139988
Q146922,Q3419190,,,,,,,,,,,,,,,,,,,,,,,,,,,1300344,,p=raoul;n=du maine,,,,,,,,,,,,,,,,I00197061
Q146923,Q3419199,,,,,,,,,,,,,,,,,,,,,,,,,,,,,p=raoul;n=du maine;oc=7,,,,,,,,,,,,,,,,I00305149
Q146924,Q110578154,,,,,,,,,,,,,,,,,,,,,,,,,,,1239522,,p=berthe;n=de craon,,,,,,,,,,,,,Berthe_De_Craon_(1),,Craon-19,I00124699
Q146925,Q113828546,,,,,,,,,,,,,,,,,,,,,,,,,,,939221,,p=amelie;n=de chabanais,,,,,,,,,,,,,,,De_Chabanais-1,
Q146926,Q110578155,,,,,,,,,,,,,,,,,,,,,,,,,,,,,p=tiphaine;n=de champtoce,,,,,,,,,,,,,Etiennette_Chantoce_(1),,Chantoce-1,I00124703
Q146927,Q110520636,,,,,,,,,,,,,,,,,,,,,,,,,,,322982,,p=hugues;n=de craon,,,,,,,,,,,,,Hughes_de_Craon_(1),,Craon-24,I00124706
Q146928,Q3435454,,,,,,,,,,,,,,,,,,,,,,,,,,,,,p=robert;n=de sable;oc=3,,,,,,,,,,,,,Robert_Unknown_(39),,Sablé-9,I00122086
Q146929,Q110603019,,,,,,,,,,,,,,,,,,,,,,,,,,,,,p=ne;n=n;oc=16623,,,,,,,,,,,,,,,,I00197225
Q146930,Q110603009,,,,,,,,,,,,,,,,,,,,,,,,,,,,,p=hugues;n=damas;oc=14,,,,,,,,,,,,,,,,I00197220
Q146931,Q111050804,,,,,,,,,,,,,,,,,,,,,,,,,,,,,p=geoffroy;n=de semur,,,,,,,,,,,,,,,,
Q146932,Q16672515,,,,,,,,,,,,,,,,,,,,,,,,,,,,,p=renaud;n=de semur,,,,,,,,,,,,,,,,
Q146933,Q643487,,,,,,,,,,,,,,,,,,,,,,,,,,,,,,,,,,,,,,,,,,,,,
Q146934,Q17630161,,,,,,,,,,,,,,,,,,,,,,,,,,,,,,,,,,,,,,,,,,,,,
Q146936,Q131522844,,,,,,,,,,,,,,,,,,,,,,,,,,,,,,,,,,,,,,,,,,,,,
Q146937,Q1888665,,,,,,,,,,,,,,,,,,,,,,,,,,,,,,,,,,,,,,,,,,,,,
Q146938,Q2801477,,,,,,,,,,,,,,,,,,,,,,,,,,,961264,,p=lancelin;n=de beauvais;oc=2,,,,,,,,,,,,p41189.htm#i411886,,,Beauvais-499,I00447093
Q146939,Q2830862,,,,,,,,,,,,,,,,,,,,,,,,,,,644254,,p=aubry;n=de mello,,,,,,,,,,,,,Aubrey_De_Mello_(1),,Mello-86,I00447095
Q146940,Q75933151,,,,,,,,,,,,,,,,,,,,,,,,,,,,,,,,,,,,,,,,,p41189.htm#i411885,,,,
Q146941,Q101166831,,,,,,,,,,,,,,,,,,,,,,,,,,,1093040,,p=basilie;n=de saint clair,,,,,,,,,,,,,,,Unknown-259952,I00313145
Q146942,Q1610176,,,,,,,,,,,,,,,,,,,,,,,,,,,307762,,,,,,,,,,,,,,,Herbouin_Unknown_(1),,Ponthieu-113,
Q146943,Q115633979,,,,,,,,,,,,,,,,,,,,,,,,,,,,,p=eustache;n=de+picquigny;,,,,,,,,,,,,,,,Picquigny-15,I00446996
Q146944,Q115633976,,,,,,,,,,,,,,,,,,,,,,,,,,,,,p=gerard;n=de+picquigny;oc=99,,,,,,,,,,,,,,,Picquigny-19,I00446966
Q146945,Q115634081,,,,,,,,,,,,,,,,,,,,,,,,,,,,,p=melisende;n=de+picquigny;,,,,,,,,,,,,,,,Picquigny-14,I00174416
Q146960,Q4886371,,,,,,,,,,,,,,,,,,,,,,,,,,,,,p=nuno perez;n=de lara,,,,,,,,,,,,p11341.htm#i113409,Nuño_Pérez_de_Lara_(1),,Pérez-6220,I00325786
Q146963,Q76068823,,,,,,,,,,,,,,,,,,,,,,,,,,,,,,,,,,,,,,,,,p50869.htm#i508687,,,Malet-24,I00337628
Q146964,Q76068846,,,,,,,,,,,,,,,,,,,,,,,,,,,,,,,,,,,,,,,,,p50871.htm#i508701,,,,
Q146965,Q76068848,,,,,,,,,,,,,,,,,,,,,,,,,,,,,,,,,,,,,,,,,p50871.htm#i508702,,,Malet-172,
Q146966,Q2836747,,,,,,,,,,,,,,,,,,,,,,,,,,,,,,,,,,,,,,,,,,,,,
Q146967,Q10516384,,,,,,,,,,,,,,,,,,,,,,,,,,,,,,,,,,,,,,,,,,,,,
Q146968,Q551979,,,,,,,,,,,,,,,,,,,,,,,,,,,,,,,,,,,,,,,,,,,,Hunbogason-1,
Q146969,Q5534867,,,,,,,,,,,,,,,,,,,,,,,,,,,,,,,,,,,,,,,,,p11699.htm#i116989,,,Ridel-28,
Q146970,Q76012377,,,,,,,,,,,,,,,,,,,,,,,,,,,,,,,,,,,,,,,,,p46659.htm#i466590,,,,
Q146971,Q75397899,,,,,,,,,,,,,,,,,,,,,,,,,,,,,,,,,,,,,,,,,p11697.htm#i116969,,,Ridel-13,
Q146972,Q81286521,,,,,,,,,,,,,,,,,,,,,,,,,,,,,,,,,,,,,,,,,,,,,
Q146973,Q81286733,,,,,,,,,,,,,,,,,,,,,,,,,,,,,,,,,,,,,,,,,,,,,
Q146974,Q116168632,,,,,,,,,,,,,,,,,,,,,,,,,,,,,,,,,,,,,,,,,,,,,I00622010
Q146975,Q116168629,,,,,,,,,,,,,,,,,,,,,,,,,,,,,,,,,,,,,,,,,,,,,I00622022
Q146976,Q64617504,,,,,,,,,,,,,,,,,,,,,,,,,,,,,,,,,,,,,,,,,,,,Aigle-13,I00477090
Q146977,Q101510405,,,,,,,,,,,,,,,,,,,,,,,,,,,,,,,,,,,,,,,,,,,,,I00477091
Q146978,Q106686423,,,,,,,,,,,,,,,,,,,,,,,,,,,,,,,,,,,,,,,,,,,,,I00647127
Q146979,Q27996050,,,,,,,,,,,,,,,,,,,,,,,,,,,,,p=flaald;n=fitzalan,,,,,,,,,,,,p15855.htm#i158547|p21199.htm#i211984,,,Ferrières-3,
Q146980,Q75558703,,,,,,,,,,,,,,,,,,,,,,,,,,,313626,,p=alice;n=de colekirke,,,,,,,,,,,,p21198.htm#i211980,,,Colekirke-1,
Q146981,Q75558685,,,,,,,,,,,,,,,,,,,,,,,,,,,313583,,p=william;n=le blound,,,,,,,,,,,,p21197.htm#i211970,,,Le_Blount-35,
Q146982,Q116005819,,,,,,,,,,,,,,,,,,,,,,,,,,,,,,,,,,,,,,,,,,,,,I00079551
Q146983,Q116005809,,,,,,,,,,,,,,,,,,,,,,,,,,,883501,,p=guillaume;n=crespin;oc=11,,,,,,,,,,,,,,,,I00028882
Q146984,Q2659818,,,,,,,,,,,,,,,,,,,,,,,,,,,165408,,,,,,,,,,,,,,p67282.htm#i672811,Chosciszko_(1),,Of_Poland-38,
Q146985,Q3394080,,,,,,,,,,,,,,,,,,,,,,,,,,,159587,,,,,,,,,,,,,,p67300.htm#i672997,Nicholas_of_Bulgaria_(1),,Unknown-376129,I00332110
Q146986,Q9069406,,,,,,,,,,,,,,,,,,,,,,,,,,,159588,,,,,,,,,,,,,,p67220.htm#i672198,,,Armenia-8,I00332111
Q146987,Q3623119,,,,,,,,,,,,,,,,,,,,,,,,,,,,,,,,,,,,,,,,,p14553.htm#i145521,Moses_of_Bulgaria_(1),,,
Q146988,Q4170906,,,,,,,,,,,,,,,,,,,,,,,,,,,546817,,,,,,,,,,,,,,p14553.htm#i145522,Aron_of_Bulgaria_(1),,Bulgaria-9,I00141471
Q146989,Q3622849,,,,,,,,,,,,,,,,,,,,,,,,,,,,,,,,,,,,,,,,,p14552.htm#i145520,David_of_Bulgaria_(1),,,
Q146990,Q6226095,,,,,,,,,,,,,,,,,,,,,,,,,,,159602,,,,,,,,,,,,,,p67187.htm#i671866,John_Chryselios_(1),,Chryselie-2,I00332109
Q146991,Q4875254,,,,,,,,,,,,,,,,,,,,,,,,,,,,,,,,,,,,,,,,,,,,,
Q146992,Q110426591,,,,,,,,,,,,,,,,,,,,,,,,,,,770916,,p=adelheid;n=.;oc=1,,,,,,,,,,,,,Adelheid_Unknown_(34),,Unknown-194459,I00572250
Q146993,Q1851248,,,,,,,,LB23-2VH,,,,,,,,,,,,,,,,,,,161197,,,,,,,,,,,,,,,,,,
Q146994,Q110426550,,,,,,,,,,,,,,,,,,,,,,,,,,,,,,,,,,,,,,,,,,,,,I00280748
Q146995,Q76320890,,,,,,,,,,,,,,,,,,,,,,,,,,,,,,,,,,,,,,,,,p68708.htm#i687071,,,Leslie-690,
Q146996,Q6524419,,,,,,,,GGWF-6J3,,,,,,,,,,,,,,,,,,,132345,,p=leofwine;n=of mercia,,,,,,,,,,,,p46491.htm#i464901,"Leofwine,_Ealdorman_of_the_Hwicce_(1)",,Mercia-7,I00027591
Q146997,Q116113294,,,,,,,,,,,,,,,,,,,,,,,,,,,,,,,,,,,,,,,,,,,,,I00027592
Q146998,Q7059570,,,,,,,,,,,,,,,,,,,,,,,,,,,471570,,,,,,,,,,,,,,p46491.htm#i464903,"Northman,_son_of_Leofwine_(1)",,Mercia-95,
Q146999,Q250708,,,,,,,,,,,,,,,,,,,,,,,,,,,45709,,,,,,,,,,,,,,,Álmos_of_the_Magyars_(1),,Arpadhazi-15,I00020714
Q147000,Q1316880,,,,,,,,,,,,,,,,,,,,,,,,,,,,,,,,,,,,,,,,,,,,,
Q147001,Q1102281,,,,,,,,,,,,,,,,,,,,,,,,,,,,,,,,,,,,,,,,,,,,,
Q147002,Q707192,,,,,,,,,,,,,,,,,,,,,,,,,,,556035,,p=pietro;n=orseolo;oc=1,,,,,,,,,,,,,Pietro_I_Orseolo_(1),,Orseolo-1,I00200292
Q147003,Q14941759,,,,,,,,,,,,,,,,,,,,,,,,,,,624128,,p=felicia;n=malipiero,,,,,,,,,,,,,Felicitas_Di_Malpiero_(1),,Malipiero-1,I00200293
Q147004,Q31199922,,,,,,,,,,,,,,,,,,,,,,,,,,,473854,,,,,,,,,,,,,,,Joscella_Orseolo_(1),,,
Q147005,Q3713168,,,,,,,,,,,,,,,,,,,,,,,,,,,,,p=dominique;n=orseolo,,,,,,,,,,,,,Domenico_Orseolo_(1),,,
Q147006,Q62347,,,,,,,,,,,,,,,,,,,,,,,,,,,,,,,,,,,,,,,,,,Vitale_Candiano_(1),,,
Q147007,Q3658283,,,,,,,,,,,,,,,,,,,,,,,,,,,770948,,,,,,,,,,,,,,,Princess_Marija_(3),,Unknown-549952,I00141473
Q147008,Q15628593,,,,,,,,,,,,,,,,,,,,,,,,,,,,,,,,,,,,,,,,,,Ashot_Unknown_(1),,,I00332105
Q147009,Q6432990,,,,,,,,,,,,,,,,,,,,,,,,,,,,,,,,,,,,,,,,,,,,,
Q147010,Q366841,,,,,,,,,,,,,,,,,,,,,,,,,,,,,,,,,,,,,,,,,,Jovan_Vladimir_(1),,,I00764453
Q147011,Q727519,,,,,,,,,,,,,,,,,,,,,,,,,,,,,,,,,,,,,,,,,,"Odo_II,_Margrave_of_the_Saxon_Ostmark_(1)",,,
Q147013,Q2131600,,,,,,,,,,,,,,,,,,,,,,,,,,,,,p=rapoto;n=von abenberg,,,,,,,,,,,,,,,,I00330310
Q147014,Q1896515,,,,,,,,,,,,,,,,,,,,,,,,,,,212983,,,,,,,,,,,,,,,,,,
Q147015,Q44191443,,,,,,,,,,,,,,,,,,,,,,,,,,,,,,,,,,,,,,,,,,,,,
Q147016,Q61314926,,,,,,,,,,,,,,,,,,,,,,,,,,,167197,,p=ida;n=.,,,,,,,,,,,,,,,,I00105651
Q147017,Q319108,,,,,,,,,,,,,,,,,,,,,,,,,,,,,p=bruno;n=von querfurt;oc=2,,,psb.2226.1,,,,,,,,,,,,,
Q147018,Q19663689,,,,,,,,,,,,,,,,,,,,,,,,,,,1171664,,,,,,,,,,,,,,,Adolf_I_of_Berg_(1),,Berg-1742,I00141006
Q147021,Q1063734,,,,,,,,,,,,,,,,,,,,,,,,,,,556045,,,,,,,,,,,,,,,Svetoslav_Suronja_of_Croatia_(1),,,
Q147022,Q2057908,,,,,,,,,,,,,,,,,,,,,,,,,,,,,,,,,,,,,,,,,,,,,
Q147023,Q27850414,,,,,,,,,,,,,,,,,,,,,,,,,,,,,,,,,,,,,,,,,,,,,
Q147024,Q3613868,,,,,,,,,,,,,,,,,,,,,,,,,,,,,,,,,,,,,,,,,,,,,
Q147025,Q2301924,,,,,,,,,,,,,,,,,,,,,,,,,,,,,,,,,,,,,,,,,,,,,
Q147026,Q75644533,,,,,,,,,,,,,,,,,,,,,,,,,,,,,p=sigrid;n=n;oc=2,,,,,,,,,,,,p26747.htm#i267465,Sigrid_De_Allerdale_(1),,Unknown-303132,I00385434
Q147027,Q75242460,,,,,,,,,,,,,,,,,,,,,,,,,,,,,p=gunhild;n=de dunbar,,,,,,,,,,,,p456.htm#i4555,Gunnild_MacCrinan_(1),,Dunbar-25,I00106716
Q147028,Q75387747,,,,,,,,,,,,,,,,,,,,,,,,,,,,,,,,,,,,,,,,,p10768.htm#i107675,,,,
Q147029,Q75387751,,,,,,,,,,,,,,,,,,,,,,,,,,,137872,,p=orm;n=de workington,,,,,,,,,,,,p10768.htm#i107678,Orm_Unknown_(1),,Workington-10,I00288725
Q147030,Q103838153,,,,,,,,,,,,,,,,,,,,,,,,,,,,,,,,,,,,,,,,,,,,Workington-11,I00288727
Q147031,Q75387756,,,,,,,,,,,,,,,,,,,,,,,,,,,,,,,,,,,,,,,,,p10769.htm#i107681,Dolfin_Unknown_(1),,,
Q147032,Q17418842,,,,,,,,,,,,,,,,,,,,,,,,,,,111524,,p=dolfin;n=fitz uchtred|p=dolphin;n=de carlisle,,,,,,,,,,,,p1960.htm#i19599,Dolfin_Fitz_Uchtred_(1),,FitzUchtred-6,I00164995
Q147033,Q75387795,,,,,,,,,,,,,,,,,,,,,,,,,,,109341,,p=sinill;n=of angus,,,,,,,,,,,,p10771.htm#i107703,,,Angus-255,
Q147034,Q2849820,,,,,,,,,,,,,,,,,,,,,,,,,,,109328,,,,,,,,,,,,,,p10771.htm#i107707,,,Moray-153,
Q147035,Q75532157,,,,,,,,,,,,,,,,,,,,,,,,,,,,,,,,,,,,,,,,,p19831.htm#i198306,,,Stagbrellr-1,I00544688
Q147036,Q75244884,,,,,,,,,,,,,,,,,,,,,,,,,,,,,,,,,,,,,,,,,p659.htm#i6589,,,Ericsdottir-9,I00332923
Q147037,Q75532159,,,,,,,,,,,,,,,,,,,,,,,,,,,,,,,,,,,,,,,,,p19831.htm#i198307,,,,
Q147038,Q75387734,,,,,,,,,,,,,,,,,,,,,,,,,,,,,,,,,,,,,,,,,p10767.htm#i107665,,,,
Q147039,Q5903786,,,,,,,,,,,,,,,,,,,,,,,,,,,,,,,,,,,,,,,,,,,,,
Q147040,Q75929998,,,,,,,,,,,,,,,,,,,,,,,,,,,303219|742088,,p=eberhard;n=von sponheim,,,,,,,,,,,,p40975.htm#i409743,Everhard_Von_Sponheim_(3),,,
Q147041,Q76155998,,,,,,,,,,,,,,,,,,,,,,,,,,,742087,,p=edwig;n=von nellenburg,,,,,,,,,,,,p56912.htm#i569119,Hedwig_Von_Nellenburg_(3),,,
Q147042,Q31192919,,,,,,,,,,,,,,,,,,,,,,,,,,,,,,,,,,,,,,,,,,,,,
Q147043,Q2283427,,,,,,,,,,,,,,,,,,,,,,,,,,,,,,,,,,,,,,,,,,,,,
Q147044,Q102393937,,,,,,,,,,,,,,,,,,,,,,,,,,,,,,,,,,,,,,,,,,,,,I00080019
Q147045,Q108838903,,,,,,,,,,,,,,,,,,,,,,,,,,,,,p=cunegonde;n=von wasserburg,,,,,,,,,,,,,Kunigunde_Von_Wasserburg_(2),,Wasserburg-1,I00080315
Q147046,Q110260514,,,,,,,,,,,,,,,,,,,,,,,,,,,10896,,,,,,,,,,,,,,,,,,
Q147047,Q4267368,,,,,,,,,,,,,,,,,,,,,,,,,,,153477,,p=lothar;n=von walbeck;oc=1,,,,,,,,,,,,,Lothar_Von_Walbeck_(7),,Walbeck-16,I00303369
Q147048,Q110603045,,,,,,,,,,,,,,,,,,,,,,,,,,,,,p=ne;n=n;oc=56105,,,,,,,,,,,,,,,,I00303370
Q147049,Q44191719,,,,,,,,,,,,,,,,,,,,,,,,,,,,,p=beatrix;n=von reipersberg,,,,,,,,,,,,,,,,
Q147050,Q1782084,,,,,,,,,,,,,,,,,,,,,,,,,,,,,p=konrad;n=von dachau,,,,,,,,,,,,,,,,
Q147051,Q695423,,,,,,,,,,,,,,,,,,,,,,,,,,,,,p=arnold;n=von dachau,,,,,,,,,,,,,,,,
Q147052,Q43562,,,,,,,,,,,,,,,,,,,,,,,,,,,,,p=otto;n=von dachau,,,,,,,,,,,,,"Otto_I,_Count_of_Scheyern-Dachau-Valley_(1)",,,I00028115
Q147053,Q117833181,,,,,,,,,,,,,,,,,,,,,,,,,,,,,p=beatrix;n=von dachau,,,,,,,,,,,,,,,,
Q147054,Q110260922,,,,,,,,,,,,,,,,,,,,,,,,,,,,,,,,,,,,,,,,,,,,,
Q147055,Q61140617,,,,,,,,,,,,,,,,,,,,,,,,,,,,,p=heinrich;n=von frontenhausen,,,,,,,,,,,,,,,Lechsgemünd-9,I00658950
Q147056,Q110426560,,,,,,,,,,,,,,,,,,,,,,,,,,,137771,,,,,,,,,,,,,,,Goswin_von_Groß-Leinungen_(1),,,I00208157
Q147057,Q116005668,,,,,,,,,,,,,,,,,,,,,,,,,,,,,,,,,,,,,,,,,,,,,I00141481
Q147058,Q2241409,,,,,,,,,,,,,,,,,,,,,,,,,,,,,,,,,,,,,,,,,,Berthold_of_Andechs_(1),,,
Q147059,Q2420596,,,,,,,,,,,,,,,,,,,,,,,,,,,,,p=albrecht;n=von tirol;oc=1,,,,,,,,,,,,,,,,I00146514
Q147060,Q2609844,,,,,,,,,,,,,,,,,,,,,,,,,,,,,p=berthold;n=von tirol;oc=1,,,,,,,,,,,,,,,,I00146517
Q147061,Q65224111,,,,,,,,,,,,,,,,,,,,,,,,,,,,,p=gottfried;n=von cappenberg,,,,,,,,,,,,,,,,I00444567
Q147062,Q1539557,,,,,,,,,,,,,,,,,,,,,,,,,,,,,p=gottfried;n=von cappenberg;oc=1,,,,,,,,,,,,,,,,I00242816
Q147063,Q87563,,,,,,,,,,,,,,,,,,,,,,,,,,,,,,,,,,,,,,,,,,,,,
Q147064,Q1510323,,,,,,,,,,,,,,,,,,,,,,,,,,,,,p=gerberga;n=von cappenberg,,,,,,,,,,,,,,,,
Q147070,Q123081844,,,,,,,,,,,,,,,,,,,,,,,,,,,,,p=philippe;n=de+florange;oc=3,,,,,,,,,,,,,,,,
Q147071,Q75587953,,,,,,,,,,,,,,,,,,,,,,,,,,,,,,,,,,,,,,,,,p22868.htm#i228680,,,,
Q147072,Q25487256,,,,,,,,,,,,,,,,,,,,,,,,,,,603827,,p=gottfried;n=von sponheim;oc=1,,,,,,,,,,,,p64710.htm#i647097,,,Von_Sponheim-13,I00021705
Q147073,Q1459919,,,,,,,,,,,,,,,,,,,,,,,,,,,926833,,p=friedrich;n=von sponheim;oc=1,,,,,,,,,,,,p59667.htm#i596661,,,Vianden-2,I00112670
Q147075,Q15845560,,,,,,,,,,,,,,,,,,,,,,,,,,,,,p=landry;n=de+brancion;,,,,,,,,,,,,,,,,
Q147076,Q15845558,,,,,,,,,,,,,,,,,,,,,,,,,,,,,p=josserand;n=de+brancion;oc=2,,,,,,,,,,,,,,,,
Q147078,Q2631942,,,,,,,,,,,,,,,,,,,,,,,,,,,8406,,,,,,,,,,,,,,p40093.htm#i400925,Hugo_Van_Voorne_(4),,Van_Voorne-17,
Q147079,Q2219009,,,,,,,,,,,,,,,,,,,,,,,,,,,8408,,,,,,,,,,,,,,p40767.htm#i407662,,,Van_Voorne-13,I00096262
Q147080,Q76230266,,,,,,,,,,,,,,,,,,,,,,,,,,,,,,,,,,,,,,,,,p62206.htm#i622058,,,Van_Voorne-19,
Q147081,Q106686379,,,,,,,,,,,,,,,,,,,,,,,,,,,322187,,p=mathilde;n=de saint omer,,,,,,,,,,,,,Mathilde_de_Saint-Omer_(1),,St_Omer-12,I00174414
Q147082,Q2265560,,,,,,,,,,,,,,,,,,,,,,,,,,,280557,,p=baudouin;n=de guines,,,,,,,,,,,,,Baudouin_II_de_Guînes_(1),,Guînes-16,I00174406
Q147083,Q106686377,,,,,,,,,,,,,,,,,,,,,,,,,,,,,p=beatrix;n=de guines;oc=1,,,,,,,,,,,,,Beatrix_de_Guines_(1),,Guines-23,I00584209
Q147084,Q76355860,,,,,,,,,,,,,,,,,,,,,,,,,,,,,p=marguerite;n=de guines;oc=1,,,,,,,,,,,,p70896.htm#i708957,,,Guisnes-11,I00434139
Q147085,Q110509706,,,,,,,,,,,,,,,,,,,,,,,,,,,322180,,p=adeline;n=de guines;oc=1|p=alix;n=de guines,,,,,,,,,,,,,,,Guisnes-13,I00108479
Q147086,Q2088259,,,,,,,,,,,,,,,,,,,,,,,,,,,,,p=henri;n=de bourbourg;oc=1,,,,,,,,,,,,,,,Bourbourg-3,I00451633
Q147087,Q2690987,,,,,,,,,,,,,,,,,,,,,,,,,,,,,p=beatrice;n=de bourbourg|p=beatrix;n=de bourbourg;oc=1,,,,,,,,,,,,p1525.htm#i15241,Beatrice_Unknown_(64),,Bourbourg-5,I00109448
Q147093,Q105983224,,,,,,,,,,,,,,,,,,,,,,,,,,,,,,,,,,,,,,,,,,,,,I00027139
Q147094,Q105983186,,,,,,,,,,,,,,,,,,,,,,,,,,,277095,,,,,,,,,,,,,,,,,Breda-31,I00197091
Q147095,Q2150379,,,,,,,,,,,,,,,,,,,,,,,,,,,126482,,p=gauthier;n=d avesnes,,,,,,,,,,,,,Gauthier_Ier_d'Avesnes_(1)|Wouter_d'Oisy_(1),,Oisy-9,I00120748
Q147096,Q110578333,,,,,,,,,,,,,,,,,,,,,,,,,,,,,,,,,,,,,,,,,,,,Mortagne-15,I00120749
Q147097,Q3567358,,,,,,,,,,,,,,,,,,,,,,,,,,,,,,,,,,,,,,,,,,,,,
Q147098,Q22256392,,,,,,,,,,,,,,,,,,,,,,,,,,,,,p=guillaume;n=de saint omer;oc=1,,,,,,,,,,,,,Guillaume_de_Saint-Omer_(1),,Saint-Omer-4,I00275710
Q147099,Q116005449,,,,,,,,,,,,,,,,,,,,,,,,,,,,,,,,,,,,,,,,,,,,,I00316180
Q147100,Q983640,,,,,,,,,,,,,,,,,,,,,,,,,,,10472,,p=bouchard;n=d avesnes,,,,,,,,,,,,p365.htm#i3644,Bouchard_IV_of_Avesnes_(1),,Avesnes-84,I00014200
Q147101,Q1679119,,,,,,,,,,,,,,,,,,,,,,,,,,,,,,,,,,,,,,,,,,,,Avesnes-27,I00020646
Q147102,Q96245291,,,,,,,,,,,,,,,,,,,,,,,,,,,122081,,p=mathilde;n=d avesnes;oc=1,,,,,,,,,,,,,Matilda_of_Avesnes_(1),,Avesnes-26,I00020645
Q147103,Q102834788,,,,,,,,,,,,,,,,,,,,,,,,,,,674457,,p=ide;n=d avesnes,,,,,,,,,,,,,Ida_d'Avesnes_(2),,Avesnes-28,I00020647
Q147104,Q110537417,,,,,,,,,,,,,,,,,,,,,,,,,,,705075,,p=alice;n=d avesnes,,,,,,,,,,,,,,,Avesnes-31,I00020650
Q147105,Q110377897,,,,,,,,,,,,,,,,,,,,,,,,,,,,,,,,,,,,,,,,,,,,,I00107329
Q147106,Q44191449,,,,,,,,,,,,,,,,,,,,,,,,,,,148232,,,,,,,,,,,,,,,,,,
Q147107,Q88212465,,,,,,,,,,,,,,,,,,,,,,,,,,,,,,,,,,,,,,,,,,,,,
Q147108,Q118189175,,,,,,,,,,,,,,,,,,,,,,,,,,,1093253,,p=bernhard;n=von kakelingen;oc=1,,,,,,,,,,,,,,,Kakelingen-2,
Q147109,Q105782,,,,,,,,,,,,,,,,,,,,,,,,,,,136561,,p=wilhelm;n=von weimar;oc=2,,,,,,,,,,,,,William_Unknown_(286),,Weimar-30,I00079992
Q147110,Q1637604,,,,,,,,,,,,,,,,,,,,,,,,,,,136563,,p=ulrich;n=von ebersberg,,,,,,,,,,,,,Ulrich_De_Carinthe_(1),,Ebersberg-5,I00079983
Q147111,Q110426555,,,,,,,,,,,,,,,,,,,,,,,,,,,136564,,p=richgardis;n=von eppenstein,,,,,,,,,,,,,Richarde_d'Eppenstein_(1),,Viehbachgau-1,I00079984
Q147112,Q61848681,,,,,,,,,,,,,,,,,,,,,,,,,,,,,,,,,,,,,,,,,,,,,
Q147113,Q18632112,,,,,,,,,,,,,,,,,,,,,,,,,,,913489,,p=ulrich;n=von berg,,,,,,,,,,,,,,,Berg-3745,I00313131
Q147114,Q2039320,,,,,,,,,,,,,,,,,,,,,,,,,,,,,p=otto;n=von berg,,,,,,,,,,,,,,,,
Q147115,Q1599468,,,,,,,,,,,,,,,,,,,,,,,,,,,,,p=heinrich;n=von berg;oc=2,,,,,,,,,,,,,,,,
Q147117,Q2480217,,,,,,,,,,,,,,,,,,,,,,,,,,,,,p=thomas;n=du perche,,,,,,,,,,,,p12000.htm#i119998|p4187.htm#i41866,Thomas_of_Perche_(1),,Perche-18,I00330955
Q147118,Q75290607,,,,,,,,,,,,,,,,,,,,,,,,,,,,,p=thibaud;n=du perche,,,,,,,,,,,,p4188.htm#i41872,,,,I00330954
Q147124,Q458104,,,,,,,,,,,,,,,,,,,,,,,,,,,434591,,p=albrecht;n=von habsburg;oc=3,,,sw.212496,,,,,,,,,,"Albert_III,_Count_of_Habsburg_(1)",,Habsburg-146,I00060857
Q147125,Q475598,,,,,,,,,,,,,,,,,,,,,,,,,,,434590,,p=rudolf;n=von habsburg;oc=2,,,sw.212494,,,,,,,,,,"Rudolph_II,_Count_of_Habsburg_(1)",,Habsburg-145,I00060859
Q147126,Q75292078,,,,,,,,,,,,,,,,,,,,,,,,,,,89917,,p=adelheid;n=von heinsberg,,,,,,,,,,,,p4291.htm#i42909,,,Heinsberg-3,I00148880
Q147127,Q655190,,,,,,,,,,,,,,,,,,,,,,,,,,,,,,,,,,,,,,,,,p4292.htm#i42912,Dirk_VII_Count_of_Holland_(1),,Van_Holland-117,I00104719
Q147129,Q75292072,,,,,,,,,,,,,,,,,,,,,,,,,,,374271,,p=marguerite;n=de hollande,,,,,,,,,,,,p4291.htm#i42903,Margaret_of_Holland_(1),,Holland-2243,I00104734
Q147130,Q78797,,,,,,,,,,,,,,,,,,,,,,,,,,,,,,,,,,,,,,,,,,,,,
Q147131,Q1285826,,,,,,,,,,,,,,,,,,,,,,,,,,,,,,,,,,,,,,,,,,,,,
Q147132,Q76263822,,,,,,,,,,,,,,,,,,,,,,,,,,,,,,,,,,,,,,,,,p64708.htm#i647075,,,,I00499096
Q147133,Q76263834,,,,,,,,,,,,,,,,,,,,,,,,,,,,,p=richiza;n=von hohenburg,,,,,,,,,,,,p64709.htm#i647085,,,,I00080233
Q147134,Q1597755,,,,,,,,,,,,,,,,,,,,,,,,,,,,,,,,,,,,,,,,,p64709.htm#i647082,,,,I00545946
Q147135,Q1496886,,,,,,,,,,,,,,,,,,,,,,,,,,,,,,,,,,,,,,,,,,,,,I00545948
Q147136,Q2131594,,,,,,,,,,,,,,,,,,,,,,,,,,,,,p=rapoto;n=von ortenburg;oc=3,,,,,,,,,,,,p64709.htm#i647088,,,,I00080227
Q147137,Q1221203,,,,,,,,,,,,,,,,,,,,,,,,,,,,,,,,,,,,,,,,,,,,,I00545949
Q147138,Q44192400,,,,,,,,,,,,,,,,,,,,,,,,,,,,,,,,,,,,,,,,,p64709.htm#i647083,,,Ortenburg-3,I00064055
Q147139,Q76005906,,,,,,,,,,,,,,,,,,,,,,,,,,,,,p=anna;n=von ortenburg,,,,,,,,,,,,p46240.htm#i462394,,,,I00106340|I00545947
Q147140,Q76005907,,,,,,,,,,,,,,,,,,,,,,,,,,,805573,,p=agnes;n=n;oc=3,,,,,,,,,,,,p46240.htm#i462395,,,,I00106340|I00201310
Q147141,Q116030500,,,,,,,,,,,,,,,,,,,,,,,,,,,,,,,,,,,,,,,,,,,,,I00200416
Q147142,Q110261702,,,,,,,,,,,,,,,,,,,,,,,,,,,,,,,,,,,,,,,,,,Gero_Von_Heunburg_(1),,,I00201760
Q147143,Q110571314,,,,,,,,,,,,,,,,,,,,,,,,,,,,,,,,,,,,,,,,,,Wilhelm_Von_Heunburg_(1),,,I00201762
Q147146,Q1635198,,,,,,,,,,,,,,,,,,,,,,,,,,,111110,,p=hugues;n=von tubingen,,,,,,,,,,,,p67317.htm#i673166,,,,I00107934
Q147147,Q76300892,,,,,,,,,,,,,,,,,,,,,,,,,,,111109,,,,,,,,,,,,,,p67335.htm#i673342,,,,I00107935
Q147148,Q32893531,,,,,,,,,,,,,,,,,,,,,,,,,,,,,,,,,,,,,,,,,p67265.htm#i672643,,,,
Q147149,Q1457970,,,,,,,,,,,,,,,,,,,,,,,,,,,,,,,,,,,,,,,,,,,,,
Q147150,Q1599699,,,,,,,,,,,,,,,,,,,,,,,,,,,,,,,,,,,,,,,,,,,,,
Q147151,Q110378097,,,,,,,,,,,,,,,,,,,,,,,,,,,,,p=mechthild;n=von eschenbach,,,,,,,,,,,,,,,Von_Eschenbach-Schnabelburg-1,I00107927
Q147152,Q110571210,,,,,,,,,,,,,,,,,,,,,,,,,,,,,p=ne;n=von montfort,,,,,,,,,,,,,,,,I00108779
Q147153,Q963763,,,,,,,,,,,,,,,,,,,,,,,,,,,,,p=poppon;n=de luxembourg,,,,,,,,,,,,,,,,
Q147155,Q323102,,,,,,,,,,,,,,,,,,,,,,,,,,,713030,,p=siegfried;n=von anhalt zerbst;oc=1,,,dw.7087,,,,,,,,,p4097.htm#i40966,"Siegfried_I,_Prince_of_Anhalt-Zerbst_(1)",,Anhalt-2,I00030478
Q147156,Q76096,,,,,,,,,,,,,,,,,,,,,,,,,,,716882,,p=bernhard;n=von anhalt bernburg;oc=1,,,dw.5361,,,,,,,,,p4094.htm#i40935,"Bernhard_I,_Prince_of_Anhalt-Bernburg_(1)",,Aschersleben-38,I00026868
Q147157,Q320730,,,,,,,,,,,,,,,,,,,,,,,,,,,710283,,p=heinrich;n=von anhalt aschersleben,,,sw.980563,,,,,,,,,p783.htm#i7823,"Henry_II,_Prince_of_Anhalt-Aschersleben_(1)",,Anhalt-9,I00030472
Q147158,Q20500876,,,,,,,,,,,,,,,,,,,,,,,,,,,716881,,p=jutta;n=von anhalt,,,dw.1580,,,,,,,,,p73504.htm#i735033,Jutta_of_Anhalt_(1),,Anhalt-4,I00023802
Q147159,Q5546362,,,,,,,,,,,,,,,,,,,,,,,,,,,789366,,p=hedwig;n=von anhalt,,,dw.1152,,,,,,,,,p73504.htm#i735039,Princesa_Anhalt_(1),,Anhalt-1,I00030045
Q147160,Q60178305,,,,,,,,,,,,,,,,,,,,,,,,,,,710289,,,,,,,,,,,,,,p73504.htm#i735035,,,,I00030466
Q147161,Q75289184,,,,,,,,,,,,,,,,,,,,,,,,,,,717252,,,,,,,,,,,,,,p4097.htm#i40963,,,Anhalt-7,
Q147162,Q75289185,,,,,,,,,,,,,,,,,,,,,,,,,,,717279,,,,,,,,,,,,,,p4097.htm#i40964,,,Anhalt-8,
Q147163,Q75289187,,,,,,,,,,,,,,,,,,,,,,,,,,,717282,,,,,,,,,,,,,,p4097.htm#i40965,,,Anhalt-3,
Q147164,Q75289183,,,,,,,,,,,,,,,,,,,,,,,,,,,717251,,,,,,,,,,,,,,p4097.htm#i40962,,,Anhalt-6,I00033545
Q147165,Q117801554,,,,,,,,,,,,,,,,,,,,,,,,,,,789365,,,,,,,,,,,,,,p73505.htm#i735041,,,Anhalt-11,
Q147166,Q3721523,,,,,,,,,,,,,,,,,,,,,,,,,,,11813,,p=helene;n=von braunschweig luneburg,,,dw.1047,,,,,,,,,p474.htm#i4740,Helen_of_Brunswick-Lüneburg_(1),,Braunschweig-Lüneburg-14,I00029981
Q147167,Q769720,,,,,,,,,,,,,,,,,,,,,,,,,,,590823,,p=jutta;n=von sachsen,,,dw.1042,,,,,,,,,p10549.htm#i105483,Jutta_of_Saxony_(1),,Aschersleben-42,I00020598
Q147168,Q567387,,,,,,,,,,,,,,,,,,,,,,,,,,,590847,,p=johann;n=von sachsen;oc=4,,,dw.1048,,,,,,,,,p475.htm#i4741,"John_I,_Duke_of_Saxony_(1)",,Aschersleben-9,I00029991
Q147169,Q661181,,,,,,,,,,,,,,,,,,,,,,,,,,,590818,,p=albrecht;n=von sachsen;oc=2,,,sg.134079,,,,,,,,,p11384.htm#i113834,"Albert_II,_Duke_of_Saxony_(1)",,Aschersleben-30,I00030036
Q147170,Q5144468,,,,,,,,,,,,,,,,,,,,,,,,,,,713086,,p=jutta;n=von sachsen;oc=1,,,dw.457,,,,,,,,,p10549.htm#i105483,Brigitte_Jutta_of_Saxony_(1),,Aschersleben-21,I00029985
Q147171,Q75247912,,,,,,,,,,,,,,,,,,,,,,,,,,,887742,,,,,dw.1045,,,,,,,,,p904.htm#i9034,Elisabeth_of_Saxe-Wittemburg_(1),,Saxony_Wittenberg-3,I00029984
Q147172,Q75289041,,,,,,,,,,,,,,,,,,,,,,,,,,,,,,,,,,,,,,,,,p4088.htm#i40878,,,Saxony-65,I00029983
Q147173,Q75289125,,,,,,,,,,,,,,,,,,,,,,,,,,,590828,,,,,,,,,,,,,,p4093.htm#i40930,,,,I00030040
Q147174,Q75289127,,,,,,,,,,,,,,,,,,,,,,,,,,,,,,,,,,,,,,,,,p4094.htm#i40931,Margaret_of_Saxony_(2),,Saxony-68,I00030041
Q147175,Q75289133,,,,,,,,,,,,,,,,,,,,,,,,,,,111165,,p=helene;n=von sachsen,,,dw.1044,,,,,,,,,p4094.htm#i40933,Helen_Saxony_(1),,Sachsen-66,I00029986
Q147177,Q2561598,,,,,,,,,,,,,,,,,,,,,,,,,,,,,,,,,,,,,,,,,,,,,
Q147178,Q4183030,,,,,,,,,,,,,,,,,,,,,,,,,,,1327243,,,,,,,,,,,,,,,,,Unknown-443590,
Q147179,Q4183031,,,,,,,,,,,,,,,,,,,,,,,,,,,1327244,,,,,,,,,,,,,,,,,,
Q147180,Q4198932,,,,,,,,,,,,,,,,,,,,,,,,,,,,,p=isiaslav;n=rurikides;oc=11,,,,,,,,,,,,,,,,
Q147181,Q125578183,,,,,,,,,,,,,,,,,,,,,,,,,,,,,p=rostislav;n=rurikides;oc=16,,,,,,,,,,,,,,,,
Q147184,Q9336794,,,,,,,,,,,,,,,,,,,,,,,,,,,,,p=siffrid;n=premyslide,,,dw.6526,,,,,,,,,,,,,
Q147187,Q36760,,,,,,,,,,,,,,,,,,,,,,,,,,,372130|1080902,,,,,,,,,,,,,,,David_IV_of_Georgia_(1),,,I00627742
Q147188,Q5151391,,,,,,,,,,,,,,,,,,,,,,,,,,,,,,,,,,,,,,,,,,,,,I00627743
Q147189,Q2941574,,,,,,,,,,,,,,,,,,,,,,,,,,,1265883,,,,,,,,,,,,,,,,,,
Q147190,Q3514643,,,,,,,,,,,,,,,,,,,,,,,,,,,585714,,,,,,,,,,,,,,,,,,
Q147191,Q3576183,,,,,,,,,,,,,,,,,,,,,,,,,,,,,,,,,,,,,,,,,,,,,
Q147192,Q5152255,,,,,,,,,,,,,,,,,,,,,,,,,,,,,,,,,,,,,,,,,,,,,
Q147194,Q4198927,,,,,,,,,,,,,,,,,,,,,,,,,,,1081684,,p=isiaslav;n=rurikides;oc=5,,,,,,,,,,,,,Iziaslav_of_Kiev_(2),,,
Q147195,Q4538774,,,,,,,,,,,,,,,,,,,,,,,,,,,1081686,,p=iaroslav;n=rurikides;oc=17,,,,,,,,,,,,,Jaroslav_of_Kiev_(1),,,
Q147196,Q24807844,,,,,,,,,,,,,,,,,,,,,,,,,,,1081685,,,,,,,,,,,,,,,Sviatoslav_of_Kiev_(1),,,
Q147197,Q24807898,,,,,,,,,,,,,,,,,,,,,,,,,,,,,p=vladimir;n=rurikides;oc=25,,,,,,,,,,,,,Vladimir_of_Kiev_(1),,,
Q147198,Q4195630,,,,,,,,,,,,,,,,,,,,,,,,,,,,,,,,,,,,,,,,,,,,,
Q147201,Q13478149,,,,,,,,,,,,,,,,,,,,,,,,,,,166126,,p=ivan;n=rurikides;oc=22,,,,,,,,,,,,,,,Duke_of_Polotsk-10,
Q147202,Q4189496,,,,,,,,,,,,,,,,,,,,,,,,,,,,,p=zvenislava;n=rurikides,,,,,,,,,,,,,,,,
Q147203,Q13030451,,,,,,,,,,,,,,,,,,,,,,,,,,,,,,,,,,,,,,,,,,,,,
Q147204,Q13028650,,,,,,,,,,,,,,,,,,,,,,,,,,,,,,,,,,,,,,,,,,,,,
Q147205,Q4173062,,,,,,,,,,,,,,,,,,,,,,,,,,,437308,,p=eupraxie;n=rurikides;oc=3,,,,,,,,,,,,,,,,
Q147206,Q20715502,,,,,,,,,,,,,,,,,,,,,,,,,,,166127,,,,,,,,,,,,,,,,,,
Q147207,Q21684249,,,,,,,,,,,,,,,,,,,,,,,,,,,,,,,,,,,,,,,,,,,,,
Q147208,Q496285,,,,,,,,,,,,,,,,,,,,,,,,,,,319028,,p=isiaslav;n=rurikides;oc=10,,,dw.6562,,,,,,,,,,,,,
Q147209,Q2394287,,,,,,,,,,,,,,,,,,,,,,,,,,,105283,,,,,,,,,,,,,,,,,,
Q147210,Q4127281,,,,,,,,,,,,,,,,,,,,,,,,,,,301482,,,,,,,,,,,,,,,,,,
Q147214,Q16738581,,,,,,,,,,,,,,,,,,,,,,,,,,,30572,,p=anna;n=rurikides;oc=3,,,dw.1766,,,,,,,,,,,,,I00118615
Q147215,Q30879239,,,,,,,,,,,,,,,,,,,,,,,,,,,30575,,p=rostislava;n=rurikides;oc=1,,,dw.1779,,,,,,,,,p11476.htm#i114756,,,,I00125093
Q147216,Q75394228,,,,,,,,,,,,,,,,,,,,,,,,,,,258154,,p=elena;n=rurikides;oc=1,,,,,,,,,,,,p11414.htm#i114134,,,,
Q147217,Q102656608,,,,,,,,,,,,,,,,,,,,,,,,,,,30573,,p=vassili;n=rurikides|p=vassili;n=rurikides;oc=55,,,,,,,,,,,,,,,,
Q147218,Q107239215,,,,,,,,,,,,,,,,,,,,,,,,,,,,,,,,,,,,,,,,,,,,,
Q147219,Q4538770,,,,,,,,,,,,,,,,,,,,,,,,,,,302691,,p=iaroslav;n=rurikides;oc=16,,,,,,,,,,,,,,,,
Q147221,Q13478526,,,,,,,,,,,,,,,,,,,,,,,,,,,166158|581325,,p=vassilko;n=rurikides;oc=2,,,dw.6068,,,,,,,,,,,,,
Q147225,Q4305606,,,,,,,,,,,,,,,,,,,,,,,,,,,626827,,p=mstislav;n=rurikides;oc=10,,,,,,,,,,,,,,,,
Q147226,Q4200568,,,,,,,,,,,,,,,,,,,,,,,,,,,282035,,p=ingvar;n=rurikides;oc=2,,,,,,,,,,,,,,,,
Q147227,Q4333469,,,,,,,,,,,,,,,,,,,,,,,,,,,181053,,p=oleg;n=rurikides;oc=3,,,,,,,,,,,,,,,,
Q147228,Q4397028,,,,,,,,,,,,,,,,,,,,,,,,,,,282034,,p=roman;n=rurikides;oc=16,,,,,,,,,,,,,,,,
Q147229,Q4493893,,,,,,,,,,,,,,,,,,,,,,,,,,,,,p=feodor;n=rurikides;oc=29,,,,,,,,,,,,,,,,
Q147230,Q4153689,,,,,,,,,,,,,,,,,,,,,,,,,,,626840,,p=david;n=rurikides,,,,,,,,,,,,,,,,
Q147231,Q16665478,,,,,,,,,,,,,,,,,,,,,,,,,,,,,,,,,,,,,,,,,,,,,
Q147232,Q4162897,,,,,,,,,,,,,,,,,,,,,,,,,,,856|465071,,p=vassilko;n=rurikides;oc=3,,,,,,,,,,,,,,,,
Q147233,Q12073596,,,,,,,,,,,,,,,,,,,,,,,,,,,857,,,,,,,,,,,,,,,,,,
Q147234,Q12093761,,,,,,,,,,,,,,,,,,,,,,,,,,,,,,,,,,,,,,,,,,,,,
Q147235,Q4065848,,,,,,,,,,,,,,,,,,,,,,,,,,,587790|626830,,p=andrei;n=rurikides;oc=9,,,,,,,,,,,,,,,,
Q147236,Q4305592,,,,,,,,,,,,,,,,,,,,,,,,,,,855,,p=mstislav;n=rurikides;oc=9,,,,,,,,,,,,,,,,
Q147237,Q27855790,,,,,,,,,,,,,,,,,,,,,,,,,,,403549,,p=euphemie;n=rurikides;oc=3,,,,,,,,,,,,,,,,I00752597
Q147238,Q4065823,,,,,,,,,,,,,,,,,,,,,,,,,,,629420,,p=andrei;n=rurikides;oc=14,,,,,,,,,,,,,,,,
Q147239,Q49229716,,,,,,,,,,,,,,,,,,,,,,,,,,,858,,p=vsevolod;n=rurikides;oc=9,,,,,,,,,,,,,,,,
Q147240,Q25303541,,,,,,,,,,,,,,,,,,,,,,,,,,,,,,,,,,,,,,,,,,,,,
Q147241,Q24895868,,,,,,,,,,,,,,,,,,,,,,,,,,,,,,,,,,,,,,,,,,,,,
Q147242,Q61586,,,,,,,,,,,,,,,,,,,,,,,,,,,,,,,,,,,,,,,,,,,,,
Q147243,Q112243755,,,,,,,,,,,,,,,,,,,,,,,,,,,,,,,,,,,,,,,,,,,,,
Q147244,Q1089423,,,,,,,,,,,,,,,,,,,,,,,,,,,,,,,,,,,,,,,,,,,,,
Q147245,Q123983133,,,,,,,,,,,,,,,,,,,,,,,,,,,,,,,,,,,,,,,,,,,,,
Q147246,Q17195283,,,,,,,,,,,,,,,,,,,,,,,,,,,,,p=vseslav;n=rurikides;oc=3,,,,,,,,,,,,,,,,
Q147247,Q22045539,,,,,,,,,,,,,,,,,,,,,,,,,,,,,p=andrei;n=rurikides;oc=10,,,,,,,,,,,,,,,,
Q147248,Q73612935,,,,,,,,,,,,,,,,,,,,,,,,,,,,,p=nn;n=rurikides;oc=3,,,,,,,,,,,,,,,,
Q147249,Q28717825,,,,,,,,,,,,,,,,,,,,,,,,,,,,,,,,,,,,,,,,,,,,Kåresson-3,I00517682
Q147250,Q887965,,,,,,,,,,,,,,,,,,,,,,,,,,,,,,,,,,,,,,,,,,Philip_Simonsson_(1),,Simonsson-31,I00710151
Q147251,Q75393579,,,,,,,,,,,,,,,,,,,,,,,,,,,,,,,,,,,,,,,,,p11304.htm#i113035,,,,I00310370
Q147252,Q75291878,,,,,,,,,,,,,,,,,,,,,,,,,,,,,,,,,,,,,,,,,p4280.htm#i42800,,,,
Q147253,Q3198083,,,,,,,,,,,,,,,,,,,,,,,,,,,,,,,,,,,,,,,,,,Knut_Haakonsson_(1),,Håkonsson-57,I00495478
Q147254,Q463518,,,,,,11662,,,,,,,,,,,,,,,,,,person/14597683-0DB0-4E2D-8C9E-437CA76D1A7F,,,,,p=knut;n=erikatten;oc=1,,,,,,,,,,,,p11308.htm#i113077,,,,I00502241
Q147255,Q101248127,,,,,,,,,,,,,,,,,,,,,,,,,,,,,,,,,,,,,,,,,,,,,I00710319
Q147256,Q101248118,,,,,,,,,,,,,,,,,,,,,,,,,,,,,,,,,,,,,,,,,,,,,I00710321
Q147257,Q76179222,,,,,,,,,,,,,,,,,,,,,,,,,,,,,p=ne;n=n;oc=24603,,,,,,,,,,,,p58524.htm#i585239,,,,I00437397
Q147258,Q16842474,,,,,,,,,,,,,,,,,,,,,,,,,,,262986,,p=henry;n=of atholl,,,,,,,,,,,,p10914.htm#i109134,"Henry,_Earl_of_Atholl_(1)",,Atholl-2,I00232026
Q147259,Q7324852,,,,,,,,,,,,,,,,,,,,,,,,,,,526261,,,,,,,,,,,,,,p460.htm#i4598,Richard_Comyn_(2),,Comyn-6,I00198356
Q147260,Q8007041,,,,,,,,,,,,,,,,,,,,,,,,,,,110212,,,,,,,,,,,,,,p460.htm#i4596,William_Comyn_(18),,Comyn-4,I00056776
Q147261,Q103566211,,,,,,,,,,,,,,,,,,,,,,,,,,,,,,,,,,,,,,,,,,,,,I00629312
Q147262,Q5296535,,,,,,,,,,,,,,,,,,,,,,,,,,,109322,,p=duncan;n=macduff,,,,,,,,,,,,p10915.htm#i109146,Duncan_Macduff_(9),,MacDuff-31,I00342035
Q147263,Q887267,,,,,,,,,,,,,,,,,,,,,,,,,,,109450,,p=gilbert;n=of galloway,,,,,,,,,,,,p459.htm#i4584,Gilbert_De_Galloway_(1)|Gille_Brigte_of_Galloway_(1),,Galloway-553,I00028387
Q147264,Q1241816,,,,,,,,,,,,,,,,,,,,,,,,,,,109447,,p=duncan;n=of carrick,,,,,,,,,,,,p417.htm#i4169,"Donnchadh,_Earl_of_Carrick_(1)|Duncan_De_Carrick_(1)",,Carrick-163,I00028388
Q147265,Q76159041,,,,,,,,,,,,,,,,,,,,,,,,,,,,,,,,,,,,,,,,,p57107.htm#i571069,,,Abernathy-223,I00561237
Q147266,Q75513261,,,,,,,,,,,,,,,,,,,,,,,,,,,,,,,,,,,,,,,,,p18690.htm#i186897,,,,
Q147267,Q5524421,,,,,,,,,,,,,,,,,,,,,,,,,,,,,,,,,,,,,,,,,p18690.htm#i186891,Gartnach_Unknown_(1),,,
Q147268,Q18528356,,,,,,,,,,,,,,,,,,,,,,,,,,,142600,,,,,,,,,,,,,,,Kenneth_Mac_Eth_(3),,,
Q147269,Q108524449,,,,,,,,,,,,,,,,,,,,,,,,,,,,,,,,,,,,,,,,,,,,Senlis-83,I00313180
Q147270,Q108524465,,,,,,,,,,,,,,,,,,,,,,,,,,,,,,,,,,,,,,,,,,,,Unknown-237574,I00313181
Q147271,Q76006546,,,,,,,,,,,,,,,,,,,,,,,,,,,,,,,,,,,,,,,,,p46278.htm#i462780,,,,
Q147272,Q75387897,,,,,,,,,,,,,,,,,,,,,,,,,,,,,p=margaret;n=de huntingdon,,,,,,,,,,,,p10779.htm#i107790,,,Scotland-87,I00002890
Q147273,Q75387908,,,,,,,,,,,,,,,,,,,,,,,,,,,,,,,,,,,,,,,,,p10780.htm#i107799,Robert_de_Lundon_(1),,London-29,
Q147274,Q75387910,,,,,,,,,,,,,,,,,,,,,,,,,,,,,,,,,,,,,,,,,p10780.htm#i107800,Henry_Galithly_(1),,Galightly-1,I00002897
Q147275,Q75387914,,,,,,,,,,,,,,,,,,,,,,,,,,,,,,,,,,,,,,,,,p10781.htm#i107803,Aufrica_Of_Scotland_(1),,Scotland-68,I00002886
Q147276,Q75387912,,,,,,,,,,,,,,,,,,,,,,,,,,,965823,,p=ada;n=of scotland;oc=1,,,,,,,,,,,,p10781.htm#i107801,Ada_Scotland_(8),,Scotland-76,I00002870
Q147277,Q20877365,,,,,,,,,,,,,,,,,,,,,,,,,,,141802,,p=isabella;n=of scotland;oc=2,,,,,,,,,,,,p10780.htm#i107794,Isabel_Scotland_(1),,Dunkeld-3,I00002892
Q147278,Q2610522,,,,,,,,,,,,,,,,,,,,,,,,,,,,,,,,,,,,,,,,,p62944.htm#i629435,Floris_bishop_of_Glasgow_(1),,Van_Holland-172,I00104736
Q147280,Q76240028,,,,,,,,,,,,,,,,,,,,,,,,,,,,,,,,,,,,,,,,,p62944.htm#i629436,Agnes_of_Holland_(1),,Holland-2229,I00104718
Q147281,Q108377957,,,,,,,,,,,,,,,,,,,,,,,,,,,,,,,,,,,,,,,,,,Baldwin_of_Holland_(1),,Holland-2230,I00104737
Q147282,Q19303221,,,,,,,,,,,,,,,,,,,,,,,,,,,301946,,p=william;n=fitz patric,,,,,,,,,,,,p32196.htm#i321952,,,De_Washington-8,I00280931
Q147284,Q19303219,,,,,,,,,,,,,,,,,,,,,,,,,,,301947,,p=william;n=de washington;oc=1,,,,,,,,,,,,p32195.htm#i321950,,,Washington-891,I00280934
Q147285,Q5561989,,,,,,,,,,,,,,,,,,,,,,,,,,,116949,,p=gilchrist;n=of angus,,,,,,,,,,,,p459.htm#i4588,"Gille_Críst,_Earl_of_Angus_(1)",,Angus-1355,I00007618
Q147286,Q61314239,,,,,,,,,,,,,,,,,,,,,,,,,,,116948,,p=beatrix;n=of angus,,,,,,,,,,,,p459.htm#i4587,Beatrix_De_Angus_(1),,Angus-319,I00006187
Q147287,Q75387881,,,,,,,,,,,,,,,,,,,,,,,,,,,,,,,,,,,,,,,,,p10778.htm#i107779,,,,
Q147288,Q75644535,,,,,,,,,,,,,,,,,,,,,,,,,,,,,p=derdere;n=n,,,,,,,,,,,,p26747.htm#i267468,,,Unknown-380931,I00164969
Q147289,Q7966648,,,,,,,,,,,,,,,,,,,,,,,,,,,110793,,p=waldeve;n=of dunbar,,,,,,,,,,,,p26747.htm#i267469,"Waltheof,_Earl_of_Dunbar_(1)",,Dunbar-754,I00164967
Q147290,Q75902497,,,,,,,,,,,,,,,,,,,,,,,,,,,,,,,,,,,,,,,,,p39262.htm#i392618,,,,
Q147291,Q61491979,,,,,,,,,,,,,,,,,,,,,,,,,,,,,p=ralph;n=de merlay,,,,,,,,,,,,,Ralph_De_Merlay_(1),,Merlay-3,I00219030
Q147292,Q98101439,,,,,,,,,,,,,,,,,,,,,,,,,,,,,,,,,,,,,,,,,,,,Merlay-2,I00219032
Q147293,Q16239683,,,,,,,,,,,,,,,,,,,,,,,,,,,116950,,p=gilbert;n=of angus,,,,,,,,,,,,p657.htm#i6564,"Gille_Brigte,_Earl_of_Angus_(1)",,Angus-22,I00007617
Q147294,Q56526180,,,,,,,,,,,,,,,,,,,,,,,,,,,,,,,,,,,,,,,,,p4894.htm#i48940,,,Rumilly-2,I00076169
Q147295,Q75387829,,,,,,,,,,,,,,,,,,,,,,,,,,,,,,,,,,,,,,,,,p10773.htm#i107727,,,,
Q147296,Q111143445,,,,,,,,,,,,,,,,,,,,,,,,,,,,,p=ada;n=de+morville;oc=1,,,,,,,,,,,,,,,,I00219215
Q147297,Q75795947,,,,,,,,,,,,,,,,,,,,,,,,,,,,,,,,,,,,,,,,,p33826.htm#i338253,,,Lucy-178,I00451669
Q147298,Q111143520,,,,,,,,,,,,,,,,,,,,,,,,,,,,,,,,,,,,,,,,,,,,,
Q147299,Q116169033,,,,,,,,,,,,,,,,,,,,,,,,,,,,,,,,,,,,,,,,,,,,Lucy-58,I00219221
Q147300,Q75241554,,,,,,,,,,,,,,,,,,,,,,,,,,,,,p=helvide;n=du donjon,,,,,,,,,,,,p378.htm#i3775,Hawise_Donjon_(1),,Donjon-9,I00028684
Q147301,Q111794929,,,,,,,,,,,,,,,,,,,,,,,,,,,,,p=maud;n=fitzurse,,,,,,,,,,,,,,,FitzUrse-23,I00076160
Q147302,Q75617614,,,,,,,,,,,,,,,,,,,,,,,,,,,,,p=ada;n=of dunbar,,,,,,,,,,,,p24822.htm#i248218,,,Dunbar-221,I00076192
Q147303,Q12152820,,,,,,,,,,,,,,,,,,,,,,,,,,,,,,,,,,,,,,,,,,,,,
Q147304,Q17449690,,,,,,,,,,,,,,,,,,,,,,,,,,,,,,,,,,,,,,,,,,,,,
Q147305,Q1268485,,,,,,,,,,,,,,,,,,,,,,,,,,,35806,,,,,,,,,,,,,,,,,,
Q147306,Q311057,,,,,,,,,,,,,,,,,,,,,,,,,,,84218|148812,,,,,,,,,,,,,,p14551.htm#i145510,Boris_Unknown_(1),,Bulgaria-13,I00766040
Q147307,Q20500853,,,,,,,,,,,,,,,,,,,,,,,,,,,,,,,,,,,,,,,,,,,,,I00766039
Q147308,Q192264,,,,,,,,,,,,,,,,,,,,,,,,,,,148811,,,,,,,,,,,,,,p14552.htm#i145512,Simeon_I_of_Bulgaria_(1),,,I00766038
Q147309,Q12272076,,,,,,,,,,,,,,,,,,,,,,,,,,,,,,,,,,,,,,,,,,,,,
Q147310,Q12279410,,,,,,,,,,,,,,,,,,,,,,,,,,,,,,,,,,,,,,,,,,,,,
Q147311,Q20500882,,,,,,,,,,,,,,,,,,,,,,,,,,,,,,,,,,,,,,,,,,,,,
Q147312,Q12275912,,,,,,,,,,,,,,,,,,,,,,,,,,,,,,,,,,,,,,,,,,,,,
Q147313,Q2721068,,,,,,,,,,,,,,,,,,,,,,,,,,,71128,,,,,,,,,,,,,,,,,,
Q147314,Q41646,,alvin-person:25795,,,,,,,,44925685,,,,,,,,,,,,,,,,,145833,,,,,,,,,,,,,,p41998.htm#i419973,Romanos_I_(1),,Lekapenos-1,I00220765
Q147315,Q2705358,,,,,,,,,,,,,,,,,,,,,,,,,,,148769,,,,,,,,,,,,,,,"Theodora,_wife_of_Romanos_I_(1)",,Unknown-143610,I00220767
Q147316,Q1100725,,,,,,,,,,,,,,,,,,,,,,,,,,,,,,,,,,,,,,,,,,Theophylact_of_Constantinople_(1),,,
Q147317,Q1281912,,alvin-person:52486,,,,,,,,,,,,,,,,,,,,,,,,,148875,,,,,,,,,,,,,,,,,,
Q147318,Q1291408,,alvin-person:52485,,,,,,,,,,,,,,,,,,,,,,,,,145834,,,,,,,,,,,,,,,,,,
Q147319,Q2191351,,,,,,,,,,,,,,,,,,,,,,,,,,,396891,,,,,,,,,,,,,,,,,,
Q147320,Q41603,,,,,,,,,,,,,,,,,,,,,,,,person/779a8f86-456f-470d-b884-374657c0107f,,,148774,,,,,,,,,,,,,,p879.htm#i8786,John_I_Tzimiskes_(1),,,I00215873
Q147321,Q60041406,,,,,,,,,,,,,,,,,,,,,,,,,,,,,,,,,,,,,,,,,,,,,
Q147322,Q807993,,,,,,,,,,,,,,,,,,,,,,,,,,,203968,,,,,,,,,,,,,,p52941.htm#i529407,Bardas_Phokas_the_Elder_(1),,Phokas-1,I00215843
Q147323,Q20556471,,,,,,,,,,,,,,,,,,,,,,,,,,,,,,,,,,,,,,,,,,,,,
Q147324,Q17113842,,,,,,,,,,,,,,,,,,,,,,,,,,,166132|834299,,,,,,,,,,,,,,,,,Prince_of_Polotsk-2,
Q147325,Q112626519,,,,,,,,,,,,,,,,,,,,,,,,,,,,,p=valeran;n=de breteuil;oc=11,,,,,,,,,,,,,,,Breteuil-11,I00164677
Q147326,Q112626776,,,,,,,,,,,,,,,,,,,,,,,,,,,1239496,,p=aremburge;n=du puiset,,,,,,,,,,,,,,,Breteuil-28,
Q147327,Q133865246,,,,,,,,,,,,,,,,,,,,,,,,,,,,,,,,,,,,,,,,,,,,,
Q147328,Q48760330,,,,,,,,,,,,,,,,,,,,,,,,,,,,,,,,,,,,,,,,,,,,,
Q147329,Q115597197,,,,,,,,,,,,,,,,,,,,,,,,,,,,,,,,,,,,,,,,,,,,Vignory-7,I00201728
Q147340,Q10292670,,,,,,,,,,,,,,,,,,,,,,,,,,,600058,,,,,,,,,,,,,,p11360.htm#i113592,Guy_De_Baudemont_(6),,Vaudemont-2,I00028298
Q147341,Q57395965,,,,,,,,,,,,,,,,,,,,,,,,,,,,,p=alix;n=de+rochefort;oc=28,,,,,,,,,,,,p451.htm#i4508,,,Braine-13,I00028299
Q147342,Q48755146,,,,,,,,,,,,,,,,,,,,,,,,,,,13002,,p=milon;n=de brienne;oc=1,,,,,,,,,,,,p11996.htm#i119957,,,De_Bar-54,I00199426
Q147343,Q75402884,,,,,,,,,,,,,,,,,,,,,,,,,,,,,p=gaucher;n=de brienne,,,,,,,,,,,,p11996.htm#i119959,,,,
Q147344,Q75402885,,,,,,,,,,,,,,,,,,,,,,,,,,,,,p=guillaume;n=de brienne;oc=1,,,,,,,,,,,,p11996.htm#i119960,,,,
Q147345,Q48755353,,,,,,,,,,,,,,,,,,,,,,,,,,,,,p=petronille;n=de brienne;oc=1,,,,,,,,,,,,p11997.htm#i119961,,,,I00199416
Q147348,Q937887,,,,,,,,,,,,,,,,,,,,,,,,,,,11573,,p=jean;n=de dreux;oc=12,,,,,,,,,,,,,Jehan_de_Braine_(1),,Dreux-47,
Q147349,Q84956838,,,,,,,,,,,,,,,,,,,,,,,,,,,11574,,p=alix;n=de dreux,,,,,,,,,,,,,Daughter_De_Dreux_(1),,Dreux-54,I00046880
Q147350,Q76355999,,,,,,,,,,,,,,,,,,,,,,,,,,,,,p=jean;n=de thourotte;oc=2,,,,,,,,,,,,p70903.htm#i709030,Jean_Unknown_(58),,,I00628198
Q147351,Q3436627,,,,,,,,,,,,,,,,,,,,,,,,,,,,,p=robert;n=de chatillon;oc=2,,,,,,,,,,,,p70904.htm#i709036,Robert_of_Châtillon_(1),,,
Q147352,Q1410488,,,,,,,,,,,,,,,,,,,,,,,,,,,,,,,,,,,,,,,,,p70904.htm#i709035,Guy_de_Châtillon_(2),,,
Q147353,Q3292885,,,,,,,,,,,,,,,,,,,,,,,,,,,,,p=marie;n=de chatillon;oc=21,,,,,,,,,,,,p70904.htm#i709037,Marie_de_Châtillon_(2),,Chatillon-49,
Q147354,Q76356001,,,,,,,,,,,,,,,,,,,,,,,,,,,,,p=alix;n=de chatillon,,,,,,,,,,,,p70904.htm#i709032,Unknown_Alix_(4),,,I00139790
Q147355,Q107304715,,,,,,,,,,,,,,,,,,,,,,,,,,,939513,,p=alienor;n=de nesle,,,,,,,,,,,,,Eleanor_de_Soissons_(1),,Nesle-15,I00330715
Q147356,Q96148432,,,,,,,,,,,,,,,,,,,,,,,,,,,,,p=jean;n=de thourotte;oc=1,,,,,,,,,,,,,Jean_Unknown_(57),,,I00028306
Q147357,Q75818392,,,,,,,,,,,,,,,,,,,,,,,,,,,,,p=eustache;n=de fiennes;oc=2|p=eustache;n=de+fiennes;oc=2,,,,,,,,,,,,p34632.htm#i346320,Eustace_De_Fiennes_(3),,Fiennes-124,I00038513
Q147358,Q106983510,,,,,,,,,,,,,,,,,,,,,,,,,,,,,p=simon;n=de broyes;oc=2,,,,,,,,,,,,,,,,I00164480
Q147359,Q109105356,,,,,,,,,,,,,,,,,,,,,,,,,,,1426361,,p=emmeline;n=de broyes,,,,,,,,,,,,,,,,I00197507
Q147364,Q431272,,,,,,,,,,,,,,,,,,,,,,,,,,,426418,,p=mahaut;n=de courtenay,,,,,,,,,,,,p24822.htm#i248220,Mathilde_Unknown_(42),,Courtenay-660,I00013808
Q147365,Q2349188,,,,,,,,,,,,,,,,,,,,,,,,,,,697419|632562,,p=guillaume;n=de joigny;oc=2,,,,,,,,,,,,p24828.htm#i248272,Count_Guillaume_(3),,Joigny-16,I00106064
Q147366,Q2469845,,,,,,,,,,,,,,,,,,,,,,,,,,,,,p=pierre;n=de joigny,,,,,,,,,,,,,,,,
Q147367,Q75617648,,,,,,,,,,,,,,,,,,,,,,,,,,,464165,,p=mahaut;n=de mehun,,,,,,,,,,,,p24826.htm#i248258,Mahaud_De_Mehun_(1)|Matilda_of_Mehun_(1),,,I00106063
Q147368,Q115564600,,,,,,,,,,,,,,,,,,,,,,,,,,,920062,,p=constance;n=de toucy,,,,,,,,,,,,,,,,I00106062
Q147369,Q340020,,,,,,,,,,,,,,,,,,,,,,,,,,,464160,,p=pierre;n=de courtenay;oc=12,,,,,,,,,,,,p4208.htm#i42073,"Peter_of_Courtenay,_Lord_of_Conches_(1)",,Courtenay-504,I00106060
Q147370,Q3436635,,,,,,,,,,,,,,,,,,,,,,,,,,,920073,,p=robert;n=de courtenay;oc=5,,,,,,,,,,,,p24827.htm#i248265,,,,
Q147371,Q3172709,,,,,,,,,,,,,,,,,,,,,,,,,,,920081,,p=jean;n=de courtenay,,,,,,,,,,,,p24827.htm#i248266,,,,
Q147372,Q48688659,,,,,,,,,,,,,,,,,,,,,,,,,,,920078|348766,,p=raoul;n=de courtenay,,,,,,,,,,,,p24827.htm#i248261,,,,I00295520
Q147373,Q75617652,,,,,,,,,,,,,,,,,,,,,,,,,,,920071,,,,,,,,,,,,,,p24826.htm#i248260,,,,
Q147374,Q75617653,,,,,,,,,,,,,,,,,,,,,,,,,,,920080,,p=guillaume;n=de courtenay;oc=4,,,,,,,,,,,,p24827.htm#i248267,,,,
Q147375,Q76235202,,,,,,,,,,,,,,,,,,,,,,,,,,,920077,,p=isabelle;n=de courtenay,,,,,,,,,,,,p62581.htm#i625810,,,Courtenay-823,I00026424
Q147376,Q106776982,,,,,,,,,,,,,,,,,,,,,,,,,,,466221,,p=blanche;n=de courtenay,,,,,,,,,,,,,,,Courtenay-1202,I00330709
Q147377,Q3120289,,,,,,,,,,,,,,,,,,,,,,,,,,,632564|697408,,p=guillaume;n=de brienne,,,,,,,,,,,,p3492.htm#i34915,William_of_Brienne_(1),,,I00220781
Q147378,Q1243343,,,,,,,,,,,,,,,,,,,,,,,,,,,624200|632566,,p=guillaume;n=de sancerre,,,,,,,,,,,,p12007.htm#i120068,,,Sancerre-13,I00164586
Q147379,Q75403054,,,,,,,,,,,,,,,,,,,,,,,,,,,,,p=andre;n=de brienne,,,,,,,,,,,,p12007.htm#i120069,,,,I00220782
Q147380,Q75403055,,,,,,,,,,,,,,,,,,,,,,,,,,,,,p=helvide;n=de brienne;oc=1,,,,,,,,,,,,p12007.htm#i120070,,,,I00220784
Q147381,Q96244920,,,,,,,,,,,,,,,,,,,,,,,,,,,,,p=elisabeth;n=de champlitte,,,,,,,,,,,,,,,,I00118853
Q147382,Q18481750,,,,,,,,,,,,,,,,,,,,,,,,,,,,,p=guillaume;n=de champlitte;oc=2,,,,,,,,,,,,,,,,I00561765
Q147383,Q112663180,,,,,,,,,,,,,,,,,,,,,,,,,,,,,p=eudes;n=de champlitte,,,,,,,,,,,,,,,,I00201816
Q147384,Q56071936,,,,,,,,,,,,,,,,,,,,,,,,,,,632569,,p=guy;n=de thiers;oc=6,,,,,,,,,,,,,Guy_De_Thiern_(1),,De_Thiern-10,I00220773
Q147385,Q106975414,,,,,,,,,,,,,,,,,,,,,,,,,,,,,p=guy;n=de thiers;oc=7,,,,,,,,,,,,,,,De_Thiern-9,
Q147386,Q101499886,,,,,,,,,,,,,,,,,,,,,,,,,,,632574,,p=gasce;n=de poissy;oc=6,,,,,,,,,,,,,Unknown_De_Chateaufort_(1),,Poissy-2,I00197604
Q147387,Q19956103,,,,,,,,,,,,,,,,,,,,,,,,,,,632575,,p=guillaume;n=de la ferte,,,,,,,,,,,,,Guillaume_Lafertearnaud_(1),,,I00197606
Q147388,Q101499885,,,,,,,,,,,,,,,,,,,,,,,,,,,,,p=mathilde;n=de poissy;oc=1,,,,,,,,,,,,,Mahaut_De_Chateaufort_(1),,Poissy-3,I00197601
Q147389,Q113004794,,,,,,,,,,,,,,,,,,,,,,,,,,,,,p=mabilie;n=de poissy,,,,,,,,,,,,,,,,I00294656
Q147390,Q527308,,,,,,,,,,,,,,,,,,,,,,,,,,,,,p=echive;n=de bures,,,,,,,,,,,,,,,Bures-15,I00416721
Q147391,Q48757738,,,,,,,,,,,,,,,,,,,,,,,,,,,802422,,p=gaucher;n=de joigny,,,,,,,,,,,,p12000.htm#i119993|p4208.htm#i42076,,,Joigny-19,I00161551
Q147392,Q287646,,,,,,,,,,,,,,,,,,,,,,,,,,,89444,,p=erard;n=de brienne,,,,,,,,,,,,p12000.htm#i119995,Erard_of_Brienne-Ramerupt_(1),,,I00028989
Q147393,Q75402979,,,,,,,,,,,,,,,,,,,,,,,,,,,,,,,,,,,,,,,,,p12002.htm#i120018,,,,I00161588
Q147394,Q75402982,,,,,,,,,,,,,,,,,,,,,,,,,,,933281,,p=agnes;n=de brienne;oc=3,,,,,,,,,,,,p12003.htm#i120021,,,,I00161590
Q147396,Q61727062,,,,,,,,,,,,,,,,,,,,,,,,,,,,,p=rudolf;n=de+warenne;,,,,,,,,,,,,p449.htm#i4486,,,Warenne-10,I00121023
Q147397,Q75242420,,,,,,,,,,,,,,,,,,,,,,,,,,,,,,,,,,,,,,,,,p449.htm#i4487,,,,I00121024
Q147398,Q3142598,,,,,,,,,,,,,,,,,,,,,,,,,,,,,,,,,,,,,,,,,,,,,
Q147399,Q75924060,,,,,,,,,,,,,,,,,,,,,,,,,,,,,,,,,,,,,,,,,p40618.htm#i406174,,,,
Q147400,Q511542,,,,,,,,,,,,,,,,,,,,,,,,,,,322981,,p=maurice;n=de craon;oc=2,,,,,,,,,,,,,Maurice_de_Craon_(1),,Craon-23,I00124709
Q147401,Q2841402,,,,,,,,,,,,,,,,,,,,,,,,,,,309921,,p=amaury;n=de craon;oc=1,,,,,,,,,,,,,Amaury_de_Craon_(1),,Craon-22,I00124693
Q147402,Q2874463,,,,,,,,,,,,,,,,,,,,,,,,,,,998917,,p=havoise;n=de craon,,,,,,,,,,,,p4215.htm#i42148,Harvoise_De_Craon_(1),,Craon-48,I00026213
Q147403,Q134983894,,,,,,,,,,,,,,,,,,,,,,,,,,,,,,,,,,,,,,,,,,,,,
Q147404,Q102822051,,,,,,,,,,,,,,,,,,,,,,,,,,,1412248,,p=amaury;n=de meulan,,,,,,,,,,,,,Amaury_de_Meulan_(2),,,I00291683
Q147405,Q75484526,,,,,,,,,,,,,,,,,,,,,,,,,,,145571,,,,,,,,,,,,,,p17015.htm#i170141,,,De_Hamilton-4,
Q147406,Q18672330,,,,,,,,,,,,,,,,,,,,,,,,,,,,,,,,,,,,,,,,,,,,,
Q147407,Q75869507,,,,,,,,,,,,,,,,,,,,,,,,,,,,,,,,,,,,,,,,,p36860.htm#i368594,,,Wormegay-1,I00015440
Q147408,Q75869512,,,,,,,,,,,,,,,,,,,,,,,,,,,,,,,,,,,,,,,,,p36860.htm#i368597,,,,
Q147409,Q75869511,,,,,,,,,,,,,,,,,,,,,,,,,,,,,,,,,,,,,,,,,p36860.htm#i368596,,,,
Q147410,Q16197990,,,,,,,,,,,,,,,,,,,,,,,,,,,,,,,,,,,,,,,,,,,,Courcy-13,
Q147411,Q75238241,,,,,,,,,,,,,,,,,,,,,,,,,,,,,p=alice;n=de+courcy;oc=1,,,,,,,,,,,,p90.htm#i895|p931.htm#i9303,,,Courcy-16,
Q147412,Q105769044,,,,,,,,,,,,,,,,,,,,,,,,,,,,,,,,,,,,,,,,,,,,,I00196931
Q147413,Q105769047,,,,,,,,,,,,,,,,,,,,,,,,,,,,,,,,,,,,,,,,,,,,,I00196932
Q147414,Q76326097,,,,,,,,,,,,,,,,,,,,,,,,,,,907479,,p=margaret;n=d oilly,,,,,,,,,,,,p69040.htm#i690394,,,Oilly-18,I00394342
Q147415,Q76375281,,,,,,,,,,,,,,,,,,,,,,,,,,,,,,,,,,,,,,,,,p72102.htm#i721015,,,Eiville-4,
Q147416,Q7330202,,,,,,,,,,,,,,,,,,,,,,,,,,,,,,,,,,,,,,,,,p456.htm#i4557,Richard_Morville_(1),,Morville-8,I00196921
Q147417,Q75242459,,,,,,,,,,,,,,,,,,,,,,,,,,,109439,,p=elena;n=de morville;oc=1,,,,,,,,,,,,p456.htm#i4553,Elena_de_Morville_(1),,Morville-1,I00106719
Q147418,Q75933616,,,,,,,,,,,,,,,,,,,,,,,,,,,,,,,,,,,,,,,,,p41221.htm#i412202,,,Lancaster-2041,
Q147419,Q105768731,,,,,,,,,,,,,,,,,,,,,,,,,,,,,,,,,,,,,,,,,,,,,I00470452
Q147420,Q61911581,,,,,,,,,,,,,,,,,,,,,,,,,,,,,,,,,,,,,,,,,,,,Mauduit-9,I00286795
Q147421,Q75924054,,,,,,,,,,,,,,,,,,,,,,,,,,,970953,,p=thurstan;n=de montfort;oc=1,,,,,,,,,,,,p40617.htm#i406169,,,Montfort-107,
Q147422,Q75924055,,,,,,,,,,,,,,,,,,,,,,,,,,,,,,,,,,,,,,,,,p40617.htm#i406170,,,,
Q147423,Q111452957,,,,,,,,,,,,,,,,,,,,,,,,,,,,,,,,,,,,,,,,,,,,,I00748385
Q147424,Q3142570,,,,,,,,,,,,,,,,,,,,,,,,,,,778999,,p=hugues;n=d oisy;oc=2,,,,,,,,,,,,,Hugues_d'Oisy_(1),,Oisy-5,I00122026
Q147425,Q3142694,,,,,,,,,,,,,,,,,,,,,,,,,,,,,,,,,,,,,,,,,,,,,
Q147426,Q3175596,,,,,,,,,,,,,,,,,,,,,,,,,,,13039,,p=jean;n=de+montmirail;oc=1,,,,,,,,,,,,p10781.htm#i107806,Jean_De_Montmirail_(1),,Montmirail-7,I00026313
Q147427,Q96244934,,,,,,,,,,,,,,,,,,,,,,,,,,,,,p=ade;n=de montmirail,,,,,,,,,,,,,,,,I00315583
Q147429,Q61973183,,,,,,,,,,,,,,,,,,,,,,,,,,,153254,,p=bonifazio;n=di clavesana;oc=1,,,,,,,,,,,,p61482.htm#i614814,,,,I00027079
Q147430,Q124029489,,,,,,,,,,,,,,,,,,,,,,,,,,,,,p=guglielmo i;n=di ceva,,,,,,,,,,,,,Guglielmo_Ceva_(2),,Ceva-11,I00382262
Q147431,Q1347851,,,,,,,,,,,,,,,,,,,,,,,,,,,160787,,,,,,,,,,,,,,,,,,
Q147432,Q25535368,,,,,,,,,,,,,,,,,,,,,,,,,,,,,,,,,,,,,,,,,,,,,
Q147433,Q20003666,,,,,,,,,,,,,,,,,,,,,,,,,,,,,,,,,,,,,,,,,,,,,
Q147434,Q20747522,,,,,,,,,,,,,,,,,,,,,,,,,,,771107,,,,,,,,,,,,,,,,,,
Q147435,Q122705528,,,,,,,,,,,,,,,,,,,,,,,,,,,771110,,,,,,,,,,,,,,,,,,
Q147436,Q3558336,,,,,,,,,,,,,,,,,,,,,,,,,,,373340,,,,,,,,,,,,,,,Helena_Argyre_(1),,,I00627739
Q147437,Q28862129,,,,,,,,,,,,,,,,,,,,,,,,,,,,,,,,,,,,,,,,,,,,,
Q147438,Q17164135,,,,,,,,,,,,,,,,,,,,,,,,,,,166150,,,,,,,,,,,,,,,,,,
Q147439,Q75394633,,,,,,,,,,,,,,,,,,,,,,,,,,,,,,,,,,,,,,,,,p11474.htm#i114739,,,,
Q147441,Q107530524,,,,,,,,,,,,,,,,,,,,,,,,,,,,,,,,,,,,,,,,,,,,,
Q147442,Q13478640,,,,,,,,,,,,,,,,,,,,,,,,,,,581321,,p=iaroslav;n=de vitebsk,,,dw.2173,,,,,,,,,p11470.htm#i114694,,,,I00302826
Q147443,Q2502260,,,,,,,,,,,,,,,,,,,,,,,,,,,166159|581324,,p=briatcheslav;n=rurikides;oc=4,,,,,,,,,,,,p11480.htm#i114791,,,,
Q147447,Q4127284,,,,,,,,,,,,,,,,,,,,,,,,person/E28947E4-A58C-4C46-B12F-3FB4E9B2AE84,,,105257,,p=vsevolod;n=rurikides;oc=17,,,dw.1674,,,,,,,,,,,,,
Q147448,Q4305612,,,,,,,,,,,,,,,,,,,,,,,,,,,465219,,p=mstislav;n=rurikides;oc=18,,,dw.1675,,,,,,,,,,,,,
Q147449,Q4113070,,,,,,,,,,,,,,,,,,,,,,,,,,,465222,,p=vladimir;n=rurikides;oc=22,,,dw.1678,,,,,,,,,,,,,
Q147450,Q4163380,,,,,,,,,,,,,,,,,,,,,,,,,,,47030,,p=doubrovka;n=rurikides,,,dw.1677,,,,,,,,,,,,,
Q147451,Q4482729,,,,,,,,,,,,,,,,,,,,,,,,,,,629424,,p=feodora;n=rurikides;oc=1,,,,,,,,,,,,,,,,
Q147452,Q134892957,,,,,,,,,,,,,,,,,,,,,,,,,,,722613,,p=ne;n=de coumanie;oc=8,,,,,,,,,,,,,,,,I00565188
Q147453,Q174044,,,,,,,,,,8195887,,,nevskia,,,,,,,,,,,person/058C9D17-1F08-4972-B4AF-E38305C41B74,,,30576,,p=alexandre;n=rurikides;oc=3,,,dw.6058,,,,,,,,,p11479.htm#i114789,Alexander_Nevsky_(1),,Nevskiy-1,I00218928
Q147454,Q472739,,,,,,,,,,,,,,,,,,,,,,,,,,,59788,,p=andrei;n=rurikides;oc=2,,,dw.1785,,,,,,,,,p11478.htm#i114775,Andrey_II_of_Vladimir_(1),,,I00218914
Q147455,Q686705,,,,,,,,,,,,,,,,,,,,,,,,,,,384832,,p=mikhail;n=rurikides;oc=3,,,dw.6061,,,,,,,,,p11478.htm#i114774,Mikhail_Khorobrit_(1),,,
Q147456,Q547839,,,,,,,,,,,,,,,,,,,,,,,,person/83B11407-8934-4791-9500-3C6655B18E59,,,180542,,p=iaroslav;n=rurikides;oc=7,,,dw.1833,,,,,,,,,p11477.htm#i114764,Yaroslav_of_Tver_(1),,Yaroslavich-17,I00124978
Q147457,Q548014,,,,,,,,,,,,,,,,,,,,,,,,person/161A9ABF-0B30-4C8E-9527-9210B5F62D13,,,708652,,p=vassili;n=rurikides;oc=1,,,dw.6060,,,,,,,,,p11477.htm#i114763|p22081.htm#i220803,Vasily_of_Kostroma_(1),,,
Q147458,Q4493894,,,,,,,,,,,,,,,,,,,,,,,,,,,59787,,p=feodor;n=rurikides;oc=4,,,,,,,,,,,,p11479.htm#i114788,,,,
Q147459,Q4231326,,,,,,,,,,,,,,,,,,,,,,,,,,,313198,,p=constantin;n=rurikides;oc=1,,,dw.6063,,,,,,,,,p11477.htm#i114762,,,,I00301380
Q147460,Q97096820,,,,,,,,,,,,,,,,,,,,,,,,,,,629793,,p=eudoxie;n=rurikides;oc=5,,,,,,,,,,,,,,,,
Q147461,Q19272564,,,,,,,,,,,,,,,,,,,,,,,,,,,881,,p=dimitri;n=rurikides;oc=10,,,dw.6065,,,,,,,,,p11476.htm#i114751,,,,
Q147462,Q4297180,,,,,,,,,,,,,,,,,,,,,,,,,,,104429,,p=mikhail;n=rurikides;oc=25,,,,,,,,,,,,,Mikhail_Ivanovich_(1),,,I00558270
Q147463,Q2590842,,,,,,,,,,,,,,,,,,,,,,,,,,,140,,p=oleg;n=rurikides;oc=5,,,dw.1010,,,,,,,,,,,,,
Q147464,Q23807366,,,,,,,,,,,,,,,,,,,,,,,,,,,,,p=vassilko;n=rurikides,,,,,,,,,,,,,,,,
Q147532,Q362626,,,,,,,,,,,,,,,,,,,,,,,,,,,327688,,p=adolf ii;n=von holstein schauenburg,,,,,,,,,,,,p4038.htm#i40373,Adolf_II_of_Holstein_(1),,Schauenberg-3,I00079660
Q147534,Q98698834,,,,,,,,,,,,,,,,,,,,,,,,,,,,,,,,,,,,,,,,,,,,,I00389833
Q147536,Q6752551,,,,,,,,,,,,,,,,,,,,,,,,,,,148847,,,,,,,,,,,,,,p64667.htm#i646670,,,Comnenus-2,I00049925
Q147538,Q41643,,,,,,,,,,,,,,,,,,,,,,,,person/99ec152d-4885-4deb-a038-fae135c2b938,,,148849|546759,,,,,,,,,,,,,,p15023.htm#i150221|p21207.htm#i212063,Emperor_Isaak_(2),,Komnenos-8,I00703913
Q147540,Q90040312,,,,,,,,,,,,,,,,,,,,,,,,,,,,,,,,,,,,,,,,,,,,,
Q147542,Q18712843,,,,,,,,,,,,,,,,,,,,,,,,,,,148854,,,,,,,,,,,,,,,,,Charon-2,
Q147544,Q61570544,,,,,,,,,,,,,,,,,,,,,,,,,,,,,,,,,,,,,,,,,,,,Dalassene-2,
Q147546,Q12281832,,,,,,,,,,,,,,,,,,,,,,,,,,,,,,,,,,,,,,,,,,,,,
Q147548,Q6243393,,,,,,,,,,,,,,,,,,,,,,,,,,,,,,,,,,,,,,,,,,,,,
Q147550,Q56812375,,,,,,,,,,,,,,,,,,,,,,,,,,,,,,,,,,,,,,,,,,,,,
Q147552,Q56226390,,,,,,,,,,,,,,,,,,,,,,,,,,,,,,,,,,,,,,,,,,,,,
Q147554,Q26832634,,,,,,,,,,,,,,,,,,,,,,,,,,,,,,,,,,,,,,,,,,,,,
Q147556,Q123753995,,,,,,,,,,,,,,,,,,,,,,,,,,,,,,,,,,,,,,,,,,,,,
Q147558,Q123785882,,,,,,,,,,,,,,,,,,,,,,,,,,,,,,,,,,,,,,,,,,,,,
Q147560,Q12280610,,,,,,,,,,,,,,,,,,,,,,,,,,,,,,,,,,,,,,,,,p22156.htm#i221560,,,,I00139088
Q147562,Q113373365,,,,,,,,,,,,,,,,,,,,,,,,,,,,,,,,,,,,,,,,,,,,,
Q147565,Q113373542,,,,,,,,,,,,,,,,,,,,,,,,,,,,,,,,,,,,,,,,,,,,,
Q147567,Q113373716,,,,,,,,,,,,,,,,,,,,,,,,,,,,,,,,,,,,,,,,,,,,,I00139086
Q147569,Q126274296,,,,,,,,,,,,,,,,,,,,,,,,,,,,,,,,,,,,,,,,,,,,,
Q147571,Q126281321,,,,,,,,,,,,,,,,,,,,,,,,,,,,,,,,,,,,,,,,,,,,,
Q147573,Q17720341,,,,,,,,,,,,,,,,,,,,,,,,,,,770934,,,,,,,,,,,,,,,Konstantos_Diogenes_(1),,Diogenes-1,I00280739
Q147575,Q3310945,,,,,,,,,,,,,,,,,,,,,,,,,,,,,,,,,,,,,,,,,,,,,I00799526
Q147577,Q28089044,,,,,,,,,,,,,,,,,,,,,,,,,,,,,,,,,,,,,,,,,,,,,I00799575
Q147579,Q960351,,,,,,,,,,,,,,,,,,,,,,,,,,,,,,,,,,,,,,,,,,,,,I00799528
Q147581,Q56726592,,,,,,,,,,,,,,,,,,,,,,,,,,,,,,,,,,,,,,,,,,,,,I00799578
Q147583,Q513495,,,,,,,,,,,,,,,,,,,,,,,,,,,148795,,,,,,,,,,,,,,,Ανδρόνικος_Δούκας_(1),,Doukas-3,I00139083
Q147585,Q3292878,,,,,,,,,,,,,,,,,,,,,,,,,,,148807,,,,,,,,,,,,,,,Maria_of_Bulgaria_(1),,Bulgaria-5,I00141465
Q147587,Q6829943,,,,,,,,,,,,,,,,,,,,,,,,,,,,,,,,,,,,,,,,,,,,Doukas-10,
Q147589,Q3131293,,,,,,,,,,,,,,,,,,,,,,,,,,,,,,,,,,,,,,,,,,,,,
Q147591,Q61140664,,,,,,,,,,,,,,,,,,,,,,,,,,,,,,,,,,,,,,,,,,,,,
Q147593,Q75254262,,,,,,,,,,,,,,,,,,,,,,,,,,,,,,,,,,,,,,,,,,,,,
Q147595,Q75198210,,,,,,,,,,,,,,,,,,,,,,,,,,,,,,,,,,,,,,,,,,,,,
Q147597,Q61140665,,,,,,,,,,,,,,,,,,,,,,,,,,,,,,,,,,,,,,,,,,,,,I00139082
Q147599,Q383003,,,,,,,,,,,,,,,,,,,,,,,,,,,429202,,,,,,,,,,,,,,,Nikephoros_Bryennios_(1),,Bryennios-1,I00512510
Q147601,Q80465480,,,,,,,,,,,,,,,,,,,,,,,,,,,,,,,,,,,,,,,,,,,,,I00799580
Q147603,Q130681251,,,,,,,,,,,,,,,,,,,,,,,,,,,,,,,,,,,,,,,,,,,,,
Q147605,Q131568681,,,,,,,,,,,,,,,,,,,,,,,,,,,,,,,,,,,,,,,,,,,,,
Q147607,Q7034843,,,,,,,,,,,,,,,,,,,,,,,,,,,,,,,,,,,,,,,,,,,,,
Q147609,Q115689646,,,,,,,,,,,,,,,,,,,,,,,,,,,,,,,,,,,,,,,,,,,,,
Q147612,Q105966067,,,,,,,,,,,,,,,,,,,,,,,,,,,,,,,,,,,,,,,,,,,,,
Q147614,Q115689792,,,,,,,,,,,,,,,,,,,,,,,,,,,,,,,,,,,,,,,,,,,,,
Q147616,Q1219238,,,,,,,,,,,,,,,,,,,,,,,,,,,,,,,,,,,,,,,,,,John_Tzelepes_Komnenos_(1),,,
Q147618,Q122802384,,,,,,,,,,,,,,,,,,,,,,,,,,,251846,,,,,,,,,,,,,,,,,,
Q147620,Q20971257,,,,,,,,,,,,,,,,,,,,,,,,,,,,,,,,,,,,,,,,,,,,,
Q147622,Q1247876,,,,,,,,,,,,,,,,,,,,,,,,,,,148787,,,,,,,,,,,,,,p22003.htm#i220030,Konstantinos_Angelos_(8),,Angelos-2,I00049912
Q147624,Q12900551,,,,,,,,,,,,,,,,,,,,,,,,,,,,,,,,,,,,,,,,,,Isaak_Angelos_(1),,,
Q147626,Q12221454,,,,,,,,,,,,,,,,,,,,,,,,,,,,,,,,,,,,,,,,,,Maria_Angelina_(1),,,
Q147630,Q101499976,,,,,,,,,,,,,,,,,,,,,,,,,,,,,,,,,,,,,,,,,,,,,I00049860
Q147632,Q110196472,,,,,,,,,,,,,,,,,,,,,,,,,,,,,,,,,,,,,,,,,,,,,
Q147634,Q110201937,,,,,,,,,,,,,,,,,,,,,,,,,,,,,,,,,,,,,,,,,,,,,
Q147636,Q110217035,,,,,,,,,,,,,,,,,,,,,,,,,,,,,,,,,,,,,,,,,,,,,
Q147638,Q369755,,,,,,,,,,,,,,,,,,,,,,,,,,,1150648,,,,,,,,,,,,,,,Beloš_Vukanović_(1),,,
Q147640,Q1932643,,,,,,,,,,,,,,,,,,,,,,,,,,,369426,,,,,,,,,,,,,,,Uroš_II_Prvoslav_(1),,,
Q147642,Q16901299,,,,,,,,,,,,,,,,,,,,,,,,,,,1150647,,,,,,,,,,,,,,,Desa_of_Rascia_(1),,,
Q147646,Q4293220,,,,,,,,,,,,,,,,,,,,,,,,,,,,,,,,,,,,,,,,,,,,,
Q147648,Q111660756,,,,,,,,,,,,,,,,,,,,,,,,,,,319026,,p=svoboda;n=de coumanie,,,,,,,,,,,,,,,,
Q147650,Q125178097,,,,,,,,,,,,,,,,,,,,,,,,,,,319029,,p=vsevolod;n=rurikides;oc=11,,,,,,,,,,,,,,,,
Q147652,Q125178091,,,,,,,,,,,,,,,,,,,,,,,,,,,,,,,,,,,,,,,,,,,,,
Q147654,Q49613123,,,,,,,,,,,,,,,,,,,,,,,,,,,,,p=marina;n=rurikides;oc=1,,,dw.6099,,,,,,,,,,,,,
Q147656,Q115339705,,,,,,,,,,,,,,,,,,,,,,,,,,,,,,,,,,,,,,,,,,,,,
Q147658,Q115340008,,,,,,,,,,,,,,,,,,,,,,,,,,,,,,,,,,,,,,,,,,,,,
Q147660,Q131731704,,,,,,,,,,,,,,,,,,,,,,,,,,,,,,,,,,,,,,,,,,,,,I00118403
Q147662,Q4113072,,,,,,,,,,,,,,,,,,,,,,,,,,,651,,p=vladimir;n=rurikides;oc=32,,,,,,,,,,,,,,,,
Q147664,Q4153691,,,,,,,,,,,,,,,,,,,,,,,,,,,653,,p=david;n=rurikides;oc=2,,,,,,,,,,,,,,,,I00174668
Q147666,Q4534890,,,,,,,,,,,,,,,,,,,,,,,,,,,652,,p=georges;n=rurikides;oc=12,,,,,,,,,,,,,,,,
Q147668,Q4139569,,,,,,,,,,,,,,,,,,,,,,,,,,,530635,,p=gleb;n=rurikides;oc=14,,,,,,,,,,,,,,,,
Q147670,Q4333468,,,,,,,,,,,,,,,,,,,,,,,,,,,530639,,p=oleg;n=rurikides;oc=11,,,,,,,,,,,,,,,,
Q147672,Q4198925,,,,,,,,,,,,,,,,,,,,,,,,,,,530649,,p=isiaslav;n=rurikides;oc=7,,,,,,,,,,,,,,,,
Q147674,Q4231304,,,,,,,,,,,,,,,,,,,,,,,,,,,530643,,p=constantin;n=rurikides;oc=14,,,,,,,,,,,,,,,,
Q147676,Q4297173,,,,,,,,,,,,,,,,,,,,,,,,,,,530663,,p=mikhail;n=rurikides;oc=14,,,,,,,,,,,,,,,,
Q147678,Q4398423,,,,,,,,,,,,,,,,,,,,,,,,,,,428961,,p=rostislav;n=rurikides;oc=9,,,,,,,,,,,,,,,,
Q147680,Q112962359,,,,,,,,,,,,,,,,,,,,,,,,,,,,,,,,,,,,,,,,,,,,,I00117051
Q147682,Q3026342,,,,,,,,,,,,,,,,,,,,,,,,,,,,,p=dermord;n=o+brien|p=diarmait;n=o+brien,,,,,,,,,,,,p10286.htm#i102851,,,Briain-6,I00117056
Q147685,Q112962481,,,,,,,,,,,,,,,,,,,,,,,,,,,,,,,,,,,,,,,,,,,,,I00117055
Q147687,Q116073431,,,,,,,,,,,,,,,,,,,,,,,,,,,,,,,,,,,,,,,,,,,,,I00758614
Q147689,Q1593065,,,,,,,,,,,,,,,,,,,,,,,,,,,,,,,,,,,,,,,,,,,,Sighvatsdottir-1,
Q147691,Q2427752,,,,,,,,,,,,,,,,,,,,,,,,,,,,,,,,,,,,,,,,,,,,,
Q147693,Q102323,,alvin-person:26311,,,,,,,,22962296,,,,,,,,,,,,,,person/E0F40A1F-1F33-4789-9531-7E937E65024E,,,,,,,,,,,,,,,,,,,,Sturluson-5,
Q147695,Q75393571,,,,,,,,,,,,,,,,,,,,,,,,,,,57415,,p=astrid;n=n,,,sw.107584,,,,,,,,,p11303.htm#i113024,Unknown_Astrid_(6),,Roesdottir-1,I00280220
Q147697,Q455378,,,,,,,,,,,,,,,,,,,,,,,,,,,,,,,,,,,,,,,,,p11303.htm#i113028,Guttorm_of_Norway_(1),,Sigurdsson-203,I00791638
Q147699,Q316039,,,,,,,,,,80827144,,,,,,,,,,,,,,,,,57421,,p=haakon;n=yngling;oc=4,,,sw.107587,,,,,,,,,p11304.htm#i113031,Haakon_IV_of_Norway_(1),,Håkonsson-41,I00049974
Q147701,Q6219139,,,,,,,,,,,,,,,,,,,,,,,,,,,,,,,,,,,,,,,,,,,,,I00489046
Q147703,Q2721477,,,,,,12402,,,,,,,,,,,,,,,,,,person/C87BA162-B94F-4CD4-9C69-ED44784BA4A3,,,863142,,p=katarina;n=folkungaatten;oc=2,,,dw.7079,,,,,,,,,p11308.htm#i113079,Catherine_of_Ymseborg_(1),,Sunesdotter-9,I00079339
Q147705,Q4981287,,,,,,,,,,,,,,,,,,,,,,,,,,,1435927,,,,,,,,,,,,,,,Benedikte_of_Ymseborg_(1),,Sunesdatter-2,I00280460
Q147707,Q101247375,,,,,,,,,,,,,,,,,,,,,,,,,,,,,,,,,,,,,,,,,,,,Birgersson-30,I00307100
Q147709,Q101247372,,,,,,,,,,,,,,,,,,,,,,,,,,,,,,,,,,,,,,,,,,,,Röriksson-4,I00307098
Q147711,Q101247377,,,,,,,,,,,,,,,,,,,,,,,,,,,,,,,,,,,,,,,,,,,,,I00307099
Q147713,Q1777650,,,,,,,,,,,,,,,,,,,,,,,,,,,,,,,,,,,,,,,,,,,,,
Q147715,Q96240834,,,,,,,,,,,,,,,,,,,,,,,,,,,,,,,,,,,,,,,,,,,,,I00721575
Q147717,Q5730329,,,,,,,,,,,,,,,,,,,,,,,,,,,,,p=filip;n=aspenas atten,,,,,,,,,,,,,Filip_Rumby_(1),,,I00280179
Q147719,Q5576547,,,,,,18894,,,,,,,,,,,,,,,,,,,,,,,,,,,,,,,,,,,,,,Filipsson-7,
Q147721,Q5884317,,,,,,18895,,,,,,,,,,,,,,,,,,,,,,,,,,,,,,,,,,,,Johan_Aspenäsätten_(1),,Filipson-1,I00280194
Q147723,Q101247326,,,,,,,,,,,,,,,,,,,,,,,,,,,,,,,,,,,,,,,,,,,,,I00495388
Q147725,Q2875304,,,,,,,,,,,,,,,,,,,,,,,,,,,404367,,p=alberto azzo;n=d este,,,,,,,,,,,,p70422.htm#i704211,Azzo_V_d'Este_(1),,Este-33,I00020830
Q147727,Q118130303,,,,,,,,,,,,,,,,,,,,,,,,,,,,,,,,,,,,,,,,,,,,,
Q147729,Q15814735,,,,,,,,,,,,,,,,,,,,,,,,,,,,,,,,,,,,,,,,,,Heinrich_von_Ravensberg_(1),,,I00330352
Q147731,Q448091,,,,,,,,,,,,,,,,,,,,,,,,,,,,,,,,,,,,,,,,,,Alv_Erlingsson_Tanberg_(1),,Erlingsson-21,I00710306
Q147733,Q101247950,,,,,,,,,,,,,,,,,,,,,,,,,,,,,,,,,,,,,,,,,,,,,I00500419
Q147735,Q101247944,,,,,,,,,,,,,,,,,,,,,,,,,,,,,,,,,,,,,,,,,,,,,I00261518
Q147737,Q888209,,,,,,,,,,,,,,,,,,,,,,,,,,,,,p=haakon;n=yngling,,,dw.5419,,,,,,,,,p11304.htm#i113039,Haakon_Haakonsson_Prince_Of_(1)|Haakon_Haakonsson_the_Young_(1),,Håkonsson-42,I00525689
Q147739,Q1796659,,,,,,,,,,8124875,,,,,,,,,,,,,,,,,,,,,,,,,,,,,,,p11305.htm#i113042,Princess_Kristine_(1),,Håkonsdatter-65,
Q147741,Q334673,,,,,,,,,,9503890,,,,,,,,,,,,,,person/44ACE142-0BFD-46BE-BBF8-04DF16E37BFD,,,57424,,,,,dw.7103,,,,,,,,,p11290.htm#i112893,Magnus_VI_of_Norway_(1),,Håkonsson-40,I00020603
Q147743,Q75291901,,,,,,,,,,,,,,,,,,,,,,,,,,,,,,,,,,,,,,,,,p4282.htm#i42812,,,,
Q147745,Q139139,,,,,,,,,,,,,,,,,,,,,,,,,,,,,,,,,,,,,,,,,p251.htm#i2509,,,,
Q147747,Q1086036,,,,,,,,,,,,,,,,,,,,,,,,,,,,,,,,,,,,,,,,,p10291.htm#i102903,Run_of_Alt_Clut_(1),,Strathclyde-3,
Q147749,Q448307,,,,,,,,,,,,,,,,,,,,,,,,,,,,,,,,,,,,,,,,,p10291.htm#i102904,"Eochaid,_son_of_Rhun_(1)",,MacAlpin-85,
Q147751,Q5511386,,,,,,,,,,,,,,,,,,,,,,,,,,,,,,,,,,,,,,,,,,Fáelán_Mac_Forbasaig_(1),,Mac_Forbasaig-1,
Q147753,Q76121925,,,,,,,,,,,,,,,,,,,,,,,,,,,,,,,,,,,,,,,,,p54614.htm#i546138,Aitheachda_O'Connor_(1),,Ingen_Cein-1,
Q147755,Q76121928,,,,,,,,,,,,,,,,,,,,,,,,,,,,,,,,,,,,,,,,,p54615.htm#i546141,,,,
Q147757,Q76121938,,,,,,,,,,,,,,,,,,,,,,,,,,,,,,,,,,,,,,,,,p54615.htm#i546148,,,,
Q147759,Q76121939,,,,,,,,,,,,,,,,,,,,,,,,,,,,,,,,,,,,,,,,,p54615.htm#i546149,,,,
Q147761,Q76121940,,,,,,,,,,,,,,,,,,,,,,,,,,,,,,,,,,,,,,,,,p54615.htm#i546150,,,,
Q147763,Q6933207,,,,,,,,,,,,,,,,,,,,,,,,,,,,,,,,,,,,,,,,,,Muiredach_Muillethan_(1)|Muireadach_Mac_Fergus_(1),,Mac_Fergus-22,
Q147765,Q5052057,,,,,,,,,,,,,,,,,,,,,,,,,,,,,,,,,,,,,,,,,,Cathal_Mac_Muireadach_(1)|Cathal_mac_Muiredaig_(1),,Mac_Muiredach_Muillethan-1,
Q147767,Q6600849,,,,,,,,,,,,,,,,,,,,,,,,,,,,,,,,,,,,,,,,,,Áed_Balb_mac_Indrechtaig_(1)|Aedh_Mac_Indrechtach_(1),,Mac_Indrechtach-7,
Q147769,Q110702481,,,,,,,,,,,,,,,,,,,,,,,,,,,,,,,,,,,,,,,,,,,,,
Q147771,Q5457404,,,,,,,,,,,,,,,,,,,,,,,,,,,,,,,,,,,,,,,,,,Flann_mac_Congalaig_(1),,Mac_Congalach-11,
Q147774,Q3328051,,,,,,,,,,,,,,,,,,,,,,,,,,,,,p=murchad midi;n=de meath,,,,,,,,,,,,p15011.htm#i150108,Murchadh_O'Neill_(1),,Mac_Diarmato-1,
Q147776,Q76121967,,,,,,,,,,,,,,,,,,,,,,,,,,,,,,,,,,,,,,,,,p54617.htm#i546169,,,,
Q147778,Q75675843,,,,,,,,,,,,,,,,,,,,,,,,,,,,,,,,,,,,,,,,,p28410.htm#i284094,,,Mac_Máel_Ruanaid-1,
Q147780,Q80246085,,,,,,,,,,,,,,,,,,,,,,,,,,,,,,,,,,,,,,,,,,,,,
Q147782,Q116073513,,,,,,,,G7N3-LWQ,,,,,,,,,,,,,,,,,,,,,p=lorccain;n=mac lachtna,,,,,,,,,,,,,Lorcan_Unknown_(1),,MacLachtnae-3,I00424560
Q147784,Q3298548,,,,,,,,,,,,,,,,,,,,,,,,,,,,,,,,,,,,,,,,,p18895.htm#i188944,Mathgamain_mac_Cennétig_(1),,Mac_Cennétig-3,
Q147786,Q5332845,,,,,,,,,,,,,,,,,,,,,,,,,,,,,,,,,,,,,,,,,,,,,
Q147788,Q2941775,,,,,,,,,,,,,,,,,,,,,,,,,,,,,p=cathal;n=mac conchobair,,,,,,,,,,,,,,,Macconchobair-1,
Q147790,Q5183415,,,,,,,,,,,,,,,,,,,,,,,,,,,,,p=cressa;n=ingen aurchada,,,,,,,,,,,,,Cres_O'Flaherty_(1),,,
Q147792,Q6949554,,,,,,,,,,,,,,,,,,,,,,,,,,,,,,,,,,,,,,,,,p50282.htm#i502820,,,,
Q147794,Q12956655,,,,,,,,,,,,,,,,,,,,,,,,,,,,,,,,,,,,,,,,,p54391.htm#i543906,Conchobhar_macTadg_(1),,Connaught-10,
Q147796,Q2860728,,,,,,,,,,,,,,,,,,,,,,,,,,,,,,,,,,,,,,,,,p15013.htm#i150128,,,Mac_Lochlainn-10,
Q147798,Q76048218,,,,,,,,,,,,,,,,,,,,,,,,,,,,,,,,,,,,,,,,,p49366.htm#i493655,,,Mac_Flaithbertach-18,
Q147800,Q76121999,,,,,,,,,,,,,,,,,,,,,,,,,,,,,,,,,,,,,,,,,p54620.htm#i546192,,,,
Q147802,Q76122000,,,,,,,,,,,,,,,,,,,,,,,,,,,,,,,,,,,,,,,,,p54620.htm#i546193,,,,
Q147804,Q76122002,,,,,,,,,,,,,,,,,,,,,,,,,,,,,,,,,,,,,,,,,p54620.htm#i546194,,,,
Q147806,Q76122003,,,,,,,,,,,,,,,,,,,,,,,,,,,,,,,,,,,,,,,,,p54620.htm#i546195,,,,
Q147808,Q130331956,,,,,,,,,,,,,,,,,,,,,,,,,,,,,,,,,,,,,,,,,,,,,
Q147810,Q106189207,,,,,,,,,,,,,,,,,,,,,,,,,,,,,,,,,,,,,,,,,,,,,
Q147812,Q106203838,,,,,,,,,,,,,,,,,,,,,,,,,,,,,,,,,,,,,,,,,,,,,
Q147814,Q112962415,,,,,,,,,,,,,,,,,,,,,,,,,,,,,p=donnchad;n=mael na mbo,,,,,,,,,,,,,Mail_Na_mBó_(1),,Diarmait-4,I00313175
Q147816,Q3328054,,,,,,,,,,,,,,,,,,,,,,,,,,,,,p=murchad;n=macdiarmuid,,,,,,,,,,,,p10286.htm#i102857,Murchadh_mac_Diarmata_(1),,Mac_Diarmata-109,I00300983
Q147818,Q55600273,,,,,,,,,,,,,,,,,,,,,,,,,,,,,p=enna;n=macdiarmata,,,,,,,,,,,,,Enna_Unknown_(1),,MacDiarmata-2,
Q147820,Q15901190,,,,,,,,,,,,,,,,,,,,,,,,,,,,,,,,,,,,,,,,,,,,,
Q147822,Q133796450,,,,,,,,,,,,,,,,,,,,,,,,,,,,,,,,,,,,,,,,,,,,Þórarinsdóttir-49,
Q147824,Q558568,,,,,,,,,,,,,,,,,,,,,,,,,,,145251,,,,,,,,,,,,,,,,,,
Q147826,Q3034674,,,,,,,,,,,,,,,,,,,,,,,,,,,,,,,,,,,,,,,,,,Domar_Unknown_(1),,Domaldasson-5,
Q147828,Q191589,,,,,,,,,,,,,,,,,,,,,,,,,,,,,,,,,,,,,,,,,,,,,
Q147830,Q1282468,,,,,,,,,,,,,,,,,,,,,,,,,,,398213,,,,,,,,,,,,,,,,,,
Q147832,Q65224794,,,,,,,,,,,,,,,,,,,,,,,,,,,,,,,,,,,,,,,,,,,,Count_of_Diessen-4,
Q147834,Q76298831,,,,,,,,,,,,,,,,,,,,,,,,,,,,,,,,,,,,,,,,,p67179.htm#i671781,,,,
Q147836,Q76298979,,,,,,,,,,,,,,,,,,,,,,,,,,,,,,,,,,,,,,,,,p67188.htm#i671875,,,,
Q147838,Q76298863,,,,,,,,,,,,,,,,,,,,,,,,,,,,,,,,,,,,,,,,,p67181.htm#i671802,,,,
Q147840,Q76298838,,,,,,,,,,,,,,,,,,,,,,,,,,,,,,,,,,,,,,,,,p67179.htm#i671785,,,,
Q147842,Q76298532,,,,,,,,,,,,,,,,,,,,,,,,,,,,,,,,,,,,,,,,,p67161.htm#i671601,,,,
Q147844,Q76298761,,,,,,,,,,,,,,,,,,,,,,,,,,,,,,,,,,,,,,,,,p67174.htm#i671740,,,,
Q147846,Q76298808,,,,,,,,,,,,,,,,,,,,,,,,,,,,,,,,,,,,,,,,,p67177.htm#i671768,,,,
Q147848,Q76298822,,,,,,,,,,,,,,,,,,,,,,,,,,,,,,,,,,,,,,,,,p67178.htm#i671776,,,,
Q147850,Q76298669,,,,,,,,,,,,,,,,,,,,,,,,,,,,,,,,,,,,,,,,,p67169.htm#i671681,,,,
Q147852,Q76298573,,,,,,,,,,,,,,,,,,,,,,,,,,,,,,,,,,,,,,,,,p67163.htm#i671626,,,,
Q147854,Q76298697,,,,,,,,,,,,,,,,,,,,,,,,,,,,,,,,,,,,,,,,,p67170.htm#i671700,,,,
Q147857,Q76298894,,,,,,,,,,,,,,,,,,,,,,,,,,,,,,,,,,,,,,,,,p67183.htm#i671821,,,,
Q147859,Q76298509,,,,,,,,,,,,,,,,,,,,,,,,,,,,,,,,,,,,,,,,,p67159.htm#i671585,,,,
Q147861,Q76298824,,,,,,,,,,,,,,,,,,,,,,,,,,,,,,,,,,,,,,,,,p67178.htm#i671777,,,,
Q147863,Q97367108,,,,,,,,,,,,,,,,,,,,,,,,,,,,,p=wiard;n=de+reynel,,,,,,,,,,,,,,,,I00046912|I00163419
Q147865,Q22337636,,,,,,,,,,,,,,,,,,,,,,,,,,,1019183,,p=marguerite;n=de la roche sur l ognon,,,,,,,,,,,,,Marguerite_de_la_Roche_(1),,,I00163410
Q147867,Q3424987,,,,,,,,,,,,,,,,,,,,,,,,,,,,,p=renaud;n=de vaudemont,,,,,,,,,,,,,,,,
Q147869,Q826554,,,,,,,,,,,,,,,,,,,,,,,,,,,1019184,,p=henri;n=de vaudemont,,,,,,,,,,,,,Henry_of_Vaudémont_(2),,,I00027475
Q147871,Q110602355,,,,,,,,,,,,,,,,,,,,,,,,,,,,,p=jacques;n=de vaudemont,,,,,,,,,,,,,,,,I00163411
Q147873,Q87281249,,,,,,,,,,,,,,,,,,,,,,,,,,,,,,,,,,,,,,,,,,,,Salerno-38,
Q147875,Q2705981,,,,,,,,,,,,,,,,,,,,,,,,person/38d5e7d8-19de-479e-a664-3e83a564a04f,,,,,p=guaiferio;n=di salerno,,,,,,,,,,,,,,,Salerno-37,
Q147877,Q124460110,,,,,,,,,,,,,,,,,,,,,,,,,,,,,p=landelaica;n=di capua,,,,,,,,,,,,,,,Capua-5,
Q147879,Q124424132,,,,,,,,,,,,,,,,,,,,,,,,,,,,,p=gaitelgrima;n=di benevento;oc=1,,,,,,,,,,,,,,,Benevento-2,
Q147881,Q2705844,,,,,,,,,,,,,,,,,,,,,,,,,,,,,p=gisolfo;n=di salerno,,,,,,,,,,,,,Gisulf_of_Salerno_(1),,Salerno-36,
Q147883,Q124473154,,,,,,,,,,,,,,,,,,,,,,,,,,,,,p=rotilda;n=di salerno,,,,,,,,,,,,,,,,
Q147885,Q2423073,,,,,,,,,,,,,,,,,,,,,,,,,,,,,,,,,,,,,,,,,,,,,
Q147887,Q2601706,,,,,,,,,,,,,,,,,,,,,,,,,,,,,p=orso;n=di benevento;oc=1,,,,,,,,,,,,,,,Benevento-30,
Q147889,Q116474013,,,,,,,,,,,,,,,,,,,,,,,,,,,447805,,p=ioannes;n=dei crescenzi,,,,,,,,,,,,,,,,I00442544
Q147891,Q181952,,,,,,,,,,,,,,,,,,,,,,,,,,,447801,,p=giovanni;n=dei crescenzi,,,,,,,,,,,,,,,Crescenzi-81,I00442496
Q147893,Q320414,,,,,,,,,,,,,,,,,,,,,,,,,,,,,p=crescentius;n=dei crescenzi,,,,,,,,,,,,,,,,
Q147895,Q172424,,,,,,,,,,,,,,,,,,,,,,,,,,,447585,,p=sergio;n=di benedetto,,,,,,,,,,,,,,,Rome-210,I00442508
Q147897,Q3088386,,,,,,,,,,,,,,,,,,,,,,,,,,,,,p=fromond;n=de sens;oc=2,,,,,,,,,,,,,,,Sens-8,I00020662
Q147899,Q76101984,,,,,,,,,,,,,,,,,,,,,,,,,,,,,,,,,,,,,,,,,p53187.htm#i531864,,,,
Q147902,Q61466061,,,,,,,,,,,,,,,,,,,,,,,,,,,,,,,,,,,,,,,,,,,,,I00215849
Q147904,Q125542279,,,,,,,,,,,,,,,,,,,,,,,,,,,,,,,,,,,,,,,,,,,,,
Q147906,Q1269166,,,,,,,,,,,,,,,,,,,,,,,,,,,,,,,,,,,,,,,,,,Stephen_I_of_Constantinople_(1),,,
Q147908,Q17322879,,,,,,,,,,,,,,,,,,,,,,,,person/25474781-FCD8-4DDE-B62B-FA7A9B5F92CB,,,,,,,,,,,,,,,,,,,,,I00270659
Q147910,Q116471974,,,,,,,,,,,,,,,,,,,,,,,,,,,,,,,,,,,,,,,,,,,,,I00270653
Q147912,Q512325,,,,,,,,,,,,,,,,,,,,,,,,,,,,,p=fulco;n=.,,,,,,,,,,,,,,,,
Q147916,Q76300081,,,,,,,,,,,,,,,,,,,,,,,,,,,,,,,,,,,,,,,,,p67272.htm#i672719,,,,
Q147918,Q76298637,,,,,,,,,,,,,,,,,,,,,,,,,,,,,,,,,,,,,,,,,p67167.htm#i671664,,,,
Q147920,Q76300055,,,,,,,,,,,,,,,,,,,,,,,,,,,,,,,,,,,,,,,,,p67270.htm#i672699,,,,
Q147922,Q10330024,,,,,,,,,,,,,,,,,,,,,,,,,,,306150,,p=miles;n=de chatillon,,,,,,,,,,,,,Milo_Chatillon_(1),,Châtillon-27,I00027537
Q147924,Q30578,,,,,,,,,,8200559,,,dechatillone,,,,,,,,,,,person/A7129568-7128-4DE6-B740-FC8F9284586E,,,,,p=eudes;n=de chatillon,,,,,,,,,,,,,Urban_Unknown_(1),,,I00027538
Q147926,Q97649569,,,,,,,,,,,,,,,,,,,,,,,,,,,,,,,,,,,,,,,,,,,,,
Q147928,Q76300688,,,,,,,,,,,,,,,,,,,,,,,,,,,,,,,,,,,,,,,,,p67320.htm#i673194,,,,
Q147930,Q76299762,,,,,,,,,,,,,,,,,,,,,,,,,,,,,,,,,,,,,,,,,p67245.htm#i672450,,,,
Q147932,Q62691886,,,,,,,,,,,,,,,,,,,,,,,,,,,,,,,,,,,,,,,,,p67216.htm#i672152,,,,
Q147934,Q76300041,,,,,,,,,,,,,,,,,,,,,,,,,,,,,,,,,,,,,,,,,p67269.htm#i672689,,,,
Q147936,Q76300059,,,,,,,,,,,,,,,,,,,,,,,,,,,,,,,,,,,,,,,,,p67271.htm#i672702,,,,
Q147938,Q76300085,,,,,,,,,,,,,,,,,,,,,,,,,,,,,,,,,,,,,,,,,p67273.htm#i672722,,,,
Q147940,Q76300116,,,,,,,,,,,,,,,,,,,,,,,,,,,,,p=wilibrige;n=von tretten,,,,,,,,,,,,p67275.htm#i672744,,,,
Q147942,Q76300118,,,,,,,,,,,,,,,,,,,,,,,,,,,,,,,,,,,,,,,,,,,,,
Q147944,Q76300678,,,,,,,,,,,,,,,,,,,,,,,,,,,,,,,,,,,,,,,,,p67319.htm#i673187,,,,
Q147946,Q76300698,,,,,,,,,,,,,,,,,,,,,,,,,,,,,,,,,,,,,,,,,p67320.htm#i673200,,,,
Q147948,Q76300748,,,,,,,,,,,,,,,,,,,,,,,,,,,,,,,,,,,,,,,,,p67324.htm#i673235,,,,
Q147950,Q76300730,,,,,,,,,,,,,,,,,,,,,,,,,,,,,,,,,,,,,,,,,p67323.htm#i673223,,,,
Q147952,Q110571204,,,,,,,,,,,,,,,,,,,,,,,,,,,,,,,,,,,,,,,,,,,,,I00108783
Q147954,Q76300690,,,,,,,,,,,,,,,,,,,,,,,,,,,,,,,,,,,,,,,,,p67320.htm#i673195,,,,I00108930
Q147956,Q76300732,,,,,,,,,,,,,,,,,,,,,,,,,,,,,,,,,,,,,,,,,p67323.htm#i673224,,,,
Q147958,Q76300765,,,,,,,,,,,,,,,,,,,,,,,,,,,,,,,,,,,,,,,,,p67325.htm#i673247,,,,
Q147960,Q76300039,,,,,,,,,,,,,,,,,,,,,,,,,,,,,p=ne;n=von veringen,,,,,,,,,,,,p67269.htm#i672687,,,Veringen-1,I00197480
Q147962,Q76300067,,,,,,,,,,,,,,,,,,,,,,,,,,,,,,,,,,,,,,,,,p67271.htm#i672709,,,,
Q147964,Q59421454,,,,,,,,,,,,,,,,,,,,,,,,,,,,,,,,,,,,,,,,,p67258.htm#i672573,,,,I00112640
Q147966,Q99210489,,,,,,,,,,,,,,,,,,,,,,,,,,,,,p=ne;n=n;oc=14305,,,,,,,,,,,,,,,,I00434191
Q147968,Q76300038,,,,,,,,,,,,,,,,,,,,,,,,,,,,,,,,,,,,,,,,,p67269.htm#i672686,,,,
Q147970,Q61139384,,,,,,,,,,,,,,,,,,,,,,,,,,,1248365,,p=manegold;n=von nellenburg,,,,,,,,,,,,p67276.htm#i672752,,,Of_Nellenburg-3,I00174758
Q147972,Q76300795,,,,,,,,,,,,,,,,,,,,,,,,,,,,,,,,,,,,,,,,,p67328.htm#i673271,,,,
Q147974,Q110570675,,,,,,,,,,,,,,,,,,,,,,,,,,,,,p=clementa;n=von kyburg,,,,,,,,,,,,,,,Kyburg-11,I00108803
Q147976,Q18625792,,,,,,,,,,,,,,,,,,,,,,,,,,,828900,,p=hugo;n=von montfort;oc=10,,,,,,,,,,,,,Hugo_von_Werdenberg_(1),,,I00106408
Q147978,Q1587290,,,,,,,,,,,,,,,,,,,,,,,,,,,,,p=hartmann;n=von montfort,,,,,,,,,,,,p64708.htm#i647074,,,Werdenberg-Sargans-5,I00108807
Q147980,Q110378098,,,,,,,,,,,,,,,,,,,,,,,,,,,913486,,p=elisabeth;n=von burgau,,,,,,,,,,,,,,,Von_Burgau-1,I00107925
Q147982,Q93520931,,,,,,,,,,,,,,,,,,,,,,,,,,,913483,,p=hugo;n=von montfort;oc=8,,,,,,,,,,,,,,,,I00107922
Q147984,Q66115749,,,,,,,,,,,,,,,,,,,,,,,,,,,,,p=ulrich;n=von montfort;oc=3,,,,,,,,,,,,,,,,I00109239
Q147986,Q1463894,,,,,,,,,,,,,,,,,,,,,,,,,,,,,,,,,,,,,,,,,,,,,
Q147988,Q2173035,,,,,,,,,,,,,,,,,,,,,,,,,,,913493,,p=rudolf;n=von montfort,,,,,,,,,,,,,,,Montfort-Feldkirch-2,I00112574
Q147990,Q61141012,,,,,,,,,,,,,,,,,,,,,,,,,,,,,p=konrad;n=von kyrburg,,,,,,,,,,,,,,,Wildgraf-1,I00164597
Q147992,Q116004942,,,,,,,,,,,,,,,,,,,,,,,,,,,,,p=gisela;n=von saarbrucken,,,,,,,,,,,,,,,Saarbrücken-15,I00164598
Q147994,Q63030114,,,,,,,,,,,,,,,,,,,,,,,,,,,,,,,,,,,,,,,,,,,,,I00200750
Q147996,Q108838900,,,,,,,,,,,,,,,,,,,,,,,,,,,,,,,,,,,,,,,,,,,,,I00200751
Q147998,Q110603927,,,,,,,,,,,,,,,,,,,,,,,,,,,,,p=ormunda;n=von vinstingen,,,,,,,,,,,,,,,,I00164704
Q148000,Q110153590,,,,,,,,,,,,,,,,,,,,,,,,,,,,,p=friedrich;n=von kyrburg,,,,,,,,,,,,,,,,I00107615
Q148002,Q116032854,,,,,,,,,,,,,,,,,,,,,,,,,,,,,p=anna;n=von kyrburg,,,,,,,,,,,,,,,,I00118962
Q148003,Q76299649,,,,,,,,,,,,,,,,,,,,,,,,,,,,,p=gertrud;n=von dicke,,,,,,,,,,,,p67235.htm#i672350,,,,I00200741
Q148004,Q76300207,,,,,,,,,,,,,,,,,,,,,,,,,,,,,p=bertha;n=von rappoltstein,,,,,,,,,,,,p67283.htm#i672827,,,,I00200742
Q148005,Q64854641,,,,,,,,,,,,,,,,,,,,,,,,,,,,,p=johann;n=von werd,,,,,,,,,,,,,,,,I00650233
Q148006,Q116005603,,,,,,,,,,,,,,,,,,,,,,,,,,,913526,,p=susanna;n=von werd,,,,,,,,,,,,,,,Werde-1,I00650239
Q148007,Q60617549,,,,,,,,,,,,,,,,,,,,,,,,,,,,,p=ulrich;n=von werd,,,,,,,,,,,,,,,,I00200417
Q148008,Q23060885,,,,,,,,,,,,,,,,,,,,,,,,,,,,,p=philipp;n=von falkenstein;oc=3,,,,,,,,,,,,,,,,I00125296
Q148009,Q116004862,,,,,,,,,,,,,,,,,,,,,,,,,,,,,,,,,,,,,,,,,,,,,I00198151
Q148010,Q23060905,,,,,,,,,,,,,,,,,,,,,,,,,,,,,p=philipp;n=von+falkenstein;oc=2,,,,,,,,,,,,p147.htm#i1468,,,,I00026950
Q148011,Q23060901,,,,,,,,,,,,,,,,,,,,,,,,,,,,,,,,,,,,,,,,,,,,,
Q148012,Q55532237,,,,,,,,,,,,,,,,,,,,,,,,,,,,,,,,,,,,,,,,,,,,,I00026152
Q148013,Q55531266,,,,,,,,,,,,,,,,,,,,,,,,,,,,,,,,,,,,,,,,,p11717.htm#i117169,,,,
Q148014,Q119798548,,,,,,,,,,,,,,,,,,,,,,,,,,,,,,,,,,,,,,,,,,,,,
Q148015,Q361276,,,,,,,,,,,,,,,,,,,,,,,,,,,168550,,,,,,,,,,,,,,,Aspar_(1),,,
Q148016,Q931900,,,,,,,,,,,,,,,,,,,,,,,,,,,970666,,p=alfred;n=of bamburgh,,,,,,,,,,,,p15034.htm#i150337,Ealdred_Unknown_(1),,Eadwulf-3,I00435082
Q148017,Q76186271,,,,,,,,,,,,,,,,,,,,,,,,,,,,,,,,,,,,,,,,,p58995.htm#i589946,,,,
Q148018,Q76186272,,,,,,,,,,,,,,,,,,,,,,,,,,,,,,,,,,,,,,,,,p58995.htm#i589947,,,,
Q148019,Q76186275,,,,,,,,,,,,,,,,,,,,,,,,,,,,,,,,,,,,,,,,,p58995.htm#i589948,,,,
Q148020,Q76186279,,,,,,,,,,,,,,,,,,,,,,,,,,,,,,,,,,,,,,,,,p58996.htm#i589951,,,De_Swinton-3,
Q148021,Q2406006,,,,,,,,,,,,,,,,,,,,,,,,,,,,,,,,,,,,,,,,,,,,,
Q148022,Q2713411,,,,,,,,,,,,,,,,,,,,,,,,,,,401258,,,,,,,,,,,,,,,,,,
Q148023,Q1243557,,,,,,,,,,,,,,,,,,,,,,,,,,,,,,,,,,,,,,,,,,,,,
Q148024,Q361357,,,,,,,,,,,,,,,,,,,,,,,,,,,,,,,,,,,,,,,,,,,,,
Q148025,Q3071926,,,,,,,,,,,,,,,,,,,,,,,,,,,401212,,,,,,,,,,,,,,,,,,I00736386
Q148026,Q3060389,,alvin-person:51960,,,,,,,,,,,,,,,,,,,,,,,,,401210,,,,,,,,,,,,,,,,,,I00736387
Q148027,Q324602,,,,,,,,,,,,,,,,,,,,,,,,,,,86116,,,,,,,,,,,,,,,,,,
Q148028,Q4416740,,,,,,,,,,,,,,,,,,,,,,,,,,,,,,,,,,,,,,,,,,,,,
Q148029,Q3480956,,,,,,,,,,,,,,,,,,,,,,,,,,,,,,,,,,,,,,,,,,,,,
Q148030,Q708263,,,,,,,,,,,,,,,,,,,,,,,,,,,167466,,,,,,,,,,,,,,,Gnaeus_Domitius_Ahenobarbus_(consul_192_BC)_(1),,,I00735891
Q148031,Q12096298,,,,,,,,,,,,,,,,,,,,,,,,,,,,,,,,,,,,,,,,,,,,,
Q148032,Q446819,,,,,,,,,,,,,,,,,,,,,,,,,,,,,,,,,,,,,,,,,,,,,I00801014
Q148033,Q720844,,,,,,,,,,,,,,,,,,,,,,,,,,,,,,,,,,,,,,,,,,,,,I00801023
Q148034,Q21517620,,,,,,,,,,,,,,,,,,,,,,,,,,,,,,,,,,,,,,,,,,,,,
Q148035,Q502900,,,,,,,,,,,,,,,,,,,,,,,,,,,165702,,,,,,,,,,,,,,,,,,I00738416
Q148036,Q710489,,,,,,,,,,,,,,,,,,,,,,,,,,,,,,,,,,,,,,,,,,,,,I00738417
Q148037,Q943702,,,,,,,,,,,,,,,,,,,,,,,,,,,1465094,,,,,,,,,,,,,,,,,,
Q148038,Q721938,,,,,,,,,,,,,,,,,,,,,,,,,,,,,,,,,,,,,,,,,,,,,
Q148039,Q1496986,,,,,,,,,,,,,,,,,,,,,,,,,,,1465096,,,,,,,,,,,,,,,,,,
Q148040,Q3656115,,,,,,,,,,,,,,,,,,,,,,,,,,,,,,,,,,,,,,,,,,,,,I00735897
Q148041,Q730479,,,,,,,,,,,,,,,,,,,,,,,,,,,,,,,,,,,,,,,,,,,,,
Q148042,Q1371755,,,,,,,,,,,,,,,,,,,,,,,,,,,1465137,,,,,,,,,,,,,,,,,,
Q148043,Q2005427,,,,,,,,,,,,,,,,,,,,,,,,,,,1465140,,,,,,,,,,,,,,,,,,
Q148044,Q947137,,,,,,,,,,,,,,,,,,,,,,,,,,,1465098,,,,,,,,,,,,,,,,,,
Q148045,Q1873583,,,,,,,,,,,,,,,,,,,,,,,,,,,1465144,,,,,,,,,,,,,,,,,,
Q148046,Q12129786,,,,,,,,,,,,,,,,,,,,,,,,,,,1465141,,,,,,,,,,,,,,,,,,
Q148047,Q2116456,,,,,,,,,,,,,,,,,,,,,,,,,,,1465136,,,,,,,,,,,,,,,,,,
Q148048,Q935520,,,,,,,,,,,,,,,,,,,,,,,,,,,,,,,,,,,,,,,,,,,,,
Q148049,Q441818,,,,,,,,,,,,,,,,,,,,,,,,,,,,,,,,,,,,,,,,,,,,,
Q148050,Q5759145,,,,,,,,,,,,,,,,,,,,,,,,,,,,,,,,,,,,,,,,,,,,,
Q148051,Q7123156,,,,,,,,,,,,,,,,,,,,,,,,,,,,,,,,,,,,,,,,,,,,,
Q148052,Q106042353,,,,,,,,,,,,,,,,,,,,,,,,,,,,,,,,,,,,,,,,,,,,,
Q148053,Q561677,,,,,,,,,,,,,,,,,,,,,,,,,,,,,,,,,,,,,,,,,,,,,
Q148054,Q11033918,,,,,,,,,,,,,,,,,,,,,,,,,,,,,,,,,,,,,,,,,,,,,
Q148055,Q20101780,,,,,,,,,,,,,,,,,,,,,,,,,,,,,,,,,,,,,,,,,,,,,
Q148056,Q20102191,,,,,,,,,,,,,,,,,,,,,,,,,,,,,,,,,,,,,,,,,,,,,
Q148057,Q2253,,,,,,,,,,,,,,,,,,,,,,,,person/E9C2D107-12D1-4092-831A-87162C41C990,,,559905,,,,,,,,,,,,,,,Scipio_Africanus_(1),,,I00735495
Q148058,Q380862,,,,,,,,,,,,,,,,,,,,,,,,,,,,,,,,,,,,,,,,,,Aemilia_Tertia_(1),,,I00735496
Q148059,Q1241388,,,,,,,,,,,,,,,,,,,,,,,,,,,559909,,,,,,,,,,,,,,,,,,
Q148060,Q1680048,,,,,,,,,,,,,,,,,,,,,,,,,,,,,,,,,,,,,,,,,,Lucius_Cornelius_Scipio_(praetor)_(1),,,I00735990
Q148061,Q5171151,,,,,,,,,,,,,,,,,,,,,,,,,,,,,,,,,,,,,,,,,,Cornelia_Africana_Major_(1),,,I00735584
Q148062,Q11934195,,,,,,,,,,,,,,,,,,,,,,,,,,,,,,,,,,,,,,,,,,,,,
Q148063,Q2307,,,,,,,,,,,,,,,,,,,,,,,,,,,,,,,,,,,,,,,,,,Scipio_Aemilianus_(1),,,I00735625
Q148064,Q20005235,,,,,,,,,,,,,,,,,,,,,,,,,,,,,,,,,,,,,,,,,,,,,
Q148065,Q359810,,,,,,,,,,,,,,,,,,,,,,,,,,,412199,,,,,,,,,,,,,,,Lucius_Caecilius_Metellus_(consul_251_BC)_(1),,,I00733977
Q148066,Q897091,,,,,,,,,,,,,,,,,,,,,,,,,,,,,,,,,,,,,,,,,,,,,I00735440
Q148067,Q1159587,,,,,,,,,,,,,,,,,,,,,,,,,,,,,,,,,,,,,,,,,,,,,I00735439
Q148068,Q31193394,,,,,,,,,,,,,,,,,,,,,,,,,,,,,,,,,,,,,,,,,,,,,
Q148069,Q521460,,,,,,,,,,,,,,,,,,,,,,,,,,,1465022,,,,,,,,,,,,,,,,,,I00735459
Q148070,Q11024933,,,,,,,,,,,,,,,,,,,,,,,,,,,1465091,,,,,,,,,,,,,,,,,,
Q148071,Q285755,,,,,,,,,,,,,,,,,,,,,,,,,,,,,,,,,,,,,,,,,,Publius_Cornelius_Scipio_Nasica_Serapio_(consul_138_BC)_(1),,,I00735585
Q148072,Q107297026,,,,,,,,,,,,,,,,,,,,,,,,,,,,,,,,,,,,,,,,,,,,,
Q148073,Q114804117,,,,,,,,,,,,,,,,,,,,,,,,,,,,,,,,,,,,,,,,,,,,,
Q148074,Q114804326,,,,,,,,,,,,,,,,,,,,,,,,,,,,,,,,,,,,,,,,,,,,,
Q148075,Q1289292,,,,,,,,,,,,,,,,,,,,,,,,,,,,,,,,,,,,,,,,,,,,,
Q148076,Q5996354,,,,,,,,,,,,,,,,,,,,,,,,,,,1464980,,,,,,,,,,,,,,,,,,
Q148077,Q207370,,alvin-person:25740,,,,,,,,,,,,,,,,,,,,,,,,,1010724|933367,,,,,,,,,,,,,,,Gaius_Cassius_Longinus_(1),,,I00716805
Q148078,Q111288376,,,,,,,,,,,,,,,,,,,,,,,,,,,,,,,,,,,,,,,,,,,,,I00801062
Q148079,Q111287849,,,,,,,,,,,,,,,,,,,,,,,,,,,,,,,,,,,,,,,,,,,,,
Q148080,Q11016959,,,,,,,,,,,,,,,,,,,,,,,,,,,,,,,,,,,,,,,,,,,,,
Q148081,Q1225685,,,,,,,,,,,,,,,,,,,,,,,,,,,,,,,,,,,,,,,,,,,,,
Q148082,Q111419713,,,,,,,,,,,,,,,,,,,,,,,,,,,,,,,,,,,,,,,,,,,,,
Q148083,Q12290743,,,,,,,,,,,,,,,,,,,,,,,,,,,,,,,,,,,,,,,,,,,,,
Q148084,Q351771,,,,,,,,,,,,,,,,,,,,,,,,,,,,,,,,,,,,,,,,,,,,,I00736088
Q148085,Q1873521,,,,,,,,,,,,,,,,,,,,,,,,,,,,,,,,,,,,,,,,,,,,,
Q148086,Q107588135,,,,,,,,,,,,,,,,,,,,,,,,,,,,,,,,,,,,,,,,,,,,,
Q148087,Q107588243,,,,,,,,,,,,,,,,,,,,,,,,,,,,,,,,,,,,,,,,,,,,,
Q148088,Q1232914,,,,,,,,,,,,,,,,,,,,,,,,,,,,,,,,,,,,,,,,,,,,,
Q148089,Q11944257,,,,,,,,,,,,,,,,,,,,,,,,,,,,,,,,,,,,,,,,,,,,,I00735629
Q148090,Q947630,,,,,,,,,,,,,,,,,,,,,,,,,,,,,,,,,,,,,,,,,,,,,
Q148091,Q4281824,,,,,,,,,,,,,,,,,,,,,,,,,,,,,,,,,,,,,,,,,,,,,
Q148092,Q548539,,,,,,,,,,,,,,,,,,,,,,,,,,,,,,,,,,,,,,,,,,,,,
Q148093,Q256316,,,,,,,,,,,,,,,,,,,,,,,,,,,,,,,,,,,,,,,,,,,,,I00800995
Q148094,Q16203434,,,,,,,,,,,,,,,,,,,,,,,,,,,,,,,,,,,,,,,,,,Quintus_Marcius_Barea_Sura_(1),,,I00800934
Q148095,Q104869095,,,,,,,,,,,,,,,,,,,,,,,,,,,,,,,,,,,,,,,,,,,,,I00800935
Q148096,Q731059,,,,,,,,,,,,,,,,,,,,,,,,,,,414024,,,,,,,,,,,,,,,Marcia_Furnilla_(1),,,I00446815
Q148097,Q714856,,alvin-person:27250,,,,,,,,,,,,,,,,,,,,,,,,,,,,,,,,,,,,,,,,Marcus_Ulpius_Traianus_(1),,,I00446830
Q148098,Q237622,,,,,,,,,,,,,,,,,,,,,,,,person/c2a45096-f7a8-4b98-aed1-7a2b2b04e9b6,,,,,,,,,,,,,,,,,,Ulpia_Marciana_(1),,,I00446838
Q148099,Q4140663,,,,,,,,,,,,,,,,,,,,,,,,,,,,,,,,,,,,,,,,,,,,,
Q148100,Q4140662,,,,,,,,,,,,,,,,,,,,,,,,,,,,,,,,,,,,,,,,,,,,,
Q148101,Q12285202,,,,,,,,,,,,,,,,,,,,,,,,,,,,,,,,,,,,,,,,,,,,,
Q148102,Q4281786,,,,,,,,,,,,,,,,,,,,,,,,,,,,,,,,,,,,,,,,,,,,,
Q148103,Q106510599,,,,,,,,,,,,,,,,,,,,,,,,,,,,,,,,,,,,,,,,,,,,,
Q148104,Q312306,,,,,,,,,,,,,,,,,,,,,,,,,,,165475,,,,,,,,,,,,,,,,,,I00735961
Q148105,Q939045,,,,,,,,,,,,,,,,,,,,,,,,,,,164910,,,,,,,,,,,,,,,Quintus_Mucius_Scaevola_(1),,,I00736052
Q148106,Q6095299,,,,,,,,,,,,,,,,,,,,,,,,,,,,,,,,,,,,,,,,,,,,,
Q148107,Q531357,,,,,,,,,,,,,,,,,,,,,,,,,,,164909,,,,,,,,,,,,,,,Quintus_Mucius_Scaevola_(2),,,I00736251
Q148108,Q5876471,,,,,,,,,,,,,,,,,,,,,,,,,,,,,,,,,,,,,,,,,,,,,
Q148109,Q19715630,,,,,,,,,,,,,,,,,,,,,,,,,,,,,,,,,,,,,,,,,,,,,
Q148110,Q1275931,,,,,,,,,,,,,,,,,,,,,,,,,,,,,,,,,,,,,,,,,,,,,
Q148111,Q435163,,,,,,,,,,,,,,,,,,,,,,,,,,,1464996,,,,,,,,,,,,,,,,,,I00801064
Q148112,Q443983,,,,,,,,,,,,,,,,,,,,,,,,,,,1465008,,,,,,,,,,,,,,,,,,
Q148113,Q938378,,,,,,,,,,,,,,,,,,,,,,,,,,,,,,,,,,,,,,,,,,,,,
Q148114,Q12285168,,,,,,,,,,,,,,,,,,,,,,,,,,,,,,,,,,,,,,,,,,,,,
Q148115,Q1891525,,,,,,,,,,,,,,,,,,,,,,,,,,,,,,,,,,,,,,,,,,,,,
Q148116,Q11212527,,,,,,,,,,,,,,,,,,,,,,,,,,,,,,,,,,,,,,,,,,,,,
Q148117,Q1681770,,,,,,,,,,,,,,,,,,,,,,,,,,,,,,,,,,,,,,,,,,,,,
Q148118,Q512493,,,,,,,,,,,,,,,,,,,,,,,,,,,,,,,,,,,,,,,,,,,,,
Q148119,Q1275409,,,,,,,,,,,,,,,,,,,,,,,,,,,,,,,,,,,,,,,,,,,,,
Q148120,Q100721046,,,,,,,,,,,,,,,,,,,,,,,,,,,,,,,,,,,,,,,,,,,,,
Q148121,Q1500810,,,,,,,,,,,,,,,,,,,,,,,,,,,,,,,,,,,,,,,,,,,,,
Q148122,Q316054,,,,,,,,,,,,,,,,,,,,,,,,,,,412185,,,,,,,,,,,,,,,,,,
Q148123,Q20102096,,,,,,,,,,,,,,,,,,,,,,,,,,,,,,,,,,,,,,,,,,,,,
Q148124,Q25394012,,,,,,,,,,,,,,,,,,,,,,,,,,,,,,,,,,,,,,,,,,,,,
Q148125,Q11934146,,alvin-person:25712,,,,,,,,,,,,,,,,,,,,,,,,,,,,,,,,,,,,,,,,,,,
Q148126,Q108658820,,,,,,,,,,,,,,,,,,,,,,,,,,,,,,,,,,,,,,,,,,,,,
Q148127,Q2980800,,,,,,,,,,,,,,,,,,,,,,,,,,,,,,,,,,,,,,,,,,,,,I00800979
Q148128,Q662614,,,,,,,,,,,,,,,,,,,,,,,,,,,,,,,,,,,,,,,,,,,,,I00800978
Q148129,Q15711270,,,,,,,,,,,,,,,,,,,,,,,,,,,,,,,,,,,,,,,,,,,,,
Q148130,Q383846,,,,,,,,,,,,,,,,,,,,,,,,,,,,,,,,,,,,,,,,,,,,,
Q148131,Q130630096,,,,,,,,,,,,,,,,,,,,,,,,,,,,,,,,,,,,,,,,,,,,,
Q148132,Q6697635,,,,,,,,,,,,,,,,,,,,,,,,,,,,,,,,,,,,,,,,,,Lucius_Vipstanus_Claudius_Poplicola_Messalla_(1),,,
Q148133,Q180081,,alvin-person:55720,,,,,,,,,,,,,,,,,,,,,,person/03A928A3-9614-41EF-A2C5-96AF9A38CA6D,,,205225,,,,,,,,,,,,,,,Cato_the_Elder_(1),,,I00716786
Q148134,Q435959,,,,,,,,,,,,,,,,,,,,,,,,,,,,,,,,,,,,,,,,,,,,,I00716785
Q148135,Q1275684,,,,,,,,,,,,,,,,,,,,,,,,,,,,,,,,,,,,,,,,,,Marcus_Porcius_Cato_Licinianus_(1),,,I00716790
Q148136,Q1283595,,,,,,,,,,,,,,,,,,,,,,,,,,,1464964,,,,,,,,,,,,,,,,,,
Q148137,Q1669268,,,,,,,,,,,,,,,,,,,,,,,,,,,1465191,,,,,,,,,,,,,,,,,,
Q148138,Q3656287,,,,,,,,,,,,,,,,,,,,,,,,,,,,,,,,,,,,,,,,,,,,,
Q148139,Q1541,,alvin-person:29708,,,,,,,,,,,,,,,,,,,,,,person/9DC17EB2-A962-448F-BE6B-8FDBF3D74793,,,412151,,,,,,,,,,,,,,,,,,I00800996
Q148140,Q724735,,,,,,,,,,,,,,,,,,,,,,,,,,,412164,,,,,,,,,,,,,,,,,,I00801007
Q148141,Q12282690,,,,,,,,,,,,,,,,,,,,,,,,,,,,,,,,,,,,,,,,,,,,,
Q148142,Q535008,,,,,,,,,,,,,,,,,,,,,,,,,,,,,,,,,,,,,,,,,,Publius_Vitellius_the_Elder_(1),,,I00716748
Q148143,Q1219046,,,,,,,,,,,,,,,,,,,,,,,,,,,1465176,,,,,,,,,,,,,,,,,,
Q148144,Q1227318,,,,,,,,,,,,,,,,,,,,,,,,,,,,,,,,,,,,,,,,,,Publius_Vitellius_the_Younger_(1),,,
Q148145,Q659834,,,,,,,,,,,,,,,,,,,,,,,,,,,,,,,,,,,,,,,,,,,,,
Q148146,Q542643,,,,,,,,,,,,,,,,,,,,,,,,,,,,,,,,,,,,,,,,,,,,,
Q148147,Q260039,,,,,,,,,,,,,,,,,,,,,,,,,,,,,,,,,,,,,,,,,,Galeria_Fundana_(1),,,I00800941
Q148148,Q1216270,,,,,,,,,,,,,,,,,,,,,,,,,,,1465825,,,,,,,,,,,,,,,,,,
Q148149,Q662631,,alvin-person:26429,,,,,,,,,,,,,,,,,,,,,,,,,,,,,,,,,,,,,,,,,,,
Q148150,Q1226028,,,,,,,,,,,,,,,,,,,,,,,,,,,,,,,,,,,,,,,,,,,,,
Q148151,Q716731,,,,,,,,,,,,,,,,,,,,,,,,,,,,,,,,,,,,,,,,,,,,,
Q148152,Q12291702,,,,,,,,,,,,,,,,,,,,,,,,,,,,,,,,,,,,,,,,,,,,,
Q148153,Q20005583,,,,,,,,,,,,,,,,,,,,,,,,,,,,,,,,,,,,,,,,,,,,,
Q148154,Q108946525,,,,,,,,,,,,,,,,,,,,,,,,,,,,,,,,,,,,,,,,,,,,,I00801096
Q148155,Q108952951,,,,,,,,,,,,,,,,,,,,,,,,,,,,,,,,,,,,,,,,,,,,,
Q148156,Q108951902,,,,,,,,,,,,,,,,,,,,,,,,,,,,,,,,,,,,,,,,,,,,,
Q148157,Q1242026,,,,,,,,,,,,,,,,,,,,,,,,,,,,,,,,,,,,,,,,,,,,,
Q148158,Q12283343,,,,,,,,,,,,,,,,,,,,,,,,,,,,,,,,,,,,,,,,,,,,,
Q148159,Q1239465,,,,,,,,,,,,,,,,,,,,,,,,,,,,,,,,,,,,,,,,,,,,,
Q148160,Q11222454,,,,,,,,,,,,,,,,,,,,,,,,,,,,,,,,,,,,,,,,,,,,,
Q148161,Q784140,,,,,,,,,,,,,,,,,,,,,,,,,,,,,,,,,,,,,,,,,,,,,
Q148162,Q1227277,,,,,,,,,,,,,,,,,,,,,,,,,,,1465115,,,,,,,,,,,,,,,,,,
Q148163,Q12285180,,,,,,,,,,,,,,,,,,,,,,,,,,,,,,,,,,,,,,,,,,,,,
Q148164,Q100997698,,,,,,,,,,,,,,,,,,,,,,,,,,,,,,,,,,,,,,,,,,,,,
Q148165,Q1423,,alvin-person:26432,,,,,,,,34795131,,,,,,,,,,,,,,person/5582BD73-A4EC-4B06-9B5D-62DE60A0C333,,,414009,,,,,,,,,,,,,,,Domitian_(1),,Augustus-102,I00446817
Q148166,Q11934035,,,,,,,,,,,,,,,,,,,,,,,,,,,,,,,,,,,,,,,,,,,,,I00735528
Q148167,Q113057537,,,,,,,,,,,,,,,,,,,,,,,,,,,,,,,,,,,,,,,,,,,,,
Q148168,Q105611591,,,,,,,,,,,,,,,,,,,,,,,,,,,,,,,,,,,,,,,,,,,,,
Q148169,Q2274307,,,,,,,,,,,,,,,,,,,,,,,,,,,,,,,,,,,,,,,,,,,,,
Q148170,Q976168,,,,,,,,,,,,,,,,,,,,,,,,,,,,,,,,,,,,,,,,,,,,,I00801073
Q148171,Q112898417,,,,,,,,,,,,,,,,,,,,,,,,,,,,,,,,,,,,,,,,,,,,,
Q148172,Q112898462,,,,,,,,,,,,,,,,,,,,,,,,,,,,,,,,,,,,,,,,,,,,,I00800933
Q148173,Q5517422,,,,,,,,,,,,,,,,,,,,,,,,,,,,,,,,,,,,,,,,,,,,,
Q148174,Q1242043,,,,,,,,,,,,,,,,,,,,,,,,,,,,,,,,,,,,,,,,,,,,,
Q148175,Q12276074,,,,,,,,,,,,,,,,,,,,,,,,,,,,,,,,,,,,,,,,,,,,,
Q148176,Q25478264,,,,,,,,,,,,,,,,,,,,,,,,,,,,,,,,,,,,,,,,,,,,,
Q148177,Q12290745,,,,,,,,,,,,,,,,,,,,,,,,,,,,,,,,,,,,,,,,,,,,,
Q148178,Q537235,,,,,,,,,,,,,,,,,,,,,,,,,,,,,,,,,,,,,,,,,,Titus_Flavius_Sabinus_(2),,,I00446820
Q148179,Q108794871,,,,,,,,,,,,,,,,,,,,,,,,,,,,,,,,,,,,,,,,,,,,,
Q148180,Q708570,,,,,,,,,,,,,,,,,,,,,,,,,,,,,,,,,,,,,,,,,,,,,
Q148181,Q8833,,,,,,,,,,,,,,,,,,,,,,,,,,,,,,,,,,,,,,,,,,,,,I00801090
Q148182,Q1159576,,,,,,,,,,,,,,,,,,,,,,,,,,,,,,,,,,,,,,,,,,,,,I00735642
Q148183,Q113626249,,,,,,,,,,,,,,,,,,,,,,,,,,,,,,,,,,,,,,,,,,,,,I00801074
Q148184,Q1136276,,,,,,,,,,,,,,,,,,,,,,,,,,,,,,,,,,,,,,,,,,,,,
Q148185,Q2671430,,,,,,,,,,,,,,,,,,,,,,,,,,,,,,,,,,,,,,,,,,,,,
Q148186,Q716708,,,,,,,,,,,,,,,,,,,,,,,,,,,,,,,,,,,,,,,,,,,,,
Q148187,Q12295763,,,,,,,,,,,,,,,,,,,,,,,,,,,,,,,,,,,,,,,,,,,,,
Q148188,Q343804,,,,,,,,,,,,,,,,,,,,,,,,,,,,,,,,,,,,,,,,,,,,,
Q148189,Q1028637,,,,,,,,,,,,,,,,,,,,,,,,,,,,,,,,,,,,,,,,,,,,,
Q148190,Q12286097,,,,,,,,,,,,,,,,,,,,,,,,,,,,,,,,,,,,,,,,,,,,,
Q148191,Q1424,,alvin-person:26415,,,,,,,,33996359,,,,,,,,,,,,,,person/6709E280-7CDA-4B3F-9836-1092F23F4901,,,,,,,,,,,,,,,,,,,,,I00446828
Q148192,Q17417188,,,,,,,,,,,,,,,,,,,,,,,,,,,,,,,,,,,,,,,,,,,,,
Q148193,Q112865335,,,,,,,,,,,,,,,,,,,,,,,,,,,,,,,,,,,,,,,,,,,,,
Q148194,Q12275977,,,,,,,,,,,,,,,,,,,,,,,,,,,,,,,,,,,,,,,,,,,,,
Q148195,Q12282847,,,,,,,,,,,,,,,,,,,,,,,,,,,,,,,,,,,,,,,,,,,,,
Q148196,Q262368,,,,,,,,,,,,,,,,,,,,,,,,,,,,,,,,,,,,,,,,,,Salonina_Matidia_(1),,Matidia-1,I00446842
Q148197,Q16932686,,,,,,,,,,,,,,,,,,,,,,,,,,,,,,,,,,,,,,,,,,,,,
Q148198,Q6658867,,,,,,,,,,,,,,,,,,,,,,,,,,,,,,,,,,,,,,,,,,,,,
Q148199,Q92430378,,,,,,,,,,,,,,,,,,,,,,,,,,,,,,,,,,,,,,,,,,,,,
Q148200,Q19714893,,,,,,,,,,,,,,,,,,,,,,,,,,,,,,,,,,,,,,,,,,,,,
Q148201,Q20005542,,,,,,,,,,,,,,,,,,,,,,,,,,,,,,,,,,,,,,,,,,,,,
Q148202,Q75826,,,,,,,,,,,,,,,,,,,,,,,,,,,,,,,,,,,,,,,,,,,,,
Q148203,Q955339,,,,,,,,,,,,,,,,,,,,,,,,,,,164908,,,,,,,,,,,,,,,,,,I00736250
Q148204,Q12284766,,,,,,,,,,,,,,,,,,,,,,,,,,,,,,,,,,,,,,,,,,,,,I00736252
Q148205,Q12282828,,,,,,,,,,,,,,,,,,,,,,,,,,,,,,,,,,,,,,,,,,,,,
Q148206,Q20005554,,,,,,,,,,,,,,,,,,,,,,,,,,,,,,,,,,,,,,,,,,,,,
Q148207,Q12296374,,,,,,,,,,,,,,,,,,,,,,,,,,,,,,,,,,,,,,,,,,,,,
Q148208,Q11934044,,,,,,,,,,,,,,,,,,,,,,,,,,,,,,,,,,,,,,,,,,,,,I00736004
Q148209,Q3655332,,,,,,,,,,,,,,,,,,,,,,,,,,,,,,,,,,,,,,,,,,,,,
Q148210,Q319561,,,,,,,,,,,,,,,,,,,,,,,,,,,,,,,,,,,,,,,,,,,,,
Q148211,Q776877,,,,,,,,,,,,,,,,,,,,,,,,,,,,,,,,,,,,,,,,,,,,,I00735952|I00800989
Q148212,Q3656043,,,,,,,,,,,,,,,,,,,,,,,,,,,,,,,,,,,,,,,,,,,,,
Q148213,Q955356,,,,,,,,,,,,,,,,,,,,,,,,,,,,,,,,,,,,,,,,,,,,,I00800990
Q148214,Q3656193,,,,,,,,,,,,,,,,,,,,,,,,,,,,,,,,,,,,,,,,,,,,,
Q148215,Q638631,,,,,,,,,,,,,,,,,,,,,,,,,,,,,,,,,,,,,,,,,,,,,
Q148216,Q12272324,,,,,,,,,,,,,,,,,,,,,,,,,,,,,,,,,,,,,,,,,,,,,
Q148217,Q11935175,,,,,,,,,,,,,,,,,,,,,,,,,,,,,,,,,,,,,,,,,,,,,
Q148218,Q20101577,,,,,,,,,,,,,,,,,,,,,,,,,,,,,,,,,,,,,,,,,,,,,
Q148219,Q121301075,,,,,,,,,,,,,,,,,,,,,,,,,,,,,,,,,,,,,,,,,,,,,
Q148220,Q389950,,,,,,,,,,,,,,,,,,,,,,,,,,,1465193,,,,,,,,,,,,,,,,,,
Q148221,Q1275953,,,,,,,,,,,,,,,,,,,,,,,,,,,,,,,,,,,,,,,,,,,,,
Q148222,Q241210,,,,,,,,,,,,,,,,,,,,,,,,,,,498315,,,,,,,,,,,,,,,,,,
Q148223,Q11937080,,,,,,,,,,,,,,,,,,,,,,,,,,,,,,,,,,,,,,,,,,,,,
Q148224,Q523301,,,,,,,,,,,,,,,,,,,,,,,,person/0c26902d-097d-45ea-9490-b8491e034de1,,,,,,,,,,,,,,,,,,,,,
Q148225,Q3851534,,,,,,,,,,,,,,,,,,,,,,,,,,,,,,,,,,,,,,,,,,,,,
Q148226,Q530576,,,,,,,,,,,,,,,,,,,,,,,,,,,626213,,,,,,,,,,,,,,,,,,
Q148227,Q359679,,,,,,,,,,,,,,,,,,,,,,,,,,,156373,,,,,,,,,,,,,,,Aristobulus_II_(1),,,I00738007
Q148228,Q112607050,,,,,,,,,,,,,,,,,,,,,,,,,,,,,,,,,,,,,,,,,,,,,I00738021
Q148229,Q359687,,,,,,,,,,,,,,,,,,,,,,,,,,,,,,,,,,,,,,,,,,Antigonus_II_Mattathias_(1),,,I00738008
Q148230,Q9146474,,,,,,,,,,,,,,,,,,,,,,,,,,,,,,,,,,,,,,,,,,,,,
Q148231,Q359684,,,,,,,,,,,,,,,,,,,,,,,,,,,597645,,,,,,,,,,,,,,,Hyrcanus_II_(1),,,I00736485
Q148232,Q112607047,,,,,,,,,,,,,,,,,,,,,,,,,,,,,,,,,,,,,,,,,,,,,I00738729
Q148233,Q9146808,,,,,,,,,,,,,,,,,,,,,,,,,,,,,,,,,,,,,,,,,,,,,I00738014
Q148234,Q11751806,,,,,,,,,,,,,,,,,,,,,,,,,,,,,,,,,,,,,,,,,,,,,I00738013
Q148235,Q327845,,,,,,,,,,,,,,,,,,,,,,,,,,,,,,,,,,,,,,,,,,,,,
Q148236,Q59884197,,,,,,,,,,,,,,,,,,,,,,,,,,,,,,,,,,,,,,,,,,,,,
Q148237,Q7489317,,,,,,,,,,,,,,,,,,,,,,,,,,,,,,,,,,,,,,,,,,,,,
Q148238,Q881103,,,,,,,,,,,,,,,,,,,,,,,,,,,,,,,,,,,,,,,,,,,,,
Q148239,Q544909,,,,,,,,,,,,,,,,,,,,,,,,,,,,,,,,,,,,,,,,,,,,,
Q148240,Q5517447,,,,,,,,,,,,,,,,,,,,,,,,,,,,,,,,,,,,,,,,,,,,,
Q148241,Q12299531,,,,,,,,,,,,,,,,,,,,,,,,,,,,,,,,,,,,,,,,,,,,,
Q148242,Q5517418,,,,,,,,,,,,,,,,,,,,,,,,,,,,,,,,,,,,,,,,,,,,Heliodorus-1,I00735533
Q148243,Q299291,,,,,,,,,,,,,,,,,,,,,,,,,,,,,,,,,,,,,,,,,,,,Cassius-1,I00735534
Q148244,Q111905100,,,,,,,,,,,,,,,,,,,,,,,,,,,,,,,,,,,,,,,,,,,,,
Q148245,Q5517440,,,,,,,,,,,,,,,,,,,,,,,,,,,,,,,,,,,,,,,,,,,,Bassus-4,
Q148246,Q25668665,,,,,,,,,,,,,,,,,,,,,,,,,,,,,,,,,,,,,,,,,,,,,
Q148247,Q2420409,,,,,,,,,,,,,,,,,,,,,,,,,,,,,,,,,,,,,,,,,,,,,
Q148248,Q796807,,,,,,,,,,,,,,,,,,,,,,,,,,,,,,,,,,,,,,,,,,,,,
Q148249,Q4089480,,,,,,,,,,,,,,,,,,,,,,,,,,,,,,,,,,,,,,,,,,,,,
Q148255,Q76300511,,,,,,,,,,,,,,,,,,,,,,,,,,,,,,,,,,,,,,,,,p67307.htm#i673068,,,,
Q148256,Q76300886,,,,,,,,,,,,,,,,,,,,,,,,,,,,,,,,,,,,,,,,,p67334.htm#i673336,,,,
Q148257,Q76300885,,,,,,,,,,,,,,,,,,,,,,,,,,,,,,,,,,,,,,,,,p67334.htm#i673335,,,,
Q148258,Q76300590,,,,,,,,,,,,,,,,,,,,,,,,,,,,,,,,,,,,,,,,,p67313.htm#i673126,Hiltrud_Unknown_(1),,,
Q148259,Q76299370,,,,,,,,,,,,,,,,,,,,,,,,,,,,,,,,,,,,,,,,,p67215.htm#i672141,,,,
Q148260,Q76299371,,,,,,,,,,,,,,,,,,,,,,,,,,,,,,,,,,,,,,,,,p67215.htm#i672142,,,,
Q148261,Q76299372,,,,,,,,,,,,,,,,,,,,,,,,,,,,,,,,,,,,,,,,,p67215.htm#i672143,,,,
Q148262,Q76299374,,,,,,,,,,,,,,,,,,,,,,,,,,,,,,,,,,,,,,,,,p67215.htm#i672144,,,,
Q148263,Q76299377,,,,,,,,,,,,,,,,,,,,,,,,,,,,,,,,,,,,,,,,,p67215.htm#i672146,,,,
Q148264,Q76300699,,,,,,,,,,,,,,,,,,,,,,,,,,,,,,,,,,,,,,,,,p67321.htm#i673201,,,,
Q148265,Q76300753,,,,,,,,,,,,,,,,,,,,,,,,,,,,,,,,,,,,,,,,,p67324.htm#i673239,,,,
Q148266,Q48000,,,,,,,,,,,,,,,,,,,,,,,,,,,,,,,,,,,,,,,,,,,,,
Q148267,Q76299387,,,,,,,,,,,,,,,,,,,,,,,,,,,,,,,,,,,,,,,,,p67216.htm#i672153,,,,
Q148268,Q1271942,,,,,,,,,,,,,,,,,,,,,,,,,,,151093,,,,,,,,,,,,,,,Fíacha_Sroiptine_(1),,Srabhteine-3,
Q148269,Q1281243,,,,,,,,,,,,,,,,,,,,,,,,,,,87861,,,,,,,,,,,,,,p15005.htm#i150050,Ailill_Molt_(1),,Mac_Nath_Í-1,
Q148270,Q961521,,,,,,,,,,,,,,,,,,,,,,,,,,,88287,,,,,,,,,,,,,,p15008.htm#i150071,Áed_Sláine_(1),,Mac_Diarmato-2,
Q148271,Q16912919,,,,,,,,,,,,,,,,,,,,,,,,,,,,,p=colman beg mar;n=mac diarmato,,,,,,,,,,,,p15011.htm#i150103,,,Mac_Diarmata-3,
Q148272,Q3683318,,,,,,,,,,,,,,,,,,,,,,,,,,,,,,,,,,,,,,,,,p28411.htm#i284105,Colmán_Bec_(1),,Mac_Diarmat-1,
Q148273,Q1274128,,,,,,,,,,,,,,,,,,,,,,,,,,,87880,,,,,,,,,,,,,,p15007.htm#i150063,Ainmuire_mac_Sétnai_(1),,Mac_Sétnai-1,
Q148274,Q76121879,,,,,,,,,,,,,,,,,,,,,,,,,,,,,,,,,,,,,,,,,p54611.htm#i546105,,,,
Q148275,Q76121881,,,,,,,,,,,,,,,,,,,,,,,,,,,,,,,,,,,,,,,,,p54611.htm#i546106,,,,
Q148276,Q76121883,,,,,,,,,,,,,,,,,,,,,,,,,,,,,,,,,,,,,,,,,p54611.htm#i546108,,,Taebfhoda-1,
Q148277,Q236326,,,,,,,,,,,,,,,,,,,,,,,,,,,87885,,,,,,,,,,,,,,p54611.htm#i546109,,,Mac_Feidlimid-4,
Q148278,Q1261185,,,,,,,,,,,,,,,,,,,,,,,,,,,87882,,,,,,,,,,,,,,p15007.htm#i150069,,,Mac_Ninnid-1,
Q148279,Q5444102,,,,,,,,,,,,,,,,,,,,,,,,,,,,,,,,,,,,,,,,,,,,,
Q148280,Q80507738,,,,,,,,,,,,,,,,,,,,,,,,,,,,,,,,,,,,,,,,,,,,,
Q148281,Q1274074,,,,,,,,,,,,,,,,,,,,,,,,,,,,,,,,,,,,,,,,,p15008.htm#i150074|p54613.htm#i546129,Máel_Coba_mac_Áedo_(1),,Mac_Áedo-5,
Q148282,Q1154349,,,,,,,,,,,,,,,,,,,,,,,,,,,,,,,,,,,,,,,,,p15008.htm#i150080,Cellach_mac_Máele_Coba_(1),,Mac_Máele_Coba-1,
Q148283,Q76121918,,,,,,,,,,,,,,,,,,,,,,,,,,,,,,,,,,,,,,,,,p54614.htm#i546133,,,,
Q148284,Q1154334,,,,,,,,,,,,,,,,,,,,,,,,,,,,,,,,,,,,,,,,,p15011.htm#i150102,Áed_Allán_(1),,Mac_Fergaile-4,
Q148285,Q76121927,,,,,,,,,,,,,,,,,,,,,,,,,,,,,,,,,,,,,,,,,p54614.htm#i546140,,,Mac_Fergaile-6,
Q148286,Q116112775,,,,,,,,,,,,,,,,,,,,,,,,,,,,,,,,,,,,,,,,,,,,,I00318502
Q148287,Q116055612,,,,,,,,,,,,,,,,,,,,,,,,,,,,,,,,,,,,,,,,,,,,,I00775744
Q148288,Q126098955,,,,,,,,,,,,,,,,,,,,,,,,,,,,,,,,,,,,,,,,,,,,,
Q148289,Q3655752,,,,,,,,,,,,,,,,,,,,,,,,,,,414078,,,,,,,,,,,,,,,,,,I00800954
Q148290,Q105287788,,,,,,,,,,,,,,,,,,,,,,,,,,,,,,,,,,,,,,,,,,,,,
Q148291,Q16829185,,,,,,,,,,,,,,,,,,,,,,,,,,,,,,,,,,,,,,,,,,,,,
Q148292,Q1239611,,,,,,,,,,,,,,,,,,,,,,,,,,,,,,,,,,,,,,,,,,Titus_Pomponius_Proculus_Vitrasius_Pollio_(1),,,I00736115
Q148293,Q7937219,,,,,,,,,,,,,,,,,,,,,,,,,,,,,,,,,,,,,,,,,,Vitrasia_Faustina_(1),,,
Q148294,Q4687704,,,,,,,,,,,,,,,,,,,,,,,,,,,,,,,,,,,,,,,,,,,,,I00800936
Q148295,Q7879756,,,,,,,,,,,,,,,,,,,,,,,,,,,,,,,,,,,,,,,,,,,,,I00446834
Q148296,Q108316052,,,,,,,,,,,,,,,,,,,,,,,,,,,,,,,,,,,,,,,,,,,,,
Q148297,Q119854382,,,,,,,,,,,,,,,,,,,,,,,,,,,,,,,,,,,,,,,,,,,,,
Q148298,Q239448,,alvin-person:27270,,,,,,,,,,,,,,,,,,,,,,,,,,,,,,,,,,,,,,,,Pompeia_Plotina_(1),,,I00446833
Q148299,Q1234508,,,,,,,,,,,,,,,,,,,,,,,,,,,,,,,,,,,,,,,,,,,,,
Q148300,Q3769302,,,,,,,,,,,,,,,,,,,,,,,,,,,,,,,,,,,,,,,,,,,,,
Q148301,Q6697631,,,,,,,,,,,,,,,,,,,,,,,,,,,246085,,,,,,,,,,,,,,,,,,I00446841
Q148302,Q12285299,,,,,,,,,,,,,,,,,,,,,,,,,,,,,,,,,,,,,,,,,,,,,
Q148303,Q6697482,,,,,,,,,,,,,,,,,,,,,,,,,,,,,,,,,,,,,,,,,,,,,
Q148304,Q12277036,,,,,,,,,,,,,,,,,,,,,,,,,,,,,,,,,,,,,,,,,,,,,
Q148305,Q121074979,,,,,,,,,,,,,,,,,,,,,,,,,,,,,,,,,,,,,,,,,,,,,
Q148306,Q12291690,,,,,,,,,,,,,,,,,,,,,,,,,,,,,,,,,,,,,,,,,,,,,
Q148307,Q109791889,,,,,,,,,,,,,,,,,,,,,,,,,,,,,,,,,,,,,,,,,,,,,
Q148308,Q12291691,,,,,,,,,,,,,,,,,,,,,,,,,,,,,,,,,,,,,,,,,,,,,
Q148309,Q121270530,,,,,,,,,,,,,,,,,,,,,,,,,,,,,,,,,,,,,,,,,,,,,
Q148310,Q107638081,,,,,,,,,,,,,,,,,,,,,,,,,,,,,,,,,,,,,,,,,,,,,
Q148311,Q868066,,,,,,,,,,,,,,,,,,,,,,,,,,,,,,,,,,,,,,,,,,,,,
Q148312,Q107638264,,,,,,,,,,,,,,,,,,,,,,,,,,,,,,,,,,,,,,,,,,,,,
Q148313,Q85854004,,,,,,,,,,,,,,,,,,,,,,,,,,,,,,,,,,,,,,,,,,,,,
Q148314,Q11916322,,,,,,,,,,,,,,,,,,,,,,,,,,,,,,,,,,,,,,,,,,,,,I00736240
Q148315,Q3329226,,,,,,,,,,,,,,,,,,,,,,,,,,,,,,,,,,,,,,,,,,,,,
Q148316,Q1215819,,,,,,,,,,,,,,,,,,,,,,,,,,,,,,,,,,,,,,,,,,,,,
Q148317,Q121277090,,,,,,,,,,,,,,,,,,,,,,,,,,,,,,,,,,,,,,,,,,,,,
Q148318,Q333092,,,,,,,,,,,,,,,,,,,,,,,,,,,,,,,,,,,,,,,,,,,,,
Q148319,Q113226631,,,,,,,,,,,,,,,,,,,,,,,,,,,,,,,,,,,,,,,,,,,,,
Q148320,Q108540745,,,,,,,,,,,,,,,,,,,,,,,,,,,,,,,,,,,,,,,,,,,,,
Q148321,Q1782,,alvin-person:35017,,,,,,,,,,,,,,,,,,,,,,person/d587fc9c-a11f-49fb-891f-677a19e903af,,,487012,,,,,,,,,,,,,,,,,Gordianus_Sempronianus-1,I00716752
Q148322,Q1803,,alvin-person:35019,,,,,,,,,,,,,,,,,,,,,,person/8aa24045-64a3-470d-9b99-4b36758fe89e,,,,,,,,,,,,,,,,,,,,,I00717412
Q148323,Q443278,,,,,,,,,,,,,,,,,,,,,,,,,,,,,,,,,,,,,,,,,,,,,I00736236
Q148324,Q1234303,,,,,,,,,,,,,,,,,,,,,,,,,,,,,,,,,,,,,,,,,,Manius_Laberius_Maximus_(1),,,
Q148325,Q1225336,,,,,,,,,,,,,,,,,,,,,,,,,,,,,,,,,,,,,,,,,,,,,
Q148326,Q12276025,,,,,,,,,,,,,,,,,,,,,,,,,,,271028,,,,,,,,,,,,,,,,,,I00736201
Q148327,Q276309,,,,,,,,,,,,,,,,,,,,,,,,,,,351450,,,,,,,,,,,,,,,Sextus_Varius_Marcellus_(1),,,I00446880
Q148328,Q1446,,alvin-person:33862,,,,,,,,35109436,,,,,,,,,,,,,,person/8e45ab39-b22e-4ef8-aa68-834981d55aa8,,,351459,,,,,,,,,,,,,,,Caracalla_(1),,,I00446873
Q148329,Q232380,,,,,,,,,,,,,,,,,,,,,,,,person/16b1e804-021b-4601-9efc-3377fdc03845,,,351449,,,,,,,,,,,,,,,Julia_Soaemias_(1),,,I00446881
Q148330,Q107621858,,,,,,,,,,,,,,,,,,,,,,,,,,,,,,,,,,,,,,,,,,,,,
Q148331,Q1769,,alvin-person:34010,,,,,,,,35343418,,,,,,,,,,,,,,person/c8d33ce5-bbff-4707-af7b-fba15624d78a,,,933364,,,,,,,,,,,,,,,Alexander_Severus_(1),,,I00446889
Q148332,Q256015,,,,,,,,,,,,,,,,,,,,,,,,person/dc5ae49a-c708-4006-890d-ddd8e9731ef1,,,,,,,,,,,,,,,,,,,,,I00446884
Q148333,Q242457,,,,,,,,,,,,,,,,,,,,,,,,person/fc074585-0f21-4e05-861f-b7fc9d919604,,,,,,,,,,,,,,,,,,,,,I00446885
Q148334,Q1225048,,,,,,,,,,,,,,,,,,,,,,,,,,,,,,,,,,,,,,,,,,Flavius_Antiochianus_(1),,,
Q148335,Q107449236,,,,,,,,,,,,,,,,,,,,,,,,,,,,,,,,,,,,,,,,,,,,,
Q148336,Q632253,,,,,,,,,,,,,,,,,,,,,,,,,,,,,,,,,,,,,,,,,,,,,
Q148337,Q121301273,,,,,,,,,,,,,,,,,,,,,,,,,,,,,,,,,,,,,,,,,,,,,
Q148338,Q12286135,,,,,,,,,,,,,,,,,,,,,,,,,,,,,,,,,,,,,,,,,,,,,
Q148339,Q107401778,,,,,,,,,,,,,,,,,,,,,,,,,,,,,,,,,,,,,,,,,,,,,
Q148340,Q12285259,,,,,,,,,,,,,,,,,,,,,,,,,,,,,,,,,,,,,,,,,,,,,
Q148341,Q1227346,,,,,,,,,,,,,,,,,,,,,,,,,,,,,,,,,,,,,,,,,,Gaius_Septimius_Severus_Aper_(1),,,
Q148342,Q545857,,,,,,,,,,,,,,,,,,,,,,,,,,,,,,,,,,,,,,,,,,,,,
Q148343,Q737583,,,,,,,,,,,,,,,,,,,,,,,,,,,,,,,,,,,,,,,,,,,,,
Q148344,Q2520803,,,,,,,,,,,,,,,,,,,,,,,,,,,,,,,,,,,,,,,,,,,,,
Q148345,Q12296373,,,,,,,,,,,,,,,,,,,,,,,,,,,,,,,,,,,,,,,,,,,,,
Q148346,Q1812,,alvin-person:35025,,,,,,,,35410041,,,,,,,,,,,,,,person/6a7bafa7-fa78-4b5d-af70-e2ed6f887a0a,,,,,,,,,,,,,,,,,,,,,I00716755
Q148347,Q721898,,,,,,,,,,,,,,,,,,,,,,,,,,,,,,,,,,,,,,,,,,,,,
Q148348,Q12294118,,,,,,,,,,,,,,,,,,,,,,,,,,,,,,,,,,,,,,,,,,,,,
Q148349,Q1226472,,,,,,,,,,,,,,,,,,,,,,,,,,,382626,,,,,,,,,,,,,,,Pompeius_Probus_(1),,,
Q148350,Q24934688,,,,,,,,,,,,,,,,,,,,,,,,,,,,,,,,,,,,,,,,,,,,,
Q148351,Q3757287,,,,,,,,,,,,,,,,,,,,,,,,,,,,,,,,,,,,,,,,,,,,,
Q148352,Q1542104,,,,,,,,,,,,,,,,,,,,,,,,,,,,,,,,,,,,,,,,,,,,,
Q148353,Q24939756,,,,,,,,,,,,,,,,,,,,,,,,,,,,,,,,,,,,,,,,,,,,,
Q148354,Q24951273,,,,,,,,,,,,,,,,,,,,,,,,,,,,,,,,,,,,,,,,,,,,,
Q148355,Q7377963,,,,,,,,,,,,,,,,,,,,,,,,,,,,,,,,,,,,,,,,,,,,,
Q148356,Q312598,,,,,,,,,,,,,,,,,,,,,,,,,,,95998|1421183,,p=athanarico;n=wisigoths;oc=2,,,,,,,,,,,,,,,DeWisigothie-2|Visigoths-74,
Q148357,Q2830721,,,,,,,,,,,,,,,,,,,,,,,,,,,,,,,,,,,,,,,,,,,,,
Q148358,Q11165636,,,,,,,,,,,,,,,,,,,,,,,,,,,959007,,p=rocesthes;n=wisigoths,,,,,,,,,,,,,,,Visigoths-66,
Q148359,Q3898864,,,,,,,,,,,,,,,,,,,,,,,,,,,1078627,,,,,,,,,,,,,,,,,,
Q148361,Q110582740,,,,,,,,,,,,,,,,,,,,,,,,,,,,,,,,,,,,,,,,,,,,Ab_Ithel-5,I00757388
Q148362,Q112531524,,,,,,,,,,,,,,,,,,,,,,,,,,,,,,,,,,,,,,,,,,,,,I00745046
Q148363,Q110662972,,,,,,,,,,,,,,,,,,,,,,,,,,,,,,,,,,,,,,,,,,,,,I00756972
Q148364,Q110662827,,,,,,,,,,,,,,,,,,,,,,,,,,,,,,,,,,,,,,,,,,,,,I00749815
Q148365,Q110662830,,,,,,,,,,,,,,,,,,,,,,,,,,,,,,,,,,,,,,,,,,,,,I00706045
Q148366,Q6663000,,,,,,,,,,,,,,,,,,,,,,,,,,,,,,,,,,,,,,,,,,Llywelyn_the_Elder_ap_Maredudd_ap_Cynan_ab_Owain_Gwynedd_(1),,,
Q148367,Q116116088,,,,,,,,,,,,,,,,,,,,,,,,,,,,,,,,,,,,,,,,,,,,,I00757221
Q148368,Q110636719,,,,,,,,,,,,,,,,,,,,,,,,,,,,,,,,,,,,,,,,,,,,,I00753067
Q148369,Q112531557,,,,,,,,,,,,,,,,,,,,,,,,,,,,,,,,,,,,,,,,,,,,,I00749752
Q148370,Q116147391,,,,,,,,,,,,,,,,,,,,,,,,,,,,,,,,,,,,,,,,,,,,,I00767290
Q148371,Q116470713,,,,,,,,,,,,,,,,,,,,,,,,,,,,,,,,,,,,,,,,,,,,,I00714671
Q148372,Q130359154,,,,,,,,,,,,,,,,,,,,,,,,,,,,,,,,,,,,,,,,,,,,,I00762406
Q148373,Q117307045,,,,,,,,,,,,,,,,,,,,,,,,,,,,,,,,,,,,,,,,,,,,,I00759023
Q148374,Q131346753,,,,,,,,,,,,,,,,,,,,,,,,,,,,,,,,,,,,,,,,,,,,,I00777767
Q148375,Q75386708,,,,,,,,,,,,,,,,,,,,,,,,,,,,,,,,,,,,,,,,,p10673.htm#i106724,,,,
Q148376,Q4981639,,,,,,,,,,,,,,,,,,,,,,,,,,,109454,,p=roland;n=of galloway,,,,,,,,,,,,p10914.htm#i109138,Lochlann_of_Galloway_(1),,Galloway-17,I00106718
Q148377,Q76159043,,,,,,,,,,,,,,,,,,,,,,,,,,,,,,,,,,,,,,,,,p57108.htm#i571071,,,Unknown-98584,I00116896
Q148378,Q75644532,,,,,,,,,,,,,,,,,,,,,,,,,,,,,,,,,,,,,,,,,p26747.htm#i267464,,,,
Q148380,Q57610363,,,,,,,,,,,,,,,,,,,,,,,,,,,,,,,,,,,,,,,,,p46549.htm#i465482,,,Normandie-116,I00139649
Q148381,Q3430892,,,,,,,,,,,,,,,,,,,,,,,,,,,,,p=richard;n=de beaumont sur sarthe;oc=2,,,,,,,,,,,,p12014.htm#i120138,,,,I00330794
Q148382,Q2827021,,,,,,,,,,,,,,,,,,I3062,,,,,,,,,345084,,p=agnes;n=de beaumont sur sarthe,,,,,,,,,,,,p359.htm#i3585,Agnes_De_Beaumont-Maine_(1),,Beaumont-574,I00139446
Q148383,Q76010827,,,,,,,,,,,,,,,,,,,,,,,,,,,,,,,,,,,,,,,,,p46549.htm#i465487,,,,
Q148384,Q76010828,,,,,,,,,,,,,,,,,,,,,,,,,,,,,,,,,,,,,,,,,p46549.htm#i465488,,,,
Q148385,Q110383327,,,,,,,,,,,,,,,,,,,,,,,,,,,,,p=guillaume;n=de garlande;oc=2,,,,,,,,,,,,,Guillaume_De_Garlande_(2),,,I00174696
Q148386,Q110383332,,,,,,,,,,,,,,,,,,,,,,,,,,,,,p=idoine;n=de trie,,,,,,,,,,,,,Idoine_De_Trie_(1),,,I00174697
Q148387,Q113885755,,,,,,,,,,,,,,,,,,,,,,,,,,,,,p=hugues;n=de gallardon;oc=3,,,,,,,,,,,,,,,,I00294657
Q148388,Q382476,,,,,,,,,,,,,,,,,,,,,,,,,,,,,p=thibaut;n=de montmorency;oc=57,,,,,,,,,,,,,,,,I00294669
Q148389,Q101499881,,,,,,,,,,,,,,,,,,,,,,,,,,,,,p=mabille;n=de montmorency;oc=11,,,,,,,,,,,,,,,Montmorency-40,I00294668
Q148390,Q110385384,,,,,,,,,,,,,,,,,,,,,,,,,,,438656,,p=bouchard;n=de montmorency;oc=33,,,,,,,,,,,,,Bouchard_Unknown_(10),,Montmorency-41,I00197602
Q148404,Q75291046,,,,,,,,,,,,,,,,,,,,,,,,,,,,,p=marguerite;n=de fougeres;oc=4,,,,,,,,,,,,p4218.htm#i42173,,,Fougères-24,I00296730
Q148405,Q116003775,,,,,,,,,,,,,,,,,,,,,,,,,,,,,p=raoul;n=de meulan;oc=11|p=raoul;n=de meulan;oc=5,,,,,,,,,,,,,,,,I00331002
Q148406,Q2223728,,,,,,,,,,,,,,,,,,,,,,,,,,,544975,,p=richard;n=d harcourt,,,,,,,,,,,,p38835.htm#i388341,Richard_of_Harcourt_(1),,Harcourt-474,I00028903
Q148407,Q75248137,,,,,,,,,,,,,,,,,,,,,,,,,,,624874,,p=mary;n=de reviers,,,,,,,,,,,,p923.htm#i9225,Mary_De_Reviers_(1),,Vernon-1067,I00028690
Q148408,Q75248142,,,,,,,,,,,,,,,,,,,,,,,,,,,,,,,,,,,,,,,,,p923.htm#i9228,,,Reviers-12,
Q148409,Q3122357,,,,,,,,,,,,,,,,,,,,,,,,,,,998918,,,,,,,,,,,,,,p4215.htm#i42149,Guyonnet_de_Laval_(1),,,I00330868
Q148410,Q56647868,,,,,,,,,,,,,,,,,,,,,,,,,,,998920,,p=isabeau;n=de laval,,,,,,,,,,,,p4216.htm#i42157,Isabelle_De_Loiselle_(1),,De_Laval-35,I00026383
Q148411,Q75290998,,,,,,,,,,,,,,,,,,,,,,,,,,,998919,,,,,,,,,,,,,,p4215.htm#i42150,,,,I00330867
Q148412,Q75290880,,,,,,,,,,,,,,,,,,,,,,,,,,,,,p=ermengarde;n=de barry,,,,,,,,,,,,p4207.htm#i42068,,,,I00139541
Q148413,Q3122186,,,,,,,,,,,,,,,,,,,,,,,,,,,12996,,p=guy;n=de limoges;oc=6,,,,,,,,,,,,p10685.htm#i106847,Gui_of_Limoges_(1),,,I00139537
Q148414,Q75290875,,,,,,,,,,,,,,,,,,,,,,,,,,,,,p=aymar;n=de limoges,,,,,,,,,,,,p4207.htm#i42066,,,,I00330786
Q148415,Q96244475,,,,,,,,,,,,,,,,,,,,,,,,,,,405676,,p=marguerite;n=de limoges;oc=9,,,,,,,,,,,,,,,,I00050862
Q148416,Q110508922,,,,,,,,,,,,,,,,,,,,,,,,,,,,,p=marie;n=de limoges;oc=2,,,,,,,,,,,,,,,,I00300376
Q148417,Q52557228,,,,,,,,,,,,,,,,,,,,,,,,,,,,,p=hugues;n=de lusignan;oc=21,,,,,,,,,,,,,,,,
Q148418,Q632400,,,,,,,,,,,,,,,,,,,,,,,,,,,480585,,p=archambaud;n=de perigord;oc=21|p=archambaud;n=de perigord;oc=55,,,,,,,,,,,,,Archambaud_de_Périgord_(4),,,I00330707
Q148419,Q110603167,,,,,,,,,,,,,,,,,,,,,,,,,,,,,,,,,,,,,,,,,,,,,I00580179
Q148420,Q5331883,,,,,,,,,,,,,,,,,,,,,,,,,,,1010914,,p=ebles;n=de ventadour;oc=6,,,,,,,,,,,,,Eble_V_of_Ventadorn_(1),,Ventadour-7,I00196966
Q148421,Q522448,,,,,,,,,,,,,,,,,,,,,,,,,,,345091,,,,,,,,,,,,,,p53931.htm#i539309,Baldwin_de_Redvers_(2),,Redvers-5,I00140044
Q148422,Q102112867,,,,,,,,,,,,,,,,,,,,,,,,,,,,,,,,,,,,,,,,,,,,Balun-2,I00140045
Q148423,Q7032325,,,,,,,,,,,,,,,,,,,,,,,,,,,309607,,,,,,,,,,,,,,,Nigel_D'_Oilly_(1),,,
Q148424,Q81040821,,,,,,,,,,,,,,,,,,,,,,,,,,,,,,,,,,,,,,,,,,,,,
Q148425,Q75248233,,,,,,,,,,,,,,,,,,,,,,,,,,,,,p=reinald;n=de courtenay,,,,,,,,,,,,p931.htm#i9310,Renaud_De_Courtenay_(2),,Courtenay-58,I00028685
Q148426,Q75238108,,,,,,,,,,,,,,,,,,,,,,,,,,,624871,,p=robert;n=de courtenay;oc=3,,,,,,,,,,,,p923.htm#i9224|p79.htm#i785,Robert_De_Courtenay_(2),,Courtenay-260,I00028689
Q148427,Q116172115,,,,,,,,,,,,,,,,,,,,,,,,,,,,,,,,,,,,,,,,,,,,UNKNOWN-18919,I00385362
Q148428,Q75241874,,,,,,,,,,,,,,,,,,,,,,,,,,,,,p=emeline;n=longespee,,,,,,,,,,,,p411.htm#i4108,Emmeline_Longespee_(1),,Longespée-76,I00028349
Q148429,Q5352542,,,,,,,,,,,,,,,,,,,,,,,,,,,1097628,,p=ela;n=longespee,,,,,,,,,,,,p411.htm#i4110,Ela_Longespee_(1),,Longespée-75,I00028377
Q148430,Q75395884,,,,,,,,,,,,,,,,,,,,,,,,,,,,,,,,,,,,,,,,,p11578.htm#i115779,,,Barry-2626,I00715278
Q148431,Q75644680,,,,,,,,,,,,,,,,,,,,,,,,,,,,,,,,,,,,,,,,,p26759.htm#i267582,,,,
Q148432,Q75644681,,,,,,,,,,,,,,,,,,,,,,,,,,,,,,,,,,,,,,,,,p26759.htm#i267583,,,,
Q148433,Q75644667,,,,,,,,,,,,,,,,,,,,,,,,,,,,,,,,,,,,,,,,,p26757.htm#i267570,,,,
Q148435,Q75519871,,,,,,,,,,,,,,,,,,,,,,,,,,,,,,,,,,,,,,,,,p19078.htm#i190779,,,,
Q148436,Q75519866,,,,,,,,,,,,,,,,,,,,,,,,,,,,,,,,,,,,,,,,,p19078.htm#i190775,,,Don-25,
Q148437,Q75789769,,,,,,,,,,,,,,,,,,,,,,,,,,,,,,,,,,,,,,,,,p33519.htm#i335184,,,,I00117254
Q148438,Q7789610,,,,,,,,L78R-RNM,,,,,,,,,,,,,,,,,,,,,,,,,,,,,,,,,p13044.htm#i130440,,,Fitzgerald-352,I00117255
Q148439,Q75789771,,,,,,,,,,,,,,,,,,,,,,,,,,,,,,,,,,,,,,,,,p33519.htm#i335185,,,,
Q148440,Q75789765,,,,,,,,,,,,,,,,,,,,,,,,,,,,,,,,,,,,,,,,,p33519.htm#i335182,,,,
Q148441,Q75519862,,,,,,,,,,,,,,,,,,,,,,,,,,,,,,,,,,,,,,,,,p19078.htm#i190772,,,MacCarthy-28,
Q148442,Q75895832,,,,,,,,,,,,,,,,,,,,,,,,,,,,,,,,,,,,,,,,,p38794.htm#i387934,,,,
Q148443,Q75518174,,,,,,,,,,,,,,,,,,,,,,,,,,,,,,,,,,,,,,,,,p18981.htm#i189801,,,FitzGibbon-192,
Q148444,Q112962452,,,,,,,,,,,,,,,,,,,,,,,,,,,,,,,,,,,,,,,,,,,,,I00117251
Q148445,Q75894371,,,,,,,,,,,,,,,,,,,,,,,,,,,,,,,,,,,,,,,,,p38685.htm#i386844,,,,I00117237
Q148446,Q75894372,,,,,,,,,,,,,,,,,,,,,,,,,,,,,,,,,,,,,,,,,p38685.htm#i386845,,,FitzJohn-170,I00117238
Q148447,Q75894373,,,,,,,,,,,,,,,,,,,,,,,,,,,,,,,,,,,,,,,,,p38685.htm#i386846,,,,
Q148448,Q75894375,,,,,,,,,,,,,,,,,,,,,,,,,,,,,,,,,,,,,,,,,p38685.htm#i386848,,,,
Q148449,Q75894386,,,,,,,,,,,,,,,,,,,,,,,,,,,,,,,,,,,,,,,,,p38686.htm#i386855,,,,
Q148450,Q75894388,,,,,,,,,,,,,,,,,,,,,,,,,,,,,,,,,,,,,,,,,p38686.htm#i386857,,,,
Q148451,Q75856261,,,,,,,,,,,,,,,,,,,,,,,,,,,,,,,,,,,,,,,,,p35875.htm#i358742,,,FitzMaurice-201,I00728740
Q148452,Q75856263,,,,,,,,,,,,,,,,,,,,,,,,,,,,,,,,,,,,,,,,,p35875.htm#i358743,,,,
Q148453,Q75644685,,,,,,,,,,,,,,,,,,,,,,,,,,,,,,,,,,,,,,,,,p26759.htm#i267586,,,,
Q148454,Q116054719,,,,,,,,,,,,,,,,,,,,,,,,,,,,,,,,,,,,,,,,,,,,,I00572054
Q148455,Q3811097,,,,,,,,LYZR-2Q4,,132938826,,,,,,,,I10616,,,,,,,,,,,,,,,,,,,,,,,p358.htm#i3572,Juliana_FitzGerald_(1),,FitzMaurice-95,I00028350
Q148456,Q75872625,,,,,,,,,,,,,,,,,,,,,,,,,,,,,,,,,,,,,,,,,p37090.htm#i370897,,,FitzGerald-3889,
Q148457,Q75397070,,,,,,,,,,,,,,,,,,,,,,,,,,,,,,,,,,,,,,,,,p11648.htm#i116476,,,,
Q148458,Q180574,,,,,,,,,,,,,,,,,,,,,,,,,,,,,,,,,,,,,,,,,p15141.htm#i151406,John_FitzGerald_(12),,Fitzgerald-10269,I00117204
Q148459,Q18593362,,,,,,,,,,,,,,,,,,,,,,,,,,,,,p=maurice;n=fitzgerald;oc=9,,,,,,,,,,,,p15522.htm#i155211,Maurice_FitzGerald_(15),,FitzGerald-3582,I00572056
Q148460,Q75459725,,,,,,,,,,,,,,,,,,,,,,,,,,,,,,,,,,,,,,,,,p15562.htm#i155615,,,,
Q148461,Q75459130,,,,,,,,,,,,,,,,,,,,,,,,,,,,,,,,,,,,,,,,,p15528.htm#i155273,,,,
Q148462,Q75459137,,,,,,,,,,,,,,,,,,,,,,,,,,,,,,,,,,,,,,,,,p15528.htm#i155277,,,,
Q148463,Q75466021,,,,,,,,,,,,,,,,,,,,,,,,,,,,,,,,,,,,,,,,,p15961.htm#i159606,,,,I00715271
Q148464,Q75466026,,,,,,,,,,,,,,,,,,,,,,,,,,,,,,,,,,,,,,,,,p15961.htm#i159609,,,,
Q148465,Q75644683,,,,,,,,,,,,,,,,,,,,,,,,,,,,,,,,,,,,,,,,,p26759.htm#i267584,,,,
Q148466,Q75468057,,,,,,,,,,,,,,,,,,,,,,,,,,,,,,,,,,,,,,,,,p16084.htm#i160838,,,,I00703042
Q148467,Q75458404,,,,,,,,,,,,,,,,,,,,,,,,,,,,,,,,,,,,,,,,,p15484.htm#i154833,,,,
Q148468,Q75459156,,,,,,,,,,,,,,,,,,,,,,,,,,,,,,,,,,,,,,,,,p15529.htm#i155288,,,,
Q148469,Q75459159,,,,,,,,,,,,,,,,,,,,,,,,,,,,,,,,,,,,,,,,,p15529.htm#i155290,,,,
Q148470,Q75466028,,,,,,,,,,,,,,,,,,,,,,,,,,,,,,,,,,,,,,,,,p15961.htm#i159610,,,,
Q148471,Q75790403,,,,,,,,,,,,,,,,,,,,,,,,,,,,,,,,,,,,,,,,,p33551.htm#i335507,,,,
Q148472,Q75643677,,,,,,,,,,,,,,,,,,,,,,,,,,,,,,,,,,,,,,,,,p26680.htm#i266795,,,,
Q148473,Q75453202,,,,,,,,,,,,,,,,,,,,,,,,,,,,,,,,,,,,,,,,,p15141.htm#i151403,,,,
Q148474,Q75715466,,,,,,,,,,,,,,,,,,,,,,,,,,,,,,,,,,,,,,,,,p29952.htm#i299518,,,,
Q148475,Q75715460,,,,,,,,,,,,,,,,,,,,,,,,,,,,,,,,,,,,,,,,,p29952.htm#i299516,,,,
Q148476,Q75541488,,,,,,,,,,,,,,,,,,,,,,,,,,,,,,,,,,,,,,,,,p20351.htm#i203508,,,Carew-36,
Q148477,Q75942418,,,,,,,,,,,,,,,,,,,,,,,,,,,,,,,,,,,,,,,,,p41834.htm#i418337,,,Kingsley-42,
Q148478,Q75942422,,,,,,,,,,,,,,,,,,,,,,,,,,,,,,,,,,,,,,,,,p41834.htm#i418340,,,,
Q148479,Q75942424,,,,,,,,,,,,,,,,,,,,,,,,,,,,,,,,,,,,,,,,,p41835.htm#i418341,,,Gerard-50,
Q148480,Q116469825,,,,,,,,,,,,,,,,,,,,,,,,,,,,,,,,,,,,,,,,,,,,,I00707491
Q148481,Q110662888,,,,,,,,,,,,,,,,,,,,,,,,,,,,,,,,,,,,,,,,,,,,Ab_Edryd-2,I00750384
Q148482,Q116148027,,,,,,,,,,,,,,,,,,,,,,,,,,,,,,,,,,,,,,,,,,,,,I00758646
Q148483,Q116148070,,,,,,,,,,,,,,,,,,,,,,,,,,,,,,,,,,,,,,,,,,,,,I00708149
Q148484,Q116055461,,,,,,,,,,,,,,,,,,,,,,,,,,,,,,,,,,,,,,,,,,,,,I00760594
Q148485,Q116478796,,,,,,,,,,,,,,,,,,,,,,,,,,,,,,,,,,,,,,,,,,,,,I00751148
Q148486,Q110585308,,,,,,,,,,,,,,,,,,,,,,,,,,,,,,,,,,,,,,,,,,,,,I00753788
Q148487,Q76214364,,,,,,,,,,,,,,,,,,,,,,,,,,,,,,,,,,,,,,,,,p60995.htm#i609942,Gwenhwyfar_Unknown_(8),,,
Q148488,Q76214365,,,,,,,,,,,,,,,,,,,,,,,,,,,,,,,,,,,,,,,,,p60995.htm#i609943,Gwilym_Unknown_(8),,Ap_Gruffudd-84,I00713689
Q148489,Q18535647,,,,,,,,,,,,,,,,,,,,,,,,,,,,,,,,,,,,,,,,,,Gruffudd_Unknown_(45),,Ap_Dafydd-38,I00663857
Q148490,Q116055559,,,,,,,,,,,,,,,,,,,,,,,,,,,,,,,,,,,,,,,,,,,,,I00759499
Q148491,Q116477833,,,,,,,,,,,,,,,,,,,,,,,,,,,,,,,,,,,,,,,,,,,,,I00753359
Q148492,Q131138846,,,,,,,,,,,,,,,,,,,,,,,,,,,,,,,,,,,,,,,,,,,,,I00775397
Q148493,Q116477976,,,,,,,,,,,,,,,,,,,,,,,,,,,,,,,,,,,,,,,,,,,,,I00759509
Q148494,Q110290426,,,,,,,,,,,,,,,,,,,,,,,,,,,,,,,,,,,,,,,,,,,,,I00759488
Q148495,Q130338973,,,,,,,,,,,,,,,,,,,,,,,,,,,,,,,,,,,,,,,,,,,,,I00760873
Q148496,Q116111507,,,,,,,,,,,,,,,,,,,,,,,,,,,,,,,,,,,,,,,,,,,,,I00751990
Q148497,Q116055509,,,,,,,,,,,,,,,,,,,,,,,,,,,,,,,,,,,,,,,,,,,,,I00751989
Q148498,Q96311959,,,,,,,,,,,,,,,,,,,,,,,,,,,137730,,,,,,,,,,,,,,,,,Ferch_Madog-5,I00387958
Q148499,Q22815213,,,,,,,,,,,,,,,,,,,,,,,,,,,137734,,p=margaret;n=of iscoed,,,,,,,,,,,,p10282.htm#i102814,Margaret_Thomas_(19),,Ferch_Thomas-6,I00059414
Q148500,Q6758768,,,,,,,,,,,,,,,,,,,,,,,,,,,137722,,p=maredudd;n=ap tudur,,,,,,,,,,,,p10282.htm#i102816,Maredudd_Tudor_(1),,Ap_Tudor-23,I00059410
Q148501,Q7321853,,,,,,,,,,,,,,,,,,,,,,,,,,,,,,,,,,,,,,,,,,Rhys_Unknown_(23),,Ap_Tudor-18,I00387952
Q148502,Q18203821,,,,,,,,,,,,,,,,,,,,,,,,,,,,,,,,,,,,,,,,,,Gronwy_Unknown_(17),,,
Q148503,Q18535667,,,,,,,,,,,,,,,,,,,,,,,,,,,,,,,,,,,,,,,,,,Gwilym_Ap_Tudur_(1),,Ap_Tudor-19,
Q148504,Q110067846,,,,,,,,,,,,,,,,,,,,,,,,,,,,,,,,,,,,,,,,,,,,,I00706126
Q148505,Q110439568,,,,,,,,,,,,,,,,,,,,,,,,,,,,,,,,,,,,,,,,,,,,,I00706352
Q148506,Q110290615,,,,,,,,,,,,,,,,,,,,,,,,,,,,,,,,,,,,,,,,,,,,,I00760869
Q148507,Q116147203,,,,,,,,,,,,,,,,,,,,,,,,,,,,,,,,,,,,,,,,,,,,,I00775953
Q148508,Q116812784,,,,,,,,,,,,,,,,,,,,,,,,,,,,,,,,,,,,,,,,,,,,,I00760992
Q148509,Q75958829,,,,,,,,,,,,,,,,,,,,,,,,,,,,,,,,,,,,,,,,,p43047.htm#i430466,,,,I00467163
Q148510,Q110582591,,,,,,,,,,,,,,,,,,,,,,,,,,,,,,,,,,,,,,,,,,,,,I00757585
Q148511,Q116147504,,,,,,,,,,,,,,,,,,,,,,,,,,,,,,,,,,,,,,,,,,,,,I00762393
Q148512,Q76214368,,,,,,,,,,,,,,,,,,,,,,,,,,,,,,,,,,,,,,,,,p60995.htm#i609945,Gruffudd_Unknown_(49),,Ap_Gwilym-27,I00706082
Q148513,Q18821787,,,,,,,,,,,,,,,,,,,,,,,,,,,,,,,,,,,,,,,,,p60995.htm#i609947,Gwilym_Unknown_(7),,Ap_Gruffudd-78,I00700011
Q148514,Q76214373,,,,,,,,,,,,,,,,,,,,,,,,,,,,,,,,,,,,,,,,,p60995.htm#i609949,Rhys_Unknown_(19),,,
Q148515,Q76214372,,,,,,,,,,,,,,,,,,,,,,,,,,,,,,,,,,,,,,,,,p60995.htm#i609948,Robin_Unknown_(13),,Ap_Gruffudd-55,I00699993
Q148516,Q117307150,,,,,,,,,,,,,,,,,,,,,,,,,,,,,,,,,,,,,,,,,,,,,I00750790
Q148517,Q110290732,,,,,,,,,,,,,,,,,,,,,,,,,,,,,,,,,,,,,,,,,,,,,I00702401
Q148518,Q130648366,,,,,,,,,,,,,,,,,,,,,,,,,,,,,,,,,,,,,,,,,,,,,I00773124
Q148519,Q110585660,,,,,,,,,,,,,,,,,,,,,,,,,,,,,,,,,,,,,,,,,,,,,I00700631
Q148520,Q116478969,,,,,,,,,,,,,,,,,,,,,,,,,,,,,,,,,,,,,,,,,,,,,I00760979
Q148521,Q116147501,,,,,,,,,,,,,,,,,,,,,,,,,,,,,,,,,,,,,,,,,,,,,I00713625
Q148522,Q110636576,,,,,,,,,,,,,,,,,,,,,,,,,,,,,,,,,,,,,,,,,,,,,I00400571
Q148523,Q99069827,,,,,,,,,,,,,,,,,,,,,,,,,,,,,,,,,,,,,,,,,,,,,I00700008
Q148524,Q110441294,,,,,,,,,,,,,,,,,,,,,,,,,,,,,,,,,,,,,,,,,,,,,I00749820
Q148525,Q110635655,,,,,,,,,,,,,,,,,,,,,,,,,,,,,,,,,,,,,,,,,,,,,I00756141
Q148526,Q110585677,,,,,,,,,,,,,,,,,,,,,,,,,,,,,,,,,,,,,,,,,,,,,I00749797
Q148527,Q110636298,,,,,,,,,,,,,,,,,,,,,,,,,,,,,,,,,,,,,,,,,,,,,I00753053
Q148528,Q110635472,,,,,,,,,,,,,,,,,,,,,,,,,,,,,,,,,,,,,,,,,,,,,I00706047
Q148529,Q116108956,,,,,,,,,,,,,,,,,,,,,,,,,,,,,,,,,,,,,,,,,,,,,I00702373
Q148530,Q116113769,,,,,,,,,,,,,,,,,,,,,,,,,,,,,,,,,,,,,,,,,,,,,I00713594
Q148531,Q116148205,,,,,,,,,,,,,,,,,,,,,,,,,,,,,,,,,,,,,,,,,,,,,I00700556
Q148532,Q130339041,,,,,,,,,,,,,,,,,,,,,,,,,,,,,,,,,,,,,,,,,,,,,I00759708
Q148533,Q116113670,,,,,,,,,,,,,,,,,,,,,,,,,,,,,,,,,,,,,,,,,,,,,I00706215
Q148534,Q116108955,,,,,,,,,,,,,,,,,,,,,,,,,,,,,,,,,,,,,,,,,,,,,I00702372
Q148535,Q116147219,,,,,,,,,,,,,,,,,,,,,,,,,,,,,,,,,,,,,,,,,,,,,I00711427
Q148536,Q76194395,,,,,,,,,,,,,,,,,,,,,,,,,,,,,,,,,,,,,,,,,p59550.htm#i595493,,,,
Q148537,Q76194398,,,,,,,,,,,,,,,,,,,,,,,,,,,,,,,,,,,,,,,,,p59550.htm#i595496,,,,
Q148538,Q76194396,,,,,,,,,,,,,,,,,,,,,,,,,,,,,,,,,,,,,,,,,p59550.htm#i595494,,,,
Q148539,Q75387589,,,,,,,,,,,,,,,,,,,,,,,,,,,137741,,p=margaret;n=fychan;oc=2,,,,,,,,,,,,p10755.htm#i107542,Margaret_Dafydd_(1),,Ferch_Dafydd-27,I00059411
Q148540,Q110441439,,,,,,,,,,,,,,,,,,,,,,,,,,,,,,,,,,,,,,,,,,,,,I00753052
Q148541,Q110635538,,,,,,,,,,,,,,,,,,,,,,,,,,,,,,,,,,,,,,,,,,,,,I00751802
Q148542,Q96311985,,,,,,,,,,,,,,,,,,,,,,,,,,,,,,,,,,,,,,,,,,,,,I00750309
Q148543,Q99070408,,,,,,,,,,,,,,,,,,,,,,,,,,,,,,,,,,,,,,,,,,,,,I00701160
Q148544,Q96244000,,,,,,,,,,,,,,,,,,,,,,,,,,,,,,,,,,,,,,,,,,,,,I00713755
Q148545,Q110290447,,,,,,,,,,,,,,,,,,,,,,,,,,,,,,,,,,,,,,,,,,,,,I00700818
Q148546,Q110635724,,,,,,,,,,,,,,,,,,,,,,,,,,,,,,,,,,,,,,,,,,,,,I00711850
Q148547,Q117306894,,,,,,,,,,,,,,,,,,,,,,,,,,,,,,,,,,,,,,,,,,,,,I00759766
Q148548,Q130338874,,,,,,,,,,,,,,,,,,,,,,,,,,,,,,,,,,,,,,,,,,,,,I00696180
Q148549,Q116477979,,,,,,,,,,,,,,,,,,,,,,,,,,,,,,,,,,,,,,,,,,,,,I00775951
Q148550,Q99075830,,,,,,,,,,,,,,,,,,,,,,,,,,,,,,,,,,,,,,,,,,,,,I00706031
Q148551,Q110290191,,,,,,,,,,,,,,,,,,,,,,,,,,,,,,,,,,,,,,,,,,,,,I00699986
Q148552,Q99069795,,,,,,,,,,,,,,,,,,,,,,,,,,,,,,,,,,,,,,,,,,,,,I00700007
Q148553,Q116477726,,,,,,,,,,,,,,,,,,,,,,,,,,,,,,,,,,,,,,,,,,,,,I00754330
Q148554,Q116477673,,,,,,,,,,,,,,,,,,,,,,,,,,,,,,,,,,,,,,,,,,,,,I00754827
Q148555,Q117306810,,,,,,,,,,,,,,,,,,,,,,,,,,,,,,,,,,,,,,,,,,,,,I00752020
Q148556,Q116055408,,,,,,,,,,,,,,,,,,,,,,,,,,,,,,,,,,,,,,,,,,,,,I00042993
Q148557,Q116147721,,,,,,,,,,,,,,,,,,,,,,,,,,,,,,,,,,,,,,,,,,,,,I00761780
Q148558,Q116147718,,,,,,,,,,,,,,,,,,,,,,,,,,,,,,,,,,,,,,,,,,,,,I00761775
Q148559,Q99082350,,,,,,,,,,,,,,,,,,,,,,,,,,,,,,,,,,,,,,,,,,,,Ap_Gronwy-24,I00751452
Q148560,Q110585324,,,,,,,,,,,,,,,,,,,,,,,,,,,,,,,,,,,,,,,,,,,,,I00707141
Q148561,Q116054457,,,,,,,,,,,,,,,,,,,,,,,,,,,,,,,,,,,,,,,,,,,,,I00706568
Q148562,Q130340431,,,,,,,,,,,,,,,,,,,,,,,,,,,,,,,,,,,,,,,,,,,,,I00757642
Q148563,Q110414047,,,,,,,,,,,,,,,,,,,,,,,,,,,,,,,,,,,,,,,,,,,,,I00693290
Q148564,Q99302433,,,,,,,,,,,,,,,,,,,,,,,,,,,,,,,,,,,,,,,,,,,,,I00706585
Q148565,Q99302431,,,,,,,,,,,,,,,,,,,,,,,,,,,,,,,,,,,,,,,,,,,,,I00700174
Q148566,Q116110781,,,,,,,,,,,,,,,,,,,,,,,,,,,,,,,,,,,,,,,,,,,,,I00756040
Q148567,Q110413520,,,,,,,,,,,,,,,,,,,,,,,,,,,,,,,,,,,,,,,,,,,,,I00713246
Q148568,Q116055493,,,,,,,,,,,,,,,,,,,,,,,,,,,,,,,,,,,,,,,,,,,,,I00709955
Q148569,Q116146951,,,,,,,,,,,,,,,,,,,,,,,,,,,,,,,,,,,,,,,,,,,,,I00709863
Q148570,Q116146962,,,,,,,,,,,,,,,,,,,,,,,,,,,,,,,,,,,,,,,,,,,,,I00760160
Q148571,Q133461243,,,,,,,,,,,,,,,,,,,,,,,,,,,,,,,,,,,,,,,,,,,,,I00708581
Q148572,Q133461278,,,,,,,,,,,,,,,,,,,,,,,,,,,,,,,,,,,,,,,,,,,,,I00759623
Q148573,Q116479575,,,,,,,,,,,,,,,,,,,,,,,,,,,,,,,,,,,,,,,,,,,,,I00751985
Q148574,Q117306765,,,,,,,,,,,,,,,,,,,,,,,,,,,,,,,,,,,,,,,,,,,,,I00758359
Q148575,Q133462100,,,,,,,,,,,,,,,,,,,,,,,,,,,,,,,,,,,,,,,,,,,,,I00789005
Q148576,Q116054773,,,,,,,,,,,,,,,,,,,,,,,,,,,,,,,,,,,,,,,,,,,,,I00713203
Q148577,Q110413582,,,,,,,,,,,,,,,,,,,,,,,,,,,,,,,,,,,,,,,,,,,,,I00751674
Q148578,Q110662858,,,,,,,,,,,,,,,,,,,,,,,,,,,,,,,,,,,,,,,,,,,,,I00759605
Q148579,Q116146953,,,,,,,,,,,,,,,,,,,,,,,,,,,,,,,,,,,,,,,,,,,,,I00753701
Q148580,Q106703120,,,,,,,,,,,,,,,,,,,,,,,,,,,,,,,,,,,,,,,,,,,,,I00708101
Q148581,Q116054999,,,,,,,,,,,,,,,,,,,,,,,,,,,,,,,,,,,,,,,,,,,,,I00754072
Q148582,Q130341546,,,,,,,,,,,,,,,,,,,,,,,,,,,,,,,,,,,,,,,,,,,,,I00745054
Q148583,Q116156656,,,,,,,,,,,,,,,,,,,,,,,,,,,,,,,,,,,,,,,,,,,,,I00755332
Q148584,Q131138844,,,,,,,,,,,,,,,,,,,,,,,,,,,,,,,,,,,,,,,,,,,,,I00775393
Q148585,Q116147310,,,,,,,,,,,,,,,,,,,,,,,,,,,,,,,,,,,,,,,,,,,,,I00764783
Q148586,Q96311961,,,,,,,,,,,,,,,,,,,,,,,,,,,,,,,,,,,,,,,,,,,,Ap_Madog-38,I00754923
Q148587,Q117305930,,,,,,,,,,,,,,,,,,,,,,,,,,,,,,,,,,,,,,,,,,,,,I00750974
Q148588,Q130359408,,,,,,,,,,,,,,,,,,,,,,,,,,,,,,,,,,,,,,,,,,,,,I00789162
Q148589,Q116146967,,,,,,,,,,,,,,,,,,,,,,,,,,,,,,,,,,,,,,,,,,,,,I00755159
Q148590,Q110412967,,,,,,,,,,,,,,,,,,,,,,,,,,,,,,,,,,,,,,,,,,,,,I00755149
Q148591,Q116115271,,,,,,,,,,,,,,,,,,,,,,,,,,,,,,,,,,,,,,,,,,,,,I00711588
Q148592,Q116146139,,,,,,,,,,,,,,,,,,,,,,,,,,,,,,,,,,,,,,,,,,,,,I00705655
Q148593,Q124656899,,,,,,,,,,,,,,,,,,,,,,,,,,,,,,,,,,,,,,,,,,,,,
Q148594,Q110662831,,,,,,,,,,,,,,,,,,,,,,,,,,,,,,,,,,,,,,,,,,,,,I00750161
Q148595,Q116147765,,,,,,,,,,,,,,,,,,,,,,,,,,,,,,,,,,,,,,,,,,,,,I00751981
Q148596,Q116054826,,,,,,,,,,,,,,,,,,,,,,,,,,,,,,,,,,,,,,,,,,,,,I00736942
Q148597,Q116113403,,,,,,,,,,,,,,,,,,,,,,,,,,,,,,,,,,,,,,,,,,,,,I00776660
Q148598,Q116147012,,,,,,,,,,,,,,,,,,,,,,,,,,,,,,,,,,,,,,,,,,,,,I00709927
Q148599,Q116147101,,,,,,,,,,,,,,,,,,,,,,,,,,,,,,,,,,,,,,,,,,,,,I00774850
Q148600,Q116113103,,,,,,,,,,,,,,,,,,,,,,,,,,,,,,,,,,,,,,,,,,,,,I00758136
Q148601,Q116478120,,,,,,,,,,,,,,,,,,,,,,,,,,,,,,,,,,,,,,,,,,,,,I00749936
Q148602,Q122361629,,,,,,,,,,,,,,,,,,,,,,,,,,,,,,,,,,,,,,,,,,,,,I00753293
Q148603,Q130359089,,,,,,,,,,,,,,,,,,,,,,,,,,,,,,,,,,,,,,,,,,,,,I00760389
Q148604,Q116147597,,,,,,,,,,,,,,,,,,,,,,,,,,,,,,,,,,,,,,,,,,,,,I00759923
Q148605,Q116146804,,,,,,,,,,,,,,,,,,,,,,,,,,,,,,,,,,,,,,,,,,,,,I00758116
Q148606,Q116055403,,,,,,,,,,,,,,,,,,,,,,,,,,,,,,,,,,,,,,,,,,,,,I00756967
Q148607,Q116110872,,,,,,,,,,,,,,,,,,,,,,,,,,,,,,,,,,,,,,,,,,,,,I00759658
Q148608,Q110560322,,,,,,,,,,,,,,,,,,,,,,,,,,,,,,,,,,,,,,,,,,,,,I00754081
Q148609,Q110583439,,,,,,,,,,,,,,,,,,,,,,,,,,,,,,,,,,,,,,,,,,,,,I00713569
Q148610,Q110583415,,,,,,,,,,,,,,,,,,,,,,,,,,,,,,,,,,,,,,,,,,,,,I00707451
Q148611,Q116054802,,,,,,,,,,,,,,,,,,,,,,,,,,,,,,,,,,,,,,,,,,,,,I00713219
Q148612,Q110583401,,,,,,,,,,,,,,,,,,,,,,,,,,,,,,,,,,,,,,,,,,,,,I00707443
Q148613,Q117306127,,,,,,,,,,,,,,,,,,,,,,,,,,,,,,,,,,,,,,,,,,,,,I00775546
Q148614,Q99302434,,,,,,,,,,,,,,,,,,,,,,,,,,,,,,,,,,,,,,,,,,,,,I00706588
Q148615,Q110290669,,,,,,,,,,,,,,,,,,,,,,,,,,,,,,,,,,,,,,,,,,,,,I00570123
Q148616,Q99082418,,,,,,,,,,,,,,,,,,,,,,,,,,,,,,,,,,,,,,,,,,,,Ab_Adda-7,I00589164
Q148617,Q116055014,,,,,,,,,,,,,,,,,,,,,,,,,,,,,,,,,,,,,,,,,,,,,I00754412
Q148618,Q99073276,,,,,,,,,,,,,,,,,,,,,,,,,,,,,,,,,,,,,,,,,,,,,I00706258
Q148619,Q116055543,,,,,,,,,,,,,,,,,,,,,,,,,,,,,,,,,,,,,,,,,,,,,I00758307
Q148620,Q117306747,,,,,,,,,,,,,,,,,,,,,,,,,,,,,,,,,,,,,,,,,,,,,I00711828
Q148621,Q116055453,,,,,,,,,,,,,,,,,,,,,,,,,,,,,,,,,,,,,,,,,,,,,I00760589
Q148622,Q133461094,,,,,,,,,,,,,,,,,,,,,,,,,,,,,,,,,,,,,,,,,,,,,I00757181
Q148623,Q116147069,,,,,,,,,,,,,,,,,,,,,,,,,,,,,,,,,,,,,,,,,,,,,I00760611
Q148624,Q116147077,,,,,,,,,,,,,,,,,,,,,,,,,,,,,,,,,,,,,,,,,,,,,I00711818
Q148625,Q116147050,,,,,,,,,,,,,,,,,,,,,,,,,,,,,,,,,,,,,,,,,,,,,I00711556
Q148626,Q110412844,,,,,,,,,,,,,,,,,,,,,,,,,,,,,,,,,,,,,,,,,,,,,I00701536
Q148627,Q96244047,,,,,,,,,,,,,,,,,,,,,,,,,,,,,,,,,,,,,,,,,,,,,I00400578
Q148628,Q110583467,,,,,,,,,,,,,,,,,,,,,,,,,,,,,,,,,,,,,,,,,,,,,I00700641
Q148629,Q105814431,,,,,,,,,,,,,,,,,,,,,,,,,,,,,,,,,,,,,,,,,,,,,I00738257
Q148630,Q116108958,,,,,,,,,,,,,,,,,,,,,,,,,,,,,,,,,,,,,,,,,,,,,I00697722
Q148631,Q117306952,,,,,,,,,,,,,,,,,,,,,,,,,,,,,,,,,,,,,,,,,,,,,I00697212
Q148632,Q110585209,,,,,,,,,,,,,,,,,,,,,,,,,,,,,,,,,,,,,,,,,,,,,I00708245
Q148633,Q110582270,,,,,,,,,,,,,,,,,,,,,,,,,,,,,,,,,,,,,,,,,,,,,I00696584
Q148634,Q110636488,,,,,,,,,,,,,,,,,,,,,,,,,,,,,,,,,,,,,,,,,,,,,I00706107
Q148635,Q116054764,,,,,,,,,,,,,,,,,,,,,,,,,,,,,,,,,,,,,,,,,,,,,I00762174
Q148636,Q116054649,,,,,,,,,,,,,,,,,,,,,,,,,,,,,,,,,,,,,,,,,,,,,I00702233
Q148637,Q116054797,,,,,,,,,,,,,,,,,,,,,,,,,,,,,,,,,,,,,,,,,,,,,I00713213
Q148638,Q116146814,,,,,,,,,,,,,,,,,,,,,,,,,,,,,,,,,,,,,,,,,,,,,I00760281
Q148639,Q116146816,,,,,,,,,,,,,,,,,,,,,,,,,,,,,,,,,,,,,,,,,,,,,I00709907
Q148640,Q116146705,,,,,,,,,,,,,,,,,,,,,,,,,,,,,,,,,,,,,,,,,,,,,I00709845
Q148641,Q116146738,,,,,,,,,,,,,,,,,,,,,,,,,,,,,,,,,,,,,,,,,,,,,I00709886
Q148642,Q116146751,,,,,,,,,,,,,,,,,,,,,,,,,,,,,,,,,,,,,,,,,,,,,I00757253
Q148643,Q116146948,,,,,,,,,,,,,,,,,,,,,,,,,,,,,,,,,,,,,,,,,,,,,I00709860
Q148644,Q116146725,,,,,,,,,,,,,,,,,,,,,,,,,,,,,,,,,,,,,,,,,,,,,I00709865
Q148645,Q116146697,,,,,,,,,,,,,,,,,,,,,,,,,,,,,,,,,,,,,,,,,,,,,I00757993
Q148646,Q116146744,,,,,,,,,,,,,,,,,,,,,,,,,,,,,,,,,,,,,,,,,,,,,I00700611
Q148647,Q133461193,,,,,,,,,,,,,,,,,,,,,,,,,,,,,,,,,,,,,,,,,,,,,I00757290
Q148648,Q116146799,,,,,,,,,,,,,,,,,,,,,,,,,,,,,,,,,,,,,,,,,,,,,I00758144
Q148649,Q76273186,,,,,,,,,,,,,,,,,,,,,,,,,,,,,,,,,,,,,,,,,p65424.htm#i654235,"Ednyfed_ab_Iorwerth_""Foel""_(1)",,Ap_Iorwerth-46,I00589150
Q148650,Q76273214,,,,,,,,,,,,,,,,,,,,,,,,,,,,,,,,,,,,,,,,,p65426.htm#i654255,,,Ferch_Llywelyn-9,I00589151
Q148651,Q110413537,,,,,,,,,,,,,,,,,,,,,,,,,,,,,,,,,,,,,,,,,,,,,I00701518
Q148652,Q116055625,,,,,,,,,,,,,,,,,,,,,,,,,,,,,,,,,,,,,,,,,,,,,I00764224
Q148653,Q116055618,,,,,,,,,,,,,,,,,,,,,,,,,,,,,,,,,,,,,,,,,,,,,I00764228
Q148654,Q116055553,,,,,,,,,,,,,,,,,,,,,,,,,,,,,,,,,,,,,,,,,,,,,I00764216
Q148655,Q116055547,,,,,,,,,,,,,,,,,,,,,,,,,,,,,,,,,,,,,,,,,,,,,I00713237
Q148656,Q116055566,,,,,,,,,,,,,,,,,,,,,,,,,,,,,,,,,,,,,,,,,,,,,I00757761
Q148657,Q110585588,,,,,,,,,,,,,,,,,,,,,,,,,,,,,,,,,,,,,,,,,,,,,I00751315
Q148658,Q110585590,,,,,,,,,,,,,,,,,,,,,,,,,,,,,,,,,,,,,,,,,,,,,I00757191
Q148659,Q116115719,,,,,,,,,,,,,,,,,,,,,,,,,,,,,,,,,,,,,,,,,,,,,I00706282
Q148660,Q116115069,,,,,,,,,,,,,,,,,,,,,,,,,,,,,,,,,,,,,,,,,,,,,I00775223
Q148661,Q131138744,,,,,,,,,,,,,,,,,,,,,,,,,,,,,,,,,,,,,,,,,,,,,I00775389
Q148662,Q116116007,,,,,,,,,,,,,,,,,,,,,,,,,,,,,,,,,,,,,,,,,,,,,I00758124
Q148663,Q133461570,,,,,,,,,,,,,,,,,,,,,,,,,,,,,,,,,,,,,,,,,,,,,I00798382
Q148664,Q116147585,,,,,,,,,,,,,,,,,,,,,,,,,,,,,,,,,,,,,,,,,,,,,I00751484
Q148665,Q116812467,,,,,,,,,,,,,,,,,,,,,,,,,,,,,,,,,,,,,,,,,,,,,I00775919
Q148666,Q117306731,,,,,,,,,,,,,,,,,,,,,,,,,,,,,,,,,,,,,,,,,,,,,I00707918
Q148667,Q116112587,,,,,,,,,,,,,,,,,,,,,,,,,,,,,,,,,,,,,,,,,,,,,I00759585
Q148668,Q110585514,,,,,,,,,,,,,,,,,,,,,,,,,,,,,,,,,,,,,,,,,,,,,I00681355
Q148669,Q116479568,,,,,,,,,,,,,,,,,,,,,,,,,,,,,,,,,,,,,,,,,,,,,I00749247
Q148670,Q110290393,,,,,,,,,,,,,,,,,,,,,,,,,,,,,,,,,,,,,,,,,,,,,I00706137
Q148671,Q99082449,,,,,,,,,,,,,,,,,,,,,,,,,,,,,,,,,,,,,,,,,,,,,I00706324
Q148672,Q116147211,,,,,,,,,,,,,,,,,,,,,,,,,,,,,,,,,,,,,,,,,,,,,I00709847
Q148673,Q117306118,,,,,,,,,,,,,,,,,,,,,,,,,,,,,,,,,,,,,,,,,,,,,I00759571
Q148674,Q130338989,,,,,,,,,,,,,,,,,,,,,,,,,,,,,,,,,,,,,,,,,,,,,I00750534
Q148675,Q116148091,,,,,,,,,,,,,,,,,,,,,,,,,,,,,,,,,,,,,,,,,,,,,I00750529
Q148676,Q116148094,,,,,,,,,,,,,,,,,,,,,,,,,,,,,,,,,,,,,,,,,,,,,I00756964
Q148677,Q110585665,,,,,,,,,,,,,,,,,,,,,,,,,,,,,,,,,,,,,,,,,,,,,I00750526
Q148678,Q110585689,,,,,,,,,,,,,,,,,,,,,,,,,,,,,,,,,,,,,,,,,,,,,I00749761
Q148679,Q130340341,,,,,,,,,,,,,,,,,,,,,,,,,,,,,,,,,,,,,,,,,,,,,I00762457
Q148680,Q130340251,,,,,,,,,,,,,,,,,,,,,,,,,,,,,,,,,,,,,,,,,,,,,I00762452
Q148681,Q116147496,,,,,,,,,,,,,,,,,,,,,,,,,,,,,,,,,,,,,,,,,,,,,I00764429
Q148682,Q130340410,,,,,,,,,,,,,,,,,,,,,,,,,,,,,,,,,,,,,,,,,,,,,I00713711
Q148683,Q110290394,,,,,,,,,,,,,,,,,,,,,,,,,,,,,,,,,,,,,,,,,,,,,I00711801
Q148684,Q75869866,,,,,,,,,,,,,,,,,,,,,,,,,,,,,,,,,,,,,,,,,p36887.htm#i368863,,,Valoines-3,
Q148685,Q76286512,,,,,,,,,,,,,,,,,,,,,,,,,,,,,,,,,,,,,,,,,p66331.htm#i663308,,,,
Q148686,Q76286514,,,,,,,,,,,,,,,,,,,,,,,,,,,,,,,,,,,,,,,,,p66331.htm#i663309,,,,I00330969
Q148687,Q76286521,,,,,,,,,,,,,,,,,,,,,,,,,,,,,,,,,,,,,,,,,p66332.htm#i663314,,,,
Q148688,Q76286496,,,,,,,,,,,,,,,,,,,,,,,,,,,,,,,,,,,,,,,,,p66330.htm#i663296,,,,
Q148689,Q116147229,,,,,,,,,,,,,,,,,,,,,,,,,,,,,,,,,,,,,,,,,,,,,I00762418
Q148690,Q110636345,,,,,,,,,,,,,,,,,,,,,,,,,,,,,,,,,,,,,,,,,,,,,I00751797
Q148691,Q110582510,,,,,,,,,,,,,,,,,,,,,,,,,,,,,,,,,,,,,,,,,,,,,I00749692
Q148692,Q116147025,,,,,,,,,,,,,,,,,,,,,,,,,,,,,,,,,,,,,,,,,,,,,I00709931
Q148693,Q116055442,,,,,,,,,,,,,,,,,,,,,,,,,,,,,,,,,,,,,,,,,,,,,I00760607
Q148694,Q133462392,,,,,,,,,,,,,,,,,,,,,,,,,,,,,,,,,,,,,,,,,,,,,I00759330
Q148695,Q116055400,,,,,,,,,,,,,,,,,,,,,,,,,,,,,,,,,,,,,,,,,,,,,I00756020
Q148696,Q76154568,,,,,,,,,,,,,,,,,,,,,,,,,,,,,,,,,,,,,,,,,p56828.htm#i568276,,,Strange-22,I00140324
Q148697,Q76154569,,,,,,,,,,,,,,,,,,,,,,,,,,,,,,,,,,,,,,,,,p56828.htm#i568277,,,Unknown-273752,
Q148698,Q116163065,,,,,,,,,,,,,,,,,,,,,,,,,,,,,,,,,,,,,,,,,,,,Strange-205,I00042950
Q148699,Q61963025,,,,,,,,,,,,,,,,,,,,,,,,,,,,,,,,,,,,,,,,,p56829.htm#i568288,,,Beauchamp-1162,
Q148700,Q76326516,,,,,,,,,,,,,,,,,,,,,,,,,,,,,,,,,,,,,,,,,p69064.htm#i690634,,,Unknown-288801,
Q148701,Q3141945,,,,,,,,,,,,,,,,,,,,,,,,,,,,,p=isabelle;n=ibelin;oc=5,,,,,,,,,,,,p56829.htm#i568285,Isabella_of_Ibelin_(3),,Ibelin-36,I00064417
Q148702,Q76154623,,,,,,,,,,,,,,,,,,,,,,,,,,,,,,,,,,,,,,,,,p56833.htm#i568321,,,Somery-6,I00140328
Q148703,Q76154584,,,,,,,,,,,,,,,,,,,,,,,,,,,,,,,,,,,,,,,,,p56829.htm#i568290,,,Blancminster-1,I00140338
Q148704,Q18020354,,,,,,,,,,,,,,,,,,,,,,,,,,,,,,,,,,,,,,,,,p56830.htm#i568292,,,Strange-212,I00140339
Q148705,Q76154585,,,,,,,,,,,,,,,,,,,,,,,,,,,,,,,,,,,,,,,,,p56830.htm#i568291,,,,
Q148706,Q105769418,,,,,,,,,,,,,,,,,,,,,,,,,,,,,,,,,,,,,,,,,,,,Tregoz-9,I00199030
Q148707,Q72397198,,,,,,,,,,,,,,,,,,,,,,,,,,,,,p=petronilla;n=n;oc=3,,,,,,,,,,,,p15844.htm#i158440,Petronilla_Ewyas_(1),,Unknown-730157,I00028371
Q148708,Q7359190,,,,,,,,,,,,,,,,,,,,,,,,,,,314313,,,,,,,,,,,,,,p15844.htm#i158435,,,Clifford-401,I00028372
Q148709,Q116054442,,,,,,,,,,,,,,,,,,,,,,,,,,,,,,,,,,,,,,,,,,,,,I00706567
Q148710,Q112610796,,,,,,,,,,,,,,,,,,,,,,,,,,,,,,,,,,,,,,,,,,,,,I00700814
Q148711,Q116055397,,,,,,,,,,,,,,,,,,,,,,,,,,,,,,,,,,,,,,,,,,,,,I00708571
Q148712,Q117305927,,,,,,,,,,,,,,,,,,,,,,,,,,,,,,,,,,,,,,,,,,,,,I00756017
Q148713,Q75958826,,,,,,,,,,,,,,,,,,,,,,,,,,,,,,,,,,,,,,,,,p43047.htm#i430464,,,Einion-29,I00723186
Q148714,Q110067763,,,,,,,,,,,,,,,,,,,,,,,,,,,,,,,,,,,,,,,,,,,,,I00713166
Q148715,Q116054557,,,,,,,,,,,,,,,,,,,,,,,,,,,,,,,,,,,,,,,,,,,,,I00758023
Q148716,Q116054517,,,,,,,,,,,,,,,,,,,,,,,,,,,,,,,,,,,,,,,,,,,,,I00751080
Q148717,Q116054479,,,,,,,,,,,,,,,,,,,,,,,,,,,,,,,,,,,,,,,,,,,,,I00197018
Q148718,Q99302475,,,,,,,,,,,,,,,,,,,,,,,,,,,,,,,,,,,,,,,,,,,,,I00700056
Q148719,Q116116382,,,,,,,,,,,,,,,,,,,,,,,,,,,,,,,,,,,,,,,,,,,,,I00696192
Q148720,Q117306716,,,,,,,,,,,,,,,,,,,,,,,,,,,,,,,,,,,,,,,,,,,,,I00757330
Q148721,Q116054493,,,,,,,,,,,,,,,,,,,,,,,,,,,,,,,,,,,,,,,,,,,,,I00706016
Q148722,Q116054491,,,,,,,,,,,,,,,,,,,,,,,,,,,,,,,,,,,,,,,,,,,,,I00699985
Q148723,Q116148060,,,,,,,,,,,,,,,,,,,,,,,,,,,,,,,,,,,,,,,,,,,,,I00764428
Q148724,Q116477981,,,,,,,,,,,,,,,,,,,,,,,,,,,,,,,,,,,,,,,,,,,,,I00759492
Q148725,Q116477742,,,,,,,,,,,,,,,,,,,,,,,,,,,,,,,,,,,,,,,,,,,,,I00775797
Q148726,Q116147799,,,,,,,,,,,,,,,,,,,,,,,,,,,,,,,,,,,,,,,,,,,,,I00775486
Q148727,Q116147650,,,,,,,,,,,,,,,,,,,,,,,,,,,,,,,,,,,,,,,,,,,,,I00758629
Q148728,Q129257232,,,,,,,,,,,,,,,,,,,,,,,,,,,,,,,,,,,,,,,,,,,,,I00776034
Q148729,Q129257236,,,,,,,,,,,,,,,,,,,,,,,,,,,,,,,,,,,,,,,,,,,,,I00757521
Q148730,Q116147648,,,,,,,,,,,,,,,,,,,,,,,,,,,,,,,,,,,,,,,,,,,,,I00758628
Q148731,Q116478989,,,,,,,,,,,,,,,,,,,,,,,,,,,,,,,,,,,,,,,,,,,,,I00710040
Q148732,Q112533713,,,,,,,,,,,,,,,,,,,,,,,,,,,,,,,,,,,,,,,,,,,,,I00750474
Q148733,Q130648361,,,,,,,,,,,,,,,,,,,,,,,,,,,,,,,,,,,,,,,,,,,,,I00712853
Q148734,Q116812712,,,,,,,,,,,,,,,,,,,,,,,,,,,,,,,,,,,,,,,,,,,,,I00755658
Q148735,Q130359000,,,,,,,,,,,,,,,,,,,,,,,,,,,,,,,,,,,,,,,,,,,,,I00696890
Q148736,Q122361508,,,,,,,,,,,,,,,,,,,,,,,,,,,,,,,,,,,,,,,,,,,,,I00757689
Q148737,Q76215123,,,,,,,,,,,,,,,,,,,,,,,,,,,,,,,,,,,,,,,,,p61057.htm#i610566,"Lleucu_Ferch_Llywarch_""Fychan""_(1)",,Llywarch-40,I00465386
Q148738,Q76215124,,,,,,,,,,,,,,,,,,,,,,,,,,,,,,,,,,,,,,,,,p61057.htm#i610567,Dafydd_ap_Gruffudd_(1),,Ap_Gruffydd-46,I00465387
Q148739,Q116478449,,,,,,,,,,,,,,,,,,,,,,,,,,,,,,,,,,,,,,,,,,,,,I00754938
Q148740,Q116147033,,,,,,,,,,,,,,,,,,,,,,,,,,,,,,,,,,,,,,,,,,,,,I00709947
Q148741,Q130358583,,,,,,,,,,,,,,,,,,,,,,,,,,,,,,,,,,,,,,,,,,,,,I00709757
Q148742,Q99302511,,,,,,,,,,,,,,,,,,,,,,,,,,,,,,,,,,,,,,,,,,,,,I00708129
Q148743,Q133462143,,,,,,,,,,,,,,,,,,,,,,,,,,,,,,,,,,,,,,,,,,,,,I00788922
Q148744,Q110413508,,,,,,,,,,,,,,,,,,,,,,,,,,,,,,,,,,,,,,,,,,,,,I00709875
Q148745,Q110412962,,,,,,,,,,,,,,,,,,,,,,,,,,,,,,,,,,,,,,,,,,,,Ap_Llewelyn-36,I00700175
Q148746,Q116146964,,,,,,,,,,,,,,,,,,,,,,,,,,,,,,,,,,,,,,,,,,,,,I00760157
Q148747,Q110413587,,,,,,,,,,,,,,,,,,,,,,,,,,,,,,,,,,,,,,,,,,,,,I00711395
Q148748,Q110413450,,,,,,,,,,,,,,,,,,,,,,,,,,,,,,,,,,,,,,,,,,,,,I00711547
Q148749,Q111454845,,,,,,,,,,,,,,,,,,,,,,,,,,,,,,,,,,,,,,,,,,,,,I00738681
Q148750,Q116147040,,,,,,,,,,,,,,,,,,,,,,,,,,,,,,,,,,,,,,,,,,,,,I00751360
Q148751,Q131347186,,,,,,,,,,,,,,,,,,,,,,,,,,,,,,,,,,,,,,,,,,,,,I00795970
Q148752,Q76188037,,,,,,,,,,,,,,,,,,,,,,,,,,,,,,,,,,,,,,,,,p59111.htm#i591105,,,,I00745031
Q148753,Q76188039,,,,,,,,,,,,,,,,,,,,,,,,,,,,,,,,,,,,,,,,,p59111.htm#i591107,,,,I00745026
Q148754,Q112531537,,,,,,,,,,,,,,,,,,,,,,,,,,,,,,,,,,,,,,,,,,,,,I00769330
Q148755,Q3716266,,,,,,,,,,,,,,,,,,,,,,,,,,,,,,,,,,,,,,,,,,,,,
Q148756,Q116052788,,,,,,,,,,,,,,,,,,,,,,,,,,,,,,,,,,,,,,,,,,,,,I00754391
Q148757,Q122260578,,,,,,,,,,,,,,,,,,,,,,,,,,,,,,,,,,,,,,,,,,,,,I00753461
Q148758,Q122260538,,,,,,,,,,,,,,,,,,,,,,,,,,,,,,,,,,,,,,,,,,,,,I00753452
Q148759,Q2870895,,,,,,,,,,,,,,,,,,,,,,,,,,,,,p=ugaire;n=mac ailill,,,,,,,,,,,,,Augaire_mac_Ailella_(1)|Ugaire_Leinster_(1),,Leinster-37,I00424536
Q148760,Q70594175,,,,,,,,,,,,,,,,,,,,,,,,,,,,,p=augaire mactuathal;n=o muiredaig,,,,,,,,,,,,,,,Mac_Tuathail-4,
Q148761,Q116055642,,,,,,,,,,,,,,,,,,,,,,,,,,,,,,,,,,,,,,,,,,,,,I00760858
Q148762,Q110582656,,,,,,,,,,,,,,,,,,,,,,,,,,,,,,,,,,,,,,,,,,,,,I00750358
Q148763,Q110636466,,,,,,,,,,,,,,,,,,,,,,,,,,,,,,,,,,,,,,,,,,,,,I00713474
Q148764,Q116055716,,,,,,,,,,,,,,,,,,,,,,,,,,,,,,,,,,,,,,,,,,,,,I00756956
Q148765,Q116055550,,,,,,,,,,,,,,,,,,,,,,,,,,,,,,,,,,,,,,,,,,,,,I00764235
Q148766,Q133462153,,,,,,,,,,,,,,,,,,,,,,,,,,,,,,,,,,,,,,,,,,,,,I00788937
Q148767,Q112531573,,,,,,,,,,,,,,,,,,,,,,,,,,,,,,,,,,,,,,,,,,,,,I00713623
Q148768,Q116148058,,,,,,,,,,,,,,,,,,,,,,,,,,,,,,,,,,,,,,,,,,,,,I00713815
Q148769,Q130338966,,,,,,,,,,,,,,,,,,,,,,,,,,,,,,,,,,,,,,,,,,,,,I00758295
Q148770,Q99302418,,,,,,,,,,,,,,,,,,,,,,,,,,,,,,,,,,,,,,,,,,,,,I00711659
Q148771,Q110413510,,,,,,,,,,,,,,,,,,,,,,,,,,,,,,,,,,,,,,,,,,,,,I00759588
Q148772,Q110635789,,,,,,,,,,,,,,,,,,,,,,,,,,,,,,,,,,,,,,,,,,,,,I00755598
Q148773,Q116147048,,,,,,,,,,,,,,,,,,,,,,,,,,,,,,,,,,,,,,,,,,,,,I00711672
Q148774,Q116469786,,,,,,,,,,,,,,,,,,,,,,,,,,,,,,,,,,,,,,,,,,,,,I00586418
Q148775,Q116478844,,,,,,,,,,,,,,,,,,,,,,,,,,,,,,,,,,,,,,,,,,,,,I00776134
Q148776,Q117306008,,,,,,,,,,,,,,,,,,,,,,,,,,,,,,,,,,,,,,,,,,,,,I00755398
Q148777,Q117306138,,,,,,,,,,,,,,,,,,,,,,,,,,,,,,,,,,,,,,,,,,,,,I00775537
Q148778,Q131347189,,,,,,,,,,,,,,,,,,,,,,,,,,,,,,,,,,,,,,,,,,,,,I00795972
Q148779,Q133461549,,,,,,,,,,,,,,,,,,,,,,,,,,,,,,,,,,,,,,,,,,,,,I00025918
Q148780,Q96244045,,,,,,,,,,,,,,,,,,,,,,,,,,,,,,,,,,,,,,,,,,,,,I00400577
Q148781,Q99105693,,,,,,,,,,,,,,,,,,,,,,,,,,,,,,,,,,,,,,,,,,,,,I00311444
Q148782,Q110290667,,,,,,,,,,,,,,,,,,,,,,,,,,,,,,,,,,,,,,,,,,,,,I00760868
Q148783,Q76215134,,,,,,,,,,,,,,,,,,,,,,,,,,,,,,,,,,,,,,,,,p61058.htm#i610575,,,Ferch_Ieuan_Goch-1,I00705531
Q148784,Q110636664,,,,,,,,,,,,,,,,,,,,,,,,,,,,,,,,,,,,,,,,,,,,,I00750254
Q148785,Q116156567,,,,,,,,,,,,,,,,,,,,,,,,,,,,,,,,,,,,,,,,,,,,,I00749451
Q148786,Q116478419,,,,,,,,,,,,,,,,,,,,,,,,,,,,,,,,,,,,,,,,,,,,,I00750672
Q148787,Q130358757,,,,,,,,,,,,,,,,,,,,,,,,,,,,,,,,,,,,,,,,,,,,,I00705962
Q148788,Q116052919,,,,,,,,,,,,,,,,,,,,,,,,,,,,,,,,,,,,,,,,,,,,,I00759019
Q148789,Q130358564,,,,,,,,,,,,,,,,,,,,,,,,,,,,,,,,,,,,,,,,,,,,,I00761388
Q148790,Q117307039,,,,,,,,,,,,,,,,,,,,,,,,,,,,,,,,,,,,,,,,,,,,,I00761340
Q148791,Q130358746,,,,,,,,,,,,,,,,,,,,,,,,,,,,,,,,,,,,,,,,,,,,,I00708744
Q148792,Q112610895,,,,,,,,,,,,,,,,,,,,,,,,,,,,,,,,,,,,,,,,,,,,,I00708694
Q148793,Q116115845,,,,,,,,,,,,,,,,,,,,,,,,,,,,,,,,,,,,,,,,,,,,,I00774772
Q148794,Q116147338,,,,,,,,,,,,,,,,,,,,,,,,,,,,,,,,,,,,,,,,,,,,,I00753058
Q148795,Q110290390,,,,,,,,,,,,,,,,,,,,,,,,,,,,,,,,,,,,,,,,,,,,,I00757597
Q148796,Q117307109,,,,,,,,,,,,,,,,,,,,,,,,,,,,,,,,,,,,,,,,,,,,,I00714629
Q148797,Q116477631,,,,,,,,,,,,,,,,,,,,,,,,,,,,,,,,,,,,,,,,,,,,,I00749595
Q148798,Q75382642,,,,,,,,,,,,,,,,,,,,,,,,,,,137736,,p=llywlyn;n=ap owain,,,,,,,,,,,,p10282.htm#i102812,Llewellyn_ap_Owen_(1),,Ab_Owain-48,I00059431
Q148799,Q2830624,,,,,,,,,,,,,,,,,,,,,,,,,,,48985,,p=alan;n=of galloway,,,,,,,,,,,,p10249.htm#i102485,Alan_of_Galloway_(1),,Galloway-1427,I00027683
Q148800,Q2004866,,,,,,,,LTY7-XD3,,3381,,,,,,,,,,,,,,,,,49264,,p=devorguilla;n=of galloway,,,,,,,,,,,,p10249.htm#i102486,Dervorguilla_of_Galloway_(1),,Galloway-1276,I00027686
Q148801,Q75387874,,,,,,,,,,,,,,,,,,,,,,,,,,,49262,,,,,,,,,,,,,,p10778.htm#i107773,Christina_of_Galloway_(1),,Galloway-232,I00139234
Q148802,Q2962479,,,,,,,,,,,,,,,,,,,,,,,,,,,110752,,p=robert;n=bruce,,,,,,,,,,,,p10248.htm#i102477,Robert_de_Brus_(3),,Bruce-177,I00027705
Q148803,Q75242785,,,,,,,,,,,,,,,,,,,,,,,,,,,,,p=bernard;n=bruce;oc=2,,,,,,,,,,,,p488.htm#i4877,Bernard_Bruce_(2),,Bruce-131,I00296362
Q148804,Q75387863,,,,,,,,,,,,,,,,,,,,,,,,,,,,,,,,,,,,,,,,,p10776.htm#i107756,,,,I00029178
Q148805,Q75518347,,,,,,,,,,,,,,,,,,,,,,,,,,,,,p=orable;n=of leuchars,,,,,,,,,,,,p18992.htm#i189911,Orabel_de_Leuchars_(1),,,I00106758
Q148806,Q75251068,,,,,,,,,,,,,,,,,,,,,,,,,,,,,,,,,,,,,,,,,p1171.htm#i11703,,,Quincy-82,I00109453
Q148807,Q76201088,,,,,,,,,,,,,,,,,,,,,,,,,,,530883,,p=arabella;n=de quincy,,,,,,,,,,,,p59997.htm#i599967,Arabella_De_Quincy_(1),,Quincy-75,I00029003
Q148808,Q61964639,,,,,,,,,,,,,,,,,,,,,,,,,,,,,,,,,,,,,,,,,p60130.htm#i601291,,,Beauchamp-165,I00399115
Q148809,Q76203091,,,,,,,,,,,,,,,,,,,,,,,,,,,,,,,,,,,,,,,,,p60130.htm#i601292,,,,
Q148810,Q76203094,,,,,,,,,,,,,,,,,,,,,,,,,,,,,,,,,,,,,,,,,p60130.htm#i601294,,,,I00399117
Q148811,Q76203097,,,,,,,,,,,,,,,,,,,,,,,,,,,,,,,,,,,,,,,,,p60130.htm#i601296,,,,
Q148812,Q56285151,,,,,,,,,,,,,,,,,,,,,,,,,,,522459,,p=joan;n=de fiennes,,,,,,,,,,,,p10699.htm#i106989,Joanna_De_Fiennes_(1),,Fiennes-81,I00106029
Q148813,Q3846893,,,,,,,,,,,,,,,,,,I2296,,,,,,,,,326753,,p=margaret;n=wake,,,,,,,,,,,,p10215.htm#i102147,Margaret_Wake_(30),,Wake-3,I00007046
Q148814,Q76163177,,,,,,,,,,,,,,,,,,,,,,,,,,,,,,,,,,,,,,,,,p57375.htm#i573750,,,Wake-98,
Q148815,Q7794814,,,,,,,,,,,,,,,,,,,,,,,,,,,,,,,,,,,,,,,,,p10687.htm#i106869,Thomas_Wake_(12),,Wake-97,I00106027
Q148816,Q76203178,,,,,,,,,,,,,,,,,,,,,,,,,,,,,,,,,,,,,,,,,p60135.htm#i601341,,,,
Q148817,Q75453862,,,,,,,,,,,,,,,,,,,,,,,,,,,,,,,,,,,,,,,,,p15186.htm#i151858,,,Grelle-24,
Q148818,Q113633091,,,,,,,,,,,,,,,,,,,,,,,,,,,,,,,,,,,,,,,,,,,,,I00398068
Q148819,Q130359085,,,,,,,,,,,,,,,,,,,,,,,,,,,,,,,,,,,,,,,,,,,,,I00760392
Q148820,Q116146097,,,,,,,,,,,,,,,,,,,,,,,,,,,,,,,,,,,,,,,,,,,,,I00710000
Q148821,Q3144469,,,,,,,,,,,,,,,,,,,,,,,,,,,,,,,,,,,,,,,,,,,,Ap_Rhys-98,I00759120
Q148822,Q43371550,,,,,,,,,,,,,,,,,,,,,,,,,,,,,,,,,,,,,,,,,,,,,
Q148823,Q75531112,,,,,,,,,,,,,,,,,,,,,,,,,,,,,,,,,,,,,,,,,p19772.htm#i197711,,,,
Q148824,Q131346811,,,,,,,,,,,,,,,,,,,,,,,,,,,,,,,,,,,,,,,,,,,,,I00760822
Q148825,Q110413638,,,,,,,,,,,,,,,,,,,,,,,,,,,,,,,,,,,,,,,,,,,,,I00760821
Q148826,Q116178181,,,,,,,,,,,,,,,,,,,,,,,,,,,,,,,,,,,,,,,,,,,,,I00763002
Q148827,Q97532340,,,,,,,,,,,,,,,,,,,,,,,,,,,,,,,,,,,,,,,,,,,,,I00705662
Q148828,Q99302456,,,,,,,,,,,,,,,,,,,,,,,,,,,,,,,,,,,,,,,,,,,,,I00708123
Q148829,Q110412970,,,,,,,,,,,,,,,,,,,,,,,,,,,,,,,,,,,,,,,,,,,,,I00700176
Q148830,Q116054814,,,,,,,,,,,,,,,,,,,,,,,,,,,,,,,,,,,,,,,,,,,,,I00708266
Q148831,Q116147727,,,,,,,,,,,,,,,,,,,,,,,,,,,,,,,,,,,,,,,,,,,,,I00764013
Q148832,Q116812175,,,,,,,,,,,,,,,,,,,,,,,,,,,,,,,,,,,,,,,,,,,,,I00774835
Q148833,Q110333025,,,,,,,,,,,,,,,,,,,,,,,,,,,,,,,,,,,,,,,,,,,,,I00699803
Q148834,Q116812168,,,,,,,,,,,,,,,,,,,,,,,,,,,,,,,,,,,,,,,,,,,,Ap_Griffith-23,I00319515
Q148835,Q131342921,,,,,,,,,,,,,,,,,,,,,,,,,,,,,,,,,,,,,,,,,,,,,I00806213
Q148836,Q116812262,,,,,,,,,,,,,,,,,,,,,,,,,,,,,,,,,,,,,,,,,,,,,I00777367
Q148837,Q130339204,,,,,,,,,,,,,,,,,,,,,,,,,,,,,,,,,,,,,,,,,,,,,I00755346
Q148838,Q116109122,,,,,,,,,,,,,,,,,,,,,,,,,,,,,,,,,,,,,,,,,,,,,I00707136
Q148839,Q122361602,,,,,,,,,,,,,,,,,,,,,,,,,,,,,,,,,,,,,,,,,,,,,I00750872
Q148840,Q116053031,,,,,,,,,,,,,,,,,,,,,,,,,,,,,,,,,,,,,,,,,,,,,I00736679
Q148841,Q112491216,,,,,,,,,,,,,,,,,,,,,,,,,,,,,,,,,,,,,,,,,,,,,I00714639
Q148842,Q99073201,,,,,,,,,,,,,,,,,,,,,,,,,,,,,,,,,,,,,,,,,,,,,I00706190
Q148843,Q116146941,,,,,,,,,,,,,,,,,,,,,,,,,,,,,,,,,,,,,,,,,,,,,I00709851
Q148844,Q133461360,,,,,,,,,,,,,,,,,,,,,,,,,,,,,,,,,,,,,,,,,,,,,I00757272
Q148845,Q133461669,,,,,,,,,,,,,,,,,,,,,,,,,,,,,,,,,,,,,,,,,,,,,I00803775
Q148846,Q116147027,,,,,,,,,,,,,,,,,,,,,,,,,,,,,,,,,,,,,,,,,,,,,I00749811
Q148847,Q117307073,,,,,,,,,,,,,,,,,,,,,,,,,,,,,,,,,,,,,,,,,,,,,I00761347
Q148848,Q117307034,,,,,,,,,,,,,,,,,,,,,,,,,,,,,,,,,,,,,,,,,,,,,I00708497
Q148849,Q76326547,,,,,,,,,,,,,,,,,,,,,,,,,,,601529,,,,,,,,,,,,,,p69066.htm#i690656,,,Corbet-40,I00228132
Q148850,Q76326549,,,,,,,,,,,,,,,,,,,,,,,,,,,,,,,,,,,,,,,,,p69066.htm#i690657,,,,
Q148851,Q2657664,,,,,,,,,,,,,,,,,,,,,,,,,,,601525,,p=john;n=de cherlton;oc=2,,,,,,,,,,,,p285.htm#i2844,John_de_Cherleton_(3),,Charlton-245,I00042953
Q148852,Q2657719,,,,,,,,,,,,,,,,,,,,,,,,,,,,,,,,,,,,,,,,,p21584.htm#i215840|p70351.htm#i703501,,,Cherleton-24,I00191852
Q148853,Q75240758,,,,,,,,,,,,,,,,,,I5625,,,,,,,,,,,,,,,,,,,,,,,p284.htm#i2840,,,,I00042958
Q148854,Q76154618,,,,,,,,,,,,,,,,,,,,,,,,,,,,,,,,,,,,,,,,,p56832.htm#i568317,,,,
Q148855,Q110520824,,,,,,,,,,,,,,,,,,,,,,,,,,,,,,,,,,,,,,,,,,,,FitzWarin-92,I00199048
Q148856,Q75403220,,,,,,,,,,,,,,,,,,,,,,,,,,,,,,,,,,,,,,,,,p12018.htm#i120172,,,FitzWarin-97,I00043000
Q148857,Q116054522,,,,,,,,,,,,,,,,,,,,,,,,,,,,,,,,,,,,,,,,,,,,,I00756037
Q148858,Q110290618,,,,,,,,,,,,,,,,,,,,,,,,,,,,,,,,,,,,,,,,,,,,,I00754158
Q148859,Q117305947,,,,,,,,,,,,,,,,,,,,,,,,,,,,,,,,,,,,,,,,,,,,,I00758354
Q148860,Q110585751,,,,,,,,,,,,,,,,,,,,,,,,,,,,,,,,,,,,,,,,,,,,,I00755716
Q148861,Q116147358,,,,,,,,,,,,,,,,,,,,,,,,,,,,,,,,,,,,,,,,,,,,,I00723188
Q148862,Q110290488,,,,,,,,,,,,,,,,,,,,,,,,,,,,,,,,,,,,,,,,,,,,,I00706105
Q148863,Q96244009,,,,,,,,,,,,,,,,,,,,,,,,,,,,,,,,,,,,,,,,,,,,,I00387953
Q148864,Q117306773,,,,,,,,,,,,,,,,,,,,,,,,,,,,,,,,,,,,,,,,,,,,,I00758356
Q148865,Q130358713,,,,,,,,,,,,,,,,,,,,,,,,,,,,,,,,,,,,,,,,,,,,,I00775126
Q148866,Q99211913,,,,,,,,,,,,,,,,,,,,,,,,,,,,,,,,,,,,,,,,,,,,Ap_Llewelyn-63,I00736945
Q148867,Q130358541,,,,,,,,,,,,,,,,,,,,,,,,,,,,,,,,,,,,,,,,,,,,,I00708747
Q148868,Q130358721,,,,,,,,,,,,,,,,,,,,,,,,,,,,,,,,,,,,,,,,,,,,,I00774904
Q148869,Q131346718,,,,,,,,,,,,,,,,,,,,,,,,,,,,,,,,,,,,,,,,,,,,,I00777764
Q148870,Q131346715,,,,,,,,,,,,,,,,,,,,,,,,,,,,,,,,,,,,,,,,,,,,,I00777752
Q148871,Q131346724,,,,,,,,,,,,,,,,,,,,,,,,,,,,,,,,,,,,,,,,,,,,,I00777754
Q148872,Q131347067,,,,,,,,,,,,,,,,,,,,,,,,,,,,,,,,,,,,,,,,,,,,,I00807702
Q148873,Q131346750,,,,,,,,,,,,,,,,,,,,,,,,,,,,,,,,,,,,,,,,,,,,,I00777772
Q148874,Q110582696,,,,,,,,,,,,,,,,,,,,,,,,,,,,,,,,,,,,,,,,,,,,Ab_Elystan-2,I00760190
Q148875,Q106703107,,,,,,,,,,,,,,,,,,,,,,,,,,,,,,,,,,,,,,,,,,,,,I00708107
Q148876,Q106703104,,,,,,,,,,,,,,,,,,,,,,,,,,,,,,,,,,,,,,,,,,,,,I00708105
Q148877,Q116054781,,,,,,,,,,,,,,,,,,,,,,,,,,,,,,,,,,,,,,,,,,,,,I00713208
Q148878,Q116054569,,,,,,,,,,,,,,,,,,,,,,,,,,,,,,,,,,,,,,,,,,,,,I00751079
Q148879,Q99073356,,,,,,,,,,,,,,,,,,,,,,,,,,,,,,,,,,,,,,,,,,,,,I00589158
Q148880,Q110635889,,,,,,,,,,,,,,,,,,,,,,,,,,,,,,,,,,,,,,,,,,,,,I00706191
Q148881,Q111455036,,,,,,,,,,,,,,,,,,,,,,,,,,,,,,,,,,,,,,,,,,,,,I00708600
Q148882,Q130340307,,,,,,,,,,,,,,,,,,,,,,,,,,,,,,,,,,,,,,,,,,,,,I00706213
Q148883,Q116113678,,,,,,,,,,,,,,,,,,,,,,,,,,,,,,,,,,,,,,,,,,,,,I00757408
Q148884,Q116116272,,,,,,,,,,,,,,,,,,,,,,,,,,,,,,,,,,,,,,,,,,,,,I00762541
Q148885,Q111442411,,,,,,,,,,,,,,,,,,,,,,,,,,,,,,,,,,,,,,,,,,,,Scrope-83,
Q148886,Q111442678,,,,,,,,,,,,,,,,,,,,,,,,,,,,,,,,,,,,,,,,,,,,Scrope-216,
Q148887,Q116146417,,,,,,,,,,,,,,,,,,,,,,,,,,,,,,,,,,,,,,,,,,,,,I00499080
Q148888,Q110641632,,,,,,,,,,,,,,,,,,,,,,,,,,,,,,,,,,,,,,,,,,,,,I00450123
Q148889,Q110641628,,,,,,,,,,,,,,,,,,,,,,,,,,,,,,,,,,,,,,,,,,,,,I00450128
Q148890,Q18671681,,,,,,,,,,,,,,,,,,,,,,,,,,,141744,,,,,,,,,,,,,,p41178.htm#i411775,,,Lacy-276,
Q148891,Q79226175,,,,,,,,,,,,,,,,,,,,,,,,,,,,,,,,,,,,,,,,,,,,Essex-164,
Q148892,Q126100020,,,,,,,,,,,,,,,,,,,,,,,,,,,,,,,,,,,,,,,,,p73813.htm#i738122,Unknown_de_Lacy_(2),,Lacy-878,I00389754
Q148893,Q75519879,,,,,,,,,,,,,,,,,,I5417,,,,,,,,,,,,,,,,,,,,,,,p19079.htm#i190785,,,,
Q148894,Q76264294,,,,,,,,,,,,,,,,,,,,,,,,,,,,,,,,,,,,,,,,,p64747.htm#i647464,,,,
Q148895,Q61963109,,,,,,,,,,,,,,,,,,,,,,,,,,,,,,,,,,,,,,,,,,,,,
Q148896,Q8020810,,,,,,,,,,,,,,,,,,,,,,,,,,,,,,,,,,,,,,,,,p65817.htm#i658163,,,Mowbray-151,I00139751
Q148897,Q18710325,,,,,,,,,,,,,,,,,,,,,,,,,,,,,,,,,,,,,,,,,p65817.htm#i658162,,,Mowbray-84,I00139748
Q148898,Q18710295,,,,,,,,,,,,,,,,,,,,,,,,,,,,,,,,,,,,,,,,,p65818.htm#i658177,,,,
Q148899,Q75266507,,,,,,,,,,,,,,,,,,,,,,,,,,,,,,,,,,,,,,,,,p2349.htm#i23489,,,Tattershall-54,I00281003
Q148900,Q75266508,,,,,,,,,,,,,,,,,,,,,,,,,,,,,,,,,,,,,,,,,p2349.htm#i23490,,,Tattershall-53,I00281005
Q148901,Q7341138,,,,,,,,,,,,,,,,,,,,,,,,,,,,,,,,,,,,,,,,,p468.htm#i4679,"Robert,_Earl_of_Strathearn_(1)",,Strathearn-9,I00108361
Q148902,Q28648770,,,,,,,,M9QT-TX4,,,,,,,,,,I5083,,,,,,,,,,,,,,,,,,,,,,,p2353.htm#i23521,,,Somery-7,I00113914
Q148903,Q61896336,,,,,,,,,,,,,,,,,,I5081,,,,,,,,,,,,,,,,,,,,,,,p11697.htm#i116970,,,Somery-12,I00028666
Q148904,Q76267330,,,,,,,,,,,,,,,,,,,,,,,,,,,,,,,,,,,,,,,,,p64978.htm#i649779,,,,
Q148905,Q76267333,,,,,,,,,,,,,,,,,,,,,,,,,,,,,,,,,,,,,,,,,p64979.htm#i649781,,,Somery-57,
Q148906,Q75266558,,,,,,,,,,,,,,,,,,,,,,,,,,,,,,,,,,,,,,,,,p2353.htm#i23523,,,,
Q148907,Q76267336,,,,,,,,,,,,,,,,,,,,,,,,,,,,,,,,,,,,,,,,,p64979.htm#i649784,,,,
Q148908,Q76267337,,,,,,,,,,,,,,,,,,,,,,,,,,,,,,,,,,,,,,,,,p64979.htm#i649785,,,,
Q148909,Q76267338,,,,,,,,,,,,,,,,,,,,,,,,,,,,,,,,,,,,,,,,,p64979.htm#i649786,,,,
Q148910,Q1278789,,,,,,,,,,,,,,,,,,,,,,,,,,,48818,,p=john;n=fitzalan;oc=5,,,,,,,,,,,,p2352.htm#i23519,John_FitzAlan_(72),,FitzAlan-175,I00030556
Q148911,Q1278760,,,,,,,,,,,,,,,,,,,,,,,,,,,48821,,p=john;n=fitzalan;oc=4,,,,,,,,,,,,p11648.htm#i116477,John_FitzAlan_(71),,FitzAlan-640,I00030557
Q148912,Q75242528,,,,,,,,,,,,,,,,,,,,,,,,,,,,,,,,,,,,,,,,,p463.htm#i4630,,,Bocland-10,I00110855
Q148913,Q28985067,,,,,,,,,,,,,,,,,,,,,,,,,,,,,,,,,,,,,,,,,p22807.htm#i228065|p32676.htm#i326753,,,Vipont-3,I00175593
Q148914,Q72388905,,,,,,,,,,,,,,,,,,,,,,,,,,,,,,,,,,,,,,,,,p15844.htm#i158434,,,,I00028376
Q148915,Q5339352,,,,,,,,,,,,,,,,,,I4207,,,,,,,,,,,,,,,,,,,,,,,p15141.htm#i151404,Edmund_Butler_(6),,Butler-1760,I00126370
Q148916,Q7788088,,,,,,,,,,,,,,,,,,,,,,,,,,,,,,,,,,,,,,,,,p27244.htm#i272439,Thomas_Butler_(126),,LeBoteler-14,
Q148917,Q75877567,,,,,,,,,,,,,,,,,,,,,,,,,,,,,,,,,,,,,,,,,p37451.htm#i374504,,,,
Q148918,Q76275379,,,,,,,,,,,,,,,,,,,,,,,,,,,,,,,,,,,,,,,,,p65589.htm#i655890,,,,
Q148919,Q76275380,,,,,,,,,,,,,,,,,,,,,,,,,,,,,,,,,,,,,,,,,p65590.htm#i655891,,,,
Q148920,Q76275381,,,,,,,,,,,,,,,,,,,,,,,,,,,,,,,,,,,,,,,,,p65590.htm#i655892,,,,
Q148921,Q76275383,,,,,,,,,,,,,,,,,,,,,,,,,,,,,,,,,,,,,,,,,p65590.htm#i655893,,,,
Q148922,Q76275385,,,,,,,,,,,,,,,,,,,,,,,,,,,,,,,,,,,,,,,,,p65590.htm#i655894,,,,
Q148923,Q75527930,,,,,,,,,,,,,,,,,,,,,,,,,,,,,,,,,,,,,,,,,p19586.htm#i195858,,,Butler-1849,
Q148924,Q76343315,,,,,,,,,,,,,,,,,,,,,,,,,,,,,,,,,,,,,,,,,p70231.htm#i702310,,,,
Q148925,Q76343316,,,,,,,,,,,,,,,,,,,,,,,,,,,,,,,,,,,,,,,,,p70232.htm#i702311,,,,
Q148926,Q76154626,,,,,,,,,,,,,,,,,,,,,,,,,,,,,,,,,,,,,,,,,p56833.htm#i568323,,,De_Mont-7,
Q148927,Q76154627,,,,,,,,,,,,,,,,,,,,,,,,,,,,,,,,,,,,,,,,,p56833.htm#i568324,,,Mont-19,
Q148928,Q75400625,,,,,,,,,,,,,,,,,,I4670,,,,,,,,,,,,,,,,,,,,,,,p11863.htm#i118621,,,Beauchamp-70,I00311033
Q148929,Q75400624,,,,,,,,,,,,,,,,,,I4661,,,,,,,,,,,,,,,,,,,,,,,p11862.htm#i118620,,,Beauchamp-144,I00191867
Q148930,Q96238044,,,,,,,,,,,,,,,,,,,,,,,,,,,,,,,,,,,,,,,,,,,,Beauchamp-69,I00333010
Q148931,Q75248223,,,,,,,,,,,,,,,,,,,,,,,,,,,,,,,,,,,,,,,,,p931.htm#i9301,,,FitzGerold-5,
Q148932,Q695418,,,,,,,,,,,,,,,,,,,,,,,,,,,1019126,,p=arnould;n=de guines,,,,,,,,,,,,,Arnould_de_Guînes_(1),,Guînes-15,I00108749
Q148933,Q110385615,,,,,,,,,,,,,,,,,,,,,,,,,,,1019127,,p=beatrix;n=de bourbourg;oc=4,,,,,,,,,,,,,,,Bourbourg-1,I00108750
Q148934,Q7605971,,,,,,,,,,,,,,,,,,,,,,,,,,,,,,,,,,,,,,,,,p10778.htm#i107774,"William_de_Forz,_4th_Earl_of_Albemarle_(1)",,Forz-3,I00385641
Q148935,Q4827995,,,,,,,,,,,,,,,,,,,,,,,,,,,13036,,p=aveline;n=de forz,,,,,,,,,,,,p10223.htm#i102229,Aveline_de_Forz_(1),,Forz-4,I00106031
Q148936,Q75301568,,,,,,,,,,,,,,,,,,,,,,,,,,,,,,,,,,,,,,,,,p4894.htm#i48932,,,,
Q148937,Q75301559,,,,,,,,,,,,,,,,,,,,,,,,,,,,,,,,,,,,,,,,,p4893.htm#i48922,,,,
Q148938,Q75301562,,,,,,,,,,,,,,,,,,,,,,,,,,,,,,,,,,,,,,,,,p4893.htm#i48924,,,,
Q148939,Q75275694,,,,,,,,,,,,,,,,,,,,,,,,,,,,,,,,,,,,,,,,,p3109.htm#i31087,,,,
Q148940,Q7359206,,,,,,,,,,,,,,,,,,,,,,,,,,,,,,,,,,,,,,,,,p41103.htm#i411028,Roger_de_Mowbray_(2),,Mowbray-39,I00026845
Q148941,Q6265599,,,,,,,,,,,,,,,,,,,,,,,,,,,,,,,,,,,,,,,,,p15170.htm#i151697,John_de_Mowbray_(5),,Mowbray-54,I00026837
Q148942,Q19959253,,,,,,,,,,,,,,,,,,,,,,,,,,,,,,,,,,,,,,,,,p15842.htm#i158413,,,Clare-334,
Q148943,Q7330181,,,,,,,,,,,,,,,,,,,,,,,,,,,,,,,,,,,,,,,,,p15842.htm#i158411,Richard_de_Clare_(1),,,
Q148944,Q3846899,,,,,,,,LD91-Q2Q,,57715264,,,,,,,,,,,,,,,,,,,,,,,,,,,,,,,p356.htm#i3559,Margaret_de_Clare_(3),,Clare-638,I00026630
Q148945,Q20171448,,,,,,,,93M8-21Q,,,,,,,,,,I10614,,,,,,,,,327962,,,,,,,,,,,,,,p15824.htm#i158232,,,Clare-284,I00028352
Q148946,Q2002250,,,,,,,,,,,,,,,,,,I5462,,,,,,,,,,,,,,,,,,,,,,,p10486.htm#i104851,Elizabeth_de_Clare_(1),,Clare-101,I00027612
Q148947,Q257968,,,,,,,,GDW4-666,,12535626,,,,,,,,I4765,,,,,,,,,11899,,p=joan;n=plantagenet;oc=5,,,sw.980600,,,,,,,,,p10191.htm#i101910,Joan_of_Acre_(1),,Plantagenet-181,I00005915
Q148948,Q15710785,,,,,,,,,,,,,,,,,,,,,,,,,,,,,p=joan;n=de clare,,,,,,,,,,,,p10303.htm#i103030,Joan_De_Clare_(3),,Clare-518,I00308672
Q148949,Q2002601,,,,,,,,,,,,,,,,,,I5433,,,,,,,,,,,,,,,,,,,,,,,p10485.htm#i104848,Gilbert_de_Clare_(8),,Clare-537,
Q148950,Q2160835,,,,,,,,,,,,,,,,,,I4762,,,,,,,,,,,,,,,,,,,,,,,p10485.htm#i104849,Eleanor_de_Clare_(1),,Clare-89,I00027819
Q148953,Q75387860,,,,,,,,,,,,,,,,,,,,,,,,,,,,,p=christina;n=de ireby,,,,,,,,,,,,p10776.htm#i107753,,,De_Ireby-2,
Q148954,Q76045695,,,,,,,,,,,,,,,,,,,,,,,,,,,,,,,,,,,,,,,,,p49177.htm#i491763,,,Bruce-2279,
Q148955,Q95492812,,,,,,,,,,,,,,,,,,,,,,,,,,,918739,,,,,,,,,,,,,,,,,Bruce-495,I00296360
Q148956,Q90870140,,,,,,,,,,,,,,,,,,,,,,,,,,,913823,,p=richard;n=bruce;oc=1,,,,,,,,,,,,,,,Bruce-497,I00296369
Q148957,Q75238197,,,,,,,,,,,,,,,,,,,,,,,,,,,918740,,,,,,,,,,,,,,p86.htm#i857,Isabella_Bruce_(10),,Brus-127,I00165794
Q148958,Q273307,,,,,,,,L8MB-67P,,,,,,,,,,I6449,,,,,,,,,49300,,p=marjory;n=of carrick,,,,,,,,,,,,p10248.htm#i102473,"Marjorie,_Countess_of_Carrick_(1)",,Carrick-8,I00027620
Q148959,Q75382398,,,,,,,,,,,,,,,,,,,,,,,,,,,,,p=eleanora;n=of carrick,,,,,,,,,,,,p10248.htm#i102472,,,Unknown-235042,I00591965
Q148960,Q187312,,,,,,,,LDQR-3KB,,2894|3104|115637300,,,,,,,,I6450,,,,,,,,,49309,,p=robert;n=bruce;oc=1,,,,,,,,,,,,p10209.htm#i102089,Robert_I_of_Scotland_(1),,Bruce-129,I00006033
Q148961,Q287467,,,,,,,,,,,,,,,,,,,,,,,,,,,111074,,p=isobel;n=bruce;oc=2,,,,,,,,,,,,p10352.htm#i103512,Isabel_Bruce_(1),,Brus-106,I00295574
Q148962,Q7032743,,,,,,,,,,,,,,,,,,,,,,,,,,,49304,,p=nigel;n=bruce,,,,,,,,,,,,p10352.htm#i103511,Nigel_Bruce_(1),,Brus-100,I00295570
Q148963,Q385362,,,,,,,,LZTC-GX5,,,,,,,,,,,,,,,,,,,95990,,p=edward;n=bruce;oc=3,,,,,,,,,,,,p10351.htm#i103508,Edward_Bruce_(1),,Brus-97,I00029189
Q148964,Q6779128,,,,,,,,K6QG-MLS,,,,,,,,,,,,,,,,,,,913990,,p=mary;n=bruce;oc=8,,,,,,,,,,,,p10787.htm#i107865,Mary_Bruce_(2),,Bruce-425,I00043790
Q148965,Q4720472,,,,,,,,,,,,,,,,,,,,,,,,,,,49303,,p=alexander;n=bruce,,,,,,,,,,,,p10351.htm#i103510,Alexander_Bruce_(1),,Brus-99,I00295569
Q148966,Q7239560,,,,,,,,,,,,,,,,,,,,,,,,,,,913992,,p=thomas;n=bruce,,,,,,,,,,,,p10351.htm#i103509,Thomas_Bruce_(1),,Brus-98,I00295568
Q148967,Q21855874,,,,,,,,,,,,,,,,,,,,,,,,,,,,,p=margaret;n=de brus,,,,,,,,,,,,p10790.htm#i107892,Margaret_Bruce_(18),,Brus-104,I00295572
Q148968,Q21856413,,,,,,,,,,,,,,,,,,,,,,,,,,,,,p=elizabeth;n=bruce;oc=9,,,,,,,,,,,,,Elizabeth_Bruce_(1),,Bruce-120,I00705417
Q148969,Q21856420,,,,,,,,,,,,,,,,,,,,,,,,,,,913991,,p=maud;n=bruce,,,,,,,,,,,,p10790.htm#i107896,Maud_Bruce_(1),,Brus-102,I00056763
Q148970,Q5110758,,,,,,,,,,,,,,,,,,,,,,,,,,,913989,,p=christina;n=bruce;oc=2,,,,,,,,,,,,p10788.htm#i107877,Christina_Bruce_(1),,Bruce-3328,I00232037
Q148971,Q48547670,,,,,,,,,,,,,,,,,,,,,,,,,,,,,p=agnes;n=d amboise,,,,,,,,,,,,,Agnes_d'Amboise_(1),,,I00295606
Q148972,Q75384717,,,,,,,,,,,,,,,,,,,,,,,,,,,,,p=hawise;n=de tracy,,,,,,,,,,,,p10493.htm#i104921,,,,
Q148973,Q75791636,,,,,,,,,,,,,,,,,,,,,,,,,,,,,,,,,,,,,,,,,p33612.htm#i336118,,,Say-137,
Q148974,Q75791646,,,,,,,,,,,,,,,,,,,,,,,,,,,,,,,,,,,,,,,,,p33613.htm#i336123,,,,
Q148975,Q75382612,,,,,,,,,,,,,,,,,,,,,,,,,,,,,,,,,,,,,,,,,p10277.htm#i102763,,,Bardolf-5,I00110863
Q148976,Q8005050,,,,,,,,,,,,,,,,,,,,,,,,,,,,,,,,,,,,,,,,,p10274.htm#i102739,,,Bardolf-12,I00139507
Q148977,Q62932140,,,,,,,,,,,,,,,,,,,,,,,,,,,,,,,,,,,,,,,,,p462.htm#i4619,,,,I00110849
Q148978,Q62930623,,,,,,,,,,,,,,,,,,,,,,,,,,,,,p=john;n=de burgh;oc=4,,,,,,,,,,,,p10784.htm#i107836,John_De_Burgh_(17),,Burgh-91,I00385219
Q148979,Q1227371,,,,,,,,,,,,,,,,,,,,,,,,,,,464032,,p=guy;n=de montfort,,,sw.215269,,,,,,,,,,"Guy_de_Montfort,_Lord_of_Sidon_(1)",,Montfort-32,I00122079
Q148980,Q48548490,,,,,,,,,,,,,,,,,,,,,,,,,,,883570,,p=perenelle;n=de montfort,,,,,,,,,,,,,Petronilla_De_Montfort_(1),,Montfort-152,I00079558
Q148981,Q76346756,,,,,,,,,,,,,,,,,,,,,,,,,,,,,,,,,,,,,,,,,p70423.htm#i704230,,,,
Q148982,Q1429260,,,,,,,,,,,,,,,,,,,,,,,,,,,1370881,,p=guillaume;n=des barres;oc=3,,,,,,,,,,,,p1701.htm#i17001,William_Barres_(1),,Barres-1,I00120984
Q148983,Q72398004,,,,,,,,,,,,,,,,,,,,,,,,,,,,,,,,,,,,,,,,,p15845.htm#i158443,,,Cundy-740,
Q148984,Q75464175,,,,,,,,,,,,,,,,,,,,,,,,,,,,,,,,,,,,,,,,,p15845.htm#i158444,,,Chesney-4,
Q148985,Q61896406,,,,,,,,,,,,,,,,,,,,,,,,,,,310528,,p=idonea;n=de+camville,,,,,,,,,,,,p4721.htm#i47210,Idoine_De_Camville_(1),,Camville-6,I00028338
Q148986,Q100900765,,,,,,,,,,,,,,,,,,,,,,,,,,,,,,,,,,,,,,,,,,,,Giffard-32,I00734236
Q148987,Q100900766,,,,,,,,,,,,,,,,,,,,,,,,,,,,,,,,,,,,,,,,,,,,Maltravers-23,I00734237
Q148988,Q75238109,,,,,,,,,,,,,,,,,,,,,,,,,,,,,,,,,,,,,,,,,p79.htm#i787,,,,
Q148989,Q1237622,,,,,,,,,,,,,,,,,,,,,,,,,,,907555,,p=henry;n=de lacy,,,,,,,,,,,,p4725.htm#i47245,Henry_de_Lacy_(1),,Lacy-434,I00028343
Q148990,Q3611713,,,,,,,,,,,,,,,,,,,,,,,,,,,907553,,p=alice;n=de lacy,,,,,,,,,,,,p10686.htm#i106856,Alice_de_Lacy_(1),,Lacy-214,I00028345
Q148991,Q23890899,,,,,,,,,,,,,,,,,,,,,,,,,,,,,,,,,,,,,,,,,p4723.htm#i47222,,,Audley-37,
Q148992,Q75298956,,,,,,,,,,,,,,,,,,,,,,,,,,,,,,,,,,,,,,,,,p4723.htm#i47225,,,,
Q148993,Q23890900,,,,,,,,,,,,,,,,,,,,,,,,,,,,,,,,,,,,,,,,,p4724.htm#i47238,,,Audley-19,I00177406
Q148994,Q18021266,,,,,,,,,,,,,,,,,,,,,,,,,,,,,,,,,,,,,,,,,p23461.htm#i234606,,,Strange-211,I00327676
Q148995,Q76154603,,,,,,,,,,,,,,,,,,,,,,,,,,,,,,,,,,,,,,,,,p56831.htm#i568304,,,,I00630907
Q148996,Q100900759,,,,,,,,,,,,,,,,,,,,,,,,,,,,,,,,,,,,,,,,,,,,Strange-151,I00228137
Q148997,Q112643618,,,,,,,,,,,,,,,,,,,,,,,,,,,,,,,,,,,,,,,,,,,,Strange-220,I00425509
Q148998,Q7795492,,,,,,,,,,,,,,,,,,,,,,,,,,,,,,,,,,,,,,,,,p59903.htm#i599022,Thomas_De_Multon_(20),,Multon-42,I00219218
Q148999,Q116169259,,,,,,,,,,,,,,,,,,,,,,,,,,,,,,,,,,,,,,,,,,,,Multon-45,I00630124
Q149000,Q75453623,,,,,,,,,,,,,,,,,,,,,,,,,,,,,,,,,,,,,,,,,p15169.htm#i151687,,,Vaux-107,I00451614
Q149001,Q116169265,,,,,,,,,,,,,,,,,,,,,,,,,,,,,,,,,,,,,,,,,,,,Burgh-29,I00451615
Q149002,Q75932829,,,,,,,,,,,,,,,,,,,,,,,,,,,,,,,,,,,,,,,,,p41165.htm#i411642,,,Moels-2,I00590801
Q149003,Q75453857,,,,,,,,,,,,,,,,,,,,,,,,,,,,,,,,,,,,,,,,,p15186.htm#i151855,,,Newmarche-7,
Q149004,Q75494751,,,,,,,,,,,,,,,,,,,,,,,,,,,,,,,,,,,,,,,,,p17620.htm#i176195,,,Ros-150,I00113892
Q149005,Q75494753,,,,,,,,,,,,,,,,,,,,,,,,,,,,,,,,,,,,,,,,,p17620.htm#i176196,,,FitzPiers-69,I00113893
Q149006,Q8020818,,,,,,,,,,,,,,,,,,,,,,,,,,,,,,,,,,,,,,,,,p15169.htm#i151688,William_de_Ros_(4),,Ros-53,I00117424
Q149007,Q75869882,,,,,,,,,,,,,,,,,,,,,,,,,,,,,,,,,,,,,,,,,p36888.htm#i368874,,,Ros-87,I00398013
Q149008,Q76257154,,,,,,,,,,,,,,,,,,,,,,,,,,,,,,,,,,,,,,,,,p64201.htm#i642006,,,Ros-158,I00484705
Q149009,Q76257158,,,,,,,,,,,,,,,,,,,,,,,,,,,,,,,,,,,,,,,,,p64201.htm#i642008,,,,
Q149010,Q76257160,,,,,,,,,,,,,,,,,,,,,,,,,,,,,,,,,,,,,,,,,p64201.htm#i642010,,,,
Q149011,Q76257162,,,,,,,,,,,,,,,,,,,,,,,,,,,,,,,,,,,,,,,,,p64202.htm#i642011,,,,
Q149012,Q76257163,,,,,,,,,,,,,,,,,,,,,,,,,,,,,,,,,,,,,,,,,p64202.htm#i642012,,,,
Q149013,Q75453626,,,,,,,,,,,,,,,,,,,,,,,,,,,,,,,,,,,,,,,,,p15170.htm#i151691,,,Albini-38,I00117426
Q149014,Q61963457,,,,,,,,,,,,,,,,,,,,,,,,,,,,,,,,,,,,,,,,,p15170.htm#i151694,,,Sully-6,
Q149015,Q75453627,,,,,,,,,,,,,,,,,,,,,,,,,,,,,,,,,,,,,,,,,p15170.htm#i151698,,,Peshale-25,I00026839
Q149016,Q6265601,,,,,,,,,,,,,,,,,,,,,,,,,,,326678,,p=john;n=mowbray;oc=4,,,,,,,,,,,,p10688.htm#i106878,John_de_Mowbray_(6),,Mowbray-42,I00026833
Q149017,Q75431432,,,,,,,,,,,,,,,,,,,,,,,,,,,,,,,,,,,,,,,,,p13745.htm#i137446,,,Bohun-162,
Q149018,Q75431436,,,,,,,,,,,,,,,,,,,,,,,,,,,,,,,,,,,,,,,,,p13745.htm#i137449|p27208.htm#i272076,,,Foliot-28,I00398101
Q149019,Q75431438,,,,,,,,,,,,,,,,,,,,,,,,,,,,,,,,,,,,,,,,,p13745.htm#i137450,,,Bohun-164,I00465267
Q149020,Q75673061,,,,,,,,,,,,,,,,,,,,,,,,,,,,,,,,,,,,,,,,,p28296.htm#i282960,,,,
Q149021,Q75453888,,,,,,,,,,,,,,,,,,,,,,,,,,,,,,,,,,,,,,,,,p15188.htm#i151873,,,Husee-3,
Q149022,Q18936226,,,,,,,,,,,,,,,,,,,,,,,,,,,,,,,,,,,,,,,,,p10699.htm#i106987,,,Cobham-28,
Q149023,Q1363323,,,,,,,,,,10962884,,,,,,,,,,,,,,,,,43877,,p=thomas;n=plantagenet;oc=1,,,,,,,,,,,,p10192.htm#i101920,Thomas_Plantagenet_(25),,Plantagenet-99,I00007802
Q149024,Q75386958,,,,,,,,,,,,,,,,,,,,,,,,,,,,,,,,,,,,,,,,,p10699.htm#i106988,,,Cobham-108,
Q149025,Q75384348,,,,,,,,,,,,,,,,,,,,,,,,,,,,,,,,,,,,,,,,,p10456.htm#i104555,,,,
Q149026,Q56162392,,,,,,,,,,,,,,,,,,,,,,,,,,,,,p=beatrice;n=mortimer,,,,,,,,,,,,p10697.htm#i106961,Beatrice_De_Mortimer_(1),,Mortimer-137,I00026626
Q149027,Q75386933,,,,,,,,,,,,,,,,,,,,,,,,,,,,,,,,,,,,,,,,,p10697.htm#i106966,,,,
Q149028,Q75386942,,,,,,,,,,,,,,,,,,,,,,,,,,,,,,,,,,,,,,,,,p10698.htm#i106972,,,,
Q149029,Q75386943,,,,,,,,,,,,,,,,,,,,,,,,,,,,,,,,,,,,,,,,,p10698.htm#i106973,,,,
Q149030,Q75386941,,,,,,,,,,,,,,,,,,,,,,,,,,,,,,,,,,,,,,,,,p10698.htm#i106971,,,,
Q149031,Q75386936,,,,,,,,,,,,,,,,,,,,,,,,,,,,,,,,,,,,,,,,,p10697.htm#i106968,,,,
Q149032,Q75386939,,,,,,,,,,,,,,,,,,,,,,,,,,,,,,,,,,,,,,,,,p10697.htm#i106970,,,,
Q149033,Q75673543,,,,,,,,,,,,,,,,,,,,,,,,,,,,,,,,,,,,,,,,,p28315.htm#i283144,,,Braose-32,I00222017
Q149034,Q75674906,,,,,,,,,,,,,,,,,,,,,,,,,,,,,,,,,,,,,,,,,p28370.htm#i283700,,,,
Q149035,Q75534682,,,,,,,,,,,,,,,,,,,,,,,,,,,,,,,,,,,,,,,,,p19979.htm#i199789,,,Camoys-9,I00177834
Q149036,Q75534686,,,,,,,,,,,,,,,,,,,,,,,,,,,,,,,,,,,,,,,,,p19980.htm#i199792,,,,I00177835
Q149037,Q75534576,,,,,,,,,,,,,,,,,,,,,,,,,,,,,,,,,,,,,,,,,p19972.htm#i199715,,,,I00177833
Q149038,Q75534694,,,,,,,,,,,,,,,,,,,,,,,,,,,,,,,,,,,,,,,,,p19980.htm#i199798,,,Camoys-7,I00177831
Q149039,Q75534693,,,,,,,,,,,,,,,,,,,,,,,,,,,,,,,,,,,,,,,,,p19980.htm#i199797,,,,
Q149040,Q75534916,,,,,,,,,,,,,,,,,,,,,,,,,,,,,,,,,,,,,,,,,p19996.htm#i199958,,,,
Q149041,Q116180096,,,,,,,,,,,,,,,,,,,,,,,,,,,,,,,,,,,,,,,,,,,,,I00679920
Q149042,Q105770185,,,,,,,,,,,,,,,,,,,,,,,,,,,,,,,,,,,,,,,,,,,,Brewes-6,I00669255
Q149043,Q75453791,,,,,,,,,,,,,,,,,,,,,,,,,,,,,,,,,,,,,,,,,p15182.htm#i151816,,,Clere-32,
Q149044,Q75397941,,,,,,,,,,,,,,,,,,,,,,,,,,,,,,,,,,,,,,,,,p11700.htm#i116999,,,Colville-76,
Q149045,Q75397937,,,,,,,,,,,,,,,,,,,,,,,,,,,,,,,,,,,,,,,,,p11700.htm#i116997,,,Basset-202,I00622057
Q149046,Q75397952,,,,,,,,,,,,,,,,,,,,,,,,,,,,,,,,,,,,,,,,,p11701.htm#i117004,,,Basset-203,I00395765
Q149047,Q75453797,,,,,,,,,,,,,,,,,,,,,,,,,,,,,,,,,,,,,,,,,p15182.htm#i151820,,,Beaumont-1527,
Q149048,Q75453808,,,,,,,,,,,,,,,,,,,,,,,,,,,,,,,,,,,,,,,,,p15183.htm#i151826,,,Ufford-102,I00706482
Q149049,Q75453815,,,,,,,,,,,,,,,,,,,,,,,,,,,,,,,,,,,,,,,,,p15183.htm#i151830,,,Braose-162,I00700146
Q149050,Q16509138,,,,,,,,,,,,,,,,,,,,,,,,,,,,,,,,,,,,,,,,,,,,,
Q149051,Q63183342,,,,,,,,,,,,,,,,,,,,,,,,,,,,,,,,,,,,,,,,,,,,,
Q149052,Q16509140,,,,,,,,,,,,,,,,,,,,,,,,,,,,,,,,,,,,,,,,,,,,,
Q149053,Q63183348,,,,,,,,,,,,,,,,,,,,,,,,,,,,,,,,,,,,,,,,,,,,Chaworth-68,
Q149054,Q63183394,,,,,,,,,,,,,,,,,,,,,,,,,,,,,,,,,,,,,,,,,,,,,
Q149055,Q950456,,,,,,,,,,,,,,,,,,I3068,,,,,,,,,124921,,p=henry;n=plantagenet;oc=6,,,sw.211664,,,,,,,,,p10214.htm#i102139,Henry_of_Lancaster_(1),,Plantagenet-129,I00005193
Q149056,Q225604,,,,,,,,,,,,,,,,,,I3071,,,,,,,,,926404,,p=henry;n=plantagenet;oc=10,,,sg.141606,,,,,,,,,p10215.htm#i102141,Henry_Plantagenet_(7),,Plantagenet-1643,I00005195
Q149057,Q4924901,,,,,,,,,,,,,,,,,,,,,,,,,,,,,,,,,,,,,,,,,p10687.htm#i106868,Blanche_Plantagenet_(3),,Plantagenet-47,I00005199
Q149058,Q6487725,,,,,,,,,,,,,,,,,,I4156,,,,,,,,,,,p=maud;n=plantagenet,,,sw.212025,,,,,,,,,p10687.htm#i106870,Maud_Plantagenet_(4),,Plantagenet-55,I00005206
Q149059,Q6205633,,,,,,,,,,,,,,,,,,,,,,,,,,,326681,,p=joan;n=plantagenet;oc=1,,,,,,,,,,,,p10688.htm#i106877,Joan_of_Lancaster_(1),,Plantagenet-128,I00005204
Q149060,Q1325750,,,,,,,,LB1S-5V6,,,,,,,,,,I2743,,,,,,,,,124915,,p=eleanor;n=plantagenet;oc=2,,,sw.212031,,,,,,,,,p10690.htm#i106892,Eleanor_Of_Lancaster_(1),,Plantagenet-48,I00005202
Q149061,Q6487814,,,,,,,,,,,,,,,,,,I11738,,,,,,,,,1305731,,p=marie;n=plantagenet;oc=1,,,,,,,,,,,,p10691.htm#i106910,Mary_of_Lancaster_(1),,Plantagenet-54,I00005205
Q149062,Q74661307,,,,,,,,,,,,,,,,,,,,,,,,,,,,,,,,,,,,,,,,,p10690.htm#i106891,Isabel_Lancaster_(1),,Plantagenet-52,I00005203
Q149063,Q116469729,,,,,,,,,,,,,,,,,,,,,,,,,,,,,,,,,,,,,,,,,,,,,I00755233
Q149064,Q116470736,,,,,,,,,,,,,,,,,,,,,,,,,,,,,,,,,,,,,,,,,,,,,I00774991
Q149065,Q116812497,,,,,,,,,,,,,,,,,,,,,,,,,,,,,,,,,,,,,,,,,,,,,I00760235
Q149066,Q110413672,,,,,,,,,,,,,,,,,,,,,,,,,,,,,,,,,,,,,,,,,,,,,I00708656
Q149067,Q110383306,,,,,,,,,,,,,,,,,,,,,,,,,,,,,,,,,,,,,,,,,,,,,I00760234
Q149068,Q110383300,,,,,,,,,,,,,,,,,,,,,,,,,,,,,,,,,,,,,,,,,,,,,I00707420
Q149069,Q130358753,,,,,,,,,,,,,,,,,,,,,,,,,,,,,,,,,,,,,,,,,,,,,I00295501
Q149070,Q130358714,,,,,,,,,,,,,,,,,,,,,,,,,,,,,,,,,,,,,,,,,,,,,I00774907
Q149071,Q130342848,,,,,,,,,,,,,,,,,,,,,,,,,,,,,,,,,,,,,,,,,,,,,I00708687
Q149072,Q130358986,,,,,,,,,,,,,,,,,,,,,,,,,,,,,,,,,,,,,,,,,,,,,I00710018
Q149073,Q130359396,,,,,,,,,,,,,,,,,,,,,,,,,,,,,,,,,,,,,,,,,,,,,I00774671
Q149074,Q76154303,,,,,,,,,,,,,,,,,,,,,,,,,,,,,,,,,,,,,,,,,p56809.htm#i568086,,,,I00696725
Q149075,Q117307058,,,,,,,,,,,,,,,,,,,,,,,,,,,,,,,,,,,,,,,,,,,,,I00108445
Q149076,Q117307057,,,,,,,,,,,,,,,,,,,,,,,,,,,,,,,,,,,,,,,,,,,,,I00710106
Q149077,Q130358436,,,,,,,,,,,,,,,,,,,,,,,,,,,,,,,,,,,,,,,,,,,,,I00804602
Q149078,Q131346732,,,,,,,,,,,,,,,,,,,,,,,,,,,,,,,,,,,,,,,,,,,,,I00777743
Q149079,Q130359218,,,,,,,,,,,,,,,,,,,,,,,,,,,,,,,,,,,,,,,,,,,,,I00774694
Q149080,Q116478864,,,,,,,,,,,,,,,,,,,,,,,,,,,,,,,,,,,,,,,,,,,,,I00751314
Q149081,Q116478808,,,,,,,,,,,,,,,,,,,,,,,,,,,,,,,,,,,,,,,,,,,,,I00751300
Q149082,Q130358449,,,,,,,,,,,,,,,,,,,,,,,,,,,,,,,,,,,,,,,,,,,,,I00709806
Q149083,Q130358465,,,,,,,,,,,,,,,,,,,,,,,,,,,,,,,,,,,,,,,,,,,,,I00769383
Q149084,Q131347202,,,,,,,,,,,,,,,,,,,,,,,,,,,,,,,,,,,,,,,,,,,,,I00795962
Q149085,Q110383096,,,,,,,,,,,,,,,,,,,,,,,,,,,,,,,,,,,,,,,,,,,,,I00707375
Q149086,Q75774753,,,,,,,,,,,,,,,,,,,,,,,,,,,,,,,,,,,,,,,,,p32756.htm#i327559,,,Craddock-71,I00370675
Q149087,Q131347080,,,,,,,,,,,,,,,,,,,,,,,,,,,,,,,,,,,,,,,,,,,,,I00760237
Q149088,Q110585232,,,,,,,,,,,,,,,,,,,,,,,,,,,,,,,,,,,,,,,,,,,,,I00759701
Q149089,Q131347154,,,,,,,,,,,,,,,,,,,,,,,,,,,,,,,,,,,,,,,,,,,,,I00761249
Q149090,Q131784523,,,,,,,,,,,,,,,,,,,,,,,,,,,,,,,,,,,,,,,,,,,,,I00717150
Q149091,Q131784524,,,,,,,,,,,,,,,,,,,,,,,,,,,,,,,,,,,,,,,,,,,,,I00139660
Q149092,Q75237943,,,,,,,,,,,,,,,,,,,,,,,,,,,,,,,,,,,,,,,,,p64.htm#i632,,,De_Totnais-3,
Q149093,Q2601233,,,,,,,,,,,,,,,,,,,,,,,,,,,,,,,,,,,,,,,,,p15854.htm#i158537,"Robert_de_Ferrers,_2nd_Earl_of_Derby_(1)",,Ferrers-145,I00139183
Q149094,Q6759399,,,,,,,,,,,,,,,,,,,,,,,,,,,,,,,,,,,,,,,,,p15854.htm#i158538,"Margaret_Ferrers,_Countess_of_Derby_(1)",,,I00139184
Q149095,Q7962174,,,,,,,,,,,,,,,,,,,,,,,,,,,,,,,,,,,,,,,,,,Walkelin_de_Derby_(1),,,
Q149096,Q61896214,,,,,,,,,,,,,,,,,,,,,,,,,,,,,,,,,,,,,,,,,p21340.htm#i213395,,,Stafford-456,I00028790|I00707571
Q149097,Q76174347,,,,,,,,,,,,,,,,,,,,,,,,,,,,,,,,,,,,,,,,,p58178.htm#i581772,,,,
Q149098,Q72390873,,,,,,,,,,,,,,,,,,,,,,,,,,,,,,,,,,,,,,,,,,,,,I00175598
Q149099,Q110623394,,,,,,,,,,,,,,,,,,,,,,,,,,,,,,,,,,,,,,,,,,,,,I00025923
Q149100,Q7966495,,,,,,,,,,,,,,,,,,,,,,,,,,,,,,,,,,,,,,,,,p39779.htm#i397788,Walter_Beauchamp_(3),,Beauchamp-442,
Q149101,Q75910754,,,,,,,,,,,,,,,,,,,,,,,,,,,,,,,,,,,,,,,,,p39780.htm#i397794,,,Abitot-7,
Q149102,Q18674287,,,,,,,,,,,,,,,,,,,,,,,,,,,,,p=otuel;n=de sudeley,,,,,,,,,,,,p58843.htm#i588427,,,Sudeley-15,I00570523
Q149103,Q18674358,,,,,,,,,,,,,,,,,,,,,,,,,,,,,p=ralph;n=de sudeley,,,,,,,,,,,,p58843.htm#i588429,,,Sudeley-14,I00570526
Q149104,Q7359211,,,,,,,,,,,,,,,,,,,,,,,,,,,,,,,,,,,,,,,,,,,,Pîtres-9,I00139673
Q149105,Q107349535,,,,,,,,,,,,,,,,,,,,,,,,,,,,,,,,,,,,,,,,,,,,,
Q149106,Q75237933,,,,,,,,,,,,,,,,,,,,,,,,,,,,,,,,,,,,,,,,,p62.htm#i620,,,,
Q149107,Q5941473,,,,,,,,,,,,,,,,,,,,,,,,,,,,,,,,,,,,,,,,,,Humphrey_De_Bohun_(72),,Bohun-106,
Q149108,Q63182564,,,,,,,,,,,,,,,,,,,,,,,,,,,,,,,,,,,,,,,,,,,,Salisbury-557,
Q149109,Q75242556,,,,,,,,,,,,,,,,,,,,,,,,,,,,,p=aleaume;n=de fontaines;oc=1,,,,,,,,,,,,p465.htm#i4649,,,Fontaines-1,I00275018
Q149110,Q75099053,,,,,,,,,,,,,,,,,,,,,,,,,,,,,p=cecily;n=de fontaines,,,,,,,,,,,,p465.htm#i4647,Cicely_De_Fontaines_(1),,Fontaines-2,I00198849
Q149111,Q81058124,,,,,,,,,,,,,,,,,,,,,,,,,,,1093042,,p=joan;n=basset;oc=2,,,,,,,,,,,,,Joan_Basset_(2),,Basset-5,
Q149112,Q96244505,,,,,,,,,,,,,,,,,,,,,,,,,,,,,p=henri;n=de sully;oc=1,,,,,,,,,,,,,,,Sully-153,I00140316
Q149113,Q551752,,,,,,,,,,68212566,,,,,,,,I3139,,,,,,,,,11581,,p=yolande;n=de dreux,,,sw.255872,,,,,,,,,p372.htm#i3713,Yolande_of_Dreux_(1),,Dreux-4,I00005058
Q149114,Q936860,,,,,,,,,,117525842,,,,,,,,,,,,,,,,,11579,,p=jean;n=de dreux;oc=11,,,,,,,,,,,,p452.htm#i4515,John_I_of_Dreux_(1),,Dreux-40,I00028323
Q149115,Q3435484,,,,,,,,,,,,,,,,,,,,,,,,,,,11580,,p=robert;n=de dreux;oc=1,,,,,,,,,,,,p40570.htm#i405695,Robert_Ler_de_Beu_(1),,Dreux-34,I00050008
Q149116,Q17099639,,,,,,,,,,,,,,,,,,,,,,,,,,,,,,,,,,,,,,,,,,Roger_Lacy_(3),,Lacy-397,I00198875
Q149117,Q110641553,,,,,,,,,,,,,,,,,,,,,,,,,,,,,,,,,,,,,,,,,,,,,I00198876
Q149118,Q1660081,,,,,,,,,,5887493,,,,,,,,,,,,,,,,,,,,,,,,,,,,,,,p54392.htm#i543914|p15014.htm#i150131,Ruaidrí_Ua_Conchobair_(1),,O'Conor-35,
Q149119,Q4687460,,,,,,,,,,,,,,,,,,,,,,,,,,,,,,,,,,,,,,,,,,Aedh_mac_Ruaidri_Ua_Conchobair_(1),,Mac_Ruaidhrí-2,
Q149120,Q4470072,,,,,,,,,,,,,,,,,,,,,,,,,,,115826,,p=william;n=fitzalan;oc=7,,,,,,,,,,,,p2498.htm#i24977,William_FitzAlan_(30),,FitzAlan-636,I00106742
Q149121,Q637282,,,,,,,,,,,,,,,,,,,,,,,,,,,,,,,,,,,,,,,,,,,,FitzBaderon-2,I00544090
Q149122,Q1245954,,,,,,,,,,,,,,,,,,,,,,,,,,,,,,,,,,,,,,,,,,,,Unknown-447660,I00638888
Q149123,Q6265805,,,,,,,,,,,,,,,,,,,,,,,,,,,,,,,,,,,,,,,,,,,,,
Q149124,Q75242504,,,,,,,,,,,,,,,,,,,,,,,,,,,,,,,,,,,,,,,,,p461.htm#i4608,,,,
Q149125,Q75242506,,,,,,,,,,,,,,,,,,,,,,,,,,,,,,,,,,,,,,,,,p461.htm#i4609,,,,
Q149126,Q62930202,,,,,,,,,,,,,,,,,,I5461,,,,,,,,,1277750,,,,,,,,,,,,,,p10248.htm#i102471,,,Guines-5,I00110845|I00385223
Q149127,Q3048026,,,,,,,,,,,,,,,,,,,,,,,,,,,,,,,,,,,,,,,,,,Edmund_de_Burgh_(1),,Burgh-84,
Q149128,Q2739178,,,,,,,,,,,,,,,,,,I5463,,,,,,,,,,,,,,,,,,,,,,,p10694.htm#i106931,John_de_Burgh_(1),,Burgh-38,
Q149129,Q20180910,,,,,,,,,,,,,,,,,,I5434,,,,,,,,,,,,,,,,,,,,,,,p10693.htm#i106925,Maud_de_Burgh_(1),,,
Q149130,Q75290548,,,,,,,,,,,,,,,,,,,,,,,,,,,,,,,,,,,,,,,,,p4184.htm#i41836,,,Burgh-173,
Q149131,Q75290598,,,,,,,,,,,,,,,,,,,,,,,,,,,,,,,,,,,,,,,,,p4187.htm#i41868,,,,
Q149132,Q75453214,,,,,,,,,,,,,,,,,,I4212,,,,,,,,,,,,,,,,,,,,,,,p15142.htm#i151417,,,Burgh-30,I00117196
Q149133,Q262059,,,,,,,,,,,,,,,,,,I6451,,,,,,,,,49272,,p=elizabeth;n=de burgh,,,,,,,,,,,,p10210.htm#i102092,Elizabeth_de_Burgh_(1),,Burgh-45,I00065032
Q149134,Q75651127,,,,,,,,,,,,,,,,,,,,,,,,,,,,,,,,,,,,,,,,,p27245.htm#i272442,,,,
Q149135,Q75795956,,,,,,,,,,,,,,,,,,,,,,,,,,,,,,,,,,,,,,,,,p33826.htm#i338257,,,Burgh-172,I00110865
Q149136,Q361611,,,,,,,,,,,,,,,,,,,,,,,,,,,49264,,p=james;n=stewart;oc=8,,,,,,,,,,,,p10531.htm#i105308,James_Stewart_(314),,Stewart-1015,I00006192
Q149137,Q1100898,,,,,,,,L8MB-CP1,,,,,,,,,,,,,,,,,,,49277,,p=walter;n=stewart;oc=3,,,,,,,,,,,,p10210.htm#i102096,Walter_Stewart_(100),,Stewart-980,I00006035
Q149138,Q75243124,,,,,,,,,,,,,,,,,,,,,,,,,,,,,,,,,,,,,,,,,p514.htm#i5136,John_Stewart_(9),,Stewart-1871,I00276077
Q149139,Q75243126,,,,,,,,,,,,,,,,,,,,,,,,,,,,,,,,,,,,,,,,,p514.htm#i5137,Andrew_Stewart_(1),,Stewart-973,I00276076
Q149140,Q75243127,,,,,,,,,,,,,,,,,,,,,,,,,,,,,,,,,,,,,,,,,p514.htm#i5138,James_Stewart_(8),,Stewart-974,I00276078
Q149141,Q75243129,,,,,,,,,,,,,,,,,,,,,,,,,,,,,,,,,,,,,,,,,p514.htm#i5139,Egidia_Stewart_(2),,Stewart-969,I00006205
Q149142,Q7781541,,,,,,,,,,,,,,,,,,,,,,,,,,,48823,,p=theobald;n=le botiller;oc=3,,,,,,,,,,,,p11648.htm#i116479,Theobald_le_Botiller_(2),,Botiller-2,I00126363
Q149143,Q75527920,,,,,,,,,,,,,,,,,,,,,,,,,,,,,,,,,,,,,,,,,p19585.htm#i195849,,,Marreis-1,
Q149144,Q75582605,,,,,,,,,,,,,,,,,,,,,,,,,,,,,,,,,,,,,,,,,p22564.htm#i225636,,,,
Q149145,Q7965450,,,,,,,,,,,,,,,,,,,,,,,,,,,,,,,,,,,,,,,,,p22564.htm#i225638,Walter_Liath_de_Burgh_(1),,Burgh-359,
Q149146,Q5624128,,,,,,,,,,,,,,,,,,,,,,,,,,,,,,,,,,,,,,,,,,Gylle_de_Burgh_(1),,,
Q149147,Q7878075,,,,,,,,,,,,,,,,,,,,,,,,,,,,,,,,,,,,,,,,,p22562.htm#i225616,Uilleag_de_Burgh_(1),,Burgh-89,
Q149148,Q75582594,,,,,,,,,,,,,,,,,,,,,,,,,,,,,,,,,,,,,,,,,p22563.htm#i225630,,,Burgh-90,
Q149149,Q5338828,,,,,,,,,,,,,,,,,,,,,,,,,,,,,,,,,,,,,,,,,p22564.htm#i225637,Edmond_Albanach_de_Burgh_(1),,Burgh-358,
Q149150,Q75716323,,,,,,,,,,,,,,,,,,,,,,,,,,,,,,,,,,,,,,,,,p29984.htm#i299840,,,Prendergast-144,I00397917
Q149151,Q75716326,,,,,,,,,,,,,,,,,,,,,,,,,,,,,,,,,,,,,,,,,p29985.htm#i299841,,,Quincy-237,I00397918
Q149152,Q75716316,,,,,,,,,,,,,,,,,,,,,,,,,,,,,,,,,,,,,,,,,p29984.htm#i299838,,,,
Q149153,Q75653865,,,,,,,,,,,,,,,,,,,,,,,,,,,,,,,,,,,,,,,,,p27442.htm#i274414,,,,
Q149154,Q75717100,,,,,,,,,,,,,,,,,,,,,,,,,,,,,,,,,,,,,,,,,p30012.htm#i300113,,,,
Q149155,Q2287351,,,,,,,,,,,,,,,,,,,,,,,,,,,10347,,p=simon;n=de joinville;oc=1,,,,,,,,,,,,p40324.htm#i403235,Simon_De_Joinville_(1),,Joinville-3,I00026597
Q149156,Q2929485,,,,,,,,,,,,,,,,,,,,,,,,,,,10348,,p=beatrix;n=de bourgogne;oc=2,,,,,,,,,,,,p40324.htm#i403236|p61956.htm#i619555,Beatrix_Burgundy_(1),,Bourgogne-163,I00026598
Q149157,Q328747,,,,,,,,,,,,,dejoinvillej,,,,,,,,,,,,,,10349,,p=jean;n=de+joinville,,,,,,,,,,,,p10693.htm#i106921|p40324.htm#i403238,Jean_de_Joinville_(1),,Joinville-1,I00028146
Q149158,Q107647686,,,,,,,,,,,,,,,,,,,,,,,,,,,10350,,p=simon;n=de joinville,,,,,,,,,,,,,Son_De_Joinville_(1),,Joinville-23,I00302383
Q149159,Q10795576,,,,,,,,,,,,,,,,,,,,,,,,,,,888597|309910,,p=jeanne;n=de+lusignan,,,,,,,,,,,,p40323.htm#i403230,Jeanne_of_Lusignan_(1),,Lusignan-7,I00026576
Q149160,Q3766298,,,,,,,,,Joan_de_Geneville_(1286-1356),57615348,,,,,,,,I2416,,,,,,,,,309924,,p=jeanne;n=de+joinville;oc=3,,,,,,,,,,,,p10297.htm#i102965,Joan_de_Geneville_(1),,Geneville-2,I00026578
Q149161,Q69763754,,,,,,,,,,,,,,,,,,,,,,,,,,,,,,,,,,,,,,,,,p57076.htm#i570758,Maud_de_Geneville_(1),,Geneville-5,I00026602
Q149162,Q69763866,,,,,,,,,,,,,,,,,,,,,,,,,,,,,,,,,,,,,,,,,p52967.htm#i529670,Beatrice_Geneville_(1),,Geneville-10,I00026601
Q149163,Q31192745,,,,,,,,,,,,,,,,,,,,,,,,,,,10346,,p=johann;n=zu+salm;oc=6,,,,,,,,,,,,,,,Salm-60,I00065099
Q149164,Q75459719,,,,,,,,,,,,,,,,,,,,,,,,,,,,,p=gerald;n=fitzgerald;oc=10,,,,,,,,,,,,p15562.htm#i155611,Gerald_FitzMaurice_(12),,FitzMaurice-186,I00572059
Q149165,Q1870280,,,,,,,,,,,,,,,,,,,,,,,,,,,10356,,p=loretta;n=zu+salm,,,,,,,,,,,,,,,Salm-180,I00065098
Q149166,Q101518522,,,,,,,,,,,,,,,,,,,,,,,,,,,10358,,p=simon;n=zu+salm,,,,,,,,,,,,,,,Salm-59,I00104525
Q149167,Q110616471,,,,,,,,,,,,,,,,,,,,,,,,,,,,,,,,,,,,,,,,,,,,,I00105586
Q149168,Q116004874,,,,,,,,,,,,,,,,,,,,,,,,,,,10357,,p=mathilde;n=zu salm,,,,,,,,,,,,,,,,I00105507
Q149169,Q100390592,,,,,,,,,,,,,,,,,,,,,,,,,,,599440,,p=matilda;n=de geneville,,,,,,,,,,,,,,,De_Geneville-15,I00236582
Q149170,Q77532126,,,,,,,,,,,,,,,,,,,,,,,,,,,48824,,p=rose;n=de verdun,,,,,,,,,,,,p11648.htm#i116480,Rohesi_Verdon_(1),,Verdun-95,I00126365
Q149171,Q61911132,,,,,,,,,,,,,,,,,,,,,,,,,,,,,,,,,,,,,,,,,p41027.htm#i410266,,,Bohun-138,I00177621
Q149172,Q61911129,,,,,,,,,,,,,,,,,,,,,,,,,,,,,,,,,,,,,,,,,p4269.htm#i42687,,,Verdun-37,I00397889
Q149173,Q75976851,,,,,,,,,,,,,,,,,,,,,,,,,,,,,,,,,,,,,,,,,p44323.htm#i443230,,,,
Q149174,Q75977934,,,,,,,,,,,,,,,,,,,,,,,,,,,,,,,,,,,,,,,,,p44400.htm#i443997,,,,
Q149175,Q69789168,,,,,,,,,,,,,,,,,,,,,,,,,,,,,p=mary;n=n;oc=90,,,,,,,,,,,,p58175.htm#i581744,Mary.Clarissa_Bruce_(1),,Bruce-3219,I00026584
Q149176,Q76174316,,,,,,,,,,,,,,,,,,,,,,,,,,,,,,,,,,,,,,,,,p58175.htm#i581745,Robert_De_Toeni_(7),,Toeni-12,I00484731
Q149177,Q5507946,,,,,,,,,,,,,,,,,,,,,,,,,,,,,,,,,,,,,,,,,p19585.htm#i195847|p41679.htm#i416788,Fulke_FitzWarin_(1),,FitzWarin-59,I00199021
Q149178,Q6792279,,,,,,,,,,,,,,,,,,,,,,,,,,,,,,,,,,,,,,,,,p19585.htm#i195845,Maud_Le_Vavasour_(7),,Vavasour-11,I00126504
Q149179,Q112969028,,,,,,,,,,,,,,,,,,,,,,,,,,,,,p=duncan;n=of fife;oc=2,,,,,,,,,,,,,Duncan_MacDuff_(1),,Macduff-43,I00342033
Q149180,Q112969031,,,,,,,,,,,,,,,,,,,,,,,,,,,,,p=aliz;n=corbert,,,,,,,,,,,,,Alice_Corbet_(18),,Corbet-614,I00342034
Q149181,Q5142054,,,,,,,,,,,,,,,,,,,,,,,,,,,,,p=colbran macduff;n=of fife,,,,,,,,,,,,,"Colbán,_Earl_of_Fife_(1)",,Macduff-42,I00308669
Q149182,Q112968871,,,,,,,,,,,,,,,,,,,,,,,,,,,,,,,,,,,,,,,,,,,,Macduff-82,I00509162
Q149183,Q61508,,,,,,,,,,,,,,,,,,,,,,,,,,,202082,,p=albrecht;n=wettin;oc=9,,,dw.2412,,,,,,,,,p10684.htm#i106838,"Albert_II,_Margrave_of_Meissen_(1)",,Wettin-31,I00013465
Q149184,Q694358,,,,,,,,,,,,,,,,,,,,,,,,,,,202081,,p=friedrich;n=wettin;oc=1,,,dw.2041,,,,,,,,,p536.htm#i5354,"Frederick_I,_Margrave_of_Meissen_(1)",,Wettin-23,I00013468
Q149185,Q55105,,,,,,,,,,,,,,,,,,,,,,,,,,,,,,,,,,,,,,,,,,,,,
Q149187,Q75245854,,,,,,,,,,,,,,,,,,,,,,,,,,,,,p=heinrich;n=wettin,,,dw.1224,,,,,,,,,p742.htm#i7411,Heinrich_Thuringia_(1),,,I00029968
Q149188,Q2465095,,,,,,,,,,,,,,,,,,I28605,,,,,,,,,722250,,p=marie;n=de coucy,,,,,,,,,,,,p10288.htm#i102874,Marie_de_Coucy_(1)|Marie_De_Coucy_(2),,Coucy-2,I00002876
Q149189,Q211109,,,,,,,,,,8414610,,,,,,,,I28607,,,,,,person/221D0FDB-65BD-431F-8C20-1DBAF5DEC51A,,,13064|115859,,p=alexander;n=of scotland;oc=3,,,,,,,,,,,,p10223.htm#i102227,Alexander_III_of_Scotland_(1),,Dunkeld-60,I00002878
Q149190,Q56516944,,,,,,,,,,,,,,,,,,,,,,,,,,,,,,,,,,,,,,,,,p10530.htm#i105293,Marjory_of_Alexander_(1),,Dunkeld-50,I00575413
Q149191,Q254275,,,,,,,,,,,,,,,,,,I2651,,,,,,,,,11719,,,,,sw.108693,,,,,,,,,p10460.htm#i104593,Beatrice_of_Savoy_(1),,Savoie-1174,I00004072
Q149192,Q230889,,,,,,,,,,,,,,,,,,I2655,,,,,,,,,30414,,p=marguerite;n=de provence,,,sw.97084,,,,,,,,,p10313.htm#i103122,Marguerite_of_Provence_(1),,Provence-163,I00000018
Q149194,Q2405176,,,,,,,,,,,,,,,,,,,,,,,,,,,10390,,,,,dw.8133,,,,,,,,,p4298.htm#i42971,,,Van_Valkenburg-278,I00021711
Q149195,Q2798415,,,,,,,,,,,,,,,,,,,,,,,,,,,10397,,,,,,,,,,,,,,p48888.htm#i488880,,,Valkenburg-161,I00027009
Q149196,Q116177820,,,,,,,,,,,,,,,,,,,,,,,,,,,,,,,,,,,,,,,,,,,,,I00478092
Q149197,Q116177819,,,,,,,,,,,,,,,,,,,,,,,,,,,,,,,,,,,,,,,,,,Margaret_Cornwall_(4),,Cornwall-6,I00478096
Q149198,Q75382433,,,,,,,,,,,,,,,,,,,,,,,,,,,,,,,,,,,,,,,,,p10252.htm#i102518,,,,
Q149199,Q75384378,,,,,,,,,,,,,,,,,,,,,,,,,,,,,p=joan;n=de valletort;oc=1,,,,,,,,,,,,p10459.htm#i104583,Joan_De_Valletort_(2),,Unknown-299246,I00311468
Q149200,Q75776400,,,,,,,,,,,,,,,,,,,,,,,,,,,,,,,,,,,,,,,,,p32838.htm#i328377,,,,
Q149201,Q75776393,,,,,,,,,,,,,,,,,,,,,,,,,,,183620,,p=geoffrey;n=de cornwall,,,,,,,,,,,,p32838.htm#i328374,,,Cornwall-20,I00398087
Q149202,Q75775653,,,,,,,,,,,,,,,,,,,,,,,,,,,,,,,,,,,,,,,,,p32799.htm#i327984,,,Cornwall-480,I00425511
Q149203,Q76282781,,,,,,,,,,,,,,,,,,,,,,,,,,,,,p=joan;n=de cornwall,,,,,,,,,,,,p66089.htm#i660882,Joan_de_Cornwall_(1),,Cornwall-482,I00008073
Q149204,Q96238063,,,,,,,,,,,,,,,,,,,,,,,,,,,,,,,,,,,,,,,,,,,,Champernon-29,I00561652
Q149205,Q96238061,,,,,,,,,,,,,,,,,,,,,,,,,,,,,,,,,,,,,,,,,,,,Champernon-17,I00561659
Q149206,Q75557274,,,,,,,,,,,,,,,,,,,,,,,,,,,,,,,,,,,,,,,,,p21115.htm#i211141,,,Champernoun-27,I00551843
Q149207,Q116093960,,,,,,,,,,,,,,,,,,,,,,,,,,,,,,,,,,,,,,,,,,,,Unknown-299246,I00394334
Q149208,Q116093951,,,,,,,,,,,,,,,,,,,,,,,,,,,,,,,,,,,,,,,,,,,,,I00484713
Q149210,Q235480,,,,,,,,9HB6-J38,,,,,,,,,,I1305,,,,,,,,,30529,,p=marguerite;n=capetiens;oc=2,,,sw.211031,,,,,,,,,p10192.htm#i101919,Margaret_Of_France_(1),,Capet-55,I00003852
Q149211,Q361793,,,,,,,,,,10962839,,,,,,,,,,,,,,,,,888891,,p=henry;n=plantagenet;oc=5,,,sw.980615,,,,,,,,,p10191.htm#i101908,Henry_of_England_(1),,Plantagenet-170,I00005913
Q149212,Q292321,,,,,,,,,,10962820,,,,,,,,I2657,,,,,,,,,11900,,p=eleanor;n=plantagenet;oc=1,,,,,,,,,,,,p10191.htm#i101905,Eleanor_of_England_(2),,Plantagenet-139,I00005911
Q149213,Q1475199,,,,,,,,,,10962849,,,,,,,,,,,,,,,,,888893,,p=alfonso;n=plantagenet,,,sw.980592,,,,,,,,,p10192.htm#i101911,Alphonso_Plantagenet_(1),,Plantagenet-164,I00005908
Q149214,Q2667593,,,,,,,,,,,,,,,,,,I3211,,,,,,,,,11901,,p=margaret;n=plantagenet;oc=2,,,sw.366662,,,,,,,,,p10192.htm#i101912,Margaret_Plantagenet_(2),,Plantagenet-28,I00005918
Q149215,Q4216185,,,,,,,,,,,,,,,,,,,,,,,,,,,888896,,p=mary;n=plantagenet,,,,,,,,,,,,p10192.htm#i101914,Mary_Plantagenet_(2),,Plantagenet-169,I00005919
Q149216,Q2435894,,,,,,,,,,12535575,,,,,,,,I2338,,,,,,,,,11898,,p=elizabeth;n=plantagenet;oc=1,,,,,,,,,,,,p10192.htm#i101916,Elizabeth_of_Rhuddlan_(1),,Plantagenet-533,I00005912
Q149217,Q5236,,,,,,,,L19M-VCD,,1956,,,,,,,,I1276,,,,,,person/74a245b8-5c00-4458-ab9c-ff6c8e112e36,,,11896,,p=edward;n=plantagenet;oc=2,,,sw.131015,,,,,,,,,p10094.htm#i100933,Edward_II_of_England_(1),,Plantagenet-378,I00000810
Q149218,Q956563,,,,,,,,L8MJ-ZLQ,,8088253,,,,,,,,I2295,,,,,,,,,43876,,p=edmund;n=plantagenet;oc=2,,,sw.211029,,,,,,,,,p10193.htm#i101921,"Edmund_of_Woodstock,_1st_Earl_of_Kent_(1)",,Plantagenet-103,I00007045
Q149219,Q30703734,,,,,,,,,,,,,,,,,,,,,,,,,,,891238,,p=eleanor;n=plantagenet;oc=4,,,,,,,,,,,,p10193.htm#i101922,Eleanor_Plantagenet_(84),,Plantagenet-1677,I00005920
Q149220,Q75382059,,,,,,,,,,,,,,,,,,,,,,,,,,,888889,,p=joan;n=plantagenet;oc=7,,,,,,,,,,,,p10191.htm#i101906,Joan_Plantagenet_(4),,Plantagenet-1742,I00005914
Q149221,Q75382060,,,,,,,,,,,,,,,,,,,,,,,,,,,888890,,p=john;n=plantagenet;oc=9,,,,,,,,,,,,p10191.htm#i101907,John_Plantagenet_(2),,Plantagenet-222,I00005916
Q149222,Q75382067,,,,,,,,,,,,,,,,,,,,,,,,,,,,,,,,,,,,,,,,,p10192.htm#i101915,,,,
Q149223,Q75382063,,,,,,,,,,,,,,,,,,,,,,,,,,,888892,,p=juliana catherine;n=plantagenet,,,,,,,,,,,,p10191.htm#i101909,Juliana_of_England_(1),,Plantagenet-178,I00005917
Q149224,Q75382064,,,,,,,,,,,,,,,,,,,,,,,,,,,888894,,p=berengaria;n=plantagenet,,,,,,,,,,,,p10192.htm#i101913,Berengaria_Plantagenet_(1),,Plantagenet-790,I00005910
Q149225,Q75241982,,,,,,,,,,,,,,,,,,,,,,,,,,,,,p=alice;n=plantagenet,,,,,,,,,,,,p418.htm#i4180,,,Plantagenet-220,
Q149226,Q75384351,,,,,,,,,,,,,,,,,,,,,,,,,,,,,,,,,,,,,,,,,,,,,
Q149227,Q75382069,,,,,,,,,,,,,,,,,,,,,,,,,,,,,p=beatrice;n=plantagenet;oc=1,,,,,,,,,,,,p10192.htm#i101917,,,,
Q149228,Q75382071,,,,,,,,,,,,,,,,,,,,,,,,,,,,,p=blanche;n=plantagenet;oc=2,,,,,,,,,,,,p10192.htm#i101918,,,,
Q149229,Q126174770,,,,,,,,,,,,,,,,,,,,,,,,,,,888888,,p=katherine;n=plantagenet;oc=2,,,,,,,,,,,,,Katherine_Plantagenet_(3),,Plantagenet-166,I00010794
Q149230,Q235482,,alvin-person:30683,,,,,,,,,,,,,,,,,,,,,,,,,590878,,p=margaret;n=of scotland;oc=3,,,,,,,,,,,,p10288.htm#i102875,"Margaret_of_Scotland,_Queen_of_Norway_(1)",,Dunkeld-61,I00002884
Q149231,Q2012697,,,,,,,,,,10590843,,,,,,,,,,,,,,,,,,,p=alexander;n=of scotland;oc=4,,,,,,,,,,,,p10458.htm#i104574,"Alexander,_Prince_of_Scotland_(1)",,Dunkeld-62,I00002882
Q149232,Q75384364,,,,,,,,,,,,,,,,,,,,,,,,,,,,,p=david;n=of scotland;oc=1,,,,,,,,,,,,p10458.htm#i104575,David_Unknown_(72),,Dunkeld-63,I00002883
Q149233,Q453989,,,,,,,,,,79795117,,,,,,,,,,,,,,,,,12902|60888,,p=jean;n=de dreux;oc=3,,,sw.181735,,,,,,,,,p10223.htm#i102228,"John_II,_Duke_of_Brittany_(1)",,Dreux-22,I00005673
Q149234,Q506501,,,,,,,,,,,,,,,,,,,,,,,,,,,60886,,p=arthur;n=de dreux;oc=1,,,,,,,,,,,,p10457.htm#i104567,"Arthur_II,_Duke_of_Brittany_(1)",,Dreux-48,I00005675
Q149235,Q6654925,,,,,,,,,,,,,,,,,,,,,,,,,,,114198,,p=marie;n=de dreux;oc=2,,,sw.181732,,,,,,,,,p10457.htm#i104570,Marie_Of_Brittany_(2),,Dreux-37,I00005725
Q149236,Q628561,,,,,,,,,,,,,,,,,,,,,,,,,,,147600,,p=jean;n=de dreux;oc=7,,,,,,,,,,,,p10457.htm#i104568,"John_of_Brittany,_Earl_of_Richmond_(1)",,Dreux-36,I00013419
Q149237,Q2906029,,,,,,,,,,86222917,,,,,,,,,,,,,,,,,147595,,p=blanche;n=de dreux,,,sw.214299,,,,,,,,,p10457.htm#i104569,Blanche_of_Brittany_(1),,Dreux-27,I00005243
Q149238,Q2837333,,,,,,,,,,,,,,,,,,,,,,,,,,,913669,,p=alienor;n=de dreux,,,,,,,,,,,,p10458.htm#i104571,Alienor_de_Bretagne_(1),,Bretagne-149,I00013417
Q149239,Q75384361,,,,,,,,,,,,,,,,,,,,,,,,,,,,,,,,,,,,,,,,,p10458.htm#i104573,,,Bretagne-147,
Q149240,Q75384359,,,,,,,,,,,,,,,,,,,,,,,,,,,140985,,p=pierre;n=de dreux;oc=3,,,,,,,,,,,,p10458.htm#i104572,Pierre_de_Bretagne_(1),,Bretagne-25,I00013418
Q149241,Q242769,,,,,,,,,,131434906,,,,,,,,I2641,,,,,,,,,12816,,p=blanche;n=d artois;oc=6,,,sw.211034,,,,,,,,,p10214.htm#i102137,Blanche_of_Artois_(1),,Artois-3,I00005198
Q149242,Q249183,,,,,,,,,,,,,,,,,,,,,,,,,,,827823,,p=thomas;n=plantagenet,,,,,,,,,,,,p10214.htm#i102138,Thomas_of_Lancaster_(2),,Plantagenet-315,I00005191
Q149243,Q53681602,,,,,,,,,,,,,,,,,,,,,,,,,,,,,p=jean;n=plantagenet;oc=5,,,,,,,,,,,,p10457.htm#i104565,John_Plantagenet_(4),,Plantagenet-302,I00005192
Q149244,Q75384358,,,,,,,,,,,,,,,,,,,,,,,,,,,,,,,,,,,,,,,,,p10457.htm#i104566,Mary_Plantagenet_(4),,Plantagenet-309,I00005194
Q149245,Q6793553,,,,,,,,L1BT-6L6,,,,,,,,,,I4751,,,,,,,,,499939,,p=maurice;n=de berkeley;oc=2,,,,,,,,,,,,p4175.htm#i41748,Maurice_de_Berkeley_(1),,Berkeley-70,I00054198
Q149246,Q75290459,,,,,,,,,,,,,,,,,,,,,,,,,,,,,,,,,,,,,,,,,p4178.htm#i41774,,,,
Q149247,Q75290462,,,,,,,,,,,,,,,,,,,,,,,,,,,,,,,,,,,,,,,,,p4178.htm#i41775,,,,
Q149248,Q75290466,,,,,,,,,,,,,,,,,,,,,,,,,,,,,,,,,,,,,,,,,p4178.htm#i41777,,,Marmion-24,I00140235
Q149249,Q75418779,,,,,,,,,,,,,,,,,,,,,,,,,,,,,,,,,,,,,,,,,p12963.htm#i129625,,,Berkeley-216,
Q149250,Q7795451,,,,,,,,L7PC-D5P,,,,,,,,,,I4744,,,,,,,,,499933,,,,,,,,,,,,,,p4177.htm#i41765,Thomas_de_Berkeley_(1),,Berkeley-20,I00054200
Q149251,Q6787487,,,,,,,,,,,,,,,,,,,,,,,,,,,499927,,p=maud;n=of angus,,,,,,,,,,,,p10916.htm#i109151,"Matilda,_Countess_of_Angus_(1)",,Angus-17,I00325232
Q149252,Q75290414,,,,,,,,,,,,,,,,,,,,,,,,,,,,,,,,,,,,,,,,,p4174.htm#i41737,Richard_of_Chilham_(1),,,I00437353
Q149253,Q75389418,,,,,,,,,,,,,,,,,,,,,,,,,,,367712,,p=isabel;n=de dover,,,,,,,,,,,,p10915.htm#i109149,Isabel_of_Chilham_(1),,Chilham-8,I00437416
Q149254,Q100153759,,,,,,,,,,,,,,,,,,,,,,,,,,,499943,,p=william;n=marmion;oc=1,,,,,,,,,,,,p72915.htm#i729147,William_De_Marmion_(2),,Marmion-1,I00140233
Q149255,Q75963006,,,,,,,,,,,,,,,,,,,,,,,,,,,,,,,,,,,,,,,,,p43347.htm#i433465,,,,
Q149256,Q75963061,,,,,,,,,,,,,,,,,,,,,,,,,,,,,,,,,,,,,,,,,p43351.htm#i433503,,,,
Q149257,Q75963066,,,,,,,,,,,,,,,,,,,,,,,,,,,,,,,,,,,,,,,,,p43351.htm#i433507,,,,
Q149258,Q75962995,,,,,,,,,,,,,,,,,,,,,,,,,,,,,,,,,,,,,,,,,p43346.htm#i433457,,,,
Q149259,Q1756204,,,,,,,,,,,,,,,,,,,,,,,,,,,918784,,,,,,,,,,,,,,p460.htm#i4591,William_Mar_(7),,Mar-23,I00108346
Q149260,Q75242494,,,,,,,,,,,,,,,,,,,,,,,,,,,918792,,,,,,,,,,,,,,p460.htm#i4592,,,Comyn-26,I00108347
Q149261,Q291049,,,,,,,,LDQR-9B8,,,,,,,,,,,,,,,,,,,49311,,p=marjorie;n=bruce,,,,,,,,,,,,p10210.htm#i102091,Marjorie_Bruce_(1),,Bruce-124,I00006036
Q149262,Q6390865,,,,,,,,,,,,,,,,,,,,,,,,,,,1325177,,,,,,,,,,,,,,p2587.htm#i25864,,,Moravia-8,I00117558
Q149263,Q3181234,,,,,,,,,,,,,,,,,,,,,,,,,,,,,,,,,,,,,,,,,p10786.htm#i107856,John_of_Strathbogie_(1),,Strathbogie-11,I00437418
Q149264,Q7620356,,,,,,,,,,,,,,,,,,,,,,,,,,,1325178,,p=william;n=de moravia,,,,,,,,,,,,p10791.htm#i107906,William_Sutherland_(2),,Sutherland-1243,I00065035
Q149265,Q75901720,,,,,,,,,,,,,,,,,,,,,,,,,,,,,,,,,,,,,,,,,p39209.htm#i392082,,,Sutherland-806,I00473670
Q149266,Q76360503,,,,,,,,,,,,,,,,,,,,,,,,,,,,,,,,,,,,,,,,,p71080.htm#i710797,,,Sutherland-7109,
Q149267,Q75387974,,,,,,,,,,,,,,,,,,,,,,,,,,,918742,,p=isabel;n=of strathbogie,,,,,,,,,,,,p10786.htm#i107855,Isabella_de_Strathbogie_(1),,Strathbogie-5,I00029190
Q149268,Q3088902,,,,,,,,,,,,,,,,,,,,,,,,,,,,,,,,,,,,,,,,,p10786.htm#i107858,"David_II_Strathbogie,_Earl_of_Atholl_(1)",,Strathbogie-8,I00437392
Q149269,Q75388011,,,,,,,,,,,,,,,,,,,,,,,,,,,,,p=ellen;n=of mar,,,,,,,,,,,,p10789.htm#i107882,Mary_Ehislach_(1),,Mar-38,I00377286
Q149270,Q1237391,,,,,,,,,,,,,,,,,,,,,,,,,,,918768,,p=donald;n=of mar;oc=1,,,,,,,,,,,,p10788.htm#i107879,"Domhnall_II,_Earl_of_Mar_(1)",,Mar-35,I00006388
Q149271,Q96244027,,,,,,,,,,,,,,,,,,,,,,,,,,,,,,,,,,,,,,,,,,,,Ferch_Madog-15,I00705940
Q149272,Q110067842,,,,,,,,,,,,,,,,,,,,,,,,,,,,,,,,,,,,,,,,,,,,,I00707776
Q149273,Q111455087,,,,,,,,,,,,,,,,,,,,,,,,,,,,,,,,,,,,,,,,,,,,,I00708265
Q149274,Q116055407,,,,,,,,,,,,,,,,,,,,,,,,,,,,,,,,,,,,,,,,,,,,,I00759874
Q149275,Q116055561,,,,,,,,,,,,,,,,,,,,,,,,,,,,,,,,,,,,,,,,,,,,,I00759500
Q149276,Q96312007,,,,,,,,,,,,,,,,,,,,,,,,,,,,,,,,,,,,,,,,,,,,,I00311435
Q149277,Q96312003,,,,,,,,,,,,,,,,,,,,,,,,,,,,,p=dafydd llwyd;n=of gwynedd,,,,,,,,,,,,,Dafydd_Unknown_(21),,,I00311438
Q149278,Q116478877,,,,,,,,,,,,,,,,,,,,,,,,,,,,,,,,,,,,,,,,,,,,,I00754480
Q149279,Q99071765,,,,,,,,,,,,,,,,,,,,,,,,,,,,,,,,,,,,,,,,,,,,,I00557031
Q149280,Q24008616,,,,,,,,,,,,,,,,,,,,,,,,,,,,,,,,,,,,,,,,,,,,,I00174774
Q149281,Q24008617,,,,,,,,,,,,,,,,,,,,,,,,,,,,,,,,,,,,,,,,,,,,Marshall-212,I00478467
Q149282,Q110636398,,,,,,,,,,,,,,,,,,,,,,,,,,,,,,,,,,,,,,,,,,,,Ferch_Owain-3,I00663853
Q149283,Q2738520,,,,,,,,,,,,,,,,,,,,,,,,,,,,,p=owen;n=of gwynedd;oc=1,,,,,,,,,,,,p10685.htm#i106841,Owain_Lawgoch_(1),,Lawgoch-1,
Q149284,Q76273210,,,,,,,,,,,,,,,,,,,,,,,,,,,,,,,,,,,,,,,,,p65426.htm#i654253,,,Ferch_Iorwerth-1,I00589161
Q149285,Q99072290,,,,,,,,,,,,,,,,,,,,,,,,,,,,,,,,,,,,,,,,,,,,,I00705553
Q149286,Q99302479,,,,,,,,,,,,,,,,,,,,,,,,,,,,,,,,,,,,,,,,,,,,Ap_Iowerth_Foel-1,I00616463
Q149287,Q116147514,,,,,,,,,,,,,,,,,,,,,,,,,,,,,,,,,,,,,,,,,,,,,I00565695
Q149288,Q110582605,,,,,,,,,,,,,,,,,,,,,,,,,,,,,,,,,,,,,,,,,,,,,I00706204
Q149289,Q116054518,,,,,,,,,,,,,,,,,,,,,,,,,,,,,,,,,,,,,,,,,,,,,I00755849
Q149290,Q75922757,,,,,,,,,,,,,,,,,,,,,,,,,,,,,,,,,,,,,,,,,p40548.htm#i405472,,,,
Q149291,Q75922762,,,,,,,,,,,,,,,,,,,,,,,,,,,,,,,,,,,,,,,,,p40548.htm#i405475,,,,
Q149292,Q75922764,,,,,,,,,,,,,,,,,,,,,,,,,,,,,,,,,,,,,,,,,p40548.htm#i405477,,,,
Q149293,Q116146441,,,,,,,,,,,,,,,,,,,,,,,,,,,,,,,,,,,,,,,,,,,,,I00757875
Q149294,Q56526555,,,,,,,,,,,,,,,,,,,,,,,,,,,,,,,,,,,,,,,,,,,,Ferrers-432,
Q149295,Q56285117,,,,,,,,,,,,,,,,,,,,,,,,,,,309716,,p=guillaume;n=de fiennes;oc=2,,,,,,,,,,,,p4817.htm#i48165,William_De_Fiennes_(1),,Fiennes-104,I00026631
Q149296,Q2583415,,,,,,,,,,,,,,,,,,,,,,,,,,,309743,,p=blanche;n=de brienne,,,,,,,,,,,,p2953.htm#i29526,Blanche_De_Brienne_(1),,Brienne-2,I00026632
Q149297,Q2022346,,,,,,,,,,,,,,,,,,,,,,,,,,,10605,,p=jean;n=de fiennes,,,,,,,,,,,,p4267.htm#i42668,John_Fiennes_(1),,Fiennes-39,I00027527
Q149298,Q4303435,,,,,,,,,,,,,,,,,,I2415,,,,,,,,,522293,,,,,,,,,,,,,,p10255.htm#i102547,,,Mortimer-52,I00026605
Q149299,Q6759745,,,,,,,,,,,,,,,,,,I5632,,,,,,,,,,,,,,,,,,,,,,,p1203.htm#i12029,,,Mortimer-106,I00026623
Q149300,Q3813372,,,,,,,,LBSJ-C5W,,,,,,,,,,I2407,,,,,,,,,,,,,,,,,,,,,,,p349.htm#i3487,"Katherine_Mortimer,_Countess_of_Warwick_(1)",,Mortimer-53,I00026580
Q149301,Q4693088,,,,,,,,,,,,,,,,,,,,,,,,,,,,,,,,,,,,,,,,,p66.htm#i658,Agnes_de_Mortimer_(1),,Mortimer-107,
Q149302,Q75299001,,,,,,,,,,,,,,,,,,,,,,,,,,,,,,,,,,,,,,,,,p4726.htm#i47256,,,Mortimer-94,I00177405
Q149303,Q56160727,,,,,,,,,,,,,,,,,,,,,,,,,,,,,,,,,,,,,,,,,p40546.htm#i405453,,,,
Q149304,Q56162384,,,,,,,,,,,,,,,,,,,,,,,,,,,,,p=geoffroy;n=de mortemer,,,,,,,,,,,,p40546.htm#i405454,,,,
Q149305,Q75922722,,,,,,,,,,,,,,,,,,,,,,,,,,,,,,,,,,,,,,,,,p40546.htm#i405455,,,,
Q149306,Q75922725,,,,,,,,,,,,,,,,,,,,,,,,,,,,,,,,,,,,,,,,,p40546.htm#i405456,,,,
Q149307,Q75565527,,,,,,,,,,,,,,,,,,,,,,,,,,,,,,,,,,,,,,,,,p21586.htm#i215859|p70351.htm#i703502,,,,I00191853
Q149308,Q110413618,,,,,,,,,,,,,,,,,,,,,,,,,,,,,,,,,,,,,,,,,,,,,I00757270
Q149309,Q85853532,,,,,,,,,,,,,,,,,,,,,,,,,,,,,,,,,,,,,,,,,,,,,
Q149310,Q75453217,,,,,,,,,,,,,,,,,,,,,,,,,,,,,,,,,,,,,,,,,p15142.htm#i151419,,,Verdun-8,I00125468
Q149311,Q75922607,,,,,,,,,,,,,,,,,,,,,,,,,,,,,,,,,,,,,,,,,p40539.htm#i405384,,,Verdun-9,I00198201
Q149312,Q75431375,,,,,,,,,,,,,,,,,,,,,,,,,,,,,,,,,,,,,,,,,p13742.htm#i137413,,,Verdun-12,I00289828
Q149313,Q75397072,,,,,,,,,,,,,,,,,,,,,,,,,,,48833,,p=maud;n=le botiller,,,,,,,,,,,,p11648.htm#i116478,Maud_de_Verdun_(1),,Boteler-208,I00030558
Q149314,Q3611717,,,,,,,,,,,,,,,,,,,,,,,,,,,124975,,p=alasia;n=di saluzzo,,,,,,,,,,,,p358.htm#i3575,Alisona_Saluzzo_(1),,Saluzzo-3,I00026727
Q149315,Q2004845,,,,,,,,LY8C-LSL,,,,,,,,,,,,,,,,,,,123617,,p=edmund;n=fitzalan,,,,,,,,,,,,p356.htm#i3560,Edmund_FitzAlan_(25),,FitzAlan-586,I00015389
Q149316,Q5354277,,,,,,,,,,,,,,,,,,I4616,,,,,,,,,1305724,,p=eleanor;n=fitzalan,,,,,,,,,,,,p6.htm#i52,Eleanor_FitzAlan_(23),,FitzAlan-607,I00015414
Q149317,Q75431782,,,,,,,,,,,,,,,,,,,,,,,,,,,,,p=margaret;n=fitzalan;oc=3,,,,,,,,,,,,p13768.htm#i137680,Margaret_Fitzalan_(1),,FitzAlan-588,I00191851
Q149318,Q76283681,,,,,,,,,,,,,,,,,,,,,,,,,,,,,,,,,,,,,,,,,p66141.htm#i661408,John_FitzAlan_(74),,FitzAlan-605,I00026720
Q149319,Q75586826,,,,,,,,,,,,,,,,,,,,,,,,,,,,,,,,,,,,,,,,,p22800.htm#i227997,Alice_FitzAlan_(24),,FitzAlan-587,I00139726
Q149320,Q29025399,,,,,,,,,,,,,,,,,,,,,,,,,,,,,p=philip;n=burnell,,,,,,,,,,,,p19098.htm#i190980,Philip_Burnell_(1),,Burnell-21,I00487347
Q149321,Q75520234,,,,,,,,,,,,,,,,,,,,,,,,,,,,,,,,,,,,,,,,,p19099.htm#i190983,,,Burnell-7,I00487112
Q149322,Q29025406,,,,,,,,,,,,,,,,,,,,,,,,,,,,,,,,,,,,,,,,,p19098.htm#i190979,,,Burnel-1,
Q149323,Q673774,,,,,,,,,,,,,,,,,,,,,,,,,,,261306,,,,,,,,,,,,,,p358.htm#i3579,Robert_de_Vere_(3),,De_Vere-307,I00109454
Q149324,Q75251071,,,,,,,,,,,,,,,,,,,,,,,,,,,,,,,,,,,,,,,,,p1171.htm#i11705,,,Sanford-1102,I00109455
Q149325,Q28927515,,,,,,,,,,,,,,,,,,,,,,,,,,,,,,,,,,,,,,,,,p1171.htm#i11706,,,De_Vere-323,I00109433
Q149326,Q75764363,,,,,,,,,,,,,,,,,,,,,,,,,,,,,,,,,,,,,,,,,p32207.htm#i322067,,,Ros-26,I00287594
Q149327,Q75922749,,,,,,,,,,,,,,,,,,,,,,,,,,,,,,,,,,,,,,,,,p40547.htm#i405468,,,,
Q149328,Q75298938,,,,,,,,,,,,,,,,,,,,,,,,,,,,,,,,,,,,,,,,,p4722.htm#i47213,,,,
Q149329,Q75298943,,,,,,,,,,,,,,,,,,,,,,,,,,,,,,,,,,,,,,,,,p4722.htm#i47217,,,,
Q149330,Q75298950,,,,,,,,,,,,,,,,,,,,,,,,,,,,,,,,,,,,,,,,,p4723.htm#i47221,,,,
Q149331,Q6781019,,,,,,,,,,,,,,,,,,,,,,,,,,,,,p=mary;n=de monthermer,,,,,,,,,,,,p10795.htm#i107945,Mary_Monthermer_(1),,Monthermer-8,I00308674
Q149332,Q710482,,,,,,,,,,17950767,,,,,,,,I4218,,,,,,,,,,,p=piers;n=gaveston,,,,,,,,,,,,p10693.htm#i106929,Piers_Gaveston_(1),,Gaveston-1,
Q149333,Q942577,,,,,,,,,,,,,,,,,,I4203,,,,,,,,,601586,,,,,,,,,,,,,,p812.htm#i8120,Ralph_de_Stafford_(2),,Stafford-78,I00027627
Q149334,Q4441325,,,,,,,,,,,,,,,,,,I2404,,,,,,,,,1292409,,,,,,,,,,,,,,p874.htm#i8738,Hugh_de_Stafford_(2),,Stafford-41,I00026567
Q149335,Q56372108,,,,,,,,,,,,,,,,,,,,,,,,,,,,,,,,,,,,,,,,,p17619.htm#i176188,,,Stafford-34,I00028783
Q149336,Q75240749,,,,,,,,,,,,,,,,,,I5074,,,,,,,,,,,,,,,,,,,,,,,p284.htm#i2835,,,,
Q149337,Q75653855,,,,,,,,,,,,,,,,,,I4640,,,,,,,,,,,,,,,,,,,,,,,p27441.htm#i274406,,,Stafford-55,I00028784
Q149338,Q75246700,,,,,,,,,,,,,,,,,,,,,,,,,,,,,p=ralph;n=stafford,,,,,,,,,,,,p812.htm#i8119,Ralph_de_Stafford_(1),,Stafford-331,I00028779
Q149339,Q61971028,,,,,,,,,,,,,,,,,,,,,,,,,,,,,,,,,,,,,,,,,,,,Greystoke-70,I00177583
Q149340,Q7287905,,,,,,,,,,,,,,,,,,,,,,,,,,,970656,,,,,,,,,,,,,,p1962.htm#i19618,Ralph_de_Neville_(5),,Neville-57,I00108625
Q149341,Q75095304,,,,,,,,,,,,,,,,,,,,,,,,,,,,,,,,,,,,,,,,,p1962.htm#i19619,,,Clavering-14,I00108626
Q149342,Q17427388,,,,,,,,,,,,,,,,,,,,,,,,,,,,,,,,,,,,,,,,,p1963.htm#i19623,,,Neville-308,
Q149343,Q61963533,,,,,,,,,,144304107,,,,,,,,,,,,,,,,,327956,,,,,,,,,,,,,,p70066.htm#i700656,,,FitzHugh-268,I00177582
Q149344,Q16863383,,,,,,,,,,146426577,,,,,,,,,,,,,,,,,144389,,,,,,,,,,,,,,p17615.htm#i176147,,,Greystoke-24,I00028378
Q149345,Q75960708,,,,,,,,,,,,,,,,,,,,,,,,,,,,,,,,,,,,,,,,,p43185.htm#i431843,,,Greystoke-33,
Q149346,Q76340434,,,,,,,,,,,,,,,,,,,,,,,,,,,,,,,,,,,,,,,,,p70066.htm#i700657,,,,
Q149347,Q76340435,,,,,,,,,,144305623,,,,,,,,,,,,,,,,,,,,,,,,,,,,,,,p70066.htm#i700658,,,,
Q149348,Q61278543,,,,,,,,,,,,,,,,,,I10609,,,,,,,,,51274,,,,,,,,,,,,,,p350.htm#i3493,,,Percy-15,I00108485
Q149349,Q18593028,,,,,,,,,,,,,,,,,,I10610,,,,,,,,,,,,,,,,,,,,,,,p1315.htm#i13147,,,Latimer-63,I00109035
Q149350,Q75254410,,,,,,,,,,,,,,,,,,I10607,,,,,,,,,,,,,,,,,,,,,,,p1450.htm#i14497,,,Neville-330,
Q149351,Q75254413,,,,,,,,,,,,,,,,,,,,,,,,,,,,,,,,,,,,,,,,,p1450.htm#i14499,,,Neville-178,I00165781
Q149352,Q75254411,,,,,,,,,,,,,,,,,,,,,,,,,,,,,,,,,,,,,,,,,p1450.htm#i14498,,,,
Q149353,Q1972589,,,,,,,,LD91-3SZ,,,,,,,,,,I2422,,,,,,,,,29948,,p=ralph;n=nevill,,,sw.211677,,,,,,,,,p10164.htm#i101634,Ralph_de_Neville_(4),,Neville-53,I00001702
Q149354,Q76861629,,,,,,,,,,,,,,,,,,,,,,,,,,,,,,,,,,,,,,,,,,,,,
Q149355,Q75251731,,,,,,,,,,,,,,,,,,,,,,,,,,,,,,,,,,,,,,,,,p1227.htm#i12270,,,Neville-14,I00198196
Q149356,Q75244979,,,,,,,,,,,,,,,,,,,,,,,,,,,,,,,,,,,,,,,,,p667.htm#i6668,,,,
Q149357,Q45841190,,,,,,,,,,,,,,,,,,,,,,,,,,,,,,,,,,,,,,,,,p426.htm#i4254,,,Neville-396,
Q149358,Q75254414,,,,,,,,,,,,,,,,,,,,,,,,,,,,,,,,,,,,,,,,,p1450.htm#i14500,,,Neville-1629,I00139629
Q149359,Q8020819,,,,,,,,,,,,,,,,,,,,,,,,,,,,,,,,,,,,,,,,,p89.htm#i884,William_de_Ros_(3),,Ros-39,I00108628
Q149360,Q1398378,,,,,,,,,,69493848,,,,,,,,I11735,,,,,,,,,51254,,,,,,,,,,,,,,p10692.htm#i106912,Henry_Percy_(110),,Percy-85,I00015419
Q149361,Q471421,,,,,,,,LHP9-JJ1,,39440911,,,percyh,,,,,I11733,,,,,,,,,51256,,,,,sw.341302,,,,,,,,,p10726.htm#i107251,Henry_Percy_(112),,Percy-4,I00015421
Q149362,Q75389442,,,,,,,,,,,,,,,,,,,,,,,,,,,,,,,,,,,,,,,,,p10917.htm#i109167,,,Percy-401,
Q149363,Q75389465,,,,,,,,,,,,,,,,,,,,,,,,,,,,,,,,,,,,,,,,,p10919.htm#i109182,,,,
Q149364,Q75463907,,,,,,,,,,,,,,,,,,,,,,,,,,,,,,,,,,,,,,,,,p15825.htm#i158249,,,Percy-283,I00709128
Q149365,Q75463909,,,,,,,,,,,,,,,,,,,,,,,,,,,,,,,,,,,,,,,,,p15825.htm#i158250,,,Percy-185,
Q149366,Q75238222,,,,,,,,,,,,,,,,,,,,,,,,,,,,,,,,,,,,,,,,,p88.htm#i879,,,,
Q149367,Q75238228,,,,,,,,,,,,,,,,,,,,,,,,,,,,,,,,,,,,,,,,,p89.htm#i883,,,,
Q149368,Q40133440,,,,,,,,,,,,,,,,,,,,,,,,,,,,,,,,,,,,,,,,,p1423.htm#i14227,,,,
Q149369,Q8007529,,,,,,,,,,,,,,,,,,,,,,,,,,,,,,,,,,,,,,,,,p1423.htm#i14228,William_de_Dacre_(3),,Dacre-200,I00393001
Q149370,Q75238231,,,,,,,,,,,,,,,,,,,,,,,,,,,,,,,,,,,,,,,,,p89.htm#i885,,,FitzHugh-737,
Q149371,Q75257696,,,,,,,,,,,,,,,,,,,,,,,,,,,,,,,,,,,,,,,,,p1709.htm#i17088,,,Scrope-43,
Q149372,Q116054281,,,,,,,,,,,,,,,,,,,,,,,,,,,,,,,,,,,,,,,,,,,,,I00393261
Q149373,Q75463831,,,,,,,,,,,,,,,,,,,,,,,,,,,,,,,,,,,,,,,,,p15820.htm#i158200,,,Ledes-1,
Q149374,Q75463825,,,,,,,,,,,,,,,,,,,,,,,,,,,,,,,,,,,,,,,,,p15820.htm#i158197,,,Neville-1775,I00709316
Q149375,Q75238221,,,,,,,,,,,,,,,,,,,,,,,,,,,,,,,,,,,,,,,,,p88.htm#i878,,,,
Q149376,Q23893301,,,,,,,,,,,,,,,,,,,,,,,,,,,,,,,,,,,,,,,,,p4724.htm#i47231,,,Clavering-110,I00478107
Q149377,Q75933204,,,,,,,,,,,,,,,,,,,,,,,,,,,,,,,,,,,,,,,,,p41193.htm#i411925,,,Avenbury-2,I00015451
Q149378,Q76345418,,,,,,,,,,,,,,,,,,,,,,,,,,,,,,,,,,,,,,,,,p70350.htm#i703498,,,Bohun-77,
Q149379,Q76345420,,,,,,,,,,,,,,,,,,,,,,,,,,,,,,,,,,,,,,,,,p70350.htm#i703499,,,,
Q149380,Q75933203,,,,,,,,,,,,,,,,,,,,,,,,,,,,,,,,,,,,,,,,,p41193.htm#i411924,,,,
Q149381,Q76345414,,,,,,,,,,,,,,,,,,,,,,,,,,,,,,,,,,,,,,,,,p70350.htm#i703496,,,,
Q149382,Q76345416,,,,,,,,,,,,,,,,,,,,,,,,,,,,,,,,,,,,,,,,,p70350.htm#i703497,,,,
Q149383,Q435204,,,,,,,,,,,,,,,,,,I7253,,,,,,,,,10581,,p=raoul;n=de lusignan,,,,,,,,,,,,p19080.htm#i190798,Raoul_I_of_Lusignan_(1),,Lusignan-73,I00015448
Q149384,Q1924925,,,,,,,,,,,,,,,,,,I7254,,,,,,,,,259087,,p=alix;n=d eu,,,,,,,,,,,,p19080.htm#i190797,Alice_D'Eu_(1),,Eu-37,I00015447
Q149385,Q56285638,,,,,,,,,,,,,,,,,,,,,,,,,,,309720,,p=enguerrand;n=de fiennes;oc=2,,,,,,,,,,,,p357.htm#i3567,Ingelram_de_Fiennes_(1),,Fiennes-41,I00038520
Q149386,Q56285642,,,,,,,,,,,,,,,,,,,,,,,,,,,309733,,p=agnes;n=de conde,,,,,,,,,,,,p40626.htm#i406252,Isabel_Conde_(2),,Condé-80,I00038521
Q149387,Q5354426,,,,,,,,,,218760713,,,,,,,,I2339,,,,,,,,,,,,,,,,,,,,,,,p10694.htm#i106939,Eleanor_de_Bohun_(2),,Bohun-40,I00028705
Q149388,Q4089851,,,,,,,,,,,,,,,,,,,,,,,,,,,,,p=john;n=de bohun,,,,,,,,,,,,p10695.htm#i106943,John_de_Bohun_(1),,Bohun-41,I00028704
Q149389,Q4089853,,,,,,,,,,,,,,,,,,,,,,,,,,,,,,,,,,,,,,,,,p10695.htm#i106948,Humphrey_de_Bohun_(4),,Bohun-203,I00007056
Q149390,Q6760053,,,,,,,,,,8868,,,,,,,,I3941,,,,,,,,,624213,,p=margaret;n=de bohun;oc=1,,,,,,,,,,,,p10696.htm#i106957,Margaret_de_Bohun_(3),,Bohun-2,I00028611
Q149391,Q3120286,,,,,,,,,,20959280,,,,,,,,I2336,,,,,,,,,463836,,,,,,,,,,,,,,p10182.htm#i101815,William_de_Bohun_(1),,Bohun-35,I00015455
Q149392,Q4529811,,,,,,,,,,,,,,,,,,,,,,,,,,,,,,,,,,,,,,,,,p10695.htm#i106950,,,,
Q149393,Q75386919,,,,,,,,,,,,,,,,,,,,,,,,,,,,,,,,,,,,,,,,,p10696.htm#i106953,,,,
Q149394,Q75386904,,,,,,,,,,,,,,,,,,,,,,,,,,,,,,,,,,,,,,,,,p10694.htm#i106938,,,,
Q149395,Q75386908,,,,,,,,,,,,,,,,,,,,,,,,,,,,,,,,,,,,,,,,,p10695.htm#i106942,,,,
Q149396,Q75386924,,,,,,,,,,,,,,,,,,,,,,,,,,,,,,,,,,,,,,,,,p10696.htm#i106956,,,,
Q149397,Q75386927,,,,,,,,,,,,,,,,,,,,,,,,,,,,,,,,,,,,,,,,,p10696.htm#i106959,,,Bohun-47,
Q149398,Q7344364,,,,,,,,,,,,,,,,,,,,,,,,,,,,,,,,,,,,,,,,,p80.htm#i793,,,FitzWalter-112,I00139198
Q149399,Q75238117,,,,,,,,,,,,,,,,,,,,,,,,,,,,,,,,,,,,,,,,,p80.htm#i792,,,FitzWalter-147,
Q149400,Q26759574,,,,,,,,,,,,,,,,,,,,,,,,,,,,,,,,,,,,,,,,,p4790.htm#i47897,,,,I00139356
Q149401,Q75464271,,,,,,,,,,,,,,,,,,,,,,,,,,,,,,,,,,,,,,,,,p15852.htm#i158518|p68888.htm#i688871,,,Muscegros-1,I00177551
Q149402,Q7351399,,,,,,,,,,,,,,,,,,I4976,,,,,,,,,,,,,,,,,,,,,,,p14713.htm#i147125,Robert_de_Ferrers_(1),,Ferrers-127,I00177552
Q149403,Q61971377,,,,,,,,,,,,,,,,,,,,,,,,,,,,,,,,,,,,,,,,,,,,,
Q149404,Q75934285,,,,,,,,,,,,,,,,,,,,,,,,,,,,,,,,,,,,,,,,,p41267.htm#i412670,,,Ferrers-141,I00384761
Q149405,Q6077823,,,,,,,,,,,,,,,,,,I11315,,,,,,,,,,,,,,,,,,,,,,,p10917.htm#i109163,Isabel_de_Verdun_(1),,Verdun-7,I00027640
Q149406,Q86995819,,,,,,,,,,,,,,,,,,,,,,,,,,,,,,,,,,,,,,,,,,Roger_la_Zouche_(3),,,
Q149407,Q76101046,,,,,,,,,,,,,,,,,,,,,,,,,,,,,p=maud;n=lovel,,,,,,,,,,,,p53119.htm#i531187,Maud_Lovel_(1),,Lovel-25,I00139408
Q149408,Q18576159,,,,,,,,,,,,,,,,,,,,,,,,,,,617151,,p=eon;n=la zouche;oc=1,,,,,,,,,,,,p53119.htm#i531189,Eudes_la_Zouche_(1),,Zouche-41,I00139409
Q149409,Q76045623,,,,,,,,,,,,,,,,,,,,,,,,,,,,,,,,,,,,,,,,,p49171.htm#i491705,,,,
Q149410,Q76101055,,,,,,,,,,,,,,,,,,,,,,,,,,,,,p=john;n=la zouche,,,,,,,,,,,,p53120.htm#i531193,John_la_Zouche_(2),,Zouche-56,
Q149411,Q76101056,,,,,,,,,,,,,,,,,,,,,,,,,,,,,p=roger;n=la zouche,,,,,,,,,,,,p53120.htm#i531194,Roger_la_Zouche_(2),,Zouche-57,
Q149412,Q76101057,,,,,,,,,,,,,,,,,,,,,,,,,,,,,p=thomas;n=la zouche,,,,,,,,,,,,p53120.htm#i531195,Thomas_la_Zouche_(1),,Zouche-58,
Q149413,Q76101059,,,,,,,,,,,,,,,,,,,,,,,,,,,,,,,,,,,,,,,,,p53120.htm#i531196,,,,
Q149414,Q76063000,,,,,,,,,,,,,,,,,,,,,,,,,,,,,,,,,,,,,,,,,p50472.htm#i504711,Edmund_la_Zouche_(1),,Zouche-59,
Q149415,Q76101061,,,,,,,,,,,,,,,,,,,,,,,,,,,1311839,,p=millicent;n=la zouche,,,,,,,,,,,,p53120.htm#i531197,Millicent_la_Zouche_(1),,Zouche-60,I00377463
Q149416,Q76063004,,,,,,,,,,,,,,,,,,,,,,,,,,,,,p=isabel;n=la zouche,,,,,,,,,,,,p50472.htm#i504714,Isabel_la_Zouche_(1),,Zouche-61,
Q149417,Q76063006,,,,,,,,,,,,,,,,,,,,,,,,,,,,,p=thomasine;n=la zouche,,,,,,,,,,,,p50472.htm#i504715,Thomasine_la_Zouche_(1),,,
Q149418,Q6793554,,,,,,,,,,,,,,,,,,I4745,,,,,,,,,327964,,p=maurice;n=de berkeley,,,,,,,,,,,,p4177.htm#i41767,Maurice_de_Berkeley_(2),,Berkeley-42,I00054202
Q149419,Q56373653,,,,,,,,,,,,,,,,,,,,,,,,,,,327963,,,,,,,,,,,,,,p13045.htm#i130447,,,Berkeley-5,I00028354
Q149420,Q7795452,,,,,,,,,,,,,,,,,,I5630,,,,,,,,,,,,,,,,,,,,,,,p12963.htm#i129628,Thomas_de_Berkeley_(2),,Berkeley-483,I00026624
Q149421,Q75418780,,,,,,,,,,,,,,,,,,I4748,,,,,,,,,,,,,,,,,,,,,,,p12963.htm#i129627,,,Berkeley-505,
Q149422,Q75420098,,,,,,,,,,,,,,,,,,,,,,,,,,,,,,,,,,,,,,,,,p13045.htm#i130444,,,,
Q149423,Q75420099,,,,,,,,,,,,,,,,,,,,,,,,,,,,,,,,,,,,,,,,,p13045.htm#i130445,,,,
Q149424,Q75420102,,,,,,,,,,,,,,,,,,,,,,,,,,,,,,,,,,,,,,,,,p13045.htm#i130450,,,Berkeley-58,I00191818
Q149425,Q75420100,,,,,,,,,,,,,,,,,,,,,,,,,,,,,,,,,,,,,,,,,p13045.htm#i130446,,,,
Q149426,Q75620355,,,,,,,,,,,,,,,,,,,,,,,,,,,,,,,,,,,,,,,,,p25028.htm#i250277,,,,I00551190
Q149427,Q75620339,,,,,,,,,,,,,,,,,,,,,,,,,,,,,,,,,,,,,,,,,p25027.htm#i250266,,,Poyntz-80,I00288266
Q149428,Q100153126,,,,,,,,,,,,,,,,,,,,,,,,,,,,,,,,,,,,,,,,,,,,Mallory-273,I00674064
Q149429,Q75397968,,,,,,,,,,,,,,,,,,,,,,,,,,,827820,,,,,,,,,,,,,,p11702.htm#i117013|p32262.htm#i322614,,,Mallory-143,I00284826
Q149430,Q19043154,,,,,,,,,,,,,,,,,,,,,,,,,,,,,p=john;n=harcourt,,,,,,,,,,,,p33641.htm#i336409,,,Harcourt-42,I00029015
Q149431,Q75775743,,,,,,,,,,,,,,,,,,,,,,,,,,,,,p=william;n=harcourt,,,,,,,,,,,,p32803.htm#i328025,,,Harcourt-28,I00029019
Q149432,Q109852950,,,,,,,,,,,,,,,,,,,,,,,,,,,,,,,,,,,,,,,,,,Thomas_Greene_(2),,Greene-2060,I00670328
Q149433,Q5722186,,,,,,,,,,,,,,,,,,,,,,,,,,,,,,,,,,,,,,,,,p53121.htm#i531202,Henry_Greene_(1),,Greene-2059,I00348150
Q149434,Q75912417,,,,,,,,,,,,,,,,,,,,,,,,,,,,,,,,,,,,,,,,,p39898.htm#i398975,,,Penrice-32,I00755718
Q149435,Q76022665,,,,,,,,,,,,,,,,,,,,,,,,,,,,,,,,,,,,,,,,,p47447.htm#i474463,,,Lucy-169,I00464434
Q149436,Q76203071,,,,,,,,,,,,,,,,,,,,,,,,,,,,,,,,,,,,,,,,,p60128.htm#i601280,,,,
Q149437,Q76078646,,,,,,,,,,,,,,,,,,,,,,,,,,,,,,,,,,,,,,,,,p51523.htm#i515229,,,Hommet-10,
Q149438,Q110520542,,,,,,,,,,,,,,,,,,,,,,,,,,,,,p=luce;n=de bruce,,,,,,,,,,,,,,,,I00573421
Q149439,Q76131835,,,,,,,,,,,,,,,,,,,,,,,,,,,,,,,,,,,,,,,,,p55311.htm#i553101,,,,
Q149440,Q61964206,,,,,,,,,,,,,,,,,,,,,,,,,,,,,,,,,,,,,,,,,p43905.htm#i439047,Nicholas_De_Stuteville_(5),,Stuteville-23,I00197553
Q149441,Q61964094,,,,,,,,,,,,,,,,,,,,,,,,,,,,,,,,,,,,,,,,,p53859.htm#i538589,Devorguilla_Galloway_(1),,Galloway-925,I00197554
Q149442,Q76203188,,,,,,,,,,,,,,,,,,,,,,,,,,,,,,,,,,,,,,,,,p60135.htm#i601346,,,Wake-63,I00425404
Q149443,Q75775275,,,,,,,,,,,,,,,,,,,,,,,,,,,,,,,,,,,,,,,,,p32781.htm#i327808,,,FitzGeoffrey-64,
Q149444,Q24760202,,,,,,,,,,,,,,,,,,,,,,,,,,,,,,,,,,,,,,,,,p32797.htm#i327965,,,Grey-64,I00296277
Q149445,Q15815165,,,,,,,,,,,,,,,,,,,,,,,,,,,,,p=henry;n=grey;oc=7,,,,,,,,,,,,p32676.htm#i326756,Henry_Grey_(2),,Grey-61,I00076206
Q149446,Q99023511,,,,,,,,,,,,,,,,,,,,,,,,,,,,,,,,,,,,,,,,,,,,Deincourt-11,I00388278
Q149447,Q99022989,,,,,,,,,,,,,,,,,,,,,,,,,,,,,,,,,,,,,,,,,,,,Deincourt-3,I00446384
Q149448,Q75791644,,,,,,,,,,,,,,,,,,,,,,,,,,,,,,,,,,,,,,,,,p33613.htm#i336122,,,Say-67,
Q149449,Q75791642,,,,,,,,,,,,,,,,,,,,,,,,,,,926242,,,,,,,,,,,,,,p33613.htm#i336121,,,Mandeville-12,
Q149450,Q75266663,,,,,,,,,,,,,,,,,,,,,,,,,,,,,,,,,,,,,,,,,p2360.htm#i23600,,,,
Q149451,Q75791651,,,,,,,,,,,,,,,,,,,,,,,,,,,,,,,,,,,,,,,,,p33613.htm#i336125,,,,
Q149452,Q75791892,,,,,,,,,,,,,,,,,,,,,,,,,,,,,,,,,,,,,,,,,p33625.htm#i336244,,,,
Q149453,Q75791658,,,,,,,,,,,,,,,,,,,,,,,,,,,,,,,,,,,,,,,,,p33613.htm#i336129,,,,
Q149454,Q76364213,,,,,,,,,,,,,,,,,,,,,,,,,,,,,,,,,,,,,,,,,p71302.htm#i713019,,,,
Q149455,Q75791638,,,,,,,,,,,,,,,,,,,,,,,,,,,,,,,,,,,,,,,,,p33612.htm#i336119,,,,
Q149456,Q75791898,,,,,,,,,,,,,,,,,,,,,,,,,,,,,,,,,,,,,,,,,p33625.htm#i336247,,,,
Q149457,Q75792676,,,,,,,,,,,,,,,,,,,,,,,,,,,,,,,,,,,,,,,,,p33664.htm#i336633,,,,
Q149458,Q75791669,,,,,,,,,,,,,,,,,,,,,,,,,,,,,,,,,,,,,,,,,p33614.htm#i336134,,,Marshal-32,
Q149459,Q75792015,,,,,,,,,,,,,,,,,,,,,,,,,,,,,,,,,,,,,,,,,p33631.htm#i336308|p39293.htm#i392930,,,Unknown-35276,I00139396
Q149460,Q75791672,,,,,,,,,,,,,,,,,,,,,,,,,,,,,,,,,,,,,,,,,p33614.htm#i336135,,,Say-78,I00139397
Q149461,Q99735564,,,,,,,,,,,,,,,,,,,,,,,,,,,,,,,,,,,,,,,,,,,,Say-19,
Q149462,Q75464059,,,,,,,,,,,,,,,,,,,,,,,,,,,,,,,,,,,,,,,,,p15835.htm#i158347,Joanna_Meschines_(1),,Meschines-54,
Q149463,Q76059581,,,,,,,,,,,,,,,,,,,,,,,,,,,,,p=enguerran;n=de balliol,,,,,,,,,,,,p50215.htm#i502146,Ingram_De_Baliol_(1),,Balliol-16,I00198860
Q149464,Q76059598,,,,,,,,,,,,,,,,,,,,,,,,,,,,,p=agnes;n=berkeley,,,,,,,,,,,,p50216.htm#i502158,Agnes_De_Berkeley_(1),,Berkeley-474,I00198861
Q149465,Q3785021,,,,,,,,L5R2-HFJ,,,,,,,,,,,,,,,,,,,1305725,,p=henry;n=percy;oc=6,,,,,,,,,,,,p15150.htm#i151497,Henry_de_Percy_(2),,Percy-34,I00015413
Q149466,Q76286548,,,,,,,,,,,,,,,,,,,,,,,,,,,,,,,,,,,,,,,,,p66334.htm#i663335,,,,I00015412
Q149467,Q86647707,,,,,,,,,,,,,,,,,,,,,,,,,,,,,p=ralph;n=fitzrandolph;oc=2,,,,,,,,,,,,,Ralph_Fitz_Ranulf_(2),,FitzRanulf-21,I00430238
Q149468,Q17426568,,,,,,,,,,,,,,,,,,,,,,,,,,,,,p=robert;n=de nevill,,,,,,,,,,,,p1962.htm#i19615,Robert_de_Neville_(1),,Neville-52,I00164991
Q149469,Q75238203,,,,,,,,,,,,,,,,,,,,,,,,,,,,,,,,,,,,,,,,,p87.htm#i861,,,,
Q149470,Q75238204,,,,,,,,,,,,,,,,,,,,,,,,,,,,,,,,,,,,,,,,,p87.htm#i862,,,,
Q149471,Q75533342,,,,,,,,,,,,,,,,,,,,,,,,,,,,,,,,,,,,,,,,,p19903.htm#i199029,,,Tateshall-8,
Q149472,Q116028882,,,,,,,,,,,,,,,,,,,,,,,,,,,,,,,,,,,,,,,,,,,,,I00543589
Q149473,Q98960284,,,,,,,,,,,,,,,,,,,,,,,,,,,111438,,,,,,,,,,,,,,,,,Vaux-317,I00510105
Q149474,Q76199350,,,,,,,,,,,,,,,,,,,,,,,,,,,,,,,,,,,,,,,,,p59878.htm#i598775,,,Vaux-114,
Q149475,Q98960289,,,,,,,,,,,,,,,,,,,,,,,,,,,,,,,,,,,,,,,,,,,,,I00451666
Q149476,Q98960290,,,,,,,,,,,,,,,,,,,,,,,,,,,,,,,,,,,,,,,,,,,,Trevers-1,I00451667
Q149477,Q116177412,,,,,,,,,,,,,,,,,,,,,,,,,,,,,,,,,,,,,,,,,,,,,I00196925
Q149478,Q64565681,,,,,,,,,,,,,,,,,,,,,,,,,,,,,,,,,,,,,,,,,,,,Beauchamp-118,I00196924
Q149479,Q3142736,,,,,,,,,,,,,,,,,,,,,,,,,,,,,,,,,,,,,,,,,,Hugh_de_Morville_(1),,,
Q149480,Q64566026,,,,,,,,,,,,,,,,,,,,,,,,,,,,,,,,,,,,,,,,,,,,,
Q149481,Q64566516,,,,,,,,,,,,,,,,,,,,,,,,,,,,,,,,,,,,,,,,,,,,,
Q149482,Q64566863,,,,,,,,,,,,,,,,,,,,,,,,,,,,,p=maud;n=de+morville;,,,,,,,,,,,,,,,Morville-26,
Q149483,Q7287219,,,,,,,,,,,,,,,,,,,,,,,,,,,,,p=ralph;n=basset;oc=3,,,,,,,,,,,,p46660.htm#i466591,Ralph_Basset_(1),,Basset-12,
Q149484,Q81058232,,,,,,,,,,,,,,,,,,,,,,,,,,,,,,,,,,,,,,,,,,,,,
Q149485,Q61896416,,,,,,,,,,,,,,,,,,,,,,,,,,,,,p=eustachia;n=basset;oc=1,,,,,,,,,,,,p414.htm#i4132,,,,I00140319
Q149486,Q81543342,,,,,,,,,,,,,,,,,,,,,,,,,,,,,,,,,,,,,,,,,,,,Malbank-7,
Q149487,Q18681526,,,,,,,,,,,,,,,,,,,,,,,,,,,907480,,p=philippa;n=basset,,,,,,,,,,,,p69040.htm#i690395,,,Basset-25,
Q149488,Q81069193,,,,,,,,,,,,,,,,,,,,,,,,,,,,,,,,,,,,,,,,,,,,,
Q149489,Q81069674,,,,,,,,,,,,,,,,,,,,,,,,,,,,,p=guy;n=de craon;oc=1,,,,,,,,,,,,,,,Craon-57,
Q149490,Q7351406,,,,,,,,,,,,,,,,,,,,,,,,,,,,,,,,,,,,,,,,,,,,,
Q149491,Q109853182,,,,,,,,,,,,,,,,,,,,,,,,,,,,,,,,,,,,,,,,,,,,Basset-406,I00650813
Q149492,Q18576900,,,,,,,,,,,,,,,,,,,,,,,,,,,,,,,,,,,,,,,,,,,,,
Q149493,Q18577128,,,,,,,,,,,,,,,,,,,,,,,,,,,,,,,,,,,,,,,,,,,,Dunstanville-22,
Q149494,Q18526340,,,,,,,,,,,,,,,,,,,,,,,,,,,,,,,,,,,,,,,,,,,,Dunstanville-33,
Q149495,Q76102505,,,,,,,,,,,,,,,,,,I3100,,,,,,,,,311092,,p=matthew;n=de lovaine;oc=1,,,,,,,,,,,,p53225.htm#i532246,Matthew_De_Lovaine_(1),,Louvain-24,I00477614
Q149496,Q76102506,,,,,,,,,,,,,,,,,,I3101,,,,,,,,,,,p=muriel;n=n,,,,,,,,,,,,p53225.htm#i532247,Muriel_Unknown_(2),,UNKNOWN-81909,I00477615
Q149497,Q3990748,,,,,,,,,,,,,,,,,,,,,,,,,,,,,p=thomas;n=de beaumont le roger,,,,,,,,,,,,p69040.htm#i690396,"Thomas_de_Beaumont,_6th_Earl_of_Warwick_(1)",,Beaumont-701,I00370350
Q149498,Q1634646,,,,,,,,,,,,,,,,,,I5493,,,,,,,,,500159,,,,,,,,,,,,,,p40672.htm#i406713,Hugh_le_Despencer_(2),,Despenser-38,I00177426
Q149499,Q75248219,,,,,,,,,,,,,,,,,,,,,,,,,,,867217,,p=eleanor;n=le despencer,,,,,,,,,,,,p930.htm#i9298,Eleanor_Le_De_Spencer_(1),,Despenser-60,I00028694
Q149500,Q75925038,,,,,,,,,,,,,,,,,,,,,,,,,,,,,,,,,,,,,,,,,p40672.htm#i406712,,,Despenser-11,I00198205
Q149501,Q96075885,,,,,,,,,,,,,,,,,,I5499,,,,,,,,,,,,,,,,,,,,,,,,,,,
Q149502,Q6265477,,,,,,,,,,,,,,,,,,,,,,,,,,,,,,,,,,,,,,,,,p11859.htm#i118583,,,Beauchamp-3439,I00232100
Q149503,Q75400596,,,,,,,,,,,,,,,,,,I11326,,,,,,,,,,,,,,,,,,,,,,,p11861.htm#i118603,,,Bures-4,I00670622
Q149504,Q7357850,,,,,,,,,,,,,,,,,,,,,,,,,,,595726,,,,,,,,,,,,,,p11857.htm#i118562,Roger_Beauchamp_(17),,Beauchamp-203,I00029090
Q149505,Q75400598,,,,,,,,,,,,,,,,,,I11327,,,,,,,,,,,,,,,,,,,,,,,p11861.htm#i118604,,,Beauchamp-198,I00473275
Q149506,Q6265574,,,,,,,,,,,,,,,,,,,,,,,,,,,,,,,,,,,,,,,,,,,,Lisle-132,I00462664
Q149507,Q18530699,,,,,,,,,,,,,,,,,,,,,,,,,,,,,p=ralph;n=sudley,,,,,,,,,,,,p58844.htm#i588431,,,Sudeley-13,I00570528
Q149508,Q76183921,,,,,,,,,,,,,,,,,,,,,,,,,,,,,p=imenia;n=n,,,,,,,,,,,,p58844.htm#i588432,,,Corbet-104,I00570529
Q149509,Q76183928,,,,,,,,,,,,,,,,,,,,,,,,,,,,,p=bartholomew;n=sudley,,,,,,,,,,,,p58844.htm#i588437,,,Sudeley-10,I00486706
Q149510,Q75431371,,,,,,,,,,,,,,,,,,I5479,,,,,,,,,,,,,,,,,,,,,,,p13741.htm#i137410,,,Soddington-8,I00214358
Q149511,Q75475836,,,,,,,,,,,,,,,,,,I5474,,,,,,,,,,,,,,,,,,,,,,,p16527.htm#i165265|p21311.htm#i213101,,,Blount-78,I00214355
Q149512,Q75431368,,,,,,,,,,,,,,,,,,,,,,,,,,,,,,,,,,,,,,,,,p13741.htm#i137408,,,Blount-123,
Q149513,Q75875520,,,,,,,,,,,,,,,,,,,,,,,,,,,,,,,,,,,,,,,,,p37298.htm#i372975,,,,
Q149514,Q96075879,,,,,,,,,,,,,,,,,,I5478,,,,,,,,,,,,,,,,,,,,,,,,,,,
Q149515,Q75558672,,,,,,,,,,,,,,,,,,,,,,,,,,,,,,,,,,,,,,,,,p21197.htm#i211963,,,Blount-92,
Q149516,Q75558674,,,,,,,,,,,,,,,,,,,,,,,,,,,,,,,,,,,,,,,,,p21197.htm#i211964,,,Odingsells-1,
Q149517,Q96075887,,,,,,,,,,,,,,,,,,I5500,,,,,,,,,,,,,,,,,,,,,,,,,,,
Q149518,Q96075888,,,,,,,,,,,,,,,,,,I5501,,,,,,,,,,,,,,,,,,,,,,,,,,,
Q149519,Q76372065,,,,,,,,,,,,,,,,,,,,,,,,,,,,,,,,,,,,,,,,,p71843.htm#i718422,,,Goushill-4,I00042725
Q149520,Q15623918,,,,,,,,,,,,,,,,,,,,,,,,,,,,,,,,,,,,,,,,,p71841.htm#i718409,,,Despenser-23,I00042727
Q149521,Q3432590,,,,,,,,,,,,,,,,,,,,,,,,,,,595760,,,,,,,,,,,,,,p2644.htm#i26435,,,Despenser-28,I00113940
Q149522,Q5363805,,,,,,,,,,,,,,,,,,I5635,,,,,,,,,,,,,,,,,,,,,,,p2570.htm#i25698,Elizabeth_le_Despenser_(2),,Despenser-2,I00027821
Q149523,Q72375951,,,,,,,,,,,,,,,,,,,,,,,,,,,,,,,,,,,,,,,,,p41164.htm#i411638,,,,
Q149524,Q72375977,,,,,,,,,,,,,,,,,,,,,,,,,,,,,,,,,,,,,,,,,,,,,
Q149525,Q4502673,,,,,,,,,,,,,,,,,,,,,,,,,,,,,,,,,,,,,,,,,p2643.htm#i26430,Hugh_le_Despencer_(3),,Despenser-47,I00399138
Q149526,Q6077837,,,,,,,,,,,,,,,,,,I3950,,,,,,,,,,,p=isabel;n=le despencer;oc=2,,,,,,,,,,,,p11649.htm#i116489,Isabel_le_Despenser_(3),,Despenser-7,I00108700
Q149527,Q116054265,,,,,,,,,,,,,,,,,,,,,,,,,,,,,,,,,,,,,,,,,,,,,I00613650
Q149528,Q69787886,,,,,,,,,,,,,,,,,,,,,,,,,,,,,p=thomas;n=leyburn,,,,,,,,,,,,p13794.htm#i137932,Thomas_De_Leyburn_(1),,Leybourne-13,I00026585
Q149529,Q20752960,,,,,,,,,,,,,,,,,,I4761,,,,,,,,,,,p=william;n=la zouche;oc=10,,,,,,,,,,,,p10693.htm#i106928,William_De_Mortimer_(4),,Mortimer-623,I00026586
Q149530,Q75401020,,,,,,,,,,,,,,,,,,I4759,,,,,,,,,,,,,,,,,,,,,,,p11886.htm#i118855,,,Zouche-23,I00262807
Q149531,Q76100974,,,,,,,,,,,,,,,,,,,,,,,,,,,488767,,,,,,,,,,,,,,p53114.htm#i531133,,,Zouche-152,
Q149532,Q945379,,,,,,,,,,,,,,,,,,I11310,,,,,,,,,,,,,,,,,,,,,,,p349.htm#i3484,Thomas_de_Beauchamp_(2),,Beauchamp-230,I00101305
Q149533,Q7184742,,,,,,,,,,,,,,,,,,I2405,,,,,,,,,,,,,,,,,,,,,,,p6.htm#i51,Philippa_de_Beauchamp_(1),,Beauchamp-66,I00026568
Q149534,Q8020750,,,,,,,,,,,,,,,,,,I2408,,,,,,,,,1308222,,p=william;n=de beauchamp;oc=1,,,,,,,,,,,,p1452.htm#i14519,William_de_Beauchamp_(4),,Beauchamp-62,I00037954
Q149535,Q56373638,,,,,,,,,,,,,,,,,,,,,,,,,,,,,,,,,,,,,,,,,p17626.htm#i176256,,,Beauchamp-1344,I00028356
Q149536,Q42887228,,,,,,,,,,,,,,,,,,,,,,,,,,,,,,,,,,,,,,,,,p72106.htm#i721059,,,,I00510264
Q149537,Q75612608,,,,,,,,,,,,,,,,,,,,,,,,,,,,,,,,,,,,,,,,,p24465.htm#i244647,,,,
Q149538,Q75397913,,,,,,,,,,,,,,,,,,,,,,,,,,,,,,,,,,,,,,,,,p11698.htm#i116980,,,Beauchamp-98,
Q149539,Q75400649,,,,,,,,,,,,,,,,,,,,,,,,,,,,,,,,,,,,,,,,,p11864.htm#i118637,,,Beauchamp-234,I00510272
Q149540,Q76154609,,,,,,,,,,,,,,,,,,,,,,,,,,,,,,,,,,,,,,,,,p56831.htm#i568308,,,Beauchamp-133,I00101313
Q149541,Q76375348,,,,,,,,,,,,,,,,,,,,,,,,,,,,,,,,,,,,,,,,,p72107.htm#i721069,,,,
Q149542,Q76375352,,,,,,,,,,,,,,,,,,,,,,,,,,,,,,,,,,,,,,,,,p72108.htm#i721072,,,,I00510267
Q149543,Q76375353,,,,,,,,,,,,,,,,,,,,,,,,,,,,,,,,,,,,,,,,,p72108.htm#i721073,,,,
Q149544,Q76375354,,,,,,,,,,,,,,,,,,,,,,,,,,,,,,,,,,,,,,,,,p72108.htm#i721074,,,,I00510274
Q149545,Q76375356,,,,,,,,,,,,,,,,,,,,,,,,,,,,,,,,,,,,,,,,,p72108.htm#i721076,,,,
Q149546,Q76375357,,,,,,,,,,,,,,,,,,,,,,,,,,,,,,,,,,,,,,,,,p72108.htm#i721077,,,,I00510278
Q149547,Q76375358,,,,,,,,,,,,,,,,,,,,,,,,,,,,,,,,,,,,,,,,,p72108.htm#i721078,,,,I00510279
Q149548,Q61911535,,,,,,,,,,,,,,,,,,,,,,,,,,,,,,,,,,,,,,,,,p3200.htm#i31995,,,Astley-27,I00101330
Q149549,Q61911200,,,,,,,,,,,,,,,,,,,,,,,,,,,,,,,,,,,,,,,,,p3212.htm#i32112,,,Astley-9,I00101332
Q149550,Q75757846,,,,,,,,,,,,,,,,,,,,,,,,,,,,,,,,,,,,,,,,,p31887.htm#i318866,,,Astley-137,I00029027
Q149551,Q106509759,,,,,,,,,,,,,,,,,,,,,,,,,,,,,,,,,,,,,,,,,,,,Astley-5,I00385476
Q149552,Q18527126,,,,,,,,,,,,,,,,,,,,,,,,,,,,,,,,,,,,,,,,,p22801.htm#i228006,,,Say-80,I00101317
Q149553,Q75586843,,,,,,,,,,,,,,,,,,,,,,,,,,,,,,,,,,,,,,,,,p22801.htm#i228007,,,,I00101319
Q149554,Q75791702,,,,,,,,,,,,,,,,,,,,,,,,,,,622238,,p=joan;n=de saye,,,,,,,,,,,,p33615.htm#i336150,Joan_de_Say_(1),,Saye-10,I00038362
Q149555,Q75791721,,,,,,,,,,,,,,,,,,,,,,,,,,,,,,,,,,,,,,,,,p33616.htm#i336160,,,,
Q149556,Q75386935,,,,,,,,,,,,,,,,,,,,,,,,,,,,,,,,,,,,,,,,,p10697.htm#i106967,,,,
Q149557,Q76375361,,,,,,,,,,,,,,,,,,,,,,,,,,,,,,,,,,,,,,,,,p72108.htm#i721080,,,,
Q149558,Q76375364,,,,,,,,,,,,,,,,,,,,,,,,,,,,,,,,,,,,,,,,,p72109.htm#i721082,,,,
Q149559,Q76375366,,,,,,,,,,,,,,,,,,,,,,,,,,,,,,,,,,,,,,,,,p72109.htm#i721084,,,,
Q149560,Q5550208,,,,,,,,,,,,,,,,,,,,,,,,,,,,,,,,,,,,,,,,,p40594.htm#i405937,,,Furnival-21,I00466610
Q149561,Q75923589,,,,,,,,,,,,,,,,,,,,,,,,,,,,,,,,,,,,,,,,,p40594.htm#i405938,,,Luvetot-2,I00466611
Q149562,Q75923547,,,,,,,,,,,,,,,,,,,,,,,,,,,500163,,,,,,,,,,,,,,p40592.htm#i405917,,,Furnival-10,I00198206
Q149563,Q76298195,,,,,,,,,,,,,,,,,,,,,,,,,,,,,,,,,,,,,,,,,p67137.htm#i671362,,,,
Q149564,Q76278510,,,,,,,,,,,,,,,,,,,,,,,,,,,,,,,,,,,,,,,,,p65815.htm#i658149,,,,
Q149565,Q61911588,,,,,,,,,,,,,,,,,,,,,,,,,,,530867,,p=isabelle;n=de canville,,,,,,,,,,,,p59997.htm#i599961,Isabel_De_Camville_(11)|Millicent_de_Camville_(1),,Camville-16,I00028889
Q149566,Q75870095,,,,,,,,,,,,,,,,,,,,,,,,,,,,,,,,,,,,,,,,,p36903.htm#i369029,John_De_Limesi_(1)|John_Limes_(1),,Limesi-9,I00028892
Q149567,Q3846903,,,,,,,,,,,,,,,,,,,,,,,,,,,907481,,p=margery;n=de beaumont le roger,,,,,,,,,,,,p69040.htm#i690397,"Margaret_de_Newburg,_7th_Countess_of_Warwick_(1)",,Beaumont-1205,I00397890
Q149568,Q75541492,,,,,,,,,,,,,,,,,,,,,,,,,,,,,,,,,,,,,,,,,p20352.htm#i203511,,,Carew-30,I00691582
Q149569,Q75541494,,,,,,,,,,,,,,,,,,,,,,,,,,,,,,,,,,,,,,,,,p20352.htm#i203512,,,Tuitt-1,I00684958
Q149570,Q75541499,,,,,,,,,,,,,,,,,,,,,,,,,,,,,,,,,,,,,,,,,p20352.htm#i203515,,,Martin-3554,I00684956
Q149571,Q75644789,,,,,,,,,,,,,,,,,,,,,,,,,,,,,,,,,,,,,,,,,p26767.htm#i267665,,,Carew-20,
Q149572,Q104033583,,,,,,,,,,,,,,,,,,,,,,,,,,,,,,,,,,,,,,,,,,,,Carew-34,I00672996
Q149573,Q76194700,,,,,,,,,,,,,,,,,,,,,,,,,,,,,,,,,,,,,,,,,p59569.htm#i595688,,,Mohun-57,I00125463
Q149574,Q75397092,,,,,,,,,,,,,,,,,,,,,,,,,,,,,p=elizabeth;n=fitzalan;oc=2,,,,,,,,,,,,p11650.htm#i116492,Elizabeth_FitzAlan_(13),,FitzAlan-583,I00425701
Q149575,Q18528937,,,,,,,,,,,,,,,,,,,,,,,,,,,,,,,,,,,,,,,,,p13998.htm#i139973,,,Carew-113,I00526027
Q149576,Q524817,,,,,,,,,,,,,,,,,,,,,,,,,,,926308,,p=john;n=comyn;oc=2,,,,,,,,,,,,p7225.htm#i72242,John_Comyn_(29),,Comyn-118,I00027691
Q149577,Q15710793,,,,,,,,,,,,,,,,,,,,,,,,,,,926311,,p=eleanor;n=de balliol,,,,,,,,,,,,p10530.htm#i105297,Eleanor_de_Balliol_(1),,Balliol-3,I00027687
Q149578,Q23614507,,,,,,,,,,,,,,,,,,,,,,,,,,,,,,,,,,,,,,,,,p10700.htm#i106991,,,,I00106030
Q149579,Q76180049,,,,,,,,,,,,,,,,,,,,,,,,,,,,,,,,,,,,,,,,,p58586.htm#i585852,,,,
Q149580,Q75389426,,,,,,,,,,,,,,,,,,,,,,,,,,,,,,,,,,,,,,,,,p10916.htm#i109154,,,Comyn-114,I00437393
Q149581,Q6130586,,,,,,,,LYS3-485,,,,,,,,,,I2333,,,,,,,,,,,,,,,,,,,,,,,p10694.htm#i106940,James_Butler_(122),,Butler-1160,I00126341
Q149582,Q2657771,,,,,,,,,,,,,,,,,,,,,,,,,,,,,,,,,,,,,,,,,p21586.htm#i215860,John_Charleton_(3),,Cherleton-5,I00028781
Q149583,Q2657811,,,,,,,,,,,,,,,,,,,,,,,,,,,,,,,,,,,,,,,,,p2377.htm#i23763,John_Cherleton_(12),,Cherleton-13,I00384564
Q149584,Q5342275,,,,,,,,,,,,,,,,,,I5062,,,,,,,,,,,,,,,,,,,,,,,p10199.htm#i101987,Edward_Charleton_(2),,Cherleton-4,I00026757
Q149585,Q75387368,,,,,,,,,,,,,,,,,,,,,,,,,,,,,,,,,,,,,,,,,p10733.htm#i107323,,,Grey-225,I00127845
Q149586,Q18528946,,,,,,,,,,,,,,,,,,,,,,,,,,,,,,,,,,,,,,,,,p10733.htm#i107322,,,Grey-227,I00108550
Q149587,Q75561292,,,,,,,,,,,,,,,,,,,,,,,,,,,,,p=richard;n=grey;oc=2,,,,,,,,,,,,p21344.htm#i213439,,,Grey-338,I00127847
Q149588,Q75239660,,,,,,,,,,,,,,,,,,,,,,,,,,,,,p=anne;n=talbot;oc=1,,,,,,,,,,,,p198.htm#i1978,Anne_Talbot_(12),,Talbot-335,I00028652
Q149589,Q7329386,,,,,,,,,,,,,,,,,,,,,,,,,,,,,,,,,,,,,,,,,p1266.htm#i12651,,,,
Q149590,Q75765085,,,,,,,,,,,,,,,,,,,,,,,,,,,,,,,,,,,,,,,,,p32243.htm#i322423,,,,I00198884
Q149591,Q66212712,,,,,,,,,,,,,,,,,,,,,,,,,,,,,p=gilbert;n=talbot,,,,,,,,,,,,p1228.htm#i12271,,,Talbot-349,I00246644
Q149592,Q561173,,,,,,,,,,,,,,,,,,,,,,,,,,,,,,,,,,,,,,,,,p10761.htm#i107601,John_Talbot_(41),,Talbot-36,I00101406
Q149593,Q75567274,,,,,,,,,,,,,,,,,,,,,,,,,,,,,,,,,,,,,,,,,p21688.htm#i216880,,,,
Q149594,Q75620333,,,,,,,,,,,,,,,,,,,,,,,,,,,,,,,,,,,,,,,,,p25026.htm#i250260,,,Poyntz-19,I00304747
Q149595,Q75620335,,,,,,,,,,,,,,,,,,,,,,,,,,,,,,,,,,,,,,,,,p25027.htm#i250262,,,,I00304748
Q149596,Q75620362,,,,,,,,,,,,,,,,,,,,,,,,,,,,,,,,,,,,,,,,,p25029.htm#i250282,,,Clanvowe-1,I00304727
Q149597,Q75620366,,,,,,,,,,,,,,,,,,,,,,,,,,,,,,,,,,,,,,,,,p25029.htm#i250285,,,Gyse-13,
Q149598,Q51864333,,,,,,,,,,,,,,,,,,,,,,,,,,,,,,,,,,,,,,,,,p25029.htm#i250283,,,Poyntz-16,I00304730
Q149599,Q51857826,,,,,,,,,,,,,,,,,,,,,,,,,,,,,,,,,,,,,,,,,p21565.htm#i215641,,,Berkeley-773,
Q149600,Q75565156,,,,,,,,,,,,,,,,,,,,,,,,,,,,,,,,,,,,,,,,,p21565.htm#i215642,,,,
Q149601,Q75565164,,,,,,,,,,,,,,,,,,,,,,,,,,,,,,,,,,,,,,,,,p21565.htm#i215645,,,Berkeley-743,I00667058
Q149602,Q75565125,,,,,,,,,,,,,,,,,,,,,,,,,,,,,,,,,,,,,,,,,p21563.htm#i215623,,,,
Q149603,Q75431459,,,,,,,,,,,,,,,,,,,,,,,,,,,,,,,,,,,,,,,,,p13747.htm#i137463,,,,
Q149604,Q110622065,,,,,,,,,,,,,,,,,,,,,,,,,,,,,,,,,,,,,,,,,,,,Cadwgan-2,I00748549
Q149605,Q110622068,,,,,,,,,,,,,,,,,,,,,,,,,,,,,,,,,,,,,,,,,,,,Wilcock-2,I00748540
Q149606,Q99084364,,,,,,,,,,,,,,,,,,,,,,,,,,,,,,,,,,,,,,,,,,,,Seymour-42,I00282620
Q149607,Q99068137,,,,,,,,,,,,,,,,,,,,,,,,,,,,,,,,,,,,,,,,,,,,Gamage-9,I00282623
Q149608,Q116812188,,,,,,,,,,,,,,,,,,,,,,,,,,,,,,,,,,,,,,,,,,,,Berkerolles-5,I00707488
Q149609,Q116812189,,,,,,,,,,,,,,,,,,,,,,,,,,,,,,,,,,,,,,,,,,,,,I00707489
Q149610,Q76233814,,,,,,,,,,,,,,,,,,,,,,,,,,,,,,,,,,,,,,,,,p62474.htm#i624732,,,,
Q149611,Q19039845,,,,,,,,,,,,,,,,,,,,,,,,,,,,,,,,,,,,,,,,,p41644.htm#i416439,,,Stradling-358,I00700402
Q149612,Q75939753,,,,,,,,,,,,,,,,,,,,,,,,,,,,,,,,,,,,,,,,,p41644.htm#i416440,,,,I00700403
Q149613,Q75875908,,,,,,,,,,,,,,,,,,,,,,,,,,,,,,,,,,,,,,,,,p37327.htm#i373269,,,St._Barbe-2,I00319496
Q149614,Q18730241,,,,,,,,,,,,,,,,,,,,,,,,,,,1507935,,p=edward;n=stradling;oc=4,,,,,,,,,,,,p2378.htm#i23773,Edward_Stradling_(8),,Stradling-32,I00028595
Q149615,Q27990227,,,,,,,,,,,,,,,,,,,,,,,,,,,,,,,,,,,,,,,,,,,,Stradling-134,I00316192
Q149616,Q105805964,,,,,,,,,,,,,,,,,,,,,,,,,,,,,,,,,,,,,,,,,,,,Stradling-55,I00386664
Q149617,Q99083505,,,,,,,,,,,,,,,,,,,,,,,,,,,,,,,,,,,,,,,,,,,,St_John-623,I00360161
Q149618,Q75387375,,,,,,,,,,,,,,,,,,I3711,,,,,,,,,,,,,,,,,,,,,,,p10734.htm#i107331,,,St_John-68,I00027664
Q149619,Q113301394,,,,,,,,,,,,,,,,,,,,,,,,,,,,,p=findguala;n=macloghlan,,,,,,,,,,,,,Fiona_Ireland_(1),,,I00453271
Q149620,Q76319824,,,,,,,,,,,,,,,,,,,,,,,,,,,1325170,,p=cristina;n=of ross,,,,,,,,,,,,p68620.htm#i686195,Christina_De_Ross_(1),,Ross-989,I00453274
Q149621,Q266044,,,,,,,,,,,,,,,,,,,,,,,,,,,,,p=magnus olavsson;n=av man,,,,,,,,,,,,p51068.htm#i510674,Magnus_Olafsson_(1),,Olafsen-27,I00453249
Q149622,Q3417501,,,,,,,,,,,,,,,,,,,,,,,,,,,,,,,,,,,,,,,,,,Rǫgnvaldr_Óláfsson_(1),,Olafsson-112,
Q149623,Q3127259,,,,,,,,,,,,,,,,,,,,,,,,,,,,,p=harold;n=de man,,,,,,,,,,,,p11304.htm#i113036,Harald_I_Olafsson_(1),,Olofsson-113,I00453248
Q149624,Q967212,,,,,,,,,,,,,,,,,,,,,,,,,,,,,,,,,,,,,,,,,,John_de_Courcy_(1),,Courcy-8,I00546840
Q149625,Q3127250,,,,,,,,,,,,,,,,,,,,,,,,,,,,,,,,,,,,,,,,,,Harald_II_(1),,,I00453275
Q149626,Q7795521,,,,,,,,,,,,,,,,,,,,,,,,,,,49263,,,,,,,,,,,,,,,,,Galloway-3571,I00395226
Q149627,Q99071692,,,,,,,,,,,,,,,,,,,,,,,,,,,645942,,,,,,,,,,,,,,,,,Ferch_Thomas-8,I00284680
Q149628,Q3398217,,,,,,,,,,,,,,,,,,,,,,,,,,,,,,,,,,,,,,,,,,Maredudd_ab_Owain_Glyndŵr_(1),,,
Q149629,Q5611979,,,,,,,,,,,,,,,,,,,,,,,,,,,,,,,,,,,,,,,,,,Gruffudd_ab_Owain_Glyndŵr_(1),,Ab_Owain-13,
Q149630,Q5053950,,,,,,,,,,,,,,,,,,,,,,,,,,,,,,,,,,,,,,,,,p10727.htm#i107266,Catrin_ferch_Owain_Glyndŵr_(1),,Glendower-2,
Q149631,Q13128826,,,,,,,,,,,,,,,,,,,,,,,,,,,,,,,,,,,,,,,,,,,,,
Q149632,Q4738713,,,,,,,,,,,,,,,,,,,,,,,,,,,,,,,,,,,,,,,,,,Alys_ferch_Owain_Glyndŵr_(1),,Ferch_Owain-24,I00259662
Q149633,Q5990162,,,,,,,,,,,,,,,,,,,,,,,,,,,,,,,,,,,,,,,,,,,,,
Q149634,Q75769360,,,,,,,,,,,,,,,,,,,,,,,,,,,,,p=janet;n=fychan,,,,,,,,,,,,p32487.htm#i324868,,,Owain-71,I00232092
Q149635,Q75241252,,,,,,,,,,,,,,,,,,,,,,,,,,,,,,,,,,,,,,,,,p341.htm#i3406,,,Puleston-4,I00284688
Q149636,Q99068428,,,,,,,,,,,,,,,,,,,,,,,,,,,,,,,,,,,,,,,,,,,,Puleston-57,I00700017
Q149637,Q99070448,,,,,,,,,,,,,,,,,,,,,,,,,,,,,,,,,,,,,,,,,,,,,I00701161
Q149638,Q105814299,,,,,,,,,,,,,,,,,,,,,,,,,,,,,,,,,,,,,,,,,,,,,I00750175
Q149639,Q104038604,,,,,,,,,,,,,,,,,,,,,,,,,,,,,,,,,,,,,,,,,,,,,I00699999
Q149640,Q110439571,,,,,,,,,,,,,,,,,,,,,,,,,,,,,,,,,,,,,,,,,,,,,I00696194
Q149641,Q91205397,,,,,,,,,,,,,,,,,,,,,,,,,,,,,p=lowri;n=fychan,,,,,,,,,,,,,,,Ferch_Tudor-3,I00696148
Q149642,Q76273183,,,,,,,,,,,,,,,,,,,,,,,,,,,,,,,,,,,,,,,,,p65424.htm#i654233,"Adda_ab_Iorwerth_""Ddû""_(1)",,,I00706005
Q149643,Q116108905,,,,,,,,,,,,,,,,,,,,,,,,,,,,,,,,,,,,,,,,,,,,,I00700335
Q149644,Q116477986,,,,,,,,,,,,,,,,,,,,,,,,,,,,,,,,,,,,,,,,,,,,,I00702220
Q149645,Q99156163,,,,,,,,,,,,,,,,,,,,,,,,,,,,,,,,,,,,,,,,,,,,Arderne-8,I00718017
Q149646,Q76356142,,,,,,,,,,,,,,,,,,,,,,,,,,,,,,,,,,,,,,,,,p70912.htm#i709113,,,,I00717596
Q149647,Q18526301,,,,,,,,,,,,,,,,,,,,,,,,,,,,,,,,,,,,,,,,,p4719.htm#i47190,,,Audley-80,I00029081
Q149648,Q61896439,,,,,,,,,,,,,,,,,,,,,,,,,,,,,,,,,,,,,,,,,p4720.htm#i47191,,,,I00029082
Q149649,Q18810562,,,,,,,,,,,,,,,,,,,,,,,,,,,,,,,,,,,,,,,,,p4721.htm#i47204,,,,
Q149650,Q75922495,,,,,,,,,,,,,,,,,,,,,,,,,,,,,,,,,,,,,,,,,p40531.htm#i405305,,,Audley-113,I00386082
Q149651,Q75298933,,,,,,,,,,,,,,,,,,,,,,,,,,,,,,,,,,,,,,,,,p4721.htm#i47207,,,,
Q149652,Q75298916,,,,,,,,,,,,,,,,,,,,,,,,,,,,,,,,,,,,,,,,,p4720.htm#i47194,,,Mainwaring-27,I00287604
Q149653,Q75431751,,,,,,,,,,,,,,,,,,,,,,,,,,,926283,,,,,,,,,,,,,,p13767.htm#i137664,,,Boteler-23,I00337534
Q149654,Q75431753,,,,,,,,,,,,,,,,,,,,,,,,,,,926288,,,,,,,,,,,,,,p13767.htm#i137665,,,Pantulf-1,I00337535
Q149655,Q75397959,,,,,,,,,,,,,,,,,,,,,,,,,,,,,,,,,,,,,,,,,p11701.htm#i117007,,,,
Q149656,Q75397960,,,,,,,,,,,,,,,,,,,,,,,,,,,,,,,,,,,,,,,,,p11701.htm#i117008,,,Basset-253,I00300989
Q149657,Q75431764,,,,,,,,,,,,,,,,,,,,,,,,,,,,,,,,,,,,,,,,,p13768.htm#i137672,,,,
Q149658,Q75431770,,,,,,,,,,,,,,,,,,,,,,,,,,,,,,,,,,,,,,,,,p13768.htm#i137675,,,,
Q149659,Q75431774,,,,,,,,,,,,,,,,,,,,,,,,,,,,,,,,,,,,,,,,,p13768.htm#i137677,,,Unknown-287823,I00337530
Q149660,Q75387601,,,,,,,,,,,,,,,,,,,,,,,,,,,,,,,,,,,,,,,,,p10756.htm#i107552,,,,
Q149661,Q75431779,,,,,,,,,,,,,,,,,,,,,,,,,,,,,p=william;n=le boteler,,,,,,,,,,,,p13768.htm#i137679,William_Botiler_(1),,Butler-3350,I00191850
Q149662,Q76154592,,,,,,,,,,,,,,,,,,,,,,,,,,,,,,,,,,,,,,,,,p56830.htm#i568296,,,Boteler-132,I00327677
Q149663,Q104472998,,,,,,,,,,,,,,,,,,,,,,,,,,,,,,,,,,,,,,,,,,,,Boteler-160,I00414042
Q149664,Q110611773,,,,,,,,,,,,,,,,,,,,,,,,,,,,,,,,,,,,,,,,,,,,,I00546867
Q149665,Q110611759,,,,,,,,,,,,,,,,,,,,,,,,,,,,,,,,,,,,,,,,,,,,Greystoke-80,I00570961
Q149666,Q75565482,,,,,,,,,,,,,,,,,,,,,,,,,,,,,,,,,,,,,,,,,p21584.htm#i215833,,,,
Q149667,Q5405460,,,,,,,,,,,,,,,,,,,,,,,,,,,,,,,,,,,,,,,,,p56833.htm#i568326,,,,
Q149668,Q76154631,,,,,,,,,,,,,,,,,,,,,,,,,,,,,,,,,,,,,,,,,p56833.htm#i568328,,,,
Q149669,Q76154632,,,,,,,,,,,,,,,,,,,,,,,,,,,,,,,,,,,,,,,,,p56833.htm#i568329,,,,
Q149670,Q18021267,,,,,,,,,,,,,,,,,,,,,,,,,,,,,,,,,,,,,,,,,p56833.htm#i568325,,,Strange-109,I00140332
Q149671,Q106704773,,,,,,,,,,,,,,,,,,,,,,,,,,,,,,,,,,,,,,,,,,,,Strange-5,I00733872
Q149672,Q110635650,,,,,,,,,,,,,,,,,,,,,,,,,,,,,,,,,,,,,,,,,,,,Puleston-8,I00755733
Q149673,Q110635653,,,,,,,,,,,,,,,,,,,,,,,,,,,,,,,,,,,,,,,,,,,,,I00755734
Q149674,Q99073349,,,,,,,,,,,,,,,,,,,,,,,,,,,,,,,,,,,,,,,,,,,,Ferch_Madog-14,I00589155
Q149675,Q99082491,,,,,,,,,,,,,,,,,,,,,,,,,,,,,,,,,,,,,,,,,,,,,I00706242
Q149676,Q99068512,,,,,,,,,,,,,,,,,,,,,,,,,,,,,,,,,,,,,,,,,,,,,I00708345
Q149677,Q110067822,,,,,,,,,,,,,,,,,,,,,,,,,,,,,,,,,,,,,,,,,,,,,I00700037
Q149678,Q110388796,,,,,,,,,,,,,,,,,,,,,,,,,,,,,,,,,,,,,,,,,,,,,I00702215
Q149679,Q130338873,,,,,,,,,,,,,,,,,,,,,,,,,,,,,,,,,,,,,,,,,,,,,I00696179
Q149680,Q116054508,,,,,,,,,,,,,,,,,,,,,,,,,,,,,,,,,,,,,,,,,,,,,I00706203
Q149681,Q110067833,,,,,,,,,,,,,,,,,,,,,,,,,,,,,,,,,,,,,,,,,,,,,I00706201
Q149682,Q130339161,,,,,,,,,,,,,,,,,,,,,,,,,,,,,,,,,,,,,,,,,,,,,I00758217
Q149683,Q116147214,,,,,,,,,,,,,,,,,,,,,,,,,,,,,,,,,,,,,,,,,,,,,I00708583
Q149684,Q116478309,,,,,,,,,,,,,,,,,,,,,,,,,,,,,,,,,,,,,,,,,,,,,I00758417
Q149685,Q110413516,,,,,,,,,,,,,,,,,,,,,,,,,,,,,,,,,,,,,,,,,,,,,I00711552
Q149686,Q116115067,,,,,,,,,,,,,,,,,,,,,,,,,,,,,,,,,,,,,,,,,,,,,I00775222
Q149687,Q116054445,,,,,,,,,,,,,,,,,,,,,,,,,,,,,,,,,,,,,,,,,,,,,I00750493
Q149688,Q116055406,,,,,,,,,,,,,,,,,,,,,,,,,,,,,,,,,,,,,,,,,,,,,I00714424
Q149689,Q117306777,,,,,,,,,,,,,,,,,,,,,,,,,,,,,,,,,,,,,,,,,,,,,I00775488
Q149690,Q130341543,,,,,,,,,,,,,,,,,,,,,,,,,,,,,,,,,,,,,,,,,,,,,I00745043
Q149691,Q99302437,,,,,,,,,,,,,,,,,,,,,,,,,,,,,,,,,,,,,,,,,,,,,I00709711
Q149692,Q110582593,,,,,,,,,,,,,,,,,,,,,,,,,,,,,,,,,,,,,,,,,,,,,I00750970
Q149693,Q116148211,,,,,,,,,,,,,,,,,,,,,,,,,,,,,,,,,,,,,,,,,,,,,I00714485
Q149694,Q110585580,,,,,,,,,,,,,,,,,,,,,,,,,,,,,,,,,,,,,,,,,,,,,I00757105
Q149695,Q99071904,,,,,,,,,,,,,,,,,,,,,,,,,,,,,,,,,,,,,,,,,,,,,I00705976
Q149696,Q99070563,,,,,,,,,,,,,,,,,,,,,,,,,,,,,,,,,,,,,,,,,,,,,I00696149
Q149697,Q104472475,,,,,,,,,,,,,,,,,,,,,,,,,,,,,,,,,,,,,,,,,,,,,I00436973
Q149698,Q116148023,,,,,,,,,,,,,,,,,,,,,,,,,,,,,,,,,,,,,,,,,,,,,I00697760
Q149699,Q116478775,,,,,,,,,,,,,,,,,,,,,,,,,,,,,,,,,,,,,,,,,,,,,I00751143
Q149700,Q116479586,,,,,,,,,,,,,,,,,,,,,,,,,,,,,,,,,,,,,,,,,,,,,I00755419
Q149701,Q110635794,,,,,,,,,,,,,,,,,,,,,,,,,,,,,,,,,,,,,,,,,,,,,I00759570
Q149702,Q99072188,,,,,,,,,,,,,,,,,,,,,,,,,,,,,,,,,,,,,,,,,,,,,I00705999
Q149703,Q110067807,,,,,,,,,,,,,,,,,,,,,,,,,,,,,,,,,,,,,,,,,,,,,I00700035
Q149704,Q110067817,,,,,,,,,,,,,,,,,,,,,,,,,,,,,,,,,,,,,,,,,,,,,I00700036
Q149705,Q116116370,,,,,,,,,,,,,,,,,,,,,,,,,,,,,,,,,,,,,,,,,,,,,I00696190
Q149706,Q116147183,,,,,,,,,,,,,,,,,,,,,,,,,,,,,,,,,,,,,,,,,,,,,I00697744
Q149707,Q130339206,,,,,,,,,,,,,,,,,,,,,,,,,,,,,,,,,,,,,,,,,,,,,I00776779
Q149708,Q110585426,,,,,,,,,,,,,,,,,,,,,,,,,,,,,,,,,,,,,,,,,,,,,I00702403
Q149709,Q112573730,,,,,,,,,,,,,,,,,,,,,,,,,,,,,,,,,,,,,,,,,,,,,I00757008
Q149710,Q100901212,,,,,,,,,,,,,,,,,,,,,,,,,,,,,,,,,,,,,,,,,,,,,I00706331
Q149711,Q110067797,,,,,,,,,,,,,,,,,,,,,,,,,,,,,,,,,,,,,,,,,,,,,I00702376
Q149712,Q116115035,,,,,,,,,,,,,,,,,,,,,,,,,,,,,,,,,,,,,,,,,,,,,I00696168
Q149713,Q122361549,,,,,,,,,,,,,,,,,,,,,,,,,,,,,,,,,,,,,,,,,,,,,I00757640
Q149714,Q99071962,,,,,,,,,,,,,,,,,,,,,,,,,,,,,,,,,,,,,,,,,,,,,I00713791
Q149715,Q99070589,,,,,,,,,,,,,,,,,,,,,,,,,,,,,,,,,,,,,,,,,,,,,I00672633
Q149716,Q110067823,,,,,,,,,,,,,,,,,,,,,,,,,,,,,,,,,,,,,,,,,,,,,I00700038
Q149717,Q112610803,,,,,,,,,,,,,,,,,,,,,,,,,,,,,,,,,,,,,,,,,,,,,I00700819
Q149718,Q116148013,,,,,,,,,,,,,,,,,,,,,,,,,,,,,,,,,,,,,,,,,,,,,I00697758
Q149719,Q116477704,,,,,,,,,,,,,,,,,,,,,,,,,,,,,,,,,,,,,,,,,,,,,I00775796
Q149720,Q116478314,,,,,,,,,,,,,,,,,,,,,,,,,,,,,,,,,,,,,,,,,,,,,I00758336
Q149721,Q110388831,,,,,,,,,,,,,,,,,,,,,,,,,,,,,,,,,,,,,,,,,,,,,I00616464
Q149722,Q75958827,,,,,,,,,,,,,,,,,,,,,,,,,,,,,,,,,,,,,,,,,p43047.htm#i430465,,,Hanmer-31,I00467162
Q149723,Q110388791,,,,,,,,,,,,,,,,,,,,,,,,,,,,,,,,,,,,,,,,,,,,,I00702214
Q149724,Q104038606,,,,,,,,,,,,,,,,,,,,,,,,,,,,,,,,,,,,,,,,,,,,,I00700000
Q149725,Q110413913,,,,,,,,,,,,,,,,,,,,,,,,,,,,,,,,,,,,,,,,,,,,,I00706334
Q149726,Q99302412,,,,,,,,,,,,,,,,,,,,,,,,,,,,,,,,,,,,,,,,,,,,,I00705933
Q149727,Q116147503,,,,,,,,,,,,,,,,,,,,,,,,,,,,,,,,,,,,,,,,,,,,,I00762391
Q149728,Q110290324,,,,,,,,,,,,,,,,,,,,,,,,,,,,,,,,,,,,,,,,,,,,,I00713780
Q149729,Q122361552,,,,,,,,,,,,,,,,,,,,,,,,,,,,,,,,,,,,,,,,,,,,,I00762387
Q149730,Q116112424,,,,,,,,,,,,,,,,,,,,,,,,,,,,,,,,,,,,,,,,,,,,,I00753471
Q149731,Q116108893,,,,,,,,,,,,,,,,,,,,,,,,,,,,,,,,,,,,,,,,,,,,,I00692017
Q149732,Q116147456,,,,,,,,,,,,,,,,,,,,,,,,,,,,,,,,,,,,,,,,,,,,,I00698105
Q149733,Q130338987,,,,,,,,,,,,,,,,,,,,,,,,,,,,,,,,,,,,,,,,,,,,,I00750532
Q149734,Q110290757,,,,,,,,,,,,,,,,,,,,,,,,,,,,,,,,,,,,,,,,,,,,,I00759006
Q149735,Q99073375,,,,,,,,,,,,,,,,,,,,,,,,,,,,,,,,,,,,,,,,,,,,Ferch_Dafydd-16,I00738330
Q149736,Q117305951,,,,,,,,,,,,,,,,,,,,,,,,,,,,,,,,,,,,,,,,,,,,,I00758357
Q149737,Q116811815,,,,,,,,,,,,,,,,,,,,,,,,,,,,,,,,,,,,,,,,,,,,,I00758352
Q149738,Q99072576,,,,,,,,,,,,,,,,,,,,,,,,,,,,,,,,,,,,,,,,,,,,,I00708261
Q149739,Q99072487,,,,,,,,,,,,,,,,,,,,,,,,,,,,,,,,,,,,,,,,,,,,,I00706066
Q149740,Q110290483,,,,,,,,,,,,,,,,,,,,,,,,,,,,,,,,,,,,,,,,,,,,,I00696586
Q149741,Q110290325,,,,,,,,,,,,,,,,,,,,,,,,,,,,,,,,,,,,,,,,,,,,,I00762388
Q149742,Q129257257,,,,,,,,,,,,,,,,,,,,,,,,,,,,,,,,,,,,,,,,,,,,,I00776025
Q149743,Q99068529,,,,,,,,,,,,,,,,,,,,,,,,,,,,,,,,,,,,,,,,,,,,,I00708346
Q149744,Q96244029,,,,,,,,,,,,,,,,,,,,,,,,,,,,,,,,,,,,,,,,,,,,,I00699998
Q149745,Q110388713,,,,,,,,,,,,,,,,,,,,,,,,,,,,,,,,,,,,,,,,,,,,,I00565090
Q149746,Q105814389,,,,,,,,,,,,,,,,,,,,,,,,,,,,,,,,,,,,,,,,,,,,,I00697192
Q149747,Q105814225,,,,,,,,,,,,,,,,,,,,,,,,,,,,,,,,,,,,,,,,,,,,,I00697214
Q149748,Q116146759,,,,,,,,,,,,,,,,,,,,,,,,,,,,,,,,,,,,,,,,,,,,,I00701109
Q149749,Q116478833,,,,,,,,,,,,,,,,,,,,,,,,,,,,,,,,,,,,,,,,,,,,,I00733046
Q149750,Q110636813,,,,,,,,,,,,,,,,,,,,,,,,,,,,,,,,,,,,,,,,,,,,,I00311460
Q149751,Q110290457,,,,,,,,,,,,,,,,,,,,,,,,,,,,,,,,,,,,,,,,,,,,,I00713471
Q149752,Q116054561,,,,,,,,,,,,,,,,,,,,,,,,,,,,,,,,,,,,,,,,,,,,,I00750423
Q149753,Q110413620,,,,,,,,,,,,,,,,,,,,,,,,,,,,,,,,,,,,,,,,,,,,,I00711623
Q149754,Q75958880,,,,,,,,,,,,,,,,,,,,,,,,,,,,,,,,,,,,,,,,,p43051.htm#i430505,,,Ap_Gronwy-36,I00702370
Q149755,Q99068480,,,,,,,,,,,,,,,,,,,,,,,,,,,,,,,,,,,,,,,,,,,,Ferch_Gruffudd-41,I00702371
Q149756,Q75958888,,,,,,,,,,,,,,,,,,,,,,,,,,,,,,,,,,,,,,,,,p43052.htm#i430511,,,,I00565089
Q149757,Q75958889,,,,,,,,,,,,,,,,,,,,,,,,,,,,,,,,,,,,,,,,,p43052.htm#i430512,,,Hanmer-27,I00565091
Q149758,Q110439425,,,,,,,,,,,,,,,,,,,,,,,,,,,,,,,,,,,,,,,,,,,,,I00693171
Q149759,Q116108788,,,,,,,,,,,,,,,,,,,,,,,,,,,,,,,,,,,,,,,,,,,,,I00690425
Q149760,Q116054429,,,,,,,,,,,,,,,,,,,,,,,,,,,,,,,,,,,,,,,,,,,,,I00697599
Q149761,Q75958839,,,,,,,,,,,,,,,,,,,,,,,,,,,,,,,,,,,,,,,,,p43048.htm#i430473,,,Dutton-119,I00200004
Q149762,Q99199155,,,,,,,,,,,,,,,,,,,,,,,,,,,,,,,,,,,,,,,,,,,,Butler-926,I00200005
Q149763,Q75958844,,,,,,,,,,,,,,,,,,,,,,,,,,,,,,,,,,,,,,,,,p43048.htm#i430477,,,Kynaston-13,I00612761
Q149764,Q75958845,,,,,,,,,,,,,,,,,,,,,,,,,,,,,,,,,,,,,,,,,p43048.htm#i430478,,,Hanmer-33,I00434889
Q149765,Q76028657,,,,,,,,,,,,,,,,,,,,,,,,,,,,,,,,,,,,,,,,,p47892.htm#i478917,,,,
Q149766,Q76028658,,,,,,,,,,,,,,,,,,,,,,,,,,,,,,,,,,,,,,,,,p47892.htm#i478918,,,,
Q149767,Q76028661,,,,,,,,,,,,,,,,,,,,,,,,,,,,,,,,,,,,,,,,,p47892.htm#i478919,,,,
Q149768,Q76028662,,,,,,,,,,,,,,,,,,,,,,,,,,,,,,,,,,,,,,,,,p47892.htm#i478920,,,,
Q149769,Q76028663,,,,,,,,,,,,,,,,,,,,,,,,,,,,,,,,,,,,,,,,,p47893.htm#i478921,,,,
Q149770,Q76028664,,,,,,,,,,,,,,,,,,,,,,,,,,,,,,,,,,,,,,,,,p47893.htm#i478922,,,,
Q149771,Q76028665,,,,,,,,,,,,,,,,,,,,,,,,,,,,,,,,,,,,,,,,,p47893.htm#i478923,,,,
Q149772,Q105798017,,,,,,,,,,,,,,,,,,,,,,,,,,,,,,,,,,,,,,,,,,,,,I00620232
Q149773,Q116145541,,,,,,,,,,,,,,,,,,,,,,,,,,,,,,,,,,,,,,,,,,,,,I00637539
Q149774,Q112533627,,,,,,,,,,,,,,,,,,,,,,,,,,,,,,,,,,,,,,,,,,,,,I00697221
Q149775,Q130344027,,,,,,,,,,,,,,,,,,,,,,,,,,,,,,,,,,,,,,,,,,,,,I00758374
Q149776,Q96244006,,,,,,,,,,,,,,,,,,,,,,,,,,,,,,,,,,,,,,,,,,,,,I00387951
Q149777,Q76273225,,,,,,,,,,,,,,,,,,,,,,,,,,,,,,,,,,,,,,,,,p65427.htm#i654263,,,,I00784198
Q149778,Q75961236,,,,,,,,,,,,,,,,,,,,,,,,,,,,,,,,,,,,,,,,,p43222.htm#i432217,,,Ferch_Ieuan-42,I00691859
Q149779,Q76273180,,,,,,,,,,,,,,,,,,,,,,,,,,,,,,,,,,,,,,,,,p65423.htm#i654230,"Hywel_ab_Ieuan_""Fychan""_(1)",,Ap_Ieuan_Fychan-1,I00264440
Q149780,Q133461211,,,,,,,,,,,,,,,,,,,,,,,,,,,,,,,,,,,,,,,,,,,,,I00759622
Q149781,Q116054423,,,,,,,,,,,,,,,,,,,,,,,,,,,,,,,,,,,,,,,,,,,,,I00696153
Q149782,Q116468937,,,,,,,,,,,,,,,,,,,,,,,,,,,,,,,,,,,,,,,,,,,,,I00711561
Q149783,Q110413606,,,,,,,,,,,,,,,,,,,,,,,,,,,,,,,,,,,,,,,,,,,,,I00711617
Q149784,Q130359013,,,,,,,,,,,,,,,,,,,,,,,,,,,,,,,,,,,,,,,,,,,,,I00706792
Q149785,Q116478787,,,,,,,,,,,,,,,,,,,,,,,,,,,,,,,,,,,,,,,,,,,,,I00711679
Q149786,Q110413589,,,,,,,,,,,,,,,,,,,,,,,,,,,,,,,,,,,,,,,,,,,,,I00760545
Q149787,Q117306997,,,,,,,,,,,,,,,,,,,,,,,,,,,,,,,,,,,,,,,,,,,,,I00711677
Q149788,Q110413011,,,,,,,,,,,,,,,,,,,,,,,,,,,,,,,,,,,,,,,,,,,,,I00706772
Q149789,Q130359020,,,,,,,,,,,,,,,,,,,,,,,,,,,,,,,,,,,,,,,,,,,,,I00696299
Q149790,Q110636708,,,,,,,,,,,,,,,,,,,,,,,,,,,,,,,,,,,,,,,,,,,,,I00754756
Q149791,Q110636712,,,,,,,,,,,,,,,,,,,,,,,,,,,,,,,,,,,,,,,,,,,,,I00754746
Q149792,Q110635539,,,,,,,,,,,,,,,,,,,,,,,,,,,,,,,,,,,,,,,,,,,,,I00754741
Q149793,Q110290190,,,,,,,,,,,,,,,,,,,,,,,,,,,,,,,,,,,,,,,,,,,,,I00696155
Q149794,Q110441277,,,,,,,,,,,,,,,,,,,,,,,,,,,,,,,,,,,,,,,,,,,,,I00754369
Q149795,Q110290712,,,,,,,,,,,,,,,,,,,,,,,,,,,,,,,,,,,,,,,,,,,,,I00705532
Q149796,Q116477904,,,,,,,,,,,,,,,,,,,,,,,,,,,,,,,,,,,,,,,,,,,,,I00749550
Q149797,Q110290206,,,,,,,,,,,,,,,,,,,,,,,,,,,,,,,,,,,,,,,,,,,,,I00706046
Q149798,Q110290204,,,,,,,,,,,,,,,,,,,,,,,,,,,,,,,,,,,,,,,,,,,,,I00696157
Q149799,Q110441754,,,,,,,,,,,,,,,,,,,,,,,,,,,,,,,,,,,,,,,,,,,,,I00750930
Q149800,Q103565819,,,,,,,,,,,,,,,,,,,,,,,,,,,,,,,,,,,,,,,,,,,,,I00174783
Q149801,Q63348508,,,,,,,,,,,,,,,,,,,,,,,,,,,,,,,,,,,,,,,,,p6251.htm#i62502,,,,I00684962
Q149802,Q18731675,,,,,,,,,,,,,,,,,,,,,,,,,,,,,,,,,,,,,,,,,p20351.htm#i203509,,,Marshal-33,I00174776
Q149803,Q75418760,,,,,,,,,,,,,,,,,,,,,,,,,,,,,,,,,,,,,,,,,p12962.htm#i129615,,,,
Q149804,Q76304933,,,,,,,,,,,,,,,,,,,,,,,,,,,,,,,,,,,,,,,,,p67588.htm#i675874,,,Gras-52,
Q149805,Q75418777,,,,,,,,,,,,,,,,,,,,,,,,,,,,,,,,,,,,,,,,,p12963.htm#i129624,,,Gras-53,I00341709
Q149806,Q5346056,,,,,,,,,,,,,,,,,,,,,,,,,,,,,,,,,,,,,,,,,,Edward_Of_Salisbury_(7),,Salisbury-1615,I00547245
Q149807,Q103565866,,,,,,,,,,,,,,,,,,,,,,,,,,,,,,,,,,,,,,,,,,,,,I00594662
Q149808,Q63183180,,,,,,,,,,,,,,,,,,,,,,,,,,,,,,,,,,,,,,,,,,,,,
Q149809,Q63183614,,,,,,,,,,,,,,,,,,,,,,,,,,,,,,,,,,,,,,,,,,,,,
Q149810,Q63183521,,,,,,,,,,,,,,,,,,,,,,,,,,,261293,,p=patrick;n=de chaworth;oc=3,,,,,,,,,,,,p40632.htm#i406318,Patrick_Chaworth_(3),,Chaworth-4,I00139478
Q149811,Q63183533,,,,,,,,,,,,,,,,,,,,,,,,,,,261295,,p=mathilda;n=d hesdin,,,,,,,,,,,,,Maud_De_Hesdin_(1),,Hesdin-1,I00139479
Q149812,Q40115489,,,,,,,,,,,,,,,,,,,,,,,,,,,,,p=donnchad;n=macmurchada,,,,,,,,,,,,p10287.htm#i102865,Donnchad_mac_Murchada_(1),,Mac_Murchada-27,I00300986
Q149813,Q103565984,,,,,,,,,,,,,,,,,,,,,,,,,,,,,,,,,,,,,,,,,,,,O'Braenain-3,I00300987
Q149814,Q19585607,,,,,,,,,,,,,,,,,,,,,,,,,,,,,p=enna;n=macmurchada,,,,,,,,,,,,p10287.htm#i102864,Enna_Leinster_(1),,Leinster-14,
Q149815,Q16208413,,,,,,,,,,,,,,,,,,,,,,,,,,,,,p=donall kavanagh;n=macmurchada,,,,,,,,,,,,p24967.htm#i249662,Donall_MacMurchada_(1),,Mac_Murchada-26,I00768645
Q149816,Q75382682,,,,,,,,,,,,,,,,,,,,,,,,,,,,,p=urlachan;n=macmurrough;oc=1,,,,,,,,,,,,p10285.htm#i102849,Orlacan_Mac_Murrough_(1)|Urlachan_Mac_Murrough_(1)|Urlachan_Of_Leinster_(1),,MacMurrough-7,I00117059
Q149817,Q103566007,,,,,,,,,,,,,,,,,,,,,,,,,,,,,p=muirchertach mac tmacthai;n=o toole,,,,,,,,,,,,,Murcertac_O'Toole_(1),,Ó_Tuathail-1,I00300988
Q149818,Q103566025,,,,,,,,,,,,,,,,,,,,,,,,,,,,,p=cacht inion loigsig;n=o morda,,,,,,,,,,,,,Cacht_O'Morda_(1),,O'Morda-1,I00544925
Q149819,Q16151034,,,,,,,,,,,,,,,,,,,,,,,,,,,704931,,p=alice;n=d avesnes;oc=1,,,,,,,,,,,,p62941.htm#i629408,Alix_Avesnes_(1),,Avesnes-4,I00363188
Q149820,Q75247984,,,,,,,,,,,,,,,,,,,,,,,,,,,,,,,,,,,,,,,,,p909.htm#i9086,,,Kyme-38,I00340651
Q149821,Q18577204,,,,,,,,,,,,,,,,,,,,,,,,,,,,,,,,,,,,,,,,,p980.htm#i9800,,,Kyme-46,
Q149822,Q75435430,,,,,,,,,,,,,,,,,,,,,,,,,,,,,,,,,,,,,,,,,p13997.htm#i139967,,,,
Q149823,Q76308487,,,,,,,,,,,,,,,,,,,,,,,,,,,,,,,,,,,,,,,,,p67821.htm#i678204,,,Unknown-137164,I00413670
Q149824,Q76307511,,,,,,,,,,,,,,,,,,,,,,,,,,,,,,,,,,,,,,,,,p67746.htm#i677456,,,Bigod-66,I00413671
Q149825,Q75241365,,,,,,,,,,,,,,,,,,,,,,,,,,,124959,,p=joan;n=de vere,,,,,,,,,,,,p358.htm#i3578,Joan_de_Vere_(1),,De_Vere-289,I00015388
Q149826,Q4726175,,,,,,,,,,,,,,,,,,,,,,,,,,,124953,,p=alice;n=de warenne,,,,,,,,,,,,p357.htm#i3561,Alice_de_Warenne_(1),,Warenne-97,I00015390
Q149827,Q6265668,,,,,,,,,,,,,,,,,,,,,,,,,,,,,p=john;n=de warenne,,,,,,,,,,,,p10688.htm#i106871,John_de_Warenne_(1),,Warenne-91,I00015408
Q149828,Q310065,,,,,,,,,,,,,,,,,,,,,,,,person/FA9D3F79-0CD0-4C4E-A11A-22ED945AAB51,,,,,p=john;n=balliol,,,,,,,,,,,,p10249.htm#i102488,John_of_Scotland_(1),,Balliol-8,I00015431
Q149829,Q471796,,,,,,,,,,,,,,,,,,,,,,,,,,,712757,,p=edward;n=balliol,,,,,,,,,,,,p10250.htm#i102491,Edward_Balliol_(1),,Balliol-49,I00295513
Q149830,Q75385071,,,,,,,,,,,,,,,,,,,,,,,,,,,,,p=henry;n=balliol,,,,,,,,,,,,p10530.htm#i105296,Henry_Balilol_(1),,Balliol-51,I00295514
Q149831,Q111466672,,,,,,,,,,,,,,,,,,,,,,,,,,,,,p=margaret;n=balliol,,,,,,,,,,,,,,,,I00754279
Q149832,Q75291741,,,,,,,,,,,,,,,,,,I5421,,,,,,,,,1062022,,p=alasia;n=di saluzzo;oc=1,,,,,,,,,,,,p4271.htm#i42710,Alasia_of_Saluzzo_(1),,Saluzzo-5,I00148750
Q149833,Q75237949,,,,,,,,,,,,,,,,,,,,,,,,,,,,,,,,,,,,,,,,,p65.htm#i647,,,,
Q149834,Q2329686,,,,,,,,,,,,,,,,,,,,,,,,,,,908996,,p=gaston;n=de bearn;oc=7,,,,,,,,,,,,p61956.htm#i619557|p10684.htm#i106831,Gaston_VII_of_Béarn_(1),,Béarn-20,I00013520
Q149835,Q3298511,,,,,,,,,,,,,,,,,,,,,,,,,,,908997,,p=mathe;n=de bigorre,,,,,,,,,,,,p10684.htm#i106832,Martha_of_Marsan_(1),,Marsan-131,I00013521
Q149836,Q2076654,,,,,,,,,,,,,,,,,,,,,,,,,,,821714,,p=marguerite;n=de bearn,,,,,,,,,,,,,Margaret_of_Montcada_(1),,Béarn-92,I00105983
Q149837,Q14120957,,,,,,,,,,,,,,,,,,,,,,,,,,,896999,,p=mathe;n=de bearn,,,,,,,,,,,,,Mathe_de_Montcade_(1),,Béarn-34,I00139110
Q149838,Q11924948,,,,,,,,,,,,,,,,,,I3031,,,,,,,,,908998,,p=guillelma;n=de moncade,,,,,,,,,,,,p3784.htm#i37831,Guillelme_de_Montcada_(1)|Guillermina_Moncada_(1),,,I00013519
Q149839,Q2016614,,,,,,,,,,,,,,,,,,,,,,,,,,,895376,,p=alfonso;n=de aragon;oc=6,,,,,,,,,,,,p10684.htm#i106834,Of_Alfonso_(1),,Aragón-242,I00400244
Q149840,Q661641,,,,,,,,,,,,,,,,,,,,,,,,,,,,,p=aymon;n=de geneve,,,,,,,,,,,,,Aymon_of_Geneva_(1),,,I00026521
Q149841,Q5703455,,,,,,,,,,,,,,,,,,I4669,,,,,,,,,49026,,p=ellen;n=of galloway,,,,,,,,,,,,p487.htm#i4865,Helen_of_Galloway_(1),,Galloway-198,I00027690
Q149842,Q61492807,,,,,,,,,,,,,,,,,,,,,,,,,,,,,,,,,,,,,,,,,p523.htm#i5226,,,Quincy-34,I00027693
Q149843,Q75238245,,,,,,,,,,,,,,,,,,,,,,,,,,,,,,,,,,,,,,,,,p90.htm#i900,,,,
Q149844,Q75091096,,,,,,,,,,,,,,,,,,,,,,,,,,,49027,,p=helen;n=de quincy,,,,,,,,,,,,p40565.htm#i405649,Helen_de_Quincy_(1),,Quincy-145,I00027697
Q149845,Q48748883,,,,,,,,,,,,,,,,,,,,,,,,,,,1239514,,p=robert;n=de vitre;oc=2,,,,,,,,,,,,p411.htm#i4101,Robert_De_Vitre_(3),,Vitré-16,I00175561
Q149846,Q59155156,,,,,,,,,,,,,,,,,,,,,,,,,,,1239515,,p=emma;n=de dinan,,,,,,,,,,,,,Emma_Dinan_(1),,Dinan-15,I00175562
Q149847,Q75565578,,,,,,,,,,,,,,,,,,,,,,,,,,,1240678,,p=guillaume;n=de fougeres,,,,,,,,,,,,p21590.htm#i215892,Guillaume_de_Fougères_(1),,Fougères-13,I00293983
Q149848,Q75565587,,,,,,,,,,,,,,,,,,,,,,,,,,,1240817,,p=agathe;n=du hommet,,,,,,,,,,,,p21590.htm#i215898,Agatha_De_Hommet_(1),,Hommet-2,I00293984
Q149849,Q54826221,,,,,,,,,,,,,,,,,,,,,,,,,,,,,p=mabile;n=de fougeres,,,,,,,,,,,,,Mabile_de_Fougères_(1),,,I00046738
Q149850,Q3351102,,,,,,,,,,,,,,,,,,,,,,,,,,,,,p=olivier;n=de rohan,,,,,,,,,,,,,,,,
Q149851,Q2830334,,,,,,,,,,,,,,,,,,,,,,,,,,,505409,,p=alain;n=de rohan;oc=5,,,,,,,,,,,,,Alain_De_Rohan_(1),,Rohan-17,I00046726
Q149852,Q940592,,,,,,,,,,,,,,,,,,,,,,,,,,,1237424,,p=pierre;n=de vendome,,,,,,,,,,,,,Pierre_Unknown_(4),,Vendôme-29,I00111106
Q149853,Q1010350,,,,,,,,,,,,,,,,,,,,,,,,,,,,,p=bouchard;n=de vendome;oc=5,,,,,,,,,,,,,Bouchard_Unknown_(12),,Vendôme-30,I00111095
Q149854,Q55348854,,,,,,,,,,,,,,,,,,,,,,,,,,,,,p=jean;n=de vendome,,,,,,,,,,,,,,,,
Q149855,Q55348864,,,,,,,,,,,,,,,,,,,,,,,,,,,1237472,,p=geoffroy;n=de vendome;oc=2,,,,,,,,,,,,,,,Vendôme-47,I00543837
Q149856,Q2559701,,,,,,,,,,,,,,,,,,,,,,,,,,,590051,,p=alain;n=d avaugour;oc=2,,,,,,,,,,,,,Alain_Unknown_(2),,Avaugour-15,I00295970
Q149857,Q3262276,,,,,,,,,,,,,,,,,,,,,,,,,,,624203,,p=louis;n=de sancerre,,,,,,,,,,,,,,,Sancerre-9,I00164588
Q149858,Q3039385,,,,,,,,,,,,,,,,,,,,,,,,,,,651915,,p=dreux;n=de mello;oc=5,,,,,,,,,,,,,,,Mello-278,I00296675
Q149859,Q15709931,,,,,,,,,,,,,,,,,,,,,,,,,,,,,p=anna;n=de lundin,,,,,,,,,,,,,Anne_Unknown_(519),,Durward-7,I00308670
Q149860,Q75387494,,,,,,,,,,,,,,,,,,,,,,,,,,,600095,,p=eleanor;n=de lovaine;oc=1,,,,,,,,,,,,p10745.htm#i107445,Eleanor_de_Lovaine_(1),,Lovaine-1,I00177541
Q149861,Q19325837,,,,,,,,,,,,,,,,,,,,,,,,,,,,,,,,,,,,,,,,,p10693.htm#i106927|p47729.htm#i477290,,,Ferrers-162,I00177542
Q149862,Q75291664,,,,,,,,,,,,,,,,,,,,,,,,,,,,,,,,,,,,,,,,,p4269.htm#i42686,,,,
Q149863,Q6129709,,,,,,,,,,,,,,,,,,,,,,,,,,,,,,,,,,,,,,,,,p4178.htm#i41771,,,Berkeley-211,
Q149864,Q75290450,,,,,,,,,,,,,,,,,,,,,,,,,,,,,,,,,,,,,,,,,p4177.htm#i41769,,,,I00075874
Q149865,Q75290452,,,,,,,,,,,,,,,,,,,,,,,,,,,,,,,,,,,,,,,,,p4177.htm#i41770,,,,
Q149866,Q75290458,,,,,,,,,,,,,,,,,,,,,,,,,,,,,,,,,,,,,,,,,p4178.htm#i41773,,,Berkeley-861,I00054204
Q149867,Q75290456,,,,,,,,,,,,,,,,,,,,,,,,,,,,,,,,,,,,,,,,,p4178.htm#i41772,,,,
Q149868,Q76313069,,,,,,,,,,,,,,,,,,,,,,,,,,,,,,,,,,,,,,,,,p68107.htm#i681067,,,Berkeley-17,
Q149869,Q60378890,,,,,,,,,,,,,,,,,,,,,,,,,,,,,p=hugh;n=de+vivonia;,,,,,,,,,,,,p50870.htm#i508692,,,Vivonne-6,I00332149
Q149870,Q76068829,,,,,,,,,,,,,,,,,,,,,,,,,,,,,,,,,,,,,,,,,p50870.htm#i508691,,,Malet-15,I00332150
Q149871,Q96244469,,,,,,,,,,,,,,,,,,,,,,,,,,,405675,,p=aimery;n=de rochechouart;oc=8,,,,,,,,,,,,,,,,I00050861
Q149872,Q96244480,,,,,,,,,,,,,,,,,,,,,,,,,,,651369,,p=jeanne;n=de tonnay charente,,,,,,,,,,,,,,,,I00208047
Q149873,Q96244467,,,,,,,,,,,,,,,,,,,,,,,,,,,651356,,p=simon;n=de rochechouart,,,,,,,,,,,,,,,Rochechouart-37,I00208049
Q149874,Q93644657,,,,,,,,,,,,,,,,,,,,,,,,,,,1052812,,p=aimery;n=de rochechouart;oc=10,,,,,,,,,,,,,,,,
Q149875,Q3079808,,,,,,,,,,,,,,,,,,,,,,,,,,,,,p=foucauld;n=de rochechouart,,,,,,,,,,,,,,,,
Q149876,Q75400646,,,,,,,,,,,,,,,,,,,,,,,,,,,,,,,,,,,,,,,,,p11864.htm#i118634,,,,
Q149877,Q75400647,,,,,,,,,,,,,,,,,,,,,,,,,,,,,,,,,,,,,,,,,p11864.htm#i118635,,,Beauchamp-285,
Q149878,Q19874700,,,,,,,,,,,,,,,,,,I4659,,,,,,,,,,,,,,,,,,,,,,,p1982.htm#i19820,John_Beauchamp_(3),,Beauchamp-61,I00513817
Q149879,Q110520827,,,,,,,,,,,,,,,,,,,,,,,,,,,,,,,,,,,,,,,,,,,,,I00191869
Q149880,Q75584523,,,,,,,,,,,,,,,,,,,,,,,,,,,,,,,,,,,,,,,,,p22673.htm#i226721,,,,
Q149881,Q75431424,,,,,,,,,,,,,,,,,,,,,,,,,,,,,,,,,,,,,,,,,p13745.htm#i137443,,,Chapelle-11,
Q149882,Q75431429,,,,,,,,,,,,,,,,,,,,,,,,,,,,,,,,,,,,,,,,,p13745.htm#i137445,,,,
Q149883,Q75382753,,,,,,,,,,,,,,,,,,,,,,,,,,,,,,,,,,,,,,,,,p10294.htm#i102936,,,Aguillon-4,I00140361
Q149884,Q75382589,,,,,,,,L5XT-ZHK,,,,,,,,,,,,,,,,,,,,,,,,,,,,,,,,,p10273.htm#i102728,,,Bardolf-9,I00139510
Q149885,Q65621650,,,,,,,,,,,,,,,,,,,,,,,,,,,,,,,,,,,,,,,,,p10296.htm#i102959,,,Bardolf-19,I00139512
Q149886,Q75298985,,,,,,,,,,,,,,,,,,,,,,,,,,,,,,,,,,,,,,,,,p4725.htm#i47242,,,FitzReynold-2,I00125472
Q149887,Q6265587,,,,,,,,,,,,,,,,,,,,,,,,,,,,,,,,,,,,,,,,,p10491.htm#i104910,John_de_Mohun_(1),,Mohun-58,I00125461
Q149888,Q18732002,,,,,,,,,,,,,,,,,,,,,,,,,,,,,,,,,,,,,,,,,,,,Mohun-60,I00125465
Q149889,Q76199354,,,,,,,,,,,,,,,,,,,,,,,,,,,,,,,,,,,,,,,,,p59878.htm#i598777,,,Vaux-116,I00191834
Q149890,Q76199355,,,,,,,,,,,,,,,,,,,,,,,,,,,,,,,,,,,,,,,,,p59878.htm#i598778,,,Craon-28,
Q149891,Q5414319,,,,,,,,,,,,,,,,,,,,,,,,,,,,,p=eustace;n=de vesci,,,,,,,,,,,,p10780.htm#i107793,,,Vesci-14,I00394339|I00715572
Q149892,Q6078121,,,,,,,,,,,,,,,,,,,,,,,,,,,,,,,,,,,,,,,,,p4196.htm#i41953,Isabel_de_Beaumont_(1),,Brienne-31,I00591668
Q149893,Q8020836,,,,,,,,,,,,,,,,,,,,,,,,,,,,,,,,,,,,,,,,,,,,,
Q149894,Q75996758,,,,,,,,,,,,,,,,,,,,,,,,,,,,,,,,,,,,,,,,,p45674.htm#i456734,,,Franceys-17,
Q149895,Q76100162,,,,,,,,,,,,,,,,,,,,,,,,,,,,,,,,,,,,,,,,,p53065.htm#i530641,,,Vernon-239,I00252416
Q149896,Q75387937,,,,,,,,,,,,,,,,,,,,,,,,,,,109459,,p=hugh;n=balliol,,,,,,,,,,,,p10783.htm#i107827,Hugh_Balliol_(1),,Balliol-35,I00139994
Q149897,Q116146138,,,,,,,,,,,,,,,,,,,,,,,,,,,,,,,,,,,,,,,,,,,,,I00705654
Q149898,Q939520,,,,,,,,,,,,,,,,,,,,,,,,,,,261452,,p=hugues;n=de lusignan;oc=9,,,,,,,,,,,,p458.htm#i4572,Hugh_IX_of_Lusignan_(1),,Lusignan-30,I00064436
Q149899,Q75386785,,,,,,,,,,,,,,,,,,,,,,,,,,,516461,,p=jeanne;n=de chatellerault,,,,,,,,,,,,p10682.htm#i106811|p37597.htm#i375962,Jeanne_(1)|Viscountess_Jeanne_(1),,Châtellerault-27,I00028913
Q149900,Q110508904,,,,,,,,,,,,,,,,,,,,,,,,,,,,,p=aumode;n=de sainte hermine,,,,,,,,,,,,,,,,I00139157
Q149901,Q66659692,,,,,,,,,,,,,,,,,,,,,,,,,,,,,p=geoffroy;n=de lusignan,,,,,,,,,,,,,,,,I00295644
Q149902,Q108432180,,,,,,,,,,,,,,,,,,,,,,,,,,,651884,,p=eustachie;n=de lusignan,,,,,,,,,,,,,,,Lusignan-151,I00079583
Q149903,Q75386791,,,,,,,,,,,,,,,,,,,,,,,,,,,1337603,,p=geoffroy;n=de chateaubriand;oc=1,,,,,,,,,,,,p10682.htm#i106816,Geoffrey_Unknown_(11)|Godefroy_Unknown_(5),,Chateaubriant-6,I00570436
Q149904,Q1905574,,,,,,,,,,,,,,,,,,,,,,,,,,,650420,,p=guy;n=de thouars;oc=2,,,,,,,,,,,,p12011.htm#i120102,Guy_De_Thouars_(1),,Thouars-34,I00079609
Q149905,Q75386796,,,,,,,,,,,,,,,,,,,,,,,,,,,,,p=guillaume;n=de+chauvigny;oc=2,,,,,,,,,,,,p10682.htm#i106820,William_De_Chauviguy_(1),,Chauvigny-1,I00197151
Q149906,Q76356051,,,,,,,,,,,,,,,,,,,,,,,,,,,1237950,,p=guillaume;n=de chauvigny;oc=3,,,,,,,,,,,,p70907.htm#i709064,,,De_Chauvigny-7,I00013396
Q149907,Q16863335,,,,,,,,,,,,,,,,,,,,,,,,,,,309922,,p=jeanne;n=des roches,,,,,,,,,,,,,Jeanne_des_Roches_(1),,Roches-2,I00124694
Q149908,Q68865801,,,,,,,,,,,,,,,,,,,,,,,,,,,,,p=olivier;n=de craon,,,,,,,,,,,,,,,,I00296515
Q149909,Q106815325,,,,,,,,,,,,,,,,,,,,,,,,,,,922074,,p=yolande;n=de dreux;oc=3,,,,,,,,,,,,,Yolande_de_Dreux_(3),,Dreux-80,I00028325
Q149910,Q111443322,,,,,,,,,,,,,,,,,,,,,,,,,,,376334,,p=girard;n=chabot;oc=2,,,,,,,,,,,,,,,,I00296518
Q149911,Q111443282,,,,,,,,,,,,,,,,,,,,,,,,,,,376951,,p=girard;n=chabot;oc=1,,,,,,,,,,,,,,,,I00296791
Q149912,Q135000263,,,,,,,,,,,,,,,,,,,,,,,,,,,,,,,,,,,,,,,,,,,,,
Q149913,Q2841398,,,,,,,,,,,,,,,,,,,,,,,,,,,405657,,p=amaury;n=de craon;oc=3,,,,,,,,,,,,,Amaury_de_Craon_(2)|Amaury_Unknown_(3),,Craon-4,I00079590
Q149914,Q75403177,,,,,,,,,,,,,,,,,,,,,,,,,,,1019043,,p=marie;n=de craon;oc=4,,,,,,,,,,,,p12015.htm#i120143,,,Craon-45,I00139442
Q149915,Q96243607,,,,,,,,,,,,,,,,,,,,,,,,,,,1238307,,p=isabeau;n=de craon;oc=1,,,,,,,,,,,,,,,Craon-58,I00296689
Q149916,Q348322,,,,,,,,,,,,,,,,,,,,,,,,,,,114194,,p=guy;n=de chatillon,,,sw.181731,,,,,,,,,p11345.htm#i113447,"Guy_IV,_Count_of_Saint-Pol_(1)",,Châtillon-29,I00013388
Q149917,Q1995088,,,,,,,,,,,,,,,,,,,,,,,,,,,704155,,p=jean;n=de chatillon;oc=2,,,,,,,,,,,,p351.htm#i3509,Jean_de_Châtillon_(1),,Châtillon-30,I00027525
Q149918,Q656859,,,,,,,,,,,,,,,,,,I3201,,,,,,,,,114192,,p=mahaut;n=de chatillon,,,sw.109740,,,,,,,,,p10490.htm#i104897,Mahaut_of_Chatillon_(1),,Châtillon-13,I00005235
Q149919,Q2131265,,,,,,,,,,,,,,,,,,,,,,,,,,,704944|480468,,p=raoul;n=de clermont;oc=2,,,,,,,,,,,,p70907.htm#i709066,Raoul_Clermont_(1),,Clermont_de_Nesle-1,I00050006
Q149920,Q2116844,,,,,,,,,,,,,,,,,,,,,,,,,,,861382,,p=alix;n=de dreux;oc=3,,,,,,,,,,,,p70907.htm#i709067,Alix_of_Dreux_(2),,Dreux-30,I00050007
Q149922,Q6172243,,,,,,,,,,,,,,,,,,,,,,,,,,,309911,,p=jeanne;n=de fougeres;oc=1,,,,,,,,,,,,p59447.htm#i594468,Jeanne_De_Fougeres_(1),,Fougères-17,I00064492
Q149923,Q432467,,,,,,,,,,,,,,,,,,,,,,,,,,,,,p=hugues;n=de lusignan;oc=13,,,,,,,,,,,,p50037.htm#i500361|p40568.htm#i405674,Hugh_XIII_of_Lusignan_(1),,Lusignan-141,I00064493
Q149924,Q432490,,,,,,,,,,,,,,,,,,,,,,,,,,,931358,,p=guy;n=de lusignan;oc=3,,,,,,,,,,,,,"Guy_of_Lusignan,_Count_of_Angoulême_(1)",,Lusignan-142,
Q149925,Q459175,,,,,,,,,,,,,,,,,,,,,,,,,,,,,p=yolande;n=de lusignan;oc=1,,,,,,,,,,,,,Yolanda_of_Lusignan_(1),,,I00613361
Q149926,Q111546220,,,,,,,,,,,,,,,,,,,,,,,,,,,,,p=marie;n=de la marche;oc=11,,,,,,,,,,,,,,,,
Q149927,Q75386793,,,,,,,,,,,,,,,,,,,,,,,,,,,,,p=geoffroi;n=de rancon;oc=4,,,,,,,,,,,,p10682.htm#i106818,,,,I00064442
Q149928,Q57268447,,,,,,,,,,,,,,,,,,,,,,,,,,,464123,,p=beatrix;n=de bourgogne,,,,,,,,,,,,p453.htm#i4524,Beatrice_of_Viennois_(1)|Beatrix_De_Bourgogne_(1),,Bourgogne-199,I00120881
Q149929,Q937905,,,,,,,,,,,,,,,,,,,,,,,,,,,642506,,p=jean;n=de montfort;oc=1,,,,,,,,,,,,p452.htm#i4513,Jean_I_de_Montfort_(1),,Montfort-130,I00122081
Q149930,Q101468642,,,,,,,,,,,,,,,,,,,,,,,,,,,464102,,p=adela;n=de montfort,,,,,,,,,,,,,Adele_of_Montfort_(1),,Montfort-98,I00107645
Q149931,Q108219302,,,,,,,,,,,,,,,,,,,,,,,,,,,,,p=marguerite;n=de montfort,,,,,,,,,,,,,Marguerite_De_Montfort_(1),,,I00120733
Q149932,Q75290681,,,,,,,,,,,,,,,,,,,,,,,,,,,,,p=laure;n=de montfort,,,,,,,,,,,,p4193.htm#i41921,Laure_De_Montfort_(1),,Montfort-40,I00046805
Q149933,Q2440577,,,,,,,,,,,,,,,,,,,,,,,,,,,920079,,p=alix;n=de montfort;oc=2,,,,,,,,,,,,,Alice_of_Bigorre_(1),,Montfort-464,I00122151
Q149934,Q48688585,,,,,,,,,,,,,,,,,,,,,,,,,,,,,p=petronille;n=de montfort,,,,,,,,,,,,,Petronille_of_Montfort_(1),,Montfort-218,I00295519
Q149935,Q75290887,,,,,,,,,,,,,,,,,,,,,,,,,,,464167,,p=petronille;n=de joigny,,,,,,,,,,,,p4208.htm#i42074,,,Joigny-15,I00106061
Q149936,Q75386816,,,,,,,,,,,,,,,,,,,,,,,,,,,,,,,,,,,,,,,,,p10684.htm#i106840,,,Aldobrandeschi-2,I00121972
Q149937,Q100437564,,,,,,,,,,,,,,,,,,,,,,,,,,,,,,,,,,,,,,,,,,,,,I00121973
Q149938,Q3874504,,,,,,,,,,,,,,,,,,,,,,,,,,,,,,,,,,,,,,,,,,,,,
Q149939,Q75290436,,,,,,,,,,,,,,,,,,,,,,,,,,,646158,,p=romano;n=orsini,,,,,,,,,,,,p4176.htm#i41753,,,Orsini-5,I00079822
Q149940,Q76181039,,,,,,,,,,,,,,,,,,,,,,,,,,,181357,,p=roberto;n=orsini;oc=1,,,,,,,,,,,,p58658.htm#i586573,Robert_Des_Ursins_(1),,Orsini-2,I00079818
Q149941,Q100437225,,,,,,,,,,,,,,,,,,,,,,,,,,,,,,,,,,,,,,,,,,,,Orsini-64,I00336808
Q149942,Q100439158,,,,,,,,,,,,,,,,,,,,,,,,,,,,,,,,,,,,,,,,,,,,Orsini-35,I00355855
Q149943,Q113461515,,,,,,,,,,,,,,,,,,,,,,,,,,,11641,,p=mathilde;n=de bethune;oc=3,,,,,,,,,,,,,,,Béthune-616,I00174512
Q149944,Q65756,,,,,,,,,,158344339,,,,,,,,,,,,,,,,,13075,,p=ludwig;n=von wittelsbach;oc=7,,,dw.5513,,,,,,,,,p69320.htm#i693199,"Louis_I,_Count_Palatine_of_Zweibrücken_(1)",,Zweibrücken-24,I00014136
Q149945,Q1027587,,,,,,,,,,,,,,,,,,,,,,,,,,,11653|433239,,p=robert;n=de bethune;oc=7,,,,,,,,,,,,,Robert_VII_van_Bethune_(1),,Bethune-30,I00122013
Q149946,Q2342723,,,,,,,,,,,,,,,,,,,,,,,,,,,11652,,p=guillaume;n=de bethune;oc=3,,,,,,,,,,,,,Guillaume_Unknown_(14),,Bethune-28,I00029147
Q149947,Q76356035,,,,,,,,,,,,,,,,,,,,,,,,,,,11650,,p=daniel;n=de bethune,,,,,,,,,,,,p70906.htm#i709051,,,Béthune-615,
Q149948,Q107211659,,,,,,,,,,,,,,,,,,,,,,,,,,,11649,,p=mathilde;n=de bethune;oc=4,,,,,,,,,,,,,,,Béthune-148,I00316226
Q149949,Q75301527,,,,,,,,,,,,,,,,,,,,,,,,,,,,,,,,,,,,,,,,,p4891.htm#i48901,,,Montfichet-14,
Q149950,Q112964628,,,,,,,,,,,,,,,,,,,,,,,,,,,,,,,,,,,,,,,,,,,,Hastings-628,I00140349
Q149951,Q112964633,,,,,,,,,,,,,,,,,,,,,,,,,,,,,,,,,,,,,,,,,,,,Flamville-2,I00140350
Q149952,Q112964637,,,,,,,,,,,,,,,,,,,,,,,,,,,,,,,,,,,,,,,,,,,,,I00140352
Q149953,Q18759378,,,,,,,,,,,,,,,,,,,,,,,,,,,530845,,p=richard;n=harcourt;oc=2,,,,,,,,,,,,p59997.htm#i599965,Richard_De_Harcourt_(2),,Harcourt-74,I00029002
Q149954,Q76273677,,,,,,,,,,,,,,,,,,,,,,,,,,,,,p=margery;n=harcourt,,,,,,,,,,,,p65461.htm#i654605,,,Harcourt-416,I00029007
Q149955,Q76371356,,,,,,,,,,,,,,,,,,,,,,,,,,,,,p=arabella;n=harcourt|p=orabella;n=harcourt,,,,,,,,,,,,p71783.htm#i717828,Orabella_de_Harcourt_(1),,Harcourt-218,I00029009
Q149956,Q75418434,,,,,,,,,,,,,,,,,,,,,,,,,,,,,p=margaret;n=beke;oc=1,,,,,,,,,,,,p12941.htm#i129408,,,Beke-6,I00029012
Q149957,Q61491218,,,,,,,,,,,,,,,,,,,,,,,,,,,,,p=julian;n=n;oc=2,,,,,,,,,,,,p10775.htm#i107744,,,Cornhill-23,I00437065
Q149958,Q61491481,,,,,,,,,,,,,,,,,,,,,,,,,,,,,p=william;n=de brechin,,,,,,,,,,,,p68162.htm#i681617,,,Brechin-14,I00437059
Q149959,Q75507998,,,,,,,,,,,,,,,,,,,,,,,,,,,,,,,,,,,,,,,,,p18381.htm#i183807,Galfridus_De_Crawford_(1),,De_Crawford-4,
Q149960,Q75507996,,,,,,,,,,,,,,,,,,,,,,,,,,,,,,,,,,,,,,,,,p18381.htm#i183806,Reginald_Crawford_(4),,Crawford-4366,
Q149961,Q75387854,,,,,,,,,,,,,,,,,,,,,,,,,,,,,p=malise;n=of strathearn;oc=4,,,,,,,,,,,,p10775.htm#i107747,,,Strathearn-64,I00139612
Q149962,Q75387884,,,,,,,,,,,,,,,,,,,,,,,,,,,,,,,,,,,,,,,,,p10779.htm#i107781,,,,
Q149963,Q75387887,,,,,,,,,,,,,,,,,,,,,,,,,,,,,,,,,,,,,,,,,p10779.htm#i107783,,,,
Q149964,Q75387888,,,,,,,,,,,,,,,,,,,,,,,,,,,,,,,,,,,,,,,,,p10779.htm#i107784,,,,
Q149965,Q75387892,,,,,,,,,,,,,,,,,,,,,,,,,,,,,,,,,,,,,,,,,p10779.htm#i107786,,,,
Q149966,Q75387893,,,,,,,,,,,,,,,,,,,,,,,,,,,,,,,,,,,,,,,,,p10779.htm#i107787,,,,
Q149967,Q75757722,,,,,,,,,,,,,,,,,,,,,,,,,,,,,,,,,,,,,,,,,p31881.htm#i318801,,,Everingham-354,I00135229
Q149968,Q75757724,,,,,,,,,,,,,,,,,,,,,,,,,,,,,,,,,,,,,,,,,p31881.htm#i318802,,,Hastings-1525,I00315493
Q149969,Q76002305,,,,,,,,,,,,,,,,,,,,,,,,,,,,,,,,,,,,,,,,,p46022.htm#i460211,,,Hastings-1634,I00437452
Q149970,Q76303556,,,,,,,,,,,,,,,,,,,,,,,,,,,,,,,,,,,,,,,,,p67517.htm#i675161,,,Hastings-87,I00026780
Q149971,Q110504430,,,,,,,,,,,,,,,,,,,,,,,,,,,,,,,,,,,,,,,,,,,,Hastings-132,I00028721
Q149972,Q75953797,,,,,,,,,,,,,,,,,,,,,,,,,,,,,,,,,,,,,,,,,p42678.htm#i426779,,,,
Q149973,Q75953804,,,,,,,,,,,,,,,,,,,,,,,,,,,,,,,,,,,,,,,,,p42679.htm#i426784,,,,
Q149974,Q75953806,,,,,,,,,,,,,,,,,,,,,,,,,,,,,,,,,,,,,,,,,p42679.htm#i426785,,,,
Q149975,Q75953802,,,,,,,,,,,,,,,,,,,,,,,,,,,,,,,,,,,,,,,,,p68878.htm#i688777|p42679.htm#i426782,,,,I00573510
Q149976,Q76322633,,,,,,,,,,,,,,,,,,,,,,,,,,,,,,,,,,,,,,,,,p68844.htm#i688435,,,,
Q149977,Q75412280,,,,,,,,,,,,,,,,,,,,,,,,,,,,,,,,,,,,,,,,,p12564.htm#i125639,,,Blount-968,
Q149978,Q7610117,,,,,,,,,,,,,,,,,,,,,,,,,,,,,,,,,,,,,,,,,p13740.htm#i137400,,,Clinton-211,I00525306
Q149979,Q1700394,,,,,,,,,,,,,,,,,,,,,,,,,,,,,p=john;n=de hastings;oc=3,,,,,,,,,,,,p10699.htm#i106981,John_Hastings_(49),,Hastings-189,I00013449
Q149980,Q6236305,,,,,,,,,,,,,,,,,,,,,,,,,,,,,,,,,,,,,,,,,p3817.htm#i38161,John_de_Grey_(5),,Grey-176,I00127832
Q149981,Q61911183,,,,,,,,,,,,,,,,,,,,,,,,,,,,,,,,,,,,,,,,,p13795.htm#i137950,,,Strange-931,I00026855
Q149982,Q7308718,,,,,,,,,,,,,,,,,,,,,,,,,,,1461495,,,,,,,,,,,,,,p3217.htm#i32163,Reginald_Grey_(8),,Grey-168,I00026857
Q149983,Q5986967,,,,,,,,,,,,,,,,,,I4678,,,,,,,,,,,,,,,,,,,,,,,p32612.htm#i326119,Ida_De_Grey_(1),,Grey-380,I00337223
Q149984,Q53647701,,,,,,,,,,,,,,,,,,,,,,,,,,,,,,,,,,,,,,,,,p60274.htm#i602731,,,Okeover-1,
Q149985,Q106686242,,,,,,,,,,,,,,,,,,,,,,,,,,,,,,,,,,,,,,,,,,,,,I00623792
Q149986,Q75260798,,,,,,,,,,,,,,,,,,,,,,,,,,,,,,,,,,,,,,,,,p1929.htm#i19289,,,Talbot-66,I00337563
Q149987,Q76018793,,,,,,,,,,,,,,,,,,,,,,,,,,,,,,,,,,,,,,,,,p47145.htm#i471447,,,,
Q149988,Q76018795,,,,,,,,,,,,,,,,,,,,,,,,,,,,,,,,,,,,,,,,,p47145.htm#i471448,,,FitzReynold-2,
Q149989,Q6933194,,,,,,,,,,,,,,,,,,,,,,,,,,,,,,,,,,,,,,,,,p512.htm#i5111,"Muireadhach_II,_Earl_of_Menteith_(1)",,,I00177669
Q149990,Q2543918,,,,,,,,,,,,,,,,,,,,,,,,,,,,,,,,,,,,,,,,,p18699.htm#i186988,Walter_Comyn_(5),,Comyn-46,
Q149991,Q75242569,,,,,,,,,,,,,,,,,,,,,,,,,,,,,,,,,,,,,,,,,p467.htm#i4663,,,Russell-4691,I00108460
Q149992,Q50100812,,,,,,,,,,,,,,,,,,,,,,,,,,,,,,,,,,,,,,,,,p359.htm#i3588,,,Latimer-42,I00314846
Q149993,Q76216484,,,,,,,,,,,,,,,,,,,,,,,,,,,,,,,,,,,,,,,,,p61163.htm#i611624,,,Ledet-130,
Q149994,Q75453804,,,,,,,,,,,,,,,,,,,,,,,,,,,,,,,,,,,,,,,,,p15183.htm#i151824,,,Warre-9,I00422641
Q149995,Q75453858,,,,,,,,,,,,,,,,,,,,,,,,,,,,,,,,,,,,,,,,,p15186.htm#i151856,,,Gresley-60,I00422642
Q149996,Q76238138,,,,,,,,,,,,,,,,,,,,,,,,,,,,,,,,,,,,,,,,,p62801.htm#i628005,,,,I00422645
Q149997,Q76238139,,,,,,,,,,,,,,,,,,,,,,,,,,,,,,,,,,,,,,,,,p62801.htm#i628006,,,,I00422647
Q149998,Q76238129,,,,,,,,,,,,,,,,,,,,,,,,,,,,,,,,,,,,,,,,,p62800.htm#i627999,,,,
Q149999,Q76238132,,,,,,,,,,,,,,,,,,,,,,,,,,,,,,,,,,,,,,,,,p62801.htm#i628001,,,,
Q150000,Q7966500,,,,,,,,,,,,,,,,,,,,,,,,,,,,,,,,,,,,,,,,,,Walter_Cantilupe_(1),,Cantilupe-18,
Q150001,Q18810849,,,,,,,,,,,,,,,,,,,,,,,,,,,,,,,,,,,,,,,,,p930.htm#i9295,,,St_John-256,I00075123
Q150002,Q75612976,,,,,,,,,,,,,,,,,,,,,,,,,,,,,,,,,,,,,,,,,p24492.htm#i244918,,,Tregoz-2,I00177688
Q150003,Q75442658,,,,,,,,,,,,,,,,,,,,,,,,,,,,,,,,,,,,,,,,,p14439.htm#i144389,,,Lucy-23,I00139731
Q150004,Q75382608,,,,,,,,,,,,,,,,,,,,,,,,,,,,,,,,,,,,,,,,,p10276.htm#i102753,,,Gournay-2,I00199029
Q150005,Q110662959,,,,,,,,,,,,,,,,,,,,,,,,,,,,,,,,,,,,,,,,,,,,,I00711779
Q150006,Q116055571,,,,,,,,,,,,,,,,,,,,,,,,,,,,,,,,,,,,,,,,,,,,,I00760955
Q150007,Q110441560,,,,,,,,,,,,,,,,,,,,,,,,,,,,,,,,,,,,,,,,,,,,,I00752978
Q150008,Q112531099,,,,,,,,,,,,,,,,,,,,,,,,,,,,,,,,,,,,,,,,,,,,,I00749211
Q150009,Q110441476,,,,,,,,,,,,,,,,,,,,,,,,,,,,,,,,,,,,,,,,,,,,,I00753004
Q150010,Q116477681,,,,,,,,,,,,,,,,,,,,,,,,,,,,,,,,,,,,,,,,,,,,,I00753264
Q150011,Q130340747,,,,,,,,,,,,,,,,,,,,,,,,,,,,,,,,,,,,,,,,,,,,,I00774930
Q150012,Q110635499,,,,,,,,,,,,,,,,,,,,,,,,,,,,,,,,,,,,,,,,,,,,,I00751497
Q150013,Q76214377,,,,,,,,,,,,,,,,,,,,,,,,,,,,,,,,,,,,,,,,,p60996.htm#i609952,,,,I00699994
Q150014,Q130340749,,,,,,,,,,,,,,,,,,,,,,,,,,,,,,,,,,,,,,,,,,,,,I00754856
Q150015,Q110290610,,,,,,,,,,,,,,,,,,,,,,,,,,,,,,,,,,,,,,,,,,,,,I00749687
Q150016,Q116477678,,,,,,,,,,,,,,,,,,,,,,,,,,,,,,,,,,,,,,,,,,,,,I00754830
Q150017,Q130648364,,,,,,,,,,,,,,,,,,,,,,,,,,,,,,,,,,,,,,,,,,,,,I00753263
Q150018,Q110290177,,,,,,,,,,,,,,,,,,,,,,,,,,,,,,,,,,,,,,,,,,,,,I00750926
Q150019,Q130648363,,,,,,,,,,,,,,,,,,,,,,,,,,,,,,,,,,,,,,,,,,,,,I00753259
Q150020,Q105819590,,,,,,,,,,,,,,,,,,,,,,,,,,,,,,,,,,,,,,,,,,,,,I00715129
Q150021,Q105819543,,,,,,,,,,,,,,,,,,,,,,,,,,,,,,,,,,,,,,,,,,,,,I00636979
Q150022,Q116812160,,,,,,,,,,,,,,,,,,,,,,,,,,,,,,,,,,,,,,,,,,,,,I00715020
Q150023,Q111525065,,,,,,,,,,,,,,,,,,,,,,,,,,,,,,,,,,,,,,,,,,,,,I00764698
Q150024,Q116812615,,,,,,,,,,,,,,,,,,,,,,,,,,,,,,,,,,,,,,,,,,,,,I00760491
Q150025,Q116812610,,,,,,,,,,,,,,,,,,,,,,,,,,,,,,,,,,,,,,,,,,,,,I00760479
Q150026,Q116812059,,,,,,,,,,,,,,,,,,,,,,,,,,,,,,,,,,,,,,,,,,,,,I00776381
Q150027,Q116812279,,,,,,,,,,,,,,,,,,,,,,,,,,,,,,,,,,,,,,,,,,,,,I00777356
Q150028,Q110623940,,,,,,,,,,,,,,,,,,,,,,,,,,,,,,,,,,,,,,,,,,,,,I00692405
Q150029,Q116052985,,,,,,,,,,,,,,,,,,,,,,,,,,,,,,,,,,,,,,,,,,,,,I00759464
Q150030,Q116055621,,,,,,,,,,,,,,,,,,,,,,,,,,,,,,,,,,,,,,,,,,,,,I00764231
Q150031,Q110662792,,,,,,,,,,,,,,,,,,,,,,,,,,,,,,,,,,,,,,,,,,,,,I00737240
Q150032,Q116812379,,,,,,,,,,,,,,,,,,,,,,,,,,,,,,,,,,,,,,,,,,,,,I00706599
Q150033,Q110383287,,,,,,,,,,,,,,,,,,,,,,,,,,,,,,,,,,,,,,,,,,,,,I00757263
Q150034,Q130358532,,,,,,,,,,,,,,,,,,,,,,,,,,,,,,,,,,,,,,,,,,,,,I00708674
Q150035,Q110413671,,,,,,,,,,,,,,,,,,,,,,,,,,,,,,,,,,,,,,,,,,,,,I00708655
Q150036,Q99085570,,,,,,,,,,,,,,,,,,,,,,,,,,,,,,,,,,,,,,,,,,,,,I00708799
Q150037,Q131346722,,,,,,,,,,,,,,,,,,,,,,,,,,,,,,,,,,,,,,,,,,,,,I00777763
Q150038,Q131346843,,,,,,,,,,,,,,,,,,,,,,,,,,,,,,,,,,,,,,,,,,,,,I00808008
Q150039,Q131347196,,,,,,,,,,,,,,,,,,,,,,,,,,,,,,,,,,,,,,,,,,,,,I00795969
Q150040,Q110413560,,,,,,,,,,,,,,,,,,,,,,,,,,,,,,,,,,,,,,,,,,,,,I00711648
Q150041,Q110637004,,,,,,,,,,,,,,,,,,,,,,,,,,,,,,,,,,,,,,,,,,,,,I00708778
Q150042,Q130358734,,,,,,,,,,,,,,,,,,,,,,,,,,,,,,,,,,,,,,,,,,,,,I00701136
Q150043,Q130358463,,,,,,,,,,,,,,,,,,,,,,,,,,,,,,,,,,,,,,,,,,,,,I00708633
Q150044,Q130358951,,,,,,,,,,,,,,,,,,,,,,,,,,,,,,,,,,,,,,,,,,,,,I00701124
Q150045,Q116146095,,,,,,,,,,,,,,,,,,,,,,,,,,,,,,,,,,,,,,,,,,,,,I00774807
Q150046,Q112610892,,,,,,,,,,,,,,,,,,,,,,,,,,,,,,,,,,,,,,,,,,,,,I00696674
Q150047,Q130358973,,,,,,,,,,,,,,,,,,,,,,,,,,,,,,,,,,,,,,,,,,,,,I00710006
Q150048,Q110412802,,,,,,,,,,,,,,,,,,,,,,,,,,,,,,,,,,,,,,,,,,,,,I00691927
Q150049,Q110414088,,,,,,,,,,,,,,,,,,,,,,,,,,,,,,,,,,,,,,,,,,,,,I00754530
Q150050,Q131138725,,,,,,,,,,,,,,,,,,,,,,,,,,,,,,,,,,,,,,,,,,,,Ap_Dafydd-16,I00697202
Q150051,Q131347207,,,,,,,,,,,,,,,,,,,,,,,,,,,,,,,,,,,,,,,,,,,,,I00777673
Q150052,Q133461292,,,,,,,,,,,,,,,,,,,,,,,,,,,,,,,,,,,,,,,,,,,,,I00757266
Q150053,Q133461594,,,,,,,,,,,,,,,,,,,,,,,,,,,,,,,,,,,,,,,,,,,,,I00757353
Q150054,Q99073259,,,,,,,,,,,,,,,,,,,,,,,,,,,,,,,,,,,,,,,,,,,,,I00706256
Q150055,Q110635329,,,,,,,,,,,,,,,,,,,,,,,,,,,,,,,,,,,,,,,,,,,,,I00751490
Q150056,Q116147164,,,,,,,,,,,,,,,,,,,,,,,,,,,,,,,,,,,,,,,,,,,,,I00767688
Q150057,Q133461634,,,,,,,,,,,,,,,,,,,,,,,,,,,,,,,,,,,,,,,,,,,,,I00701090
Q150058,Q133461629,,,,,,,,,,,,,,,,,,,,,,,,,,,,,,,,,,,,,,,,,,,,,I00692387
Q150059,Q110662802,,,,,,,,,,,,,,,,,,,,,,,,,,,,,,,,,,,,,,,,,,,,,I00706101
Q150060,Q76214390,,,,,,,,,,,,,,,,,,,,,,,,,,,,,,,,,,,,,,,,,p60997.htm#i609963,,,Ferch_Derwas-1,I00696160
Q150061,Q116478783,,,,,,,,,,,,,,,,,,,,,,,,,,,,,,,,,,,,,,,,,,,,,I00751602
Q150062,Q116147042,,,,,,,,,,,,,,,,,,,,,,,,,,,,,,,,,,,,,,,,,,,,,I00751356
Q150063,Q116146785,,,,,,,,,,,,,,,,,,,,,,,,,,,,,,,,,,,,,,,,,,,,,I00751345
Q150064,Q116478707,,,,,,,,,,,,,,,,,,,,,,,,,,,,,,,,,,,,,,,,,,,,,I00751337
Q150065,Q131138741,,,,,,,,,,,,,,,,,,,,,,,,,,,,,,,,,,,,,,,,,,,,,I00775378
Q150066,Q116479498,,,,,,,,,,,,,,,,,,,,,,,,,,,,,,,,,,,,,,,,,,,,,I00775266
Q150067,Q110636983,,,,,,,,,,,,,,,,,,,,,,,,,,,,,,,,,,,,,,,,,,,,,I00711528
Q150068,Q111454108,,,,,,,,,,,,,,,,,,,,,,,,,,,,,,,,,,,,,,,,,,,,Ap_Madoc-16,I00738677
Q150069,Q111454103,,,,,,,,,,,,,,,,,,,,,,,,,,,,,,,,,,,,,,,,,,,,Owen-638,I00738683
Q150070,Q131138711,,,,,,,,,,,,,,,,,,,,,,,,,,,,,,,,,,,,,,,,,,,,,I00793450
Q150071,Q133461394,,,,,,,,,,,,,,,,,,,,,,,,,,,,,,,,,,,,,,,,,,,,,I00738670
Q150072,Q110428555,,,,,,,,,,,,,,,,,,,,,,,,,,,,,,,,,,,,,,,,,,,,,I00701094
Q150073,Q131347136,,,,,,,,,,,,,,,,,,,,,,,,,,,,,,,,,,,,,,,,,,,,,I00761255
Q150074,Q131342899,,,,,,,,,,,,,,,,,,,,,,,,,,,,,,,,,,,,,,,,,,,,,I00696301
Q150075,Q131347148,,,,,,,,,,,,,,,,,,,,,,,,,,,,,,,,,,,,,,,,,,,,,I00795955
Q150076,Q130358920,,,,,,,,,,,,,,,,,,,,,,,,,,,,,,,,,,,,,,,,,,,,,I00701087
Q150077,Q130358406,,,,,,,,,,,,,,,,,,,,,,,,,,,,,,,,,,,,,,,,,,,,,I00692417
Q150078,Q131342905,,,,,,,,,,,,,,,,,,,,,,,,,,,,,,,,,,,,,,,,,,,,,I00808013
Q150079,Q133461622,,,,,,,,,,,,,,,,,,,,,,,,,,,,,,,,,,,,,,,,,,,,,I00692386
Q150080,Q130359178,,,,,,,,,,,,,,,,,,,,,,,,,,,,,,,,,,,,,,,,,,,,,I00710056
Q150081,Q112610827,,,,,,,,,,,,,,,,,,,,,,,,,,,,,,,,,,,,,,,,,,,,,I00696897
Q150082,Q112610824,,,,,,,,,,,,,,,,,,,,,,,,,,,,,,,,,,,,,,,,,,,,,I00692203
Q150083,Q112610972,,,,,,,,,,,,,,,,,,,,,,,,,,,,,,,,,,,,,,,,,,,,,I00700867
Q150084,Q112610834,,,,,,,,,,,,,,,,,,,,,,,,,,,,,,,,,,,,,,,,,,,,,I00689764
Q150085,Q133461621,,,,,,,,,,,,,,,,,,,,,,,,,,,,,,,,,,,,,,,,,,,,,I00692385
Q150086,Q130359174,,,,,,,,,,,,,,,,,,,,,,,,,,,,,,,,,,,,,,,,,,,,,I00701146
Q150087,Q112610833,,,,,,,,,,,,,,,,,,,,,,,,,,,,,,,,,,,,,,,,,,,,,I00689645
Q150088,Q130358350,,,,,,,,,,,,,,,,,,,,,,,,,,,,,,,,,,,,,,,,,,,,,I00688215
Q150089,Q133461609,,,,,,,,,,,,,,,,,,,,,,,,,,,,,,,,,,,,,,,,,,,,,I00803751
Q150090,Q99239043,,,,,,,,,,,,,,,,,,,,,,,,,,,,,,,,,,,,,,,,,,,,Wogan-3,I00696728
Q150091,Q76154308,,,,,,,,,,,,,,,,,,,,,,,,,,,,,,,,,,,,,,,,,p56809.htm#i568089,,,Dwinn-2,I00686824
Q150092,Q99239017,,,,,,,,,,,,,,,,,,,,,,,,,,,,,,,,,,,,,,,,,,,,,I00652110
Q150093,Q117378849,,,,,,,,,,,,,,,,,,,,,,,,,,,,,,,,,,,,,,,,,,,,,I00692220
Q150094,Q116144912,,,,,,,,,,,,,,,,,,,,,,,,,,,,,,,,,,,,,,,,,,,,Scudamore-1,I00259664
Q150095,Q75759843,,,,,,,,,,,,,,,,,,,,,,,,,,,,,,,,,,,,,,,,,p31989.htm#i319883,,,,I00259666
Q150096,Q75781166,,,,,,,,,,,,,,,,,,,,,,,,,,,,,,,,,,,,,,,,,p33081.htm#i330809,,,,
Q150097,Q75577361,,,,,,,,,,,,,,,,,,,,,,,,,,,,,,,,,,,,,,,,,p22282.htm#i222812,,,Dunn-1056,I00058664
Q150098,Q75238039,,,,,,,,,,,,,,,,,,,,,,,,,,,,,,,,,,,,,,,,,p73.htm#i727,,,,I00148198
Q150099,Q130359285,,,,,,,,,,,,,,,,,,,,,,,,,,,,,,,,,,,,,,,,,,,,,I00774667
Q150100,Q130359288,,,,,,,,,,,,,,,,,,,,,,,,,,,,,,,,,,,,,,,,,,,,,I00774668
Q150101,Q130358411,,,,,,,,,,,,,,,,,,,,,,,,,,,,,,,,,,,,,,,,,,,,,I00801855
Q150102,Q99070389,,,,,,,,,,,,,,,,,,,,,,,,,,,,,,,,,,,,,,,,,,,,,I00706209
Q150103,Q116110808,,,,,,,,,,,,,,,,,,,,,,,,,,,,,,,,,,,,,,,,,,,,,I00756025
Q150104,Q131346872,,,,,,,,,,,,,,,,,,,,,,,,,,,,,,,,,,,,,,,,,,,,,I00805788
Q150105,Q99080647,,,,,,,,,,,,,,,,,,,,,,,,,,,,,,,,,,,,,,,,,,,,Devereaux-61,I00616105
Q150106,Q116053018,,,,,,,,,,,,,,,,,,,,,,,,,,,,,,,,,,,,,,,,,,,,,I00736667
Q150107,Q127413835,,,,,,,,,,,,,,,,,,,,,,,,,,,,,,,,,,,,,,,,,,,,,I00706799
Q150108,Q112643783,,,,,,,,,,,,,,,,,,,,,,,,,,,,,,,,,,,,,,,,,,,,,I00711419
Q150109,Q130359142,,,,,,,,,,,,,,,,,,,,,,,,,,,,,,,,,,,,,,,,,,,,,I00488448
Q150110,Q130358756,,,,,,,,,,,,,,,,,,,,,,,,,,,,,,,,,,,,,,,,,,,,,I00705961
Q150111,Q112610837,,,,,,,,,,,,,,,,,,,,,,,,,,,,,,,,,,,,,,,,,,,,,I00692412
Q150112,Q112610963,,,,,,,,,,,,,,,,,,,,,,,,,,,,,,,,,,,,,,,,,,,,,I00700864
Q150113,Q130358733,,,,,,,,,,,,,,,,,,,,,,,,,,,,,,,,,,,,,,,,,,,,,I00696860
Q150114,Q133461615,,,,,,,,,,,,,,,,,,,,,,,,,,,,,,,,,,,,,,,,,,,,,I00803760
Q150115,Q133462308,,,,,,,,,,,,,,,,,,,,,,,,,,,,,,,,,,,,,,,,,,,,,I00759269
Q150116,Q112610857,,,,,,,,,,,,,,,,,,,,,,,,,,,,,,,,,,,,,,,,,,,,,I00696671
Q150117,Q130358952,,,,,,,,,,,,,,,,,,,,,,,,,,,,,,,,,,,,,,,,,,,,,I00696883
Q150118,Q130359116,,,,,,,,,,,,,,,,,,,,,,,,,,,,,,,,,,,,,,,,,,,,,I00761351
Q150119,Q130358618,,,,,,,,,,,,,,,,,,,,,,,,,,,,,,,,,,,,,,,,,,,,,I00709748
Q150120,Q133461699,,,,,,,,,,,,,,,,,,,,,,,,,,,,,,,,,,,,,,,,,,,,,I00803783
Q150121,Q110622319,,,,,,,,,,,,,,,,,,,,,,,,,,,,,,,,,,,,,,,,,,,,,I00751325
Q150122,Q116470775,,,,,,,,,,,,,,,,,,,,,,,,,,,,,,,,,,,,,,,,,,,,,I00753703
Q150123,Q130358479,,,,,,,,,,,,,,,,,,,,,,,,,,,,,,,,,,,,,,,,,,,,,I00760929
Q150124,Q130359352,,,,,,,,,,,,,,,,,,,,,,,,,,,,,,,,,,,,,,,,,,,,,I00802238
Q150125,Q130359286,,,,,,,,,,,,,,,,,,,,,,,,,,,,,,,,,,,,,,,,,,,,,I00774673
Q150126,Q112491213,,,,,,,,,,,,,,,,,,,,,,,,,,,,,,,,,,,,,,,,,,,,,I00714638
Q150127,Q116145987,,,,,,,,,,,,,,,,,,,,,,,,,,,,,,,,,,,,,,,,,,,,,I00736684
Q150128,Q75948433,,,,,,,,,,,,,,,,,,,,,,,,,,,,,,,,,,,,,,,,,p42286.htm#i422853,,,Mynors-12,I00311104
Q150129,Q110428352,,,,,,,,,,,,,,,,,,,,,,,,,,,,,,,,,,,,,,,,,,,,,I00758853
Q150130,Q116470916,,,,,,,,,,,,,,,,,,,,,,,,,,,,,,,,,,,,,,,,,,,,,I00764990
Q150131,Q112491116,,,,,,,,,,,,,,,,,,,,,,,,,,,,,,,,,,,,,,,,,,,,,I00754695
Q150132,Q112490910,,,,,,,,,,,,,,,,,,,,,,,,,,,,,,,,,,,,,,,,,,,,,I00754687
Q150133,Q131741067,,,,,,,,,,,,,,,,,,,,,,,,,,,,,,,,,,,,,,,,,,,,,I00754580
Q150134,Q122260696,,,,,,,,,,,,,,,,,,,,,,,,,,,,,,,,,,,,,,,,,,,,,I00752288
Q150135,Q110560175,,,,,,,,,,,,,,,,,,,,,,,,,,,,,,,,,,,,,,,,,,,,,I00752083
Q150136,Q110560177,,,,,,,,,,,,,,,,,,,,,,,,,,,,,,,,,,,,,,,,,,,,,I00752076
Q150137,Q116469593,,,,,,,,,,,,,,,,,,,,,,,,,,,,,,,,,,,,,,,,,,,,,I00766707
Q150138,Q116469565,,,,,,,,,,,,,,,,,,,,,,,,,,,,,,,,,,,,,,,,,,,,,I00765009
Q150139,Q116470884,,,,,,,,,,,,,,,,,,,,,,,,,,,,,,,,,,,,,,,,,,,,,I00764854
Q150140,Q116470885,,,,,,,,,,,,,,,,,,,,,,,,,,,,,,,,,,,,,,,,,,,,,I00764860
Q150141,Q110621997,,,,,,,,,,,,,,,,,,,,,,,,,,,,,,,,,,,,,,,,,,,,,I00754103
Q150142,Q110621876,,,,,,,,,,,,,,,,,,,,,,,,,,,,,,,,,,,,,,,,,,,,,I00641268
Q150143,Q75527610,,,,,,,,,,,,,,,,,,,,,,,,,,,,,,,,,,,,,,,,,p19565.htm#i195646,,,Altham-54,I00316419
Q150144,Q76099344,,,,,,,,,,189683050,,,,,,,,,,,,,,,,,,,,,,,,,,,,,,,p53007.htm#i530064,,,Clarke-9809,I00316417
Q150145,Q75316116,,,,,,,,,,,,,,,,,,,,,,,,,,,,,,,,,,,,,,,,,p5820.htm#i58199,,,Graham-Clarke-5,
Q150146,Q116482814,,,,,,,,,,,,,,,,,,,,,,,,,,,,,,,,,,,,,,,,,,,,,
Q150147,Q116483680,,,,,,,,,,,,,,,,,,,,,,,,,,,,,,,,,,,,,,,,,,,,Clarke-14322,
Q150148,Q131741073,,,,,,,,,,,,,,,,,,,,,,,,,,,,,,,,,,,,,,,,,,,,,I00724788
Q150149,Q116470951,,,,,,,,,,,,,,,,,,,,,,,,,,,,,,,,,,,,,,,,,,,,,I00683910
Q150150,Q110622005,,,,,,,,,,,,,,,,,,,,,,,,,,,,,,,,,,,,,,,,,,,,,I00714661
Q150151,Q110427976,,,,,,,,,,,,,,,,,,,,,,,,,,,,,,,,,,,,,,,,,,,,,I00700212
Q150152,Q110427960,,,,,,,,,,,,,,,,,,,,,,,,,,,,,,,,,,,,,,,,,,,,,I00366948
Q150153,Q112484713,,,,,,,,,,,,,,,,,,,,,,,,,,,,,,,,,,,,,,,,,,,,,I00752639
Q150154,Q75607452,,,,,,,,,,,,,,,,,,,,,,,,,,,,,,,,,,,,,,,,,p24127.htm#i241261,,,,I00736661
Q150155,Q116470909,,,,,,,,,,,,,,,,,,,,,,,,,,,,,,,,,,,,,,,,,,,,,I00776535
Q150156,Q116812523,,,,,,,,,,,,,,,,,,,,,,,,,,,,,,,,,,,,,,,,,,,,,I00754571
Q150157,Q116469777,,,,,,,,,,,,,,,,,,,,,,,,,,,,,,,,,,,,,,,,,,,,,I00702754
Q150158,Q116469633,,,,,,,,,,,,,,,,,,,,,,,,,,,,,,,,,,,,,,,,,,,,,I00693304
Q150159,Q116469630,,,,,,,,,,,,,,,,,,,,,,,,,,,,,,,,,,,,,,,,,,,,,I00315463
Q150160,Q116469624,,,,,,,,,,,,,,,,,,,,,,,,,,,,,,,,,,,,,,,,,,,,,I00698000
Q150161,Q116469662,,,,,,,,,,,,,,,,,,,,,,,,,,,,,,,,,,,,,,,,,,,,,I00776250
Q150162,Q116469763,,,,,,,,,,,,,,,,,,,,,,,,,,,,,,,,,,,,,,,,,,,,,I00752280
Q150163,Q110413753,,,,,,,,,,,,,,,,,,,,,,,,,,,,,,,,,,,,,,,,,,,,,I00752327
Q150164,Q116469666,,,,,,,,,,,,,,,,,,,,,,,,,,,,,,,,,,,,,,,,,,,,,I00776234
Q150165,Q116469664,,,,,,,,,,,,,,,,,,,,,,,,,,,,,,,,,,,,,,,,,,,,,I00752372
Q150166,Q112610889,,,,,,,,,,,,,,,,,,,,,,,,,,,,,,,,,,,,,,,,,,,,,I00708686
Q150167,Q130359321,,,,,,,,,,,,,,,,,,,,,,,,,,,,,,,,,,,,,,,,,,,,,I00802985
Q150168,Q116146711,,,,,,,,,,,,,,,,,,,,,,,,,,,,,,,,,,,,,,,,,,,,,I00709853
Q150169,Q116155953,,,,,,,,,,,,,,,,,,,,,,,,,,,,,,,,,,,,,,,,,,,,,I00709771
Q150170,Q131347206,,,,,,,,,,,,,,,,,,,,,,,,,,,,,,,,,,,,,,,,,,,,,I00777675
Q150171,Q112643859,,,,,,,,,,,,,,,,,,,,,,,,,,,,,,,,,,,,,,,,,,,,,I00711611
Q150172,Q133461638,,,,,,,,,,,,,,,,,,,,,,,,,,,,,,,,,,,,,,,,,,,,,I00278826
Q150173,Q110413699,,,,,,,,,,,,,,,,,,,,,,,,,,,,,,,,,,,,,,,,,,,,,I00708139
Q150174,Q133461655,,,,,,,,,,,,,,,,,,,,,,,,,,,,,,,,,,,,,,,,,,,,,I00803748
Q150175,Q110413701,,,,,,,,,,,,,,,,,,,,,,,,,,,,,,,,,,,,,,,,,,,,,I00740145
Q150176,Q110413594,,,,,,,,,,,,,,,,,,,,,,,,,,,,,,,,,,,,,,,,,,,,,I00711398
Q150177,Q110413584,,,,,,,,,,,,,,,,,,,,,,,,,,,,,,,,,,,,,,,,,,,,,I00701521
Q150178,Q110413748,,,,,,,,,,,,,,,,,,,,,,,,,,,,,,,,,,,,,,,,,,,,,I00752332
Q150179,Q116469727,,,,,,,,,,,,,,,,,,,,,,,,,,,,,,,,,,,,,,,,,,,,,I00702760
Q150180,Q116469806,,,,,,,,,,,,,,,,,,,,,,,,,,,,,,,,,,,,,,,,,,,,,I00753632
Q150181,Q122260553,,,,,,,,,,,,,,,,,,,,,,,,,,,,,,,,,,,,,,,,,,,,,I00753449
Q150182,Q130359233,,,,,,,,,,,,,,,,,,,,,,,,,,,,,,,,,,,,,,,,,,,,,I00801850
Q150183,Q116470770,,,,,,,,,,,,,,,,,,,,,,,,,,,,,,,,,,,,,,,,,,,,,I00752419
Q150184,Q116470771,,,,,,,,,,,,,,,,,,,,,,,,,,,,,,,,,,,,,,,,,,,,,I00752415
Q150185,Q116469639,,,,,,,,,,,,,,,,,,,,,,,,,,,,,,,,,,,,,,,,,,,,,I00752403
Q150186,Q110585353,,,,,,,,,,,,,,,,,,,,,,,,,,,,,,,,,,,,,,,,,,,,,I00753756
Q150187,Q99071998,,,,,,,,,,,,,,,,,,,,,,,,,,,,,,,,,,,,,,,,,,,,,I00672638
Q150188,Q110585356,,,,,,,,,,,,,,,,,,,,,,,,,,,,,,,,,,,,,,,,,,,,,I00753752
Q150189,Q116054791,,,,,,,,,,,,,,,,,,,,,,,,,,,,,,,,,,,,,,,,,,,,,I00714476
Q150190,Q112610799,,,,,,,,,,,,,,,,,,,,,,,,,,,,,,,,,,,,,,,,,,,,,I00700816
Q150191,Q110290441,,,,,,,,,,,,,,,,,,,,,,,,,,,,,,,,,,,,,,,,,,,,,I00708574
Q150192,Q116477980,,,,,,,,,,,,,,,,,,,,,,,,,,,,,,,,,,,,,,,,,,,,,I00759491
Q150193,Q116055399,,,,,,,,,,,,,,,,,,,,,,,,,,,,,,,,,,,,,,,,,,,,,I00756019
Q150194,Q116147487,,,,,,,,,,,,,,,,,,,,,,,,,,,,,,,,,,,,,,,,,,,,,I00702406
Q150195,Q99067807,,,,,,,,,,,,,,,,,,,,,,,,,,,,,,,,,,,,,,,,,,,,,I00696414
Q150196,Q105819560,,,,,,,,,,,,,,,,,,,,,,,,,,,,,,,,,,,,,,,,,,,,,I00715058
Q150197,Q131741070,,,,,,,,,,,,,,,,,,,,,,,,,,,,,,,,,,,,,,,,,,,,,I00700210
Q150198,Q131741068,,,,,,,,,,,,,,,,,,,,,,,,,,,,,,,,,,,,,,,,,,,,,I00754581
Q150199,Q110410494,,,,,,,,,,,,,,,,,,,,,,,,,,,,,,,,,,,,,,,,,,,,Ap_Morgan-22,I00755624
Q150200,Q131741071,,,,,,,,,,,,,,,,,,,,,,,,,,,,,,,,,,,,,,,,,,,,,I00751667
Q150201,Q110390604,,,,,,,,,,,,,,,,,,,,,,,,,,,,,,,,,,,,,,,,,,,,,I00764739
Q150202,Q116812098,,,,,,,,,,,,,,,,,,,,,,,,,,,,,,,,,,,,,,,,,,,,,I00776452
Q150203,Q127225269,,,,,,,,,,,,,,,,,,,,,,,,,,,,,,,,,,,,,,,,,,,,,I00702935
Q150204,Q99082338,,,,,,,,,,,,,,,,,,,,,,,,,,,,,,,,,,,,,,,,,,,,Ap_Dafydd-60,I00706248
Q150205,Q116812068,,,,,,,,,,,,,,,,,,,,,,,,,,,,,,,,,,,,,,,,,,,,,I00698118
Q150206,Q99800514,,,,,,,,,,,,,,,,,,,,,,,,,,,,,,,,,,,,,,,,,,,,,I00705496
Q150207,Q116145849,,,,,,,,,,,,,,,,,,,,,,,,,,,,,,,,,,,,,,,,,,,,,I00732603
Q150208,Q112643909,,,,,,,,,,,,,,,,,,,,,,,,,,,,,,,,,,,,,,,,,,,,,I00711649
Q150209,Q112643893,,,,,,,,,,,,,,,,,,,,,,,,,,,,,,,,,,,,,,,,,,,,,I00697201
Q150210,Q116468835,,,,,,,,,,,,,,,,,,,,,,,,,,,,,,,,,,,,,,,,,,,,,I00709914
Q150211,Q130359017,,,,,,,,,,,,,,,,,,,,,,,,,,,,,,,,,,,,,,,,,,,,,I00696298
Q150212,Q130358440,,,,,,,,,,,,,,,,,,,,,,,,,,,,,,,,,,,,,,,,,,,,,I00789128
Q150213,Q130358373,,,,,,,,,,,,,,,,,,,,,,,,,,,,,,,,,,,,,,,,,,,,,I00802818
Q150214,Q130359311,,,,,,,,,,,,,,,,,,,,,,,,,,,,,,,,,,,,,,,,,,,,,I00802984
Q150215,Q131138478,,,,,,,,,,,,,,,,,,,,,,,,,,,,,,,,,,,,,,,,,,,,,I00803151
Q150216,Q131138441,,,,,,,,,,,,,,,,,,,,,,,,,,,,,,,,,,,,,,,,,,,,,I00803144
Q150217,Q110413136,,,,,,,,,,,,,,,,,,,,,,,,,,,,,,,,,,,,,,,,,,,,,I00706528
Q150218,Q116146025,,,,,,,,,,,,,,,,,,,,,,,,,,,,,,,,,,,,,,,,,,,,,I00774708
Q150219,Q116146027,,,,,,,,,,,,,,,,,,,,,,,,,,,,,,,,,,,,,,,,,,,,,I00774702
Q150220,Q127413871,,,,,,,,,,,,,,,,,,,,,,,,,,,,,,,,,,,,,,,,,,,,,I00759928
Q150221,Q110622075,,,,,,,,,,,,,,,,,,,,,,,,,,,,,,,,,,,,,,,,,,,,,I00753611
Q150222,Q110622076,,,,,,,,,,,,,,,,,,,,,,,,,,,,,,,,,,,,,,,,,,,,,I00753613
Q150223,Q101246422,,,,,,,,,,,,,,,,,,,,,,,,,,,,,,,,,,,,,,,,,,,,,I00700349
Q150224,Q129168309,,,,,,,,,,,,,,,,,,,,,,,,,,,,,,,,,,,,,,,,,,,,,I00776363
Q150225,Q116052967,,,,,,,,,,,,,,,,,,,,,,,,,,,,,,,,,,,,,,,,,,,,Ap_Cynan-18,I00777858
Q150226,Q110622317,,,,,,,,,,,,,,,,,,,,,,,,,,,,,,,,,,,,,,,,,,,,,I00759126
Q150227,Q116055042,,,,,,,,,,,,,,,,,,,,,,,,,,,,,,,,,,,,,,,,,,,,,I00753944
Q150228,Q116055028,,,,,,,,,,,,,,,,,,,,,,,,,,,,,,,,,,,,,,,,,,,,Dyfed-5,I00561509
Q150229,Q116055030,,,,,,,,,,,,,,,,,,,,,,,,,,,,,,,,,,,,,,,,,,,,,I00586436
Q150230,Q116055032,,,,,,,,,,,,,,,,,,,,,,,,,,,,,,,,,,,,,,,,,,,,,I00707415
Q150231,Q131346735,,,,,,,,,,,,,,,,,,,,,,,,,,,,,,,,,,,,,,,,,,,,,I00777740
Q150232,Q130340852,,,,,,,,,,,,,,,,,,,,,,,,,,,,,,,,,,,,,,,,,,,,,I00760433
Q150233,Q130340848,,,,,,,,,,,,,,,,,,,,,,,,,,,,,,,,,,,,,,,,,,,,,I00708366
Q150234,Q130359179,,,,,,,,,,,,,,,,,,,,,,,,,,,,,,,,,,,,,,,,,,,,,I00710057
Q150235,Q131346727,,,,,,,,,,,,,,,,,,,,,,,,,,,,,,,,,,,,,,,,,,,,,I00777749
Q150236,Q116147864,,,,,,,,,,,,,,,,,,,,,,,,,,,,,,,,,,,,,,,,,,,,,I00755758
Q150237,Q99302427,,,,,,,,,,,,,,,,,,,,,,,,,,,,,,,,,,,,,,,,,,,,,I00706577
Q150238,Q99302425,,,,,,,,,,,,,,,,,,,,,,,,,,,,,,,,,,,,,,,,,,,,,I00701069
Q150239,Q106703979,,,,,,,,,,,,,,,,,,,,,,,,,,,,,,,,,,,,,,,,,,,,,I00705708
Q150240,Q110388702,,,,,,,,,,,,,,,,,,,,,,,,,,,,,,,,,,,,,,,,,,,,,I00696263
Q150241,Q110412974,,,,,,,,,,,,,,,,,,,,,,,,,,,,,,,,,,,,,,,,,,,,,I00706493
Q150242,Q110413579,,,,,,,,,,,,,,,,,,,,,,,,,,,,,,,,,,,,,,,,,,,,,I00708284
Q150243,Q110583442,,,,,,,,,,,,,,,,,,,,,,,,,,,,,,,,,,,,,,,,,,,,,I00639676
Q150244,Q112643821,,,,,,,,,,,,,,,,,,,,,,,,,,,,,,,,,,,,,,,,,,,,,I00711563
Q150245,Q117306109,,,,,,,,,,,,,,,,,,,,,,,,,,,,,,,,,,,,,,,,,,,,,I00775567
Q150246,Q133461336,,,,,,,,,,,,,,,,,,,,,,,,,,,,,,,,,,,,,,,,,,,,,I00708412
Q150247,Q130339236,,,,,,,,,,,,,,,,,,,,,,,,,,,,,,,,,,,,,,,,,,,,,I00711836
Q150248,Q110585251,,,,,,,,,,,,,,,,,,,,,,,,,,,,,,,,,,,,,,,,,,,,,I00708248
Q150249,Q116054795,,,,,,,,,,,,,,,,,,,,,,,,,,,,,,,,,,,,,,,,,,,,,I00708764
Q150250,Q116146958,,,,,,,,,,,,,,,,,,,,,,,,,,,,,,,,,,,,,,,,,,,,,I00711630
Q150251,Q99302462,,,,,,,,,,,,,,,,,,,,,,,,,,,,,,,,,,,,,,,,,,,,,I00706364
Q150252,Q75958887,,,,,,,,,,,,,,,,,,,,,,,,,,,,,,,,,,,,,,,,,p43051.htm#i430510,,,,I00691932
Q150253,Q110067764,,,,,,,,,,,,,,,,,,,,,,,,,,,,,,,,,,,,,,,,,,,,,I00713169
Q150254,Q110414095,,,,,,,,,,,,,,,,,,,,,,,,,,,,,,,,,,,,,,,,,,,,,I00753933
Q150255,Q116054790,,,,,,,,,,,,,,,,,,,,,,,,,,,,,,,,,,,,,,,,,,,,,I00714472
Q150256,Q112643817,,,,,,,,,,,,,,,,,,,,,,,,,,,,,,,,,,,,,,,,,,,,,I00711560
Q150257,Q110636836,,,,,,,,,,,,,,,,,,,,,,,,,,,,,,,,,,,,,,,,,,,,,I00757588
Q150258,Q130359092,,,,,,,,,,,,,,,,,,,,,,,,,,,,,,,,,,,,,,,,,,,,,I00790100
Q150259,Q99211669,,,,,,,,,,,,,,,,,,,,,,,,,,,,,,,,,,,,,,,,,,,,Kemeys-33,I00714349
Q150260,Q100900837,,,,,,,,,,,,,,,,,,,,,,,,,,,,,,,,,,,,,,,,,,,,,I00221438
Q150261,Q56489425,,,,,,,,,,,,,,,,,,,,,,,,,,,,,,,,,,,,,,,,,p4725.htm#i47243|p930.htm#i9297,,,FitzPiers-71,I00075125
Q150262,Q106703508,,,,,,,,,,,,,,,,,,,,,,,,,,,,,,,,,,,,,,,,,,,,,I00287606
Q150263,Q116178116,,,,,,,,,,,,,,,,,,,,,,,,,,,,,,,,,,,,,,,,,,,,Mainwaring-57,I00221512
Q150264,Q107275316,,,,,,,,,,,,,,,,,,,,,,,,,,,,,,,,,,,,,,,,,,,,,I00632597
Q150265,Q75579508,,,,,,,,,,,,,,,,,,,,,,,,,,,,,,,,,,,,,,,,,p22388.htm#i223877,,,Belward-2,I00632598
Q150266,Q75579509,,,,,,,,,,,,,,,,,,,,,,,,,,,,,,,,,,,,,,,,,p22388.htm#i223878,,,,I00632600
Q150267,Q75580198,,,,,,,,,,,,,,,,,,,,,,,,,,,,,,,,,,,,,,,,,p22425.htm#i224249,,,Malpas-29,
Q150268,Q75580201,,,,,,,,,,,,,,,,,,,,,,,,,,,,,,,,,,,,,,,,,p22425.htm#i224250,,,,
Q150269,Q116156537,,,,,,,,,,,,,,,,,,,,,,,,,,,,,,,,,,,,,,,,,,,,,I00753008
Q150270,Q116478392,,,,,,,,,,,,,,,,,,,,,,,,,,,,,,,,,,,,,,,,,,,,,I00751559
Q150271,Q76281199,,,,,,,,,,,,,,,,,,,,,,,,,,,,,,,,,,,,,,,,,p65968.htm#i659671,,,,
Q150272,Q76281200,,,,,,,,,,,,,,,,,,,,,,,,,,,,,,,,,,,,,,,,,p65968.htm#i659672,,,,
Q150273,Q76281203,,,,,,,,,,,,,,,,,,,,,,,,,,,,,,,,,,,,,,,,,p65968.htm#i659674,,,,
Q150274,Q76281170,,,,,,,,,,,,,,,,,,,,,,,,,,,,,,,,,,,,,,,,,p65965.htm#i659650,,,,
Q150275,Q76215126,,,,,,,,,,,,,,,,,,,,,,,,,,,,,,,,,,,,,,,,,p61057.htm#i610569,"Efa_ferch_Gruffudd_""Fychan""_(1)",,,I00465388
Q150276,Q76048561,,,,,,,,,,,,,,,,,,,,,,,,,,,,,,,,,,,,,,,,,p49391.htm#i493902,,,Ferch_Maredudd-17,I00699780
Q150277,Q7351373,,,,,,,,,,,,,,,,,,,,,,,,,,,,,,,,,,,,,,,,,p61058.htm#i610576,Robert_Ap_Meredydd_(1),,Ap_Maredudd-14,I00499070
Q150278,Q99070350,,,,,,,,,,,,,,,,,,,,,,,,,,,,,,,,,,,,,,,,,,,,,I00706064
Q150279,Q110636843,,,,,,,,,,,,,,,,,,,,,,,,,,,,,,,,,,,,,,,,,,,,,I00762396
Q150280,Q116477910,,,,,,,,,,,,,,,,,,,,,,,,,,,,,,,,,,,,,,,,,,,,,I00775872
Q150281,Q110290485,,,,,,,,,,,,,,,,,,,,,,,,,,,,,,,,,,,,,,,,,,,,,I00696587
Q150282,Q112573729,,,,,,,,,,,,,,,,,,,,,,,,,,,,,,,,,,,,,,,,,,,,,I00712033
Q150283,Q116147475,,,,,,,,,,,,,,,,,,,,,,,,,,,,,,,,,,,,,,,,,,,,,I00714933
Q150284,Q116478507,,,,,,,,,,,,,,,,,,,,,,,,,,,,,,,,,,,,,,,,,,,,,I00755824
Q150285,Q110636462,,,,,,,,,,,,,,,,,,,,,,,,,,,,,,,,,,,,,,,,,,,,,I00751808
Q150286,Q116155833,,,,,,,,,,,,,,,,,,,,,,,,,,,,,,,,,,,,,,,,,,,,,I00750056
Q150287,Q133461641,,,,,,,,,,,,,,,,,,,,,,,,,,,,,,,,,,,,,,,,,,,,,I00709812
Q150288,Q110413559,,,,,,,,,,,,,,,,,,,,,,,,,,,,,,,,,,,,,,,,,,,,,I00709055
Q150289,Q110413555,,,,,,,,,,,,,,,,,,,,,,,,,,,,,,,,,,,,,,,,,,,,,I00711376
Q150290,Q130358536,,,,,,,,,,,,,,,,,,,,,,,,,,,,,,,,,,,,,,,,,,,,,I00708746
Q150291,Q131347198,,,,,,,,,,,,,,,,,,,,,,,,,,,,,,,,,,,,,,,,,,,,,I00795964
Q150292,Q110635438,,,,,,,,,,,,,,,,,,,,,,,,,,,,,,,,,,,,,,,,,,,,,I00761365
Q150293,Q99071777,,,,,,,,,,,,,,,,,,,,,,,,,,,,,,,,,,,,,,,,,,,,,I00705963
Q150294,Q99069852,,,,,,,,,,,,,,,,,,,,,,,,,,,,,,,,,,,,,,,,,,,,,I00696167
Q150295,Q99070596,,,,,,,,,,,,,,,,,,,,,,,,,,,,,,,,,,,,,,,,,,,,,I00696150
Q150296,Q117306719,,,,,,,,,,,,,,,,,,,,,,,,,,,,,,,,,,,,,,,,,,,,,I00708556
Q150297,Q130344028,,,,,,,,,,,,,,,,,,,,,,,,,,,,,,,,,,,,,,,,,,,,,I00759511
Q150298,Q110290322,,,,,,,,,,,,,,,,,,,,,,,,,,,,,,,,,,,,,,,,,,,,,I00710025
Q150299,Q96244010,,,,,,,,,,,,,,,,,,,,,,,,,,,,,,,,,,,,,,,,,,,,,I00702412
Q150300,Q116148116,,,,,,,,,,,,,,,,,,,,,,,,,,,,,,,,,,,,,,,,,,,,,I00750695
Q150301,Q117307161,,,,,,,,,,,,,,,,,,,,,,,,,,,,,,,,,,,,,,,,,,,,,I00758783
Q150302,Q105814351,,,,,,,,,,,,,,,,,,,,,,,,,,,,,,,,,,,,,,,,,,,,,I00701568
Q150303,Q110441355,,,,,,,,,,,,,,,,,,,,,,,,,,,,,,,,,,,,,,,,,,,,,I00446896
Q150304,Q110441372,,,,,,,,,,,,,,,,,,,,,,,,,,,,,,,,,,,,,,,,,,,,,I00755632
Q150305,Q105803227,,,,,,,,,,,,,,,,,,,,,,,,,,,,,,,,,,,,,,,,,,,,,I00699781
Q150306,Q76048570,,,,,,,,,,,,,,,,,,,,,,,,,,,,,,,,,,,,,,,,,p49391.htm#i493908,,,Stanley-1209,I00232530
Q150307,Q116147967,,,,,,,,,,,,,,,,,,,,,,,,,,,,,,,,,,,,,,,,,,,,,I00764517
Q150308,Q116148156,,,,,,,,,,,,,,,,,,,,,,,,,,,,,,,,,,,,,,,,,,,,,I00701580
Q150309,Q116147483,,,,,,,,,,,,,,,,,,,,,,,,,,,,,,,,,,,,,,,,,,,,,I00697751
Q150310,Q110290739,,,,,,,,,,,,,,,,,,,,,,,,,,,,,,,,,,,,,,,,,,,,,I00750412
Q150311,Q110290744,,,,,,,,,,,,,,,,,,,,,,,,,,,,,,,,,,,,,,,,,,,,,I00696577
Q150312,Q116115681,,,,,,,,,,,,,,,,,,,,,,,,,,,,,,,,,,,,,,,,,,,,,I00715060
Q150313,Q116147452,,,,,,,,,,,,,,,,,,,,,,,,,,,,,,,,,,,,,,,,,,,,,I00697747
Q150314,Q116147481,,,,,,,,,,,,,,,,,,,,,,,,,,,,,,,,,,,,,,,,,,,,,I00714941
Q150315,Q110290454,,,,,,,,,,,,,,,,,,,,,,,,,,,,,,,,,,,,,,,,,,,,,I00708147
Q150316,Q105803196,,,,,,,,,,,,,,,,,,,,,,,,,,,,,,,,,,,,,,,,,,,,,I00749603
Q150317,Q116147170,,,,,,,,,,,,,,,,,,,,,,,,,,,,,,,,,,,,,,,,,,,,,I00708173
Q150318,Q110663111,,,,,,,,,,,,,,,,,,,,,,,,,,,,,,,,,,,,,,,,,,,,,I00759502
Q150319,Q105814348,,,,,,,,,,,,,,,,,,,,,,,,,,,,,,,,,,,,,,,,,,,,,I00697757
Q150320,Q116147187,,,,,,,,,,,,,,,,,,,,,,,,,,,,,,,,,,,,,,,,,,,,,I00702407
Q150321,Q122364433,,,,,,,,,,,,,,,,,,,,,,,,,,,,,,,,,,,,,,,,,,,,,I00759523
Q150322,Q122364397,,,,,,,,,,,,,,,,,,,,,,,,,,,,,,,,,,,,,,,,,,,,,I00753987
Q150323,Q130340288,,,,,,,,,,,,,,,,,,,,,,,,,,,,,,,,,,,,,,,,,,,,,I00775335
Q150324,Q99211851,,,,,,,,,,,,,,,,,,,,,,,,,,,,,,,,,,,,,,,,,,,,Somerville-142,I00433072
Q150325,Q99211854,,,,,,,,,,,,,,,,,,,,,,,,,,,,,,,,,,,,,,,,,,,,Merlay-5,I00433073
Q150326,Q116058367,,,,,,,,,,,,,,,,,,,,,,,,,,,,,,,,,,,,,,,,,,,,Pype-2,I00674033
Q150327,Q116058368,,,,,,,,,,,,,,,,,,,,,,,,,,,,,,,,,,,,,,,,,,,,Jarpenville-4,I00679913
Q150328,Q99154393,,,,,,,,,,,,,,,,,,,,,,,,,,,,,,,,,,,,,,,,,,,,Stackpole-7,I00674066
Q150329,Q99154411,,,,,,,,,,,,,,,,,,,,,,,,,,,,,,,,,,,,,,,,,,,,,I00707615
Q150330,Q76200396,,,,,,,,,,,,,,,,,,,,,,,,,,,,,,,,,,,,,,,,,p59949.htm#i599486,,,Vernon-241,I00252407
Q150331,Q76200397,,,,,,,,,,,,,,,,,,,,,,,,,,,,,,,,,,,,,,,,,p59949.htm#i599487,,,Pembrugge-11,I00252408
Q150332,Q76200403,,,,,,,,,,,,,,,,,,,,,,,,,,,,,,,,,,,,,,,,,p59950.htm#i599492,,,,I00128050
Q150333,Q18811426,,,,,,,,,,,,,,,,,,,,,,,,,,,,,,,,,,,,,,,,,p52277.htm#i522762,,,Vernon-25,I00072634
Q150334,Q104473202,,,,,,,,,,,,,,,,,,,,,,,,,,,,,,,,,,,,,,,,,,,,,I00429693
Q150335,Q75771975,,,,,,,,,,,,,,,,,,,,,,,,,,,,,,,,,,,,,,,,,p32615.htm#i326143,,,Vernon-432,I00696063
Q150336,Q104484458,,,,,,,,,,,,,,,,,,,,,,,,,,,,,,,,,,,,,,,,,,,,Vernon-15,I00052436
Q150337,Q111466276,,,,,,,,,,,,,,,,,,,,,,,,,,,,,,,,,,,,,,,,,,,,,I00177382
Q150338,Q18810612,,,,,,,,,,,,,,,,,,,,,,,,,,,,,,,,,,,,,,,,,p36904.htm#i369037,,,Montfort-156,I00200022
Q150339,Q75775022,,,,,,,,,,,,,,,,,,,,,,,,,,,,,,,,,,,,,,,,,p32769.htm#i327690,,,Montfort-153,I00200024
Q150340,Q16227753,,,,,,,,,,,,,,,,,,,,,,,,,,,,,,,,,,,,,,,,,,,,,I00236533
Q150341,Q104473606,,,,,,,,,,,,,,,,,,,,,,,,,,,,,,,,,,,,,,,,,,,,Zouche-133,I00712798
Q150342,Q104473608,,,,,,,,,,,,,,,,,,,,,,,,,,,,,,,,,,,,,,,,,,,,Blount-118,I00433078
Q150343,Q75866512,,,,,,,,,,,,,,,,,,,,,,,,,,,,,,,,,,,,,,,,,p36641.htm#i366401,,,Griffith-22,I00148338
Q150344,Q111505552,,,,,,,,,,,,,,,,,,,,,,,,,,,,,,,,,,,,,,,,,,,,Griffith-2766,I00565272
Q150345,Q112382736,,,,,,,,,,,,,,,,,,,,,,,,,,,,,,,,,,,,,,,,,,,,Griffith-687,I00108614
Q150346,Q105771259,,,,,,,,,,,,,,,,,,,,,,,,,,,,,,,,,,,,,,,,,,,,,I00263737
Q150347,Q99080938,,,,,,,,,,,,,,,,,,,,,,,,,,,,,,,,,,,,,,,,,,,,,I00707791
Q150348,Q99069768,,,,,,,,,,,,,,,,,,,,,,,,,,,,,,,,,,,,,,,,,,,,Cadwgan-4,I00616108
Q150349,Q112643787,,,,,,,,,,,,,,,,,,,,,,,,,,,,,,,,,,,,,,,,,,,,,I00711423
Q150350,Q105814220,,,,,,,,,,,,,,,,,,,,,,,,,,,,,,,,,,,,,,,,,,,,,I00750296
Q150351,Q133461328,,,,,,,,,,,,,,,,,,,,,,,,,,,,,,,,,,,,,,,,,,,,,I00768367
Q150352,Q116478718,,,,,,,,,,,,,,,,,,,,,,,,,,,,,,,,,,,,,,,,,,,,,I00755131
Q150353,Q116155940,,,,,,,,,,,,,,,,,,,,,,,,,,,,,,,,,,,,,,,,,,,,,I00754441
Q150354,Q116147693,,,,,,,,,,,,,,,,,,,,,,,,,,,,,,,,,,,,,,,,,,,,,I00750799
Q150355,Q116477825,,,,,,,,,,,,,,,,,,,,,,,,,,,,,,,,,,,,,,,,,,,,,I00749972
Q150356,Q110413580,,,,,,,,,,,,,,,,,,,,,,,,,,,,,,,,,,,,,,,,,,,,,I00711389
Q150357,Q116108880,,,,,,,,,,,,,,,,,,,,,,,,,,,,,,,,,,,,,,,,,,,,,I00700333
Q150358,Q99075797,,,,,,,,,,,,,,,,,,,,,,,,,,,,,,,,,,,,,,,,,,,,,I00749208
Q150359,Q99070237,,,,,,,,,,,,,,,,,,,,,,,,,,,,,,,,,,,,,,,,,,,,,I00696907
Q150360,Q110290213,,,,,,,,,,,,,,,,,,,,,,,,,,,,,,,,,,,,,,,,,,,,,I00696158
Q150361,Q110290595,,,,,,,,,,,,,,,,,,,,,,,,,,,,,,,,,,,,,,,,,,,,,I00749970
Q150362,Q110441759,,,,,,,,,,,,,,,,,,,,,,,,,,,,,,,,,,,,,,,,,,,,,I00750931
Q150363,Q96244053,,,,,,,,,,,,,,,,,,,,,,,,,,,,,,,,,,,,,,,,,,,,,I00400584
Q150364,Q110441502,,,,,,,,,,,,,,,,,,,,,,,,,,,,,,,,,,,,,,,,,,,,,I00750686
Q150365,Q110636503,,,,,,,,,,,,,,,,,,,,,,,,,,,,,,,,,,,,,,,,,,,,,I00749607
Q150366,Q117306899,,,,,,,,,,,,,,,,,,,,,,,,,,,,,,,,,,,,,,,,,,,,,I00759761
Q150367,Q117306897,,,,,,,,,,,,,,,,,,,,,,,,,,,,,,,,,,,,,,,,,,,,,I00759752
Q150368,Q76273227,,,,,,,,,,,,,,,,,,,,,,,,,,,,,,,,,,,,,,,,,p65427.htm#i654265,,,Ferch_Gruffudd-26,I00264441
Q150369,Q116477676,,,,,,,,,,,,,,,,,,,,,,,,,,,,,,,,,,,,,,,,,,,,,I00754828
Q150370,Q110441345,,,,,,,,,,,,,,,,,,,,,,,,,,,,,,,,,,,,,,,,,,,,,I00749198
Q150371,Q110636585,,,,,,,,,,,,,,,,,,,,,,,,,,,,,,,,,,,,,,,,,,,,,I00706147
Q150372,Q130338977,,,,,,,,,,,,,,,,,,,,,,,,,,,,,,,,,,,,,,,,,,,,,I00760867
Q150373,Q110636580,,,,,,,,,,,,,,,,,,,,,,,,,,,,,,,,,,,,,,,,,,,,,I00706140
Q150374,Q75961224,,,,,,,,,,,,,,,,,,,,,,,,,,,,,,,,,,,,,,,,,p43221.htm#i432208,,,,I00706134
Q150375,Q75961232,,,,,,,,,,,,,,,,,,,,,,,,,,,,,,,,,,,,,,,,,p43222.htm#i432214,,,,I00696164
Q150376,Q75961234,,,,,,,,,,,,,,,,,,,,,,,,,,,,,,,,,,,,,,,,,p43222.htm#i432215,,,Ap_Llywelyn-35,I00691858
Q150377,Q110290362,,,,,,,,,,,,,,,,,,,,,,,,,,,,,,,,,,,,,,,,,,,,,I00749449
Q150378,Q110290123,,,,,,,,,,,,,,,,,,,,,,,,,,,,,,,,,,,,,,,,,,,,,I00702702
Q150379,Q110441495,,,,,,,,,,,,,,,,,,,,,,,,,,,,,,,,,,,,,,,,,,,,,I00728548
Q150380,Q110441720,,,,,,,,,,,,,,,,,,,,,,,,,,,,,,,,,,,,,,,,,,,,,I00751214
Q150381,Q76215140,,,,,,,,,,,,,,,,,,,,,,,,,,,,,,,,,,,,,,,,,p61058.htm#i610580,,,,I00701577
Q150382,Q110290182,,,,,,,,,,,,,,,,,,,,,,,,,,,,,,,,,,,,,,,,,,,,,I00753021
Q150383,Q116146840,,,,,,,,,,,,,,,,,,,,,,,,,,,,,,,,,,,,,,,,,,,,,I00759903
Q150384,Q130358589,,,,,,,,,,,,,,,,,,,,,,,,,,,,,,,,,,,,,,,,,,,,,I00802858
Q150385,Q130358443,,,,,,,,,,,,,,,,,,,,,,,,,,,,,,,,,,,,,,,,,,,,,I00802811
Q150386,Q96311960,,,,,,,,,,,,,,,,,,,,,,,,,,,,,,,,,,,,,,,,,,,,Ap_Iorwerth-34,I00387964
Q150387,Q116147217,,,,,,,,,,,,,,,,,,,,,,,,,,,,,,,,,,,,,,,,,,,,,I00758420
Q150388,Q116147215,,,,,,,,,,,,,,,,,,,,,,,,,,,,,,,,,,,,,,,,,,,,,I00758418
Q150389,Q96304867,,,,,,,,,,,,,,,,,,,,,,,,,,,,,,,,,,,,,,,,,,Henry_Jones_(36),,Johnes-9,I00117663
Q150390,Q96304871,,,,,,,,,,,,,,,,,,,,,,,,,,,,,,,,,,,,,,,,,,,,,I00117664
Q150391,Q75963089,,,,,,,,,,,,,,,,,,,,,,,,,,,,,,,,,,,,,,,,,p43353.htm#i433523,,,Jones-89833,
Q150392,Q76025823,,,,,,,,,,,,,,,,,,,,,,,,,,,,,,,,,,,,,,,,,p47680.htm#i476793,,,Jones-89835,
Q150393,Q76025824,,,,,,,,,,,,,,,,,,,,,,,,,,,,,,,,,,,,,,,,,p47680.htm#i476794,,,Johnes-7,I00560026
Q150394,Q110623904,,,,,,,,,,,,,,,,,,,,,,,,,,,,,,,,,,,,,,,,,,,,,I00531240
Q150395,Q110623906,,,,,,,,,,,,,,,,,,,,,,,,,,,,,,,,,,,,,,,,,,,,,I00587842
Q150396,Q116027261,,,,,,,,,,,,,,,,,,,,,,,,,,,,,,,,,,,,,,,,,,,,,I00587847
Q150397,Q96304877,,,,,,,,,,,,,,,,,,,,,,,,,,,,,,,,,,,,,,,,,,,,Puleston-25,I00560094
Q150398,Q96304881,,,,,,,,,,,,,,,,,,,,,,,,,,,,,,,,,,,,,,,,,,,,,I00560095
Q150399,Q116474657,,,,,,,,,,,,,,,,,,,,,,,,,,,,,,,,,,,,,,,,,,,,,I00756255
Q150400,Q105814328,,,,,,,,,,,,,,,,,,,,,,,,,,,,,,,,,,,,,,,,,,,,,I00750339
Q150401,Q105814322,,,,,,,,,,,,,,,,,,,,,,,,,,,,,,,,,,,,,,,,,,,,,I00750180
Q150402,Q116474665,,,,,,,,,,,,,,,,,,,,,,,,,,,,,,,,,,,,,,,,,,,,,I00756298
Q150403,Q117307162,,,,,,,,,,,,,,,,,,,,,,,,,,,,,,,,,,,,,,,,,,,,,I00747978
Q150404,Q117306896,,,,,,,,,,,,,,,,,,,,,,,,,,,,,,,,,,,,,,,,,,,,,I00759750
Q150405,Q130340745,,,,,,,,,,,,,,,,,,,,,,,,,,,,,,,,,,,,,,,,,,,,,I00745024
Q150406,Q76188043,,,,,,,,,,,,,,,,,,,,,,,,,,,,,,,,,,,,,,,,,p59111.htm#i591110,,,,I00745022
Q150407,Q130358493,,,,,,,,,,,,,,,,,,,,,,,,,,,,,,,,,,,,,,,,,,,,,I00774853
Q150408,Q130358486,,,,,,,,,,,,,,,,,,,,,,,,,,,,,,,,,,,,,,,,,,,,,I00761369
Q150409,Q23062937,,,,,,,,,,,,,,,,,,,,,,,,,,,,,,,,,,,,,,,,,,,,,
Q150410,Q99067196,,,,,,,,,,,,,,,,,,,,,,,,,,,,,,,,,,,,,,,,,,,,Vaughan-1909,I00322467
Q150411,Q116470846,,,,,,,,,,,,,,,,,,,,,,,,,,,,,,,,,,,,,,,,,,,,,I00764857
Q150412,Q127225236,,,,,,,,,,,,,,,,,,,,,,,,,,,,,,,,,,,,,,,,,,,,,I00698101
Q150413,Q129168282,,,,,,,,,,,,,,,,,,,,,,,,,,,,,,,,,,,,,,,,,,,,,I00776358
Q150414,Q76277826,,,,,,,,,,,,,,,,,,,,,,,,,,,,,,,,,,,,,,,,,p65765.htm#i657643,,,Vaughan-476,I00322466
Q150415,Q76084746,,,,,,,,,,,,,,,,,,,,,,,,,,,,,,,,,,,,,,,,,p51970.htm#i519698,,,Vaughan-2350,I00697210
Q150416,Q105819540,,,,,,,,,,,,,,,,,,,,,,,,,,,,,,,,,,,,,,,,,,,,,I00346728
Q150417,Q110390632,,,,,,,,,,,,,,,,,,,,,,,,,,,,,,,,,,,,,,,,,,,,,I00764732
Q150418,Q116027273,,,,,,,,,,,,,,,,,,,,,,,,,,,,,,,,,,,,,,,,,,,,,I00693390
Q150419,Q116812361,,,,,,,,,,,,,,,,,,,,,,,,,,,,,,,,,,,,,,,,,,,,,I00777293
Q150420,Q116812362,,,,,,,,,,,,,,,,,,,,,,,,,,,,,,,,,,,,,,,,,,,,,I00777294
Q150421,Q116812241,,,,,,,,,,,,,,,,,,,,,,,,,,,,,,,,,,,,,,,,,,,,,I00777381
Q150422,Q110428544,,,,,,,,,,,,,,,,,,,,,,,,,,,,,,,,,,,,,,,,,,,,,I00715264
Q150423,Q105814278,,,,,,,,,,,,,,,,,,,,,,,,,,,,,,,,,,,,,,,,,,,,,I00698152
Q150424,Q133462309,,,,,,,,,,,,,,,,,,,,,,,,,,,,,,,,,,,,,,,,,,,,,I00706832
Q150425,Q105819547,,,,,,,,,,,,,,,,,,,,,,,,,,,,,,,,,,,,,,,,,,,,,I00636980
Q150426,Q116812058,,,,,,,,,,,,,,,,,,,,,,,,,,,,,,,,,,,,,,,,,,,,,I00776292
Q150427,Q110560393,,,,,,,,,,,,,,,,,,,,,,,,,,,,,,,,,,,,,,,,,,,,,I00759043
Q150428,Q110622193,,,,,,,,,,,,,,,,,,,,,,,,,,,,,,,,,,,,,,,,,,,,,I00714627
Q150429,Q130358454,,,,,,,,,,,,,,,,,,,,,,,,,,,,,,,,,,,,,,,,,,,,,I00801854
Q150430,Q112610957,,,,,,,,,,,,,,,,,,,,,,,,,,,,,,,,,,,,,,,,,,,,,I00700861
Q150431,Q130358593,,,,,,,,,,,,,,,,,,,,,,,,,,,,,,,,,,,,,,,,,,,,,I00802860
Q150432,Q27881213,,,,,,,,,,,,,,,,,,,,,,,,,,,1320404,,,,,,,,,,,,,,p22804.htm#i228031,John_Clinton_(2),,Clinton-213,I00198210
Q150433,Q75492417,,,,,,,,,,,,,,,,,,,,,,,,,,,,,,,,,,,,,,,,,p17480.htm#i174799,,,Clinton-222,I00112089
Q150434,Q76018949,,,,,,,,LTNB-JXV,,,,,,,,,,,,,,,,,,,,,,,,,,,,,,,,,p47158.htm#i471572,,,Morgan-850,I00282844
Q150435,Q76018999,,,,,,,,LZZK-1PB,,,,,,,,,,,,,,,,,,,,,,,,,,,,,,,,,p47160.htm#i471599,,,Morgan-3143,
Q150436,Q105821168,,,,,,,,K8CC-D7G,,,,,,,,,,,,,,,,,,,,,,,,,,,,,,,,,,,,Morgan-9504,I00346954
Q150437,Q112963841,,,,,,,,,,,,,,,,,,,,,,,,,,,,,,,,,,,,,,,,,,,,Morgan-22620,I00752626
Q150438,Q108912890,,,,,,,,,,,,,,,,,,,,,,,,,,,,,,,,,,,,,,,,,,,,,I00736659
Q150439,Q76018980,,,,,,,,,,,,,,,,,,,,,,,,,,,,,,,,,,,,,,,,,p47160.htm#i471593,,,,
Q150440,Q76018996,,,,,,,,,,,,,,,,,,,,,,,,,,,,,,,,,,,,,,,,,p47160.htm#i471595,,,,
Q150441,Q112484729,,,,,,,,,,,,,,,,,,,,,,,,,,,,,,,,,,,,,,,,,,,,,I00699535
Q150442,Q110559666,,,,,,,,,,,,,,,,,,,,,,,,,,,,,,,,,,,,,,,,,,,,,I00713969
Q150443,Q116812537,,,,,,,,,,,,,,,,,,,,,,,,,,,,,,,,,,,,,,,,,,,,,I00752662
Q150444,Q110621955,,,,,,,,,,,,,,,,,,,,,,,,,,,,,,,,,,,,,,,,,,,,,I00748531
Q150445,Q99083987,,,,,,,,,,,,,,,,,,,,,,,,,,,,,,,,,,,,,,,,,,,,Welsh-138,I00700195
Q150446,Q99084024,,,,,,,,,,,,,,,,,,,,,,,,,,,,,,,,,,,,,,,,,,,,,I00700196
Q150447,Q75431509,,,,,,,,,,,,,,,,,,,,,,,,,,,,,,,,,,,,,,,,,p13750.htm#i137499|p41264.htm#i412638,,,St_John-158,I00109144
Q150448,Q29029638,,,,,,,,,,,,,,,,,,,,,,,,,,,,,,,,,,,,,,,,,p2758.htm#i27580,,,St_John-186,I00076291
Q150449,Q76153416,,,,,,,,,,,,,,,,,,I5975,,,,,,,,,,,,,,,,,,,,,,,p56751.htm#i567506,,,St_John-414,I00247759
Q150450,Q76260437,,,,,,,,,,,,,,,,,,I3808,,,,,,,,,,,,,,,,,,,,,,,p64446.htm#i644458,,,St_John-110,I00167922
Q150451,Q75905283,,,,,,,,,,,,,,,,,,,,,,,,,,,,,,,,,,,,,,,,,p39435.htm#i394342,,,St_John-113,I00311099
Q150452,Q75241324,,,,,,,,,,,,,,,,,,,,,,,,,,,,,,,,,,,,,,,,,p352.htm#i3516,,,Baskerville-54,I00243605
Q150453,Q99208423,,,,,,,,,,,,,,,,,,,,,,,,,,,,,,,,,,,,,,,,,,,,Baskerville-81,I00385213
Q150454,Q110332813,,,,,,,,,,,,,,,,,,,,,,,,,,,,,,,,,,,,,,,,,,,,,I00568557
Q150455,Q75556975,,,,,,,,,,,,,,,,,,,,,,,,,,,,,,,,,,,,,,,,,p21098.htm#i210977,,,Ferch_Thomas-15,I00693175
Q150456,Q105873272,,,,,,,,,,,,,,,,,,,,,,,,,,,,,,,,,,,,,,,,,,,,Morgan-1353,I00346237
Q150457,Q76297281,,,,,,,,,,,,,,,,,,,,,,,,,,,,,,,,,,,,,,,,,p67071.htm#i670705,,,Morgan-1357,I00641258
Q150458,Q76297294,,,,,,,,,,,,,,,,,,,,,,,,,,,,,,,,,,,,,,,,,p67072.htm#i670715,,,,I00568635
Q150459,Q122260506,,,,,,,,,,,,,,,,,,,,,,,,,,,,,,,,,,,,,,,,,,,,,I00753447
Q150460,Q110621867,,,,,,,,,,,,,,,,,,,,,,,,,,,,,,,,,,,,,,,,,,,,,I00696645
Q150461,Q110623993,,,,,,,,,,,,,,,,,,,,,,,,,,,,,,,,,,,,,,,,,,,,,I00692200
Q150462,Q116812519,,,,,,,,,,,,,,,,,,,,,,,,,,,,,,,,,,,,,,,,,,,,,I00754575
Q150463,Q116469564,,,,,,,,,,,,,,,,,,,,,,,,,,,,,,,,,,,,,,,,,,,,,I00765008
Q150464,Q116470894,,,,,,,,,,,,,,,,,,,,,,,,,,,,,,,,,,,,,,,,,,,,,I00764855
Q150465,Q110624023,,,,,,,,,,,,,,,,,,,,,,,,,,,,,,,,,,,,,,,,,,,,,I00314005
Q150466,Q135525190,,,,,,,,,,,,,,,,,,,,,,,,,,,,,,,,,,,,,,,,,,,,,I00804151
Q150467,Q385679,,,,,,,,,,,,,,,,,,I2766,,,,,,,,,29722,,p=jasper;n=tudor,,,,,,,,,,,,p10200.htm#i101995,Jasper_Tudor_(1),,Tudor-14,I00001724
Q150468,Q96075029,,,,,,,,,,,,,,,,,,I3611,,,,,,,,,,,p=ne;n=n;oc=38108,,,,,,,,,,,,,,,,
Q150469,Q99211588,,,,,,,,,,,,,,,,,,,,,,,,,,,,,,,,,,,,,,,,,,,,,I00693232
Q150470,Q75421064,,,,,,,,,,,,,,,,,,I3599,,,,,,,,,,,,,,,,,,,,,,,p13113.htm#i131125,,,Cromwell-6,I00059220
Q150471,Q76207982,,,,,,,,,,,,,,,,,,,,,,,,,,,,,,,,,,,,,,,,,p60470.htm#i604691,,,,
Q150472,Q11801889,,,,,,,,,,,,,,,,,,I3595,,,,,,,,,595106,,,,,,,,,,,,,,p13113.htm#i131121,Richard_Cromwell_(2),,Williams-3719,I00059221
Q150473,Q110390641,,,,,,,,,,,,,,,,,,,,,,,,,,,,,,,,,,,,,,,,,,,,,I00764689
Q150474,Q110559366,,,,,,,,,,,,,,,,,,,,,,,,,,,,,,,,,,,,,,,,,,,,,I00641260
Q150475,Q112484717,,,,,,,,,,,,,,,,,,,,,,,,,,,,,,,,,,,,,,,,,,,,,I00699534
Q150476,Q116812589,,,,,,,,,,,,,,,,,,,,,,,,,,,,,,,,,,,,,,,,,,,,,I00760581
Q150477,Q116469824,,,,,,,,,,,,,,,,,,,,,,,,,,,,,,,,,,,,,,,,,,,,,I00707490
Q150478,Q116469830,,,,,,,,,,,,,,,,,,,,,,,,,,,,,,,,,,,,,,,,,,,,,I00707493
Q150479,Q110559546,,,,,,,,,,,,,,,,,,,,,,,,,,,,,,,,,,,,,,,,,,,,,I00618316
Q150480,Q116470868,,,,,,,,,,,,,,,,,,,,,,,,,,,,,,,,,,,,,,,,,,,,,I00763822
Q150481,Q116469861,,,,,,,,,,,,,,,,,,,,,,,,,,,,,,,,,,,,,,,,,,,,,I00774758
Q150482,Q116812621,,,,,,,,,,,,,,,,,,,,,,,,,,,,,,,,,,,,,,,,,,,,,I00760481
Q150483,Q110582626,,,,,,,,,,,,,,,,,,,,,,,,,,,,,,,,,,,,,,,,,,,,Ferch_Iorwerth_Goch-1,I00757022
Q150484,Q117306711,,,,,,,,,,,,,,,,,,,,,,,,,,,,,,,,,,,,,,,,,,,,,I00757333
Q150485,Q117306704,,,,,,,,,,,,,,,,,,,,,,,,,,,,,,,,,,,,,,,,,,,,,I00708552
Q150486,Q110621976,,,,,,,,,,,,,,,,,,,,,,,,,,,,,,,,,,,,,,,,,,,,,I00752619
Q150487,Q111506481,,,,,,,,,,,,,,,,,,,,,,,,,,,,,,,,,,,,,,,,,,,,,I00691959
Q150488,Q8006231,,,,,,,,,,,,,,,,,,,,,,,,,,,,,,,,,,,,,,,,,,,,Button-85,I00503884
Q150489,Q110412852,,,,,,,,,,,,,,,,,,,,,,,,,,,,,,,,,,,,,,,,,,,,,I00697182
Q150490,Q116054661,,,,,,,,,,,,,,,,,,,,,,,,,,,,,,,,,,,,,,,,,,,,,I00702279
Q150491,Q130358599,,,,,,,,,,,,,,,,,,,,,,,,,,,,,,,,,,,,,,,,,,,,,I00686965
Q150492,Q116146150,,,,,,,,,,,,,,,,,,,,,,,,,,,,,,,,,,,,,,,,,,,,,I00705534
Q150493,Q116469795,,,,,,,,,,,,,,,,,,,,,,,,,,,,,,,,,,,,,,,,,,,,,I00698002
Q150494,Q116469634,,,,,,,,,,,,,,,,,,,,,,,,,,,,,,,,,,,,,,,,,,,,,I00688815
Q150495,Q116812518,,,,,,,,,,,,,,,,,,,,,,,,,,,,,,,,,,,,,,,,,,,,,I00754572
Q150496,Q117307115,,,,,,,,,,,,,,,,,,,,,,,,,,,,,,,,,,,,,,,,,,,,,I00760437
Q150497,Q117307053,,,,,,,,,,,,,,,,,,,,,,,,,,,,,,,,,,,,,,,,,,,,,I00710102
Q150498,Q130358791,,,,,,,,,,,,,,,,,,,,,,,,,,,,,,,,,,,,,,,,,,,,,I00710112
Q150499,Q99084842,,,,,,,,,,,,,,,,,,,,,,,,,,,,,,,,,,,,,,,,,,,,,I00708895
Q150500,Q122260636,,,,,,,,,,,,,,,,,,,,,,,,,,,,,,,,,,,,,,,,,,,,,I00708891
Q150501,Q99084864,,,,,,,,,,,,,,,,,,,,,,,,,,,,,,,,,,,,,,,,,,,,,I00708900
Q150502,Q99085118,,,,,,,,,,,,,,,,,,,,,,,,,,,,,,,,,,,,,,,,,,,,,I00715064
Q150503,Q646476,,,,,,,,,,,,,,,,,,,,,,,,,,,,,,,,,,,,,,,,,p10737.htm#i107367,James_Touchet_(4),,Tuchet-2,I00113528
Q150504,Q75382598,,,,,,,,,,,,,,,,,,,,,,,,,,,,,,,,,,,,,,,,,p10274.htm#i102736,,,Holand-37,I00026749
Q150505,Q17140263,,,,,,,,,,,,,,,,,,,,,,,,,,,,,,,,,,,,,,,,,,,,,
Q150506,Q7326078,,,,,,,,,,,,,,,,,,,,,,,,,,,,,,,,,,,,,,,,,p57376.htm#i573751,Richard_Grey_(11),,Grey-293,I00015397
Q150507,Q76371199,,,,,,,,,,,,,,,,,,,,,,,,,,,,,,,,,,,,,,,,,p71770.htm#i717698,,,Grey-1673,I00247560
Q150508,Q99068124,,,,,,,,,,,,,,,,,,,,,,,,,,,,,,,,,,,,,,,,,,,,Gamage-25,I00177663
Q150509,Q46465652,,,,,,,,,,,,,,,,,,I3809,,,,,,,,,,,,,,,,,,,,,,,p2705.htm#i27047,,,Gamage-7,I00008024
Q150510,Q76260432,,,,,,,,,,,,,,,,,,I3806,,,,,,,,,,,,,,,,,,,,,,,p64446.htm#i644455,,,Gamage-21,I00087229
Q150511,Q99066646,,,,,,,,,,,,,,,,,,,,,,,,,,,,,,,,,,,,,,,,,,,,,I00560022
Q150512,Q116470919,,,,,,,,,,,,,,,,,,,,,,,,,,,,,,,,,,,,,,,,,,,,,I00764984
Q150513,Q131346928,,,,,,,,,,,,,,,,,,,,,,,,,,,,,,,,,,,,,,,,,,,,,I00789252
Q150514,Q116469544,,,,,,,,,,,,,,,,,,,,,,,,,,,,,,,,,,,,,,,,,,,,,I00748523
Q150515,Q116812590,,,,,,,,,,,,,,,,,,,,,,,,,,,,,,,,,,,,,,,,,,,,,I00745939
Q150516,Q76277825,,,,,,,,,,,,,,,,,,,,,,,,,,,,,,,,,,,,,,,,,p65765.htm#i657642|p70115.htm#i701150,,,Whitney-471,I00249153
Q150517,Q76341262,,,,,,,,,,,,,,,,,,,,,,,,,,,,,,,,,,,,,,,,,p70116.htm#i701151,,,Tuchet-29,I00249154
Q150518,Q76322514,,,,,,,,,,,,,,,,,,,,,,,,,,,,,,,,,,,,,,,,,p68836.htm#i688357,,,,I00322453
Q150519,Q16848436,,,,,,,,,,,,,,,,,,,,,,,,,,,,,,,,,,,,,,,,,p2838.htm#i28378,,,Vaughan-1811,I00430173
Q150520,Q116812079,,,,,,,,,,,,,,,,,,,,,,,,,,,,,,,,,,,,,,,,,,,,,I00322291
Q150521,Q105819533,,,,,,,,,,,,,,,,,,,,,,,,,,,,,,,,,,,,,,,,,,,,Vaughan-481,I00322294
Q150522,Q116812054,,,,,,,,,,,,,,,,,,,,,,,,,,,,,,,,,,,,,,,,,,,,,I00736983
Q150523,Q1293748,,,,,,,,,,,,,,,,,,I5712,,,,,,,,,41548,,,,,,,,,,,,,,p1386.htm#i13851,Edward_Stanley_(15),,Stanley-2420,I00321545
Q150524,Q75617036,,,,,,,,,,,,,,,,,,,,,,,,,,,,,,,,,,,,,,,,,p24777.htm#i247762,,,,
Q150525,Q75492406,,,,,,,,,,,,,,,,,,,,,,,,,,,,,,,,,,,,,,,,,p17479.htm#i174789,,,Grey-409,I00028590
Q150526,Q60535470,,,,,,,,,,,,,,,,,,I5719,,,,,,,,,41558,,,,,,,,,,,,,,p17793.htm#i177925,,,Stanley-1112,I00165852
Q150527,Q110396104,,,,,,,,,,,,,,,,,,,,,,,,,,,,,,,,,,,,,,,,,,,,,I00326500
Q150528,Q110387834,,,,,,,,,,,,,,,,,,,,,,,,,,,,,,,,,,,,,,,,,,,,,I00764687
Q150529,Q116158998,,,,,,,,,,,,,,,,,,,,,,,,,,,,,,,,,,,,,,,,,,,,Harley-25,I00048315
Q150530,Q75527847,,,,,,,,,,,,,,,,,,,,,,,,,,,,,,,,,,,,,,,,,p19581.htm#i195803,,,Adams-63109,I00148063
Q150531,Q122260457,,,,,,,,,,,,,,,,,,,,,,,,,,,,,,,,,,,,,,,,,,,,,I00544241
Q150532,Q110390631,,,,,,,,,,,,,,,,,,,,,,,,,,,,,,,,,,,,,,,,,,,,,I00764734
Q150533,Q110387820,,,,,,,,,,,,,,,,,,,,,,,,,,,,,,,,,,,,,,,,,,,,,I00764685
Q150534,Q110624038,,,,,,,,,,,,,,,,,,,,,,,,,,,,,,,,,,,,,,,,,,,,,I00688842
Q150535,Q110619096,,,,,,,,,,,,,,,,,,,,,,,,,,,,,,,,,,,,,,,,,,,,,I00706430
Q150536,Q116177814,,,,,,,,,,,,,,,,,,,,,,,,,,,,,,,,,,,,,,,,,,,,,I00381389
Q150537,Q110559675,,,,,,,,,,,,,,,,,,,,,,,,,,,,,,,,,,,,,,,,,,,,,I00738969
Q150538,Q110559682,,,,,,,,,,,,,,,,,,,,,,,,,,,,,,,,,,,,,,,,,,,,,I00738970
Q150539,Q110332800,,,,,,,,,,,,,,,,,,,,,,,,,,,,,,,,,,,,,,,,,,,,,I00568554
Q150540,Q110559537,,,,,,,,,,,,,,,,,,,,,,,,,,,,,,,,,,,,,,,,,,,,,I00618308
Q150541,Q129168285,,,,,,,,,,,,,,,,,,,,,,,,,,,,,,,,,,,,,,,,,,,,,I00749873
Q150542,Q108912822,,,,,,,,,,,,,,,,,,,,,,,,,,,,,,,,,,,,,,,,,,,,,I00738967
Q150543,Q76019008,,,,,,,,,,,,,,,,,,,,,,,,,,,,,,,,,,,,,,,,,p47161.htm#i471604,,,Bodenham-5,I00738962
Q150544,Q131741078,,,,,,,,,,,,,,,,,,,,,,,,,,,,,,,,,,,,,,,,,,,,,I00706649
Q150545,Q116812038,,,,,,,,,,,,,,,,,,,,,,,,,,,,,,,,,,,,,,,,,,,,,I00764779
Q150546,Q110413627,,,,,,,,,,,,,,,,,,,,,,,,,,,,,,,,,,,,,,,,,,,,Bere-63,I00705470
Q150547,Q110413628,,,,,,,,,,,,,,,,,,,,,,,,,,,,,,,,,,,,,,,,,,,,,I00705471
Q150548,Q116054391,,,,,,,,,,,,,,,,,,,,,,,,,,,,,,,,,,,,,,,,,,,,,I00697624
Q150549,Q116136409,,,,,,,,,,,,,,,,,,,,,,,,,,,,,,,,,,,,,,,,,,,,,I00214679
Q150550,Q110412858,,,,,,,,,,,,,,,,,,,,,,,,,,,,,,,,,,,,,,,,,,,,,I00755221
Q150551,Q110635535,,,,,,,,,,,,,,,,,,,,,,,,,,,,,,,,,,,,,,,,,,,,,I00692696
Q150552,Q116147671,,,,,,,,,,,,,,,,,,,,,,,,,,,,,,,,,,,,,,,,,,,,,I00737948
Q150553,Q116812517,,,,,,,,,,,,,,,,,,,,,,,,,,,,,,,,,,,,,,,,,,,,,I00752652
Q150554,Q133461427,,,,,,,,,,,,,,,,,,,,,,,,,,,,,,,,,,,,,,,,,,,,,I00757351
Q150555,Q130358690,,,,,,,,,,,,,,,,,,,,,,,,,,,,,,,,,,,,,,,,,,,,,I00795984
Q150556,Q130358389,,,,,,,,,,,,,,,,,,,,,,,,,,,,,,,,,,,,,,,,,,,,,I00795981
Q150557,Q110152891,,,,,,,,,,,,,,,,,,,,,,,,,,,,,,,,,,,,,,,,,,,,Barre-269,I00674358
Q150558,Q110152892,,,,,,,,,,,,,,,,,,,,,,,,,,,,,,,,,,,,,,,,,,,,,I00674359
Q150559,Q110152893,,,,,,,,,,,,,,,,,,,,,,,,,,,,,,,,,,,,,,,,,,,,Crozier-101,I00673965
Q150560,Q103948005,,,,,,,,,,,,,,,,,,,,,,,,,,,,,,,,,,,,,,,,,,,,Ufford-14,I00673964
Q150561,Q75776429,,,,,,,,,,119055358,,,,,,,,,,,,,,,,,183616,,p=edmund;n=cornwall,,,,,,,,,,,,p32840.htm#i328391,,,Cornwall-17,I00232094
Q150562,Q75775745,,,,,,,,,,131598945,,,,,,,,,,,,,,,,,183614,,,,,,,,,,,,,,p32803.htm#i328026,,,Cornwall-27,I00411755
Q150563,Q75769367,,,,,,,,,,57499387,,,,,,,,,,,,,,,,,,,,,,,,,,,,,,,p331.htm#i3306,,,Cornwall-3,I00232085
Q150564,Q130339410,,,,,,,,,,,,,,,,,,,,,,,,,,,,,,,,,,,,,,,,,,,,,I00600077
Q150565,Q75266645,,,,,,,,,,,,,,,,,,,,,,,,,,,,,p=john;n=le strange;oc=1,,,,,,,,,,,,p2359.htm#i23585,John_Le_Strange_(17),,Strange-559,I00140341
Q150566,Q75251079,,,,,,,,,,,,,,,,,,,,,,,,,,,,,p=mary;n=fitzalan;oc=1,,,,,,,,,,,,p1172.htm#i11715,Mary_FitzAlan_(11),,FitzAlan-635,I00026724
Q150567,Q75241461,,,,,,,,,,,,,,,,,,,,,,,,,,,,,,,,,,,,,,,,,p370.htm#i3692,,,,
Q150568,Q116469799,,,,,,,,,,,,,,,,,,,,,,,,,,,,,,,,,,,,,,,,,,,,,I00710208
Q150569,Q116812066,,,,,,,,,,,,,,,,,,,,,,,,,,,,,,,,,,,,,,,,,,,,,I00702941
Q150570,Q110390652,,,,,,,,,,,,,,,,,,,,,,,,,,,,,,,,,,,,,,,,,,,,,I00764713
Q150571,Q110390650,,,,,,,,,,,,,,,,,,,,,,,,,,,,,,,,,,,,,,,,,,,,,I00764691
Q150572,Q110428159,,,,,,,,,,,,,,,,,,,,,,,,,,,,,,,,,,,,,,,,,,,,,I00425303
Q150573,Q110428162,,,,,,,,,,,,,,,,,,,,,,,,,,,,,,,,,,,,,,,,,,,,Ferch_Rhys-5,I00425304
Q150574,Q6793556,,,,,,,,,,,,,,,,,,,,,,,,,,,,,,,,,,,,,,,,,p2570.htm#i25699,Maurice_de_Berkeley_(5),,Berkeley-45,I00027820
Q150575,Q75418793,,,,,,,,,,,,,,,,,,,,,,,,,,,,,,,,,,,,,,,,,p12964.htm#i129636,,,Stafford-287,
Q150576,Q27956858,,,,,,,,,,,,,,,,,,,,,,,,,,,624246,,,,,,,,,,,,,,p2796.htm#i27951,,,Berkeley-44,I00027824
Q150577,Q75420128,,,,,,,,,,,,,,,,,,,,,,,,,,,,,,,,,,,,,,,,,p13047.htm#i130464,,,,
Q150578,Q75420130,,,,,,,,,,,,,,,,,,,,,,,,,,,,,,,,,,,,,,,,,p13047.htm#i130465,,,Berkeley-432,
Q150579,Q76008792,,,,,,,,,,,,,,,,,,,,,,,,,,,,,,,,,,,,,,,,,p46433.htm#i464328,,,,
Q150580,Q76008794,,,,,,,,,,,,,,,,,,,,,,,,,,,,,,,,,,,,,,,,,p46433.htm#i464329,,,,
Q150581,Q76008795,,,,,,,,,,,,,,,,,,,,,,,,,,,,,,,,,,,,,,,,,p46433.htm#i464330,,,,
Q150582,Q7607464,,,,,,,,,,,,,,,,,,,,,,,,,,,,,p=william;n=de berkeley,,,,,,,,,,,,p2795.htm#i27950,William_de_Berkeley_(1),,Berkeley-429,
Q150583,Q98967174,,,,,,,,,,,,,,,,,,,,,,,,,,,,,,,,,,,,,,,,,,,,,I00416757
Q150584,Q111452933,,,,,,,,,,,,,,,,,,,,,,,,,,,,,,,,,,,,,,,,,,,,,I00416759
Q150585,Q7964676,,,,,,,,MHKV-NZ1,,,,,,,,,,I11727,,,,,,,,,,,,,,,,,,,,,,,p43800.htm#i437999,Walter_Devereux_(1),,Devereux-10,I00125429
Q150586,Q16864776,,,,,,,,,,,,,,,,,,I11728,,,,,,,,,,,,,,,,,,,,,,,p43800.htm#i438000,Elizabeth_Merbury_(2),,Merbury-3,I00125430
Q150587,Q7964675,,,,,,,,9DTB-Z3H,,,,,,,,,,,,,,,,,,,,,,,,,,,,,,,,,p25096.htm#i250952,Walter_Devereux_(19),,Devereux-11,I00177563
Q150588,Q2705658,,,,,,,,,,,,,,,,,,I11726,,,,,,,,,771782,,,,,,,,,,,,,,p10755.htm#i107547,Henry_Percy_(109),,Percy-50,I00015428
Q150589,Q5354355,,,,,,,,,,,,,,,,,,I2939,,,,,,,,,771786,,,,,,,,,,,,,,p10755.htm#i107546,Eleanor_Percy_(20),,Percy-1,I00026566
Q150590,Q3784903,,,,,,,,,,,,,,,,,,,,,,,,,,,1507764,,,,,,,,,,,,,,p1046.htm#i10451,Henry_Percy_(17),,Percy-14,I00002031
Q150591,Q4707513,,,,,,,,,,,,,,,,,,,,,,,,,,,,,,,,,,,,,,,,,p66340.htm#i663400,Allan_Percy_(3),,Percy-406,
Q150592,Q75242107,,,,,,,,,,,,,,,,,,,,,,,,,,,,,p=anne;n=percy;oc=1,,,,,,,,,,,,p427.htm#i4264,Anne_Percy_(20),,Percy-236,I00026738
Q150593,Q76286631,,,,,,,,,,,,,,,,,,,,,,,,,,,,,,,,,,,,,,,,,p66340.htm#i663399,,,,
Q150594,Q76286635,,,,,,,,,,,,,,,,,,,,,,,,,,,,,,,,,,,,,,,,,p66341.htm#i663401,,,Percy-404,
Q150595,Q76286666,,,,,,,,,,,,,,,,,,,,,,,,,,,,,,,,,,,,,,,,,p66343.htm#i663424,,,,
Q150596,Q76304975,,,,,,,,,,,,,,,,,,,,,,,,,,,,,,,,,,,,,,,,,p67590.htm#i675896,,,Turberville-10,I00041627
Q150597,Q75988754,,,,,,,,,,,,,,,,,,,,,,,,,,,,,,,,,,,,,,,,,p45128.htm#i451276,,,Craddock-70,I00041626
Q150598,Q971331,,,,,,,,,,,,,,,,,,I2839,,,,,,person/7463E2D0-9633-40AC-B4EB-D1B5A35340BD,,,,,,,,,,,,,,,,,p1054.htm#i10534,William_Herbert_(55),,Herbert-153,I00004788
Q150599,Q76305096,,,,,,,,,,,,,,,,,,,,,,,,,,,,,,,,,,,,,,,,,p67597.htm#i675961,,,Herbert-154,I00321434
Q150600,Q87854979,,,,,,,,,,,,,,,,,,,,,,,,,,,,,,,,,,,,,,,,,,,,,I00581011
Q150601,Q11707773,,,,,,,,,,,,,,,,,,,,,,,,,,,,,,,,,,,,,,,,,p10750.htm#i107498,Mary_Woodville_(2),,Wydeville-16,I00041629
Q150602,Q75384802,,,,,,,,,,,,,,,,,,,,,,,,,,,,,p=katherine;n=plantagenet;oc=4,,,,,,,,,,,,p10499.htm#i104984,Katharine_Plantagenet_(1),,Plantagenet-270,I00315531
Q150603,Q5363523,,,,,,,,,,,,,,,,,,,,,,,,,,,,,p=elizabeth;n=herbert,,,,,,,,,,,,p10499.htm#i104988,Elizabeth_Herbert_(5),,Herbert-268,I00028574
Q150604,Q2562413,,,,,,,,,,,,,,,,,,I3723,,,,,,,,,,,,,,,,,,,,,,,p10756.htm#i107554,Anne_Stafford_(37),,Stafford-351,I00053945
Q150605,Q4160474,,,,,,,,,,,,,,,,,,I11721,,,,,,,,,1461540,,,,,,,,,,,,,,p12064.htm#i120637,George_Grey_(13),,Grey-204,I00059131
Q150606,Q75403987,,,,,,,,,,,,,,,,,,I27360,,,,,,,,,,,,,,,,,,,,,,,p12064.htm#i120636,,,Grey-256,I00059146
Q150607,Q75598162,,,,,,,,,,,,,,,,,,,,,,,,,,,,,,,,,,,,,,,,,p23461.htm#i234608,,,Grey-194,
Q150608,Q75598164,,,,,,,,,,,,,,,,,,I11719,,,,,,,,,,,,,,,,,,,,,,,p23461.htm#i234609,,,Grey-195,I00059136
Q150609,Q75775255,,,,,,,,,,,,,,,,,,,,,,,,,,,,,,,,,,,,,,,,,p32780.htm#i327799,,,Grey-260,I00311617
Q150610,Q5722230,,,,,,,,,,,,,,,,,,,,,,,,,,,,,,,,,,,,,,,,,p3449.htm#i34484,Henry_Grey_(19),,Grey-1323,
Q150611,Q7794337,,,,,,,,,,,,,,,,,,,,,,,,,,,,,,,,,,,,,,,,,p1228.htm#i12277,Thomas_Talbot_(1),,,
Q150612,Q54556286,,,,,,,,,,,,,,,,,,,,,,,,,,,,,,,,,,,,,,,,,p67590.htm#i675894,,,Herbert-3837,
Q150613,Q76277829,,,,,,,,,,,,,,,,,,,,,,,,,,,,,,,,,,,,,,,,,p65765.htm#i657645,,,,
Q150614,Q76277830,,,,,,,,,,,,,,,,,,,,,,,,,,,,,,,,,,,,,,,,,p65765.htm#i657646,,,,
Q150615,Q4924857,,,,,,,,,,,,,,,,,,,,,,,,,,,,,,,,,,,,,,,,,p353.htm#i3523,,,,I00326735
Q150616,Q76277846,,,,,,,,,,,,,,,,,,,,,,,,,,,,,,,,,,,,,,,,,p65766.htm#i657658,,,,
Q150617,Q75762831,,,,,,,,,,,,,,,,,,,,,,,,,,,,,,,,,,,,,,,,,p65767.htm#i657661|p32142.htm#i321417,,,,
Q150618,Q110332809,,,,,,,,,,,,,,,,,,,,,,,,,,,,,,,,,,,,,,,,,,,,,I00568556
Q150619,Q112533779,,,,,,,,,,,,,,,,,,,,,,,,,,,,,,,,,,,,,,,,,,,,,I00752699
Q150620,Q112533773,,,,,,,,,,,,,,,,,,,,,,,,,,,,,,,,,,,,,,,,,,,,,I00755556
Q150621,Q116469598,,,,,,,,,,,,,,,,,,,,,,,,,,,,,,,,,,,,,,,,,,,,,I00766705
Q150622,Q108912928,,,,,,,,,,,,,,,,,,,,,,,,,,,,,,,,,,,,,,,,,,,,,I00752729
Q150623,Q130340759,,,,,,,,,,,,,,,,,,,,,,,,,,,,,,,,,,,,,,,,,,,,,I00753723
Q150624,Q116146014,,,,,,,,,,,,,,,,,,,,,,,,,,,,,,,,,,,,,,,,,,,,,I00596277
Q150625,Q76305004,,,,,,,,,,,,,,,,,,,,,,,,,,,,,,,,,,,,,,,,,p67592.htm#i675913,,,,
Q150626,Q76305009,,,,,,,,,,,,,,,,,,,,,,,,,,,,,,,,,,,,,,,,,p67592.htm#i675915,,,Ferch_David-6,I00433083
Q150627,Q75769377,,,,,,,,,,,,,,,,,,,,,,,,,,,,,,,,,,,,,,,,,p32488.htm#i324877,,,Herbert-1388,I00469438|I00690072
Q150628,Q16239902,,,,,,,,,,,,,,,,,,I4105,,,,,,,,,,,,,,,,,,,,,,,p41263.htm#i412627,,,Herbert-2013,I00595024
Q150629,Q105814265,,,,,,,,,,,,,,,,,,,,,,,,,,,,,,,,,,,,,,,,,,,,,I00573547
Q150630,Q54556288,,,,,,,,,,,,,,,,,,,,,,,,,,,,,,,,,,,,,,,,,,,,,I00630973
Q150631,Q28061684,,,,,,,,,,,,,,,,,,,,,,,,,,,,,,,,,,,,,,,,,,,,,
Q150632,Q133462274,,,,,,,,,,,,,,,,,,,,,,,,,,,,,,,,,,,,,,,,,,,,,I00299640
Q150633,Q110390635,,,,,,,,,,,,,,,,,,,,,,,,,,,,,,,,,,,,,,,,,,,,,I00764760
Q150634,Q110387828,,,,,,,,,,,,,,,,,,,,,,,,,,,,,,,,,,,,,,,,,,,,,I00764730
Q150635,Q99159375,,,,,,,,,,,,,,,,,,,,,,,,,,,,,,,,,,,,,,,,,,,,,I00419062
Q150636,Q118174021,,,,,,,,,,,,,,,,,,,,,,,,,,,,,,,,,,,,,,,,,,,,,I00752489
Q150637,Q131342804,,,,,,,,,,,,,,,,,,,,,,,,,,,,,,,,,,,,,,,,,,,,,I00807684
Q150638,Q108683878,,,,,,,,,,,,,,,,,,,,,,,,,,,,,,,,,,,,,,,,,,,,,I00752458
Q150639,Q130358688,,,,,,,,,,,,,,,,,,,,,,,,,,,,,,,,,,,,,,,,,,,,,I00776461
Q150640,Q130358390,,,,,,,,,,,,,,,,,,,,,,,,,,,,,,,,,,,,,,,,,,,,,I00789214
Q150641,Q75266880,,,,,,,,,,,,,,,,,,,,,,,,,,,1507934,,p=jane;n=beaufort,,,,,,,,,,,,p2377.htm#i23764,Jane_Beaufort_(3),,Beaufort-6,I00028594
Q150642,Q75269416,,,,,,,,,,,,,,,,,,,,,,,,,,,,,,,,,,,,,,,,,p2583.htm#i25823,,,Stradling-29,I00315454
Q150643,Q76326350,,,,,,,,,,,,,,,,,,,,,,,,,,,,,,,,,,,,,,,,,p69054.htm#i690535,,,Stradling-33,I00249260
Q150644,Q127687127,,,,,,,,,,,,,,,,,,,,,,,,,,,,,,,,,,,,,,,,,,,,Stradling-90,I00319527
Q150645,Q116469658,,,,,,,,,,,,,,,,,,,,,,,,,,,,,,,,,,,,,,,,,,,,,I00752378
Q150646,Q116812083,,,,,,,,,,,,,,,,,,,,,,,,,,,,,,,,,,,,,,,,,,,,,I00319519
Q150647,Q99067244,,,,,,,,,,,,,,,,,,,,,,,,,,,,,,,,,,,,,,,,,,,,Wogan-2,I00696481
Q150648,Q75620641,,,,,,,,,,,,,,,,,,,,,,,,,,,,,,,,,,,,,,,,,p25046.htm#i250460,,,Perrot-178,I00366982
Q150649,Q105814315,,,,,,,,,,,,,,,,,,,,,,,,,,,,,,,,,,,,,,,,,,,,,I00750176
Q150650,Q130340871,,,,,,,,,,,,,,,,,,,,,,,,,,,,,,,,,,,,,,,,,,,,,I00737377
Q150651,Q131342891,,,,,,,,,,,,,,,,,,,,,,,,,,,,,,,,,,,,,,,,,,,,,I00760796
Q150652,Q131347024,,,,,,,,,,,,,,,,,,,,,,,,,,,,,,,,,,,,,,,,,,,,,I00755987
Q150653,Q116054314,,,,,,,,,,,,,,,,,,,,,,,,,,,,,,,,,,,,,,,,,,,,,I00697629
Q150654,Q116812570,,,,,,,,,,,,,,,,,,,,,,,,,,,,,,,,,,,,,,,,,,,,,I00745938
Q150655,Q110427822,,,,,,,,,,,,,,,,,,,,,,,,,,,,,,,,,,,,,,,,,,,,,I00747720
Q150656,Q7526531,,,,,,,,,,,,,,,,,,,,,,,,,,,,,,,,,,,,,,,,,p3738.htm#i37377,,,Carne-48,I00366945
Q150657,Q112643704,,,,,,,,,,,,,,,,,,,,,,,,,,,,,,,,,,,,,,,,,,,,,I00717749
Q150658,Q122260492,,,,,,,,,,,,,,,,,,,,,,,,,,,,,,,,,,,,,,,,,,,,,I00753393
Q150659,Q116470915,,,,,,,,,,,,,,,,,,,,,,,,,,,,,,,,,,,,,,,,,,,,,I00764996
Q150660,Q116470911,,,,,,,,,,,,,,,,,,,,,,,,,,,,,,,,,,,,,,,,,,,,,I00764986
Q150661,Q129168278,,,,,,,,,,,,,,,,,,,,,,,,,,,,,,,,,,,,,,,,,,,,,I00749881
Q150662,Q129168275,,,,,,,,,,,,,,,,,,,,,,,,,,,,,,,,,,,,,,,,,,,,,I00749871
Q150663,Q122260548,,,,,,,,,,,,,,,,,,,,,,,,,,,,,,,,,,,,,,,,,,,,,I00753453
Q150664,Q122260503,,,,,,,,,,,,,,,,,,,,,,,,,,,,,,,,,,,,,,,,,,,,,I00753444
Q150665,Q122260608,,,,,,,,,,,,,,,,,,,,,,,,,,,,,,,,,,,,,,,,,,,,,I00752074
Q150666,Q105872426,,,,,,,,,,,,,,,,,,,,,,,,,,,,,,,,,,,,,,,,,,,,,I00117396
Q150667,Q116146006,,,,,,,,,,,,,,,,,,,,,,,,,,,,,,,,,,,,,,,,,,,,,I00752688
Q150668,Q116146007,,,,,,,,,,,,,,,,,,,,,,,,,,,,,,,,,,,,,,,,,,,,,I00752689
Q150669,Q16200779,,,,,,,,,,,,,,,,,,,,,,,,,,,,,,,,,,,,,,,,,p45122.htm#i451219,,,,I00596274
Q150670,Q116812598,,,,,,,,,,,,,,,,,,,,,,,,,,,,,,,,,,,,,,,,,,,,,I00756691
Q150671,Q116812562,,,,,,,,,,,,,,,,,,,,,,,,,,,,,,,,,,,,,,,,,,,,,I00756680
Q150672,Q116812557,,,,,,,,,,,,,,,,,,,,,,,,,,,,,,,,,,,,,,,,,,,,,I00756674
Q150673,Q122260456,,,,,,,,,,,,,,,,,,,,,,,,,,,,,,,,,,,,,,,,,,,,,I00752675
Q150674,Q122260450,,,,,,,,,,,,,,,,,,,,,,,,,,,,,,,,,,,,,,,,,,,,,I00544239
Q150675,Q122260367,,,,,,,,,,,,,,,,,,,,,,,,,,,,,,,,,,,,,,,,,,,,,I00713688
Q150676,Q116469765,,,,,,,,,,,,,,,,,,,,,,,,,,,,,,,,,,,,,,,,,,,,,I00755308
Q150677,Q124324514,,,,,,,,,,,,,,,,,,,,,,,,,,,,,,,,,,,,,,,,,,,,,I00761853
Q150678,Q124324511,,,,,,,,,,,,,,,,,,,,,,,,,,,,,,,,,,,,,,,,,,,,,I00346378
Q150679,Q130340919,,,,,,,,,,,,,,,,,,,,,,,,,,,,,,,,,,,,,,,,,,,,,I00761866
Q150680,Q130358617,,,,,,,,,,,,,,,,,,,,,,,,,,,,,,,,,,,,,,,,,,,,,I00291766
Q150681,Q116469670,,,,,,,,,,,,,,,,,,,,,,,,,,,,,,,,,,,,,,,,,,,,,I00752374
Q150682,Q116469641,,,,,,,,,,,,,,,,,,,,,,,,,,,,,,,,,,,,,,,,,,,,,I00752409
Q150683,Q112608642,,,,,,,,,,,,,,,,,,,,,,,,,,,,,,,,,,,,,,,,,,,,,I00687801
Q150684,Q97532330,,,,,,,,,,,,,,,,,,,,,,,,,,,,,,,,,,,,,,,,,,,,,I00705661
Q150685,Q110390666,,,,,,,,,,,,,,,,,,,,,,,,,,,,,,,,,,,,,,,,,,,,,I00764693
Q150686,Q110390649,,,,,,,,,,,,,,,,,,,,,,,,,,,,,,,,,,,,,,,,,,,,,I00764690
Q150687,Q5339898,,,,,,,,,,,,,,,,,,I4557,,,,,,,,,,,,,,,,,,,,,,,p72173.htm#i721724,Edmund_Walsingham_(2),,Walsingham-20,I00556875
Q150688,Q7794863,,,,,,,,,,148664067,,,,,,,,I4559,,,,,,,,,,,,,,,,,,,,,,,p362.htm#i3615,,,Walsingham-19,I00221975
Q150689,Q125568921,,,,,,,,,,,,,,,,,,,,,,,,,,,,,,,,,,,,,,,,,p72207.htm#i722062,,,Walsingham-136,I00719683
Q150690,Q110332336,,,,,,,,,,,,,,,,,,,,,,,,,,,,,,,,,,,,,,,,,,,,,I00699822
Q150691,Q105826286,,,,,,,,,,,,,,,,,,,,,,,,,,,,,,,,,,,,,,,,,,,,Walcot-5,I00109282
Q150692,Q75420893,,,,,,,,,,,,,,,,,,,,,,,,,,,,,,,,,,,,,,,,,p13100.htm#i130993,,,,I00223846
Q150693,Q116054145,,,,,,,,,,,,,,,,,,,,,,,,,,,,,,,,,,,,,,,,,,,,,I00565111
Q150694,Q116812215,,,,,,,,,,,,,,,,,,,,,,,,,,,,,,,,,,,,,,,,,,,,,I00777378
Q150695,Q116027266,,,,,,,,,,,,,,,,,,,,,,,,,,,,,,,,,,,,,,,,,,,,,I00688840
Q150696,Q116812309,,,,,,,,,,,,,,,,,,,,,,,,,,,,,,,,,,,,,,,,,,,,,I00764778
Q150697,Q116469623,,,,,,,,,,,,,,,,,,,,,,,,,,,,,,,,,,,,,,,,,,,,,I00748528
Q150698,Q116469635,,,,,,,,,,,,,,,,,,,,,,,,,,,,,,,,,,,,,,,,,,,,,I00693305
Q150699,Q116478628,,,,,,,,,,,,,,,,,,,,,,,,,,,,,,,,,,,,,,,,,,,,,I00754479
Q150700,Q116478625,,,,,,,,,,,,,,,,,,,,,,,,,,,,,,,,,,,,,,,,,,,,,I00754464
Q150701,Q116027270,,,,,,,,,,,,,,,,,,,,,,,,,,,,,,,,,,,,,,,,,,,,,I00693388
Q150702,Q116812270,,,,,,,,,,,,,,,,,,,,,,,,,,,,,,,,,,,,,,,,,,,,,I00777329
Q150703,Q116812474,,,,,,,,,,,,,,,,,,,,,,,,,,,,,,,,,,,,,,,,,,,,,I00764540
Q150704,Q127225246,,,,,,,,,,,,,,,,,,,,,,,,,,,,,,,,,,,,,,,,,,,,,I00698113
Q150705,Q110504471,,,,,,,,,,,,,,,,,,,,,,,,,,,,,,,,,,,,,,,,,,,,Ap_Dafydd-36,I00692095
Q150706,Q110622451,,,,,,,,,,,,,,,,,,,,,,,,,,,,,,,,,,,,,,,,,,,,,I00291758
Q150707,Q110622446,,,,,,,,,,,,,,,,,,,,,,,,,,,,,,,,,,,,,,,,,,,,,I00696660
Q150708,Q116812536,,,,,,,,,,,,,,,,,,,,,,,,,,,,,,,,,,,,,,,,,,,,,I00762899
Q150709,Q116812533,,,,,,,,,,,,,,,,,,,,,,,,,,,,,,,,,,,,,,,,,,,,,I00756393
Q150710,Q116054832,,,,,,,,,,,,,,,,,,,,,,,,,,,,,,,,,,,,,,,,,,,,,I00404461
Q150711,Q116054835,,,,,,,,,,,,,,,,,,,,,,,,,,,,,,,,,,,,,,,,,,,,,I00733206
Q150712,Q102151104,,,,,,,,,,,,,,,,,,,,,,,,,,,,,,,,,,,,,,,,,,,,Kynaston-7,I00219196|I00671569
Q150713,Q110559596,,,,,,,,,,,,,,,,,,,,,,,,,,,,,,,,,,,,,,,,,,,,,I00702452
Q150714,Q110347257,,,,,,,,,,,,,,,,,,,,,,,,,,,,,,,,,,,,,,,,,,,,,I00754702
Q150715,Q110347245,,,,,,,,,,,,,,,,,,,,,,,,,,,,,,,,,,,,,,,,,,,,,I00702456
Q150716,Q129168306,,,,,,,,,,,,,,,,,,,,,,,,,,,,,,,,,,,,,,,,,,,,,I00749878
Q150717,Q116053029,,,,,,,,,,,,,,,,,,,,,,,,,,,,,,,,,,,,,,,,,,,,,I00736677
Q150718,Q99084532,,,,,,,,,,,,,,,,,,,,,,,,,,,,,,,,,,,,,,,,,,,,,I00707743
Q150719,Q99084566,,,,,,,,,,,,,,,,,,,,,,,,,,,,,,,,,,,,,,,,,,,,,I00707747
Q150720,Q112963838,,,,,,,,,,,,,,,,,,,,,,,,,,,,,,,,,,,,,,,,,,,,,I00752629
Q150721,Q75591830,,,,,,,,,,,,,,,,,,,,,,,,,,,,,,,,,,,,,,,,,p23110.htm#i231096,,,Kemeys-15,I00117825
Q150722,Q110622232,,,,,,,,,,,,,,,,,,,,,,,,,,,,,,,,,,,,,,,,,,,,,I00753844
Q150723,Q99080943,,,,,,,,,,,,,,,,,,,,,,,,,,,,,,,,,,,,,,,,,,,,,I00706785
Q150724,Q130359009,,,,,,,,,,,,,,,,,,,,,,,,,,,,,,,,,,,,,,,,,,,,,I00700221
Q150725,Q116470734,,,,,,,,,,,,,,,,,,,,,,,,,,,,,,,,,,,,,,,,,,,,,I00752393
Q150726,Q112606900,,,,,,,,,,,,,,,,,,,,,,,,,,,,,,,,,,,,,,,,,,,,Williams-5439,I00198917
Q150727,Q110152876,,,,,,,,,,,,,,,,,,,,,,,,,,,,,,,,,,,,,,,,,,,,,I00750435
Q150728,Q131347092,,,,,,,,,,,,,,,,,,,,,,,,,,,,,,,,,,,,,,,,,,,,,I00708387
Q150729,Q130340888,,,,,,,,,,,,,,,,,,,,,,,,,,,,,,,,,,,,,,,,,,,,,I00761325
Q150730,Q130340786,,,,,,,,,,,,,,,,,,,,,,,,,,,,,,,,,,,,,,,,,,,,,I00761317
Q150731,Q131347215,,,,,,,,,,,,,,,,,,,,,,,,,,,,,,,,,,,,,,,,,,,,,I00802099
Q150732,Q110390606,,,,,,,,,,,,,,,,,,,,,,,,,,,,,,,,,,,,,,,,,,,,,I00764746
Q150733,Q110428882,,,,,,,,,,,,,,,,,,,,,,,,,,,,,,,,,,,,,,,,,,,,,I00743672
Q150734,Q110332989,,,,,,,,,,,,,,,,,,,,,,,,,,,,,,,,,,,,,,,,,,,,,I00743666
Q150735,Q110333006,,,,,,,,,,,,,,,,,,,,,,,,,,,,,,,,,,,,,,,,,,,,,I00743670
Q150736,Q110559633,,,,,,,,,,,,,,,,,,,,,,,,,,,,,,,,,,,,,,,,,,,,,I00743663
Q150737,Q110428896,,,,,,,,,,,,,,,,,,,,,,,,,,,,,,,,,,,,,,,,,,,,,I00743665
Q150738,Q116812638,,,,,,,,,,,,,,,,,,,,,,,,,,,,,,,,,,,,,,,,,,,,,I00760500
Q150739,Q112484707,,,,,,,,,,,,,,,,,,,,,,,,,,,,,,,,,,,,,,,,,,,,,I00694550
Q150740,Q110559714,,,,,,,,,,,,,,,,,,,,,,,,,,,,,,,,,,,,,,,,,,,,,I00618335
Q150741,Q110559548,,,,,,,,,,,,,,,,,,,,,,,,,,,,,,,,,,,,,,,,,,,,,I00618311
Q150742,Q116113109,,,,,,,,,,,,,,,,,,,,,,,,,,,,,,,,,,,,,,,,,,,,,I00759706
Q150743,Q110413541,,,,,,,,,,,,,,,,,,,,,,,,,,,,,,,,,,,,,,,,,,,,,I00711083
Q150744,Q112643796,,,,,,,,,,,,,,,,,,,,,,,,,,,,,,,,,,,,,,,,,,,,,I00706889
Q150745,Q110413596,,,,,,,,,,,,,,,,,,,,,,,,,,,,,,,,,,,,,,,,,,,,,I00711424
Q150746,Q130358716,,,,,,,,,,,,,,,,,,,,,,,,,,,,,,,,,,,,,,,,,,,,,I00774901
Q150747,Q116146096,,,,,,,,,,,,,,,,,,,,,,,,,,,,,,,,,,,,,,,,,,,,,I00774808
Q150748,Q131347169,,,,,,,,,,,,,,,,,,,,,,,,,,,,,,,,,,,,,,,,,,,,,I00759781
Q150749,Q110624011,,,,,,,,,,,,,,,,,,,,,,,,,,,,,,,,,,,,,,,,,,,,,I00759265
Q150750,Q133462321,,,,,,,,,,,,,,,,,,,,,,,,,,,,,,,,,,,,,,,,,,,,,I00761299
Q150751,Q75435132,,,,,,,,,,,,,,,,,,,,,,,,,,,,,,,,,,,,,,,,,p13978.htm#i139776,,,Tyrwhitt-12,I00666869
Q150752,Q75435133,,,,,,,,,,,,,,,,,,,,,,,,,,,,,,,,,,,,,,,,,p13978.htm#i139777,,,Kelke-1,I00666870
Q150753,Q75934238,,,,,,,,,,,,,,,,,,,,,,,,,,,,,,,,,,,,,,,,,p41264.htm#i412632,,,,
Q150754,Q75934239,,,,,,,,,,,,,,,,,,,,,,,,,,,,,,,,,,,,,,,,,p41264.htm#i412633,,,,
Q150755,Q7321851,,,,,,,,,,,,,,,,,,,,,,,,,,,,,,,,,,,,,,,,,p15191.htm#i151905,Rhys_Ap_Griffith_(2),,Ap_Gruffydd-42,I00311100
Q150756,Q112533785,,,,,,,,,,,,,,,,,,,,,,,,,,,,,,,,,,,,,,,,,,,,,I00755559
Q150757,Q76369348,,,,,,,,,,,,,,,,,,,,,,,,,,,,,,,,,,,,,,,,,p71638.htm#i716376,,,,
Q150758,Q76357114,,,,,,,,,,,,,,,,,,,,,,,,,,,,,,,,,,,,,,,,,p70949.htm#i709482,,,Leigh-1040,
Q150759,Q105814260,,,,,,,,,,,,,,,,,,,,,,,,,,,,,,,,,,,,,,,,,,,,Kynaston-11,I00322765
Q150760,Q110621843,,,,,,,,,,,,,,,,,,,,,,,,,,,,,,,,,,,,,,,,,,,,,I00689642
Q150761,Q110621863,,,,,,,,,,,,,,,,,,,,,,,,,,,,,,,,,,,,,,,,,,,,Wirriot-2,I00544826
Q150762,Q112610748,,,,,,,,,,,,,,,,,,,,,,,,,,,,,,,,,,,,,,,,,,,,,I00689640
Q150763,Q131342808,,,,,,,,,,,,,,,,,,,,,,,,,,,,,,,,,,,,,,,,,,,,,I00709003
Q150764,Q135525194,,,,,,,,,,,,,,,,,,,,,,,,,,,,,,,,,,,,,,,,,,,,,I00805547
Q150765,Q135525191,,,,,,,,,,,,,,,,,,,,,,,,,,,,,,,,,,,,,,,,,,,,,I00804152
Q150766,Q99067178,,,,,,,,,,,,,,,,,,,,,,,,,,,,,,,,,,,,,,,,,,,,,I00700875
Q150767,Q99066584,,,,,,,,,,,,,,,,,,,,,,,,,,,,,,,,,,,,,,,,,,,,Vaughan-1244,I00636984
Q150768,Q75905288,,,,,,,,,,,,,,,,,,,,,,,,,,,,,,,,,,,,,,,,,p39435.htm#i394348,,,Johnes-22,I00314000
Q150769,Q130358408,,,,,,,,,,,,,,,,,,,,,,,,,,,,,,,,,,,,,,,,,,,,,I00692418
Q150770,Q130358351,,,,,,,,,,,,,,,,,,,,,,,,,,,,,,,,,,,,,,,,,,,,,I00688216
Q150771,Q130358419,,,,,,,,,,,,,,,,,,,,,,,,,,,,,,,,,,,,,,,,,,,,,I00802863
Q150772,Q130358362,,,,,,,,,,,,,,,,,,,,,,,,,,,,,,,,,,,,,,,,,,,,,I00801823
Q150773,Q130358385,,,,,,,,,,,,,,,,,,,,,,,,,,,,,,,,,,,,,,,,,,,,,I00802848
Q150774,Q131342895,,,,,,,,,,,,,,,,,,,,,,,,,,,,,,,,,,,,,,,,,,,,,I00808009
Q150775,Q131347175,,,,,,,,,,,,,,,,,,,,,,,,,,,,,,,,,,,,,,,,,,,,,I00761261
Q150776,Q131347131,,,,,,,,,,,,,,,,,,,,,,,,,,,,,,,,,,,,,,,,,,,,,I00806091
Q150777,Q133462311,,,,,,,,,,,,,,,,,,,,,,,,,,,,,,,,,,,,,,,,,,,,,I00759264
Q150778,Q133462312,,,,,,,,,,,,,,,,,,,,,,,,,,,,,,,,,,,,,,,,,,,,,I00756853
Q150779,Q99239115,,,,,,,,,,,,,,,,,,,,,,,,,,,,,,,,,,,,,,,,,,,,,I00586437
Q150780,Q99239031,,,,,,,,,,,,,,,,,,,,,,,,,,,,,,,,,,,,,,,,,,,,,I00291771
Q150781,Q99239029,,,,,,,,,,,,,,,,,,,,,,,,,,,,,,,,,,,,,,,,,,,,,I00291775
Q150782,Q110623986,,,,,,,,,,,,,,,,,,,,,,,,,,,,,,,,,,,,,,,,,,,,,I00756778
Q150783,Q110624009,,,,,,,,,,,,,,,,,,,,,,,,,,,,,,,,,,,,,,,,,,,,,I00759779
Q150784,Q6261866,,,,,,,,,,,,,,,,,,,,,,,,,,,601630,,,,,,,,,,,,,,,,,,I00314003
Q150785,Q112610793,,,,,,,,,,,,,,,,,,,,,,,,,,,,,,,,,,,,,,,,,,,,,I00687791
Q150786,Q112610903,,,,,,,,,,,,,,,,,,,,,,,,,,,,,,,,,,,,,,,,,,,,,I00692209
Q150787,Q130358527,,,,,,,,,,,,,,,,,,,,,,,,,,,,,,,,,,,,,,,,,,,,,I00802805
Q150788,Q110428559,,,,,,,,,,,,,,,,,,,,,,,,,,,,,,,,,,,,,,,,,,,,,I00709830
Q150789,Q130359203,,,,,,,,,,,,,,,,,,,,,,,,,,,,,,,,,,,,,,,,,,,,,I00701143
Q150790,Q19298523,,,,,,,,,,,,,,,,,,,,,,,,,,,,,,,,,,,,,,,,,p39899.htm#i398981,,,Mansel-6,I00583293
Q150791,Q75912428,,,,,,,,,,,,,,,,,,,,,,,,,,,,,,,,,,,,,,,,,p39899.htm#i398984,,,Mansel-56,I00586404
Q150792,Q75988461,,,,,,,,,,,,,,,,,,,,,,,,,,,,,,,,,,,,,,,,,p45115.htm#i451149,,,,
Q150793,Q75988463,,,,,,,,,,,,,,,,,,,,,,,,,,,,,,,,,,,,,,,,,p45115.htm#i451150,,,,
Q150794,Q75988748,,,,,,,,,,,,,,,,,,,,,,,,,,,,,,,,,,,,,,,,,p45128.htm#i451272,,,Maunsell-108,
Q150795,Q75988749,,,,,,,,,,,,,,,,,,,,,,,,,,,,,,,,,,,,,,,,,p45128.htm#i451273,,,,
Q150796,Q75988750,,,,,,,,,,,,,,,,,,,,,,,,,,,,,,,,,,,,,,,,,p45128.htm#i451274,,,,I00583292
Q150797,Q110333022,,,,,,,,,,,,,,,,,,,,,,,,,,,,,,,,,,,,,,,,,,,,,I00259667
Q150798,Q110332827,,,,,,,,,,,,,,,,,,,,,,,,,,,,,,,,,,,,,,,,,,,,Scudamore-142,I00568583
Q150799,Q130340470,,,,,,,,,,,,,,,,,,,,,,,,,,,,,,,,,,,,,,,,,,,,,I00750823
Q150800,Q130340475,,,,,,,,,,,,,,,,,,,,,,,,,,,,,,,,,,,,,,,,,,,,,I00775379
Q150801,Q130340191,,,,,,,,,,,,,,,,,,,,,,,,,,,,,,,,,,,,,,,,,,,,,I00750824
Q150802,Q130340183,,,,,,,,,,,,,,,,,,,,,,,,,,,,,,,,,,,,,,,,,,,,,I00570135
Q150803,Q110622434,,,,,,,,,,,,,,,,,,,,,,,,,,,,,,,,,,,,,,,,,,,,,I00755739
Q150804,Q105814292,,,,,,,,,,,,,,,,,,,,,,,,,,,,,,,,,,,,,,,,,,,,,I00749758
Q150805,Q110621840,,,,,,,,,,,,,,,,,,,,,,,,,,,,,,,,,,,,,,,,,,,,,I00689641
Q150806,Q6264715,,,,,,,,,,,,,,,,,,,,,,,,,,,,,,,,,,,,,,,,,,,,Wogan-91,I00696642
Q150807,Q131342893,,,,,,,,,,,,,,,,,,,,,,,,,,,,,,,,,,,,,,,,,,,,,I00802215
Q150808,Q131347036,,,,,,,,,,,,,,,,,,,,,,,,,,,,,,,,,,,,,,,,,,,,,I00757212
Q150809,Q105803219,,,,,,,,,,,,,,,,,,,,,,,,,,,,,,,,,,,,,,,,,,,,,I00700004
Q150810,Q117306999,,,,,,,,,,,,,,,,,,,,,,,,,,,,,,,,,,,,,,,,,,,,,I00697209
Q150811,Q117306992,,,,,,,,,,,,,,,,,,,,,,,,,,,,,,,,,,,,,,,,,,,,,I00690074
Q150812,Q99800569,,,,,,,,,,,,,,,,,,,,,,,,,,,,,,,,,,,,,,,,,,,,Winchcombe-5,I00232087
Q150813,Q75769369,,,,,,,,,,,,,,,,,,,,,,,,,,,,,,,,,,,,,,,,,p32488.htm#i324873,,,Croft-21,I00048319
Q150814,Q75769374,,,,,,,,,,,,,,,,,,,,,,,,,,,,,,,,,,,,,,,,,p32488.htm#i324875,,,Croft-403,I00469437
Q150815,Q75771089,,,,,,,,,,,,,,,,,,,,,,,,,,,,,,,,,,,,,,,,,p32570.htm#i325697,,,,
Q150816,Q99799883,,,,,,,,,,,,,,,,,,,,,,,,,,,,,,,,,,,,,,,,,,,,Croft-602,I00616113
Q150817,Q112643797,,,,,,,,,,,,,,,,,,,,,,,,,,,,,,,,,,,,,,,,,,,,,I00692672
Q150818,Q116159003,,,,,,,,,,,,,,,,,,,,,,,,,,,,,,,,,,,,,,,,,,,,,I00048316
Q150819,Q105819578,,,,,,,,,,,,,,,,,,,,,,,,,,,,,,,,,,,,,,,,,,,,,I00715068
Q150820,Q116145623,,,,,,,,,,,,,,,,,,,,,,,,,,,,,,,,,,,,,,,,,,,,Awbrey-12,I00732601
Q150821,Q97531996,,,,,,,,,,,,,,,,,,,,,,,,,,,,,,,,,,,,,,,,,,,,,I00291747
Q150822,Q116812293,,,,,,,,,,,,,,,,,,,,,,,,,,,,,,,,,,,,,,,,,,,,,I00764777
Q150823,Q110412870,,,,,,,,,,,,,,,,,,,,,,,,,,,,,,,,,,,,,,,,,,,,,I00711932
Q150824,Q110412865,,,,,,,,,,,,,,,,,,,,,,,,,,,,,,,,,,,,,,,,,,,,,I00697234
Q150825,Q131347046,,,,,,,,,,,,,,,,,,,,,,,,,,,,,,,,,,,,,,,,,,,,,I00701582
Q150826,Q112610968,,,,,,,,,,,,,,,,,,,,,,,,,,,,,,,,,,,,,,,,,,,,,I00692218
Q150827,Q131346913,,,,,,,,,,,,,,,,,,,,,,,,,,,,,,,,,,,,,,,,,,,,,I00805790
Q150828,Q130358710,,,,,,,,,,,,,,,,,,,,,,,,,,,,,,,,,,,,,,,,,,,,,I00774899
Q150829,Q130358414,,,,,,,,,,,,,,,,,,,,,,,,,,,,,,,,,,,,,,,,,,,,,I00801812
Q150830,Q112610854,,,,,,,,,,,,,,,,,,,,,,,,,,,,,,,,,,,,,,,,,,,,,I00700834
Q150831,Q112610832,,,,,,,,,,,,,,,,,,,,,,,,,,,,,,,,,,,,,,,,,,,,,I00687793
Q150832,Q130358588,,,,,,,,,,,,,,,,,,,,,,,,,,,,,,,,,,,,,,,,,,,,,I00802856
Q150833,Q130358621,,,,,,,,,,,,,,,,,,,,,,,,,,,,,,,,,,,,,,,,,,,,,I00802851
Q150834,Q130358384,,,,,,,,,,,,,,,,,,,,,,,,,,,,,,,,,,,,,,,,,,,,,I00802842
Q150835,Q130358344,,,,,,,,,,,,,,,,,,,,,,,,,,,,,,,,,,,,,,,,,,,,,I00759256
Q150836,Q112610710,,,,,,,,,,,,,,,,,,,,,,,,,,,,,,,,,,,,,,,,,,,,,I00686818
Q150837,Q110623953,,,,,,,,,,,,,,,,,,,,,,,,,,,,,,,,,,,,,,,,,,,,,I00692409
Q150838,Q116812055,,,,,,,,,,,,,,,,,,,,,,,,,,,,,,,,,,,,,,,,,,,,,I00736984
Q150839,Q116146945,,,,,,,,,,,,,,,,,,,,,,,,,,,,,,,,,,,,,,,,,,,,,I00709773
Q150840,Q110622480,,,,,,,,,,,,,,,,,,,,,,,,,,,,,,,,,,,,,,,,,,,,,I00755526
Q150841,Q110622481,,,,,,,,,,,,,,,,,,,,,,,,,,,,,,,,,,,,,,,,,,,,,I00755527
Q150842,Q110622485,,,,,,,,,,,,,,,,,,,,,,,,,,,,,,,,,,,,,,,,,,,,,I00755212
Q150843,Q110413648,,,,,,,,,,,,,,,,,,,,,,,,,,,,,,,,,,,,,,,,,,,,,I00708737
Q150844,Q131346925,,,,,,,,,,,,,,,,,,,,,,,,,,,,,,,,,,,,,,,,,,,,,I00805807
Q150845,Q110622405,,,,,,,,,,,,,,,,,,,,,,,,,,,,,,,,,,,,,,,,,,,,,I00708404
Q150846,Q110412817,,,,,,,,,,,,,,,,,,,,,,,,,,,,,,,,,,,,,,,,,,,,,I00691930
Q150847,Q110412814,,,,,,,,,,,,,,,,,,,,,,,,,,,,,,,,,,,,,,,,,,,,,I00687659
Q150848,Q76186100,,,,,,,,,,,,,,,,,,,,,,,,,,,,,,,,,,,,,,,,,p58985.htm#i589847,,,Newton-1146,I00198928
Q150849,Q110622476,,,,,,,,,,,,,,,,,,,,,,,,,,,,,,,,,,,,,,,,,,,,,I00710090
Q150850,Q110413202,,,,,,,,,,,,,,,,,,,,,,,,,,,,,,,,,,,,,,,,,,,,,I00710073
Q150851,Q129168805,,,,,,,,,,,,,,,,,,,,,,,,,,,,,,,,,,,,,,,,,,,,,I00707725
Q150852,Q99239139,,,,,,,,,,,,,,,,,,,,,,,,,,,,,,,,,,,,,,,,,,,,,I00706558
Q150853,Q110622413,,,,,,,,,,,,,,,,,,,,,,,,,,,,,,,,,,,,,,,,,,,,,I00708407
Q150854,Q99239122,,,,,,,,,,,,,,,,,,,,,,,,,,,,,,,,,,,,,,,,,,,,,I00700163
Q150855,Q105805937,,,,,,,,,,,,,,,,,,,,,,,,,,,,,,,,,,,,,,,,,,,,,I00696729
Q150856,Q110622430,,,,,,,,,,,,,,,,,,,,,,,,,,,,,,,,,,,,,,,,,,,,,I00700792
Q150857,Q110622444,,,,,,,,,,,,,,,,,,,,,,,,,,,,,,,,,,,,,,,,,,,,,I00700797
Q150858,Q131346837,,,,,,,,,,,,,,,,,,,,,,,,,,,,,,,,,,,,,,,,,,,,,I00700229
Q150859,Q110622490,,,,,,,,,,,,,,,,,,,,,,,,,,,,,,,,,,,,,,,,,,,,,I00708731
Q150860,Q110622491,,,,,,,,,,,,,,,,,,,,,,,,,,,,,,,,,,,,,,,,,,,,,I00708732
Q150861,Q110622424,,,,,,,,,,,,,,,,,,,,,,,,,,,,,,,,,,,,,,,,,,,,,I00696678
Q150862,Q110622418,,,,,,,,,,,,,,,,,,,,,,,,,,,,,,,,,,,,,,,,,,,,,I00696636
Q150863,Q112610912,,,,,,,,,,,,,,,,,,,,,,,,,,,,,,,,,,,,,,,,,,,,,I00689649
Q150864,Q129168806,,,,,,,,,,,,,,,,,,,,,,,,,,,,,,,,,,,,,,,,,,,,,I00696484
Q150865,Q110636973,,,,,,,,,,,,,,,,,,,,,,,,,,,,,,,,,,,,,,,,,,,,,I00760173
Q150866,Q110635921,,,,,,,,,,,,,,,,,,,,,,,,,,,,,,,,,,,,,,,,,,,,,I00708767
Q150867,Q110635919,,,,,,,,,,,,,,,,,,,,,,,,,,,,,,,,,,,,,,,,,,,,,I00700871
Q150868,Q110635534,,,,,,,,,,,,,,,,,,,,,,,,,,,,,,,,,,,,,,,,,,,,,I00692695
Q150869,Q117378856,,,,,,,,,,,,,,,,,,,,,,,,,,,,,,,,,,,,,,,,,,,,,I00692222
Q150870,Q112610848,,,,,,,,,,,,,,,,,,,,,,,,,,,,,,,,,,,,,,,,,,,,,I00696901
Q150871,Q130358382,,,,,,,,,,,,,,,,,,,,,,,,,,,,,,,,,,,,,,,,,,,,,I00802804
Q150872,Q131342918,,,,,,,,,,,,,,,,,,,,,,,,,,,,,,,,,,,,,,,,,,,,,I00806199
Q150873,Q131346891,,,,,,,,,,,,,,,,,,,,,,,,,,,,,,,,,,,,,,,,,,,,,I00708401
Q150874,Q131346859,,,,,,,,,,,,,,,,,,,,,,,,,,,,,,,,,,,,,,,,,,,,,I00807843
Q150875,Q112610756,,,,,,,,,,,,,,,,,,,,,,,,,,,,,,,,,,,,,,,,,,,,,I00696639
Q150876,Q131346900,,,,,,,,,,,,,,,,,,,,,,,,,,,,,,,,,,,,,,,,,,,,,I00805802
Q150877,Q130340856,,,,,,,,,,,,,,,,,,,,,,,,,,,,,,,,,,,,,,,,,,,,,I00777727
Q150878,Q130340791,,,,,,,,,,,,,,,,,,,,,,,,,,,,,,,,,,,,,,,,,,,,,I00777724
Q150879,Q130340874,,,,,,,,,,,,,,,,,,,,,,,,,,,,,,,,,,,,,,,,,,,,,I00701119
Q150880,Q110623933,,,,,,,,,,,,,,,,,,,,,,,,,,,,,,,,,,,,,,,,,,,,,I00692402
Q150881,Q56176617,,,,,,,,,,,,,,,,,,,,,,,,,,,,,,,,,,,,,,,,,,,,Griffith-576,I00699974
Q150882,Q96244019,,,,,,,,,,,,,,,,,,,,,,,,,,,,,,,,,,,,,,,,,,,,,I00400574
Q150883,Q76214393,,,,,,,,,,,,,,,,,,,,,,,,,,,,,,,,,,,,,,,,,p60997.htm#i609965,,,,I00696161
Q150884,Q110636987,,,,,,,,,,,,,,,,,,,,,,,,,,,,,,,,,,,,,,,,,,,,,I00709924
Q150885,Q91206413,,,,,,,,,,,,,,,,,,,,,,,,,,,,,,,,,,,,,,,,,,,,Ap_Gruffydd-60,I00691850
Q150886,Q110636781,,,,,,,,,,,,,,,,,,,,,,,,,,,,,,,,,,,,,,,,,,,,,I00701579
Q150887,Q99302461,,,,,,,,,,,,,,,,,,,,,,,,,,,,,,,,,,,,,,,,,,,,,I00700055
Q150888,Q110388775,,,,,,,,,,,,,,,,,,,,,,,,,,,,,,,,,,,,,,,,,,,,,I00697596
Q150889,Q110413992,,,,,,,,,,,,,,,,,,,,,,,,,,,,,,,,,,,,,,,,,,,,,I00750833
Q150890,Q130635527,,,,,,,,,,,,,,,,,,,,,,,,,,,,,,,,,,,,,,,,,,,,,I00754430
Q150891,Q110414096,,,,,,,,,,,,,,,,,,,,,,,,,,,,,,,,,,,,,,,,,,,,,I00711662
Q150892,Q116478713,,,,,,,,,,,,,,,,,,,,,,,,,,,,,,,,,,,,,,,,,,,,,I00711770
Q150893,Q105814219,,,,,,,,,,,,,,,,,,,,,,,,,,,,,,,,,,,,,,,,,,,,,I00750295
Q150894,Q105814335,,,,,,,,,,,,,,,,,,,,,,,,,,,,,,,,,,,,,,,,,,,,,I00749754
Q150895,Q105814255,,,,,,,,,,,,,,,,,,,,,,,,,,,,,,,,,,,,,,,,,,,,,I00697190
Q150896,Q110414064,,,,,,,,,,,,,,,,,,,,,,,,,,,,,,,,,,,,,,,,,,,,,I00701527
Q150897,Q110414054,,,,,,,,,,,,,,,,,,,,,,,,,,,,,,,,,,,,,,,,,,,,,I00692673
Q150898,Q133461814,,,,,,,,,,,,,,,,,,,,,,,,,,,,,,,,,,,,,,,,,,,,,I00788940
Q150899,Q133461810,,,,,,,,,,,,,,,,,,,,,,,,,,,,,,,,,,,,,,,,,,,,,I00788923
Q150900,Q133461299,,,,,,,,,,,,,,,,,,,,,,,,,,,,,,,,,,,,,,,,,,,,,I00701085
Q150901,Q116146630,,,,,,,,,,,,,,,,,,,,,,,,,,,,,,,,,,,,,,,,,,,,,I00696875
Q150902,Q133461092,,,,,,,,,,,,,,,,,,,,,,,,,,,,,,,,,,,,,,,,,,,,,I00757200
Q150903,Q133461087,,,,,,,,,,,,,,,,,,,,,,,,,,,,,,,,,,,,,,,,,,,,,I00757180
Q150904,Q133461205,,,,,,,,,,,,,,,,,,,,,,,,,,,,,,,,,,,,,,,,,,,,,I00759632
Q150905,Q133461657,,,,,,,,,,,,,,,,,,,,,,,,,,,,,,,,,,,,,,,,,,,,,I00803762
Q150906,Q133461614,,,,,,,,,,,,,,,,,,,,,,,,,,,,,,,,,,,,,,,,,,,,,I00803759
Q150907,Q133461635,,,,,,,,,,,,,,,,,,,,,,,,,,,,,,,,,,,,,,,,,,,,,I00696858
Q150908,Q133462315,,,,,,,,,,,,,,,,,,,,,,,,,,,,,,,,,,,,,,,,,,,,,I00761304
Q150909,Q131138739,,,,,,,,,,,,,,,,,,,,,,,,,,,,,,,,,,,,,,,,,,,,,I00775403
Q150910,Q133461832,,,,,,,,,,,,,,,,,,,,,,,,,,,,,,,,,,,,,,,,,,,,,I00788932
Q150911,Q130358912,,,,,,,,,,,,,,,,,,,,,,,,,,,,,,,,,,,,,,,,,,,,,I00710121
Q150912,Q130358910,,,,,,,,,,,,,,,,,,,,,,,,,,,,,,,,,,,,,,,,,,,,,I00696904
Q150913,Q133461602,,,,,,,,,,,,,,,,,,,,,,,,,,,,,,,,,,,,,,,,,,,,,I00803768
Q150914,Q110413703,,,,,,,,,,,,,,,,,,,,,,,,,,,,,,,,,,,,,,,,,,,,,I00711753
Q150915,Q130358531,,,,,,,,,,,,,,,,,,,,,,,,,,,,,,,,,,,,,,,,,,,,,I00789999
Q150916,Q130358529,,,,,,,,,,,,,,,,,,,,,,,,,,,,,,,,,,,,,,,,,,,,,I00802806
Q150917,Q133461668,,,,,,,,,,,,,,,,,,,,,,,,,,,,,,,,,,,,,,,,,,,,,I00803774
Q150918,Q110414082,,,,,,,,,,,,,,,,,,,,,,,,,,,,,,,,,,,,,,,,,,,,,I00711462
Q150919,Q130358544,,,,,,,,,,,,,,,,,,,,,,,,,,,,,,,,,,,,,,,,,,,,,I00790005
Q150920,Q116146774,,,,,,,,,,,,,,,,,,,,,,,,,,,,,,,,,,,,,,,,,,,,,I00709783
Q150921,Q116146627,,,,,,,,,,,,,,,,,,,,,,,,,,,,,,,,,,,,,,,,,,,,,I00696874
Q150922,Q133461323,,,,,,,,,,,,,,,,,,,,,,,,,,,,,,,,,,,,,,,,,,,,,I00768364
Q150923,Q5991113,,,,,,,,,,,,,,,,,,,,,,,,,,,,,,,,,,,,,,,,,p61058.htm#i610579,Ieuan_Ap_Robert_(1),,Ap_Robert-8,I00499073
Q150924,Q110441305,,,,,,,,,,,,,,,,,,,,,,,,,,,,,,,,,,,,,,,,,,,,,I00750088
Q150925,Q116155941,,,,,,,,,,,,,,,,,,,,,,,,,,,,,,,,,,,,,,,,,,,,,I00740116
Q150926,Q110290596,,,,,,,,,,,,,,,,,,,,,,,,,,,,,,,,,,,,,,,,,,,,,I00749971
Q150927,Q131347143,,,,,,,,,,,,,,,,,,,,,,,,,,,,,,,,,,,,,,,,,,,,,I00795958
Q150928,Q133462116,,,,,,,,,,,,,,,,,,,,,,,,,,,,,,,,,,,,,,,,,,,,,I00788893
Q150929,Q110414067,,,,,,,,,,,,,,,,,,,,,,,,,,,,,,,,,,,,,,,,,,,,,I00760699
Q150930,Q116470720,,,,,,,,,,,,,,,,,,,,,,,,,,,,,,,,,,,,,,,,,,,,,I00714616
Q150931,Q116469784,,,,,,,,,,,,,,,,,,,,,,,,,,,,,,,,,,,,,,,,,,,,,I00714669
Q150932,Q116469792,,,,,,,,,,,,,,,,,,,,,,,,,,,,,,,,,,,,,,,,,,,,,I00702756
Q150933,Q130358945,,,,,,,,,,,,,,,,,,,,,,,,,,,,,,,,,,,,,,,,,,,,,I00696882
Q150934,Q130358977,,,,,,,,,,,,,,,,,,,,,,,,,,,,,,,,,,,,,,,,,,,,,I00696886
Q150935,Q116478717,,,,,,,,,,,,,,,,,,,,,,,,,,,,,,,,,,,,,,,,,,,,,I00755127
Q150936,Q116478668,,,,,,,,,,,,,,,,,,,,,,,,,,,,,,,,,,,,,,,,,,,,,I00755114
Q150937,Q131138715,,,,,,,,,,,,,,,,,,,,,,,,,,,,,,,,,,,,,,,,,,,,,I00793452
Q150938,Q133461597,,,,,,,,,,,,,,,,,,,,,,,,,,,,,,,,,,,,,,,,,,,,,I00803778
Q150939,Q133462306,,,,,,,,,,,,,,,,,,,,,,,,,,,,,,,,,,,,,,,,,,,,,I00759267
Q150940,Q99302453,,,,,,,,,,,,,,,,,,,,,,,,,,,,,,,,,,,,,,,,,,,,,I00700609
Q150941,Q99302455,,,,,,,,,,,,,,,,,,,,,,,,,,,,,,,,,,,,,,,,,,,,,I00700610
Q150942,Q99302445,,,,,,,,,,,,,,,,,,,,,,,,,,,,,,,,,,,,,,,,,,,,,I00692138
Q150943,Q99302390,,,,,,,,,,,,,,,,,,,,,,,,,,,,,,,,,,,,,,,,,,,,,I00697616
Q150944,Q110412941,,,,,,,,,,,,,,,,,,,,,,,,,,,,,,,,,,,,,,,,,,,,,I00700154
Q150945,Q76014362,,,,,,,,,,,,,,,,,,,,,,,,,,,,,,,,,,,,,,,,,p46818.htm#i468172,,,,I00478903
Q150946,Q116108964,,,,,,,,,,,,,,,,,,,,,,,,,,,,,,,,,,,,,,,,,,,,,I00701563
Q150947,Q116478709,,,,,,,,,,,,,,,,,,,,,,,,,,,,,,,,,,,,,,,,,,,,,I00751343
Q150948,Q130340452,,,,,,,,,,,,,,,,,,,,,,,,,,,,,,,,,,,,,,,,,,,,,I00757851
Q150949,Q106703053,,,,,,,,,,,,,,,,,,,,,,,,,,,,,,,,,,,,,,,,,,,,,I00701651
Q150950,Q116054653,,,,,,,,,,,,,,,,,,,,,,,,,,,,,,,,,,,,,,,,,,,,,I00702275
Q150951,Q116146753,,,,,,,,,,,,,,,,,,,,,,,,,,,,,,,,,,,,,,,,,,,,,I00701108
Q150952,Q112643848,,,,,,,,,,,,,,,,,,,,,,,,,,,,,,,,,,,,,,,,,,,,,I00701542
Q150953,Q116054658,,,,,,,,,,,,,,,,,,,,,,,,,,,,,,,,,,,,,,,,,,,,,I00702277
Q150954,Q133461322,,,,,,,,,,,,,,,,,,,,,,,,,,,,,,,,,,,,,,,,,,,,,I00768368
Q150955,Q133462112,,,,,,,,,,,,,,,,,,,,,,,,,,,,,,,,,,,,,,,,,,,,,I00788900
Q150956,Q130358582,,,,,,,,,,,,,,,,,,,,,,,,,,,,,,,,,,,,,,,,,,,,,I00709756
Q150957,Q130358576,,,,,,,,,,,,,,,,,,,,,,,,,,,,,,,,,,,,,,,,,,,,,I00802868
Q150958,Q131138748,,,,,,,,,,,,,,,,,,,,,,,,,,,,,,,,,,,,,,,,,,,,,I00775380
Q150959,Q110413113,,,,,,,,,,,,,,,,,,,,,,,,,,,,,,,,,,,,,,,,,,,,,I00048326
Q150960,Q110413123,,,,,,,,,,,,,,,,,,,,,,,,,,,,,,,,,,,,,,,,,,,,,I00048327
Q150961,Q133461314,,,,,,,,,,,,,,,,,,,,,,,,,,,,,,,,,,,,,,,,,,,,,I00757245
Q150962,Q133461296,,,,,,,,,,,,,,,,,,,,,,,,,,,,,,,,,,,,,,,,,,,,,I00709789
Q150963,Q133461294,,,,,,,,,,,,,,,,,,,,,,,,,,,,,,,,,,,,,,,,,,,,,I00701084
Q150964,Q133461334,,,,,,,,,,,,,,,,,,,,,,,,,,,,,,,,,,,,,,,,,,,,,I00768381
Q150965,Q133461340,,,,,,,,,,,,,,,,,,,,,,,,,,,,,,,,,,,,,,,,,,,,,I00768372
Q150966,Q133461319,,,,,,,,,,,,,,,,,,,,,,,,,,,,,,,,,,,,,,,,,,,,,I00750569
Q150967,Q130358913,,,,,,,,,,,,,,,,,,,,,,,,,,,,,,,,,,,,,,,,,,,,,I00710122
Q150968,Q133461012,,,,,,,,,,,,,,,,,,,,,,,,,,,,,,,,,,,,,,,,,,,,,I00757360
Q150969,Q116470782,,,,,,,,,,,,,,,,,,,,,,,,,,,,,,,,,,,,,,,,,,,,,I00761378
Q150970,Q112610943,,,,,,,,,,,,,,,,,,,,,,,,,,,,,,,,,,,,,,,,,,,,,I00700858
Q150971,Q112610933,,,,,,,,,,,,,,,,,,,,,,,,,,,,,,,,,,,,,,,,,,,,,I00692215
Q150972,Q130342851,,,,,,,,,,,,,,,,,,,,,,,,,,,,,,,,,,,,,,,,,,,,,I00708978
Q150973,Q112610948,,,,,,,,,,,,,,,,,,,,,,,,,,,,,,,,,,,,,,,,,,,,,I00700859
Q150974,Q130342854,,,,,,,,,,,,,,,,,,,,,,,,,,,,,,,,,,,,,,,,,,,,,I00708981
Q150975,Q130342857,,,,,,,,,,,,,,,,,,,,,,,,,,,,,,,,,,,,,,,,,,,,,I00760723
Q150976,Q76154310,,,,,,,,,,,,,,,,,,,,,,,,,,,,,,,,,,,,,,,,,p56809.htm#i568090,,,Phillips-771,I00346967
Q150977,Q110623930,,,,,,,,,,,,,,,,,,,,,,,,,,,,,,,,,,,,,,,,,,,,,I00689758
Q150978,Q130358383,,,,,,,,,,,,,,,,,,,,,,,,,,,,,,,,,,,,,,,,,,,,,I00802841
Q150979,Q131346848,,,,,,,,,,,,,,,,,,,,,,,,,,,,,,,,,,,,,,,,,,,,,I00806313
Q150980,Q130358722,,,,,,,,,,,,,,,,,,,,,,,,,,,,,,,,,,,,,,,,,,,,,I00708504
Q150981,Q130358723,,,,,,,,,,,,,,,,,,,,,,,,,,,,,,,,,,,,,,,,,,,,,I00774819
Q150982,Q112610955,,,,,,,,,,,,,,,,,,,,,,,,,,,,,,,,,,,,,,,,,,,,,I00692217
Q150983,Q130358378,,,,,,,,,,,,,,,,,,,,,,,,,,,,,,,,,,,,,,,,,,,,,I00802801
Q150984,Q112610785,,,,,,,,,,,,,,,,,,,,,,,,,,,,,,,,,,,,,,,,,,,,,I00700810
Q150985,Q112610779,,,,,,,,,,,,,,,,,,,,,,,,,,,,,,,,,,,,,,,,,,,,,I00692196
Q150986,Q99159369,,,,,,,,,,,,,,,,,,,,,,,,,,,,,,,,,,,,,,,,,,,,,I00419061
Q150987,Q122260462,,,,,,,,,,,,,,,,,,,,,,,,,,,,,,,,,,,,,,,,,,,,,I00650224
Q150988,Q122260513,,,,,,,,,,,,,,,,,,,,,,,,,,,,,,,,,,,,,,,,,,,,,I00322446
Q150989,Q128852668,,,,,,,,,,,,,,,,,,,,,,,,,,,,,,,,,,,,,,,,,,,,Mathew-536,I00751933
Q150990,Q130358337,,,,,,,,,,,,,,,,,,,,,,,,,,,,,,,,,,,,,,,,,,,,,I00802799
Q150991,Q110623949,,,,,,,,,,,,,,,,,,,,,,,,,,,,,,,,,,,,,,,,,,,,,I00689762
Q150992,Q131347132,,,,,,,,,,,,,,,,,,,,,,,,,,,,,,,,,,,,,,,,,,,,,I00759266
Q150993,Q116114432,,,,,,,,,,,,,,,,,,,,,,,,,,,,,,,,,,,,,,,,,,,,,I00696264
Q150994,Q110412821,,,,,,,,,,,,,,,,,,,,,,,,,,,,,,,,,,,,,,,,,,,,,I00689434
Q150995,Q133461084,,,,,,,,,,,,,,,,,,,,,,,,,,,,,,,,,,,,,,,,,,,,,I00757178
Q150996,Q99085546,,,,,,,,,,,,,,,,,,,,,,,,,,,,,,,,,,,,,,,,,,,,,I00708797
Q150997,Q99067253,,,,,,,,,,,,,,,,,,,,,,,,,,,,,,,,,,,,,,,,,,,,,I00708791
Q150998,Q110428550,,,,,,,,,,,,,,,,,,,,,,,,,,,,,,,,,,,,,,,,,,,,,I00701093
Q150999,Q116146732,,,,,,,,,,,,,,,,,,,,,,,,,,,,,,,,,,,,,,,,,,,,,I00701104
Q151000,Q117307047,,,,,,,,,,,,,,,,,,,,,,,,,,,,,,,,,,,,,,,,,,,,,I00761067
Q151001,Q130358984,,,,,,,,,,,,,,,,,,,,,,,,,,,,,,,,,,,,,,,,,,,,,I00701130
Q151002,Q130359227,,,,,,,,,,,,,,,,,,,,,,,,,,,,,,,,,,,,,,,,,,,,,I00774686
Q151003,Q130359219,,,,,,,,,,,,,,,,,,,,,,,,,,,,,,,,,,,,,,,,,,,,,I00774695
Q151004,Q110560235,,,,,,,,,,,,,,,,,,,,,,,,,,,,,,,,,,,,,,,,,,,,,I00690060
Q151005,Q129168280,,,,,,,,,,,,,,,,,,,,,,,,,,,,,,,,,,,,,,,,,,,,,I00749876
Q151006,Q116178153,,,,,,,,,,,,,,,,,,,,,,,,,,,,,,,,,,,,,,,,,,,,,I00764701
Q151007,Q116178233,,,,,,,,,,,,,,,,,,,,,,,,,,,,,,,,,,,,,,,,,,,,,I00708774
Q151008,Q116812475,,,,,,,,,,,,,,,,,,,,,,,,,,,,,,,,,,,,,,,,,,,,,I00764541
Q151009,Q130358958,,,,,,,,,,,,,,,,,,,,,,,,,,,,,,,,,,,,,,,,,,,,,I00709988
Q151010,Q131741097,,,,,,,,,,,,,,,,,,,,,,,,,,,,,,,,,,,,,,,,,,,,,I00764876
Q151011,Q131741066,,,,,,,,,,,,,,,,,,,,,,,,,,,,,,,,,,,,,,,,,,,,,I00754579
Q151012,Q131741009,,,,,,,,,,,,,,,,,,,,,,,,,,,,,,,,,,,,,,,,,,,,,I00764801
Q151013,Q116812260,,,,,,,,,,,,,,,,,,,,,,,,,,,,,,,,,,,,,,,,,,,,,I00777377
Q151014,Q116812253,,,,,,,,,,,,,,,,,,,,,,,,,,,,,,,,,,,,,,,,,,,,,I00777328
Q151015,Q116812288,,,,,,,,,,,,,,,,,,,,,,,,,,,,,,,,,,,,,,,,,,,,,I00777340
Q151016,Q116812284,,,,,,,,,,,,,,,,,,,,,,,,,,,,,,,,,,,,,,,,,,,,,I00777331
Q151017,Q116812295,,,,,,,,,,,,,,,,,,,,,,,,,,,,,,,,,,,,,,,,,,,,,I00764784
Q151018,Q116027271,,,,,,,,,,,,,,,,,,,,,,,,,,,,,,,,,,,,,,,,,,,,,I00693389
Q151019,Q116470822,,,,,,,,,,,,,,,,,,,,,,,,,,,,,,,,,,,,,,,,,,,,,I00776241
Q151020,Q122361619,,,,,,,,,,,,,,,,,,,,,,,,,,,,,,,,,,,,,,,,,,,,,I00776050
Q151021,Q133461559,,,,,,,,,,,,,,,,,,,,,,,,,,,,,,,,,,,,,,,,,,,,,I00755522
Q151022,Q76204604,,,,,,,,,,,,,,,,,,,,,,,,,,,,,,,,,,,,,,,,,p60229.htm#i602282,,,,I00804972
Q151023,Q130339034,,,,,,,,,,,,,,,,,,,,,,,,,,,,,,,,,,,,,,,,,,,,,I00757312
Q151024,Q116054900,,,,,,,,,,,,,,,,,,,,,,,,,,,,,,,,,,,,,,,,,,,,,I00760878
Q151025,Q116054815,,,,,,,,,,,,,,,,,,,,,,,,,,,,,,,,,,,,,,,,,,,,,I00710091
Q151026,Q116108833,,,,,,,,,,,,,,,,,,,,,,,,,,,,,,,,,,,,,,,,,,,,,I00707158
Q151027,Q116114475,,,,,,,,,,,,,,,,,,,,,,,,,,,,,,,,,,,,,,,,,,,,,I00760379
Q151028,Q130339036,,,,,,,,,,,,,,,,,,,,,,,,,,,,,,,,,,,,,,,,,,,,,I00757325
Q151029,Q130340310,,,,,,,,,,,,,,,,,,,,,,,,,,,,,,,,,,,,,,,,,,,,,I00760879
Q151030,Q130340308,,,,,,,,,,,,,,,,,,,,,,,,,,,,,,,,,,,,,,,,,,,,,I00775258
Q151031,Q116115092,,,,,,,,,,,,,,,,,,,,,,,,,,,,,,,,,,,,,,,,,,,,,I00706221
Q151032,Q112532455,,,,,,,,,,,,,,,,,,,,,,,,,,,,,,,,,,,,,,,,,,,,,I00760169
Q151033,Q106703123,,,,,,,,,,,,,,,,,,,,,,,,,,,,,,,,,,,,,,,,,,,,,I00753771
Q151034,Q106703099,,,,,,,,,,,,,,,,,,,,,,,,,,,,,,,,,,,,,,,,,,,,,I00708096
Q151035,Q106703049,,,,,,,,,,,,,,,,,,,,,,,,,,,,,,,,,,,,,,,,,,,,Ap_Dafydd-34,I00684969
Q151036,Q110585395,,,,,,,,,,,,,,,,,,,,,,,,,,,,,,,,,,,,,,,,,,,,,I00708144
Q151037,Q110585392,,,,,,,,,,,,,,,,,,,,,,,,,,,,,,,,,,,,,,,,,,,,,I00708216
Q151038,Q110585444,,,,,,,,,,,,,,,,,,,,,,,,,,,,,,,,,,,,,,,,,,,,,I00707900
Q151039,Q76214367,,,,,,,,,,,,,,,,,,,,,,,,,,,,,,,,,,,,,,,,,p60995.htm#i609944,Efa_Unknown_(12),,Ferch_Gruffydd-13,I00713693
Q151040,Q110441757,,,,,,,,,,,,,,,,,,,,,,,,,,,,,,,,,,,,,,,,,,,,,I00750933
Q151041,Q110635341,,,,,,,,,,,,,,,,,,,,,,,,,,,,,,,,,,,,,,,,,,,,,I00764521
Q151042,Q99070379,,,,,,,,,,,,,,,,,,,,,,,,,,,,,,,,,,,,,,,,,,,,,I00706205
Q151043,Q116115071,,,,,,,,,,,,,,,,,,,,,,,,,,,,,,,,,,,,,,,,,,,,,I00775224
Q151044,Q110636456,,,,,,,,,,,,,,,,,,,,,,,,,,,,,,,,,,,,,,,,,,,,,I00751806
Q151045,Q112531554,,,,,,,,,,,,,,,,,,,,,,,,,,,,,,,,,,,,,,,,,,,,,I00749629
Q151046,Q75961222,,,,,,,,,,,,,,,,,,,,,,,,,,,,,,,,,,,,,,,,,p43221.htm#i432207,,,,I00711798
Q151047,Q116147493,,,,,,,,,,,,,,,,,,,,,,,,,,,,,,,,,,,,,,,,,,,,,I00762389
Q151048,Q116055548,,,,,,,,,,,,,,,,,,,,,,,,,,,,,,,,,,,,,,,,,,,,,I00713238
Q151049,Q110636571,,,,,,,,,,,,,,,,,,,,,,,,,,,,,,,,,,,,,,,,,,,,,I00749175
Q151050,Q75961218,,,,,,,,,,,,,,,,,,,,,,,,,,,,,,,,,,,,,,,,,p43221.htm#i432204,,,,I00749171
Q151051,Q112531533,,,,,,,,,,,,,,,,,,,,,,,,,,,,,,,,,,,,,,,,,,,,,I00769329
Q151052,Q99070257,,,,,,,,,,,,,,,,,,,,,,,,,,,,,,,,,,,,,,,,,,,,,I00710144
Q151053,Q110635203,,,,,,,,,,,,,,,,,,,,,,,,,,,,,,,,,,,,,,,,,,,,,I00749212
Q151054,Q110635457,,,,,,,,,,,,,,,,,,,,,,,,,,,,,,,,,,,,,,,,,,,,,I00759878
Q151055,Q99302436,,,,,,,,,,,,,,,,,,,,,,,,,,,,,,,,,,,,,,,,,,,,,I00701070
Q151056,Q133462162,,,,,,,,,,,,,,,,,,,,,,,,,,,,,,,,,,,,,,,,,,,,,I00789007
Q151057,Q106703520,,,,,,,,,,,,,,,,,,,,,,,,,,,,,,,,,,,,,,,,,,,,,I00710223
Q151058,Q110441664,,,,,,,,,,,,,,,,,,,,,,,,,,,,,,,,,,,,,,,,,,,,,I00750155
Q151059,Q110441304,,,,,,,,,,,,,,,,,,,,,,,,,,,,,,,,,,,,,,,,,,,,,I00750092
Q151060,Q110636656,,,,,,,,,,,,,,,,,,,,,,,,,,,,,,,,,,,,,,,,,,,,,I00738334
Q151061,Q110635733,,,,,,,,,,,,,,,,,,,,,,,,,,,,,,,,,,,,,,,,,,,,,I00751263
Q151062,Q110067840,,,,,,,,,,,,,,,,,,,,,,,,,,,,,,,,,,,,,,,,,,,,,I00711472
Q151063,Q110635335,,,,,,,,,,,,,,,,,,,,,,,,,,,,,,,,,,,,,,,,,,,,,I00750114
Q151064,Q130339177,,,,,,,,,,,,,,,,,,,,,,,,,,,,,,,,,,,,,,,,,,,,,I00760990
Q151065,Q130339229,,,,,,,,,,,,,,,,,,,,,,,,,,,,,,,,,,,,,,,,,,,,,I00711832
Q151066,Q116478347,,,,,,,,,,,,,,,,,,,,,,,,,,,,,,,,,,,,,,,,,,,,,I00756326
Q151067,Q116147711,,,,,,,,,,,,,,,,,,,,,,,,,,,,,,,,,,,,,,,,,,,,,I00750250
Q151068,Q110636288,,,,,,,,,,,,,,,,,,,,,,,,,,,,,,,,,,,,,,,,,,,,,I00706184
Q151069,Q110290663,,,,,,,,,,,,,,,,,,,,,,,,,,,,,,,,,,,,,,,,,,,,,I00754157
Q151070,Q116477682,,,,,,,,,,,,,,,,,,,,,,,,,,,,,,,,,,,,,,,,,,,,,I00753265
Q151071,Q110636753,,,,,,,,,,,,,,,,,,,,,,,,,,,,,,,,,,,,,,,,,,,,,I00713466
Q151072,Q110441437,,,,,,,,,,,,,,,,,,,,,,,,,,,,,,,,,,,,,,,,,,,,,I00755264
Q151073,Q110290368,,,,,,,,,,,,,,,,,,,,,,,,,,,,,,,,,,,,,,,,,,,,,I00713462
Q151074,Q110441445,,,,,,,,,,,,,,,,,,,,,,,,,,,,,,,,,,,,,,,,,,,,,I00749825
Q151075,Q130338999,,,,,,,,,,,,,,,,,,,,,,,,,,,,,,,,,,,,,,,,,,,,,I00758165
Q151076,Q130338997,,,,,,,,,,,,,,,,,,,,,,,,,,,,,,,,,,,,,,,,,,,,,I00758160
Q151077,Q130339163,,,,,,,,,,,,,,,,,,,,,,,,,,,,,,,,,,,,,,,,,,,,,I00758213
Q151078,Q112532374,,,,,,,,,,,,,,,,,,,,,,,,,,,,,,,,,,,,,,,,,,,,,I00760050
Q151079,Q116113674,,,,,,,,,,,,,,,,,,,,,,,,,,,,,,,,,,,,,,,,,,,,,I00706217
Q151080,Q116114890,,,,,,,,,,,,,,,,,,,,,,,,,,,,,,,,,,,,,,,,,,,,,I00762539
Q151081,Q116109055,,,,,,,,,,,,,,,,,,,,,,,,,,,,,,,,,,,,,,,,,,,,,I00707131
Q151082,Q116109080,,,,,,,,,,,,,,,,,,,,,,,,,,,,,,,,,,,,,,,,,,,,,I00707125
Q151083,Q116114301,,,,,,,,,,,,,,,,,,,,,,,,,,,,,,,,,,,,,,,,,,,,,I00757005
Q151084,Q116116531,,,,,,,,,,,,,,,,,,,,,,,,,,,,,,,,,,,,,,,,,,,,,I00755803
Q151085,Q116116536,,,,,,,,,,,,,,,,,,,,,,,,,,,,,,,,,,,,,,,,,,,,,I00755800
Q151086,Q110413445,,,,,,,,,,,,,,,,,,,,,,,,,,,,,,,,,,,,,,,,,,,,,I00711542
Q151087,Q130339065,,,,,,,,,,,,,,,,,,,,,,,,,,,,,,,,,,,,,,,,,,,,,I00758203
Q151088,Q116477791,,,,,,,,,,,,,,,,,,,,,,,,,,,,,,,,,,,,,,,,,,,,,I00775801
Q151089,Q110582654,,,,,,,,,,,,,,,,,,,,,,,,,,,,,,,,,,,,,,,,,,,,,I00709817
Q151090,Q110583544,,,,,,,,,,,,,,,,,,,,,,,,,,,,,,,,,,,,,,,,,,,,,I00759398
Q151091,Q133461275,,,,,,,,,,,,,,,,,,,,,,,,,,,,,,,,,,,,,,,,,,,,,I00759630
Q151092,Q110585257,,,,,,,,,,,,,,,,,,,,,,,,,,,,,,,,,,,,,,,,,,,,,I00760161
Q151093,Q116054983,,,,,,,,,,,,,,,,,,,,,,,,,,,,,,,,,,,,,,,,,,,,,I00709994
Q151094,Q116054769,,,,,,,,,,,,,,,,,,,,,,,,,,,,,,,,,,,,,,,,,,,,,I00713199
Q151095,Q116109165,,,,,,,,,,,,,,,,,,,,,,,,,,,,,,,,,,,,,,,,,,,,,I00707163
Q151096,Q116108832,,,,,,,,,,,,,,,,,,,,,,,,,,,,,,,,,,,,,,,,,,,,,I00700329
Q151097,Q116146925,,,,,,,,,,,,,,,,,,,,,,,,,,,,,,,,,,,,,,,,,,,,,I00709004
Q151098,Q130338867,,,,,,,,,,,,,,,,,,,,,,,,,,,,,,,,,,,,,,,,,,,,,I00119287
Q151099,Q110582511,,,,,,,,,,,,,,,,,,,,,,,,,,,,,,,,,,,,,,,,,,,,,I00681357
Q151100,Q75389481,,,,,,,,,,,,,,,,,,,,,,,,,,,,,,,,,,,,,,,,,p10920.htm#i109192,,,Ferch_Adda-2,I00755656
Q151101,Q99082377,,,,,,,,,,,,,,,,,,,,,,,,,,,,,,,,,,,,,,,,,,,,,I00589149|I00755623
Q151102,Q116115038,,,,,,,,,,,,,,,,,,,,,,,,,,,,,,,,,,,,,,,,,,,,,I00700013
Q151103,Q130340303,,,,,,,,,,,,,,,,,,,,,,,,,,,,,,,,,,,,,,,,,,,,,I00762399
Q151104,Q116055457,,,,,,,,,,,,,,,,,,,,,,,,,,,,,,,,,,,,,,,,,,,,,I00760595
Q151105,Q116055455,,,,,,,,,,,,,,,,,,,,,,,,,,,,,,,,,,,,,,,,,,,,,I00760592
Q151106,Q116110760,,,,,,,,,,,,,,,,,,,,,,,,,,,,,,,,,,,,,,,,,,,,,I00706332
Q151107,Q130338941,,,,,,,,,,,,,,,,,,,,,,,,,,,,,,,,,,,,,,,,,,,,,I00429639
Q151108,Q116147383,,,,,,,,,,,,,,,,,,,,,,,,,,,,,,,,,,,,,,,,,,,,,I00755615
Q151109,Q110582602,,,,,,,,,,,,,,,,,,,,,,,,,,,,,,,,,,,,,,,,,,,,,I00390242
Q151110,Q110582609,,,,,,,,,,,,,,,,,,,,,,,,,,,,,,,,,,,,,,,,,,,,,I00756035
Q151111,Q116116218,,,,,,,,,,,,,,,,,,,,,,,,,,,,,,,,,,,,,,,,,,,,,I00706229
Q151112,Q116116311,,,,,,,,,,,,,,,,,,,,,,,,,,,,,,,,,,,,,,,,,,,,,I00707210
Q151113,Q116109146,,,,,,,,,,,,,,,,,,,,,,,,,,,,,,,,,,,,,,,,,,,,,I00707160
Q151114,Q130339157,,,,,,,,,,,,,,,,,,,,,,,,,,,,,,,,,,,,,,,,,,,,,I00758223
Q151115,Q111454997,,,,,,,,,,,,,,,,,,,,,,,,,,,,,,,,,,,,,,,,,,,,,I00714545
Q151116,Q116156555,,,,,,,,,,,,,,,,,,,,,,,,,,,,,,,,,,,,,,,,,,,,,I00775910
Q151117,Q111455071,,,,,,,,,,,,,,,,,,,,,,,,,,,,,,,,,,,,,,,,,,,,,I00755660
Q151118,Q116055017,,,,,,,,,,,,,,,,,,,,,,,,,,,,,,,,,,,,,,,,,,,,Ap_Iorwerth-29,I00762414
Q151119,Q110636239,,,,,,,,,,,,,,,,,,,,,,,,,,,,,,,,,,,,,,,,,,,,,I00749922
Q151120,Q116477964,,,,,,,,,,,,,,,,,,,,,,,,,,,,,,,,,,,,,,,,,,,,,I00753903
Q151121,Q108180073,,,,,,,,,,,,,,,,,,,,,,,,,,,,,,,,,,,,,,,,,,,,,I00741092
Q151122,Q108180077,,,,,,,,,,,,,,,,,,,,,,,,,,,,,,,,,,,,,,,,,,,,,I00741087
Q151123,Q108180021,,,,,,,,,,,,,,,,,,,,,,,,,,,,,,,,,,,,,,,,,,,,,I00741082
Q151124,Q108180018,,,,,,,,,,,,,,,,,,,,,,,,,,,,,,,,,,,,,,,,,,,,,I00741073
Q151125,Q116812502,,,,,,,,,,,,,,,,,,,,,,,,,,,,,,,,,,,,,,,,,,,,,I00760231
Q151126,Q116054971,,,,,,,,,,,,,,,,,,,,,,,,,,,,,,,,,,,,,,,,,,,,,I00754090
Q151127,Q110560324,,,,,,,,,,,,,,,,,,,,,,,,,,,,,,,,,,,,,,,,,,,,,I00754084
Q151128,Q116054979,,,,,,,,,,,,,,,,,,,,,,,,,,,,,,,,,,,,,,,,,,,,,I00754079
Q151129,Q116147032,,,,,,,,,,,,,,,,,,,,,,,,,,,,,,,,,,,,,,,,,,,,,I00709944
Q151130,Q131138791,,,,,,,,,,,,,,,,,,,,,,,,,,,,,,,,,,,,,,,,,,,,,I00793468
Q151131,Q116055482,,,,,,,,,,,,,,,,,,,,,,,,,,,,,,,,,,,,,,,,,,,,,I00762188
Q151132,Q116054776,,,,,,,,,,,,,,,,,,,,,,,,,,,,,,,,,,,,,,,,,,,,,I00762184
Q151133,Q116146934,,,,,,,,,,,,,,,,,,,,,,,,,,,,,,,,,,,,,,,,,,,,,I00709786
Q151134,Q130359063,,,,,,,,,,,,,,,,,,,,,,,,,,,,,,,,,,,,,,,,,,,,,I00710119
Q151135,Q110636960,,,,,,,,,,,,,,,,,,,,,,,,,,,,,,,,,,,,,,,,,,,,,I00760761
Q151136,Q116055481,,,,,,,,,,,,,,,,,,,,,,,,,,,,,,,,,,,,,,,,,,,,,I00762186
Q151137,Q130341545,,,,,,,,,,,,,,,,,,,,,,,,,,,,,,,,,,,,,,,,,,,,,I00745053
Q151138,Q116147283,,,,,,,,,,,,,,,,,,,,,,,,,,,,,,,,,,,,,,,,,,,,,I00761001
Q151139,Q112532265,,,,,,,,,,,,,,,,,,,,,,,,,,,,,,,,,,,,,,,,,,,,,I00754245
Q151140,Q116147343,,,,,,,,,,,,,,,,,,,,,,,,,,,,,,,,,,,,,,,,,,,,,I00754243
Q151141,Q110663123,,,,,,,,,,,,,,,,,,,,,,,,,,,,,,,,,,,,,,,,,,,,,I00754537
Q151142,Q112531649,,,,,,,,,,,,,,,,,,,,,,,,,,,,,,,,,,,,,,,,,,,,,I00760144
Q151143,Q112531658,,,,,,,,,,,,,,,,,,,,,,,,,,,,,,,,,,,,,,,,,,,,,I00760145
Q151144,Q110662589,,,,,,,,,,,,,,,,,,,,,,,,,,,,,,,,,,,,,,,,,,,,,I00707871
Q151145,Q110441444,,,,,,,,,,,,,,,,,,,,,,,,,,,,,,,,,,,,,,,,,,,,,I00749824
Q151146,Q110441443,,,,,,,,,,,,,,,,,,,,,,,,,,,,,,,,,,,,,,,,,,,,,I00755268
Q151147,Q116479557,,,,,,,,,,,,,,,,,,,,,,,,,,,,,,,,,,,,,,,,,,,,,I00754602
Q151148,Q110290175,,,,,,,,,,,,,,,,,,,,,,,,,,,,,,,,,,,,,,,,,,,,,I00749818
Q151149,Q110441448,,,,,,,,,,,,,,,,,,,,,,,,,,,,,,,,,,,,,,,,,,,,,I00749819
Q151150,Q110290585,,,,,,,,,,,,,,,,,,,,,,,,,,,,,,,,,,,,,,,,,,,,,I00749844
Q151151,Q110290588,,,,,,,,,,,,,,,,,,,,,,,,,,,,,,,,,,,,,,,,,,,,,I00749670
Q151152,Q110290132,,,,,,,,,,,,,,,,,,,,,,,,,,,,,,,,,,,,,,,,,,,,,I00728538
Q151153,Q110290129,,,,,,,,,,,,,,,,,,,,,,,,,,,,,,,,,,,,,,,,,,,,,I00728545
Q151154,Q110441416,,,,,,,,,,,,,,,,,,,,,,,,,,,,,,,,,,,,,,,,,,,,,I00755277
Q151155,Q110441639,,,,,,,,,,,,,,,,,,,,,,,,,,,,,,,,,,,,,,,,,,,,,I00754169
Q151156,Q110635235,,,,,,,,,,,,,,,,,,,,,,,,,,,,,,,,,,,,,,,,,,,,,I00751195
Q151157,Q112528633,,,,,,,,,,,,,,,,,,,,,,,,,,,,,,,,,,,,,,,,,,,,,I00752155
Q151158,Q110441597,,,,,,,,,,,,,,,,,,,,,,,,,,,,,,,,,,,,,,,,,,,,,I00749847
Q151159,Q110441595,,,,,,,,,,,,,,,,,,,,,,,,,,,,,,,,,,,,,,,,,,,,,I00752901
Q151160,Q116155388,,,,,,,,,,,,,,,,,,,,,,,,,,,,,,,,,,,,,,,,,,,,,I00754683
Q151161,Q110441743,,,,,,,,,,,,,,,,,,,,,,,,,,,,,,,,,,,,,,,,,,,,,I00755082
Q151162,Q110441739,,,,,,,,,,,,,,,,,,,,,,,,,,,,,,,,,,,,,,,,,,,,,I00755079
Q151163,Q110441708,,,,,,,,,,,,,,,,,,,,,,,,,,,,,,,,,,,,,,,,,,,,,I00753271
Q151164,Q110290683,,,,,,,,,,,,,,,,,,,,,,,,,,,,,,,,,,,,,,,,,,,,,I00753255
Q151165,Q110441693,,,,,,,,,,,,,,,,,,,,,,,,,,,,,,,,,,,,,,,,,,,,,I00754606
Q151166,Q110441689,,,,,,,,,,,,,,,,,,,,,,,,,,,,,,,,,,,,,,,,,,,,,I00751112
Q151167,Q110290617,,,,,,,,,,,,,,,,,,,,,,,,,,,,,,,,,,,,,,,,,,,,,I00749832
Q151168,Q116054453,,,,,,,,,,,,,,,,,,,,,,,,,,,,,,,,,,,,,,,,,,,,,I00589159
Q151169,Q116054446,,,,,,,,,,,,,,,,,,,,,,,,,,,,,,,,,,,,,,,,,,,,,I00750492
Q151170,Q110585333,,,,,,,,,,,,,,,,,,,,,,,,,,,,,,,,,,,,,,,,,,,,,I00757025
Q151171,Q116111603,,,,,,,,,,,,,,,,,,,,,,,,,,,,,,,,,,,,,,,,,,,,,I00754417
Q151172,Q116110769,,,,,,,,,,,,,,,,,,,,,,,,,,,,,,,,,,,,,,,,,,,,,I00754408
Q151173,Q122361740,,,,,,,,,,,,,,,,,,,,,,,,,,,,,,,,,,,,,,,,,,,,,I00757216
Q151174,Q116147998,,,,,,,,,,,,,,,,,,,,,,,,,,,,,,,,,,,,,,,,,,,,,I00758663
Q151175,Q116147631,,,,,,,,,,,,,,,,,,,,,,,,,,,,,,,,,,,,,,,,,,,,,I00758653
Q151176,Q116147054,,,,,,,,,,,,,,,,,,,,,,,,,,,,,,,,,,,,,,,,,,,,,I00751361
Q151177,Q110585593,,,,,,,,,,,,,,,,,,,,,,,,,,,,,,,,,,,,,,,,,,,,,I00760826
Q151178,Q116478865,,,,,,,,,,,,,,,,,,,,,,,,,,,,,,,,,,,,,,,,,,,,,I00751308
Q151179,Q110585601,,,,,,,,,,,,,,,,,,,,,,,,,,,,,,,,,,,,,,,,,,,,,I00751365
Q151180,Q117306132,,,,,,,,,,,,,,,,,,,,,,,,,,,,,,,,,,,,,,,,,,,,,I00751675
Q151181,Q131138828,,,,,,,,,,,,,,,,,,,,,,,,,,,,,,,,,,,,,,,,,,,,,I00775417
Q151182,Q130358670,,,,,,,,,,,,,,,,,,,,,,,,,,,,,,,,,,,,,,,,,,,,,I00774959
Q151183,Q130358666,,,,,,,,,,,,,,,,,,,,,,,,,,,,,,,,,,,,,,,,,,,,,I00708634
Q151184,Q110585412,,,,,,,,,,,,,,,,,,,,,,,,,,,,,,,,,,,,,,,,,,,,,I00713639
Q151185,Q110585405,,,,,,,,,,,,,,,,,,,,,,,,,,,,,,,,,,,,,,,,,,,,,I00760802
Q151186,Q110582416,,,,,,,,,,,,,,,,,,,,,,,,,,,,,,,,,,,,,,,,,,,,,I00760259
Q151187,Q110067832,,,,,,,,,,,,,,,,,,,,,,,,,,,,,,,,,,,,,,,,,,,,,I00700015
Q151188,Q110067799,,,,,,,,,,,,,,,,,,,,,,,,,,,,,,,,,,,,,,,,,,,,,I00697724
Q151189,Q116147640,,,,,,,,,,,,,,,,,,,,,,,,,,,,,,,,,,,,,,,,,,,,,I00752058
Q151190,Q130339068,,,,,,,,,,,,,,,,,,,,,,,,,,,,,,,,,,,,,,,,,,,,,I00760988
Q151191,Q116478983,,,,,,,,,,,,,,,,,,,,,,,,,,,,,,,,,,,,,,,,,,,,,I00750475
Q151192,Q110582243,,,,,,,,,,,,,,,,,,,,,,,,,,,,,,,,,,,,,,,,,,,,,I00696579
Q151193,Q130338969,,,,,,,,,,,,,,,,,,,,,,,,,,,,,,,,,,,,,,,,,,,,,I00760862
Q151194,Q116147173,,,,,,,,,,,,,,,,,,,,,,,,,,,,,,,,,,,,,,,,,,,,,I00697743
Q151195,Q116147188,,,,,,,,,,,,,,,,,,,,,,,,,,,,,,,,,,,,,,,,,,,,,I00702408
Q151196,Q116147223,,,,,,,,,,,,,,,,,,,,,,,,,,,,,,,,,,,,,,,,,,,,,I00284685
Q151197,Q122361545,,,,,,,,,,,,,,,,,,,,,,,,,,,,,,,,,,,,,,,,,,,,,I00762417
Q151198,Q105871966,,,,,,,,,,,,,,,,,,,,,,,,,,,,,,,,,,,,,,,,,,,,,I00693118
Q151199,Q110290458,,,,,,,,,,,,,,,,,,,,,,,,,,,,,,,,,,,,,,,,,,,,,I00713472
Q151200,Q116148065,,,,,,,,,,,,,,,,,,,,,,,,,,,,,,,,,,,,,,,,,,,,,I00713718
Q151201,Q116147953,,,,,,,,,,,,,,,,,,,,,,,,,,,,,,,,,,,,,,,,,,,,,I00713707
Q151202,Q116147455,,,,,,,,,,,,,,,,,,,,,,,,,,,,,,,,,,,,,,,,,,,,,I00713705
Q151203,Q130340358,,,,,,,,,,,,,,,,,,,,,,,,,,,,,,,,,,,,,,,,,,,,,I00775347
Q151204,Q110585649,,,,,,,,,,,,,,,,,,,,,,,,,,,,,,,,,,,,,,,,,,,,,I00759526
Q151205,Q116054503,,,,,,,,,,,,,,,,,,,,,,,,,,,,,,,,,,,,,,,,,,,,,I00706023
Q151206,Q110067818,,,,,,,,,,,,,,,,,,,,,,,,,,,,,,,,,,,,,,,,,,,,,I00706319
Q151207,Q99082320,,,,,,,,,,,,,,,,,,,,,,,,,,,,,,,,,,,,,,,,,,,,Ap_Iorwerth-58,I00706247
Q151208,Q116109169,,,,,,,,,,,,,,,,,,,,,,,,,,,,,,,,,,,,,,,,,,,,,I00757016
Q151209,Q116116236,,,,,,,,,,,,,,,,,,,,,,,,,,,,,,,,,,,,,,,,,,,,,I00705544
Q151210,Q116147489,,,,,,,,,,,,,,,,,,,,,,,,,,,,,,,,,,,,,,,,,,,,,I00713723
Q151211,Q116478239,,,,,,,,,,,,,,,,,,,,,,,,,,,,,,,,,,,,,,,,,,,,,I00774549
Q151212,Q110585429,,,,,,,,,,,,,,,,,,,,,,,,,,,,,,,,,,,,,,,,,,,,,I00706198
Q151213,Q130340386,,,,,,,,,,,,,,,,,,,,,,,,,,,,,,,,,,,,,,,,,,,,,I00775325
Q151214,Q110585591,,,,,,,,,,,,,,,,,,,,,,,,,,,,,,,,,,,,,,,,,,,,,I00760808
Q151215,Q105814366,,,,,,,,,,,,,,,,,,,,,,,,,,,,,,,,,,,,,,,,,,,,,I00701578
Q151216,Q112643824,,,,,,,,,,,,,,,,,,,,,,,,,,,,,,,,,,,,,,,,,,,,,I00711564
Q151217,Q116147480,,,,,,,,,,,,,,,,,,,,,,,,,,,,,,,,,,,,,,,,,,,,,I00714940
Q151218,Q116478990,,,,,,,,,,,,,,,,,,,,,,,,,,,,,,,,,,,,,,,,,,,,,I00751001
Q151219,Q117307153,,,,,,,,,,,,,,,,,,,,,,,,,,,,,,,,,,,,,,,,,,,,,I00776495
Q151220,Q116148018,,,,,,,,,,,,,,,,,,,,,,,,,,,,,,,,,,,,,,,,,,,,,I00713814
Q151221,Q116148016,,,,,,,,,,,,,,,,,,,,,,,,,,,,,,,,,,,,,,,,,,,,,I00702420
Q151222,Q110067768,,,,,,,,,,,,,,,,,,,,,,,,,,,,,,,,,,,,,,,,,,,,,I00735436
Q151223,Q105871950,,,,,,,,,,,,,,,,,,,,,,,,,,,,,,,,,,,,,,,,,,,,,I00693111
Q151224,Q116478285,,,,,,,,,,,,,,,,,,,,,,,,,,,,,,,,,,,,,,,,,,,,,I00749611
Q151225,Q116005805,,,,,,,,,,,,,,,,,,,,,,,,,,,,,,,,,,,,,,,,,,,,,I00079555
Q151226,Q19325820,,,,,,,,,,,,,,,,,,,,,,,,,,,530849,,p=william;n=harcourt;oc=2,,,,,,,,,,,,p59997.htm#i599962,William_Harcourt_(3),,Harcourt-111,I00028893
Q151227,Q76342129,,,,,,,,,,,,,,,,,,,,,,,,,,,,,,,,,,,,,,,,,p70165.htm#i701648,Richard_d'Harcourt_(2),,Harcourt-8,
Q151228,Q75891207,,,,,,,,,,,,,,,,,,,,,,,,,,,,,p=jeanne;n=talbot;oc=3,,,,,,,,,,,,p38450.htm#i384498,,,Talbot-662,
Q151229,Q75891197,,,,,,,,,,,,,,,,,,,,,,,,,,,,,p=blanche;n=de rieux,,,,,,,,,,,,p38450.htm#i384491,,,Rieux-1,
Q151230,Q75238065,,,,,,,,,,,,,,,,,,,,,,,,,,,,,p=robert;n=d estouteville;oc=7,,,,,,,,,,,,p38449.htm#i384490|p75.htm#i749,Robert_De_Estoteville_(1),,Stuteville-31,I00197559
Q151231,Q116119450,,,,,,,,,,,,,,,,,,,,,,,,,,,,,,,,,,,,,,,,,,,,,I00105655
Q151232,Q1496906,,,,,,,,,,,,,,,,,,,,,,,,,,,600491,,p=gebhard;n=von querfurt;oc=3,,,,,,,,,,,,,,,Querfurt-5,I00105656
Q151233,Q19949753,,,,,,,,,,,,,,,,,,,,,,,,,,,,,,,,,,,,,,,,,,,,Hersesson-1,
Q151234,Q112633913,,,,,,,,,,,,,,,,,,,,,,,,,,,464137,,p=holdeburge;n=d ailly,,,,,,,,,,,,,,,,I00164672
Q151235,Q101468627,,,,,,,,,,,,,,,,,,,,,,,,,,,464126,,p=gertrude;n=de nesle,,,,,,,,,,,,,,,Nesle-9,I00140292
Q151236,Q2287568,,,,,,,,,,,,,,,,,,,,,,,,,,,464101,,p=simon;n=de clermont;oc=1,,,,,,,,,,,,,Simon_of_Clermont_(1),,Clermont-62,I00107644
Q151237,Q110509479,,,,,,,,,,,,,,,,,,,,,,,,,,,,,p=raoul;n=de clermont,,,,,,,,,,,,,,,,I00296004
Q151238,Q110520480,,,,,,,,,,,,,,,,,,,,,,,,,,,,,,,,,,,,,,,,,,,,,I00120723
Q151239,Q115634063,,,,,,,,,,,,,,,,,,,,,,,,,,,,,,,,,,,,,,,,,,Marguerite_de_Saint-Pol_(1),,,I00481651
Q151240,Q5710116,,,,,,,,,,,,,,,,,,,,,,,,,,,,,,,,,,,,,,,,,,,,,I00307106
Q151241,Q5971771,,,,,,,,,,,,,,,,,,,,,,,,,,,,,p=magnus;n=folkungaatten,,,,,,,,,,,,,Magnus_Bengtsson_(1),,Bengtsson-807,I00280496
Q151242,Q287503,,,,,,,,,,,,,,,,,,,,,,,,,,,331037,,p=mathilde;n=von holstein schauenburg,,,dw.1444,,,,,,,,,p11309.htm#i113082,Mechtild_of_Holstein_(1),,Holstein-34,I00020594
Q151243,Q357200,,,,,,,,,,15918334,,,,,,,,,,,,,,person/D5FC6CE2-C4C4-496F-A971-0A823FD9F259,,,543005,,p=valdemar;n=folkungaatten;oc=1,,,dw.1378,,,,,,,,,p4150.htm#i41497,"Valdemar_Birgersson_(1)|Valdemar,_King_of_Sweden_(1)",,Birgersson-27,I00026871
Q151244,Q4959219,,,,,,,,,,,,,,,,,,,,,,,,,,,1266852,,p=gregers;n=folkungaatten oakta,,,,,,,,,,,,,Gregers_Brirgersson_(1),,Birgersson-31,I00495385
Q151245,Q441785,,,,,,,,,,,,,,,,,,,,,,,,,,,908398,,p=rikissa;n=folkungaatten,,,dw.1439,,,,,,,,,p11304.htm#i113040,Rikissa_Birgersdotter_(1),,Birgersdotter-37,I00060067
Q151246,Q350220,,,,,,10148,,,,8509186,,,,,,,,,,,,,,person/87BCAF48-08E3-45E9-AB17-6AE3055550B5,,,590874,,p=magnus;n=folkungaatten;oc=1,,,dw.1440,,,,,,,,,p11288.htm#i112875,Magnus_Birgersson_(1)|Magnus_III_of_Sweden_(1),,Birgersson-24,I00060581
Q151247,Q3486875,,,,,,15393,,,,,,,,,,,,,,,,,,person/DB2C2FFB-8B09-45C7-BDEF-7EFAE4CFE003,,,,,p=erik;n=folkungaatten;oc=1,,,dw.1441,,,,,,,,,,Eric_Birgersson_(3),,Birgersson-26,I00060580
Q151248,Q817212,,,,,,18481,,,,,,,,,,,,,,,,,,person/bacf5087-ec5a-4ae4-ae7c-a5f8756d6eff,,,,,p=bengt;n=folkungaatten;oc=2,,,dw.1438,,,,,,,,,p11309.htm#i113084,"Benedict,_Duke_of_Finland_(1)",,Birgersson-32,I00495857
Q151249,Q4955679,,,,,,,,,,,,,,,,,,,,,,,,,,,863143,,p=ingeborg;n=folkungaatten;oc=2,,,dw.1214,,,,,,,,,p782.htm#i7819,Ingeborg_Birgersdotter_of_Småland_(1),,Birgersdotter-34,I00029992
Q151250,Q4775376,,,,,,,,,,,,,,,,,,,,,,,,,,,717289,,p=katarina;n=folkungaatten;oc=1,,,dw.1443,,,,,,,,,p11288.htm#i112878,Catherine_Birgersdotter_of_Bjelbo_(1),,Birgersdotter-35,I00030479
Q151251,Q101248497,,,,,,,,,,,,,,,,,,,,,,,,,,,,,p=kristina;n=folkungaatten,,,,,,,,,,,,,,,Birgersdotter-14,I00636665
Q151252,Q50347275,,,,,,,,,,,,,,,,,,,,,,,,,,,,,,,,,,,,,,,,,,,,,
Q151253,Q6175684,,,,,,,,,,,,,,,,,,,,,,,,,,,,,p=sigtrygg;n=boberg,,,,,,,,,,,,,,,Bengtson-2,I00490844
Q151254,Q4988633,,,,,,,,,,,,,,,,,,,,,,,,,,,,,,,,,,,,,,,,,,,,Sigtryggsdotter-1,I00490848
Q151255,Q23034847,,,,,,,,,,,,,,,,,,,,,,,,,,,,,,,,,,,,,,,,,,,,Sigtryggsdotter-3,I00519496
Q151256,Q101247395,,,,,,,,,,,,,,,,,,,,,,,,,,,,,,,,,,,,,,,,,,,,,I00490847
Q151257,Q5900718,,,,,,12370,,,,,,,,,,,,,,,,,,,,,,,,,,,,,,,,,,,,,,Ulfsson-69,I00789953
Q151258,Q98697736,,,,,,,,,,,,,,,,,,,,,,,,,,,,,,,,,,,,,,,,,,,,,I00280482
Q151259,Q6219155,,,,,,,,,,,,,,,,,,,,,,,,,,,,,p=ulv;n=ulv,,,,,,,,,,,,,,,Karlsson-944,I00280475
Q151260,Q127270765,,,,,,,,,,,,,,,,,,,,,,,,,,,,,,,,,,,,,,,,,,,,,I00789946
Q151261,Q5569990,,,,,,18486,,,,,,,,,,,,,,,,,,,,,,,,,,,,,,,,,,,,,,Magnusson-240,I00280493
Q151262,Q16064496,,,,,,,,,,,,,,,,,,,,,,,,,,,,,,,,,,,,,,,,,,,,,
Q151263,Q130334573,,,,,,,,,,,,,,,,,,,,,,,,,,,,,,,,,,,,,,,,,,,,,I00790247
Q151264,Q12337724,,,,,,,,,,,,,,,,,,,,,,,,,,,1435895,,,,,,,,,,,,,,,,,Ebbesson-1,I00500873
Q151265,Q130334545,,,,,,,,,,,,,,,,,,,,,,,,,,,,,,,,,,,,,,,,,,,,,I00350023
Q151266,Q130334549,,,,,,,,,,,,,,,,,,,,,,,,,,,,,,,,,,,,,,,,,,,,,I00790560
Q151267,Q10511224,,,,,,13326,,,,,,,,,,,,,,,,,,,,,,,p=gutthorm;n=autaumsson,,,,,,,,,,,,,Guttorm_Unknown_(1),,Austmansson-1,I00280458
Q151268,Q76299342,,,,,,,,,,,,,,,,,,,,,,,,,,,,,,,,,,,,,,,,,p67212.htm#i672114,,,Strangesen-4,I00303361
Q151269,Q2725099,,,,,,,,,,,,,,,,,,,,,,,,,,,,,,,,,,,,,,,,,,,,Pedersdatter-1366,I00502242
Q151270,Q103783552,,,,,,,,,,,,,,,,,,,,,,,,,,,,,,,,,,,,,,,,,,,,,I00303358
Q151271,Q76299177,,,,,,,,,,,,,,,,,,,,,,,,,,,,,p=ingeborg;n=strangesen,,,,,,,,,,,,p67201.htm#i672009,,,Pedersdatter-1368,I00124996
Q151276,Q75385272,,,,,,,,,,,,,,,,,,,,,,,,,,,,,,,,dw.3840,,,,,,,,,p10549.htm#i105482,,,,
Q151277,Q2321295,,,,,,6154,,,,15927347,,,,,,,,,,,,,,person/105BD4F8-59C9-44D1-8EF8-114F8A99DCBC,,,590853,,,,,dw.1193,SofiaEriksdotterdrottning,,,,,,,,p10549.htm#i105485,Sophia_of_Denmark_(1),,Eriksdatter-240,I00020592
Q151278,Q287511,,,,,,,,,,,,,,,,,,,,,,,,,,,590861,,,,,dw.1191,,,,,,,,,p10549.htm#i105484,"Ingeborg_of_Denmark,_Queen_of_Norway_(1)",,Eriksdatter-19,I00020587
Q151279,Q3492100,,,,,,12265,,,,,,,,,,,,,,,,,,,,,,,,,,dw.1194,,,,,,,,,,Jutta_of_Denmark_(1),,Eriksdatter-239,I00020588
Q151280,Q3492875,,,,,,,,,,,,,,,,,,,,,,,,,,,,,,,,dw.1192,,,,,,,,,,Agnes_of_Denmark_(1),,,I00020600
Q151281,Q75385278,,,,,,,,,,,,,,,,,,,,,,,,,,,,,,,,,,,,,,,,,p10549.htm#i105488,,,,I00020601
Q151282,Q75385280,,,,,,,,,,,,,,,,,,,,,,,,,,,,,,,,,,,,,,,,,p10549.htm#i105489,,,,I00020602
Q151283,Q551210,,,,,,,,,,,,,,,,,,,,,,,,,,,,,,,,dw.5316,,,,,,,,,p10550.htm#i105492,"Valdemar_III,_Duke_of_Schleswig_(1)",,,I00020593
Q151284,Q75385285,,,,,,,,,,,,,,,,,,,,,,,,,,,716897,,p=sofia;n=de danemark,,,dw.5314,,,,,,,,,p10550.htm#i105494,Sophie_of_Denmark_(2),,Abelsdatter-22,I00020591
Q151285,Q319043,,,,,,,,,,,,,,,,,,,,,,,,,,,597636,,,,,,,,,,,,,,,John_Hyrcanus_(1),,,I00736488
Q151286,Q359711,,,,,,,,,,,,,,,,,,,,,,,,,,,,,,,,,,,,,,,,,,,,,I00736489
Q151287,Q2048909,,,,,,,,,,,,,,,,,,,,,,,,,,,,,,,,,,,,,,,,,,,,,
Q151288,Q319107,,alvin-person:52207,,,,,,,,,,,,,,,,,,,,,,,,,597635,,,,,,,,,,,,,,,Alexander_Jannaeus_(1),,,I00736487
Q151289,Q335124,,,,,,,,,,,,,,,,,,,,,,,,,,,,,,,,,,,,,,,,,,,,,I00738019
Q151290,Q7184449,,,,,,,,,,,,,,,,,,,,,,,,,,,,,,,,,,,,,,,,,,,,,
Q151291,Q112607052,,,,,,,,,,,,,,,,,,,,,,,,,,,,,,,,,,,,,,,,,,,,,I00738022
Q151292,Q75048,,,,,,,,,,,,,,,,,,,,,,,,,,,506053,,,,,,,,,,,,,,,,,,I00457965|I00736490
Q151293,Q111559,,,,,,,,,,,,,,,,,,,,,,,,,,,597641,,,,,,,,,,,,,,,,,,
Q151294,Q57493,,,,,,,,,,,,,,,,,,,,,,,,,,,,,,,,,,,,,,,,,,,,,
Q151295,Q2917245,,,,,,,,,,,,,,,,,,,,,,,,,,,,,,,,,,,,,,,,,,,,,
Q151296,Q578133,,,,,,,,,,,,,,,,,,,,,,,,,,,,,,,,,,,,,,,,,,,,,
Q151297,Q266591,,,,,,,,,,,,,,,,,,,,,,,,,,,,,,,,,,,,,,,,,,Salome_Alexandra_(1),,,I00736486
Q151298,Q112607049,,,,,,,,,,,,,,,,,,,,,,,,,,,,,,,,,,,,,,,,,,,,,I00738023
Q151299,Q131726470,,,,,,,,,,,,,,,,,,,,,,,,,,,,,,,,,,,,,,,,,,,,,I00736491
Q151300,Q131726471,,,,,,,,,,,,,,,,,,,,,,,,,,,,,,,,,,,,,,,,,,,,,I00736492
Q151301,Q131726472,,,,,,,,,,,,,,,,,,,,,,,,,,,,,,,,,,,,,,,,,,,,,I00736493
Q151302,Q1597868,,,,,,,,,,,,,,,,,,,,,,,,,,,,,,,,,,,,,,,,,,,,,
Q151303,Q887060,,,,,,,,,,,,,,,,,,,,,,,,,,,,,,,,,,,,,,,,,,,,,
Q151304,Q189597,,,,,,,,,,,,,,,,,,,,,,,,,,,,,,,,,,,,,,,,,,,,,
Q151305,Q2037609,,,,,,,,,,,,,,,,,,,,,,,,,,,,,,,,,,,,,,,,,,,,,
Q151306,Q5517444,,,,,,,,,,,,,,,,,,,,,,,,,,,,,,,,,,,,,,,,,,,,,
Q151307,Q558770,,,,,,,,,,,,,,,,,,,,,,,,,,,169307,,,,,,,,,,,,,,,,,,
Q151308,Q111905216,,,,,,,,,,,,,,,,,,,,,,,,,,,,,,,,,,,,,,,,,,,,,
Q151309,Q11936297,,,,,,,,,,,,,,,,,,,,,,,,,,,,,,,,,,,,,,,,,,,,,
Q151310,Q12275636,,,,,,,,,,,,,,,,,,,,,,,,,,,,,,,,,,,,,,,,,,,,,
Q151311,Q111905262,,,,,,,,,,,,,,,,,,,,,,,,,,,,,,,,,,,,,,,,,,,,,
Q151312,Q111905292,,,,,,,,,,,,,,,,,,,,,,,,,,,,,,,,,,,,,,,,,,,,,
Q151313,Q2483822,,,,,,,,,,,,,,,,,,,,,,,,,,,,,,,,,,,,,,,,,,,,,
Q151314,Q2620458,,,,,,,,,,,,,,,,,,,,,,,,,,,169016,,,,,,,,,,,,,,,,,,
Q151315,Q740977,,,,,,,,,,,,,,,,,,,,,,,,,,,,,,,,,,,,,,,,,,,,,
Q151316,Q343834,,,,,,,,,,,,,,,,,,,,,,,,,,,,,,,,,,,,,,,,,,,,,
Q151317,Q12296359,,,,,,,,,,,,,,,,,,,,,,,,,,,,,,,,,,,,,,,,,,,,,
Q151318,Q111905320,,,,,,,,,,,,,,,,,,,,,,,,,,,,,,,,,,,,,,,,,,,,,
Q151319,Q111905414,,,,,,,,,,,,,,,,,,,,,,,,,,,,,,,,,,,,,,,,,,,,,
Q151320,Q111905457,,,,,,,,,,,,,,,,,,,,,,,,,,,,,,,,,,,,,,,,,,,,,
Q151321,Q111905492,,,,,,,,,,,,,,,,,,,,,,,,,,,,,,,,,,,,,,,,,,,,,
Q151322,Q111906728,,,,,,,,,,,,,,,,,,,,,,,,,,,,,,,,,,,,,,,,,,,,,
Q151323,Q19816527,,,,,,,,,,,,,,,,,,,,,,,,,,,,,,,,,,,,,,,,,,,,,
Q151324,Q3732752,,,,,,,,,,,,,,,,,,,,,,,,,,,,,,,,,,,,,,,,,,,,,
Q151325,Q452048,,,,,,,,,,,,,,,,,,,,,,,,,,,,,,,,,,,,,,,,,,,,,
Q151326,Q353141,,,,,,,,,,,,,,,,,,,,,,,,person/3776c22d-8092-4bec-8ab1-109fe4ccdce8,,,626224,,,,,,,,,,,,,,,,,,
Q151327,Q3491371,,,,,,,,,,,,,,,,,,,,,,,,,,,,,,,,,,,,,,,,,,,,,
Q151328,Q11955055,,,,,,,,,,,,,,,,,,,,,,,,,,,,,,,,,,,,,,,,,,,,,
Q151329,Q343774,,,,,,,,,,,,,,,,,,,,,,,,,,,,,,,,,,,,,,,,,,,,,
Q151330,Q7800383,,,,,,,,,,,,,,,,,,,,,,,,,,,,,,,,,,,,,,,,,,,,,
Q151331,Q6697506,,,,,,,,,,,,,,,,,,,,,,,,,,,,,,,,,,,,,,,,,,,,,
Q151332,Q98854273,,,,,,,,,,,,,,,,,,,,,,,,,,,,,,,,,,,,,,,,,,,,,
Q151333,Q3658073,,,,,,,,,,,,,,,,,,,,,,,,,,,,,,,,,,,,,,,,,,,,,
Q151334,Q3825363,,,,,,,,,,,,,,,,,,,,,,,,,,,,,,,,,,,,,,,,,,,,,
Q151335,Q6439549,,,,,,,,,,,,,,,,,,,,,,,,,,,,,,,,,,,,,,,,,,,,,
Q151336,Q11905419,,,,,,,,,,,,,,,,,,,,,,,,,,,,,,,,,,,,,,,,,,,,,
Q151337,Q1748501,,,,,,,,,,,,,,,,,,,,,,,,,,,,,,,,,,,,,,,,,,,,,
Q151338,Q962956,,,,,,,,,,,,,,,,,,,,,,,,,,,,,,,,,,,,,,,,,,,,,
Q151339,Q2347534,,,,,,,,,,,,,,,,,,,,,,,,,,,,,,,,,,,,,,,,,,,,,
Q151340,Q1419,,alvin-person:26430,,,,,,,,34551100,,,,,,,,,,,,,,person/06F97A33-A887-48C3-A038-A277568B08DA,,,,,,,,,,,,,,,,,,Vespasian_(1),,,I00446811
Q151341,Q241102,,,,,,,,,,,,,,,,,,,,,,,,,,,414011,,,,,,,,,,,,,,,Flavia_Domitilia_(3),,,I00446812
Q151342,Q1421,,alvin-person:26431,,,,,,,,34618192,,,,,,,,,,,,,,person/30B667D8-CF24-4E93-BC87-57F6EBDEC878,,,,,,,,,,,,,,,,,,Titus_(1),,Augustus-93,I00446813
Q151343,Q260156,,,,,,,,,,,,,,,,,,,,,,,,,,,,,,,,,,,,,,,,,,Flavia_Younger'_(1),,,I00446823
Q151344,Q2521130,,,,,,,,,,,,,,,,,,,,,,,,,,,,,,,,,,,,,,,,,,,,,
Q151345,Q1238439,,,,,,,,,,,,,,,,,,,,,,,,,,,,,,,,,,,,,,,,,,,,,
Q151346,Q743192,,,,,,,,,,,,,,,,,,,,,,,,,,,,,,,,,,,,,,,,,,,,,
Q151347,Q11951916,,,,,,,,,,,,,,,,,,,,,,,,,,,,,,,,,,,,,,,,,,,,,
Q151348,Q1797,,,,,,,,,,,,,,,,,,,,,,,,person/a1f1d20f-e098-4a34-b330-6257ac5e95b9,,,,,,,,,,,,,,,,,,,,,I00716753
Q151349,Q12293532,,,,,,,,,,,,,,,,,,,,,,,,,,,,,,,,,,,,,,,,,,,,,
Q151350,Q1233605,,,,,,,,,,,,,,,,,,,,,,,,,,,,,,,,,,,,,,,,,,,,,
Q151351,Q12289212,,,,,,,,,,,,,,,,,,,,,,,,,,,,,,,,,,,,,,,,,,,,,
Q151352,Q24934898,,,,,,,,,,,,,,,,,,,,,,,,,,,,,,,,,,,,,,,,,,,,,
Q151353,Q538539,,,,,,,,,,,,,,,,,,,,,,,,,,,,,,,,,,,,,,,,,,,,,
Q151354,Q545003,,,,,,,,,,,,,,,,,,,,,,,,,,,,,,,,,,,,,,,,,,,,,
Q151355,Q3133991,,alvin-person:51961,,,,,,,,,,,,,,,,,,,,,,,,,401206,,,,,,,,,,,,,,,,,,I00736388
Q151356,Q361194,,,,,,,,,,,,,,,,,,,,,,,,,,,,,,,,,,,,,,,,,,,,,
Q151357,Q3769050,,,,,,,,,,,,,,,,,,,,,,,,,,,,,,,,,,,,,,,,,,,,,
Q151358,Q4787323,,,,,,,,,,,,,,,,,,,,,,,,,,,626225,,,,,,,,,,,,,,,,,,
Q151359,Q17505974,,,,,,,,,,,,,,,,,,,,,,,,,,,,,,,,,,,,,,,,,,,,,
Q151360,Q1656443,,,,,,,,,,,,,,,,,,,,,,,,,,,,,,,,,,,,,,,,,,,,,
Q151361,Q1095889,,,,,,,,,,,,,,,,,,,,,,,,,,,,,,,,,,,,,,,,,,,,,
Q151362,Q3813411,,,,,,,,,,,,,,,,,,,,,,,,,,,,,,,,,,,,,,,,,,,,,
Q151363,Q15783618,,,,,,,,,,,,,,,,,,,,,,,,,,,,,,,,,,,,,,,,,,,,,
Q151364,Q107587058,,,,,,,,,,,,,,,,,,,,,,,,,,,,,,,,,,,,,,,,,,,,,
Q151365,Q107587061,,,,,,,,,,,,,,,,,,,,,,,,,,,,,,,,,,,,,,,,,,,,,
Q151366,Q85854015,,,,,,,,,,,,,,,,,,,,,,,,,,,,,,,,,,,,,,,,,,,,,
Q151367,Q112791132,,,,,,,,,,,,,,,,,,,,,,,,,,,,,,,,,,,,,,,,,,,,,
Q151368,Q721942,,,,,,,,,,,,,,,,,,,,,,,,,,,,,,,,,,,,,,,,,,,,,
Q151369,Q3754788,,,,,,,,,,,,,,,,,,,,,,,,,,,,,,,,,,,,,,,,,,,,,
Q151370,Q654873,,,,,,,,,,,,,,,,,,,,,,,,,,,,,,,,,,,,,,,,,,,,,
Q151371,Q3846543,,,,,,,,,,,,,,,,,,,,,,,,,,,,,,,,,,,,,,,,,,,,,I00801077
Q151372,Q92432276,,,,,,,,,,,,,,,,,,,,,,,,,,,,,,,,,,,,,,,,,,,,,
Q151373,Q764874,,,,,,,,,,,,,,,,,,,,,,,,,,,412136,,,,,,,,,,,,,,,,,,
Q151374,Q666629,,,,,,,,,,,,,,,,,,,,,,,,,,,,,,,,,,,,,,,,,,,,,I00800930
Q151375,Q1234468,,,,,,,,,,,,,,,,,,,,,,,,,,,,,,,,,,,,,,,,,,,,,I00800931
Q151376,Q12286053,,,,,,,,,,,,,,,,,,,,,,,,,,,,,,,,,,,,,,,,,,,,,
Q151377,Q107607657,,,,,,,,,,,,,,,,,,,,,,,,,,,,,,,,,,,,,,,,,,,,,I00446816
Q151378,Q239314,,,,,,,,,,,,,,,,,,,,,,,,,,,414022,,,,,,,,,,,,,,,Julia_Flavia_(1),,,I00446827
Q151379,Q112897589,,,,,,,,,,,,,,,,,,,,,,,,,,,,,,,,,,,,,,,,,,,,,
Q151380,Q5517477,,,,,,,,,,,,,,,,,,,,,,,,,,,414036,,,,,,,,,,,,,,,Gaius_Salonius_Matidius_Patruinus_(1),,,I00800953
Q151381,Q503212,,,,,,,,,,,,,,,,,,,,,,,,,,,,,,,,,,,,,,,,,,,,,
Q151382,Q720836,,,,,,,,,,,,,,,,,,,,,,,,,,,,,,,,,,,,,,,,,,Quintus_Fabius_Maximus_Allobrogicus_(1),,,I00735628
Q151383,Q11935229,,,,,,,,,,,,,,,,,,,,,,,,,,,,,,,,,,,,,,,,,,,,,
Q151384,Q109582810,,,,,,,,,,,,,,,,,,,,,,,,,,,,,,,,,,,,,,,,,,,,,
Q151385,Q11924394,,,,,,,,,,,,,,,,,,,,,,,,,,,,,,,,,,,,,,,,,,,,,I00800980
Q151386,Q6697596,,,,,,,,,,,,,,,,,,,,,,,,,,,,,,,,,,,,,,,,,,,,,
Q151387,Q6758133,,,,,,,,,,,,,,,,,,,,,,,,,,,,,,,,,,,,,,,,,,,,,
Q151388,Q1281529,,,,,,,,,,,,,,,,,,,,,,,,,,,,,,,,,,,,,,,,,,,,,I00716789
Q151389,Q94102336,,,,,,,,,,,,,,,,,,,,,,,,,,,,,,,,,,,,,,,,,,,,,
Q151390,Q12279862,,,,,,,,,,,,,,,,,,,,,,,,,,,,,,,,,,,,,,,,,,,,,
Q151391,Q714670,,alvin-person:25596,,,,,,,,,,,,,,,,,,,,,,,,,,,,,,,,,,,,,,,,,,,I00735637
Q151392,Q180281,,,,,,,,,,,,,,,,,,,,,,,,,,,,,,,,,,,,,,,,,,,,,I00735636
Q151393,Q11917891,,,,,,,,,,,,,,,,,,,,,,,,,,,1464965,,,,,,,,,,,,,,,,,,
Q151394,Q106444211,,,,,,,,,,,,,,,,,,,,,,,,,,,,,,,,,,,,,,,,,,,,,
Q151395,Q12277943,,alvin-person:25667,,,,,,,,,,,,,,,,,,,,,,,,,,,,,,,,,,,,,,,,,,,
Q151396,Q106767960,,,,,,,,,,,,,,,,,,,,,,,,,,,,,,,,,,,,,,,,,,,,,
Q151397,Q15709415,,,,,,,,,,,,,,,,,,,,,,,,,,,,,,,,,,,,,,,,,,,,,
Q151398,Q102076242,,,,,,,,,,,,,,,,,,,,,,,,,,,,,,,,,,,,,,,,,,,,,
Q151399,Q459857,,,,,,,,,,,,,,,,,,,,,,,,,,,,,,,,,,,,,,,,,,,,,I00801058
Q151400,Q385238,,alvin-person:25697,,,,,,,,,,,,,,,,,,,,,,,,,,,,,,,,,,,,,,,,,,,
Q151401,Q11935084,,,,,,,,,,,,,,,,,,,,,,,,,,,,,,,,,,,,,,,,,,,,,
Q151402,Q509399,,,,,,,,,,,,,,,,,,,,,,,,,,,1464966,,,,,,,,,,,,,,,,,,
Q151403,Q107297107,,,,,,,,,,,,,,,,,,,,,,,,,,,,,,,,,,,,,,,,,,,,,
Q151404,Q11907256,,,,,,,,,,,,,,,,,,,,,,,,,,,,,,,,,,,,,,,,,,,,,
Q151405,Q11943302,,,,,,,,,,,,,,,,,,,,,,,,,,,,,,,,,,,,,,,,,,,,,
Q151406,Q3927966,,,,,,,,,,,,,,,,,,,,,,,,,,,,,,,,,,,,,,,,,,,,,
Q151407,Q775658,,,,,,,,,,,,,,,,,,,,,,,,,,,,,,,,,,,,,,,,,,,,,
Q151408,Q715494,,,,,,,,,,,,,,,,,,,,,,,,,,,,,,,,,,,,,,,,,,,,,
Q151409,Q47180,,alvin-person:55726,,,,,,,,,,,,,,,,,,,,,,person/420DCEA0-2B25-4903-8FF4-4397454E114D,,,,,,,,,,,,,,,,,,,,,
Q151410,Q703688,,,,,,,,,,,,,,,,,,,,,,,,,,,187147,,,,,,,,,,,,,,,,,,
Q151411,Q4140670,,,,,,,,,,,,,,,,,,,,,,,,,,,,,,,,,,,,,,,,,,,,,
Q151412,Q11944309,,,,,,,,,,,,,,,,,,,,,,,,,,,,,,,,,,,,,,,,,,,,,
Q151413,Q98278046,,,,,,,,,,,,,,,,,,,,,,,,,,,,,,,,,,,,,,,,,,,,,
Q151414,Q673282,,,,,,,,,,,,,,,,,,,,,,,,,,,1465121,,,,,,,,,,,,,,,,,,
Q151415,Q675161,,,,,,,,,,,,,,,,,,,,,,,,,,,1465118,,,,,,,,,,,,,,,,,,
Q151416,Q98278051,,,,,,,,,,,,,,,,,,,,,,,,,,,,,,,,,,,,,,,,,,,,,
Q151417,Q85854016,,,,,,,,,,,,,,,,,,,,,,,,,,,,,,,,,,,,,,,,,,,,,
Q151418,Q1133870,,,,,,,,,,,,,,,,,,,,,,,,,,,,,,,,,,,,,,,,,,,,,
Q151419,Q11944240,,,,,,,,,,,,,,,,,,,,,,,,,,,,,,,,,,,,,,,,,,,,,
Q151420,Q334935,,,,,,,,,,,,,,,,,,,,,,,,,,,,,,,,,,,,,,,,,,,,,
Q151421,Q7455883,,,,,,,,,,,,,,,,,,,,,,,,,,,,,,,,,,,,,,,,,,,,,I00800932
Q151422,Q1033173,,,,,,,,,,,,,,,,,,,,,,,,,,,413996,,,,,,,,,,,,,,,Titus_Flavius_Sabinus_I_(1),,,I00446809
Q151423,Q448568,,,,,,,,,,,,,,,,,,,,,,,,,,,414000,,,,,,,,,,,,,,,,,,I00446810
Q151424,Q108514305,,,,,,,,,,,,,,,,,,,,,,,,,,,,,,,,,,,,,,,,,,,,,
Q151425,Q1032689,,,,,,,,,,,,,,,,,,,,,,,,,,,,,,,,,,,,,,,,,,Titus_69_(1),,,
Q151426,Q108478804,,,,,,,,,,,,,,,,,,,,,,,,,,,,,,,,,,,,,,,,,,,,,
Q151427,Q344278,,,,,,,,,,,,,,,,,,,,,,,,,,,,,,,,,,,,,,,,,,,,,
Q151428,Q3622118,,,,,,,,,,,,,,,,,,,,,,,,,,,,,,,,,,,,,,,,,,,,,
Q151429,Q11923602,,,,,,,,,,,,,,,,,,,,,,,,,,,,,,,,,,,,,,,,,,,,,
Q151430,Q20109059,,,,,,,,,,,,,,,,,,,,,,,,,,,,,,,,,,,,,,,,,,,,,I00801075
Q151431,Q11934170,,,,,,,,,,,,,,,,,,,,,,,,,,,,,,,,,,,,,,,,,,,,,
Q151432,Q638091,,,,,,,,,,,,,,,,,,,,,,,,,,,,,,,,,,,,,,,,,,,,,
Q151433,Q548832,,,,,,,,,,,,,,,,,,,,,,,,,,,,,,,,,,,,,,,,,,,,,
Q151434,Q1241566,,,,,,,,,,,,,,,,,,,,,,,,,,,,,,,,,,,,,,,,,,,,,
Q151435,Q778856,,,,,,,,,,,,,,,,,,,,,,,,,,,,,,,,,,,,,,,,,,,,,
Q151436,Q176090,,,,,,,,,,,,,,,,,,,,,,,,,,,,,,,,,,,,,,,,,,,,,
Q151437,Q11944310,,,,,,,,,,,,,,,,,,,,,,,,,,,,,,,,,,,,,,,,,,,,,
Q151438,Q6697579,,,,,,,,,,,,,,,,,,,,,,,,,,,414079,,,,,,,,,,,,,,,,,,I00800955
Q151439,Q16931478,,,,,,,,,,,,,,,,,,,,,,,,,,,,,,,,,,,,,,,,,,,,,
Q151440,Q3655983,,,,,,,,,,,,,,,,,,,,,,,,,,,,,,,,,,,,,,,,,,,,,
Q151441,Q1114524,,,,,,,,,,,,,,,,,,,,,,,,,,,414012,,,,,,,,,,,,,,,Flavius_Liberalis_(1),,,I00446824
Q151442,Q1528430,,,,,,,,,,,,,,,,,,,,,,,,,,,,,,,,,,,,,,,,,,,,,I00446814
Q151443,Q348926,,,,,,,,,,,,,,,,,,,,,,,,,,,,,,,,,,,,,,,,,,Quintus_Consul_(1),,,
Q151444,Q292219,,,,,,,,,,,,,,,,,,,,,,,,,,,,,,,,,,,,,,,,,,Flavia_Domitilla_(1),,,I00446822
Q151445,Q644110,,,,,,,,,,,,,,,,,,,,,,,,,,,,,,,,,,,,,,,,,,,,,
Q151446,Q12276026,,,,,,,,,,,,,,,,,,,,,,,,,,,,,,,,,,,,,,,,,,,,,
Q151447,Q280869,,,,,,,,,,,,,,,,,,,,,,,,,,,413987,,,,,,,,,,,,,,,Titus_Egypt_(1),,,I00446821
Q151448,Q121225277,,,,,,,,,,,,,,,,,,,,,,,,,,,,,,,,,,,,,,,,,,,,,
Q151449,Q121303094,,,,,,,,,,,,,,,,,,,,,,,,,,,,,,,,,,,,,,,,,,,,,
Q151450,Q121302991,,,,,,,,,,,,,,,,,,,,,,,,,,,,,,,,,,,,,,,,,,,,,
Q151451,Q6758405,,,,,,,,,,,,,,,,,,,,,,,,,,,,,,,,,,,,,,,,,,,,,
Q151452,Q12283222,,,,,,,,,,,,,,,,,,,,,,,,,,,,,,,,,,,,,,,,,,,,,
Q151453,Q109745236,,,,,,,,,,,,,,,,,,,,,,,,,,,,,,,,,,,,,,,,,,,,,
Q151454,Q2437193,,,,,,,,,,,,,,,,,,,,,,,,,,,,,,,,,,,,,,,,,,,,,
Q151455,Q12283734,,,,,,,,,,,,,,,,,,,,,,,,,,,,,,,,,,,,,,,,,,,,,
Q151456,Q12291762,,,,,,,,,,,,,,,,,,,,,,,,,,,,,,,,,,,,,,,,,,,,,
Q151457,Q12291730,,,,,,,,,,,,,,,,,,,,,,,,,,,,,,,,,,,,,,,,,,,,,
Q151458,Q24951260,,,,,,,,,,,,,,,,,,,,,,,,,,,,,,,,,,,,,,,,,,,,,
Q151459,Q11905677,,,,,,,,,,,,,,,,,,,,,,,,,,,,,,,,,,,,,,,,,,,,,
Q151460,Q2919014,,,,,,,,,,,,,,,,,,,,,,,,,,,,,,,,,,,,,,,,,,,,,
Q151461,Q89587827,,,,,,,,,,,,,,,,,,,,,,,,,,,,,,,,,,,,,,,,,,,,,
Q151462,Q3265887,,,,,,,,,,,,,,,,,,,,,,,,,,,,,,,,,,,,,,,,,,,,,
Q151463,Q11935192,,,,,,,,,,,,,,,,,,,,,,,,,,,,,,,,,,,,,,,,,,,,,
Q151464,Q6758105,,,,,,,,,,,,,,,,,,,,,,,,,,,,,,,,,,,,,,,,,,,,,
Q151465,Q116455313,,,,,,,,,,,,,,,,,,,,,,,,,,,,,,,,,,,,,,,,,,,,,
Q151466,Q116455870,,,,,,,,,,,,,,,,,,,,,,,,,,,,,,,,,,,,,,,,,,,,,
Q151467,Q868074,,,,,,,,,,,,,,,,,,,,,,,,,,,,,,,,,,,,,,,,,,,,,I00801016
Q151468,Q4457037,,,,,,,,,,,,,,,,,,,,,,,,,,,,,,,,,,,,,,,,,,,,,
Q151469,Q97666961,,,,,,,,,,,,,,,,,,,,,,,,,,,,,,,,,,,,,,,,,,,,,
Q151470,Q97667140,,,,,,,,,,,,,,,,,,,,,,,,,,,,,,,,,,,,,,,,,,,,,
Q151471,Q297783,,,,,,,,,,,,,,,,,,,,,,,,,,,132736,,,,,,,,,,,,,,,Appius_Claudius_Caecus_(1),,,I00735569
Q151472,Q2352992,,,,,,,,,,,,,,,,,,,,,,,,,,,,,,,,,,,,,,,,,,,,,I00736136
Q151473,Q1097301,,,,,,,,,,,,,,,,,,,,,,,,,,,,,,,,,,,,,,,,,,,,,
Q151474,Q99236295,,,,,,,,,,,,,,,,,,,,,,,,,,,,,,,,,,,,,,,,,,,,,I00735572
Q151475,Q11941290,,,,,,,,,,,,,,,,,,,,,,,,,,,,,,,,,,,,,,,,,,,,,
Q151476,Q703448,,,,,,,,,,,,,,,,,,,,,,,,,,,,,,,,,,,,,,,,,,,,,
Q151477,Q1284948,,,,,,,,,,,,,,,,,,,,,,,,,,,,,,,,,,,,,,,,,,,,,
Q151478,Q1284899,,,,,,,,,,,,,,,,,,,,,,,,,,,,,,,,,,,,,,,,,,,,,
Q151479,Q97622924,,,,,,,,,,,,,,,,,,,,,,,,,,,,,,,,,,,,,,,,,,,,,
Q151480,Q15710269,,,,,,,,,,,,,,,,,,,,,,,,,,,,,,,,,,,,,,,,,,,,,
Q151481,Q3293507,,,,,,,,,,,,,,,,,,,,,,,,,,,,,,,,,,,,,,,,,,Publius_Cornelius_Scipio_(1),,,I00735575
Q151482,Q20499663,,,,,,,,,,,,,,,,,,,,,,,,,,,,,,,,,,,,,,,,,,,,,
Q151483,Q361377,,,,,,,,,,,,,,,,,,,,,,,,,,,,,,,,,,,,,,,,,,Lucius_Cornelius_Scipio_Asiaticus_(1),,,I00735577
Q151484,Q432244,,,,,,,,,,,,,,,,,,,,,,,,,,,,,,,,,,,,,,,,,,Lucius_Aemilius_Paullus_(consul_219_BC)_(1),,,I00735623
Q151485,Q298168,,,,,,,,,,,,,,,,,,,,,,,,,,,,,,,,,,,,,,,,,,Lucius_Aemilius_Paullus_Macedonicus_(1),,,I00735624
Q151486,Q503320,,,,,,,,,,,,,,,,,,,,,,,,,,,,,,,,,,,,,,,,,,Publius_Cornelius_Scipio_Nasica_Corculum_(1),,,I00735583
Q151487,Q12289911,,,,,,,,,,,,,,,,,,,,,,,,,,,,,,,,,,,,,,,,,,,,,I00736002
Q151488,Q459836,,,,,,,,,,,,,,,,,,,,,,,,,,,,,,,,,,,,,,,,,,Quintus_Fabius_Maximus_Aemilianus_(1),,,I00735627
Q151489,Q12279857,,,,,,,,,,,,,,,,,,,,,,,,,,,,,,,,,,,,,,,,,,,,,
Q151490,Q12279859,,,,,,,,,,,,,,,,,,,,,,,,,,,,,,,,,,,,,,,,,,,,,
Q151491,Q534347,,,,,,,,,,,,,,,,,,,,,,,,,,,,,,,,,,,,,,,,,,,,,
Q151492,Q1893524,,,,,,,,,,,,,,,,,,,,,,,,,,,,,,,,,,,,,,,,,,,,,
Q151493,Q521498,,,,,,,,,,,,,,,,,,,,,,,,,,,371183,,,,,,,,,,,,,,,Lucius_Caecilius_Metellus_Denter_(1),,,I00733976
Q151494,Q1165004,,,,,,,,,,,,,,,,,,,,,,,,,,,,,,,,,,,,,,,,,,,,,
Q151495,Q332842,,,,,,,,,,,,,,,,,,,,,,,,,,,,,,,,,,,,,,,,,,,,,
Q151496,Q540465,,,,,,,,,,,,,,,,,,,,,,,,,,,,,,,,,,,,,,,,,,,,,
Q151497,Q1289285,,,,,,,,,,,,,,,,,,,,,,,,,,,,,,,,,,,,,,,,,,,,,
Q151498,Q4281782,,,,,,,,,,,,,,,,,,,,,,,,,,,,,,,,,,,,,,,,,,,,,I00735960
Q151499,Q6884783,,,,,,,,,,,,,,,,,,,,,,,,,,,,,,,,,,,,,,,,,,,,,
Q151500,Q5876474,,,,,,,,,,,,,,,,,,,,,,,,,,,,,,,,,,,,,,,,,,,,,
Q151501,Q773056,,,,,,,,,,,,,,,,,,,,,,,,,,,,,,,,,,,,,,,,,,,,,
Q151502,Q2274319,,,,,,,,,,,,,,,,,,,,,,,,,,,,,,,,,,,,,,,,,,,,,
Q151503,Q937798,,,,,,,,,,,,,,,,,,,,,,,,,,,,,,,,,,,,,,,,,,,,,
Q151504,Q25396674,,,,,,,,,,,,,,,,,,,,,,,,,,,,,,,,,,,,,,,,,,,,,
Q151505,Q1390986,,,,,,,,,,,,,,,,,,,,,,,,,,,,,,,,,,,,,,,,,,,,,
Q151506,Q107587650,,,,,,,,,,,,,,,,,,,,,,,,,,,,,,,,,,,,,,,,,,,,,
Q151507,Q1360322,,,,,,,,,,,,,,,,,,,,,,,,,,,,,,,,,,,,,,,,,,,,,
Q151508,Q1227209,,,,,,,,,,,,,,,,,,,,,,,,,,,359915,,,,,,,,,,,,,,,Lucius_Valerius_Messalla_Thrasea_Priscus_(1),,,
Q151509,Q678659,,,,,,,,,,,,,,,,,,,,,,,,,,,,,,,,,,,,,,,,,,,,,
Q151510,Q179079,,,,,,,,,,,,,,,,,,,,,,,,,,,,,,,,,,,,,,,,,,,,,
Q151511,Q1237483,,,,,,,,,,,,,,,,,,,,,,,,,,,,,,,,,,,,,,,,,,,,,
Q151512,Q3951303,,,,,,,,,,,,,,,,,,,,,,,,,,,,,,,,,,,,,,,,,,,,,
Q151513,Q20109060,,,,,,,,,,,,,,,,,,,,,,,,,,,,,,,,,,,,,,,,,,,,,
Q151514,Q92435761,,,,,,,,,,,,,,,,,,,,,,,,,,,,,,,,,,,,,,,,,,,,,
Q151515,Q92438038,,,,,,,,,,,,,,,,,,,,,,,,,,,,,,,,,,,,,,,,,,,,,
Q151516,Q131731574,,,,,,,,,,,,,,,,,,,,,,,,,,,,,,,,,,,,,,,,,,,,,I00800929
Q151517,Q12293610,,,,,,,,,,,,,,,,,,,,,,,,,,,,,,,,,,,,,,,,,,,,,
Q151518,Q241707,,,,,,,,,,,,,,,,,,,,,,,,,,,,,,,,,,,,,,,,,,Titus_Flavius_Sabinus_(1),,,
Q151519,Q12296417,,,,,,,,,,,,,,,,,,,,,,,,,,,,,,,,,,,,,,,,,,,,,
Q151520,Q112865224,,,,,,,,,,,,,,,,,,,,,,,,,,,,,,,,,,,,,,,,,,,,,
Q151521,Q113180282,,,,,,,,,,,,,,,,,,,,,,,,,,,,,,,,,,,,,,,,,,,,,
Q151522,Q120984942,,,,,,,,,,,,,,,,,,,,,,,,,,,,,,,,,,,,,,,,,,,,,
Q151523,Q793605,,,,,,,,,,,,,,,,,,,,,,,,,,,,,,,,,,,,,,,,,,,,,
Q151524,Q97062732,,,,,,,,,,,,,,,,,,,,,,,,,,,,,,,,,,,,,,,,,,,,,I00801021
Q151525,Q2003224,,,,,,,,,,,,,,,,,,,,,,,,,,,,,,,,,,,,,,,,,,,,,
Q151526,Q2570062,,,,,,,,,,,,,,,,,,,,,,,,,,,,,,,,,,,,,,,,,,,,,
Q151527,Q1215347,,,,,,,,,,,,,,,,,,,,,,,,,,,1465150,,,,,,,,,,,,,,,,,,
Q151528,Q15733188,,,,,,,,,,,,,,,,,,,,,,,,,,,,,,,,,,,,,,,,,,,,,
Q151529,Q106768070,,,,,,,,,,,,,,,,,,,,,,,,,,,,,,,,,,,,,,,,,,,,,
Q151530,Q553282,,,,,,,,,,,,,,,,,,,,,,,,,,,,,,,,,,,,,,,,,,,,,I00801059
Q151531,Q6422835,,,,,,,,,,,,,,,,,,,,,,,,,,,,,,,,,,,,,,,,,,,,,I00801078
Q151532,Q12275944,,,,,,,,,,,,,,,,,,,,,,,,,,,,,,,,,,,,,,,,,,,,,
Q151533,Q20002156,,,,,,,,,,,,,,,,,,,,,,,,,,,,,,,,,,,,,,,,,,,,,
Q151534,Q1289275,,,,,,,,,,,,,,,,,,,,,,,,,,,,,,,,,,,,,,,,,,,,,
Q151535,Q12275948,,,,,,,,,,,,,,,,,,,,,,,,,,,,,,,,,,,,,,,,,,,,,
Q151536,Q11935082,,,,,,,,,,,,,,,,,,,,,,,,,,,,,,,,,,,,,,,,,,,,,
Q151537,Q107296987,,,,,,,,,,,,,,,,,,,,,,,,,,,,,,,,,,,,,,,,,,,,,
Q151538,Q772838,,,,,,,,,,,,,,,,,,,,,,,,,,,1464970,,,,,,,,,,,,,,,,,,
Q151539,Q92757108,,,,,,,,,,,,,,,,,,,,,,,,,,,,,,,,,,,,,,,,,,,,,
Q151540,Q92757242,,,,,,,,,,,,,,,,,,,,,,,,,,,,,,,,,,,,,,,,,,,,,
Q151541,Q767986,,,,,,,,,,,,,,,,,,,,,,,,,,,,,,,,,,,,,,,,,,,,,
Q151542,Q1216102,,,,,,,,,,,,,,,,,,,,,,,,,,,,,,,,,,,,,,,,,,,,,
Q151543,Q349580,,,,,,,,,,,,,,,,,,,,,,,,,,,,,,,,,,,,,,,,,,,,,
Q151544,Q263402,,,,,,,,,,,,,,,,,,,,,,,,,,,,,,,,,,,,,,,,,,,,,
Q151545,Q17015314,,,,,,,,,,,,,,,,,,,,,,,,,,,,,,,,,,,,,,,,,,,,,
Q151546,Q107449664,,,,,,,,,,,,,,,,,,,,,,,,,,,,,,,,,,,,,,,,,,,,,
Q151547,Q329591,,,,,,,,,,,,,,,,,,,,,,,,,,,,,,,,,,,,,,,,,,,,,
Q151548,Q12296285,,,,,,,,,,,,,,,,,,,,,,,,,,,,,,,,,,,,,,,,,,,,,I00446808
Q151549,Q11954555,,,,,,,,,,,,,,,,,,,,,,,,,,,,,,,,,,,,,,,,,,,,,
Q151550,Q108540626,,,,,,,,,,,,,,,,,,,,,,,,,,,,,,,,,,,,,,,,,,,,,
Q151551,Q12272307,,,,,,,,,,,,,,,,,,,,,,,,,,,,,,,,,,,,,,,,,,,,,
Q151552,Q108576110,,,,,,,,,,,,,,,,,,,,,,,,,,,,,,,,,,,,,,,,,,,,,
Q151553,Q42887,,,,,,,,,,,,,,,,,,,,,,,,term/3902dbc1-ca3e-4e19-bee2-3ebd3068d6ac,,,,,,,,,,,,,,,,,,,,Romanus-6,
Q151554,Q1236445,,,,,,,,,,,,,,,,,,,,,,,,,,,,,,,,,,,,,,,,,,,,,
Q151555,Q12277061,,,,,,,,,,,,,,,,,,,,,,,,,,,,,,,,,,,,,,,,,,,,,
Q151556,Q12285298,,,,,,,,,,,,,,,,,,,,,,,,,,,,,,,,,,,,,,,,,,,,,
Q151557,Q12277062,,,,,,,,,,,,,,,,,,,,,,,,,,,,,,,,,,,,,,,,,,,,,
Q151558,Q1230217,,,,,,,,,,,,,,,,,,,,,,,,,,,,,,,,,,,,,,,,,,,,,
Q151559,Q1873542,,,,,,,,,,,,,,,,,,,,,,,,,,,,,,,,,,,,,,,,,,,,,
Q151560,Q1275480,,,,,,,,,,,,,,,,,,,,,,,,,,,,,,,,,,,,,,,,,,,,,
Q151561,Q123470528,,,,,,,,,,,,,,,,,,,,,,,,,,,,,,,,,,,,,,,,,,,,,
Q151562,Q11950620,,,,,,,,,,,,,,,,,,,,,,,,,,,,,,,,,,,,,,,,,,,,,
Q151563,Q544988,,,,,,,,,,,,,,,,,,,,,,,,,,,,,,,,,,,,,,,,,,,,,
Q151564,Q1283514,,,,,,,,,,,,,,,,,,,,,,,,,,,,,,,,,,,,,,,,,,,,,I00736253
Q151565,Q113639143,,,,,,,,,,,,,,,,,,,,,,,,,,,,,,,,,,,,,,,,,,,,,
Q151566,Q857028,,,,,,,,,,,,,,,,,,,,,,,,,,,,,,,,,,,,,,,,,,,,,I00736003|I00800974
Q151567,Q11944299,,,,,,,,,,,,,,,,,,,,,,,,,,,,,,,,,,,,,,,,,,,,,
Q151568,Q97139304,,,,,,,,,,,,,,,,,,,,,,,,,,,,,,,,,,,,,,,,,,,,,
Q151569,Q97139370,,,,,,,,,,,,,,,,,,,,,,,,,,,,,,,,,,,,,,,,,,,,,
Q151570,Q1533130,,,,,,,,,,,,,,,,,,,,,,,,,,,,,,,,,,,,,,,,,,,,,
Q151571,Q1799131,,,,,,,,,,,,,,,,,,,,,,,,,,,,,,,,,,,,,,,,,,,,,
Q151572,Q102421377,,,,,,,,,,,,,,,,,,,,,,,,,,,,,,,,,,,,,,,,,,,,,
Q151573,Q102417058,,alvin-person:25578,,,,,,,,,,,,,,,,,,,,,,,,,,,,,,,,,,,,,,,,,,,
Q151574,Q102350968,,,,,,,,,,,,,,,,,,,,,,,,,,,,,,,,,,,,,,,,,,,,,
Q151575,Q372459,,,,,,,,,,,,,,,,,,,,,,,,,,,,,,,,,,,,,,,,,,,,,
Q151576,Q4781094,,,,,,,,,,,,,,,,,,,,,,,,,,,,,,,,,,,,,,,,,,,,,
Q151577,Q108319987,,,,,,,,,,,,,,,,,,,,,,,,,,,,,,,,,,,,,,,,,,,,,
Q151578,Q674793,,,,,,,,,,,,,,,,,,,,,,,,,,,,,,,,,,,,,,,,,,,,,
Q151579,Q89587803,,,,,,,,,,,,,,,,,,,,,,,,,,,,,,,,,,,,,,,,,,,,,
Q151580,Q3346296,,,,,,,,,,,,,,,,,,,,,,,,,,,,,,,,,,,,,,,,,,,,,
Q151581,Q115681808,,,,,,,,,,,,,,,,,,,,,,,,,,,,,,,,,,,,,,,,,,,,,
Q151582,Q116455332,,,,,,,,,,,,,,,,,,,,,,,,,,,,,,,,,,,,,,,,,,,,,
Q151583,Q97666929,,,,,,,,,,,,,,,,,,,,,,,,,,,,,,,,,,,,,,,,,,,,,
Q151584,Q434133,,,,,,,,,,,,,,,,,,,,,,,,,,,,,,,,,,,,,,,,,,,,,
Q151585,Q644435,,,,,,,,,,,,,,,,,,,,,,,,,,,,,,,,,,,,,,,,,,,,,
Q151586,Q5759141,,,,,,,,,,,,,,,,,,,,,,,,,,,,,,,,,,,,,,,,,,,,,I00735570
Q151587,Q453947,,,,,,,,,,,,,,,,,,,,,,,,,,,132739,,,,,,,,,,,,,,,Appius_Claudius_Caudex_(1),,,
Q151588,Q179824,,,,,,,,,,,,,,,,,,,,,,,,,,,523931,,,,,,,,,,,,,,,,,,
Q151589,Q111309885,,,,,,,,,,,,,,,,,,,,,,,,,,,,,,,,,,,,,,,,,,,,,I00735573
Q151590,Q111310047,,,,,,,,,,,,,,,,,,,,,,,,,,,,,,,,,,,,,,,,,,,,,
Q151591,Q106454474,,,,,,,,,,,,,,,,,,,,,,,,,,,,,,,,,,,,,,,,,,,,,
Q151592,Q97622720,,,,,,,,,,,,,,,,,,,,,,,,,,,,,,,,,,,,,,,,,,,,,
Q151593,Q708483,,,,,,,,,,,,,,,,,,,,,,,,,,,,,,,,,,,,,,,,,,Lucius_Cornelius_Scipio_(consul_259_BC)_(1),,,I00735574
Q151594,Q316475,,,,,,,,,,,,,,,,,,,,,,,,,,,,,,,,,,,,,,,,,,Gnaeus_Cornelius_Scipio_Calvus_(1),,,I00735581
Q151595,Q1278949,,,,,,,,,,,,,,,,,,,,,,,,,,,,,,,,,,,,,,,,,,,,,
Q151596,Q1619093,,,,,,,,,,,,,,,,,,,,,,,,,,,,,,,,,,,,,,,,,,,,,
Q151597,Q1548826,,,,,,,,,,,,,,,,,,,,,,,,,,,,,,,,,,,,,,,,,,,,,I00735578
Q151598,Q1533112,,,,,,,,,,,,,,,,,,,,,,,,,,,,,,,,,,,,,,,,,,,,,I00735622
Q151599,Q453860,,,,,,,,,,,,,,,,,,,,,,,,,,,,,,,,,,,,,,,,,,Publius_Cornelius_Scipio_Nasica_(1),,,I00735582
Q151600,Q715490,,,,,,,,,,,,,,,,,,,,,,,,,,,,,,,,,,,,,,,,,,,,,
Q151601,Q11944256,,,,,,,,,,,,,,,,,,,,,,,,,,,,,,,,,,,,,,,,,,,,,
Q151602,Q671846,,,,,,,,,,,,,,,,,,,,,,,,,,,,,,,,,,,,,,,,,,,,,
Q151603,Q318718,,,,,,,,,,,,,,,,,,,,,,,,,,,,,,,,,,,,,,,,,,,,,
Q151604,Q781626,,,,,,,,,,,,,,,,,,,,,,,,,,,,,,,,,,,,,,,,,,,,,
Q151605,Q947736,,,,,,,,,,,,,,,,,,,,,,,,,,,,,,,,,,,,,,,,,,,,,
Q151606,Q107101893,,,,,,,,,,,,,,,,,,,,,,,,,,,,,,,,,,,,,,,,,,,,,
Q151607,Q1491524,,,,,,,,,,,,,,,,,,,,,,,,,,,,,,,,,,,,,,,,,,,,,
Q151608,Q1491536,,,,,,,,,,,,,,,,,,,,,,,,,,,,,,,,,,,,,,,,,,,,,
Q151609,Q463034,,,,,,,,,,,,,,,,,,,,,,,,,,,,,,,,,,,,,,,,,,,,,
Q151610,Q1247322,,,,,,,,,,,,,,,,,,,,,,,,,,,,,,,,,,,,,,,,,,,,,I00735959
Q151611,Q2437174,,,,,,,,,,,,,,,,,,,,,,,,,,,,,,,,,,,,,,,,,,,,,
Q151612,Q11931914,,,,,,,,,,,,,,,,,,,,,,,,,,,,,,,,,,,,,,,,,,,,,
Q151613,Q1280971,,,,,,,,,,,,,,,,,,,,,,,,,,,,,,,,,,,,,,,,,,,,,
Q151614,Q1372407,,,,,,,,,,,,,,,,,,,,,,,,,,,,,,,,,,,,,,,,,,,,,
Q151615,Q659723,,,,,,,,,,,,,,,,,,,,,,,,,,,,,,,,,,,,,,,,,,,,,
Q151616,Q11923662,,,,,,,,,,,,,,,,,,,,,,,,,,,,,,,,,,,,,,,,,,,,,
Q151617,Q3066428,,,,,,,,,,,,,,,,,,,,,,,,,,,,,,,,,,,,,,,,,,,,,
Q151618,Q12286049,,,,,,,,,,,,,,,,,,,,,,,,,,,,,,,,,,,,,,,,,,,,,
Q151619,Q254261,,,,,,,,,,,,,,,,,,,,,,,,,,,,,,,,,,,,,,,,,,Lucius_Valerius_Messalla_Apollinaris_(1),,,
Q151620,Q6389488,,,,,,,,,,,,,,,,,,,,,,,,,,,,,,,,,,,,,,,,,,,,,
Q151621,Q82176,,,,,,,,,,,,,,,,,,,,,,,,,,,,,,,,,,,,,,,,,,,,,
Q151622,Q670818,,,,,,,,,,,,,,,,,,,,,,,,,,,,,,,,,,,,,,,,,,,,,
Q151623,Q764882,,,,,,,,,,,,,,,,,,,,,,,,,,,,,,,,,,,,,,,,,,,,,
Q151624,Q5517406,,,,,,,,,,,,,,,,,,,,,,,,,,,,,,,,,,,,,,,,,,,,,
Q151625,Q12275963,,,,,,,,,,,,,,,,,,,,,,,,,,,,,,,,,,,,,,,,,,,,,
Q151626,Q1232970,,,,,,,,,,,,,,,,,,,,,,,,,,,,,,,,,,,,,,,,,,,,,
Q151627,Q12283496,,,,,,,,,,,,,,,,,,,,,,,,,,,,,,,,,,,,,,,,,,,,,
Q151628,Q108476546,,,,,,,,,,,,,,,,,,,,,,,,,,,,,,,,,,,,,,,,,,,,,
Q151629,Q108478428,,,,,,,,,,,,,,,,,,,,,,,,,,,,,,,,,,,,,,,,,,,,,
Q151630,Q112865796,,,,,,,,,,,,,,,,,,,,,,,,,,,,,,,,,,,,,,,,,,,,,I00800937
Q151631,Q112865840,,,,,,,,,,,,,,,,,,,,,,,,,,,,,,,,,,,,,,,,,,,,,
Q151632,Q120984989,,,,,,,,,,,,,,,,,,,,,,,,,,,,,,,,,,,,,,,,,,,,,
Q151633,Q1276902,,,,,,,,,,,,,,,,,,,,,,,,,,,,,,,,,,,,,,,,,,,,,
Q151634,Q97062710,,,,,,,,,,,,,,,,,,,,,,,,,,,,,,,,,,,,,,,,,,,,,
Q151635,Q102390583,,,,,,,,,,,,,,,,,,,,,,,,,,,,,,,,,,,,,,,,,,,,,
Q151636,Q127882474,,,,,,,,,,,,,,,,,,,,,,,,,,,,,,,,,,,,,,,,,,,,,
Q151637,Q11012438,,,,,,,,,,,,,,,,,,,,,,,,,,,,,,,,,,,,,,,,,,,,,
Q151638,Q289392,,,,,,,,,,,,,,,,,,,,,,,,,,,,,,,,,,,,,,,,,,,,,I00801060
Q151639,Q731534,,,,,,,,,,,,,,,,,,,,,,,,,,,,,,,,,,,,,,,,,,,,,
Q151640,Q965435,,,,,,,,,,,,,,,,,,,,,,,,,,,,,,,,,,,,,,,,,,,,,
Q151641,Q718133,,,,,,,,,,,,,,,,,,,,,,,,,,,1464972,,,,,,,,,,,,,,,,,,
Q151642,Q1283881,,,,,,,,,,,,,,,,,,,,,,,,,,,,,,,,,,,,,,,,,,,,,
Q151643,Q12285245,,,,,,,,,,,,,,,,,,,,,,,,,,,,,,,,,,,,,,,,,,,,,
Q151644,Q85854013,,,,,,,,,,,,,,,,,,,,,,,,,,,,,,,,,,,,,,,,,,,,,
Q151645,Q329554,,,,,,,,,,,,,,,,,,,,,,,,,,,,,,,,,,,,,,,,,,,,,
Q151646,Q26255328,,,,,,,,,,,,,,,,,,,,,,,,,,,,,,,,,,,,,,,,,,,,,
Q151647,Q355758,,,,,,,,,,,,,,,,,,,,,,,,,,,,,,,,,,,,,,,,,,,,,
Q151648,Q12285281,,,,,,,,,,,,,,,,,,,,,,,,,,,,,,,,,,,,,,,,,,,,,
Q151649,Q344282,,,,,,,,,,,,,,,,,,,,,,,,,,,,,,,,,,,,,,,,,,,,,
Q151650,Q1491405,,,,,,,,,,,,,,,,,,,,,,,,,,,,,,,,,,,,,,,,,,,,,
Q151651,Q1873556,,,,,,,,,,,,,,,,,,,,,,,,,,,,,,,,,,,,,,,,,,,,,
Q151652,Q20005172,,,,,,,,,,,,,,,,,,,,,,,,,,,,,,,,,,,,,,,,,,,,,
Q151653,Q16188296,,,,,,,,,,,,,,,,,,,,,,,,,,,,,,,,,,,,,,,,,,,,,
Q151654,Q5881568,,,,,,,,,,,,,,,,,,,,,,,,,,,,,,,,,,,,,,,,,,,,,
Q151655,Q12282827,,,,,,,,,,,,,,,,,,,,,,,,,,,,,,,,,,,,,,,,,,,,,
Q151656,Q706305,,,,,,,,,,,,,,,,,,,,,,,,,,,,,,,,,,,,,,,,,,,,,I00736254
Q151657,Q2933380,,,,,,,,,,,,,,,,,,,,,,,,,,,,,,,,,,,,,,,,,,,,,
Q151658,Q11923561,,,,,,,,,,,,,,,,,,,,,,,,,,,,,,,,,,,,,,,,,,,,,
Q151659,Q102349608,,,,,,,,,,,,,,,,,,,,,,,,,,,,,,,,,,,,,,,,,,,,,
Q151660,Q11907258,,,,,,,,,,,,,,,,,,,,,,,,,,,,,,,,,,,,,,,,,,,,,
Q151661,Q97156654,,,,,,,,,,,,,,,,,,,,,,,,,,,,,,,,,,,,,,,,,,,,,
Q151662,Q772811,,,,,,,,,,,,,,,,,,,,,,,,,,,,,,,,,,,,,,,,,,,,,
Q151663,Q1284890,,,,,,,,,,,,,,,,,,,,,,,,,,,,,,,,,,,,,,,,,,,,,
Q151664,Q710851,,,,,,,,,,,,,,,,,,,,,,,,,,,,,,,,,,,,,,,,,,,,,
Q151665,Q1491460,,,,,,,,,,,,,,,,,,,,,,,,,,,,,,,,,,,,,,,,,,,,,
Q151666,Q1491457,,,,,,,,,,,,,,,,,,,,,,,,,,,,,,,,,,,,,,,,,,,,,
Q151667,Q4978275,,,,,,,,,,,,,,,,,,,,,,,,,,,,,,,,,,,,,,,,,,,,,
Q151668,Q108540784,,,,,,,,,,,,,,,,,,,,,,,,,,,,,,,,,,,,,,,,,,,,,
Q151669,Q451275,,,,,,,,,,,,,,,,,,,,,,,,,,,,,,,,,,,,,,,,,,,,,
Q151670,Q533755,,,,,,,,,,,,,,,,,,,,,,,,,,,,,,,,,,,,,,,,,,,,,
Q151671,Q4687729,,,,,,,,,,,,,,,,,,,,,,,,,,,,,,,,,,,,,,,,,,,,,
Q151672,Q891831,,,,,,,,,,,,,,,,,,,,,,,,,,,,,,,,,,,,,,,,,,,,,
Q151673,Q3530990,,,,,,,,,,,,,,,,,,,,,,,,,,,,,,,,,,,,,,,,,,,,,I00736392
Q151674,Q3072469,,,,,,,,,,,,,,,,,,,,,,,,,,,401200,,,,,,,,,,,,,,,,,,I00736393
Q151675,Q3265882,,,,,,,,,,,,,,,,,,,,,,,,,,,,,,,,,,,,,,,,,,,,,
Q151676,Q6757993,,,,,,,,,,,,,,,,,,,,,,,,,,,,,,,,,,,,,,,,,,,,,
Q151677,Q97666879,,,,,,,,,,,,,,,,,,,,,,,,,,,,,,,,,,,,,,,,,,,,,
Q151678,Q657609,,,,,,,,,,,,,,,,,,,,,,,,,,,,,,,,,,,,,,,,,,,,,
Q151679,Q12272235,,,,,,,,,,,,,,,,,,,,,,,,,,,,,,,,,,,,,,,,,,,,,
Q151680,Q127712074,,,,,,,,,,,,,,,,,,,,,,,,,,,,,,,,,,,,,,,,,,,,,
Q151681,Q441191,,,,,,,,,,,,,,,,,,,,,,,,,,,,,,,,,,,,,,,,,,,,,I00249495
Q151682,Q1280715,,,,,,,,,,,,,,,,,,,,,,,,,,,,,,,,,,,,,,,,,,,,,
Q151683,Q47453273,,,,,,,,,,,,,,,,,,,,,,,,,,,,,,,,,,,,,,,,,,,,,
Q151684,Q97622696,,,,,,,,,,,,,,,,,,,,,,,,,,,,,,,,,,,,,,,,,,,,,
Q151685,Q97608716,,,,,,,,,,,,,,,,,,,,,,,,,,,,,,,,,,,,,,,,,,,,,
Q151686,Q374630,,,,,,,,,,,,,,,,,,,,,,,,,,,,,,,,,,,,,,,,,,Lucius_Cornelius_Scipio_Barbatus_(1),,,
Q151687,Q453853,,,,,,,,,,,,,,,,,,,,,,,,,,,,,,,,,,,,,,,,,,Gnaeus_Cornelius_Scipio_Asina_(1),,,
Q151688,Q11934067,,,,,,,,,,,,,,,,,,,,,,,,,,,,,,,,,,,,,,,,,,,,,
Q151689,Q122321,,,,,,,,,,,,,,,,,,,,,,,,,,,,,,,,,,,,,,,,,,,,,
Q151690,Q11935208,,,,,,,,,,,,,,,,,,,,,,,,,,,,,,,,,,,,,,,,,,,,,
Q151691,Q1306266,,,,,,,,,,,,,,,,,,,,,,,,,,,,,,,,,,,,,,,,,,,,,I00735621
Q151692,Q1767765,,,,,,,,,,,,,,,,,,,,,,,,,,,,,,,,,,,,,,,,,,,,,
Q151693,Q12286059,,,,,,,,,,,,,,,,,,,,,,,,,,,,,,,,,,,,,,,,,,,,,
Q151694,Q526243,,,,,,,,,,,,,,,,,,,,,,,,,,,,,,,,,,,,,,,,,,,,,
Q151695,Q554632,,,,,,,,,,,,,,,,,,,,,,,,,,,,,,,,,,,,,,,,,,,,,
Q151696,Q127695541,,,,,,,,,,,,,,,,,,,,,,,,,,,,,,,,,,,,,,,,,,,,,
Q151697,Q953693,,,,,,,,,,,,,,,,,,,,,,,,,,,,,,,,,,,,,,,,,,,,,
Q151698,Q369710,,,,,,,,,,,,,,,,,,,,,,,,,,,,,,,,,,,,,,,,,,,,,I00735958
Q151699,Q589792,,,,,,,,,,,,,,,,,,,,,,,,,,,,,,,,,,,,,,,,,,,,,
Q151700,Q12276045,,,,,,,,,,,,,,,,,,,,,,,,,,,,,,,,,,,,,,,,,,,,,
Q151701,Q594441,,,,,,,,,,,,,,,,,,,,,,,,,,,,,,,,,,,,,,,,,,,,,
Q151702,Q12272327,,,,,,,,,,,,,,,,,,,,,,,,,,,,,,,,,,,,,,,,,,,,,
Q151703,Q12291743,,,,,,,,,,,,,,,,,,,,,,,,,,,,,,,,,,,,,,,,,,,,,
Q151704,Q343814,,,,,,,,,,,,,,,,,,,,,,,,,,,,,,,,,,,,,,,,,,Lucius_Valerius_Claudius_Acilius_Priscillianus_Maximus_(1),,,
Q151705,Q3813490,,,,,,,,,,,,,,,,,,,,,,,,,,,,,,,,,,,,,,,,,,,,,
Q151706,Q116455907,,,,,,,,,,,,,,,,,,,,,,,,,,,,,,,,,,,,,,,,,,,,,
Q151707,Q334910,,,,,,,,,,,,,,,,,,,,,,,,,,,,,,,,,,,,,,,,,,Titus_Sulpicianus_(1),,,
Q151708,Q2604067,,,,,,,,,,,,,,,,,,,,,,,,,,,413973,,,,,,,,,,,,,,,Flavia_Titiana_(1),,,I00709555
Q151709,Q7810305,,,,,,,,,,,,,,,,,,,,,,,,,,,,,,,,,,,,,,,,,,,,,
Q151710,Q112865805,,,,,,,,,,,,,,,,,,,,,,,,,,,,,,,,,,,,,,,,,,,,,
Q151711,Q3109425,,,,,,,,,,,,,,,,,,,,,,,,,,,,,,,,,,,,,,,,,,,,,
Q151712,Q1379447,,,,,,,,,,,,,,,,,,,,,,,,,,,,,,,,,,,,,,,,,,,,,
Q151713,Q382964,,,,,,,,,,,,,,,,,,,,,,,,,,,,,,,,,,,,,,,,,,,,,
Q151714,Q1528929,,,,,,,,,,,,,,,,,,,,,,,,,,,1466298,,,,,,,,,,,,,,,,,,
Q151715,Q1894209,,,,,,,,,,,,,,,,,,,,,,,,,,,1466295,,,,,,,,,,,,,,,,,,
Q151716,Q1952825,,,,,,,,,,,,,,,,,,,,,,,,,,,,,,,,,,,,,,,,,,,,,
Q151717,Q714622,,,,,,,,,,,,,,,,,,,,,,,,,,,,,,,,,,,,,,,,,,,,,I00801061
Q151718,Q107296965,,,,,,,,,,,,,,,,,,,,,,,,,,,,,,,,,,,,,,,,,,,,,
Q151719,Q12296400,,,,,,,,,,,,,,,,,,,,,,,,,,,,,,,,,,,,,,,,,,,,,
Q151720,Q2671895,,,,,,,,,,,,,,,,,,,,,,,,,,,,,,,,,,,,,,,,,,,,,
Q151721,Q11924391,,,,,,,,,,,,,,,,,,,,,,,,,,,,,,,,,,,,,,,,,,,,,
Q151722,Q113639198,,alvin-person:33622,,,,,,,,,,,,,,,,,,,,,,,,,,,,,,,,,,,,,,,,,,,
Q151723,Q995993,,,,,,,,,,,,,,,,,,,,,,,,,,,,,,,,,,,,,,,,,,,,,
Q151724,Q11921561,,,,,,,,,,,,,,,,,,,,,,,,,,,,,,,,,,,,,,,,,,,,,
Q151725,Q3623296,,,,,,,,,,,,,,,,,,,,,,,,,,,,,,,,,,,,,,,,,,,,,
Q151726,Q949544,,,,,,,,,,,,,,,,,,,,,,,,,,,,,,,,,,,,,,,,,,,,,
Q151727,Q97290215,,,,,,,,,,,,,,,,,,,,,,,,,,,,,,,,,,,,,,,,,,,,,
Q151728,Q127567580,,,,,,,,,,,,,,,,,,,,,,,,,,,,,,,,,,,,,,,,,,,,,
Q151729,Q975462,,,,,,,,,,,,,,,,,,,,,,,,,,,,,,,,,,,,,,,,,,,,,
Q151730,Q939456,,,,,,,,,,,,,,,,,,,,,,,,,,,,,,,,,,,,,,,,,,,,,
Q151731,Q1536606,,,,,,,,,,,,,,,,,,,,,,,,,,,,,,,,,,,,,,,,,,,,,
Q151732,Q297377,,alvin-person:53701,,,,,,,,,,,,,,,,,,,,,,,,,,,,,,,,,,,,,,,,,,,
Q151733,Q121271569,,,,,,,,,,,,,,,,,,,,,,,,,,,,,,,,,,,,,,,,,,,,,
Q151734,Q121271553,,,,,,,,,,,,,,,,,,,,,,,,,,,,,,,,,,,,,,,,,,,,,
Q151735,Q12291043,,,,,,,,,,,,,,,,,,,,,,,,,,,,,,,,,,,,,,,,,,,,,
Q151736,Q1229553,,,,,,,,,,,,,,,,,,,,,,,,,,,,,,,,,,,,,,,,,,,,,
Q151737,Q665706,,,,,,,,,,,,,,,,,,,,,,,,,,,,,,,,,,,,,,,,,,,,,
Q151738,Q3656249,,,,,,,,,,,,,,,,,,,,,,,,,,,,,,,,,,,,,,,,,,,,,
Q151739,Q1440,,alvin-person:28402,,,,,,,,35110414,,,,,,,,,,,,,,person/ad0fc836-6709-4846-b16b-2f4fdfcdfa96,,,,,,,,,,,,,,,,,,,,,I00716750
Q151740,Q2747796,,,,,,,,,,,,,,,,,,,,,,,,,,,1283400,,,,,,,,,,,,,,,,,,I00738150
Q151741,Q3073249,,,,,,,,,,,,,,,,,,,,,,,,,,,401197,,,,,,,,,,,,,,,,,,
Q151742,Q2092365,,,,,,,,,,,,,,,,,,,,,,,,,,,,,,,,,,,,,,,,,,,,,
Q151743,Q283141,,,,,,,,,,,,,,,,,,,,,,,,,,,,,,,,,,,,,,,,,,,,,
Q151744,Q11923531,,,,,,,,,,,,,,,,,,,,,,,,,,,,,,,,,,,,,,,,,,,,,
Q151745,Q1406693,,,,,,,,,,,,,,,,,,,,,,,,,,,,,,,,,,,,,,,,,,,,,
Q151746,Q12285208,,,,,,,,,,,,,,,,,,,,,,,,,,,,,,,,,,,,,,,,,,,,,
Q151747,Q97608851,,,,,,,,,,,,,,,,,,,,,,,,,,,,,,,,,,,,,,,,,,,,,
Q151748,Q128598522,,,,,,,,,,,,,,,,,,,,,,,,,,,,,,,,,,,,,,,,,,,,,
Q151749,Q897654,,,,,,,,,,,,,,,,,,,,,,,,,,,,,,,,,,,,,,,,,,,,,
Q151750,Q97211099,,,,,,,,,,,,,,,,,,,,,,,,,,,,,,,,,,,,,,,,,,,,,
Q151751,Q1533120,,,,,,,,,,,,,,,,,,,,,,,,,,,,,,,,,,,,,,,,,,,,,
Q151752,Q274545,,,,,,,,,,,,,,,,,,,,,,,,,,,,,,,,,,,,,,,,,,,,,
Q151753,Q11944255,,,,,,,,,,,,,,,,,,,,,,,,,,,,,,,,,,,,,,,,,,,,,
Q151754,Q2724155,,,,,,,,,,,,,,,,,,,,,,,,,,,,,,,,,,,,,,,,,,,,,
Q151755,Q441774,,,,,,,,,,,,,,,,,,,,,,,,,,,,,,,,,,,,,,,,,,,,Caecina-1,
Q151756,Q12275993,,,,,,,,,,,,,,,,,,,,,,,,,,,,,,,,,,,,,,,,,,,,,
Q151757,Q664977,,,,,,,,,,,,,,,,,,,,,,,,,,,,,,,,,,,,,,,,,,Lucius_Valerius_Claudius_Poplicola_Balbinus_Maximus_(1),,,
Q151758,Q12286136,,,,,,,,,,,,,,,,,,,,,,,,,,,,,,,,,,,,,,,,,,,,,
Q151759,Q116459834,,,,,,,,,,,,,,,,,,,,,,,,,,,,,,,,,,,,,,,,,,,,,
Q151760,Q1436,,alvin-person:28401,,,,,,,,35110089,,,,,,,,,,,,,,person/ec9afb92-172a-4187-9b34-833288705a22,,,413950,,,,,,,,,,,,,,,,,,I00446867
Q151761,Q363110,,,,,,,,,,,,,,,,,,,,,,,,,,,,,,,,,,,,,,,,,,,,,
Q151762,Q108479581,,,,,,,,,,,,,,,,,,,,,,,,,,,,,,,,,,,,,,,,,,,,,
Q151763,Q108479479,,,,,,,,,,,,,,,,,,,,,,,,,,,,,,,,,,,,,,,,,,,,,
Q151764,Q112865820,,,,,,,,,,,,,,,,,,,,,,,,,,,,,,,,,,,,,,,,,,,,,
Q151765,Q1275693,,,,,,,,,,,,,,,,,,,,,,,,,,,,,,,,,,,,,,,,,,,,,
Q151766,Q11943272,,,,,,,,,,,,,,,,,,,,,,,,,,,,,,,,,,,,,,,,,,,,,
Q151767,Q464897,,,,,,,,,,,,,,,,,,,,,,,,,,,,,,,,,,,,,,,,,,,,,
Q151768,Q3656496,,,,,,,,,,,,,,,,,,,,,,,,,,,,,,,,,,,,,,,,,,,,,
Q151769,Q90653743,,,,,,,,,,,,,,,,,,,,,,,,,,,,,,,,,,,,,,,,,,,,,
Q151770,Q772848,,,,,,,,,,,,,,,,,,,,,,,,,,,,,,,,,,,,,,,,,,,,,
Q151771,Q12272329,,,,,,,,,,,,,,,,,,,,,,,,,,,,,,,,,,,,,,,,,,,,,
Q151772,Q108494571,,,,,,,,,,,,,,,,,,,,,,,,,,,,,,,,,,,,,,,,,,,,,
Q151773,Q108494520,,,,,,,,,,,,,,,,,,,,,,,,,,,,,,,,,,,,,,,,,,,,,
Q151774,Q3300502,,,,,,,,,,,,,,,,,,,,,,,,,,,,,,,,,,,,,,,,,,,,,
Q151775,Q109189538,,,,,,,,,,,,,,,,,,,,,,,,,,,,,,,,,,,,,,,,,,,,,
Q151776,Q11923558,,,,,,,,,,,,,,,,,,,,,,,,,,,,,,,,,,,,,,,,,,,,,
Q151777,Q10714080,,,,,,,,,,,,,,,,,,,,,,,,,,,,,,,,,,,,,,,,,,,,,
Q151778,Q1541247,,,,,,,,,,,,,,,,,,,,,,,,,,,,,,,,,,,,,,,,,,,,,
Q151779,Q521840,,,,,,,,,,,,,,,,,,,,,,,,,,,,,,,,,,,,,,,,,,,,,
Q151780,Q3655592,,,,,,,,,,,,,,,,,,,,,,,,,,,,,,,,,,,,,,,,,,,,,
Q151781,Q114511937,,,,,,,,,,,,,,,,,,,,,,,,,,,,,,,,,,,,,,,,,,,,,
Q151782,Q121271531,,,,,,,,,,,,,,,,,,,,,,,,,,,,,,,,,,,,,,,,,,,,,
Q151783,Q12275967,,,,,,,,,,,,,,,,,,,,,,,,,,,,,,,,,,,,,,,,,,,,,
Q151784,Q12271124,,,,,,,,,,,,,,,,,,,,,,,,,,,,,,,,,,,,,,,,,,,,,
Q151785,Q2479052,,alvin-person:33756,,,,,,,,,,,,,,,,,,,,,,person/68b5a900-ead3-467b-8f3d-53b828d5c842,,,,,,,,,,,,,,,,,,,,,I00716751
Q151786,Q453551,,alvin-person:33757,,,,,,,,,,,,,,,,,,,,,,,,,,,,,,,,,,,,,,,,,,,
Q151787,Q12282838,,,,,,,,,,,,,,,,,,,,,,,,,,,,,,,,,,,,,,,,,,,,,
Q151788,Q633112,,,,,,,,,,,,,,,,,,,,,,,,,,,,,,,,,,,,,,,,,,,,,
Q151789,Q2293889,,,,,,,,,,,,,,,,,,,,,,,,person/f31287aa-44de-408e-97a1-63e83dca638e,,,,,,,,,,,,,,,,,,,,,I00716756
Q151790,Q12297808,,,,,,,,,,,,,,,,,,,,,,,,,,,,,,,,,,,,,,,,,,,,,
Q151791,Q2715003,,,,,,,,,,,,,,,,,,,,,,,,,,,268632,,,,,,,,,,,,,,,,,,I00738151
Q151792,Q1225279,,,,,,,,,,,,,,,,,,,,,,,,,,,,,,,,,,,,,,,,,,,,,
Q151793,Q382276,,,,,,,,,,,,,,,,,,,,,,,,,,,,,,,,,,,,,,,,,,,,,
Q151794,Q20002664,,,,,,,,,,,,,,,,,,,,,,,,,,,,,,,,,,,,,,,,,,,,,
Q151795,Q28665780,,,,,,,,,,,,,,,,,,,,,,,,,,,,,,,,,,,,,,,,,,,,,
Q151796,Q677032,,,,,,,,,,,,,,,,,,,,,,,,,,,,,,,,,,,,,,,,,,,,,
Q151797,Q2175504,,,,,,,,,,,,,,,,,,,,,,,,,,,,,,,,,,,,,,,,,,Lucius_Valerius_Messalla_(1),,,
Q151798,Q116459788,,,,,,,,,,,,,,,,,,,,,,,,,,,,,,,,,,,,,,,,,,,,,
Q151799,Q109611689,,,,,,,,,,,,,,,,,,,,,,,,,,,,,,,,,,,,,,,,,,,,,
Q151800,Q12286131,,,,,,,,,,,,,,,,,,,,,,,,,,,,,,,,,,,,,,,,,,,,,
Q151801,Q97015935,,,,,,,,,,,,,,,,,,,,,,,,,,,,,,,,,,,,,,,,,,,,,
Q151802,Q1274572,,,,,,,,,,,,,,,,,,,,,,,,,,,,,,,,,,,,,,,,,,,,,
Q151803,Q97016045,,,,,,,,,,,,,,,,,,,,,,,,,,,,,,,,,,,,,,,,,,,,,
Q151804,Q12093925,,,,,,,,,,,,,,,,,,,,,,,,,,,,,,,,,,,,,,,,,,,,,
Q151805,Q541532,,,,,,,,,,,,,,,,,,,,,,,,,,,,,,,,,,,,,,,,,,,,,
Q151806,Q113223233,,,,,,,,,,,,,,,,,,,,,,,,,,,,,,,,,,,,,,,,,,,,,
Q151807,Q113223278,,,,,,,,,,,,,,,,,,,,,,,,,,,,,,,,,,,,,,,,,,,,,
Q151808,Q108494665,,,,,,,,,,,,,,,,,,,,,,,,,,,,,,,,,,,,,,,,,,,,,
Q151809,Q108495427,,,,,,,,,,,,,,,,,,,,,,,,,,,,,,,,,,,,,,,,,,,,,
Q151810,Q3621479,,,,,,,,,,,,,,,,,,,,,,,,,,,,,,,,,,,,,,,,,,,,,
Q151811,Q109189191,,,,,,,,,,,,,,,,,,,,,,,,,,,,,,,,,,,,,,,,,,,,,
Q151812,Q11923559,,,,,,,,,,,,,,,,,,,,,,,,,,,,,,,,,,,,,,,,,,,,,
Q151813,Q1146364,,,,,,,,,,,,,,,,,,,,,,,,,,,,,,,,,,,,,,,,,,,,,
Q151814,Q1738423,,,,,,,,,,,,,,,,,,,,,,,,,,,,,,,,,,,,,,,,,,,,,
Q151815,Q461456,,,,,,,,,,,,,,,,,,,,,,,,,,,,,,,,,,,,,,,,,,,,,
Q151816,Q722307,,,,,,,,,,,,,,,,,,,,,,,,,,,,,,,,,,,,,,,,,,,,,
Q151817,Q1716818,,,,,,,,,,,,,,,,,,,,,,,,,,,,,,,,,,,,,,,,,,,,,
Q151818,Q121271021,,,,,,,,,,,,,,,,,,,,,,,,,,,,,,,,,,,,,,,,,,,,,
Q151819,Q782640,,,,,,,,,,,,,,,,,,,,,,,,,,,,,,,,,,,,,,,,,,,,,
Q151820,Q1133924,,,,,,,,,,,,,,,,,,,,,,,,,,,,,,,,,,,,,,,,,,,,,
Q151821,Q534464,,,,,,,,,,,,,,,,,,,,,,,,,,,,,,,,,,,,,,,,,,,,,
Q151822,Q1051213,,,,,,,,,,,,,,,,,,,,,,,,,,,,,,,,,,,,,,,,,,,,,
Q151823,Q11943238,,,,,,,,,,,,,,,,,,,,,,,,,,,,,,,,,,,,,,,,,,,,,
Q151824,Q1275151,,,,,,,,,,,,,,,,,,,,,,,,,,,,,,,,,,,,,,,,,,,,,
Q151825,Q11943276,,,,,,,,,,,,,,,,,,,,,,,,,,,,,,,,,,,,,,,,,,,,,
Q151826,Q921720,,,,,,,,,,,,,,,,,,,,,,,,,,,,,,,,,,,,,,,,,,,,,
Q151827,Q12275992,,,,,,,,,,,,,,,,,,,,,,,,,,,,,,,,,,,,,,,,,,,,,
Q151828,Q6915295,,,,,,,,,,,,,,,,,,,,,,,,,,,,,,,,,,,,,,,,,,Lucius_Valerius_Maximus_Basilius_(1),,,
Q151829,Q97015928,,,,,,,,,,,,,,,,,,,,,,,,,,,,,,,,,,,,,,,,,,,,,
Q151830,Q19714700,,,,,,,,,,,,,,,,,,,,,,,,,,,,,,,,,,,,,,,,,,,,,
Q151831,Q97062137,,,,,,,,,,,,,,,,,,,,,,,,,,,,,,,,,,,,,,,,,,,,,
Q151832,Q97062177,,,,,,,,,,,,,,,,,,,,,,,,,,,,,,,,,,,,,,,,,,,,,
Q151833,Q107296829,,,,,,,,,,,,,,,,,,,,,,,,,,,,,,,,,,,,,,,,,,,,,
Q151834,Q11934121,,,,,,,,,,,,,,,,,,,,,,,,,,,,,,,,,,,,,,,,,,,,,
Q151835,Q1567783,,,,,,,,,,,,,,,,,,,,,,,,,,,,,,,,,,,,,,,,,,,,,
Q151836,Q12286118,,,,,,,,,,,,,,,,,,,,,,,,,,,,,,,,,,,,,,,,,,,,,
Q151837,Q108529373,,,,,,,,,,,,,,,,,,,,,,,,,,,,,,,,,,,,,,,,,,,,,
Q151838,Q3656468,,,,,,,,,,,,,,,,,,,,,,,,,,,,,,,,,,,,,,,,,,,,,
Q151839,Q554325,,,,,,,,,,,,,,,,,,,,,,,,,,,,,,,,,,,,,,,,,,,,,
Q151840,Q2116505,,,,,,,,,,,,,,,,,,,,,,,,,,,,,,,,,,,,,,,,,,,,,
Q151841,Q12285215,,,,,,,,,,,,,,,,,,,,,,,,,,,,,,,,,,,,,,,,,,,,,
Q151842,Q2275596,,,,,,,,,,,,,,,,,,,,,,,,,,,,,,,,,,,,,,,,,,,,,
Q151843,Q28320776,,,,,,,,,,,,,,,,,,,,,,,,,,,,,,,,,,,,,,,,,,,,,
Q151844,Q774066,,,,,,,,,,,,,,,,,,,,,,,,,,,132729,,,,,,,,,,,,,,,,,,
Q151845,Q621105,,,,,,,,,,,,,,,,,,,,,,,,,,,132730,,,,,,,,,,,,,,,,,,
Q151846,Q683347,,,,,,,,,,,,,,,,,,,,,,,,,,,132732,,,,,,,,,,,,,,,,,,
Q151847,Q11923652,,,,,,,,,,,,,,,,,,,,,,,,,,,,,,,,,,,,,,,,,,,,,
Q151848,Q435352,,,,,,,,,,,,,,,,,,,,,,,,,,,,,,,,,,,,,,,,,,,,,
Q151849,Q1278978,,,,,,,,,,,,,,,,,,,,,,,,,,,,,,,,,,,,,,,,,,,,,
Q151850,Q1226341,,,,,,,,,,,,,,,,,,,,,,,,,,,,,,,,,,,,,,,,,,Lucius_Valerius_Maximus_Basilius_(2),,,
Q151851,Q97062471,,,,,,,,,,,,,,,,,,,,,,,,,,,,,,,,,,,,,,,,,,,,,
Q151852,Q714821,,,,,,,,,,,,,,,,,,,,,,,,,,,,,,,,,,,,,,,,,,,,,
Q151853,Q681053,,,,,,,,,,,,,,,,,,,,,,,,,,,,,,,,,,,,,,,,,,,,,
Q151854,Q958966,,,,,,,,,,,,,,,,,,,,,,,,,,,,,,,,,,,,,,,,,,Lucius_Laberius_Maximus_(1),,,
Q151855,Q107401767,,,,,,,,,,,,,,,,,,,,,,,,,,,,,,,,,,,,,,,,,,,,,
Q151856,Q1236655,,,,,,,,,,,,,,,,,,,,,,,,,,,351421,,,,,,,,,,,,,,,Publius_Septimius_Geta_(father_of_Septimius_Severus)_(1),,,I00446868
Q151857,Q107401784,,,,,,,,,,,,,,,,,,,,,,,,,,,,,,,,,,,,,,,,,,,,,
Q151858,Q1442,,alvin-person:1176,,,,,,,,35110615,,,,,,,,,,,,,,person/7e151e60-85ae-465a-ba57-70dc1dfb7ff1,,,,,,,,,,,,,,,,,,Septimius_Severus_(1),,,I00446870
Q151859,Q229246,,alvin-person:33852,,,,,,,,33833757,,,,,,,,,,,,,,person/2bb3e745-ebd6-4b0f-a6f3-b5fb92f60801,,,351442,,,,,,,,,,,,,,,Julia_Domna_(1),,,I00446872
Q151860,Q183089,,alvin-person:33919,,,,,,,,35110929,,,,,,,,,,,,,,person/d78fe30d-1754-469a-ac67-1e32b63aa98b,,,,,,,,,,,,,,,,,,Publius_Septimius_Geta_(1),,,I00446876
Q151861,Q107637425,,,,,,,,,,,,,,,,,,,,,,,,,,,,,,,,,,,,,,,,,,,,,
Q151862,Q107637421,,,,,,,,,,,,,,,,,,,,,,,,,,,,,,,,,,,,,,,,,,,,,
Q151863,Q238151,,alvin-person:33912,,,,,,,,,,,,,,,,,,,,,,person/bb45df5f-92af-43eb-aa7b-c0917eaa645f,,,360310,,,,,,,,,,,,,,,Fulvia_Plautilla_(1),,,I00446874
Q151864,Q1232755,,,,,,,,,,,,,,,,,,,,,,,,,,,,,,,,,,,,,,,,,,Julius_Avitus_(1),,,I00446878
Q151865,Q15982251,,,,,,,,,,,,,,,,,,,,,,,,,,,,,,,,,,,,,,,,,,,,,
Q151866,Q15982235,,,,,,,,,,,,,,,,,,,,,,,,,,,351458,,,,,,,,,,,,,,,,,,
Q151867,Q237861,,,,,,,,,,,,,,,,,,,,,,,,person/25b76cda-24a8-4374-9048-a7186136968e,,,1148902,,,,,,,,,,,,,,,Sallustia_Orbiana_(1),,,I00446890
Q151868,Q11950511,,,,,,,,,,,,,,,,,,,,,,,,,,,,,,,,,,,,,,,,,,,,,
Q151869,Q248628,,,,,,,,,,,,,,,,,,,,,,,,,,,,,,,,,,,,,,,,,,,,,
Q151870,Q12282791,,,,,,,,,,,,,,,,,,,,,,,,,,,,,,,,,,,,,,,,,,,,,
Q151871,Q97365480,,,,,,,,,,,,,,,,,,,,,,,,,,,,,,,,,,,,,,,,,,,,,
Q151872,Q1174061,,,,,,,,,,,,,,,,,,,,,,,,,,,,,,,,,,,,,,,,,,Septimius_Bassus_(1),,,I00736207
Q151873,Q17410326,,,,,,,,,,,,,,,,,,,,,,,,,,,,,,,,,,,,,,,,,,,,,
Q151874,Q121595567,,,,,,,,,,,,,,,,,,,,,,,,,,,,,,,,,,,,,,,,,,,,,
Q151875,Q97621050,,,,,,,,,,,,,,,,,,,,,,,,,,,,,,,,,,,,,,,,,,,,,
Q151876,Q709224,,,,,,,,,,,,,,,,,,,,,,,,,,,,,,,,,,,,,,,,,,,,,
Q151877,Q128213361,,,,,,,,,,,,,,,,,,,,,,,,,,,,,,,,,,,,,,,,,,,,,
Q151878,Q12293585,,,,,,,,,,,,,,,,,,,,,,,,,,,,,,,,,,,,,,,,,,,,,I00736208
Q151879,Q3655706,,,,,,,,,,,,,,,,,,,,,,,,,,,273338,,,,,,,,,,,,,,,Lucius_Valerius_Septimius_Bassus_(1),,,
Q151880,Q3305547,,,,,,,,,,,,,,,,,,,,,,,,,,,271058,,,,,,,,,,,,,,,Valerius_Maximus_Basilius_(1),,,
Q151881,Q48980356,,,,,,,,,,,,,,,,,,,,,,,,,,,,,,,,,,,,,,,,,,,,,
Q151882,Q1215407,,,,,,,,,,,,,,,,,,,,,,,,,,,,,,,,,,,,,,,,,,,,,
Q151883,Q1223541,,,,,,,,,,,,,,,,,,,,,,,,,,,,,,,,,,,,,,,,,,,,,
Q151884,Q12293530,,,,,,,,,,,,,,,,,,,,,,,,,,,,,,,,,,,,,,,,,,,,,
Q151885,Q644101,,,,,,,,,,,,,,,,,,,,,,,,,,,,,,,,,,,,,,,,,,Marcus_Vitorius_Marcellus_(1),,,
Q151886,Q107401763,,,,,,,,,,,,,,,,,,,,,,,,,,,,,,,,,,,,,,,,,,,,,
Q151887,Q5517487,,,,,,,,,,,,,,,,,,,,,,,,,,,351419,,,,,,,,,,,,,,,,,,
Q151888,Q12297788,,,,,,,,,,,,,,,,,,,,,,,,,,,,,,,,,,,,,,,,,,,,,
Q151889,Q537421,,,,,,,,,,,,,,,,,,,,,,,,,,,,,,,,,,,,,,,,,,,,,
Q151890,Q12293587,,,,,,,,,,,,,,,,,,,,,,,,,,,,,,,,,,,,,,,,,,,,,
Q151891,Q50989199,,,,,,,,,,,,,,,,,,,,,,,,,,,,,,,,,,,,,,,,,,,,,I00446871
Q151892,Q110644867,,,,,,,,,,,,,,,,,,,,,,,,,,,,,,,,,,,,,,,,,,,,,
Q151893,Q1163372,,,,,,,,,,,,,,,,,,,,,,,,,,,351443,,,,,,,,,,,,,,,Julius_Bassianus_(1),,,I00446877
Q151894,Q109559209,,,,,,,,,,,,,,,,,,,,,,,,,,,,,,,,,,,,,,,,,,,,,
Q151895,Q109524365,,,,,,,,,,,,,,,,,,,,,,,,,,,,,,,,,,,,,,,,,,,,,
Q151896,Q947550,,,,,,,,,,,,,,,,,,,,,,,,,,,360311,,,,,,,,,,,,,,,Gaius_Fulvius_Plautianus_(1),,,I00446875
Q151897,Q12276058,,,,,,,,,,,,,,,,,,,,,,,,,,,,,,,,,,,,,,,,,,,,,
Q151898,Q2494981,,,,,,,,,,,,,,,,,,,,,,,,,,,933365|351455,,,,,,,,,,,,,,,,,,I00446887
Q151899,Q963677,,,,,,,,,,,,,,,,,,,,,,,,,,,,,,,,,,,,,,,,,,Seius_Sallustius_(1),,,I00446891
Q151901,Q97621071,,,,,,,,,,,,,,,,,,,,,,,,,,,,,,,,,,,,,,,,,,,,,
Q151902,Q549122,,,,,,,,,,,,,,,,,,,,,,,,,,,,,,,,,,,,,,,,,,,,,
Q151903,Q765449,,,,,,,,,,,,,,,,,,,,,,,,,,,,,,,,,,,,,,,,,,,,,
Q151904,Q7911423,,,,,,,,,,,,,,,,,,,,,,,,,,,,,,,,,,,,,,,,,,Valerius_Adelphius_Bassus_(1),,,
Q151905,Q3306296,,,,,,,,,,,,,,,,,,,,,,,,,,,271060,,,,,,,,,,,,,,,Melania_The_Elder_(1),,,
Q151906,Q48869101,,,,,,,,,,,,,,,,,,,,,,,,,,,,,,,,,,,,,,,,,,,,,
Q151907,Q1215757,,,,,,,,,,,,,,,,,,,,,,,,,,,,,,,,,,,,,,,,,,,,,
Q151908,Q1223428,,,,,,,,,,,,,,,,,,,,,,,,,,,351415,,,,,,,,,,,,,,,Gnaeus_Hosidius_Geta_(1),,,
Q151909,Q109668313,,,,,,,,,,,,,,,,,,,,,,,,,,,,,,,,,,,,,,,,,,,,,
Q151910,Q12290747,,,,,,,,,,,,,,,,,,,,,,,,,,,,,,,,,,,,,,,,,,,,,
Q151911,Q109668281,,,,,,,,,,,,,,,,,,,,,,,,,,,,,,,,,,,,,,,,,,,,,
Q151912,Q107401939,,,,,,,,,,,,,,,,,,,,,,,,,,,,,,,,,,,,,,,,,,,,,
Q151913,Q108567773,,,,,,,,,,,,,,,,,,,,,,,,,,,,,,,,,,,,,,,,,,,,,I00736193
Q151914,Q12271063,,,,,,,,,,,,,,,,,,,,,,,,,,,,,,,,,,,,,,,,,,,,,
Q151915,Q107401945,,,,,,,,,,,,,,,,,,,,,,,,,,,,,,,,,,,,,,,,,,,,,
Q151916,Q108352717,,,,,,,,,,,,,,,,,,,,,,,,,,,,,,,,,,,,,,,,,,,,,
Q151918,Q1229537,,,,,,,,,,,,,,,,,,,,,,,,,,,,,,,,,,,,,,,,,,,,,
Q151919,Q670361,,,,,,,,,,,,,,,,,,,,,,,,,,,,,,,,,,,,,,,,,,,,,
Q151920,Q1226275,,,,,,,,,,,,,,,,,,,,,,,,,,,,,,,,,,,,,,,,,,,,,
Q151921,Q271668,,,,,,,,,,,,,,,,,,,,,,,,,,,271067,,,,,,,,,,,,,,,Melania_the_Younger_(1),,,
Q151922,Q435392,,,,,,,,,,,,,,,,,,,,,,,,,,,,,,,,,,,,,,,,,,,,,
Q151923,Q12285243,,,,,,,,,,,,,,,,,,,,,,,,,,,,,,,,,,,,,,,,,,,,,
Q151924,Q12271293,,,,,,,,,,,,,,,,,,,,,,,,,,,,,,,,,,,,,,,,,,,,,
Q151925,Q107401948,,,,,,,,,,,,,,,,,,,,,,,,,,,,,,,,,,,,,,,,,,,,,
Q151926,Q107401950,,,,,,,,,,,,,,,,,,,,,,,,,,,,,,,,,,,,,,,,,,,,,
Q151927,Q10356246,,,,,,,,,,,,,,,,,,,,,,,,,,,,,,,,,,,,,,,,,,,,,
Q151928,Q1239524,,,,,,,,,,,,,,,,,,,,,,,,,,,,,,,,,,,,,,,,,,,,,
Q151929,Q3838808,,,,,,,,,,,,,,,,,,,,,,,,,,,,,,,,,,,,,,,,,,,,,
Q151930,Q12285226,,,,,,,,,,,,,,,,,,,,,,,,,,,,,,,,,,,,,,,,,,,,,
Q151931,Q85854008,,,,,,,,,,,,,,,,,,,,,,,,,,,,,,,,,,,,,,,,,,,,,
Q151932,Q108352706,,,,,,,,,,,,,,,,,,,,,,,,,,,,,,,,,,,,,,,,,,,,,
Q151933,Q1236548,,,,,,,,,,,,,,,,,,,,,,,,,,,,,,,,,,,,,,,,,,,,,
Q151934,Q776033,,,,,,,,,,,,,,,,,,,,,,,,,,,,,,,,,,,,,,,,,,,,,
Q151935,Q541631,,,,,,,,,,,,,,,,,,,,,,,,,,,,,,,,,,,,,,,,,,,,,
Q151936,Q745586,,,,,,,,,,,,,,,,,,,,,,,,,,,,,,,,,,,,,,,,,,,,,
Q151937,Q110915987,,,,,,,,,,,,,,,,,,,,,,,,,,,,,,,,,,,,,,,,,,,,,
Q151938,Q1052718,,,,,,,,,,,,,,,,,,,,,,,,,,,,,,,,,,,,,,,,,,,,,
Q151939,Q40749451,,,,,,,,,,,,,,,,,,,,,,,,,,,,,,,,,,,,,,,,,,,,,
Q151940,Q12285134,,,,,,,,,,,,,,,,,,,,,,,,,,,,,,,,,,,,,,,,,,,,,
Q151941,Q108352699,,,,,,,,,,,,,,,,,,,,,,,,,,,,,,,,,,,,,,,,,,,,,
Q151942,Q127378162,,,,,,,,,,,,,,,,,,,,,,,,,,,,,,,,,,,,,,,,,,,,,
Q151943,Q99849517,,,,,,,,,,,,,,,,,,,,,,,,,,,,,,,,,,,,,,,,,,,,,
Q151944,Q3655749,,,,,,,,,,,,,,,,,,,,,,,,,,,,,,,,,,,,,,,,,,,,,
Q151945,Q11923329,,,,,,,,,,,,,,,,,,,,,,,,,,,,,,,,,,,,,,,,,,,,,
Q151946,Q110915990,,,,,,,,,,,,,,,,,,,,,,,,,,,,,,,,,,,,,,,,,,,,,
Q151947,Q1232892,,,,,,,,,,,,,,,,,,,,,,,,,,,,,,,,,,,,,,,,,,,,,
Q151948,Q3925283,,,,,,,,,,,,,,,,,,,,,,,,,,,,,,,,,,,,,,,,,,,,,
Q151949,Q4007916,,,,,,,,,,,,,,,,,,,,,,,,,,,,,,,,,,,,,,,,,,,,,
Q151950,Q48893414,,,,,,,,,,,,,,,,,,,,,,,,,,,,,,,,,,,,,,,,,,,,,
Q151951,Q1232953,,,,,,,,,,,,,,,,,,,,,,,,,,,,,,,,,,,,,,,,,,,,,
Q151952,Q762148,,,,,,,,,,,,,,,,,,,,,,,,,,,,,,,,,,,,,,,,,,,,,
Q151953,Q457347,,,,,,,,,,,,,,,,,,,,,,,,,,,,,,,,,,,,,,,,,,,,,
Q151954,Q1174111,,,,,,,,,,,,,,,,,,,,,,,,,,,,,,,,,,,,,,,,,,Anicius_Auchenius_Bassus_(prefect)_(1),,Anicii-5,
Q151955,Q12297063,,,,,,,,,,,,,,,,,,,,,,,,,,,,,,,,,,,,,,,,,,,,Honorata-1,
Q151956,Q117794554,,,,,,,,,,,,,,,,,,,,,,,,,,,,,,,,,,,,,,,,,,,,,
Q151957,Q3664129,,,,,,,,,,,,,,,,,,,,,,,,,,,,,,,,,,,,,,,,,,,,,
Q153596,Q75387743,,,,,,,,,,,,,,,,,,,,,,,,,,,970663,,p=edith;n=of bamburgh,,,,,,,,,,,,p10768.htm#i107671,Ealdgyth_Northumberland_(1),,Northumbria-6,I00108331
Q153597,Q111288472,,,,,,,,,,,,,,,,,,,,,,,,,,,,,,,,,,,,,,,,,,,,,
Q153598,Q9142651,,,,,,,,,,,,,,,,,,,,,,,,,,,,,,,,,,,,,,,,,,,,,
Q153599,Q116479576,,,,,,,,,,,,,,,,,,,,,,,,,,,,,,,,,,,,,,,,,,,,,I00751986
Q153600,Q109353,,,,,,,,,,,,,,,,,,,,,,,,,,,,,,,,,,,,,,,,,,,,,
Q153601,Q1221211,,,,,,,,,,,,,,,,,,,,,,,,,,,,,p=dietpold;n=von berg,,,,,,,,,,,,,,,,
Q153604,Q75290592,,,,,,,,,,,,,,,,,,,,,,,,,,,,,p=geoffroi;n=du perche,,,,,,,,,,,,p4187.htm#i41865,,,Perche-36,I00330741
Q153606,Q44192418,,,,,,,,,,,,,,,,,,,,,,,,,,,,,,,,,,,,,,,,,,,,,
Q153607,Q1599431,,,,,,,,,,,,,,,,,,,,,,,,,,,,,p=heinrich i.;n=von weida,,,,,,,,,,,,,,,,I00333162
Q153608,Q13569669,,,,,,,,,,,,,,,,,,,,,,,,,,,,,p=heinrich ii.;n=von weida,,,,,,,,,,,,,,,,I00333164
Q153609,Q99819,,,,,,,,,,,,,,,,,,,,,,,,,,,,,,,,,,,,,,,,,,,,,
Q153610,Q13569128,,,,,,,,,,,,,,,,,,,,,,,,,,,,,,,,,,,,,,,,,,,,,
